-5,-11,-15,-34,-14,-32,-20,-10,0,0,0,0
0,1,0,1,0,1,0,1,0,0,0,0
0,1,0,1,0,1,0,1,0,0,0,0
0,1,0,1,0,1,0,1,0,0,0,0
0,1,0,1,0,1,0,1,0,0,0,0
0,1,0,1,0,1,0,1,0,0,0,0
0,1,0,1,0,1,0,1,0,0,0,0
0,1,0,1,0,1,0,1,0,0,0,0
0,1,0,1,0,1,0,1,0,0,0,0
-5,-5,-9,-14,-18,-22,-26,-9,-10,-2,-21,2
-3,-7,-14,3,-9,-15,-25,-13,-14,-19,-17,-15
-12,5,-19,-11,-17,-20,-17,-17,-2,-22,-1,-22
-5,10,-23,-11,-11,2,-14,11,-5,-14,-5,-6
-5,-4,-8,11,-2,-20,-6,7,-12,-4,-13,-13
-4,1,-14,-15,-16,7,-5,-9,-14,2,-12,-3
0,7,0,7,0,7,0,7,0,6,0,6
-5,4,-26,8,-18,8,-26,-17,-20,1,-1,-9
-4,3,-26,12,0,-7,-8,6,-23,-11,-26,4
-4,7,-7,-18,-9,18,-22,-4,-26,-9,-10,-14
-4,10,0,10,-8,0,-9,-17,-4,-15,-13,-13
-4,18,-24,11,-11,-13,-17,10,-2,-6,-26,9
-3,7,-13,-7,-8,-1,-18,-7,-6,-1,0,11
-3,14,-4,-8,-13,13,-5,7,-25,16,-16,20
-3,21,0,13,-8,13,-1,-4,-26,7,-2,-11
0,5,-14,-2,-7,11,-12,4,-16,8,-1,3
-14,9,-6,25,-12,17,-23,-3,-23,-10,-3,7
-15,6,-16,6,-14,21,0,17,-10,22,-5,-7
-21,1,-13,-6,-14,20,-1,1,-6,0,-16,9
-25,9,-13,7,-23,7,-6,-5,-9,-2,-16,1
-10,12,-13,-6,-16,26,-1,9,-8,-3,-26,8
-1,1,-12,-1,-5,17,-19,7,-25,13,-3,0
-26,12,-21,12,-18,15,-25,1,-17,-4,0,20
-11,7,-1,6,-1,0,-25,13,-23,28,-8,10
-4,27,-12,14,-11,11,-8,12,-8,30,-8,28
0,25,-19,17,0,25,0,24,0,24,0,22
-5,26,-10,25,-4,34,0,24,0,24,-4,35
-4,21,-24,24,-4,22,0,24,-22,23,-26,11
1,-10,-11,0,-3,-2,-5,-34,-19,-6,1,-13
1,-10,1,-10,1,-9,1,-12,1,-11,1,-13
1,-10,1,-10,1,-9,1,-12,1,-11,1,-13
1,-10,1,-10,1,-9,1,-12,1,-11,1,-13
1,-10,1,-10,1,-9,1,-12,1,-11,1,-13
1,-10,1,-10,1,-9,1,-12,1,-11,1,-13
1,-10,1,-10,1,-9,1,-12,1,-11,0,6
1,-10,1,-10,1,-9,0,7,1,-11,0,6
1,-10,1,-10,1,-9,0,7,0,8,0,6
-2,-4,-15,-16,-14,-1,-9,7,-4,-8,-10,-21
-14,-2,-2,-12,-9,1,-13,-17,-9,-4,-7,-8
-4,-10,-10,11,-16,-23,-19,-17,-11,-9,1,-19
-8,-18,0,-9,-25,-16,-14,-6,-23,-19,-5,-16
-21,-10,-17,-16,-25,-5,-12,-23,-24,2,0,10
-20,-8,-19,-11,-5,-1,-8,-5,-8,11,-22,-6
-2,14,-16,-18,-14,4,-12,-13,1,-14,-10,-13
-3,16,-9,-4,-6,-17,-16,-13,-22,-1,-11,6
-5,5,-3,-14,-14,-3,-7,5,-3,17,-2,-12
-11,-2,-7,-11,-7,-18,-23,-13,-20,17,-12,0
-3,1,-8,-3,-22,7,-8,-2,-25,1,-21,2
-14,15,-9,-9,-1,0,-15,19,-14,9,-10,2
-11,4,-8,-4,-8,16,-14,2,-24,-5,-3,-7
-21,2,-8,-7,-24,-3,-11,14,1,1,-13,10
-14,19,-16,-4,-5,15,-11,-7,-1,-2,-16,4
-22,2,-11,3,-21,17,-4,-7,-13,7,-8,-9
-2,1,-16,14,-20,9,-5,18,-10,7,-1,-4
-23,3,-14,4,-7,-2,-18,-8,-24,-10,-14,24
-1,-6,-16,2,-23,-5,1,0,0,-9,-4,7
-2,2,1,2,-13,24,0,26,-3,8,1,7
-17,4,-14,12,-12,-2,-18,23,-24,6,-6,21
1,6,-11,14,-4,5,-13,-5,1,-4,-18,6
-13,25,-8,14,-23,3,0,28,-5,18,-3,-3
0,13,-5,10,-21,24,-15,8,0,0,-13,30
0,33,0,33,1,15,0,29,0,32,0,29
-4,21,-15,18,-19,0,0,29,-19,25,-6,20
-1,23,-17,26,0,35,0,29,0,33,-6,20
-3,19,-14,0,-2,20,0,29,-3,34,-4,1
1,-1,1,-1,1,-1,1,-8,1,-3,1,-5
1,-1,1,-1,1,-1,1,-8,1,-3,1,-5
1,-1,1,-1,1,-1,1,-8,1,-3,1,-5
1,-1,1,-1,1,-1,1,-8,1,-3,1,-5
1,-1,1,-1,1,-1,1,-8,1,-3,1,-5
1,-1,1,-1,1,-1,1,-8,1,-3,1,-5
1,-1,1,-1,1,-1,1,-8,1,-3,1,-5
1,-1,1,-1,1,-1,1,-8,1,-3,1,-5
-2,-4,-8,-23,-15,-17,-16,-28,-1,-13,-6,-2
-9,-17,-7,-26,-5,-12,-22,-10,-18,-14,-12,-12
-13,-4,0,-14,-2,-22,-24,-16,-8,-10,-20,-8
-2,-8,-12,-6,-15,-7,-11,-12,-23,-10,-19,-8
1,-11,2,-11,-23,12,-17,-5,-13,-2,-15,-14
-24,12,-1,-11,-8,-16,-6,-1,-15,-13,-6,1
2,-21,-9,2,-13,6,-19,-11,0,-20,-13,-22
-23,-9,-6,5,-9,-15,-12,13,-12,-7,-10,-7
-11,13,0,-19,0,-16,-6,-19,-3,-18,-13,-4
1,-14,-12,5,-6,4,-24,-12,-11,11,0,-18
1,-17,-14,3,-8,5,-15,-3,0,0,-4,3
-6,12,-2,-5,-8,-1,-9,-6,-6,6,1,-4
-18,-5,2,0,-14,11,-2,-10,-23,-4,0,-3
-22,17,-12,11,-5,11,1,2,1,1,-8,10
-19,-2,-11,-1,-11,-8,-14,17,-7,-1,2,-9
-24,1,-8,5,-7,-8,-3,20,-22,-3,-3,-6
-11,0,-18,-2,-10,15,-9,7,1,13,0,-2
-19,7,1,-2,-9,23,-8,12,-3,-10,-4,-8
-22,2,-18,7,-7,13,-12,-6,-5,-5,-14,6
-3,8,-7,25,-1,7,-8,24,-13,20,1,-5
-14,3,-11,12,-9,21,-4,17,1,7,-12,27
-13,18,-15,13,-9,16,-7,-1,-9,8,-20,13
-12,30,0,-2,-21,25,-8,4,-13,14,-2,23
0,1,-3,6,-22,26,-9,25,-10,3,-2,-4
-11,14,-5,9,0,11,-11,2,-7,8,-18,9
-1,18,-24,14,-5,5,-5,8,-8,24,2,-2
-3,24,-14,2,-20,-1,1,18,-2,30,-24,31
-3,31,-14,0,1,26,-3,31,1,23,1,22
0,23,-7,15,-22,23,1,19,-19,31,-3,0
2,-9,2,-9,2,-10,2,-18,2,-13,2,-14
2,-9,2,-9,2,-10,1,0,2,-13,2,-14
2,-9,2,-9,2,-10,1,0,2,-13,2,-14
2,-9,2,-9,2,-10,1,0,2,-13,2,-14
2,-9,2,-9,2,-10,1,0,2,-13,2,-14
2,-9,2,-9,2,-10,1,0,2,-13,1,4
2,-9,2,-9,2,-10,1,0,1,6,1,4
-2,-1,-14,-22,-8,-25,-21,6,-11,-11,-3,-6
-2,1,-15,-18,0,-20,-3,-6,0,-15,-7,-15
3,-17,-7,-13,-1,-25,-20,-25,-20,-22,2,-27
-2,-8,-13,-23,-3,-7,3,-15,-6,6,-5,-11
-10,-10,-9,-21,-20,10,3,-18,-15,-7,-10,-12
-17,-8,-5,1,-23,-22,-18,-14,-9,-2,-3,-9
-23,5,-18,-11,1,-17,-21,-1,-2,-5,-12,-9
-4,10,-6,-13,-23,-15,-11,10,0,6,3,-11
-23,15,-3,10,2,-16,-21,-20,-5,3,-5,-2
-12,-8,1,-10,-5,-18,-6,-16,-22,-18,-11,-4
3,-13,-20,-1,-4,17,-18,-5,0,-1,-12,13
-8,-6,-7,-12,-17,-8,-23,7,-6,5,-10,-10
-20,-6,-9,10,2,-11,-12,-12,-4,-7,-11,-10
1,-7,-7,3,-9,0,1,13,-11,-15,-16,2
-21,21,-12,-5,-17,-6,-16,1,-11,20,-14,-13
-23,15,-7,6,-3,-12,-14,20,-15,6,-5,9
-11,9,-1,-5,2,1,-3,11,-1,-9,-23,1
-4,11,-3,4,-18,22,-22,16,-7,-11,-12,15
1,-7,-9,10,-5,19,1,-1,1,5,2,5
-9,11,-5,13,0,11,-11,-4,-10,12,-18,1
-9,22,-5,10,-1,20,-13,15,-20,24,-18,3
-9,4,-18,0,-10,17,-23,5,-19,2,-21,6
-10,-6,-15,25,-14,2,-21,-7,2,-4,-8,22
-12,7,-9,-3,-10,7,-20,7,-10,20,-3,1
-10,19,-19,28,-12,27,-12,6,-5,2,-13,24
-12,22,-9,19,-6,17,-9,5,-6,22,-16,13
-11,31,-15,13,0,-3,-11,7,-1,0,-1,4
-1,26,-7,29,1,10,-8,14,-3,3,-8,3
-1,31,2,19,-14,2,3,7,-3,9,-14,0
1,22,-12,1,-2,20,-12,28,2,8,-2,31
3,-16,3,-17,3,-17,2,-8,2,-1,2,-3
3,-16,3,-17,3,-17,2,-8,2,-1,2,-3
3,-16,2,1,2,1,2,-8,2,-1,2,-3
2,2,2,1,2,1,2,-8,2,-1,2,-3
2,2,2,1,2,1,2,-8,2,-1,2,-3
2,2,2,1,2,1,2,-8,2,-1,2,-3
2,2,2,1,2,1,2,-8,2,-1,2,-3
1,2,3,-21,-14,-22,-7,-1,-10,-23,1,-20
0,-15,0,-28,-22,-17,-5,-10,-6,-5,-3,4
-18,-13,1,-25,-2,-23,-8,6,3,-16,-9,-4
-16,-12,-11,4,-10,-4,-2,-3,-2,-22,-1,-24
-11,8,-13,7,-16,-8,-13,0,-9,-1,-10,-13
-14,-10,-2,-17,-13,-4,1,-10,-12,-6,4,-22
4,-21,-16,-11,1,-1,-9,4,-22,-11,-10,13
-7,1,-2,-9,-3,-6,-3,8,-7,-1,-12,-3
-1,-8,-8,11,-9,-20,-13,-20,2,-14,-4,7
-8,8,-9,2,-13,15,-4,-10,-5,14,-11,11
-21,-4,-22,0,-12,2,-7,15,-5,-2,0,-3
-14,-3,-3,-1,1,-13,-11,-5,-21,9,-1,-8
-13,0,-11,-1,-14,8,-6,-1,-22,-3,-3,-12
-6,-7,-2,6,-10,0,-9,-1,-6,-3,-3,-16
2,-5,-6,-13,-6,14,-10,6,-2,-14,-7,-6
-20,21,1,-4,-8,-9,-4,15,-6,-8,-13,-14
-9,1,-13,8,-3,-8,-9,-3,1,16,2,13
-4,21,-5,19,-4,13,-11,-3,-15,6,-3,-1
-15,-1,-11,-2,4,-2,3,1,-5,20,2,-6
-1,25,1,8,-21,15,-8,25,-19,15,-18,2
-15,16,3,7,-14,-5,2,12,-1,4,0,-4
-20,21,-6,0,-16,27,-11,-7,2,20,1,2
-5,1,-5,-4,-20,12,-8,8,-9,29,-19,21
-4,11,-11,-1,-18,17,0,13,2,21,-7,-3
-9,8,-2,4,-19,16,-5,15,-14,29,-12,5
-7,5,-8,8,-3,20,-20,12,-5,15,-3,23
-20,31,-17,15,-9,29,-12,18,-10,18,-5,17
-11,26,1,27,-8,11,1,1,-8,-2,-3,-1
1,14,-11,20,-7,10,-2,12,1,26,-7,10
-22,12,1,11,-3,20,-20,9,-17,30,-11,24
3,-5,3,-6,3,-6,3,-16,3,-10,3,-11
3,-5,3,-6,3,-6,3,-16,3,-10,3,-11
3,-5,3,-6,3,-6,2,2,3,-10,3,-11
3,-5,3,-6,3,-6,2,2,3,-10,3,-11
3,-5,3,-6,3,-6,2,2,3,-10,3,-11
3,-5,3,-6,3,-6,2,2,3,-10,3,-11
3,-5,3,-6,3,-6,2,2,3,-10,3,-11
1,-9,-8,-3,-5,-29,-7,5,-19,-9,-12,7
-5,-18,-10,-16,-9,-18,-6,-21,-7,2,-14,-18
-19,4,-8,-20,-11,-1,-2,0,-6,-25,-4,-23
-9,-1,-19,-21,-1,-16,-1,2,-3,-16,-8,-23
2,-14,-13,-12,-11,-19,-20,-21,-6,10,3,-11
-8,6,-14,-6,4,-8,-7,-5,-1,6,-8,-4
-5,-12,-7,-12,-5,-6,-9,3,1,-22,-8,5
4,-14,-9,1,1,-15,-7,-5,3,-21,2,14
3,-16,-20,-11,-18,-10,-6,-7,-12,-8,-15,5
3,-9,-4,7,-10,-16,-7,6,-8,-8,-9,12
-3,-1,-7,-13,-21,12,-20,-5,-20,7,-3,-19
4,-9,-9,-9,-11,18,-13,13,-7,5,-9,0
-11,-1,-3,14,-12,4,-3,-13,-9,-8,-9,-12
5,-12,-3,4,-7,-9,-11,0,-20,20,0,5
-11,-5,-13,11,-16,12,-7,-3,-4,9,-3,1
1,1,0,-8,-4,20,0,-10,-17,8,-20,16
1,1,2,-12,2,-11,-3,17,-16,12,-12,-9
-6,12,-9,6,-2,6,-7,17,-8,16,-1,12
-5,13,-3,16,-11,19,0,20,-5,-8,-2,25
-1,10,-8,18,-19,-10,-10,25,-3,6,-15,8
-3,27,4,4,-6,22,-1,25,3,8,3,3
-6,19,0,27,-6,10,-7,22,-9,17,-9,11
-7,3,-19,24,-2,15,2,4,0,-2,-1,9
-3,22,-9,21,-13,11,-8,12,-7,14,1,-2
5,-5,-14,8,-12,11,0,24,-10,23,0,9
-1,17,-17,14,-2,-2,-1,6,5,1,-2,10
5,8,-11,10,-20,12,-7,19,-6,20,1,3
-21,31,1,23,-17,18,3,4,-7,10,-19,23
2,16,-1,31,-1,7,0,8,-8,5,-10,29
-17,11,-21,9,-6,9,-18,34,-14,8,-2,2
2,-10,-7,-26,-12,-24,-2,-8,1,-16,-7,-34
2,-2,-2,-5,-3,-15,-7,-3,1,-24,-6,-31
3,-14,-12,-29,0,-4,-16,-32,-18,-19,-2,-23
3,-8,4,-27,-1,-6,-7,-31,6,-27,-8,-20
3,-6,-10,-9,-6,-23,1,-31,4,-19,-11,-12
3,-1,-1,-4,5,-14,4,5,-5,0,-10,0
4,-12,-5,-16,-4,-2,-17,5,-8,4,-3,-17
0,3,-18,-10,3,-28,-3,-17,0,-1,4,-13
-16,-11,5,-24,-15,-16,5,-15,-2,-13,-6,3
6,-20,-7,-23,-16,8,0,-20,-10,-6,0,-25
-19,5,-12,-6,5,-17,-2,-19,-18,-14,-10,-22
-6,-14,-5,2,-17,8,-11,-16,1,6,-17,-20
-11,-11,-17,-7,-14,3,-1,10,-4,11,-7,-9
-4,8,-1,-11,-16,-19,-19,-8,-5,-22,0,-5
-16,-21,-15,-11,-11,-22,-16,-17,-1,-9,6,-6
-14,-17,-17,11,-5,-14,-5,-1,-15,-4,-3,-6
-3,-4,-5,1,2,-3,-5,-7,-4,-2,-7,4
-2,-14,-12,-13,0,-3,-1,0,-13,1,3,16
-12,18,-19,10,-7,-7,-5,-1,-3,-8,-6,11
-5,8,-10,12,-16,13,-8,-4,1,16,6,0
-8,-9,0,18,-17,-4,-1,-3,-11,-8,-4,7
-1,-12,-20,-3,-5,5,4,2,-6,-8,-5,11
3,-14,-9,1,-3,-14,-3,-9,-7,6,0,19
-18,-7,-10,6,-20,11,5,-7,-3,-9,5,-6
-3,24,-20,3,-8,15,-9,-2,-1,10,-3,14
-2,-1,2,-2,-10,-10,-20,-9,-3,16,-2,-6
-5,5,-15,0,-17,24,-3,3,-7,-3,-7,23
2,1,-5,8,-3,3,-2,-4,-8,11,0,5
-5,14,-18,5,-12,6,5,3,-9,1,-5,-4
-1,10,1,8,4,4,-11,-4,-17,-5,0,18
5,5,-17,-1,0,-1,-8,-1,3,19,-4,9
-8,9,-16,30,-8,8,-3,25,-16,7,-1,-2
-1,22,-5,12,-20,-1,-2,2,3,-4,4,14
-9,8,-3,29,-2,6,-2,8,-4,8,-3,24
2,2,-19,7,-11,-1,1,14,-1,17,-1,4
-1,0,-2,3,-18,12,-19,25,-8,30,-19,1
2,2,-1,5,-5,25,-3,19,-15,22,-3,1
-16,-20,3,-33,-1,-7,-4,-31,-1,-1,4,-33
-6,-3,4,-22,-3,-34,5,-33,2,-14,2,-31
-16,-22,-19,-10,-14,-20,0,-19,1,-23,-3,-2
6,-29,-5,-8,2,0,-3,-30,-6,-28,5,-30
5,-16,-17,-25,-1,4,-8,0,0,-24,-7,-31
5,-23,-18,-25,6,-20,-1,1,-13,-5,-6,-31
-18,-2,-11,-16,-13,-16,-9,-12,-3,-30,-5,5
2,7,-15,-1,-3,-10,0,-21,-9,-5,-8,4
-11,-15,-4,-19,-19,-16,-15,-9,4,-25,-17,-17
-19,-8,7,-23,-5,-21,1,-11,-3,-12,7,-18
-4,-25,7,-17,-1,-10,-2,2,-7,-15,-6,-1
-1,5,-5,6,-11,8,-14,-7,-3,-18,2,10
7,-11,-5,6,-11,2,-16,9,4,-20,3,-11
-3,7,-4,-1,-16,2,-7,-20,1,8,-18,-9
-14,13,-1,-1,-17,14,-12,-11,-13,-13,5,14
4,-13,-6,2,1,-18,3,-20,-11,-9,-18,-9
-4,-12,-6,16,-11,-17,-6,-4,-13,-6,-4,10
-10,0,-4,-4,-10,3,-8,5,-10,13,-1,-6
-13,8,-12,-14,-18,-15,5,-11,-9,-7,2,-1
-18,9,-4,18,-12,-14,-1,0,-17,12,-9,-11
-2,-11,-12,20,-16,-2,-5,-3,0,14,-10,17
-8,-10,7,-4,-3,-10,-2,12,-3,2,-3,6
-13,9,-5,-12,-3,12,-5,-12,4,-4,1,16
-11,3,-12,11,-13,-8,-7,-6,-9,18,-3,-2
-19,11,-5,6,6,-11,-5,-9,-4,-9,1,17
-18,-3,2,3,-16,8,4,18,-18,20,-2,-3
-12,4,-7,21,-2,-7,-17,23,1,14,-19,2
-7,-9,-3,16,-18,13,3,5,-9,17,-13,2
-4,-8,-18,10,1,-1,4,-4,-6,1,-9,20
-9,20,-11,-3,-3,25,1,10,-8,16,4,9
-3,22,-19,23,-15,0,5,12,-18,3,-9,16
-6,23,-3,27,-14,-2,-12,29,-11,23,-16,7
4,14,-10,12,-18,28,-4,22,3,13,7,0
-5,1,6,9,-16,19,-10,24,-9,30,5,3
-2,7,-19,12,-2,4,-15,11,-4,12,0,31
-9,30,-12,31,-4,27,-6,19,4,13,1,27
-6,27,3,26,-5,31,-7,16,-16,34,-3,31
-2,-15,-6,-2,5,-22,-11,-12,-5,-32,-1,-2
-11,-30,-9,1,-3,-23,-17,1,1,-10,2,-18
-17,-29,6,-16,-5,-6,-15,-2,-4,-28,4,-17
-5,-29,-3,-27,-6,-16,-1,-7,-9,-15,-5,-32
1,-27,2,-22,-9,-20,-7,-6,1,0,-2,-27
-1,-21,-15,-21,-4,4,-7,-25,6,-27,2,-20
-5,-24,-8,-4,-10,-22,-3,-24,7,-20,-5,-9
-11,7,-10,-11,-11,-8,0,-2,-18,-16,7,-21
6,-14,-1,-23,-15,2,-10,-16,7,-21,7,-19
-1,-3,-18,-11,4,-15,0,7,-14,8,-2,-18
-18,-26,1,-3,-16,-9,6,-22,-8,1,-12,-16
-9,5,2,8,-13,-1,5,-13,1,-13,-16,-8
-9,-10,8,-21,7,-17,-12,-4,1,-18,2,-11
-3,10,8,-15,-8,8,2,-12,-6,-10,-7,-6
-13,-22,6,-15,-13,3,5,9,6,-3,-10,-8
1,0,3,13,-18,0,-18,-17,-7,5,1,3
6,-8,-13,-5,-16,-15,-14,-16,-13,-6,-9,-17
-6,9,5,-10,-16,3,-11,-11,6,-13,0,-9
-10,9,0,-15,-12,10,-8,7,-14,11,-9,0
-6,-16,0,-2,-6,-15,-13,12,1,16,-3,5
-8,-9,0,-16,-2,-13,-18,-8,-9,-9,-5,3
-15,14,-10,19,-7,-15,-11,7,-13,4,-7,5
-7,-8,-6,-8,-4,-6,4,-7,5,22,1,21
-17,14,-4,16,-17,18,-15,-13,1,3,-2,7
-12,0,-1,21,-17,-11,-12,21,-8,-4,-5,17
-15,-4,1,24,-17,-9,2,16,4,20,-9,3
-11,5,-9,7,8,7,2,11,5,25,-14,1
-16,16,-13,20,-14,-2,-1,5,-12,1,-1,16
6,-6,2,7,-6,-8,2,27,5,16,5,6
-6,-5,-6,26,1,23,-2,14,-10,23,6,1
-8,-6,3,15,-1,8,-13,2,5,28,5,6
2,9,1,31,-7,-2,4,15,-6,-5,-3,23
-7,32,0,14,-13,13,0,8,-6,28,5,9
-11,8,-7,14,0,4,-2,28,-17,26,-14,14
2,21,-10,9,-1,20,-1,20,-5,27,-4,10
4,30,6,8,8,14,1,16,-13,0,6,3
4,35,-16,14,-5,10,-1,16,-15,18,-3,12
-1,-1,0,-6,-6,-26,2,-8,-5,-34,-7,-21
-3,-33,-12,-19,-5,-30,7,-23,-5,1,1,-26
1,-13,-5,-6,4,-28,3,-8,8,-29,-3,-25
-10,-33,-1,-5,-4,2,6,-3,2,-12,-9,-23
-6,-18,5,-14,-4,-13,-6,-2,3,1,0,-1
-13,-12,-11,-13,-4,-28,4,3,-5,-2,-2,-10
5,-1,0,-22,-3,2,-6,1,-8,-19,-6,-18
6,7,-13,-19,4,-21,6,-14,3,-4,0,-7
-4,-5,-16,-17,-10,-19,-7,-13,-9,-4,8,-23
2,-21,-2,-1,-5,-24,-5,-5,9,-14,4,2
-16,-26,-15,4,-7,9,-4,8,6,-7,0,-7
-15,5,-7,-10,-4,-8,-8,-13,-7,-8,-5,6
3,-11,-4,6,-16,11,-7,-20,4,-10,-10,-8
2,-12,-1,10,6,9,-9,12,-7,-1,-4,7
-7,14,-1,-1,-9,9,2,10,-6,-12,9,-19
6,-15,-3,-20,-4,-7,-4,-10,-11,-9,5,-11
7,-19,-2,5,9,-4,-4,2,0,-11,-16,6
0,-17,1,10,4,-17,-7,-6,-7,-10,3,15
-10,-15,-14,17,-6,0,-3,7,-13,7,1,14
-9,-14,6,-14,2,-11,2,7,9,-16,2,13
-9,-11,1,6,-3,-2,-6,17,1,6,-8,-4
-8,-11,-15,7,9,-7,-3,6,-16,-10,-1,-12
-9,-13,-2,19,-6,10,6,-8,-7,-2,2,3
-14,-5,-11,1,-5,6,-2,-10,5,5,-2,12
-2,20,-11,1,3,10,6,16,-13,-11,8,-11
-3,24,-12,3,6,-8,3,-10,-12,1,3,-6
-12,-5,0,7,3,23,-1,3,-16,18,-3,18
-15,-9,2,0,3,20,6,4,-7,7,3,0
-3,26,-10,17,-4,14,-15,13,-13,25,2,15
-3,17,-4,10,-6,26,-9,15,5,23,-6,-6
-7,14,-13,13,6,4,-10,12,-14,23,-2,25
0,8,3,16,1,23,1,21,-10,22,-2,30
-6,16,2,28,-4,17,-7,26,-1,-2,-15,8
-4,8,-2,-2,-4,12,-1,-3,-7,12,-1,-2
-13,10,-10,14,4,16,-6,25,7,6,4,10
-5,34,-8,9,-6,35,7,8,-15,13,-1,17
8,6,1,35,-1,6,-10,4,-4,27,4,33
-10,-18,-4,-28,-3,-10,0,-6,1,-29,-2,-20
-15,-29,-3,-4,-16,-9,-3,-12,9,-29,2,-1
-10,-33,5,-5,-2,-5,-3,-17,-12,-17,-6,-10
-9,-6,4,-7,7,-24,10,-31,-5,-15,-3,-28
-12,-30,-3,-11,-6,-8,5,-18,-3,3,-7,-26
-1,3,-7,-13,-13,-25,-3,-3,0,-22,3,-23
-11,-3,-5,4,6,-21,6,-13,-3,-13,-3,-23
-9,0,4,-9,4,3,0,-15,-2,-8,1,-6
-14,-21,1,8,0,7,-2,-18,-15,-14,7,6
2,-11,-8,-12,-6,-17,-9,-13,10,-15,-5,-1
-3,-16,5,-16,-13,-8,-1,-1,4,-13,0,-26
1,-22,-16,-23,-14,-13,6,-9,-6,-15,0,-3
0,-1,3,-22,-1,-24,1,-22,7,-1,7,-13
6,-17,4,-21,2,12,-11,-11,-2,-22,-4,4
-9,13,-8,9,-15,-10,3,-17,-9,4,-5,7
2,-20,6,6,-14,-6,-16,8,-6,-14,-12,-8
0,6,-15,-4,4,-14,-1,-19,6,8,4,7
-11,17,10,-2,5,-2,10,-2,-11,1,7,-17
5,-7,-11,18,6,-7,-15,9,4,-3,7,15
2,6,-12,-8,1,-2,2,-14,6,10,-8,10
0,-1,0,-6,2,-11,-6,4,2,-13,7,-12
-1,21,5,15,-6,2,3,-6,2,15,0,-13
0,0,-8,16,-12,22,4,4,-5,-12,-14,-4
-7,-5,-14,-1,-1,11,5,7,3,-11,1,-4
1,3,6,4,-5,-3,7,-10,4,-9,-2,-12
-2,-6,-10,21,-12,6,8,3,-5,-5,-3,0
-5,8,-7,16,6,-9,-13,15,1,19,-1,-9
2,-5,-10,24,-2,14,9,-7,-6,23,2,18
0,-7,-9,20,0,2,6,-5,1,-8,-2,28
3,12,-13,24,-5,4,7,-7,-9,-3,-12,17
1,6,8,17,-4,30,-1,15,-1,5,-1,30
-3,4,6,25,-4,19,4,28,4,2,1,5
-2,21,5,21,1,21,5,32,-16,21,-11,14
1,29,-14,3,-6,12,-3,18,-1,31,-9,26
1,24,-12,22,-6,11,7,6,4,32,-8,9
2,18,2,5,5,6,7,16,6,6,-4,29
3,4,10,5,-3,4,-5,21,5,35,7,32
3,-36,-15,-4,7,-33,10,-22,-6,-15,-4,-29
-9,1,-5,-35,6,-26,-13,-21,1,-2,-5,0
-14,-33,-13,-18,7,-34,-4,-5,2,2,3,-13
-12,-33,-13,-1,-8,-4,-7,-1,8,0,2,-19
3,-8,3,-23,3,-22,-9,-16,-8,-32,-1,-25
3,-22,-2,-15,-2,0,-5,-14,-2,-8,7,-28
2,5,3,-16,-9,-7,-14,-12,-3,3,-10,-16
1,3,-6,4,0,4,-12,-13,0,-4,9,-12
4,5,4,-22,-2,6,-5,5,7,-2,-3,-11
-8,-8,-4,-5,1,-14,-4,-13,2,-2,5,-21
8,-25,1,-26,8,-11,0,-11,-12,-10,3,9
-8,3,-12,-9,-3,1,-14,-16,-4,-9,5,-15
-13,-22,-2,-22,4,5,0,-24,3,-12,3,-23
2,-9,6,-19,4,-23,-5,-12,8,9,2,-11
1,12,3,-9,-11,0,7,-20,-11,-3,-4,-16
-1,12,-11,-6,3,-20,-6,-19,11,-7,-1,-13
1,16,-7,4,-1,1,1,12,0,-14,0,13
7,-16,-7,4,-12,-19,-9,-5,0,9,-9,-16
-13,10,-13,-1,2,6,3,1,-15,-2,1,11
5,9,-8,-11,-2,19,-3,11,-1,15,-9,-1
4,13,-7,1,-4,-4,-6,5,-2,2,-1,14
-8,-7,-12,18,8,2,-11,-6,-11,17,-2,20
-14,-4,-2,4,0,-12,-6,-8,-3,-2,10,-2
1,12,0,-5,-9,-1,3,-4,6,17,-13,6
5,4,7,19,3,22,5,-4,7,13,6,22
3,-4,7,3,-13,18,1,11,-4,25,-1,-9
-3,2,-6,-5,-15,12,-5,17,-4,-2,6,5
0,-7,-4,22,-15,-9,0,-7,-5,25,-5,17
-2,0,-14,21,-10,2,-7,22,-11,-6,6,-2
3,-1,1,-4,-12,10,7,-7,3,24,3,-4
0,-3,2,-6,-4,13,1,2,5,16,-9,-5
-9,-5,10,9,-4,15,-11,12,-12,19,8,26
-10,26,8,3,4,17,-7,22,8,27,1,29
1,-3,-6,20,7,3,10,4,-11,25,0,17
-8,24,5,27,-6,5,4,5,-7,6,-5,31
-4,2,4,28,4,16,-3,30,-1,4,0,12
1,18,-7,35,2,10,-7,16,-7,21,5,4
-5,-25,-1,-2,1,-20,-6,-27,-4,-23,3,-30
-13,0,-7,-23,-1,-33,10,-30,0,-21,-3,-13
1,-16,2,-5,-7,-29,6,-20,5,-8,2,-27
1,-3,3,-29,2,-9,-4,-24,10,-28,-10,-29
6,-17,-3,-3,3,-19,12,-32,1,-15,4,-24
-7,-30,6,-30,2,-13,-11,-19,-11,-20,-12,-22
11,-30,-1,3,12,-16,-5,-14,-13,-6,-10,0
12,-21,6,-24,-11,-27,0,-22,11,-28,12,-21
12,-13,-1,-17,-1,-12,3,-3,12,-12,4,5
-11,7,0,-8,4,5,-10,-16,6,-11,7,-18
5,4,4,6,-1,-18,7,4,-1,-23,-6,-10
8,-24,5,-10,9,-12,12,-12,2,4,5,-15
1,-11,0,0,-14,-20,-2,-16,8,5,-3,-1
5,12,-1,12,3,-15,-2,2,-2,-20,9,-6
-2,-5,-3,14,2,-11,-1,2,4,-5,-12,-18
5,-3,-11,-20,2,-9,9,6,2,10,-6,-6
7,-4,-11,-8,-2,3,9,-4,1,-11,6,6
-1,12,2,-4,-2,9,-2,1,3,2,-12,-14
0,11,10,-18,-7,9,4,-16,2,10,-14,18
-3,10,10,-6,3,16,3,-7,0,-14,7,2
12,-7,7,-4,-3,7,-4,7,0,8,1,7
-14,3,0,20,-12,-12,-10,9,-10,21,0,12
3,11,11,-3,2,11,2,-12,-13,6,2,10
-10,23,-1,-7,10,0,9,13,-2,-8,0,-3
2,5,5,-2,-5,3,-2,-10,12,-3,4,17
-6,-1,-14,24,-7,14,-7,14,-4,17,9,19
8,6,3,14,-7,-8,-9,22,-14,18,9,18
-4,-1,-5,-1,-14,20,10,-9,-5,11,-4,-1
6,-2,-10,8,1,7,-14,16,-3,25,-12,12
-12,2,5,9,1,20,1,1,-7,2,-9,21
7,6,5,19,-2,15,4,8,-12,18,-2,20
4,3,7,3,0,15,6,15,-10,8,7,3
-2,5,-5,9,-10,4,5,32,-12,14,4,16
-2,5,-1,29,12,7,7,4,4,2,0,30
5,0,-7,24,-10,14,-10,5,-3,11,0,32
-2,10,1,6,6,25,8,20,-10,17,-6,-1
4,20,2,17,-5,31,3,7,-7,14,4,22
7,-9,2,-25,5,-23,11,-21,5,-15,-9,-26
10,-21,8,-33,7,-10,-13,-12,5,-9,6,-10
-8,-32,1,-24,-5,-18,10,-16,5,-26,4,-16
-12,-29,2,-28,-1,-8,4,-25,2,-21,3,-6
-5,-2,1,-4,-7,-31,2,-28,5,-14,4,3
3,-15,2,-28,1,3,-7,-18,9,-18,2,-4
-5,-28,8,-23,-2,5,7,-26,-2,2,3,-24
0,-8,-12,-14,1,1,-4,-9,-2,-17,2,-27
7,2,4,-2,1,-2,12,-28,2,-12,-4,-13
6,-3,-3,-13,1,-9,-9,-15,5,-14,12,-25
-12,4,7,-18,5,-7,0,0,-2,-5,3,-9
-1,-12,0,2,-3,-7,9,-7,2,7,-5,-7
7,4,9,-11,8,-8,-2,-12,11,-12,10,-9
8,10,10,-4,-6,-19,-1,4,8,-16,-4,2
11,-1,12,-19,-3,-8,2,14,1,4,-5,14
10,8,-4,-9,-6,10,5,-8,10,-5,13,-21
8,1,-4,-1,6,5,0,10,0,-5,10,-1
-8,-3,8,-16,13,-14,-11,10,-1,-3,7,0
1,-3,-9,-4,-3,-11,3,6,8,11,2,-11
8,-3,-1,15,11,-3,9,-13,2,-13,-1,-3
9,-5,2,15,-8,2,-4,8,-6,7,11,-5
-7,19,2,17,11,-13,-13,7,0,-2,8,5
-6,-8,-7,1,-1,16,-3,-12,12,-1,1,6
-7,22,11,-10,7,21,8,4,-10,0,-2,8
5,22,12,-6,2,-11,-9,14,1,19,5,13
-3,-8,-1,2,-10,17,-8,11,9,11,-3,-8
-2,-3,-6,-7,-11,6,0,25,7,26,-2,-1
1,-9,-1,-9,-13,-3,-4,9,4,26,-4,-2
1,19,-4,-8,-10,15,-5,3,-5,2,-5,1
10,-3,-7,-3,-7,17,-13,19,4,21,-2,-4
-10,12,7,-2,1,19,-10,-2,-3,-5,1,0
2,2,1,21,-10,15,12,-4,-6,10,-4,22
10,1,-7,21,-6,9,-5,2,2,16,-8,15
8,2,7,-3,0,21,8,16,-10,7,-3,-3
-8,4,6,20,-1,4,5,29,2,3,-5,30
-4,1,-10,7,5,32,1,19,-10,30,4,15
-5,35,5,8,3,14,-2,4,4,20,10,27
-2,-24,0,-1,-2,-24,-2,-30,1,-3,4,-2
7,-22,0,-21,12,-17,8,1,7,0,0,-6
-4,-10,-5,-23,-1,0,7,-32,2,-17,12,-25
-12,-9,10,3,10,-25,9,-30,-12,-9,9,-3
2,-31,5,-7,2,-32,1,1,2,-14,7,-3
4,-2,7,-7,-1,-25,3,-4,11,-20,4,-15
0,-14,3,-1,-2,-25,-8,-15,1,-29,-3,0
-7,-12,4,6,8,-14,2,3,-2,-15,3,-12
8,-9,5,-6,-8,-17,-1,6,-1,-17,6,-11
8,4,8,-8,7,-8,0,6,-12,-5,-9,2
1,-4,4,-2,1,-17,-6,6,2,1,-2,-12
4,-17,7,-11,3,-6,12,-12,11,-24,0,3
12,12,9,12,11,-12,-1,1,14,-20,-8,-24
11,4,-6,-7,9,-9,5,1,-11,-6,-1,2
11,11,-5,-1,-1,-20,-9,-8,-10,9,2,-5
12,-2,1,-7,10,-6,8,-6,10,-9,0,2
1,-4,6,-3,-3,-16,13,-15,2,9,-1,-9
13,-5,10,-2,2,-8,9,-19,-8,-8,8,3
-4,1,6,-2,0,2,4,-13,1,-4,2,7
-2,17,-5,18,-5,18,-6,-5,-1,-2,6,-10
5,2,-10,12,10,17,4,13,6,-15,-7,-8
5,5,0,5,12,-10,-7,21,-8,1,-8,10
5,15,-3,-8,10,-4,7,-14,9,3,3,1
9,-3,0,23,-3,6,7,-12,1,18,11,13
11,-5,-2,18,5,17,6,-4,-7,6,2,-9
-6,6,10,21,-5,11,-6,8,7,-8,-3,17
8,-2,-7,-8,13,0,-8,13,7,19,-4,-9
10,0,-6,11,12,12,-3,19,-5,-3,11,16
2,18,11,7,-5,7,-8,25,13,-6,-2,5
14,-2,-6,-7,-8,3,3,15,-11,-4,-4,16
-10,21,10,27,-10,5,13,9,-9,17,-4,28
-11,20,8,19,-7,14,4,-1,10,16,-5,26
-6,20,0,-2,12,16,-8,21,11,26,1,8
2,20,-2,22,-3,24,7,22,0,25,-5,22
-9,30,3,17,-4,28,-3,21,9,22,-2,5
0,25,-8,19,10,24,3,8,-12,30,-3,12
-5,23,9,27,-7,26,-11,25,11,22,11,24
-3,-24,3,-22,-1,-8,10,-28,6,-6,7,-34
7,-4,10,-18,-11,-1,-10,-13,0,-4,5,-16
10,-27,-11,-23,6,-8,-5,-3,4,-21,2,-25
-10,-30,-11,-11,15,-33,-6,-2,10,-21,-2,-12
4,-1,0,-14,-1,-13,3,4,-6,-19,7,4
-7,-9,7,2,-9,3,15,-25,0,3,-8,-14
12,-21,13,-25,-5,2,1,-6,9,-13,11,-19
14,-26,10,-9,10,-24,3,-2,12,-21,-10,-9
-7,-13,8,-17,4,-15,0,-26,-10,6,9,8
-4,-14,7,9,4,-10,-5,-17,8,-10,14,-17
12,-2,13,-10,6,-19,-2,-13,-7,1,6,-2
12,7,3,9,-6,-23,8,-3,0,-11,4,-9
13,-4,13,-16,-1,1,-5,-19,-2,-7,2,8
3,-6,14,-23,1,-5,-2,8,11,-17,7,-17
-4,-6,3,-13,0,0,1,-4,13,-13,8,-13
1,-17,10,-3,7,3,3,2,4,-11,5,7
-4,12,7,4,-8,-10,3,-16,10,-12,2,16
7,-8,10,12,9,-19,9,13,8,1,8,-15
6,13,-10,8,7,13,8,15,4,6,-8,1
6,10,6,6,15,-6,6,12,2,15,10,-6
3,-13,0,11,13,-6,12,3,6,-8,2,-10
6,13,5,-2,-1,5,9,-10,6,-14,9,-15
-10,7,4,9,-8,18,11,-6,11,-4,6,7
8,-4,0,-9,6,15,-4,-3,7,15,3,8
5,-7,9,-9,2,17,-6,-10,-11,-7,12,11
0,-7,-7,10,-5,-4,11,11,-2,-8,-3,22
-11,12,-2,20,-11,-1,10,-8,-7,-10,12,12
4,8,11,25,12,14,6,0,-8,-6,-3,26
-2,8,11,27,10,5,3,-8,5,28,-3,12
-5,18,13,15,-5,24,5,21,-3,22,1,-5
1,-1,12,14,11,30,11,17,15,5,-4,3
4,16,9,25,9,4,-11,16,11,14,-3,14
-2,25,13,17,-10,12,11,7,-5,11,12,17
-9,23,-6,32,-10,26,-3,0,0,16,-4,27
7,24,-1,30,13,34,-6,18,7,9,-3,11
9,4,13,19,-6,12,12,24,11,13,-4,4
-10,11,12,23,-1,4,-6,25,15,0,-4,32
-10,-20,1,-3,2,-1,6,-27,11,-2,-3,-23
2,-2,5,-35,-10,-7,9,-12,2,-27,15,-18
-7,-17,-8,-33,13,-23,5,-10,-10,-26,6,-22
-10,-20,11,-14,-4,-17,13,-23,4,-22,13,-32
7,-25,0,-23,-10,-18,12,-23,6,-22,0,-5
11,0,5,-3,10,-14,2,5,5,-5,-1,-26
11,-10,16,-18,9,-20,-2,-16,4,-21,6,5
3,-12,-1,-2,3,1,-3,-1,15,-20,1,-25
11,2,4,-15,11,-9,8,5,-2,-25,-3,-1
2,5,1,-16,1,-6,0,-13,10,5,-9,-16
6,-20,7,-20,8,1,-3,-19,-2,-26,2,-5
0,-10,5,-23,11,11,0,3,9,-25,2,-14
-1,2,2,-2,10,0,16,-23,13,-7,9,2
-1,-14,-8,-14,10,-3,13,-18,-10,0,-3,3
10,-11,-7,-7,9,-13,-7,-12,9,-7,-2,-16
9,-21,-8,8,9,-14,9,-17,-2,10,6,9
8,2,14,-5,-5,-5,4,-15,-2,-3,9,14
3,-12,2,-3,9,16,4,12,-9,16,3,15
7,12,11,-2,3,15,8,17,6,-13,9,-2
7,5,10,-6,6,5,3,-14,10,3,5,7
9,-6,11,-15,-4,-5,5,17,15,-4,1,2
9,-1,-5,19,-5,1,-1,20,-8,-2,4,-10
11,-13,-3,13,2,20,12,11,12,-14,-3,-12
3,-11,-3,9,-4,23,12,11,-5,8,0,7
10,-8,-3,-3,1,-11,5,11,-7,15,-7,23
1,-3,11,17,-9,10,-2,17,9,16,-2,19
11,-10,14,9,-7,-6,12,5,4,5,-4,18
0,-5,-4,0,13,10,-3,17,6,12,13,11
1,-7,-9,-7,-2,-7,-10,12,-2,1,12,27
-7,21,0,1,1,7,-7,12,12,13,7,29
-2,20,9,-3,-5,27,12,30,11,-2,-3,9
1,16,6,7,13,31,-7,15,0,-2,0,0
0,21,4,12,2,4,-1,26,-3,30,-2,-1
-2,20,-3,4,-5,8,-3,33,3,-1,7,27
6,25,-3,18,12,17,3,-1,10,16,-5,29
-2,27,13,4,13,23,1,19,8,-1,-4,35
-2,29,10,35,0,9,-5,23,12,35,-5,5
14,-34,13,-32,9,-24,6,-1,14,-31,0,-17
7,-23,5,-35,-2,-18,14,-28,1,-29,-5,-19
-6,-14,-4,-28,3,-25,12,-28,1,-30,-1,-10
13,-25,-5,-10,7,-29,10,-17,-9,-27,13,1
1,-4,-3,4,17,-26,-6,-17,-1,-30,12,-27
-1,-6,1,-26,1,-15,7,-5,13,-23,10,-16
11,-30,-2,-25,10,-26,6,-20,11,-11,-4,-26
-6,-4,3,-4,2,2,5,-15,7,-9,-3,-4
-5,-1,15,-11,5,5,1,-20,-6,-11,3,-3
-9,-22,1,-21,2,3,2,-4,0,-13,5,-9
0,9,-5,-21,-3,4,3,-7,1,-3,7,-18
5,-19,6,-7,5,-24,13,-15,8,-7,-3,10
2,-5,14,-7,5,-9,2,12,0,9,-1,-2
9,-11,15,13,12,-19,12,-8,0,-4,13,-9
-3,-14,2,2,5,-20,7,-2,-4,-7,10,-2
-3,-1,-8,-7,12,-6,8,2,-8,-5,13,12
11,-19,1,15,-4,-19,1,2,5,-7,-1,-8
-7,-18,12,-6,3,-5,17,-5,2,-2,11,-18
13,-13,-4,-5,16,-3,7,-6,8,-13,-8,0
11,-8,8,11,-1,17,1,2,10,19,5,-16
5,2,-9,20,-5,-11,-7,-8,-3,4,-5,13
-6,20,-1,14,-8,15,-4,-2,-9,21,-5,6
6,5,12,-14,1,-12,-4,5,11,-8,-3,18
-2,-1,-3,-10,15,4,-3,-4,-7,-4,-5,-10
6,16,-3,7,-7,16,-8,23,-7,11,0,23
-1,7,-2,23,0,13,-6,-8,-6,24,13,21
-3,0,-9,11,-1,1,-4,-10,8,-8,-5,-5
5,5,-4,-6,0,14,9,14,0,6,2,19
-1,9,-5,17,-4,15,0,9,-6,22,-6,5
-7,4,-3,16,9,15,0,15,6,0,-1,-3
17,-3,-7,28,0,4,2,10,-7,24,6,28
-5,13,10,25,13,22,5,13,4,16,-2,31
1,5,-3,22,-5,22,8,32,-9,17,-3,25
1,-1,-6,33,-2,16,13,10,2,4,-2,31
1,-1,-8,3,15,6,8,9,0,23,-6,29
1,5,-5,31,-1,8,-7,24,8,2,-2,21
9,27,-9,13,1,0,-7,12,-5,5,-7,36
13,-34,-5,-16,10,-30,13,-10,3,-36,-2,-19
2,-3,-1,-33,-4,-8,-3,-29,-6,-14,14,-4
-3,-3,13,-11,-6,-32,-3,-13,-1,-13,3,-29
-6,-13,6,-26,0,-18,15,-9,10,3,-6,-12
-3,-3,13,-8,-1,4,4,-32,-2,-10,15,-24
-2,-3,13,-5,0,5,15,-8,1,-7,-5,5
1,-6,14,-11,9,-14,9,-27,11,-2,-1,-11
-7,-7,-2,-1,-4,-26,13,-2,-1,-24,-5,3
-4,-2,-6,-10,-1,-16,14,-2,9,-12,2,-27
-2,-5,16,-14,15,-2,0,2,-3,-22,-2,-21
2,0,-7,-24,3,-21,-8,-25,1,5,-2,-26
5,10,9,-5,14,7,2,-20,-4,-17,-2,-23
8,-20,3,-17,-8,-5,2,-14,7,-24,6,0
-4,10,-2,-1,-6,3,-6,-21,0,4,-3,10
-4,-14,-3,-22,-6,11,-6,-7,1,7,1,12
-4,-14,-7,1,10,-1,16,-5,-6,-5,-5,6
11,-5,11,-1,8,-11,-3,-16,-2,8,18,-10
12,-9,-7,-2,12,4,-1,-16,18,-9,9,9
15,-15,-1,-8,6,4,0,6,-3,-9,12,14
7,18,12,11,11,11,-4,14,1,19,11,14
-3,-8,-5,-14,5,2,-4,-16,1,19,-2,5
-5,-6,6,-7,14,3,12,16,12,14,0,6
12,20,-4,-7,0,-4,4,16,-5,1,4,-5
-5,-9,-2,-12,12,-2,-5,17,-4,8,-5,8
-4,-7,-6,11,9,-11,10,9,-3,11,9,20
-8,-7,5,14,0,13,13,0,1,-11,-3,10
11,6,-2,-2,-1,-2,9,24,0,23,14,20
-6,-6,-6,16,15,26,8,18,0,17,5,17
-8,-5,-3,-7,-7,9,14,-3,3,-5,-4,-7
12,28,-3,-2,9,25,16,-4,2,28,9,26
-8,0,5,23,11,25,8,5,5,28,1,26
1,-2,14,15,8,3,18,10,-3,21,-3,-5
-3,30,-7,27,0,9,5,1,-1,32,8,22
8,10,10,8,1,5,5,16,-1,30,11,4
1,3,-1,13,9,17,6,22,13,13,7,12
11,33,0,0,1,5,11,25,2,29,8,35
-1,34,-6,33,13,31,-1,17,3,5,8,10
-7,-26,16,-12,-2,-6,-2,-33,-1,-3,-7,-26
10,-1,15,-14,-7,-10,-1,-17,1,-12,15,-7
3,-16,2,1,-7,-18,1,-19,3,-5,15,-7
1,-2,16,-7,10,2,16,-11,2,-3,-1,-11
-3,-22,15,-10,-3,-13,-4,-21,5,-10,-5,-16
-3,-8,-4,-5,12,3,5,-2,-5,-9,15,-5
-5,-12,-5,5,-7,-29,-4,-21,2,-4,15,-5
2,-4,-1,5,-4,-22,-5,-18,2,-27,-2,5
-4,-2,-2,-1,15,-4,-6,-8,0,4,-2,7
2,1,17,-25,2,-13,-6,-27,1,-22,-3,-18
-1,1,-7,0,-2,-18,2,7,9,-7,2,-17
-2,0,3,-7,15,-11,16,-4,8,8,0,-5
3,5,-6,1,-3,9,-5,-20,13,-24,15,0
-3,7,-4,7,0,-5,1,4,-5,4,-4,11
-1,-3,9,-21,-6,-17,-1,-11,2,1,1,7
-6,2,-2,4,-5,-15,-2,12,3,-21,-5,-14
7,-7,12,11,-6,8,1,-18,11,-1,-6,-3
10,-8,11,-14,6,4,17,-18,19,-16,2,-3
2,9,-5,-7,5,-11,6,13,7,7,0,-11
13,8,8,-5,17,-17,9,0,11,-3,3,0
11,16,0,1,10,1,-1,-16,14,20,18,-10
-1,15,5,-4,15,16,4,-8,-6,6,0,20
4,-5,-1,-9,0,6,-1,10,4,13,15,9
-3,12,-1,22,15,8,-1,8,7,23,-2,-4
1,20,-5,-12,0,14,-7,-7,0,16,-4,-1
15,-11,-1,-9,17,11,-2,17,-1,20,0,-8
-4,0,-4,13,6,2,2,4,6,-2,5,-6
-1,-2,10,3,13,3,-2,-2,3,10,5,-6
15,4,-7,2,-2,-3,2,28,13,19,10,3
-1,-5,-1,23,-4,-4,9,28,0,15,3,16
12,6,-1,18,-1,20,14,19,2,-2,15,16
10,14,4,15,0,5,1,8,-4,17,-4,3
-7,-2,-7,14,7,20,10,27,-5,21,10,25
3,16,0,27,1,24,1,33,16,3,4,-1
8,3,-2,20,-4,24,-7,31,-5,9,-5,16
13,11,4,2,-6,-1,15,11,-6,6,15,20
9,33,0,1,-5,25,-3,34,-4,6,2,31
0,-33,17,-9,-2,-27,-4,0,1,-1,2,-8
2,-28,17,1,15,-3,-3,-4,1,-11,16,-15
-1,-25,-2,-8,18,-11,3,-5,0,2,1,-28
9,-27,4,-6,0,-29,0,-26,-4,-30,16,-33
12,-19,1,1,2,-13,17,-12,12,-30,-3,-10
3,-8,17,-3,1,-25,2,2,4,-26,2,0
11,-26,17,0,10,1,-5,-18,1,-17,-2,-2
1,-9,-1,3,-1,-8,-4,-11,3,5,1,-29
-1,-2,-5,-9,1,-14,16,7,-4,-21,3,-2
-1,1,9,3,-5,-9,1,-12,-3,-27,16,-8
-4,-3,-2,-23,14,-12,-2,-5,0,-22,-1,-19
-6,-4,3,3,-5,-11,6,-14,0,7,0,9
3,7,-2,7,1,6,16,3,0,-17,3,-2
-4,1,2,-20,1,10,-1,3,15,-1,-1,-7
12,-8,7,2,3,7,8,-21,2,-9,0,9
-2,3,16,2,-3,-13,-6,7,15,2,-1,15
5,-20,20,-19,-2,-8,-3,6,13,4,6,2
17,-3,10,3,19,-16,13,-1,10,-5,5,-4
-5,-2,6,-13,14,-17,4,11,3,-2,16,-6
6,4,2,5,13,15,11,16,3,-5,6,16
13,11,19,1,9,-8,10,-9,12,18,16,2
-3,16,-1,-8,3,-2,1,-6,0,19,0,15
9,0,-1,10,-5,6,-3,7,1,-2,-1,-8
-2,18,-1,-9,8,-10,0,-12,-1,3,-1,-11
-3,7,16,16,3,22,2,9,1,18,4,-10
-2,-2,18,3,17,7,-4,15,20,6,-4,17
9,16,17,21,-6,-5,9,8,20,-2,-4,-4
0,0,13,-5,16,19,-4,4,-3,5,7,13
-4,0,-5,5,-2,-6,16,26,10,0,-4,-6
3,-1,-3,7,11,23,2,3,0,-2,16,8
-6,2,17,29,4,16,2,-1,0,29,15,26
4,18,1,18,11,-1,0,18,-2,2,0,14
3,-4,10,30,17,22,1,28,15,21,-1,9
8,4,-6,-2,0,22,-2,27,-5,3,-6,16
3,5,-1,26,-5,31,-3,16,-4,6,-5,23
16,6,9,19,5,26,0,16,-1,35,-2,7
-6,1,4,22,3,32,4,36,1,25,-4,31
3,-2,11,-32,2,-13,14,-7,-1,-30,1,-21
2,-33,18,-14,1,-6,-3,-1,14,-1,-4,-2
-5,-25,11,2,-1,-10,-2,-33,2,-3,5,2
12,-12,-1,-32,14,-21,14,-2,2,-32,1,-10
2,-25,12,3,2,0,19,-24,1,-26,-1,-10
7,-4,12,-13,6,-2,-1,-23,6,-1,1,-22
14,-10,14,-29,2,-6,17,-2,2,-23,-2,-24
13,-27,-4,3,11,-9,1,-23,14,-22,-2,-4
3,-6,0,5,13,-7,2,3,9,-26,-2,-26
-3,-5,14,-1,-3,-6,16,1,16,0,-1,-4
9,-17,-1,8,0,3,14,-14,0,-19,-1,9
-2,-2,0,-2,14,-11,-3,-2,0,-25,2,-4
-1,8,6,-1,18,6,-2,0,16,4,6,12
5,1,4,-21,17,3,-5,12,1,-21,5,-11
-1,6,1,-16,-2,-13,-3,8,8,-22,-3,8
14,15,18,13,8,-14,-1,-1,17,-6,21,-8
19,-20,14,13,17,-7,3,-2,16,12,15,-8
9,3,6,-6,16,11,16,-7,7,11,14,-7
15,11,7,12,11,16,16,-8,9,-14,-2,-8
0,-2,15,-5,8,-17,13,3,9,16,7,-17
18,-3,3,-4,1,-3,1,11,9,12,14,-3
14,-7,-2,-6,3,8,3,2,10,4,18,-10
3,7,2,-14,14,19,14,-4,2,-4,-2,-13
12,20,-4,7,19,6,-1,-10,4,-4,16,15
13,13,9,10,1,-6,4,-12,-1,14,-3,-4
-1,23,4,3,11,25,15,8,0,17,-4,2
4,10,-4,26,0,-4,20,-2,-4,13,3,-2
7,-3,17,-2,15,18,0,-4,-1,6,1,-2
-1,-4,-5,-8,4,22,1,27,-3,24,-4,-8
-4,2,4,22,-3,2,10,25,3,-3,-5,6
8,30,9,27,1,13,15,-6,1,19,15,29
13,10,17,19,3,24,8,7,14,6,2,18
-2,-3,13,6,0,24,10,27,0,-2,-4,-3
16,6,18,30,2,25,-4,18,2,0,0,12
6,8,18,20,3,30,1,32,1,1,-2,-2
16,7,4,3,15,34,4,4,-2,25,-2,2
13,35,-1,0,-2,29,3,25,-4,8,-4,23
3,-32,8,-21,1,-1,2,-11,2,-36,5,-13
5,-14,0,-29,18,-15,-3,-34,-1,-31,5,-11
-1,-29,2,-3,17,-34,-2,-7,3,-23,3,-20
1,-13,13,-31,3,-32,7,-30,-4,-29,2,-28
1,-8,6,-25,5,-7,1,-2,2,-31,3,1
5,1,0,-23,1,1,-3,-26,0,0,15,-12
16,-28,-2,-22,2,-10,-3,1,14,-21,17,6
-1,-7,-3,-26,2,-8,2,-14,0,-5,-3,-22
16,-25,17,4,-1,-27,-3,-26,1,4,-2,7
8,-12,-3,-6,1,-18,-2,-20,-2,7,0,-20
5,8,19,-1,-4,-11,2,-23,17,0,-3,-21
3,-8,-2,-23,2,8,0,2,17,-25,-2,1
5,-6,6,-12,19,5,-4,-13,-1,-3,-4,11
4,10,19,9,-3,-13,-3,-16,2,-12,-4,1
3,9,18,-20,0,-22,1,-7,15,-21,-2,0
2,8,6,3,21,-9,15,-1,14,11,22,-14
1,2,18,-10,14,-9,1,7,16,6,14,10
3,-1,8,2,20,-12,3,8,15,-1,9,12
-2,-3,9,-13,8,15,9,18,18,-13,13,-13
7,13,8,-5,18,-1,2,-15,3,-1,3,-13
9,3,12,11,-2,-2,6,-13,1,-8,10,-1
4,-6,1,16,22,-2,-2,13,18,8,2,12
2,18,-1,-11,1,22,2,16,4,11,-3,1
-1,-7,5,18,-3,21,4,7,20,2,5,-5
12,-9,-1,-6,-2,15,-4,19,1,15,0,3
5,11,-2,25,6,-3,5,21,9,5,17,16
16,26,3,-2,19,24,1,-1,5,17,22,2
-2,12,3,20,5,19,0,1,-3,24,-3,20
-1,-5,11,5,18,15,14,10,19,13,0,6
1,-3,12,16,14,8,22,-3,-2,-3,3,4
-3,14,4,-4,0,26,3,14,18,3,-1,27
5,-4,4,-5,2,29,-3,24,13,6,-4,1
-2,0,6,-2,17,18,2,32,1,-1,3,20
2,2,4,30,6,31,5,16,8,12,20,-3
13,21,19,6,7,6,2,20,-1,10,-3,19
4,-1,0,35,18,29,3,-1,5,27,8,5
11,29,-2,26,4,35,6,26,1,29,6,30
16,-14,-2,-3,5,-36,4,-35,-3,-4,-3,-27
12,-15,16,-28,14,-26,13,-16,12,1,4,-27
23,-20,3,-27,23,-30,7,-33,0,-6,-3,-27
10,-33,-2,1,10,-13,10,-29,18,-30,0,-26
18,-28,16,2,15,-14,12,-20,10,-22,19,-23
0,-4,0,-31,20,-25,7,1,9,-5,11,-8
4,0,8,-24,2,-30,8,-11,0,-23,-1,-29
3,-8,7,-1,20,-25,3,-25,19,-5,2,3
4,-7,2,-7,3,-25,-1,-22,12,2,-2,-22
2,-4,22,-22,23,-25,4,-6,3,-4,20,2
8,-9,10,-26,0,-21,2,9,5,6,2,1
7,5,17,-8,4,9,19,8,20,-5,-1,-10
5,-4,-2,-1,17,12,4,11,19,9,2,2
-2,-4,0,-16,-3,-10,23,-11,8,-22,-3,5
-3,-2,13,-11,18,2,-3,-16,-3,-12,-2,9
13,1,1,6,1,4,6,-10,-2,1,1,-19
9,-17,19,-9,5,-2,18,15,11,-10,23,-6
17,-1,7,-2,2,12,9,-2,-3,16,0,-1
-1,-2,17,-12,11,1,0,-11,15,7,17,13
-1,-3,0,-6,5,5,-2,2,12,12,10,-1
9,3,1,-4,4,0,10,-2,20,-4,18,-3
14,2,-3,10,1,-1,22,-12,2,9,-2,19
7,8,1,-3,-1,18,0,13,21,0,-1,19
10,12,5,12,20,20,-1,19,-3,4,2,10
11,-4,15,-11,-2,7,5,-8,12,-4,-1,12
1,24,14,10,-3,25,5,8,2,23,18,15
3,-4,0,15,1,3,9,13,1,24,9,10
14,-8,1,13,6,24,-3,8,1,5,-2,18
-3,3,8,27,-1,2,17,1,-2,24,18,17
2,0,4,24,1,8,5,27,3,22,-3,23
-1,-1,20,10,23,1,17,6,1,-2,-2,30
6,31,-2,-5,17,26,1,13,9,12,5,-3
2,-3,6,18,2,18,-1,20,10,7,7,28
7,18,12,1,18,9,9,9,5,8,0,12
1,1,2,28,17,16,8,13,-1,15,-3,18
-2,1,0,33,11,16,-2,33,2,5,18,23
14,0,8,25,0,27,0,29,-3,30,-1,23
18,-19,3,-17,10,-21,2,0,0,-34,-2,-18
-2,-20,18,-8,19,-10,14,1,3,-25,-2,-33
17,-3,6,-25,-1,-21,1,-12,11,-15,-2,-13
-2,-8,1,-11,13,3,4,-4,0,-33,-2,-30
13,-16,-2,-28,2,-14,5,1,10,-28,-1,-24
-1,1,1,-27,4,-16,15,1,17,-8,19,-8
-2,-4,17,-2,-2,-10,4,-2,19,-14,-2,2
17,-1,6,-21,24,-28,22,-18,5,-12,-2,-7
-1,-14,0,-24,19,-18,0,3,15,-14,3,2
23,-17,1,2,14,-6,2,-26,6,-8,-1,-24
11,0,21,-20,23,-18,18,-20,16,-20,5,2
1,8,7,-10,-1,1,12,-17,10,-15,-1,-15
-1,0,3,-4,24,-21,24,-8,10,3,3,-4
12,9,18,0,17,-12,5,-17,2,-14,1,7
7,11,-2,11,-1,-14,-1,-12,1,14,0,-22
1,9,23,-14,19,5,24,-11,0,-15,8,4
-2,7,24,-5,19,7,2,2,22,-20,-1,-4
9,10,20,10,-1,-15,8,15,19,-13,9,-6
7,-3,9,14,3,-14,11,7,13,4,13,1
0,0,17,-9,19,4,-2,17,4,0,14,-3
12,4,18,2,13,6,-1,0,7,6,12,-5
8,18,8,-5,-2,2,-1,9,6,7,16,-11
3,19,24,-8,4,8,1,14,6,-13,6,-9
11,-10,7,11,6,8,-2,2,16,7,4,20
6,-4,13,22,5,-5,21,-11,3,-1,13,20
5,-2,2,-9,20,-6,8,-11,8,25,19,11
5,23,1,11,4,-2,-2,26,6,26,13,-10
13,-5,-1,21,4,9,9,-9,14,3,2,-3
0,2,1,16,7,18,3,-7,23,6,6,-1
4,26,19,26,8,25,-2,25,17,2,-1,25
12,30,0,9,15,-4,-1,24,18,-4,-1,3
3,-2,24,2,19,23,-2,25,14,19,6,20
17,3,20,-3,-2,6,17,10,19,5,1,19
6,1,1,24,1,10,14,-2,21,-1,15,14
1,0,15,14,2,19,11,5,6,33,9,17
9,14,23,1,-1,8,2,28,15,14,3,9
-2,7,-1,24,7,36,15,21,9,35,-2,5
11,-7,4,-10,7,-30,4,-12,8,-31,-1,-9
0,1,5,-8,19,-22,1,-15,6,-33,0,0
-1,0,7,-15,6,-34,-1,-25,2,-14,1,0
19,0,7,-12,13,-29,0,0,1,-5,1,-20
4,-21,8,2,18,-31,6,-27,3,-12,4,-29
-1,0,5,-2,13,-19,6,-19,-1,-30,0,-27
11,-7,22,-26,15,-28,16,5,9,-28,7,-4
10,-6,3,-12,0,-22,1,-10,19,-8,19,-9
10,7,0,7,15,-13,10,-20,3,-25,3,-2
23,-10,16,2,15,6,-1,-8,1,-1,3,7
23,-19,20,-17,10,-13,21,6,5,-2,-1,5
23,-10,3,5,1,10,2,-2,13,10,24,-11
0,-11,9,7,14,-19,21,7,6,5,5,-16
-1,9,12,-4,22,-16,-1,4,18,-9,-1,3
8,-10,10,4,14,-12,21,7,4,-18,1,-19
11,10,-1,2,16,-3,2,-16,19,-9,16,-21
23,-7,24,-19,24,-18,8,-16,24,-3,16,-13
24,-17,21,-4,13,17,12,-10,14,8,5,-7
10,-16,19,7,20,17,7,-11,0,-7,12,-1
4,15,25,-3,20,17,8,-7,10,7,12,-3
3,-10,15,14,13,-6,15,-1,12,9,-1,1
20,-12,0,12,14,15,18,20,21,-4,7,2
2,10,10,-6,-1,16,20,4,7,2,23,1
3,8,17,-1,9,-2,7,10,5,3,2,7
1,7,2,16,1,-11,3,4,7,-6,4,13
3,9,3,2,1,7,3,-5,3,19,5,3
5,21,25,-8,-1,17,15,15,5,-2,4,-9
8,1,8,-8,10,6,15,9,-1,20,1,23
19,-1,1,2,22,19,3,20,7,-1,16,-6
0,11,18,14,10,0,11,7,22,19,6,-6
4,13,17,22,6,5,10,16,13,28,5,-2
20,1,11,-2,0,18,18,16,10,-1,-1,29
2,17,15,5,11,7,17,12,7,11,2,5
4,18,-1,24,8,14,2,14,1,16,3,33
15,0,17,0,3,32,9,5,5,16,1,27
9,34,11,16,20,2,4,15,17,26,3,31
0,7,-1,30,15,30,4,17,-1,26,11,10
12,-12,10,-2,5,-29,22,-6,19,-32,3,-22
10,-18,10,-2,4,-4,0,-23,1,-17,4,-4
3,-21,11,-6,15,-13,0,-34,17,-12,14,-21
1,0,17,-23,23,-5,15,-4,0,-33,9,-4
25,-17,21,-27,12,-31,17,-31,0,2,15,-22
5,-18,10,5,10,-8,12,-16,1,-30,12,-23
0,0,4,-1,23,1,7,-1,12,-7,14,2
25,-13,8,-1,2,-22,25,-25,2,-28,11,-21
6,-15,0,6,0,4,5,6,6,-9,4,5
13,-7,6,-6,10,-24,21,-5,0,0,6,-3
26,-10,21,-4,6,-26,1,-18,20,9,5,-4
10,-12,26,-25,0,8,16,-19,16,-21,3,1
13,5,0,-18,21,-23,21,-1,3,-15,11,-14
19,2,2,-3,25,-23,19,-17,0,-21,0,-7
11,12,1,-18,12,-10,2,-19,0,-3,3,-18
6,-6,1,-13,0,14,7,2,16,13,1,7
20,2,4,-16,1,-14,0,-6,2,16,10,1
10,-5,19,1,3,17,8,-18,16,7,13,8
12,-8,13,-6,2,6,3,18,18,11,5,6
13,-12,8,19,2,3,26,-14,8,-3,10,-6
4,-16,19,2,3,0,0,0,23,-9,19,2
16,-8,12,-14,19,-2,21,9,5,18,14,7
3,1,0,-11,18,-10,1,9,10,11,1,8
1,21,0,-5,25,0,1,19,23,-4,1,11
16,8,0,-5,18,-9,18,24,0,-1,11,23
1,18,2,10,15,24,18,-11,19,20,0,18
12,8,13,-1,21,19,13,19,9,-4,6,10
2,24,15,1,1,18,26,-4,0,24,4,18
25,4,1,4,0,15,3,-2,2,27,2,19
13,27,1,0,2,23,1,-4,2,26,1,12
3,30,0,-1,11,11,1,5,20,2,23,-6
10,0,2,-2,24,-4,14,6,7,14,18,7
7,20,23,-4,15,28,4,31,1,0,0,4
7,19,3,16,17,24,23,6,0,4,0,1
4,27,5,7,24,7,19,1,16,28,0,-2
8,5,12,3,8,1,2,9,0,2,0,0
18,3,0,20,1,24,4,32,0,15,3,24
