-7,-1,-23,-2,-11,-12,-19,-5,-32,-8,-3,-16
-12,-20,-35,-1,-1,-14,-14,-20,-21,-16,-15,-12
-15,-11,-2,-1,-29,-4,-6,-5,-12,-2,-4,-21
-16,-13,-7,-7,-7,-16,-23,-5,-23,-10,0,-18
-3,0,-7,-14,-31,4,-27,-9,-28,-21,-22,-16
-19,-11,-2,-16,-34,3,0,-6,-28,-4,-14,1
-20,4,-3,-6,-35,0,-19,-9,-29,-5,-26,5
-7,-11,-2,0,-32,6,-10,0,-34,-7,-1,2
-35,-3,-33,3,-17,-7,-22,-18,-3,-4,-14,-15
-14,6,-11,-6,-9,-10,-17,8,-8,-13,-31,-17
-18,1,-33,4,-31,-14,-2,7,-3,-14,-3,5
-36,-2,-30,8,-30,-4,-22,9,-1,6,-1,1
-18,5,-2,1,-30,8,-34,1,-28,-9,-6,3
-34,5,-2,3,-23,-5,-28,-1,-29,8,-1,0
-36,-5,-25,10,-21,10,-14,5,-28,-12,-2,9
-21,8,-35,15,-32,-7,-10,2,-30,7,-35,3
-3,11,-19,13,0,13,-11,-10,-31,11,0,-9
-23,2,0,8,-3,5,-2,17,-12,-6,-30,6
-15,-4,-25,6,-19,0,-25,-8,0,14,-7,1
-28,-5,-9,-5,-18,8,-1,5,-32,2,-12,16
-5,0,-4,9,-15,5,-2,10,-23,8,-11,-2
-10,11,-34,17,-31,3,-9,7,-21,15,-28,1
-21,2,-10,5,-1,3,-3,10,-34,5,-11,13
-25,9,-33,8,-22,5,-7,11,-3,22,-1,5
0,21,-3,0,-19,21,-13,3,-34,22,-11,17
-29,11,-33,16,-35,12,-10,1,-1,0,-3,3
-29,16,-22,16,-12,21,-11,18,-14,14,-16,2
-13,-14,-10,-12,-8,-12,-3,-24,-19,-10,-28,-19
-27,-9,-3,-1,1,-9,-10,-18,-13,-19,-8,1
-13,-19,-21,-14,-11,-10,-16,-9,-13,-4,-28,-11
-16,-7,-14,-3,-21,-3,-1,1,-8,-6,-4,-16
-10,-1,-6,-17,-19,-20,-12,-9,-7,1,-10,-8
-18,-17,-3,4,-7,0,-1,4,-23,4,-18,-2
-9,-18,-1,-6,-1,6,-28,-20,-32,5,-11,1
0,-2,-22,-13,0,-3,-7,6,-32,5,-11,-14
-12,-13,-12,-17,-21,-18,-2,-11,0,-14,1,-15
-19,4,-21,3,-21,-5,-3,1,-25,6,1,-15
-35,1,-7,-1,0,-6,0,10,-33,4,1,-2
-16,-12,-35,-1,-12,9,-2,0,-4,2,-11,4
-35,-8,1,-12,-16,8,-3,11,-1,2,-18,-14
-16,5,-23,-10,-32,1,-5,-11,-1,-7,-6,1
0,1,-30,-4,-12,-3,-3,4,-33,-11,-11,-10
-8,-2,-9,13,-4,2,-4,10,-5,-10,-11,-11
-12,1,-12,4,-22,7,-1,-9,-24,-8,-33,-10
-4,14,-14,2,-4,12,1,12,-26,-3,-10,4
-13,12,-22,0,-26,11,-3,-8,-8,15,-10,0
-20,-6,-14,-5,-17,-3,-35,10,-30,5,1,4
-30,8,-16,9,-13,11,-1,3,1,-3,-8,5
-4,-4,-5,8,-4,-2,-4,3,-8,5,1,14
-23,17,-16,15,-32,14,-3,9,-8,1,-29,7
-22,23,-23,8,-7,16,-33,21,-11,4,-19,-3
-20,5,-8,22,-15,5,-34,7,-34,19,-34,17
-7,24,-20,17,-7,16,-18,12,-6,-1,-1,19
-4,4,-17,13,-18,24,1,17,-16,15,-6,12
-28,-19,-7,-22,-30,-2,-3,-11,-13,-5,-21,-1
-12,-14,-12,-13,-2,-5,-34,-13,-11,-9,-16,-13
-8,0,-18,-12,-22,-4,-7,-21,-15,-7,-6,-6
-27,-16,-23,-13,-3,3,-15,-7,-16,-12,-22,-15
-7,-8,-14,1,-15,-22,-19,-6,2,-10,-17,3
-11,-9,-19,-4,2,-6,-21,-14,-2,-6,-21,-17
-8,-1,-7,-5,-22,3,-28,-13,-25,-20,-33,-10
-15,4,-32,-17,-25,3,-32,3,-13,-17,-11,-16
-8,-18,-23,8,-21,-3,-26,-14,-11,-15,-2,-10
-4,-11,-15,3,-8,-3,1,1,-4,-10,-11,-15
-7,2,-1,-7,-33,-8,2,-7,-30,-10,-34,-7
-14,10,-24,-4,-9,-15,-17,0,-4,-13,-7,7
-7,-1,-28,1,-9,12,-22,8,-34,11,-32,0
-30,2,-9,-13,-6,7,-10,-13,-2,9,-13,3
-14,7,-27,5,-23,-4,-16,9,-9,-4,-27,-3
-19,6,-34,-9,-12,5,-14,-5,-15,-3,-27,-1
2,10,-30,9,-24,14,-29,9,-8,13,-19,-8
-5,-9,-17,13,-9,-5,-6,14,-14,14,-23,15
-10,3,-16,17,-22,8,-6,-5,-1,2,-8,-8
-34,1,-25,-5,-4,12,-9,6,0,3,-28,-1
-16,16,0,7,-11,14,-10,2,-6,15,-20,5
-30,0,-27,15,-32,8,-34,1,-9,17,-23,2
-9,11,-12,18,2,1,-2,8,0,19,-31,9
-11,1,-33,22,-32,9,0,1,-7,19,-15,7
-6,5,-8,2,-13,17,-12,-1,0,6,-18,22
-26,5,-12,24,-15,8,-5,11,2,4,-33,6
-5,12,-11,17,-24,0,-16,18,-20,16,-15,13
-5,-3,-7,-25,-4,-9,-8,-9,3,-19,-18,-22
-20,-13,0,-13,-21,0,-30,-24,-16,-15,2,-3
0,1,-4,-24,-20,-6,-3,-14,-5,-16,-7,-1
-13,1,-10,-16,-21,-5,-23,0,-26,-16,-4,-10
-14,-10,-19,-17,-30,-20,-13,4,-23,-19,-21,-22
-29,-8,-28,-6,1,-21,-6,-15,-31,4,-1,4
-13,-16,1,4,-26,-18,-31,-6,-8,-3,-29,-19
1,1,-29,-5,-21,-12,-1,7,-6,-11,-33,-7
-6,-11,3,-15,-5,-6,-14,3,-18,-3,-29,-4
-18,6,-1,5,-15,-4,-33,-17,-26,-14,-7,0
-22,5,-21,0,-33,5,0,-14,-15,7,-29,3
-21,8,-28,-1,2,2,0,-14,1,-12,-3,-15
-20,10,-32,-7,-8,-8,-22,-8,-13,1,-10,-4
-9,13,-20,4,-24,13,-26,2,-33,-9,-4,11
-25,8,-17,-9,-18,13,-4,-8,-7,7,-25,4
-11,-5,-3,-8,-23,-5,-1,4,-6,13,0,-11
-14,14,-9,-8,-25,-8,-9,-8,-20,-7,-5,16
2,-3,-13,13,-29,13,-32,2,-31,5,-21,-3
-26,3,-3,-7,-14,-2,-11,18,-4,12,-20,2
-19,11,-3,17,-10,-1,-18,13,-12,2,-4,4
-32,8,0,11,-5,8,-22,-1,-6,20,-10,-2
1,13,-32,12,0,15,-4,17,-15,1,1,4
-17,4,-2,19,-8,11,-3,9,3,4,-31,12
-4,3,-18,11,-17,18,-22,14,-7,6,-6,-2
-10,5,-20,9,-33,6,-33,6,-21,10,-21,12
-7,10,-12,21,-19,16,-33,6,-28,21,-1,20
-2,24,-1,19,-33,9,-11,2,-33,15,-4,5
-23,-17,-25,-2,-20,-23,-1,-10,-9,-2,-11,-25
-15,1,-3,-15,-19,-5,2,-23,2,-13,3,-20
-18,-12,-8,-15,-6,-23,-24,-13,-4,-10,0,-12
0,2,-10,-23,-4,-21,-3,-16,-9,-14,-27,-20
0,-20,-28,-17,-22,0,-17,-13,0,4,-11,0
-10,-14,-23,-16,-27,1,2,-2,-25,-19,-3,-15
-5,-15,-19,-19,-24,-3,-1,4,-5,-1,-20,6
-7,6,-30,-5,-32,-4,-7,-18,-19,-19,3,7
2,1,-17,-16,-28,1,1,-15,-7,-17,4,4
-10,-13,-3,-11,-10,-11,-12,8,-27,-12,-5,6
-5,-15,-3,-9,-24,-3,3,-6,-8,-12,-30,-12
-14,-13,0,11,-5,9,-15,2,-8,-6,-9,0
-6,-5,1,-13,-4,8,-8,-1,0,-13,-21,-9
-9,10,-7,-1,-31,1,0,1,-11,-3,-12,-9
-1,-4,0,8,-19,-8,-4,-10,-10,14,-8,0
-27,-6,-27,14,-26,-9,-17,7,-29,10,4,-3
-8,-6,-26,8,3,10,-12,-10,-5,-10,-23,-6
-16,14,4,0,-32,-6,-4,5,-6,-9,-10,1
-13,-7,-17,13,-18,-4,-16,16,2,10,-3,-6
-24,14,-24,2,-24,17,-12,3,3,-2,1,13
-13,11,-24,12,2,18,-13,-4,-17,13,-23,9
-12,15,-12,0,-5,-4,-7,15,-24,10,3,-2
-9,-3,-6,13,-24,0,1,8,-7,2,-6,17
-5,8,-5,5,-9,13,-28,8,-24,11,-23,13
-11,21,-32,11,-22,13,-8,10,-10,20,-20,3
-24,6,-1,23,-12,7,-18,17,-12,11,-23,19
-29,18,-21,7,-23,9,-8,20,-18,9,-15,5
-13,-12,-22,-9,-31,-12,-8,-5,-8,-26,-11,-25
-27,-7,-15,-8,-13,-7,-16,0,-22,-14,2,-11
-14,-9,-17,1,-20,-17,-17,2,5,0,4,-9
-20,-8,-29,-8,3,-8,-23,-21,-27,-3,3,-17
-8,-13,-13,-14,-16,-9,-12,-2,-9,-18,-15,-5
-13,-17,-24,-7,-27,0,-7,5,-24,4,-2,-2
-4,-20,-17,4,0,-14,-2,-9,-21,-2,-2,-17
-3,-18,3,-15,-25,-1,-12,-8,-14,-4,0,-10
-2,-11,-5,-3,-13,8,2,7,-2,-6,-12,-17
-1,-17,-29,-14,-14,-4,4,8,-16,-11,-4,-4
2,-9,-29,0,-22,-14,-10,3,-5,9,4,-7
-14,6,3,3,-19,0,5,-8,-6,8,-5,3
-8,-12,3,-4,-21,12,-19,-2,-19,-11,2,4
4,7,-3,-13,-30,5,-1,7,-26,-4,-13,9
-31,-2,-10,-2,2,14,5,-2,-11,-7,-15,-10
-13,-10,-14,4,4,11,-5,6,-26,-3,-22,-8
-18,-6,5,10,-31,10,-29,3,-20,15,-31,1
4,-2,-3,2,-22,-8,-12,-4,2,7,-28,7
-3,-2,4,-1,-5,9,0,-7,-4,-1,-9,16
-4,5,-26,0,-6,6,-9,1,3,14,-3,17
5,8,-3,-3,3,-2,-2,10,-10,16,-24,8
-17,19,-28,-1,-9,17,5,7,-29,-2,-25,13
2,16,-3,21,-11,22,0,-4,-27,-4,-29,-3
1,19,-28,-2,-20,14,-27,1,-28,11,-31,3
-17,21,-8,1,-8,17,-6,0,-25,15,-12,-2
-16,10,-11,2,3,10,-28,16,-29,6,-26,23
-3,11,-31,7,-29,10,-16,26,-14,5,-26,12
-16,-17,0,-3,-2,-3,-1,-1,-11,-14,-4,-23
-10,-11,-14,-6,-22,-11,-16,-2,-23,-7,-1,-4
-9,-13,-10,-16,-28,-3,1,-4,-10,-18,4,-6
1,-12,1,-18,1,2,4,-1,-10,-20,-1,-23
-15,4,-3,4,-3,-2,6,-8,-16,-5,-27,-11
-11,-17,5,4,-18,-10,2,-14,-27,-18,-26,-19
4,-16,-11,-14,-2,-19,-12,-13,3,-20,-27,4
-7,7,-12,0,-7,-11,3,5,-12,5,-23,-2
-12,-10,-25,-12,-14,-5,-4,7,-30,8,-12,6
-4,-4,-16,-6,-20,-14,1,-4,-16,5,4,-15
-14,-4,-10,-3,-24,-8,-1,-8,-23,8,2,-12
4,1,-20,3,-30,8,-3,-1,-10,-15,-12,-14
-7,-14,-23,11,-19,-2,-29,-12,-28,-3,-13,-5
-8,3,-19,10,-15,-7,2,6,-16,-7,4,1
-4,-11,5,-8,-26,-9,2,5,-13,-11,3,-10
4,6,-14,-11,3,-3,-11,7,2,2,-19,-9
-2,-5,-28,13,-2,-10,0,-7,-18,-4,-14,6
2,11,-5,8,-30,-2,4,4,-10,15,-11,-4
-24,3,-24,11,-27,-1,-16,3,-3,6,-18,5
3,-4,-2,10,-18,14,2,-3,-18,-2,-27,-7
-25,5,-12,-5,-5,5,-19,9,-13,6,5,12
-27,4,-20,-3,-4,8,-5,4,-3,-1,-29,8
-13,9,-12,1,-28,4,0,4,-8,-2,-15,18
-3,13,-22,20,-11,0,-9,6,-18,8,6,13
-5,5,-9,19,3,8,-13,14,-24,6,-14,1
-19,15,-24,19,-28,8,3,22,-6,9,-7,4
-12,6,-21,23,-22,6,-5,26,-4,18,-27,6
-23,-17,-21,-13,4,-3,6,-19,-10,-1,-3,-7
-8,-15,-18,-16,-11,-11,4,-21,3,-8,1,-7
-16,-19,6,0,-28,-18,-3,-21,-7,-8,5,-11
-1,-7,3,-6,-19,-13,3,-2,7,-2,-4,-2
6,-1,-15,-10,6,-18,7,-2,-17,-22,-3,-6
-29,-16,-12,0,-18,-16,-17,-6,-3,-20,6,-10
1,0,-8,-15,4,1,5,-12,7,-10,1,-13
-28,-18,-28,-4,0,-6,-6,-1,6,0,-17,-4
-3,-10,-27,0,-14,-15,-29,-7,-10,3,3,-18
3,7,-3,-5,-9,8,0,9,-3,-15,-6,5
-2,-6,-14,-11,-17,-11,-18,3,1,1,-8,5
-20,7,-9,-4,-24,4,5,-3,-8,-4,-9,0
-16,3,1,-7,-26,-8,1,12,3,-9,-6,-5
-29,7,-9,-11,-5,-1,3,-3,5,-9,-23,-1
2,3,-6,6,0,-1,-17,-7,0,-6,3,-7
-8,7,2,-10,-5,0,-10,-5,-2,0,-2,-8
3,5,-8,2,4,9,-11,9,4,-3,-18,0
-5,12,1,2,4,6,-11,-8,7,10,-9,17
4,7,2,9,-12,-1,-5,14,1,6,-4,-8
0,3,-3,15,-28,10,-12,12,-9,11,-5,3
-14,18,4,1,-5,16,-6,9,-4,10,-16,-4
2,20,-4,3,0,21,-1,15,-5,21,-8,0
0,12,-19,1,-12,12,-18,3,-8,2,-27,11
-21,11,-28,15,-6,11,-5,-2,-28,10,-19,16
-11,23,1,16,-14,24,-20,7,-24,9,2,14
-24,8,-15,14,-11,9,-1,15,4,5,-11,19
-16,6,-19,24,-27,17,5,6,6,14,7,26
1,-2,-10,-4,-23,-19,-9,-4,-2,-23,-11,-18
4,-14,-7,-19,-5,-24,-12,-8,-16,-12,-12,-15
4,-23,-18,1,-27,0,-1,-19,-24,1,-14,-24
-13,-15,-2,0,-1,-8,7,-7,-11,2,7,-16
-2,-10,-15,-22,4,0,-28,-3,-2,-6,-19,-11
-5,-3,-10,0,6,-14,3,-4,-12,-1,3,-16
-20,-7,-28,-4,3,4,-22,5,-14,-5,-28,-4
7,-7,4,-9,-24,-19,0,5,0,3,-6,6
-10,5,-22,-8,-8,-1,-3,-10,1,8,-8,6
7,2,-3,3,-3,4,2,-3,-2,9,-10,-2
-27,-9,-6,-11,0,2,-9,-15,-10,-3,-15,7
-12,4,4,-6,-6,-3,-27,-3,-10,-10,-6,-1
-5,7,-7,9,-12,-6,5,-8,-6,-13,-3,2
5,4,3,-1,7,0,4,-7,-3,0,-10,13
7,-1,4,-11,5,-6,-1,11,8,14,-1,5
6,-1,-2,7,-19,-7,2,-5,-6,-2,-25,11
-4,12,-10,-4,-3,-1,7,9,-4,7,-17,-1
3,13,-13,-2,6,-7,-5,-8,-14,9,4,15
-8,-8,3,12,8,-2,-13,-2,8,8,-12,17
6,1,7,2,1,7,-22,1,-5,11,3,-5
-13,3,3,15,-2,2,5,3,1,-4,4,10
-17,1,-7,2,2,15,-13,2,2,6,-7,13
-25,9,-13,-1,6,-3,8,12,-28,1,8,0
-11,6,-8,14,2,14,3,11,-17,11,6,14
-9,6,-5,19,-3,17,-2,21,7,22,2,19
-17,13,-16,9,4,13,-12,24,-14,13,6,25
5,26,-24,23,-25,12,-3,22,0,11,-15,3
-14,-12,1,-19,0,-8,-15,-5,-2,-16,-20,-21
-18,-9,6,-9,-6,-19,8,-22,-5,-14,-4,-7
9,-17,-23,1,-18,-7,-6,-20,7,-5,4,-5
-10,-23,-1,-2,-17,-4,5,-15,-16,-3,1,-15
-25,4,3,-8,-17,-6,-3,-1,-1,-10,-14,-13
-12,-5,-1,-15,0,-10,4,-18,5,3,1,-8
5,-1,3,-4,5,-13,3,-16,-22,-4,-1,-15
-13,1,-14,-4,8,7,-6,-6,-7,-3,3,-7
-10,-10,5,-4,9,-8,6,8,5,-8,8,2
6,-7,-22,-6,-11,9,9,-12,-8,-7,-5,-9
-13,9,7,-4,3,-3,2,-1,-10,4,-21,-3
-21,-10,-18,-1,7,-6,3,-15,-1,-1,-17,-2
-3,6,-5,3,0,3,-1,8,-8,-8,-3,10
-6,-10,-23,4,-20,-9,-16,7,-23,-10,1,-9
-4,10,-8,11,-19,13,-10,-5,3,14,-3,-5
-17,-10,-4,-9,-18,-6,2,7,4,4,-6,15
7,11,-2,5,3,0,1,-2,-7,1,2,-2
-13,17,-19,3,-5,10,0,16,-12,15,-15,12
8,-8,-17,4,-11,9,4,15,-16,-3,-1,12
-9,-7,-8,11,-21,6,0,15,0,11,-7,0
-2,14,-27,19,1,9,-14,15,1,9,-10,17
9,-1,-7,7,-2,-4,-24,-2,-8,-4,-7,11
-11,2,-1,-2,-14,-2,1,11,6,-3,7,-1
-22,13,-8,19,8,9,-8,11,-11,-1,-10,11
7,1,-5,0,-26,21,-11,21,-18,7,0,17
-9,15,-14,6,3,21,4,8,3,20,-11,6
-24,10,9,11,-18,14,-4,8,7,2,-19,19
-5,-10,-9,-21,-22,-10,-8,-3,-19,-14,-4,-7
7,-1,-6,-9,4,-16,-14,-16,0,-4,-10,-10
-19,-14,-12,-5,-22,2,-11,-11,0,-17,-8,-21
-4,-15,3,-14,-24,-16,-10,-5,10,-12,2,-4
-26,-7,-9,-10,1,-20,-19,-13,-19,-17,10,3
-26,-10,1,2,-12,-12,-8,-1,-7,-10,-9,-3
-12,-19,-19,-4,-3,-2,2,1,7,1,-8,-12
-9,-1,3,2,-23,-4,-3,1,4,-4,-19,-7
1,-16,0,1,-4,-4,5,7,-18,-10,-15,2
-1,5,-10,-4,-11,1,5,5,-22,-9,8,6
-2,-16,-10,9,7,2,-19,10,-15,5,7,-9
-21,-2,4,6,7,-4,-3,2,-5,-7,6,8
-13,5,1,-1,6,4,-11,-9,1,6,-15,7
-14,13,8,-11,4,-1,1,4,-13,12,-11,6
9,-2,-17,-4,-5,10,-5,-2,9,14,2,4
8,-6,9,-1,-12,-1,-1,-7,10,7,2,-5
-23,-4,-23,3,-9,9,-10,12,-8,11,-6,9
0,5,-22,-1,-6,11,10,-6,-23,-4,-9,3
-11,6,-7,9,0,-1,5,18,-23,-4,-12,13
-4,7,-23,-1,-19,14,10,-5,-22,12,6,7
8,17,5,5,-4,-1,-6,11,-8,12,-1,-4
4,21,-23,0,5,2,-12,10,8,21,4,9
-3,4,-17,17,-1,14,2,14,-16,2,8,7
2,21,-9,7,-6,-2,8,18,9,13,2,7
-2,-1,-18,2,-4,22,5,4,-23,18,-16,12
-7,10,7,4,-9,24,-2,2,9,24,4,2
-19,6,-24,5,-7,10,0,10,-16,8,-5,3
-13,-2,6,-8,-6,-5,0,-15,9,-1,4,-1
0,-2,1,0,-20,-24,3,-20,10,-17,-10,-4
-8,1,4,0,-20,-6,2,0,7,-8,-16,-6
-5,-16,-18,-18,-16,-10,-4,0,-17,1,-3,-5
-15,-12,-13,-13,2,-17,2,-3,8,0,-20,-6
-4,-16,-2,-15,6,-5,-9,-10,-24,-7,-18,-15
-17,-1,9,-12,11,0,-22,-12,3,-2,3,0
-22,-7,-5,2,2,0,9,-16,-14,-19,11,-2
9,4,-14,-3,-14,8,8,4,-9,-3,-3,2
9,8,-25,3,-23,-11,-20,-11,-4,-17,8,-9
-16,-4,3,6,1,3,11,-12,11,7,-23,-3
-17,2,6,-5,-22,9,-2,-6,-9,-7,-20,-14
-10,-1,8,-6,9,-11,-11,-5,-1,-6,-10,2
-13,-4,10,8,7,4,-6,-13,0,-11,-15,-9
1,8,-15,-8,5,-1,-17,2,-3,12,-7,13
-5,4,-5,-2,-1,9,1,-10,10,12,-6,15
1,7,0,-3,-22,-1,-10,-2,-10,15,-10,7
4,10,9,-2,-22,12,-22,1,-4,6,-7,7
10,17,-21,13,-3,10,-9,-6,5,4,-21,10
0,-2,9,15,-18,17,-6,6,-20,13,-25,15
-20,1,1,-3,-20,0,1,12,-24,16,-13,6
-13,3,-6,7,2,17,0,1,-14,3,-4,-1
-3,9,-4,9,-14,7,7,20,-7,15,3,-3
-7,21,-9,-1,-23,15,-15,22,9,-3,2,12
11,20,9,19,-11,1,-9,10,-9,22,4,21
-16,7,-10,8,-3,6,6,6,5,8,-2,11
-14,8,-23,10,-15,12,3,22,10,9,10,4
-8,-9,0,-20,-3,-11,-2,-4,-1,-19,-5,-9
10,-23,-14,-10,-21,-24,3,-25,-20,-24,-14,-5
1,-13,-13,-21,-10,-18,-10,-20,0,-22,-16,-15
3,-1,-19,-19,-1,-6,-8,-18,-11,-6,-16,-9
-5,-7,1,-9,2,-18,9,-12,-7,-15,-13,-7
0,-8,-8,2,0,-8,-13,0,-24,-5,-11,1
-23,-8,-7,0,-6,-14,3,-19,7,4,-22,-2
-5,7,-8,-3,-19,-16,2,-3,-18,-6,-18,-14
3,7,-6,-8,-20,-3,-9,-6,-8,-7,-13,-7
-1,7,-3,9,-1,9,4,-7,-8,2,-2,-10
-1,-13,-8,-7,10,9,4,-5,-1,-4,9,-11
6,-3,5,-13,-10,4,10,-1,3,-12,0,-4
-6,-9,0,2,-1,-2,6,7,-12,5,-8,-10
4,4,-23,7,1,-3,-11,11,-12,10,-15,-5
-20,-1,7,-3,2,13,1,-2,-24,5,7,6
4,-9,6,1,-3,6,4,8,-18,8,-21,7
-24,6,2,10,-19,0,-6,1,0,5,6,-5
0,-6,10,-3,-24,4,-11,11,8,-6,4,-4
8,-1,-7,8,10,5,-12,9,0,15,-3,-2
7,-7,1,12,6,-1,-2,0,11,4,7,-4
-7,18,-8,5,-10,15,-11,5,4,-1,0,12
-4,7,-15,4,-2,-1,7,0,0,6,-10,12
1,5,0,8,-19,10,5,1,-7,7,-7,3
-6,4,-6,12,3,13,2,18,7,-3,9,20
-14,5,5,9,-22,0,0,22,-12,0,-14,7
2,5,0,19,-1,21,0,22,-15,6,-4,2
-4,26,-16,19,10,6,-8,7,0,0,-9,23
-19,-6,-15,-18,-3,-8,-7,-5,6,-1,-13,-21
1,-18,-8,-10,-13,-24,3,-1,-19,-4,-13,-18
8,2,5,-23,-17,0,0,-14,-20,-18,-5,-20
1,-8,-11,-17,-2,-21,-1,-4,6,-5,3,2
13,-22,-9,4,-11,-21,-23,0,5,-3,-1,1
-17,-2,-10,-17,-17,-7,-15,-11,-1,-8,-1,-10
-15,-11,-23,-15,-17,0,4,1,-21,1,8,-8
9,-9,12,-6,-10,5,0,-7,-16,-10,-3,4
-2,3,-1,-8,-9,-11,13,1,9,-9,-10,-7
-13,-4,-10,3,-10,8,-12,-3,-3,-4,13,-8
5,-8,-1,-1,3,-11,-9,-14,-13,6,1,9
8,-13,-19,1,-11,2,-14,0,-4,-11,-8,-12
-13,-5,-6,-5,-9,12,7,11,4,-5,-22,8
-19,4,-3,-6,-6,-9,-2,7,7,-8,11,-9
-13,3,3,-1,-21,-7,-3,-7,1,-6,3,10
-17,2,7,-2,-1,-8,3,-7,-4,8,-4,3
-5,-7,-2,-2,-3,0,-2,-9,5,7,10,-7
8,-2,4,-3,1,17,-3,5,1,-4,-3,2
6,14,-15,17,-8,3,-5,14,-8,2,5,-1
2,-5,-22,16,-6,4,-1,7,-17,9,-16,13
-6,1,4,1,5,-2,-12,10,-8,7,0,1
-23,7,2,16,-15,7,-10,20,-13,5,-15,-1
-13,7,-5,19,10,-3,-4,20,-14,8,-18,5
9,-3,-13,19,-1,8,11,7,-1,12,-12,14
-7,5,9,9,-6,12,-3,18,-5,12,6,18
6,1,5,22,-7,5,8,3,-3,8,-3,19
12,5,-21,25,-3,13,10,5,-5,9,11,25
11,-7,-11,-18,6,-20,12,-15,-22,-2,5,-8
8,-7,-17,-6,-17,0,3,-1,-5,-19,-12,-9
-20,-12,-13,-20,-14,-3,3,-1,-9,-18,5,0
-1,-16,-9,-10,-14,-12,-1,-23,13,-11,3,-14
-12,-6,10,1,-3,-21,13,-14,8,3,-12,-4
-11,-12,12,-18,-15,-3,7,-21,-14,2,-22,-1
-6,-15,0,0,6,6,-14,-12,6,-4,-21,-4
-4,7,-14,-5,-21,-19,-21,-2,-4,-3,-13,-12
-15,2,4,-8,9,-6,5,-14,5,-5,-1,-6
-18,4,14,5,-2,5,1,-13,-15,-13,9,-13
2,2,4,-9,-11,9,-2,0,-2,3,5,5
-4,-3,-12,-1,-7,-8,-9,4,1,5,-14,-4
3,0,-1,-10,7,-10,-7,3,9,-6,6,7
-20,2,3,13,13,2,3,3,0,12,-15,-9
-1,0,-7,1,-9,7,-10,-1,-16,0,-3,4
8,-6,-3,3,-4,13,4,-4,-5,8,5,1
12,-4,-18,3,-18,0,-3,7,-6,12,-21,-6
14,0,-13,-2,-16,17,14,13,-8,-9,2,8
0,18,-1,6,-3,11,-21,-3,7,15,-16,14
-19,12,-5,-4,-1,0,13,13,-4,5,-5,4
8,13,-3,1,-2,6,-2,-5,11,13,-10,18
-11,12,11,5,0,5,6,-5,8,-5,-12,6
13,-2,2,4,-1,-1,-9,4,3,5,-1,15
-13,8,-3,21,13,11,-13,2,14,3,9,17
3,17,-13,16,-12,0,-6,-2,-22,16,7,5
10,4,-11,16,4,20,-18,20,-9,0,9,16
-13,14,-16,8,-16,9,0,11,-13,26,7,18
-15,-6,-16,-21,12,-22,2,0,-19,-7,-2,-19
13,-24,4,0,6,-21,-12,-8,-17,-3,-3,-19
5,-17,15,-8,9,0,1,-12,-21,-16,-7,-12
-4,-9,10,-16,13,-13,0,-16,2,0,0,-9
-9,-16,15,-9,-18,-5,12,-1,11,-2,-11,-14
14,5,15,-21,-10,-8,-14,3,8,0,5,-20
14,3,-12,-4,-10,0,10,-10,3,-4,11,-13
8,4,10,-17,-12,-8,5,-7,12,-6,10,2
-3,-5,4,5,-16,-2,4,3,-11,-4,-4,-14
-4,6,-9,3,13,4,-13,-10,-1,3,12,0
3,-7,3,9,-6,8,-10,-13,13,8,2,9
-16,-3,0,2,10,5,-7,-2,-5,10,-8,0
-11,-2,-1,6,10,-5,9,1,4,5,-4,3
10,-4,3,9,9,1,-7,6,8,-4,11,5
3,-4,-8,-2,-3,11,12,6,-1,2,3,4
15,-9,11,10,7,-4,0,1,-19,-9,-2,11
9,-7,-9,4,2,11,-3,3,-6,4,7,-10
7,10,-1,-3,-1,2,2,-9,-2,0,0,1
-5,7,-2,18,-10,10,9,10,-5,10,-11,4
-19,2,-16,-4,4,1,3,10,12,4,-1,7
0,9,-9,6,3,-4,4,13,12,9,-11,9
4,11,6,5,15,-4,9,11,-10,10,10,19
-5,18,8,9,-17,9,-19,3,-11,1,7,18
2,13,12,12,2,12,7,-2,4,18,6,3
11,10,-2,2,-18,24,0,22,-15,0,3,6
2,9,-9,16,-5,19,2,22,-18,1,-15,8
5,25,8,18,-1,2,-2,8,-5,4,15,15
-7,-6,-13,-17,-4,-14,9,-24,9,-23,-18,-5
15,-24,-11,-10,-7,-16,-7,-19,1,-18,3,-9
4,-14,8,-11,7,-21,-3,-2,12,-5,-4,-16
8,-8,-15,-11,-14,-6,-6,-1,-5,-7,-17,-19
9,-7,-8,4,9,-6,0,1,-7,-3,15,1
-11,-4,-18,3,-5,-12,-7,1,-19,-18,11,-20
-11,-1,-19,-20,10,5,-8,-6,-16,-18,12,-18
-14,-11,8,-7,4,-16,-16,-6,-1,3,6,-7
5,-6,-7,-6,-2,1,9,2,11,-15,1,-7
-9,1,-16,-2,-17,5,-8,2,11,4,-6,-8
-16,-7,-10,-3,-12,0,-17,-11,15,-9,12,-5
-2,-6,-4,7,16,2,3,-9,-16,1,-12,5
-15,4,10,11,11,0,11,5,-14,-3,-8,-3
-12,5,1,-4,-15,8,9,-12,-12,3,15,-13
-19,-6,0,14,-8,-8,12,-3,8,1,-15,1
10,-2,-10,-4,-1,9,-10,4,-9,6,-2,-4
-1,-10,3,-1,-12,-3,6,5,2,-10,-14,-2
11,-4,-8,6,-13,2,-18,8,-20,-9,-6,14
-6,3,13,18,-13,18,7,1,-17,5,-5,0
10,18,4,3,-1,7,0,-5,-19,1,10,16
-6,4,-16,12,6,-4,14,11,-8,20,8,17
5,5,2,14,10,2,1,11,-20,8,-16,8
-18,0,-9,-4,-3,16,7,9,6,18,-20,19
-20,6,9,12,-19,19,-5,20,14,11,15,-1
9,-1,9,24,7,19,11,10,-3,2,-15,18
13,4,2,7,-2,6,-7,4,9,16,7,1
9,21,-8,18,-14,3,-11,4,-15,25,4,3
11,-13,-12,-15,17,-26,9,-20,6,-12,3,-17
-3,-16,-10,-5,0,-9,-8,-3,-1,-8,-13,-6
-18,-16,8,-2,10,-6,-11,-3,5,-6,-6,2
-16,-6,-19,-6,10,-8,-11,-14,-2,-1,2,-23
-13,-5,-1,2,-7,-3,-17,-12,0,-22,-9,1
-14,-4,4,-21,8,5,17,-15,-8,2,-2,5
-12,-2,13,-4,-12,-5,-11,6,-5,-17,-5,-6
-16,-12,9,7,-10,1,-1,-11,-17,-2,-8,-6
6,-14,-7,5,7,4,3,-2,8,-2,-14,-12
-8,2,-11,-10,-5,-12,11,6,0,6,-6,7
9,6,-7,5,5,-15,4,-2,0,4,-7,-7
0,-1,0,-2,2,-5,-12,-9,3,-12,0,-6
-9,4,16,12,14,-11,-15,-7,-1,-13,-6,-14
-17,3,-18,-9,14,4,11,-6,-4,8,-4,-6
14,-11,3,14,-8,3,8,-2,-9,8,1,1
8,9,5,0,15,12,2,11,11,9,1,-5
3,14,-4,-10,2,-2,5,4,11,-2,0,15
14,3,6,13,14,3,16,8,6,-4,6,17
-14,-2,15,17,-12,15,0,11,9,18,13,12
-3,3,-10,5,-2,8,17,4,8,18,7,6
-4,4,5,17,0,19,-12,4,4,13,-15,-1
9,-5,-11,1,0,7,0,7,6,10,-18,12
8,0,-5,0,10,-1,-2,10,4,18,-14,0
6,3,-11,19,-12,4,-3,13,-13,-3,5,-2
0,5,-1,12,-16,-2,-5,10,15,18,15,8
1,10,-8,1,-8,23,1,20,-14,2,-2,2
-3,25,-7,2,-5,16,-3,6,6,26,-7,2
17,-8,-1,-1,12,-8,15,-10,-10,-16,-13,-15
11,-22,-15,-7,-3,-13,18,-17,-6,-5,12,-6
-17,-7,13,-11,5,-17,-5,-9,0,-4,13,-2
12,-12,17,-12,6,-13,-3,-12,6,1,-1,-13
7,-5,6,-18,-1,-16,-16,3,-1,-5,-2,4
-9,-3,-8,2,1,-13,-5,-19,3,-9,-15,-16
-8,-1,-1,-1,-1,-3,6,-15,-5,-4,-13,-6
10,-6,5,-14,-3,4,-15,-7,-11,-13,13,-19
5,7,-7,1,13,-14,5,6,-12,-13,-17,-18
-3,1,11,3,14,-16,-13,-9,-1,-1,18,-11
12,-6,-8,4,5,-12,8,-5,16,-11,-10,2
13,-5,16,-15,3,10,-1,9,-13,4,15,-2
18,-9,-3,-10,-7,-8,-16,-8,-14,-4,13,-8
-8,1,6,-8,13,10,-15,-6,-10,-6,14,2
-12,0,-7,4,-7,2,-10,-6,13,10,6,-8
15,-7,5,9,8,12,18,12,10,9,2,-2
-17,3,-13,10,6,8,-16,-5,13,16,7,13
10,9,5,2,-4,13,17,-5,5,1,2,-1
9,15,18,4,14,7,10,9,-10,-2,-4,10
-17,3,10,3,3,7,-3,12,-11,-6,-7,9
-7,14,-9,5,11,17,9,14,2,4,2,4
-3,0,3,20,11,16,18,19,-1,8,-3,5
16,3,9,7,-10,4,-11,13,5,21,1,16
8,1,-2,-2,12,5,18,15,-9,-1,-9,-2
0,16,-15,24,-5,24,2,13,-1,6,4,14
6,23,-1,10,-17,15,6,6,12,12,18,9
-6,13,-10,3,-11,12,-13,11,-1,2,-11,24
2,-1,14,-18,11,-18,12,-5,5,-14,17,-4
19,-4,8,-16,1,-5,4,-22,-3,-23,13,-10
5,-9,-12,-11,3,-8,2,2,15,-22,8,-13
-1,3,7,-16,-10,-18,0,-11,-9,-14,-4,-6
-4,-13,13,-14,13,-7,-3,-16,16,1,-5,1
-14,-5,18,-18,-14,-18,13,-12,11,-20,13,-20
12,-2,-7,-12,-8,-4,10,-18,19,-6,4,-12
8,-19,-6,-14,5,6,-3,1,-3,-12,8,-9
17,-5,-8,1,-10,4,7,0,-1,5,-8,8
17,-3,16,3,5,6,-2,5,-8,-9,6,9
-8,-1,0,-10,-8,5,13,-15,-2,10,12,-12
-8,-5,10,-3,6,-13,-11,-2,6,0,8,5
17,1,-8,11,12,-5,-9,1,-3,-1,-11,3
-1,7,19,-3,-11,6,3,-1,2,3,15,-4
19,14,-6,-6,14,-12,12,7,-3,-4,16,3
6,2,-4,-2,6,-6,-7,-4,-14,-11,5,-6
-2,15,3,9,-6,-6,11,16,-6,-3,8,5
-14,-1,2,-1,-15,14,-8,-7,-9,3,8,9
2,-2,11,-4,-8,16,6,-1,13,-5,-3,7
4,7,-5,0,-13,11,2,-3,0,-4,10,2
-16,10,-15,-2,10,3,17,9,3,16,3,12
0,1,-5,3,14,-4,-10,2,18,5,11,20
9,22,9,12,-8,3,2,6,-16,7,13,6
-13,23,13,23,-1,8,-16,13,19,1,-17,12
-3,15,10,16,15,7,-4,24,5,21,7,11
2,8,-16,12,13,22,-13,9,-4,25,13,15
4,8,-10,18,7,15,-13,8,16,26,5,2
20,-20,12,-6,14,-5,-4,-8,9,-15,2,-5
9,-1,12,-20,16,-15,12,-18,-5,-14,6,-25
14,-16,4,-6,17,-17,-6,-16,-13,-6,20,-6
-6,-6,6,-9,11,0,5,-9,-2,-2,-5,-5
-9,-5,-16,1,16,4,-10,-3,5,-21,10,-20
11,-6,-14,-1,14,-16,-6,-7,-9,1,-7,-4
0,-7,9,-14,1,-8,2,-8,9,-8,9,-17
9,7,-2,2,-3,-5,19,-18,14,-1,-13,-7
-4,0,19,-12,-12,-4,20,-5,2,8,-1,6
12,9,20,1,20,1,8,8,13,-3,-10,6
14,-14,14,-1,-6,-3,13,1,4,-9,-1,-2
10,6,14,-15,1,-5,13,-12,-4,-11,-10,1
-16,12,-16,1,3,-12,6,-14,-5,2,2,-12
1,-11,9,5,-12,-1,-16,3,-2,7,19,-1
-3,-5,11,4,-12,-4,7,-1,19,-12,3,-1
-9,-2,-1,-3,8,-7,-4,5,7,15,10,-5
-4,4,17,13,6,-2,13,0,5,4,3,-7
13,4,15,6,-2,15,10,0,11,3,1,4
-14,-2,2,4,17,5,10,0,8,12,6,7
1,5,-10,6,11,-7,-6,3,-13,8,-7,5
15,-3,11,15,-12,14,-1,15,3,1,14,2
8,12,-6,4,-2,9,-5,19,0,8,3,1
-7,9,7,19,-4,5,-13,-4,-2,22,-4,16
-11,-2,-3,23,16,22,2,1,-1,1,8,12
-13,12,-8,18,-1,8,1,21,-3,18,11,3
17,22,-12,5,-10,4,4,10,19,14,-11,22
-14,7,3,1,1,26,15,11,15,6,-4,25
5,-17,9,-26,3,-24,-9,-6,-3,-10,6,-1
0,-13,-2,0,17,-23,7,-22,8,-11,1,-5
-12,-19,12,-23,-10,-15,-10,-24,-1,-12,3,-1
-1,-15,7,-16,10,-1,12,-16,7,-13,-7,-11
-1,-18,13,-4,2,-19,-6,-22,0,-5,11,-12
8,-6,17,-16,20,2,7,3,21,-19,3,-7
14,-15,-2,-15,14,-8,8,-17,14,-12,10,2
-1,2,-4,-1,21,-7,-12,-13,6,1,7,-13
-4,-13,2,-16,-10,6,3,6,8,-10,-9,-18
18,-1,-14,5,20,-8,-1,-7,11,0,-1,7
21,-4,9,-1,17,-13,14,-3,-1,8,1,-3
-4,-8,8,9,3,-14,7,3,8,2,12,10
-6,-8,-3,10,6,12,6,1,-5,-2,-11,9
-8,2,1,5,1,5,15,4,-10,-11,12,-3
-14,-3,4,13,9,12,4,-5,-4,1,-6,1
4,-1,-9,5,1,4,20,2,9,2,13,0
13,-6,-6,0,5,4,3,5,-14,6,18,14
3,1,-12,-7,-5,12,7,11,-8,11,-7,-2
-8,0,14,17,20,-8,5,0,21,12,4,13
-7,8,14,5,1,-3,-7,12,-5,-7,1,-1
14,8,18,7,4,11,-12,3,10,-3,8,17
8,1,1,0,4,10,-11,20,16,5,14,11
13,-1,5,11,-13,7,5,3,4,10,10,3
0,12,3,0,19,9,18,17,-13,19,5,2
7,8,2,11,3,3,-8,14,-5,14,-3,17
6,8,8,18,9,15,12,14,-8,12,-11,19
19,24,0,10,13,10,20,9,21,1,0,5
3,-4,11,-16,-5,-8,-6,-1,-3,-25,-7,-24
1,-21,-12,-4,-8,-25,9,0,-12,1,1,-25
9,-10,21,-23,2,-14,-3,-15,2,-21,11,-19
22,2,3,-5,-11,-10,-2,-22,17,-21,6,-2
10,1,14,-14,2,0,5,-19,11,-15,21,-16
18,2,13,-16,10,-2,0,4,14,-12,-2,-11
-3,-20,0,-14,16,-20,6,-2,-7,-4,-3,-12
8,0,-11,-5,-13,-8,9,3,9,-14,-2,-16
-13,4,10,3,-10,-7,-5,2,-1,-7,5,-3
22,-6,12,-3,17,-2,-3,-15,4,-13,0,-14
2,-14,-2,-3,15,-15,-8,10,-13,-6,11,-10
-2,-3,-6,1,7,-2,10,0,5,9,12,-11
7,12,-14,-10,-9,-3,8,-5,-7,5,-8,-12
18,-7,-4,-7,4,9,19,-2,14,-10,-8,13
6,-6,-2,-12,10,-4,4,14,9,9,22,-5
21,11,-3,9,14,-8,-4,2,-9,13,10,3
-2,10,1,-4,-1,-10,9,-8,16,9,18,3
15,-5,12,4,6,-5,0,-6,7,17,13,-1
13,9,15,14,-2,-8,-1,8,16,8,4,3
13,-4,-4,-7,-12,19,-2,18,-6,14,0,18
14,14,8,12,-7,-3,-6,11,9,5,12,8
18,-2,19,14,5,2,-2,2,18,7,10,17
21,4,17,21,10,1,19,9,18,7,1,8
-12,10,-4,16,7,9,18,0,-12,5,-10,5
21,2,-12,11,22,22,6,11,-13,2,9,9
-6,9,8,0,18,22,-12,8,-2,14,4,18
7,6,-9,9,10,6,3,20,19,24,1,11
11,-14,7,-1,-2,-7,1,-18,-13,-25,4,-5
19,-16,-6,-17,19,-20,-5,-22,-4,-9,-5,-8
6,-4,-13,-13,9,-24,11,-13,4,-3,-2,2
-1,2,-6,-8,-5,-14,11,-7,4,-9,-12,-5
23,-9,-7,-22,-5,-12,4,-17,12,2,3,-21
3,-10,1,-13,19,0,4,-13,21,-14,6,3
-3,2,23,-12,-3,-9,-2,-8,-13,3,5,-10
1,-4,-6,-7,4,-1,-7,2,5,3,5,-1
16,8,9,6,-10,5,15,-5,-1,-9,10,-5
18,0,23,-2,9,4,8,8,-12,7,23,4
-4,-15,11,3,5,-7,-4,-13,-8,-6,17,-3
13,-12,-3,1,22,-14,7,-11,-1,6,1,7
3,-11,7,-13,-8,-2,20,5,-7,10,-13,3
-13,1,23,10,17,-9,5,-13,-12,2,-4,9
-7,4,3,2,10,-9,2,-2,1,-2,14,8
17,-4,19,-3,12,1,17,11,15,14,22,-10
17,14,4,4,8,6,16,-1,8,3,16,16
1,5,11,4,16,13,11,0,-12,8,5,4
-9,2,15,11,18,2,15,4,21,5,10,0
-7,-1,-8,15,16,13,15,2,23,10,-6,1
16,11,15,0,19,-6,4,-4,16,9,4,0
-8,14,6,-2,22,16,-4,3,-7,21,9,8
15,6,1,-4,-6,6,-6,8,6,22,-1,18
-13,15,12,-2,5,0,-13,23,-7,12,-11,22
2,19,3,5,-12,13,-8,12,3,5,-5,-1
-9,13,10,12,5,-1,9,14,13,5,18,24
22,16,-10,8,-2,21,9,13,5,10,-9,0
15,-7,-4,-15,-12,-21,-1,-1,15,-20,-9,-12
5,-24,2,-22,13,-23,-5,-4,-8,-2,0,-24
21,-6,-1,1,-9,1,8,0,7,-21,-5,-9
-9,-2,11,-8,1,-22,-9,3,5,0,24,-3
1,3,10,-6,19,-20,10,-12,19,-10,3,-21
18,-4,19,-18,4,-7,9,-13,11,-17,9,-12
-7,2,17,3,9,1,-1,-19,1,-13,1,-13
12,6,10,2,23,-11,5,-9,21,-10,13,6
8,3,16,-4,18,-17,20,5,-11,-6,8,-6
21,-4,3,7,9,6,10,-13,4,0,-11,6
9,3,19,-12,20,-4,4,-8,9,1,1,4
7,6,-8,-6,-10,10,3,-1,-10,-15,-2,9
-10,-11,-4,-13,8,7,8,5,12,-2,-10,-6
-5,0,12,-10,-4,-10,3,2,14,-9,9,-11
1,-2,-1,9,1,0,-3,12,-6,11,19,11
1,-3,7,-1,8,-6,4,3,9,5,-2,11
17,1,11,15,11,3,-4,6,17,14,20,9
-6,9,21,13,15,16,4,0,15,12,1,4
12,6,-1,4,23,-5,0,12,23,14,1,0
1,6,20,0,-2,11,-5,18,-9,1,18,-5
22,20,-6,-1,1,-3,4,-2,-3,14,7,12
4,-1,24,21,3,0,-6,-4,-11,13,15,-1
-9,-2,-4,-4,-11,-3,-2,2,20,10,-2,-2
22,8,-9,20,3,1,24,23,12,-2,-7,7
-11,24,-3,22,4,3,-9,20,19,17,-3,21
-12,22,-2,20,-6,24,3,2,-1,11,-1,24
3,2,-12,3,-11,5,20,22,-2,9,-11,11
14,-25,5,-6,5,-17,1,0,-6,-22,-1,-25
-10,-6,-2,-25,-7,-8,16,-14,1,-18,-1,-19
11,-6,6,0,-5,-1,6,2,-8,-17,-11,-16
-7,-19,-8,-20,6,-21,10,-21,0,-20,-11,-4
-5,-8,-7,-2,2,-12,-8,-4,-2,-19,0,1
2,-20,2,1,-3,-2,-7,-20,-6,-20,5,1
-8,2,19,-1,15,-20,0,-9,3,-9,1,-13
25,-4,20,0,-3,-14,2,4,19,5,10,1
-7,1,4,4,6,-18,-9,1,9,8,-1,-15
2,1,10,-14,-4,2,-5,0,21,8,1,1
11,5,12,-6,-7,-9,7,9,24,-13,-4,-5
2,6,-7,-4,4,-1,15,5,-8,4,-7,-8
17,-5,24,6,15,-5,-6,-5,0,8,-9,-3
-4,1,23,4,22,11,-2,-7,19,10,-2,6
-10,-1,21,1,-3,8,6,-11,-5,-5,13,-6
24,-8,6,6,5,-4,-2,0,18,-1,-10,-5
8,3,-3,0,25,-6,4,-9,20,1,8,-2
-4,10,20,7,14,14,-5,-9,18,10,22,16
8,-3,8,13,22,8,11,17,0,-2,-6,11
-9,10,7,2,23,-2,-5,2,23,8,19,17
25,-5,16,14,20,16,7,-4,4,12,20,2
13,-3,11,1,-4,8,4,-3,24,13,10,12
1,-3,0,7,2,17,0,4,-5,5,-3,18
-3,0,9,11,-3,20,-3,20,2,-1,-6,18
5,16,-5,1,7,6,16,6,21,4,-3,22
-3,3,24,16,18,5,6,5,0,9,-2,20
-4,23,-5,26,-11,25,-1,11,-8,23,24,25
-10,-4,-7,-26,25,-20,25,-3,5,-26,-2,-1
-10,-25,17,-6,-7,-14,15,-22,19,-20,-10,-21
-9,-21,-3,-5,5,-9,11,2,7,-15,-2,-11
10,-1,-6,-16,13,0,18,-19,-2,-20,-8,-20
20,-1,-1,-16,17,-10,3,-18,2,0,25,-3
-3,-16,23,4,-4,-5,7,-18,-7,1,1,-21
-1,-18,26,-14,-9,-1,-5,-16,26,-20,-3,5
9,-17,6,2,8,-8,3,-2,23,-1,5,-13
17,8,22,-6,4,-7,25,-4,-1,-1,4,-8
22,0,24,9,-1,-5,1,-13,-6,0,1,-11
12,9,13,-8,1,6,19,-10,11,2,5,4
20,1,22,-9,16,0,-5,-2,22,-8,4,-14
-1,-9,-6,-12,-8,2,-6,-2,-10,5,-1,-14
6,-13,-4,12,14,-4,-6,2,-5,-7,22,-3
23,-10,9,-7,18,13,5,-8,-6,1,-3,4
-8,-1,5,5,-10,13,-9,-7,14,8,23,8
26,-7,13,6,-1,-10,15,15,2,-9,17,4
4,-3,6,-1,17,-1,0,9,3,3,19,6
16,14,25,-8,9,-4,4,-1,26,17,17,8
4,6,19,-4,20,-5,-7,4,18,0,0,3
23,5,23,-3,26,5,6,14,-5,7,5,20
3,17,14,21,0,15,11,16,19,17,13,19
12,13,5,19,-1,6,-3,0,21,9,18,-1
12,-3,4,10,14,22,-2,21,-6,21,-7,22
-7,1,0,24,6,14,-1,10,1,22,-6,23
3,14,-4,3,3,12,4,4,3,21,-7,25
1,24,4,2,21,18,0,3,-1,5,9,12
3,-26,-2,-4,8,-17,26,-26,0,-2,-1,-5
-4,-23,-4,-2,23,-9,6,-25,6,-17,-8,-17
0,-1,16,-21,-3,-23,3,-20,0,-3,0,-18
22,-5,7,-19,24,-21,0,-22,7,-14,-5,-6
-6,2,-8,-1,-2,-13,-3,-18,-6,-21,-1,-20
-7,2,17,-13,2,-21,4,-8,-3,-18,0,-16
2,-17,0,-7,1,-11,-5,-4,24,0,-6,-3
21,-5,21,-17,6,0,21,-8,22,-15,7,2
-4,-3,20,-4,2,-16,1,-18,24,-13,21,-12
-3,-14,22,-11,6,4,11,-8,23,4,21,-8
4,-14,23,-16,9,9,-5,2,4,-1,0,-7
1,9,-4,2,-7,-11,-4,5,11,10,11,2
1,11,27,0,-8,11,15,-8,0,11,-4,4
1,-8,24,-9,23,11,-3,9,9,-10,14,8
-7,-7,7,-6,-7,2,-1,1,26,1,12,12
21,-7,4,5,27,8,-2,0,2,7,3,6
15,-4,7,5,3,2,1,12,19,-10,-6,11
8,-4,26,3,4,-4,17,-3,-5,5,25,3
16,0,9,3,11,11,18,18,0,5,5,-3
6,13,8,1,10,17,15,3,13,12,16,17
-1,19,-2,-3,-8,15,1,-2,20,-2,19,-4
-1,-4,9,2,-9,17,21,19,1,14,22,21
-2,20,10,-2,27,-2,-2,15,4,14,1,-4
24,11,13,1,25,14,-9,21,11,14,-3,7
-2,0,-2,2,-2,12,0,8,-7,4,19,12
-3,0,-2,22,1,16,-1,21,8,25,-3,3
5,16,-1,26,1,25,1,1,16,4,17,7
9,-7,-1,-5,7,-24,2,-14,8,0,17,-14
13,-24,-3,-7,17,-1,2,1,2,-24,19,-25
-2,-24,0,-19,0,-6,1,-6,10,-24,0,-1
3,-22,24,-19,17,-6,-3,-18,1,-5,25,-1
-5,3,-4,2,23,-17,-3,2,0,-2,-7,-1
-5,5,-4,-17,-2,-11,9,-17,-6,2,-1,-20
-7,-18,12,4,18,-17,18,6,16,5,6,6
1,-12,28,-12,21,-17,-1,4,20,-7,28,-7
-5,2,14,-9,1,5,10,-8,28,-5,0,-18
25,-9,13,-2,-7,-5,-2,1,7,-10,6,-15
-6,6,28,9,-2,-10,-2,-2,-1,10,1,-6
-5,-14,28,-14,23,-4,2,-10,-2,7,-4,-3
2,12,8,12,6,-13,-3,11,26,-5,7,11
3,10,21,-9,3,-10,4,-5,10,-6,-7,-11
20,2,3,1,23,-4,8,14,5,-4,19,-5
2,-3,24,-8,3,-1,-2,0,18,-1,9,11
10,5,19,7,-1,-4,11,-1,13,-6,3,4
6,-2,12,1,-7,-7,5,-9,7,3,12,13
21,1,4,-4,17,17,-3,13,-4,3,9,7
-2,16,-2,10,5,4,2,10,18,17,-3,1
-4,-5,19,-3,-4,-1,6,-5,14,12,23,5
-1,-4,1,-2,-1,12,14,18,0,-3,-3,10
12,-3,-6,2,4,20,2,20,19,-2,24,2
24,13,16,11,-5,13,18,2,14,5,-3,14
3,0,10,15,8,23,5,1,25,6,21,8
15,18,-2,21,-8,17,-3,14,12,3,16,25
23,13,-1,2,12,6,1,19,5,23,-6,10
25,-13,-4,-4,13,-3,-3,-7,6,-2,-1,-12
14,-25,22,-8,28,-7,2,-18,-3,-18,15,-24
16,-4,4,-20,-5,-21,5,-22,0,-16,0,-5
2,-23,12,-23,2,-15,14,-5,-3,3,0,-1
24,-1,21,2,6,0,12,1,-5,-12,-1,2
29,-11,10,-14,5,-11,-2,-4,15,-14,-3,0
25,1,28,3,6,-14,27,-20,-6,-11,14,-13
29,-2,0,-12,12,7,10,-1,10,-1,1,-14
4,7,-5,-1,-2,-14,11,-1,-1,7,-3,-7
23,6,19,-17,-2,-12,-7,-16,9,4,4,2
4,10,20,-7,16,-5,28,-1,2,6,-3,-6
15,-12,12,-6,-7,-14,-2,1,25,-7,-4,-7
-5,6,-2,10,24,5,3,2,1,5,1,-11
14,9,6,8,29,12,14,-7,17,1,9,1
29,12,14,4,9,7,1,-12,13,-4,11,-7
1,0,16,15,27,-3,29,-10,3,2,8,4
-3,-4,1,5,17,-3,-2,-9,2,-9,1,5
-3,3,18,7,15,11,-1,-3,9,5,-5,8
29,0,-3,18,21,1,-3,-6,22,5,16,9
28,8,19,-2,0,1,-3,19,16,-1,6,9
3,15,27,5,23,10,-3,16,-4,3,4,-5
-3,19,28,-3,14,-4,6,-4,23,-1,-5,18
10,16,6,-1,21,20,2,12,2,15,-5,22
14,-1,-3,-2,-1,18,3,18,10,-3,9,16
0,20,28,14,5,20,0,16,14,23,0,16
14,24,-4,11,24,16,9,9,14,22,-5,11
15,22,1,21,-7,2,10,0,4,4,2,25
1,-23,0,-2,15,-2,6,-23,2,-13,4,-9
-1,1,24,-15,13,-20,-2,-2,6,-8,24,1
3,0,0,-18,0,-9,-3,-5,-1,-6,7,-23
0,1,7,-4,-4,-4,10,-22,10,-18,-4,-14
-5,2,0,-1,-5,-12,4,-13,-1,-5,7,-3
18,-2,29,-3,-1,-6,0,-18,8,-16,-6,-8
2,4,22,-18,12,-4,29,1,9,-17,16,-3
-1,1,8,-1,14,-19,12,-16,24,-9,6,-15
15,-1,-5,-9,26,-12,-1,0,9,-7,-5,6
14,1,29,-9,-4,5,12,-1,20,-9,6,-1
6,-12,8,1,28,3,4,4,14,5,25,-6
-4,6,-1,-13,-5,-8,-4,-15,-6,-4,7,6
6,2,18,-13,16,12,30,11,1,3,11,-13
-5,5,18,4,12,-1,-5,2,15,11,10,-4
22,9,9,7,3,-9,28,-5,19,6,30,-12
18,5,9,1,20,9,29,11,4,-4,10,0
-1,0,4,0,8,5,6,0,-4,-5,15,13
10,5,29,-4,23,16,-1,1,16,8,2,-1
-3,7,23,-7,11,13,29,-6,-6,14,10,4
-1,1,14,-3,15,-2,29,4,20,8,25,7
-1,-2,0,1,23,2,9,18,13,12,24,14
5,17,12,-1,6,21,0,5,-5,14,20,21
10,-3,8,-3,8,9,10,15,-5,3,-4,16
-5,-3,-4,-3,10,20,-3,20,1,20,24,1
-6,19,11,-1,6,6,-5,24,0,4,27,7
16,0,19,4,10,0,-4,0,26,22,20,23
0,26,27,24,5,23,6,13,17,2,18,9
26,-7,-5,-8,1,-22,-2,-1,0,0,2,-26
15,-23,3,-1,4,0,-4,-12,-2,-14,-4,-20
2,-24,-2,-5,17,-15,-4,-14,3,-20,1,-17
-1,0,1,-9,3,-1,-1,-18,3,3,6,-20
4,-1,-3,-14,22,-16,6,1,1,-2,25,3
-4,4,13,5,15,3,3,-3,0,-6,6,-9
27,-2,30,2,19,-20,-4,-20,21,-7,10,-11
10,-16,-3,-8,13,2,0,-12,22,-18,11,-1
31,-2,8,-16,29,4,4,4,4,5,21,-3
16,3,18,-13,3,-16,13,-11,4,-2,28,-11
12,-13,11,-6,13,1,17,5,10,6,25,6
13,5,8,3,27,-7,4,11,1,-11,0,-8
9,8,31,-10,30,10,0,-11,2,0,0,-9
7,-2,14,3,5,1,4,8,14,0,24,9
27,-8,-1,-12,17,-11,0,11,9,7,24,5
7,-4,22,3,27,0,-1,-2,18,2,12,-9
26,2,0,16,18,15,13,-1,30,10,29,-5
30,15,20,15,29,5,29,9,1,1,-3,-2
13,3,24,11,18,2,28,0,-1,-4,-4,1
7,-2,16,12,18,-7,-2,8,28,-3,-3,17
12,5,17,17,14,12,21,-6,17,15,8,-1
0,19,-2,4,21,21,-3,16,5,12,29,10
13,17,9,19,-3,-3,-2,20,-1,11,8,8
3,-3,-4,11,0,17,-2,13,5,22,24,-2
-5,1,27,16,24,17,2,12,24,14,13,7
-1,21,17,10,7,1,8,9,9,24,16,14
2,25,10,25,24,24,31,0,28,3,12,20
9,-10,-2,-7,24,-21,0,-12,6,-15,19,-26
1,-25,-1,-1,-1,-5,1,-23,7,-16,-3,-5
19,-7,-1,1,25,-24,3,-21,-2,-9,10,-11
0,2,-4,-14,21,-16,2,1,-2,-5,-2,-17
-2,-21,32,-17,15,-9,-2,-10,9,-17,24,-10
13,-4,26,-16,24,-10,-1,-19,10,-20,11,-3
8,-3,29,1,29,-15,23,-4,29,-3,32,4
28,-11,24,-10,26,7,-4,-10,8,-1,24,-2
2,-8,27,-4,7,-2,28,-17,29,-6,19,-12
9,6,18,-4,0,-8,-4,-12,24,-7,28,0
16,7,30,-15,32,-9,31,-10,30,-15,9,-2
-3,-11,-1,1,24,-2,0,2,27,8,-1,-8
31,0,14,-14,3,2,-3,9,31,-8,29,12
29,-13,23,12,11,-5,-2,7,11,-11,21,-12
6,8,24,9,2,0,28,-7,27,2,26,-1
8,-1,11,-10,-3,-2,25,13,4,11,14,-11
4,2,13,-10,22,14,0,-7,3,0,12,13
25,11,2,-7,-3,-5,2,7,11,-4,22,-1
23,13,2,1,29,17,2,-6,12,2,-2,-3
7,3,1,-6,10,-5,1,5,2,-6,19,13
23,18,1,10,1,11,0,0,7,20,0,-3
-4,-4,27,17,17,15,0,-5,28,-5,29,7
6,19,4,-2,5,2,9,8,27,12,14,13
-1,20,29,15,12,21,31,2,-1,13,3,0
-1,-2,-2,24,0,21,12,11,16,-1,0,4
27,15,5,0,32,21,-4,12,31,1,-1,0
6,6,31,19,3,1,16,22,27,5,29,16
11,-7,2,-16,32,-7,0,-6,25,-20,1,0
31,-13,7,-22,25,-9,11,-9,13,-25,32,-11
6,2,1,-14,7,-20,32,0,3,-3,31,-8
6,-20,7,-6,0,-4,-1,-21,9,1,7,-2
3,3,4,-9,31,-6,1,-2,7,-1,11,-15
9,-6,21,-3,2,2,0,-17,31,-10,19,-9
23,-15,15,-4,32,5,-1,6,13,-19,23,-9
1,-3,31,-10,19,-17,31,1,23,-8,20,-5
11,-13,30,-7,11,0,8,-5,0,-8,12,-5
0,-6,-3,5,14,-12,8,-7,6,-7,10,-11
22,2,0,-1,17,-1,29,4,9,-8,23,-7
33,4,6,11,24,-5,4,-14,9,-5,10,3
14,2,0,-7,33,-5,0,-1,-2,9,6,-12
6,7,12,7,14,-12,8,13,31,9,33,10
23,11,15,6,0,-4,20,7,8,7,14,4
18,13,24,-11,26,-1,26,12,7,13,2,15
-1,-2,4,-9,32,-5,22,2,25,-8,2,-8
17,-1,7,-8,0,-4,30,8,28,-2,3,16
22,5,3,4,24,5,29,3,33,7,32,16
17,9,-3,14,0,3,-3,3,5,4,0,12
31,-6,27,16,30,3,22,9,-1,7,32,11
11,-3,25,11,18,-1,21,14,29,13,16,-1
11,-1,-2,-1,7,4,23,10,23,1,1,5
31,6,17,-3,2,-3,-2,16,12,-2,-2,22
2,1,12,9,23,10,3,21,11,2,0,13
-2,22,9,18,5,-1,-2,23,7,3,-3,0
16,22,19,3,23,16,4,13,4,0,19,21
30,-12,-1,-18,34,-12,7,-3,6,-8,-2,-8
0,-1,-1,-24,19,-16,5,-23,-1,1,31,-14
5,-3,12,-10,8,-19,-1,-6,-2,-10,3,-2
6,3,28,-3,9,-22,3,-1,19,-18,32,-22
5,-18,34,2,13,-22,10,2,4,-8,0,-3
-2,-2,12,1,34,-13,22,-17,29,-1,22,-1
26,-8,19,-2,-2,-3,28,-8,29,-2,2,-4
28,-18,24,7,6,-4,23,-5,8,-4,17,4
10,4,11,5,15,4,7,7,11,-8,32,-11
31,-11,17,-6,33,-15,25,1,19,2,31,-16
34,2,22,8,-2,-10,9,2,24,4,26,-1
33,-6,32,5,24,-9,29,-13,11,-11,1,8
1,-10,6,3,8,9,2,10,-1,-8,2,10
6,-5,5,-3,28,-10,0,-10,14,-1,6,-3
30,14,33,3,19,6,18,-9,-1,13,-1,0
2,-3,10,-10,24,7,1,10,7,3,6,15
18,-5,28,-6,2,-8,10,13,2,-5,12,-6
18,4,28,-3,12,14,21,7,30,-5,30,-8
2,-1,12,1,24,2,19,9,33,9,2,7
-1,-2,34,12,31,-7,4,8,12,16,2,15
24,9,10,-1,18,-3,3,20,5,5,20,-2
23,-2,-1,11,30,8,0,11,-1,15,-2,20
29,16,11,10,23,-1,-1,10,29,5,18,21
25,5,19,-2,14,0,23,2,16,-1,-2,21
28,13,7,20,24,9,12,12,10,12,9,20
4,3,13,25,13,15,28,4,-2,8,5,20
-1,21,9,24,20,15,4,5,15,24,1,9
14,-26,0,-21,3,-20,1,-8,30,-25,5,-5
30,-11,17,-23,1,-10,30,-7,28,-24,18,-23
4,-1,11,-2,14,-23,-1,-3,-1,-17,6,2
9,-20,3,-20,35,-10,32,-23,1,-7,6,0
15,-6,17,-2,6,3,16,3,20,-19,33,-14
5,-6,22,-9,13,4,7,-16,30,4,31,1
11,-18,-1,6,24,-15,2,-6,2,-3,1,2
-1,5,10,-18,19,-10,0,-11,29,-13,22,0
4,3,30,-18,1,2,0,-11,33,-1,-1,-13
-1,8,4,-17,2,-13,11,-11,19,-15,0,-14
21,-14,1,-9,5,-9,0,-13,18,-11,13,-8
32,-6,5,-14,10,-6,0,6,4,-1,4,10
1,5,6,-8,14,3,-1,4,27,10,-1,7
19,4,13,-6,31,-9,5,-1,17,2,30,0
1,-1,32,-6,-1,0,20,-1,15,-6,19,-12
10,0,2,-1,-1,0,21,-5,-1,-1,2,-8
25,8,0,-4,23,7,9,9,22,-9,34,0
26,-3,-1,1,-1,7,17,-4,2,3,35,4
10,5,0,4,-1,2,20,-3,8,-4,-1,-1
21,2,3,5,24,13,1,1,7,18,22,-6
1,8,5,5,24,10,13,11,24,14,15,-1
5,16,20,-5,11,8,17,9,35,4,13,14
4,21,30,22,12,19,9,-2,-1,17,18,15
7,19,20,21,8,12,-1,12,14,20,5,-2
8,2,6,24,33,16,-1,21,12,19,8,22
7,4,16,3,35,2,0,24,24,24,16,23
11,19,16,26,0,26,6,20,3,12,-1,26
15,-4,36,-5,34,-6,17,-17,18,-18,0,-16
6,-3,32,-23,19,-2,34,-20,10,1,32,1
8,-1,30,-7,5,-11,7,-19,1,-19,1,2
9,2,33,-23,4,-22,0,-20,5,-23,22,3
1,-2,23,0,16,-22,2,1,27,-7,9,-8
10,-19,1,-19,7,-21,12,-21,29,-14,4,-17
20,-17,35,-6,13,-13,9,-6,0,-18,10,6
13,-19,0,-7,24,4,16,-4,24,2,3,-9
30,4,2,-17,36,3,16,-15,1,-16,1,-17
4,-15,1,-7,0,-17,7,-9,29,-6,3,3
12,-13,0,-15,12,-2,8,4,10,-14,6,4
0,-13,2,-3,32,4,1,-9,25,-15,34,-15
2,-14,2,-5,33,8,1,6,2,-10,28,-5
14,-13,0,-5,15,7,7,9,1,-12,31,2
13,-9,0,7,22,1,2,-8,0,8,11,-8
2,14,7,-11,8,15,1,11,0,-8,0,-8
4,-7,16,14,12,-4,13,-1,3,16,6,-7
2,-7,1,10,10,-2,0,-5,19,-7,34,15
0,-4,25,-4,1,-5,0,12,13,1,14,12
10,-3,25,-5,13,9,14,14,22,-2,3,-5
4,-6,12,19,0,-2,13,8,0,0,2,-4
6,-3,4,17,29,0,8,-4,5,18,0,9
10,-4,1,7,21,-4,0,21,30,18,34,15
11,1,0,3,0,23,0,-1,5,4,14,13
7,24,5,19,2,-2,0,12,1,-2,1,13
26,9,0,-1,0,18,2,10,18,24,0,1
19,19,0,24,36,26,1,1,0,12,0,0
