-6,0,-7,-21,-20,-19,-12,0,-23,-15,-26,-25
-11,-33,0,-23,-12,-13,-10,-19,0,0,-1,-26
-12,-32,-1,-2,-15,-20,-9,-28,-21,-30,-24,-22
0,-5,-23,-14,-8,-31,-1,-31,-17,-29,-24,-24
-1,-18,-25,-6,-17,-27,-13,-23,0,-1,-3,-4
-14,5,-12,-4,-10,-10,-14,-24,0,2,-2,-10
-7,-21,0,1,-8,-27,-13,-28,0,-2,-22,-18
-13,-27,0,-26,-11,-6,-19,-12,0,-14,-1,-11
-5,-27,-8,-8,-2,-15,-13,-25,-1,0,0,-21
-12,-16,-22,3,-16,-23,-2,-3,-1,9,0,2
-15,-16,-18,-19,-2,-14,-9,6,-6,-14,-4,5
-24,-25,-2,6,-23,-7,-2,-10,-8,-18,-11,-20
-11,-21,-2,-8,-10,-5,-2,-8,-2,-1,-5,-21
-19,-10,-14,1,-19,-12,-2,-5,-4,13,-7,-5
-20,-5,-20,10,-2,-5,-2,-2,0,-6,-1,11
-24,-19,-4,-18,-10,-1,-2,2,-13,-14,0,11
-26,16,-19,14,-2,-12,-18,-7,-15,-9,-12,-8
-10,3,-26,3,-10,-3,-22,0,0,10,-23,-11
-7,-17,-24,6,-11,13,-5,-5,-1,-15,-9,15
-24,-14,-23,16,-2,-6,-13,15,-24,-7,0,0
-24,-15,-1,11,-10,-11,-2,-5,-24,-13,-23,-16
-26,-15,-6,15,-23,5,-2,10,-21,3,-1,5
-9,-13,-22,-8,-2,2,-10,-9,-26,19,0,4
-12,20,-9,10,-2,1,-10,-9,-14,17,0,3
-7,-8,-20,-7,-11,12,-2,16,-11,8,-5,-11
-5,-9,-24,-9,-16,-1,-4,-7,-17,24,-1,-3
-7,-4,-3,-2,-14,-3,-10,15,-15,26,0,-10
-12,27,-2,16,-15,-6,-5,2,-2,22,-4,-6
-13,4,-2,4,-15,-6,-22,26,-2,18,-26,-5
-1,12,-26,14,-13,25,-7,-1,-1,3,-2,3
-6,-3,-1,-1,-9,-5,-6,6,-9,-3,0,0
-18,6,-17,2,-13,3,-11,12,-22,8,-2,-2
-1,20,-1,-4,-10,6,-24,7,-20,2,0,-3
-6,3,-3,13,-12,30,-24,-1,-10,12,-24,29
-10,34,-16,0,-9,9,-24,31,0,20,-1,14
-1,26,-2,5,-19,9,-24,4,-11,2,-3,23
-18,10,-18,6,-9,19,-24,31,-21,13,-2,28
-13,-9,-20,-24,-25,-33,0,-36,-4,-26,-8,-35
-13,-6,-24,-5,-4,-15,-5,-10,1,-25,-8,-14
0,-30,-21,-19,-1,-31,-10,-24,-23,0,-3,-2
0,-27,-13,-16,-1,-31,-12,-20,-23,-29,0,-18
-21,-23,-4,-27,-22,-20,0,-22,-1,-3,-7,-15
-18,-6,-22,-10,-22,-21,-22,-14,-1,-11,-11,-20
1,-26,-22,2,-10,2,1,-20,-13,-9,0,-25
-21,-3,-2,-23,-9,0,-13,-25,0,-23,0,-4
-9,-16,-14,-3,-22,-26,-22,-19,-1,-16,-1,5
-15,8,-13,6,-12,-18,-20,-6,-1,8,-23,-12
0,-15,-1,-12,0,-17,-23,-3,-6,-24,0,-22
-11,-12,-23,0,1,-22,-22,-18,0,-20,1,-11
-19,-9,-2,-19,-10,4,0,-11,0,-3,-6,-9
1,-15,1,-10,-20,6,-11,-10,-11,-22,-21,11
-16,14,-24,6,-13,-9,-8,-11,0,0,-17,-12
-5,-9,-25,-7,-6,-10,-3,-20,-7,-9,-12,-19
0,-2,1,-2,-9,-17,-4,-13,-4,-7,-10,-11
-9,-9,-19,16,1,0,-17,-7,1,8,0,-6
-17,-6,-15,8,-19,0,-23,17,-1,-1,-15,-9
1,6,0,9,-23,-16,-4,-12,1,6,1,19
1,-3,-24,15,-17,7,-1,-12,-14,18,-1,20
-11,-6,-19,19,-3,-11,-9,7,-10,2,-2,21
0,-1,-9,-12,-11,18,-22,-14,-10,2,-10,3
-13,-9,-24,-9,-5,-11,-6,-8,-16,-4,0,-11
-22,3,-7,22,0,-4,-23,13,-1,-4,-5,10
-9,2,-22,-5,-12,14,-8,7,-20,9,-7,4
-11,8,-5,-1,0,-9,-7,-2,-4,-3,-13,20
-17,15,-1,17,-1,27,-19,13,-1,12,-1,20
-21,11,1,15,-14,8,-7,8,-3,23,-1,12
0,29,1,1,-13,-5,1,16,-11,5,-21,26
-21,4,-15,22,-7,12,0,22,1,5,-10,27
-19,7,-25,-4,-17,27,-18,6,-25,-2,-2,10
-14,23,0,6,-22,1,1,-1,-7,12,-1,12
-17,-2,-12,15,1,21,-19,7,-6,5,-1,9
-17,26,-15,7,-2,3,-14,28,-2,-2,-1,21
-16,28,-21,13,-6,11,-3,15,0,10,-3,10
-6,19,-21,18,-20,27,-8,10,-1,27,-7,9
-20,-23,-17,-21,-13,-30,1,-15,0,-27,-1,-3
-20,-33,-15,-29,-5,-25,-1,-7,-1,-5,0,-9
0,-33,-15,-31,-9,-8,-21,-28,1,-5,1,-7
-2,-13,-20,-6,-18,-31,-1,-9,2,-3,-1,-13
-14,-29,0,0,-18,-19,-17,-31,0,-8,-20,-28
-18,4,-3,0,-23,-19,-3,-5,-14,-9,-17,-30
-4,-17,-14,-19,-23,-28,-20,-14,0,-23,0,5
1,1,-7,4,-21,-2,-9,-23,-17,7,-3,-23
-11,-18,-2,3,-19,-14,-13,-10,-3,-24,-7,4
-13,-15,-23,2,-21,3,-4,-4,-21,-3,-2,3
-10,-22,-21,-6,-21,8,-23,-19,-1,-13,1,9
-3,-18,-16,-14,0,-4,-10,5,-1,-2,0,7
2,-13,-13,-7,-21,11,-18,-24,-1,1,-7,-4
-5,-1,1,1,0,1,-8,1,-1,-6,-11,-1
2,3,-9,5,-21,-1,2,9,0,12,-20,-15
1,2,2,9,-18,-5,-9,12,-7,11,-1,11
-11,-9,-11,-13,-2,-9,-5,-11,-2,-7,0,7
-4,-15,-24,15,0,14,-11,12,0,-4,-7,-5
-19,1,0,-15,0,12,-13,-7,-1,-7,-21,18
-10,-14,-16,-9,-9,17,-1,-4,-9,4,-1,1
2,-4,-1,3,-3,-12,-11,18,-16,-13,-2,11
1,1,-12,11,-10,2,-6,3,-3,-7,-2,10
-6,5,-7,-12,-21,17,2,2,-7,12,-10,18
-5,23,0,7,-3,12,-15,-11,-16,23,-7,18
-21,-3,2,-12,1,4,-20,24,-13,4,-13,15
-6,-9,-4,11,-1,5,2,25,-13,-5,-1,18
-5,-10,-22,-10,-10,9,-18,24,-14,3,-1,-8
-19,6,-4,-7,-17,-1,2,4,0,-3,-1,14
-19,16,0,14,-8,6,-9,8,0,8,-1,3
-7,25,1,13,-13,27,-1,25,1,9,-5,2
-18,5,2,-1,-19,18,-13,6,-16,19,1,26
-15,23,-1,7,-1,17,-17,21,-4,0,-1,9
0,15,2,28,-4,22,-16,6,-2,14,0,21
-12,14,-23,8,-7,18,-2,-3,-3,16,-2,-2
-17,28,-24,11,-9,25,-22,18,-2,12,1,5
-15,29,-11,19,-13,22,-5,18,-5,13,1,18
-13,14,-8,36,-20,36,-4,1,2,6,-6,10
-8,-18,-19,-26,0,-4,-18,-32,0,-1,-20,-31
-18,-6,-9,-11,0,-11,-18,-19,-21,-34,-5,-12
-17,-2,-16,-18,-14,-34,-19,-26,1,-12,0,0
-13,-19,-15,-29,-11,-24,-18,-15,0,0,-1,-31
-3,-5,-4,-4,-2,-4,-18,-29,-21,-19,-3,-22
-3,3,-7,-4,-4,-27,-3,-7,-17,-12,2,-2
-4,4,-8,0,-3,-22,-12,-6,-1,-18,3,-25
0,4,-2,-4,0,-19,-5,7,-9,-19,0,-17
-8,-12,-9,-27,2,6,-13,-6,3,-14,0,-19
-14,-23,-13,-10,-3,-27,1,8,-1,-5,-1,-12
-9,-11,1,-18,-5,10,-1,-19,-1,-10,0,-22
-6,4,-1,-4,3,-18,-11,10,0,-10,-2,3
-3,-9,-2,-1,3,-23,-16,-14,-1,-16,0,-21
0,3,1,-2,-11,7,-15,5,0,11,1,-18
-11,11,-2,-2,-19,2,2,12,0,-8,0,-21
-15,11,-1,-1,-3,-14,-13,-16,0,-5,2,-18
-11,-1,0,3,-19,-2,-12,-11,0,-11,-1,-11
0,-6,0,7,-9,-7,-21,-3,-1,0,2,7
-12,14,-3,-2,-1,-5,-17,17,-1,-11,-2,-8
-11,13,-12,1,3,-13,-20,-1,0,14,-1,12
0,-16,-14,2,3,-16,-4,-1,-2,7,0,-8
-15,-8,-1,2,-6,-2,-6,19,-1,19,-1,-9
-8,7,-4,18,-8,-2,-20,-2,2,19,-1,-9
-1,13,-21,22,-1,15,-14,10,-12,-13,-1,8
-1,4,-23,24,-1,-6,-7,6,-10,22,-12,11
-20,-9,-2,18,3,12,-10,10,0,-4,-10,1
-8,5,2,-8,-2,16,-18,23,-4,0,1,21
-15,9,0,11,-18,8,-15,14,-19,9,1,-7
-4,7,-1,11,3,22,-18,0,2,18,0,-1
-13,10,-8,5,1,-3,-8,-5,-2,-7,-1,1
0,21,0,19,-20,17,-2,4,-3,11,-2,26
-13,14,0,19,1,17,-9,27,2,3,0,1
1,25,-7,11,-20,18,-13,30,0,-3,-2,29
-2,21,-11,17,-20,23,-18,3,-15,23,-1,25
-12,18,3,25,-18,18,-17,15,-17,19,-13,26
-13,8,-23,1,-1,25,3,8,-5,12,-11,11
1,10,-2,21,-7,34,1,8,-8,10,-15,8
-19,-31,-22,-1,-3,-29,3,-35,4,-36,-13,-12
-13,-25,-2,-15,-17,-29,-12,-11,-18,-25,-1,-20
-8,-14,-17,2,-21,-21,-21,-9,-1,-20,-8,-1
1,-4,-8,-3,-2,-1,-14,0,-2,-18,-13,-25
-3,0,0,-18,-7,-13,1,-21,-2,-24,-2,0
-2,2,-1,4,-18,-23,-6,1,-14,-15,-2,-1
-9,0,3,-13,-12,-6,3,-25,0,5,2,-6
-6,-14,-12,-9,3,-17,4,-18,-1,-11,0,-11
1,3,-3,-18,3,-24,-7,-7,-1,2,0,-11
1,-19,1,-5,-17,-16,-6,-14,1,1,2,-26
-13,-6,-4,3,4,7,-15,-19,-2,8,-1,-3
-16,-23,-14,7,-1,-2,-8,-11,-5,-4,1,-3
-7,4,1,11,-9,11,-2,-4,-2,-20,-14,-17
-9,6,0,4,3,-23,3,-14,-19,-17,-1,-19
-12,-16,-5,14,-10,9,4,-16,-2,11,-16,-10
-15,-15,0,11,-5,-6,-15,2,-5,-16,-2,8
-2,-2,-13,12,0,13,0,-12,-2,10,0,-4
-11,11,-17,-11,-5,4,-21,-7,3,16,0,-5
-16,-12,1,-4,1,0,-6,15,-2,-18,3,4
-14,16,-17,-13,-2,4,-18,-4,0,11,-2,-13
-16,-12,-16,-7,1,12,-18,-6,-2,3,0,-12
0,9,0,-9,1,19,-21,0,0,12,-3,16
-16,-9,-12,-11,-4,6,2,20,-7,17,0,-4
-6,16,-6,7,-16,8,-2,-5,2,-3,2,9
-5,21,-17,-7,3,-2,-5,-10,-19,16,3,19
2,22,-16,-9,-9,20,-18,-8,-4,15,-13,16
-3,6,-19,26,-1,19,-7,-10,-6,-9,2,-1
1,19,2,15,4,26,-11,6,-3,18,-3,20
-1,20,1,13,3,22,-12,25,3,-6,-1,18
-6,21,0,19,1,7,-1,18,-2,19,2,-3
-4,21,-21,29,-4,0,-4,-1,-14,22,-3,22
-15,0,-4,28,-16,15,3,14,-15,18,-1,20
-17,27,-12,-3,-14,8,-14,23,-2,3,1,17
2,9,-3,21,-1,5,-17,16,-7,31,-8,25
-3,11,-3,4,-4,3,-19,20,-8,31,-1,28
-14,1,2,9,-7,9,-5,13,-4,30,3,13
-13,26,-7,25,-7,16,-19,29,-11,22,-19,15
-7,-13,-1,-24,-9,-26,2,-15,0,-8,0,-7
-10,-1,3,-2,2,-5,-14,0,1,-34,5,-7
-8,-13,-5,-27,1,-15,-10,-27,-18,-31,-4,-26
-6,-4,-8,-11,-1,-6,4,-18,2,-4,2,-8
0,0,-15,-6,-1,-28,2,1,1,-6,-2,-24
-3,-1,-18,-13,0,-30,-4,-22,-9,-2,-3,-1
-1,1,-16,3,-2,4,1,-4,4,-23,2,-11
2,-28,4,-11,-7,-5,-14,-1,-7,1,2,-12
-2,2,-12,-8,-10,1,2,-5,1,-8,0,-10
2,-23,2,-25,1,-4,-5,-16,3,-2,1,-4
-12,-12,-1,0,-6,3,-11,5,2,1,0,-18
-9,-3,-1,-1,2,-4,-14,-13,-14,4,0,-6
-11,-4,-1,-18,1,-3,-15,2,2,2,3,-5
-10,-6,3,-4,-1,-14,-18,-8,2,-1,2,-7
1,3,-4,5,-3,11,0,0,2,-10,-16,5
-14,-2,5,5,-17,11,5,14,-7,5,2,-8
-17,-17,1,4,-2,15,2,2,2,-12,-3,9
-16,11,-13,-5,-2,7,-6,-12,-8,-7,2,-14
3,-1,-16,-11,0,-13,-7,-12,2,-12,3,-7
-1,3,-12,7,-7,12,2,-9,2,4,2,18
0,1,5,-1,-17,12,-11,5,0,17,-1,10
-1,9,-16,-9,1,5,2,5,-4,-4,-3,13
-4,17,-4,-3,-8,3,-5,3,-19,16,-3,4
-6,-3,-5,-7,5,-7,-18,11,-6,-5,-1,15
-16,1,-21,15,-14,3,-16,-11,-16,16,-2,-2
-3,6,-9,14,-14,6,0,-2,-4,3,-14,17
-15,9,-2,-5,5,10,-19,-4,-14,-7,-1,14
-14,1,4,24,-2,11,-19,21,-11,14,-1,0
-18,14,-17,23,-10,-4,-19,-7,-6,-7,-3,16
-18,19,-7,18,-4,18,-19,19,1,25,0,0
0,-3,-2,16,-15,6,-8,2,5,15,3,1
5,19,-2,25,3,27,-6,26,-8,-1,-1,18
-10,9,-20,32,-6,5,-18,15,0,25,-2,12
-6,28,4,19,-7,18,-6,5,1,1,-4,27
-11,24,-4,-2,-5,28,-18,8,-3,26,-19,23
-16,27,-13,15,-8,2,1,21,2,4,-6,14
-6,11,-8,25,4,36,2,18,-2,18,-11,22
-3,-20,-4,-28,-5,-30,-13,-12,-13,-35,-17,-10
-17,-35,2,-2,3,-28,-10,-35,-4,1,2,-23
4,-3,2,2,2,1,1,-20,6,-21,0,-20
-12,-18,-15,-24,3,-29,3,-14,1,-6,-15,-9
0,-3,-18,-6,-6,-6,3,-23,1,-6,0,-26
-1,-3,-19,2,3,-25,3,-14,-4,-14,-3,-3
1,-1,5,-27,1,3,-19,-25,3,-26,-3,-3
-2,0,-1,0,-7,5,3,-19,1,-13,0,-2
0,2,-15,-27,0,5,2,0,4,-25,-3,-25
-10,-12,-18,7,0,-16,2,0,3,-7,0,-2
3,4,-8,1,3,-9,3,-22,1,-25,-4,-5
-10,-7,-8,-4,2,2,-7,-6,3,-7,2,1
3,-9,-9,-3,-1,-24,-12,12,-7,-1,-11,4
-12,-23,-5,-4,-2,-7,-9,-21,5,4,5,-17
-13,-15,-2,8,0,2,-5,-18,-17,8,-13,-1
-13,-13,2,-17,0,-2,1,-21,0,11,-5,8
-11,14,-5,6,4,15,-1,2,0,11,-6,-7
-1,16,1,-12,-16,-19,-12,-19,-8,-4,0,0
0,-18,3,-3,-16,16,-13,-18,3,-15,2,4
-5,-13,5,-8,-6,18,-10,3,0,-15,0,-1
2,-16,0,1,-7,0,5,-2,1,-1,0,17
-5,-14,5,-7,-6,13,0,15,2,14,0,0
1,-4,0,-13,-17,22,4,-9,-17,8,1,22
5,15,-5,-5,5,16,-2,7,-11,11,-14,4
-17,2,-12,-3,-5,3,-11,-7,-1,8,-14,6
-17,17,-7,8,-17,18,-13,-9,0,-8,0,-8
-17,13,-9,22,-14,24,-1,15,5,2,-5,11
-17,2,-15,1,3,-6,-18,15,3,-7,2,15
-17,17,-3,-2,6,5,-16,15,-2,27,-4,6
-3,18,3,21,-2,28,-2,19,-12,27,-2,25
-17,12,-9,24,-4,6,0,29,6,-3,-7,21
-13,6,-5,9,0,5,3,-2,1,30,2,15
-10,7,-10,9,0,27,1,19,0,20,-18,27
0,5,-17,21,-2,29,2,21,5,10,-17,-1
-3,17,-12,8,5,29,-7,33,-18,31,-3,20
-7,27,-14,19,-14,10,-7,0,2,1,-3,24
-5,17,-7,9,-3,28,-8,25,-13,19,2,19
-7,-11,-10,-1,0,-13,-5,-18,-16,-24,-13,-1
-14,-9,6,-28,-18,-35,1,-16,-2,-33,-7,-22
-8,-1,-8,-25,0,-3,-18,-11,6,-3,3,-34
-10,-18,-19,-25,-6,-27,3,-1,0,1,-1,-28
1,0,-17,-23,3,-16,4,-25,3,-7,-8,-15
1,-3,-7,-16,0,-7,-4,-12,-8,-14,-5,-1
2,3,-15,-17,1,-29,3,-10,-4,6,2,-6
2,2,-10,-10,-8,3,-9,-11,4,-10,-6,-5
-1,0,-16,-28,0,0,-18,-10,0,4,-6,-9
4,-21,-9,4,-12,5,-7,-4,-8,-19,-7,0
2,-1,-10,0,-2,9,7,-19,-5,-8,6,-2
-12,-25,2,-19,-1,-16,-5,-18,-1,-14,-2,-15
-4,3,0,1,-4,-22,-9,-20,-6,12,6,-1
-5,12,-5,5,0,7,-6,-16,-16,0,-2,-4
-14,-6,-13,0,-2,7,-15,7,0,-9,6,14
-11,6,-9,-13,-2,-3,-15,-10,-2,1,-3,10
-3,-15,0,-18,-15,-10,6,4,-12,-15,0,13
4,17,0,4,1,-7,-16,6,-12,-15,-7,0
-7,-11,-18,3,-15,-6,-4,0,-13,-6,-6,-3
-10,-16,-5,-1,-15,6,6,0,-10,-14,2,-8
-16,-13,-18,-16,-4,-12,2,-14,5,3,3,-9
5,-7,-4,-5,7,-5,-13,17,3,2,0,8
-14,19,-2,7,-15,-13,-4,0,3,-5,0,-10
-16,8,-8,-13,0,8,-4,9,-4,20,5,1
-17,23,-13,4,1,10,6,23,-5,-12,-3,21
7,-1,-2,20,-3,15,2,10,-12,5,7,15
-16,10,-12,13,-5,-2,-13,14,-10,-10,0,-7
1,0,-1,-1,2,3,-16,21,-4,26,-9,18
-17,28,-8,20,-1,9,7,10,-3,5,-15,19
6,18,1,27,-15,14,-14,18,-2,13,-4,-6
-4,30,-5,13,2,-3,-16,-5,0,-6,3,27
7,9,4,8,-3,13,-12,-1,-3,29,-3,23
-4,1,-7,18,-10,21,-6,25,2,27,-17,19
0,5,3,-1,-4,-2,2,17,-3,1,-2,23
-13,18,-7,-1,-11,8,1,24,-3,21,-6,6
-5,21,-7,1,3,16,-18,9,-12,5,-8,9
-12,24,-9,33,-8,20,6,3,2,25,3,35
-3,-1,0,-24,-18,-19,2,-23,-14,-27,3,-1
-2,-35,-11,-26,5,-12,-15,-1,-8,0,-9,-23
5,-10,-2,-2,5,-9,-6,-13,-13,-9,3,-34
-9,-17,-10,-12,-4,-3,4,-15,-6,-17,7,-22
4,-4,-9,4,-3,-21,-1,3,-12,-27,3,-1
-1,-3,-8,-9,0,-19,5,-29,8,-12,-15,-13
5,-27,3,-26,0,-30,-8,-23,-3,-1,-7,-23
4,3,-9,2,1,4,3,2,-4,-10,-8,-4
4,5,-5,0,7,-3,2,-24,-5,7,-10,5
4,7,-7,0,7,1,3,3,2,-16,-2,-16
6,-6,-8,-26,-5,10,-7,-10,-13,-14,-6,8
7,-17,1,1,5,-23,-12,11,-2,-4,-12,0
-7,1,-15,-15,-10,-15,-6,-14,-5,-9,-1,5
1,0,-15,-7,8,-7,-3,7,-4,-9,1,-3
7,-5,-17,12,-5,-7,-10,2,-5,4,-8,-4
-4,-9,5,-18,0,-13,-14,-12,4,-11,-10,-20
-11,3,7,-6,0,-1,-14,-18,-6,-10,-11,-15
-8,-7,-10,16,-10,3,-9,3,4,14,-12,-15
8,8,8,-11,8,10,-16,16,-12,-1,-7,16
6,19,-1,-12,6,1,-16,-13,-1,-8,7,-7
-3,-4,-6,16,0,18,4,-7,-9,-4,-1,7
1,10,-15,12,8,-7,-1,14,-1,-7,-12,12
-7,14,3,16,-13,-10,-14,17,-5,4,-2,-12
1,-10,-11,14,-14,0,-16,8,-5,15,-12,-12
-16,15,-8,-6,-1,-5,-17,-8,-15,15,-5,-8
-7,0,-13,6,1,16,-17,-2,2,-5,-8,12
-16,16,-4,-10,-4,1,3,-6,-11,12,-15,4
-16,19,-15,20,1,4,7,21,-6,0,-2,-2
-2,-2,5,22,-4,-1,8,17,-3,4,-5,-8
-2,25,1,26,-11,0,2,-2,-2,12,5,3
0,17,7,13,4,-3,1,7,-1,25,-2,20
-8,5,-10,17,-4,10,-14,1,-5,-4,0,16
-11,22,-1,4,-6,2,-16,8,-1,2,-15,5
-17,32,-4,30,-1,28,-11,10,8,-1,-2,24
-6,11,-3,3,0,24,1,31,-10,-2,8,22
-14,28,-1,16,-1,8,-12,0,-13,30,-7,-1
0,0,-8,23,-7,25,4,5,-11,21,0,34
9,-5,-5,-36,3,-31,8,-4,-2,-30,2,-23
-1,-24,-5,-12,-2,-15,2,-7,1,-14,-8,0
7,-16,-2,-2,9,-12,-6,-34,8,-16,-7,-30
-6,-12,2,-24,-4,-29,-3,-28,7,0,-2,-15
-8,-15,-2,-11,1,-2,-3,-4,5,-17,4,-15
-2,-12,-13,-9,3,-11,-2,-19,-1,-19,-7,-2
5,0,0,-1,3,-15,-12,-20,-7,-15,-2,2
6,-27,5,-20,1,2,-1,6,2,-25,-2,1
6,4,4,-2,4,7,2,-2,-5,-8,3,3
1,7,2,0,-3,0,8,-19,-5,-23,-1,-9
5,-8,-6,-12,-5,-9,-10,-4,2,9,-15,-6
-4,1,-6,-20,0,2,-14,-14,7,5,2,-23
9,-5,-2,-6,-3,-15,-3,10,-4,-21,-6,-19
-15,8,-5,-13,-12,8,-10,-20,-2,-9,-11,0
-15,-15,-1,-3,-3,14,-16,-16,-7,-19,6,9
-17,-20,-4,3,6,-8,-10,-12,-15,-13,-8,-17
-10,-4,-3,-13,-1,5,6,11,-12,15,-14,-7
-13,3,-3,13,-14,0,6,-18,5,-16,-7,-11
3,8,-6,-11,-5,8,9,-3,2,11,-9,14
2,10,3,-7,-6,14,-9,-10,4,0,-8,12
-3,12,1,-14,-14,9,-9,-14,8,16,7,-3
-1,20,-4,0,6,-4,1,9,-6,4,-1,14
-3,-4,5,-1,8,-3,0,-10,-13,12,-14,13
0,7,3,10,1,1,-7,19,-12,16,-14,11
0,-6,-11,6,1,13,-17,21,3,-11,-4,11
0,-7,8,0,5,14,-8,9,-11,3,6,-11
-2,-4,-9,-10,-7,2,-1,4,-6,-9,2,24
-2,-1,-15,-2,0,24,-11,0,-15,9,-3,25
-1,0,6,26,8,12,-12,6,1,1,-7,27
-15,11,2,28,-6,20,2,0,7,11,-9,-4
0,2,-8,17,-8,13,-7,13,-11,-5,-2,19
9,27,-7,-1,-12,11,-7,9,-9,18,1,-5
-7,-3,5,12,-4,26,-8,15,3,25,-2,22
-2,20,-5,0,7,28,-7,33,-11,13,-6,33
-4,2,-2,29,-1,4,-12,33,-12,31,0,9
9,34,-17,2,-4,4,-3,28,2,29,0,6
-4,3,4,36,0,36,-14,18,-8,23,-6,12
-4,-1,-2,0,-9,-35,2,-22,-3,-20,0,-28
-5,-9,-2,-12,2,-22,-5,1,-1,-35,-5,-31
-10,-9,7,-24,4,-31,6,-1,-13,1,-1,-34
-6,-25,-1,-33,2,-11,-6,-32,-4,-22,10,-11
5,-27,9,2,-14,-30,-9,-18,-8,-31,5,-10
2,-28,-2,-29,10,-10,-14,-4,-11,-8,-6,-30
-7,2,5,-2,7,-21,7,-14,3,-27,-2,1
-9,2,-10,-15,5,1,3,-21,10,-4,-1,-6
-1,2,-3,-7,9,-25,4,1,-6,0,-3,-21
-2,-11,2,1,-2,-11,-16,-16,-11,-24,0,3
-8,-18,-1,-13,-5,-16,-12,2,2,-24,-9,0
-14,-14,0,8,8,0,-9,-9,1,-7,-7,-4
1,-2,2,-14,9,-2,-14,-9,-1,-15,0,-21
-1,9,7,13,2,5,-11,3,-10,3,-5,5
3,-1,-8,14,8,-16,-9,14,2,5,-4,-6
-3,11,-5,-20,-9,6,2,-17,-2,-18,-8,-5
-2,4,-3,-4,5,-9,-1,15,1,-8,-3,16
6,-12,3,-3,-7,5,-7,-1,2,-13,8,-1
-9,-14,-5,5,4,5,1,1,9,-3,1,-13
-8,-1,2,5,0,-9,-10,-11,-7,-16,-8,3
-5,6,-7,18,-8,2,-11,1,-13,10,2,-2
10,18,-3,11,9,0,-12,18,-12,21,-8,21
-8,9,-2,-8,9,12,0,-8,3,-2,-3,2
-8,23,-16,-6,-6,-8,-2,-10,-13,19,3,-2
-4,-2,-6,-7,-13,5,-1,-3,-1,1,4,-12
-14,8,2,4,-13,-5,-1,4,0,-6,7,15
2,-9,3,3,7,5,-8,-4,-3,14,3,4
1,-2,-11,11,9,24,-7,2,8,-4,-6,2
-16,-2,4,5,-11,-3,-7,-5,0,20,2,14
10,14,0,9,-13,9,-1,4,0,15,-2,-5
-6,19,-14,-1,-9,7,8,24,3,25,-7,-3
5,13,8,31,6,5,-2,-3,1,-4,1,1
5,11,10,7,-8,24,-12,11,-9,28,-4,29
-7,15,10,11,-6,31,-3,13,2,2,-2,13
-1,12,-8,24,-2,2,-12,16,3,19,8,-2
4,34,-3,9,1,9,-16,31,-7,32,-2,34
10,30,-5,2,4,35,-14,18,-4,2,-1,35
-6,-24,0,-1,0,-6,2,-5,4,-35,-2,-19
5,-14,3,-34,2,-29,-12,-27,-12,-31,-3,-35
-10,-23,5,-34,-4,-19,-8,-26,-4,-10,-5,-34
1,-17,1,-20,2,-13,-14,-5,10,-29,-6,-31
3,-12,-1,-21,-11,-23,7,-22,6,-11,1,-10
6,5,-2,-8,-15,-30,-4,-18,-10,-1,5,-23
-3,-9,-13,-29,-12,-17,4,-6,-4,-18,9,-13
7,0,9,-28,-15,6,-2,-17,0,1,-1,-9
4,-11,5,7,10,-9,3,-5,3,-18,-7,-24
9,-23,-7,7,10,-20,0,0,4,-11,4,-2
1,-8,-10,9,-12,-22,8,-14,7,-20,-7,5
-11,11,5,-11,1,-3,-3,-8,-5,-13,2,-12
-13,5,7,10,9,-9,-8,-9,-12,-15,7,12
-12,7,4,-6,9,-4,6,-20,1,8,11,-20
-11,-4,3,2,8,13,0,-21,3,-7,-5,-12
-1,4,8,-21,-8,2,0,-1,-10,-15,-7,8
3,16,-1,11,9,-15,5,8,1,9,2,-16
-12,15,2,-1,3,4,11,7,-8,-2,11,14
5,-17,5,-3,-7,-7,10,13,4,18,-7,16
-1,-17,0,-15,7,-16,5,-8,1,-15,0,-14
4,10,10,12,-3,0,4,-15,-8,-3,2,1
-9,-1,6,-3,7,17,-12,6,-12,-2,-8,9
2,-1,11,19,6,7,10,-10,-12,-7,-10,4
11,-6,8,20,-3,2,11,-8,-10,9,-7,4
-11,15,-10,1,2,-12,-11,-11,5,-2,6,2
-8,6,6,21,7,-4,-2,3,-7,16,-10,21
4,2,4,2,9,19,-10,19,-1,12,4,25
1,-2,-7,19,-4,24,-3,24,1,-9,0,22
-14,24,3,-5,1,23,-7,21,8,2,-3,23
11,13,1,-2,2,25,-4,27,-7,6,5,14
9,21,-4,6,-10,27,0,-1,-3,7,11,25
-12,22,0,-1,1,22,8,25,-9,18,5,31
-12,25,9,30,3,6,-1,8,6,7,11,21
-10,1,-14,-2,1,-1,6,14,5,10,-8,16
7,1,2,10,-10,23,6,30,11,18,2,16
-1,26,3,13,-4,18,-11,-1,6,1,3,34
6,8,-2,31,1,11,9,0,10,0,-1,23
-3,-1,12,-15,-2,-36,11,-29,5,-12,1,-28
-7,-26,6,-14,5,-33,1,-9,0,-24,-3,0
-9,-27,4,-18,-7,0,-11,-2,7,-31,-2,-33
-1,-20,-2,-19,-12,-33,0,0,-3,-19,7,-28
1,-8,-7,-10,7,-10,7,4,-2,-15,-7,-5
12,-28,0,-14,-11,-30,10,-30,0,-23,-8,-10
5,-1,-4,-23,8,-6,7,4,-1,-9,-2,-2
5,4,7,-19,-9,-27,-10,-25,-11,-18,0,-5
-1,-9,7,-19,2,-28,-14,-4,-7,0,1,0
8,-8,-3,4,-3,-20,7,6,1,-1,-7,-12
-4,2,10,-26,-4,-4,9,0,6,1,-7,7
-10,-17,-7,-1,0,0,-5,-10,-1,-19,-1,3
2,-4,-11,-14,-3,-12,-7,1,12,-16,-4,0
11,-21,3,-9,7,-8,12,11,-12,0,-2,6
-10,-7,5,-21,-9,1,2,12,0,-1,-10,-7
-10,-4,1,-15,-11,12,3,7,-11,8,-7,-10
7,-20,-3,-10,-11,8,0,-9,7,-8,-4,-4
10,-6,1,14,-9,2,1,13,-1,-10,2,16
-1,18,-5,-18,7,9,12,2,8,12,-9,17
-4,-13,4,2,0,-3,12,13,-6,-15,5,19
6,9,3,10,-4,20,4,14,1,-14,10,18
4,10,2,20,-2,-3,5,-11,1,-11,-7,-13
-11,-1,-8,17,8,8,-14,5,8,-9,-8,8
12,2,-2,-1,-9,19,4,9,5,2,-1,0
-3,-10,-8,24,6,2,8,1,0,20,-9,19
-1,-2,-11,1,1,2,-5,3,6,14,4,14
-12,2,-2,-3,3,14,11,1,4,9,6,-9
-14,21,-8,14,-10,26,12,3,0,15,1,25
-1,-3,1,8,5,6,8,-2,-4,16,3,8
-13,-5,2,-4,9,29,2,23,0,-1,1,-5
11,14,-3,-2,5,-3,10,-4,-10,13,2,26
-11,5,-1,-3,10,21,-9,19,-4,29,-1,27
-8,14,-5,21,0,-1,5,8,11,10,-4,-1
-4,27,-1,31,5,14,-2,28,-12,29,5,18
10,9,-9,-2,-1,16,4,11,-2,12,-3,9
-8,23,9,10,9,11,10,35,11,23,2,5
-11,8,0,10,1,8,4,0,-8,27,-8,0
-8,-13,4,-35,-12,-26,13,-19,10,-4,3,-20
-5,-22,4,-28,-2,-18,-9,-5,8,-3,4,0
-1,-6,6,-14,-3,-2,-7,-9,2,-9,7,1
-8,-31,3,-16,-10,-22,12,-27,-5,-9,8,-22
-10,-25,3,-14,-1,-31,-8,0,0,0,2,4
12,2,3,-8,5,-16,-7,-13,-1,-30,12,-14
6,1,-7,3,9,-12,10,-15,5,-30,1,-20
10,-22,-6,-29,6,-7,4,-2,-9,0,-1,-21
9,-16,-4,-11,4,-6,-4,-15,6,-6,-2,-2
11,-3,-1,3,-13,-4,10,-13,6,6,-6,-17
12,-23,7,-19,0,0,7,-10,-1,-2,2,-6
-6,10,1,-12,8,-12,-4,-15,-3,-16,-6,-21
2,-15,5,-18,4,-22,13,-20,-7,-20,3,12
-8,-18,3,-9,-7,-9,-5,11,-1,-15,8,4
3,-19,-6,11,-10,-19,-5,-5,-4,12,-10,-16
13,-20,-10,-18,-4,-9,8,-2,1,-6,-1,-12
-2,-5,3,9,-4,-18,9,-8,-2,-11,5,-16
-6,2,0,-5,0,5,3,4,-5,16,-6,15
-7,4,-3,16,10,9,1,5,11,18,-6,-9
-7,-10,-3,-7,-3,-4,7,-14,13,0,3,-12
3,11,-5,11,8,20,-6,5,3,-13,-3,17
-3,16,-4,-10,-6,-13,-8,7,-10,16,-2,6
-9,2,-4,-13,13,17,7,4,6,-3,5,17
6,-2,-12,-11,0,-1,12,5,1,-11,-3,21
13,-3,4,-8,13,22,-7,-1,1,19,-8,5
0,20,9,19,-9,-8,7,4,-11,-9,-3,19
-1,2,2,14,3,22,1,9,-2,-7,0,-9
4,0,5,2,1,14,1,0,7,5,3,16
1,-2,6,28,-7,19,-10,12,1,21,-7,28
-1,-1,-4,15,-2,21,7,25,6,0,-10,21
5,15,0,-2,6,26,12,21,3,14,-6,10
-5,30,4,4,11,29,6,15,-2,30,4,4
3,17,-6,9,8,6,2,19,1,5,-6,31
2,10,5,-3,-7,16,-10,32,3,22,-10,27
0,21,-2,33,0,19,9,32,-8,15,5,11
-10,32,0,12,-13,17,-11,16,-11,30,-5,34
9,1,0,11,0,14,-10,5,-10,2,-1,2
0,-10,3,0,1,-29,4,-24,-10,-20,3,-14
13,-4,0,-26,-5,-16,10,-10,-8,0,2,-26
9,-22,3,-17,-2,-4,1,-8,-3,-16,-9,-13
5,-7,12,-28,5,-28,-4,-18,7,-5,4,-18
5,-30,9,-29,9,0,10,-18,7,-13,3,-21
2,-12,5,1,4,-14,-7,-1,2,-3,-1,-12
-3,-27,-4,-10,6,-23,7,-27,9,-6,-4,-2
-2,3,-4,-17,4,-1,-4,-24,-3,-4,-2,-15
11,-6,7,-14,8,6,8,-14,6,6,-8,-8
9,-8,-3,1,-2,-6,9,-12,14,7,-2,5
9,-5,0,3,11,-25,9,-10,6,4,9,-6
-6,-15,2,4,-2,-7,7,4,-3,-9,-6,-22
2,-23,6,-19,10,-16,8,-22,0,11,-5,-2
3,11,-9,-21,1,0,8,-6,-1,4,2,4
2,-1,-4,-7,7,-4,7,9,-1,9,-7,-10
-3,-2,-2,-5,2,-8,6,-20,14,15,-6,-1
6,-5,7,-12,8,9,7,-6,5,9,-4,-8
11,-1,-5,-8,-12,-12,-9,9,0,4,4,-9
13,4,4,-8,8,7,10,18,3,-3,0,18
13,12,1,-16,3,19,13,19,10,-17,6,-5
6,15,13,-10,-7,-3,9,2,2,-12,7,14
11,-10,10,-3,9,16,-1,18,5,-5,-7,19
-9,-13,1,21,-3,21,6,19,5,1,-3,-13
10,23,3,2,-9,2,7,4,6,-10,2,2
13,0,7,7,-7,18,-2,-1,2,5,-2,-5
5,24,-7,4,10,23,-4,10,13,9,7,15
13,24,4,11,-1,14,-8,12,9,12,-4,1
12,14,9,4,2,-7,-7,-4,5,-5,6,-1
7,-6,2,4,-5,4,6,2,5,11,14,2
-10,18,8,26,-8,0,8,24,-5,23,7,-6
8,-1,0,-2,9,13,-11,5,6,23,0,-3
1,30,2,4,-8,14,6,27,2,8,3,-1
6,2,-5,-2,-1,22,-4,0,-1,29,-4,2
-3,22,4,19,12,17,5,20,0,3,-4,-3
14,-2,6,24,1,31,13,14,9,18,-1,7
9,12,-1,10,8,15,-12,7,2,4,4,-1
-9,32,-5,10,-6,15,-6,4,12,2,-3,34
-5,-23,-2,-23,9,-30,14,-13,8,-10,7,0
-7,-28,4,-28,-7,-4,-7,-11,-9,-18,7,-9
11,-23,0,-31,-3,-14,14,-12,6,-18,-5,-18
-3,-12,6,-23,-1,-31,4,1,2,-19,5,-32
0,-16,-1,0,11,-18,2,-12,0,-6,-5,-1
6,-28,-2,-16,5,-18,1,1,6,-24,1,-6
11,-3,-6,-2,9,0,1,-1,9,-2,2,-5
1,3,-6,-3,-5,-21,1,-7,5,1,10,-13
12,-7,0,1,-1,-21,5,-13,-3,-10,8,-4
0,-19,-2,-6,14,-3,1,-7,2,3,-4,-7
2,-9,-11,6,10,-26,-5,-3,-4,5,-4,-12
13,-18,11,-20,-2,-19,6,-10,2,2,-6,-18
-4,-4,0,0,14,-22,9,12,-3,-14,-3,-2
2,-9,-10,2,9,5,-11,-9,7,9,1,3
-2,-16,-9,-1,8,-17,5,6,6,12,-2,-8
2,1,5,-10,-3,4,7,13,-3,12,2,9
11,11,5,-19,8,9,3,-16,2,-1,7,0
-8,-3,0,-13,5,14,14,14,0,-6,10,-6
6,3,12,-9,-8,14,-5,2,6,6,2,16
6,-17,-2,-5,-9,19,0,-7,6,8,0,7
-2,6,-3,15,-1,-2,14,9,0,-9,-7,-5
11,-9,-3,-10,4,10,3,5,9,5,1,0
12,-4,7,3,12,6,1,-9,-8,-4,14,-14
7,3,3,5,-4,8,10,14,4,14,-2,-13
2,-4,-6,6,11,0,2,10,2,-4,-2,24
1,3,-4,15,15,-2,2,0,-3,11,3,11
11,3,14,6,-1,17,1,5,6,17,-4,-2
-5,-6,-9,4,4,-2,4,19,2,4,1,11
-2,23,-5,13,2,11,7,-1,-4,10,3,-7
-9,-2,-4,28,15,20,13,-1,-4,3,5,17
10,-2,5,25,15,11,-6,6,0,-4,3,30
15,1,2,24,13,2,7,22,4,19,6,31
7,9,13,5,-1,7,7,-2,-5,32,15,11
12,31,-4,5,2,-3,10,25,5,4,13,27
11,20,5,23,2,26,9,25,-1,28,-4,15
9,22,6,34,8,18,0,31,2,-1,-3,12
-7,21,3,22,14,18,-5,33,14,9,2,11
-6,-16,0,-1,-1,-14,13,-1,-5,-25,-5,0
15,-3,7,-15,5,-17,1,-32,-8,-8,-7,-12
6,-30,7,-19,6,-33,-6,1,-8,-19,5,-20
14,1,6,-21,3,-13,14,-24,8,-13,0,-20
3,-12,-4,-13,-9,-9,-4,-4,0,-6,-4,-8
6,-30,-3,0,-4,-24,1,-2,2,-3,-4,-18
11,-7,-6,-1,-1,-15,1,-3,6,-19,-4,-19
-2,2,0,7,-5,-28,9,5,2,-11,-5,-26
8,4,10,3,-4,8,1,-7,0,-3,-4,-20
14,-27,-4,-26,-2,-21,4,-3,0,-6,-1,5
6,4,14,2,-2,8,2,0,10,-10,10,-6
11,-14,7,3,-10,8,3,-20,3,-3,5,-15
-4,7,7,-8,-2,7,6,12,-4,5,0,-18
11,11,16,6,0,3,13,6,-4,9,-1,-4
8,11,12,-7,4,-21,1,-2,2,11,-5,-14
11,5,13,-4,10,15,1,-2,9,2,1,-18
12,-15,0,1,-2,10,1,-12,0,-1,-1,-5
-9,-19,-2,-6,8,-8,6,7,-3,-4,-1,-14
15,3,9,-18,-1,18,-4,-6,5,5,8,-11
-8,7,4,18,5,0,15,-5,0,-6,-3,19
-4,14,0,-4,12,-11,16,-15,-2,-7,3,19
7,12,16,-5,2,20,1,-10,1,10,1,-1
0,-14,7,11,2,19,-9,2,-6,-3,-3,9
-3,9,-3,19,4,18,-9,22,-1,-8,3,-4
5,14,-2,12,14,-3,16,7,6,4,10,0
6,15,8,20,-3,-2,10,-4,6,-2,-7,8
-4,24,-6,2,8,19,-4,-2,1,22,-1,6
13,16,-4,4,-10,11,0,4,-1,4,14,6
11,8,14,19,-1,23,3,25,-4,1,-5,18
1,17,7,6,14,20,8,8,10,16,2,-1
9,18,7,13,1,7,2,24,0,-1,1,27
15,-4,2,1,4,-5,-7,-2,10,17,8,6
1,19,-4,2,7,30,9,31,1,24,-2,14
13,13,3,9,9,-2,-5,25,3,-1,-2,21
-3,32,2,34,4,32,1,12,0,4,5,5
-6,30,7,23,3,26,10,-1,16,6,8,2
-7,4,-6,36,-2,36,-6,17,-5,36,6,19
17,-2,9,-13,1,-36,17,-36,4,-11,7,-24
-5,-3,12,-35,2,-26,5,-19,3,-30,17,-12
13,-13,-9,-34,3,-11,3,-7,3,2,-3,-6
14,-13,0,-17,-2,-8,8,0,3,-1,13,-20
4,-16,6,2,-1,-15,-4,-9,-4,-8,8,-20
0,-10,1,-13,-5,-25,2,-30,2,-8,-1,-26
0,-28,1,-15,7,-15,3,-11,3,-5,4,-10
15,-1,-5,-29,-1,-29,1,6,-4,-28,-4,-14
-3,-27,-4,-3,-1,-13,9,7,-5,-6,-2,3
2,-20,-1,6,0,3,1,3,3,-5,-2,3
15,-4,11,-21,3,8,14,-20,3,-26,11,-8
11,-6,9,7,-3,-15,10,5,10,-16,-4,-20
3,-9,17,-15,-5,2,7,-17,15,-13,7,-11
12,7,1,4,7,12,9,6,3,-4,-4,-14
5,7,14,-21,10,-7,-5,-15,2,-2,-5,4
12,6,-1,-2,0,-12,1,8,1,8,-3,5
2,-19,17,0,16,3,10,-18,9,-2,-6,-16
17,-2,6,-8,-3,7,-1,16,7,13,1,17
9,-13,7,-9,9,-14,2,17,10,-12,14,12
-7,-1,-5,18,13,12,-5,9,2,-13,3,5
-4,-4,5,-12,17,-1,-8,18,10,9,10,-16
8,0,5,6,4,7,1,12,9,10,-3,17
0,19,3,21,17,12,4,14,12,-9,5,0
4,5,-7,6,5,7,10,19,5,22,4,-8
14,23,-5,22,6,10,8,4,10,5,14,15
-5,-11,-5,-6,3,18,12,1,0,10,16,1
13,-6,12,5,-1,-5,0,2,0,18,-7,-2
0,-2,16,-8,-2,13,-8,27,15,-8,2,22
15,22,-7,7,-5,-3,2,20,0,0,-5,15
-2,11,5,7,-6,7,7,-5,5,16,8,8
1,-4,-2,0,-4,3,1,-4,5,1,-2,-3
13,3,-2,2,-2,25,1,12,-5,22,-6,15
-4,-3,0,26,9,23,8,32,-3,16,2,4
0,8,4,-3,7,21,-5,29,6,4,3,7
-4,33,7,32,-6,6,3,26,-2,7,0,11
-5,5,7,25,0,33,2,24,-5,5,17,18
4,27,-1,23,-5,27,3,1,8,23,1,12
4,-27,8,-8,3,-25,-7,-19,-1,-22,-5,-11
-2,-26,-3,-19,-8,-10,14,-18,2,-27,10,-29
-4,-33,7,-31,-2,-25,9,-27,0,-2,7,-7
0,-14,10,3,0,-12,-5,-10,16,-29,8,-24
16,0,16,-3,15,-13,-2,-3,-1,-5,-5,0
2,-18,-1,-12,4,-3,2,-16,2,-13,-5,-30
9,-16,-8,-2,3,0,9,-25,-2,0,-6,-27
4,-13,2,-4,3,6,2,-21,1,2,12,-12
1,-20,15,3,-2,-4,5,8,10,-6,18,6
14,8,-1,-26,-6,8,6,-26,17,-8,8,-10
17,-26,-3,8,-1,10,6,9,17,-3,0,0
10,-11,12,-6,-3,11,1,9,-5,-11,2,6
18,-22,18,-5,-4,-13,-1,-19,8,3,1,9
15,-12,11,11,13,-17,10,-4,2,-22,8,11
0,-8,3,-6,-3,4,8,5,-5,12,1,1
10,-3,-4,12,6,-15,3,2,3,8,13,0
6,14,5,-12,13,4,11,16,13,16,4,3
12,-12,10,-6,8,17,6,-19,2,-9,4,-2
-6,-4,-7,-9,0,1,4,-6,-5,-2,6,-18
-6,17,4,-1,17,15,18,12,-3,-17,8,-13
6,10,7,6,6,-11,-5,10,8,8,6,10
0,15,18,1,-6,19,7,-12,7,-10,10,18
12,-3,5,22,13,-5,4,22,4,-7,3,-12
18,9,17,23,9,-1,9,9,10,-9,4,-6
13,-6,18,13,2,-6,6,3,7,10,-1,-5
0,14,-5,-6,5,-10,-2,8,-6,24,7,5
12,7,11,8,0,-9,7,3,4,2,-5,12
1,4,-5,26,4,23,-7,24,0,22,-5,3
2,15,17,4,1,5,4,16,-5,7,2,18
1,16,16,0,0,7,3,15,0,12,-2,23
14,3,13,21,6,12,1,3,-2,22,11,26
0,-2,3,15,15,-5,-5,8,-2,19,6,20
3,25,13,7,13,-2,18,10,-5,21,18,7
-1,-1,15,1,3,18,8,26,-1,21,18,10
4,21,8,-2,-3,-2,6,19,-6,12,2,18
-4,33,-2,-1,-4,29,0,7,9,34,13,33
-5,35,-1,36,-2,4,-7,27,10,8,10,16
-3,-11,11,-18,-1,-1,-4,-9,14,-30,11,-34
-2,-26,5,-24,5,1,-6,-9,19,-3,0,-35
0,-31,19,-30,5,-7,9,-26,2,-7,6,-16
6,0,-4,-2,2,-6,10,-25,7,-17,19,-13
12,-18,-1,-29,12,-16,15,-2,13,4,7,-26
3,-10,-7,-7,2,-17,2,2,4,-16,-6,0
14,-16,17,-12,-1,1,2,2,1,-26,-1,-1
4,-10,16,-2,5,-25,15,0,11,-15,12,-2
1,-11,4,6,4,-6,-6,-8,7,-1,-1,-18
4,-18,4,9,9,-18,-2,-20,-4,-22,-4,6
9,8,0,-14,15,-17,19,2,-1,-4,6,-12
-2,-19,-4,-12,-1,3,9,-24,3,7,6,8
-3,-20,-4,10,-2,-6,-2,-13,9,-10,18,4
7,8,-3,0,-4,-14,2,8,7,11,14,-21
3,-6,14,12,18,-8,5,-19,6,-12,9,1
7,9,14,3,-6,-4,-6,-18,2,-1,6,0
-3,-9,0,-3,0,-15,13,-14,9,-2,3,-15
19,-3,9,5,-4,-19,12,-3,10,-2,0,-6
-6,-17,15,10,19,11,-5,4,8,0,19,-6
11,-13,3,7,17,6,12,4,4,-7,11,-16
-2,6,-7,-6,17,12,7,6,19,-7,1,-7
18,-5,2,-4,-4,9,4,-11,-5,13,4,10
2,21,17,-12,17,-4,15,-12,2,5,8,10
14,22,-7,-4,-2,9,-2,14,6,20,-5,5
-2,13,-4,-8,2,-11,1,10,2,-10,-3,12
17,24,18,-7,6,0,6,7,10,2,-3,19
15,0,19,26,-2,0,4,16,13,25,-5,4
5,-1,15,14,16,17,1,-6,7,11,-1,0
-2,24,-7,4,-1,-7,6,7,-5,1,4,24
3,0,4,15,1,1,1,-6,12,-2,3,12
16,17,-6,12,15,25,8,18,6,14,12,16
3,28,-1,12,18,22,15,18,1,12,-1,1
16,10,15,3,-1,19,19,28,1,3,-1,3
15,11,0,1,-1,22,15,18,2,14,12,16
5,16,14,20,-1,1,3,21,6,9,10,32
17,4,8,8,1,2,7,9,14,33,8,18
6,34,7,3,3,3,15,11,-7,22,8,12
-2,-12,16,-26,4,-27,4,-30,-1,-17,5,-30
18,-19,14,1,1,-17,4,-9,3,1,20,-14
0,-1,8,-14,3,-2,0,-31,-3,-26,7,-28
11,-3,13,-2,-5,-7,6,-33,19,-32,-1,-11
4,-10,-4,-10,-1,-13,-5,-18,0,-30,5,-2
2,-27,19,-2,0,-1,4,-15,3,-16,-5,-2
2,-25,2,-13,-5,1,-5,-8,4,1,-5,-8
2,-23,-2,3,6,-9,12,-17,4,-9,-1,-9
14,-12,1,0,6,-9,-1,-8,6,6,4,-11
-1,-24,-1,5,19,-14,8,-1,1,-2,20,-25
17,-9,-3,-3,3,-22,5,-9,-3,-8,-4,-15
5,6,0,4,3,-7,19,-5,0,-18,-4,-9
18,2,-1,-10,8,-14,3,-16,17,0,5,-9
0,3,8,-15,-1,-11,20,1,6,-20,20,-14
1,6,5,11,6,-8,20,-14,12,1,14,12
-2,-7,8,13,20,-3,10,-1,2,-10,14,-8
7,5,20,4,11,-4,4,-17,4,-20,13,-15
10,14,5,7,2,-15,-5,-17,-1,15,20,16
7,-17,9,-17,3,-2,10,-18,-1,8,8,-13
16,-15,20,-15,9,18,-1,17,18,-4,3,9
9,-16,3,-14,19,5,13,-5,-6,-1,-2,-13
5,-15,-1,4,-2,2,16,20,20,9,5,3
-2,-9,10,-10,3,9,12,3,12,3,4,1
0,-5,16,-5,6,12,13,10,-1,2,-5,8
12,14,14,6,-5,9,2,8,-5,20,-2,2
18,-9,2,-9,2,15,3,14,1,24,-2,5
0,19,-5,10,15,8,8,-2,15,-1,3,12
16,8,15,10,18,-9,-1,-9,-1,7,-1,5
10,6,-3,22,15,8,3,28,3,2,3,9
10,-5,-5,6,15,10,1,-1,4,10,3,24
5,12,15,8,15,8,-2,19,3,0,12,21
17,4,-2,16,20,31,9,31,4,9,-2,26
9,16,-4,19,5,1,6,-2,6,23,-2,-4
6,17,1,26,-3,4,-3,11,6,23,0,11
16,13,9,26,-2,27,-1,11,12,34,-2,34
2,33,12,8,1,23,0,6,-1,6,9,5
18,25,13,11,1,0,2,16,11,30,6,14
-1,-24,13,-29,20,-31,-1,-24,-1,-31,9,-32
5,-6,-2,-34,-4,-19,0,-33,10,-7,9,-17
18,-22,19,-30,-4,0,-4,-33,9,-9,21,-4
17,-10,-2,-22,-4,-9,9,-8,6,-28,9,-26
0,-32,21,-26,1,-26,4,-5,-1,-11,0,-7
19,-10,3,-6,5,2,20,-2,1,-6,9,-10
19,-27,21,-29,2,-10,21,-28,-3,-18,21,-26
3,0,-5,-6,12,-21,15,-7,21,-28,3,1
7,3,14,-24,18,3,-3,-14,17,-7,15,-26
1,-27,-4,0,2,-23,17,4,11,-19,-1,1
1,2,16,-8,0,8,0,-11,2,-26,6,-4
12,9,-3,7,5,-24,8,-2,19,7,-1,-3
2,-23,20,-11,-1,-9,17,-5,11,-14,-4,-10
14,-5,4,4,21,2,2,8,12,5,5,-2
0,12,7,-3,-4,-18,4,8,18,14,0,-6
20,14,6,-6,19,-20,13,10,6,9,-1,11
0,-10,7,-15,10,13,8,-16,10,12,8,9
-1,11,0,4,11,-15,21,3,-1,-15,-2,-3
13,17,4,15,0,-3,15,-7,5,-16,7,3
3,9,-4,-9,21,15,7,-4,12,16,-4,9
16,6,16,-14,17,20,4,8,21,-11,-1,-10
12,3,21,13,-5,15,16,20,2,-7,7,-10
3,-5,5,5,0,-11,18,20,4,18,-4,-3
15,1,1,-1,15,5,-2,23,8,-8,8,-10
2,17,2,2,14,-3,21,9,-1,-9,-1,23
2,22,2,19,1,11,8,16,10,8,0,2
7,24,8,17,7,-7,14,8,2,23,-3,14
0,-1,1,15,21,5,12,8,21,3,-4,-7
4,1,17,17,21,-6,9,9,8,21,6,12
16,13,9,-2,-1,-5,12,-7,11,28,-3,29
18,13,-3,27,10,15,8,4,-1,11,3,13
3,17,-2,3,7,16,8,25,-3,1,-1,14
3,16,0,7,4,17,16,-3,-1,19,-1,14
8,12,5,11,3,13,12,23,-2,-2,-4,9
2,30,6,11,4,24,0,29,1,32,8,8
19,13,17,10,20,34,11,30,21,25,14,11
5,27,9,15,10,0,-4,0,5,4,7,35
-1,-30,11,-13,-3,-14,13,-6,8,-5,13,-36
0,-2,-3,-32,13,-31,19,-35,9,-18,1,-34
20,-19,2,-26,3,-31,5,-33,1,-13,-1,0
-1,3,21,-2,12,-26,14,-24,12,0,-1,-26
6,2,22,-15,0,-16,8,-18,7,-11,-2,-11
21,-26,18,-31,3,-25,13,-11,0,-3,3,-25
10,-13,22,-8,22,-25,7,-24,21,4,0,-13
21,-22,1,0,13,-12,3,-2,14,-28,0,0
5,-28,-2,-16,15,8,12,-19,1,-14,2,5
10,-13,-3,-21,18,-27,16,-6,-1,-8,-2,-10
6,-2,-3,-4,15,-20,17,-20,14,-2,10,-9
8,-24,9,-19,16,-12,13,-24,-1,11,4,-2
9,-24,-3,0,16,-7,20,-21,-3,-20,11,-11
15,-3,5,-14,8,-12,16,-13,3,3,10,-20
22,-17,13,-19,9,7,10,9,11,-11,2,-7
5,-16,0,-20,9,-11,-2,-13,7,-3,12,-1
1,16,0,-18,15,-12,-2,-11,-1,-3,7,-4
5,5,13,3,21,-13,-2,13,4,1,7,-18
7,-12,3,-13,3,8,-2,11,-2,7,20,-10
2,19,15,-10,14,4,-2,-10,13,-17,15,-10
-1,15,0,4,1,12,-2,20,22,2,14,3
21,-6,17,18,4,-13,4,-4,0,10,0,6
17,-5,0,-3,11,0,-2,-4,18,-3,8,-3
3,23,9,-8,0,1,20,-6,10,23,10,16
2,11,19,20,22,0,12,-2,4,2,22,15
0,12,-4,-7,0,14,2,10,2,7,13,13
22,26,6,19,0,10,-2,-10,-2,26,15,7
1,5,14,18,0,13,1,27,-2,10,-2,4
8,-8,4,10,22,3,13,4,4,-2,9,18
0,21,-3,16,11,-4,14,-1,5,23,16,-2
5,21,-2,12,13,24,-1,27,21,19,10,2
20,4,-3,10,4,22,-2,8,-1,-5,21,-4
1,23,8,9,14,20,14,24,3,8,-2,31
20,3,0,14,3,11,-1,28,-1,17,-1,28
0,33,16,1,15,23,9,15,1,6,1,17
2,26,14,34,0,3,19,35,-2,6,15,5
12,19,9,3,19,33,17,24,4,8,8,4
2,-18,16,-15,5,-23,13,-17,10,-5,19,-2
0,-16,21,-24,19,-33,-1,-32,13,-29,9,-3
17,-12,20,-5,-1,-15,18,-26,4,-32,-2,-24
2,-12,-1,-25,-1,-23,0,-29,5,-28,-3,1
14,-15,4,-29,-1,-21,16,-5,-1,-8,1,-19
4,-16,2,-29,-1,-18,2,-22,1,-16,1,-22
4,-18,17,2,-1,-18,3,-14,19,-7,1,-20
4,-15,4,-11,-1,-15,21,4,1,-5,0,-26
9,-17,3,2,-1,-11,13,-7,3,-28,14,-26
8,-24,6,2,-1,-2,15,-24,14,9,17,-16
8,-22,-1,3,-1,2,13,-23,1,4,-3,5
15,-1,0,-11,-1,-18,21,-4,5,-13,3,9
22,2,17,-13,-1,6,21,2,21,-24,-3,3
4,4,5,6,-1,3,21,4,1,-23,17,-16
0,-10,6,-14,-1,-7,14,3,-1,0,7,-20
7,15,1,-2,-1,-5,21,8,-1,8,9,3
23,7,-1,0,-1,3,7,-10,1,-19,2,-18
0,5,20,-12,-1,-10,21,13,13,7,-1,-9
22,-3,18,-2,-1,9,1,2,7,15,4,-6
8,19,6,-13,-1,7,21,14,5,4,10,14
3,5,17,9,-1,5,19,-13,21,12,-2,-15
9,9,-3,15,-1,14,21,-3,22,15,2,-5
12,8,3,11,-1,-10,14,10,1,0,0,-4
3,3,-1,-2,-1,20,21,6,17,-4,22,8
2,8,4,9,-1,-9,21,2,7,15,2,11
17,-1,0,17,12,-6,21,6,15,22,2,-11
16,0,2,14,4,6,21,3,21,4,4,22
10,15,8,10,-1,-4,21,13,1,23,0,26
13,23,2,-5,-1,23,9,3,17,10,2,13
2,10,1,2,-1,-1,21,3,5,22,5,20
14,30,9,12,-1,16,5,3,23,-2,18,6
12,28,6,5,-1,15,1,16,7,31,-1,14
13,21,3,24,-1,14,14,17,22,13,-1,30
0,14,3,1,-1,5,0,-1,1,30,21,3
23,27,20,16,-1,30,7,10,-1,-2,22,32
12,24,3,6,10,1,-1,27,-1,4,2,32
13,17,10,32,18,7,9,6,17,21,0,29
15,-25,19,-28,4,-7,-2,-2,5,-29,-2,-10
0,-25,10,-4,-1,-5,24,-8,7,-6,10,-17
16,-25,20,1,10,-16,-2,-33,8,-18,0,-1
0,-11,6,-30,-1,-6,7,-4,-1,-4,-2,-8
0,-12,1,-17,-2,-24,-2,-30,7,-6,-2,-8
14,-22,4,-4,-1,-24,8,-3,4,4,-2,-9
11,-24,-2,-1,4,3,7,-13,7,-8,0,0
-2,3,1,-12,-1,-9,-2,-26,4,4,-2,-19
10,-23,1,-21,8,-9,11,-4,7,-14,9,1
-1,3,3,-5,-1,-13,20,-12,7,-16,-2,-18
-2,2,8,4,21,3,11,-20,4,-11,-2,10
-2,1,20,4,-1,-6,24,8,6,-10,9,-12
-1,-11,3,7,-1,1,-1,-11,4,-11,7,-18
-2,-2,3,4,8,5,-1,-2,4,-12,7,7
-1,1,20,0,8,-5,21,-17,5,12,7,3
-1,1,6,9,8,-6,16,0,-1,-8,7,-1
-1,-1,0,-14,-1,-9,13,9,5,0,-2,-3
-1,1,0,12,9,17,-1,0,4,-9,-2,14
-1,0,18,11,6,15,13,7,6,12,-2,14
-1,4,2,-1,9,-9,16,8,4,-9,0,-10
-1,1,10,12,5,15,17,-16,8,-9,0,11
-1,1,17,-12,7,-8,-2,-8,3,17,0,-10
-1,1,4,-4,7,3,-1,10,3,-4,7,-5
-2,4,16,8,6,16,5,16,5,-2,0,-9
-2,2,-1,2,8,23,17,-2,3,-10,0,-10
-1,-1,-2,4,8,18,19,18,2,20,-1,24
-1,19,-2,6,6,-3,8,15,4,21,0,-9
13,-2,10,-1,7,11,-1,-1,2,7,0,-9
-1,-3,1,14,20,7,4,19,-1,3,7,3
-2,-2,18,1,4,-2,11,-7,2,5,-1,29
15,-1,19,-5,6,18,11,19,-1,2,5,12
-2,29,-1,11,21,3,12,22,-1,31,7,5
0,17,-1,3,7,29,15,9,-1,1,24,4
0,20,23,20,5,26,21,24,-2,3,4,2
16,8,0,15,2,31,18,31,-1,0,4,0
0,7,16,3,7,9,-1,28,4,2,3,27
17,7,-2,6,-2,4,-1,30,-1,1,3,11
25,-18,7,-35,10,-36,-1,-31,0,-1,8,-29
1,-31,23,0,8,-7,8,-29,4,-8,3,-34
13,-2,13,-8,0,1,8,-30,4,-25,1,-5
1,-1,24,-18,0,0,-1,-23,0,-3,7,-8
16,-8,14,-3,8,-24,-1,-17,0,1,5,-13
17,-20,6,-6,-1,-18,7,0,-1,3,0,3
17,-23,23,-15,0,-24,-1,-13,3,4,-1,-26
-1,-25,1,7,-1,-1,-1,-9,8,-22,7,-8
13,-20,4,2,0,0,7,-3,-1,3,7,-13
0,-21,12,6,0,-22,9,-18,3,-7,-1,8
0,-19,15,4,4,9,-1,-5,3,-24,0,-26
-1,-16,8,-11,11,-20,8,10,0,2,0,-12
0,4,3,-20,5,-24,7,-5,1,-3,8,-6
0,-12,6,-3,4,-16,7,-9,1,3,0,-18
-1,-7,19,6,-1,-1,8,6,-1,14,-1,-16
-1,1,1,6,-1,-2,16,-18,-1,3,4,9
-1,-2,25,15,9,3,0,12,2,13,0,-12
-1,0,24,2,0,13,-1,9,0,7,0,-4
0,-4,1,10,-1,13,3,-13,0,7,4,11
-1,3,5,-6,9,14,8,9,3,-10,0,-8
-1,0,3,12,4,-8,6,14,-1,-9,-1,-1
0,9,23,-2,-1,1,8,1,0,8,4,-9
0,-2,-1,6,5,18,5,-12,-1,15,-1,-7
15,11,23,10,-1,1,11,5,-1,-3,-1,0
-1,15,3,14,6,16,8,-5,1,8,-1,-4
0,-3,-1,0,-1,16,1,8,0,23,0,5
13,-3,1,-7,-1,16,-1,2,0,11,-1,19
-1,22,24,26,6,24,5,-4,-1,0,-1,9
10,-3,0,4,8,-5,-1,14,3,0,0,10
-1,26,16,23,6,28,6,11,0,12,0,12
0,-3,3,-3,15,17,5,7,0,25,0,14
16,5,2,20,-1,24,7,27,0,13,4,-1
-1,31,3,4,0,25,-1,25,-1,0,-1,15
1,30,11,31,9,5,-1,-3,0,25,0,20
1,11,0,3,-1,3,7,28,-1,26,-1,26
17,11,14,19,16,25,6,33,0,23,-1,29
11,3,16,34,9,25,10,31,0,22,0,3
20,-34,22,-35,17,-22,12,-28,0,-17,1,-32
18,-13,13,-18,13,-22,7,-3,1,-19,1,-28
2,-25,5,-13,1,-33,12,-25,1,-14,1,-10
1,3,25,-8,0,3,0,-10,1,-18,0,-10
2,-2,0,1,1,-29,6,-2,1,-15,1,-7
2,-14,18,-6,22,-1,6,-17,1,-21,1,-1
10,-25,25,0,0,-20,4,-3,1,-23,4,-22
1,5,24,-12,0,-14,4,-15,0,-13,1,4
1,5,1,4,18,-27,0,-3,0,-10,2,-22
16,-4,0,4,1,-19,0,-9,0,-10,2,-1
1,5,2,-16,1,-8,6,-11,1,-26,4,-24
13,-18,0,0,8,10,0,-9,1,-11,2,3
0,-16,0,2,25,-7,0,-11,0,6,14,-5
1,-14,20,-19,21,11,7,10,0,-3,0,-2
0,-11,2,-8,12,2,23,3,0,-20,1,5
0,-9,2,9,9,8,20,13,22,3,25,9
0,5,3,6,0,4,18,-9,0,-19,1,12
0,5,20,8,11,-18,0,11,0,-8,3,-2
1,7,4,6,11,0,12,-2,1,-6,4,-13
0,6,1,2,12,-9,0,9,0,4,1,11
0,-3,4,9,1,-1,0,11,5,-11,1,1
1,11,0,4,9,-4,0,-11,0,-3,4,10
1,13,1,3,10,6,12,20,0,9,0,2
0,-3,4,-6,1,-4,0,22,0,0,0,-1
0,17,0,6,10,4,9,-12,1,-3,7,13
17,12,0,6,0,1,9,10,2,0,2,11
0,-3,2,-6,12,12,0,-1,1,-4,0,-10
14,-4,22,9,17,-6,25,17,0,5,0,11
1,-4,21,9,0,3,0,23,1,-5,7,21
12,-5,11,1,0,2,8,19,0,18,3,4
0,-3,1,4,0,16,8,12,0,20,8,-4
18,3,2,11,0,1,0,31,0,30,0,9
0,-2,13,26,0,28,0,2,0,23,8,10
2,12,24,27,0,-3,1,28,0,29,0,2
2,4,6,13,1,34,6,29,0,-2,1,4
17,11,0,4,0,33,7,18,0,7,0,1
19,5,26,34,0,2,7,20,0,5,0,1
