-23,-23,-20,-28,0,-17,-19,-27,0,-4,-22,-29
0,-33,-26,-10,0,-30,-9,-9,-24,-33,0,-5
-17,2,-26,-4,0,-26,-6,-29,-21,1,-2,-31
-14,-22,-3,-4,0,-11,-8,-23,-21,-30,-6,-6
-1,-5,-21,-2,-12,-8,-20,-19,-1,-13,-3,1
-2,-15,-23,-22,0,-8,-21,-10,0,-4,0,-11
-16,-18,-25,-5,0,1,0,-30,-1,-29,-8,-9
-6,-21,-26,-11,0,-8,-3,-3,-1,-17,-10,-29
-7,-22,-24,-28,0,-24,0,-23,-26,-27,-22,-5
-2,-10,-26,-10,0,-9,0,-11,0,2,0,9
-2,-3,-25,-14,0,-11,0,-14,-3,3,-5,7
-1,-8,-4,6,0,-5,-24,-19,-6,-6,-12,6
-6,-21,0,10,-10,-12,0,-14,-1,12,-20,-18
-7,-20,-7,2,-15,-20,0,-10,-24,-13,-23,-7
-17,-9,-2,3,0,-20,0,-7,-2,-19,-22,-6
-1,-3,-8,4,-11,-12,0,-12,-6,-7,-7,10
-20,-4,-9,1,-13,-11,-3,4,-12,13,-8,-12
-1,1,-4,3,-14,-2,-24,-15,-1,13,-14,5
-9,-16,-26,-7,0,15,-11,-8,0,-11,-22,-10
-1,4,-1,14,-10,3,-24,3,-25,-3,-24,2
-15,-5,-1,-15,0,-6,0,-13,0,20,-1,9
0,-2,-13,4,0,-1,0,-7,-3,15,-13,3
-2,6,-22,17,0,-2,-24,-9,-26,-3,-10,10
-1,3,0,11,0,19,0,7,-24,-7,-23,7
-6,-10,0,-7,0,-5,-3,13,-12,16,-18,9
-14,1,-1,-5,0,19,-24,7,0,-8,-3,21
-2,8,-1,15,-10,-5,-3,13,-22,12,-15,19
-1,6,-1,-7,0,17,-24,13,-2,19,-7,24
-9,16,-2,24,0,19,-20,10,-2,10,0,26
-13,29,-26,8,-14,1,-24,8,-4,18,-6,8
-8,4,-1,21,0,22,-8,19,0,18,-8,24
-10,7,-1,4,0,24,-6,6,-10,28,-6,6
-1,20,-26,10,-14,28,-1,8,-2,31,-26,28
-2,22,-1,9,0,3,-25,30,-1,0,-24,11
-1,26,-21,6,0,9,-25,26,-5,17,0,33
-14,23,-3,17,0,15,-25,28,-20,34,-3,24
-18,36,-13,35,0,0,-25,26,-25,33,0,32
-7,-36,-11,-17,0,-11,-2,-33,-2,-35,-11,-14
-21,-25,-24,-3,0,-25,-22,-19,0,-33,-22,-12
-14,-6,-25,-29,0,-23,-16,-30,0,-14,-2,-13
-16,-6,-19,1,-23,1,-6,-14,1,-15,-17,-24
-22,-3,-23,-20,-9,-15,-18,-30,-23,-27,-9,1
-12,-14,-4,-23,-6,-12,-16,-18,-4,-28,-6,-9
-10,-30,-2,-19,-5,-24,-19,-14,-24,6,-6,-21
-22,-2,0,-18,-11,4,-6,-11,-3,-10,-25,-14
-13,-2,-7,3,-21,-12,-8,-14,-5,-28,-18,-1
-13,8,1,-5,-10,-4,-5,-18,-16,-22,-1,-1
-15,-1,-22,0,-10,-19,-11,5,-14,-10,-21,5
-23,-4,-4,-14,-5,-12,-24,-23,1,1,-16,-25
-22,-7,-2,9,-22,-15,-12,-15,-2,10,-17,11
0,8,-1,-15,-21,6,0,-21,-6,2,0,-20
-13,0,-6,-12,0,0,-12,-19,-22,14,-16,-13
-1,-6,1,-2,-11,-7,0,-4,-7,-4,-13,-11
-20,-2,-10,-10,-24,-4,-24,-3,-23,3,-7,-14
-18,-8,-5,-8,-7,-8,-7,-16,-11,6,-3,-7
-5,-12,-14,7,-22,1,-24,0,-13,6,-1,-8
-19,-2,-3,11,-22,1,-24,19,0,14,-4,14
-5,-9,-6,-7,-7,-3,0,-3,-13,1,-13,0
-1,11,-4,18,-10,-9,-12,19,-17,21,-10,-7
-18,-4,-15,-10,-18,13,1,14,0,2,-16,-1
-23,7,-23,11,-6,-9,-4,-10,1,6,-18,-6
1,-11,-1,8,-1,-9,-12,0,-2,2,-6,-8
-23,12,-24,-8,-25,-10,-22,-4,-11,19,-23,20
-14,25,-1,19,-14,12,-15,1,-2,17,-19,14
-21,13,-3,8,-14,7,-8,-5,-3,1,-6,3
-22,-1,-22,11,-13,-7,-22,-2,-23,-4,-23,3
-13,10,0,22,-17,28,-8,13,-5,22,-4,6
-22,22,-8,4,-19,17,-11,-3,-11,18,-18,-6
-22,-2,-3,-5,-10,8,-14,-1,0,19,-5,-1
-22,0,-1,31,-24,0,-8,3,-6,16,-15,18
-20,24,-14,-3,-23,17,-3,7,0,27,-15,24
-1,2,-24,0,-24,10,-19,19,-13,33,-21,2
-2,27,-4,25,-17,35,-24,-1,-1,4,-2,21
-19,0,-15,29,-18,16,-14,23,-10,29,-22,1
-12,-20,-3,-12,-13,-17,-19,-5,-12,-5,1,-26
-13,-27,1,-30,-12,-30,-1,0,1,-12,-22,0
-20,-34,2,-11,-15,-2,-23,-30,-1,-25,-22,-17
-4,-19,-14,-6,-2,-8,-20,-19,-2,-3,2,-10
-11,-31,2,-23,-4,-6,-21,-5,-1,-28,-9,-31
-18,4,-23,-1,-5,-1,-20,-15,2,-16,-22,-21
-8,-14,1,-16,-19,-22,-21,0,-2,-22,-5,-13
-17,-4,-15,-4,-1,-23,-23,-28,0,-29,-16,-27
-21,-13,-5,-5,-1,-21,-12,-13,2,-22,-19,-28
-22,-11,-23,2,1,-22,0,3,-15,-6,2,0
-13,-4,-18,7,-12,-19,-3,6,2,-9,-18,7
-9,-12,0,-23,-1,8,-6,-3,-2,2,2,-24
-11,0,-3,-3,-3,-13,-2,-7,-2,-18,-14,11
-12,-15,-23,-2,-18,-10,-11,8,-2,-19,1,-12
-8,-9,-22,1,2,13,-13,-11,-22,-4,-22,8
-9,12,-5,-17,-1,9,-8,-16,2,2,2,-13
-17,-4,-16,-10,-10,11,-8,0,-9,7,-5,-18
1,-5,-20,2,-1,10,-19,-10,-13,2,1,14
2,-10,-3,4,-1,6,-1,16,-6,-16,-21,7
-19,0,-17,-10,-1,-15,-17,12,-23,15,0,-10
-12,16,0,5,-22,12,-23,-10,-21,8,-22,-7
-5,-5,-13,12,-8,-2,-1,-3,2,-11,-19,2
-14,-4,-20,20,-7,4,-10,21,-8,-9,-21,-8
-5,6,-6,15,-17,-11,-9,3,-12,3,-21,13
-13,-2,-8,4,-3,3,-2,23,-7,-12,-9,6
-21,3,-18,19,-3,10,0,24,-14,25,2,-11
1,-3,-22,21,-13,11,-10,3,-1,12,-1,7
-18,17,-19,3,-10,13,-6,-8,-3,24,-10,2
-17,19,-2,5,-8,24,-4,4,-2,15,-6,24
-10,20,-1,0,-22,4,-3,11,0,22,-5,3
-10,-5,-10,29,0,-2,-3,7,0,19,-6,4
-9,11,0,19,-2,16,-17,7,-5,14,1,26
-14,10,-11,-3,-7,11,-21,11,-8,31,2,14
-8,23,-2,7,-9,5,-3,28,-8,27,-7,27
-16,31,0,13,-20,24,-5,2,-1,8,-8,12
-6,25,0,25,-4,3,-11,0,-11,11,0,17
-19,35,-21,11,-1,19,-6,23,-11,29,-8,36
-14,-1,-9,-26,-16,-2,0,-6,-18,-19,-17,-2
-13,-6,-11,-23,-1,-18,-7,-19,-17,-3,-16,0
-7,-32,-4,-22,-4,-24,-9,-23,-1,-18,1,2
-17,-12,-7,-30,-21,-2,0,-28,-1,-26,-6,-11
-4,-5,-6,-5,2,-24,-7,-30,-8,-18,-13,-15
-3,-4,-23,5,-1,-9,-11,-13,-4,-23,-12,-1
-8,-13,-20,-27,-10,-19,-4,-25,-10,-27,3,-18
-1,4,3,3,-13,-3,-7,-11,0,-9,2,-7
-1,-22,-19,2,-19,8,-13,-14,3,-18,1,-22
-7,3,-4,0,-16,-22,1,-18,2,8,-18,-13
-6,7,-2,1,-20,-26,-1,5,2,3,2,-24
-12,-8,1,-9,-5,-3,-7,-18,-1,-25,-5,4
-4,1,1,-17,-19,9,-10,-13,1,7,1,-13
-3,-1,-1,-22,-20,-18,-3,-19,-2,6,3,-12
-18,-21,-2,9,-5,4,2,12,1,-8,-10,6
-12,11,0,13,-20,5,-20,-13,-2,14,-8,-1
-17,12,-2,5,-16,-11,-17,3,1,-10,1,-20
-2,-4,-2,1,-19,-11,-2,-18,-2,15,-18,-12
-7,16,3,-16,-16,-14,-3,17,1,12,-7,12
-15,14,3,-17,-20,11,-6,-4,-2,-1,-11,11
-2,11,2,16,-6,-10,-7,-5,-2,12,1,-14
-6,17,0,4,-4,-8,-16,20,-23,-3,-12,0
-15,-11,2,10,-10,15,-15,-5,1,13,0,5
-1,-11,-6,16,-19,-11,-8,23,2,-9,-13,18
-17,18,0,0,-11,-1,-20,22,1,21,-19,20
-14,13,0,-2,-16,11,-14,3,0,7,-15,2
-2,15,-8,25,2,-7,0,10,2,1,0,0
-19,-7,-3,13,2,0,1,9,-3,-6,1,10
-14,24,-1,6,-21,28,-8,3,0,24,0,18
-4,8,-1,11,0,16,-6,11,-2,20,-13,17
-16,-2,1,28,-19,16,-21,18,-2,16,0,7
-3,11,0,15,-6,-3,-17,9,0,12,0,18
-14,13,2,18,-16,8,-7,28,-2,11,-19,26
-16,15,2,1,-5,1,1,13,1,-2,0,15
0,-1,-20,19,-15,-1,0,0,-2,4,-5,31
-14,13,-8,33,-1,11,-16,4,-20,3,-19,21
-3,13,-7,8,-20,1,-3,2,-14,34,-20,12
-13,-11,-21,0,-4,-26,-19,-12,-18,-12,-6,-11
-14,-7,-2,-10,-1,-7,2,-33,-10,-5,2,-2
-13,-30,-13,-13,-15,-4,-16,0,2,-30,-10,-28
-4,-5,-21,-26,0,-18,-3,-8,-1,-13,-3,-17
-2,1,-8,-16,-15,3,-12,-32,-1,-15,-6,-16
-2,0,-10,-5,-1,-21,-3,-25,-3,-27,-7,-19
-4,-3,1,1,2,4,-6,-18,-14,-9,-8,-16
-8,1,2,-25,2,4,-22,-11,-1,-5,0,0
1,-25,-22,3,-9,-28,-21,-25,-2,-19,1,-21
-14,-21,-1,-9,-11,-3,-11,3,1,-19,2,-19
1,-11,-4,-23,1,-16,-19,-14,2,-24,-12,-6
-12,-9,2,-19,-13,-21,-19,-16,1,1,1,-10
-14,-17,-5,10,-15,12,-9,-24,-1,-24,-9,1
0,1,-8,-5,-2,4,-8,5,1,-7,-4,-12
-11,-21,-5,-15,-20,1,-15,-19,-2,6,-17,-21
-1,-7,-6,0,-13,2,-18,-1,1,-9,1,-15
-15,-19,-3,-4,-10,6,-15,-9,-2,6,1,-11
-5,-4,1,4,-11,-19,-5,-18,2,-2,1,-11
-17,-11,-1,-6,-6,-2,-1,2,-4,-13,-18,6
1,-17,-7,2,-1,1,-2,-10,1,-11,-7,13
-15,17,-7,-2,-8,-16,2,-10,-2,7,-8,4
-14,-13,3,-5,-9,15,-4,-3,-2,16,1,-11
-14,16,-14,3,-12,-2,-2,13,-4,7,-14,-4
-3,11,-5,22,-19,14,-5,9,-15,-10,-18,-12
-17,22,1,-6,-3,3,-4,8,-2,8,-7,-5
-1,17,-8,21,3,2,-19,20,-2,10,-8,-5
-10,11,-11,11,-8,-9,-13,2,0,18,-9,5
-2,19,1,-4,-12,-9,-6,27,-2,7,0,23
-4,26,1,9,-13,-8,-2,14,4,-3,-13,2
0,27,-4,-2,-10,-7,-4,2,-7,1,-12,26
1,-2,-19,28,-18,25,-20,5,-20,7,0,22
-15,26,-13,23,-7,28,-20,12,-20,3,-14,15
-12,17,0,-2,-14,7,4,20,-19,9,1,1
-17,22,-16,-3,-21,33,1,19,1,12,2,17
-18,2,-10,8,-20,7,-11,10,-2,16,1,1
-13,21,3,7,-18,4,-11,13,1,4,3,6
-9,14,3,28,1,14,-18,9,-5,22,-9,33
-18,-14,-8,-10,-2,-1,-21,-31,-3,-28,1,-14
1,0,5,-24,-9,-23,-3,1,3,-1,-5,-4
-11,-16,3,2,-17,-20,-3,-2,-20,-18,-16,1
1,-29,-20,-27,1,-7,-12,2,-1,-11,3,-4
-3,0,2,-8,0,-9,-21,-31,2,-29,1,-8
-8,-1,1,2,1,5,-10,-23,1,4,-7,-14
0,2,-6,-25,-1,3,-14,4,0,-5,2,1
-3,4,1,-4,-15,1,4,3,1,-5,2,-27
-4,1,0,-24,-14,-10,1,-1,-2,6,-8,2
0,7,2,-19,0,0,-1,5,4,-18,-18,7
-6,2,-9,4,1,-18,-3,5,4,-20,-13,-8
-13,-5,-20,3,-16,-12,-11,9,2,-14,1,-6
-13,-6,-9,4,0,-4,-14,-17,-2,8,-18,-3
-13,9,2,-8,-3,1,-16,-21,-2,-7,1,0
0,4,0,12,-17,-21,-14,-14,-3,11,-18,6
-7,13,0,8,-10,-16,-4,-21,1,13,1,-13
1,-8,-9,-19,-14,8,-12,-20,-3,-4,1,0
-1,0,2,-5,-18,10,-1,12,1,-1,0,15
-9,-17,-12,-3,3,-2,-1,-17,-4,15,5,-13
-3,-1,3,1,0,-15,-10,9,0,14,-11,13
-13,6,-10,15,2,19,-11,20,2,-14,-13,-12
-10,15,-16,-8,-4,-7,1,5,-4,1,1,1
-9,15,-11,-1,0,-5,-3,-10,-12,-14,-9,-6
-13,14,-18,0,-17,-4,-1,-7,-1,0,1,-9
4,24,-11,18,-4,11,-10,10,1,21,-13,18
-13,13,-14,15,-1,0,-11,-1,5,14,-10,8
-13,1,-1,-7,-18,10,-20,20,-3,0,-14,18
-9,16,-1,20,-7,3,-20,11,2,4,-14,21
-8,17,1,1,4,13,5,22,-7,-4,-14,10
-17,11,-19,21,-12,-6,-6,-3,-11,16,1,10
-4,-5,-16,19,-16,-1,-20,28,-4,8,3,-1
-9,31,-5,26,2,27,-17,31,-16,8,-10,-4
-7,32,-1,0,-8,0,2,25,1,25,0,20
-10,10,-3,1,-15,32,2,28,-5,15,-11,22
-6,10,-8,9,1,29,3,22,-2,29,-3,20
-17,34,-14,11,-16,15,-9,34,-4,29,-2,-1
-17,36,-11,26,-15,28,-13,24,4,13,-17,26
-17,-13,-11,-1,-5,-22,2,-29,-7,-1,-18,-29
-11,-29,6,-18,-9,-26,-5,-33,-3,-25,-1,-24
2,-25,-9,-10,-7,-24,-11,-10,-12,1,-3,-17
0,1,5,-13,-10,0,2,-19,2,-13,6,-23
-1,0,2,-26,1,-6,-13,1,2,-17,-7,-5
-1,2,-6,-17,-8,-11,2,-18,-2,3,-14,-10
-1,-13,5,6,1,-5,0,-27,-3,-9,2,-15
-2,0,-11,-13,1,-12,2,-25,2,-17,1,-8
1,5,-1,4,-1,5,-13,-4,4,-20,2,-22
-5,-9,-1,4,-2,1,-9,-27,3,1,1,-7
-14,-6,1,-17,-7,6,1,4,1,-8,-14,-17
-12,-10,-11,-7,-19,-16,0,-25,-1,10,1,-20
-14,-23,5,-8,-6,-18,0,4,3,-1,-3,7
-14,-15,-16,-23,-17,-9,-12,-7,4,-10,5,12
-16,8,6,-14,-4,7,5,4,-5,-20,-16,-7
2,-21,-19,13,-2,-4,0,-5,0,12,2,-18
-16,-11,0,-3,-15,-2,-19,-9,-1,13,-7,0
-13,16,-9,10,-16,-6,1,-17,2,-2,1,9
-18,15,2,12,-7,18,3,-4,-3,-1,1,14
-17,-17,2,-6,-1,-11,-2,13,-4,-1,-12,-1
-3,0,-3,6,-12,1,-1,20,-2,20,1,-10
-6,13,4,-10,-12,-5,-15,13,-3,-8,-13,5
-3,4,-4,-14,-11,-8,-8,-7,5,13,-3,21
0,-2,-9,-7,-12,12,-11,10,-9,18,-7,-4
5,18,-11,-11,4,6,-2,-1,-15,6,-7,17
-15,8,0,23,-14,0,-10,-5,-6,7,-13,-6
-6,3,-12,13,-14,14,-5,13,0,7,-14,-6
5,1,-15,-6,-10,21,5,26,-4,6,0,25
-6,17,-11,9,-13,2,-4,25,-17,14,-11,13
-2,14,-1,19,-15,-7,-18,7,-12,16,-15,14
-1,-5,-13,24,-12,16,-4,9,-13,27,-5,10
-18,3,-4,25,-14,-3,-15,20,5,20,0,26
6,2,-2,20,-2,25,2,-1,-13,1,-8,16
-18,-2,-10,31,-16,1,1,24,6,28,-7,0
-18,29,-15,20,-19,-2,-14,7,-13,6,-17,20
-8,13,-17,9,-15,22,-10,29,-8,0,-13,21
-18,30,-3,28,-3,0,-10,20,2,32,0,30
-16,-20,-4,-28,2,-36,-14,-1,-17,-9,-3,-10
-5,-14,-19,-32,-15,-11,-4,-7,0,-14,3,-2
0,-18,1,2,3,-25,-12,-8,-13,-18,-7,-16
-2,-2,5,-30,2,-17,-16,-23,0,-4,-9,-32
1,0,3,-27,-9,-14,1,-3,-3,-22,-8,-4
0,-1,-18,-8,-18,-26,0,-14,2,1,-14,0
0,-2,-11,-22,-2,4,5,-18,-1,1,1,-13
-2,1,1,-6,1,6,-1,0,3,2,2,-2
0,6,-6,0,-2,-27,-13,3,0,0,1,-12
-12,-7,0,2,-9,-6,-9,-18,2,3,-14,-15
1,-1,-15,9,1,-24,-14,-12,-16,-5,-11,-3
2,-4,-5,9,-16,-4,-16,-11,-16,-10,-13,-2
-16,6,-10,-22,-16,-11,-7,-7,-9,-14,-4,-14
-13,-10,-2,-15,-8,-3,-15,-12,-18,12,-2,-5
-16,-2,-7,14,-16,1,-15,6,-11,2,-13,-22
-16,-19,-6,9,-1,-12,4,-11,-6,-19,-11,-18
-14,16,-12,-9,0,-12,1,-5,3,2,0,9
-17,-7,0,-13,-16,-15,-11,-14,3,2,-14,-10
6,-9,3,-2,-2,2,-12,-12,2,-17,-5,7
-2,2,-16,-1,-16,0,-10,-6,0,-17,-2,-3
-4,10,-18,-15,-16,-13,-14,2,-1,-16,1,12
-16,17,-2,4,1,-1,-9,8,-3,13,-14,-13
-4,20,-14,-4,-13,12,-9,-2,-4,14,-19,-5
-16,5,-8,1,-4,-9,-14,-6,-3,13,-14,13
-18,22,-5,-10,-17,-2,-9,-4,-8,0,-7,-1
-13,16,-6,-9,-7,-8,5,4,-9,-8,5,6
-17,14,-12,24,0,-8,-1,7,-11,1,5,-1
6,17,2,-2,0,-8,5,24,-11,7,-9,10
7,7,-18,14,-2,-3,-17,18,-9,-3,-9,-2
0,2,-7,-7,-11,5,-15,15,-4,26,7,-4
-3,-1,-6,19,-17,27,6,9,-6,0,-1,19
5,19,1,27,-14,26,6,-1,-5,3,4,19
6,21,2,26,5,28,-13,3,-4,15,-5,11
0,5,6,10,-6,10,6,24,-17,6,-10,2
-17,20,-7,3,-16,9,-10,31,-2,17,-16,5
-16,30,-4,-1,4,-1,-7,9,-2,30,-13,17
-16,8,-3,29,-13,20,-16,32,4,36,-3,2
-7,-11,-6,-18,-12,-35,-1,-17,6,-30,0,-19
6,-30,7,-16,7,-2,-11,-34,2,-27,-15,-22
3,-22,-8,-13,2,0,1,-1,3,2,3,-33
-2,-14,-9,-13,-7,2,4,-10,-14,-15,7,-4
-9,-17,-7,-10,-15,-26,-14,-15,2,-2,2,-20
3,-2,-18,-22,-15,5,-1,3,0,-20,-14,-21
2,0,-2,5,-12,2,-8,-23,-5,-4,1,-2
1,0,-8,-9,-2,-20,4,-24,1,-6,-9,2
2,1,-9,-1,6,-28,-9,-20,0,-13,-7,-19
-4,-10,-17,-12,-18,-19,3,9,-3,-9,5,-11
-13,2,-6,7,7,9,-6,-6,2,-22,-10,-25
4,11,2,-23,3,11,-13,-13,2,-23,-8,4
-16,-13,-1,9,7,-7,-13,-4,8,-15,-2,-2
-3,-13,-13,-4,-5,-18,-8,-19,8,7,-12,-6
-4,-18,-4,7,6,-1,5,-6,-1,-10,0,6
1,-14,4,-13,-15,-13,3,-2,-3,3,1,-20
-4,-8,-14,-8,0,0,-1,16,-5,-16,6,-4
2,-10,-11,16,-15,-7,-8,-18,4,-10,-8,-1
8,-11,-14,-1,-6,0,-17,13,-5,-2,-6,-11
-8,18,2,1,8,17,-17,8,-6,4,3,8
-16,-1,2,5,-3,12,-16,17,-6,-12,-7,-10
7,-10,-5,2,7,8,-14,16,-7,21,-1,5
-13,12,5,7,5,1,2,11,0,9,-2,-2
8,-2,-5,10,-4,23,-5,11,-6,13,-8,-11
8,13,-6,-9,-2,-4,1,-4,4,-9,-4,9
8,22,-13,6,-17,-4,-8,21,3,0,7,-7
8,13,1,14,-1,14,-6,22,1,-4,6,21
-17,23,-12,-8,-14,19,7,14,-4,0,-6,24
-6,-5,-10,16,-1,25,-15,3,1,-6,-4,15
-1,-2,3,-5,-14,25,-14,1,-1,18,-16,14
1,-4,3,29,7,14,-2,18,-10,7,-14,23
-16,13,-7,8,-4,-3,-1,19,-6,4,-11,3
-4,10,-6,21,8,-3,-17,11,-16,3,2,16
-17,28,-2,22,-15,22,7,4,-13,16,-7,14
-7,10,-1,-1,-4,18,1,5,-9,1,-4,31
6,35,-1,19,-17,12,-14,23,0,34,-8,20
-13,15,-8,9,-13,2,-14,29,-14,23,7,8
0,-11,-6,-29,-17,0,8,0,0,-25,6,-35
0,-9,-10,-26,-1,-28,-11,-7,7,-19,8,-19
6,-7,-6,2,5,-33,-17,-7,-12,-8,-3,-2
-11,-14,-6,-5,7,-32,-9,0,8,-16,6,-5
-6,1,-6,0,-10,0,-5,-18,5,-27,-9,-10
-10,-12,-4,-19,-10,-24,-9,-28,-1,0,9,-24
0,-2,-12,-24,7,-24,-3,6,5,-17,-13,-2
5,1,6,-25,-7,-16,-15,-1,-3,-19,9,-15
-3,-10,-6,-11,-8,8,1,-12,-6,-3,-15,4
5,-24,1,7,-9,-23,-15,3,0,-24,-12,-19
-6,5,-12,-3,-15,9,-8,-5,5,10,-9,7
3,11,-2,-14,-3,-6,-3,-18,-1,-4,-1,-8
-10,-12,-1,-13,5,-22,3,-14,0,-4,-1,-6
-10,-10,4,-10,-14,-13,-12,-18,-7,-19,9,-1
9,-6,5,14,-14,-15,-7,5,-10,-6,1,-22
-2,4,-15,-3,-6,11,4,12,-11,15,1,6
2,-16,2,16,2,-6,6,16,-14,-17,4,15
7,-11,-5,-17,9,-16,2,12,-8,-17,7,-7
-3,11,-3,-5,5,5,1,17,2,-8,0,11
5,12,1,15,3,15,1,-17,4,9,-8,13
-10,-7,0,-3,-3,-1,-4,3,8,-2,4,-6
-10,9,8,6,8,19,-6,6,-6,-6,-12,5
7,-7,-12,7,6,2,2,-12,-14,12,-4,-1
0,8,-12,5,-5,1,-17,12,-1,6,-15,5
-16,18,-4,-4,0,4,2,-11,6,-5,-15,14
9,20,9,7,4,11,0,0,6,20,5,19
1,-8,-6,25,1,15,7,-10,-2,24,-2,4
-1,1,2,5,7,14,-11,-3,-14,26,-11,7
-16,20,-11,18,0,5,-11,-7,-9,9,-3,-6
-1,-1,7,15,2,27,-3,20,0,2,5,-7
-1,16,-17,-4,1,21,-17,11,6,13,-12,-1
-14,21,-8,0,-4,-2,0,25,-10,5,-8,1
3,20,4,6,-10,21,0,5,-2,13,6,10
-16,-3,0,-1,-11,11,-10,20,2,15,-5,33
8,27,-4,3,5,8,-5,28,-2,33,-6,12
-7,23,8,17,5,-1,-11,7,3,24,-15,28
7,10,-7,36,3,18,-6,6,7,7,2,36
3,-23,-3,-18,3,-23,0,-23,4,-26,3,-16
-3,0,0,-15,-15,-29,9,-35,-10,-7,-5,-33
9,-31,-7,-22,6,-28,3,-4,8,-22,5,2
-7,-3,-3,-29,-13,-11,-7,1,-4,-26,-1,-2
3,-20,-13,-5,4,-13,-15,-10,-1,-7,-5,-32
9,-25,0,-25,-13,-15,10,3,-2,4,-12,-22
-1,-3,-7,2,-5,-1,-11,2,-2,-29,5,-8
-12,-28,-13,-23,4,1,-6,-26,-2,-22,-7,5
0,0,-7,-9,7,8,2,0,-2,-12,10,-15
-6,-7,-7,-4,1,-15,2,-12,8,-18,-10,-2
-9,-4,4,-13,-1,0,-14,-23,-11,-12,-2,-23
0,-14,-5,-21,-12,-4,10,7,2,-6,-9,8
-15,2,-10,12,8,-13,-5,-22,1,-20,10,-5
-15,10,6,12,1,13,-9,-1,-11,-3,5,-6
8,-9,-8,-21,7,6,5,-17,8,2,-4,-8
10,-18,2,-1,-2,-18,5,-13,1,-19,5,-12
5,-16,-2,-20,-9,-5,-13,-3,9,-5,1,-18
-6,0,4,-13,-13,15,0,-19,3,-8,-10,-11
6,-1,7,-18,3,5,8,2,-14,3,2,1
-5,3,-11,16,-13,13,1,8,-4,6,-7,10
6,-9,-12,4,0,20,8,6,8,5,-1,-14
-9,8,0,18,-6,-5,-12,6,2,-3,2,-3
-1,-3,0,-1,4,2,1,21,-2,-2,-5,-7
-12,8,0,19,-7,-1,8,4,3,9,2,-4
-10,2,2,1,7,14,-9,15,2,-6,-1,10
-16,-9,8,12,1,3,-11,-3,-4,-1,-7,7
-15,17,-4,-6,-11,4,-10,19,0,26,-7,15
1,0,-7,17,0,1,1,12,-12,-6,-3,23
-15,16,-9,28,-6,26,-16,2,-7,8,-5,13
2,-1,-1,24,-1,18,9,18,-9,6,-2,-6
1,30,4,24,10,19,10,-4,6,8,4,27
-6,3,0,4,-4,28,10,20,-3,28,4,31
4,19,-8,3,3,22,-11,9,-9,31,1,23
-7,15,6,0,9,23,-4,33,4,8,-9,0
8,31,8,25,-12,16,5,4,-4,10,-14,26
-2,30,-16,-1,-3,18,1,30,9,7,-6,13
2,24,3,22,-4,29,-7,22,-13,1,6,1
-4,-34,-8,-33,5,-28,4,-12,-1,0,2,-25
-5,-9,-6,-11,2,0,1,-18,6,-27,10,-17
-8,-34,-1,2,-1,-2,10,-3,-8,-25,-3,-21
-3,-33,-2,-24,-1,-12,-6,-16,-13,-11,3,3
-9,-15,-6,4,8,-15,-14,-18,-5,-26,-6,-31
-13,-14,-1,0,-4,-30,-8,-18,6,-29,-11,-29
6,-20,1,-16,-13,0,-1,4,1,-16,-15,-6
4,2,3,1,5,-7,-3,-17,-13,-5,7,-15
2,-1,-4,-27,-13,-9,-11,-1,-7,-16,-6,-9
8,-4,3,-4,2,5,-2,-4,10,6,-5,-23
-2,2,8,1,5,-1,-3,-5,6,-3,1,1
-2,1,3,1,0,-14,-12,4,-3,8,-10,-3
11,2,2,-15,11,-11,-14,-1,11,10,-4,-13
-1,0,5,-23,-6,-18,1,-22,3,-9,-13,11
-4,4,-7,13,9,-17,-9,-18,1,7,2,1
9,6,8,-20,10,-15,-6,-15,5,15,0,13
1,16,-9,2,-11,-1,2,3,-6,-19,-3,-15
-8,7,-1,14,6,-15,2,-13,1,-8,-6,-16
10,5,8,-8,6,-10,11,9,4,-11,-12,18
-2,6,-2,15,-2,-15,-11,-10,-3,-4,-1,-12
-7,-12,-3,-7,3,0,9,-2,0,-6,-10,7
-6,-14,-4,-5,-4,-1,-11,15,1,-15,-14,2
-10,0,6,-11,-14,0,0,11,11,-6,-3,16
11,-13,-12,22,6,16,1,6,-8,13,0,20
7,-1,4,9,-1,5,-9,23,-4,11,-6,3
-9,-1,8,-8,-5,13,8,8,-2,6,9,21
-2,22,0,23,1,-4,-13,13,-1,24,4,3
-15,24,10,26,0,3,5,25,-5,18,5,-8
-1,-2,4,27,-4,10,2,7,0,7,-12,7
0,-1,-1,14,5,5,4,2,-2,2,0,-1
-10,0,-3,1,10,9,-3,3,3,-2,-9,20
-13,4,-5,9,-11,29,-14,0,4,12,-11,31
10,28,6,32,-12,20,8,5,3,3,-8,20
-6,28,5,17,-12,-1,1,20,-1,11,0,25
5,-2,-9,16,-1,8,1,2,11,14,6,12
1,-1,-9,23,-13,16,5,16,1,11,-8,9
-4,4,-2,7,-4,8,-1,14,-9,1,0,11
-3,-12,0,-8,-10,-1,1,-15,10,-10,-9,0
-5,-9,2,-13,6,-11,-11,-14,-3,-13,-1,-1
9,-22,2,2,2,-6,7,-20,-4,-21,11,-15
4,-15,1,-29,4,-25,-13,-12,-3,-22,1,-4
12,-18,-1,4,5,-20,-12,-7,-2,-29,8,-1
-12,3,-4,-7,0,-27,11,-20,-3,-21,10,-8
-2,0,7,-15,-3,-15,1,-16,1,0,6,-6
4,2,0,-3,8,-13,9,-16,-8,-18,0,-19
-10,4,-3,-2,1,-8,1,-8,-2,-23,-1,-21
9,-3,6,-19,-4,2,0,-2,-5,-5,6,-20
-5,2,-12,-22,-4,1,1,-14,-1,-18,-5,-15
1,-10,-6,3,3,4,-1,2,1,-22,2,7
-11,-19,3,-1,5,4,-8,-24,-11,-5,-5,12
-9,-15,4,-6,-2,-7,-10,-20,11,-23,1,-6
11,13,0,-16,11,-21,5,6,-6,-14,-8,-9
11,-13,-12,13,2,1,-2,-21,5,15,5,6
5,-20,2,-16,0,3,10,-10,-4,-9,-4,-11
-4,9,-1,15,-1,-5,3,13,-7,3,-12,5
6,-14,12,-12,-12,11,0,5,1,-2,6,-10
-11,8,7,-16,-8,10,5,4,-9,10,-8,19
-6,3,11,18,10,19,-6,11,-3,8,-5,-14
-11,-6,6,4,-12,9,11,-14,-2,-9,-2,19
-1,-11,-6,16,8,5,1,5,-7,10,7,-6
0,-4,8,-1,-3,-9,-1,-9,12,-2,3,-4
-12,7,1,-5,-13,3,-7,-8,-12,22,-11,15
3,-11,-10,-7,3,20,-1,14,-1,-4,-8,-6
-14,-9,-8,7,-1,7,10,15,2,3,-9,24
2,-1,-4,14,3,0,-10,-5,-1,10,2,-4
-13,-4,3,3,10,28,1,27,11,14,0,-8
12,22,-4,24,1,-6,-3,27,-8,26,9,28
0,-1,3,-2,6,23,-9,13,-4,-6,1,-2
-11,7,0,10,2,-4,10,8,5,9,-4,31
1,0,5,24,9,27,7,7,5,9,0,31
-5,20,0,9,5,8,6,10,-11,14,7,27
-10,12,-1,22,-10,15,1,22,-5,10,-1,10
10,5,-6,2,-7,19,-10,25,-8,22,-5,11
3,4,4,21,-12,14,-8,22,-9,8,12,17
6,-18,5,-27,-12,-34,7,-12,-1,-17,-5,-36
-1,-26,2,1,-8,1,-8,-19,8,-14,-6,-18
-7,-25,2,-21,10,-14,4,-5,-4,-26,2,-2
-6,-27,12,-16,-8,-6,5,-19,-8,3,-8,-17
12,1,-4,-26,2,-22,8,-22,2,-21,6,-18
12,-29,-1,-15,-13,1,13,5,3,-27,3,-12
5,0,5,-23,-12,-22,2,-22,2,-23,11,-15
-2,-8,6,-21,2,2,-2,-24,-9,-21,-11,-27
-4,-26,-2,-10,-7,-24,-2,1,0,-28,9,-19
-1,4,13,9,-1,1,1,-6,-1,1,6,-1
-7,-19,-11,-4,7,5,3,-18,5,6,7,-23
-7,-3,-4,-21,2,10,-2,-1,8,-13,6,-10
-11,12,10,12,6,-21,2,-23,2,-12,1,12
-8,6,4,-9,-3,0,-13,-14,1,-4,9,-18
11,12,2,8,2,7,-13,-14,1,-5,0,1
11,-18,6,-21,-11,5,-5,-4,0,1,2,-12
-1,0,10,15,8,-1,12,10,4,-14,-4,-12
-6,13,-5,12,0,-7,0,2,10,16,6,4
-10,1,2,-17,1,11,6,-8,-10,-7,9,-7
-3,-13,5,19,5,-2,-9,-2,3,17,0,14
0,-1,-5,5,5,-4,11,-13,-3,18,9,-6
-3,16,5,4,5,-10,-1,-10,11,7,13,1
-10,-8,3,10,10,-5,9,-5,6,-11,-5,-2
13,-4,-1,21,-9,7,-10,7,0,18,-6,21
11,16,-1,19,10,-8,4,15,2,10,12,22
0,-7,4,1,-5,4,1,5,-1,25,10,19
6,13,1,-6,3,1,-2,5,5,10,-11,-4
4,-3,0,5,3,-5,-11,-9,0,-4,12,0
2,15,0,-8,0,25,10,10,0,15,7,27
4,5,13,0,2,29,-4,13,9,4,-2,24
13,6,2,0,11,-4,1,26,4,18,0,-1
-8,8,3,21,10,0,11,14,-5,5,-6,4
5,9,-11,17,-6,19,10,24,0,14,2,22
-11,26,2,18,8,4,2,26,-2,4,1,5
3,13,-7,25,-2,29,-9,-1,-6,23,2,21
11,31,5,7,4,27,1,18,4,25,7,12
5,25,-2,11,5,19,-9,18,8,9,-3,34
-6,-24,5,-30,-2,-14,8,-16,8,-24,4,-28
4,-34,4,-12,-5,-18,-7,-12,-5,-23,11,1
8,1,3,-31,7,-7,-1,-25,-2,-12,5,-24
11,-27,-11,-22,2,-15,-3,-17,-1,-1,-4,-14
10,-24,-2,0,-3,1,0,-3,6,-5,-8,-5
-2,-30,-4,-5,13,-29,-6,-19,-10,1,9,-12
1,-1,10,4,-1,-17,-8,-18,8,-3,8,-24
10,-15,-2,-11,11,-16,-2,2,8,-5,7,-11
10,-15,6,1,-3,-10,0,0,-1,-2,10,-2
9,-4,14,-13,7,-27,-11,-17,7,-1,8,-6
-8,-21,-4,3,0,4,-4,-16,6,-23,7,8
-1,-11,-9,-5,-3,3,4,-22,-2,-17,4,9
5,-10,-7,12,-10,1,-7,-13,-6,-17,-4,12
11,-3,-8,0,12,2,0,3,-7,-14,6,11
10,-4,10,1,13,5,12,-14,1,6,-6,-21
4,10,-2,-16,-3,1,12,-16,-7,0,-8,-9
-1,-1,-2,2,-3,-3,0,-4,8,14,4,1
-6,-15,-2,-2,-7,6,-7,-2,9,-12,3,16
8,-13,5,-1,-5,6,6,-13,3,5,4,17
8,-5,-2,-7,4,13,10,-11,4,-15,1,4
3,4,12,-5,5,-9,-9,20,-6,-1,10,9
3,4,12,2,-5,4,12,-14,2,14,8,-5
9,-1,-4,0,8,6,-7,-14,14,-2,-1,-1
-10,12,1,16,13,-6,10,-12,8,22,14,11
-8,5,-7,-7,5,10,-10,4,2,3,7,-7
2,15,0,13,10,23,-2,10,14,3,12,-10
1,6,6,25,-10,3,12,24,0,1,-10,6
-5,-6,8,1,8,-2,11,-1,-2,3,1,-3
12,14,3,1,14,1,13,0,4,17,-1,16
14,12,4,27,8,2,-3,3,-3,20,-2,6
6,-2,6,-5,9,25,2,9,5,23,-1,30
12,6,-2,1,7,19,12,18,4,17,-4,9
14,16,14,-1,10,31,-2,20,-9,19,8,28
-7,20,2,2,-6,12,11,12,-6,15,9,-3
-1,7,2,6,-6,19,-6,1,8,30,13,18
-8,14,2,21,12,27,9,24,-6,3,-4,14
7,36,4,12,-10,27,-4,0,-10,12,-4,34
-3,-1,1,-7,-7,-30,7,-30,4,-32,-1,-25
-2,-35,1,-13,13,-5,-6,-31,-5,-8,-4,-20
14,-34,-3,-21,2,-28,-7,-2,15,-13,-4,-32
-2,0,-5,-19,6,-12,5,-7,-8,-19,5,-10
6,-29,5,-4,-1,0,-1,-13,6,-17,-8,-13
-1,-14,-2,-28,-8,4,4,-1,0,-16,-9,-31
12,-23,-2,0,-2,-15,-1,-12,8,0,14,-6
11,-19,-2,0,3,-2,4,-11,-1,1,9,-24
12,5,-3,-16,-2,-20,7,-4,9,-13,9,-6
5,-10,-10,-10,4,3,-2,5,-6,-25,-3,0
10,-19,0,-7,11,3,2,-16,9,-19,14,4
6,10,15,-4,10,10,7,-7,-1,-5,-3,0
-3,-16,4,0,-6,-20,2,12,-7,9,14,12
9,-8,-1,-23,-3,-5,-2,-14,2,-12,13,7
12,-4,9,5,-5,-13,6,-12,4,-17,-8,11
9,5,-10,-17,-6,14,0,7,14,13,15,-17
5,7,-1,8,11,12,3,6,-1,-1,-6,-1
-9,7,3,-10,2,-3,8,3,-4,-4,1,16
2,-6,11,-11,-3,-5,4,-15,5,6,-4,-5
-9,-7,-1,-14,2,1,9,1,4,-8,-1,-17
-2,4,-4,16,6,-6,11,-1,3,4,15,13
11,17,9,-8,11,3,0,12,8,12,-8,-6
2,20,8,-1,7,-13,0,21,7,8,-7,20
-8,-2,7,-11,5,20,0,0,3,-2,-2,1
15,24,-5,11,4,22,1,-8,-6,10,2,23
-8,13,6,25,5,20,1,-10,1,7,5,-10
-3,-1,-5,3,-11,21,-2,21,2,15,8,22
12,20,-11,-1,8,27,5,18,-5,-7,-10,26
11,17,-4,25,2,17,6,20,-2,15,14,-7
-10,28,-4,17,-7,16,7,-5,0,-4,0,28
13,13,8,-5,8,16,8,5,4,0,2,30
1,5,-4,23,7,-2,-8,-3,-5,12,6,3
1,19,5,11,15,20,-4,11,-5,2,5,5
2,17,1,12,-6,6,12,14,15,-1,13,24
2,16,1,21,-6,31,1,17,2,25,0,10
2,26,4,25,6,26,-2,27,-7,27,2,9
-5,11,-3,15,5,23,-2,25,-4,0,8,35
14,-5,7,-12,5,-17,2,-11,-3,-13,8,-1
2,-31,-6,1,1,-9,8,-28,0,-7,10,-17
-5,-13,8,-34,6,-7,5,-7,7,-2,10,-34
-5,-28,5,-31,2,1,5,-27,-1,-9,-2,-28
1,-14,-4,-28,12,-19,15,-3,1,1,8,-17
11,0,12,-16,10,-26,5,-14,0,-15,7,-3
6,-12,-1,4,5,-25,5,-25,2,-3,-1,-14
0,3,16,6,7,-3,12,-4,0,-14,3,-28
-4,-25,-2,-1,9,3,4,1,1,0,-9,6
-6,-24,-9,-3,-3,4,1,-8,1,-7,7,-11
-3,3,11,2,-1,0,0,0,9,-11,8,-12
15,-24,2,-5,5,-4,1,0,0,-23,12,-4
-5,-22,-3,-2,3,-23,-6,1,7,-11,4,10
13,-21,-5,1,3,1,3,3,8,-14,8,8
1,-7,10,-6,-2,7,-1,-3,1,-14,14,0
2,-6,0,12,-4,8,-1,-3,7,15,14,3
0,-5,14,-1,1,16,4,-2,0,13,7,-14
7,1,5,6,-1,-17,3,-12,9,-7,1,-14
8,-13,7,0,10,-15,2,13,4,5,8,2
8,-9,2,-3,14,-9,9,6,12,-16,3,-17
13,18,2,16,10,-6,-8,20,4,16,15,1
4,1,-4,-12,-6,-15,-1,0,-5,-8,5,4
-1,-3,3,19,-6,11,2,-8,-5,11,11,-3
-7,8,3,-10,1,-6,4,-7,7,10,3,-2
-4,12,4,-9,16,5,-2,-1,8,6,0,-7
0,12,2,0,13,23,13,10,3,23,15,15
-3,-2,-2,-1,-2,-4,-2,21,-1,16,4,18
10,12,9,24,-5,20,-2,-1,16,13,-6,26
13,13,14,-8,-2,23,1,12,0,21,6,-5
3,-5,-3,10,0,-3,14,4,-3,29,7,6
-1,6,1,-4,-4,10,4,27,4,-3,13,21
11,14,5,11,13,3,8,14,11,-1,13,24
-2,19,8,29,0,32,4,-4,9,1,8,20
-1,13,11,11,6,21,4,6,1,1,2,28
-4,26,-4,33,7,2,3,16,14,17,15,13
15,3,3,5,-10,14,4,11,13,32,16,24
3,10,9,7,10,17,13,4,3,1,2,2
2,-36,12,-30,16,-5,1,-31,-3,-31,5,-17
2,-28,-6,1,7,-33,14,-24,2,-30,7,-24
6,-33,-2,-7,-2,-33,5,-17,-3,-20,-9,-20
12,-17,-6,-19,-5,-18,-6,2,0,-8,-1,-16
14,-16,8,-17,1,-16,13,-24,-5,-7,0,-15
12,-22,-2,-12,9,1,-1,-9,0,-12,9,-15
-4,2,-2,-17,-4,-15,-4,-1,0,-12,16,-7
13,-2,2,-26,4,-14,-1,-8,1,-4,2,3
13,-2,0,-6,-8,-25,-5,6,0,-15,9,-23
14,-14,-2,-22,2,7,-1,-7,0,-13,8,9
15,-26,16,-26,3,1,4,9,-4,-21,8,-5
1,9,7,-15,0,-14,5,-17,9,5,-2,0
-3,-19,9,-18,15,-12,9,-16,16,-3,9,-11
12,7,17,6,-2,3,12,12,2,-22,2,4
13,-17,1,-6,-4,6,-1,-3,0,-15,6,-9
10,-1,-2,-3,-1,11,-1,-8,-1,10,0,14
3,-1,5,-19,7,15,2,-4,8,-15,16,8
16,3,5,-8,-3,-7,3,5,0,-13,3,-19
1,-5,-2,-4,6,9,8,-6,7,2,0,6
4,16,-2,-1,8,-6,7,17,2,18,16,-17
-5,-4,2,-11,9,-10,-8,-8,6,10,6,9
10,11,15,-3,-4,-14,-1,-8,8,12,5,1
1,16,3,-6,8,5,0,-11,15,22,14,-3
9,22,-4,0,-1,-8,16,15,15,2,17,2
-6,21,16,21,4,22,-1,0,-2,-11,2,22
6,-9,6,1,13,-6,2,25,-8,13,-2,8
14,-2,0,23,2,17,-1,-8,1,11,-2,6
-1,8,-1,13,-3,27,-2,16,-3,25,-3,10
1,25,-5,8,9,26,-4,-5,-6,-2,2,12
13,16,10,12,3,-5,-6,21,4,25,10,0
-2,15,0,2,-3,2,12,6,5,25,-2,17
11,15,-4,-4,0,30,-2,16,-4,5,5,13
13,27,-4,28,-1,4,3,18,-7,7,-8,29
5,7,2,9,6,29,-3,8,0,1,-2,-2
10,33,-5,13,16,2,-1,21,4,11,8,17
0,33,1,34,-1,20,4,28,-3,21,17,1
-5,24,-1,36,12,3,15,4,2,30,8,7
-4,-13,-4,-10,-2,-33,5,-4,0,-21,-6,-13
-4,-7,9,-35,-8,-7,14,-5,-1,-33,1,-31
13,-10,-2,-19,16,-8,16,2,2,-27,-5,-34
2,-26,4,-20,8,-30,-3,-9,15,-9,17,-20
15,-13,-5,-20,12,4,-2,1,-4,-32,6,-25
9,-14,13,-8,8,-10,5,-3,0,-1,3,-15
12,-13,-2,-1,-3,-18,13,-14,9,-29,-7,-1
15,-15,-4,-5,8,-15,4,-2,0,-15,9,3
14,-6,4,-22,17,2,-5,-10,3,-9,-1,-17
-6,8,2,-20,17,-8,-1,-11,17,1,7,9
-1,4,5,-6,5,-19,3,-16,2,9,6,0
7,5,-8,-1,8,-10,-2,-1,-2,-15,-7,3
0,-23,13,-19,0,-22,6,-2,-6,2,-6,9
10,-3,10,-5,6,-14,16,4,5,-9,7,1
9,12,-3,-6,16,-13,5,-17,-2,4,2,-12
8,8,2,-2,0,-14,-6,13,0,-17,9,5
0,1,12,-6,-3,-13,-5,6,8,-3,4,-16
-6,-17,9,7,17,5,15,-13,8,-18,17,-13
7,14,-1,-16,12,-17,8,11,8,14,4,-9
5,-12,8,-10,10,1,5,5,-3,17,8,-10
5,-16,12,-15,14,-5,-3,6,3,-10,18,10
14,4,2,-14,-6,-7,-6,4,0,-12,10,11
-6,-11,5,-1,3,-3,7,-5,8,-8,4,8
13,-11,-5,-5,8,5,1,-12,4,21,16,21
10,10,-3,-12,-6,4,16,9,-5,8,2,16
17,23,6,12,17,7,-5,-8,-4,9,11,-3
-4,24,3,24,8,24,-5,12,4,-2,17,11
1,-2,15,23,0,-9,13,6,2,-8,15,11
3,8,-5,14,-2,11,-3,18,1,9,-3,17
8,-4,0,-5,-1,22,-7,2,1,8,9,8
14,22,15,10,2,14,14,5,8,2,9,-6
1,14,-4,6,14,19,-2,5,7,-4,11,25
7,10,11,26,-4,23,-7,3,12,-3,-2,23
13,32,12,12,8,-3,-2,14,-6,17,6,21
14,18,9,23,3,15,14,26,0,32,-3,11
-5,0,4,34,2,16,14,-1,15,20,6,12
-3,11,7,29,7,18,-1,19,10,25,5,22
17,-6,9,-35,7,-10,9,-1,6,-21,15,0
14,-15,0,-34,3,-21,14,-35,12,-11,11,-32
11,-20,11,-22,2,-14,7,-14,0,-5,15,1
0,-26,-7,-32,5,-27,14,-10,-2,-32,-1,-31
-2,-1,2,-22,0,-21,13,-2,16,-32,8,-11
7,-11,-3,-4,10,-14,4,2,4,-31,2,-11
16,-13,-3,2,10,0,4,2,1,2,1,2
5,-11,-1,-8,-7,-4,-7,-6,11,0,10,-26
8,-23,-2,1,2,-12,13,5,11,0,-2,-25
1,-11,4,3,8,-5,16,-20,7,-22,5,5
17,9,11,-15,-2,8,13,-18,18,0,-4,-21
-3,8,7,2,-1,0,8,-25,3,6,15,2
1,-14,-1,4,3,-19,12,-12,-1,0,-1,4
9,12,13,-14,-2,-17,0,-5,7,-10,18,-11
11,-5,13,13,13,6,-2,-21,8,10,12,2
7,-2,1,13,12,11,-7,0,0,-1,-2,-3
0,-3,3,-8,7,-7,-3,-10,12,-19,7,-16
19,-9,9,-2,6,12,13,2,6,-9,10,-18
11,-6,-6,15,16,-15,12,-5,-4,-2,9,-12
7,-14,-1,-1,4,-15,9,5,6,4,6,-15
-4,-6,-3,-9,16,11,8,6,1,-15,5,13
13,-14,-5,2,3,-9,-1,0,4,19,14,-11
1,11,-5,16,16,11,15,-12,0,5,0,22
7,-11,-3,-10,5,-4,6,1,5,7,-2,-9
16,-1,17,-3,19,24,13,7,18,-5,13,7
-3,-4,6,-1,-5,4,-4,14,-4,14,-4,7
-1,24,-1,1,-1,-3,17,-3,17,10,14,19
15,-8,11,18,2,10,16,23,11,15,8,18
17,-7,1,-3,6,20,10,25,0,23,9,20
14,4,-6,1,1,2,16,-6,-5,29,-6,19
2,-3,19,7,18,-6,13,17,10,29,9,9
14,3,2,-5,6,17,10,-2,-4,29,7,24
15,11,8,19,2,30,4,27,-3,-3,0,17
12,18,13,21,5,10,15,31,0,14,12,0
6,29,-2,18,-1,32,-3,3,10,32,4,8
2,28,18,14,7,34,14,21,13,5,-1,31
-3,27,8,22,-2,26,8,26,0,18,-5,12
15,-35,9,-4,3,-9,8,-6,20,-1,1,-22
17,-9,1,-25,0,-30,15,-7,-2,-9,4,-32
17,-2,15,-34,12,-4,-1,0,7,-14,10,-21
7,-12,18,-2,7,-10,4,-20,9,-12,2,-4
4,-30,13,-15,14,-32,8,-30,8,-32,18,-11
7,-12,0,0,3,-10,10,0,1,-27,2,-3
17,-25,20,-10,2,0,7,0,0,1,-5,-5
2,-24,2,3,16,-25,7,-14,4,-5,7,-3
9,1,2,-17,15,5,7,-22,11,0,-5,-7
10,6,13,-22,6,-3,13,7,2,1,15,-9
-1,7,2,-7,12,9,15,-9,4,-12,4,-18
16,-4,17,3,9,-25,6,-2,2,-6,-2,-5
17,7,16,5,12,-24,2,2,1,-10,15,-9
-1,-11,13,-3,1,-2,7,-15,6,6,11,1
-3,12,12,-7,2,-6,19,-2,15,-8,0,13
2,5,5,2,1,-8,15,-17,15,-8,-4,1
-4,8,18,-7,8,10,8,-16,-3,-20,11,-15
9,-16,12,-9,3,5,13,13,17,6,18,-5
-4,9,1,5,6,1,-6,16,4,0,6,9
-2,-1,18,-7,13,3,1,-17,2,-15,15,-1
9,15,11,0,-3,16,3,-11,0,-4,7,3
-2,-2,14,18,7,20,11,2,-2,19,15,-3
-2,-8,7,7,-3,17,10,16,-4,17,-5,2
1,21,6,4,1,20,-4,14,1,-2,-5,-3
18,-10,13,-10,6,11,7,8,1,9,12,6
0,22,-4,24,-6,-5,18,20,19,-1,17,-11
17,20,-6,10,19,2,6,24,5,4,15,13
0,9,17,-7,2,25,10,12,-1,-9,-1,6
17,1,-1,18,-1,9,18,21,0,13,13,-2
-1,-3,-2,6,5,16,-4,24,3,25,-5,2
-1,-3,-4,3,4,5,7,11,0,13,6,20
0,-3,2,-1,0,17,19,28,3,26,18,-1
1,1,13,7,-4,18,13,-1,11,4,2,2
14,15,-2,22,19,25,11,-1,7,33,-1,30
12,13,2,14,16,26,19,22,-2,3,9,-2
17,34,9,26,1,-1,20,25,-3,4,8,8
6,34,7,16,16,33,13,16,-2,16,12,1
2,-22,14,-18,20,-4,-3,-4,6,-18,11,-32
6,-6,19,-21,4,-6,0,-20,17,-33,12,-10
18,-12,21,-19,-5,1,-5,-12,7,-20,-2,-20
4,-24,15,-2,7,-11,18,-33,7,-33,-1,0
18,-22,-1,-22,6,-22,11,-18,6,-3,16,-6
1,-25,-3,1,5,-12,17,5,20,-13,7,-30
16,-8,-1,-21,7,5,-2,-26,-3,3,13,-26
7,4,0,-25,19,2,13,-16,-1,-17,-4,2
-1,3,12,2,7,-7,20,-6,1,-3,11,-8
6,7,3,-2,18,-16,2,1,11,-4,20,0
5,-23,17,1,19,-7,0,-16,-4,-4,16,-19
4,-4,14,-22,19,-18,3,10,-1,-4,17,9
5,-15,5,-16,19,0,17,9,-2,8,-4,-2
2,-8,1,-3,7,-19,3,-8,4,12,5,-7
1,7,2,3,7,3,-5,-19,-2,5,17,-20
3,8,-2,12,9,13,3,4,11,6,-2,-19
-2,15,13,-6,18,2,19,8,16,-15,7,1
7,8,18,11,6,-13,2,17,1,11,19,16
0,4,-2,-13,-3,14,-1,1,4,12,19,10
5,10,-4,-12,10,-1,2,-7,14,-8,-4,-11
2,-14,-5,-12,1,-6,-1,-10,7,6,17,-9
-1,-4,-1,3,16,-14,-2,-14,6,2,13,-8
4,-4,-2,16,19,15,13,13,4,15,-4,-11
11,19,-5,-7,2,-7,15,1,-1,-2,15,16
0,-12,-3,24,6,18,-3,23,-1,-6,-2,12
3,3,-1,18,19,4,16,15,-3,6,7,4
18,15,-1,4,1,8,18,23,-1,3,21,11
0,0,21,1,-1,21,4,27,-3,26,-4,-7
11,6,6,12,20,28,10,24,-2,10,17,5
16,11,14,8,16,7,15,29,-1,29,2,25
16,11,1,-4,13,17,1,20,19,5,5,26
17,11,11,14,17,15,14,21,12,13,7,14
1,27,10,24,2,-1,3,-3,-4,0,12,29
0,27,2,17,16,27,15,23,0,26,-4,-3
4,6,-3,4,-5,17,-1,21,-1,7,-2,15
7,27,9,24,10,14,-2,22,-3,24,-3,24
6,27,-5,35,17,3,-5,4,7,32,15,14
10,-1,9,-5,6,-1,11,-3,10,-14,7,-32
3,-7,11,-20,12,-9,-2,-6,14,-9,2,-23
0,-5,22,-33,4,-10,5,-32,1,-11,19,0
0,-7,0,-11,4,-30,21,-24,10,-12,9,-25
4,-32,1,-4,15,-7,20,-6,6,-6,18,-14
0,-6,0,-12,11,-7,21,-26,-3,-26,13,3
19,6,-2,-5,0,-20,-1,-25,2,-1,11,-15
1,-5,4,-9,17,-16,12,-23,4,-3,20,-4
6,-28,1,3,0,-21,10,-23,7,-15,8,-16
1,-7,6,-16,21,-11,13,-22,0,8,1,5
15,-4,-2,-25,10,-15,22,3,-2,-11,-2,1
6,-3,12,-23,20,-11,22,8,-2,3,-2,-10
7,-1,0,-18,8,-14,8,-21,1,4,14,-22
17,-17,3,-15,21,-9,10,-22,-1,-13,13,-11
11,13,-3,-12,20,0,14,-1,11,-22,15,-3
10,-21,11,-3,14,-7,22,10,12,-12,11,-18
10,-9,10,0,14,-13,-3,15,-2,-20,17,-18
20,10,-4,15,15,-3,-3,8,5,17,5,14
3,18,22,-2,0,-7,-3,1,10,-12,1,10
20,-8,-2,3,14,-15,-3,15,3,11,4,7
4,-4,3,-10,20,1,21,0,-3,-1,7,6
2,21,7,1,11,-13,7,-12,-3,8,2,-4
-2,-1,8,7,0,-2,21,0,3,13,-1,-3
14,23,21,-10,19,5,21,-7,14,0,19,-1
-2,2,-3,8,20,-2,22,23,2,-9,15,9
-2,21,12,7,13,14,11,20,-2,8,12,-1
-1,26,-3,21,6,-7,21,8,22,-10,15,15
11,12,-1,6,7,3,2,18,4,24,11,-4
2,17,13,-3,8,23,21,2,2,-8,6,15
15,7,1,20,10,21,21,14,5,13,22,2
12,-2,7,2,20,14,1,0,10,21,22,22
0,3,0,23,-1,10,21,-2,-4,13,-2,15
1,6,2,21,11,-1,18,8,16,1,7,29
17,-3,1,12,15,2,-3,10,12,4,14,20
10,13,-3,17,1,20,-1,31,-3,10,21,30
4,33,1,34,7,27,11,6,-3,19,-2,4
17,36,5,14,-2,18,0,33,-3,34,13,4
7,-30,11,-29,-2,-19,-2,-20,8,-34,8,-33
22,-24,21,-34,-1,-28,-2,-11,0,-26,8,-9
21,-22,0,-2,-1,-34,16,-20,15,-33,-3,2
1,-14,23,-6,-2,-9,-1,-31,2,0,3,-3
5,-19,5,-14,-2,-7,19,-16,1,-5,5,-21
10,-20,8,-16,-1,-28,9,2,8,-4,0,-21
21,-16,19,-11,-1,-26,8,-23,1,-13,3,-20
-1,-23,4,-25,-2,-3,9,-21,12,7,3,-15
15,-27,4,3,-1,-23,20,-1,10,-4,-1,-24
-1,-23,-2,-1,-2,4,13,-2,-2,-9,2,-3
14,-13,-1,1,-2,-6,23,-8,6,2,3,-23
10,-3,23,1,-1,-19,23,-19,23,8,13,4
9,-11,2,-10,13,1,-1,-15,5,-19,-3,11
7,13,-2,4,-2,0,23,-4,-2,-4,10,1
18,-17,-1,-7,-2,5,23,0,0,-20,9,-19
12,15,7,-19,-1,-19,23,2,3,-8,6,5
15,-17,19,0,-2,8,23,-19,-2,1,17,-11
-1,-12,6,-12,-2,10,18,-12,18,-9,3,12
10,-5,2,-7,-1,-17,11,6,5,9,5,-10
15,2,20,8,-2,13,-1,4,0,11,21,-4
11,6,23,-4,-2,5,23,-12,1,-9,-2,-9
23,-11,-2,1,18,-9,23,6,-2,-2,8,8
17,-4,13,13,-2,4,23,-7,-2,3,9,9
12,9,12,7,4,1,23,-2,21,19,10,1
-1,-7,14,-9,15,9,-1,-5,-1,-9,5,19
8,25,0,-11,2,9,-1,-3,22,-6,-1,-10
-1,-10,17,16,2,9,23,4,-1,20,0,-7
6,-4,10,6,3,8,23,8,0,-1,1,5
23,-3,8,25,-2,11,4,6,7,1,10,9
22,6,3,12,-2,27,-1,3,-1,22,10,9
13,14,23,24,-2,16,10,-4,23,7,4,25
15,18,-3,11,-2,28,18,4,21,18,17,-3
22,8,-2,14,-2,28,16,11,-1,-3,8,21
3,20,7,12,18,2,9,-1,23,25,22,2
1,18,4,13,-2,33,22,17,0,5,22,12
2,15,0,30,11,4,10,32,-1,15,11,11
16,11,6,13,2,21,-1,1,9,2,-1,36
12,-3,10,-9,17,-27,17,-7,6,-27,-2,-3
24,-18,1,-33,21,-34,-2,-28,3,-11,8,-20
16,-27,1,-30,4,-28,17,-7,6,-27,3,-4
24,-12,5,-33,-2,-7,9,-15,7,-23,3,-4
9,-26,13,-15,-2,-5,-2,-18,6,-7,3,-26
-1,-29,1,-8,9,-6,9,-14,3,-16,-2,0
14,-23,24,-5,8,-5,-2,-15,6,-8,8,-23
13,-22,18,-1,20,-15,-2,-10,3,-17,2,-12
11,-21,22,2,16,5,-2,7,3,-17,7,4
-1,-5,0,-13,-1,-16,20,2,3,-23,2,-16
-2,-19,-1,-12,4,5,17,-6,2,-16,-2,3
-1,-17,1,4,8,-18,0,-12,6,-7,7,4
-1,-9,20,-3,6,-10,20,0,1,9,-2,2
-2,-10,-2,-4,7,7,2,12,-1,5,7,5
-2,1,24,11,19,2,20,0,6,-16,7,-15
-2,1,-2,5,15,-18,4,4,-2,-7,7,2
-2,0,0,-17,8,-18,16,6,14,-17,2,-14
-2,0,24,12,6,8,20,2,13,12,-2,3
-2,3,20,-14,5,-10,19,3,1,13,-2,9
-2,1,2,16,4,-17,5,0,13,3,5,12
-2,1,20,8,12,-8,1,-16,5,18,3,11
-2,1,19,4,7,16,5,5,12,11,1,20
-2,1,12,3,8,1,6,4,12,-12,-2,7
-1,-1,19,4,-1,-3,13,2,5,17,5,13
-2,15,1,16,3,-1,20,14,10,13,1,19
-2,-3,3,-2,20,16,20,21,8,21,1,18
-2,21,4,-3,22,17,-2,3,5,-4,1,-2
-1,14,7,0,8,-1,19,15,7,24,-1,23
14,1,24,20,6,25,-2,20,-2,-1,5,4
15,1,16,15,9,26,20,12,1,22,-1,23
-2,-3,-1,3,10,9,-2,10,4,3,5,-2
10,0,21,17,0,7,19,24,2,27,4,24
24,30,1,3,8,24,20,14,-2,6,-1,23
10,-1,4,29,6,17,6,1,-2,14,4,17
9,1,23,24,8,-1,7,27,3,29,-1,21
14,20,20,31,-2,32,6,31,3,5,2,20
16,11,23,23,18,23,22,32,-2,20,-1,20
17,-27,9,-11,-1,-24,-1,-16,6,-4,7,-29
-1,-35,12,-13,20,-3,10,-34,4,-19,0,-22
13,-10,13,-10,-1,-32,9,-1,3,-3,25,-3
25,-9,15,-28,4,-30,-1,-9,3,-3,-1,1
25,-5,-1,-3,17,4,8,-25,4,-2,9,-20
25,1,21,-5,-1,-9,-1,-5,3,-2,0,-27
10,-25,6,-1,-1,-7,16,-22,0,-4,0,-25
-1,5,-1,-2,8,-22,-1,1,0,2,0,-15
-1,-24,19,-16,5,5,9,1,3,-9,6,-22
11,-21,1,-8,8,-14,9,-2,0,-16,0,-15
0,-5,24,4,13,-10,15,2,0,-19,0,-15
0,-5,4,9,20,-13,15,-15,5,-17,5,-3
0,-17,-1,-2,13,1,9,-7,0,-18,-1,-23
-1,-14,6,-2,7,3,9,-7,0,7,-1,-3
0,-11,0,-9,-1,12,14,12,-1,1,0,-7
-1,-9,1,8,4,3,3,-21,0,-19,0,-3
-1,5,1,-18,19,-5,-1,-8,0,-10,0,-12
-1,5,20,-3,8,-5,12,-3,5,1,5,-12
0,-5,2,0,8,-8,0,-6,6,-11,1,-15
-1,-3,16,14,18,1,12,-4,25,-16,-1,0
0,-2,2,1,18,5,9,-1,-1,8,2,-12
-1,11,7,-15,4,-5,11,-2,7,-15,0,4
0,-4,-1,7,-1,16,1,-2,3,1,0,10
12,-5,7,-7,18,4,4,23,-1,15,-1,3
13,-4,1,14,12,14,9,-10,0,-9,0,-11
0,-5,24,-4,14,6,18,24,-1,20,-1,19
-1,-5,5,-1,2,23,20,24,7,10,-1,3
15,14,1,-4,0,-8,13,1,-1,25,-1,19
13,-1,11,11,1,13,-1,24,4,24,-1,17
0,-4,17,9,8,2,-1,26,21,19,-1,16
9,5,-1,1,21,1,-1,30,-1,21,-1,5
25,25,5,5,20,29,8,25,-1,17,3,0
12,5,25,0,9,5,-1,25,-1,2,-1,15
0,-2,8,8,7,25,2,10,-1,29,-1,15
16,21,10,7,-1,1,7,34,0,27,-1,5
16,21,0,-1,22,11,7,28,-1,32,-1,5
23,21,5,6,15,19,7,28,-1,26,0,36
19,-31,0,-3,9,-33,8,-22,0,-11,2,-28
1,1,0,-3,25,-6,12,-24,26,-15,0,-30
14,-2,24,-6,23,-13,3,-15,0,-15,20,-11
0,3,1,2,8,-10,8,-27,0,2,0,-23
26,3,13,-5,14,-25,10,3,0,-19,2,-19
26,-3,23,-18,0,-13,4,-29,3,-19,3,-1
17,-20,19,4,18,1,4,-17,9,-21,5,-20
1,0,24,4,22,1,10,-1,3,1,4,-29
12,-21,0,0,4,-25,5,-1,0,1,4,-25
1,-2,21,5,0,2,5,3,0,-18,3,5
10,-21,2,-16,0,-6,6,10,0,-5,4,-13
0,7,9,6,0,-21,19,-25,0,-17,4,-7
0,-18,23,2,24,-11,18,10,8,5,11,-16
1,-4,0,0,13,-3,7,7,0,-19,0,-15
1,-4,2,-9,0,-9,15,-9,0,-7,26,11
1,-4,3,4,0,-12,16,-12,4,-19,9,1
1,-11,2,-12,0,-10,17,-4,2,-6,8,6
0,-9,3,5,12,17,0,12,9,-8,4,0
15,6,2,-7,0,-4,5,15,0,-13,4,7
0,-6,4,-15,5,13,6,-15,0,19,21,-14
1,0,4,-15,13,11,6,-11,4,-2,0,-12
0,13,5,-13,0,2,0,-4,10,2,6,0
0,15,6,-9,10,17,0,-8,1,-13,0,-12
0,17,2,3,13,-5,18,20,12,2,20,12
15,-4,2,-5,5,20,8,18,0,18,20,14
1,-6,17,21,0,13,8,23,4,-7,26,-5
13,-4,0,3,19,19,9,16,0,-8,0,2
16,15,0,3,8,10,9,18,0,7,0,-6
17,3,4,-3,0,13,6,11,1,-8,10,18
17,0,0,3,0,9,10,15,13,23,11,11
0,29,4,2,0,1,0,-6,0,-3,12,11
15,4,2,28,0,6,6,15,1,3,5,6
26,18,8,29,0,1,0,-2,15,9,12,21
26,15,3,-2,0,-3,7,29,1,6,13,1
25,17,20,3,20,19,6,28,1,23,14,28
16,24,6,11,9,24,7,30,1,26,14,26
21,3,14,30,13,21,6,32,0,0,0,0
