-10,-26,-1,-25,-1,-31,-2,-36,-24,-25,0,-17
-22,-27,-14,-1,-8,-33,-4,-27,-20,-12,-20,-32
-1,2,-18,-20,-25,-31,-14,-7,-26,-16,-21,-14
-9,-23,-2,-9,-24,-31,-23,-26,-6,-8,-25,-7
-7,-21,-16,-3,-26,-23,-24,-3,-26,-32,-11,-21
-8,4,-19,-2,-23,-5,-21,-6,-10,0,-2,-9
0,6,-6,-29,-2,3,-5,-3,-18,-14,-22,-27
-22,-22,-14,-10,-19,-20,0,1,-7,6,0,3
-13,-26,-20,-7,-14,-19,-15,3,-14,-12,-9,7
-11,-24,-23,-22,-26,-11,-10,1,-21,1,-10,9
-11,-19,-2,5,-26,3,-13,-11,0,9,-16,-21
-15,-7,-18,-15,-13,7,-3,-24,-4,3,-26,9
-13,-23,-8,-15,-21,-7,-10,-7,-2,-1,0,-23
-4,11,-10,-23,-18,-10,-16,0,-3,-17,-4,-5
-11,-20,-1,-5,-13,0,0,-10,-17,14,-19,-18
-8,-3,-25,4,-1,2,-8,9,-2,-10,-14,-18
-20,-20,-16,15,-1,-16,-12,9,-3,11,-9,-13
-1,-1,-12,17,-8,12,-1,7,-25,-4,-16,16
-15,-4,-18,16,-21,-15,-9,-5,-20,9,-3,-11
-9,14,-16,0,-7,0,-11,4,0,-2,-7,1
-12,12,-25,-6,-1,-4,-23,-1,0,13,-4,-9
-4,9,-14,-4,-12,-1,-17,-6,-14,8,-5,13
-4,13,-17,22,-26,17,-16,19,-1,6,-2,18
-17,11,-4,-2,-3,-8,-21,17,-3,11,-1,15
-13,20,-13,11,-12,4,-13,11,-1,-1,-1,1
-6,7,-13,-6,-3,6,-7,10,-15,-2,0,-9
-14,12,-19,24,-17,4,-21,19,-1,17,-2,7
-10,17,-12,0,-7,23,-7,5,-25,22,-3,6
-25,19,0,23,-4,11,-5,18,-1,13,-10,-8
-2,-2,-5,15,-9,3,-13,-6,-18,19,-7,29
-10,9,-21,12,-15,-1,-3,4,-20,16,-8,22
-25,4,-24,10,0,23,-6,1,0,22,-18,29
-6,4,-6,15,-7,9,0,20,-22,-2,-3,15
-1,21,-17,24,-13,32,-6,13,-11,30,-21,28
-1,0,-16,21,-14,6,-9,30,-17,10,-26,20
-1,30,0,10,-10,27,-23,30,-24,25,-8,32
0,27,-6,10,-13,17,-14,4,-1,17,-3,10
-7,-26,-21,-5,-7,0,0,-19,-2,-8,-9,-26
0,-6,-1,-19,-12,-10,-9,-6,0,-34,-3,-8
-11,-21,-8,-19,-10,-8,-4,-14,-1,-34,-25,-15
-21,-24,-7,-32,-4,-1,1,-11,-9,-29,-4,-13
-5,-26,-20,-15,-5,4,-7,0,-1,-28,0,-28
-1,-29,-14,3,-20,5,-6,-15,-9,-20,0,1
-3,1,-3,-26,-19,-16,-11,-12,-2,-23,-6,-9
-5,-28,1,-11,-6,-10,-3,5,-25,4,-1,-9
-14,8,-8,-25,-18,-2,-15,-24,-2,-6,-2,-3
-8,-13,-16,-15,-9,-26,-24,5,-4,-19,0,3
-20,-23,-25,8,-8,2,-6,-3,-3,-14,-1,-1
-23,-21,-10,-20,0,-8,-7,-10,0,-15,-1,8
-25,11,-13,-20,-15,10,-25,-24,-12,1,-5,-6
-7,-8,-19,-7,-8,12,-16,8,-12,13,-17,-4
-1,0,-22,8,-6,6,-18,-7,-24,8,-3,4
-2,-15,0,-6,-17,-10,-6,-21,-3,-6,-20,-6
-17,-16,-7,-10,-15,16,-19,8,-3,-13,-4,15
-15,-4,-21,-13,-13,-7,-3,11,-17,13,-8,8
-18,18,-21,-2,1,1,-6,4,-20,5,-4,8
-6,10,-24,-4,-8,1,-7,-15,-24,-9,-1,17
-15,-3,1,1,-25,17,-11,4,-14,17,0,-5
-9,17,-24,-3,-5,5,-12,-2,-5,-12,-1,-15
-13,9,-23,-11,-16,20,-2,18,-1,10,-3,14
-14,10,-7,-10,-13,2,-1,6,-4,-13,1,-13
-25,20,-13,4,-19,-10,-19,-6,1,8,-17,10
1,-4,-11,0,-4,9,-3,16,-1,22,-1,15
-15,25,-22,-3,-8,-3,1,7,-22,13,-6,4
-3,20,-19,-7,1,-2,-17,13,0,27,-3,20
-21,-8,1,25,-19,20,-25,16,-3,8,-2,6
-4,-6,-2,-4,-20,25,-11,18,-6,6,-8,18
-8,29,-20,-4,-3,29,-23,12,-2,10,-6,10
-6,2,-23,25,-4,21,-10,11,-7,30,-13,4
-8,11,1,25,-5,5,-20,5,-8,25,-5,20
1,-1,-16,1,-15,25,-12,13,-17,2,-9,29
0,30,-21,0,1,32,-17,34,-5,32,-5,17
-9,-1,-17,22,-7,19,-22,27,-1,17,1,13
-6,1,-1,32,0,30,-15,7,1,11,-15,26
-6,-20,-11,-10,1,-34,-18,-32,-3,-13,-11,-34
-1,-3,-7,-30,2,-21,0,-3,-6,-1,-12,-14
-8,-14,-4,-18,-16,0,-18,-25,1,-26,-13,-23
-23,-25,-11,-27,-11,-27,-21,-30,1,-26,-2,-13
-1,-2,-7,-26,-16,-15,-18,-17,-7,-1,0,-19
-8,-24,-17,4,-21,-1,-23,5,-3,-15,-8,-18
-10,-11,-16,3,1,-11,-18,-12,-22,-12,-24,-4
-8,-13,-15,-13,-1,-1,-22,1,-7,-24,-5,-25
-14,-7,-10,6,-2,0,-10,6,2,6,0,-7
-13,-5,-24,-19,-2,-1,-18,-26,-23,-6,-5,-15
-23,6,-9,-13,-9,9,-22,-24,-2,0,-5,-24
0,-16,-16,-24,-4,-17,-17,-23,-4,5,-1,2
-22,9,-2,-1,-24,2,-22,-24,-5,-20,-2,-9
-15,-15,-16,-23,-1,1,-23,11,1,-5,2,4
2,1,2,-19,-1,9,0,4,-19,0,-3,12
-18,-14,-14,-6,-8,-12,0,15,-10,-10,-1,10
-9,-6,1,10,-10,-2,-7,2,-1,-19,1,14
-12,-2,-21,-8,-12,15,-15,15,1,-4,0,-5
-4,1,-22,18,-22,-1,-9,-10,0,11,2,-5
-24,-14,-9,-17,-9,-1,-1,18,0,3,-1,-9
-3,-3,-24,5,-13,-3,-10,-5,-1,13,-3,16
-1,-5,-13,-7,-16,15,-1,-8,-1,10,1,10
-24,19,-7,12,-3,3,-8,18,-10,6,-9,14
-15,-1,-18,7,-24,0,-14,-11,-17,-5,-24,4
-2,5,-17,12,-24,24,-6,-11,-13,19,-3,-2
-1,-2,-6,1,-16,-6,-13,12,-11,-6,-4,-9
-17,-8,-7,21,-23,-3,1,6,1,6,-10,26
-22,-1,-23,26,-10,8,-12,25,-11,-5,-4,-9
-1,26,-16,11,-8,-4,0,16,-1,0,-3,4
-3,26,1,-5,-18,3,-11,10,1,2,-1,17
1,-3,-24,-1,1,28,-6,19,-6,2,-6,-2
-6,-2,-3,20,-16,7,-2,19,-2,19,-10,20
-9,6,-9,-2,-7,4,-22,29,-13,16,-2,8
-23,15,-24,24,-2,22,-10,13,-5,3,1,23
1,20,-16,9,-1,19,-5,13,1,2,-4,29
1,20,-19,14,2,28,-15,1,-5,18,-11,5
-19,8,-10,29,-7,32,-8,15,0,28,0,12
-9,-30,-4,-2,-16,-20,3,-13,-4,-18,-20,-11
-14,-32,-13,-32,-8,-35,-2,-20,3,-3,-12,-3
-4,-29,-16,-24,-22,-3,-22,-25,-4,-6,-16,-24
-22,-21,-6,-21,-4,0,-8,1,1,-3,-17,-10
-10,-21,-22,-13,-1,-9,-4,-12,-20,-6,-17,-22
-20,-24,-21,-25,-11,-14,-1,-8,3,-12,-1,-8
-21,-25,-4,-20,-11,-10,-19,-5,1,-28,-9,-17
-14,6,-20,-15,-10,-11,-18,-8,2,-29,2,-13
-8,-13,-13,-15,-16,5,-23,-5,-5,5,-5,-28
-18,6,-16,-8,-12,-8,-3,-22,-6,-27,-15,2
-2,-2,-8,0,-17,-14,-3,4,-7,1,-8,-10
-16,7,-2,-19,-1,-15,-9,-25,-8,-20,-6,-4
0,-12,-1,-4,3,-4,-8,-4,0,-1,-12,-14
-1,12,-17,2,-1,-1,-23,-9,-22,-1,-6,-12
-18,-20,-22,-7,-22,-5,-11,0,-10,0,-1,-17
0,7,1,13,-7,-1,-13,-15,-11,3,-3,-16
-8,-14,-21,1,-10,-9,-12,-9,-11,9,-6,13
-19,17,-16,-7,1,10,-1,-14,0,-15,-7,-13
-9,-3,-12,10,-4,-11,-16,2,-11,9,-2,-1
-22,18,0,0,-1,-1,-3,5,-8,13,-8,12
0,0,-8,11,-3,6,-23,9,0,10,-22,-9
-23,14,-5,-9,2,17,-1,-3,2,10,-19,12
-2,11,-9,16,-16,18,-12,-7,-1,17,-17,1
1,-3,-9,-9,-9,10,-22,-6,-1,4,-3,10
-6,7,-4,-11,-9,7,-19,-12,-3,5,-5,3
-1,9,-4,22,1,-7,-18,17,-5,-9,-2,13
-4,20,-22,-3,-5,-9,-22,-5,-19,19,-22,4
-3,4,-16,19,3,21,-11,-9,-5,10,-10,20
-3,25,-8,4,-18,12,-12,14,-2,24,-8,5
-22,6,-16,18,-9,8,-23,5,-7,22,-18,-7
1,-3,-21,5,-19,30,-12,15,1,0,-8,12
-10,12,-6,12,-6,12,-6,0,-16,5,0,7
-9,16,-3,24,3,20,-3,3,-9,3,-16,18
2,4,-5,10,-19,26,-15,24,3,11,2,9
-2,5,3,4,-19,22,-15,2,-1,18,-2,-2
-3,10,-21,25,-18,24,2,12,-16,10,-6,25
-11,1,-19,7,2,24,2,22,3,1,-14,22
4,-16,-8,-13,-19,-7,2,-23,0,-3,-12,-11
-6,-27,-13,-18,-3,-19,-12,-10,-4,-6,4,-12
-4,-14,-12,-6,-12,-9,-6,-27,-5,-8,4,-17
4,-12,2,-14,-3,-21,-13,-4,2,-18,-5,1
-7,-19,1,-3,0,-18,4,-12,-17,-27,-19,-8
-10,4,-10,-18,-16,-10,-1,-3,-4,-15,-10,4
-18,5,-14,1,2,-10,-1,-27,-2,-25,1,-4
2,-11,-22,-3,-6,4,-14,-1,0,-10,-11,-21
-9,-16,-1,-26,4,-18,-5,-12,-4,-25,-12,-26
-8,-4,-13,2,-14,-17,-13,-22,-4,-21,-6,8
-9,7,-12,-20,-12,-11,-5,-19,-5,-22,-21,-8
-20,7,-22,-7,4,-10,4,-21,-9,4,-13,-7
2,-7,-18,-19,-12,-19,-1,-15,-5,-7,-6,2
-9,1,-14,-19,3,-15,-1,13,-21,4,-4,-10
-22,-18,-7,12,-2,-20,-12,13,-7,-6,-9,-9
-15,-17,-11,-8,-17,2,-19,3,-11,-7,-18,3
-3,-6,-13,5,2,11,-13,-20,0,-20,-3,2
3,-9,-1,0,-16,8,-18,-11,-3,11,3,-10
1,8,-10,7,3,10,-12,0,-6,-2,4,15
-13,3,-12,-13,0,1,-20,3,-9,-5,-9,13
-6,19,2,5,-1,14,-20,3,4,17,-4,7
-8,12,-14,9,1,-5,1,-4,-8,-10,-1,-8
4,2,-14,21,-3,22,-22,17,-4,1,-3,10
-11,8,-21,11,-2,0,4,2,-21,11,1,-7
-3,9,-13,1,-4,-7,2,-8,-2,9,-2,-5
-3,-3,-15,12,-17,-2,-9,9,-3,0,-19,-4
-5,-8,-9,-9,-18,15,1,-4,-8,17,-9,10
0,24,1,7,-14,7,4,-2,3,4,-7,16
3,15,-3,5,-11,21,-7,7,-3,-1,-1,14
-7,29,-3,0,-5,14,-7,19,2,27,-1,-1
1,23,1,0,-7,24,-7,-1,-9,24,-11,20
-9,15,-22,-3,-17,2,-15,5,-1,1,-4,5
3,21,-2,31,4,2,-22,25,4,14,-14,20
-14,-2,-19,19,0,10,2,22,2,19,-11,33
-22,13,-19,23,4,10,2,16,-11,19,-16,15
-2,35,-11,14,-2,15,-14,11,-10,7,-2,34
-6,17,3,32,-3,1,-9,19,-5,21,-17,25
0,-26,-2,-14,0,-3,-8,-34,-4,-17,-11,-14
-8,-16,-18,-3,4,-34,-20,-31,-1,0,-13,-12
-7,-20,-20,-20,0,-29,4,-22,-10,-30,2,-13
-21,-22,-15,1,-18,-9,1,2,2,1,2,-16
2,4,-15,-9,3,-20,-17,0,-19,-26,-7,-10
-6,-19,-15,-16,-4,-2,0,-9,2,4,-1,-9
1,-8,-10,-20,4,1,-10,-26,-4,-19,-7,4
4,-12,-20,1,-18,-1,-2,-20,-17,-4,-11,-8
-20,5,-6,0,-15,1,-4,-16,-5,-27,-12,-21
-12,-18,-5,-3,-12,-4,4,6,4,5,-1,-1
-13,3,-7,0,-14,1,-13,-9,-2,-3,-16,6
-15,4,-14,-9,-10,-8,2,-9,-16,-13,-3,-17
-10,8,2,-19,-17,3,-7,12,-11,9,-10,-3
1,-10,-10,-2,-13,-14,-4,-22,-17,1,2,6
0,-6,-14,-17,3,-1,-19,5,0,7,-6,-18
-6,-1,-6,-6,2,-15,-13,11,-14,-1,-8,-17
-6,-20,-18,-4,-8,-5,-2,-14,-12,-13,-1,-16
-7,-14,-8,17,-7,-19,1,-4,-19,-2,-15,-1
-6,17,4,3,-6,-17,-10,2,-1,18,-8,-9
-18,-16,-4,-13,-8,9,2,0,-1,16,2,3
-11,-11,-15,19,-11,5,-9,-11,-2,-1,-4,-13
-3,11,4,20,-11,1,-14,-4,-8,17,-7,14
-6,4,-7,6,-14,11,0,16,-14,10,-3,11
-2,-4,-13,-10,3,9,0,-1,-7,-12,-5,16
0,-12,-18,15,-16,17,0,-2,-17,-2,-13,4
-4,7,-14,-4,-7,1,0,24,-19,1,-4,21
-7,-9,-21,2,5,-7,-11,22,-5,3,4,11
0,-6,-7,-4,-12,-3,2,0,3,22,-12,3
-4,12,0,-3,5,10,-19,3,-9,1,-12,28
-2,29,-4,26,-5,3,-18,6,-7,7,-20,8
-7,5,-12,8,-1,4,-8,19,-8,14,-18,0
5,23,2,-4,-5,6,-1,24,-3,0,-9,-5
5,-1,-2,1,1,7,-11,24,-8,6,4,15
-8,2,-3,25,4,30,-5,33,-5,31,-12,17
-5,1,2,20,-15,29,-5,2,0,7,-9,2
4,19,5,8,3,1,-6,32,-3,8,3,4
-1,0,-9,36,-2,24,-20,18,-3,36,5,15
-7,-30,-10,-20,6,-11,6,-8,3,-9,3,-34
-1,-29,1,-9,4,-18,1,-6,6,-25,-5,-4
-3,-27,-10,-3,-15,-10,-19,-23,-10,-13,-6,-2
-10,-29,-9,-14,-8,-5,-2,-30,5,-2,-11,-31
-3,-20,-13,-15,-19,-10,-16,-19,-1,-1,-1,-5
3,-24,-8,-21,-2,-4,0,-17,-1,-29,-11,-14
-15,-29,-15,-25,2,-6,-16,-18,-3,-20,-13,-30
-4,-5,-12,-11,6,-13,-17,-8,-6,-11,-8,-4
-20,-11,-18,-6,-14,-21,-15,-22,3,-10,-19,-6
-1,-10,2,-1,3,-16,-3,2,2,-5,-3,9
-18,-9,-5,-16,-5,-7,-20,9,-4,-1,6,4
-14,0,-14,1,-9,-21,-8,-5,-16,-17,5,-24
-4,3,-3,-11,-9,8,-10,-2,-19,-17,-4,-12
-3,1,-7,-16,-11,1,-7,-13,-3,9,3,10
-12,-13,-11,12,6,13,-13,0,-16,-17,-13,-14
-6,-18,-20,-6,-18,15,-13,0,-10,2,1,-18
-20,-11,-3,-13,-19,-1,0,-17,4,-3,-2,6
2,-8,-20,11,-20,-8,-13,7,-20,-13,-4,4
0,-1,6,12,1,18,-3,-16,4,7,-13,-2
-17,-13,-2,18,0,-3,-1,18,-2,11,-13,-4
1,14,-4,3,-15,12,4,-7,4,-3,-2,-15
-14,-5,6,13,-2,-6,-8,16,-2,-14,5,-8
-14,-11,-11,-9,-1,-14,-5,4,-8,17,-3,10
-1,20,-12,16,-17,5,1,5,-4,13,-9,7
-1,0,-2,-8,-7,-9,-1,20,-1,17,-13,21
3,-7,-8,9,-20,4,-10,16,-4,-4,-8,22
-18,-3,1,-6,-20,17,-17,4,0,1,5,13
2,-5,0,13,1,13,3,12,-3,27,-8,-8
6,14,-2,-8,1,-6,-3,-5,-9,-6,-2,-1
-10,-6,-15,0,-19,23,-12,16,1,11,-7,16
0,6,2,29,-7,13,-10,23,-15,5,1,5
3,-2,-18,24,3,20,4,0,-7,6,0,11
2,2,-1,15,-4,2,-4,-2,-2,8,-3,5
-7,13,4,32,4,16,-4,20,-3,5,1,26
-2,5,-1,22,-18,7,-13,16,-8,23,-10,6
-15,8,-12,35,-8,13,-19,2,-3,29,-9,34
-20,10,0,6,1,18,-17,23,-7,35,-15,7
5,-3,-6,-17,-10,-31,6,-34,7,-14,-10,-10
-2,-32,1,-6,-1,-1,-12,-34,-2,-32,-7,-20
-5,-18,-1,-2,6,-16,3,-23,-19,-12,-9,-16
-17,-11,6,-7,-9,-19,-7,-20,-1,-2,-14,-31
0,-10,-19,-18,-3,-2,-8,-3,-4,-21,1,-19
-7,-15,-7,-5,-13,-1,5,-25,4,-18,0,1
-17,-27,5,-10,-16,-9,-14,1,-3,-25,6,-1
-18,-24,-11,-1,-2,2,-8,-12,-14,-19,1,-28
-16,-25,5,-19,0,-5,-11,-14,-3,-20,-4,6
-1,6,-1,4,1,-22,-1,-3,-4,1,2,3
-6,8,-1,-1,-16,-6,0,-7,2,2,-18,-2
-15,-14,-6,5,-5,-4,-12,-21,-10,3,4,3
-6,7,-7,-1,-11,7,-16,-2,6,-1,-1,0
-12,-1,-1,-9,-5,-16,-16,2,3,12,-5,-21
-17,-1,4,8,-7,-9,2,-21,1,5,-5,9
-8,14,-6,-9,-10,15,-18,5,-4,1,-8,-3
-7,0,-13,-11,-18,-5,-6,1,2,-15,-4,-20
2,-15,1,2,-12,-18,1,-7,5,-18,-5,-7
6,-12,0,18,-5,-10,-2,-7,-11,-4,-2,-17
-5,-17,-7,-12,-13,-9,6,3,6,-15,-4,18
-8,-15,-19,-6,-10,-1,6,7,-16,-9,-9,0
-18,4,1,-11,1,14,-3,11,-5,15,-8,-12
5,22,-7,16,4,4,-5,-6,-10,1,4,-10
7,19,5,14,-19,12,3,0,6,-7,-6,-5
7,-12,-7,-5,-8,22,6,-4,3,-7,-1,-3
7,-10,-1,6,-17,0,6,20,-4,9,-7,17
5,-10,3,21,1,-6,-6,12,3,11,-9,-10
-2,-1,-9,21,-7,-8,-18,-8,5,-4,0,8
7,26,6,16,5,-2,-19,14,-5,25,-3,0
5,25,-13,6,6,18,-15,11,-7,-2,5,9
-19,8,-16,23,-15,13,-2,15,-10,25,1,14
6,30,-8,28,-7,-1,2,0,-7,6,-6,9
-4,-3,-4,13,-9,20,-10,21,0,28,0,11
-8,-1,-3,5,-12,16,-8,30,2,0,-10,5
0,32,2,14,-3,25,5,25,1,16,-16,6
-1,3,7,12,-7,23,1,7,5,26,-6,33
7,4,-13,17,6,7,-1,23,-7,18,-8,4
-16,-35,-12,-24,-2,-36,-1,-3,-7,-21,-7,-29
-15,-30,8,-1,-7,-15,-10,-2,5,-14,-2,-13
-3,-11,-6,-1,-6,-29,-14,-6,-11,-7,-7,-20
-6,-3,-11,-31,-9,-31,-7,-17,-2,-1,3,-24
-8,-5,-12,-3,-16,-22,6,-30,-12,-31,-7,-3
-6,-2,2,1,3,-3,2,3,-16,-24,-3,-8
-4,-6,1,-22,1,-4,-10,-12,-16,-6,-9,-24
-2,-7,-2,0,0,-21,-11,3,-10,-20,4,-15
4,0,-6,-10,-2,-12,-16,-6,7,6,8,1
5,-12,-14,-24,-10,-3,-1,7,4,-21,0,-10
-3,-18,-15,-16,3,-18,7,-15,-8,1,-10,-17
-4,-15,-1,-11,5,-16,-2,-17,1,0,1,0
-4,-16,0,-17,-4,9,-10,-3,-4,12,1,-24
-17,13,-2,-11,-3,-6,8,4,-12,-4,-1,-3
-3,3,-2,-13,-11,-5,5,11,-14,-7,-2,-18
7,-10,-4,1,-1,4,3,4,-5,-6,-8,3
6,11,-14,-11,2,-5,-2,-9,0,7,4,-11
-16,-19,-4,-1,6,-19,-14,12,-1,1,0,0
4,-13,-14,16,6,0,-13,-8,-2,18,-6,5
0,-16,-18,-6,2,-6,-6,-9,-13,-13,-3,9
-17,4,-7,4,7,-1,-3,-16,2,-15,1,3
4,-8,-2,15,-6,3,-1,12,-14,12,-12,-3
-1,-3,-6,1,0,18,-6,-12,4,-13,6,-4
-14,-11,-2,19,-4,14,1,4,5,23,-9,-3
-12,-8,2,11,-3,-2,5,22,-12,23,6,11
-12,-3,-3,18,-2,6,0,-4,-9,15,-18,-4
8,20,8,-9,-11,12,1,14,5,-5,-1,20
-3,2,-4,4,-7,-9,0,13,5,8,2,6
6,26,-15,-8,1,10,-5,18,-6,-7,-6,18
8,22,-15,-3,-6,-7,-10,2,4,2,0,-4
7,24,4,26,-18,17,4,4,1,15,-12,21
1,-3,1,26,-3,16,3,18,-9,29,-17,12
-4,13,4,10,3,25,-13,13,-1,29,8,31
6,4,-16,11,5,13,-9,25,-7,16,3,16
-6,2,-7,1,-7,22,1,8,-17,10,0,25
-5,13,-9,29,-2,25,5,29,-3,7,-9,14
-13,6,-14,0,-7,25,-11,12,-3,31,1,20
-8,-19,0,-17,0,-27,-17,-2,1,-29,2,-7
-15,-33,-16,-31,-4,-25,-7,-11,-2,-10,7,-31
0,-9,0,1,5,2,-11,-3,-10,0,2,-25
-9,-12,6,-15,6,-30,-8,-9,-9,-22,1,3
-10,-25,-13,-10,-6,1,-8,4,-11,-27,-1,-16
0,-1,8,-12,-12,-9,-15,-5,1,-8,-8,-1
-8,-9,-12,-7,5,-1,7,-23,0,-12,-3,-6
-12,-8,-11,-28,-9,-8,-6,-24,-8,-12,-10,-22
0,4,-1,-24,-9,-5,6,1,-5,2,-7,-1
-7,-9,-14,-19,7,-17,-14,6,-9,7,-1,6
9,-17,-3,-12,-10,4,0,-26,2,0,-10,-9
-17,-9,7,-7,-8,-4,8,-24,-2,-12,-11,-11
9,-11,9,2,5,-19,-3,2,-3,-2,-6,-23
-16,-7,0,-3,-13,-17,3,-22,6,-4,-3,-16
3,0,8,6,2,7,-6,13,-8,-9,-3,-7
1,0,-5,0,-14,-5,0,5,3,3,-1,-16
1,-11,9,16,-2,13,3,-1,-5,-1,-2,-8
-16,-13,3,15,6,13,-4,-8,3,-12,-1,0
1,-16,7,5,-11,-3,7,4,-7,11,-5,6
3,15,-16,-8,2,14,4,17,-6,-1,2,14
-17,-9,-9,-4,-14,-13,6,9,-4,-13,6,16
0,-9,6,20,-5,8,7,6,1,7,-5,-2
-1,-8,6,22,7,0,2,-6,7,2,-4,17
-8,5,-5,-12,-8,14,1,8,6,7,-1,-6
-6,-1,2,18,-8,-8,4,19,0,10,-11,20
4,1,-6,14,0,3,-12,16,-9,13,-1,16
8,-10,-16,11,1,19,9,16,1,8,-4,18
2,23,-4,26,-8,21,7,6,3,0,3,27
8,18,-6,19,0,12,-10,19,-7,-8,9,17
-5,-4,-10,-6,4,-3,9,7,-8,14,-3,19
-1,3,-16,25,1,8,8,21,9,15,5,-6
2,30,0,29,-4,19,6,23,-9,1,0,14
-3,8,9,17,6,32,6,-1,-8,28,-6,5
7,18,-1,18,0,23,-3,28,-10,12,-7,11
0,7,-3,10,1,1,-13,20,-3,7,-15,4
2,-1,-6,29,2,21,3,19,7,6,-10,0
-6,3,3,11,7,30,9,6,-7,30,-8,13
-13,-2,-1,-33,-8,-34,7,-5,3,-24,2,-14
3,-9,-16,-31,0,-33,-11,-12,-10,-4,-6,-32
-15,-8,-4,-7,0,-16,-8,-24,7,-32,-4,2
-8,-9,3,-6,-3,-12,-4,-1,4,-14,-3,-33
-9,-14,-12,-13,-8,-24,-8,-26,-3,-9,8,-3
-4,1,-3,-13,-12,-18,-10,-26,-6,-14,-9,-8
-4,-2,-9,-17,2,-19,-15,-14,-2,-14,-7,-16
-9,-14,-6,-21,-3,1,-8,-10,0,-7,1,-24
4,-14,3,-14,-1,-10,-5,-16,1,0,2,4
-9,8,-12,6,-5,1,-1,3,10,-20,-1,-5
-14,9,2,4,-14,-19,-2,-23,-3,-26,-5,-26
10,-17,4,-5,6,2,-14,-21,8,-11,0,-14
-8,12,0,4,4,-12,4,2,10,-15,6,9
2,5,-13,-6,-15,-14,5,-15,-5,-17,-1,-6
-12,12,6,-6,10,-17,2,-18,8,14,10,-13
-9,13,-8,9,-8,4,-3,-9,5,-19,-5,-15
-4,-15,-5,-14,-6,15,-15,7,4,3,-4,-18
-4,17,1,3,-13,-4,-8,10,-13,6,-12,6
-12,-15,9,2,-3,11,-1,-1,-4,-8,-6,12
3,-2,5,12,-4,13,-7,-5,0,-5,3,11
2,11,-14,-4,8,-9,4,9,5,-1,-16,-3
1,-2,5,-12,-5,1,-14,-1,9,4,-12,-5
7,-13,-2,-4,0,15,-8,1,-8,-7,-4,-3
5,22,5,14,-9,0,-11,6,-12,-7,8,-7
5,10,-9,19,2,-2,-6,-7,5,23,-10,-11
-12,-5,-10,-1,10,10,-16,-2,6,-3,-3,-8
0,1,5,11,8,3,0,-9,3,7,-9,10
4,-2,0,-3,0,16,-7,12,-4,25,7,9
-7,-6,9,28,0,24,-5,11,10,-2,-6,23
-6,-7,-5,-7,7,15,-1,17,1,-6,5,9
-10,3,-16,10,-11,-6,-11,6,5,11,2,-1
1,-1,6,19,-12,-1,0,-5,2,6,-1,1
4,-2,-13,8,-13,3,9,31,-9,15,-11,1
-1,16,-16,19,-1,33,-4,4,2,1,-4,13
5,4,-6,34,-7,14,-15,31,6,25,-6,21
-16,7,-3,-1,-15,-1,-16,12,7,11,3,25
-4,2,-7,7,-6,31,-11,18,-4,14,9,22
-14,-8,2,-8,-2,-22,3,-9,8,-33,-7,0
-3,-26,-4,-28,6,-19,-3,-14,-6,-19,-10,-24
-12,-24,9,2,0,-2,-4,-33,-5,-15,-9,-30
-12,-14,10,-8,-8,2,-8,-33,7,-20,1,1
5,-7,-12,-13,-13,-24,-9,-16,-4,-22,-6,-4
-10,-19,3,-2,4,-16,10,-6,-1,0,6,-8
7,-7,10,-23,6,1,-13,-13,2,-6,-8,-16
11,-11,8,-25,-6,-7,8,-9,-1,-16,-15,-2
11,-18,-3,1,5,-9,5,-24,-6,-19,-2,-2
-6,-8,7,-2,5,-27,9,-7,1,-12,10,4
-11,7,11,-16,5,0,6,-20,1,-7,-10,9
6,-6,0,-1,6,-2,7,11,-2,-23,-4,-6
0,-3,-9,-17,-1,2,-3,-13,-3,-22,7,7
9,-4,3,13,-12,-1,-10,-10,9,-14,-14,-3
-14,-19,-8,-13,-1,3,5,-12,-8,-13,7,-21
-12,-13,3,-10,-13,-1,-6,2,2,4,6,-20
7,-12,-7,-11,-14,7,1,10,-2,-7,7,-10
9,-15,-4,16,4,-13,-11,-14,-6,-1,-2,0
11,7,9,-3,9,17,5,6,-8,-1,-6,-13
5,-8,-6,18,6,-2,3,3,-6,6,-8,-5
-3,-16,-13,-16,-4,-10,-4,11,10,-4,-14,-10
3,19,2,10,-8,21,-2,-7,-9,-5,-7,-8
4,-1,-11,-13,-1,-9,-2,-9,-7,14,-9,14
-5,-11,5,18,-8,-5,5,4,-3,7,9,22
4,4,-10,9,-1,19,7,19,-10,15,7,-4
11,15,-2,-3,5,-10,-8,-8,-9,-2,-1,12
3,26,-1,-9,-7,8,-14,0,11,-2,2,19
-15,-9,-2,0,-7,10,-14,5,-4,15,-4,15
9,-2,-13,17,9,20,-7,17,-4,17,-6,15
9,22,-1,9,-5,12,-14,21,11,-5,0,29
10,21,-13,14,10,30,-11,21,-12,18,-6,-3
-6,-1,7,4,-13,23,3,0,-6,0,11,0
9,21,5,4,11,4,8,14,-12,2,2,24
8,-1,-15,25,5,32,-9,-3,-10,-3,0,17
8,-2,1,32,-1,33,4,10,9,6,-10,25
5,4,-6,14,1,18,-2,2,-9,13,-5,10
-2,18,1,26,2,34,-5,0,7,14,-10,23
-3,-11,8,-18,-12,-35,-10,-34,4,-23,-11,-1
-4,-18,7,-17,-7,-11,1,-16,-8,-11,1,-30
2,-9,-8,-31,-1,0,6,2,7,-24,-2,0
-10,-1,6,-7,-12,-4,4,-23,-6,-12,0,-32
-10,-18,-10,-9,-4,-19,0,3,-10,-10,-7,-5
-9,-11,11,-19,7,-17,10,2,-3,-28,-5,-12
-6,2,-3,-12,5,-26,-11,0,-10,-4,-1,-25
-5,-23,6,-22,0,7,4,0,-7,-23,-5,4
-6,-1,12,-9,1,-20,0,-5,-10,-11,-7,2
4,-3,2,-12,11,-7,-4,-10,-5,8,-7,-16
-14,4,-13,2,-9,-11,-7,4,0,-24,7,1
9,-2,-3,-2,-2,-15,-3,0,-2,-13,7,-12
6,4,-4,-13,9,-12,4,10,11,11,3,-1
3,11,2,-5,3,-4,2,12,-8,-15,-4,-22
6,8,-13,0,-12,3,-1,14,-4,-19,-3,11
11,12,9,2,9,2,9,-6,-4,-16,0,6
11,8,-4,-6,1,-9,-11,-9,2,8,-6,15
0,-1,9,1,-9,-18,-5,11,-5,-9,1,-5
0,-16,-4,-11,-8,-7,-1,-14,-12,1,4,3
4,-5,-4,15,2,-5,1,-11,-4,-13,6,-11
1,-11,-9,8,-1,17,8,16,0,18,0,-10
10,-14,5,2,-14,15,10,16,8,-5,2,-14
12,19,-9,20,-9,-10,5,20,8,18,3,-12
7,21,-4,13,12,13,-9,2,6,-7,-8,20
-6,-12,12,-4,10,-11,-14,24,1,-10,1,-11
11,-10,-12,16,-3,-8,4,-5,3,4,-6,22
2,23,-5,16,11,-4,-1,20,-1,8,8,9
-8,15,-12,0,2,25,-6,-6,9,6,12,-3
11,5,1,6,11,18,-5,-4,5,25,12,8
-5,-6,-9,3,1,0,1,20,-4,17,-14,9
1,-2,-6,15,1,-1,11,-3,-5,-2,-12,1
4,12,-1,9,12,-5,2,14,2,5,-13,18
-11,5,2,3,12,29,5,-1,1,0,11,11
4,2,1,1,11,-3,-2,6,-13,8,-2,11
5,18,-13,32,-10,28,11,-2,6,14,12,22
8,-1,-10,14,8,11,11,20,8,33,3,14
-1,21,12,25,3,0,-10,34,-7,28,7,33
-4,-10,-8,-32,-13,-8,-1,-1,13,-11,-6,-31
-3,-27,11,-9,-10,-4,8,-35,7,-6,3,-4
2,-18,11,-32,-12,-14,12,0,0,-28,6,-4
12,-21,-12,-27,-11,-19,-13,-25,-9,-3,12,-19
1,1,-9,3,10,-12,-13,1,12,-6,-8,1
-7,-18,0,-2,13,-9,6,-6,-9,-19,-10,-3
12,-14,-7,0,-4,-21,-2,-12,-9,-17,6,-19
-3,4,-4,-19,1,-9,9,-25,4,-15,5,-9
-4,3,3,-18,-10,6,9,-25,6,-20,-3,5
-10,-1,1,-25,11,0,7,-25,0,-1,-1,-19
1,8,1,-11,-11,-22,-6,-1,-8,7,-3,-7
8,-8,-13,-1,5,-6,-10,9,9,-22,1,-14
-3,-4,-8,2,-9,10,11,-12,-10,4,3,-10
10,12,9,-11,11,11,-8,13,-9,11,6,-17
5,7,-5,-6,4,-17,-9,-21,-6,-6,5,-20
1,-17,3,6,-2,14,-7,9,5,4,-7,1
-2,-16,2,-19,-3,13,9,-14,6,-4,11,-13
10,14,0,-8,-1,13,13,14,-8,13,-5,-11
-3,-15,6,10,-8,-10,12,-4,7,-4,2,12
8,-12,-8,5,-4,9,-11,-10,-2,11,-4,-8
-5,-13,8,8,4,-4,-3,14,7,6,-1,-4
4,-10,13,-8,7,10,-6,18,-10,0,10,-4
11,16,1,-6,2,6,9,2,-7,2,-1,-9
4,4,5,21,7,21,-3,3,11,8,4,18
3,7,-2,-3,2,10,-3,-9,1,23,-3,-6
11,17,11,6,2,23,-3,3,-7,6,12,16
8,13,-2,14,12,6,-11,22,-5,12,9,26
6,14,2,7,0,18,9,13,-2,9,11,2
8,7,4,8,10,-6,11,-5,11,2,6,0
10,12,2,13,-8,9,8,6,1,8,0,11
-2,-6,1,11,7,11,3,25,3,18,8,9
6,5,-12,11,-10,27,-10,13,-3,1,10,29
4,-4,-13,25,-3,-2,-5,-2,-5,11,-5,22
5,-3,-4,6,-7,22,-10,7,-2,8,7,0
6,1,-7,20,1,32,-4,15,3,0,12,8
5,12,6,5,12,20,-2,2,1,24,1,9
13,24,-4,32,-7,9,-10,32,9,29,11,15
10,-24,-6,-5,5,-33,0,-30,6,-16,0,-17
0,-22,9,-7,2,-29,-12,-32,-5,-6,-4,-3
-8,-24,-7,-21,7,-26,12,-20,-2,-20,-3,-5
-5,-12,14,-29,1,-21,12,-25,-1,-6,-4,-19
-11,-2,9,2,9,-7,3,3,1,-24,-3,2
-1,-7,-9,-5,11,3,-8,-24,3,5,14,-28
3,-8,-9,1,7,-21,-7,-22,-8,-7,0,-20
-4,4,8,4,10,-28,2,-23,14,-25,5,-12
1,-1,7,-8,-11,7,8,0,14,-5,5,-24
-9,-16,11,-17,0,6,5,-13,11,-17,-5,-24
-10,-12,9,-14,-1,-12,9,-12,10,-3,2,-9
-2,9,1,-3,0,-4,1,-7,3,1,9,-11
-2,2,13,-2,-8,-2,-4,6,2,5,-7,-2
-1,-10,-2,-21,2,-14,11,1,-11,-14,10,-7
-12,2,14,-6,1,-17,1,11,0,4,5,-22
11,-13,-10,-14,-6,-8,12,9,-8,-14,-1,-16
11,-15,-7,11,-1,10,-2,-9,-7,-14,6,-14
-9,17,11,-17,-1,17,2,-4,-12,9,8,14
6,-12,-3,0,1,-18,3,-16,9,2,4,6
-2,19,-11,0,-11,4,14,-15,-9,18,-1,-1
-2,3,10,13,-2,-5,14,2,-4,1,11,-11
-10,19,-5,-1,12,0,10,-13,-3,-7,-9,-5
-10,9,6,8,-6,8,5,22,13,14,-9,-3
12,22,10,-10,14,18,14,18,-10,-4,1,-2
-2,11,-12,5,-6,24,-12,6,-11,13,1,3
11,6,7,14,-8,-1,14,2,3,-10,13,-5
-10,20,7,2,8,-7,-6,12,10,15,9,-2
8,17,12,21,9,3,-4,4,-3,10,-4,3
-2,2,13,-5,10,0,2,2,9,-7,2,25
10,9,4,16,-7,11,5,-1,-5,-2,1,18
-12,30,10,28,-4,1,0,30,12,-3,12,3
10,-4,-6,19,-6,14,14,30,13,9,10,8
6,4,11,20,-3,24,8,31,-1,18,13,20
-7,4,7,1,1,20,-7,29,-9,0,-8,4
4,-1,-3,1,10,7,11,3,14,10,5,12
4,35,13,30,-1,22,-1,27,9,30,0,30
9,2,9,1,-9,36,4,13,-1,32,6,29
9,-1,-8,-27,12,-7,-5,-12,2,-5,7,-1
-11,-4,3,0,-4,-24,11,-2,6,-19,5,-17
0,-5,-3,-17,-4,-24,-5,-14,4,1,-4,-32
-9,-5,3,-14,3,-3,7,2,-1,-1,14,-16
-9,-1,6,-9,-5,-15,14,-17,5,-26,8,-9
1,2,-5,-12,5,-8,-1,-21,-5,-20,4,-28
-4,-13,-10,-7,8,-28,-5,-7,1,-17,-7,-25
-5,-12,-6,-23,11,1,9,-20,-2,-5,3,-9
1,-1,-5,-1,-9,-12,-8,-22,14,1,-8,-14
-4,-14,-11,-2,5,-13,5,0,11,3,15,-1
11,-12,-6,-15,-3,0,14,10,4,-7,1,1
4,2,2,-12,6,-3,11,-7,10,9,-10,-9
10,-6,-9,-6,2,-23,10,0,-4,7,5,-4
0,-6,8,9,-4,-8,0,3,2,11,4,-14
-1,2,10,-14,-7,-1,7,-5,-8,5,9,7
-5,-19,3,12,14,8,7,-5,14,12,-5,-1
5,-8,11,-5,2,-13,12,-18,-3,-8,5,-18
-9,1,-8,15,-1,-16,6,11,-5,14,3,9
4,-1,3,-18,-4,0,-9,-8,13,8,5,-3
0,-9,-3,8,13,9,1,-3,4,12,11,-15
-1,0,13,-10,15,-7,15,13,-1,4,15,6
-9,21,-9,8,-9,16,7,-15,9,11,0,8
-6,22,12,-6,12,19,-8,-5,10,12,10,4
-2,23,4,-4,6,-12,-4,-5,6,-7,-9,20
11,24,2,5,13,4,-1,3,13,23,2,9
0,4,1,6,2,25,-6,3,-1,-3,14,7
-1,-1,14,-6,-8,-6,-6,-3,-3,20,0,17
-9,9,8,14,7,7,11,-8,9,22,-3,21
-5,27,-11,-7,8,3,-4,20,-3,-4,4,24
0,5,-9,3,-8,26,-11,20,-4,15,-5,1
-10,11,0,6,13,26,-6,5,3,26,-9,18
3,31,2,16,7,28,1,7,5,12,3,11
0,1,12,8,1,25,-2,16,3,4,-1,28
7,11,-5,33,4,-1,6,17,6,31,-3,25
5,0,-11,5,13,6,-3,6,6,11,-3,2
5,3,11,-1,-2,2,3,23,12,10,15,6
-11,18,-9,35,-1,30,-6,2,3,28,-2,1
11,-7,5,-3,4,-26,-7,-16,10,-4,-2,-15
7,-12,4,-4,8,-20,-9,-15,9,-35,-2,-34
-7,-4,-2,-21,-1,-14,-1,-28,9,-33,-7,-21
-5,-8,-10,3,-3,-28,-1,-26,5,1,5,-26
4,-2,-5,3,16,-19,4,-23,4,-29,11,-7
-4,-10,6,-11,12,-16,6,-22,-1,-25,14,-13
-4,-12,16,-10,8,-9,6,-8,3,-6,15,-28
1,2,0,-17,10,2,13,-16,2,-23,0,-22
-1,-18,5,-21,-9,-16,2,-3,13,5,-1,7
8,-2,5,-8,9,8,1,-21,0,-1,13,-26
2,-15,0,-1,-2,-25,9,-21,15,-21,3,-14
-10,-3,11,11,14,-2,-9,6,16,-1,9,-22
4,-2,16,-2,1,-13,7,-7,10,-22,-8,2
-5,12,2,-21,8,7,-8,13,-4,-10,-6,-8
1,-16,-9,-21,-6,-6,5,14,0,-20,3,-21
2,-6,-2,-19,7,-8,16,-13,3,-7,-2,-8
0,5,-9,-9,3,-18,-7,-3,10,-5,1,11
-3,-13,1,-17,-5,-14,-6,10,-7,-2,-3,12
3,-3,12,-10,3,10,9,13,1,-5,-2,0
13,-3,3,-14,-4,1,7,-13,-5,-3,16,3
-1,18,5,9,2,-14,-8,-1,2,5,15,-11
-2,19,10,-3,-5,-2,8,13,3,2,-3,4
1,20,3,1,-7,-8,-9,3,11,8,12,16
-4,-7,-8,11,0,-1,6,8,-7,23,10,8
9,17,11,-12,8,0,-9,3,5,12,-5,0
-2,24,7,13,12,10,12,6,11,16,-3,13
-5,1,4,14,13,4,2,0,-7,0,-2,7
-7,22,-6,15,4,-5,15,19,9,15,0,27
10,19,2,-2,15,19,2,16,-2,12,3,19
-10,27,13,14,8,-1,12,19,7,0,2,15
12,12,12,4,8,12,7,4,6,12,-5,12
4,30,11,2,-7,0,-3,8,2,27,16,16
12,6,12,29,2,12,13,23,-8,25,11,0
13,28,16,20,14,21,-6,27,-1,-2,12,32
14,25,6,20,4,1,10,-2,-2,8,15,1
-10,20,6,10,8,22,11,31,-1,21,10,31
-1,27,-3,36,7,15,4,5,5,6,-1,25
9,-6,-5,-26,-1,-30,-4,-12,7,-27,13,-2
5,-3,3,-23,-1,-7,-1,-34,1,-25,-2,-6
4,-25,17,-10,-7,-28,17,-18,4,-25,3,-4
-1,-2,15,-26,-6,-6,-4,-32,7,-3,2,-11
-5,-14,17,0,12,-23,6,-31,5,-26,1,-3
3,-5,14,-20,-6,-23,-9,-24,3,-24,-8,-3
6,1,0,-24,-2,-16,6,-8,9,2,-6,-21
2,1,3,-15,-1,-7,0,-3,10,-7,-4,-19
5,-7,11,-1,6,-22,6,1,10,-19,-1,-1
-1,-19,13,9,9,-14,3,2,9,-27,-5,-4
-5,5,-3,-22,11,7,-1,-15,-1,-1,-3,-10
2,-6,14,9,-3,-24,15,-24,-9,-18,14,10
-6,9,15,-21,9,11,-1,0,2,-7,-8,1
-1,3,5,-2,-5,-11,9,-14,9,-13,4,-13
5,4,11,-17,-5,-17,-5,-11,8,1,4,13
3,-13,6,1,-1,12,17,-12,1,14,1,-1
11,-5,16,-6,15,-9,13,-20,2,-20,-1,5
0,-8,1,1,12,0,14,-15,0,11,-3,-13
14,-7,2,-2,-9,17,0,9,8,17,2,10
-9,8,14,14,2,-15,3,1,2,9,16,-9
4,13,-8,10,5,-14,4,-2,3,19,15,15
-3,17,13,15,8,1,4,-15,-3,13,-3,-15
-4,0,-5,6,1,-5,9,4,3,8,-2,20
17,2,4,12,0,4,10,17,-2,5,2,17
7,1,-9,20,11,16,6,16,2,17,7,-3
0,12,1,-11,12,13,10,-9,16,13,10,2
0,-5,6,22,-8,18,-4,6,5,11,10,24
4,-1,14,17,4,7,17,-6,4,7,13,13
0,5,15,0,-4,19,10,-4,17,9,-2,17
12,24,-4,22,-5,10,14,16,6,-4,-6,13
3,13,-6,27,5,22,-8,18,7,17,3,14
17,7,-8,0,-5,26,4,23,-2,21,7,12
7,17,-1,2,-9,10,-5,19,8,5,9,12
3,3,6,18,12,0,16,4,1,19,9,8
17,4,12,18,-5,5,5,28,12,11,11,7
-9,19,-9,30,8,26,6,13,1,12,-3,23
-9,27,-7,16,-1,0,16,32,6,0,0,16
-1,-31,10,-31,17,-26,12,-25,7,-18,12,-2
9,-8,5,-7,3,-8,9,0,-5,-2,2,-23
-2,-12,-5,-6,16,-31,16,-6,9,-32,16,-4
-1,-17,13,-18,18,3,1,-17,13,-26,-6,-16
-4,-5,-7,1,18,-5,-8,-4,13,-8,12,-4
-4,-5,15,-22,3,-19,4,-30,-2,-13,6,-1
-3,1,9,-19,-5,-19,15,-18,1,-30,5,3
-3,3,9,-2,-6,6,17,-23,-1,-6,16,-21
-7,6,-6,-26,7,-19,16,-18,8,5,4,-10
10,4,8,-10,14,5,-1,-18,-2,-20,3,-2
5,9,14,1,11,-1,3,-24,7,-16,9,-13
1,-3,-3,-17,-3,-11,-4,-9,-1,7,1,6
0,-12,-1,-20,9,-18,14,-15,8,-21,-3,-8
-1,5,7,-17,11,7,5,12,8,-2,12,-9
10,0,4,-13,12,-1,-7,7,7,-13,-8,-16
0,4,8,-7,13,-15,-7,2,-3,-8,3,13
-7,5,7,10,8,11,13,-1,-2,-14,-4,15
-5,6,9,-11,3,-1,2,0,1,1,10,11
-4,11,12,-9,10,10,7,-5,1,11,0,-12
0,5,11,12,5,3,-7,8,7,-3,2,-7
8,14,13,14,17,19,-3,-16,11,18,-1,16
13,-1,4,17,14,-11,3,-7,2,1,1,-15
16,2,-3,-14,11,6,-1,-8,3,-7,-2,20
1,20,12,2,17,1,12,14,-8,-1,7,-11
0,4,13,21,-6,18,12,6,3,23,12,-4
-2,1,4,-3,-2,-8,3,3,3,12,6,-6
5,13,8,23,4,-3,1,1,0,-8,7,9
-3,1,0,6,-7,-1,16,26,6,17,18,9
17,-3,1,20,12,22,-4,-5,3,-3,-3,28
-8,19,13,24,-3,5,6,20,6,17,13,-5
9,22,2,27,11,4,17,3,12,7,-8,22
16,7,12,25,1,5,-2,6,13,9,1,27
-2,32,18,-4,-2,19,8,1,8,16,-8,20
-5,-3,-1,3,18,29,7,9,-4,29,12,24
0,0,16,20,7,2,1,8,0,31,12,23
11,30,-4,20,14,1,18,-1,4,2,0,30
-6,9,-6,5,-8,20,1,8,-3,25,18,28
-4,-34,-3,-10,1,-33,7,-32,-3,-36,-2,-17
-7,-12,5,0,-7,-1,11,1,4,-5,12,-30
1,-29,16,-7,8,-20,4,-21,-3,-25,-2,-28
4,0,18,-17,12,-12,11,-20,3,-26,-3,-7
5,-1,12,-6,14,-19,17,-15,4,-24,-5,-22
9,-3,3,-10,14,4,17,-15,3,-16,13,-14
4,-20,18,-21,13,-12,19,6,13,-30,0,-4
17,-14,-2,-1,10,1,5,4,-5,-2,0,7
14,-2,7,-22,14,-7,-4,-9,-5,-14,17,-26
9,2,13,-13,-3,-16,3,-19,8,-15,16,3
2,6,1,-19,-1,-6,16,-7,9,-12,0,-5
-3,3,4,-3,-4,-15,19,7,-2,9,15,-4
7,-15,9,12,18,-15,-1,8,3,7,16,-11
1,-9,13,-6,-6,2,3,3,14,-11,-2,11
3,0,13,2,14,12,9,2,-5,-12,8,5
-5,-11,8,-3,16,6,7,0,4,13,14,15
6,8,-7,-7,9,-13,1,11,5,8,6,-4
10,10,6,8,7,-6,16,-5,1,8,15,-8
0,13,-2,14,8,9,9,0,-2,-2,7,-9
7,8,10,15,4,-7,16,19,10,10,3,0
-4,6,-3,16,-1,10,-5,12,19,0,5,13
-1,1,11,1,18,7,14,6,0,21,0,13
0,-2,-4,-8,14,-4,15,15,0,-1,0,-8
2,2,-6,19,3,-3,12,23,-2,6,2,-9
5,13,12,-12,2,20,16,-12,11,5,1,-9
4,-2,19,4,2,-4,5,4,-5,14,-1,-4
8,-1,1,16,1,-6,-3,23,-7,3,6,22
14,12,11,12,8,6,0,-2,2,16,5,-3
6,-5,18,21,-4,5,9,17,4,28,2,19
12,12,9,28,3,20,12,11,-7,29,3,6
8,20,4,-1,-2,5,12,23,11,8,-1,13
12,13,10,13,-3,13,-5,26,1,24,3,-1
-4,2,19,23,-6,-3,4,28,2,29,8,29
-6,7,4,11,8,0,0,2,19,28,5,29
15,19,13,-2,15,4,8,9,3,34,-2,7
13,3,-5,0,10,35,18,28,1,34,-1,35
14,11,-4,2,-7,21,-3,26,13,4,6,22
-4,-30,-3,-1,5,-35,5,-36,3,-25,0,-1
-5,-33,-2,-22,4,-29,4,1,18,-23,8,-35
20,-23,7,-10,16,-34,8,-27,-6,-9,4,-25
-2,-9,16,-31,16,-16,-1,-13,-1,-32,-3,-16
-1,-19,-4,0,1,-11,18,2,4,-20,20,2
14,-8,2,1,-2,-16,-4,-19,-4,2,2,-16
14,-6,-1,-18,8,-1,3,-16,15,-5,-4,5
4,1,5,-28,17,-3,8,-1,-6,-12,8,-11
-2,-13,0,-20,-3,-28,7,-1,2,-5,-6,-8
-1,-9,-5,-25,4,-19,2,8,1,8,-2,3
-2,-5,15,9,-5,-21,16,-5,0,-1,2,-26
-3,-8,12,-2,-1,8,2,-25,-2,10,9,-17
-4,-5,16,-11,17,-5,10,-12,4,-13,10,-3
3,-7,-2,2,16,11,8,9,-2,-9,15,-2
0,1,0,11,6,9,10,-8,9,-5,8,-1
-3,8,4,1,8,3,14,10,1,-14,1,14
-1,4,12,0,8,-19,0,-13,-5,3,3,4
10,12,18,-14,7,-11,11,-4,6,-2,-1,11
1,8,-2,11,9,10,14,5,8,-14,-1,-4
9,16,3,-6,5,9,6,2,6,-13,11,5
2,12,1,17,5,15,13,-3,15,14,19,19
-2,8,18,-3,14,17,6,15,-3,-4,16,-9
1,6,1,18,2,6,7,15,20,14,5,-1
9,21,1,-13,3,12,13,14,13,-8,2,-2
2,-1,15,-1,9,11,8,7,19,-9,-4,-1
-3,12,12,13,6,0,0,2,13,25,8,-7
5,6,0,1,-1,16,7,24,8,13,-2,2
-6,-3,8,-2,-5,23,0,20,8,-9,13,-8
11,28,-3,28,4,21,-2,13,0,-5,-2,-4
20,24,-2,5,10,8,15,26,7,-6,-3,24
7,-6,4,18,13,28,12,20,11,6,0,20
14,16,-6,28,-1,26,4,7,18,14,-6,6
11,18,0,-4,-4,22,-2,15,8,8,-2,29
15,17,17,29,5,12,12,11,13,0,7,21
16,7,19,11,14,5,3,11,-4,34,10,1
6,20,4,8,14,26,-2,16,2,35,0,10
18,24,-6,20,-1,2,11,25,-1,29,-1,26
8,-29,5,-17,7,-30,2,-1,0,-5,0,-7
6,-15,7,-35,17,-2,-1,-31,2,-2,13,-21
19,-23,11,-31,1,-2,0,0,-5,-18,21,-22
-2,-1,-3,-2,3,-19,2,1,2,-29,19,-30
7,-22,18,-4,4,-31,21,-7,16,-28,13,-1
0,-4,14,-13,11,5,16,-27,-2,-17,0,-3
-2,-2,20,-30,16,-23,11,-14,17,-19,-1,-2
2,0,12,-8,10,-5,11,-26,-2,-13,21,-19
-3,-1,15,-26,-4,-10,7,0,-4,4,7,-21
0,-8,2,-7,12,-23,12,-3,1,7,1,4
2,-1,16,-9,17,5,4,-23,-4,-24,-2,-10
2,5,0,-11,4,-12,-2,10,19,7,11,0
4,-17,8,-8,-3,-9,-1,-15,10,-9,9,-10
19,-9,20,0,21,-6,7,-7,21,-20,11,5
-1,3,10,13,18,13,-2,-17,14,-2,12,-10
1,6,12,15,14,-16,2,-4,0,3,0,-20
-1,-1,-1,7,5,2,10,-10,21,-15,-1,2
-2,-4,-4,8,19,6,3,1,8,8,-1,-3
2,9,18,7,11,4,4,1,11,17,-1,3
14,7,4,2,17,3,-2,-1,16,19,-1,2
0,14,10,-8,-1,7,14,-5,9,1,16,15
7,-3,14,20,19,-6,17,5,5,-6,12,-9
2,10,6,12,-1,-12,6,22,8,5,5,14
20,2,20,-12,4,18,11,7,6,-1,14,20
7,12,-3,-8,6,-5,6,12,1,3,13,22
14,14,2,10,3,25,11,-5,3,8,3,-6
11,13,19,-6,-1,-9,6,-1,13,16,10,0
15,7,5,18,1,25,10,23,2,21,17,23
8,-4,3,12,7,28,16,3,3,23,-2,14
21,28,5,27,4,5,1,28,-3,25,1,22
13,5,-2,-5,20,-3,17,19,0,1,13,12
-4,9,10,18,-2,12,20,14,5,29,15,6
2,-4,8,6,12,19,0,0,1,8,9,31
20,16,-2,10,21,1,12,16,16,18,-3,27
19,18,21,12,2,0,1,32,5,-1,-2,32
18,19,-5,18,11,34,-1,23,3,0,-1,5
21,19,19,13,13,4,5,31,0,36,-1,34
6,-24,6,-18,-1,-35,2,-3,4,-33,-2,0
3,-27,18,-7,-2,-35,3,-11,8,-35,5,-24
6,-20,8,-31,2,-30,12,0,22,-4,7,-22
18,-18,-3,-15,6,-26,22,-14,-3,-16,-3,-24
14,-9,5,1,13,-30,11,-29,1,3,-2,-7
2,-11,1,-1,-2,-4,-3,-12,-2,4,18,-6
10,1,0,-13,9,1,10,-17,16,-22,0,-28
3,-6,8,-7,3,-22,9,-22,18,7,4,-27
-1,-7,0,0,3,-22,15,5,16,-8,20,0
1,1,20,-26,10,-16,12,6,1,-1,3,-12
11,4,14,1,16,-20,-1,-25,1,-5,0,-26
-2,-10,18,-3,1,5,12,-15,7,-24,19,-3
2,9,7,8,11,1,-1,5,9,-17,6,10
9,-13,16,13,14,-6,-1,4,3,-11,10,-20
7,5,1,-19,11,9,5,10,-3,11,-2,5
-2,5,0,-13,0,-1,4,13,2,-21,-1,15
0,0,0,-6,20,-15,-2,15,-3,-16,2,5
6,9,14,-1,8,3,-1,7,6,-1,0,-1
5,11,-2,16,-4,-16,8,-15,3,-18,-1,9
0,5,3,-14,3,3,9,-8,2,19,-4,-3
1,10,4,-8,3,18,2,-8,-3,18,0,20
10,14,1,1,0,-1,5,7,11,8,11,9
11,18,10,18,5,21,-2,9,15,0,0,-1
-2,16,2,5,-1,-1,20,-2,19,1,20,14
3,2,20,-2,11,17,3,2,15,15,6,3
2,3,21,22,-1,8,15,-4,4,2,4,9
13,11,-3,-7,14,16,15,18,2,10,-2,19
13,24,6,-4,5,2,7,21,19,-9,19,27
-4,4,19,5,19,5,0,6,0,13,2,13
-4,6,-3,29,19,23,3,12,-4,19,2,-5
21,28,18,13,-1,19,15,-5,14,18,10,2
-4,14,8,26,9,8,-4,27,-4,19,19,11
21,4,-4,31,8,21,9,27,11,28,21,-4
0,-2,1,6,-2,9,-4,17,3,18,0,-2
16,18,5,18,8,1,3,34,0,-1,-1,24
14,18,1,0,0,34,2,24,3,2,-1,18
-3,0,-4,9,22,2,22,34,3,2,-1,18
7,-25,-2,-16,9,-9,22,-31,-2,-33,21,-12
4,-26,19,-34,22,-22,0,-27,1,-2,23,-4
-2,-10,6,-3,-3,-34,23,-33,3,-4,3,-4
2,-10,5,-28,-3,-23,21,-4,4,-19,12,-18
12,-4,0,-12,3,1,4,-9,19,-28,21,-31
18,-4,3,1,8,-10,-1,-7,0,-27,-1,-3
5,-23,15,-11,17,-6,3,-13,7,-5,21,-11
8,-1,13,-24,9,-10,5,-24,11,-19,-2,-28
0,-1,-1,0,3,-4,-3,-23,-2,-27,0,-7
10,-1,1,-16,7,-23,3,-6,23,-27,-1,-4
5,-6,2,-1,11,-4,0,-24,17,2,-2,-15
20,-1,10,-21,12,-13,8,9,23,-12,10,-18
18,4,8,12,8,-15,8,-14,2,-9,15,-12
0,-5,4,-15,-2,0,-1,-20,20,7,13,7
0,-8,4,5,3,-22,10,2,-3,1,-3,-12
1,-4,12,15,20,-20,-1,-15,2,-13,0,8
5,10,22,-15,4,-17,17,13,1,-2,0,-17
3,9,14,-18,-3,-1,-1,-14,1,-15,0,-17
-1,7,-1,15,2,16,2,17,0,16,0,-17
0,-5,19,-10,3,18,3,9,0,-16,-1,17
0,-3,0,2,4,-4,15,-4,5,-16,2,-3
3,11,10,18,16,-12,2,18,-1,15,-1,5
6,16,6,9,5,13,4,2,12,7,20,-5
1,3,15,13,1,15,1,2,11,6,23,23
7,17,-1,1,4,16,-1,9,-1,22,-3,-10
7,20,2,16,13,-8,6,7,1,0,19,-8
2,19,4,12,13,-5,19,18,15,20,10,26
-1,15,17,-6,13,-1,17,23,9,24,14,7
14,-7,-3,-2,15,14,0,4,17,2,20,-8
-2,0,8,22,5,8,9,16,4,18,14,3
18,2,20,1,-3,18,3,6,22,16,22,27
2,-1,18,27,1,21,0,-5,15,16,16,5
19,15,5,23,-3,15,15,7,-2,2,-1,14
-2,19,18,20,-1,2,2,23,-1,5,-1,2
4,1,11,23,1,1,7,-1,0,30,-1,2
-2,0,16,8,8,21,2,2,-2,-1,-1,2
2,0,13,2,3,5,14,31,0,29,1,29
13,-12,0,-28,-1,-32,15,-13,-1,-10,4,-31
18,-4,17,-20,21,-35,2,1,4,-6,4,-22
16,-2,10,-6,7,-16,0,0,0,-21,15,-16
15,-7,5,-3,9,-25,2,2,4,-7,3,-12
8,-26,9,-1,8,-32,13,-28,20,-14,1,-20
3,-16,21,-12,21,-27,2,-21,-2,-17,0,-29
6,-11,23,-24,20,-27,2,-10,1,-12,0,-30
11,1,16,4,10,-3,1,7,1,-27,2,-9
3,-6,4,-23,7,5,15,-10,4,-7,0,4
1,-7,22,6,7,-19,15,-18,3,3,-1,9
9,0,16,-11,0,-2,-2,0,3,-9,2,-15
21,-7,7,-4,22,11,20,-6,7,-11,6,-15
24,-10,7,0,8,-23,21,-2,4,-22,2,-7
7,2,3,-3,-1,10,12,-1,6,-5,0,-2
4,-7,23,5,-2,-16,19,-15,2,-3,0,9
6,-3,22,7,7,8,5,10,2,10,2,-12
6,-5,7,-20,11,-11,18,-5,5,-19,-1,15
4,0,23,-11,14,5,23,-1,1,1,-1,15
7,10,7,-16,21,-11,5,11,1,12,-1,15
6,-4,14,-1,15,7,23,7,3,-14,0,-4
2,-4,14,-3,17,-2,17,10,-1,12,2,-8
3,1,20,-10,17,12,7,-14,3,3,1,18
6,9,15,-12,5,9,0,-5,1,-14,-1,7
4,17,4,15,3,-7,8,21,0,-11,0,9
8,20,22,-12,14,9,16,19,0,-11,-1,1
1,5,3,25,1,3,0,2,-2,20,-1,20
2,3,24,25,12,22,12,7,18,2,15,-2
21,4,7,-8,1,-7,-2,10,1,4,0,10
15,8,13,3,24,-7,1,-4,11,20,11,9
18,27,21,7,-1,29,-2,14,2,9,24,-3
-1,9,24,-1,19,-5,-1,-6,3,3,9,-4
-2,-4,9,12,4,11,18,16,0,10,5,4
-1,0,19,10,2,-4,0,-3,0,-4,0,12
-1,20,1,0,6,26,-1,-1,24,33,-1,26
3,3,17,14,7,-2,-1,4,3,0,-2,-1
11,35,8,0,1,34,-1,34,-2,9,3,3
17,4,5,15,0,34,-1,22,-2,3,-1,0
3,-32,4,-17,2,-13,14,-11,2,-14,0,-4
18,-7,6,-9,1,-2,4,-13,3,-7,0,-32
5,-29,22,-34,9,-2,5,-24,15,-34,18,1
15,1,15,-32,21,-26,10,-18,5,-29,0,-14
23,-19,2,-9,6,-1,-1,-26,1,-28,1,-24
0,-2,1,-12,16,2,13,-29,-1,-11,0,-26
6,-11,10,-26,7,2,0,-9,1,-8,1,-18
1,-16,19,-4,4,-10,7,-13,1,-26,0,-25
8,-14,16,2,17,-28,-1,-17,3,-8,-1,5
5,4,8,-5,9,-4,9,-18,22,-18,24,-7
4,-9,16,-26,15,-13,7,-19,20,-7,23,10
7,-8,22,8,6,4,24,-15,22,7,6,-7
25,-7,25,-22,-1,8,0,-12,8,-21,5,-15
6,10,2,-8,17,2,5,-4,2,-4,-1,9
4,12,24,12,1,0,5,-8,0,-8,14,-1
-1,-16,23,4,1,0,8,-6,0,-2,2,-21
19,9,21,-3,0,6,14,-11,-1,10,2,-16
22,6,15,12,9,7,9,-6,12,14,0,-7
21,8,9,-8,1,0,13,-4,-1,-3,-1,13
7,-11,24,1,17,7,22,9,20,16,-1,6
3,14,22,-1,22,-1,25,5,20,-5,2,-1
14,14,-1,8,17,-8,23,8,3,21,0,-7
1,2,16,-5,1,18,14,-7,5,18,19,-2
1,-1,3,23,11,22,-1,3,-1,16,3,1
1,-1,19,1,3,-3,13,21,-1,15,2,18
6,0,20,-1,5,-5,0,-3,0,7,4,-8
12,15,3,-6,20,1,21,4,0,25,-1,19
21,16,20,0,3,24,4,-4,0,20,-1,-4
20,28,18,13,19,15,-1,22,8,19,25,0
20,25,3,23,8,12,5,-4,-1,12,2,25
15,-1,16,4,-1,16,17,13,7,2,18,1
12,8,12,26,16,6,25,0,21,-3,19,25
5,30,24,6,4,31,5,-2,3,-1,0,26
11,11,18,0,25,8,24,27,1,2,-1,1
3,3,11,22,7,33,24,2,-1,7,4,6
5,0,18,1,-1,7,12,5,2,4,1,0
6,1,17,2,3,32,-1,2,-1,34,4,17
24,-28,15,-5,13,-32,13,-4,2,-16,26,-25
12,-1,17,-6,10,-18,26,-24,2,-4,0,-26
25,-25,3,-13,1,0,21,-32,25,-4,0,-31
12,-26,4,-15,1,-17,9,2,3,-21,4,-2
3,3,20,-14,7,-28,23,-24,2,-9,0,-7
0,-3,22,-25,1,-25,14,-19,1,-21,22,-14
1,1,9,-22,26,-7,10,-9,0,-9,0,-9
3,-5,13,3,2,-16,18,-21,2,-13,23,-6
7,-18,6,-14,10,-10,6,-1,12,-13,22,-24
13,-5,13,-7,2,-8,1,3,13,-6,20,-17
6,-15,19,-15,15,-13,12,-9,9,-24,4,6
25,-11,21,-12,1,-11,10,-5,12,11,11,-8
0,-22,14,4,25,-13,8,2,15,3,1,3
8,-13,13,11,5,-2,6,13,2,5,23,-20
21,-13,7,-11,4,-14,12,4,3,-14,5,2
22,11,1,8,7,-21,0,-11,0,-13,0,-3
22,-18,6,-14,0,-3,14,-19,1,0,2,-5
1,2,13,-17,21,8,2,-11,2,2,0,11
16,0,7,0,5,-8,4,-12,0,14,0,-3
25,-13,3,7,3,-8,0,-2,0,-6,14,2
10,-9,8,6,0,-4,20,-3,0,-12,12,1
14,-8,1,-15,10,5,2,10,10,13,22,9
23,7,11,-3,23,-6,2,2,26,12,11,1
20,-10,24,16,2,10,21,3,5,7,3,10
22,-9,1,-4,1,1,17,16,1,1,25,24
20,-1,24,0,1,0,1,2,1,5,0,1
24,13,14,17,1,14,21,7,3,11,0,25
1,2,14,-6,1,1,15,14,0,26,0,27
22,22,16,17,1,21,22,-1,19,2,2,1
12,11,2,10,0,-6,0,10,0,-5,0,1
24,20,5,27,0,1,0,-5,3,3,9,15
9,-5,26,7,0,0,18,28,15,2,21,0
11,3,24,10,21,-4,0,0,3,27,2,10
23,24,18,5,0,1,15,28,0,-2,3,2
16,12,0,1,2,1,9,31,1,3,1,8
23,21,22,20,0,2,17,7,1,35,1,1
26,5,0,0,1,2,26,10,0,5,0,0
