-21,-14,-17,0,-26,-10,-8,-34,-8,-18,0,-10
-15,-4,0,-1,-3,-8,-10,-32,-2,-30,-24,-30
-7,-15,-13,-8,-10,-29,-16,-8,-24,2,-19,1
0,0,-8,2,-4,-8,-7,-14,-23,-30,-11,-20
-26,-15,-15,3,-14,-25,-8,-3,-25,-6,-21,-18
-15,-23,-24,-28,-15,5,-4,-26,-2,-10,-8,-8
-26,-14,0,-2,-7,-26,-26,-10,-12,-21,0,-12
0,0,-26,-11,-22,-15,-14,-25,-15,-1,-24,-2
-18,-21,-16,1,-12,-11,-14,-3,-2,-24,-9,-25
-3,-1,0,2,-8,1,-10,-10,-12,-2,0,-22
-16,4,-13,1,-26,2,0,-18,-11,-24,-16,-26
-8,8,-7,6,-14,2,-1,5,0,-3,-19,-23
-2,-3,-10,-2,-24,-21,-26,4,0,1,-3,-9
-18,-22,-24,7,-11,-21,-22,-14,-16,-20,-8,5
-2,-11,-12,5,0,0,-3,-22,-1,-18,-24,13
-7,14,-17,14,-9,-2,-11,15,-11,-20,-24,-13
-12,-7,-18,-15,-5,-9,-16,10,-16,10,-2,14
-1,15,-7,-2,0,0,-14,-9,-3,-8,-6,-17
-2,4,-9,-12,-1,17,-1,-15,-7,-16,-3,-13
-6,-14,-1,-12,-7,1,0,-1,-1,-15,-15,-15
-9,17,-16,-15,-4,17,-26,-9,-9,-14,-4,19
-7,21,-20,19,-12,-7,0,13,-21,18,-3,15
-11,-1,-16,12,-24,13,-6,-8,-3,-8,-16,19
-8,12,-9,12,-26,17,-9,-6,-22,16,-19,2
-8,14,-1,-10,0,15,-21,4,-17,16,-8,-11
-26,19,-7,10,-7,17,-3,25,-10,15,-12,-6
-20,23,0,-2,-21,25,0,-4,-1,-7,-19,-9
-2,-7,-22,2,0,-1,-20,3,-26,12,-19,21
0,-2,-16,24,-14,-5,-8,18,0,-5,-10,19
-11,27,-22,7,-7,14,-24,13,-23,-2,-9,-5
-13,29,-7,-6,-7,28,-14,-4,-10,22,-3,-4
-15,31,-8,10,-8,10,-22,29,-1,26,-14,2
-26,31,-11,-4,-19,18,0,9,-20,13,-8,-4
-17,-3,-2,33,-14,30,-9,32,-20,26,-22,27
-1,0,-21,32,-7,-2,-23,32,-23,27,0,31
-26,35,-24,17,0,6,-8,23,-23,25,-23,8
-26,33,0,24,-2,22,-19,21,0,10,-6,5
-5,-2,-15,-1,-9,-11,-24,0,-23,-35,1,-4
-1,-8,-19,-20,-9,-29,-3,-18,-16,-22,-8,-13
-25,-16,-25,-9,-1,-4,-20,2,-6,-15,-18,-1
-18,-11,-24,-10,-7,0,-9,-20,-16,-15,-11,-11
-5,-17,-6,-23,-8,-21,-5,-8,-20,-14,-18,-14
-3,-8,0,-30,-20,-6,-21,5,-24,-9,-23,0
-3,5,-24,-20,-20,-29,-24,5,1,-22,-9,1
-14,-24,-12,-14,-19,-24,-2,-1,-12,-15,1,-10
-8,2,-20,-17,-16,-6,-8,-5,-13,-17,-7,-14
0,0,-25,8,-25,-19,-15,-25,-12,-24,-22,-20
-17,-20,-14,-14,-1,-9,1,-24,-16,-1,0,1
-5,-19,-14,6,-16,-7,-8,-12,-21,-21,-10,-5
-9,-18,-20,-6,-20,-16,-24,-21,-3,-15,0,-6
0,0,-25,-19,-7,-5,-10,-19,-18,-13,-4,-17
-17,2,-11,-7,1,-18,-19,5,0,-17,-16,-15
-13,9,-11,-20,0,1,-19,-3,-10,15,-22,-18
-24,-13,-7,12,-25,-7,-3,-11,-13,7,-8,10
-23,-1,-18,4,-8,11,-23,-2,-21,-2,-4,12
-20,5,-11,6,-16,-14,-18,-14,-9,13,-18,-15
-11,-10,-8,4,-13,5,-3,6,-4,19,-14,1
0,0,-16,-14,-2,18,-6,15,-15,18,-5,4
-4,11,-22,21,-15,-9,1,5,-4,-10,-6,14
-3,-9,-2,-14,-13,-8,-25,0,-24,-6,-17,1
-23,-2,-19,-10,-10,-1,-22,17,-15,2,-6,13
-4,24,-17,-11,-10,8,-11,12,-5,22,1,18
-15,-3,-6,11,-3,1,-12,-2,-11,25,1,24
1,24,-22,17,-18,20,-4,10,-3,8,-22,13
-23,15,-13,22,-12,11,-4,18,-22,23,-12,-8
0,14,-25,18,-2,13,-12,23,-8,15,-19,26
-10,15,-2,-4,-20,9,-13,13,-1,23,-21,1
-25,-2,-3,-5,-3,1,-12,-1,0,0,-25,19
-16,27,1,22,-10,24,-10,26,-3,1,-23,12
-25,20,-16,-1,-12,-4,-25,31,-24,24,-9,2
-16,-2,-23,11,-23,18,-4,14,-3,33,-24,4
-12,26,-7,0,-10,-2,-6,2,-12,27,-22,0
-25,0,-10,28,-13,10,-9,-1,-20,15,-22,14
-11,34,-10,28,-23,35,-4,29,-25,29,-10,26
-6,-4,-16,-6,-23,-21,-22,-33,-7,-33,-13,-2
-13,-5,0,-8,-2,-34,-2,-6,-13,0,-10,-6
-6,-28,-14,-15,-21,-15,-12,-25,-2,-19,-13,-20
-3,-20,-14,-21,2,-31,-20,-23,1,-17,-21,-9
-14,-28,-8,-22,-19,-5,1,-26,0,-5,-15,-16
-15,-22,-15,-2,-7,-23,-19,-27,-14,-12,-19,-16
-22,-10,-3,2,-1,-14,0,-14,-8,-3,-20,4
1,-18,1,1,-20,-5,-1,-6,-6,-3,-8,-5
0,0,2,-11,-19,6,1,-6,-18,-25,-8,-15
1,-17,-14,4,-14,-3,-2,-26,-4,-4,-23,-9
-16,-17,-11,-5,-4,-25,-1,5,-15,-16,-14,-6
-17,-15,-8,-9,-21,-8,-7,-15,-15,-20,-22,-2
-8,-6,-20,-8,-4,-4,-18,7,-7,-6,-3,-17
-3,7,-21,7,-21,-16,-18,9,-6,-11,-13,4
-3,-8,-21,-19,-1,14,-2,-2,-1,-20,-22,-9
-18,-19,-24,-16,-10,4,-20,5,-22,-4,-23,-8
-9,10,-6,-12,-7,-18,-1,7,-17,-17,-23,6
-4,-1,-10,-1,-13,-17,-11,-1,-3,-16,-19,-11
-23,-8,-17,-1,-22,-18,-6,17,-5,15,-14,-2
-2,16,-1,-1,-5,-3,-7,-17,-6,8,-23,10
-11,2,1,9,-14,13,-2,0,-22,2,-24,-8
-4,11,-20,15,-5,15,-6,-12,-1,10,-23,18
-2,-7,-20,10,-1,16,-3,-4,2,1,-19,19
-5,-6,-19,12,-15,-7,0,0,-22,11,-4,19
-24,7,-4,-12,-20,-7,-13,11,-21,-5,-21,5
-15,14,-11,24,-11,19,-3,-9,-22,0,-23,14
2,4,-2,13,-12,13,-14,23,-4,3,-3,11
1,6,-18,15,-22,16,-15,10,-12,14,0,23
-23,13,-24,8,-14,7,-18,-1,-13,21,-22,-5
-3,27,-15,25,-3,6,-4,8,-22,12,-2,-1
-11,-1,-13,10,-3,27,0,12,-9,3,-16,19
-24,24,-19,3,1,29,-18,-5,-24,22,-12,31
-6,32,-24,7,-8,10,2,29,-2,0,-24,28
1,1,-5,2,-19,27,-15,4,-18,-3,-17,-3
-15,31,-6,32,-1,15,-16,3,-19,25,-15,9
-20,34,-21,16,1,5,-24,30,-17,28,-18,2
-22,34,-15,33,-4,14,-2,19,-6,0,-4,33
3,-1,-5,-17,-22,-10,-11,-35,-15,-17,-8,-8
-5,-22,-21,-14,-2,-10,-14,-25,-11,-13,-22,-14
-13,-17,-13,-13,-18,-24,-12,-4,-9,-27,-3,-27
-18,-27,-5,-17,0,-22,2,-19,-12,-27,0,0
-5,-16,-8,-21,-17,-15,-4,-18,-8,-25,-14,-2
-12,-11,-7,-27,-2,-7,-18,-21,-12,-21,-5,-22
-3,-21,-16,-5,-14,-30,-22,-23,-11,-2,-4,-8
-4,-14,-3,-23,-7,-7,0,3,-23,-26,0,7
-23,-17,-4,-22,-22,7,-4,-26,1,1,-3,-4
-3,-8,2,-20,-19,-18,-22,4,-7,7,-20,5
-16,-3,-6,9,-6,9,0,-20,-1,-5,-3,-12
-17,-22,-17,-3,-5,9,-16,11,-16,-10,1,-22
-2,-2,1,-10,-16,-17,-13,-13,-11,-6,-8,-14
3,2,-22,8,-5,-20,1,-4,-23,-1,-1,-11
-21,-21,1,-1,-9,6,0,-19,-9,-19,-23,-3
2,5,-20,-14,-17,-9,-12,-1,-15,-17,-1,-6
-13,-13,-2,-9,3,-8,-9,9,-19,6,-22,16
-22,-6,0,0,-22,-13,-22,13,-4,6,-5,-16
-20,-12,1,2,-21,14,-21,3,-14,-10,-1,1
-1,-11,-2,-1,-20,15,2,-15,-12,0,2,-14
-11,-2,-3,2,-9,8,-6,1,-1,-13,-15,0
-20,-6,0,0,-1,-10,-4,3,-6,-10,-14,-2
-2,-9,-5,-5,-21,10,-1,14,-15,8,-3,2
-18,-13,-16,19,-15,13,-18,21,-21,17,-8,23
-21,-10,-15,-6,-13,4,-11,18,-3,23,-13,16
-21,-1,-10,14,-14,-6,-12,10,-6,8,-11,20
-23,13,-16,8,-18,-1,-21,12,1,3,-3,3
-22,16,-19,10,-22,14,1,17,-16,17,-23,-4
-11,7,-7,3,-4,7,-18,17,2,20,3,16
-7,10,-20,6,-10,11,1,21,-11,-6,-7,10
-3,-5,-16,7,-2,-5,-2,10,0,10,-18,26
-16,2,-2,30,-10,10,-17,6,-11,28,-10,29
-23,9,-22,28,-13,9,-19,3,-8,2,1,0
-20,24,1,0,-21,9,-23,5,-13,25,3,20
-17,33,1,17,-4,3,-20,34,1,6,-22,30
-1,2,-19,30,-9,30,-10,34,-3,17,-9,10
3,2,3,21,-15,36,-5,18,-22,6,-6,15
-22,-27,-8,-11,-6,-35,-19,-10,-15,-8,1,-11
1,-11,-13,-10,-13,-6,-21,-8,-5,-8,-8,-4
-13,-30,-1,-17,-6,-14,-14,-12,-6,-23,0,-4
-11,-24,-15,-12,-19,2,-16,-5,-6,-26,-11,-10
-10,-9,0,-14,-2,-32,-22,-22,-12,-11,-10,-2
-3,-15,-2,-6,0,0,-4,-21,-7,-19,-1,-22
3,-16,1,-24,-2,-8,-10,-9,-7,1,-4,-14
0,0,-19,-11,-16,-27,-3,1,1,0,-16,-20
-16,-21,-15,-16,-11,-12,-18,-24,-7,5,-5,-18
-8,3,-21,-12,4,1,-6,-5,2,8,3,-23
-17,-2,-19,-16,-8,-17,-10,8,-19,-18,-2,4
-20,-18,-8,-17,-3,-6,-10,1,-21,8,0,2
-6,-5,0,-4,4,1,-3,2,-20,-14,-5,-12
-14,-15,-11,-16,-16,-10,-2,-20,-17,-14,-2,-20
-18,1,-16,13,-8,5,1,4,2,-6,1,-12
-11,3,-5,1,-18,14,-20,9,-7,5,-6,2
-19,11,-15,7,2,-2,-3,0,4,-16,-20,-14
-5,-11,0,0,3,2,-2,-15,4,-13,-16,-19
-2,-5,-1,0,-5,14,1,-10,4,12,-22,16
-4,-10,0,16,-18,-7,-14,-8,-13,-14,-9,0
-7,-6,-22,7,-12,17,-16,-6,-18,-3,0,0
-13,0,-16,-6,-15,-15,-22,-2,-6,4,-2,11
4,-4,-12,-6,-7,18,-10,21,-1,14,-13,1
1,9,-11,14,-8,17,-22,21,-9,10,2,-3
-1,-5,-5,0,3,1,-15,6,-9,3,-16,11
-16,-6,-2,-3,-17,15,-6,23,-7,13,-11,21
-19,13,-11,16,-4,1,-5,23,-2,15,-12,8
2,9,-1,6,-11,12,-8,26,-3,2,-9,13
-3,16,-5,5,-8,-3,0,6,-2,0,-15,9
-10,2,-5,24,-22,-6,-10,17,-17,14,-2,-7
0,28,-19,2,-16,4,-1,5,-21,5,-7,9
-19,2,-1,1,-2,24,-15,1,-21,30,-20,4
-18,18,1,17,-5,5,2,4,-3,17,-4,25
-3,19,-1,25,-20,31,-11,-1,-13,9,-22,10
-21,31,-4,29,-1,12,-15,8,-18,-2,0,18
-6,31,-16,-1,-11,12,4,18,-22,7,-20,20
-13,36,-17,2,4,5,-20,25,-5,26,2,20
-18,-12,-9,-7,-16,-31,-16,-30,-18,-11,-13,-23
-18,-30,-14,-24,-9,-7,-13,-35,1,-1,-9,-30
3,-15,-19,-15,-5,0,-7,0,-7,-1,-1,2
3,-25,0,-26,-10,-3,4,-9,-3,-19,-4,-22
5,-13,-16,-10,-7,4,-19,3,2,-8,-2,-22
0,2,-11,-16,-6,-24,-19,-23,-17,-30,0,3
-14,-21,-15,-13,-8,-29,-10,-16,-16,-22,-20,-19
2,-8,-15,-22,-2,6,-18,6,-19,-1,-8,-1
2,2,-7,-19,4,-12,-16,-1,-12,-19,-8,-19
-16,-1,1,-17,-13,-7,-11,-22,-11,-23,3,9
-10,-11,-8,-14,0,0,-1,5,-16,-2,-2,9
1,-8,1,-22,2,6,-16,-20,4,-18,-20,-24
-15,-14,-8,0,0,-1,-6,-13,-1,3,-7,-4
-16,-16,-10,-23,-16,-17,-18,-15,-20,1,-6,2
-19,-7,0,0,-11,-13,-16,7,2,-8,-19,-2
-2,2,-21,-1,-18,15,-11,-5,-16,5,-15,4
-7,-5,-1,4,-14,14,-9,-1,1,-10,-1,-8
5,8,0,0,-4,-18,-3,-19,-21,7,-15,-6
-16,9,-16,-2,2,1,3,-1,-13,-3,-12,15
-5,-10,-16,3,0,2,5,-8,-16,0,-3,7
1,-1,-1,14,-6,-1,-3,-15,-21,19,-20,3
1,-3,-7,5,-8,-11,4,16,-1,9,-7,-5
2,-13,-21,16,-1,-10,-1,5,-15,18,-9,2
2,-7,3,13,-10,2,1,-2,-10,5,-10,8
-1,-1,5,7,-1,-10,-2,-3,-19,2,-16,10
-5,0,-13,3,-6,-6,-13,18,-19,11,3,10
-14,5,-17,-10,3,-4,-19,26,-19,-3,-11,20
-17,12,1,0,-17,-9,4,6,2,-1,-11,0
-2,20,2,10,-21,-8,-18,-8,1,24,-1,20
-1,17,-1,6,5,7,-20,8,-2,5,-1,3
2,10,1,0,0,-1,-15,23,-21,8,-17,11
-10,12,0,-1,-15,4,-7,-5,1,0,-10,7
-15,4,-11,6,-9,20,-14,15,-14,10,-15,23
-2,26,2,7,-9,-2,-16,-3,-10,23,0,9
-17,0,-1,24,3,7,-15,24,-9,7,-13,10
-5,29,-8,17,-11,10,-4,3,-4,16,-4,-1
-12,26,-14,2,-8,2,5,36,-5,24,-19,2
-9,-20,-18,0,4,-10,1,-11,-3,-5,-3,-12
-19,-24,0,-2,-5,-25,-16,-14,3,-1,-9,-13
-13,-2,3,-22,0,-31,5,-21,-17,-21,-7,-9
-12,-10,-18,-13,-12,-30,-4,-22,-3,-25,-14,-3
-7,-23,-5,-15,-19,-29,-16,-9,-17,-22,-20,-4
-3,-18,-17,-6,-10,-12,-15,-22,-11,-8,-1,-19
1,1,2,-14,0,0,-4,-7,-8,-6,-10,-22
-15,-25,-7,-20,-19,-18,-16,-9,0,2,-10,2
-9,-5,-6,0,-11,-14,5,-19,2,-20,2,5
-2,-9,4,-19,-6,-21,-2,4,-12,-14,3,8
-2,-21,-9,-13,-17,-18,-8,-11,-12,-17,-10,-4
4,6,2,-20,0,8,-15,-23,-1,-18,4,1
5,1,1,-4,-10,-4,-15,2,-6,-12,-13,-1
-4,-18,-9,-6,4,0,-3,8,-8,-16,0,-14
0,5,-15,-16,5,-5,-4,-12,-15,0,-2,-14
-19,-4,-10,-4,4,-11,-7,12,1,-20,-4,-9
6,16,-5,-7,-12,-18,-7,-5,-3,-6,-17,-10
2,3,-9,-4,-14,-16,-7,-7,-3,-19,-16,-8
3,1,-12,6,-16,18,1,14,-3,-17,-3,15
-5,1,0,0,-11,7,0,1,-5,1,-1,-3
-7,-6,1,17,-4,8,-7,-15,-5,4,1,-6
-18,6,-9,5,-10,12,-7,-12,-12,11,-5,4
-19,-9,-2,6,5,13,-18,15,-20,-8,-4,0
-7,9,3,19,-18,3,-1,8,-7,-1,6,-7
-14,9,-14,-4,-2,19,2,22,-1,1,-5,0
-17,9,-15,-6,-13,-7,-20,0,-2,2,-2,0
-8,12,-12,7,-9,16,-18,-4,-15,-6,-6,14
-11,-3,0,-2,0,18,-12,-6,-9,5,-8,-5
-7,17,0,19,-20,6,-9,-7,-15,-6,-12,6
3,1,-8,5,1,8,-17,13,4,3,-12,-1
-4,3,-17,0,-2,11,-16,25,-1,14,-5,-6
-5,1,-13,4,-12,2,4,5,-4,28,-15,-3
-3,12,-12,15,-5,9,-14,2,-4,26,-2,2
1,18,5,25,6,31,-13,27,-11,21,1,10
5,31,-5,20,-2,11,-7,21,6,27,-7,16
-4,20,-14,9,5,18,5,17,5,13,5,19
1,2,-13,10,-19,8,-4,21,-20,10,-2,12
-1,-21,-4,-10,-18,-22,7,-36,-19,-31,-9,-33
-16,-10,5,-2,-8,-27,-18,-35,-3,-10,-10,-6
3,-8,1,-15,-4,-12,-10,-22,1,-15,3,-32
-1,-19,4,-5,-15,-21,-15,-3,3,-32,5,-6
-3,-17,-2,-21,-10,-17,7,-3,5,-23,-15,-7
-6,-7,-3,1,5,-11,-8,-13,6,-12,6,-6
4,-1,-7,-25,7,1,2,-29,3,-11,-12,-14
-7,-25,7,-22,-3,-27,7,5,7,-6,7,-27
-16,1,-18,-26,7,-22,4,-13,0,0,-5,-28
-15,5,-18,2,-14,-24,4,-20,-18,-26,-16,-22
-12,-26,0,-6,-3,10,-19,-5,1,7,-15,-12
6,-5,-1,3,-10,1,-19,-6,2,-25,-15,7
7,-9,-18,-23,-13,2,-3,-16,2,-18,6,2
-8,9,-19,4,-16,-22,-4,11,5,-1,-16,11
2,-19,-12,14,-17,11,-1,-5,-19,3,-15,-22
-18,5,-11,5,7,3,4,-4,-8,-9,-13,11
-14,11,-7,-1,-2,5,-10,-9,-18,-10,-6,-5
1,-19,-14,11,-6,14,-8,-4,1,10,-13,-13
-4,-3,3,-16,-5,0,-19,9,-13,15,-14,13
-18,6,-8,2,-8,-17,-14,7,-6,8,-19,-3
2,-4,-10,-1,-13,-12,-19,-11,2,16,3,-6
-6,-1,4,-1,-6,-8,-11,20,0,0,-7,0
4,6,-2,5,-7,18,5,21,4,9,-14,-8
-6,10,-15,8,-5,0,1,-11,-5,17,3,-6
-16,-1,-8,11,4,21,-7,6,-3,-4,-7,9
-11,4,-2,19,-7,14,-10,-7,-11,3,1,4
-14,1,-17,0,-7,20,-11,13,6,22,2,4
0,0,-10,-1,0,3,-12,18,-12,18,-14,-2
-10,16,-1,3,4,7,7,24,-18,13,-16,12
-3,-3,-7,-1,-18,10,7,16,1,2,-8,12
6,11,-7,12,-2,17,5,8,-12,1,2,21
-4,16,-15,1,-15,29,7,10,-9,19,-17,23
-5,12,-19,18,5,-1,-3,14,-10,27,-3,14
0,5,-15,1,3,15,-15,32,-15,4,-8,3
-3,1,-17,33,-19,18,-1,23,1,4,-18,13
0,-1,-16,27,-11,34,0,34,6,20,-4,2
-2,20,7,10,-18,33,-17,16,-11,32,-2,34
-14,-12,-17,-29,-17,-32,-1,-30,2,-33,-13,0
-4,-27,-11,-20,-3,-1,-10,-3,2,-21,-18,-2
-14,-9,2,2,-15,-7,5,-9,8,-7,-2,-6
-14,-4,-16,-29,-1,-13,-12,3,-11,-22,-16,-14
-16,-24,1,-18,-4,-13,-5,-15,-2,-16,1,-15
2,-6,-3,0,-4,2,-7,-9,-13,-16,-9,-17
0,-11,5,0,-7,-29,-12,-17,3,-22,-6,-22
-11,-5,4,-2,5,-11,5,-10,-1,-1,-4,4
8,-21,7,-22,-14,-25,-17,-23,-15,2,-4,-7
-4,-5,-2,-2,-4,-27,-3,-26,-17,9,3,-23
-16,1,-7,8,-9,10,-14,-2,-12,-24,8,-16
-14,-22,8,11,-4,10,-11,-10,-15,3,-11,-17
-8,11,-3,-1,-5,0,-15,-22,-17,-22,6,-6
-17,4,-8,7,5,-20,-9,-10,-4,-15,-18,13
-17,0,1,-12,2,-14,-17,-14,-3,-9,-15,5
-14,15,-1,2,-13,-17,2,-4,-14,13,-15,8
-3,13,-4,-8,0,0,-4,-18,-8,0,3,10
-6,-14,7,17,4,-17,6,17,-15,-17,8,-8
-17,-9,5,-7,-7,-6,5,-14,-10,13,-12,18
5,17,-1,-9,-18,17,-9,-9,7,-8,-6,-7
3,-1,-9,-11,0,-7,-17,4,-10,-10,-12,2
-6,13,3,8,-11,4,-1,-10,8,3,1,-12
7,22,2,20,-16,12,-17,16,-12,-3,-3,-6
2,-6,-2,8,-8,19,-6,-5,-5,0,-17,9
-10,-1,-7,10,2,1,-6,16,-14,11,-13,8
-8,9,-6,9,1,0,0,0,-4,-6,-9,9
-12,7,-12,10,-17,20,-15,1,-4,10,-2,11
0,3,-7,0,-4,-2,-11,23,-6,3,-14,11
-18,-2,-15,1,4,6,0,14,-8,14,-7,-1
-4,-3,7,11,8,9,-2,-5,-10,22,-1,-3
-2,14,-11,2,-13,16,-8,17,-13,6,-10,20
-1,1,7,3,-12,23,3,1,-15,30,3,31
-8,1,-17,18,-16,-3,-3,10,-18,-4,-12,31
-12,20,4,28,-15,27,-5,-1,-16,10,7,30
0,-1,5,11,-6,2,1,21,-5,-2,1,31
0,-1,8,2,6,18,8,4,0,35,-18,34
-1,3,8,23,0,25,4,25,-9,36,-6,3
-16,-35,9,-31,1,0,-4,-8,-7,-24,-3,-30
5,-33,-4,-7,-14,-33,5,-11,-6,-32,-3,-9
-16,-20,6,-32,-17,-18,-14,-30,-17,-16,-9,2
-14,-7,-15,-20,-9,-33,-12,-14,5,2,1,2
-17,-5,-4,-18,6,-31,1,-17,-3,-28,3,-15
-15,-22,-12,-16,-8,-10,-13,-4,3,-20,6,-17
5,-9,3,-1,2,-10,-17,-1,9,-11,-6,-22
-2,-5,7,-22,-8,-16,-14,-28,-4,-18,7,-20
-16,7,-11,5,-9,1,7,-8,-10,5,-13,-13
-16,-3,-5,6,-16,-2,-1,-11,0,-3,-2,-22
-9,3,-1,9,-11,6,-9,-7,-12,8,-14,4
0,2,-1,-18,-2,6,-7,0,-17,-6,-7,-8
-6,10,6,-20,1,6,-15,-5,-11,2,-13,0
9,-19,-4,13,-16,8,-12,7,-6,13,-15,7
-3,-20,-16,-6,-13,-1,-4,5,2,-14,5,14
-7,-21,-6,-20,1,-2,1,2,-1,-20,2,-19
1,-17,2,-12,-1,15,0,0,4,15,-15,-9
7,-12,-10,-3,-2,-2,-10,-10,1,11,-13,9
0,0,2,8,-6,17,-15,-16,-11,10,0,-17
-3,-11,-5,0,-8,-10,-7,-14,7,11,-9,-10
1,15,-3,-12,-3,0,-6,9,0,0,6,5
0,0,0,0,-10,2,-16,7,-14,-15,-6,18
-12,15,-9,-12,-11,15,5,-14,-1,0,-8,4
3,18,-2,7,-9,4,-12,-10,5,17,2,19
-9,8,-9,11,-1,0,1,18,1,4,-4,19
-2,0,7,7,-15,12,0,0,-10,9,5,-2
-5,11,-8,9,0,2,-8,8,-14,9,4,8
-12,-4,-9,2,8,21,-3,6,-4,18,-6,11
5,-7,-6,17,-10,3,-8,-5,-14,1,7,25
7,6,-17,6,9,25,-3,-4,0,3,-3,21
-2,-1,6,-5,-10,17,-14,22,-14,27,1,-2
0,0,-15,27,1,30,9,7,-16,24,-12,21
3,8,-11,26,-9,10,7,28,-10,4,-4,8
-17,-1,3,-2,0,1,4,2,-4,27,1,7
0,-1,9,9,-12,31,-16,9,9,22,-4,1
-2,0,-11,28,-9,23,-7,35,-10,30,-4,-1
-9,32,-1,34,9,1,-7,7,1,27,-4,36
10,-33,10,-32,-1,-11,8,-21,-14,-30,0,-11
-1,-10,-5,-11,1,-29,-12,-33,-16,-7,-15,0
-15,-2,1,-32,2,-26,-12,-34,-14,-19,3,-33
0,1,7,-11,-5,-26,-10,-3,0,-4,-6,-9
-15,-4,-1,-24,-7,-2,-1,-2,6,-7,-4,-31
2,-7,8,-29,0,2,6,0,1,-22,2,0
-5,-4,9,-18,-16,-15,-11,-10,-1,-9,-2,2
-10,7,-11,-29,6,-1,-13,-6,6,-18,-13,4
-3,-2,9,-1,-13,3,4,-21,-2,-28,1,0
9,-26,-1,3,-16,4,0,-21,9,3,-10,-25
-10,2,-4,9,6,-2,-9,-4,2,5,-14,-19
9,-25,-14,4,3,7,-14,2,-15,-7,-11,-14
0,2,-16,-24,5,-3,-16,6,6,3,-14,-24
9,-20,-14,4,-16,-17,10,8,8,10,-13,5
-1,7,-2,0,7,-16,4,-9,-3,-6,-16,-11
4,15,-3,-8,-3,2,-13,-5,-4,-6,5,7
-11,1,-3,-16,9,5,4,15,-15,-1,0,-11
-14,-3,6,-2,5,-13,7,-18,-10,1,4,12
-1,-6,0,-3,-15,-2,-5,-7,10,-4,-4,9
-1,-10,-2,0,3,6,7,-15,9,-6,2,15
8,10,9,8,7,-12,-3,-5,2,-12,-8,-8
5,14,1,5,8,6,-5,12,-6,17,-12,4
-2,10,2,-8,-11,-12,-8,20,-7,21,-3,9
6,1,-14,12,-14,-11,-14,21,2,-5,7,10
-9,-8,-1,0,-3,19,-15,11,0,10,7,12
1,-2,-8,2,0,0,-10,10,-1,11,-6,18
-11,7,-8,6,-6,4,0,10,-9,12,-15,-5
-9,2,-2,1,0,0,1,13,5,21,-11,10
10,23,8,26,-1,8,-9,3,-1,2,5,0
-1,10,2,19,-14,-2,5,24,6,17,8,-5
-10,-2,9,-6,-3,21,-3,23,-15,3,-7,-4
1,2,-10,9,0,12,-1,13,-5,10,0,-5
8,5,8,-3,8,-2,2,0,-7,7,9,27
-14,32,6,26,6,18,1,5,8,29,0,19
-2,1,0,22,-3,1,3,6,-10,10,2,34
1,-1,-1,34,-1,35,-1,4,-5,7,-8,32
0,1,-5,36,-4,0,5,4,-2,26,-3,35
-1,0,-11,-9,10,-10,-9,-33,-15,-21,-3,-24
-1,-8,-11,-22,-5,-4,3,-14,3,-33,3,-10
-14,-32,-11,-2,-1,-19,-11,-22,-1,-23,-5,2
-5,-6,-4,0,10,0,-1,-20,-9,3,-7,-30
10,-27,-2,-26,-8,-8,-6,-1,10,-22,6,3
2,-6,4,-8,5,3,6,-3,11,2,-12,-31
-6,0,-13,-28,-12,-25,-7,-10,6,-20,-2,-14
0,-6,-5,-16,-2,6,-6,-28,9,-17,9,-29
6,-28,-15,8,4,-27,1,-2,-11,4,-14,0
0,0,-7,1,7,-10,-7,-19,8,-23,10,8
1,-3,-11,3,4,-1,4,-10,11,10,5,-20
-4,10,-2,5,0,-22,0,-18,-10,-22,-9,-9
-7,6,11,-10,-3,-22,-1,-3,10,-1,9,5
-1,9,-8,-9,-9,-23,-7,-19,-3,12,-14,-15
-13,-9,3,-9,1,-12,-2,10,-7,-17,4,-11
-6,-5,7,-17,7,-11,-6,-4,5,-21,-7,-17
-1,-10,-3,4,10,-5,-1,-9,8,-10,2,-11
11,13,8,15,-9,4,-9,6,3,1,-13,-5
8,-11,-8,8,10,-18,4,4,7,4,-2,15
8,-3,7,18,11,18,4,17,-6,9,0,0
6,12,-4,14,5,0,-1,-15,-12,-10,-6,-6
-3,10,9,-9,-7,-7,-15,7,4,12,-9,2
2,0,7,12,1,-11,-15,18,6,7,-14,0
-10,-12,-4,-10,-12,12,-3,4,-13,19,-10,-4
5,16,-6,9,-3,17,-5,-6,7,1,10,17
6,-2,8,24,10,-4,-12,-1,6,4,6,6
6,13,-5,-6,7,22,6,14,-8,8,6,-8
6,11,9,1,-5,-6,5,3,-3,21,-15,15
11,15,6,-7,3,4,6,27,9,-8,-14,12
2,-3,0,2,-5,28,-3,26,-5,26,7,14
4,-1,1,12,-11,7,9,16,4,16,9,24
-1,0,-7,-2,-13,5,-10,13,6,26,-7,-4
5,13,0,10,2,17,11,21,-1,24,-7,7
-7,32,3,19,6,26,-9,5,-9,11,-5,10
-10,34,-15,0,7,1,1,12,11,26,-6,33
-3,0,2,0,-15,24,-11,32,-3,1,3,4
-7,33,0,36,-9,35,8,5,-3,31,-5,1
-8,-4,-14,-5,12,-16,9,-12,0,-18,3,-9
-4,1,5,-8,-4,-23,10,-35,0,-1,9,-23
-1,-3,-4,-34,2,-21,-8,-11,0,-24,3,-17
-11,-3,-12,-16,2,-1,8,-18,3,-27,-13,-33
-13,-13,-11,-10,6,-7,6,-11,3,-20,11,-18
8,-18,-9,-3,-11,-11,-4,-21,-12,-10,-3,0
9,-3,11,-1,10,4,-2,-16,-7,-9,-1,-20
-5,2,-12,-21,-13,-19,-1,5,4,5,4,-9
-2,4,0,-25,-10,0,-9,-13,12,-26,-10,7
0,1,12,-5,3,-5,8,9,-14,-20,-8,-15
4,2,0,-20,-13,-17,-10,-15,11,-25,9,-6
-11,-25,1,0,3,8,10,-23,1,-9,9,1
12,-2,-14,-10,0,5,8,11,-7,-15,-14,-20
-3,5,-7,-16,10,-8,6,9,-5,10,-6,6
-3,-16,-8,-1,11,10,11,-14,-4,-8,5,-7
-11,-8,-10,2,0,-9,0,-15,-5,-6,5,10
10,5,6,-10,0,0,9,10,0,1,-1,-13
11,11,-2,6,-11,-19,-6,-8,-4,-3,-7,15
0,0,-13,15,7,-11,-12,15,-9,17,-5,18
0,0,9,3,-3,-14,7,-4,-3,10,-13,-8
-1,3,9,17,1,12,10,-7,-8,9,0,0
-1,-7,-12,16,-14,4,8,-7,-6,-8,8,-10
-1,-7,7,16,7,-6,-10,-8,-11,4,2,18
-1,3,-9,4,-7,0,-6,-12,5,-3,4,0
-7,5,0,-1,-2,2,10,15,-1,8,-1,-8
-8,5,-1,-6,-4,-7,0,17,-7,25,11,13
8,1,-4,-1,-4,0,-4,-6,4,23,12,10
-12,-3,3,-4,-4,27,11,11,10,25,-3,-5
4,21,11,-5,0,18,11,27,4,7,9,1
-7,20,-5,15,6,8,-10,8,10,17,-14,20
-8,3,-1,1,9,3,5,4,-10,16,6,-5
6,18,2,1,-13,15,-4,3,-11,-1,-3,-4
-6,6,6,31,3,25,4,24,0,13,-6,15
1,-1,5,33,4,1,1,0,-10,11,2,33
-12,34,-9,34,-12,26,-3,32,-12,25,11,14
-1,-1,-13,33,0,1,7,14,-1,1,10,5
-3,3,-10,9,3,36,-3,26,1,35,-1,27
-10,-2,-10,-35,8,-19,1,-14,-13,-5,-8,-9
-1,-2,-12,-31,12,-33,-10,-6,-9,-33,6,-10
-13,-2,-9,-8,-11,-23,10,-14,-9,-19,-7,-24
1,0,-9,-30,6,-16,-2,3,0,-2,4,-1
-6,3,4,-25,13,1,5,-23,6,3,-6,-21
0,5,6,-20,-2,-3,9,-21,-5,-13,-13,-15
5,-3,13,-4,9,-24,6,3,-12,-26,11,-8
-7,-3,2,5,-6,-20,-4,-2,1,-14,-1,-16
-7,-3,6,7,-4,-26,-7,-6,-13,4,-7,-9
-10,6,7,1,11,-22,-8,-16,-6,-27,-8,-11
5,-4,9,-2,-4,-23,5,-21,5,-23,13,-26
11,-20,-3,-3,-4,-13,-1,-22,-13,8,1,-16
10,8,-1,6,7,-12,-5,-12,8,-4,9,0
8,-6,7,0,12,1,-4,-2,1,4,-5,-13
2,-3,6,-10,-1,-5,9,-15,8,-11,12,6
-12,-9,-11,1,-5,-9,11,4,3,-12,-5,-16
8,-1,-10,-9,8,8,-12,-11,1,11,-2,-15
4,12,8,-7,-1,0,-5,-13,5,-12,-3,6
10,-1,-2,11,4,13,-11,14,7,-16,1,-6
1,2,1,9,-13,1,-4,13,7,-12,-5,1
-6,12,11,16,8,14,5,16,12,-16,-11,16
-8,13,-5,-6,4,0,7,-4,3,20,-13,5
-6,17,-1,18,-6,12,1,19,-6,3,-10,8
1,8,8,0,-1,7,-9,5,-4,6,0,0
-4,9,3,0,0,10,5,21,11,-6,-3,15
-6,9,-11,17,-13,-4,8,-3,6,5,4,9
-10,0,7,5,4,0,-4,-10,8,14,8,14
9,27,9,19,-3,21,-2,1,1,5,-9,9
-6,-7,10,15,1,15,-5,2,3,24,11,-7
9,2,2,25,-1,1,2,13,-12,-2,12,23
-5,-6,-4,7,13,3,-12,11,-12,10,13,19
13,23,5,12,12,24,11,18,7,21,2,9
7,29,1,12,2,29,2,22,9,29,-3,10
0,0,-9,32,6,0,2,25,-8,11,4,4
-3,1,-9,10,5,25,4,13,-4,-1,-9,5
-2,1,-10,1,12,35,-6,4,-4,6,10,5
2,0,5,25,7,18,-3,24,13,1,-9,31
-6,-9,-11,-31,-12,-14,-6,-20,13,-28,13,-24
-2,-9,-2,1,13,-31,14,-11,-9,1,-8,-19
14,-34,14,-33,-3,-26,5,-9,-4,-9,-8,-21
-8,-32,12,-16,2,-29,13,-32,9,-8,12,-2
5,-13,5,-15,-5,-26,-9,-26,-8,-11,3,2
13,0,9,-29,2,3,5,-17,-12,-19,-4,-3
11,5,13,-26,-1,-25,13,-19,9,-17,9,-27
14,-11,-8,-24,-5,-13,-5,-9,-4,-19,-10,-5
2,-14,1,-17,-8,-6,-7,0,-7,-18,-8,-26
13,-6,5,-23,9,-23,3,-19,1,-22,9,5
-12,-21,5,6,8,9,-5,-3,8,-6,-12,-20
7,-21,-9,-13,-5,6,0,-12,9,-16,10,-22
-5,-3,5,-6,-11,-3,3,-5,3,5,-1,0
10,7,0,0,8,-2,-5,2,-5,-19,-2,-12
8,-12,6,-22,13,-12,10,8,-5,-17,13,-7
-4,1,-11,15,3,0,-4,-8,-2,8,-3,0
-10,3,0,-16,-9,4,4,5,-1,-1,1,-6
12,-3,8,-17,9,3,-1,10,-4,2,3,3
6,-8,3,-8,0,0,-5,10,9,-11,-4,4
14,3,1,2,1,-8,-3,-2,10,-10,7,13
4,-4,0,0,8,-7,-9,-1,13,8,8,7
11,3,-7,8,1,6,-3,5,0,-1,-7,9
12,20,-1,0,0,-4,1,-1,9,12,11,20
4,-3,4,4,0,0,10,-1,-1,-4,1,-2
-3,7,-7,-5,4,4,7,-9,13,21,3,-3
0,2,-3,7,-5,-10,9,-4,-1,13,-2,10
5,2,3,11,11,0,10,11,-10,-10,10,-2
8,-4,13,5,13,2,1,13,0,8,8,2
-2,-2,0,7,1,2,1,-4,-12,12,-12,15
13,1,3,17,3,2,5,14,-9,17,-10,11
9,29,14,14,-5,9,9,16,1,4,8,19
12,31,9,22,13,9,13,5,8,25,-4,18
-7,-2,10,30,-10,27,-1,27,11,5,11,-3
4,-1,0,-2,11,10,8,13,11,12,14,28
-2,0,-5,29,6,20,5,0,-11,28,2,0
0,1,0,1,1,15,13,28,3,27,-10,25
5,21,4,0,-5,21,10,6,9,18,10,32
-9,-7,-5,-10,11,-14,-5,-32,6,-29,4,-5
-5,-4,-10,-17,-6,-15,5,-7,-6,-16,-6,-25
-8,-31,-8,-29,14,-31,2,-26,4,-30,-10,-17
3,-24,13,2,7,-10,13,-22,1,1,-5,-7
-11,-25,-10,-13,-9,-13,2,-2,2,-11,8,-13
9,-10,7,-17,0,-14,1,-9,3,-8,-4,-12
8,0,-5,-17,1,-14,-7,-14,0,-26,11,-19
13,6,3,-6,13,-17,9,-1,2,-12,1,-1
1,-21,0,-20,13,-4,12,-7,12,-16,-3,-4
-11,-27,-9,-12,-10,1,3,-18,15,7,9,7
2,3,9,6,-11,9,-6,9,-11,-17,3,-3
15,-13,8,-7,-9,-12,5,-1,2,-16,-2,9
15,-11,10,-10,-8,-21,-10,-5,15,-13,-2,0
13,0,11,-11,11,-14,-9,1,1,2,-7,0
-2,-5,-10,-1,-2,-5,10,14,5,-9,8,-6
-4,-5,6,-11,-8,1,-8,-14,-1,-4,1,-15
-1,-1,-2,0,-5,-1,3,3,1,1,-8,-8
14,-1,-1,-5,1,-4,-7,6,1,-3,-6,2
-4,-4,9,-4,0,0,-2,-4,5,3,2,3
7,0,11,19,0,7,0,11,4,8,-1,17
13,17,14,7,2,20,-3,1,-5,-15,-5,5
9,7,-5,12,2,19,6,-6,6,19,-4,-3
3,-2,-1,9,-4,18,-9,-9,-7,-9,11,17
1,-2,-3,12,-5,12,-8,-1,1,19,7,2
-8,6,-8,17,4,23,3,-8,-1,-10,-4,16
-7,7,-8,-7,0,0,-5,6,13,0,-4,25
-8,12,13,15,5,8,-2,24,7,22,7,7
9,-5,4,-5,4,-3,1,-4,0,13,-2,-5
-11,0,-4,14,-5,0,14,-8,12,-1,-9,7
-5,-1,4,0,-11,2,-5,7,9,9,1,2
13,23,12,21,-11,17,13,-3,0,14,5,2
1,19,1,5,-7,15,-2,-3,-2,9,3,14
-11,10,1,4,6,13,14,12,-9,4,4,12
3,-3,6,-3,15,8,14,1,0,-3,-8,3
-1,-1,-9,24,-9,2,7,17,3,33,3,25
-8,35,-7,21,12,-1,8,16,7,34,-9,28
3,1,-1,25,5,8,14,21,8,23,7,27
5,-4,-1,-36,-6,-7,-10,-24,8,-15,-1,-8
6,-22,-10,-18,-4,-1,-8,-22,3,-17,-3,-13
-9,-4,-8,-27,-6,-8,-1,-2,2,-8,-4,-1
-4,-9,-5,-24,-8,-13,13,-11,10,-26,-9,-27
6,-10,7,2,-2,-7,3,-11,3,-8,15,-19
5,-28,3,-2,7,-31,0,-16,4,-2,6,-15
-1,5,12,-19,7,-12,2,1,4,-11,15,-9
16,-24,0,-1,-9,-29,8,-23,4,-13,-7,2
7,-2,-5,3,-6,-17,-4,7,-1,4,-5,2
6,0,-1,-1,-7,-1,-6,1,-4,3,8,-1
8,-5,-4,-1,-9,-4,9,-11,14,-12,11,-26
-7,7,8,4,8,-24,0,-25,-6,11,1,3
-3,-18,-1,7,2,7,5,-8,13,-7,6,5
1,-5,-10,-11,-5,-6,9,-10,-2,0,-3,-3
-5,-10,12,-22,5,2,3,-22,15,4,14,6
3,-10,14,3,4,-7,10,9,10,-20,9,-14
13,-5,6,-11,15,-2,2,7,-2,0,2,-6
7,-8,10,-15,-3,-5,-10,-1,2,-6,-2,1
11,7,9,6,13,-11,1,6,7,11,10,3
2,2,11,12,16,0,-6,-3,-10,6,-6,-14
15,16,-2,15,15,-8,14,-9,-9,-1,5,14
0,3,3,1,-4,1,0,20,6,-3,10,14
-4,0,11,-6,9,-4,10,20,8,-5,4,-10
1,-2,-5,6,-6,2,-10,23,14,-11,9,5
-2,0,-10,-3,-4,8,-3,-12,12,5,15,-2
0,0,-9,16,1,-1,-3,20,9,-8,15,-10
0,11,3,12,-3,23,6,22,0,-5,13,-2
-4,2,-4,-5,-5,14,-2,12,-7,12,9,4
-9,8,1,-3,-8,6,5,17,-3,27,13,3
-6,23,-1,-6,-8,0,2,5,-1,23,14,4
13,30,-8,17,10,25,-3,11,0,4,0,4
-9,13,14,26,3,7,10,18,-8,15,-7,6
14,28,9,11,3,15,4,15,0,5,11,11
6,-3,15,19,-10,21,6,6,9,15,6,2
1,-2,1,0,6,2,3,23,-9,25,8,17
3,0,1,31,4,2,13,28,1,0,-6,9
2,0,-5,32,16,3,-2,33,16,0,2,26
7,-8,-2,-33,14,-14,8,-2,-5,-28,13,-36
-1,-4,10,-33,-9,-2,9,-21,-1,-8,11,0
4,-7,-9,-31,4,-17,16,-2,-2,-10,9,0
17,-32,12,3,17,-3,16,-26,3,-13,0,-8
-3,-3,-2,-4,-2,-24,16,-4,17,-16,-6,-28
-1,-3,1,2,4,-20,15,-2,7,-27,-2,-22
-5,1,-6,-7,4,-22,15,-6,11,-15,15,5
-8,-9,6,-13,10,2,5,3,0,-25,4,-10
3,-1,-1,-16,0,5,-9,-2,2,2,6,5
-9,-2,9,-6,3,9,2,-8,5,5,12,-16
-9,8,16,8,-1,5,3,-19,6,1,2,-13
10,-4,2,3,-1,8,16,2,14,11,7,-10
13,-20,-7,0,-9,12,5,-10,8,6,8,-16
12,-7,12,1,-1,0,4,-3,-6,-11,3,1
-3,-10,7,-14,14,-8,-1,9,-9,-9,13,12
-4,-3,0,2,13,-1,-7,5,-5,-1,3,-3
15,-6,12,-11,-6,1,16,-8,5,2,-2,-16
-3,-4,4,1,16,-7,8,8,4,-15,1,0
-4,-8,2,-7,-4,-11,-4,-10,14,12,14,10
9,-6,-6,3,4,-4,1,5,15,9,4,7
10,-10,-3,15,-4,-1,-2,-8,9,3,12,7
-4,-6,1,-9,7,13,5,-5,7,-5,3,10
-5,3,16,19,2,-8,10,-3,2,-9,7,-10
-5,6,5,16,12,-4,-3,6,-7,-9,-3,-12
-2,7,-6,19,9,-5,16,24,10,-6,-2,12
0,1,-9,-3,2,9,8,-8,0,18,10,17
1,12,4,0,-1,3,10,2,-4,-5,9,-3
1,7,0,8,-7,13,-7,14,3,-3,2,8
-2,21,-8,0,16,-3,7,-3,-3,-3,4,-6
9,27,-7,-7,10,22,13,-4,-5,4,16,16
9,-2,0,0,-6,0,5,6,16,12,-1,11
-6,9,7,15,14,30,-6,19,3,-1,-5,-1
5,16,1,16,10,9,9,8,14,29,0,13
8,-1,-5,-1,14,-1,0,13,2,30,-3,25
3,1,-9,-1,-6,2,15,31,-5,33,17,19
4,1,-1,-1,14,25,0,22,15,2,15,11
2,1,9,27,17,10,3,0,15,19,6,35
-7,-36,15,-10,-7,-24,15,-3,2,-23,-1,-5
-2,-1,13,-32,2,-17,-2,-33,5,-2,11,-26
1,-6,-5,-8,16,-34,11,-7,17,0,14,-9
-8,-30,-1,0,0,-3,-7,-4,10,-23,4,2
7,3,8,1,18,-19,6,-16,16,-15,9,-3
9,4,14,-18,10,-10,8,0,15,-10,-8,-22
-7,-1,13,-20,0,-26,7,-7,10,-24,-3,-30
-3,5,17,-13,-7,-5,5,-19,-3,-23,3,-3
1,-25,0,-1,-1,8,16,3,3,3,6,-11
4,8,7,-9,1,-16,11,-20,17,9,-7,7
4,10,9,10,-7,-19,18,-19,-1,-24,-7,5
-2,5,11,9,12,-8,-7,-1,17,-12,8,-15
18,-3,6,-10,15,-1,14,-20,11,-10,2,11
9,-6,13,3,16,-10,12,-3,4,-15,7,-19
1,-4,16,-10,1,1,-4,-17,-4,-19,0,-1
-3,-13,15,10,0,0,-7,-3,6,-8,-5,0
5,-7,16,-7,-1,8,17,5,2,11,1,-14
-4,-3,10,-15,14,-3,-6,-18,10,-8,8,-16
-4,-8,12,-9,3,16,-8,-9,18,-13,18,4
4,-7,0,4,9,-4,9,-1,15,18,-3,1
2,7,-4,4,4,-7,1,19,-1,0,-5,10
0,1,9,13,-2,-4,12,-1,17,-3,9,-9
-5,7,10,-7,-1,-9,13,12,1,-8,1,-9
1,1,14,-5,12,15,12,9,0,4,9,6
-4,2,17,-1,-4,21,12,14,17,3,7,-6
-5,1,-2,7,0,0,12,-11,-3,12,14,-10
-5,-2,3,0,14,-2,3,-5,14,21,6,3
12,20,-2,14,12,10,7,23,-6,3,-3,25
-6,11,0,0,-2,-2,14,10,4,-8,15,24
15,18,-8,0,13,28,15,9,-3,24,15,22
7,8,6,-1,12,4,0,22,8,9,8,13
-4,0,6,2,13,7,3,2,17,12,2,-1
11,7,1,0,7,23,1,18,12,18,1,18
17,32,8,26,-5,30,5,21,2,22,16,16
-6,20,16,3,11,4,-5,11,14,18,17,-2
8,30,5,1,12,6,4,22,11,28,15,18
10,8,4,36,-8,17,5,19,0,8,-1,29
-2,-1,6,-19,-2,-5,8,-36,-1,-28,16,-23
3,-10,8,-16,-6,-17,3,-14,-4,-12,-7,-14
17,-14,3,-18,16,-2,-7,-30,-7,-18,-7,-31
14,-32,6,-25,14,-13,1,-3,-5,-24,9,-3
16,-4,18,-6,2,-12,-3,-15,8,-27,-7,-25
-7,-21,13,-11,-2,-7,0,-29,-7,-20,16,-4
6,-13,-3,-20,5,-25,-2,-9,8,-15,0,-3
19,1,-3,4,3,-6,7,-9,-3,-11,17,-5
2,-20,-4,7,4,-5,-4,-7,12,-27,1,-19
19,-10,5,-20,-2,-16,0,-1,-7,-3,-5,-17
18,-7,-4,7,7,-5,3,-17,-6,-14,11,-4
-1,-3,-2,-15,-3,7,13,-16,14,-9,14,-3
12,-4,0,6,-6,-11,-3,-16,-4,-9,19,-21
1,-20,4,-5,10,-9,8,-11,15,0,15,-9
18,6,1,-12,-5,-5,-6,-18,13,14,-5,0
6,-17,0,-1,6,5,12,11,18,8,4,-12
5,-8,16,-11,17,-6,0,-17,17,3,8,3
-3,-8,1,-12,12,-17,11,8,4,-6,1,8
-2,-5,1,2,6,-13,-5,-7,13,10,2,5
0,-5,1,5,16,-5,4,-14,-2,3,-4,19
0,-3,7,16,15,-5,-2,-3,-6,1,8,8
14,-4,8,-9,0,-3,1,1,10,10,1,19
8,6,9,16,14,13,4,2,-3,10,-4,4
4,1,8,2,-2,1,5,19,-4,-2,3,13
15,19,18,20,3,13,-2,11,18,13,-3,10
5,5,-6,3,17,5,-6,-9,-3,22,8,-10
12,21,15,20,17,17,10,20,9,-8,19,5
13,21,5,13,14,7,8,24,16,13,7,9
-3,18,11,-3,1,24,3,5,-6,24,-7,10
-6,8,-4,9,12,17,17,23,7,17,1,23
14,2,-1,30,3,-5,-6,20,19,26,17,1
5,13,-6,7,11,11,-5,2,10,6,-6,7
15,12,1,0,15,25,-7,13,-4,16,-2,1
-4,1,0,3,-2,10,9,30,2,-3,18,-1
17,4,0,-1,7,8,17,19,14,2,12,2
2,6,10,2,0,9,-7,15,-1,8,14,28
-5,14,-7,10,18,31,3,14,19,17,19,34
1,0,-5,-36,18,-7,16,-4,7,-2,20,-23
17,-35,12,-11,-5,-33,14,-25,5,-3,-4,-34
6,-3,0,-32,-6,-29,4,-3,16,-5,4,-2
7,1,20,-24,5,-8,15,0,10,-15,13,-10
18,-31,9,-5,11,-29,7,-16,5,2,20,-24
-4,-1,7,1,12,-17,17,-19,12,-26,-5,-27
18,-30,10,-16,-2,-23,5,-22,9,2,-3,-16
6,5,13,-28,7,0,-1,3,-3,2,3,-29
3,-26,7,-27,-1,-9,12,-8,1,-22,-6,-11
2,0,3,0,3,1,16,6,9,-10,20,0
2,0,8,-26,5,-22,12,-10,1,-7,-2,-17
9,11,11,2,2,2,-6,-2,-5,-11,4,-2
-4,7,14,7,0,-23,19,2,0,-18,5,5
10,12,11,10,-4,-5,-6,-20,11,-2,16,-10
1,12,1,2,5,7,5,-16,20,-15,6,-3
15,-15,-1,0,15,-11,4,8,6,-16,-5,3
4,-10,17,-3,14,-15,6,16,13,10,7,-12
-2,-4,0,-18,9,-5,-6,-4,18,-4,-3,16
7,-6,3,-8,-2,9,0,6,7,-11,-2,-17
13,-7,13,-1,5,-8,-6,8,3,3,-6,-2
-3,-1,-6,5,0,-1,4,4,12,13,7,14
-3,1,15,16,-1,-3,7,21,4,-4,5,21
8,-3,16,-7,2,1,11,22,12,9,19,22
1,-8,6,-4,16,10,20,9,2,-13,12,20
15,-2,3,-3,0,2,20,-11,0,15,-1,5
14,5,0,0,3,-10,20,-8,6,-1,19,-5
3,13,-1,2,17,-5,2,17,0,25,13,17
13,8,14,3,5,24,-4,6,20,26,19,-4
6,9,-3,6,4,18,18,-2,2,25,-2,18
14,25,14,14,0,15,-2,12,-2,18,1,18
2,-4,-5,3,18,-5,16,20,19,16,8,-3
16,5,0,0,4,17,1,19,1,29,8,2
5,15,1,0,-2,2,10,23,17,28,-1,0
13,22,12,30,-1,26,13,-3,19,17,-2,9
17,7,13,23,2,32,-4,-2,3,25,20,12
20,10,15,-1,18,32,19,32,18,19,15,18
13,27,-3,34,-2,25,13,25,8,2,14,18
13,-34,19,-21,21,-15,17,-23,-2,-35,5,-30
3,1,-1,-1,12,-1,-4,-34,18,-8,14,1
9,1,10,-1,-3,2,-3,-16,-4,-9,0,-5
5,-5,-3,0,-5,-1,13,-25,1,-14,18,-17
0,0,11,-4,17,-32,11,-25,21,-11,17,-28
12,-2,7,-18,18,-7,10,-7,1,3,18,-27
-4,-24,-3,-14,18,-1,16,4,15,-13,14,-30
0,-4,8,5,10,-11,4,-20,10,-6,-1,-2
14,5,4,-12,-1,-9,6,4,3,0,-1,-23
10,-18,7,-1,6,4,4,-22,2,-26,2,-13
17,-2,21,7,17,-13,1,-6,8,-7,20,-18
8,8,16,0,-1,-17,12,-6,8,1,3,-23
15,-22,14,-17,6,-2,5,8,5,-18,12,-8
21,-7,21,-11,6,-9,7,6,16,-1,10,-2
21,2,9,11,16,-22,-5,11,21,4,21,-6
7,-1,2,-16,0,0,-3,-12,4,-19,12,-8
6,-8,-5,-1,-5,-16,11,-1,9,-14,16,0
-1,-7,8,-19,-5,8,21,11,1,5,17,4
6,-8,14,12,-5,-6,21,-7,6,5,5,-13
4,-7,20,2,5,0,10,-8,13,5,12,1
-2,1,-2,8,21,2,12,12,3,19,12,20
-2,4,5,3,9,-4,21,12,8,13,-1,-9
5,-1,1,-8,3,2,-4,19,21,-5,2,-8
1,5,8,10,19,-5,-3,18,19,-6,21,16
1,1,13,18,4,4,0,5,3,-10,10,6
3,6,6,-7,11,8,3,-9,-5,-7,-3,25
3,11,1,2,19,21,-3,-6,21,3,14,14
19,6,17,5,2,11,2,4,18,10,20,13
20,16,-4,12,3,11,6,27,18,12,18,10
19,17,11,12,-1,9,-3,3,5,11,4,2
2,2,4,24,11,15,18,29,21,14,15,2
8,16,-3,7,10,6,9,25,1,16,7,15
10,12,12,5,10,15,7,2,2,19,8,16
7,26,-4,27,12,4,3,23,18,10,21,25
2,31,3,33,1,5,2,33,5,5,12,21
1,0,21,29,2,34,-2,4,3,0,-1,28
12,36,11,23,21,0,-1,3,18,28,1,29
15,-34,0,-18,17,-33,13,-18,20,0,14,-18
0,-1,6,-28,-3,-30,2,-30,-2,-1,22,-26
9,-4,-2,-28,14,-29,22,-16,-3,-27,18,-16
-3,-2,14,-15,3,-8,18,-11,13,-13,3,-26
19,-29,4,4,8,-6,-3,-7,6,4,-3,-16
-2,-26,-3,-7,12,-16,1,-9,-3,-31,12,-29
12,-16,19,6,13,-4,11,-8,1,-30,10,-29
19,-6,4,-11,8,5,-1,-26,-1,-15,7,-26
15,4,21,7,13,-12,-1,3,15,3,13,3
20,-15,0,-12,16,-16,10,9,6,-4,9,2
12,-18,20,4,12,5,7,7,3,6,19,-4
7,4,19,-20,-2,-17,-1,8,12,-8,14,5
16,-10,5,0,9,8,13,-12,4,-12,13,-10
22,3,21,-3,18,-19,2,11,16,-13,12,11
20,-12,8,-1,17,-20,21,12,13,-9,1,1
15,-9,16,-10,21,7,6,7,18,-7,8,2
7,-7,6,4,4,-19,10,7,7,5,10,-6
3,-1,0,6,15,-11,4,-5,6,-11,-2,-7
0,2,18,14,0,0,0,4,15,-9,3,14
2,3,0,11,17,19,11,12,12,3,-4,-15
1,3,22,2,11,14,15,8,-1,0,15,18
0,-2,-1,4,15,18,-3,13,20,16,8,18
4,4,7,-8,22,1,4,22,8,-11,22,-2
5,-2,21,-3,20,19,12,-1,11,1,10,22
5,1,15,-9,21,-3,12,18,17,21,-2,-8
4,-6,17,10,0,6,17,1,-2,12,3,2
1,10,0,-9,18,24,-1,9,-2,15,21,-1
1,6,12,4,8,12,16,24,9,13,-2,7
6,4,3,27,3,21,16,-7,-1,9,14,-6
2,12,20,-7,20,0,7,10,1,18,-4,-7
0,3,4,28,15,21,2,-5,12,0,1,7
0,2,12,31,22,18,3,11,11,-2,19,-2
8,4,1,0,10,28,0,25,2,0,0,17
7,22,1,24,-4,8,-3,7,14,14,11,8
1,28,12,25,6,6,10,3,13,33,16,17
9,5,22,31,-4,20,10,6,13,35,2,23
-4,26,19,29,2,21,-3,13,5,22,19,0
5,-2,-2,-8,5,-8,23,-1,10,-35,2,-24
0,0,19,-13,19,-8,5,-17,1,-23,-2,-33
12,-8,-2,-23,2,-6,12,1,6,-18,-1,-9
15,-13,12,-32,6,-2,13,-18,5,3,20,-26
8,-5,2,1,19,4,11,-15,1,-2,22,-25
12,-23,3,-3,13,-4,2,2,16,-31,12,-29
21,-26,17,-8,18,-12,14,-6,-1,1,16,-10
-1,-25,23,6,7,-1,12,-27,8,-27,9,-27
8,-24,1,8,15,-4,16,-27,2,-27,23,8
20,-15,7,-16,18,5,5,-20,-1,-11,4,-1
7,7,4,3,16,-10,5,-11,4,-13,14,-5
4,5,15,-13,4,2,3,8,17,-13,0,0
7,-9,6,-10,7,-19,20,-15,3,7,13,-4
-3,-11,16,9,16,-14,0,-1,17,9,18,-18
8,-1,14,4,0,1,12,-1,20,9,21,3
5,-7,15,-11,6,-2,-2,-5,6,-4,16,-16
20,13,11,1,3,-2,8,-7,3,-13,3,-16
1,-11,23,6,7,2,18,-19,1,0,6,-11
1,-12,23,-5,18,16,4,11,3,4,5,-18
5,2,-1,-12,5,-12,18,-8,1,-1,-3,14
2,-2,22,-3,17,8,22,1,20,-13,21,-2
2,1,14,-1,17,8,0,3,17,6,5,16
5,-1,13,-9,0,-2,0,3,19,14,13,21
6,-8,7,14,0,-4,21,21,3,5,15,8
7,2,22,3,0,6,9,4,21,13,-2,11
6,11,-1,0,0,4,0,3,12,-3,8,-11
15,-1,19,11,0,0,17,19,5,20,-2,19
14,1,21,14,0,4,-3,-3,14,-5,2,19
20,23,11,22,0,6,20,3,21,-7,21,8
5,-3,2,6,0,4,18,16,8,4,13,19
6,14,-3,18,0,10,2,1,9,13,7,-4
16,8,16,-1,17,31,17,31,19,21,19,17
4,21,9,7,14,24,14,28,7,23,14,22
22,4,20,22,5,7,17,2,13,-3,10,23
0,0,9,1,20,18,0,25,7,-1,9,30
10,31,23,30,3,29,23,3,-1,4,4,9
11,23,11,35,11,1,8,0,3,15,6,1
7,-9,-2,-8,3,-4,16,-29,14,0,22,-19
15,-13,4,-16,6,-26,8,-16,0,-6,7,-8
14,-10,3,-31,-2,-5,8,0,6,-10,19,-8
21,-20,24,-18,14,-33,16,-20,15,-11,7,-1
-1,-29,24,-32,23,-12,23,-9,9,-25,9,-7
-2,-9,19,3,0,-16,0,-3,17,-26,19,-30
18,-22,7,4,24,6,11,-4,5,-5,-2,0
8,0,2,-22,14,-22,19,1,3,0,10,5
0,-25,21,-4,24,-2,8,-1,6,-25,8,-21
0,-2,16,-4,22,1,14,8,21,-1,2,6
10,0,8,-24,4,1,19,-8,-1,5,0,7
-1,-21,22,-9,10,10,18,2,11,-17,24,-21
14,-8,3,0,7,-14,13,-14,17,-20,4,7
19,1,15,-7,18,3,12,8,1,-1,23,-6
22,8,22,-18,22,3,1,-13,13,-3,10,-11
20,11,18,-5,20,5,0,-7,2,-15,4,-1
23,-7,19,-15,5,-2,10,-9,2,8,5,1
19,13,8,-16,22,-8,21,-9,8,16,10,3
18,17,8,16,7,14,22,-6,15,14,4,-11
5,9,20,8,19,14,7,19,13,-17,14,16
10,-10,3,-15,16,16,24,1,17,18,24,-9
2,12,24,1,21,-7,21,-2,19,-3,1,4
-2,6,4,2,20,16,18,11,16,10,20,14
20,5,14,13,9,6,-2,-12,14,-10,14,-2
9,10,10,2,16,14,14,-8,20,0,7,7
23,18,22,17,2,-9,8,1,19,8,18,-7
20,18,5,9,6,-4,5,-3,10,26,4,5
-1,-1,17,24,20,6,5,25,15,6,-2,20
18,12,1,7,16,-2,-1,4,21,-8,-2,2
23,2,14,24,3,29,23,12,19,7,0,27
-2,9,12,-4,13,2,12,12,3,30,13,1
-2,23,22,24,12,17,2,-4,-2,-4,12,29
8,20,5,-4,4,29,11,3,21,14,13,23
16,20,17,25,8,-3,18,5,17,33,7,0
15,22,-1,23,24,27,7,22,3,11,20,24
1,27,7,27,-1,18,7,32,24,30,6,34
16,35,4,32,22,4,22,1,21,5,3,1
23,-33,-1,-7,18,-10,-1,-34,15,-13,2,-23
7,-10,15,-34,9,-1,5,-26,18,-3,15,-34
15,-9,12,-31,1,-5,0,0,3,-7,5,-23
1,-7,13,3,24,-32,16,-7,7,-22,7,-1
13,-7,23,-10,10,0,6,1,20,-30,5,-10
0,3,18,-12,9,-24,7,-7,5,-8,5,-17
15,6,16,-6,8,5,25,-9,15,-25,8,-18
3,-29,0,-3,15,-3,-1,-5,25,-17,-1,-3
1,0,0,7,12,-22,5,-13,12,8,23,-13
16,7,23,-18,16,-22,18,1,23,-9,13,9
4,7,11,1,1,4,7,-1,-1,4,16,-21
2,-24,2,7,17,4,10,-21,7,-9,13,5
9,10,13,-5,14,-1,20,-5,14,10,20,9
14,-19,24,-6,-1,-21,21,-21,4,-16,22,8
16,6,13,-9,0,12,8,3,17,-21,-1,0
23,-4,11,7,7,1,17,13,12,-15,24,11
21,5,-1,13,3,-19,-1,-20,0,-7,4,15
21,-11,4,7,11,-7,10,-10,12,16,0,11
-1,3,25,-16,3,5,8,8,6,12,13,7
17,13,17,-14,15,6,22,17,1,16,24,17
3,12,-1,-1,22,12,9,2,22,-15,11,13
6,-13,7,18,22,10,25,-1,19,-11,13,0
22,-12,18,15,17,-12,22,0,8,7,12,-9
6,-10,7,2,21,6,8,15,24,22,5,-8
1,0,18,1,1,-3,24,-7,14,-1,6,-7
12,9,3,6,8,14,8,18,13,-10,10,-1
20,-6,24,-1,23,25,18,-5,0,-7,8,21
1,8,1,0,5,15,4,5,24,18,9,3
3,-4,19,-3,0,28,16,-7,4,3,12,24
16,25,8,4,0,20,25,19,5,3,16,18
14,25,24,25,21,29,3,26,10,10,12,0
15,28,8,2,16,19,0,9,10,16,10,30
9,28,16,25,14,22,2,21,4,26,25,13
24,3,12,30,1,3,10,9,7,31,8,23
15,27,6,32,2,27,0,4,17,26,2,6
9,30,17,35,3,3,14,12,9,25,20,15
16,23,25,6,15,29,14,17,9,0,25,1
15,-8,2,-2,13,-8,14,-28,22,-36,24,-28
14,-9,12,-35,9,-1,7,-21,4,-26,21,-10
19,-31,15,-32,18,-24,7,-22,1,-11,24,-21
19,-32,25,-12,18,-33,19,-27,3,1,11,-18
1,4,5,-3,5,-32,19,-3,4,-1,23,-15
22,-31,18,-30,9,-4,15,-25,19,-5,15,1
6,-30,0,2,25,-7,14,-4,2,-27,25,-19
5,-26,8,3,19,-22,9,-23,4,-19,19,-8
22,-8,5,7,24,8,1,-7,19,-4,14,-20
2,-27,23,-20,15,-26,24,-23,0,9,15,2
2,7,2,-25,20,-20,14,-1,1,8,10,-11
2,7,3,-4,6,11,15,2,0,-8,22,-8
4,9,1,-11,1,5,5,7,21,-1,5,1
23,-12,22,-8,5,-5,16,-22,1,-3,25,-4
26,-14,10,-17,15,-18,18,14,2,-20,19,-14
19,-3,13,10,0,-11,21,0,21,13,24,2
23,-10,5,-6,4,11,10,-19,3,7,16,-13
25,-7,9,-7,1,13,23,-1,21,-2,11,-8
21,0,4,-10,19,18,5,-6,21,11,3,-17
21,10,15,-14,4,13,22,10,2,9,22,12
23,-11,20,-13,1,-15,16,20,5,16,12,1
19,-1,15,-10,7,-12,16,14,9,19,12,-15
19,12,16,-11,13,0,7,-13,12,15,11,2
19,21,14,18,20,19,10,4,19,4,20,14
10,-3,23,-4,7,-10,21,-9,21,15,0,0
11,-4,14,23,16,19,13,3,7,1,4,25
13,5,1,-7,9,-1,19,26,22,-8,1,-7
22,10,11,12,0,-6,17,20,5,19,20,13
22,19,1,-2,8,10,24,-3,15,22,1,2
14,24,24,4,13,18,5,-6,6,9,5,-4
23,-2,0,0,11,21,15,9,13,26,11,24
11,28,16,-3,10,-3,21,9,17,28,0,-4
26,5,1,13,3,30,26,6,0,-2,19,2
14,26,8,26,19,19,2,9,22,13,17,32
9,27,3,-2,17,25,13,4,2,33,6,6
0,30,12,33,3,27,4,12,0,33,24,4
9,34,0,34,6,31,3,32,6,13,3,16
