-6,-8,-24,-6,-12,-17,-23,-3,-22,-14,-5,-14
-5,-10,-19,-13,-8,-20,-10,-28,-15,-29,-6,-35
-8,-26,-23,-2,-19,-8,-24,-27,-26,-4,-2,-22
-7,-23,-4,-3,-2,-7,-22,-27,-14,-24,-7,-2
-5,-32,-15,3,-10,-17,-1,-30,-21,-28,-2,-2
-9,-20,-20,-1,-20,-21,-14,1,-6,-29,-4,-14
-15,-20,0,4,0,-29,-9,2,-19,-15,-2,4
-1,-18,-26,-8,-4,6,-8,-23,-24,5,-4,-26
0,-11,-16,-15,-10,-5,-12,-4,-12,3,0,-26
-16,8,-9,-12,-5,-20,-13,-19,-22,2,-9,-27
-18,-19,-11,-2,-9,7,-14,-26,-26,3,-23,-23
-9,-23,-26,5,-24,-16,-19,9,-4,6,-17,-5
-13,4,-15,0,-7,5,-25,-18,-6,4,-21,10
-18,-22,-8,-16,-6,-20,-12,11,-22,-13,-22,-16
-1,2,-23,2,-4,10,-7,-15,-23,-18,-2,7
-4,14,-6,11,-5,-18,-11,-11,-3,7,-25,12
-21,16,-2,10,-14,15,-16,-19,-15,2,-19,-20
-24,14,-1,6,-11,-15,-24,15,-15,-10,-18,14
-23,15,-13,13,-20,-12,0,17,-20,-2,-20,-7
-17,-14,-5,-14,-11,-7,-4,-11,-7,18,-21,-16
-6,-12,-5,8,-24,-2,-4,12,-19,-14,0,-15
-4,-11,-23,5,-17,8,-19,7,-14,-5,-17,12
-25,19,0,4,-12,13,0,-6,-24,-11,-25,-11
-25,-8,-15,13,-9,1,-24,12,-13,-4,-26,-8
-1,13,0,1,-14,22,-4,19,-20,18,0,-1
-3,22,-25,1,-14,21,-6,8,-25,-8,-13,2
-13,26,-22,-7,-18,-10,-21,-2,-25,13,-17,6
-5,6,-2,11,-16,6,-6,-5,-18,17,-13,21
-3,8,-11,-8,-6,26,-3,-6,-1,26,0,22
-22,-5,0,-2,-12,10,-11,-2,-4,17,-7,9
0,25,-17,-6,-11,22,-13,24,-18,24,-21,13
-2,-1,-24,2,-7,18,-25,3,-9,25,-11,5
-4,13,-1,25,-4,22,-24,1,-16,22,-19,-3
-2,-2,-13,1,-12,8,-4,22,-2,13,-10,29
-4,25,0,14,-4,34,-1,-2,-3,2,-7,19
-4,15,-24,5,-4,7,-19,22,0,20,-5,32
-4,26,-23,16,-13,22,-13,5,-26,14,-21,16
-1,-34,-12,-35,-18,-27,-14,-4,-6,-31,-22,-1
-5,-26,-14,-21,-2,-32,-14,-26,-11,1,0,-21
-16,-28,-13,-20,-5,-6,0,-3,-5,-9,0,-15
1,-25,-23,-10,-14,-6,-18,2,-18,2,-14,-8
-4,-30,-4,-25,-3,-8,-10,-7,0,-8,-23,0
-13,-21,-24,-14,-3,-22,-1,1,-25,0,-17,-30
1,-18,-23,2,-8,4,-23,-28,-13,5,-22,-28
-23,5,1,2,1,0,-10,-29,-5,-10,-14,-18
-9,-27,-25,-4,-14,-3,-16,-7,-14,-8,-17,-26
-14,7,-16,9,-7,-9,-4,-22,-12,0,-7,-1
-25,6,0,9,-1,-12,1,4,-21,4,-11,-14
-17,-23,-4,10,-18,-12,-25,-24,-10,7,-20,-23
-22,-18,0,-3,-4,11,-15,-7,-18,-24,0,11
-6,11,-20,-20,-12,-6,-15,2,-23,12,-2,8
-1,-4,-23,-3,-3,3,-1,1,-20,11,-19,6
-1,3,-5,2,-19,-14,-9,10,-8,-16,-12,-20
-1,-5,-14,16,-1,-8,-8,-18,1,5,-24,14
-5,15,-13,4,-1,4,-12,8,-14,17,-2,14
-16,18,-25,-6,-4,1,-13,18,-3,2,0,14
-18,19,-16,7,-16,-11,0,15,-6,17,-13,14
-4,18,-12,-8,-21,-14,1,-1,-16,16,-9,-16
-10,20,-12,12,-17,15,-25,-4,-3,-8,-10,8
-4,-9,-6,12,-8,-2,-3,9,-14,-14,-11,21
-6,23,-24,15,-3,15,-25,8,-3,14,-3,2
-1,13,-14,-6,-3,5,-7,-9,-7,23,-9,3
-6,7,-14,-1,-3,5,-25,15,-12,-7,-1,15
-9,1,-8,20,-22,-2,-23,0,-20,17,-17,3
-4,5,-21,0,-15,24,-8,0,-18,16,-13,21
0,1,0,-2,-14,13,-14,27,-1,11,0,2
-1,1,-7,12,-6,12,-6,1,-4,-6,-4,-4
-2,4,-11,-2,-1,5,-9,8,0,-2,0,11
-1,0,-21,-5,-15,30,-15,4,-1,5,-8,10
-2,-2,-8,4,0,6,0,20,-5,28,-5,10
1,31,-24,11,1,12,-17,9,-1,15,-6,14
-3,19,-9,7,1,23,-4,30,0,1,-9,8
0,0,-2,-1,-13,30,-4,21,-3,-1,-17,14
-4,27,-15,17,-1,17,-25,34,-5,5,-1,27
-2,-21,-8,-3,2,-31,-4,-36,-16,-31,-5,-35
-10,-27,-7,-2,-4,-4,-4,-27,-2,-5,-4,-28
1,-3,-9,-2,-13,-14,-3,-33,-8,-27,-2,-26
-10,3,-9,0,-8,-23,0,-31,-10,-1,-11,-30
-24,-29,-15,-15,-10,-11,1,-13,-7,-21,-18,4
-6,-3,1,-5,-19,-10,-15,-7,-8,-30,1,-10
-11,-28,-7,-29,-1,-18,-20,-30,0,3,-14,-16
-11,-23,-2,-20,-19,-14,-12,6,-24,-26,-14,-12
-11,-21,-9,-3,-6,-16,-23,-9,-5,-24,-7,-6
2,-22,-20,6,-1,0,-19,-22,-15,-27,-2,8
-7,-16,-17,-9,-1,-10,-19,-22,-11,-21,-20,-25
-1,-21,-12,10,-19,-7,-13,-11,-10,-13,-3,-25
-9,-16,-8,-21,-1,-7,2,9,2,-2,-18,-7
-11,-10,0,12,-21,6,-9,-11,-24,-21,-2,-9
-23,14,-12,-12,-1,-8,-10,-22,0,-9,-5,-4
-8,-13,-23,0,-1,-1,-5,-5,-14,10,0,-16
0,14,-24,-16,-21,10,-20,-10,-18,11,-12,-17
-8,-7,-19,14,-1,-8,-3,0,-3,10,-21,-13
1,-5,-22,-4,-5,15,-19,-4,-24,7,-16,13
-22,19,-10,3,-1,-7,-24,-1,-21,1,-18,15
-6,-7,2,6,-19,7,-7,9,-14,-13,-22,6
-7,-7,-4,-8,-1,3,-13,-7,2,-12,-1,8
2,19,-6,2,-1,5,-5,-14,1,-5,-13,-5
-22,-12,-17,17,-1,0,-1,14,-3,-8,-22,23
-1,-6,-12,-12,-5,3,-1,-1,-24,-12,-10,24
-4,-5,-14,1,-21,-1,-4,18,-16,-5,-4,-2
-3,-3,-7,-3,-19,26,-22,14,-9,16,-22,21
-7,-2,-2,17,-14,23,0,27,0,17,-6,2
-10,27,-5,23,2,-6,-23,28,-18,14,2,27
-23,-3,-12,8,-7,29,-8,21,-1,0,-12,26
-1,7,-6,-1,-7,1,-10,23,-21,-4,0,3
-12,3,-5,4,-23,12,-24,2,-10,5,-17,1
-11,1,-9,32,-2,26,-22,8,-7,-3,-13,10
0,0,0,-3,-14,21,-16,11,-3,29,-22,26
1,1,1,14,1,34,-16,24,-20,5,-1,11
-23,-1,-16,7,-13,29,-20,18,-12,7,-13,7
-3,16,1,1,-2,18,-10,3,-15,23,-21,1
-11,-36,2,-4,-9,-27,-13,-23,-14,-27,-21,-13
3,-28,-5,-10,-2,-14,-5,-27,-20,-2,-5,-11
-10,-20,-8,-21,-18,-31,-14,-5,-10,-17,-19,-30
-12,-28,-22,-18,2,-27,-8,-5,1,3,-3,-29
1,4,-19,-5,-12,-8,-15,-29,-16,-24,-18,-19
3,-31,-15,4,-10,-23,-23,-21,1,-17,-7,-19
1,-30,-23,-17,-16,-20,-13,-19,-3,1,-2,-12
-1,-22,-8,-8,-4,-21,3,-20,-16,4,-3,-23
-9,-26,-4,-15,-21,8,-10,-12,-11,-12,-21,-22
-2,-16,-18,4,-17,7,-12,-27,-21,-12,-22,4
3,-24,-14,-21,-5,10,-7,-5,2,-8,-4,-24
-5,-15,-1,-15,-1,-18,-6,-8,-8,3,-6,-2
-1,-13,-9,-19,-10,-19,-9,-20,3,9,-19,10
-1,-5,0,7,2,9,-11,-7,0,7,-14,0
-11,-16,-8,13,-19,14,-6,-21,-22,14,-2,12
2,15,-6,7,-15,13,-7,-15,-10,-7,-11,6
-11,-16,-15,-11,-21,15,-18,-14,-10,15,-15,15
-2,-9,0,-13,-5,16,-19,-15,0,-14,-7,-13
3,7,-6,8,-14,1,3,-8,-8,2,-7,9
-1,11,0,12,-11,6,1,-4,-1,9,-16,2
3,-13,-12,-11,3,16,-16,-16,0,11,-5,2
0,-14,2,-8,-15,14,1,-12,-22,12,-17,14
-2,-6,-4,7,-7,10,-18,-11,-18,-11,-22,-12
-13,-12,-10,23,-15,1,-1,-3,-9,4,-17,-4
-7,-6,-5,-2,-13,7,-1,14,-21,-3,-16,16
-1,-3,-1,4,-13,12,-18,11,-16,0,-15,-4
0,-3,-10,7,-12,24,1,8,-5,15,-20,11
-5,-2,-17,17,-13,16,-2,21,-21,14,1,-2
-7,-8,-10,8,-5,0,-12,25,-21,9,3,17
-13,29,-21,10,-12,-7,-3,25,-12,17,-16,4
-23,-2,-3,-3,-21,-3,-9,27,3,7,1,9
-12,3,-21,13,-15,19,-19,3,-14,-4,2,24
-7,5,3,21,-7,-1,-13,3,-19,1,-13,19
-1,22,2,11,1,7,-13,0,-12,0,-9,28
-23,34,3,-1,0,0,3,34,3,15,-11,16
-5,5,-5,-1,-4,21,-15,31,-10,33,-6,2
-4,9,-9,2,3,13,-15,7,-22,35,-3,26
-11,-36,1,-5,-5,-27,3,-21,-19,-36,-20,-19
0,-34,-19,-29,-15,-31,-14,-2,2,-6,-16,-12
2,-3,1,-21,-15,-11,-22,-30,-8,-32,-18,-12
-7,-19,-2,-25,3,-13,-16,-2,-1,-2,-13,-33
-8,-31,0,-3,-8,-20,0,-24,1,4,4,-22
0,-7,-16,-2,-9,-20,-20,-5,-1,-15,-4,1
-2,-22,-21,-19,-7,-27,-3,3,-2,-12,2,-24
2,-22,-2,4,0,-28,-18,-22,-1,-26,2,-5
1,-20,-14,-13,-3,-24,-3,3,-7,5,-16,-4
4,-26,-8,-8,1,-26,-10,-23,-6,-10,-20,-14
-1,-14,-7,-10,-17,-21,-17,-17,-16,-13,-20,-22
-11,-19,-4,-7,-22,-7,-16,-15,-16,3,-9,-19
0,-14,-3,-5,-2,-16,-16,-12,-10,12,-4,-23
3,12,-5,-11,-20,-2,-4,-10,-5,12,-9,-9
-2,-12,-18,-11,0,1,-19,-14,-6,-11,-6,-11
-4,-10,-1,-10,-5,-21,-13,-9,-4,-4,-12,5
-9,-17,-14,-3,-6,-14,-9,4,-1,-1,-8,6
-22,-19,-22,6,-2,2,-20,-3,-4,4,-11,12
-12,-18,-17,-2,-20,-2,-6,9,3,-4,-4,2
-5,-11,-15,2,-12,4,-12,13,-3,11,-17,12
1,-16,-16,4,-19,-10,2,-6,-4,-5,2,16
0,-2,-10,1,-5,-4,1,14,-22,7,-10,6
-1,12,-14,-7,-8,22,-15,16,-22,19,-1,21
-1,10,-18,-8,1,-4,-7,18,-5,-9,-7,-9
-1,17,4,2,-7,15,2,0,-5,0,-2,-2
3,-11,-7,19,-18,10,-16,5,-1,-3,-20,10
-2,-3,-13,4,3,11,-19,24,-15,26,4,3
0,0,-17,26,-7,10,-15,27,-19,6,-7,3
-18,-4,-19,25,-15,13,-11,26,-14,-1,-4,28
-12,-3,0,7,-12,24,-10,10,-11,23,-22,1
-2,-4,-15,26,-9,6,-9,12,-2,17,-8,2
-22,29,3,7,-11,10,-18,28,-6,31,-9,11
2,29,-11,15,-7,20,-14,19,3,28,1,-3
3,4,-7,2,-9,25,-6,20,-16,30,-8,6
-21,-1,4,4,-2,23,-6,1,-17,4,-6,-1
-7,6,-11,21,-12,9,-20,7,-5,31,4,35
3,2,-9,13,-4,0,-14,31,-14,36,-20,25
-8,-27,-12,-13,-5,-23,-3,-22,-18,-11,-21,-13
-3,-21,-5,1,-4,-4,3,-14,5,1,3,-2
-16,-34,1,1,-6,-23,3,-33,-13,-16,-20,-30
4,-7,-18,-2,-8,1,5,-2,-7,-32,-1,-11
-14,-26,-8,-2,-8,-19,-13,-10,-15,-7,-10,-2
-6,-27,-17,-10,3,-10,1,-14,-12,-5,4,-5
-5,-26,-2,-24,-9,-2,-13,-11,-20,-1,-16,-6
-5,-13,3,-2,3,-5,-9,-27,-1,-5,-17,-18
-2,-4,3,-15,-10,-6,0,-20,1,-15,-8,-23
-16,-18,4,1,0,3,-8,1,-3,-8,-7,-7
-17,3,-1,5,-8,-16,-3,-2,-16,4,-15,-10
-16,-18,0,-24,-16,-23,-15,1,1,-8,-4,-5
-12,-8,-15,-1,-21,-11,-6,10,-7,-4,-15,6
-8,-6,-20,6,2,-23,-2,2,-1,-9,-18,6
-1,-2,-8,-15,2,14,-8,-22,-18,-12,-4,7
-10,12,-1,-17,-3,-8,-18,-14,-14,-3,-17,10
-14,15,-6,-3,-8,4,-3,9,-7,-15,-3,3
-1,6,0,-6,0,8,-18,7,-7,3,0,-7
-3,5,-3,-5,-7,16,-20,-2,-20,1,-10,2
-2,6,-17,2,-10,11,-11,16,-11,12,2,-7
-4,15,-1,-6,-1,1,-12,-14,-21,-9,-12,-8
-21,14,-8,4,-17,19,2,2,-2,-14,2,3
-2,16,-12,-6,-8,-14,2,7,-5,12,-18,12
-4,-4,-6,16,-19,7,2,11,-4,6,-1,21
5,16,-4,11,-1,-2,4,5,-1,-3,-1,-1
5,25,-10,-3,-16,22,-21,3,-8,-5,-4,1
1,2,0,2,-1,-9,-8,1,1,-1,-11,21
-2,-2,3,15,-11,4,-20,-7,-2,-9,-13,19
-6,-8,-11,18,-13,13,-6,-4,-1,27,-12,4
-7,27,-21,1,-10,28,-4,23,-19,29,4,6
3,3,-14,-6,4,21,-3,25,-9,0,-4,-1
-6,-4,5,12,-2,23,1,9,-3,-2,-6,-3
-2,13,-20,5,-21,3,-21,18,-8,27,-7,29
2,19,3,16,-9,30,4,32,-19,10,3,33
-5,26,-10,0,-1,2,-4,4,4,6,-3,-2
-7,3,-12,25,-4,20,4,25,-1,10,5,-1
1,22,-19,0,-11,8,-16,31,-6,34,1,25
-8,-27,-2,-2,-11,-6,-4,-14,-7,-36,-17,-19
-9,-32,-14,-14,-14,-35,-9,-33,-9,-2,6,-28
-1,-18,-5,0,-7,2,-19,-7,2,1,3,-19
-8,-20,-19,-6,-20,-33,-7,-30,-20,-24,5,-2
-13,-27,-13,3,5,-4,4,-15,-6,-24,2,-13
-20,-30,-15,-13,-19,-10,-20,-1,-5,-7,-15,-21
-9,-1,-3,-24,-8,-28,-10,-3,-14,-25,-15,-3
2,1,-13,-8,-15,-25,-12,-29,-14,0,-19,0
-11,-18,5,-4,-9,-26,-6,-9,1,-8,2,-1
-15,-17,-16,8,-11,-1,-18,-26,-14,-13,-12,-6
-9,1,5,-4,-12,-20,1,-1,-17,-20,-8,9
-2,0,-10,0,-6,0,-15,9,-17,-18,-19,-9
-19,5,4,-21,-1,-12,-8,-15,-3,-10,-4,10
-2,8,-13,10,-16,-14,5,-14,-7,-1,-15,-23
-12,12,-11,-11,-5,-15,3,-2,-15,4,-15,-5
0,-5,-3,-10,-9,-10,-12,8,4,-14,-5,5
-2,-20,-1,-17,-10,14,3,-19,6,12,-2,-4
-17,-16,-16,-3,-12,-18,-12,-18,-19,-19,-19,8
-17,16,-12,12,1,10,3,14,-6,-5,1,6
-2,12,-6,7,-1,-3,-19,-4,-13,-16,-8,7
-13,18,6,17,-7,4,-5,6,2,0,-20,13
-5,16,-10,-13,-9,-7,-6,-14,-6,-12,-19,-1
-10,18,3,-6,-11,3,-6,16,-5,-1,-8,-9
-17,-13,-9,17,-12,9,-11,0,-8,7,-9,8
1,1,-3,4,-6,-12,-1,6,1,15,5,-6
-8,-6,-9,-10,0,13,2,-10,-5,-8,-19,7
1,18,-4,19,-10,16,-1,20,-12,7,-7,-3
2,5,-2,24,-19,23,-3,27,2,19,-13,-6
-3,-7,-1,7,-1,17,-18,21,-1,17,-4,27
2,29,-10,-3,-1,2,-12,-1,3,18,-7,-7
-12,-6,-15,16,-15,2,2,-4,-1,6,1,21
-17,30,-2,7,-3,-3,-20,0,-14,29,3,-3
6,5,1,11,-8,5,-18,5,4,-1,-18,15
6,27,-12,1,4,28,-20,17,-13,9,-17,24
-5,0,4,14,-5,3,-18,30,-9,30,-10,11
-9,6,1,3,5,16,5,9,3,0,0,34
-3,28,-20,19,6,14,1,33,-4,21,-10,35
-7,-25,-18,-6,-19,-33,-5,-31,-9,-32,-19,0
4,-16,-18,-12,-11,-9,-14,-24,-12,-6,-12,-20
-18,0,1,-10,-18,-16,7,-14,6,-3,-17,-4
-15,1,-5,2,-3,-21,2,-24,-16,-13,-16,-25
-6,1,-12,-3,-1,-18,-2,-29,-6,4,-7,-23
-5,-25,1,-3,-19,-9,-3,2,-7,-18,-15,-21
-10,4,-11,-11,-10,-25,-5,-23,-3,-1,-15,-17
2,2,-19,-27,-4,1,-4,-6,-4,7,4,-15
-5,-11,-15,1,-7,-22,-17,0,0,-7,-3,-11
-14,4,-18,-2,6,-14,-15,9,-17,-27,-11,-2
-14,7,-12,0,1,4,-16,-23,-14,-3,-3,7
-4,7,-18,9,-15,-21,1,10,0,11,-4,8
-13,6,2,-19,3,-13,-1,-22,4,-14,-17,-13
1,7,-14,-4,-3,-16,-4,-3,-13,3,-12,-2
-4,3,-11,3,-1,12,-13,-2,-1,2,-10,11
-12,-12,-11,3,-7,-11,-3,13,-5,-2,-7,-11
-8,-8,2,9,-7,5,6,14,0,-2,-6,15
-10,-19,-8,8,5,15,-9,3,-4,16,0,-8
-12,-18,-8,15,-15,-7,5,-12,3,16,-7,-10
6,-7,-10,-4,6,9,4,19,-5,17,6,-10
-7,20,1,18,-16,-15,-11,-8,6,-1,-7,-10
-3,-13,-16,15,2,0,-4,-13,-1,-6,3,-4
-4,-3,0,9,-10,-6,3,18,-9,-3,2,-12
6,17,3,14,-2,-7,-2,13,-1,16,3,-3
-4,-9,-3,7,1,17,-2,-5,-6,-5,1,4
4,13,3,-3,0,9,2,-4,-11,-7,0,12
3,9,-4,-4,6,24,3,11,-8,18,0,2
2,15,-2,22,-3,-9,6,27,3,-4,-18,19
-19,-3,-16,19,-12,27,-8,23,6,13,-4,12
-5,26,0,17,-11,18,-14,23,-16,28,-2,-6
-19,27,-18,0,7,-3,-5,9,-5,19,2,-1
-4,8,6,4,7,6,-6,24,5,18,-10,-3
-17,31,7,-4,2,27,-9,24,1,29,5,14
4,8,3,1,-12,22,6,15,-11,21,-17,24
-9,5,4,1,2,22,-7,26,5,18,-7,12
5,5,-1,19,-15,5,-10,25,-2,7,3,3
6,34,-7,11,-6,9,-4,29,-16,31,3,5
-7,-27,5,-29,-18,-1,0,-26,-3,-7,6,-32
8,-25,-15,1,-4,-30,-4,-7,2,-14,4,-5
5,-14,-5,1,8,-13,-9,-24,-14,-32,-2,-29
3,-30,6,-2,7,-33,6,-28,-18,-32,8,-5
6,-19,-11,-27,1,-11,1,3,6,-21,0,-3
1,-3,-13,-4,-12,1,-7,-11,3,-19,-2,-3
-17,-20,5,-20,-2,-4,7,-23,-10,-3,-15,4
-6,-10,-16,-3,-11,-18,-4,-19,-16,-1,6,6
0,-4,-2,-20,8,-6,-6,-4,6,-19,-13,-19
-18,-16,-5,-7,5,-20,-14,5,-15,-10,-3,-11
-1,-7,5,-8,-9,-6,-11,-21,3,-13,-1,-5
-3,-6,-1,-21,-16,-25,-7,-24,-10,9,7,-16
-8,3,6,-10,-11,10,-8,7,4,1,5,11
-14,-13,6,0,-3,8,6,-9,-3,-12,-3,-17
-10,9,6,-10,1,-22,-6,-19,-8,11,-5,-1
-4,2,-1,-18,-2,10,8,0,-3,-12,-6,2
-1,0,7,-17,-14,10,8,-2,-17,11,8,-2
2,-14,-8,-3,-14,5,-4,2,-3,-13,-10,-8
6,-8,2,17,-7,14,-4,-9,5,-2,-5,16
-7,18,3,14,7,18,3,19,-6,10,-16,1
8,4,-12,2,-6,11,-8,-4,0,2,-3,15
5,-3,-17,-7,-16,-13,-4,10,-3,-14,-11,1
-11,-7,-9,17,-16,10,-1,-4,5,15,-11,21
5,14,-9,5,-13,-2,0,13,-14,13,-15,17
-9,-5,-17,-5,-2,7,-8,23,-2,8,-9,-6
8,18,0,-7,-1,-7,-10,25,0,5,-15,21
-16,-10,-3,2,-1,15,-15,26,-18,11,-12,25
-2,-2,-2,22,-1,26,8,-4,-17,-4,-18,24
6,22,3,13,-3,28,-11,2,-10,27,-8,-3
-14,26,-5,5,-6,-6,-12,29,0,24,-2,-5
-8,4,-8,-5,-2,22,-1,9,8,-5,-7,26
8,21,-18,13,4,16,-7,11,6,25,-5,18
5,13,-18,12,3,10,-11,3,-12,32,-8,21
-3,9,-8,0,7,19,-4,10,2,19,-12,15
4,-2,6,7,8,31,5,4,7,33,8,21
7,5,5,34,-9,14,6,30,-17,12,-5,3
6,35,-6,6,-7,31,-6,7,-6,17,-2,8
-9,-30,3,-34,0,-12,-2,0,-9,-8,-11,-2
-6,-33,-13,-5,5,-35,1,-12,-7,-7,-2,-8
-8,-26,3,-16,-1,-2,5,-29,-15,-26,9,-5
9,-20,-9,-27,-15,-20,-5,1,-5,-22,-8,-29
5,1,5,-11,0,-27,-17,0,-16,-6,-6,-4
9,4,-1,-20,8,-22,-10,-3,-4,-7,-13,-10
3,-15,-1,-15,5,1,-12,-14,7,-28,-10,-7
-8,-15,-14,-15,-12,-29,-4,3,-7,-12,-8,1
-1,6,-7,-21,-14,-21,0,-24,4,-18,-4,1
3,5,-9,0,-4,5,4,-27,-14,0,-6,-22
2,-1,-11,-21,5,-20,-13,-13,-13,1,-13,4
-4,-7,-15,-3,1,-24,3,2,-16,8,1,-17
-1,-1,-16,2,-7,-20,-16,-19,-9,-4,6,-12
-2,10,5,-12,4,-5,-13,2,-6,-6,0,10
-2,7,-5,14,-16,-16,5,-13,-4,-11,5,7
-2,-3,-6,-8,-5,-2,-14,10,1,13,-13,-6
-1,0,1,-6,-15,6,-6,-9,-10,-13,-4,12
-11,15,-12,-11,-4,0,1,8,-14,-7,-14,-6
3,-1,-10,18,-3,-11,-6,9,5,1,-15,6
6,13,-16,-13,0,11,7,3,8,-1,-8,-12
7,10,3,-5,9,-10,-11,-8,-17,-10,-6,11
-2,0,5,8,4,5,-8,16,-12,3,-9,15
-15,-11,-15,-13,-8,8,3,17,3,-4,-7,4
-1,1,5,-6,-5,-6,4,15,-15,-3,-10,-1
2,-1,3,-12,-16,1,-14,23,6,20,-15,-9
-13,-8,0,8,-1,-3,2,6,5,22,8,23
-4,-6,-5,-3,9,-10,-11,-7,-5,23,-6,-3
4,0,9,-6,-8,-2,-4,13,-7,-1,-17,-3
-7,-6,-3,18,2,-5,6,-8,-14,21,-4,11
-1,8,3,29,-7,7,-2,-1,-17,17,7,3
-5,8,-3,28,-12,13,5,13,-6,-2,3,26
9,18,-1,22,2,2,-9,23,2,28,9,7
9,7,-12,1,-10,-2,-11,3,-8,-1,-9,0
1,12,0,6,1,29,-5,7,7,2,-11,30
6,13,-17,13,-16,9,-6,15,-15,25,-4,29
-15,1,-15,32,-11,2,-3,13,1,20,-2,35
-16,2,0,18,-15,6,8,30,-4,8,-6,35
-15,-1,-1,-22,-8,-28,-2,-19,-7,-12,-15,-17
-6,-32,-16,-4,2,-4,1,-21,-3,-23,-10,-35
5,-14,-16,1,8,-28,9,-7,-12,-1,-13,-20
-5,3,-3,-12,8,-15,-5,-3,6,-11,3,-3
1,-27,-13,-7,-6,-27,0,-8,-8,-23,-1,-14
-2,-24,3,-2,2,-12,9,-19,-7,-23,-11,-10
-6,1,-14,-18,-8,2,-11,-30,0,-24,-2,-7
1,1,6,-27,-14,-17,-9,-12,4,0,5,-16
0,-2,-5,6,-9,-21,-7,-28,-6,-8,-12,0
2,-1,1,2,-10,-26,-9,-13,-10,-6,3,2
1,1,1,-16,9,-12,-6,-16,-6,-7,-5,10
-11,7,-10,8,-16,11,-12,-23,-14,-23,2,-11
-8,1,-16,10,-7,3,-4,-23,-12,-9,-13,12
-1,-7,-6,-18,6,-11,-13,-17,-6,-7,-2,-16
-3,3,-15,9,4,0,-13,-18,-4,-17,-1,6
3,-2,0,-15,-5,-15,-15,-1,-3,-20,6,-19
-12,-11,5,8,-1,-8,-12,-11,-5,-8,7,9
-7,9,-16,17,10,0,-2,13,-12,17,8,-8
-6,11,0,7,-5,5,6,-7,-10,-10,-4,-11
-6,-5,8,8,8,-12,-14,13,0,6,10,17
-15,16,6,12,-1,0,3,-2,-15,6,-1,14
-3,11,-2,8,5,8,2,-15,-6,3,-6,15
9,-2,3,13,-11,2,4,-12,-10,-2,1,21
10,9,-7,19,8,-4,-16,-1,-1,-8,3,19
1,-12,7,20,-6,15,-4,17,2,-6,7,22
10,16,10,15,-9,20,-7,12,-10,6,-1,13
9,22,-4,10,1,17,2,-5,-8,-9,3,-2
-12,-4,0,11,-7,-6,-10,16,8,-1,-12,15
9,-4,0,15,4,25,8,11,-13,-7,6,5
-12,-6,9,1,10,20,-1,8,-6,8,-16,0
-2,-1,7,16,-11,7,-14,12,-9,16,7,-1
-4,-2,7,15,-7,13,0,13,3,26,9,22
4,-4,2,31,3,30,-7,-3,5,5,-7,-1
3,-1,4,2,6,31,-1,5,7,30,-7,10
-6,6,-13,3,-6,1,-5,13,0,0,8,23
-2,13,-3,2,-1,8,-4,5,-4,30,2,30
-16,35,10,12,2,4,9,22,-2,11,-11,31
1,-31,-2,-3,2,-14,11,-32,9,-24,-5,-32
2,-20,-10,-1,-4,-28,8,-28,2,-33,-7,-21
5,-31,-15,-8,11,-27,11,-28,1,-24,-14,-23
-6,-32,-14,-23,3,-3,5,3,-3,-29,-8,-7
-6,-28,6,-13,-7,-29,-2,3,-3,-30,0,-19
8,-6,1,-3,0,-11,3,3,-12,-28,6,-2
-6,-17,-14,-14,-15,-5,0,-23,-14,-15,-12,-21
-13,-21,-10,-6,9,-14,-14,-5,2,-13,-12,-29
-15,-19,-5,7,-14,0,4,-26,-6,3,-1,-13
1,6,-5,7,-13,-16,4,-26,-5,-13,-11,-10
3,-8,4,-8,6,-4,10,3,-12,4,-8,-16
4,-5,11,2,6,1,-13,-5,5,-21,1,-6
-8,7,-1,-12,-8,-2,1,6,-1,-10,-2,1
0,-3,10,-19,3,10,-14,-22,-14,11,-2,3
3,0,10,9,6,-9,-5,-17,8,-11,-13,-22
-5,7,-8,10,-1,10,8,4,-6,-2,10,-19
-8,7,7,16,-9,-12,1,-4,-12,8,6,3
-7,-1,6,-5,4,-2,10,1,-7,-16,-5,-13
-11,-12,4,12,-1,-10,9,16,1,16,-2,0
0,13,-8,-9,10,7,10,-1,-3,8,-1,17
-13,-10,-7,10,5,3,4,3,-2,14,5,-15
-4,-4,11,13,6,17,-2,10,-10,19,-13,18
-7,-6,3,-5,-3,4,7,19,11,-2,-5,-6
3,-10,-5,-13,7,-11,-13,14,-7,18,-4,5
-12,-8,5,3,11,12,6,-10,4,-5,7,19
-5,-2,-1,-3,-4,2,-4,-8,-9,4,4,13
3,3,-10,-3,-1,-9,-8,5,2,-7,-1,19
7,11,-9,6,-8,10,-10,4,-3,15,-7,7
-15,-6,6,15,-1,20,-13,3,-13,4,-3,11
-12,-6,-4,13,3,0,7,23,0,-3,-6,17
2,6,1,-4,1,30,-14,3,8,-3,10,12
-2,-5,-10,-4,0,-5,-15,23,-4,2,0,4
6,15,-4,5,-6,12,-2,22,-11,12,-4,30
-2,-2,8,11,-10,26,8,27,7,7,-5,-2
11,2,8,32,-12,7,10,26,11,8,11,19
11,5,-7,12,-13,21,6,9,-11,17,10,3
-2,12,-2,9,-15,34,0,32,7,8,-3,29
11,-28,5,-19,0,-20,-2,-18,1,-26,-12,-1
11,-8,-6,-13,12,-19,2,-18,-13,-10,-1,-24
0,-6,-2,-1,-1,-11,-4,-16,9,-12,11,2
9,-2,-6,-19,-12,-5,9,-30,-7,-10,-2,-13
0,0,-5,-22,-9,-1,-6,-14,7,-2,5,-22
11,-2,0,-3,2,-6,-3,-5,-5,-24,-10,-19
5,2,-2,-18,-13,-22,-13,-9,3,-8,-6,-13
5,0,-11,-25,6,6,-2,-8,-3,-4,9,-8
4,4,0,5,0,7,1,-2,9,-7,-7,-21
-5,-15,-1,-27,-6,-23,11,-14,-4,-14,8,-3
-10,-19,-3,-1,-5,9,4,6,-9,2,-7,-21
-11,5,-11,-2,1,-8,8,10,-12,1,-13,-20
-2,3,-8,-2,7,-24,7,-11,-9,0,-5,5
-3,1,-7,0,-9,9,7,1,-10,-10,0,1
-13,5,7,3,7,-21,5,-11,11,-17,4,-1
-5,11,-8,4,-6,-8,8,-8,1,2,-6,-12
-7,6,-2,-18,-10,-15,-1,16,6,-3,-4,-1
-7,14,-8,-3,-14,5,2,-8,-9,-19,-10,14
-6,-1,-4,10,-8,-7,1,-1,8,18,-6,-6
0,5,3,7,-3,0,10,8,-13,13,2,9
-8,-12,-4,-2,-5,-7,-5,4,-7,-3,-11,-9
-1,0,8,-10,1,18,-8,19,12,-15,-13,2
10,6,2,-2,-13,11,-2,-3,0,21,-13,18
-4,20,10,8,5,-12,-4,10,0,5,8,23
-8,-6,-14,-9,6,8,-14,1,-8,-9,-11,13
12,5,9,-9,-13,18,7,-7,6,4,4,4
6,-9,-14,-10,11,9,-6,24,-9,5,-6,9
4,7,-13,4,9,20,-8,4,-13,2,7,-3
0,1,-9,22,11,-7,-1,-4,4,19,4,1
9,22,12,3,-2,15,4,13,1,15,-13,15
1,-1,-11,-3,-9,19,12,22,-7,4,-2,6
8,18,8,29,7,31,-12,-1,-14,18,11,7
7,18,3,9,-7,11,12,21,2,10,12,13
1,3,11,20,7,5,-10,24,-5,9,7,11
9,26,2,30,-5,10,2,33,-2,24,10,-1
-2,1,0,12,-3,13,3,28,-8,5,-5,27
1,10,7,30,11,31,10,35,10,35,10,14
-5,-31,-8,-7,-10,-34,-13,-7,12,-24,-5,-2
11,-8,7,-13,-13,-18,8,-4,-11,-34,-7,-13
12,-20,-1,0,-10,-2,-9,-3,11,-7,-13,-22
12,-17,10,-8,9,-28,8,-16,9,-27,-8,-10
9,2,-2,-3,-11,-9,1,-6,9,-29,9,-26
-6,-30,-8,-6,13,5,7,3,5,5,8,-15
3,0,-7,-27,-6,6,-6,-22,-2,-3,-13,-5
6,-2,-8,7,1,-19,13,-18,1,1,-3,-20
-2,-13,-4,7,-10,-25,3,1,-11,-7,6,-14
5,0,6,-23,-11,-10,-13,-12,10,-19,1,-23
-11,3,5,-2,3,-5,-11,-11,-9,-12,3,4
6,-3,-11,4,-12,-15,12,-2,12,-2,5,8
-11,4,1,12,-9,-24,11,-24,2,6,0,-22
-3,3,0,11,11,-21,-13,-4,8,3,9,-23
-1,0,1,-15,-8,-12,-1,-14,-1,-3,-4,10
-4,-2,-13,11,-4,4,-6,-18,-3,1,6,-8
6,1,-6,-19,2,9,-5,-9,10,-20,5,7
-5,1,3,-2,-9,-6,3,6,-4,16,8,7
-6,-6,2,13,-9,10,2,-7,-12,-12,-9,-2
-6,4,-3,-2,-6,3,4,2,3,-4,-7,-16
-2,2,-7,-4,-1,8,-8,20,1,-10,8,-8
4,14,2,5,10,19,-5,10,-12,13,-7,-10
-7,21,0,0,5,14,-2,-4,-11,16,-13,18
5,22,6,-5,-5,-6,6,16,1,10,-11,3
12,9,1,-2,-8,18,-6,17,-9,-3,8,-8
-10,-6,-4,-10,-3,19,5,22,-5,11,8,19
4,6,11,1,0,20,-5,25,10,4,3,10
-1,-2,2,2,-2,17,3,23,-13,-1,10,21
9,-6,-7,19,-4,21,-13,10,3,-3,7,12
10,-2,-4,-4,13,10,5,9,0,8,11,21
10,3,-12,16,3,10,-1,20,-4,-1,-12,3
-2,-4,13,19,2,8,-4,10,-11,15,-5,-5
-3,1,0,18,4,25,7,6,-9,8,7,32
-9,32,5,-2,-7,6,8,15,1,1,5,32
10,12,-9,5,-2,14,6,4,-2,-1,-6,31
10,35,10,26,12,7,-4,27,-13,18,12,15
12,33,5,15,3,9,2,27,6,24,7,23
-3,-31,2,-5,8,-31,0,-6,-12,-18,1,-12
14,-17,-6,-1,-6,-2,-7,-16,14,-33,5,1
-2,0,14,1,13,-30,-3,-15,-11,-32,14,-26
7,-28,8,-17,-4,-10,-1,-28,-1,-7,4,-26
13,-9,6,-2,1,-1,12,-16,13,-3,-2,-21
5,-27,3,-3,2,-5,14,-4,-8,-25,-9,-9
-1,-16,10,1,-11,-6,3,5,3,-9,-1,-18
-11,1,-7,3,2,-26,-1,-5,5,-19,5,-15
-10,2,12,-6,13,-16,8,-3,3,3,7,-8
-9,-19,10,5,13,-25,-12,0,-4,-19,7,9
-10,-17,8,-12,6,-6,6,-1,7,-24,12,-9
2,-7,7,11,-7,-11,-4,-12,2,-1,-11,10
3,-1,-1,-3,-12,-9,6,12,8,-16,-5,-11
-2,2,-12,6,7,-21,2,-11,-2,9,-6,2
-5,3,-11,-22,-10,-12,-3,13,6,8,-10,-7
-1,5,9,12,-5,7,-5,-20,5,0,-10,-14
-12,6,-7,-11,-8,9,-8,2,-8,4,5,-13
-10,-1,9,-1,-8,-1,4,-4,7,11,9,2
-5,-1,3,-3,11,13,11,13,5,-11,1,-8
-10,4,0,2,-2,0,-6,-8,-6,10,8,13
-4,-2,9,-8,13,17,-6,8,-8,12,-4,-11
-11,-2,2,15,-12,1,8,0,-3,2,6,-5
5,9,-1,-3,11,16,7,-4,9,-3,-9,17
5,19,12,19,1,1,-5,11,-12,3,-6,13
7,3,-6,-5,-5,17,-5,-6,-10,12,4,1
4,-8,12,7,-1,1,-4,-1,5,-2,11,13
0,5,6,19,14,25,14,4,11,10,10,13
-11,-6,-1,9,2,11,14,-8,1,17,-6,5
9,-4,4,10,-3,-8,-5,-6,-2,1,3,27
5,29,14,25,-2,11,10,-7,1,-5,8,18
6,-2,11,-1,12,23,-10,30,-2,30,-11,19
13,12,14,3,3,29,4,21,13,-5,4,4
-7,-3,13,-4,5,-3,-3,26,13,24,-12,11
-1,1,-4,-3,-5,24,-3,13,-1,-1,6,-1
1,8,8,23,1,33,2,0,0,20,0,20
2,9,11,3,-11,13,11,34,-6,22,3,7
4,10,-2,24,-2,9,0,31,-10,25,-5,9
1,-1,-6,-10,1,-7,0,0,1,-2,15,-4
8,-32,3,-3,7,-11,4,-11,1,-34,14,-35
14,-12,-2,-22,-9,-26,-11,-32,-7,-15,12,-2
-4,-30,5,-29,-7,-2,14,-30,13,-8,6,-25
14,-13,5,-6,-10,-20,2,2,-1,-30,8,-13
6,-5,-10,-11,4,-8,11,5,-1,-25,-11,4
7,0,13,-4,1,0,-6,-1,-3,-20,-7,-24
-1,-18,0,3,-9,-24,10,0,8,-9,-7,7
6,-11,8,-21,13,-1,-11,-22,7,0,-2,-10
6,-9,-7,9,-1,-16,-10,-27,-4,5,6,-23
-5,-17,1,-4,-10,-19,-8,-17,12,-17,-4,-2
5,-6,15,-21,-1,4,-6,3,14,-6,11,1
-2,3,-3,5,2,-22,9,9,-1,-19,-3,2
7,-3,2,-13,14,-20,-2,-18,-8,-9,-2,-1
-11,-10,-11,6,-1,0,2,9,2,11,-6,8
6,0,9,8,-7,-6,5,-16,-6,-1,8,-15
-8,-7,-7,-8,-5,8,15,-8,-4,11,-1,1
-7,-6,-6,-13,-6,-2,-8,-2,-6,2,-3,8
-9,-1,2,-3,-8,-6,8,-9,6,5,8,9
0,0,11,-5,-6,-5,-6,7,-4,3,-1,15
-3,14,14,14,9,16,15,-14,-6,19,6,18
3,0,8,-3,11,12,-6,-8,-8,8,-7,-13
-3,2,-2,19,10,-3,8,-9,-6,0,6,16
-2,4,15,-11,1,-1,11,3,2,6,9,-1
3,4,13,-5,12,20,-1,14,-4,9,7,13
2,21,-9,-9,5,-10,-4,20,13,23,0,13
4,26,8,4,0,-5,-4,15,1,22,5,8
1,25,-2,0,-6,-3,-10,21,1,14,1,-7
9,4,-2,22,10,25,3,14,-1,17,11,20
-1,6,-3,14,14,18,6,9,0,24,-3,1
13,8,8,16,-11,0,-5,-6,13,26,12,30
-5,31,-10,-2,4,30,13,4,7,-1,14,3
15,17,5,-3,15,8,11,-1,11,11,-2,11
-5,-3,-3,0,6,17,10,11,-10,5,-11,16
8,-2,11,22,-1,0,5,6,3,7,-3,27
13,31,-7,25,-11,30,-2,17,-9,18,6,25
2,8,15,29,5,22,5,9,15,27,15,14
-8,-32,5,-10,16,-26,-8,-23,-4,-36,10,-5
8,-33,-9,-11,16,-31,-4,-33,7,-22,-10,-34
15,-19,-2,0,15,-5,15,-26,15,-32,14,-32
5,-6,5,-10,14,-3,1,-5,12,-10,1,-7
11,4,3,-26,6,2,8,-11,-9,-22,10,-30
4,-2,1,-3,13,-27,8,-16,6,-4,-5,-27
1,-2,2,2,-2,-10,-10,3,-2,-9,9,3
-5,5,13,7,-6,-7,-4,-12,-5,-24,5,-18
11,2,15,-10,8,-12,6,-26,11,-22,12,-16
6,-2,-2,-16,4,5,3,-15,-3,-24,-10,-27
2,-10,-8,5,-9,1,11,-5,9,-4,2,-15
-1,6,12,-25,11,-8,-2,-16,-1,-15,9,-16
-2,5,13,-8,-2,3,7,-3,-9,-23,-8,-10
-2,9,-3,-20,-8,4,16,-10,15,2,6,-19
-6,-10,2,-4,-1,11,4,-16,5,-10,12,-6
-9,-3,5,-2,-5,-1,-2,6,6,-9,-5,15
-1,1,10,-1,3,-14,6,-8,9,-11,9,2
-5,-7,-8,-9,8,2,3,-9,-7,0,2,-6
3,-2,-2,-8,9,17,-5,-17,15,2,5,-15
-2,16,-1,10,-8,-10,-8,4,-2,12,12,4
-8,11,6,-6,-6,7,12,4,9,0,12,-15
-1,7,-10,-9,-6,2,-7,10,-7,11,0,12
3,5,-1,20,7,4,2,5,5,0,-2,4
-10,6,7,-11,2,7,10,8,12,-2,0,15
-10,13,-2,0,10,11,-4,18,3,6,2,13
5,15,12,6,13,24,4,9,15,25,-10,16
-5,25,3,13,-4,-5,8,7,14,-10,1,-9
4,22,4,-6,-3,-3,14,21,-9,5,5,-8
2,20,12,10,14,8,-8,14,5,11,-1,-1
11,26,-9,-6,-4,28,-10,16,8,15,5,14
1,26,13,5,16,25,11,10,-1,-2,3,21
7,-2,-2,-3,-10,9,-7,-4,12,-4,6,31
-4,-3,15,16,-3,-1,-2,0,11,29,-8,-2
8,-2,-1,18,2,2,10,23,-5,-1,1,1
4,9,-5,0,-3,-2,-9,1,-6,33,8,3
7,12,6,13,11,1,-3,8,10,6,9,24
-7,36,2,25,-10,9,16,24,-10,36,-9,6
15,-14,12,0,10,-18,-3,-9,-1,-4,4,-3
-6,-3,-9,-2,14,-2,13,-17,-1,-24,16,-34
2,-3,9,2,13,-19,0,-7,-4,-26,-6,-16
3,-1,-3,-1,10,-1,11,-27,-9,-6,2,-33
15,-16,8,-15,16,-9,-5,-29,-4,-25,-9,-1
3,-5,-7,4,11,-22,-8,-5,-7,-15,12,-21
0,-15,4,-19,13,-8,9,5,15,-8,11,-13
8,-5,-1,3,16,-13,-8,0,17,-10,1,-9
0,5,16,5,5,-4,4,-15,-4,1,5,-15
3,3,-7,-19,3,9,-8,-2,12,7,-6,-11
-2,2,9,-15,-8,9,-8,-9,17,-3,11,-21
-1,3,11,-8,10,-15,16,-11,-4,-15,-6,-14
-4,-16,-3,0,4,-23,1,-16,14,0,-2,-2
-1,3,-2,-14,-2,-15,0,-17,14,0,-4,-12
-9,-4,-1,-2,-1,-5,15,5,0,-4,-5,3
-8,-9,1,-15,7,-3,3,-9,6,-14,6,-7
2,0,10,-4,0,11,-4,7,10,-6,1,4
-7,-4,15,-4,11,-6,-4,7,11,11,8,-2
-5,8,16,-5,0,-17,-6,4,8,8,1,4
-8,7,-9,-10,7,-12,-3,-2,10,-11,12,3
5,4,5,-7,6,2,11,-7,17,13,13,17
-1,8,7,-15,8,11,-2,11,8,19,16,15
-2,9,-2,-3,6,0,15,1,14,-1,14,-7
1,3,-2,7,7,-9,10,8,-5,7,-2,7
-5,3,12,5,0,1,15,12,5,4,-8,-2
-9,13,2,4,11,16,0,0,5,16,6,8
-9,18,6,-8,-1,5,8,25,-5,15,8,-4
10,22,-6,3,-3,21,11,21,-2,19,14,8
7,9,12,26,16,22,5,27,-5,23,5,-2
11,28,-2,3,9,3,-6,3,5,26,-2,7
15,15,8,16,-7,13,0,-2,-3,3,-6,17
-9,1,-6,4,10,1,0,17,17,-1,-4,27
17,11,14,8,-8,18,14,19,15,24,17,11
16,25,12,-3,10,33,14,25,6,12,8,7
-6,0,-3,-2,5,21,1,0,11,10,0,9
5,12,3,12,6,24,-3,28,17,29,17,2
5,12,10,35,-4,34,1,15,1,27,5,11
9,-11,14,-11,18,-8,11,-9,15,-5,-8,-34
0,-31,4,-32,9,-32,0,-18,13,0,-5,-25
12,-8,-7,-15,10,-7,16,-5,12,-28,6,-18
13,2,-4,-2,18,-24,11,3,-5,-17,-1,-2
0,4,-1,2,4,-11,7,-18,4,-18,8,-7
13,1,-2,-17,16,2,13,-28,-4,-30,1,4
12,-16,18,-11,10,-27,-8,1,17,-19,-5,-10
12,-5,1,-27,-8,-2,-1,-16,4,-29,11,-25
6,-2,2,3,-8,4,8,-28,-8,-13,11,-23
4,-9,-1,0,3,-8,9,-22,7,-9,-2,-15
4,-9,4,-2,0,-16,18,8,1,-11,17,-11
7,-3,4,-17,7,-4,5,-10,12,-5,2,-25
4,-3,18,-3,16,8,10,-5,7,1,4,8
-7,-3,-4,0,-4,-9,18,9,10,-11,-2,-15
-1,-6,-6,-11,12,-11,-3,-5,9,-4,2,7
-2,-9,2,-12,16,4,-5,-2,-3,-8,6,-3
-7,-1,17,-5,15,8,-2,-6,5,-7,-2,-5
-7,6,6,-18,16,-19,16,7,2,2,6,13
-1,-7,4,3,9,-1,13,16,-8,2,4,16
-8,-3,15,7,-4,15,18,-14,-4,6,-6,17
0,6,11,-11,16,3,11,18,18,-11,16,6
-5,-5,7,-6,-4,-5,1,-1,-3,10,18,-6
6,11,-1,0,6,8,-7,-7,-1,-5,9,-1
1,12,-5,4,14,-9,11,19,-6,-2,-5,11
1,6,5,16,6,1,9,-1,13,5,13,16
-1,7,-5,-1,13,-2,8,2,6,10,3,-1
-5,19,8,3,16,25,2,11,3,1,-8,0
11,4,12,0,14,4,5,10,-7,12,17,-6
6,13,6,19,4,5,-5,-6,13,10,-4,0
1,4,-1,17,2,21,13,4,3,27,10,0
1,23,18,24,2,1,14,-2,18,20,5,6
0,4,2,28,10,4,-3,-3,-6,24,-8,29
2,10,-5,11,17,14,11,22,2,-4,0,16
12,16,9,32,12,23,5,18,-5,6,-3,9
-3,4,15,13,8,9,11,1,-1,2,10,11
-3,1,15,16,9,9,-4,0,2,6,-5,32
18,19,2,8,6,33,3,19,18,14,-4,19
-7,-28,13,-10,6,-7,-7,-11,9,-27,-1,-26
15,-4,17,-29,-5,-2,6,-26,-3,-32,-1,-16
9,-16,17,-30,9,-20,14,-11,-2,-23,0,2
19,-19,8,-32,8,-7,18,-29,-7,-16,4,0
9,3,5,-28,-5,-14,2,4,1,-17,0,-28
-7,-21,15,-15,19,3,-2,2,7,-24,7,-6
3,0,10,4,2,-26,12,-26,13,-17,19,-6
3,-7,-2,-25,5,-3,-4,-18,-5,-24,9,-6
3,-5,12,-18,1,-12,13,-6,-4,-17,0,-1
-7,-10,3,-5,-1,-14,16,-15,9,-2,7,-22
-5,-6,-5,-1,-1,1,1,-11,-6,-6,6,-18
-4,2,15,-5,-1,1,-1,-2,-1,-21,-2,8
-1,0,6,-19,-1,-9,13,-11,8,-22,9,-10
-4,-7,-5,4,13,-11,5,2,8,-7,16,-17
-3,-5,0,-4,-1,1,13,-10,11,-14,4,-16
-3,0,3,-1,-1,-3,13,-5,9,9,3,12
-4,-5,11,1,-1,-3,-1,1,-3,12,-1,-7
-3,1,-7,-2,-1,6,16,-1,11,-12,19,14
-4,7,15,-17,-1,6,16,1,19,-7,14,-1
-1,5,18,2,-1,5,0,15,-5,-13,16,-14
-4,-2,-4,-9,-1,5,8,-13,4,19,3,-6
-2,3,-3,-7,-1,1,-3,6,-6,1,8,-15
-3,-3,14,8,-1,5,-3,1,10,6,7,-13
-4,-1,-4,-13,-1,7,-3,-1,-1,-3,-3,22
3,5,12,-10,-1,2,-2,0,14,11,1,24
-3,12,-1,-2,-3,-8,6,-10,9,-7,13,-3
-2,18,-1,9,15,9,13,13,12,5,0,22
-2,21,0,-3,18,6,5,4,3,15,9,15
-1,25,3,21,17,-7,17,-4,2,8,18,15
-1,24,-7,7,8,1,-1,-6,17,17,1,16
5,18,11,-3,-2,16,3,14,7,22,-4,22
12,21,7,13,-4,-5,12,19,17,12,4,-2
13,23,-5,9,7,0,18,21,-7,24,11,18
2,32,8,15,4,7,-5,28,14,11,11,3
-6,5,0,11,-5,30,11,2,-7,30,-3,27
15,4,19,10,-3,18,-3,29,0,25,-1,6
6,34,-7,11,7,18,8,33,3,34,14,36
0,-29,14,-9,-3,0,20,-36,-6,-25,7,0
6,-15,20,1,13,-9,16,-11,-3,-3,10,-14
8,-4,-1,-19,-1,1,4,-28,1,-10,1,-5
18,-16,8,-8,-3,-29,-2,-22,-4,-26,-5,-3
17,3,20,-25,11,-2,20,-13,-4,-18,-3,-20
10,-4,-2,-6,-6,-8,20,-8,13,-8,-1,-26
8,-11,0,1,10,-1,17,-26,1,-24,-5,-10
-3,-22,7,3,20,-21,3,-20,2,-4,-2,3
-5,-11,-4,-8,-2,-1,11,6,12,-26,0,-24
0,-16,-1,-14,14,-20,-5,-16,7,1,-3,-22
1,-13,-2,2,17,-20,8,5,3,3,14,2
-3,-2,15,1,2,-6,18,-3,16,-11,-6,-8
-5,-3,-1,0,17,-16,-2,5,6,6,-2,-6
0,-5,-2,-6,-1,1,-2,-9,-2,-2,12,-11
-1,0,0,-9,1,-6,14,-15,7,-1,8,-3
-3,7,-3,5,17,1,-1,-6,7,2,2,11
-1,5,-1,8,19,-13,-1,-10,2,-4,-2,-6
-3,1,-1,2,18,-12,17,14,13,-9,-1,-5
-1,9,11,2,-3,2,-2,8,17,17,15,-3
-1,2,-3,12,-4,-16,11,7,7,12,16,1
-1,4,-2,-3,17,9,-1,2,0,4,-2,7
-2,-1,-1,5,17,11,-1,5,1,4,-2,5
-1,2,5,-7,3,20,-5,14,5,5,8,13
-5,3,-1,-3,17,8,-2,10,10,22,9,-6
-1,1,-1,2,-1,14,3,5,-1,5,-1,16
0,5,14,19,-2,14,9,7,1,19,7,9
-1,13,11,15,8,-4,2,20,17,-4,16,12
-5,14,-2,-7,-1,19,7,5,10,22,-1,-1
5,8,16,14,19,3,1,25,17,4,6,20
7,14,11,14,11,1,7,10,4,28,20,12
10,26,10,15,5,-2,4,28,-5,6,3,19
10,24,12,3,11,8,13,7,17,29,17,23
12,29,1,12,-2,3,-2,12,-3,30,1,4
-1,0,-3,10,10,30,-5,28,16,29,8,18
-4,30,6,7,3,26,11,31,4,28,-6,26
3,8,-4,2,-5,25,5,21,1,13,14,23
16,3,17,1,12,26,0,6,13,19,0,2
13,-31,14,-2,2,-35,17,-2,21,-20,-4,-28
15,-22,21,-20,2,-23,7,-2,0,-19,13,-31
8,-3,17,-15,13,-11,-2,-4,3,-21,-4,-13
2,-31,3,0,2,-1,5,3,2,1,12,-6
15,-14,19,-3,7,-28,7,-12,-4,-28,6,-9
7,-6,3,-26,7,-16,1,1,12,-7,2,-1
-2,-21,3,1,4,2,5,-11,2,-14,1,-10
8,-5,-2,-1,1,-17,-1,-11,4,-7,-3,-19
1,-15,7,0,6,-19,5,-4,13,-14,21,-6
-5,-6,14,-16,-1,-7,-1,-7,8,-7,9,3
-3,-3,15,-20,15,-10,3,-10,-1,-9,13,2
-2,-3,16,-16,8,-18,6,-7,13,-10,-2,-6
1,3,-1,-6,-1,2,0,-1,14,-11,14,4
0,-6,0,-6,2,-5,-1,1,3,-4,-5,-3
-1,-6,9,-16,4,-8,-3,-3,-2,-1,15,7
0,-10,16,-5,15,-6,2,-2,6,-8,6,-2
-2,1,16,-14,7,-17,8,3,4,-9,-1,7
-1,6,9,10,4,-17,8,-13,16,3,0,6
-1,0,-5,-8,15,-4,0,3,13,-5,16,13
-1,5,13,6,19,3,13,11,14,12,7,-1
-1,11,-1,8,3,-7,13,-5,15,0,0,4
0,-1,-1,-1,4,-4,5,-1,11,3,0,3
-1,5,16,-4,8,7,17,-7,-2,-6,-4,1
-4,1,-1,-3,15,-13,-3,4,16,8,12,15
-1,16,-1,8,12,3,16,-6,4,13,11,17
1,10,-1,4,17,-1,18,-3,4,2,4,-1
1,5,9,4,17,4,5,-6,4,-8,1,-7
-3,13,13,8,21,11,2,7,7,3,12,16
5,10,7,21,7,3,4,0,1,10,5,-1
3,20,3,11,19,6,-4,26,2,-2,5,8
5,9,20,4,19,-3,13,1,-3,26,11,25
-4,4,14,-4,21,13,-4,5,21,19,-3,4
2,4,1,-2,19,18,-5,-1,12,-4,-3,22
15,26,16,24,5,-3,0,29,4,25,16,16
11,34,13,20,-5,2,12,6,13,-2,16,-1
20,19,2,3,9,29,-2,-1,7,6,12,31
1,5,4,28,-3,29,6,6,3,33,21,27
19,-15,14,-4,-3,0,8,-13,-2,-14,-4,-14
20,-7,20,1,12,-18,1,-10,7,-17,-3,-12
5,-32,21,0,15,-21,19,-29,8,-13,15,-34
15,2,4,-10,6,-13,-1,-5,22,-26,16,-20
13,3,6,-9,8,-16,2,-14,16,-29,6,-16
-4,-1,12,-26,17,-19,2,-12,12,-16,10,-29
13,3,6,-12,3,-13,2,-19,-3,-13,4,-24
14,-10,2,6,15,-18,0,-1,1,2,-4,-16
5,-2,8,-1,19,-13,15,-13,5,-8,16,-25
4,-12,12,7,-1,-8,0,-10,11,-10,14,-8
-2,-10,1,-14,-1,-3,14,-14,18,-14,21,-15
2,-11,4,-9,-1,-8,20,-18,15,7,8,-10
2,1,10,-2,-1,-8,18,-9,15,-7,-4,-3
2,0,14,5,-1,-8,16,-9,1,-4,16,10
1,-1,11,-19,-1,3,3,-4,1,10,11,-7
2,-2,-2,15,-1,3,-1,-8,-1,1,5,15
-1,-3,18,-7,-1,7,-1,1,22,0,0,-17
2,1,7,-2,-1,-8,16,-2,12,-3,-4,-8
-1,1,12,-2,19,5,-1,6,17,10,19,2
-1,1,12,18,-1,5,-1,3,-1,-12,21,11
0,8,8,1,-1,-3,-1,2,4,-2,21,4
1,9,11,-7,-1,11,-1,0,-4,20,3,-13
-1,10,0,-13,-1,0,-1,2,22,17,5,7
2,4,12,17,-1,5,-1,1,8,5,8,4
-1,14,-3,-7,-1,16,-1,11,16,-11,9,16
2,15,0,-5,-1,10,16,0,5,3,19,0
-2,9,-1,-2,19,14,-1,2,1,2,15,5
3,6,17,11,11,-7,2,13,2,10,20,4
12,14,9,21,17,21,16,16,19,-6,13,3
5,23,-2,-3,15,-2,17,13,5,27,-4,23
7,24,1,-6,17,4,19,4,0,5,18,26
12,19,22,4,15,11,19,10,7,11,-3,-5
15,29,11,6,18,16,19,5,13,23,19,5
16,33,12,4,12,24,11,-2,0,31,10,25
20,10,5,5,16,16,7,10,-4,10,19,25
-2,4,7,-1,-3,19,12,3,6,22,14,2
8,12,13,14,15,31,19,26,4,0,8,1
9,-35,3,-32,5,-31,3,-3,21,-21,11,-26
19,-29,7,-14,-3,-27,13,1,23,-7,22,-10
2,-29,16,-2,22,-29,10,-27,16,-23,20,-8
17,-22,-1,1,-2,-30,-2,-21,8,-25,6,-16
5,-29,8,-9,5,-1,5,-12,18,-17,17,-11
5,4,20,-5,18,-15,-1,4,1,-31,12,-14
4,-26,11,-30,-2,-25,10,-28,9,-2,5,-8
10,1,4,-1,15,-24,17,-24,20,-10,17,-11
16,-14,6,-22,-2,-27,10,5,8,-14,6,-9
-2,-16,20,-4,9,-10,11,-19,18,-20,4,7
9,-3,-1,-2,14,6,9,-4,-2,-17,2,-19
1,-17,4,0,11,-23,6,0,14,-10,-1,-20
5,-13,-1,-3,13,11,14,7,23,-15,2,2
5,-11,7,9,7,-7,14,0,15,-3,14,-21
-3,-6,-3,5,7,-21,16,-2,-3,4,8,-7
4,-1,0,14,5,-3,14,-3,5,-9,18,11
-1,4,13,2,-2,-1,17,8,23,14,-3,-17
4,0,10,7,16,11,1,15,13,0,7,17
2,-3,11,3,12,-17,-3,18,3,6,17,9
0,-6,3,19,-2,-17,1,18,18,-13,11,5
-2,6,20,3,18,18,6,18,8,13,4,2
3,14,11,0,5,-4,8,-2,18,10,-3,-6
5,7,11,-3,12,-8,0,13,-1,17,8,15
14,9,21,-5,1,20,20,1,2,23,6,13
-1,0,12,10,6,24,20,1,3,-1,6,2
-1,0,3,-1,1,1,20,5,12,-3,14,5
17,12,6,-6,6,0,7,6,12,17,15,7
12,25,7,10,9,5,20,25,4,8,1,-9
7,16,4,-1,15,3,3,20,15,2,12,21
2,-3,1,-3,15,10,6,26,3,-5,14,11
15,30,21,-1,14,10,0,23,10,19,-2,20
21,6,-1,0,1,-4,16,8,16,3,9,-1
16,-3,16,-4,3,25,17,14,16,-1,14,27
20,15,15,-1,12,12,6,0,11,26,9,-3
18,4,-3,3,1,33,20,20,20,13,-3,16
20,2,-2,17,2,6,10,19,-3,33,20,15
18,21,0,1,20,5,6,32,6,33,20,25
13,-27,8,0,1,-5,8,-7,-2,-31,22,-5
13,-7,8,-24,16,-13,12,-24,11,-3,9,-19
22,-5,7,-12,11,-7,9,-11,24,-28,12,-17
17,-29,1,1,13,-1,13,-24,0,0,1,-29
-2,-1,16,-1,8,4,10,-17,22,-31,1,-17
16,3,-2,-8,22,-3,13,-1,23,-30,14,-28
15,4,1,-8,6,-18,16,0,-2,-17,8,-18
1,2,17,-1,-2,-17,0,-23,18,-29,20,-9
13,-11,16,-2,6,8,9,-3,14,5,17,6
5,3,1,-6,9,-26,12,-4,-1,-20,23,-5
9,-1,19,6,9,-8,-2,-2,20,-5,14,-4
11,-3,0,3,24,5,-2,10,7,-4,2,-20
8,-5,15,8,20,9,-1,-9,24,11,10,12
5,6,16,4,20,-20,12,-7,23,-1,23,-18
-2,1,21,6,-2,6,19,5,23,4,13,0
6,-8,5,-9,9,8,14,-11,15,-15,7,-20
0,5,23,7,0,5,16,2,15,13,15,-1
5,-5,13,-12,2,-11,16,-1,3,-18,-1,-12
-1,8,-2,2,3,-9,13,-2,22,-12,7,13
6,2,24,6,-1,6,-1,5,8,-5,19,-6
4,12,-1,-14,-2,-11,6,-11,18,20,24,0
2,15,1,4,4,-13,23,6,9,8,24,11
0,0,15,13,15,5,20,8,16,-9,11,3
9,8,22,-3,20,16,1,-8,18,14,5,12
5,12,3,-1,24,11,12,15,2,-4,22,-4
-2,16,7,5,-1,23,14,-10,16,21,4,16
13,14,23,1,16,-4,2,-5,4,-9,21,-10
12,18,24,11,-2,17,0,5,4,-2,-2,17
-1,0,9,-4,22,0,17,15,23,-1,12,6
11,22,15,-2,5,23,23,-6,15,18,17,19
22,17,17,14,9,30,17,16,9,-1,20,3
10,28,18,16,2,11,10,0,-1,19,23,28
24,20,7,21,6,-2,-1,19,16,22,24,16
21,31,23,2,0,1,0,0,15,28,7,31
2,34,1,16,-1,13,18,1,14,1,6,22
23,4,5,1,22,3,24,15,16,32,12,2
2,0,0,9,-1,30,0,0,7,27,9,13
9,-30,0,-4,16,-13,19,-35,21,-34,23,-33
15,-22,22,-2,13,-6,6,-14,1,-29,6,-18
16,-20,16,2,18,-7,16,-34,-1,-30,13,-34
17,-16,11,-3,0,-17,10,-4,20,-9,0,-32
0,-26,21,1,10,-29,5,3,8,-26,0,-8
5,-28,11,-30,17,-2,14,-10,24,-14,10,-29
4,-1,5,-2,2,3,21,-18,24,-24,15,-14
21,3,8,-9,11,-21,7,-8,1,-11,14,-4
19,-5,-1,-19,6,5,14,-15,16,0,25,-24
1,-17,-1,-5,18,-3,5,-22,15,-5,1,-26
6,6,9,4,8,-2,16,-6,15,-2,14,8
10,-6,23,8,9,-13,6,-21,8,5,4,-19
-1,-11,9,3,17,1,25,-17,22,-6,10,-7
9,-3,18,2,4,-22,11,-9,10,-13,20,-16
4,4,22,-13,-1,-3,13,14,12,-12,18,13
-1,-6,23,-4,14,1,16,1,21,-17,12,1
1,6,16,-20,12,6,25,6,22,6,25,11
-1,1,5,-11,20,-13,13,-1,16,17,23,-3
7,6,17,-12,7,17,16,9,15,-18,1,2
-1,5,24,19,5,19,17,-16,24,-4,-1,-1
0,-1,8,3,1,15,9,16,23,-12,23,-16
1,-2,1,0,5,16,18,13,10,0,12,0
8,10,2,-3,-1,7,20,-2,15,14,25,-8
5,-3,-1,-12,12,3,20,2,21,16,9,-11
12,8,8,17,12,-8,5,-8,24,21,5,19
0,17,10,-8,0,-2,16,1,13,4,16,13
19,11,5,-4,0,-8,25,7,11,5,23,10
12,18,13,8,15,21,4,26,9,-8,11,17
1,23,15,16,20,-3,0,6,-1,2,4,7
11,22,5,4,19,-5,6,13,15,1,1,5
23,13,10,10,6,8,25,23,12,-3,7,-3
24,13,12,13,-1,25,23,6,7,-3,12,4
12,31,24,-2,8,17,6,7,20,-2,19,11
12,8,20,-1,4,24,23,30,13,23,4,19
22,21,5,15,7,31,7,22,24,8,23,21
20,17,12,1,1,29,7,1,23,30,23,20
20,17,19,1,2,5,15,19,22,17,21,7
14,-33,11,-5,8,-8,9,-29,7,-9,11,-14
26,-3,1,0,7,-30,17,-22,6,-3,19,-28
21,-33,20,-14,20,2,0,-26,3,2,10,0
23,-1,12,-28,3,1,2,0,26,-15,0,-19
6,-30,7,-17,3,3,25,-26,5,-23,10,-29
0,-24,19,2,16,-11,22,-2,19,-5,20,-12
4,1,4,2,18,-28,0,-30,26,-22,17,-21
1,2,25,-12,0,-18,25,-18,6,6,4,-20
11,-15,24,6,21,-24,7,-16,21,-28,24,-9
20,4,4,7,7,-3,15,-8,18,-26,2,1
6,-18,1,7,13,-23,25,-21,17,3,4,0
19,-13,14,-9,1,-21,11,-21,9,11,23,-21
8,-14,24,4,13,9,21,2,1,8,0,0
11,0,1,13,0,-21,1,-5,4,-19,21,-14
9,-2,22,-19,14,-7,2,1,1,-4,6,-16
7,-11,8,15,6,-17,1,13,13,-5,19,-18
14,4,4,2,20,-14,11,1,3,4,9,-11
10,2,10,-9,13,-4,1,-15,11,2,15,-14
18,3,22,-12,26,8,25,15,12,-15,18,12
7,5,12,14,2,-2,22,10,26,-2,5,-14
9,7,24,-15,2,18,10,-16,25,11,1,20
11,7,8,-14,13,3,0,2,16,17,1,-2
16,7,15,-10,24,22,17,14,22,4,23,8
15,8,23,8,16,-11,24,15,17,4,23,-5
6,20,13,12,0,17,12,15,24,9,23,7
16,20,9,4,10,-5,0,-2,21,25,25,13
13,13,2,6,1,21,16,10,20,16,5,25
20,24,8,19,0,1,7,18,8,14,0,-5
12,23,15,19,12,-8,26,14,19,19,22,26
2,0,13,18,0,26,11,0,12,22,1,5
4,26,6,-5,11,27,1,29,20,28,21,19
18,7,24,-3,14,9,24,3,14,-5,15,27
19,4,12,22,13,21,20,16,15,-4,18,30
19,3,11,9,21,22,18,6,3,10,2,5
23,24,20,10,1,31,1,30,25,28,6,19
14,-1,3,1,0,0,21,34,10,9,8,9
22,29,20,13,0,20,3,32,5,22,26,5
