-14,-32,-13,-1,-4,-5,-2,-11,0,-13,-4,-30
-8,-28,-11,-30,-9,-4,-13,-11,-24,-20,0,-31
-5,-32,-10,-23,-18,-12,-19,-33,-15,-31,-2,-4
-4,-9,-4,-2,0,-13,-1,-7,0,-12,0,-32
-7,-29,-25,1,-9,-21,-24,-21,-20,-31,0,-10
-1,-23,-9,-6,-2,-25,-8,-24,0,-5,-11,-25
-23,-29,0,-24,-7,-7,-25,-23,-16,-6,-19,-5
-15,-26,-10,-8,-2,-4,-8,-29,-17,5,-25,-18
-16,-19,-22,-3,-16,2,-1,-14,-24,-23,-7,-26
-19,-26,-17,-14,-22,-12,-24,-10,-22,-24,-8,-7
-7,-20,-26,-8,-2,-23,-20,-20,-17,-19,-8,-3
-1,5,-22,10,-1,3,-15,9,-6,-22,-4,-25
-23,-16,-19,-8,-4,11,-14,4,-20,9,-18,-6
-3,10,-23,1,-3,-23,-2,-20,-1,12,-9,-21
0,1,-7,-1,-5,11,-2,-14,-24,-21,-2,-7
-17,-16,-10,13,0,6,-19,13,0,1,-7,14
-19,-17,-4,-3,-17,4,-16,-15,-22,-3,-2,-17
0,-2,-19,0,-15,-15,-19,-9,-6,-4,-26,-18
-13,-3,-9,-14,-1,18,-16,1,-25,-16,-3,-8
-2,-6,-6,-9,-14,-5,-24,-1,-3,-6,0,-17
-10,-1,-4,6,-1,9,-8,14,-11,-16,-20,1
-16,-4,-16,20,-12,16,-20,-10,-12,9,-2,-9
-2,17,-1,-7,-17,0,-23,-13,-16,6,-3,1
0,1,-10,-3,-13,11,-12,10,-10,-12,-2,-11
-22,-9,-10,-3,-1,14,-15,-5,-14,24,-23,-9
-18,-9,-6,-11,-4,18,-9,1,-10,-5,-8,20
-26,-7,-9,14,-4,17,-6,21,-19,-7,-20,-8
-10,2,-10,18,-13,27,-1,21,-2,7,-2,25
-7,-4,-17,20,-2,3,-20,-4,-5,-8,-20,18
-9,-5,-25,-6,-14,7,-16,4,-15,0,-18,2
-9,5,-21,-4,-19,8,-19,3,-3,18,-20,18
-10,-5,-7,1,-1,3,-8,16,-2,5,-5,1
-17,3,-1,-1,-4,19,-6,28,-23,-3,-9,18
-6,-3,-15,6,-12,9,-18,-2,-14,20,-21,22
-4,11,-15,34,0,0,-23,-2,-10,1,-5,34
-2,-1,-16,3,-2,-1,0,18,-1,31,-7,7
-4,17,-18,17,-24,32,-18,32,-3,26,-12,32
1,-34,0,-6,-6,-36,-2,-35,-4,-3,-7,-22
-1,-27,-25,-6,-5,0,-14,0,1,-32,-15,-9
-8,-25,-2,-2,-21,-18,-2,-27,-15,-31,-6,-31
-2,-26,-2,-13,-18,-12,-1,-13,-21,-32,0,-12
-10,-19,-5,-15,-1,-5,0,-10,-8,2,-9,0
-10,-21,0,-7,-1,-26,-25,-12,-17,-17,-23,-4
-15,-27,-5,-9,-8,6,-1,-12,-24,-18,1,-12
-5,-15,-8,-20,-6,-3,-4,-23,-2,5,-17,-29
-22,-26,-15,-21,-7,-7,-17,5,-14,4,0,-25
-9,-21,-15,-7,-3,-10,-19,-4,-2,-7,-7,-22
-3,8,-11,-26,-12,4,-8,-7,-1,-15,-4,-17
-5,-9,-8,-3,-2,6,-11,10,-16,-5,-1,-20
-6,10,-19,-11,-5,10,-12,3,-20,-18,-2,-22
-7,13,-23,-6,-24,5,-15,-3,-24,5,-20,9
-17,-18,-15,-17,-2,-15,-13,1,1,7,-5,0
-1,9,-8,13,1,10,-25,-3,-23,-19,-3,-16
-8,16,-11,-19,-1,-6,-7,12,-1,-15,-19,3
-1,-5,-1,-19,-2,13,-16,16,-7,-18,-12,-18
-2,13,0,4,-8,-15,-8,-4,-4,-7,1,-11
0,0,-14,-17,-6,-16,-7,0,-5,13,-23,-14
-4,18,-11,-5,-2,-11,-13,13,0,20,-9,-14
-1,14,-3,-13,-11,11,-6,7,-20,-12,-14,-13
-21,-4,-18,-2,-1,8,-15,9,-21,-2,-8,2
-13,23,-6,9,-8,-11,-2,-8,-2,-9,-15,6
-15,1,-6,6,-1,-3,-25,14,-16,-11,0,-12
-7,6,-17,-11,-13,-6,-14,21,-14,-3,-12,16
-23,-4,1,20,0,-7,-18,20,-2,6,-23,1
1,0,-14,21,-1,-5,-3,18,-19,2,-15,-5
-3,18,-22,13,-23,22,-14,21,-6,26,-3,28
-11,-4,-20,17,1,0,-5,-2,-19,11,-3,25
-11,0,-7,22,-13,26,-23,15,-25,11,-2,3
-18,2,-6,-5,-16,4,-9,16,-3,12,-9,0
-11,-4,-19,-1,-19,4,-12,30,-7,30,-23,0
-2,-1,-4,24,-24,24,-5,0,-25,33,-10,18
-8,5,-5,2,-4,-2,-1,33,-14,-1,-9,-1
-4,16,0,5,-17,29,-22,6,-2,1,-14,32
-5,10,-17,5,0,11,-16,7,-1,27,0,5
-2,-31,-11,-11,-13,-7,-22,-10,0,-10,-22,-4
-17,-35,-5,1,-11,-34,-8,-29,-18,-11,-24,-10
2,-22,-17,1,-15,-31,-1,2,2,-33,-15,-11
-16,-24,-16,-18,-5,-14,-23,-5,-5,-30,-21,-28
-19,-26,-23,-9,-20,4,-4,-6,-8,2,-24,-17
-1,-14,-12,3,-14,-2,-12,-24,-17,-25,-14,-28
-1,-26,-20,-19,-5,-18,-20,-14,-12,-18,-3,0
-14,-22,-23,7,-12,-4,-9,-1,-11,-2,-5,-24
-4,-27,-16,-15,-19,2,-24,-8,-11,-22,-23,-3
-10,-25,0,1,-1,-9,-8,1,-10,2,-13,-9
-6,-17,-24,1,-19,-7,0,3,-10,6,-10,-4
-8,-16,-9,-17,-1,0,-24,-25,-23,-14,-24,-14
-6,-12,-7,-23,-21,7,-17,-9,-1,-6,2,6
-11,-14,2,-23,-1,1,-8,-9,-3,13,-24,-23
2,-17,-10,12,-1,5,-10,-20,-5,3,-19,-21
-7,-17,-9,-9,-15,-4,-9,-14,-19,11,-24,15
-24,-16,-12,-19,-6,-6,-9,-16,0,-14,-5,-11
-4,-13,-17,-2,-19,-4,-18,9,-12,8,-13,15
-11,-7,0,11,-17,-1,-19,15,1,-13,-12,-16
-14,-13,-14,19,-14,-2,-19,17,-4,-13,-5,15
1,-6,-5,-15,-1,0,-18,14,2,2,-21,-7
-2,8,-1,4,-9,-10,-20,21,-8,-4,2,-6
-11,-1,-8,21,-6,-1,-14,1,-17,14,-6,2
-6,3,-14,9,-3,10,-1,1,-5,17,-14,3
-6,17,2,17,-22,12,-24,-9,-2,20,-7,14
-9,3,-5,-8,2,-3,-10,-4,-23,12,-1,9
-10,1,1,9,-8,11,-10,22,-11,8,-11,-4
2,-2,-9,-8,-20,3,-14,25,2,10,-22,26
-13,-7,-8,11,-22,17,0,11,-8,8,-5,4
-1,1,-6,-4,-23,-6,-15,13,-15,-5,-8,14
-12,-1,-7,1,-17,0,-23,6,-22,24,-20,4
-23,-4,-1,17,-22,6,-24,4,-5,-3,-21,-4
-3,3,-23,-4,-21,6,-7,14,-19,31,-18,28
-23,-3,-22,18,-4,30,2,27,-9,30,-15,-3
-12,4,-22,9,2,31,-15,32,-13,31,-24,15
-3,14,-7,2,-1,2,-5,34,2,27,-14,24
-2,27,-23,4,-2,26,-16,7,-2,2,-20,7
2,-5,-23,-8,2,-6,-15,-30,-23,-7,-3,-24
0,-25,1,-28,-4,-4,-4,-25,-2,-34,-6,-18
-8,-19,-1,0,-11,0,-22,-16,-3,-5,2,-33
2,-14,2,-2,-22,-15,2,-14,-10,-19,3,-6
-4,1,-4,-24,-3,-29,1,-31,-16,-23,-2,-29
-12,-17,-4,2,2,-13,-18,-25,-9,-31,-14,-15
-1,-19,-4,-1,-21,-28,-17,-23,-13,1,-18,-3
-9,-24,-1,-10,-4,-1,-4,-24,-1,-3,-16,-27
-3,-17,-18,-16,-2,-11,-11,-14,-14,7,-11,-10
-3,-18,-21,2,-18,-20,-13,-2,-3,0,-16,-13
-11,-23,0,-10,-1,-7,0,-13,-20,-22,-11,-22
-1,-25,-5,-14,1,-4,-5,6,-11,5,-7,-9
-8,-17,-7,4,-19,-1,-10,-12,3,-16,-20,-9
-2,-2,-22,-6,-17,-11,-4,-14,0,-22,-17,-14
0,-22,0,-8,1,-5,1,2,1,2,-14,-18
-8,-12,-3,-12,-16,-5,-12,1,0,4,-8,10
2,-6,-15,-17,3,14,-17,1,-7,-8,-18,0
-3,-17,-14,-13,-10,-6,-8,-9,-7,-2,-7,-11
-19,-11,-10,-13,-2,6,-12,7,-21,0,-8,-7
-2,-17,-10,5,2,0,-8,-5,-19,14,0,-5
-4,-5,-1,-2,-15,13,-8,-11,-20,0,-11,-6
-2,5,-6,-1,-6,-3,-13,6,-19,-8,-16,8
-1,-5,1,9,-19,6,-23,16,3,21,-3,1
-2,9,-1,-2,-19,20,-9,0,3,0,-7,-2
-10,-10,-19,-3,-10,13,-22,-8,-12,11,3,-4
2,-11,-15,22,-16,19,-19,9,-15,19,-15,12
3,-10,-13,1,1,20,-2,13,-20,19,-15,-3
-2,1,-21,5,-21,10,-9,-6,-9,3,-2,-4
-3,0,-12,7,-21,10,3,3,-10,4,-13,27
-1,1,-11,-5,-1,-7,-22,-7,1,8,-9,18
3,30,-19,23,-16,6,-18,-4,0,8,0,11
-13,5,-21,-1,-2,20,-16,18,-12,25,-15,31
-4,1,-23,-1,-19,-1,-11,22,3,32,0,9
-7,0,-16,6,-2,26,-8,29,-3,28,-19,22
2,4,-20,11,-9,25,1,14,-9,24,-11,22
-2,27,-18,0,-9,27,-23,35,1,-1,-7,33
-4,9,-3,5,-1,15,-17,35,-20,0,2,16
-14,-33,4,-9,-3,-11,-11,-24,4,-4,1,-35
4,-11,-19,0,0,-15,1,-29,-2,-33,-21,-3
3,-14,-20,-3,-22,-23,-1,-27,-22,-31,3,-26
-18,-22,-7,0,3,-1,0,1,-7,1,-3,-20
-15,-22,-11,-1,-9,-23,-20,0,-14,1,4,-16
-5,-1,-1,-22,-6,-1,-15,0,-3,5,-3,-4
-9,-27,-22,-14,-14,-24,-11,-13,-14,-2,-2,0
2,-28,2,-8,-7,-15,-7,-12,-7,-23,-7,-17
-9,-23,-1,-5,4,-22,-6,-4,-10,-15,-15,-11
0,-13,2,-15,3,4,-3,-21,2,7,-17,-10
-1,-2,-11,-21,-12,7,-10,5,1,-9,-13,1
-1,-11,-5,-12,-21,-17,2,-4,-16,-16,-3,-1
-22,-23,-6,1,-3,-17,0,-5,-14,-14,-21,-15
-19,-23,-10,-18,-22,-17,-1,-8,-19,-4,-8,3
-3,-22,-20,8,4,14,-1,-20,-14,4,-6,9
3,11,-21,6,-8,2,-11,-18,-10,-2,-9,-10
-2,12,-16,-4,-11,-1,-21,-18,-5,-8,-17,-1
-7,-11,-15,4,-4,-15,1,14,-17,-10,-11,17
-10,-9,3,3,-5,-2,-3,3,3,-2,-15,-15
0,12,-9,-10,2,17,-4,-9,-19,19,-4,-5
-1,11,-20,10,-21,7,-3,-14,-7,8,-11,-10
-1,3,-9,-7,-14,-12,4,13,-3,1,-2,-5
-6,-6,-22,-7,-8,16,-21,11,-15,20,-21,21
-11,-13,-7,10,-11,-6,-13,11,-10,-3,-12,11
-11,-5,-3,7,-1,-2,-1,-11,-15,3,-5,-3
0,11,-1,3,-5,19,-3,21,2,-10,-13,8
3,-6,-19,2,-5,4,2,17,-21,-1,-1,6
0,3,-15,19,-8,-2,-4,-4,-16,10,-20,14
-3,0,-19,-7,-4,11,-11,18,-18,7,-13,5
-1,1,-6,-6,0,-1,-6,-4,0,27,-22,6
0,-5,-17,23,-22,9,-20,17,-7,4,-18,9
-19,-1,2,-4,-2,1,0,23,-13,8,-1,12
-3,14,2,1,-22,10,1,31,3,0,-15,11
-6,2,-2,12,-8,6,-4,3,-2,18,-16,5
-6,8,-6,10,2,26,-21,14,-20,30,-12,16
-1,25,2,31,-21,20,-7,18,-8,13,-7,22
-11,8,-14,24,4,29,-22,24,-15,8,4,33
4,-20,-20,-7,-2,-32,-7,-18,5,-6,5,-13
-16,-31,-8,-7,2,-24,-3,-34,-2,-21,-14,-17
-3,-1,3,-12,-13,-17,-19,-31,5,-27,-6,-29
-12,-18,-2,-2,4,-20,-9,-28,-10,-29,2,-30
-1,-12,-11,-11,1,-10,-21,-4,4,-25,-3,3
-13,-14,-16,-28,-8,-27,-4,4,-15,-4,-13,-29
5,-15,-12,-11,-4,-13,-1,-14,-10,-3,-11,-22
0,-10,3,-21,-12,-23,-2,-15,0,-5,-15,1
-20,-25,2,-21,-12,-24,-17,5,-11,4,-9,2
4,-14,3,8,-12,-22,-15,-3,-1,-22,-12,6
3,-13,5,-13,-8,-4,2,-6,3,-19,-16,2
2,-10,3,9,-3,-7,-16,10,-19,-16,4,7
3,-12,5,0,-10,-18,-16,8,0,-18,-11,-9
-5,-7,1,13,-10,3,0,-7,-21,5,-5,1
-4,12,5,-3,-11,-5,-12,-4,-19,-5,-15,-12
3,6,-5,10,-17,5,1,-3,-12,1,-2,-3
-19,15,-3,-1,-7,1,-7,-12,-7,-4,1,8
-10,-15,-9,-4,-12,-19,-17,-15,-12,-15,-17,2
3,-8,-8,14,-10,-4,-16,-17,-18,-4,0,1
5,10,-15,-9,-1,2,-8,6,-11,-17,2,15
3,16,-5,16,0,11,-13,4,1,15,-13,17
5,15,-21,4,1,1,-18,-4,-13,-6,-15,-12
3,21,-21,-1,-1,4,-13,2,0,-12,-18,8
-3,-2,-1,7,-17,16,-16,13,-15,15,1,-12
1,4,-7,7,-12,1,2,12,-8,7,3,-2
1,14,-4,-11,-11,7,2,18,-16,10,-3,10
-8,-6,-17,2,-2,8,-16,5,-17,16,-7,0
5,-6,2,20,1,4,-9,18,-4,8,-8,20
4,-6,-11,8,-2,2,-21,13,1,1,-9,4
0,2,-5,-2,5,-6,4,26,0,1,-20,-7
1,13,-1,22,-7,27,4,3,3,27,-3,23
-3,9,2,-4,3,8,0,27,-2,15,-15,7
-15,-1,-8,0,-5,5,-8,27,4,9,-21,24
-18,3,-2,-1,-16,9,0,5,-10,-3,-4,-2
-15,-2,-6,26,4,0,4,16,4,19,3,5
-16,-1,-20,30,-15,4,-21,15,2,-1,-5,29
4,35,-3,2,5,28,-16,8,2,31,-1,32
-12,-26,-12,-25,-8,-20,6,-32,-11,-21,-5,-32
-13,-31,-14,-9,1,-20,-16,-35,-19,-13,-19,-2
-20,-27,-8,-13,-18,-17,-13,-18,6,-17,1,-1
-11,-21,-6,0,-2,-10,-10,0,2,2,-5,-30
-20,-23,-14,-4,-6,4,-20,-31,-20,-2,-18,-23
-17,5,-17,-21,-19,-7,-8,-18,-10,-23,-5,-4
-17,-20,2,-6,-11,-10,-9,-19,-3,-4,-5,-4
-8,-22,-8,-13,-3,-2,5,-13,-10,-6,-15,0
4,-10,-8,-24,-4,4,-11,0,-16,6,-17,4
-4,4,-18,9,5,-15,-1,1,-17,-3,6,-1
-6,6,-12,2,-2,-26,-3,-16,-19,-21,-6,-2
-1,-13,-2,-21,1,-12,-16,3,1,-4,-17,-9
-15,10,-2,8,-7,8,-6,-20,-13,11,-3,8
-20,-7,-17,-20,-4,-12,4,-13,-20,-13,0,-10
-4,-4,-6,-16,6,-8,-9,8,-18,-14,-13,13
-9,9,-18,-3,-2,-4,-12,5,-7,7,-14,-7
-6,11,-13,-7,-15,8,-18,10,-17,12,-18,8
2,12,-7,-3,-9,-14,-19,-13,-10,0,-7,7
-11,-9,-4,-18,-12,17,-15,-7,-3,-10,-7,13
-18,-13,-1,-8,2,-8,-11,-5,-18,10,-16,-16
-16,17,-4,7,-1,1,-18,19,-13,9,4,12
-9,4,2,-3,-16,-7,-18,5,-1,-5,6,5
-14,18,2,-6,4,18,-15,9,-10,7,-16,-6
-17,19,3,12,-13,22,-1,-6,-7,21,-5,-11
-13,3,-19,-3,6,10,-13,24,-5,3,-7,-9
-2,23,-19,5,-1,4,6,-4,-13,7,-14,18
5,-5,2,-3,0,-1,2,3,-7,-2,-14,17
2,-6,-9,20,-4,9,6,-4,5,-8,-19,-5
4,-5,-17,28,-17,-1,-19,5,-7,-7,-9,9
-2,1,-8,23,-3,27,-4,29,-20,-5,3,27
2,4,1,1,-14,-5,-11,4,1,21,-1,24
5,16,-20,5,-20,13,-10,-3,-19,24,5,21
3,12,-9,0,-20,21,6,20,6,20,-20,17
0,12,-5,12,6,12,-5,23,-2,14,0,13
4,7,-20,-2,-2,26,-3,22,-20,14,-5,30
-3,2,-15,31,-16,24,1,8,-17,32,-6,27
-8,2,-15,0,-20,21,-19,19,-6,13,-19,28
6,-9,-17,-8,3,-2,-8,-34,-3,-10,-1,-35
-14,-26,-1,-21,3,-14,4,-32,-7,-33,-16,-27
-13,-24,7,-2,-4,-12,0,-30,4,-29,2,-33
-18,2,-17,-8,6,1,-11,-9,-5,-14,-16,-8
-5,-4,5,4,-6,-30,-19,-24,-7,-4,-2,-1
5,-8,-5,-16,6,-8,3,-23,-15,4,-12,-11
-5,-1,-5,-17,3,-25,-12,-4,-5,-27,-1,-2
2,-28,-2,-21,-13,5,1,-27,-16,-2,-5,-21
-6,7,-18,7,7,-16,-3,-12,-17,0,-11,-1
0,-11,-10,-2,-10,-6,-2,0,4,-17,-10,-24
-15,9,-4,6,-17,-26,-12,-15,4,3,7,10
-8,-12,-1,6,-19,2,-1,-3,0,8,0,6
-6,-1,-17,10,-8,8,3,0,-1,-21,4,3
-17,9,-11,-14,-5,-6,-10,6,6,4,-7,0
-19,-8,5,-8,-10,14,-2,10,-4,-17,-15,-13
-18,-8,1,1,5,3,-11,15,-17,-8,-12,13
-7,7,2,-19,2,8,6,15,-14,16,-5,-6
-11,17,6,4,1,13,6,-2,-8,-8,-5,-15
-3,17,1,1,-9,-7,-18,6,-2,2,-5,0
-2,-11,-4,4,-14,0,-11,-15,0,4,-10,-12
-6,-2,0,-2,-2,6,2,19,-17,-16,-9,11
-10,-5,-18,6,-4,13,-18,14,-8,11,-6,-13
-3,22,-3,10,-14,22,-6,8,1,-2,-19,-2
-5,14,-14,20,-3,7,5,21,-11,9,3,-9
-15,20,-1,-6,-4,-8,-10,7,0,5,-6,16
-8,-5,-19,11,-5,-5,-4,2,-9,1,-15,15
2,-5,-4,6,-14,-8,-9,22,-4,2,-13,-5
3,-7,-13,27,-6,8,-7,-1,1,16,5,20
0,-7,-9,18,-12,23,3,23,-19,27,4,18
-2,1,-7,5,-3,0,-14,21,-4,4,-16,4
3,9,-14,0,-10,28,3,29,-13,0,-4,2
7,13,-1,-5,-3,-5,-7,19,-18,15,0,11
-2,11,-7,2,-10,31,-9,13,-17,18,-1,32
-8,7,-17,7,-17,32,-15,15,-2,15,-18,18
-17,0,-9,8,-8,32,-13,8,0,21,-19,6
-14,6,-14,8,2,18,4,3,0,8,2,27
1,4,5,9,-17,10,-19,10,-12,24,1,9
7,-13,3,-2,-4,-25,0,-24,-2,-17,-8,-27
-11,-30,-13,0,8,-5,-8,-34,-2,-30,-3,-2
-6,0,0,-25,-2,-19,-1,-27,-11,-20,8,-9
0,-3,3,0,-17,-1,-11,-21,0,-15,0,-33
-11,3,-3,-10,-6,3,-11,-27,-15,-29,-1,-32
-7,4,-1,-2,-5,-28,-8,-23,3,-17,-5,-1
-10,-25,-4,-12,-6,0,3,-3,-11,-19,3,-19
6,-25,0,-4,-10,-22,-3,-11,-8,-23,-2,-9
-3,5,6,3,3,6,5,6,6,-24,0,-24
-3,7,-8,-2,-17,-17,-9,-21,-6,-16,-18,-5
6,-5,-11,-18,-2,-1,-17,-6,-14,-3,-5,-5
-6,8,5,-4,-5,2,4,-18,-6,-11,-11,-15
-16,-13,1,-9,-11,12,-4,-8,-1,7,-18,8
-11,8,-1,-18,0,7,-18,0,0,9,2,-6
-10,11,3,-12,7,-3,3,11,-4,13,-16,-10
-5,6,8,-7,-10,10,-6,-6,4,0,2,2
0,7,-12,-9,-7,-9,1,9,-14,-4,-6,15
-2,0,-18,5,-11,1,-6,14,7,-8,-7,11
-5,14,2,-5,0,13,7,10,-13,-1,2,1
6,9,-8,-3,-9,-5,-10,8,-10,-5,1,17
-13,-13,-9,10,3,-2,3,1,3,15,-17,-8
-16,-12,5,-5,-4,20,0,10,-14,-6,-10,10
5,16,-5,15,-7,8,-10,-4,-12,-4,8,-2
0,-8,-5,-4,8,12,4,-12,-10,5,-5,-4
4,9,-7,15,-18,-4,2,1,-3,17,-9,23
3,-7,3,-11,-12,2,-12,2,4,4,-3,11
-16,-10,-11,14,-15,-9,-14,13,-4,18,-13,5
-3,-8,-4,22,-1,-3,-1,16,-5,27,-8,23
-1,-8,-14,0,-11,26,-16,16,-16,21,4,27
3,5,-13,0,5,27,6,-3,5,28,-4,27
7,-3,-2,1,6,29,-3,16,4,18,1,5
-6,10,7,20,-8,19,-10,0,4,13,7,5
2,31,8,0,-4,0,8,-4,-17,6,1,-3
4,30,7,-3,-16,28,-1,17,0,20,0,16
-8,4,-2,1,-11,11,-11,19,-18,5,0,16
-1,4,-11,2,0,33,-17,35,-4,30,6,35
8,32,-9,1,-9,8,3,36,-10,32,-5,19
3,-2,-17,-27,-3,-2,-16,-33,-3,-32,1,-26
-5,0,1,-2,5,-2,5,1,0,-16,-8,1
-4,0,-14,-9,9,-15,5,-2,-1,-4,3,-7
-10,-22,-4,-19,7,-14,3,-29,-16,-12,0,3
-16,1,8,-5,4,-21,-6,-24,3,1,-16,-5
-7,3,-8,-14,9,-13,-16,3,-4,-31,-5,-18
-13,4,-11,-20,-11,-28,-12,1,3,-29,6,-11
-5,-21,-8,3,6,4,-1,-10,-13,-10,0,0
2,3,-8,-7,-2,8,4,-14,9,-14,-16,-27
7,-8,-7,-19,-16,-12,7,5,-6,9,4,-20
3,4,-15,-21,9,-10,-2,-25,-7,7,-11,5
-11,-14,-14,8,2,-23,4,-20,-4,0,-12,-2
-13,12,-2,0,4,-12,-15,-24,7,5,4,-4
1,0,4,-15,4,-16,1,-3,-13,5,-10,10
-4,-1,-7,-9,-7,-1,-2,3,-13,-22,7,5
1,-1,-8,1,1,5,-7,-17,3,-8,6,8
-15,-11,4,12,-2,15,-17,-9,-6,0,-1,9
-6,15,-12,-11,-10,-4,-1,4,1,-9,-7,2
-1,12,-6,5,-15,-15,-13,-10,-15,-12,-6,5
-16,-7,-2,10,-16,3,-8,19,-17,-4,1,15
-14,-11,-5,2,-5,-3,-12,-6,-1,7,-15,-10
-13,-6,-8,-11,1,-6,-6,16,-11,-13,5,15
5,21,1,10,4,8,-10,18,-17,-3,6,-14
-3,0,3,10,-8,2,-7,13,1,2,-12,22
8,0,-5,14,-6,3,-10,12,-2,-4,-9,-6
6,-2,-13,11,-17,-8,-5,6,5,3,-15,5
6,-5,3,2,4,-5,-7,0,4,22,5,7
5,-5,-14,6,-8,7,2,-8,-16,-5,-11,27
7,-3,8,12,4,-4,-3,23,9,1,-3,13
8,-6,-3,0,2,-4,-5,29,2,0,-12,-5
9,-5,-17,20,-16,3,3,27,4,20,-12,5
7,12,-12,20,-8,27,-15,22,1,-3,-13,30
-7,32,-7,-4,8,29,2,4,-7,3,-1,29
9,23,-13,0,-4,28,-12,1,8,28,-8,15
2,27,-15,0,0,31,-16,20,0,0,1,25
6,20,8,9,0,-1,-4,3,-16,6,-3,34
-11,2,-14,22,-16,5,-2,23,-2,35,-15,1
10,-11,-4,-29,-14,-16,-4,-26,8,-13,-13,-1
3,-7,-14,-12,-6,-22,0,-9,0,0,3,-21
1,-3,-8,-3,-5,-11,9,-23,0,-19,-13,-6
-14,-23,4,3,-1,-30,4,-24,-8,-9,-11,-28
1,-14,-7,-30,-9,-25,-8,-24,8,0,5,0
1,2,-13,-24,6,-7,-16,-9,2,-6,-7,-19
-8,-18,6,-17,-1,0,4,4,7,-18,-13,1
9,-20,5,-10,-6,2,-10,-26,6,-23,-3,-6
-16,8,-12,-11,-6,0,-15,-2,-10,-11,-15,8
2,5,-8,-20,2,5,-15,0,-9,-15,-4,2
-11,-13,7,10,-5,-10,-2,2,-9,7,-12,4
3,-10,-15,-13,-7,-15,2,8,-1,-2,-2,2
-2,-7,-1,2,-15,-18,-7,7,-10,-8,6,-6
2,3,7,-6,-14,-9,-3,-9,-8,-2,0,-23
1,5,2,13,-4,-13,3,4,-3,-1,-13,-12
-6,2,10,-1,-11,-16,-7,2,0,10,10,-16
1,12,-4,-7,-5,1,-12,-10,-16,-15,-14,6
-2,14,-3,0,0,-6,-10,-11,0,1,-3,6
-4,-4,-8,-8,1,3,-2,16,9,1,0,0
-4,15,-15,-11,3,5,-9,18,9,-17,-12,16
-2,0,4,18,-6,7,6,-14,5,9,-6,7
-15,-10,-2,-1,10,11,-7,6,-15,-7,4,-7
9,14,3,20,-9,13,9,7,-1,-7,-16,13
9,2,7,-1,2,-2,-14,15,-3,10,-12,-2
-12,-10,6,-8,3,8,-10,0,2,-1,-11,22
-1,-7,6,22,-4,0,2,18,-1,14,-3,11
-2,-1,9,-8,6,15,10,13,8,15,6,24
10,-5,2,-8,-8,12,-6,15,-4,22,4,25
1,-7,10,-1,9,7,-9,25,-5,27,-7,17
-16,-7,-10,15,-6,-1,-13,6,6,20,-8,13
-2,-2,-5,7,-5,18,-12,16,3,18,-6,24
6,23,2,22,-11,28,-10,6,-5,20,7,31
-8,-3,-9,27,-11,31,-1,4,-6,6,-9,22
10,13,1,12,-6,-2,-7,19,-10,20,-15,12
6,34,6,3,-13,9,5,29,-9,3,10,30
-8,7,5,3,-8,32,9,4,9,7,10,5
5,30,-8,22,9,10,-14,6,6,8,-5,4
10,-25,-13,-27,-13,-14,-6,-9,-3,-11,-11,-23
-15,-30,0,-4,-10,-1,8,-14,-12,-15,-13,-30
10,-16,6,-13,6,-16,-8,-12,-7,-7,-9,-16
-1,2,1,0,8,-4,-9,-2,4,-18,-9,-14
-15,2,-7,3,-15,-30,-5,-20,9,-15,3,-8
3,-18,-2,-8,-13,-26,-14,4,0,-14,0,-14
-5,-18,-9,-21,9,-28,-7,4,-9,-5,0,-5
-11,-25,-12,0,2,6,11,-16,5,6,-3,-13
-6,-17,-1,-8,2,-8,11,-18,-12,-10,11,-7
4,3,0,3,-3,-6,-3,-18,4,-23,-8,-21
5,-3,-9,-21,-13,1,-12,-14,-10,2,-5,-21
0,-6,-2,-23,-7,-2,-4,2,-12,-13,4,-15
-1,-4,6,-7,4,-15,-2,11,-12,-1,5,-4
-14,-11,-10,-19,6,-7,-2,6,9,-2,-13,-3
0,2,7,-6,0,-16,-11,-19,-12,-9,-8,-17
-8,11,3,-1,9,2,9,2,-4,-16,-7,-10
-3,5,11,-17,7,-16,1,-20,0,2,-7,-10
0,6,6,17,3,1,2,-13,-15,-19,-9,-12
-2,13,-2,6,5,7,7,-4,10,2,-14,1
1,16,-12,0,7,13,-2,-2,-7,-2,0,-17
-12,-4,-6,11,-9,-7,-11,3,-15,10,4,3
4,-2,-13,1,2,3,1,19,5,-6,-4,13
-6,-1,-5,14,-2,5,-14,7,-14,2,3,-7
-15,0,5,-2,-1,-12,3,10,9,-5,11,21
8,8,-4,-9,-2,22,3,16,5,10,-9,23
0,-8,-6,-1,1,23,5,-10,3,-11,-13,20
11,23,-15,-2,11,14,-9,-10,3,26,10,12
9,-2,-10,27,-2,12,-15,4,-12,12,5,-7
-11,-8,3,-3,7,0,2,23,2,28,11,23
-5,-6,3,3,-4,13,10,-1,-14,19,1,6
1,6,7,14,4,15,-10,-6,-5,12,-3,25
-5,-5,-2,5,2,24,3,-3,7,25,2,0
4,3,8,24,3,32,11,28,7,6,-5,10
3,7,-5,30,3,30,3,33,-3,26,-13,7
1,-1,-1,33,8,24,-4,21,2,25,10,34
8,23,6,27,-15,0,-11,1,7,18,10,12
10,33,5,1,-14,14,8,2,-13,3,-7,15
7,-30,0,-10,4,-30,6,-7,8,-36,-5,-21
-7,-26,5,-22,-4,-15,-3,-14,0,-25,11,-12
-8,-28,-13,-6,2,-29,1,-13,5,-28,-13,-24
-9,-23,11,-16,7,2,-1,3,8,-4,3,-19
11,-10,-6,2,3,-4,-3,-4,-14,2,-14,-25
-9,-20,1,-27,-1,-31,-6,0,3,-1,3,-20
3,-2,8,-5,-4,-21,11,-7,3,-6,-4,1
9,-16,-2,-1,-13,-18,1,2,8,-6,-13,-23
-13,6,5,-1,-13,-16,1,1,-10,5,9,-10
-10,-14,2,-14,8,-16,5,-11,-2,-7,0,-14
-2,-9,3,0,6,-19,-3,-13,10,4,4,-20
0,-6,-3,-5,4,-24,7,-3,2,-18,-2,2
0,-3,-2,3,-2,-16,1,11,-9,-19,9,6
1,9,-11,5,6,0,-11,8,3,-9,3,-17
-9,13,7,-7,-6,3,-3,-4,5,6,-2,-15
-5,9,0,-4,-2,3,-3,-6,-11,5,6,7
-2,6,1,-18,11,15,-1,0,-12,13,-2,16
0,11,1,-19,5,-14,-12,-15,-11,11,-5,-9
-6,-2,-8,17,1,-9,-7,-11,-10,3,7,3
-6,-6,9,9,-7,-8,-6,6,-2,-12,-5,-3
2,1,-8,-2,6,-12,8,-1,-1,10,0,-1
-3,10,12,11,11,12,3,21,5,3,-3,-7
6,11,-13,10,11,-7,1,-14,-10,6,0,-12
0,21,0,-5,-14,17,2,-12,-6,10,8,13
1,23,-7,6,-3,18,0,8,-11,13,-1,12
-2,-1,-1,1,1,8,-4,16,-14,12,-5,-4
-5,-8,11,-9,12,-10,2,1,0,-4,5,-10
10,27,0,14,6,-9,4,17,9,-3,-12,10
0,-7,7,21,6,-7,-14,26,3,2,6,23
6,5,-3,25,1,9,-14,26,-10,17,1,0
6,1,-10,15,-7,18,1,24,-2,12,-11,24
-2,-5,0,-1,8,23,-12,29,7,-1,-8,-4
4,-4,-10,0,1,20,10,10,9,29,-3,21
1,3,-7,12,-14,30,-4,4,2,25,9,28
-1,5,-13,3,5,12,8,2,-9,23,-13,15
10,1,0,11,-4,9,10,1,3,4,11,26
9,29,-6,36,-9,22,7,24,8,11,-11,19
10,-13,-8,-2,8,-10,-12,-22,6,-35,12,-12
10,1,-4,-11,-13,-4,10,-35,0,-24,11,-17
-1,-22,7,-3,-13,-2,-7,-2,-12,-19,9,-32
6,3,4,-13,-13,-9,-5,-4,8,-16,-1,-12
-11,-27,-13,1,-1,-26,-9,-7,6,-6,9,-1
-12,-23,-1,-14,11,-5,1,-14,3,-22,0,-24
-2,2,8,-10,2,-29,0,2,6,-8,-2,-11
-11,-21,-2,4,-4,1,13,-3,-9,-11,0,-12
0,5,2,8,-1,5,-10,5,-12,3,0,7
-13,-21,-1,-16,4,-23,-1,-6,2,4,-8,-3
5,2,10,1,-8,-6,5,-12,2,-13,1,10
12,-1,-2,-15,2,-8,0,-4,1,-24,-11,-3
-13,-16,-7,-3,-9,6,7,-10,1,-22,-5,-21
0,3,-1,0,-6,-20,-12,-14,-10,-14,-8,-20
4,1,-7,-5,12,-13,-3,-19,9,-6,-2,0
-11,13,4,-9,5,-9,7,14,10,7,-13,2
-4,2,-5,0,1,-1,-7,9,11,-8,7,-2
-8,-7,-6,1,-5,8,-5,-5,-5,-3,-12,-6
2,0,10,-5,8,-12,-11,0,4,3,6,7
-5,-4,2,-7,8,19,-6,-11,12,-8,2,-16
-5,11,-11,-10,7,-5,2,-13,2,11,-13,15
-6,12,0,0,-1,2,6,16,1,10,11,-3
2,7,9,-11,-9,-12,11,-8,-3,11,-9,14
3,7,7,5,-9,8,3,20,-13,11,7,-9
0,16,-11,1,-3,4,10,-4,-2,9,-4,14
-9,-6,-8,10,-9,7,-11,18,-6,11,-1,14
13,-4,4,9,-6,-9,11,-10,-5,-5,-11,-2
-11,-8,11,18,6,-1,-5,9,6,-4,11,26
9,-1,-1,2,3,2,10,3,7,-2,13,11
7,-2,-10,27,5,17,1,8,-2,12,0,1
-13,-4,9,22,-11,15,-11,19,-6,4,-2,6
2,-5,8,1,6,1,1,16,13,20,-6,-1
8,7,10,-1,5,1,9,-4,-11,20,-13,1
9,17,13,-2,4,5,-9,6,-4,30,-8,1
1,5,11,0,-6,27,-8,5,13,8,2,12
10,0,13,22,-5,0,0,1,2,20,-6,8
0,6,-9,36,0,26,0,8,4,23,-10,20
5,-23,3,-25,-6,-32,13,-21,14,-16,13,-25
11,0,13,-6,4,-32,-2,-22,1,0,2,-26
11,-15,8,-7,11,1,-3,-8,2,-13,-10,-10
-6,-29,0,-1,-1,0,13,-23,10,-11,-8,-28
5,3,3,2,-1,-30,14,1,-11,-5,-7,-25
1,-2,10,1,0,-29,-5,-31,10,2,-7,-5
-2,1,-2,-21,14,-9,-9,5,-6,-22,13,0
-5,-15,-9,-11,1,-11,4,0,-2,0,6,-16
8,-4,1,2,0,8,7,-5,0,-13,12,-12
-1,-12,2,9,-1,-10,-12,-15,11,-8,8,-24
2,-11,-4,-12,7,-2,3,-12,1,-16,-3,-5
7,-6,-6,8,-8,2,-4,-6,4,-21,-12,10
-10,-12,-4,-23,-3,-13,6,3,-6,-21,12,-20
7,3,8,12,12,-13,6,12,12,12,10,-13
5,-1,14,11,-6,-19,14,-20,-4,13,-10,14
-2,7,4,-5,9,9,4,-17,3,-17,3,-5
12,4,10,1,-5,-16,6,-5,0,-17,8,-9
-11,-10,5,-17,1,-3,-8,-6,4,10,8,10
-9,15,3,0,-12,-2,0,14,-4,11,12,-10
0,5,2,10,8,-7,-9,-8,-7,-2,3,2
-7,-1,-2,-1,10,-2,3,18,-7,-8,9,13
-5,10,-12,-13,-1,-3,13,-8,6,-2,9,12
-12,10,-10,-11,8,8,14,1,4,-12,0,0
-4,9,9,12,-5,-2,-3,17,-5,4,-9,20
-2,10,1,-12,12,0,-10,1,-12,9,9,19
-12,22,10,7,-5,11,7,2,-3,7,4,-8
-3,-7,5,8,0,18,-3,-5,-4,3,1,3
14,-1,-12,12,2,1,12,4,-3,19,-9,25
-2,-6,14,1,2,8,-4,19,2,-3,5,12
-9,0,-6,8,5,17,8,0,13,10,10,26
7,-4,13,2,13,-1,6,3,-2,16,9,8
-6,2,-3,2,13,1,2,31,-9,2,5,13
13,32,-11,16,-3,18,-4,18,2,19,8,2
2,5,14,28,1,11,-9,2,14,-1,12,6
11,26,12,18,3,16,14,4,9,14,-5,26
14,33,8,31,13,21,-1,32,6,34,4,8
9,25,-10,15,-5,2,5,23,5,6,-6,11
13,-2,5,0,5,-34,14,-16,9,-28,8,-15
7,-29,-7,-22,5,-29,-4,-32,-9,-4,-2,-1
-8,-31,14,-8,10,-26,-2,-25,14,-20,11,-26
12,-19,-3,-6,12,-21,6,-17,1,0,-4,-21
-1,3,5,-6,5,-1,5,-12,-1,-27,-5,-17
5,-3,-2,3,13,-15,-2,-15,-6,-24,6,-24
-3,-16,5,-16,12,6,7,-6,12,-15,5,-11
2,-12,8,-17,2,-19,4,-27,6,-20,8,-6
-5,-16,8,-24,-5,4,4,8,10,-25,12,5
-3,7,13,-16,-2,-2,2,-10,11,-26,12,-6
5,1,6,5,4,0,-9,-11,8,-26,0,-15
-8,-12,13,-22,-10,-23,11,-3,-4,7,13,-14
-11,7,12,-22,4,-22,5,6,14,-6,6,0
-2,-2,-6,-10,5,0,-1,6,13,-5,-9,-23
-9,9,13,-12,13,-7,5,0,-11,-18,-3,2
-10,-6,-2,-16,10,-12,-7,-4,-2,2,-2,11
-6,12,15,8,-4,-20,15,-19,6,-17,-4,4
-2,8,-1,-7,14,2,9,4,-10,-1,6,-15
-5,15,-7,16,5,10,-2,-16,-7,-12,0,-11
-7,14,-6,1,9,3,3,-16,-6,7,-7,5
-5,2,-8,-5,11,2,-4,4,-7,-6,0,8
-10,9,14,3,5,1,14,-15,13,-6,0,-6
-2,4,-8,9,-3,10,5,-1,1,12,-3,5
-2,6,12,-4,-8,0,12,2,-1,15,-10,7
-9,5,15,22,14,4,0,-7,1,-5,-1,0
5,10,7,-3,2,-3,8,-11,-1,4,2,3
6,7,4,4,1,13,12,21,0,6,6,20
-6,-7,-3,16,-9,3,8,2,1,26,-9,8
12,-2,-2,23,11,-7,10,-5,-7,-6,6,7
12,11,15,3,9,21,7,-4,-5,27,3,16
5,-4,3,18,-3,20,-5,-4,10,28,0,8
3,7,-10,-3,-7,-5,-1,26,0,24,-6,16
-10,-2,-8,28,-7,18,-3,13,6,31,4,30
0,-1,-4,-3,12,1,5,-1,7,28,-7,-1
12,24,8,9,1,16,-6,15,9,30,12,14
13,5,7,22,-1,2,-10,10,1,8,-7,11
10,3,6,6,-1,7,-10,30,-2,5,14,14
-4,-35,13,-36,-5,-30,-8,0,4,-6,1,-5
14,-2,2,-2,-7,0,-3,-27,-8,1,9,-31
13,0,14,-9,0,-22,-10,-29,8,-29,7,-24
14,-18,15,-21,9,-4,8,1,8,-7,2,-33
0,-18,-2,-30,8,-30,11,-12,3,-8,14,-11
5,-15,15,-16,7,-16,3,-22,14,-11,-7,-17
6,-8,6,0,10,1,12,0,-2,-19,-5,-17
-3,-1,-1,-18,15,-15,12,-8,13,-2,-8,-11
3,2,-1,5,13,-26,10,-22,13,-6,14,5
3,-5,-9,-16,14,-26,-3,-14,-5,7,12,2
2,-6,3,-6,13,-20,6,-19,16,8,15,-1
-8,-12,15,-20,11,-24,7,-21,-6,-21,-9,-9
8,-2,-1,-4,16,11,1,12,1,7,13,-13
-9,5,-6,10,3,6,9,10,6,-1,6,5
-2,-3,3,5,6,-8,1,-6,-1,7,2,6
-10,9,13,-15,14,-1,16,-7,13,0,13,-17
-8,-5,-6,-20,4,-6,-5,-15,12,-15,0,14
3,-1,5,-16,0,7,14,11,-6,17,15,1
-5,13,-6,13,10,-1,-10,-1,4,9,6,7
-7,5,5,2,-6,-16,6,0,4,-2,5,13
-5,13,11,14,-5,13,-7,2,5,12,-6,-16
0,2,1,-7,-7,10,13,8,8,9,-3,-15
-2,21,-1,-6,4,1,-1,-1,5,2,-3,8
1,20,-1,1,-9,16,-8,-6,-6,16,15,20
10,14,8,18,-5,20,4,18,7,1,6,-5
-3,8,-4,8,-8,-5,10,25,15,17,-2,2
2,19,13,13,15,14,0,-4,7,12,-1,14
13,23,8,9,3,-2,14,6,12,4,3,6
4,6,8,8,10,-6,-8,1,-10,1,14,16
9,10,4,-5,5,18,-10,-1,14,12,-5,15
-3,2,-8,13,6,11,8,10,10,18,11,-6
16,24,-3,2,-9,-2,8,-1,-8,6,-5,3
-2,-4,1,-2,0,-4,2,30,10,19,16,-1
13,22,1,15,-9,13,7,26,3,30,-2,1
7,10,-3,9,6,34,16,18,-8,23,-8,12
8,1,-2,31,14,32,-9,4,-9,18,1,-1
3,0,0,34,1,0,1,0,-9,34,9,6
-3,-27,5,-6,-3,-3,16,0,10,-9,0,-16
1,-2,10,-3,-1,-31,5,-2,16,-20,5,-32
3,-18,13,-24,2,-33,12,-15,11,0,3,-29
0,-5,1,-2,6,-4,0,-8,-7,1,2,-13
6,-15,17,-27,10,-2,17,-29,4,0,6,-4
0,4,9,-18,12,1,-5,-19,1,-4,0,-9
2,-10,-1,-24,3,-8,15,-18,-9,-16,1,-13
2,-11,-1,-10,-1,5,3,-11,9,-10,5,-9
-3,6,9,-2,-9,0,15,-11,6,8,16,-26
10,-6,-6,-23,11,-19,-5,-12,6,-7,9,-24
2,1,5,2,-7,-25,6,-2,-9,7,11,-12
-3,-11,-8,-15,-2,7,3,10,16,-22,6,-16
6,-1,10,2,-9,-2,16,5,-2,-20,-1,-19
-8,4,12,-11,0,-21,4,-22,0,7,10,5
2,-5,3,0,-9,-17,3,-18,3,-5,13,-2
1,5,13,-21,6,-10,7,-11,-8,12,16,-14
8,2,17,1,-7,-4,4,-15,-8,10,-8,3
-9,4,-4,4,-5,16,3,-16,16,11,1,-17
1,11,0,0,-6,0,14,7,12,-3,1,10
0,9,2,-5,1,15,-4,13,-4,1,6,-2
3,12,17,2,-5,-7,9,3,2,18,9,6
-2,-3,0,-15,-5,-5,5,-4,4,7,2,-14
-8,-3,2,21,-5,5,13,-8,-5,-9,-9,-12
-8,19,-4,15,3,-10,1,1,5,23,17,16
-3,1,12,-7,2,1,-6,3,-6,10,-7,13
-7,19,-2,-5,-1,8,-7,20,0,3,14,17
-1,13,0,-7,7,-2,9,3,9,-4,3,16
-8,5,3,20,5,4,10,27,7,18,-3,24
6,3,12,10,10,25,7,17,11,11,1,28
7,27,-9,27,5,17,-8,26,17,9,9,4
12,29,-4,11,-9,20,-7,2,-2,7,-8,8
16,24,10,18,-2,18,-1,23,-5,3,10,15
9,11,1,13,0,-3,0,-3,8,-3,-6,8
-2,-1,-2,-2,-5,21,-9,29,-9,5,-4,33
11,11,16,2,6,10,1,34,4,3,10,15
16,6,2,0,3,28,17,7,2,12,7,34
8,10,4,31,-5,13,-4,22,-6,2,-8,5
-6,-29,-4,-26,0,-25,18,-24,7,-6,9,-23
10,-4,-1,-21,10,0,16,-26,10,-13,-5,-14
12,-13,15,-3,0,2,-6,-24,8,-34,10,-1
-1,-20,17,-17,-2,-27,-3,-8,17,-21,12,0
-8,-20,-3,-10,-5,-27,3,-22,1,-23,0,-24
-1,3,3,-12,-1,-5,9,-23,17,2,13,-5
0,0,-3,-10,11,2,17,2,-3,-20,-8,-14
6,-5,-3,-15,5,-17,18,-8,-2,-17,-4,-5
12,-1,-3,-18,-3,-25,9,-13,-1,-21,8,-18
9,-8,9,6,11,-16,4,-5,14,-15,4,-26
11,-2,6,3,12,-21,6,-12,17,-4,-5,-9
6,-7,17,7,12,4,6,-25,-1,-23,0,-3
2,-8,-5,3,5,-13,13,-11,17,-22,15,0
-3,-9,13,-7,15,-6,12,-8,-6,-4,14,-16
-5,-8,-6,0,9,-3,11,-5,9,-7,10,8
1,4,13,-19,6,-1,-2,13,2,15,17,10
-8,7,-4,-2,12,1,18,-11,-3,3,-7,6
-1,5,-3,-3,15,-4,-8,-17,2,-2,-5,-6
-8,-1,7,11,18,14,6,9,7,0,13,0
6,6,1,-5,10,10,-8,12,2,13,9,16
-8,4,-7,16,-2,15,12,-4,-2,-2,1,-7
-7,5,17,-1,4,-11,-5,2,15,15,6,-14
-7,5,11,21,15,16,-2,8,9,14,4,19
-1,5,-5,7,-3,-5,16,18,18,-2,2,-6
2,7,-8,-11,3,-4,11,22,10,8,6,-6
6,15,15,4,-4,-5,18,7,17,12,0,20
-6,19,-5,20,4,9,16,18,5,5,11,-3
1,15,8,9,7,11,18,16,12,-9,2,1
1,28,11,2,10,2,7,12,4,8,13,2
0,11,13,17,11,29,7,20,7,-6,3,22
7,23,13,7,17,14,0,5,5,3,3,20
17,21,3,20,3,4,-8,26,-7,-4,5,31
-3,1,-6,4,-5,32,4,15,-4,7,18,20
12,33,13,32,1,24,17,-1,-6,20,16,16
9,14,17,7,2,20,14,27,-1,-1,-5,4
18,9,5,12,0,4,12,7,2,12,5,9
14,6,18,35,-6,8,17,4,-7,6,6,12
14,-3,4,-30,0,-3,10,-31,3,-32,16,-29
-5,1,17,-5,17,-6,-4,-33,2,1,6,-23
8,-8,-1,0,4,2,18,0,18,-9,-4,-34
-5,0,16,-15,1,-15,13,-5,-3,-20,18,-27
13,-10,0,-10,5,-31,14,-21,-4,-24,9,-6
-1,4,9,-16,-3,-24,10,-3,1,0,-3,-28
1,-10,-2,-15,15,6,-1,-29,1,-28,2,-24
2,4,-3,-5,0,-21,4,-20,16,-22,8,-9
9,-2,-7,4,3,-26,11,-18,18,-4,5,4
12,-7,-6,3,17,9,19,9,9,-13,-3,7
9,-2,10,-10,10,-25,10,8,10,-26,-6,4
4,3,6,-22,15,7,-4,-22,-7,0,-6,-7
7,1,11,-2,-2,1,13,3,15,-20,9,12
-6,-6,11,11,-2,-13,-3,-12,2,-17,1,-11
-4,9,0,-12,-7,-22,8,-7,1,-2,13,2
-7,4,-1,-19,-3,-16,-2,-1,5,-17,5,-13
-5,5,-2,-9,2,-1,9,-12,4,-3,-3,3
-5,8,8,-6,0,0,-3,5,4,5,2,-8
-3,11,14,4,4,9,0,0,-2,-4,17,7
3,1,8,-10,-2,-1,-3,10,-2,14,3,16
-3,2,-1,-12,7,-11,1,14,4,-10,2,15
-6,3,1,-11,2,-8,-3,16,2,10,4,17
-1,1,10,7,-5,-10,10,7,15,14,-6,-2
-7,5,10,22,11,16,-6,-12,8,13,-2,-13
2,8,13,-2,18,-8,2,20,17,10,17,14
5,7,12,-6,-7,9,6,-1,18,-5,10,-8
10,16,0,11,9,17,7,9,0,19,-2,23
-6,20,-4,-7,9,17,-5,13,-5,-2,-1,-3
0,25,15,15,7,24,19,8,11,21,4,19
12,20,-4,12,-6,28,5,-6,8,12,0,1
9,23,-4,8,-6,28,-4,26,4,8,5,28
17,11,10,22,-1,2,0,23,-7,15,3,6
14,28,6,2,6,24,-6,4,-4,1,18,0
-6,1,18,10,19,14,1,9,5,18,-5,27
-3,6,16,2,1,12,-2,7,11,5,19,12
-1,7,13,1,1,11,9,14,14,8,18,27
11,4,14,3,18,1,6,3,18,34,11,26
-5,-30,5,-22,13,-23,-6,-21,20,-32,16,-13
-5,-28,9,-10,9,-8,8,-23,5,-20,8,-4
9,-3,17,0,13,-7,3,-26,7,-31,-5,-27
-3,1,20,3,-6,-23,6,-3,1,3,-6,-24
9,-12,2,-20,-3,-32,6,-26,12,-18,10,-5
11,-11,13,-14,-4,-24,-1,-28,5,-13,14,-5
-4,-2,-5,-4,2,-22,6,-14,7,-23,-4,-15
1,1,-4,-28,5,-4,14,-7,3,-12,10,-17
-2,-7,10,-8,0,-8,-3,-12,17,-20,8,-11
-1,-11,1,6,0,-11,15,-9,11,2,10,-5
-4,-2,5,0,0,0,13,-11,14,-16,6,-23
0,-6,10,-3,0,-6,-3,-11,15,-12,16,-14
-1,-3,19,12,0,-2,-5,-7,7,5,19,11
2,6,-5,-1,0,-2,20,11,12,-7,11,-2
-2,5,11,1,0,1,1,3,2,-14,-1,-13
-1,5,-2,-1,0,-6,13,-9,14,-10,5,-8
-2,3,16,-11,-2,-16,16,-10,5,2,16,-17
-2,5,3,-10,14,-3,16,-8,1,11,12,-11
-2,12,-5,0,0,12,-1,9,-4,-14,12,-1
-4,6,16,18,0,8,0,2,6,-17,4,-17
-3,0,4,-14,0,1,-1,5,12,-8,3,-15
-5,8,15,-4,14,-2,-1,3,20,-10,-3,14
-5,11,6,22,14,0,0,3,8,6,5,2
-4,13,-4,-1,0,1,17,15,-1,9,-6,16
-4,6,0,-11,-3,-4,-1,4,1,7,-4,17
2,10,9,-2,-2,21,-2,18,3,-1,20,17
7,10,8,-5,10,19,-1,3,-6,21,16,14
1,7,-4,26,4,-1,-2,12,1,14,0,12
12,13,-3,8,16,-5,7,3,5,20,-4,-1
7,9,0,0,11,18,-4,-6,2,29,-1,7
19,19,17,2,7,-1,7,20,18,22,7,-2
18,23,-3,21,-6,7,-6,9,7,26,0,8
14,13,-2,1,9,27,11,5,-3,13,-3,20
7,33,20,5,-1,28,10,2,6,31,0,25
6,9,20,14,12,1,19,11,1,-2,19,32
9,11,8,15,11,25,2,20,17,2,5,14
3,1,-6,20,2,28,18,22,-1,1,-3,27
21,-14,6,-25,0,-35,-1,-22,12,-4,-5,-17
4,-21,15,-2,0,-35,1,-8,14,0,19,-12
7,-21,8,-16,13,-27,-1,-28,11,-2,13,-32
14,-19,2,1,-4,0,10,-17,9,1,19,-16
10,-4,11,-3,4,1,9,-23,5,2,16,-19
8,-12,8,-30,4,-3,9,-21,5,-22,-2,-24
14,2,11,-22,21,-21,5,0,15,-10,0,-12
2,-3,0,-3,6,-11,-4,-14,13,1,8,-11
-2,2,3,-2,13,-13,14,-8,0,-17,-2,-10
7,-8,6,1,-2,-13,1,-11,4,-11,20,-10
-2,-7,-1,0,18,2,16,3,16,2,4,3
1,4,1,4,7,-18,4,-22,14,-13,-1,-5
-4,-2,5,-18,-2,-7,0,5,11,1,13,10
-1,-3,4,7,-5,-16,-2,-13,4,-12,0,7
-2,3,0,5,10,-9,6,-8,0,8,-1,-8
1,2,1,-15,-2,-5,15,-11,14,-2,1,-1
-1,5,19,-5,17,-18,12,2,6,-11,19,-20
0,0,-1,-3,0,-6,2,-2,0,8,15,-12
1,4,12,10,0,3,1,-4,7,6,-1,0
0,11,-3,7,19,14,9,-11,16,-12,6,-14
1,10,0,3,0,2,16,10,1,14,0,0
-2,3,1,16,-2,8,1,0,11,-2,-1,12
-2,6,12,3,21,-4,12,12,8,-1,-5,6
-1,3,-3,7,-2,13,2,6,0,16,13,-4
1,19,17,17,18,-3,8,1,-1,18,2,19
2,11,-1,3,7,15,7,14,18,-2,9,19
7,21,19,3,18,9,-1,16,12,6,-5,-4
7,14,-5,-4,5,-4,8,10,-3,17,3,19
14,14,-4,7,1,3,-4,23,-5,-2,-4,14
-5,3,5,12,-1,24,14,20,13,14,-5,23
3,0,8,30,-3,27,12,24,3,13,21,4
5,0,-5,1,9,17,20,19,15,13,9,2
15,14,1,-4,-4,27,16,30,1,11,1,-4
2,3,15,0,7,24,-5,22,4,29,19,28
15,27,3,14,6,1,4,13,-5,13,7,7
11,3,15,13,13,21,12,2,11,35,6,9
-1,1,4,16,12,9,8,6,-2,28,16,22
5,-36,13,-4,16,-6,2,-27,17,-14,17,-28
21,-1,3,1,16,-8,-3,-12,15,-4,6,-15
1,-33,15,-10,5,-5,16,-10,20,-21,10,-29
7,-28,-3,1,5,-10,20,-28,-1,2,15,0
22,-4,-4,-21,9,-26,20,-6,5,-29,18,-16
4,-3,9,-10,18,-24,1,-19,15,-23,2,-9
17,1,0,-23,11,-15,17,0,16,-16,-4,-4
-3,-3,2,1,4,-29,18,-20,9,-13,9,-24
0,-14,6,-1,17,-8,19,-6,-1,-17,18,-7
15,-4,9,7,6,-8,17,-2,13,-20,9,-7
-1,3,3,4,9,-11,5,-26,2,-5,0,5
0,-6,1,5,2,-15,19,7,-1,-10,0,-6
4,0,8,-5,19,-10,9,1,-3,11,4,11
1,1,-1,8,19,-22,18,-6,1,-19,3,6
2,-2,0,5,-4,-3,-2,-3,2,-9,4,7
3,2,15,7,-4,-17,11,12,12,-3,5,9
1,5,22,-8,22,3,12,11,20,-6,6,-19
0,7,3,10,6,16,13,-17,8,3,9,-3
-2,2,4,12,-2,18,15,7,-3,6,4,12
1,5,6,7,2,19,8,-17,18,-14,2,8
-2,5,0,3,12,6,9,-16,4,-10,3,14
-3,6,0,8,0,-1,7,-11,9,5,0,1
-1,14,6,15,-3,11,16,11,20,22,5,-6
2,23,16,11,-4,4,4,0,1,20,18,-1
2,4,15,-5,-4,22,6,23,10,5,1,19
3,10,4,18,-4,12,16,19,5,15,13,17
5,-4,20,9,19,0,-3,22,6,25,13,24
-2,5,-4,-5,-4,26,20,27,6,-8,5,-7
11,22,0,24,19,0,9,20,2,24,3,3
16,24,2,16,12,28,6,-7,22,-7,-4,-3
7,5,7,10,17,25,13,-5,10,2,11,29
0,1,-2,27,3,23,7,1,10,2,8,12
13,10,12,0,-2,19,-1,4,5,-4,9,30
7,6,22,-1,11,31,11,3,10,6,17,-1
14,1,-1,3,1,9,8,18,20,0,22,11
14,0,10,8,-1,11,0,29,12,20,12,14
17,13,-3,8,9,23,16,11,2,35,19,6
17,-33,9,-33,5,-4,9,-24,17,0,20,-11
18,-19,22,0,14,-22,11,-30,13,-2,18,-1
23,-3,20,-1,-2,-30,21,-1,-3,-7,14,-9
23,-20,12,-13,14,-28,19,-30,15,-6,14,-6
23,-11,21,-28,13,-31,23,-5,2,-19,14,-9
21,-9,10,-5,12,2,20,-1,18,-21,-3,-13
2,3,-2,-5,11,-28,-1,3,3,-8,11,-11
8,-8,-3,6,16,-13,10,-13,3,-3,-3,-5
-3,-9,16,-12,2,-1,1,-27,11,-17,0,-2
-1,-8,8,-20,0,-12,1,7,-1,-15,8,-22
4,-6,9,-2,0,4,15,-15,-1,-10,-1,8
0,-8,4,7,0,-4,0,4,15,-21,5,7
3,6,14,-13,0,5,0,1,19,-17,5,-7
3,2,3,2,0,-1,0,-4,3,13,9,-17
0,4,17,-6,6,-4,0,0,23,-16,-2,2
0,0,6,15,20,-1,0,0,18,2,17,0
0,3,3,7,2,4,0,8,15,8,17,15
1,-2,5,-11,20,4,0,7,18,1,16,7
0,9,20,6,11,-15,0,2,20,5,19,1
3,7,3,7,20,5,20,-1,9,-11,-1,-15
3,12,20,14,7,-2,0,7,7,-2,5,18
6,14,4,-13,9,5,0,12,9,-7,14,-7
-1,8,19,1,19,-4,17,7,1,0,17,-13
-3,8,9,12,5,-3,20,6,13,-3,22,5
-3,10,22,16,18,9,0,18,11,10,13,5
8,12,3,9,19,1,1,21,6,8,18,12
9,20,19,-9,15,15,5,5,-3,12,20,4
6,7,11,16,21,-1,5,0,-2,5,17,-9
8,28,20,3,-2,18,0,26,18,-1,4,5
15,11,14,23,0,2,6,10,2,19,18,5
1,9,-2,7,3,21,3,14,-2,11,14,6
19,27,-1,2,5,10,19,7,2,11,19,10
10,6,20,1,18,-2,19,22,9,-3,23,11
19,27,9,17,11,15,-2,7,12,6,21,11
9,-1,-3,10,0,4,14,15,23,25,22,17
20,2,3,17,8,9,18,3,-1,19,1,5
10,1,21,6,-2,7,0,6,9,32,22,29
11,-28,-2,0,13,-36,23,-11,4,-29,10,-14
13,-33,9,-1,7,-4,17,-16,18,-7,15,0
7,-26,22,-17,22,-27,22,-27,0,-13,3,-22
3,-25,17,-8,4,-33,19,-23,19,2,12,0
11,-20,19,-1,0,-19,14,-5,-1,-29,-1,-29
17,4,23,3,4,4,15,2,-1,-18,4,3
-1,6,16,-15,15,-20,9,-29,1,-24,-2,4
8,3,10,2,-1,-16,8,-1,7,-8,24,-12
9,-2,12,4,24,-25,23,-16,13,-26,2,-11
15,-3,6,-4,9,1,15,-16,19,-15,14,-4
14,-3,20,1,0,0,19,-26,15,7,4,-22
6,7,-2,-8,14,-6,20,8,-2,-6,20,2
9,0,23,-13,0,5,23,3,20,-4,20,-15
6,3,22,10,-2,-14,-2,4,13,-20,21,12
6,3,6,-1,5,-17,0,-8,3,-10,-1,9
-1,9,5,5,12,-21,7,-10,11,-4,17,8
9,9,5,5,23,9,14,-2,-2,-19,1,-18
-2,9,14,-13,18,5,12,5,24,12,18,17
8,6,6,0,12,11,-2,-14,23,-8,20,4
8,4,-2,13,10,-2,4,9,19,1,2,19
-1,15,15,-6,6,4,-2,-9,6,-16,11,16
10,9,1,-15,18,11,12,10,0,-1,5,12
2,-2,5,-9,15,9,20,2,5,2,20,-1
9,3,8,-12,17,21,2,-8,22,-10,17,2
1,23,22,4,5,6,12,10,3,-10,12,-1
22,9,2,-9,5,14,4,25,6,14,6,10
-2,25,16,11,12,-2,6,25,23,19,21,12
16,26,0,-9,1,23,19,12,2,16,3,1
8,19,2,7,6,8,17,10,4,21,2,21
1,17,8,11,2,27,18,13,5,13,13,6
2,22,24,9,19,-3,13,5,6,-3,22,14
4,16,2,25,4,19,2,30,4,26,21,3
7,27,7,25,18,8,21,22,1,27,19,20
8,5,7,20,-1,14,10,8,-1,29,-2,11
13,3,-1,1,9,33,24,15,16,7,19,33
21,26,4,11,13,9,8,8,7,30,24,34
14,7,8,3,21,13,17,30,3,0,12,0
25,-1,20,-10,-1,-23,24,-28,12,-32,23,-14
21,-17,24,-2,7,-33,15,-3,18,-22,2,-31
22,-12,18,-14,8,-8,16,-34,24,-8,10,1
25,-22,14,2,2,1,6,-6,17,0,7,-32
8,-28,17,-15,11,-22,2,4,8,-8,14,-3
25,-11,16,5,2,-27,25,-2,22,5,14,-21
14,6,17,6,16,2,8,3,0,6,13,-1
4,7,11,-15,16,-22,5,4,5,-29,20,-25
-1,-17,25,-3,9,-1,15,-16,6,-2,24,-13
8,-10,5,5,1,1,1,-15,-1,5,6,-26
15,-1,3,2,4,-12,6,-12,9,-15,21,-1
12,0,10,-1,12,-5,6,4,19,-18,3,7
10,-2,10,-3,0,-24,1,-19,7,-23,9,-11
11,-2,19,3,12,12,3,-16,1,-13,18,-1
9,3,14,-5,13,3,12,8,5,-17,15,-16
17,4,9,9,14,11,12,12,6,10,20,-6
9,0,23,4,1,-11,24,-17,15,-12,25,-9
8,4,25,-2,1,-4,8,-5,12,-17,6,17
-1,8,15,-16,23,0,4,-4,25,-3,15,-14
6,0,12,16,17,-1,11,-15,7,0,2,6
-1,-1,0,-9,9,-12,9,6,2,-6,-1,-13
14,12,4,-10,15,-11,-1,20,13,18,6,17
-1,18,0,0,17,-6,25,21,19,2,16,5
7,2,11,-13,25,0,25,9,7,21,17,12
6,24,10,10,3,16,6,-10,10,-2,7,4
23,14,9,12,4,-7,16,2,9,15,14,13
10,2,6,17,-1,19,21,-5,6,11,1,23
5,-4,8,6,1,25,6,-5,3,13,-1,1
5,9,4,23,2,16,2,16,4,11,9,21
4,23,10,10,2,13,19,12,12,23,4,-1
6,23,19,1,2,21,22,12,20,24,1,7
4,15,19,25,4,18,4,31,15,19,7,9
3,18,11,4,6,6,13,22,16,7,11,15
5,24,19,26,5,15,22,14,18,8,0,26
2,13,17,27,5,26,20,26,20,17,8,26
19,32,17,11,5,28,5,17,20,28,6,18
18,10,15,17,7,13,8,4,13,18,6,21
21,-7,2,-3,3,-33,22,-13,23,-23,19,0
8,-28,0,-4,8,-26,16,0,11,-33,8,-9
21,-11,14,-12,4,-23,15,-25,1,-34,24,-2
14,-23,2,-6,26,-22,11,-13,0,-21,9,-16
16,-19,10,0,12,-32,24,-21,11,-20,21,-7
16,-17,12,4,16,2,14,-2,20,-5,24,-18
3,-21,22,-4,15,-23,19,-27,3,4,20,-5
20,-10,0,-6,12,2,21,-17,1,-4,25,-17
3,-17,3,-20,5,-19,18,-10,22,8,15,8
10,-12,26,-5,10,7,11,-3,17,-2,26,-25
8,5,13,-9,26,-22,20,-26,0,-8,12,-11
19,0,20,0,1,-6,11,-6,9,-17,7,-18
1,-8,0,-9,20,12,13,-17,7,3,22,-10
14,-1,20,-17,25,-23,22,-3,20,-6,20,-18
2,-6,26,-11,16,-10,5,2,15,10,16,-8
18,-2,19,9,15,2,8,-17,8,-17,15,-3
9,12,4,-19,3,13,19,4,19,12,12,-9
13,5,14,2,10,6,25,-18,6,-15,10,3
15,4,24,8,1,4,23,-8,22,7,2,3
17,8,0,8,16,7,13,1,15,-3,11,4
18,8,24,2,15,-8,26,15,26,-4,25,-7
10,15,22,-9,4,2,23,-6,8,-8,4,-11
9,20,3,-5,0,22,16,-5,9,13,18,1
11,18,9,22,11,18,10,5,26,20,12,7
16,20,23,23,3,-10,8,-12,24,19,3,24
20,17,1,8,15,10,23,1,17,-7,10,-5
23,2,15,-4,1,20,22,15,19,19,0,23
14,27,14,1,10,27,25,22,10,-7,7,7
23,3,0,6,1,28,3,-4,23,24,23,-3
21,29,13,4,13,26,8,-4,2,28,23,16
17,23,12,3,26,-1,2,-4,4,26,1,-4
26,14,14,-2,5,21,5,14,9,7,24,-4
0,25,3,2,3,15,23,23,10,12,13,-4
5,15,18,4,3,25,10,13,4,24,13,30
5,15,4,4,23,19,20,15,18,10,1,32
5,22,7,3,19,34,6,24,6,19,14,15
5,27,22,30,20,15,20,18,5,20,6,16
