0,-34,-12,-18,-26,-33,-17,-29,-7,-32,-6,-29
-4,-15,-7,-2,-7,-24,-14,-35,-22,-21,-12,-23
0,-30,-3,-17,-3,-21,-2,-24,-14,-2,-12,-30
-1,-30,-16,-13,-21,-4,-2,-17,-1,-14,-8,-13
-13,-26,-6,2,-18,-19,-1,-9,-13,-22,-12,-30
-6,-11,-1,-27,-1,-9,-6,-26,-15,-11,-2,5
-14,-30,-26,-2,-5,-29,-22,-20,-9,-28,-10,-25
-8,-18,-8,-27,-4,-2,-4,4,-6,-28,-7,-29
-16,-17,-15,8,-3,-26,-16,-19,-6,-4,-24,-5
0,-15,-17,0,-2,8,-9,-27,-12,3,-4,1
-7,-25,0,-4,-16,3,-4,6,-15,-20,-3,8
-6,-6,-22,-3,-18,-17,-20,7,-12,-20,-15,-21
-15,12,-19,7,-9,-13,-17,10,-7,-10,-19,-18
0,-2,-9,-21,-1,-21,-11,-9,-16,-17,-22,-7
-16,-18,-12,-14,-7,1,-8,1,-1,5,-3,11
-11,9,-12,11,-8,-20,-26,-18,-6,-12,-3,2
-1,-7,-7,-20,-16,-16,-23,10,-11,2,-18,-2
-13,11,-12,9,-12,-7,-20,6,-17,-6,-26,-16
-25,17,-15,2,-12,-7,-17,10,-25,7,-14,-16
-3,13,-18,-15,-13,6,-17,-11,-18,6,-16,-9
-13,20,-8,5,-6,20,-5,-15,-9,-11,-7,17
-20,-15,-24,10,-9,21,-3,-11,-7,13,-26,14
-10,-2,-2,8,0,-12,-11,13,-15,12,-2,2
-14,-1,-3,-10,-13,15,-5,15,-13,19,-7,19
0,10,-2,-6,-12,6,-16,10,-7,-12,-21,-9
-6,4,-8,-7,-11,11,0,6,-26,-1,-10,22
-14,-8,-16,-6,-24,15,-23,6,-22,25,-18,-5
-19,0,-20,14,-1,-9,-15,-9,-5,23,-1,10
-2,-1,-11,-7,-1,23,-8,2,-2,13,-13,6
-16,-7,-24,11,-5,28,-14,14,-11,19,-20,22
-2,28,-8,7,-4,22,-18,21,-23,0,-22,23
-10,3,-6,2,-1,30,-17,-3,-2,3,-15,-3
-1,0,-1,6,-1,30,-2,28,-9,0,-12,-4
-8,10,-18,1,-1,29,-3,32,-15,5,-1,24
-7,27,-20,1,-10,0,-13,3,-5,17,-7,14
-10,8,-22,3,-14,0,-6,6,-24,26,-18,32
0,1,-23,10,-2,3,-15,22,-16,4,-18,1
0,-34,-11,-1,-25,-32,-22,-32,-24,-23,-22,-12
-3,-22,-13,1,-4,-17,1,-33,-21,-32,-16,-34
-3,-15,-14,-8,-1,-28,-17,-30,-22,-17,-25,-6
-2,3,-11,-2,-20,-16,-14,-21,-13,-30,-12,-22
1,-23,-13,-26,0,-4,-2,-26,-8,-25,-2,-8
-3,-27,-17,-17,-23,2,-4,-6,-4,-20,-1,-23
-14,-29,-12,6,-7,6,-16,0,-10,-19,-25,-21
-13,-12,-6,5,-10,-27,-17,-17,-12,-28,-17,-26
-7,-20,-5,-3,-23,-2,-4,3,-12,-14,-9,8
-3,-21,-16,8,-24,-14,-22,-27,-12,-12,-2,-5
-14,-22,-13,0,-5,-23,-1,-12,-9,-24,-13,-2
-1,-14,-9,9,-4,-12,0,-11,-24,-24,-19,8
-9,-7,-4,1,-12,-5,1,6,-6,-18,-8,-4
-7,-20,-21,-10,-12,-13,-7,7,-16,-22,-18,3
-5,-1,-17,-3,-1,-20,-7,11,-7,14,-11,-19
-13,14,-10,6,-1,8,-2,12,-7,14,-7,4
-2,-9,-2,4,-11,9,-23,15,-23,-13,-8,-16
-22,16,-6,-10,0,17,-1,6,-22,4,-2,2
-19,13,-5,8,-2,1,-15,-11,-3,14,-3,-18
-2,11,-21,-9,-1,-3,-14,3,-23,0,-19,-13
0,2,-16,-3,-11,16,-21,20,-19,-12,-22,10
-6,-12,-16,-7,-15,-13,-11,14,-17,21,-15,3
-15,-9,-5,-11,-14,19,-6,16,-4,11,-3,-11
-17,-12,-13,3,-25,-7,-21,22,-9,20,-14,21
-5,13,0,12,-19,-9,-1,-4,-1,-9,-1,16
0,15,-6,-4,-15,-5,-6,2,-1,-11,-21,6
1,14,-8,18,1,25,-9,23,-19,-7,-10,11
1,16,-1,6,-4,5,0,18,-24,0,-1,18
-7,10,-2,-1,-4,-4,-8,26,-23,24,0,-4
-1,24,-23,2,-1,3,-16,2,-11,22,-2,21
-2,29,0,15,-18,27,-6,18,-20,4,-18,5
-12,2,-4,-2,-9,14,-22,5,-18,-2,-1,-3
-8,9,-13,20,-3,5,-6,27,-25,1,-4,-4
-11,6,-16,-1,-1,-3,-17,10,-16,19,-14,3
-3,20,-25,16,-12,14,-19,33,-19,-1,-1,27
-4,28,-4,23,-15,15,-15,29,-4,30,-15,32
0,1,-13,15,1,28,-7,22,0,34,-6,26
1,-1,-8,-8,0,-12,-15,-17,2,-4,-22,-31
-22,-35,-16,-9,-19,-24,-4,-34,-4,-8,-12,-19
-10,-20,-7,2,0,-7,-11,-1,2,-20,-3,-23
-3,-33,-23,-6,-1,-19,-22,-12,-17,3,-11,-33
-12,-31,-16,-17,2,-11,-22,-29,2,3,2,-10
-22,-29,2,-3,-6,-22,-9,-20,-1,-24,-12,-20
-1,-22,-16,3,-18,2,-8,-4,-23,-4,-21,-12
-3,-26,-1,-1,-19,-9,-4,2,-8,-28,-16,-2
1,-3,-2,7,-6,-10,-21,-19,-10,-4,-17,-28
-8,-16,-6,-13,1,-10,-22,-20,-20,-21,-4,-3
-22,-22,-24,-15,-8,-5,-19,-4,-3,-25,0,-21
1,-5,-5,7,-9,-10,-16,4,-11,-19,-11,-12
-8,-22,-1,-1,1,-11,-22,-2,2,-19,-19,10
-11,8,-20,-20,-6,-2,-10,-18,-6,3,-5,-14
-23,12,-11,-15,-13,10,-17,-16,-12,4,-9,-2
-11,-4,-10,12,-3,-4,-18,-14,-13,15,-3,11
-7,11,-7,-9,-5,-19,-19,-5,-10,-10,-8,6
-14,-13,-16,16,0,9,-6,-10,-22,-15,-23,8
-5,17,-1,17,-19,1,-15,2,-7,13,-8,3
0,0,-11,-2,-15,1,-1,-1,-23,2,-22,-16
-1,-4,-4,11,-3,9,-22,11,-16,11,2,11
0,7,-20,6,-12,-13,-11,-5,-10,-15,-10,8
-12,-4,-10,-7,-17,13,0,5,1,14,2,-14
0,2,-7,-6,0,-2,-11,0,-1,4,-11,19
-8,19,1,-12,-8,2,1,-6,-3,3,0,-9
-13,24,-15,-7,-21,-6,-9,-10,-11,5,-17,2
1,13,2,-3,1,2,-16,-1,-13,0,1,6
-5,-1,2,-3,-4,3,0,15,0,4,-2,16
1,3,-17,16,-1,-5,-16,26,1,13,1,-5
-9,0,-12,2,-18,9,-1,19,-18,8,-7,18
-1,-5,-12,23,-14,1,-8,-4,-12,11,-18,15
-10,11,-23,3,-1,7,-22,0,1,4,1,28
-2,-2,-24,2,-6,-2,-11,-3,-9,4,-1,0
-11,12,-21,28,-6,23,2,21,-14,14,-16,13
0,34,-23,2,-23,10,-21,34,0,-1,0,19
-9,8,-18,34,-11,32,-10,0,-5,14,-24,5
-2,18,-22,4,2,20,-20,3,-11,25,-20,0
2,-31,-20,-3,-11,-21,-11,-10,-9,-24,-20,-1
2,-3,-21,-1,-20,-33,-18,1,-10,-23,-14,-21
-10,-34,0,-4,-12,-5,-7,-29,-6,-33,-7,-22
-6,-17,0,-11,0,-15,-12,-27,-14,-1,-12,-19
2,-22,-11,-18,-7,-16,-5,-28,-22,1,-7,-23
-11,-28,-5,1,-17,-29,-18,-11,-20,4,-16,-27
-8,-20,-21,5,-21,-26,-22,-25,-17,4,-6,-24
-1,7,-20,-10,-15,-7,-20,-1,-17,-20,-10,-19
-19,-25,-17,-22,-23,-13,-8,6,-13,-25,2,-27
-3,-1,0,4,-12,-16,-4,-11,-2,-15,-3,-13
-14,-26,-15,-10,-9,-17,-19,3,-12,8,-14,-18
2,-4,-10,-13,-16,4,-20,-6,2,-15,-6,-14
-2,-16,1,11,-13,-2,-20,-3,1,9,-17,-2
-13,-13,-18,-14,-19,-1,-3,-1,-14,-16,2,-13
1,-6,-5,-15,-23,-8,-3,-3,-17,10,-5,4
-9,11,-3,12,-13,-11,-20,-3,-12,2,-8,-14
-8,16,-9,16,-7,0,-14,-5,-10,13,3,-14
-19,-10,-15,3,-10,-5,3,4,-19,2,-4,17
-5,-13,-16,-10,-15,-14,-11,-13,0,10,-8,-16
-22,-11,-6,-11,1,17,-5,18,-7,10,2,7
-12,-2,-16,5,-10,2,-18,-6,3,-7,-5,-13
-3,-9,2,8,-20,-14,2,-7,-15,17,-11,11
-10,19,-10,0,-14,6,-3,4,-2,-8,-4,14
-3,23,-8,-3,0,-4,-19,-7,-11,3,-2,20
0,2,0,14,-6,10,-2,7,-5,8,-20,2
1,12,-7,1,-22,4,-11,7,-20,9,-5,-9
1,16,0,11,-2,-4,0,-9,-3,26,-14,10
-1,-2,-17,-8,-22,18,-4,-1,-21,5,-12,-9
-13,-6,-1,2,-18,-5,3,26,-5,22,-7,-8
-1,2,-5,5,-19,22,-23,0,-16,13,-11,1
-8,2,-14,1,-22,-5,-8,20,-8,30,1,19
-10,-3,-14,0,-8,-4,2,11,-3,21,3,21
-1,-1,-4,11,-5,19,-17,18,-16,10,0,16
-8,12,-9,12,3,14,2,26,-5,12,-18,11
-1,-1,-14,21,-7,1,-10,13,-13,-2,-8,2
-1,11,-7,0,-7,35,-6,16,-2,17,2,13
-13,8,2,2,-19,9,-6,6,-5,7,-7,32
-15,-36,-16,-26,-2,-25,-3,-35,-16,-5,1,-34
1,-8,0,1,-17,-2,-14,-13,-2,-25,-18,-34
0,0,-12,-8,4,-15,-21,-11,-17,-3,-12,-28
-6,-30,-17,1,-19,-4,-19,-1,-18,-3,3,-8
1,-16,1,-13,-19,-10,-11,-18,2,0,-21,-16
-3,2,2,-11,-16,-31,-5,-5,-15,-12,-5,-24
-12,3,-21,-5,3,-12,-13,-1,3,-1,-2,4
-4,-28,-9,-12,-1,-2,1,-12,-17,-21,-3,1
1,-19,0,-19,-4,-16,-10,7,-3,-12,-9,-5
1,-27,-5,-22,-11,-14,-19,-5,-14,-17,-5,-25
-3,-17,0,-8,-4,7,-7,-19,-15,-22,-11,6
-1,-11,-22,8,-7,-8,-11,-2,-5,10,-9,3
0,-1,-11,-6,-4,-20,-12,-14,-16,-12,-21,-14
2,-23,-7,2,-19,-8,-9,1,-5,-4,-12,13
0,-7,-11,-16,-14,3,-19,-9,-22,8,-18,2
-2,8,2,10,-14,8,-21,14,4,-1,-3,-4
-8,-13,-11,-13,-12,16,-18,8,-7,5,-19,0
-9,-15,-10,-1,0,10,-4,-7,-6,3,-20,-9
0,-7,-16,1,-10,4,-13,3,-17,9,-6,-2
-8,-12,-17,1,-12,15,-6,11,-19,1,-12,5
0,11,3,10,-20,2,-17,-9,3,-5,-13,10
-4,-3,-12,20,-17,0,-4,-2,-13,8,-20,3
-1,-1,-14,18,1,7,-9,-10,-6,1,-9,16
-2,-1,-7,6,-11,-7,-2,1,-18,7,-18,-2
0,14,-19,1,4,-12,0,10,-7,11,-12,16
3,-11,2,21,-16,16,-22,18,-5,23,-9,6
-2,1,-2,12,-3,-5,-15,12,-16,16,-10,23
0,20,2,-6,-22,10,-22,15,-10,20,-4,7
0,20,-16,1,-16,6,-17,-3,0,12,-17,23
-1,3,4,12,-5,-3,-18,-5,-9,27,-19,2
-8,2,-5,23,-17,25,-19,20,-12,8,-6,29
-3,13,3,4,-6,13,-9,-3,-19,24,-2,14
-18,32,-4,-3,-6,13,-1,23,4,18,-3,30
-17,5,-9,2,-2,26,-4,11,-2,29,-13,0
-10,14,-15,18,0,1,-8,31,-17,10,1,4
-22,35,4,-1,-13,10,-15,29,-22,17,-7,15
-6,14,-13,26,-8,19,-16,1,-21,30,-13,2
3,-9,-6,-3,-4,-30,-20,-11,-8,-14,3,-6
-17,-30,-10,-13,-16,-8,0,-20,-14,-1,2,-24
2,-21,-15,-34,-10,-15,-13,-11,-20,-34,-2,-9
1,0,-14,-3,3,-3,-2,-7,-6,-4,-13,-10
-3,-26,1,-7,-19,-21,-7,4,-18,4,-11,-6
-5,5,4,-2,-14,-24,-19,-21,-7,0,-11,-17
-4,3,0,-12,1,2,2,1,0,-20,4,-1
-7,-29,-7,1,0,1,2,-7,0,4,0,-15
0,-12,-9,3,-10,-25,-3,-21,-20,-14,1,-19
-12,-19,-16,-13,1,-10,-6,8,-16,3,-7,-10
-3,-17,-19,-16,-6,-5,-5,-7,5,1,-17,5
3,10,-17,4,-21,3,-18,-5,-20,-1,-11,-12
5,-21,-15,8,-2,4,-20,5,-14,-1,-5,-7
-7,-20,0,-10,-19,9,-18,-11,-8,-3,-6,0
-14,-14,-1,-8,-2,11,-11,3,5,1,-16,2
5,15,-7,5,-9,7,-1,-19,-7,-6,-18,-13
-10,-7,-8,5,-12,-8,-11,-3,-2,9,-21,-18
-1,11,-2,1,0,-3,-1,-2,-1,10,2,-9
-8,-4,0,-3,-16,-18,-20,-18,-13,15,0,-9
-8,-8,-8,6,-18,-13,-14,-17,-20,-13,-14,14
0,12,3,-8,-10,-11,-10,19,-17,-16,-2,-9
5,-8,-17,15,-13,8,-1,-9,1,-9,0,14
1,2,-12,6,-6,17,-14,-11,4,-1,-3,14
3,-12,-5,0,-20,-5,-13,12,-11,8,0,0
5,-7,-4,1,-4,1,0,-8,0,-10,-4,-2
0,14,-11,21,4,-5,-7,4,0,25,-12,11
2,-8,3,9,2,6,-4,25,-14,16,4,11
1,16,-3,26,-18,23,-17,-1,-9,22,-16,3
5,-8,-17,1,-12,7,-21,25,-13,10,2,-3
0,2,5,20,-19,7,-17,0,2,-4,-9,29
0,24,-2,2,-10,17,-14,1,-17,13,-6,8
-19,1,-4,12,2,12,0,30,-19,7,-19,15
-5,26,-12,2,-20,31,-3,32,5,14,-21,9
-7,32,-12,0,5,30,-3,31,-18,7,5,-1
-12,9,-6,15,5,32,-4,7,2,29,-13,22
0,1,-20,17,-14,35,-9,18,0,6,-8,0
-2,0,1,17,5,24,-12,36,5,30,4,22
-11,-35,-7,-2,4,-5,0,-1,-11,-11,-5,-18
-2,-16,-9,-14,-20,-3,-6,-31,-8,-1,4,-35
0,-29,-7,-14,-4,1,-6,1,-6,-28,-9,-6
0,1,-8,-11,-4,-2,5,1,-17,-33,-19,-33
-1,-12,6,-2,3,-9,-16,-31,-10,-17,-9,-7
-19,-23,1,-27,-18,-24,-2,-6,-3,1,-20,-20
-6,-4,-5,-24,-11,6,-2,1,-18,-5,6,-12
0,-5,-15,-17,-17,-11,-12,-3,0,1,-6,-21
-6,-22,-8,2,-13,-4,-2,-17,-1,-15,2,-2
-17,-27,-13,-20,-13,-10,-7,1,-14,-8,1,-1
-15,-19,-15,-26,-13,-8,0,0,-13,-24,-10,-6
-15,-22,0,-8,-9,-9,0,2,-4,-4,-17,-10
-11,6,4,4,-13,-2,-12,-6,-20,-9,-19,-20
0,5,0,0,-13,0,-10,-5,-1,13,4,12
-3,-21,2,12,0,-3,-17,1,-4,-12,0,5
0,1,-6,4,-13,-2,-9,-6,-5,14,6,-5
1,-14,-6,-1,-3,-8,-7,7,-3,10,2,-4
-7,-9,-12,6,-13,-3,-14,-6,-13,-9,-17,4
-5,-13,-5,14,-10,17,0,6,-11,12,-8,10
-12,-7,-6,-15,-7,9,-10,-14,-11,-5,-19,-12
-9,-13,-17,-13,0,-3,0,-1,-15,19,-5,20
-8,15,-2,3,0,9,-15,-11,-17,-6,4,4
-7,-1,2,-3,0,12,-13,10,-3,-6,-7,21
-7,-12,-19,1,0,4,-20,13,2,-1,-19,22
4,21,0,-11,0,18,2,8,-6,15,-7,22
-16,-11,-3,5,0,3,-20,3,-2,-1,-19,-5
2,11,-3,20,2,14,2,11,-3,8,-14,24
5,27,3,0,6,0,-19,7,-5,-6,-14,22
-1,3,-10,17,-4,0,2,20,-4,-2,-20,11
0,2,-12,3,-5,5,-2,11,0,6,-13,15
1,17,-15,13,-6,21,1,15,-6,17,-6,3
-9,28,-5,16,-1,4,6,30,-12,19,0,30
1,31,1,-3,-14,3,5,26,-1,-2,0,12
-1,1,3,9,-6,31,-3,30,-5,25,4,20
5,25,-4,16,-6,19,-15,16,-16,13,-3,6
6,13,0,14,-5,19,-18,15,-4,31,-9,10
-9,2,-1,14,-3,20,-17,35,-7,7,-20,17
-19,-30,5,-9,-2,-8,-5,-25,-11,-20,-19,-36
-7,-2,-10,-7,-10,-2,-1,-6,7,-2,7,-28
0,0,1,-18,-5,-30,-14,-7,-9,-32,-2,-11
-15,-1,-16,1,-18,-7,-14,-7,-3,-30,-6,-17
0,-1,-8,-24,-6,-27,1,2,-10,1,-4,-4
-3,2,-7,3,-19,-30,-5,-10,-1,-29,-15,-8
-10,-24,-2,-15,0,-9,1,3,-2,-14,7,-20
4,-8,-14,4,-2,-20,6,-1,-9,1,-14,-10
-7,-24,3,2,-4,4,-10,-11,-7,-13,-4,-6
-11,-27,-14,-11,-12,-14,-2,5,-15,0,-14,-12
-14,-15,4,3,-3,8,-17,-1,-5,-6,1,-25
-2,2,4,-5,-17,-16,2,-15,1,-21,-5,11
-11,-19,-11,-23,1,10,-7,-16,-12,-7,-16,-12
-2,2,-14,13,-17,-1,-6,-4,2,-3,-10,0
-17,-10,-19,-19,-16,-14,-13,-11,-9,3,-17,-13
-16,8,-3,-19,5,-8,-2,-8,4,-5,-19,11
-13,9,-4,-20,5,-13,5,6,-18,8,-2,-11
-3,8,1,2,2,-11,-18,-10,-3,7,7,-11
-2,-16,-12,14,1,-8,-10,-4,-7,7,-5,9
5,-9,-18,9,-10,-7,-9,-17,-12,-10,-13,-7
-15,19,-15,-14,-4,-11,3,7,-6,10,-7,1
-13,17,-6,6,-13,10,2,14,2,15,7,10
-2,8,5,3,-5,-14,-16,11,-10,10,-18,-13
-18,15,-15,-7,-8,8,-3,-4,-4,-3,6,5
-18,0,-15,-7,-8,23,0,10,1,-12,-5,10
-1,14,-16,4,7,14,-3,11,3,5,-5,21
3,7,-17,12,-9,7,-10,2,-13,6,-6,21
-6,-1,-11,2,-5,-8,7,6,-5,-6,-11,0
2,12,-4,15,-16,-1,-17,-2,0,15,6,15
2,11,-3,8,-14,9,-16,27,-9,20,2,16
-2,3,-8,5,-5,30,5,9,0,20,-13,1
-10,-3,7,29,-18,24,-2,6,-2,5,-1,6
-15,4,-7,-2,2,16,-6,-4,-7,0,-8,16
0,33,5,1,4,-2,-5,31,-7,-1,-16,24
-13,-1,-5,25,4,18,7,25,-12,26,-10,2
-16,35,-15,24,-2,15,-5,11,2,20,2,21
-9,12,-1,6,-18,21,6,33,1,7,6,15
-15,-31,0,-14,8,-28,8,-18,-6,0,4,-1
-3,-33,-14,-16,-15,-7,0,-15,0,-1,1,-30
-4,-1,-8,-18,-3,-9,-5,-31,5,-20,2,-4
-18,-25,6,-20,-5,-9,-5,-8,-1,-5,-12,-31
-15,1,6,-9,-13,-9,-7,-19,-1,-26,-8,-32
-3,-3,3,1,7,-28,-6,-9,8,-18,8,-7
-18,-20,-16,-10,-2,-5,-11,-20,7,-22,8,-17
-15,-23,-8,2,-6,-20,-18,3,-13,-1,-3,2
7,-19,-5,2,1,8,1,7,-2,-21,-3,-13
-11,-20,-4,2,1,-17,4,-27,-1,-24,-13,-4
-12,-22,8,-13,-17,-23,5,-6,-9,-6,-11,-16
-8,7,1,-6,-4,-2,-2,4,-1,-8,-15,3
-15,7,-18,8,-3,-8,-9,-19,5,1,1,-6
-11,-12,-8,-12,-6,3,-1,-3,-2,-12,-15,-4
-18,-8,3,-12,-9,0,0,-14,-10,-20,5,-22
-10,-9,1,3,-9,-14,-16,-4,-4,-14,-18,-11
-3,-3,-4,1,-4,-5,-11,-12,6,-8,3,-13
-11,13,-15,-3,-6,-6,-12,-9,-4,0,-2,-15
-10,-7,-16,-11,-9,-10,-12,15,-14,-9,-14,12
6,-5,3,6,-12,9,3,-17,-7,4,-6,-4
8,11,-16,7,-8,-8,4,20,5,-5,4,8
-3,1,-12,-11,-16,15,5,-12,6,4,-10,-1
8,12,7,2,4,16,-18,-4,-16,12,-17,3
-7,-6,0,2,1,4,2,-1,-10,6,2,-13
-8,4,-12,24,-14,14,-14,19,4,17,-12,12
1,8,1,2,4,5,-13,20,0,14,6,13
7,21,4,12,-16,10,-11,1,-12,18,-7,19
-4,-5,-16,27,-4,24,-5,13,-10,11,-2,4
8,-2,-1,1,-18,0,-11,27,5,-7,-2,3
3,20,3,9,-9,24,1,-5,-7,26,-3,2
3,5,-1,15,-9,28,-11,-1,6,25,-4,13
-3,8,-1,20,-6,18,-15,-3,-8,23,0,9
-16,1,-4,0,-15,10,1,24,-18,29,-6,11
2,5,-8,0,5,28,-17,0,0,3,2,33
3,3,4,1,-15,14,3,32,-15,24,-15,31
2,16,-10,11,4,33,-13,34,-4,1,1,19
6,10,-15,6,-6,4,4,7,6,23,-12,6
-10,-34,-7,-9,-4,-30,-11,-24,9,-7,9,-6
6,-17,-14,-17,-3,-13,-15,-20,-11,0,-13,-26
-9,-31,9,-13,-10,1,-1,-4,-10,1,-10,-26
-7,-20,0,1,4,-21,-4,-13,7,-15,7,-23
0,-25,8,-1,7,4,4,-19,-15,1,5,-15
-17,-20,-7,2,-11,-16,7,0,6,4,0,5
-17,-2,-13,-7,-10,0,0,-1,8,-10,-6,-20
-17,2,9,7,-11,4,-7,7,2,-10,-16,-15
-12,-28,-11,-8,-12,-16,-6,-11,-6,-3,1,-16
7,-7,-12,0,4,-12,7,7,-9,-21,3,-19
1,8,-6,-24,-1,-26,9,-4,-17,1,-5,9
2,7,-5,-4,2,7,0,-3,-15,-24,-9,-18
4,8,-11,7,4,2,2,-18,-12,-8,-7,-5
-10,-17,-4,5,-7,-2,-14,-6,1,6,-13,-4
-5,0,-6,11,-16,10,-8,-18,9,-15,-7,12
-10,6,-3,-15,-7,6,6,0,-11,9,-9,8
-5,-2,-2,-9,9,7,-1,-12,8,-16,-17,-2
-2,4,-7,-2,6,-8,-7,-14,1,-18,-14,-12
-8,-2,-5,-18,2,-10,-10,16,1,-4,0,9
-15,-9,-17,-7,9,6,-9,-1,-17,2,-4,-15
-17,-11,-11,12,-12,-8,-9,3,-2,-11,-13,12
-17,-11,6,1,-6,-15,-15,8,0,18,-1,-14
-15,-11,3,-8,-1,13,-11,14,1,3,-14,22
5,-8,-5,-2,6,-7,6,21,9,-1,-15,6
6,-7,5,-7,2,7,-14,-5,-4,-10,-7,5
-5,4,-11,10,-7,2,-12,3,-1,7,-10,-9
5,4,-16,-7,5,-10,0,9,9,14,-11,-1
6,-5,-6,25,-5,24,-6,10,5,-4,-6,13
-4,8,-7,10,-9,8,8,24,5,23,-9,26
-6,1,4,7,4,29,5,2,-8,28,-7,5
3,4,4,29,-5,29,6,24,8,9,-14,24
2,8,-1,16,-2,19,-5,26,-13,-3,-8,26
6,19,-4,2,-16,29,4,10,8,22,-2,7
0,0,9,1,-10,1,-6,-1,6,31,7,12
8,14,5,0,-6,2,-4,14,9,-2,5,4
8,13,-14,10,1,26,6,7,7,34,-2,4
-2,0,-10,6,6,15,-16,26,-17,8,-8,28
-9,-6,-4,-23,-3,-5,6,-1,2,-31,7,-5
-10,-5,-13,-12,-7,-32,10,-21,9,-2,2,-28
-11,-2,5,-3,-6,-8,2,-17,-3,-10,-9,-13
-9,-29,-6,-12,-6,-8,-11,-17,7,3,-5,0
-9,-27,9,-2,-3,-25,-4,-31,9,-15,-12,-29
-13,-1,-16,-7,-3,3,10,-30,-9,-1,-7,-16
-2,-2,9,-23,-4,-30,9,-4,1,-8,6,-18
-4,0,-1,-14,-1,-1,1,-11,-13,-24,-6,-19
-12,-27,0,2,2,-4,3,-25,0,-3,-2,3
-3,-15,-6,2,-14,-24,-15,-5,7,-17,1,4
1,2,-4,6,-15,-15,-2,-18,-9,-14,-2,4
3,-19,-11,-18,7,-17,-1,-4,-12,-18,-1,5
0,10,-1,-16,7,-17,-10,-19,4,-6,5,-19
-13,9,-2,-9,9,-22,7,9,-6,8,-11,-12
-16,-6,-8,12,-11,-8,0,-5,-7,-14,-8,0
-7,7,9,-18,3,6,-5,-10,-14,10,10,-17
-5,4,0,4,9,-6,10,8,-11,-11,-16,1
2,14,0,-10,3,16,-10,8,6,-6,-15,13
1,-13,4,11,-14,-12,-10,1,-7,11,4,-6
-7,-13,1,-17,-16,8,-5,8,-5,-3,-13,5
1,-10,-14,-3,-3,4,0,2,5,10,-10,-16
-1,-4,-13,-11,-12,-7,6,-5,-11,-8,-14,-2
3,-12,10,2,10,-11,-9,-12,-2,-3,-9,3
-12,-6,-15,-13,-1,-2,0,22,-1,-11,9,4
-1,-6,4,-7,-11,-6,3,5,2,0,2,23
-16,-9,-15,1,3,7,10,9,-13,2,-15,0
5,9,-6,18,-1,19,5,-5,-10,13,-9,13
-5,3,-4,-5,-5,27,4,0,2,9,-9,20
7,2,-14,24,-10,-3,10,-8,0,-3,7,17
3,5,2,12,-11,29,10,6,10,12,-8,12
6,4,-15,18,-1,13,-12,27,7,21,4,0
8,24,3,25,-3,12,4,15,-11,12,-7,2
4,31,8,3,-11,1,3,11,5,10,7,-1
-13,4,-1,9,-14,5,0,9,-1,21,5,3
-15,3,5,0,1,17,9,13,6,1,-4,4
-2,28,-1,17,-5,29,0,14,-16,8,-3,26
10,17,9,11,-14,5,5,32,-14,0,6,36
-9,-26,5,-23,-4,-2,-2,-4,-12,-35,-12,-15
3,-4,-10,-13,10,-5,-1,-4,2,-9,-3,-8
-7,-32,6,-12,3,-34,-4,-31,3,-6,-3,-2
0,0,-12,-13,1,-5,-14,-15,-13,-28,10,-31
-5,-7,1,1,10,1,-7,-27,-15,-19,-15,-27
-13,-21,5,1,9,-9,0,-2,-13,-1,-11,-5
4,-5,1,-20,-14,-26,-13,0,-5,2,-13,-13
-6,2,1,-21,11,-23,-4,-24,-5,-5,2,1
-12,-27,-6,-19,1,-24,0,-26,7,-20,-2,-19
6,6,-3,-7,8,8,0,3,-7,-15,-7,4
-9,10,-3,-14,-15,8,-3,-16,0,5,1,-12
-6,-6,-9,1,-12,-12,5,-22,-2,-16,-9,7
-2,4,11,-6,-3,5,-3,-10,11,7,-11,-16
-9,11,-2,3,3,-13,1,0,-5,-11,-5,9
-3,5,1,14,3,-5,4,-11,-13,-19,-11,12
-4,7,-7,-13,-11,-19,-14,7,-14,-14,2,-2
-7,-4,-15,14,-9,10,7,-19,-6,-2,2,-3
3,13,-8,7,8,14,-7,-12,2,1,-6,11
3,9,2,4,-9,11,-1,10,11,16,2,17
-9,-6,1,-14,-12,10,6,19,-11,6,-14,5
5,15,11,4,-1,1,6,17,-3,-3,9,6
7,16,-13,-3,-5,-1,-3,-12,-8,10,9,-14
11,6,-13,0,11,8,-11,20,-4,-11,-13,16
9,17,0,11,-12,-4,-5,-1,-15,9,-9,-1
-10,24,-15,10,0,11,1,2,7,2,3,19
10,22,7,9,1,22,0,4,2,18,-4,7
2,0,8,5,11,-5,-6,13,-15,-10,-4,-9
-11,-7,2,-5,0,18,5,2,10,-6,-4,-6
0,6,4,-5,8,19,11,-3,-10,-7,-7,-8
3,22,-1,9,-3,27,8,12,-10,14,7,15
-1,9,-12,-1,-4,11,7,21,6,-3,-11,9
-15,-5,-7,19,-4,21,9,17,-13,8,-9,10
11,28,5,15,-2,4,-9,20,1,20,-7,31
8,3,1,3,1,4,7,23,2,22,8,5
-1,34,3,23,4,11,0,2,0,2,-14,28
10,16,-15,4,1,29,-1,26,-13,8,-14,35
10,22,-7,13,-12,30,-13,13,5,6,-5,4
12,-18,-3,-32,-1,-23,-7,-19,-2,-16,-7,-3
8,0,2,-9,-14,-14,0,-33,2,-31,-9,-7
-9,-30,-5,-24,5,-18,-7,-19,5,-9,8,-29
2,-26,12,-9,10,-24,-14,-16,4,0,-5,-16
-9,-26,12,-6,-7,-1,-9,-29,-7,-8,11,-6
-12,1,0,-9,-14,-8,2,-11,-12,-20,10,-13
2,-25,-4,-29,1,6,6,-30,2,-10,-6,-9
-5,5,-4,-22,-4,-14,7,-12,-14,-9,5,-19
7,-11,6,-10,-13,-12,3,-27,0,-6,-2,2
2,1,-14,9,10,-4,-9,-14,-2,-18,-10,-6
4,-19,-4,-16,9,-21,-6,-2,-6,-5,-8,-1
-4,-1,-7,-25,1,-12,5,-7,12,0,-2,-20
-5,-9,-13,-5,8,9,-10,-19,1,-17,7,-6
-2,2,-9,-21,4,-20,-6,5,4,-19,2,2
1,10,12,-12,-10,3,-14,14,-11,-15,9,-4
-13,-12,5,14,-7,-10,-14,-5,4,-2,7,7
-1,4,6,8,-13,14,-9,1,10,-11,-7,-1
-10,-8,-7,-16,-4,4,6,-3,-14,-15,-3,-10
-5,14,12,15,-3,-4,3,-10,-5,9,-13,-11
5,11,7,17,-2,14,-6,-15,-10,12,-14,-3
-6,20,-1,19,-6,14,4,-10,6,3,8,-6
-6,17,-2,-14,-3,13,0,-2,0,-2,6,3
-14,19,-8,3,-13,-9,7,6,-7,1,-3,22
4,3,-8,3,1,21,2,0,-3,3,9,17
-3,-12,-8,13,1,-4,-1,-3,-7,19,-9,4
-9,-9,-12,-8,-1,18,12,22,2,19,4,21
-6,-1,11,-4,0,3,-1,4,-8,-8,9,5
11,-2,1,-2,-3,1,2,22,7,0,7,-8
4,2,-11,9,-2,0,10,1,11,-7,-12,16
7,15,6,5,12,22,2,14,-14,9,-8,16
12,28,9,12,-10,14,-14,14,2,30,5,17
8,-5,-3,26,-2,27,9,4,-5,21,-12,7
3,25,5,-3,-10,29,2,7,1,26,1,8
12,30,6,8,3,28,-11,30,8,22,12,12
3,12,8,5,-3,16,7,28,9,31,7,22
7,14,4,35,7,23,-3,23,1,5,-12,27
10,4,-10,28,-10,17,-7,27,-8,13,5,35
-2,-6,-4,-14,10,-7,-11,-12,6,-5,-13,-32
13,-20,13,-3,12,-12,-2,-19,-4,-32,7,-18
11,-21,1,0,-10,-31,-1,-4,8,-5,7,-25
2,-32,5,-13,0,2,3,-30,-9,-8,4,-33
4,-2,12,2,-9,-28,11,-5,-6,-26,-6,-12
10,-11,0,-30,13,-13,-7,-13,11,-4,6,-4
5,0,6,-2,-11,-14,13,6,-10,-18,2,-13
-8,-15,-13,0,0,-4,3,-2,-10,-27,-5,3
11,4,6,1,-4,2,-4,-25,9,-10,-7,-11
-11,4,3,-22,-5,-15,3,-2,-11,-21,-12,4
-12,7,-12,-5,-13,3,8,-15,-5,2,9,1
3,-3,-8,4,-1,-7,12,10,7,-17,9,-6
-4,-10,1,-7,-13,0,2,12,7,-3,7,-21
-3,-6,-1,-6,1,-21,-3,4,-1,-11,-5,-15
-11,8,-2,2,-10,1,13,-3,9,4,4,-6
0,1,-4,4,-7,-8,12,3,-9,-4,-8,-12
-7,-6,8,9,-7,1,-3,3,-1,-10,7,-10
0,2,11,2,11,-4,-9,-10,-7,-8,-2,12
-6,11,-12,-2,-3,-17,-10,-15,-13,16,8,-1
-10,-7,11,-12,5,11,-6,-16,13,-15,-7,-14
6,8,-3,7,-3,-11,1,4,-7,-9,-11,20
-9,15,-11,-10,-5,2,4,-8,12,-1,1,-14
3,-4,2,17,-9,-4,-8,-14,9,1,3,13
13,18,4,-12,6,-7,6,1,-4,23,13,16
-1,2,-2,7,-10,-2,-1,12,7,-7,-11,23
7,-10,3,16,-2,13,6,8,8,12,0,7
-12,-7,-10,-10,10,18,13,-2,0,-7,-4,25
-3,-8,13,-4,12,17,13,22,11,27,0,17
13,22,-11,11,6,18,-11,24,-8,11,-11,-8
3,6,-4,5,11,25,6,29,-12,14,3,11
13,4,9,23,-9,7,-9,5,-9,28,3,24
8,7,3,9,-2,-4,-12,9,12,19,4,19
-1,9,-6,-2,-4,2,6,25,-12,6,9,29
12,31,1,9,-12,17,-11,8,-2,19,-12,26
11,0,12,16,-4,12,-10,3,-5,1,3,21
8,25,-13,12,2,5,7,31,-13,1,3,2
9,30,-4,34,-1,27,7,10,1,25,5,24
13,-8,13,-3,-8,-29,-1,-6,12,-20,10,-29
12,-7,14,-12,-10,-25,4,1,-5,-27,14,-7
10,-26,13,2,-3,1,-10,-14,-1,-30,-2,-33
6,-18,-11,-10,5,-8,7,-24,-6,-33,-3,-15
2,-21,-7,3,8,-32,5,-20,0,-31,3,-22
5,-27,5,1,-8,-25,-12,-27,-12,0,12,1
5,6,11,-29,13,-19,-4,-19,14,-26,2,-1
-7,-17,-5,-20,-11,-1,13,-7,8,-27,-2,2
14,-9,3,7,-7,-15,-2,-8,3,-19,-6,-9
-4,8,-11,2,7,-23,7,-6,-3,-18,-8,-9
-3,10,-6,-11,6,3,6,-23,-9,-12,1,-1
11,-10,6,5,2,-5,-12,-17,13,-2,7,-19
9,10,-2,-10,10,11,-2,10,1,-3,-3,12
6,3,-4,13,-3,-6,7,11,6,-12,7,-8
-4,-9,7,1,-4,11,1,8,10,14,-3,-3
-7,8,13,6,9,1,14,5,0,-7,-7,5
7,-13,10,1,-10,8,-4,0,5,-8,-4,-7
-11,11,1,12,10,-5,1,-2,12,3,-3,14
4,5,4,-18,2,8,8,3,-8,-8,3,11
6,6,-4,6,-3,-8,2,-14,-9,8,-9,-11
2,8,-1,-6,-6,18,-7,9,1,-8,5,16
-1,1,9,-3,1,7,-12,-15,-9,0,4,19
-1,-9,-12,-14,-2,-11,14,-7,-10,-4,-8,-4
14,10,-8,5,3,-3,2,13,4,18,1,-1
9,-11,12,2,7,2,6,-12,-12,16,-7,-7
-11,-9,-5,1,-10,25,5,17,6,11,-2,5
5,1,-6,23,10,11,14,15,-5,12,-3,14
8,7,7,-4,3,17,13,-8,8,26,1,-4
13,0,13,0,-11,-1,13,17,10,3,13,28
5,5,1,20,1,5,-8,25,-4,15,12,19
0,2,-12,13,7,-6,5,10,7,24,-5,-1
1,0,10,22,9,26,4,-5,-11,24,-5,25
1,-1,-9,-3,12,12,-1,3,-2,6,13,2
-12,-2,-3,30,5,12,-5,11,-1,21,10,28
-11,-1,3,0,6,9,1,21,14,8,-9,2
2,1,13,21,-5,25,-9,14,-6,32,7,21
12,6,-2,2,8,5,-9,8,-9,24,3,26
9,-18,15,-7,9,-3,6,-12,14,-11,-11,-16
14,-11,-11,-12,5,-24,9,-31,12,-30,-8,-25
9,-11,2,-1,13,-26,3,-18,-9,-10,15,-3
2,1,-1,1,-5,-29,13,-33,-6,-29,8,-9
7,3,14,0,-6,-7,0,-24,5,-32,-7,-26
1,1,-4,-15,-1,-3,7,-12,12,-11,9,-29
-10,-23,-5,-16,6,-3,6,-3,4,-18,-1,-23
-3,-23,10,-3,3,1,1,4,-4,3,9,-18
13,-7,8,-16,-1,3,-10,-24,-8,-20,-9,4
-11,-15,3,-14,-3,-13,12,-20,4,0,12,-14
1,2,12,7,-11,5,0,-17,1,1,9,-4
-4,8,-4,8,-8,-14,-9,-23,-11,-18,4,-24
-6,4,-8,5,-2,-1,-3,-24,-10,-19,-11,1
6,-4,-4,-9,6,6,13,-19,12,3,13,-3
-9,6,-2,-21,13,-5,10,-19,-8,-3,6,0
-3,-6,6,5,14,8,15,-17,-1,13,-9,6
-6,7,-5,-18,12,14,4,-4,8,-3,1,-2
6,5,-10,17,-1,-7,5,-13,-6,-19,-6,-19
-3,15,-10,13,2,-14,-11,-12,0,-6,-6,-10
-1,1,13,-16,6,16,0,9,-11,19,14,-9
4,5,-8,-14,13,4,6,-13,4,-3,1,5
9,17,10,4,-5,-7,2,-9,4,4,-10,-13
8,-9,5,18,9,-13,15,-11,-7,22,-5,12
1,-2,12,-9,11,-8,7,8,-6,11,15,-4
12,7,-7,-2,-4,3,4,-6,14,20,-1,12
13,14,-8,1,-5,7,-3,6,7,20,-1,0
-2,-1,-5,1,0,-2,14,21,-8,12,15,7
14,20,-7,-9,13,-4,2,3,14,-9,14,25
15,21,-3,-3,14,8,-10,3,-2,26,-4,6
-6,-6,10,-1,1,3,0,26,-9,13,8,7
15,29,-11,1,1,11,-3,9,0,26,13,7
13,4,-1,19,-8,21,13,25,2,-1,1,4
-1,-1,8,22,-8,21,4,29,-11,21,-10,20
4,26,0,-3,10,-3,-9,28,-1,33,2,4
14,28,11,-1,-9,13,4,10,-10,32,7,4
-11,2,-4,18,-5,0,12,22,12,31,14,4
1,6,-1,12,-5,35,-5,2,-5,14,-2,10
-7,-33,-6,-5,-9,-5,16,-4,16,-33,1,-13
13,-6,15,-15,0,-11,2,-20,12,-31,7,-34
15,-19,13,-7,-10,-22,14,-17,-5,-2,6,-27
-1,-26,11,-24,-9,-15,-4,-4,13,-33,-1,-33
5,-29,8,-5,16,-31,-1,-21,1,-23,8,2
-4,-28,-1,-13,5,-24,-2,-1,-4,-23,10,2
-10,-21,-6,-10,6,-29,-2,-20,-6,-12,-2,-13
-1,-17,7,-15,-8,-27,4,-5,-5,-27,-1,0
10,-21,-5,-17,9,-4,-1,-20,-5,-25,11,-8
5,-1,2,-8,7,8,-8,-19,9,-24,-4,-26
9,-5,-7,-12,10,-24,-4,-10,1,-7,5,7
6,-6,-2,2,3,11,-9,7,5,8,11,6
-8,5,1,1,9,6,12,-16,-4,-19,4,2
-10,-8,-7,4,-9,-14,-8,3,0,12,-10,8
-6,7,-6,-11,5,11,2,-15,-3,-4,7,-1
1,5,10,-19,7,2,-2,11,11,-13,0,-6
-7,7,8,14,10,-13,13,-6,-7,12,-10,-8
-1,5,14,5,13,5,4,0,10,-16,-6,-17
5,6,-8,12,2,-15,-7,11,12,-18,-7,11
-8,10,1,12,-7,3,-7,-16,6,6,14,-5
-3,0,-1,16,-3,-8,15,-5,-6,-3,-9,17
6,3,6,2,-7,2,-5,-7,3,-4,-1,19
-1,21,-2,-11,9,17,-6,-1,4,7,-5,-10
-8,-6,-3,-8,4,1,0,-11,1,-8,4,20
-6,-6,0,-7,-8,7,15,-7,11,22,2,22
9,6,-8,16,12,8,11,5,4,-3,-2,25
0,26,-4,2,15,0,-1,12,-2,3,4,11
13,22,3,-7,-8,20,3,2,1,19,15,3
13,-1,1,-7,7,-7,15,4,-5,25,9,4
13,26,-7,23,11,3,8,17,13,-5,8,16
-2,2,14,5,14,12,-8,3,10,11,7,8
10,9,7,7,-9,25,-3,28,2,23,0,25
10,23,6,0,-9,13,-9,27,14,24,15,27
-8,33,-9,14,7,23,-8,11,10,13,8,12
-10,33,9,19,6,10,9,-2,3,25,0,25
13,33,11,10,9,2,5,30,-5,35,14,13
6,29,13,2,8,35,-2,36,9,10,-10,36
12,0,2,-1,13,-28,1,-23,-7,-18,-9,-28
6,-23,4,-16,3,-28,3,-18,10,-14,-6,-33
-6,0,-9,-8,13,-8,13,-5,0,-15,-7,-27
14,-11,16,-18,7,-20,-2,-12,5,-1,5,2
-5,-22,7,-9,-3,-23,13,-30,-5,-21,-5,-18
-7,-22,17,-19,-1,-11,1,2,4,4,-5,-27
-9,-1,1,-24,-1,-21,0,-3,5,-29,-6,2
10,-2,12,-24,6,-11,1,0,-4,-24,13,-21
0,-10,-7,0,14,-28,1,-24,8,-5,-3,2
0,6,9,-3,-3,-21,14,9,6,-7,12,7
-1,-6,4,-16,15,-25,2,6,-1,5,2,-10
-9,1,9,-16,5,6,16,-7,-5,8,9,-7
-3,4,-2,-7,17,-20,9,4,-1,11,11,4
-9,2,-6,1,5,-13,9,4,-8,13,2,12
-3,5,-8,-11,8,-12,6,-3,-9,-10,-8,4
-1,3,-9,9,-4,13,-9,-19,2,-8,-8,0
2,5,14,-14,-8,-10,16,-18,16,-2,10,-19
3,7,7,3,13,-9,-4,-7,3,2,8,-7
1,9,9,-7,9,-11,-4,-17,-3,3,4,-10
-7,8,-2,-7,-5,10,-5,3,13,11,10,14
6,2,13,12,-5,8,-9,9,-6,14,4,-13
-6,-7,-1,-9,-5,-12,17,-5,-1,2,-7,16
1,1,-9,7,15,-2,17,-5,15,-3,15,20
-4,20,17,-2,11,-9,10,-8,3,-5,11,10
-2,-9,2,20,-3,-1,-3,18,-8,10,-6,-12
12,-4,8,16,3,3,13,0,-7,12,13,12
4,13,-4,13,-4,0,-2,-1,16,-5,-1,1
-4,26,17,5,-4,17,2,-5,-8,3,8,19
-6,-4,-5,6,14,22,-4,3,-5,-7,-7,-5
17,6,2,7,8,0,-8,26,-7,8,3,-7
2,3,8,14,-1,12,15,15,6,26,1,19
16,1,13,10,6,-5,15,2,0,6,7,3
15,14,-4,-3,17,8,13,2,-4,25,-1,6
-7,32,15,9,5,21,-2,25,15,23,-9,24
5,28,5,3,10,10,6,6,7,32,9,25
1,29,9,22,-6,23,-9,8,15,4,17,10
-3,8,-8,30,-4,18,1,24,5,26,8,3
3,-21,7,-8,0,-34,13,-30,6,0,6,-30
3,-25,5,-11,-1,-3,-1,-23,-4,-23,3,-11
0,-3,-1,-16,12,1,-7,-14,14,-33,15,-8
11,-7,-4,2,13,1,-7,-20,9,-18,17,2
1,-19,-8,3,15,-28,9,-2,10,-9,17,-25
0,-17,3,-3,12,-22,-7,-30,5,0,4,-28
-2,-25,7,-26,15,-4,-1,-17,2,-23,-2,-3
10,-7,-2,-11,2,-9,2,2,4,1,18,-8
-8,-15,14,-12,-3,7,-8,-23,11,-10,-4,-15
-1,7,15,-2,1,-26,1,-3,10,-3,15,-20
6,-4,9,-7,12,6,-3,4,4,-15,18,-3
-1,3,4,-22,0,1,9,-11,3,10,8,-5
6,-6,7,2,4,0,1,7,0,-19,1,-8
1,-3,14,9,-4,-22,9,-8,4,12,4,-16
-7,-9,12,9,2,-13,14,8,-7,-7,10,0
2,5,17,-9,5,-10,14,-16,10,11,-5,-10
5,0,6,-20,0,-13,-7,10,2,-19,4,-6
7,1,18,6,-2,12,4,1,1,-2,13,8
-1,-1,11,-8,15,7,5,-11,14,5,8,4
8,3,-3,-4,6,-10,-7,19,-5,17,-3,5
-5,-4,5,-7,13,-14,16,-3,13,12,5,17
-7,-5,0,5,-1,5,-8,-4,9,-1,4,7
11,1,16,2,1,2,2,21,14,10,-6,11
3,14,-8,18,0,-2,0,8,16,-6,16,18
1,15,2,10,-1,13,7,5,8,4,-3,-2
6,6,-4,6,-7,8,16,0,10,-3,11,8
6,11,5,-7,1,9,18,-4,-2,0,1,15
9,25,-4,3,-1,1,11,1,1,19,-6,12
3,26,-4,24,17,0,11,17,5,10,14,-7
4,29,5,11,16,18,8,9,18,-6,7,28
9,11,7,16,4,-1,0,27,17,1,14,7
9,3,-5,20,-3,17,3,16,1,26,-2,9
-4,29,-1,23,-6,27,4,19,16,2,7,9
14,29,-1,10,10,31,8,-2,5,2,13,0
-1,8,11,0,-5,4,4,7,-3,32,14,2
4,33,-6,15,9,29,3,27,-6,20,15,34
17,19,-7,7,-6,21,12,8,-1,1,0,30
16,-19,17,-2,6,-35,16,-9,-7,-35,19,-35
16,-11,2,-6,14,-32,7,-26,14,-31,13,-6
14,-3,11,-18,10,-32,2,-34,-7,-17,-1,-21
1,1,11,0,4,-31,-7,-32,18,3,0,-30
-1,1,-6,-12,9,-27,10,-28,4,-32,6,-17
1,-6,4,-19,-2,-3,16,-26,1,-23,15,-10
10,2,9,5,3,0,17,-27,-2,-4,4,-15
0,-16,13,-25,18,-10,11,-27,12,-17,5,2
0,-14,-2,0,7,7,12,4,14,-1,5,-8
6,-1,17,-2,-7,-22,5,0,4,0,11,-26
11,-5,-5,5,18,-11,14,-3,19,-15,-6,-8
7,-2,13,-16,7,-20,4,4,-1,-7,15,-14
3,4,0,5,10,8,12,3,-7,8,7,-19
10,-3,3,-10,-7,-16,16,-5,17,-8,-6,-14
1,5,15,9,-6,-20,-5,14,-4,-11,14,-18
-4,-6,-7,-1,0,-15,8,3,1,-6,-6,-2
1,-3,12,-14,7,-14,7,-13,1,10,8,-14
-4,5,10,5,19,-9,15,12,9,-11,11,11
-7,6,-3,6,15,-12,-7,13,8,-1,15,2
3,4,-1,17,1,2,11,-2,8,-1,15,15
1,7,6,16,0,-7,-3,5,9,1,-7,-15
3,4,1,-6,12,19,-7,12,6,2,16,-14
-5,8,-7,1,18,13,2,18,3,-3,-2,-8
-4,12,9,7,10,8,16,15,6,10,-6,15
0,6,15,12,4,0,17,0,9,16,0,22
-7,12,15,1,19,2,8,9,13,23,16,21
0,16,18,4,1,-7,8,13,2,6,18,18
10,14,15,17,0,-4,7,13,-3,23,15,25
4,23,-2,24,6,13,5,-2,15,9,11,-8
-2,23,9,4,12,8,1,1,0,14,14,-5
-1,1,4,7,10,11,5,7,10,18,1,14
3,4,0,17,19,26,-1,10,18,25,10,21
-6,28,13,31,18,20,-5,25,1,-4,5,8
-2,6,-5,14,-5,24,17,25,8,-3,13,23
9,33,4,13,0,-2,8,8,-2,23,16,34
16,25,-6,5,11,7,3,20,1,3,15,13
-3,4,1,28,-5,35,18,10,-5,28,12,2
17,-11,18,-6,2,-1,11,-31,18,-19,-6,-12
7,-24,1,1,0,1,2,0,-5,-4,8,-19
11,-8,1,-9,12,-12,7,-13,10,-5,13,-13
0,-27,-5,0,20,-7,-2,-33,-3,-2,-5,-25
13,-10,19,-15,2,-32,1,-28,1,-32,-6,3
9,-12,9,5,19,-24,6,-27,7,-2,0,-3
-5,1,6,-2,7,-30,10,-6,-5,-13,-3,-5
2,0,15,-9,17,7,4,-28,3,-27,8,-15
-3,-14,11,-10,12,-23,16,-3,16,-6,-3,-25
2,-9,10,-20,11,-9,-6,-14,2,-26,8,-14
-5,1,16,-18,10,-17,16,-8,-2,-21,1,-19
5,-3,11,-2,1,-4,16,-9,9,-24,-4,4
4,-2,6,3,14,-9,16,-5,-5,-6,7,-2
-3,-6,-5,11,14,-7,16,-8,13,-14,18,-16
-2,-9,14,2,14,5,16,-5,17,-4,20,-10
-3,-2,19,7,14,0,16,-7,-5,-18,1,7
-1,-4,0,-13,14,-2,1,3,2,-9,5,10
-4,0,12,-9,7,8,5,-1,0,8,12,-6
1,3,3,-7,9,-9,1,2,5,-1,3,-6
-5,0,19,-4,6,-11,1,2,15,18,18,-13
-5,8,8,4,13,4,16,-3,18,9,11,-11
-5,11,6,8,4,18,16,-3,14,0,12,21
5,6,7,-14,10,12,-6,1,-6,-3,9,13
-4,13,9,7,3,15,-6,5,4,13,9,-10
2,9,1,16,10,17,1,4,20,16,10,16
7,8,2,10,-2,23,-1,22,-6,24,17,3
-6,12,-5,-1,8,6,12,6,-4,26,-1,26
-3,19,15,-9,-2,2,13,24,1,4,3,-4
10,17,8,-7,15,21,15,14,13,16,3,5
3,-4,-3,1,0,16,12,-6,5,8,-4,7
18,13,19,-1,7,26,19,7,20,9,15,4
3,5,-3,16,5,4,-4,28,6,0,-5,8
1,27,7,18,5,16,-5,-2,1,23,0,12
-2,28,18,23,-4,9,18,-1,11,24,20,30
8,10,-6,12,3,25,11,8,17,13,19,11
8,33,16,5,2,4,10,9,4,4,20,13
12,2,-4,0,15,9,5,10,19,16,19,11
0,-2,14,-14,12,-2,5,-20,3,-10,4,-9
12,0,-1,-9,21,-5,-3,-34,13,-19,7,-10
1,-22,-5,-9,19,-30,1,-30,7,-28,0,-21
4,-16,-1,3,13,-1,4,-20,21,-27,14,-30
2,-20,20,3,14,-25,1,-6,8,-4,6,-20
9,-11,2,-20,4,-27,19,-25,21,-5,16,-10
14,-14,4,-6,19,-9,5,-19,-4,-24,6,-3
9,-10,5,-10,7,-17,9,-29,9,-12,5,-26
-2,-2,0,-7,13,-13,-5,6,6,-10,10,-20
-4,-9,3,4,7,-6,18,2,3,-18,9,7
0,-7,-4,-4,17,-13,0,8,9,-17,0,1
-1,-11,13,-17,-1,-10,-3,3,13,-12,-1,7
1,-1,14,-13,2,-10,9,8,-4,-4,6,-11
-4,0,-1,10,1,-1,-2,1,7,1,13,-2
1,-4,3,-15,17,-4,0,2,1,2,14,-14
-1,-2,6,9,-1,-5,10,7,1,4,13,-13
1,6,18,-7,17,-9,-1,6,2,-4,15,-5
-1,2,20,6,0,-17,7,-17,6,-8,17,10
1,2,12,13,-1,3,-2,-4,12,-5,16,-6
1,0,15,3,1,2,15,8,3,8,-5,5
-1,6,0,-10,10,-2,1,-7,16,0,15,9
-1,12,0,0,13,-1,15,8,1,5,14,-4
1,11,16,-6,17,-2,11,-7,10,0,11,15
-4,6,16,15,16,-8,18,-13,18,-4,16,2
4,9,-4,-11,-1,6,10,10,14,-4,19,-6
-4,5,14,6,3,17,-2,0,11,-2,6,-4
-4,4,0,15,2,2,21,1,15,2,15,-6
1,26,2,25,1,8,-3,10,17,26,3,16
4,21,9,2,8,7,20,11,-5,-2,2,10
8,20,5,23,-2,24,4,3,14,13,-1,18
7,25,1,7,6,25,19,23,5,2,-5,9
8,30,19,5,12,19,6,-4,-1,26,9,10
13,0,4,32,12,10,10,9,8,26,12,14
5,11,11,22,12,-3,21,18,16,10,20,-3
-5,30,4,-2,7,23,8,33,8,11,-3,13
14,29,-4,4,10,29,18,12,-3,28,6,16
16,4,5,0,4,21,20,9,14,33,6,5
-3,0,7,-13,6,-18,-4,-17,3,-27,4,-21
22,-19,-2,-6,18,-15,-4,-7,6,-12,13,-20
4,-27,11,0,2,-14,-4,-13,-1,-1,0,-12
-2,1,0,1,19,-23,-4,-11,19,-29,-3,-30
7,-15,11,-23,0,-4,-4,-20,1,-9,21,-2
16,2,7,-28,-4,-13,-4,-1,0,-9,3,-15
11,-8,16,-22,17,2,3,-1,19,-11,14,-20
10,-4,7,-20,20,4,7,5,7,2,20,-20
5,-2,11,1,17,5,13,-7,-1,-1,17,2
1,-10,2,2,21,-23,22,2,17,-3,22,-8
-4,-8,19,-16,5,-26,-3,-16,21,-20,14,3
-2,-5,1,-1,22,-9,6,-10,7,-18,6,-4
0,-4,12,-8,15,5,21,-24,12,-5,12,-9
-1,-1,1,8,1,-2,20,10,-3,0,-3,2
0,-7,13,-14,8,-3,5,-21,18,-3,1,-1
0,4,11,9,12,1,21,-14,-1,7,8,8
3,3,4,9,18,-18,6,-6,1,2,16,0
2,2,12,0,16,-13,1,4,15,13,3,13
2,4,1,-1,4,-12,2,-1,19,6,1,2
2,-2,17,10,-3,19,1,12,22,0,18,13
1,5,21,3,-3,-2,4,15,21,19,-2,-14
-2,3,1,5,17,-4,8,-4,-2,19,1,10
-1,7,12,15,21,7,11,4,0,14,1,3
1,2,17,8,7,2,7,23,11,8,17,6
7,17,14,-7,12,20,1,5,3,21,14,7
-1,12,9,18,18,25,18,23,4,-4,9,18
2,3,17,20,21,-5,3,26,5,5,2,10
2,-7,17,-2,17,10,17,-1,-3,-1,11,23
4,11,19,6,18,23,15,-4,10,27,-2,-2
15,16,2,1,14,18,-3,5,15,28,17,18
4,-2,1,4,20,13,13,17,1,5,12,0
7,6,0,10,8,31,9,24,19,25,19,12
12,-3,17,29,8,7,18,-1,6,15,5,7
10,7,10,8,2,21,1,3,5,3,22,2
8,3,0,14,0,10,11,3,20,28,-1,11
14,16,21,0,10,7,3,24,16,32,22,31
20,5,9,16,-4,26,3,26,6,18,19,12
9,-29,19,-3,-1,-19,6,-10,17,-11,18,-1
14,-35,11,-11,13,-12,20,-24,16,-13,4,-26
17,-30,21,-25,5,-10,11,-28,8,-32,17,-21
12,2,5,-3,-3,0,0,-27,15,-30,1,-21
11,-19,6,-11,-1,-19,6,-14,-2,3,8,-11
8,1,0,-3,-3,-29,22,-11,20,-25,10,5
-3,-3,10,-17,-3,-14,4,1,1,-6,4,6
8,-6,21,0,13,-19,1,-6,12,-14,7,-6
-1,-11,3,-4,9,-8,1,-10,11,-14,0,3
-2,-6,1,0,-3,0,7,-8,-3,2,9,-4
3,-10,5,-8,15,-7,1,-9,19,-16,-1,-4
2,-1,15,4,19,-18,1,-1,3,-8,3,11
1,-1,-1,-18,5,-3,16,-12,7,-4,-3,-8
3,-4,4,12,17,5,1,-4,19,11,22,9
1,2,3,5,0,-3,17,8,19,-1,7,7
1,-3,12,-5,15,-15,12,11,13,-8,6,11
2,0,-1,13,17,0,1,-5,5,-6,-3,-13
2,4,0,7,22,1,3,17,7,3,8,7
1,-1,15,13,0,3,17,10,11,-2,6,-9
1,9,9,-9,17,8,1,5,6,-7,13,14
2,2,21,2,4,-14,18,-14,23,-8,23,-13
1,1,13,16,10,-12,1,-1,16,-4,2,-8
3,10,6,17,17,9,1,2,17,-3,18,2
2,13,2,-5,0,-1,20,-3,18,-13,3,22
4,8,10,-4,17,10,1,13,9,6,3,-7
-1,10,20,23,19,-7,1,1,13,3,18,-3
0,8,7,-1,5,0,6,15,19,17,2,22
16,5,-3,3,7,25,1,18,1,7,5,-7
14,13,19,15,-3,12,10,10,8,21,12,26
2,3,-1,-6,1,12,7,1,4,4,22,2
15,30,2,-3,1,8,12,-3,17,8,8,13
4,-4,14,5,9,25,-1,29,14,16,-2,29
11,27,-3,13,18,3,-2,4,10,15,17,1
22,9,2,1,16,19,17,33,12,31,19,-1
20,30,21,-2,-2,-2,12,23,-2,0,13,0
0,1,-2,1,-1,0,18,11,18,21,10,20
18,21,0,22,2,32,21,5,22,12,-2,15
18,-23,19,0,8,-17,-1,-30,8,-20,15,-2
24,-24,5,-12,-1,-13,7,-2,3,-21,-2,-9
18,-31,8,2,0,0,21,-9,20,-1,14,-15
15,-15,4,-3,7,-4,15,3,9,-3,24,1
11,-3,13,-19,24,0,11,-1,22,-30,24,3
16,-17,7,-12,18,0,21,-29,15,5,0,2
12,-3,9,-14,9,-23,3,-28,3,-12,24,6
14,-3,4,-7,22,-3,10,-4,20,-20,11,-23
1,-17,21,4,17,-26,10,-12,0,-26,0,-12
14,-3,24,4,14,-3,16,-1,8,-18,2,8
0,-13,24,-11,24,-15,19,-2,-2,-2,12,-6
3,0,17,2,9,-3,19,1,15,-25,5,-24
7,-2,8,-16,23,-15,24,-8,14,-12,2,12
0,-8,22,13,6,11,12,-6,3,-8,22,-6
1,-2,18,8,20,3,8,10,8,7,3,-21
5,1,10,12,20,-6,13,-12,20,-14,9,-13
-1,0,3,10,2,3,18,-7,16,7,21,-11
0,4,3,-14,13,-15,5,-1,2,-11,0,-11
0,6,16,-18,-2,-1,-2,5,8,-5,12,-7
8,3,0,-15,20,6,20,7,24,19,0,-6
-1,-1,2,-15,1,17,-2,19,12,2,16,17
3,7,17,10,24,-1,23,21,10,-8,2,12
5,1,16,-11,21,18,23,-10,7,-14,18,17
10,10,2,-6,11,-11,22,-12,22,1,20,2
-1,-1,0,12,3,12,18,17,18,8,7,-6
7,14,-1,4,10,5,11,-3,18,17,12,14
7,-5,17,21,24,5,11,16,0,12,4,-2
1,0,10,16,24,-2,12,14,21,14,6,3
13,26,-2,-4,23,17,2,22,20,-6,5,16
8,27,21,-7,20,-6,1,20,22,13,2,0
2,28,19,11,21,16,4,25,7,-1,16,-1
4,4,13,9,7,0,4,9,19,0,2,28
8,3,-1,24,2,27,17,16,0,31,2,16
18,-1,20,1,4,9,21,9,22,31,-2,31
16,-2,6,-2,5,1,2,2,22,22,16,7
14,14,18,9,7,25,14,31,24,20,12,27
22,3,20,14,1,34,15,2,3,13,13,24
22,-33,14,-33,17,-23,2,-5,13,-2,22,-9
19,-35,8,-20,8,-10,0,-20,22,-13,9,-33
15,-34,11,1,13,-9,6,-2,0,-18,22,-15
7,-3,21,-20,9,-22,5,-13,11,-11,4,-3
-1,-25,18,-16,0,-26,22,-17,5,-26,6,-7
9,4,2,-22,0,-8,4,-22,17,-31,15,-21
15,-24,11,-23,9,-30,0,-6,6,-1,5,-12
6,6,2,6,14,-26,23,7,19,-7,7,-1
9,1,14,-23,4,-19,24,-25,5,8,13,-4
2,-14,18,9,6,1,11,5,23,-23,25,-7
11,-2,8,-9,-1,-16,25,-14,21,4,2,-10
-1,-8,11,-20,3,-25,21,-21,3,-21,16,8
-1,-4,13,-1,2,12,0,-7,-1,-3,14,-24
8,0,16,10,19,-15,1,-23,8,-2,2,-18
6,-3,9,-7,17,9,12,12,16,-11,7,-16
4,-8,0,11,4,-17,13,-11,1,-13,17,-17
-1,-1,10,-3,15,-5,7,-6,7,9,16,9
1,-3,25,-2,18,6,13,-5,11,4,9,-14
0,7,10,-13,-1,-18,18,5,17,-9,11,-17
6,7,5,-12,5,11,4,15,15,18,4,16
-1,5,13,-13,3,20,16,15,18,11,9,-7
7,7,1,-7,1,8,0,4,1,4,12,9
7,12,-1,-13,7,18,8,2,13,-10,12,5
7,15,22,-8,8,11,11,15,2,-10,1,13
17,8,23,-10,1,-12,18,-5,20,5,4,17
14,14,25,-10,-1,25,5,-3,13,22,14,8
15,22,-1,-2,0,14,7,-4,16,-1,16,3
-1,21,4,17,4,-2,16,16,0,2,0,3
10,10,6,-7,3,24,8,27,10,-7,11,11
15,-3,0,3,25,29,5,-1,23,22,14,18
4,25,21,-6,-1,29,5,-3,13,22,21,12
23,19,1,10,10,22,7,-2,2,16,12,15
0,0,25,5,-1,18,17,1,2,0,-1,19
15,13,25,0,17,27,1,15,25,13,17,14
16,13,8,12,12,7,15,2,22,11,13,5
1,0,16,2,12,29,23,34,22,7,-1,32
0,0,8,30,16,5,20,9,18,1,19,32
19,-26,19,-32,8,-5,2,-32,25,-34,12,-32
21,-11,3,1,4,0,8,-34,12,-16,8,-9
14,-33,26,1,6,-24,1,-7,8,0,2,0
0,1,1,2,21,-5,12,3,19,1,25,-13
11,-26,11,-5,11,-7,18,0,20,-1,23,-3
5,-26,3,-24,0,-1,10,-25,18,-10,20,-10
2,3,14,-21,17,-22,13,6,23,-9,14,-12
18,-1,2,-3,17,-26,23,-5,25,2,13,-25
18,-4,13,-24,9,-26,6,-28,24,-18,8,-24
1,2,17,8,5,3,24,-9,6,-5,19,-23
13,-1,24,7,8,1,25,-5,7,-21,16,-2
12,-4,0,-9,18,-5,6,-2,20,-2,7,-13
12,-4,18,2,3,11,11,7,10,9,14,-14
12,-4,0,-21,0,-10,11,4,12,-23,7,12
11,-1,18,-5,8,14,14,-4,1,5,3,12
10,2,20,15,7,-20,24,-1,0,2,1,2
13,-2,23,16,9,12,5,8,1,12,19,9
3,-3,23,-8,18,-3,14,6,6,10,24,-8
7,7,0,9,16,-12,10,8,2,-2,24,15
4,11,26,-9,5,-16,1,4,13,-17,2,-13
1,6,9,0,15,19,21,-9,9,-12,6,-5
11,4,0,-6,0,-4,12,14,0,-12,3,-14
2,0,1,-1,14,14,24,9,0,0,5,4
4,-1,23,-5,21,10,2,-1,15,5,7,2
2,-1,13,-1,9,1,25,5,19,-7,9,9
16,10,7,4,8,-10,5,8,13,25,0,19
15,17,20,-10,22,12,16,24,25,12,5,-8
10,22,19,9,4,21,12,3,9,5,19,4
7,28,2,3,2,16,15,-8,23,21,3,9
13,25,18,21,4,-2,6,27,4,19,21,29
15,25,3,26,14,-3,21,12,5,14,7,21
24,9,8,12,21,16,1,2,12,28,1,15
15,0,7,0,7,30,10,24,5,2,5,31
26,25,12,7,1,22,14,27,3,13,10,32
26,6,22,17,8,13,12,32,23,10,12,8
12,8,26,1,3,-1,6,20,0,25,23,15
22,24,2,21,0,9,1,34,19,7,4,5
