-27,-20,-30,-4,-11,-2,-22,-10,-13,-22,-32,-2
-16,1,-14,-12,-22,-13,-25,-22,-10,-5,-29,-17
-1,-3,-4,-5,-30,-1,-2,-1,-7,-14,-13,-4
-6,-16,-30,-6,-24,0,-7,1,-11,-18,-36,-3
-14,-14,-28,-19,-1,-13,-23,-5,-28,-9,-18,-13
-18,-4,-10,-5,-1,-21,-7,-14,-21,-8,-34,-19
-5,-11,-8,-3,-6,3,-24,-4,-17,-10,-32,0
-3,-10,-31,-17,-6,-16,0,-3,-7,-15,-18,-19
-18,0,-35,-17,-33,8,-34,-17,-27,1,0,-9
-17,-1,-36,-7,-7,6,-19,-14,-30,-5,-6,-17
-17,2,-5,-16,-23,1,-18,1,-9,-16,-1,-8
-6,-1,0,10,-2,-6,-9,9,-16,1,-5,8
-8,-8,-26,11,-13,-10,-36,-8,-21,-6,-35,-11
-13,-5,-10,-10,-33,-5,-7,-13,-20,2,-4,-13
-5,-5,0,-12,-13,-10,-8,-6,-4,-11,-3,-10
-3,-5,-21,-7,-4,4,-17,-2,-4,-7,-20,-5
-10,-9,-21,8,-1,-6,-3,1,-21,4,-12,-5
-8,-8,-14,-6,-17,9,-31,-5,-2,-7,-33,6
-12,-6,-8,-3,-14,11,-19,17,-8,-3,-3,-2
-18,-3,-16,2,-17,10,0,-5,-36,-2,-8,-4
-4,-3,-1,-1,-2,-3,-14,13,-3,-1,0,-5
-6,-5,-22,0,-7,0,-11,-2,-9,0,-15,13
0,5,-5,-3,-3,1,-3,-4,0,11,-3,15
-2,-2,-11,12,0,13,-10,-2,-20,1,-25,21
-21,4,-15,20,-3,23,-32,18,-1,4,-2,-1
-22,7,-11,12,-12,12,-4,24,-2,6,-36,3
-22,4,-32,3,-4,21,-35,21,-2,5,-10,0
-20,-10,-12,-10,-19,-24,-19,-21,-35,-23,-32,-23
-2,-3,-20,-9,-25,-5,-8,-16,-5,-23,-10,-16
-26,-8,-17,-11,-22,-16,-32,-2,-29,-14,-31,-13
-17,-13,-23,-13,-31,-13,-22,-23,-24,-12,-24,-3
-5,-13,-28,-15,-1,-21,-20,-22,-21,-19,-23,-3
-15,-5,-10,-7,-10,-11,-21,-12,0,-14,-33,-13
-5,-7,-34,-2,-20,-6,1,-13,-16,-17,-16,-15
-16,-2,-10,-15,-2,7,-7,-16,1,-10,-1,-13
-14,0,0,-11,-30,2,-1,-11,-27,-6,-1,-11
-15,2,-16,6,-32,-15,-16,-13,-31,3,-32,-15
-14,1,-14,3,-19,2,-11,7,-34,-15,0,-6
-15,3,0,-11,-10,-2,-18,-10,-10,-5,-32,8
-13,5,-32,-5,-7,-13,-25,-2,-31,-10,-16,-6
-9,-9,-30,-10,-6,-13,-16,10,-14,-8,-15,5
-7,-10,-21,-9,-3,13,-9,6,-16,4,-35,11
-6,-10,-17,7,0,-5,-20,-7,-16,-6,0,-4
-15,-4,-20,-2,-35,-3,-23,0,-15,-5,-30,-8
-1,-1,-9,-8,-24,-8,-5,-6,-26,12,-34,11
-6,-8,1,-3,-9,-8,-14,10,-14,-1,-15,2
-15,-4,-11,-4,-8,-6,0,18,-33,-5,-10,12
-1,1,-27,19,-17,0,-5,-1,-18,1,1,20
-10,-5,-19,-5,-7,-2,-2,-3,-17,2,-8,0
-18,0,-20,1,-8,19,-20,-3,-18,2,-13,3
-16,-2,-33,22,-16,5,-12,-3,-16,3,-7,-2
1,0,-8,17,-23,10,-10,2,-15,-1,-21,1
-20,3,1,0,1,1,-21,4,-4,4,-26,18
-6,9,-28,18,-5,1,-3,24,-33,0,-2,4
1,-1,-34,-26,-3,-18,-14,-22,-34,-19,-18,-11
-34,-6,-8,-10,0,-25,-18,-10,-8,-12,-6,0
-25,2,-3,-18,-32,-13,-5,-20,-17,-23,2,-11
-18,3,-25,-7,0,-7,-28,-18,-16,-7,-27,2
0,1,-13,-9,-23,4,-30,-4,-28,-4,-11,2
-19,-20,-10,-7,-19,-12,-3,-10,-24,-7,-19,-21
-11,0,-31,-12,-24,3,-13,6,-3,6,-12,4
0,-8,-18,0,-15,4,-27,-2,-5,3,-12,-5
-6,-13,1,8,-11,-17,-13,-1,-17,4,-33,3
-7,-13,-33,-9,-23,-4,-18,1,-20,1,-28,-16
-13,-8,-34,4,-8,-14,-23,-3,-21,-4,-15,10
-5,3,-1,-9,-18,-5,-14,-5,0,-7,-34,9
-6,-10,-19,-13,-12,-11,-32,0,-32,2,-5,-12
-17,5,2,-4,-13,-4,-2,-8,-2,-8,-6,-4
-9,-6,-15,-3,-33,-6,-26,0,1,-1,-30,4
-10,-8,-2,-9,0,0,-13,-10,-1,5,-33,-10
-4,-5,-19,14,-6,-4,-13,-5,-14,-10,2,9
1,4,-27,17,-2,-2,-10,12,-31,7,-13,17
-18,10,-14,-4,-14,-3,2,-7,-15,1,-27,6
-7,-7,1,3,-15,-1,1,-3,2,-4,-12,-5
-15,-4,-10,-5,-10,-4,-26,-5,-17,-3,-17,15
2,5,-14,14,-12,2,1,19,-8,-1,-15,1
-10,-3,-18,3,-11,1,2,2,0,7,-15,6
1,4,-11,-3,-3,1,-23,9,-14,1,-31,21
2,5,-15,14,2,7,-9,3,-22,3,-8,0
-12,19,-21,24,1,7,-5,25,-5,0,-18,6
1,0,-22,13,-8,21,-1,25,-2,0,-20,1
-22,-11,-7,-18,-7,-20,-22,-10,-27,-15,0,-6
3,0,-19,-13,-3,0,-30,-11,-9,-5,3,-19
0,-7,-10,-14,-6,2,-5,-16,-2,-20,-3,-18
-14,1,1,-6,-7,2,-28,-8,1,-22,-15,-1
-26,-19,-23,1,-21,-12,-9,-6,-19,3,-2,-11
-25,5,-19,0,-26,-1,-10,-3,-27,-21,2,-5
-4,-5,-16,-7,-31,-7,-31,-16,-7,5,-9,-14
-17,5,-30,4,-30,-1,-1,-1,-17,-9,2,3
-1,1,-17,7,1,2,-22,6,-32,-13,-28,5
-15,-4,-10,7,3,4,-33,-13,-18,-7,-4,5
-3,-1,-20,5,-17,8,-18,3,-30,6,-23,8
-4,-1,-15,10,-16,-2,-20,-6,-32,-15,-1,2
-5,-11,-16,5,-18,-7,-20,2,-4,-7,-13,0
-7,-7,-2,-8,-1,10,-15,8,-31,4,-3,-11
-12,-5,-18,13,-9,-8,1,-3,-11,-12,-1,11
-11,-5,-20,-10,-7,13,-3,-7,2,-6,-17,-6
-7,-5,-17,13,-12,-4,0,-5,-9,-8,-11,9
1,3,1,14,-13,-9,-21,6,-24,15,-32,-7
-5,-8,-12,-2,-14,-4,-26,4,0,-5,-9,-5
-14,-3,-19,1,-17,8,-7,-2,-14,-3,-13,-1
-9,-6,-26,11,-3,0,-18,0,-17,2,-30,16
3,6,3,2,-14,2,-19,-3,2,4,-14,-3
-7,-4,-33,2,-3,1,0,-3,0,0,-2,0
-3,-2,1,1,-22,9,-18,5,-14,23,2,23
1,2,-17,4,0,-2,2,-2,-10,4,-29,15
-17,7,2,0,3,7,-17,7,-6,5,-30,24
-12,20,-20,4,-25,7,-10,5,-13,2,-2,5
-21,-1,4,-4,-5,-21,-32,-17,-24,-8,-2,-12
-2,0,-25,-23,-10,-24,-16,-15,-20,-25,-29,-9
-31,-22,-28,-8,-16,-10,4,-9,-4,-24,4,-8
-30,-4,1,3,-3,2,4,-10,1,0,-14,-12
-27,-12,-16,-13,-31,-22,-5,-6,-5,-15,-23,-15
2,-7,-23,3,-19,-12,-21,-16,-32,2,3,-6
-1,-3,-14,-17,-14,5,-29,0,-19,3,-12,-12
-19,0,-16,3,-30,5,-29,-19,1,-5,4,-2
-7,2,-21,-16,-18,8,4,2,-9,-6,-24,-16
-23,-8,-30,-14,-31,-6,-9,7,-18,-8,-30,-7
-17,4,-25,9,-12,7,-29,-14,0,-7,0,8
-26,-14,-20,6,-21,9,0,-5,-23,-7,-8,9
-10,7,-3,-7,-21,8,4,8,-5,0,-6,8
-25,9,-4,-4,-21,-7,-1,-4,-14,2,-29,1
2,-6,-24,-11,-5,12,-14,4,1,8,-19,-10
1,0,4,3,-14,-3,3,-10,-14,-10,-5,11
-13,-2,-18,-9,-11,-9,-12,6,-11,-8,-5,-8
-7,-7,-10,-9,-10,12,-21,5,1,-9,-1,16
-10,-5,-15,-2,-17,9,-14,-2,-1,-5,-13,10
-15,-1,0,-3,-12,-3,-30,-7,-21,6,-9,-3
2,-1,-26,-4,-3,0,-6,19,-27,5,2,-1
3,3,3,1,0,-2,3,2,2,4,-23,8
4,11,-16,1,-2,-4,-6,-1,-6,1,-15,-4
-11,0,-15,5,2,1,-5,23,-18,2,-3,22
1,1,-8,3,-1,3,-15,-2,-25,15,-20,3
-1,0,-5,5,-12,0,-2,5,-19,3,-29,0
-15,3,0,8,4,7,-24,4,3,1,-14,17
-3,0,-29,-2,-21,-13,-22,-13,-19,0,-21,-16
-22,-20,-18,-3,-21,0,0,-19,-9,-17,-1,-21
-2,1,5,-9,-15,-23,-1,1,-16,-22,-30,0
-22,-4,-21,-21,2,-16,0,-8,-27,-9,3,-3
-23,1,-25,4,-10,4,-31,-21,-8,-4,-21,-5
-5,0,-27,4,0,-4,-18,-2,-7,1,1,-12
-5,-8,1,4,-20,-15,-18,5,-29,-8,-16,6
-13,1,-19,-4,-14,-7,-11,5,-27,-11,2,4
-30,-5,-23,-18,-26,-3,-22,0,-21,8,-15,8
-30,-17,-27,4,-4,-8,-19,3,-22,-10,-8,-6
-20,1,-5,-9,-25,-2,-12,9,2,-4,2,-7
-1,4,-21,1,-6,10,5,6,-3,-5,0,5
-11,8,-22,-7,-23,6,-20,7,-5,5,-26,-3
-14,1,-14,3,-13,10,0,4,-6,12,-16,4
3,10,-29,-5,-14,6,-29,14,-25,-3,-22,-11
-7,-7,-20,-11,4,-9,2,-7,-12,-3,-11,8
-11,7,-31,-7,2,5,-23,8,-26,15,-24,-5
-13,10,-29,4,2,14,1,3,0,7,-30,17
1,-7,5,12,0,12,-9,18,-23,-4,-7,14
1,-3,-16,0,5,-1,-13,-3,-15,-6,5,4
1,1,-10,12,3,6,-4,-4,-14,2,-30,9
-1,-2,2,-4,-1,-1,-13,-5,5,6,-10,1
-12,1,-15,-2,-23,8,-17,3,-5,2,-2,-3
4,8,4,8,0,-1,-1,-1,-10,14,0,0
-14,5,-9,3,1,3,-16,16,-9,4,5,6
-11,3,-24,-1,-12,15,-4,5,4,7,-10,2
-11,5,2,20,0,7,-13,5,-8,3,1,4
-20,-26,6,-3,-17,-10,-9,-23,-9,-6,-12,-11
4,0,-3,-11,-15,-21,1,-25,-6,-21,-30,-10
-17,-9,0,-3,-17,-17,-15,-13,-23,-6,-25,1
-29,-13,-22,-9,5,-22,5,-12,-18,-1,-13,-9
-18,-21,-20,-4,6,-18,-10,3,-18,-8,-11,-13
2,2,-5,-21,-2,0,-26,0,-5,-5,-26,0
-19,-7,-23,-6,-20,-15,6,5,-11,-18,-7,-4
1,4,-18,-1,-17,-15,-30,-11,-15,-19,-29,3
-20,-13,-28,-10,-20,6,-23,-5,-18,5,6,0
-19,7,-24,6,-27,-7,-28,-4,-20,-7,-5,-1
-22,-8,-18,-8,-25,-7,2,4,-19,2,-9,0
-3,-8,-3,2,3,-1,-25,-6,-2,10,-20,-12
2,-1,-23,5,-28,1,0,10,-20,-12,-8,7
-23,-13,-27,-3,-30,-11,-26,-6,0,-1,-22,12
-17,-7,-20,-3,-6,10,-26,-8,-11,10,-18,5
-18,-6,-22,9,-13,3,-10,12,-1,6,-22,-4
-17,-2,-12,10,-18,-7,-17,-9,-28,1,-21,15
-24,6,-2,9,-13,14,-27,9,-17,8,-22,13
4,1,-23,4,-25,8,-22,2,-20,13,0,-1
-1,-5,-11,-3,-9,12,-11,-2,4,3,-19,18
-8,12,-13,8,0,-4,-13,11,-13,-1,-9,3
-5,-2,3,0,6,9,-7,-1,5,-5,-15,-3
6,10,4,1,-27,5,1,-1,2,-1,-7,-1
-4,-1,-4,1,-7,5,0,-3,-28,5,-21,-1
1,1,4,23,-6,18,-26,10,-9,4,-19,10
-13,7,0,5,2,5,-3,14,-18,17,2,6
-3,2,-29,4,2,4,-1,3,-12,5,-14,4
-29,-10,-22,-22,7,-14,-3,-3,-12,-6,3,-6
-22,-9,-20,-11,-6,-25,-6,-22,-4,-7,0,-19
-21,-23,7,-14,-2,-3,-28,-19,-25,1,-26,-6
-14,2,-20,-11,-22,-9,-1,0,7,-21,-19,-10
-16,-9,1,0,-16,-12,-29,3,-16,2,5,0
-19,-17,-27,-6,-6,1,-12,1,0,-6,7,-18
-20,1,-3,-11,-4,-3,-18,-3,-12,-1,2,4
-22,-15,5,5,-7,-4,-20,-18,-24,-19,-1,-1
3,-9,-20,-3,-29,-14,3,1,-18,-14,-20,-3
-19,-7,-24,6,3,1,-18,-11,4,-4,-20,7
-16,-15,-20,-13,-5,10,-29,0,-22,-8,-21,-1
2,-4,-18,-7,-25,11,-26,-10,-27,-10,-3,8
2,-1,5,1,-9,12,-22,-7,-11,7,-19,7
3,1,5,-1,-17,9,-23,2,-2,9,-1,7
-15,-10,-3,6,-12,-10,-22,11,-8,-1,-22,-9
-18,9,-21,6,-11,0,4,2,6,8,-2,13
-17,-3,-4,8,-19,0,-13,2,-1,7,-12,10
0,4,-29,-7,-26,-4,-19,6,-29,2,-27,4
1,-4,-1,-5,2,-2,-16,-4,-2,18,2,-7
2,-1,-4,-5,5,-2,-9,1,-1,-5,-26,10
-2,-3,-8,11,3,-4,-7,-6,-11,3,7,8
-7,2,5,3,3,-5,-15,13,-11,13,-13,3
-9,5,-8,3,0,-2,6,-1,-8,4,-14,-1
2,2,3,20,4,-2,-26,6,0,2,-29,7
-8,4,-4,4,3,-1,2,23,0,-2,-12,0
-12,18,-7,5,2,25,-4,1,2,6,-10,6
-5,6,-6,12,-11,0,-26,12,4,7,-29,25
3,-4,7,-4,-15,-12,-25,-22,-2,-18,-1,-12
-2,0,-9,0,-23,-22,-2,-11,-25,-8,6,-13
2,-4,-16,0,-10,-20,1,-23,-28,-4,-20,-18
-15,-12,6,-20,-5,-16,-10,-21,-3,-17,-15,-7
-13,1,-22,-6,-20,-8,-28,-22,-24,-21,-2,-7
-18,-4,-9,-21,-17,-13,-5,-6,1,0,-17,-2
-25,6,-15,-20,4,-12,-5,-9,-17,6,-26,4
-26,6,2,0,-27,0,7,3,-1,0,-19,-14
-13,-1,-20,-9,-8,-3,7,2,-6,-2,-18,-2
2,1,-3,0,-28,5,5,4,-3,7,8,7
4,-8,-22,-7,-20,-16,5,-4,-11,0,3,-1
7,2,3,3,-8,-1,-18,-2,-20,-14,7,9
5,0,0,-7,-5,-4,4,-7,-13,-3,-27,-7
-1,-12,-19,7,7,12,5,6,2,10,-18,-2
-11,14,-11,-3,-15,-10,-12,-1,-12,-1,-14,-3
4,-1,-23,-3,-5,-2,-8,2,-15,-3,4,7
-10,-1,2,7,-8,3,-23,0,3,9,-20,1
1,-2,-23,4,-19,-4,-3,12,-14,-3,-26,0
8,4,-14,6,-2,10,0,7,-24,16,-6,4
-3,-3,-7,-4,3,-6,-7,-7,-2,-6,-10,11
-5,0,-25,16,8,4,-13,10,5,5,1,-1
-4,2,4,-5,6,5,-14,-2,-9,13,-8,12
-5,3,-4,3,0,1,0,0,3,-4,6,-4
-3,2,-10,3,-13,12,-1,1,-5,-1,-15,4
-4,3,-10,5,-10,0,7,8,-13,2,7,2
-9,8,8,15,1,25,-15,4,-9,0,-2,0
1,5,-18,14,7,3,-10,1,-1,3,-24,0
-18,-4,4,-13,-6,-12,4,-18,-1,-10,-19,-21
-17,-1,-16,-1,-22,-21,-4,-19,-5,-5,-21,-16
2,2,-27,-23,-10,-18,7,-13,-22,-21,-10,-9
4,2,7,3,-27,-13,2,-10,-14,-9,-19,-2
-24,-17,-3,3,-11,-19,7,-12,-7,-19,2,-15
-21,-1,-3,1,0,4,-23,-5,-27,5,-1,-3
-15,5,-17,-17,-7,-2,-15,-8,-27,-16,-23,-2
-1,-9,6,-7,5,-6,-4,-6,-18,7,1,-11
4,-3,-12,-3,-14,2,-7,4,2,0,0,-11
4,2,-1,3,5,-1,-8,-5,1,1,-15,-7
1,2,4,3,-24,6,-18,-12,-12,6,4,0
8,0,-18,-4,-23,3,-2,-9,4,3,5,1
-12,-7,-23,-2,3,-1,4,6,-26,10,-13,3
-12,-8,-19,-5,-2,6,-26,12,-23,-11,2,7
9,10,8,3,-25,11,-15,-12,5,-2,2,4
-10,14,-17,-10,2,7,-27,9,3,14,-16,6
8,8,-14,-2,4,1,-2,-2,-9,2,-16,11
9,-9,-22,-8,-19,1,-8,-9,-11,11,-21,6
2,4,-1,14,-10,9,-10,-6,8,14,-27,3
0,-2,4,0,2,-3,3,1,5,0,-10,-4
2,0,-10,11,-5,-1,5,-4,9,19,9,6
2,-1,2,-3,-12,13,1,17,8,-3,1,1
6,6,-5,-2,3,20,1,-2,1,0,-22,-4
-2,4,3,-2,0,3,-3,-1,-15,13,-7,13
-10,15,-14,3,-18,21,-15,20,6,4,-5,6
-9,6,-4,7,-2,5,7,0,3,2,-9,25
3,6,2,25,-7,7,-2,1,6,2,9,4
-25,-20,7,-2,2,-6,6,-11,-9,-1,-15,-25
-17,-13,3,-2,-4,-23,-8,-2,-16,-22,-12,-19
6,2,-20,1,-26,-18,2,-15,-10,-24,-6,2
7,-2,-11,3,-17,-9,-25,-20,-25,-15,-13,1
-24,-16,-15,-11,-16,-13,-25,0,-2,-12,2,-8
-21,-3,10,-2,-1,-14,-20,-2,-8,2,5,1
-20,6,-10,6,-24,-19,0,-5,-1,3,8,3
0,1,-12,-10,-10,-14,-3,1,-3,2,-15,7
-4,7,-1,5,3,-2,-8,-5,-17,-18,-21,-13
-19,7,-7,-2,-16,-10,4,-16,6,2,-1,1
-22,-3,-17,-7,-19,9,-23,-3,10,6,-10,4
-8,0,-15,-9,-11,8,-5,-3,-2,-2,1,-6
-7,-2,-9,-4,-8,-1,-2,5,-17,11,-8,0
-11,6,-13,6,-11,6,3,1,-2,-5,2,8
-4,5,1,11,-21,-5,5,10,0,-1,2,7
6,6,-19,-6,-7,8,-16,-8,-2,8,-16,15
9,13,-3,16,10,13,-14,8,-8,12,-24,-3
9,11,0,1,-26,11,-23,-1,-7,15,5,9
-5,8,-7,5,-17,-6,-25,-7,-21,-2,-17,3
-6,3,6,-6,-7,-7,-5,1,-19,5,5,-7
-5,3,-13,-3,-9,13,-10,-5,7,-5,10,-4
-7,5,-18,8,-5,-2,-11,0,-22,11,-10,-2
3,-1,0,2,0,1,-26,-1,0,5,7,-4
0,0,-1,-2,-4,3,10,8,-8,1,-2,-2
-7,5,9,6,-16,14,-11,12,-1,2,-8,1
5,3,-15,0,8,7,-3,1,9,3,-11,5
-8,8,-20,1,-5,5,-13,7,6,2,-7,4
-22,-16,-21,-4,-21,-15,-4,-3,3,-13,-4,-16
-18,-13,-11,-3,2,-11,-3,0,-23,-2,-18,-24
-17,-6,5,-1,8,-7,5,2,2,-20,-8,-20
-15,-1,0,-14,-10,-15,4,-7,-25,-10,5,-4
-14,-18,1,-5,-13,2,-16,-8,-20,-21,-14,-6
-2,-10,10,-2,3,-5,-21,4,3,-6,-12,-2
-12,4,-2,3,-19,-19,0,-5,-1,4,-21,-7
-9,-10,-25,-14,2,0,-20,-8,7,-8,1,5
-11,-1,-16,-12,-22,-17,-23,-15,9,2,-18,5
-21,1,-16,-15,5,-2,-15,-15,-12,-6,-15,-9
2,0,5,2,6,0,-2,9,-19,-1,-4,-1
-18,-10,6,11,-21,-13,0,7,-20,9,-12,5
-20,2,8,11,10,2,-20,-7,-21,-4,-20,8
-1,9,1,12,8,7,-15,-6,-8,1,4,0
-14,7,6,0,-21,-8,-15,-4,-20,8,0,-4
3,5,-25,1,-16,-10,3,1,5,0,-20,4
-20,-3,5,-1,-25,9,-20,4,5,12,-21,-4
-4,13,-22,-3,-13,10,-24,1,-18,14,-3,0
-9,14,-10,1,-16,16,-19,1,-20,1,-3,3
-2,-2,-22,9,0,15,-5,2,-22,1,-3,-1
11,7,-11,0,-20,8,10,6,-5,1,-5,18
-2,-1,-2,-2,-2,1,-17,8,11,-5,9,-1
-5,4,5,-4,-1,-4,3,-4,-10,14,10,-3
7,3,-12,7,-7,4,-1,1,11,23,-4,16
-2,1,9,7,4,22,6,0,-7,4,-2,-2
10,11,-7,8,-23,7,9,5,-3,1,6,1
-3,4,-21,17,-3,22,10,6,-3,1,-6,1
9,0,-15,-18,8,-2,-22,-16,-17,-2,1,-2
9,-5,-12,-24,-12,-16,8,-17,-21,-14,3,-6
-8,-11,-6,2,11,-3,4,0,-12,-16,-2,-6
-10,-13,-11,-12,-24,3,-24,-5,-15,0,1,-10
-24,-11,1,2,-9,-17,-15,-1,-8,-19,9,-14
-6,4,-1,4,9,-19,2,-12,-8,-15,-7,5
1,-12,-20,3,-11,-7,-22,-8,-21,-10,-14,5
-21,-15,-22,-2,-24,-7,-9,-4,6,0,-21,-8
2,-9,-22,3,-20,-1,-11,-5,-9,-2,-11,-1
2,-9,4,-3,3,-5,-15,-5,8,1,-3,-6
2,-1,-10,-5,2,-8,-17,-11,-5,-1,5,-6
-19,10,6,11,-6,-12,-19,6,-17,10,2,-7
-16,6,-11,12,-14,-10,0,-4,-22,10,-9,11
-6,11,-17,-12,2,10,-8,-10,12,8,-1,4
1,0,5,-1,-22,9,12,7,11,1,8,0
3,7,-12,9,-17,-5,-16,-9,-21,-10,0,-1
-11,0,-20,-2,10,13,-24,13,-16,9,7,0
2,4,-14,-9,-23,1,-1,8,-20,-3,-3,8
5,2,4,2,-17,7,0,0,-1,18,5,11
-4,0,-1,0,2,-6,-19,-4,1,-4,-12,-7
8,-1,-18,6,-3,-6,-5,1,12,4,-3,-1
-3,0,8,2,3,-5,-12,1,3,-3,-8,-5
-6,2,-8,0,-21,9,5,2,10,0,-3,4
10,7,-3,5,1,-3,-5,5,-9,4,-2,14
6,0,-3,0,0,3,3,1,2,1,-4,3
1,0,-4,1,1,0,-5,5,8,11,-7,0
-6,5,-11,18,1,21,10,26,-11,5,3,4
9,-6,-5,-14,10,-16,2,-16,-5,-12,-7,-16
-22,-8,-14,-8,7,-6,-4,-14,-8,-2,-21,-13
-23,-14,-22,-24,-18,-13,-11,-22,4,-14,-14,-2
-1,-10,-9,-5,-2,-2,-15,-20,11,-7,-2,-1
-7,-12,-1,-2,12,2,-14,-11,-4,-10,9,-14
-22,4,-14,-3,-4,-8,-1,-16,7,-5,0,-11
-1,2,-19,-9,-3,-18,-23,-8,1,-14,-8,-8
-3,5,9,-9,-16,-6,1,-6,3,-2,-8,-9
-21,-8,-22,2,-7,-10,4,3,-19,-1,-4,-4
-14,3,1,-5,1,1,7,-5,-12,7,-10,-7
-17,-7,-2,-1,-6,0,-15,9,-9,-4,11,-3
-6,-2,0,0,12,-4,-8,-6,6,-3,-17,5
-6,1,1,-1,-17,-6,-4,3,11,11,-11,0
-16,-7,12,4,-11,-7,0,1,-23,1,1,-4
-6,11,-14,-12,5,7,-13,-6,-8,12,-18,-5
4,-1,-6,13,1,0,12,8,-16,-4,12,8
-1,1,-23,11,8,-7,3,2,-19,13,3,11
-21,15,-14,1,-2,1,-4,4,-6,15,-23,17
-9,-2,-21,4,-17,7,-22,12,7,2,-16,2
-2,-3,-5,-3,2,-4,4,-2,-2,-3,2,-2
10,-1,5,-4,1,-5,-5,2,-16,7,11,-3
0,-3,0,1,-16,6,3,-1,7,1,9,-3
13,12,-4,-2,-22,22,8,0,-14,9,9,-3
13,14,4,-2,-1,1,-4,-1,8,-2,-9,-1
-4,1,5,2,12,24,-8,5,6,4,9,3
9,1,-4,6,11,25,-6,5,10,25,-6,16
-5,3,-16,3,-3,10,11,2,-3,18,5,0
-22,-23,-19,-15,4,-6,7,-17,-11,-17,11,-13
1,-12,-15,-19,7,-16,-13,0,5,-14,-12,-16
-21,2,3,-14,-1,0,-17,-18,-1,0,-16,-14
-19,-6,5,-1,-19,-17,-5,-3,-1,-1,0,-7
0,1,-7,-1,2,-7,-20,3,-17,-9,-16,1
-16,0,-7,-19,5,-6,-11,-6,-13,-16,-18,-14
-5,1,-18,-1,-1,-8,-8,-8,-14,-4,-21,-6
4,-2,-20,0,-20,-1,-5,-8,4,-7,-7,3
-18,-4,7,-5,-12,-16,-11,8,-11,-12,-10,7
-16,6,-3,5,-2,2,-20,6,14,6,2,9
-17,6,-19,-14,-12,2,-8,-3,-14,7,-10,-14
-12,-8,7,-5,-11,-4,4,1,-1,6,8,-2
-22,9,-8,-1,9,7,5,8,11,4,-21,-3
-10,-10,10,-4,11,-4,-5,3,14,6,-13,-10
-11,11,9,3,-19,-9,8,-3,7,2,-11,10
-2,3,9,-2,-17,10,-12,-6,-19,13,-14,-2
-19,-10,-12,3,5,10,-15,4,0,-6,-16,-10
-15,14,14,15,2,-1,12,3,-20,1,-17,5
13,2,13,-5,-7,8,14,-5,3,-7,5,-5
13,2,-20,9,-13,5,11,-4,-6,-2,-1,-6
9,-4,10,0,-11,17,2,1,2,5,3,-5
-5,0,2,1,-1,12,4,-3,2,-4,7,-1
11,0,6,2,6,-2,13,-2,-3,13,6,1
-1,-1,-20,-3,-2,3,-21,-1,-2,5,-8,15
14,6,-8,2,-1,5,2,4,12,1,14,5
-1,0,8,2,0,-1,-2,6,-8,1,2,-1
13,5,4,19,-1,4,-1,7,14,8,-6,1
0,-14,12,-12,-13,-7,3,-9,-20,-7,13,-11
-13,-1,-13,-1,-4,-4,7,-6,-17,-10,15,0
-7,-5,-18,-11,-4,0,8,-3,14,-6,-2,1
5,-1,14,0,-8,1,-14,-7,10,-3,-2,1
-4,0,7,-1,8,-5,-17,-21,1,-7,13,-6
3,2,7,-6,-20,-9,8,-11,-15,-13,2,-12
-12,-13,6,1,10,-7,6,-3,-5,5,-12,-10
-9,5,-1,4,-15,-16,-7,-5,-18,-6,-15,7
13,3,11,-5,1,-2,-2,3,7,-7,-18,-8
2,7,-10,-13,-13,-13,-5,9,6,-5,-11,5
-11,4,-15,2,-18,-1,11,-3,-4,-6,1,10
-18,-12,10,1,15,9,-9,-12,-5,9,1,-2
-7,12,-20,-5,-8,-11,8,8,13,5,-7,-2
-10,9,8,6,7,-1,-12,-8,-14,6,-15,-1
-8,9,-14,-3,2,0,-16,4,3,-3,7,-2
0,4,-16,-4,-12,15,7,14,7,5,12,6
-11,8,-16,-5,-13,16,-16,16,0,6,11,0
-4,-9,11,3,-4,11,-14,16,-14,-3,-2,10
2,-7,1,0,-1,-5,11,-5,0,-5,1,-4
-1,-5,-1,0,7,-3,-11,7,-7,-6,0,-7
12,1,-5,9,5,9,7,-5,7,-5,7,20
1,-4,5,0,4,10,-10,-5,-5,-3,11,-2
14,2,-8,2,13,21,14,5,9,-4,9,-3
-5,4,2,-2,4,1,10,2,13,3,1,-3
15,4,-8,5,15,24,13,23,13,24,13,0
0,-1,-1,15,-12,12,13,3,15,12,1,4
-5,19,-5,8,7,0,0,2,11,6,-18,0
2,-12,14,-15,-20,-3,-9,-6,-2,-15,14,-8
-14,-9,-15,-7,15,-10,-5,-1,-19,-9,-16,-20
8,-10,2,-9,13,-2,-13,-23,-10,-4,5,-17
-8,-4,-7,-10,1,-10,4,1,-6,-4,-16,0
-3,2,4,-5,1,-7,-20,-5,-12,-7,-13,-11
-3,-11,-8,-19,2,2,-6,-2,-8,-4,1,0
4,-8,4,-18,-7,1,-14,-2,-4,6,9,-11
1,2,-19,-12,-13,-11,2,-6,8,0,-9,-14
-2,-16,-15,-6,16,7,16,-13,-4,1,-17,-12
12,-5,-7,7,4,4,15,-4,-16,-5,-9,-7
-1,-1,7,2,14,-2,9,2,11,1,-19,2
4,9,9,6,-14,-13,0,6,-7,4,8,-4
-5,8,0,-1,3,11,-2,-5,14,0,-20,-12
5,-3,9,1,-17,11,-3,11,-5,12,6,12
9,9,-10,-2,-20,-7,4,-11,15,2,4,4
-15,-5,10,-1,-16,-11,-20,10,-4,1,-20,-4
11,2,-3,11,-13,8,-15,8,13,14,-13,-4
0,-8,7,-7,1,9,-8,-2,-18,12,0,-2
2,1,-1,0,-1,-7,-3,10,-7,-5,1,-4
0,-7,-4,-6,4,-4,5,12,16,9,-2,1
-2,-5,0,-5,-3,-2,3,1,-3,12,1,1
16,0,1,-4,-3,0,0,-3,7,-4,0,-1
15,-2,-3,0,3,-1,2,4,-10,18,5,0
16,0,-3,2,7,1,-3,5,16,3,13,0
16,2,14,8,-1,7,2,-1,-19,2,6,3
15,3,7,24,10,25,16,-1,-8,6,8,3
2,0,8,0,-6,16,2,2,-2,3,3,2
-1,-3,-6,-14,-11,-15,-15,-17,11,-17,-6,-14
-19,-10,-18,-11,-17,-18,-9,-24,4,-9,-3,-4
0,1,-12,-11,-13,-19,-14,-1,3,-12,-5,-1
-9,-7,13,-8,-12,-14,-17,-4,-5,-12,12,3
7,-11,-17,-17,-8,-18,-10,-22,11,-1,-7,-6
13,-5,1,3,13,-12,11,-11,3,-10,-13,-17
-9,-12,-16,5,-3,-9,10,-3,17,-3,-5,-5
15,-1,-14,-8,-16,-12,5,-8,-15,-1,7,-8
-3,-17,-5,2,8,-11,-9,3,-11,-10,5,-10
2,2,-14,-13,0,-3,-17,-8,17,-5,-1,-13
8,-10,3,-15,11,-8,-18,-9,-4,-1,-19,5
17,8,-8,11,13,-3,6,1,1,8,12,-6
7,0,4,6,-10,6,17,12,-13,-9,13,12
8,-2,-11,8,14,3,-5,-5,12,-5,11,7
5,5,10,10,-14,11,6,-5,-16,11,1,0
14,1,1,0,-4,1,-11,-4,-12,-10,7,-4
4,-10,5,-10,-2,-3,1,8,-5,7,-6,-7
15,-6,4,-4,-11,6,2,10,15,-9,-1,-7
15,-6,2,1,10,-7,-3,6,10,-5,-5,8
13,-7,-5,0,14,4,2,-3,-3,7,1,-6
-2,-4,17,-2,-11,-5,-18,13,-4,0,11,-3
11,3,-2,-2,15,-3,2,1,2,13,-1,-4
4,15,3,0,5,3,13,-4,9,-1,10,-1
5,17,10,3,-7,13,13,1,-16,6,13,3
-3,4,-3,16,8,1,-4,0,12,4,-3,0
-1,-1,16,11,-4,12,1,0,-8,16,-4,7
16,1,-4,6,1,8,-2,7,9,26,15,11
10,-1,9,-16,10,-3,-11,-5,-13,0,12,-2
17,1,-5,-10,-6,-12,7,-14,17,-1,7,-15
-8,-9,-17,1,-12,-6,-18,-10,-13,-2,-10,2
-3,-9,-11,-12,-16,-11,4,-13,-16,-22,11,0
-10,-6,-7,-19,0,-5,-4,-1,10,-2,3,2
-10,-6,17,-8,-6,-4,-11,3,10,2,0,-1
-13,6,12,4,13,-1,-6,-11,-7,0,-6,-16
16,-3,-17,-7,-14,-11,16,3,4,-1,-15,-11
-6,5,-9,3,-15,-4,12,-7,1,2,17,-4
15,-17,8,7,-2,3,12,-3,0,-7,6,3
13,-2,11,-12,-3,-13,-3,1,4,-9,-3,-9
4,-10,-9,-14,-17,6,-4,8,7,0,13,-3
-15,-12,9,-1,-18,-13,16,-9,5,3,12,7
-11,-6,-18,-9,-16,-4,3,12,-18,11,-7,-7
7,9,-6,-6,-16,2,-1,-3,-1,9,1,8
16,2,-4,8,5,6,7,15,1,2,-17,-3
4,-8,9,-5,13,-10,11,10,2,0,-7,3
15,-7,1,-3,1,1,18,-1,-8,-3,-14,-6
3,2,-18,9,15,-5,-2,-1,-16,11,6,-6
13,-7,3,-2,8,-3,-4,-3,-18,1,7,-7
-3,12,15,17,0,3,2,0,-5,12,-3,12
17,-2,11,-5,8,-2,-5,1,5,-5,5,0
-2,0,18,2,16,3,14,2,6,-4,-10,9
1,16,15,1,18,10,-4,-2,-4,5,6,1
-3,6,2,6,17,3,-18,5,-15,2,-16,-2
11,7,-9,12,15,3,16,7,6,2,-11,16
-2,5,15,2,-4,17,-6,14,3,19,-1,8
-15,-15,-16,-21,-3,-1,-10,-7,-12,-8,3,-17
-1,0,-13,-5,-9,0,1,-15,-9,-20,-11,-12
7,-8,-12,-3,7,-5,-1,-15,13,2,7,-6
-16,-2,1,-6,5,1,1,-12,-13,-14,-14,3
12,0,-8,-17,7,-10,12,-14,-11,-18,8,-7
3,4,14,3,-12,-3,-12,-8,16,-6,2,2
-16,-15,10,0,5,-6,5,-9,-14,-18,0,-11
-3,4,8,-7,8,-3,-11,-12,-9,-8,8,-8
-9,7,2,1,-11,-7,1,-6,10,2,-6,-9
13,-5,3,3,-7,-2,-9,-11,-15,-10,13,-6
2,-10,8,-11,-16,-9,9,-3,13,-12,18,-7
-17,-15,-3,-15,6,0,-13,7,-10,0,-8,-6
-5,3,-10,-6,-4,-3,8,3,7,-2,-4,-1
-11,12,2,-2,-13,-7,5,-1,12,-4,5,-3
-5,6,-17,13,-17,12,15,-3,-17,13,-7,11
11,2,-2,1,-4,-11,-2,11,3,0,19,12
13,1,13,6,9,7,-13,14,6,-1,-16,-4
16,-8,9,4,-9,9,-15,7,3,10,16,-4
17,-8,5,-1,12,14,10,-8,0,-4,-3,-3
-1,-4,11,-6,-8,8,-15,1,8,5,10,-1
0,-5,18,12,8,12,18,-1,18,4,0,-1
2,-5,1,3,-7,7,11,2,19,-1,-13,20
11,3,-16,18,-2,2,-3,11,5,15,7,3
-1,-1,13,-1,-10,1,14,21,1,-3,-4,1
-3,16,2,-1,2,22,-4,16,13,-1,18,0
19,0,16,-1,12,11,-6,1,5,2,3,2
-1,0,16,3,9,16,10,25,8,13,10,0
-7,-24,17,-7,-6,-20,-11,-25,-8,-6,-5,-23
-11,-16,0,-1,2,-5,-1,-13,20,-7,-16,-24
5,0,20,-7,19,-12,5,-10,15,-10,-10,-2
14,-7,4,-5,7,-4,-9,-5,-5,-16,4,-1
5,1,0,-10,-12,-21,10,-1,-4,-1,2,-3
-3,-1,-16,-12,14,1,6,-12,-7,-7,-15,-21
8,-1,12,3,-3,5,-14,-18,-2,1,-5,-18
6,-9,-1,-8,4,2,11,-1,-10,-6,-12,0
17,-5,-13,-11,12,8,-12,-3,-13,-3,10,-1
15,-9,-14,1,-10,9,-15,-8,-13,9,-1,-16
19,0,15,-5,13,-2,-8,-5,-7,-5,-7,4
14,7,-1,-2,-10,5,13,-13,11,-6,-14,6
8,-5,9,8,4,10,17,10,-6,-9,13,0
11,1,13,-8,-12,-10,-12,6,8,-6,-9,9
-3,10,-12,-2,1,-1,-2,-2,-9,-9,9,10
16,7,2,3,2,3,-13,13,-16,-10,-10,6
-8,0,-13,2,-5,11,0,3,8,15,-10,6
12,-1,12,15,-2,10,-1,11,-4,-7,-16,4
1,1,-10,-8,-1,-6,-9,1,20,-7,19,4
-6,2,14,-2,-14,-4,20,7,12,-1,20,8
-1,-3,15,-3,-15,-4,11,1,1,-4,7,2
-1,-3,11,-5,17,14,-15,-1,10,-3,20,0
-2,3,13,-3,7,10,-12,9,9,5,19,7
20,15,10,-3,14,4,-12,11,15,-1,3,-3
4,18,20,6,-11,0,20,7,14,3,18,6
-3,17,3,16,-10,-1,6,2,0,17,2,5
-2,5,18,1,-16,15,-8,14,-7,22,1,6
-3,-17,20,-6,-13,-22,-9,-26,17,-11,12,-10
-4,-14,21,-23,-8,-3,12,-17,0,-13,12,-4
-13,-3,7,-2,21,-2,-15,-5,-5,-15,6,-10
11,-5,-10,-7,0,-2,18,-15,20,-7,-6,-11
-8,-2,13,0,19,-4,-6,0,3,-5,-6,-16
13,-4,-12,-2,-1,-21,-8,-21,-10,2,11,-7
3,-6,6,-10,-10,6,4,-5,-6,-10,0,-15
1,2,2,-17,8,7,7,4,16,2,-3,-6
4,2,13,-10,-3,7,19,-5,-6,-14,-3,-17
4,-6,5,-3,-12,-1,3,-2,16,-5,20,1
-11,-5,-5,-1,-3,-8,-11,-13,-4,7,9,3
-14,-14,-15,-7,-4,-1,10,8,-3,0,8,-14
16,6,2,1,0,-3,-8,-10,6,11,-7,-10
-1,8,19,5,15,-3,-7,9,21,11,13,4
-9,-2,18,3,-10,-11,7,-6,-5,-12,-7,-4
-12,-5,-12,13,20,-1,11,8,14,13,-12,-6
-11,-9,-14,7,-11,4,3,8,7,12,-6,-10
5,3,18,7,5,16,10,5,-15,8,-9,-4
11,-1,8,-4,-1,6,14,15,11,-8,9,17
-1,-4,5,-1,-2,-2,16,-6,3,1,1,11
0,-6,16,-2,17,20,7,1,5,0,4,-3
15,5,19,-3,-11,15,9,0,20,20,10,-2
-2,3,6,0,4,16,4,12,-10,17,19,22
-2,3,14,0,-1,15,-14,10,-4,9,-1,4
-1,-1,-1,0,-14,-1,13,3,2,15,20,-2
-2,3,0,2,3,17,17,21,11,13,5,1
-2,2,-7,7,3,15,7,17,-2,2,-15,12
0,-4,-13,-3,-13,-10,3,-5,-7,-16,-12,-7
19,-6,-10,-12,-8,-16,-1,-3,-10,1,-7,1
-4,-13,19,-17,-6,-21,-11,-21,-6,-24,-14,-6
-12,-21,5,-13,-7,-6,-8,-6,-1,-16,7,-21
-7,-5,6,4,-7,-21,21,-5,-1,-12,-14,-6
-11,3,-14,3,-7,-14,22,2,20,-3,-2,3
1,6,3,-13,-1,-5,-1,-12,-3,5,-10,-8
-13,-3,1,0,-11,-19,16,-1,12,7,0,6
11,-7,-6,-16,2,8,-11,-7,-10,-18,-2,8
6,6,7,-6,-5,8,17,-1,13,0,13,3
1,-5,-7,-1,11,7,12,-10,13,8,-3,-8
19,9,-13,4,5,-12,10,-15,-7,-1,-2,-6
-1,-14,3,-3,4,10,7,8,-13,-2,-10,-5
21,11,-11,4,17,1,18,4,-9,-9,5,-2
-11,-1,12,-1,12,-1,-6,3,-2,-1,0,12
0,9,-2,12,10,-5,-11,-4,0,4,21,9
-6,-10,-8,11,-13,-1,18,4,9,10,-3,1
13,4,18,7,-4,-6,-1,-6,-12,5,18,6
17,8,19,14,0,-3,17,-1,8,-3,11,-2
-1,-4,6,10,0,0,-2,-2,-12,-1,17,-1
3,14,10,-2,-13,-2,-4,5,0,-2,19,20
4,11,13,-2,2,1,-9,-3,-1,1,13,-4
-2,2,-2,8,3,-3,3,-3,9,-3,6,-4
-3,4,5,2,-2,2,11,-3,9,4,9,3
6,9,-12,0,2,21,13,-1,11,-2,4,3
22,18,9,1,10,9,11,8,6,8,4,6
7,13,-4,26,9,16,17,18,-2,9,9,23
12,-3,4,0,9,-16,2,0,10,-16,17,-8
-12,-2,-1,1,22,-5,5,1,3,-4,-4,-7
-8,-3,16,2,1,-2,-3,-20,12,-13,-8,-4
-8,-12,-7,-19,8,-7,-4,-15,-6,-14,-11,-7
-11,1,-1,-8,16,-2,-1,-1,-10,-3,18,-1
17,2,-11,-17,2,5,22,-3,23,-7,-6,-12
11,-7,-5,-1,-11,5,20,-10,21,3,-8,6
-13,-7,-5,3,-11,3,-12,-2,13,-1,14,-6
9,-3,16,6,5,8,-2,7,1,-5,-6,-14
-7,-13,9,-7,3,-5,21,-2,0,-8,17,-7
-13,-12,7,-1,18,6,16,9,7,-4,17,-1
-10,7,-8,4,-4,-7,-9,-4,-10,-3,-3,-9
1,2,-10,12,-13,3,0,9,11,2,10,7
3,3,9,-1,5,6,-6,-7,19,8,2,3
11,13,-2,7,1,3,15,14,-8,-10,-13,-9
21,15,19,0,-12,11,-3,7,-7,-4,18,6
-3,-8,-8,0,-10,2,-5,7,20,-1,-5,13
12,6,10,0,7,11,6,9,8,-9,-6,7
19,3,9,11,1,0,4,-4,-10,13,9,-7
19,8,8,-7,0,-1,19,-6,8,2,23,-7
15,3,7,4,-2,11,7,-6,22,20,6,11
3,15,13,-3,-12,12,13,-5,10,0,15,-3
-1,0,-1,1,1,9,20,14,7,13,0,2
20,12,9,22,-4,18,-1,1,13,4,13,7
-4,8,16,10,23,17,-8,-2,17,15,-7,4
-8,13,-9,5,21,16,-2,3,-12,16,8,11
-13,17,0,9,15,10,-9,2,6,19,16,24
-7,-11,-3,-1,20,-12,-9,0,0,-25,-10,-22
-1,-7,2,0,-1,-25,5,-2,-12,-19,0,-18
-5,-23,16,1,15,-2,16,-4,1,-8,23,1
17,-7,18,-9,-11,-18,3,-13,-2,0,1,-9
-7,-18,-1,-9,11,-1,4,3,4,1,4,0
3,0,1,2,18,-9,-8,2,13,0,17,5
-6,4,6,-18,16,-2,-9,-14,-10,5,-5,-2
-7,-16,-9,-18,2,4,1,-7,2,-3,-6,2
-6,-11,7,-4,17,-5,2,8,17,1,1,3
9,8,8,-5,4,0,8,-6,12,-12,1,5
-12,-2,1,1,-3,-10,21,-1,18,4,3,-7
0,-3,-11,-12,-3,1,8,-3,7,-15,-7,-6
0,1,9,10,4,5,12,0,-9,6,-7,-13
-2,8,0,-10,-11,2,1,-3,8,0,10,7
-10,8,14,9,-1,13,20,14,-3,8,14,-9
-10,-7,4,9,24,4,17,0,-8,8,-11,-2
-11,8,6,6,7,16,-12,-8,-6,12,-1,13
-5,9,-4,1,-4,7,13,11,-5,12,4,5
6,4,22,-8,12,6,22,9,7,-1,-11,8
16,5,0,0,1,11,8,-4,3,-2,14,-3
17,5,6,-5,-8,15,7,4,3,-5,21,5
6,6,21,6,-12,3,2,1,2,19,-9,-1
12,4,12,6,21,9,7,22,-7,6,16,11
11,7,3,14,5,7,5,10,19,8,20,19
20,20,21,16,-5,1,4,-2,14,20,0,21
-4,13,-10,22,21,5,2,16,-3,5,3,14
-1,3,-6,19,7,2,-11,11,-12,22,4,19
5,-9,16,-22,13,-10,3,-26,16,-11,3,-13
-4,-4,11,-1,10,-2,-4,-10,-3,-18,16,-2
22,-8,23,-3,13,0,12,-2,25,-17,-7,-2
-8,-4,11,-6,2,-22,-4,3,12,-9,-5,2
-7,-1,17,-2,4,0,-4,-20,7,-9,13,-7
16,-1,10,-1,22,-9,-10,-7,20,-12,4,-2
10,6,18,-5,-2,-2,7,-1,18,-9,-1,-1
-7,-9,16,-8,22,-11,-8,-18,8,6,2,7
-6,-17,17,-2,21,-7,6,8,21,-10,8,-3
0,-12,1,-1,22,4,2,3,-11,-5,6,1
-5,-5,5,1,18,-8,-9,5,-1,-12,11,7
0,-15,-3,3,-10,10,9,-1,-9,7,14,-1
0,-12,25,4,20,1,12,-4,-10,9,17,-7
-3,-1,22,8,-11,0,-2,-7,21,9,5,4
-4,2,-5,-1,18,-9,-7,-4,21,2,-3,8
-3,0,14,15,16,5,13,14,-5,12,-2,5
1,0,-1,10,11,1,14,2,21,10,1,-2
-2,8,19,2,-9,11,-3,-4,13,8,20,5
25,12,20,14,6,0,21,8,24,13,-3,16
-4,19,-9,-1,14,5,-5,-1,14,10,0,7
11,20,22,7,20,12,-11,18,10,9,7,10
16,19,1,6,25,15,24,11,0,11,-8,2
21,20,14,7,2,8,24,11,18,16,14,21
-1,11,-5,11,7,2,12,5,-1,22,10,10
-2,11,10,10,-5,8,5,20,0,20,-8,11
-7,6,22,9,-1,20,-5,3,-8,13,16,17
-9,7,4,14,-9,19,4,23,0,21,9,21
21,-8,26,-23,26,-8,13,-7,15,-24,-5,-23
18,-15,26,-13,15,1,6,-5,13,-14,5,-12
1,-15,7,-6,-3,0,9,-10,19,-1,3,-23
-6,-15,1,-8,-3,-21,15,-10,-9,-14,19,-8
17,4,0,-14,10,-11,-9,2,-4,-1,20,-17
9,2,1,2,4,-15,-8,-6,2,4,15,-4
-8,-7,4,-3,25,-13,-7,-1,17,3,7,-10
22,2,-9,-13,7,7,0,0,11,-18,4,2
-4,-1,9,6,26,-1,-6,-12,1,-17,20,-6
6,-2,11,8,11,5,-1,-10,12,4,-6,-13
5,-4,2,-7,6,5,1,-5,13,3,19,-8
-10,-6,14,11,0,-1,22,8,0,-8,-1,6
-9,-5,-2,-8,18,3,17,-2,25,-2,22,0
2,1,14,3,14,-4,-6,13,21,0,-10,4
-4,0,14,-4,16,7,18,9,7,3,6,-3
15,5,22,7,3,8,-5,-3,2,-1,0,4
-10,-9,11,16,16,2,13,11,-4,16,13,4
12,15,-7,5,11,2,0,8,1,-1,20,7
9,13,18,3,24,11,-4,-7,20,10,-8,7
-1,-3,12,9,4,2,24,9,15,13,-5,3
4,3,-10,12,1,10,0,17,-9,14,-2,8
-2,12,-1,17,-2,0,-2,-5,-8,10,25,18
-3,9,15,3,-10,10,14,16,-9,2,-5,14
-10,3,-9,8,-8,13,-9,20,22,22,4,-3
-9,18,-8,9,-4,11,6,22,-9,13,22,11
-4,12,13,18,16,25,24,19,16,23,4,18
15,25,-10,19,-3,19,-4,25,14,23,-4,19
5,-26,3,-26,-8,-2,0,-6,3,-20,5,0
-3,-3,27,1,-2,-20,-6,-15,24,-15,-4,-1
1,-1,26,-22,3,2,22,-5,18,-3,1,-12
4,-9,-3,-17,-2,-2,15,-14,2,-21,19,-11
0,3,16,-6,19,-7,12,-9,8,1,2,-18
24,4,0,2,-3,0,11,5,21,-7,18,-10
-5,-16,3,-3,0,-9,0,-1,-2,-16,-1,-17
3,-8,-5,-4,1,-11,21,2,13,-5,-1,-2
-6,0,2,3,-6,3,-3,8,20,-2,4,-10
-7,-17,8,8,-6,2,0,0,12,-4,22,-4
13,0,22,-6,23,4,4,5,19,-7,1,4
-9,-7,19,-3,-8,5,-1,4,-8,-2,6,6
2,0,23,8,8,-11,7,-8,6,12,14,-1
-1,0,24,4,-7,-8,14,10,-9,-3,6,1
17,14,-4,2,-4,-4,19,5,11,12,18,-4
24,-3,9,8,10,11,2,-4,6,9,18,1
25,10,10,-7,18,3,17,10,3,10,-2,9
3,11,-1,6,18,9,21,13,-7,17,1,9
18,15,2,9,21,13,27,4,-6,-2,14,11
6,17,1,15,7,6,13,-3,1,17,3,5
24,12,5,17,5,5,-9,16,24,19,24,8
15,9,4,15,8,4,0,4,-4,7,-9,3
5,20,9,6,17,6,23,7,18,4,19,9
-7,0,23,23,-2,13,0,23,11,17,-4,9
-5,24,19,17,6,22,-5,-2,-4,14,2,13
-7,16,12,22,8,14,17,23,15,20,12,22
10,26,9,21,21,9,-2,22,22,23,-8,12
12,-11,-3,-6,-3,-16,-2,-14,10,0,-4,-18
21,-6,22,-17,5,-2,26,-7,-8,-9,25,-3
0,-15,-7,-8,21,-3,-7,-9,-8,-9,9,1
15,-11,19,-7,14,-6,0,3,5,-3,10,-10
26,-7,-7,4,0,0,0,2,14,2,-7,-17
-2,-19,16,-6,-8,-18,23,-9,27,-4,1,-4
-3,-20,9,2,0,1,0,0,7,1,5,-5
19,3,-8,-5,24,0,0,2,16,-4,0,-1
1,-3,2,-11,-7,0,9,-3,14,-9,-5,-6
-6,-1,0,-13,22,-1,21,-12,11,6,14,-2
11,6,27,8,21,3,19,-2,13,10,5,-7
2,-2,17,5,28,-15,-7,3,15,8,0,1
1,0,6,2,-5,9,-8,-1,6,12,-4,-12
-5,-6,3,9,23,11,7,-10,-8,5,4,9
2,0,18,0,23,-3,-2,-4,-2,8,11,1
15,6,2,0,26,2,3,11,10,14,15,15
27,9,25,-2,6,14,-8,1,-2,9,2,-6
15,12,-2,15,14,0,14,12,10,10,-2,-1
-1,2,-1,12,12,4,27,15,-4,13,17,12
-7,5,27,2,-2,5,1,16,-6,-3,1,-3
-4,-4,24,19,17,14,11,18,4,18,-7,11
1,18,17,3,26,10,23,9,19,8,-2,9
5,22,19,4,2,-3,-3,13,15,9,25,20
20,12,2,16,27,14,2,17,-5,4,10,21
15,16,11,19,3,7,3,17,5,-1,-8,12
1,7,26,5,-2,15,9,9,27,2,10,20
-2,3,20,26,-2,25,-2,13,-5,18,20,22
9,-3,23,-22,29,-21,24,-5,23,-2,26,-1
29,-4,9,-22,27,-19,19,-18,11,-23,14,0
28,-2,13,-24,0,-12,1,-16,1,-2,2,-10
27,-4,16,-5,18,-9,-2,-4,-2,-8,13,-3
1,-15,17,2,-1,0,11,2,24,-12,22,-4
14,-10,15,-3,12,-10,23,-1,22,-8,-1,-3
5,1,-5,-19,19,2,-6,-8,2,-3,17,1
5,7,-2,-4,2,-16,-1,1,4,-9,-3,-5
-3,-15,-7,-7,9,4,-2,7,-2,-10,-5,8
8,-2,11,7,-2,-12,10,-3,11,3,1,-16
7,-1,4,-7,-4,4,13,-11,5,-12,10,0
23,11,22,2,0,-15,0,5,-3,-10,27,9
2,10,2,-10,18,-12,18,10,5,-1,-2,5
4,-12,-4,-9,-3,6,-2,-8,8,4,29,-3
0,-1,-4,9,-4,-1,-2,8,1,13,17,11
-3,12,10,9,-7,10,10,1,0,9,27,14
20,-2,16,11,-4,7,23,9,28,5,16,2
21,2,7,1,2,8,4,9,-3,-6,21,15
22,9,-1,5,20,2,20,12,-7,13,17,9
-1,-2,3,10,9,0,6,4,27,6,9,5
15,6,-4,-1,13,3,16,10,18,2,21,17
27,12,6,11,-1,14,5,14,-1,1,17,6
24,6,17,5,19,5,5,7,-6,-1,12,8
-1,-3,3,21,5,11,17,0,6,10,5,15
0,7,22,14,-2,20,9,14,19,19,22,-2
20,8,28,20,0,25,20,9,1,1,9,22
0,2,20,15,-6,23,14,11,4,5,28,21
14,-5,-6,-10,2,-24,9,-1,4,-10,7,-15
22,-6,25,0,9,-15,17,-13,6,-13,29,-8
13,-11,30,-13,2,-7,-4,-4,7,1,11,-5
6,-1,13,3,4,-6,28,1,15,-11,4,-23
11,-6,18,-3,3,-18,27,-6,10,-5,14,-11
0,-15,10,-8,13,0,-3,4,8,-11,3,2
19,-3,-2,4,-1,5,-5,-20,10,-7,27,-4
24,-2,5,-14,10,-3,24,-6,2,2,29,-6
-2,-1,-4,-9,10,-9,19,0,2,-12,20,8
-4,9,-3,-17,13,8,4,7,22,7,13,4
4,-15,0,-9,16,2,-2,1,15,-6,27,-1
15,-1,19,10,11,7,6,2,4,3,-4,8
2,-9,28,0,2,10,18,1,9,5,6,6
6,3,-3,5,4,-13,12,7,3,3,-6,6
25,12,12,-12,16,13,0,11,24,3,27,-5
8,0,2,5,11,14,-4,6,4,6,0,0
9,-1,5,0,4,16,15,5,16,0,-5,15
5,-3,6,10,7,13,21,14,4,-8,8,2
1,17,16,1,25,4,20,18,20,7,5,-1
6,1,3,19,16,1,25,6,3,8,23,5
22,14,0,-1,9,-6,30,11,7,-6,19,17
21,12,2,7,19,4,-3,11,19,17,30,15
7,13,28,15,15,4,23,11,4,8,5,14
17,19,-2,-1,0,3,27,6,24,4,-4,17
14,11,14,1,18,21,20,9,18,16,1,-2
18,10,-1,8,14,21,15,9,28,11,29,5
21,19,6,22,6,21,22,13,-3,0,-2,10
6,-5,25,-11,22,-18,-2,-3,17,0,7,-11
19,-4,-3,1,-3,1,25,-2,15,-3,23,-9
22,-12,0,-7,16,1,4,-22,17,-1,1,0
0,-6,26,0,13,-7,11,-6,9,-23,26,-15
-1,-16,8,-20,22,-11,-1,-12,20,-3,5,-8
-1,-12,29,-5,2,-11,21,1,28,0,28,0
0,-12,11,-9,3,-12,0,4,3,-17,-1,-5
22,-4,-5,-6,-1,-14,28,-2,-5,-10,5,-17
-1,2,12,-18,16,-16,17,2,27,6,8,5
18,-3,-2,3,23,8,11,4,-4,-3,0,-13
21,7,10,7,5,3,8,-14,22,2,7,-13
30,-1,6,3,0,-2,29,-1,12,-6,-3,2
1,0,18,-3,29,7,16,10,16,9,11,-1
0,-8,17,1,3,0,11,10,12,-13,-1,13
6,-2,5,-8,-4,-9,24,7,26,13,21,8
6,-3,30,3,26,12,1,0,3,15,16,9
18,-1,6,6,18,10,14,9,5,-2,12,12
2,-1,0,13,4,10,-3,15,-4,-7,3,-9
20,11,1,2,27,2,28,-1,-3,1,4,18
-2,6,27,7,12,-7,8,17,23,14,0,-1
31,18,2,4,17,6,1,4,0,-1,25,3
14,9,29,15,-5,20,5,5,23,9,28,13
12,7,17,22,7,14,-4,12,4,-1,21,15
20,10,15,19,-1,6,3,13,-4,15,9,5
0,17,6,18,7,0,6,6,20,12,5,3
-2,14,-5,22,23,8,28,22,29,14,-3,21
21,24,12,12,0,17,19,12,18,15,29,21
1,-14,3,-2,32,-15,13,-7,16,-1,7,-26
5,-25,16,-4,24,-11,14,-11,12,-16,18,0
-4,-11,10,2,-2,-18,27,2,0,-11,13,-17
-4,3,20,-5,5,-14,8,0,-1,-18,23,-6
2,-4,2,-2,23,-20,4,-13,24,-14,16,3
7,5,23,-12,10,-17,23,-10,16,0,14,-9
-3,2,31,-4,8,-16,24,-4,15,-9,21,-8
1,1,15,-7,0,4,-4,-14,28,4,9,6
1,6,-1,-15,0,-2,32,-14,26,-5,22,-5
1,6,16,8,-4,-17,3,-9,-4,-15,10,-7
25,7,28,5,1,8,24,-2,19,-8,13,-4
3,0,0,-11,24,-7,31,6,6,0,8,-4
21,4,21,7,11,11,-4,1,8,5,19,1
-3,-2,30,9,0,11,9,1,20,1,28,-2
5,-11,15,6,4,-3,12,7,27,12,21,9
4,10,27,9,5,-1,2,-9,7,4,-2,-6
13,2,8,15,12,15,-1,7,9,12,3,-8
7,7,7,-2,31,5,22,1,10,13,26,13
7,4,0,6,0,17,2,14,17,6,12,3
14,14,11,3,26,4,8,18,18,10,18,15
-3,-3,18,5,-4,3,21,19,29,2,26,2
0,-5,5,14,9,21,10,17,9,16,-2,6
6,22,3,12,31,19,24,7,-3,17,9,14
30,21,4,8,7,7,25,9,1,16,0,-2
24,20,19,11,2,15,16,18,10,18,1,11
19,22,-3,14,-3,7,32,17,5,17,21,25
0,22,12,21,1,0,2,14,15,14,31,5
0,-10,27,-14,25,-4,-3,0,2,-19,24,-16
22,-3,21,-5,27,-7,3,-1,8,-22,5,-15
0,-23,19,-1,24,-7,4,-14,20,1,4,-11
-1,-18,7,-18,8,-8,0,-2,24,-7,2,-7
-1,-4,17,-17,6,-15,18,-6,32,1,31,-12
33,5,32,-21,16,-6,15,4,5,-12,-1,-18
11,-7,23,3,6,2,6,-5,6,-8,14,4
-3,1,25,-6,15,2,21,7,11,4,12,1
26,2,10,-4,12,2,8,-8,10,-3,11,-4
12,-4,15,-2,1,5,3,-1,22,-10,20,5
25,8,14,-15,8,4,7,-7,-2,9,-2,7
1,-3,-3,-8,20,-4,32,11,3,1,-1,10
5,8,1,-7,28,11,-1,8,5,0,23,-5
22,11,5,-8,12,-12,-2,-7,21,13,7,-12
9,-10,-2,1,27,8,1,-7,4,-7,14,-1
29,14,9,-7,11,-1,6,-1,1,-4,-3,-6
-1,-2,22,-7,23,3,19,12,33,-5,29,15
0,0,-1,11,2,3,19,15,26,-7,24,16
24,17,31,5,27,9,9,5,20,16,5,4
22,2,27,18,23,0,30,19,5,17,26,14
1,-1,7,15,11,-4,25,12,-2,1,24,20
15,21,8,20,25,6,12,16,3,20,4,16
21,14,1,14,8,15,28,19,31,20,2,13
-1,11,21,20,15,7,19,13,0,22,-2,1
-3,19,11,22,26,13,9,-1,3,12,14,21
13,13,33,12,31,23,33,9,17,25,7,6
10,9,15,5,25,7,16,1,11,7,28,7
6,-23,28,-13,12,-25,31,-12,5,-26,27,-9
24,-6,25,-1,7,-25,3,-13,32,-3,5,-1
22,-9,34,-3,9,-6,8,2,8,-5,13,-20
11,0,1,-8,16,-22,0,-17,26,-16,13,0
14,-10,21,0,27,-11,20,-4,16,2,11,-22
2,-2,15,2,33,1,0,-14,28,-13,16,4
28,4,6,6,20,6,22,-2,4,-3,14,-4
8,6,5,3,0,-2,16,3,4,-17,30,2
-1,-14,17,2,6,-12,34,6,9,1,14,7
1,4,29,-15,23,-9,0,-12,-1,5,28,9
8,3,13,4,20,-3,12,8,34,4,0,-10
5,4,0,-1,0,-5,21,-6,8,-4,3,6
1,0,30,-9,4,10,14,-12,24,-4,-1,-1
23,13,27,5,34,-10,16,-10,6,4,21,5
12,13,8,-6,21,12,33,2,11,14,17,4
7,-8,12,4,-1,2,11,15,2,11,33,-8
-1,-2,4,5,30,12,18,5,0,3,18,3
1,-1,-1,12,26,15,24,-1,1,-6,12,13
29,13,30,9,31,16,28,8,30,8,5,12
11,9,0,15,21,16,12,13,33,13,34,15
14,5,2,-1,17,-1,32,-3,9,-6,29,13
12,9,2,-4,23,6,28,2,29,17,10,16
27,20,3,20,0,-2,8,21,25,21,24,12
16,19,13,-3,3,3,24,14,30,23,12,17
12,10,8,10,28,12,9,7,5,24,28,23
1,22,25,25,12,20,0,10,31,21,16,9
2,25,23,19,33,18,31,22,30,13,32,19
8,-8,22,-12,20,-6,9,-10,5,-23,32,-14
22,0,4,1,10,-22,10,-24,31,-8,25,-13
0,0,0,-22,13,-21,17,-17,15,-2,13,-20
23,-13,17,-12,0,-9,27,-13,25,0,22,2
27,1,0,2,34,-9,2,-7,33,-1,23,-8
3,-5,10,-9,23,4,13,4,1,-3,17,2
25,-4,-1,2,3,-8,34,-12,19,-6,21,-17
1,3,30,-11,19,-2,11,-11,21,6,24,-17
0,-4,33,-11,-1,-7,4,4,5,-17,26,-3
5,2,1,-7,11,3,8,-14,6,-1,22,-10
-1,-11,4,-16,3,-9,33,5,0,10,-1,-10
3,9,14,7,11,-14,0,11,18,6,-1,7
-1,10,6,7,35,-13,26,5,19,1,33,0
1,-12,23,8,5,-9,22,-12,24,13,8,-5
2,13,4,-6,3,3,9,-12,14,-3,6,3
30,15,3,15,28,-4,33,-11,14,-8,33,6
1,-1,32,-1,17,12,19,7,27,12,14,1
0,-2,4,16,11,-2,9,13,13,5,6,-2
11,-8,30,9,1,-8,19,11,28,18,32,2
11,6,31,-4,15,-7,6,4,1,-4,32,-6
23,20,31,14,3,7,32,0,0,4,5,1
32,18,15,9,25,9,18,15,4,9,15,19
0,11,22,13,2,0,7,19,16,22,2,16
22,23,26,9,7,20,10,20,28,5,5,-1
4,11,20,12,22,16,33,17,16,9,0,17
27,20,28,7,28,9,6,2,30,14,2,18
26,21,34,25,33,22,21,15,9,13,-1,0
15,-16,11,-12,22,-6,21,-17,33,-9,15,-2
8,-19,21,-4,10,-3,13,-10,7,-14,29,-14
1,-5,4,-24,10,-13,30,-9,16,-8,6,-21
0,2,0,-8,11,-16,12,1,12,-20,7,-11
0,0,8,1,28,-9,15,-9,9,-13,36,-1
2,-9,16,-11,7,2,1,-13,16,-14,34,-12
2,-5,1,-10,31,-10,33,0,8,-10,24,-7
10,-13,26,7,23,-6,14,-8,17,-7,26,-13
0,0,18,4,0,0,22,-4,7,4,2,-4
8,2,31,4,16,-13,32,4,22,-4,1,-7
9,-5,6,-13,0,0,19,-13,33,3,3,5
3,5,29,5,12,-15,12,11,1,-4,17,-2
8,-10,6,-6,12,1,24,8,0,5,20,1
3,-1,29,-4,11,-11,21,8,9,-11,20,10
8,-10,21,4,12,-1,16,-8,7,-10,3,-3
30,10,30,-4,25,-6,0,-1,29,14,5,-3
0,-3,31,4,5,9,9,6,0,-10,0,-1
10,-6,4,0,3,16,2,9,11,5,32,10
13,4,27,-1,24,9,31,2,28,4,30,9
4,8,22,14,32,10,30,10,5,10,2,11
25,8,30,14,35,13,19,16,9,-5,8,13
6,3,7,18,19,7,9,19,17,8,24,7
23,12,26,10,6,3,6,17,6,20,30,19
5,-1,24,8,14,17,27,10,23,19,13,2
23,13,16,14,18,10,23,24,34,15,12,4
13,24,18,22,20,15,21,19,4,10,2,0
0,2,0,26,33,18,6,3,2,20,19,22
