-2,-15,-16,-4,-3,-36,-23,-24,-21,-16,0,0
0,-3,-19,-23,0,-2,0,-1,0,-1,0,-2
-6,-9,-1,1,-24,-19,0,-6,0,1,-12,-28
-4,-8,-25,-31,0,-28,0,-7,0,0,0,-1
-2,-2,0,-2,-1,-24,0,-7,0,-2,0,-3
-4,-7,0,-20,-3,-7,0,-9,0,-3,0,0
-5,-6,-22,-6,-4,4,0,-9,0,-3,0,-3
0,6,-23,-27,-1,-22,-5,-1,-25,1,-26,-28
-6,-4,-21,-13,-26,-4,-2,7,-1,-1,-19,-19
-3,-5,-20,-6,-3,-13,-21,-26,-21,-20,-2,4
-9,-7,-19,-21,-4,-6,0,10,0,-7,0,-2
-2,0,0,3,0,-22,0,-8,0,-21,-11,-16
-13,-13,-26,9,-6,6,0,-8,0,2,0,6
-9,-10,-23,0,-23,5,-26,4,-25,-2,-1,7
-4,-1,-22,5,-3,-21,-15,9,-18,9,0,-1
-10,-4,-6,15,-2,-15,-5,-5,-9,13,-26,11
-10,-12,0,4,-19,-1,-26,-18,0,-9,-1,-5
-13,-11,-23,-2,-19,1,-8,-15,-24,-3,-24,3
-9,-3,-2,-16,-17,-3,-8,12,-1,-4,-22,9
-7,0,-22,2,-18,-4,-4,6,-11,1,-6,3
-14,11,-12,-7,-8,0,-5,7,0,15,-1,4
-6,-3,-3,1,-5,2,-6,16,-9,17,-1,10
-8,4,-26,-1,-18,3,-10,-7,-25,-12,-6,22
-1,-3,-2,7,-24,-10,-15,11,-8,-6,0,13
-11,-10,-3,14,-10,-10,0,-6,0,-9,0,13
-2,3,-11,16,-5,-10,0,-2,-9,4,0,17
-5,-1,0,16,-1,20,-25,-5,-1,26,-2,15
-4,-1,-6,6,-1,15,-1,26,-21,1,0,13
-2,4,0,9,0,23,-24,23,0,15,0,15
-3,3,-3,3,-2,19,-11,3,-12,14,0,12
0,5,-1,20,-24,12,-22,7,-1,4,-1,18
-12,12,0,17,-12,26,-4,22,0,16,-24,29
-6,0,-3,1,-25,29,-1,22,-1,7,0,31
-13,32,-5,16,-2,11,0,2,0,22,0,14
0,5,-20,0,-2,0,0,1,0,13,0,14
-13,16,-21,9,-6,14,0,1,0,23,0,11
-13,30,-24,8,-16,23,0,0,0,5,0,6
-6,-16,-3,-26,-2,-26,0,-8,0,-11,1,-32
-5,-12,-19,-31,0,-30,1,-2,0,-11,1,-32
-4,-6,-3,-25,1,-14,0,-11,0,-25,-2,-2
-9,-10,1,3,-15,-7,-11,-19,-1,-24,-1,-12
-9,-3,-3,-25,-3,0,-5,-11,-5,-25,-1,-12
-2,-6,-23,-25,-22,4,1,-1,-25,-29,-1,-19
-10,-1,-15,-7,-17,-28,-2,-4,-24,4,-17,-9
-11,3,-17,-6,-22,5,-23,7,-6,-8,-19,-26
-1,4,0,-6,-8,3,-14,8,-3,-19,0,-18
-4,-2,-9,3,-22,-18,-20,-10,1,-15,-19,1
0,1,-4,-9,1,-14,-1,-9,0,-19,-1,-15
-3,-2,-24,-8,-8,-23,-8,-8,-9,10,-22,-23
-1,0,0,10,-17,-23,-22,9,-1,1,0,3
-1,3,0,-14,-17,-12,-24,7,1,-21,-16,-21
-4,-2,-3,5,-2,-20,-18,-7,-16,1,0,9
-8,0,-18,-20,-1,4,-6,3,-1,-1,-1,-21
-11,-9,-17,6,-16,2,-15,3,-19,7,-14,-19
-7,4,-2,-19,-17,-15,-1,4,-2,11,-22,12
-2,16,-21,-9,-25,2,-1,4,-25,-9,-5,4
-11,-8,-13,16,-3,7,-3,-14,0,1,0,-9
-3,3,-2,-3,-2,-12,-1,-3,1,-16,-2,2
-6,-3,-4,15,-3,6,0,9,-1,4,-2,0
-2,-1,1,2,-1,-2,1,13,0,19,1,-12
-10,-9,-4,-4,1,22,0,6,1,9,1,1
-13,14,1,-7,0,19,-11,-8,1,6,1,-11
-2,1,-4,-10,-25,-7,1,13,-1,-7,1,-11
-8,-8,-24,21,-18,7,-1,-7,-1,11,-2,16
-4,1,-5,5,-17,7,0,21,-7,-6,0,27
0,1,-21,-7,-21,22,-1,-8,-7,1,1,10
-4,1,-5,20,-2,28,0,6,-3,8,0,28
-8,-5,1,-2,0,7,0,0,0,25,-2,4
0,8,1,30,1,21,-22,9,-1,6,1,8
-10,-4,-22,25,-8,-1,-23,4,-3,20,-1,31
-6,1,-25,18,-9,4,-1,29,0,19,-5,3
1,7,1,1,-16,15,-16,30,-1,12,0,27
-5,1,-2,1,-17,13,-2,12,-8,32,-7,4
-12,14,0,8,-2,31,-21,23,1,17,-2,3
-5,-1,-23,-27,-2,-17,2,-13,1,-8,-2,-10
-1,-4,-19,-11,-4,-23,2,-17,2,-19,2,-25
-7,-9,-12,-25,1,-16,-5,-26,-1,2,-19,-7
-10,-5,2,-31,-4,-24,0,-6,-23,-1,-9,-17
-6,-4,2,1,-4,-3,-22,-14,-1,-17,-18,-11
-7,0,-15,-3,2,-17,-15,-1,-5,-6,2,-26
-6,6,-2,-5,-14,-6,-6,-7,-2,-22,-1,-5
-6,3,-7,6,-18,-18,2,-25,-2,3,-12,-28
-4,1,-8,-25,-24,-21,-6,-8,0,-11,-6,-25
2,3,1,-10,-5,4,-8,6,0,9,0,9
1,4,-16,2,-2,-9,-18,-19,-7,-15,-24,-21
0,-2,-15,-6,-5,5,-23,-11,-2,-2,-10,-20
-5,4,-3,7,-22,-4,-1,5,-7,-20,0,4
-1,3,-19,-2,-3,13,-8,-6,-7,-18,0,-7
2,5,-4,4,-2,-11,-1,-16,-10,-2,-20,-14
-7,-1,-22,14,-15,2,-9,10,2,-8,-1,-20
-7,4,-5,3,-3,-14,-11,14,0,12,-18,-5
-7,15,0,7,-20,15,-17,-19,-5,5,0,-13
-1,3,-14,-1,-11,5,1,-4,-1,8,0,1
-8,-12,2,3,-2,-9,-2,11,0,18,-2,1
-8,-12,-4,-5,-4,16,-2,6,-1,4,-1,7
-4,19,0,-4,-5,-8,2,-14,-1,-8,-2,6
-11,-8,-4,-5,1,-10,1,22,2,-8,-2,-4
-6,-5,-4,3,-5,-7,1,16,0,-1,-2,6
1,6,-1,-11,1,17,0,-7,0,3,-2,-11
-9,8,-17,18,-5,17,-22,-7,0,-1,-1,20
-4,0,-8,-6,-4,10,-6,11,-1,-10,0,13
0,6,-13,27,-16,9,1,-4,-3,26,1,10
-7,8,0,17,-13,-5,-2,5,0,-3,-2,-1
-4,0,-2,24,0,2,1,0,-2,26,-2,-7
1,6,0,-2,-2,12,-1,13,0,-3,-3,23
-1,4,-21,9,-1,11,-10,-3,-6,3,-1,9
-12,20,-4,8,-18,22,0,26,-7,-3,-14,3
2,10,0,24,-16,23,-22,13,-3,27,-3,17
-5,1,-10,6,-19,19,-22,30,-4,6,-3,4
-5,0,-2,27,-6,14,1,19,2,0,1,25
-3,3,-1,11,-8,16,1,4,-1,33,1,18
-8,-13,-14,-28,-2,-12,-10,-8,2,-1,2,-19
-4,-12,-17,-21,2,-32,-22,0,-1,-16,0,-7
-8,1,-20,-10,-22,-10,-3,-10,-22,-8,2,-12
-5,-4,-1,-31,-7,-16,2,-30,-13,-27,-17,1
-5,-2,-16,-17,-3,-25,-23,-11,0,-14,-1,0
0,4,1,-3,-23,-30,-3,-12,-2,5,-1,5
-1,3,-1,-8,-6,-15,2,-28,0,-11,2,-14
-8,-1,-1,-5,2,6,0,6,1,-29,-1,-6
-8,2,-1,-16,0,-21,-23,-12,-1,7,1,-15
0,3,-3,-20,-14,-9,-8,5,-1,-21,-5,-26
-1,2,3,-5,-18,-18,-4,-8,-8,-10,-14,-7
0,2,-2,-25,-5,-4,-2,-3,-4,-19,-14,7
-3,-3,0,-3,-13,5,2,-24,2,6,2,-11
-2,-2,-6,-4,-20,-17,-8,-15,-22,-22,-6,-7
-5,12,-8,-13,-10,-16,0,11,-16,0,-2,6
-8,-7,-2,-3,-12,-15,3,-10,-8,11,1,-17
-7,-5,-5,10,-2,11,2,2,-5,-3,-2,-11
-6,-8,-22,-16,-9,7,-5,-7,-3,14,-1,-13
2,6,1,15,0,-10,-12,15,-6,1,-19,0
-5,-3,2,-13,1,0,1,-3,2,12,2,-10
-5,-5,-22,-1,3,18,-1,-4,-6,1,-20,-12
-8,-8,-4,-1,1,-8,2,-14,2,4,2,-9
3,7,2,-14,1,5,1,-7,2,2,2,-9
-8,-7,0,5,-23,3,1,20,2,0,2,-9
3,7,-4,-7,3,-11,1,13,2,-6,2,-9
2,0,2,17,0,0,-1,-4,0,5,0,16
-10,-8,2,14,-1,0,1,-4,2,-5,2,-8
-3,0,2,7,-2,-4,1,1,-1,2,-2,-8
-9,12,1,23,1,-7,0,-5,-1,-6,2,-7
-5,-4,1,9,3,-7,0,11,0,5,-2,1
0,5,1,8,2,17,0,3,2,-2,-3,26
-4,0,3,24,0,12,2,11,-7,0,-2,2
0,3,-1,1,-12,14,1,22,-23,0,-15,23
3,7,-3,3,-1,-2,-8,24,2,0,2,-3
-2,4,1,5,-2,23,1,0,-1,5,-2,2
-11,6,-6,29,-1,-1,1,33,-2,28,1,28
-1,5,-1,0,1,4,-1,21,2,2,1,17
-7,-12,4,-4,-1,-25,0,-18,3,-35,2,-21
-8,-5,-3,-5,-1,-6,-2,-30,3,-35,2,-21
-4,-8,-3,-17,2,-14,2,-33,0,-33,-2,-3
1,-1,-10,-15,-8,-10,0,-13,-7,-32,2,-25
2,3,-14,-14,3,-23,-19,-30,1,-9,-5,-25
-1,4,-22,-5,-22,-3,-9,-4,-5,-21,1,-9
-1,3,3,-15,-18,-20,-1,-20,2,-17,1,-10
-7,2,-3,-29,-17,-20,-17,-14,1,-4,2,-22
-9,1,4,-15,-6,3,-20,-26,1,-11,1,-11
0,2,1,1,-13,-23,2,-8,-21,-12,1,-11
-6,-4,4,-19,-16,-1,-2,-22,-6,-8,2,4
-8,-3,3,-19,-3,11,2,-5,1,-22,1,-13
-7,10,2,-18,2,-2,-2,-21,-1,4,-2,-16
-9,-1,3,-18,2,7,0,-4,1,-12,-2,-9
-8,-10,0,-5,0,0,-2,-20,1,-16,2,-17
-6,-2,2,1,2,-11,-1,-21,1,-20,2,-18
-4,1,2,-20,-2,5,-2,-19,0,-7,-2,-18
0,3,-13,-15,0,-7,2,-11,-5,16,-2,-18
-7,-5,3,-8,-20,1,2,-6,-21,11,1,3
4,8,-2,3,-4,14,-9,-5,0,12,0,-12
-9,-9,-13,8,2,-13,2,0,1,19,-14,2
-6,-3,-5,-7,3,-13,-6,14,2,-8,1,-10
-5,-5,-2,9,-8,-5,-2,2,-7,13,-2,-5
3,7,-2,-13,1,-10,0,3,0,9,-3,18
1,5,-4,3,-1,14,0,3,2,-6,-3,16
-9,-6,2,2,-1,5,0,-7,2,-9,2,-9
-3,0,-4,-1,-1,4,-1,16,-1,6,-3,26
-9,-6,-1,17,-1,14,-1,8,2,-8,-3,2
-1,3,-4,-2,-1,7,-1,6,1,23,2,-7
0,2,1,24,-4,10,-1,6,-1,-5,1,29
4,10,-1,23,-2,0,2,-2,1,21,1,27
0,5,-1,11,-1,23,1,22,1,5,-3,4
-9,15,-5,2,-1,9,1,12,-1,-3,-3,23
0,4,2,9,-4,11,-1,9,1,-1,1,27
2,8,-3,18,1,32,1,12,0,29,-3,4
-5,-1,-20,6,1,14,1,9,0,27,1,18
1,6,-21,36,-15,11,-1,11,0,21,1,13
-6,-10,4,-13,-14,-35,2,-6,1,-16,2,-25
-2,-3,5,-25,0,-35,2,-31,1,-25,2,-31
1,-4,-21,-19,3,2,4,-7,-8,-26,1,-19
2,-9,-2,-14,-16,-7,0,-15,-3,-3,2,-33
-7,-3,-4,-29,-4,-10,0,-12,-8,-29,-3,-5
-1,2,-20,-21,-2,-23,2,-9,-15,-18,-18,-22
-4,-3,-3,-13,-9,3,-20,-18,0,-5,1,-8
-7,-6,0,-4,-13,1,-5,6,-5,-28,-6,-1
-2,-4,5,-28,3,3,-9,-23,-7,5,-2,-2
3,2,-4,-26,-15,-4,-3,-22,-1,5,-3,-3
4,9,3,-21,1,-23,0,-22,1,-8,-3,-9
1,1,0,-12,4,-10,0,-23,-1,4,1,-5
0,-1,-4,-11,0,-17,2,-23,1,-7,-4,9
5,13,0,-12,2,-4,0,-22,1,-7,-4,1
4,4,-2,-7,2,10,2,-1,-1,-10,-2,0
-5,13,2,14,-3,-16,-19,8,-2,2,1,12
5,14,-9,-9,-11,-16,-13,-8,-20,7,3,13
-1,1,-8,-15,-12,-17,-20,17,-6,3,-17,15
0,8,-18,-17,-11,-8,-14,8,-18,3,-17,13
4,5,-8,18,-14,-11,-9,15,-7,12,-12,-5
1,-2,-10,14,-19,-11,-17,14,-21,19,-4,19
-6,-6,-14,16,-21,-12,4,0,-20,-6,-5,5
5,9,-14,-5,-8,-11,1,3,-7,8,-8,10
-1,3,-1,-3,-1,-8,-1,15,-1,-3,-4,10
-2,4,-1,-7,-5,-2,-1,-2,1,-7,1,5
3,7,-1,-7,-4,23,-1,-11,-1,-10,-4,4
-5,-8,-1,-9,-1,-7,-2,23,1,-6,1,6
-7,-5,-2,19,0,-6,-2,23,1,-9,1,5
2,7,0,-6,0,-4,-1,19,-1,-8,1,5
5,11,-5,16,-4,-6,-1,6,0,20,1,5
5,11,-2,21,-1,-5,-1,6,0,11,1,5
-3,0,-5,7,-1,6,-2,25,0,21,-4,7
4,11,2,11,-5,30,2,13,-2,32,-2,9
3,10,-4,14,5,12,-6,25,2,29,2,3
-3,0,-5,9,-1,0,-8,5,-6,-2,-4,3
5,7,-3,6,-17,2,-2,24,0,19,-2,9
-1,5,0,21,-1,8,-2,26,-2,26,-3,28
-3,0,-20,-5,3,-18,-5,-1,-6,-26,2,-11
-4,1,-18,-26,-1,-8,-9,-20,1,-12,-2,-9
-1,2,5,-2,-7,0,2,2,-1,-18,-5,-27
-7,-9,-3,0,-17,-25,-19,-16,5,-10,-4,-5
-3,-4,0,-1,-15,-12,4,-8,1,-17,-4,-6
-3,-5,-4,-25,-4,-7,2,-25,-5,2,-2,-8
1,0,3,-13,2,-24,-1,-16,1,-11,2,-26
2,5,2,4,0,-15,0,-18,-1,-16,-4,-6
0,7,-1,-2,3,-15,-1,-15,1,-24,2,-25
0,0,0,-14,0,-27,1,-6,0,9,1,0
-5,-4,2,-20,0,-13,0,-17,-1,-17,1,0
-2,-3,0,8,-3,-20,-11,6,-11,11,-6,-22
2,3,-2,2,1,3,3,7,-7,-15,-2,-9
1,-1,-1,-10,0,-13,2,-12,1,-9,1,2
6,7,0,-14,-1,-9,1,-19,-1,-17,-2,-9
-6,-8,-4,-16,6,2,0,9,0,-8,-6,10
5,14,-6,-7,-18,-8,-9,1,0,14,-12,12
-8,10,-7,0,-8,16,-10,10,-16,17,-12,-8
-2,1,-19,-5,-6,-5,-6,18,-5,11,-18,3
-8,11,-12,4,-8,-12,-7,14,3,5,-7,-12
0,-1,-15,16,0,18,-13,17,-3,-2,-7,7
-2,0,-10,-10,1,-7,-3,7,-16,14,-4,21
1,5,-5,8,-10,20,-3,-4,-1,8,-15,12
5,8,5,8,-4,-12,5,-1,-7,16,1,23
-2,1,-1,-1,-1,21,0,17,0,-3,-4,1
1,5,-2,-1,0,17,-1,-6,-1,-10,1,13
0,8,-5,16,2,-5,-18,-7,-2,4,1,11
-5,11,0,-6,-1,-4,0,17,1,4,-4,-1
-3,-1,-1,2,2,-4,0,12,1,4,1,9
-3,-2,2,11,-2,18,0,8,1,4,1,9
-1,2,-5,17,-1,-3,-1,9,2,6,-2,4
6,9,2,11,0,-1,0,9,-2,8,1,10
-6,-4,-1,5,-1,22,-1,32,0,2,1,10
0,5,2,12,-1,-1,-1,-1,1,7,-5,20
5,12,-2,-1,-1,-1,2,-1,1,31,1,11
-4,-1,-5,9,-1,31,-1,33,1,6,-5,13
4,9,-5,7,-2,26,-1,12,-3,31,-2,8
5,-2,-15,-5,-9,-23,-4,-20,-8,-35,-8,-29
3,-4,0,1,6,-8,-16,-28,2,-11,-18,-14
-2,-1,-12,-20,-5,-14,-17,-13,-2,-21,-12,-23
3,3,-15,-3,7,-6,-19,-30,-9,-8,-3,-30
2,0,-6,-10,-9,-10,-1,-10,-10,-3,1,-9
-1,0,-2,-9,5,-4,-19,-23,5,-9,3,-1
0,1,3,0,6,-29,3,-30,-2,0,-4,-17
-1,-2,-3,-20,-15,-2,4,-14,-8,-16,-4,3
-3,-1,6,-27,-10,3,-5,-3,-16,-21,-16,-1
-3,-3,1,3,-1,-25,2,-18,-5,4,3,-19
1,4,5,-11,4,-20,-9,8,-8,-8,-18,3
-6,-2,1,-7,-11,-6,-11,0,-9,-21,-1,-18
1,-2,5,-15,-8,-4,4,12,-12,7,2,-12
-2,-1,0,9,2,-11,4,-12,-2,2,-4,-12
6,14,-4,-14,-1,-16,-1,3,2,-16,-1,-18
-5,-7,3,-8,-3,7,0,10,1,-18,-2,10
6,8,-5,6,2,-10,2,14,2,-15,-4,-14
3,1,-7,-3,-13,-15,-10,-14,0,-1,-8,-17
7,8,-3,18,-3,5,-11,-10,3,-15,-7,8
-3,-3,-9,7,2,16,-19,1,-6,7,-9,-9
1,-10,-7,-3,-14,17,-8,4,-7,5,-10,-8
-5,0,-15,21,-2,-5,-13,-7,-15,13,-10,10
-6,-4,-5,2,-9,0,-17,13,-3,-5,5,18
-2,4,-7,4,-4,12,0,14,2,5,2,-2
0,3,0,-9,0,5,-2,16,-3,19,2,-2
-3,0,0,1,-5,16,-2,14,2,-3,2,-6
-3,0,6,8,-19,12,-6,-6,0,10,2,-7
7,13,-2,3,-1,21,-7,27,1,22,2,-9
-5,17,4,0,-10,22,-1,-8,1,17,1,22
2,10,-17,-3,-1,25,-12,17,-3,19,1,22
-5,0,-4,0,-5,18,-11,-5,2,15,-6,-3
-3,1,1,24,0,-5,-19,-4,-6,7,1,23
3,12,-12,-4,-15,-4,-1,-3,-6,-2,1,23
-2,3,-2,28,-16,12,-18,22,-5,25,-2,5
-3,-1,-9,34,-13,16,-15,9,-5,5,1,24
-1,3,3,10,-2,-1,3,8,0,9,1,15
-4,21,0,2,-4,7,2,30,0,28,-4,5
8,-3,-7,-25,-3,-19,2,-28,5,-22,-7,-21
4,-3,4,-21,-2,-23,-18,-6,-7,-9,-11,-27
-1,-2,-7,-2,-16,-24,1,1,0,-18,-5,-34
-1,2,-9,-7,-12,-26,3,-9,-6,-30,-8,-29
4,3,5,0,-4,-26,-7,2,-1,-30,-7,-1
6,2,1,-15,-13,-29,-12,-30,-11,-16,-18,-5
3,6,-7,-17,1,-19,-11,-27,-15,5,1,-11
-4,-2,4,-25,7,-9,-7,-22,-6,5,2,-4
-5,-1,-16,0,-13,-9,-14,-24,-11,-5,-4,-2
-2,3,-12,-5,-8,-27,-12,-6,0,-1,-12,-11
2,5,-11,-1,-18,1,-3,-14,5,-5,4,5
2,3,1,-24,-5,-21,1,-15,2,-5,2,-1
1,1,1,-20,-2,3,1,-17,3,-21,2,-9
3,4,3,5,2,3,1,-17,3,-23,-2,10
0,-2,3,5,2,5,1,-21,2,8,-4,-20
8,10,0,3,-3,5,3,8,-2,-4,2,-8
3,14,5,-13,-1,-16,-17,-1,5,-15,-8,-5
-4,-12,-7,-17,2,-1,-5,13,-6,14,-3,-2
-3,-7,5,16,-18,-6,3,9,1,-11,-11,5
6,3,2,18,0,5,0,17,2,11,-3,2
3,-11,-4,18,5,-7,0,8,-5,7,2,-4
4,-2,-8,1,-7,2,-8,-3,-3,2,-4,4
1,-3,-8,-4,-15,-2,-7,2,-5,4,-3,15
5,7,-3,-8,0,14,2,-6,0,12,2,-2
-2,-9,3,12,-2,7,0,-6,2,15,2,-2
-4,8,0,11,1,3,3,4,0,13,2,-6
-3,-2,3,5,-3,14,3,-3,2,16,-5,-2
1,4,0,-6,-2,5,3,-4,0,10,-6,22
-1,0,-3,-5,-2,-8,-3,-3,2,7,2,-4
8,13,0,20,2,10,1,21,0,3,2,-4
7,13,-8,9,2,10,5,28,-2,4,2,-6
6,11,-1,23,1,7,1,11,2,9,1,28
-1,0,4,-1,-2,7,6,32,0,18,2,3
0,4,3,11,-14,25,-1,15,-2,-3,4,21
-4,0,-5,4,0,9,0,29,-1,10,-2,8
-4,2,-10,0,-1,17,6,14,-8,20,3,34
4,15,-7,10,-9,35,-12,20,-3,28,-17,34
1,-11,-9,-9,0,-28,5,-31,0,-16,-4,-2
-3,-4,9,-12,-12,-19,-9,-28,1,-24,-8,-24
-4,-6,8,-15,-6,-5,-7,-29,2,0,9,-19
8,-1,-11,-24,-12,-16,0,-17,-8,-18,-5,-27
6,1,-12,-16,-16,-32,-11,-10,1,-28,-11,-28
6,-3,0,-8,-2,3,-8,-24,-2,-16,2,-23
-3,-6,2,-12,-13,-18,-2,-28,-7,-7,-2,-4
6,-6,1,2,-11,-14,-2,-28,1,-28,2,3
-1,7,-15,-11,-7,2,5,-26,-2,-14,-6,-19
2,2,1,-2,0,0,-6,-17,-2,-16,2,3
-3,9,1,-22,1,-2,9,-7,-2,-21,2,-11
-1,0,1,-14,1,-12,-17,11,-7,-24,-9,-25
7,4,0,-24,-2,-1,-17,10,-1,-22,-2,-2
4,6,4,-11,-1,7,-10,-3,3,-12,2,-9
2,4,1,-8,5,13,8,9,-10,-12,-2,-14
7,10,8,-7,-13,-17,-3,10,-11,5,0,-11
8,9,-11,6,5,3,0,4,3,-15,0,-20
-1,2,-1,2,-13,-13,-9,0,7,15,-1,15
6,-10,-5,17,-7,-16,-3,2,-8,-10,-7,8
5,-6,-4,-3,-5,-2,-7,-3,-5,13,-8,3
5,-15,-10,16,-5,-10,5,15,-5,-7,0,4
4,-8,-3,15,-9,13,3,3,2,20,0,19
-2,1,-6,-11,-11,-4,7,-5,-5,17,-9,17
0,-3,0,2,-9,11,-1,-10,-1,-9,-7,10
3,5,4,-2,7,3,4,24,-3,-4,-3,-1
8,12,-1,17,-1,2,-8,18,3,-7,2,1
-2,0,4,-3,-2,21,0,17,3,-8,-1,21
2,5,-1,18,9,27,0,17,0,18,-1,18
-1,1,-1,18,-7,27,0,5,-3,-6,2,-3
-4,8,-8,-5,8,9,0,7,2,26,-1,18
3,7,4,-1,4,-4,4,27,-4,21,-1,9
4,9,1,8,1,-2,-17,15,0,2,-11,-3
3,10,-16,15,-17,17,7,27,-6,16,-17,18
1,6,-1,16,-12,31,-5,27,0,-3,4,20
-2,3,-7,0,-9,27,-8,6,-16,10,-3,20
8,16,3,1,0,20,-11,23,2,30,-3,0
-4,13,7,17,1,19,3,23,2,11,4,31
3,-15,-7,-13,-3,-10,5,-30,-14,-19,3,-18
-1,-2,-16,-8,-10,-18,5,-27,3,-5,-13,0
4,2,-16,-9,-2,-30,3,-30,3,-7,-2,-34
-1,3,9,-6,-10,-13,4,-8,3,-18,0,-19
7,-3,-13,-21,0,0,1,-32,-3,-6,0,-20
0,0,2,-19,3,-21,0,-9,0,3,-3,-20
5,1,2,-25,-9,-20,-12,-28,2,-18,0,-19
-2,-3,-15,5,-14,-25,3,-26,-1,-3,2,2
2,7,-15,-24,-9,3,-2,-27,2,-23,3,-21
0,5,5,-23,1,6,-16,-1,0,-20,-10,-5
0,2,-16,8,-9,-18,-12,-16,3,-12,-8,8
4,7,-3,-1,-1,2,-13,-17,-3,0,-13,0
-1,1,-2,7,0,-4,0,4,-10,-8,8,-15
3,4,-3,-16,10,9,-10,0,-10,-2,2,7
2,2,6,1,10,-1,0,-7,-4,2,-5,14
3,-2,-3,11,1,-10,-3,2,-12,10,-8,-17
-3,-8,-7,-4,-10,15,-12,16,-9,0,-7,13
2,-18,-7,15,-11,11,-10,12,-2,-3,-2,10
-2,-13,1,-2,7,4,-9,14,-5,7,-9,-1
7,-1,-11,12,-10,-9,2,19,-5,5,-3,3
-4,7,-10,13,4,15,-9,12,2,18,-14,-15
-1,2,-2,20,4,7,-2,20,-5,18,-9,11
9,-6,-3,22,-13,10,1,-3,-11,17,-7,-13
10,2,2,21,-7,6,-7,10,-8,1,-1,20
1,0,10,19,2,22,4,-6,-1,-6,3,-8
1,3,-10,-3,-13,21,-2,21,3,8,7,24
-1,2,3,21,9,16,-10,-8,-3,-9,-13,0
0,4,-9,2,-16,-9,-2,-2,-9,0,-10,-1
10,16,-4,-5,-3,12,-9,9,-10,12,0,-2
-2,1,-12,28,-16,-5,-10,19,-2,6,-3,2
6,11,-14,4,3,3,0,17,3,6,3,-3
8,14,-16,30,-7,31,-14,8,-5,30,6,23
7,14,-11,3,-15,25,-1,20,-4,3,-5,25
-3,1,5,0,-1,8,-11,5,7,5,-7,28
8,15,-15,25,2,31,3,19,3,2,-1,10
5,11,2,18,8,12,-16,23,0,32,-10,11
-2,1,1,14,3,4,-3,0,3,3,0,19
10,-5,-3,-8,0,-15,1,-24,1,-14,6,-2
-1,-2,-1,1,-14,-4,-14,-12,1,1,-2,-16
4,-12,-5,-20,-11,-1,-3,-13,-2,-13,-7,-14
8,3,-6,-32,-8,-30,0,-8,4,-31,-9,-23
0,0,11,-13,2,-25,-12,-11,-8,3,-3,-29
1,2,-11,-16,10,-20,-4,-13,-5,-23,6,2
-2,-4,3,-28,-7,-15,3,-4,-8,-19,4,-28
2,1,5,-12,2,-12,2,2,1,1,4,-28
-1,8,9,-10,-2,1,9,-17,-9,-10,4,-28
3,6,2,0,8,3,7,6,-2,-5,3,-2
9,-4,-13,-15,2,-3,3,-11,3,-24,-9,-25
9,11,8,-19,9,-9,1,-11,4,-25,1,-25
4,9,-8,-14,-11,-7,6,7,-8,-20,-10,-4
9,4,-8,-15,10,-23,6,2,2,-14,-2,-13
2,1,-2,1,10,14,1,-11,0,-3,4,-1
3,-11,1,-5,0,-16,-14,-1,6,1,-1,9
2,9,-11,1,-8,-18,-13,13,-14,-7,0,4
4,-17,-1,2,-13,4,-7,14,-6,7,-2,-3
9,-10,-5,17,0,-2,-3,-6,-4,-14,5,16
9,-6,-3,-12,-3,-16,-3,9,0,-8,-2,0
-9,-16,2,13,-7,17,-2,6,3,19,-7,7
10,-13,-3,6,-11,16,-9,15,6,19,-9,12
-13,12,0,2,-1,21,1,-9,-4,13,10,20
3,-1,3,22,0,2,-4,10,1,-10,-14,22
5,7,-9,-5,4,4,-1,16,4,17,4,5
-1,-1,8,-8,7,2,-8,0,1,16,3,3
4,24,-9,-10,0,0,2,5,-9,14,11,10
3,8,-6,2,-11,6,-1,4,-11,6,-2,-3
-2,1,-12,-1,7,7,2,-1,5,9,-4,24
6,11,-6,26,-5,29,1,3,3,20,-3,0
8,13,-9,18,8,27,1,21,-4,30,-5,21
-1,29,-13,27,-7,29,-11,15,-2,27,-15,22
6,11,-13,1,2,2,0,19,2,4,11,3
5,8,8,1,-1,26,2,20,-10,6,-8,-3
4,7,2,24,11,5,2,10,-9,9,-13,10
4,6,-1,27,1,34,11,13,1,18,-10,21
7,12,-13,19,-11,13,7,14,-3,32,0,10
-1,0,4,-15,-1,-22,-5,-16,-6,-27,1,-21
-1,-3,-3,-2,-2,-26,-11,-13,-6,-12,3,-6
-14,-8,-1,-18,-2,-13,-14,-3,-6,-7,0,-9
11,-17,-3,-24,-1,-1,-2,-6,6,2,-2,-19
5,-32,-3,-27,-1,-2,-2,-25,-1,-19,2,-3
-11,-23,3,3,-2,-28,2,-31,-2,-18,5,3
4,-30,-12,-8,-1,1,-7,4,4,-15,4,-19
7,-25,-9,-6,-1,7,-4,3,4,-23,-8,-15
-2,-16,-10,4,-2,-4,-4,-10,-12,-22,-1,7
12,1,2,7,0,-9,-4,-8,-3,-24,0,-10
1,1,7,10,-12,-9,1,7,-8,-9,4,-17
2,1,6,3,-11,-14,1,-14,4,-25,4,-19
11,9,-1,3,9,-4,12,11,3,4,0,3
5,7,3,-12,-1,5,0,10,-9,-5,4,-21
6,4,-9,11,1,-14,0,8,12,-13,3,-1
1,-20,-2,-13,4,-3,0,-3,-8,-21,1,9
11,5,3,-18,-4,7,-1,13,-9,-17,-3,6
6,-16,-1,2,-9,-1,-5,-9,-6,-17,-1,13
-2,-13,-5,12,3,14,-5,-14,-9,12,0,17
-1,8,-6,2,-14,13,-2,-7,-14,15,-6,9
10,-9,-1,4,-9,15,-4,-12,-9,-2,5,13
-2,7,-6,10,-9,-4,-10,14,-4,-13,-2,0
7,-14,-2,16,-7,10,1,16,-11,22,-1,-1
4,-7,-6,3,-2,-5,-2,-2,-1,1,-13,1
7,1,-3,23,-2,-8,-1,7,-1,18,11,11
9,-8,1,10,-2,7,8,-1,-9,10,-4,3
-9,5,-4,20,-2,-3,-3,3,-1,0,3,8
2,11,3,16,-9,-3,2,16,-10,13,2,-5
2,-1,10,-5,10,3,-2,5,-4,23,-5,5
4,9,-5,20,-8,20,11,2,0,27,-1,-3
9,-1,-5,0,-2,11,-2,18,8,20,7,24
12,7,-2,17,-2,24,-1,15,-14,23,9,29
5,14,-7,19,-1,23,-9,7,1,-2,-9,12
3,0,3,6,2,0,-1,26,-4,16,8,6
-1,-1,7,20,-10,34,-8,30,1,28,-1,20
5,5,4,17,-3,6,-4,9,-5,6,-9,10
-1,0,-13,25,-9,12,2,4,12,8,-12,10
-11,-36,-7,0,13,-6,6,-16,-2,-12,-4,-10
-2,-18,-12,-6,-10,-9,-2,-23,-4,-3,9,-33
-5,1,-2,-10,-7,-29,3,-21,-4,-12,-8,-31
-4,-19,0,-7,-10,-10,-8,-20,4,-7,-7,-14
-3,-16,4,-8,12,-22,4,-13,4,-8,7,-13
-1,2,3,-16,5,-3,4,-25,2,-28,-8,-16
-4,6,7,-5,-7,-18,-10,-3,1,-6,-9,-2
-3,-6,-7,-9,-8,-26,4,-9,0,-29,-1,-6
-3,2,0,2,11,-7,5,5,-10,-13,-13,-19
4,-9,0,-14,0,8,12,5,-1,-22,-2,-5
10,-12,3,-8,-1,-3,-1,-23,-3,-9,-1,-9
9,-7,-6,5,-1,-13,-1,3,-5,9,-3,-19
2,-21,-5,-22,-1,-2,-7,10,1,6,9,10
9,-17,-11,7,-1,3,12,-12,6,-15,-3,-20
-1,-16,-7,8,-1,-11,-12,-11,-5,-17,3,8
-10,6,4,-3,-3,-18,-6,8,-5,4,-6,10
13,-14,-3,2,-1,7,-4,2,-5,0,-3,4
-3,-16,-2,-2,-8,10,-3,-19,-2,11,-8,16
-6,-4,-2,-18,0,15,-2,-4,-8,-7,-4,-2
-8,-4,2,13,-1,11,-4,7,-8,15,5,12
-12,-9,10,11,-2,18,4,-12,4,7,-4,19
-9,-14,-4,20,-3,-6,-4,10,5,6,-13,10
-12,3,-5,22,-3,-6,-4,-12,5,22,-3,4
-13,-13,-3,5,-7,0,2,8,0,7,-7,22
-4,10,-13,-5,-7,24,-6,11,-11,23,-3,21
-12,-9,-5,-6,-13,22,3,21,-8,17,-2,17
-4,-10,2,-6,5,-1,-11,5,7,13,-13,19
-1,6,-5,26,-9,23,-2,-6,-3,1,-1,1
-12,28,-1,6,-1,2,-3,0,-5,-2,1,5
-13,-4,-8,27,-1,-5,-3,4,-8,22,5,28
-3,18,10,27,-6,21,0,19,5,12,-6,28
-3,31,-7,23,-5,18,-2,20,-6,27,-8,23
-13,27,-11,30,-1,15,-1,5,-3,1,-4,2
-6,7,2,15,-1,17,-1,12,-7,19,-2,11
0,29,-1,18,-2,3,3,24,-9,24,2,32
-11,4,-10,2,-11,23,-8,28,-5,23,-2,3
-3,1,1,29,-1,13,-3,3,-2,31,5,36
-3,-12,3,0,-1,-20,6,-22,-2,-10,3,-1
-1,-4,1,-33,13,-1,6,-3,6,-3,13,-2
-1,-23,-4,-21,1,-10,1,-29,-3,-28,-11,-9
-4,-1,10,-14,-6,-5,6,-30,-11,-13,-11,-11
-1,2,-6,-19,-12,-13,5,-31,4,-4,7,-7
-1,-23,10,-11,5,-17,2,-21,-8,-4,-6,-20
-2,-2,4,-20,10,-3,-9,-13,-8,-11,-2,-9
-4,7,-9,-3,1,-29,4,-5,-7,-16,-7,-20
-1,-19,9,5,-6,-4,0,6,-10,-5,6,-28
-3,-23,0,-12,-5,1,-10,-4,11,-18,-3,-17
-12,-16,4,6,4,-21,5,3,4,-2,6,6
-11,-25,6,7,1,-14,-7,-22,5,-7,-10,-25
0,10,-5,12,-9,12,-3,-6,13,-16,-1,11
-4,8,9,11,13,9,-2,12,-12,-23,8,-5
-9,-20,-4,-13,-7,6,-8,-19,0,5,-6,7
-3,-12,-10,0,0,9,-8,7,2,-18,-3,-4
-8,-15,-4,-9,2,-4,-10,-20,-8,-13,-8,12
-3,-11,-7,8,2,15,-3,-13,-5,9,6,-1
-7,11,-6,-1,0,-4,-9,5,-3,3,-10,-14
-10,18,13,16,-11,11,-11,-15,-10,-17,4,-1
0,-2,7,17,-4,11,-9,-6,-5,13,11,-14
-2,20,4,5,-1,15,-2,9,0,-15,1,6
-8,17,-6,17,-8,-12,-3,21,-7,20,-4,-7
-1,3,-8,21,1,12,-7,-13,-4,17,3,8
-1,9,-3,13,-4,-2,4,22,-7,23,-2,23
-5,19,-3,7,-5,25,3,8,-8,-11,2,-1
-9,-10,-6,2,-6,23,0,-4,13,7,-3,-6
-5,-9,-7,21,4,-1,2,12,-6,19,-4,20
-2,26,-4,-5,-5,6,6,11,5,-2,-3,21
-4,-7,2,8,-3,20,-3,6,-1,7,-5,28
-12,28,8,15,1,12,-2,-5,-3,14,-1,0
-2,21,0,-5,3,13,-3,4,-7,28,0,28
-1,23,-2,8,-2,15,-2,5,-5,29,-4,12
-11,1,-10,15,-9,27,-10,9,-4,19,2,18
-7,0,5,19,1,19,-7,34,-4,24,-8,1
-3,11,-10,0,-5,24,-3,20,-11,24,2,32
-9,22,7,34,-3,12,0,29,2,4,-8,36
-2,-35,-8,-26,-7,-35,4,-36,-4,-9,3,-2
-8,0,5,-10,1,-3,-6,-2,-8,-12,-2,-11
-8,0,-2,-27,14,-20,9,-17,3,-11,-1,2
-8,-1,3,-9,7,-10,5,-24,3,-32,3,-10
-7,-2,-11,-30,-5,-11,4,-26,-8,-10,9,-15
-2,0,-7,-9,6,-3,8,-9,-9,-12,6,-1
-8,6,-6,-4,5,-21,-1,-13,-2,-2,-1,-25
-1,3,1,-22,7,-22,-3,5,5,3,-2,-22
-8,5,2,-23,7,-27,-3,-11,-8,-18,-8,6
-2,-11,-7,1,5,-5,13,2,-9,9,0,3
-6,2,4,-14,6,4,-2,-12,1,3,6,-9
0,7,-10,-24,13,9,9,10,2,-9,-7,-24
0,-14,-3,10,-9,-11,7,11,-9,5,-3,4
-1,-2,-1,-12,10,-4,-10,-17,1,5,-3,-13
-9,-19,0,-21,-10,-17,4,14,13,2,-5,11
0,-14,0,-15,-3,10,-8,13,2,-2,-1,-4
0,-16,0,2,8,0,3,-11,-2,7,-4,8
-11,-17,-3,11,-8,-17,2,-5,-3,-6,2,-1
-9,-4,2,-1,-3,-13,1,4,-3,14,7,3
-8,-13,1,2,-2,17,-6,13,-3,1,-3,18
2,18,12,13,-5,18,-4,20,0,7,-3,-1
0,3,-4,13,7,21,3,19,1,21,-3,-13
-1,17,12,10,11,11,3,-3,-2,20,-1,-2
0,23,-2,-10,0,9,-3,-4,3,12,-2,23
-1,2,-3,17,0,15,6,21,4,23,0,15
-2,6,5,-11,6,13,-5,25,-1,7,-10,-8
-2,-7,13,14,3,18,1,-8,5,13,-11,20
-11,-8,-5,26,-6,13,1,-5,-2,15,6,23
0,12,2,26,-4,14,-6,26,-3,25,-7,3
-11,10,15,7,2,6,-1,21,3,29,2,0
-2,29,0,12,-4,17,-7,27,-2,24,1,14
0,19,3,28,-8,28,2,16,-5,25,-8,15
-10,30,2,14,-3,16,-5,25,1,11,-2,30
-8,27,5,28,-3,19,1,22,-1,21,6,25
-5,34,2,23,0,21,1,-1,0,9,0,14
-7,32,-8,32,-1,24,-7,33,13,32,1,34
-11,11,5,24,-1,12,2,36,-11,22,3,16
-1,-30,-4,-2,1,-24,2,-3,-1,-35,6,-15
0,-20,-9,-19,16,-24,-5,0,-10,-18,15,-23
0,-5,9,-9,-3,-2,-8,-24,6,-28,-1,-4
-7,-2,14,-12,-1,-27,-10,-22,3,-26,-7,-19
-1,0,16,-17,-8,0,-2,-12,-6,-9,-4,-32
-1,2,1,-4,-8,5,-1,-28,-6,-23,-10,-14
-8,6,14,5,-3,4,2,-16,5,6,2,-17
2,3,-8,4,-2,-20,-2,-3,4,-10,-5,-12
1,5,6,-14,8,7,7,-19,-7,-11,-10,-12
-8,-23,-7,4,-1,2,1,-27,0,-16,-2,-10
-7,-20,-9,-12,-1,2,5,-6,12,8,0,8
-2,-3,13,-3,-5,7,1,-14,-6,-22,1,-20
-10,-18,-2,9,-4,8,-6,-12,-2,-13,5,-4
-9,-3,2,-13,5,-4,-1,-11,1,-11,3,8
-5,10,4,-3,0,-5,16,-15,1,-20,0,-13
-10,14,-5,7,-1,5,-5,-17,2,-7,-5,10
-9,-12,-1,9,0,0,2,0,6,5,-1,-17
1,-7,12,2,1,-17,4,0,-10,4,11,-1
-10,-5,7,-13,-1,-5,8,-16,-8,-17,-2,-13
-9,18,-8,14,-6,12,-8,17,3,-2,-3,-3
1,-1,-3,-13,14,7,-5,15,2,4,7,3
-6,14,13,10,14,13,-10,-8,2,-14,5,21
2,17,0,-13,-2,-8,-5,18,1,-4,-7,-7
-1,8,5,15,-3,20,12,-5,-7,20,9,22
-1,-10,-5,19,-1,8,-1,24,1,-7,-2,24
-1,8,15,1,-7,20,-2,-8,-7,-3,-4,6
-10,-2,-2,5,-1,1,3,3,14,17,-2,-4
-1,11,-1,8,-3,26,6,12,-2,-8,-2,15
-2,9,-6,2,-1,17,-2,15,12,17,11,11
-9,-6,15,-4,15,15,-8,18,2,18,1,5
-7,-3,-7,9,-2,1,-2,23,-8,25,5,12
-9,10,-2,3,-8,30,1,12,-6,25,-2,9
-1,1,-1,18,-1,1,-6,31,0,8,-2,18
-10,1,14,16,1,22,1,32,-7,8,-9,21
-1,11,2,30,15,19,16,13,-8,18,6,16
-1,9,-3,16,-2,2,1,0,3,35,-4,12
1,26,5,20,-1,9,-2,4,-3,30,-10,13
1,-32,1,-11,15,-12,-9,-27,-8,-5,1,-16
-7,-34,2,-19,4,-16,-3,-2,-5,-1,7,-18
2,1,0,-2,12,0,-2,-7,-9,-16,1,-32
0,-18,-2,-12,-1,-8,6,-29,-9,-8,3,-22
1,-5,5,-7,2,-31,16,-14,0,-18,9,2
3,5,2,-24,-2,-18,0,3,3,-29,3,-10
-1,0,-1,1,2,-19,6,-1,-8,-8,-1,-11
-8,-24,1,-23,1,-8,2,-1,3,-21,4,-14
0,-17,-5,-15,12,-7,-3,-24,2,4,5,-10
-3,7,5,-7,1,-11,1,-14,3,-21,-4,5
-1,3,2,-5,3,-26,0,2,15,5,4,-1
3,0,9,11,-8,-12,5,-8,-3,11,3,-16
-5,0,11,10,-1,8,-6,-20,-3,9,3,-19
-5,-11,1,10,9,6,0,-22,-2,-20,3,2
-1,2,10,-1,-4,5,14,-14,6,-1,3,-22
-9,7,6,8,-3,-18,0,-10,-6,9,15,13
-4,-9,6,-1,-3,-6,-9,-7,4,13,0,7
-6,-9,3,6,0,-18,-7,-8,-6,13,2,-8
-9,1,-1,-1,10,1,0,8,5,-12,3,12
-2,14,7,5,5,0,-8,1,5,18,-2,-4
-9,-7,9,0,10,2,3,3,-1,-16,1,0
-9,-3,3,12,-1,-7,-1,-5,0,10,-1,-14
1,-2,3,-10,7,22,-2,16,0,-5,3,14
-7,2,5,5,0,-6,-1,9,-3,21,4,23
-3,6,-8,14,5,7,-4,15,-1,-9,3,0
-7,19,-4,24,14,14,0,5,1,5,1,14
2,15,0,-10,2,3,16,-2,2,9,4,4
-5,1,2,3,5,13,-7,8,4,26,1,10
-9,15,-3,19,0,8,-2,8,-1,-1,4,25
-7,13,-1,-1,0,7,2,-1,-3,22,6,18
-3,11,7,-5,-1,6,14,18,1,3,-5,16
-6,13,-2,29,0,5,-1,27,2,23,15,19
-1,-2,13,31,-1,-4,-2,31,9,25,-1,-1
-2,-2,-3,-2,14,26,4,13,11,13,8,24
1,18,1,1,-2,24,-9,30,4,32,3,16
-5,5,5,4,-8,35,1,35,-4,0,3,31
-4,1,1,19,15,35,3,18,-9,21,-4,10
3,-22,-2,-3,16,-7,-1,-11,4,-25,4,0
-4,-1,6,-29,-6,-2,9,-1,8,-20,-6,-9
2,-21,9,-14,5,-19,0,-6,3,-25,0,-22
2,-11,-8,-15,2,-15,7,-18,9,-17,2,-32
-8,-25,7,2,7,-12,-8,-28,8,-18,9,4
-2,-26,0,-17,5,-14,-4,-23,4,-13,3,2
4,-22,3,4,5,-14,-2,5,7,-10,1,-8
-1,-7,14,5,-2,0,4,-6,6,-12,10,-7
4,-28,-3,8,1,-4,0,2,6,-19,0,-15
16,-21,3,-12,6,-6,-1,-26,2,6,-3,-23
14,-22,-3,-9,2,-15,-7,0,4,-14,6,10
13,-23,7,-24,15,-20,-5,-19,-8,-9,-8,-23
17,-17,-2,-9,-7,-18,6,-9,1,7,-7,8
8,-5,-8,-6,5,-18,5,-5,-8,-10,-1,-11
3,-20,10,1,7,11,5,-7,-4,-18,1,1
14,-21,-8,3,-7,-3,-8,2,-2,-7,11,-5
7,-4,15,3,3,-6,-1,2,5,8,9,-11
-4,3,2,15,7,10,6,-16,7,6,8,3
0,10,1,-3,-1,-13,5,-15,8,-5,-6,12
-6,10,3,11,16,-17,-7,12,-5,-17,-3,4
-8,9,-2,-13,-7,-6,-2,-13,-8,-5,3,8
-5,-3,-2,4,-1,-6,12,21,5,-4,8,17
-5,0,-1,21,7,-2,7,8,-4,-3,-8,19
-4,8,3,-5,-4,13,-1,-8,-4,8,1,-4
-2,-2,-6,4,-6,2,-7,9,7,-4,-6,20
-7,16,8,-4,18,17,-5,5,-3,8,11,13
-1,-1,-3,15,-3,4,0,26,-2,0,-8,2
-2,20,-6,15,-7,18,6,18,6,18,9,17
2,1,14,-7,7,24,17,25,-3,-2,-7,10
-3,3,4,5,17,10,9,1,3,-7,4,-3
-6,16,-1,-4,2,-5,6,-1,1,10,-7,-2
-1,22,-2,18,7,30,-8,7,-3,-5,4,19
-1,-1,4,2,1,29,0,23,-6,29,-7,23
-3,11,-3,19,10,7,-6,19,1,15,7,1
-3,7,7,11,7,26,-2,15,-4,16,-1,2
-4,13,13,22,0,20,10,15,1,34,14,26
-6,29,5,29,11,29,6,6,8,20,-2,24
3,-26,17,-4,7,-21,3,-34,1,-32,4,-33
-7,-30,3,-26,0,-28,18,-25,3,-35,0,-6
2,-11,19,-25,14,-14,1,-20,0,-29,10,-31
3,-22,-3,-4,2,-12,2,-16,4,-27,-1,-13
-1,-10,9,-3,-1,-1,-5,-8,9,-11,-2,1
15,-28,8,-29,7,-29,3,-9,-5,-17,7,-16
16,-26,18,-23,-1,-30,5,-22,4,-9,-6,-2
15,-27,8,-29,-4,-15,-3,-3,-3,-19,5,-21
16,-26,-2,-20,3,3,11,-15,0,-21,-6,-22
13,-26,2,-15,15,1,13,7,7,-1,10,-2
9,-10,9,-13,7,4,4,4,9,3,0,4
13,-25,12,-19,-7,1,11,-14,-1,7,-3,-8
14,-23,18,-11,15,-15,4,5,9,-12,14,8
18,-18,10,-16,7,-18,6,-22,7,-11,13,12
5,-20,8,3,8,-8,-1,-9,3,13,4,-9
5,-10,2,-16,-2,-16,16,11,17,2,-2,-7
18,-19,7,12,-5,1,0,1,5,-1,-2,-8
5,1,0,0,-6,-5,10,11,-5,13,1,-10
-2,3,5,8,3,15,6,-9,0,-5,-3,-5
0,4,7,0,-4,3,7,-17,-5,-15,-6,-10
0,19,-2,-16,19,-8,7,13,2,-5,0,5
-7,7,-2,3,19,4,-1,10,7,-15,0,4
-5,17,-7,16,-7,18,-6,2,-7,17,3,-14
-1,6,18,-2,7,-2,-7,15,11,18,-4,15
-4,11,3,-5,6,0,8,-3,-4,15,6,-11
-2,1,-1,0,-5,19,14,24,0,-3,11,22
0,9,17,26,6,-8,7,-2,2,0,-6,21
-3,18,10,-5,-7,22,-2,-7,-6,15,9,-2
5,2,8,16,0,21,0,11,9,3,1,17
-4,14,19,1,10,28,11,0,3,6,-4,14
1,2,-2,6,17,12,3,24,8,25,-1,1
-1,-2,-6,2,-5,22,19,5,1,24,17,21
-6,25,7,6,-1,26,19,8,-1,15,-2,3
0,1,6,6,7,11,1,15,-2,1,-6,5
-5,19,3,6,19,4,-1,8,8,11,4,15
5,12,-3,-1,6,7,12,18,19,31,2,13
-1,1,6,8,-7,9,17,28,0,16,4,25
-2,-1,2,-14,6,-11,-3,-4,8,-18,4,-4
4,-2,17,-26,13,-11,-2,-4,14,-13,-2,-23
5,-15,2,-14,-4,0,9,-17,3,-1,10,-29
-4,-22,5,-10,5,-2,4,-13,-4,-12,0,-3
20,-28,12,-3,-4,-26,-4,-27,1,-8,1,1
19,-25,4,-3,-5,-14,3,-4,1,-25,10,-29
8,-9,11,-20,5,-4,1,-24,0,-29,6,-28
18,-26,-3,5,7,-19,0,-20,6,-13,11,-15
18,-24,-5,-5,-2,-19,-5,6,-5,-23,17,1
18,-22,20,7,3,-24,0,-8,8,-22,-2,-22
6,-25,4,-26,-2,-3,-2,-7,0,-20,8,-19
20,-20,-1,-20,17,2,19,0,2,-17,11,-12
7,-4,-4,-24,-2,-13,12,-14,6,11,-3,12
17,-22,9,8,16,-16,-4,-16,0,-18,7,-11
0,2,14,-3,0,-21,2,-1,-2,-9,-4,-16
20,-21,13,8,-4,8,6,10,0,-6,-2,-11
6,1,11,12,9,-20,-2,-11,-1,-4,13,0
1,-6,6,12,8,-19,19,-2,-3,-3,-2,-12
1,2,9,-4,-5,3,0,-2,-4,0,-3,-5
-3,11,-2,1,-2,-1,9,-14,-3,11,4,12
1,1,8,7,20,1,4,17,-1,-8,5,-8
-2,3,15,20,10,3,0,-1,9,9,1,7
0,2,-3,13,16,22,6,21,9,9,4,-3
0,-9,0,12,16,-11,7,-5,19,13,9,18
0,18,-3,13,7,-3,5,7,-1,3,7,14
0,-3,8,16,8,1,-2,4,5,18,20,23
1,-4,-6,19,-3,15,-2,-4,-2,-4,4,0
1,-7,13,13,-1,-8,-5,15,-5,8,4,19
-5,18,6,-7,5,20,-1,-3,3,5,19,1
-5,18,-1,-4,20,22,20,22,6,19,-4,0
-2,13,-2,-4,20,18,-1,8,-2,-5,-2,3
-1,13,3,4,-2,19,-1,15,20,2,-3,11
-5,19,-2,12,15,31,-1,8,-3,16,-2,16
-2,10,-2,14,17,25,3,30,4,0,-4,25
-5,30,-2,10,0,4,0,16,8,9,6,27
-2,6,-1,13,20,24,17,19,9,9,9,2
-2,17,5,14,9,2,-1,21,9,7,-1,13
4,-11,13,-8,20,-3,-1,-11,2,0,-4,-31
0,1,7,1,21,-25,1,-30,-4,-16,11,0
0,-18,19,0,4,-26,0,-24,0,-22,2,-10
3,-6,5,-29,9,-23,14,-33,3,-5,8,-3
7,-29,13,-12,-2,-16,11,-16,8,-28,-2,-6
20,-27,-1,-24,-1,-24,-2,-26,-2,-28,-2,-8
7,-26,1,-20,6,2,3,-19,1,-7,0,4
2,-5,0,-25,15,7,3,2,1,-26,2,-13
21,-25,15,-6,14,-3,-5,7,-1,-8,6,-28
19,-25,9,-15,11,-2,1,-21,2,7,-1,6
18,-26,21,-1,-4,-17,12,-5,9,-11,-2,-7
20,-22,-1,0,12,-5,18,-20,9,7,8,-23
19,-23,17,2,0,-14,0,-5,21,-14,21,-16
1,3,4,-13,17,6,18,-21,-1,-7,2,-3
21,-21,-5,-6,-5,-7,-2,-4,19,6,4,-17
0,2,9,-20,-4,-13,15,12,1,-12,-3,14
9,-2,6,9,-5,-9,4,-5,8,-3,10,-20
1,-5,9,-15,-3,9,10,-12,-1,-5,1,-13
2,-13,9,-18,21,-5,-5,-4,-4,-12,-1,8
0,2,3,-5,0,19,-2,-17,-2,-5,-3,1
-1,16,3,-6,7,15,2,-9,-2,3,1,10
-4,6,2,-8,10,-6,0,9,-5,14,-5,3
3,11,11,-6,1,2,0,11,-5,13,-1,1
3,-1,18,23,12,23,1,2,16,19,6,5
-5,12,8,21,-1,8,18,0,18,17,-5,-9
-1,4,11,24,17,19,8,13,0,6,-1,5
-2,3,13,-10,-3,16,-5,15,-2,8,-5,26
-5,18,20,11,12,4,0,0,17,27,1,-4
-1,20,6,17,2,-8,0,18,21,28,16,14
2,25,8,24,16,15,-2,-6,2,10,-3,17
0,11,-5,14,21,10,0,1,6,10,0,19
3,-1,-3,22,0,8,2,-1,1,-3,-4,7
3,3,18,8,-4,12,-1,12,-2,20,-5,10
-5,18,17,33,13,-3,17,26,0,2,4,18
2,31,2,4,10,2,11,34,-2,11,-1,-2
2,35,4,30,18,35,-1,31,-3,25,-2,7
-3,9,8,3,13,12,3,35,1,12,2,7
-1,-31,-2,-22,20,-28,4,-21,-1,-11,14,-16
-2,-16,3,-17,12,-2,-1,-6,-3,-7,-4,-25
7,-12,0,-1,1,-27,13,2,-2,-30,-4,-23
2,-21,5,-13,-3,-3,9,-23,1,-6,7,-13
20,-32,3,-12,6,-27,-1,-13,21,0,0,-26
2,2,-3,-10,-1,-24,3,-22,21,-11,0,-12
2,-3,22,-3,4,5,3,-12,10,-16,7,-7
3,-3,-4,-7,-1,-26,20,-8,7,5,-1,-5
21,-28,-1,-23,0,-7,7,-23,-2,-15,8,6
3,-4,11,8,19,-4,2,0,-3,8,3,-24
3,-1,11,-9,-1,-9,6,-1,3,-1,-3,-3
8,-6,7,-6,11,-24,18,-1,4,-8,10,-16
11,-6,0,-10,12,-9,14,-6,5,-21,0,-20
1,1,2,-5,10,-22,19,0,6,-3,5,-5
1,0,8,7,19,-1,-4,0,-2,8,-3,-7
2,-10,11,-6,0,-13,-4,-4,0,-12,-1,1
-2,5,-4,-16,20,12,6,6,11,14,-3,0
1,11,5,17,6,13,1,3,1,-17,4,-11
0,-7,20,-17,1,7,-1,-3,17,13,-1,15
-1,2,18,12,-1,-4,22,-9,3,-16,7,2
-1,-7,-2,-1,13,10,-2,10,-4,10,-2,4
4,-12,1,-6,18,11,-1,10,4,21,-3,11
7,-8,-1,2,2,8,4,10,22,15,6,8
2,19,4,11,-2,-6,0,1,3,-1,0,22
-3,19,-1,16,15,9,-3,-3,2,-5,0,2
3,7,3,16,-2,14,9,0,1,15,-1,7
4,5,17,22,0,-5,6,11,-1,-1,-4,25
-3,10,-3,-3,-1,12,-4,-9,3,-9,13,13
6,17,22,4,17,10,4,-2,1,17,1,-3
3,27,21,-5,15,15,-2,-6,20,1,-2,29
4,3,2,26,10,19,-1,24,7,9,-1,5
-4,25,20,18,12,16,3,8,2,-1,-3,14
0,-1,10,3,22,18,9,22,-2,5,-1,-4
1,31,-1,17,5,-3,11,31,5,2,3,-1
8,7,-4,6,22,2,14,6,-2,5,2,16
4,5,-2,1,-2,1,14,8,4,14,16,32
6,5,15,8,17,30,13,5,-1,5,0,21
-1,-24,2,-25,17,-17,2,-18,17,-17,0,-19
3,-4,9,-33,8,-26,16,-18,0,-33,-1,-12
4,-26,5,-34,21,-29,-2,-24,6,-32,22,-2
2,-7,16,2,-1,-24,1,-12,15,-5,0,-30
3,-7,4,-28,15,-28,14,-29,0,-18,20,-25
2,0,1,-28,10,-24,4,-29,10,0,0,-19
10,-9,7,-9,14,-18,11,-6,-1,-6,4,-5
3,-6,7,-2,7,-23,-2,3,15,-9,2,-21
23,-26,-1,-16,14,1,5,-26,12,-24,17,-7
10,6,1,-4,7,1,-2,-14,-1,-12,4,0
11,-10,0,-7,12,-13,23,-6,0,3,9,1
9,-7,10,-14,4,-4,0,10,2,11,-2,-12
8,-24,4,-2,17,11,4,-14,21,2,11,-4
8,-20,8,-3,3,-21,13,-17,14,-1,-1,2
3,-1,7,7,3,-3,8,10,1,-5,1,-20
8,-16,4,3,-1,1,10,14,-2,-11,4,-6
3,-13,17,12,11,16,6,-20,4,6,0,9
3,16,16,-12,-2,7,20,-12,6,0,-2,-19
2,15,-1,18,0,4,18,14,-3,12,7,-5
5,2,20,3,18,-8,0,3,-1,-14,-2,0
-3,13,7,15,12,6,8,10,-2,17,0,-1
-1,-5,19,-7,-1,1,4,-3,0,-11,2,3
5,0,22,16,0,13,13,4,-3,-8,11,-2
-1,-6,8,18,19,1,20,15,1,22,11,1
5,-7,-1,17,-3,13,20,-12,21,17,-2,18
4,18,3,-5,16,4,3,17,7,23,15,8
7,-4,11,4,1,4,8,-6,17,8,-1,-8
5,14,-3,3,12,-6,7,-3,5,12,-1,4
-2,10,2,-6,20,4,-2,-7,-1,19,4,-3
0,-6,0,28,12,23,8,2,5,28,23,2
-1,2,6,15,16,28,22,28,2,17,-1,10
-1,1,21,3,1,13,13,3,-3,9,-3,18
3,24,11,-2,-2,28,21,14,14,25,11,28
1,-3,-2,2,13,23,11,13,1,-1,-1,2
7,16,0,16,1,17,11,10,1,31,-1,9
-1,15,-2,11,-2,0,-2,-1,3,24,5,32
-1,18,19,32,14,19,-3,30,22,34,7,31
1,-21,24,-18,5,-18,16,-7,2,-4,22,-9
2,-19,18,-11,1,-6,1,-9,20,-21,10,-19
3,-14,6,-27,23,-22,14,-4,9,-17,2,-5
10,-16,12,-30,-1,-10,1,-9,0,-25,1,-28
1,-8,9,-28,20,-1,12,-9,19,-23,4,-1
1,-5,22,-21,5,-16,-1,-23,5,-29,1,-25
3,-5,2,-4,16,-10,4,-18,3,-6,20,5
2,-6,-1,4,10,7,20,-3,10,-19,3,-5
2,-2,3,-27,9,-18,17,1,-1,-25,-2,-20
6,-1,8,-14,9,-19,0,1,6,-17,20,2
1,-1,1,6,14,3,6,-26,21,2,3,-24
2,0,4,-20,1,-7,14,-24,14,-9,4,7
0,-1,8,-4,9,-20,11,-22,23,-9,0,7
5,-16,21,-9,3,12,3,0,-1,13,0,-14
0,6,15,14,-1,-20,-1,-18,7,-18,7,-7
3,-16,3,-2,23,-15,6,-8,15,-18,0,-7
-1,10,11,-19,0,-20,12,6,8,-5,-2,-20
1,-12,23,6,16,-11,13,7,15,2,3,17
2,-16,11,-6,5,-6,2,-13,9,-11,4,5
1,0,5,16,19,15,8,-1,22,1,5,-7
6,-15,-2,12,0,-15,20,19,18,8,0,-13
-1,-4,5,-2,-1,-8,2,7,14,-7,-2,0
5,14,5,12,9,21,2,-13,5,4,11,15
0,4,0,0,1,-3,1,15,1,21,-1,-11
1,4,11,16,-2,24,2,12,-2,21,9,-2
7,16,17,13,-1,24,2,7,24,3,11,16
8,-2,21,9,4,-1,6,6,2,15,-1,6
-1,3,11,-9,-2,9,9,18,22,21,9,25
0,24,1,28,3,-4,9,14,2,16,7,20
2,29,1,1,24,11,9,1,10,10,12,17
-1,-3,1,7,-1,28,5,25,7,6,5,12
7,13,2,-1,18,19,8,2,6,11,0,10
3,31,7,10,18,19,12,18,10,19,12,4
-2,30,24,-2,3,20,2,24,0,31,23,8
-2,13,19,4,-1,20,2,-2,21,2,5,-1
-2,17,-2,31,12,31,20,24,-1,13,23,20
10,30,3,6,-1,15,-2,33,22,16,23,28
7,-25,20,-28,4,-12,16,-34,1,-14,13,-8
-1,-3,2,-5,10,-11,25,-3,1,-23,1,-18
5,-32,12,-19,10,-19,5,-34,22,-10,4,-11
0,-9,11,-10,0,-14,0,-5,2,-27,0,-22
12,-16,7,-28,19,-11,1,-13,24,-20,11,-13
5,-18,8,-18,2,-12,4,-25,9,-17,15,-30
6,-18,1,-4,0,-10,1,-10,6,-9,17,-14
6,-18,13,-7,12,-28,4,-13,16,7,1,-21
5,-19,6,-12,1,-20,0,5,9,-1,0,8
12,-9,0,-7,-1,-19,11,-11,5,4,4,3
5,-20,2,-5,18,-3,14,-12,22,-13,0,-17
6,-10,0,3,15,-19,1,-16,3,-20,23,-3
4,-17,24,7,10,12,15,7,14,-12,23,-6
10,-22,3,-3,22,3,7,-18,0,-19,-1,8
4,-16,-1,-22,6,-6,16,10,21,8,15,2
5,-6,15,-19,3,4,0,6,1,7,-1,0
3,-11,15,-3,10,1,6,-12,-1,-17,3,5
2,-8,10,7,2,-15,16,16,17,4,6,-13
1,-5,0,-18,0,-15,-1,1,1,-13,5,-9
0,-4,1,6,3,5,0,14,1,-7,4,-17
-1,4,0,14,0,-4,9,-1,10,-8,22,-8
0,-1,23,15,0,-4,19,17,9,13,4,-14
0,2,1,11,4,-14,17,14,2,12,4,15
10,16,7,19,24,6,21,21,18,19,4,6
9,-5,2,-3,0,-8,19,10,18,5,25,-1
7,9,15,22,13,22,0,4,11,-7,3,12
11,6,11,14,2,-5,9,21,0,8,1,19
8,21,0,23,-1,-4,18,2,4,13,-1,10
1,25,0,14,-1,2,2,3,9,21,13,-4
-1,7,3,-1,2,-7,18,2,2,24,-1,-1
1,-4,24,30,25,-4,3,11,3,6,4,0
8,21,25,1,14,1,20,14,24,16,23,5
11,31,2,18,-1,30,2,27,0,19,16,-2
-1,33,12,7,16,22,-1,7,2,-2,3,21
8,32,-1,-1,16,7,3,5,22,32,12,26
9,-1,0,34,11,15,15,1,17,32,14,0
10,28,0,8,11,34,18,23,9,30,8,0
5,-36,0,0,26,-27,3,-27,0,-28,2,-9
4,-31,0,-30,24,-2,1,-32,1,-28,15,-33
3,-14,18,-1,11,-15,23,-9,9,-34,0,0
10,-31,5,-20,14,-26,15,-15,7,-19,6,-8
4,-12,2,-29,10,-17,13,-15,1,-21,17,-26
4,-23,0,-25,2,-20,12,-14,12,-9,3,-30
1,-2,23,0,9,2,9,-11,13,-24,4,0
6,-9,12,5,7,1,0,-23,1,-21,12,-7
2,-4,3,-22,4,7,16,-8,8,-9,10,2
5,-23,25,2,13,-5,22,5,0,-12,6,9
5,-23,0,-16,11,7,10,1,13,-21,7,6
1,-3,4,-20,25,3,2,5,6,10,8,5
5,-16,10,2,2,7,15,-11,0,-23,15,3
5,4,2,-3,7,-19,2,12,10,-1,17,-22
3,7,3,-10,17,-6,1,0,26,-2,23,2
8,0,3,-21,8,15,11,-19,22,6,16,-12
7,-4,0,-6,0,15,12,-20,7,-1,7,16
8,-9,0,4,0,10,25,2,0,5,3,11
8,-5,1,6,5,-3,26,-5,10,18,0,10
1,16,14,-6,19,18,18,10,6,-9,0,-10
1,-7,0,-7,16,-12,13,14,2,-5,19,7
1,-5,15,18,14,-12,7,-1,10,-8,11,6
1,-8,4,-6,11,-14,26,17,8,-2,17,-10
8,5,15,-2,14,-5,22,17,0,21,0,11
0,4,18,-4,20,21,3,-9,9,5,1,21
11,12,0,0,1,14,16,8,1,-11,18,1
11,20,24,19,0,13,6,1,0,2,17,1
9,19,3,-5,0,-3,1,-2,1,7,0,11
10,11,5,12,22,25,2,-2,10,24,3,24
2,27,0,-4,0,6,0,-2,0,12,23,2
11,7,6,10,0,11,18,11,0,30,2,13
9,24,1,13,25,20,13,1,2,20,0,-1
9,3,15,28,0,10,0,11,20,17,21,-2
8,31,0,16,15,33,5,25,0,7,1,7
8,14,4,9,3,-1,2,12,0,3,25,12
10,16,1,10,10,6,3,35,0,19,1,0
8,33,21,20,22,16,3,13,0,7,2,33
