0,0,-4,-3,-14,-6,-3,-12,-17,-5,-6,-6
-1,0,-16,-12,-11,-9,-22,-14,-6,-4,0,-16
0,-16,-2,-17,-11,-34,-19,-4,-24,-15,-14,-5
-6,-26,0,-20,-26,-25,-7,-26,-18,-31,0,-9
-22,3,-17,-32,-7,-10,-10,-26,-10,-18,-18,-10
-12,-15,-19,-17,-14,-25,-10,-14,-8,-29,-23,-20
-12,-3,-5,-28,-9,-22,-24,0,-19,-14,-6,-22
-17,-3,-21,-3,-2,-25,-9,-24,-26,-29,-22,-10
-25,-21,-11,8,-17,-20,-2,-4,-26,-1,-6,8
-2,0,-14,-14,-7,-15,-21,-12,-23,-12,-9,5
-13,-7,-21,5,-13,3,-24,-16,-6,-14,-1,6
-19,-4,-10,-9,-22,-21,-25,2,-26,-15,-18,6
-18,3,-4,-5,-15,-9,-2,7,-17,5,-25,3
-12,-21,-24,4,-16,-14,-12,-13,-2,-9,-4,-2
-3,2,-4,-19,-13,14,-14,13,-18,-13,-17,-8
-21,-9,-19,-14,-13,7,-6,-10,-5,9,-23,-17
-16,16,-23,0,-6,3,-12,-12,-11,-14,-6,0
-16,-3,-5,2,-23,-4,-10,-4,-20,-19,-15,7
-14,-11,-10,-8,0,10,-14,-2,-8,6,-2,-5
-1,-17,-16,5,-16,-17,-7,6,-25,-10,-16,-10
-12,12,-5,11,-3,-6,-26,12,-22,18,-11,4
-12,16,-15,-2,-18,13,0,13,-12,7,-13,9
-9,-8,-23,-1,-11,-1,-11,6,-26,-2,-11,22
-10,10,-14,17,-17,17,-15,8,-18,5,-7,14
-26,13,-21,10,-17,4,-16,9,-7,12,-8,24
-18,12,-18,0,-17,-11,-2,24,-16,0,-16,14
-10,-1,-12,3,-3,8,-2,26,-22,22,-13,21
-3,14,0,8,-26,-2,-19,24,-14,-6,-10,-9
-17,15,-2,22,-19,24,-19,-8,0,9,-11,9
-24,9,-15,29,-2,-1,-5,14,-20,29,-18,25
-6,20,-21,14,-14,12,-9,7,0,15,-24,25
-17,28,0,20,-22,21,-21,-3,-20,27,-18,19
-17,3,-24,9,-19,-2,-20,-3,-22,-1,-26,7
-18,31,-22,20,-5,7,-19,23,-22,17,-24,4
-23,19,-3,14,-26,31,-3,28,-10,23,-5,27
-1,22,-13,15,-22,21,-8,16,-16,22,-2,1
-24,8,-11,22,-25,23,-16,25,-12,32,-19,8
0,0,-2,-26,-3,-30,-21,-5,0,-9,-1,-8
-12,-32,-20,-27,-5,-5,0,-26,-20,-24,-9,-24
-17,-8,-3,-9,-6,-20,-1,-17,-3,-6,-9,-31
-2,-17,-2,-15,-2,-5,-10,-28,-19,-12,-25,-7
-25,-20,-22,-6,-11,1,-9,-1,-16,-21,-16,-5
-16,-19,-17,-4,-22,-2,-2,5,-4,-3,-6,-30
-16,-6,-18,-15,-18,-27,-4,-6,-11,-17,-3,-13
-12,-11,-3,-15,-23,-2,-9,-26,-10,-27,0,6
-3,1,-20,5,-7,-8,-9,-19,-6,-8,0,-12
-6,1,-25,-18,-5,-1,-23,-25,-17,-19,-18,4
-24,-20,-7,3,-25,-8,-22,-9,1,-26,-22,-19
-14,4,0,-8,-20,-8,-18,-7,-12,-7,-14,11
-25,-7,-16,-7,-20,-15,-10,-1,-12,-24,-18,-2
-15,-9,-4,6,-11,-4,-2,-8,-17,-1,-5,1
-5,-10,-4,-11,-18,-3,0,-4,-1,-15,-17,11
-4,-18,-10,-4,-21,3,-11,-6,1,-8,-2,-21
-8,4,-5,-8,-11,-8,-9,-12,-6,-2,-4,14
-25,-11,-18,7,-13,7,-8,-3,-4,4,-13,-10
-20,15,-20,9,-12,5,-24,-1,-5,2,-9,-9
-24,1,-7,0,-8,5,-5,-7,-6,-7,-25,15
-22,15,-7,12,-24,6,-10,-1,-13,20,-18,-16
-5,13,-16,17,-8,4,-11,-10,-14,-6,-8,-1
-22,20,-24,1,-12,17,-25,-4,-6,-3,-24,22
-10,22,-11,6,-25,2,-11,15,-15,8,-20,1
0,3,-5,12,-4,-7,-18,-5,-6,17,-16,10
-19,25,-25,18,-5,0,-20,-10,-22,16,-5,7
-22,7,-19,19,-4,4,-20,2,-11,4,-4,-1
-4,21,-23,-3,-4,22,-2,24,-8,-1,-5,20
-22,11,-14,-6,-3,6,-18,8,-9,-8,-2,9
-12,14,-12,-4,-17,18,-7,20,-2,-6,-11,24
-7,13,-11,5,-20,16,-18,21,-3,15,-18,8
-4,9,-13,18,-6,-2,-5,17,-19,26,-22,8
-8,-3,1,-1,-12,23,-20,1,-2,11,-3,19
-25,20,-18,5,-12,19,-19,15,-18,23,-22,14
-6,13,-24,10,-11,26,0,8,-6,17,-10,3
-18,23,-20,3,0,24,-5,25,-10,23,-22,29
-14,13,-19,21,-21,7,-17,16,-8,25,-12,1
0,0,-15,-15,-8,0,-16,0,-8,-23,-14,-24
-1,0,-13,-16,0,-15,-14,-6,-18,-2,-22,-27
-3,-9,-5,2,-5,-4,-3,-7,-16,-23,-23,-1
-3,-1,-14,-18,-12,-22,-21,-1,-5,-1,-19,-24
-23,-6,-15,-27,0,-25,-4,-23,-3,-8,-2,-27
-16,-24,-17,-20,-19,2,-1,-26,1,-17,-22,-26
-20,3,-15,-6,-1,6,-9,-11,-1,6,-6,-2
-16,-8,-24,-9,-1,-27,-13,-26,-14,2,-6,-26
2,-2,-23,-18,-11,4,-23,-10,-13,6,-19,-6
-10,2,1,-12,2,-16,-15,-1,-12,-22,-13,-14
-19,-19,-9,-6,-23,7,-3,6,1,-11,-10,-17
-19,-23,-9,-4,-13,-5,-5,10,-15,-15,-6,-18
-21,4,-23,-3,-2,-3,2,-10,-6,-8,-9,-13
-22,-14,-20,-16,-3,-4,-13,-3,-12,3,2,-13
-1,-21,-12,-4,1,-1,-1,-5,-3,-22,1,-15
-19,14,2,9,-13,-3,1,3,-2,-1,2,-14
-4,0,-23,7,-21,14,-24,10,-22,0,1,-18
-9,-12,-23,-11,0,-18,-7,-17,-23,-3,-19,1
-17,15,-7,-14,-9,-2,-18,-13,-1,14,-23,4
-17,11,-13,11,-10,0,-22,-10,-10,-16,2,3
-19,13,-9,12,-21,-8,-1,3,-4,-6,-12,-4
-19,-1,-9,10,-15,6,-13,21,-1,9,-23,-14
-5,-13,-19,-1,1,-3,-5,-10,-7,-4,-7,-9
-3,20,-7,5,-11,13,-1,12,-15,-12,-10,9
-19,24,-3,-3,-2,-7,-11,7,0,11,-20,20
-24,25,-12,-7,-2,19,-13,2,-14,-3,-11,24
-14,-9,-16,26,0,25,-5,21,-9,10,-3,-10
-4,21,-7,13,1,-4,-16,23,-2,-6,-16,21
-8,-1,-22,28,-3,-4,-11,-5,-4,-8,0,21
-8,-2,-11,19,-7,29,-3,1,-19,-4,-1,18
-7,3,1,19,-10,-2,-14,17,-13,18,1,-1
-22,10,-9,21,-1,11,-11,0,-24,23,-12,17
-12,2,-16,26,-15,-3,-3,11,-2,19,-14,19
-20,23,-22,19,-6,-1,1,-1,0,-2,-10,-1
-7,26,-10,24,-19,18,-5,16,-9,5,-10,33
-3,3,-24,29,-23,12,-7,28,-9,20,0,35
-5,7,-1,12,-4,7,-11,24,-11,4,-16,19
-11,-32,3,-15,-9,-10,-22,-29,-10,-11,-18,-8
-1,-29,-6,-29,-5,-30,-20,-30,-7,-16,3,-13
-12,2,0,-13,-21,-26,1,-22,-19,-22,-8,-2
3,-2,2,-6,-12,-24,-2,-10,-12,0,2,-4
-14,-19,-6,-31,-9,-1,-20,-32,-18,-9,-23,-10
-1,1,-11,-19,-3,-16,-4,2,-3,-1,-15,4
-4,-7,-13,-1,-23,-4,-15,-25,-14,-2,-21,-6
-17,4,3,-20,-20,-5,-16,0,-13,-27,-22,-23
-11,-10,-19,-8,-14,4,-18,8,-13,-8,-2,-15
-11,2,0,-7,-6,3,-5,-22,-23,-9,-10,-21
-18,-6,-23,2,-11,-21,-14,6,-13,-16,-10,-16
-22,-25,-16,-24,3,4,2,-11,-12,2,-18,-23
2,2,-23,-12,-19,-12,-2,12,-19,-14,-15,-19
-2,1,-3,-21,3,0,-22,-14,-2,-14,-9,10
-2,-14,-2,-14,-13,7,-23,-18,-12,14,-16,-5
-6,11,-22,13,-18,-2,-4,13,-5,0,-21,-2
-16,5,-17,16,-13,-8,-5,-8,-17,-12,-7,0
-12,3,-21,1,-9,10,-14,-11,-3,-2,-17,-12
-21,11,-22,13,-22,-12,1,-3,-11,10,-14,16
-5,12,-2,18,-22,4,-22,-1,-21,13,-17,-14
-14,2,-2,1,-7,13,-13,-5,-21,6,-14,-4
-14,4,-13,13,-20,-5,-5,10,-14,-15,-22,-15
-5,-8,-7,1,-21,-11,-19,-6,-14,3,-19,-5
-2,0,-6,-2,-3,9,-3,7,-5,4,-4,22
-4,-3,-21,3,-21,5,-7,9,-5,11,-10,-9
-15,11,-22,-4,-10,0,-1,3,2,25,-5,-9
-15,1,-8,20,-2,22,-13,-1,-17,-6,-23,14
-16,-4,-1,20,-3,-1,-18,7,-14,7,3,-7
-13,17,-11,26,-10,22,2,14,-19,15,-2,22
-8,3,-18,-5,2,2,3,24,-12,-1,-4,19
-23,23,-1,17,-18,8,-1,10,-19,16,-20,17
-5,23,-6,22,-20,17,-23,16,-18,15,-8,10
2,30,2,20,-23,9,-6,17,-1,22,1,20
3,-3,3,13,-7,8,-4,17,-19,4,-12,17
-4,23,-3,32,-5,10,-23,18,-16,22,-22,18
-11,12,-3,4,-5,24,-22,4,-16,-1,-4,13
-6,11,-4,2,-15,1,3,26,-19,28,-18,6
4,-31,3,-2,-4,-20,2,-29,1,-34,1,-20
-5,-13,-1,-12,-15,-11,-12,-21,-20,-12,-3,-19
-20,-15,0,-22,-2,-16,-9,0,-16,-18,-15,-1
-10,-7,-17,-28,-6,-13,-20,-2,-15,0,-10,-28
-14,-7,1,-15,-1,2,-10,-25,-10,-14,0,-22
-16,4,3,-25,-1,-23,0,-23,-14,-3,-2,-6
-22,-3,-3,4,1,-13,-15,-24,-1,-25,-7,3
-7,-14,-18,-4,-12,-16,-2,-8,-18,-27,-6,-11
-21,-27,1,0,-10,-15,-3,-25,-3,-3,-14,-16
-12,2,-4,8,-16,-3,-17,-10,-1,0,-13,-20
-16,-12,-18,1,-1,-14,-21,7,-19,-25,-1,-2
-10,2,-22,2,-20,-3,-20,-20,-15,-12,4,-12
-19,-6,3,2,-7,-7,-11,-7,-4,-18,-17,-1
0,-20,-15,-14,-16,-18,0,1,-19,-6,-9,-8
2,-16,-5,-12,-21,-14,2,-19,-12,-15,-19,-21
0,4,-20,-14,3,-15,-20,7,-3,14,-5,-10
-13,7,-1,-8,-15,3,1,11,-4,-10,-21,8
-13,-15,-8,-4,2,5,-9,8,-7,8,-7,-12
-12,15,-18,3,-22,4,-13,-12,-11,-18,0,-6
-15,-16,-19,8,-10,8,-15,-4,4,-14,2,5
-12,3,-22,-1,-14,8,-10,-16,-5,10,-21,3
-13,16,-6,-10,-21,-10,-18,-6,-17,7,0,1
-16,-4,2,-3,-16,3,-17,0,-2,10,-5,13
-7,0,-12,6,-5,-2,-20,12,2,21,-2,-6
-7,-9,-14,19,-9,-5,2,1,2,8,-12,24
-1,9,-17,1,-6,-7,-22,21,-8,-4,-15,1
-17,3,-19,1,-6,4,-9,2,-9,-3,-19,8
-17,19,-7,4,3,-1,3,21,-16,3,-9,14
-12,14,-2,9,0,-8,-15,2,-5,5,-18,22
2,12,-3,19,-9,5,-21,5,-2,9,-19,27
-9,28,-13,5,-3,-4,2,24,-8,20,-20,8
2,-4,3,4,-20,-1,-16,5,2,26,-5,7
-12,7,-5,-2,-2,-1,-22,8,0,1,-15,-2
-10,32,-15,7,-8,4,-6,26,1,18,2,32
-12,7,-9,-2,-3,17,-3,-1,-16,23,3,32
-19,34,-1,-1,-8,0,-18,26,-2,6,-9,18
-21,20,-12,27,-4,13,-13,11,-19,11,-16,28
0,-5,-15,-26,-12,-11,0,-29,-12,-32,-4,-13
-12,0,2,-35,-15,-31,-20,-20,1,-16,-20,-32
-7,-1,-8,-29,-7,-18,2,-32,-5,-7,-9,-4
-19,-8,-12,-6,-8,-18,4,-16,-4,-13,-11,-25
-9,-10,-21,-25,-1,-20,-12,3,-6,-24,-17,-29
-12,-17,-5,4,-17,-22,3,-27,-20,-29,4,-28
-12,-29,1,5,5,1,-12,3,-1,-26,2,-21
-19,3,-16,3,-7,-9,-6,-8,-1,-18,-17,6
1,-1,-11,-2,-14,7,-17,6,-4,-13,-9,-24
-11,-10,3,-24,-4,-13,-2,-22,-9,-11,1,-16
-18,-24,-10,-23,-7,6,-7,-14,-13,3,-6,-22
-17,2,-18,4,-13,-5,-9,-12,-1,-11,-20,-12
-8,0,0,-4,-4,-17,-19,-1,-6,-7,-17,-7
-7,12,-5,-21,-8,-4,-10,-1,-1,-22,-1,-21
-4,-2,-14,-10,-3,14,-17,8,-13,12,0,-16
-3,5,3,-16,-17,7,-16,-15,4,13,-14,-12
-16,6,-13,-10,-6,-16,-21,-18,-5,13,-15,-12
-15,8,-2,13,5,2,-15,-15,-19,-6,3,-1
-9,10,-15,-11,-12,-5,-18,6,-15,2,-11,-2
-14,-2,-10,-1,1,1,-17,-12,-2,14,5,8
-19,-15,-10,11,1,-12,-13,1,-20,1,-3,-5
-9,1,-5,6,-6,16,-10,-3,-2,7,-21,0
-12,-4,-13,-6,-19,17,-16,20,-3,0,-20,-4
-21,0,-12,-4,-21,6,-4,17,-6,-1,-7,19
-17,-2,-20,16,-3,6,-16,17,5,0,1,-9
2,19,-20,-11,1,-10,-8,9,0,8,-13,6
-15,18,4,13,-8,-1,-13,14,-8,-2,3,5
-16,16,5,15,-5,-7,-3,-2,3,-4,5,20
-8,8,-4,1,-7,0,2,-2,-7,19,-4,9
-4,8,3,2,-14,15,-10,-7,-14,29,5,-4
-4,6,-10,3,-6,22,-8,23,-18,3,-16,6
2,20,-7,27,-8,30,1,7,4,-2,3,15
-2,1,-16,21,2,1,-15,26,2,7,-2,26
-11,29,1,3,-17,10,-14,14,-15,23,-1,32
-5,31,-10,20,2,21,-15,10,-18,32,-6,1
4,31,-10,23,-15,33,0,16,-9,-1,4,0
-19,33,3,27,2,0,-6,36,-2,3,-15,29
-19,-22,-12,-36,1,-19,-13,-24,-8,-4,-9,-27
-4,-7,-20,-24,-7,-33,-19,1,-12,1,-15,-19
-13,2,-20,-1,-12,-13,-16,-20,-7,-13,-13,-28
-18,3,-11,-20,-7,-33,-8,-30,-5,-15,-14,-3
-18,-18,-17,1,-5,-31,-2,-23,-11,-29,-18,-12
4,-5,-12,-30,4,-15,-17,3,1,-9,2,-16
-1,0,-15,-29,3,0,3,-9,4,-6,-1,6
-7,1,-6,-5,-11,-26,-8,0,-10,-10,1,-15
-17,2,-10,-20,-13,-3,-2,-25,2,-22,-12,-21
-18,-27,-3,4,-10,1,-19,-17,-15,-3,-12,-25
-2,-10,-20,-4,-14,-4,-16,-23,0,9,-3,-23
-19,0,4,-7,-13,-19,-13,-10,-7,-6,-18,-4
-6,-9,-3,-5,-4,-17,3,5,-2,-4,-2,-24
-19,-2,-1,10,-6,-17,-7,-13,-16,-17,-4,11
-11,-16,0,-12,1,-9,-13,-2,-13,-17,-2,9
-9,-9,-12,13,4,-16,-14,10,6,1,-3,4
-9,-4,-14,-15,2,-11,-4,16,-13,-2,-17,5
-15,-19,1,-12,-5,6,-10,8,-2,-8,-7,15
-12,-1,-4,-11,-10,-3,-11,-17,-19,-3,-19,0
-13,-13,4,9,1,12,-6,-11,-9,-9,-19,15
-19,15,-7,-15,-3,9,6,-11,-20,-10,0,10
-3,15,-18,20,-4,8,-4,-3,-20,-4,-16,-2
-19,2,4,18,-19,20,-18,2,-2,-6,-13,2
-10,0,4,-6,4,17,-18,14,-9,18,-12,13
-18,6,-16,16,-18,20,2,6,2,21,-6,13
-8,13,-5,18,-1,-1,6,2,0,2,-10,21
-6,0,3,-2,-15,26,-16,0,-1,26,-2,8
-9,11,-15,-9,-12,-4,6,9,-10,6,-1,4
-5,3,2,10,-5,11,6,-1,3,19,-11,5
2,-7,-3,-4,-5,11,-3,28,-17,1,-2,8
-4,21,3,0,-16,24,-15,26,-13,8,-3,25
5,9,-11,29,-18,23,-11,23,2,19,-20,15
2,0,-20,14,3,3,-18,30,-7,6,-2,2
-18,0,-18,9,0,33,-14,24,-14,7,4,-2
-12,8,2,5,-17,-1,6,17,-12,19,-20,34
-2,26,6,11,-19,10,-5,16,-14,1,-3,0
-11,2,-13,29,-19,25,-7,1,-1,27,-16,28
-1,-1,-4,-13,-10,-34,-9,-2,-2,0,-12,-26
5,-19,-7,-34,-18,-31,-15,-15,-17,-19,-4,-11
-8,0,-4,-2,-10,-14,-3,-33,-16,-6,-9,-3
-17,-16,7,-31,4,-29,1,-3,0,-24,-9,-28
3,-12,-18,-29,-9,1,-3,3,4,1,-17,-30
-18,3,-7,-6,5,-31,-1,-11,-19,5,-5,-16
2,-29,5,-1,-17,-24,-1,-15,-5,3,-17,3
-11,-15,-12,2,3,-5,-17,-12,0,-6,-2,-9
-6,0,-2,-11,3,-26,-17,4,-8,1,7,-22
-17,-25,-12,-6,2,-2,-9,-23,-17,7,-13,-11
-15,-11,-7,-2,-8,6,-9,2,-5,-11,3,1
-7,7,-7,-25,-8,-8,-15,-21,-8,-9,-7,-2
-18,12,3,8,-1,-2,-5,-22,-16,-2,-8,-1
-14,-15,-10,2,-9,8,7,1,-8,-21,2,3
3,-7,-16,8,-6,-21,2,-3,2,-7,-16,-12
3,10,0,-5,1,0,-13,-4,-17,-10,-14,3
-18,10,-14,14,7,4,5,-11,-13,-11,-11,8
-11,0,-17,15,-1,10,7,-18,-6,15,6,-4
-12,-18,-14,-3,-6,-14,6,-17,4,-10,-6,2
-15,-3,0,10,-14,-7,7,-2,5,10,-12,10
-4,14,-6,-1,-2,15,2,17,-2,16,0,-16
-8,17,0,7,-13,11,5,11,2,-5,-6,6
-16,-2,-15,-11,4,-8,7,2,-2,0,-18,7
-9,-3,-5,16,-12,-8,0,-5,-18,1,5,-3
-18,5,-13,16,-4,23,3,20,-11,14,-18,-3
-7,14,4,3,-9,-1,6,25,2,-3,2,-9
-8,17,-6,-4,-18,26,5,10,-7,4,4,0
-3,20,7,17,-4,24,-18,25,1,-4,7,0
-13,8,-5,13,-4,-5,-1,28,7,16,-7,23
1,16,5,8,-18,25,0,3,-17,28,-12,22
-1,7,-18,30,-11,12,-14,25,-10,18,-15,14
3,19,4,30,6,30,1,11,-13,22,1,29
7,21,4,19,-4,18,-7,14,-1,-4,-2,15
-14,24,-6,19,-3,9,-15,16,-18,8,-2,-3
-17,33,-18,4,-9,3,-17,31,-16,31,-3,30
-17,25,-14,17,3,18,4,8,-6,19,-7,12
4,0,-1,15,-15,25,3,26,-7,2,-5,27
-1,-18,-14,-25,-14,-1,-14,-3,-3,-1,-18,-24
5,-30,-9,0,0,-5,-12,-3,-10,-16,3,-31
-9,-19,1,-27,-15,-7,1,-7,-6,-28,-16,-24
-8,1,-5,-2,7,-2,-17,-32,1,-25,1,-25
-14,-25,-9,-12,4,-3,-18,2,7,-22,-5,4
-17,2,-8,-24,-7,5,5,-8,-5,-1,-1,-13
8,-3,8,-2,-13,-6,4,3,0,-4,-7,-30
-18,-23,-6,2,0,5,0,3,-5,-16,-2,-27
-12,-23,8,-27,8,-20,3,-15,-6,5,-12,-6
-10,-25,-11,-25,-18,9,-15,-14,3,7,-11,-2
-18,-5,-15,2,2,5,-6,-15,-7,4,-3,-10
4,3,-5,-8,-5,-12,3,-9,-1,5,-12,0
-5,1,-4,-23,-11,-12,-4,5,-12,-1,-4,-12
1,-7,3,-7,-7,-13,-2,3,4,-19,-8,3
-7,-22,-8,14,-15,-1,-10,7,1,-15,-5,8
-7,-20,-10,2,-10,-21,-12,4,5,-21,-6,0
-7,11,-8,-19,2,12,-5,-18,-9,6,-18,-3
-11,-17,-5,1,-10,11,-3,7,-10,6,5,-12
-12,-18,6,6,-2,-2,-4,-15,-11,-16,-13,16
-11,-14,-17,9,5,9,0,12,-11,15,5,4
-15,7,-11,0,4,10,-10,-12,3,-2,-14,-8
5,14,-1,9,4,7,-1,-4,6,-5,-6,10
-1,-4,2,18,-15,-11,8,19,0,16,0,7
-15,-4,1,15,-4,-4,-3,-2,5,21,7,17
-8,0,7,4,-1,20,-2,2,-14,-1,-5,-5
-6,8,5,-10,1,17,-7,22,-9,10,2,16
1,4,-4,15,-8,7,-15,12,0,-5,-1,-6
-2,17,-8,23,-3,-1,4,12,-17,-3,-10,9
-6,6,-2,5,-6,11,-8,-5,-6,21,-12,23
6,3,7,25,-1,-3,-8,-5,-11,13,-8,26
-2,-6,-6,0,-6,18,-12,3,-4,4,3,-3
-6,-3,-13,-2,-17,10,1,14,-9,10,1,29
6,7,-11,24,3,17,-10,11,-14,4,-14,8
1,32,2,26,-2,2,-16,15,-5,-2,2,20
7,3,8,29,-3,7,-8,14,1,11,-14,23
6,14,-7,32,-18,28,-11,27,2,32,7,20
-3,19,-3,18,-16,25,-2,28,-5,9,-2,12
7,-32,-13,-32,-14,-34,-8,-19,-9,-22,3,-30
-14,1,5,-20,7,-17,-5,-3,7,-27,-2,-8
-2,-2,-7,-29,6,-9,-17,-29,-2,-5,-14,-8
-9,3,7,2,-6,-3,2,-33,-14,-29,-8,-17
-9,-19,-15,-8,8,-14,-4,-1,4,-19,9,-15
-15,-24,7,5,-9,2,-6,-17,3,-8,6,-28
-11,0,-12,-14,-13,-19,-14,-3,-10,5,2,-12
-6,1,4,-23,7,7,2,-27,-14,-9,-13,2
4,-6,-17,4,-12,7,-4,-11,-7,-23,-5,-4
-16,-3,3,-20,2,2,-3,-16,2,-13,5,-25
-12,-7,-11,-6,-5,2,-15,-20,0,-10,-8,10
-6,-8,-16,-11,1,-6,-15,-12,-4,-3,4,-6
-5,10,0,-1,-15,2,-2,-22,-17,-7,-4,2
-4,-9,-11,-15,7,-12,5,-17,6,-1,-9,-14
-3,2,-3,14,-17,5,7,-12,-5,-21,-14,-14
-14,6,-16,-1,2,-17,0,6,-4,-4,5,-2
-14,-17,-2,-9,6,14,-9,-17,-10,-12,-2,6
-14,-19,0,-14,-15,-12,-17,-18,-10,-12,6,-7
-10,-4,-15,-4,-14,10,4,-15,8,7,-1,17
-9,-1,5,-1,3,-17,4,12,4,18,7,-12
-2,0,-16,-7,-13,5,-7,17,8,13,2,6
-16,-11,-5,2,-10,-2,-8,-2,-9,8,-12,-2
2,3,4,-1,-12,17,-3,20,2,-8,-15,-3
-1,-9,-4,0,-2,23,1,20,-14,13,-10,19
5,-1,2,11,-1,19,-14,21,1,-9,-13,12
-4,11,-3,-7,-15,10,-2,5,-9,13,-16,12
-10,25,-3,-1,5,6,-11,11,-12,6,-3,7
-10,-2,-4,24,6,23,1,10,-15,19,-14,22
8,5,-7,-5,-13,-8,-13,7,6,9,4,13
4,5,-4,12,7,16,-17,19,-1,-1,6,27
0,-4,-11,-5,4,10,-9,13,5,8,4,30
-5,-5,1,5,-6,24,2,25,1,-1,3,8
7,31,0,17,0,20,5,32,8,31,7,29
-5,5,-10,1,1,29,-1,10,8,21,-17,20
0,1,8,0,6,29,7,32,-16,28,2,1
7,1,7,12,7,28,-9,7,5,0,-16,16
-14,16,8,11,2,8,-11,28,-2,11,-8,10
4,-2,-11,-25,5,-29,7,-28,-14,-5,-5,-24
2,-3,-3,-5,9,-9,7,-24,-6,-5,1,-5
-10,-11,-3,-7,3,0,5,-29,1,-1,-13,2
-15,2,-13,-12,2,-22,-3,-11,-16,-10,-9,-12
-13,-17,-6,-32,-9,-18,1,-10,2,-19,10,0
-6,-31,-11,-1,-12,-30,2,3,9,-22,-11,-24
-12,-7,-15,2,2,-4,-6,-24,3,-28,-6,-29
3,-26,1,6,-4,-27,4,-2,0,-26,-7,-27
7,-6,2,-3,-15,-14,-9,8,-12,-4,-4,-25
-12,-9,8,-6,10,-23,10,-18,3,-15,7,9
-10,-24,5,-11,-13,6,-12,-3,-16,-13,4,-17
1,-21,-10,0,10,-22,-15,6,-5,-2,9,-5
-8,11,-8,-8,-8,-7,-12,-8,-10,5,-1,-22
2,-13,6,-21,7,-10,8,-2,-9,-20,-6,11
5,-16,8,-6,-6,-15,-5,-7,-6,6,-16,-18
6,9,9,15,-3,-13,-2,6,-1,-18,-6,-21
-11,-5,2,6,6,5,-16,15,-4,-5,-14,3
-10,-2,10,1,-1,-13,-7,1,-15,-15,1,-9
-16,-15,5,1,-12,-3,4,1,-6,-2,-4,-8
-16,-15,-1,-10,-14,-3,-3,-9,-13,13,-13,7
-16,17,5,10,-15,8,-12,-15,-10,-15,3,-6
-14,6,4,6,-11,13,5,20,-15,4,-10,4
-6,-11,-9,4,-12,15,8,0,-7,22,-13,14
-16,-2,-8,20,4,12,-16,16,9,13,10,-12
-9,11,4,11,-12,15,-6,0,6,19,0,-7
1,14,-1,-9,7,3,-11,11,-14,3,-13,21
8,13,-5,15,3,11,0,12,-11,19,-3,7
7,3,10,2,-7,0,-5,25,-10,26,1,4
9,3,3,21,-14,26,4,-1,6,5,5,2
-11,2,10,20,-11,11,-16,9,1,28,-14,-7
-15,5,-15,-2,-16,25,-9,5,-8,26,-8,14
1,14,-10,21,7,4,-6,-4,-1,21,-5,5
-5,5,-16,19,-7,32,-1,-3,-15,29,-5,26
3,33,3,21,-16,6,10,26,-2,20,-6,11
-4,7,-15,14,10,24,4,27,9,9,-15,23
7,9,3,16,-16,-1,9,15,-9,9,-15,30
0,10,-7,29,-6,4,-10,26,-5,26,-16,30
10,-18,3,-31,9,-24,9,-25,6,-29,11,-9
-5,-12,-8,-8,0,-3,9,-30,0,-34,10,-29
9,-2,-1,-12,11,-28,4,-25,-5,-10,-8,0
1,-1,3,-9,-2,-12,9,-6,5,-6,3,-17
-10,2,-6,-2,-13,-21,-7,-2,-8,-15,7,-25
10,-12,-12,1,-6,3,-3,-26,10,0,8,-12
-7,-15,8,-6,-14,1,-7,-3,-3,0,-15,1
-7,3,-6,2,-6,4,6,2,6,3,7,3
-14,-6,-9,2,4,-15,-15,-25,9,-19,-4,-17
-7,-7,-3,-17,10,-4,-2,-27,4,7,8,-25
-7,-25,3,-13,-9,-24,-4,-22,-4,-19,-6,-26
-3,-8,-7,-12,-13,-23,6,-13,-1,9,-1,-24
5,-11,0,-8,-4,-19,10,5,11,10,4,-19
0,13,-15,-2,2,-3,-4,-16,7,11,10,-1
0,5,-9,2,11,8,9,6,-2,-19,-6,3
8,-2,3,-18,-4,-21,-13,-6,-9,-6,-7,13
-5,8,11,12,-4,-8,5,3,-13,-17,-6,-5
-15,16,-11,-3,-5,1,10,6,-11,17,-6,-11
-9,-5,1,14,-14,0,-2,12,-6,-9,-14,-13
-15,11,-3,-10,-6,-12,-11,-6,1,5,6,0
-11,4,-3,-8,-10,-1,1,-11,-12,16,4,12
-1,-10,1,18,11,10,8,-12,0,19,8,8
-2,-7,-12,-5,2,-1,2,10,-10,-5,5,-9
-12,-3,-12,5,1,9,4,0,-2,15,-4,21
-1,0,-1,-10,-11,-10,-3,22,-5,17,-8,14
7,22,0,-2,10,-8,-5,11,-1,17,-4,-5
4,8,-11,-2,1,0,-3,9,-9,-5,-13,20
9,8,-13,2,11,-2,-14,16,5,20,-8,-8
-15,1,-11,21,-8,10,8,26,-8,15,-10,0
11,3,-4,25,0,22,9,12,-2,7,-5,3
9,2,0,8,5,3,5,25,-9,28,10,30
-5,-3,-13,0,-2,-2,-10,5,8,13,-5,8
3,-3,-3,1,-4,-3,10,22,-9,-1,1,-3
-12,8,11,33,-11,3,4,13,-10,24,-2,15
4,19,10,10,2,13,10,9,11,0,-5,7
7,6,5,7,-9,13,10,3,11,30,-11,9
6,19,-1,20,6,26,8,32,-1,9,1,7
7,-15,11,-15,6,-1,3,-32,-11,-33,0,-16
-8,-1,5,-23,7,1,-8,0,-9,-1,-2,1
8,-13,7,-12,5,-2,-4,-17,1,-30,6,-20
9,-2,-7,-14,-9,-31,12,2,-1,-28,-5,-30
-14,2,1,-20,8,2,3,-14,1,-18,6,0
7,-5,-14,-15,12,3,12,-29,8,-9,-10,-27
1,-1,-13,-11,-11,3,12,-22,-5,-24,-5,-21
-5,0,9,0,5,-12,5,0,-2,-2,-7,6
12,-8,-14,-26,8,4,4,-17,0,-7,12,0
-10,-23,-8,-16,-5,2,-11,3,-7,1,0,-23
-8,6,-8,-7,-11,-15,11,-23,7,-25,-3,-12
3,10,4,-6,4,-15,3,-6,4,0,5,-4
4,-15,12,9,3,-8,-2,-12,10,12,0,-11
8,-11,7,11,11,7,-5,7,-6,-20,-8,-21
8,-3,11,-18,-8,6,6,-5,-7,-13,-13,-15
-12,1,9,-8,-8,6,9,-9,0,-10,-1,-10
9,1,4,-13,12,7,-13,-7,12,-10,-11,-17
-7,10,-9,4,11,-4,-9,-10,3,5,2,10
-5,18,-7,5,-2,-9,8,-17,-11,-18,-9,8
4,8,-12,-8,0,-7,-13,3,-7,14,7,8
-1,-3,-6,-2,6,4,8,4,-5,9,12,20
-1,-11,-3,3,-9,17,-2,15,0,10,-1,-7
2,-3,4,-2,-2,-13,-2,3,-9,21,10,-14
2,23,-11,10,2,19,-2,14,8,4,-8,-3
-4,23,-12,-4,-1,6,4,-11,-9,16,-3,10
-10,-2,2,-3,-13,-9,1,-2,-2,11,-1,-9
9,-7,-10,9,-6,-3,4,12,-13,8,-12,3
6,26,-3,6,11,8,-3,1,12,11,0,15
-1,-6,-3,2,5,23,8,2,10,18,1,-8
8,11,8,6,10,20,9,11,-5,12,-9,11
-10,5,12,0,-7,22,3,1,-3,4,0,0
1,0,5,20,12,-4,9,15,12,3,-10,22
1,-4,-4,2,-1,2,-2,24,-2,13,2,15
-13,6,-2,0,-2,32,-1,13,10,18,8,27
-3,8,2,15,5,7,-7,30,-3,33,-12,32
9,16,1,7,-11,-1,-1,5,12,5,9,30
7,16,-1,25,-6,9,-3,11,-11,23,-14,5
-10,-7,12,-31,1,-33,5,-34,1,-30,-6,-33
-13,-21,-8,1,-4,-23,9,-28,-13,-2,0,-26
11,-3,-10,-29,-6,-3,0,1,2,-2,-7,-14
-6,-24,0,-12,2,-19,-13,-22,5,-26,-11,3
2,-1,-4,-14,7,-3,4,0,11,-29,-5,-22
-5,-2,0,1,13,-29,5,-8,-1,-23,5,-12
-12,-7,-3,-17,-7,1,9,-27,13,-16,7,-14
4,-12,9,-5,-7,-18,-13,-7,8,-23,2,-11
-13,-8,-11,-24,-13,-17,1,8,-5,-27,-8,-25
4,-11,5,5,-11,-22,-12,-21,-2,-15,-11,5
-6,0,3,-22,-11,-11,-7,-10,9,6,9,9
-1,-13,-5,1,9,11,-2,4,-3,-13,3,-10
12,0,8,8,-12,-15,4,-10,12,-1,7,-9
12,-16,-2,-16,-2,-9,9,-23,7,5,3,-2
13,2,-11,11,9,-2,2,2,-3,0,0,10
7,-19,-11,7,-13,-20,0,-12,10,2,12,12
-3,1,-3,14,-8,-7,13,-14,4,-3,-6,10
5,-2,1,-2,4,-16,-12,-5,1,-11,8,-1
-3,-10,-10,-8,-1,-6,-9,6,-2,7,0,-13
-9,-9,-5,3,-7,-10,-11,-3,-9,-3,5,17
7,5,-9,18,1,2,10,-15,8,-5,3,-12
0,-10,0,8,7,-13,5,9,0,1,5,-14
-1,1,-6,8,-6,7,7,-2,10,-9,-10,13
0,-4,-7,1,-1,19,-6,-4,10,1,0,15
0,23,-2,9,-2,16,2,-5,3,5,-9,6
3,3,0,-4,13,2,-10,4,2,-2,13,15
1,-1,-13,-4,3,17,2,-10,13,-3,5,2
2,3,-2,14,6,26,4,6,0,27,-8,24
-6,-2,6,-4,-6,25,-1,16,4,-4,-11,20
8,8,-6,18,3,17,-7,12,-12,2,-10,26
4,30,-11,-6,-6,11,1,-5,10,22,6,26
2,-1,2,5,-10,8,-2,11,5,28,7,5
-8,6,0,32,12,9,10,18,2,21,-12,25
-9,9,-8,18,8,25,-5,30,-8,28,5,22
5,16,10,3,2,18,-1,0,-5,33,-7,32
3,12,1,30,11,14,5,-1,3,15,-1,31
10,18,3,25,12,28,4,1,3,36,13,35
13,-5,1,-24,-1,-32,13,-21,1,-12,-7,0
5,-12,4,-11,10,-27,2,-10,2,-5,-10,-6
3,-1,11,-8,6,-19,0,-3,-2,-21,2,-11
14,-4,-8,0,4,2,-9,-4,-3,-10,-12,-12
-10,-19,4,-2,-2,-14,14,-15,13,-25,13,-5
1,0,0,-20,13,1,-6,-11,8,-22,-11,-16
8,-30,-8,-20,14,-13,-11,-2,-1,-16,-7,-11
-2,2,-12,-26,6,-15,3,1,5,-7,11,-11
-10,-4,3,-23,-1,5,13,-23,-3,-16,-10,-10
5,2,-4,-3,-3,8,14,-7,-1,-5,-3,8
10,-24,-10,-24,12,-7,-6,-26,-1,-15,0,-24
4,10,11,-6,12,-16,-11,-1,-10,-8,13,-25
9,-13,10,2,7,1,14,-2,-7,-5,13,-15
9,-18,12,-1,3,0,-4,-9,0,1,7,0
6,-20,-12,3,-10,-10,-9,-10,14,11,-12,3
-12,1,-8,-6,14,14,-5,1,-8,-8,-12,-13
-7,2,7,-20,14,-5,-2,-7,-6,10,10,6
-5,-8,-1,-18,0,3,2,-6,-1,0,-5,17
4,-17,-6,-6,0,16,-6,18,9,7,-9,-2
3,-15,8,14,-2,-3,-3,10,-10,10,4,8
5,-3,-12,18,-3,10,12,9,-11,8,12,-7
10,20,-2,-11,2,-2,12,-13,-11,-12,11,9
-2,-8,8,16,-11,15,13,21,-8,1,0,1
10,-4,-3,-11,5,-7,-3,23,-4,2,-4,2
4,7,8,2,-10,-12,0,-2,5,-6,-1,-4
13,-3,10,25,-12,-1,-7,14,-1,7,-10,1
6,11,8,9,9,-9,-9,1,0,2,-6,-10
4,15,13,-8,0,-5,6,5,2,22,14,25
14,15,9,25,-5,7,3,21,-3,19,6,15
13,2,-3,12,12,6,8,1,12,26,-11,4
2,0,13,-3,5,28,-4,19,10,2,6,18
11,31,-8,12,-2,14,11,11,-7,25,7,-3
14,8,-12,31,-8,1,7,28,7,29,0,13
11,3,-1,32,5,2,8,21,-11,23,12,14
-7,9,-2,22,-12,30,-9,4,9,10,9,29
9,17,10,16,-8,31,9,29,-8,-1,6,13
7,0,14,7,0,8,12,16,-5,19,-2,6
3,-25,8,-25,3,-6,10,-26,3,-24,-7,-30
10,-33,1,-6,11,-24,10,-1,8,-20,-3,-21
3,-9,9,-21,7,-11,-8,-25,10,-8,6,-18
1,-13,-2,3,13,-5,-1,2,-11,-14,4,-11
2,-15,7,-2,6,-4,2,-25,-11,-3,8,-17
-9,0,-6,-21,10,-9,8,-7,3,-15,-9,-25
-10,-11,-5,5,6,3,8,-8,-7,1,3,-30
5,-14,0,-3,-5,-19,-1,1,-8,-27,3,-8
-1,-8,7,-6,-7,-14,15,4,14,-12,-11,-26
-10,5,14,-9,-8,-23,6,-17,-4,2,12,6
12,-13,-3,-5,-6,8,8,-14,13,-7,0,-11
1,-24,0,-17,14,9,5,-6,0,-4,-11,-15
6,2,1,-8,2,-4,1,-4,-7,-5,12,-16
-11,-23,-3,-18,5,-5,-10,-21,-4,-8,-8,-8
-10,-9,11,0,-3,-9,0,-21,3,-20,-1,5
-3,10,-5,-21,14,-1,10,-3,7,7,4,-11
6,-15,-5,-11,-10,-17,5,3,-10,16,-4,-1
-5,5,-7,-6,-6,-11,-7,-17,1,-8,13,-16
4,-17,-8,-16,10,-12,11,-13,-8,-8,-10,-2
6,-10,-1,-15,-7,-9,9,1,2,6,14,-9
-5,-7,-5,-12,10,17,14,7,11,-7,-4,7
1,-4,7,-7,-10,2,-4,4,-1,20,-11,-12
-1,1,7,2,-1,-11,9,20,-2,19,-5,3
8,-3,-10,11,-3,-2,6,-1,-11,-5,1,21
8,1,-1,0,6,0,14,0,6,-3,14,2
5,14,13,-11,15,-1,-11,-5,-9,-6,-2,-7
14,6,7,4,1,19,13,23,-9,-4,-2,14
14,-5,-7,26,-6,21,-10,10,-3,8,-7,-9
2,3,14,23,1,28,-8,18,5,4,6,7
-9,3,-8,-7,-5,1,-11,26,6,-7,15,-3
13,1,11,24,-8,1,-5,1,-9,18,0,21
13,13,5,15,12,-2,1,9,-8,7,-5,9
-4,4,12,23,14,32,12,31,-3,16,-11,24
13,9,10,33,-5,29,4,7,3,15,-1,16
9,22,11,-2,10,25,0,33,3,34,8,15
4,7,14,19,-4,6,-4,34,-2,4,13,26
5,2,9,0,13,31,-10,32,14,30,-10,35
4,-29,4,-36,1,-1,-6,-1,13,-20,14,-32
-4,-10,0,-14,10,-16,-5,-31,-10,-28,3,-35
7,0,3,1,2,-7,9,-28,3,-8,11,-11
16,-11,13,0,3,0,15,-26,12,-3,1,2
-10,0,14,-9,4,4,12,-21,10,-14,-8,-23
-10,-12,9,-22,12,4,9,-20,14,-31,14,-24
2,1,-1,-20,-5,-29,11,-8,5,-8,-6,3
-3,1,7,-13,13,-14,9,-12,3,-27,1,4
-7,-21,-5,-21,-5,-7,-1,-4,-5,-14,1,1
4,7,10,-21,-3,-11,12,4,-5,-12,14,-8
-2,-20,-2,9,-4,3,-2,-13,-9,9,-4,10
7,8,4,-15,8,3,13,-18,1,-24,7,11
5,10,-3,-24,12,3,8,-18,-6,6,9,-20
-2,-18,10,13,-9,12,-4,-17,-6,-5,9,-14
9,5,11,8,1,5,5,6,-2,-22,7,12
2,9,3,-13,-5,-18,-4,-6,13,9,-3,-1
8,-16,-4,-4,13,-1,-5,1,-7,-13,-4,1
14,11,10,7,-3,-9,-7,4,16,6,-4,-7
-4,-6,-9,-1,-5,7,11,-4,-4,6,16,-6
10,2,2,2,3,7,-2,5,-7,-4,6,0
13,16,13,-12,-10,0,-6,13,9,5,9,4
16,-11,2,11,-1,9,-8,14,11,18,10,16
1,-12,-10,-14,9,-14,-9,7,-8,11,14,11
1,-7,12,-12,10,1,-7,-12,-3,21,10,20
6,0,-1,3,-6,7,-1,-2,2,-2,15,-1
6,9,12,-3,4,11,12,6,6,18,-9,-3
9,1,-6,14,0,-2,13,-6,11,-8,1,9
13,-7,4,-2,9,24,-9,26,0,-5,14,23
7,19,-10,16,10,-4,7,17,-2,-4,8,27
14,27,7,18,4,14,7,13,16,8,12,1
10,0,-1,2,-4,24,6,-2,13,23,-8,16
1,6,12,0,12,2,-1,-3,-7,9,13,6
14,1,13,32,-5,3,-1,17,-7,31,-10,-3
5,6,7,31,-1,7,3,1,4,1,16,8
2,21,-7,2,-2,32,-7,34,16,26,7,7
-9,14,-4,17,0,22,-3,3,2,22,3,32
11,35,-5,28,-3,0,11,2,7,3,16,21
16,-6,12,-32,13,-33,6,-18,-5,-11,17,-13
10,-31,14,-28,3,-32,4,-22,2,-31,-4,0
-5,0,13,0,-8,-7,-2,-29,12,-18,13,-33
4,-1,-9,3,15,-11,9,-12,13,-33,0,-3
3,-11,-2,2,1,-7,-8,-21,-3,-4,-8,-30
12,-31,11,-30,1,5,1,-11,-4,-24,-6,-26
16,-3,-4,-6,10,6,-6,-26,-6,-1,13,-12
14,-1,-2,-12,-6,-15,6,-21,-9,-7,3,-9
3,5,7,1,5,-5,16,-8,6,-18,-2,0
11,-18,10,-9,-1,-15,3,9,-2,-23,10,6
-1,-17,3,1,12,4,-1,-6,5,-2,15,-10
16,-8,-3,8,11,-8,-3,9,16,-7,17,-10
16,5,-3,-7,2,-8,-7,-3,12,-7,-2,-17
-6,-3,3,5,2,0,-9,2,8,6,16,-6
-9,4,12,-8,-5,-2,0,-3,17,4,14,-9
10,3,10,0,-8,5,-9,3,7,11,5,-14
9,-12,-6,4,8,-20,12,-14,7,-19,6,-12
-8,-7,4,9,7,0,-7,-19,11,0,5,-1
14,-4,2,-7,0,13,7,-11,16,-14,-8,6
11,-1,-9,9,3,-1,1,-10,-9,3,-7,-13
2,-1,1,19,-6,0,-6,12,-4,2,-7,-1
5,-12,6,0,-9,9,0,-3,-1,-5,16,11
17,20,-7,18,9,-10,17,-2,5,21,12,8
7,-10,-8,16,7,0,16,14,7,17,10,16
11,6,6,23,3,21,-2,11,-3,2,16,11
-9,13,7,17,4,-1,9,24,-7,15,8,-5
16,23,-6,9,15,11,9,-2,-4,23,7,4
13,5,10,5,13,19,8,8,16,3,-1,7
17,0,-8,25,14,25,15,-7,17,15,14,22
13,6,12,-6,2,24,-1,24,10,-3,11,14
12,4,15,19,-2,5,-2,18,-9,-1,-4,-5
-7,7,6,14,-7,25,12,23,9,26,2,13
12,5,15,24,17,12,-3,10,7,31,14,23
14,4,-3,-1,-7,7,15,-3,-2,8,-6,18
17,15,0,12,1,28,-4,1,15,0,-9,16
9,35,-1,8,9,32,0,15,11,7,4,15
11,33,10,31,12,35,-2,3,11,22,-1,21
3,-17,2,-22,-4,0,-3,-25,9,-8,-3,-19
5,-2,7,-34,16,-2,13,-24,2,-26,15,0
10,-10,-6,-17,0,-7,8,-18,18,-33,15,-12
-3,-9,0,-5,-2,-15,8,-6,8,-15,6,-19
17,-10,-5,-17,16,-30,8,2,15,-13,1,-6
-8,-13,16,-21,9,-10,6,-1,-3,-18,16,-8
15,-3,-8,-25,-5,5,-5,-14,5,-19,16,-16
11,-21,-8,-12,-8,-25,1,-14,0,-17,3,-1
18,-27,12,7,17,5,12,-27,15,-2,7,-16
13,7,9,-1,-8,-24,-5,-13,15,-17,13,-15
18,-17,0,-22,0,6,18,-22,1,-8,-2,-17
-6,-14,4,-16,7,-23,-5,-15,15,-12,-4,-9
15,-9,-7,-22,-6,9,-8,7,-8,7,9,4
12,-15,-5,-11,6,-12,3,4,18,-14,14,5
-4,0,6,11,9,-12,-5,9,-3,-1,8,5
7,0,-5,-5,-3,5,-6,-13,7,7,14,1
1,-4,-1,12,-3,-4,-4,-14,-4,-3,-7,-6
18,-5,-2,12,9,-17,17,-6,0,14,13,8
-8,-3,0,11,9,11,6,17,2,8,13,15
14,0,-3,-8,17,-15,-3,-17,-3,-11,2,-14
2,-11,2,1,8,18,14,18,5,11,15,-2
18,20,5,-1,18,21,10,-11,-6,21,8,-2
6,-6,13,4,18,19,5,7,-8,1,12,5
-7,16,8,6,1,-7,17,20,12,-7,3,-11
-6,8,14,8,0,2,6,-3,6,5,-4,22
-3,-5,3,20,-2,22,12,-7,-5,20,-5,3
16,-10,-3,4,-8,4,14,17,12,26,10,16
14,25,3,-3,4,12,14,26,4,26,8,-3
10,12,-4,-2,11,-3,0,18,3,24,16,0
7,-1,-8,7,13,4,2,17,9,14,-3,3
12,5,18,9,3,-4,-8,30,4,25,8,20
18,1,0,2,4,2,-6,19,16,27,9,30
12,13,11,15,3,21,1,5,3,-1,-5,-4
13,14,15,29,-4,30,-1,-1,4,17,7,18
-7,8,8,24,-5,28,13,2,-8,30,17,11
17,2,1,3,-7,18,7,31,-6,17,2,29
16,33,18,0,10,7,17,19,16,13,3,3
10,-5,16,-5,9,-36,4,-8,18,-8,19,-5
12,-4,17,-23,17,-32,16,-25,6,-23,13,-32
0,-21,1,-17,18,-7,14,-9,5,-27,-2,-5
-5,-28,-5,-17,13,1,17,-25,8,-33,15,0
-2,-15,1,-13,13,-22,11,-14,17,-26,13,-20
-3,-1,-1,-25,18,-19,6,5,9,-29,1,-31
-2,-14,-7,-26,14,-6,3,-25,1,1,15,4
-6,-24,11,-27,11,-23,14,-20,7,-10,8,-4
2,-28,-5,-3,17,-2,3,-2,-7,-12,15,-15
7,-4,17,-25,12,-12,16,-13,8,-12,11,-7
15,-25,16,-17,7,1,7,6,19,4,10,-5
17,-16,15,3,10,-16,18,9,-7,-24,5,-6
19,-17,12,-9,-1,-1,7,2,8,12,10,0
10,-2,9,-1,-7,11,12,-2,13,-2,-5,-6
14,-15,17,-8,13,5,19,-22,11,10,15,7
3,-14,9,6,14,-3,-5,5,4,-6,15,10
17,-7,6,-2,-7,15,5,6,9,8,-7,-14
13,-5,5,1,15,-6,5,-18,6,14,18,12
8,-4,0,2,17,14,-2,17,14,-14,4,13
16,17,18,13,-5,-1,13,18,7,12,10,-9
-7,-6,12,-3,11,8,19,5,-6,-3,17,10
11,8,-7,-7,3,-13,7,-8,13,0,-1,-2
1,-10,4,15,13,-13,9,4,18,-13,1,-8
-1,6,12,-7,1,16,9,12,3,21,8,-12
0,7,17,21,2,11,19,-9,6,20,8,23
-1,-10,3,-1,7,14,-7,-4,1,-4,11,21
19,22,11,-9,4,-7,8,-6,6,19,-3,-3
6,27,11,2,19,-9,11,22,17,16,2,24
18,-2,19,26,3,18,-1,-6,1,-2,-2,19
12,-1,-3,-5,-3,3,19,20,-3,14,15,17
11,8,4,28,16,5,4,0,11,28,-1,0
-3,16,16,-3,4,16,15,-1,-6,27,14,10
15,4,3,16,-1,-4,6,29,0,26,14,1
13,7,10,11,9,14,2,28,-2,2,-5,32
17,1,12,33,14,-2,5,31,-4,23,3,13
15,15,4,3,16,0,10,-1,9,20,2,19
10,14,-6,35,8,34,6,26,19,29,3,4
14,-33,-2,0,-1,-32,14,-36,-1,-36,1,-18
1,-1,-3,-34,8,-30,-1,-28,16,-33,7,-22
8,-12,-2,-8,12,-3,5,-32,14,0,-1,-13
14,-32,13,-28,-2,-15,5,-1,-2,-4,20,-28
13,-30,16,-28,16,-17,-3,3,17,-26,7,-28
5,-3,10,-31,4,1,20,3,9,-26,-1,1
-2,-1,18,-10,17,-10,-2,-17,16,-15,10,6
10,-11,14,-7,10,-21,7,-18,-4,-8,1,-18
12,-25,-3,-11,20,-9,6,-20,13,-12,-4,-12
-2,1,8,-21,8,-13,14,1,3,-25,-3,-18
12,5,2,-14,14,-10,16,-13,16,-16,8,-21
11,-17,8,3,3,-7,-6,-16,-5,-17,20,-11
14,8,-4,2,-6,-22,-6,-5,-2,11,8,4
20,-7,4,-12,3,-4,-2,13,-1,-6,4,-21
7,-14,6,13,-5,-15,-3,-14,14,3,-2,-17
0,-10,20,-13,3,-4,-6,-21,18,14,13,4
12,-9,9,-16,5,-12,-4,-11,6,-16,3,-15
1,-9,-2,11,1,8,-2,-12,-1,-7,-1,-14
20,-15,19,-10,-6,12,13,-4,15,11,12,-1
10,4,2,5,8,-17,14,15,-5,-12,2,-14
9,7,-5,6,7,-2,-5,10,-5,9,0,17
2,-3,2,-9,3,13,2,3,16,-3,9,13
5,4,6,7,2,12,19,-14,18,8,19,14
2,-10,-4,-10,12,-5,0,9,14,13,12,9
3,9,8,-9,2,7,1,-11,17,23,-1,-12
0,9,11,-3,11,-10,8,13,5,-6,10,12
20,5,-3,17,-2,7,2,25,3,20,17,16
18,15,12,24,-2,22,6,12,-6,-7,17,23
8,28,3,-2,17,16,6,-2,12,-7,12,1
8,7,18,-1,18,27,4,12,0,10,14,-7
7,9,2,9,-3,30,-1,24,18,24,6,21
20,8,19,5,16,12,2,29,-2,-4,-6,11
3,7,-4,27,6,27,7,24,12,25,-2,7
14,2,10,9,4,19,17,24,12,24,0,-2
13,31,15,23,-4,27,3,27,11,25,8,32
9,25,1,34,19,15,0,10,-2,32,12,29
9,22,8,30,19,0,9,14,-4,0,-2,36
10,-19,10,-9,11,-27,4,-13,-3,-7,13,-32
13,-30,13,-26,10,-25,12,-29,16,-32,1,-30
4,-2,14,-4,6,-21,-1,-12,21,-16,8,-7
16,-6,15,-29,-1,1,6,-9,4,-13,19,-21
3,-2,6,-15,-5,-12,14,4,5,1,-5,-23
-2,-7,6,-26,-2,-14,14,-6,6,-3,10,3
-1,-13,15,-5,1,-5,13,-20,0,-29,6,-13
4,1,5,-20,18,-2,7,-7,-5,-26,11,-7
0,2,19,-27,17,-18,-2,-8,2,-1,4,-27
2,0,1,0,20,-23,21,-2,4,5,7,-19
-4,-24,12,7,11,0,19,-4,-5,-5,14,-14
-1,11,15,-9,-3,-16,12,8,5,-19,-4,-13
8,-1,-3,-5,20,-2,17,-1,-4,-1,20,-6
1,-16,15,-5,13,-14,18,-23,20,9,10,-9
19,3,-2,-14,21,0,0,2,13,13,2,-17
4,4,14,-20,-5,-16,-2,4,-5,3,5,3
13,13,5,11,15,-7,20,1,18,-17,11,11
21,-17,1,-4,5,-8,2,6,17,17,14,-13
18,-14,1,14,14,-11,5,0,16,2,-2,-12
20,-15,-5,14,6,-10,11,15,12,-16,20,7
10,4,9,-11,17,17,4,9,4,19,18,-15
10,10,20,-15,5,1,12,11,-5,15,2,0
4,20,8,15,2,6,15,-1,21,18,18,14
0,10,1,21,18,8,-1,13,2,-7,15,-9
1,3,16,12,13,-11,-5,5,1,-5,16,16
20,9,10,23,-3,9,-4,-3,7,8,-2,24
6,25,9,17,18,2,21,1,11,5,8,15
-5,7,6,21,3,26,14,6,10,24,10,-3
8,-7,13,15,20,11,15,28,-5,-4,14,-1
15,15,12,5,6,17,9,14,19,9,1,19
20,-5,3,19,1,3,-1,12,15,-3,14,25
18,3,15,6,-4,11,1,24,3,11,5,24
21,7,21,1,13,17,5,4,-2,12,6,3
14,23,13,1,12,23,13,27,17,32,10,26
10,16,4,31,20,22,-3,34,9,-2,19,9
15,3,2,35,21,8,13,12,-1,26,-5,-1
13,7,16,31,12,35,-2,3,-4,31,8,12
14,-14,-2,-13,1,-31,9,-4,15,-6,18,-22
-2,-12,22,-12,8,-15,-3,-31,18,-24,4,-12
15,-12,13,-27,-1,-22,9,-20,18,-27,6,1
0,-8,22,2,1,-33,1,0,13,-10,21,-21
9,-5,11,-32,17,-29,16,-27,20,-4,6,-12
5,-14,3,-1,12,-30,18,-12,5,-17,4,5
0,-28,19,-19,8,-7,5,4,15,-2,6,-19
5,-9,21,-16,-1,-3,9,-4,-3,-19,17,-21
-1,-24,-1,8,21,1,3,-7,19,-19,4,-20
0,-27,20,4,21,-26,5,-24,12,-20,8,8
1,-5,-1,-23,22,-14,12,-6,-1,10,2,-11
7,-4,0,-13,2,-5,5,-25,12,-1,8,1
10,8,6,1,11,3,3,10,21,-18,12,4
19,10,18,-14,15,0,18,-14,20,-12,2,-19
18,-17,6,8,-4,6,-3,7,17,9,14,-9
4,-13,15,-1,11,-16,6,10,11,2,22,-5
-4,-16,16,0,2,-1,4,-13,6,-20,2,-9
20,9,11,14,12,9,4,-13,21,-14,3,-15
0,-12,21,10,6,-17,-1,1,3,7,12,-2
-1,-11,13,12,1,6,10,2,1,-15,12,13
2,10,19,6,15,0,1,12,-3,-15,21,-12
2,7,5,7,4,-12,-2,-3,12,5,-4,-8
1,-9,14,20,-2,5,2,-1,19,17,10,2
12,17,21,1,-1,10,10,7,6,4,0,9
10,5,14,6,12,-6,9,11,12,11,8,4
18,15,9,0,4,12,11,-8,1,-7,12,-1
5,-5,9,14,20,-2,16,-8,6,8,19,19
12,-1,14,11,-1,16,21,-3,11,10,7,-8
3,4,17,-3,-2,15,12,2,22,-4,22,0
14,5,19,27,6,17,18,-5,11,24,-2,19
12,16,17,-3,-2,-5,15,20,-2,-2,13,1
7,9,11,-2,12,25,14,21,19,2,5,1
20,10,15,6,22,10,8,19,5,18,10,7
15,9,3,30,12,12,5,15,6,24,17,4
15,32,12,7,-2,34,-4,6,12,2,1,29
10,25,0,17,17,22,7,17,14,17,5,27
16,15,12,11,9,17,6,32,13,18,8,11
-2,-28,11,-13,-3,-30,12,-11,8,-19,0,-7
6,-32,18,-7,10,-30,8,-4,7,-10,1,-34
0,-2,9,-1,9,-17,11,-11,15,-25,21,-4
17,-6,-3,-23,19,-10,14,1,7,3,6,-2
4,-1,2,3,18,-23,23,-22,4,-31,12,-19
10,-2,17,-3,-2,-11,12,4,20,-6,0,-19
6,-8,13,1,13,-27,19,-2,1,-25,23,3
21,-8,11,6,23,3,13,-18,3,-23,11,1
3,3,22,1,10,-12,8,-5,3,-9,7,-6
2,-26,17,-18,11,-12,1,-27,15,-8,1,-25
-1,-22,1,-4,0,-8,-3,-11,13,-21,13,-18
-2,-22,0,9,10,0,-3,2,17,7,19,-5
16,5,-1,-14,-2,-12,1,-12,22,-22,6,5
22,5,3,-20,6,-9,6,-18,19,4,12,-4
0,0,12,2,9,-22,5,-10,13,-13,20,-16
9,15,-1,-3,15,-18,0,-14,-3,-7,18,-5
2,11,0,-6,3,-14,11,-2,-1,-11,8,4
13,15,-2,6,15,-19,11,-3,6,15,3,5
8,6,13,-12,-1,-5,19,7,21,-6,7,3
7,7,11,17,8,9,5,-16,-2,3,11,12
5,12,7,2,5,-12,-1,4,9,5,19,-12
6,13,9,21,14,12,17,-1,1,1,2,10
21,6,17,19,4,15,21,18,15,-2,15,-9
-3,-6,4,0,0,-4,8,12,16,4,-3,1
5,21,17,-9,6,-1,20,14,-1,-10,6,5
23,8,1,-6,-1,24,19,11,13,15,17,17
19,13,7,6,21,0,18,-9,13,24,-2,24
14,-9,14,4,19,22,4,22,7,5,23,21
10,-2,11,6,21,17,11,25,23,28,6,10
16,12,10,-5,7,20,2,11,3,11,5,20
23,24,13,8,6,9,23,30,3,16,0,13
12,19,10,29,4,25,17,-2,14,0,16,6
20,7,-2,7,4,4,8,4,19,21,6,7
16,17,-3,-2,4,1,14,5,2,33,9,11
8,21,1,-2,16,18,12,10,18,16,1,13
0,7,18,9,4,0,15,15,22,19,9,0
15,34,3,22,14,23,2,19,7,3,8,16
23,-11,16,-5,24,-16,13,-3,2,-10,22,-5
24,-14,15,-5,21,-6,12,-4,17,-30,12,-32
4,-5,10,-2,22,-17,4,-31,7,-21,0,-31
-2,-3,23,-26,8,-27,20,-18,24,-22,7,-10
1,-27,22,-24,11,2,23,-24,3,-6,1,-30
0,-1,10,-17,7,-4,11,-16,14,-21,4,-8
1,-29,16,-24,14,3,8,-20,11,-24,9,-25
5,-12,7,-17,4,-17,12,-25,8,3,13,2
4,-7,12,-10,5,-19,23,4,1,-22,2,-14
3,-24,5,-3,1,-22,14,-3,23,-27,19,-26
10,-16,10,-4,17,1,22,-8,0,-25,-2,-13
4,-19,-1,-2,-1,-15,1,-7,15,-18,4,-7
-2,-19,22,-20,9,-2,21,4,24,-5,9,1
3,9,14,-5,6,-1,-1,-23,14,-12,14,10
-1,6,15,-7,-2,-10,7,0,15,-10,10,-4
24,12,7,2,14,0,15,15,5,0,24,-3
5,0,14,-19,10,-6,22,9,-2,15,13,3
6,5,5,-14,23,-9,14,14,23,3,1,3
2,13,14,5,15,-1,10,-14,24,17,0,9
16,13,24,5,6,-7,4,7,6,10,3,13
2,-11,20,15,1,4,4,-8,22,-1,-2,17
12,15,1,7,9,4,6,13,1,3,2,6
5,4,18,1,18,19,6,-14,0,1,7,18
21,13,24,5,4,-12,6,-11,11,22,8,4
12,9,8,21,10,3,19,-12,15,-10,12,14
2,13,23,8,4,24,5,3,1,8,20,14
12,3,20,11,8,24,14,-8,24,17,22,11
12,-8,13,-3,16,26,-2,14,21,-5,10,-9
12,-8,23,25,5,26,22,15,24,8,10,-1
23,3,22,27,6,1,6,4,6,6,3,8
0,22,3,13,1,13,23,25,-2,20,15,23
9,2,20,6,21,3,7,2,6,0,10,28
21,5,10,-2,13,7,15,-1,8,-3,8,24
11,9,20,24,9,3,15,20,-1,26,16,7
20,8,-1,28,23,5,6,8,10,23,2,27
20,35,7,0,17,0,0,18,-1,-1,5,23
9,8,2,9,1,6,1,21,23,19,10,6
14,-8,18,-28,0,-6,22,-23,24,-3,10,-4
19,-6,13,-19,9,0,25,-5,1,-23,7,-24
9,-4,5,-11,6,2,0,-31,16,-3,7,-33
4,-29,15,1,4,-6,10,-7,23,-16,4,-29
15,-15,2,3,19,-26,14,2,17,-17,-1,2
5,-28,6,-28,13,3,1,-28,20,5,9,-13
5,-26,25,-1,15,-5,19,-15,-1,-21,15,-6
24,-8,0,-11,19,-5,19,4,2,-5,20,-9
4,-10,17,-1,20,-13,-1,-15,1,4,19,-6
1,7,18,-24,7,-25,12,-9,22,-7,-1,2
25,2,13,-18,17,-9,3,2,16,-7,18,-2
13,-7,0,-24,19,-20,4,-17,0,2,23,9
6,-2,12,-15,7,7,18,4,6,-12,17,-16
2,3,14,8,20,-21,25,0,2,-2,7,-10
23,7,10,-22,0,-22,14,5,14,8,6,-9
24,-9,3,-7,18,-15,10,-16,21,8,22,-6
-1,-19,8,-4,0,-19,7,3,-1,5,2,0
9,8,-1,-6,5,-6,5,14,8,-11,12,3
13,2,19,9,10,16,14,13,24,-5,22,2
1,-11,0,-12,5,-2,13,-17,11,17,13,-9
13,3,4,1,13,8,-1,2,-1,18,16,10
3,17,-1,4,3,1,4,5,10,5,-1,4
2,0,17,22,-1,9,0,8,12,17,24,11
21,9,25,1,2,18,-1,1,24,8,18,6
15,4,24,10,22,10,3,5,24,-4,16,10
2,14,16,17,23,3,5,12,18,-11,10,10
19,21,12,-6,7,6,7,11,14,3,19,7
5,-1,1,20,7,6,16,0,25,-4,12,5
12,-8,2,-2,18,16,10,11,18,18,10,-4
19,18,12,3,16,11,2,-5,3,-3,1,-6
2,27,15,-3,8,1,8,-2,18,-5,7,23
12,21,7,-2,3,18,16,23,1,3,19,-4
10,22,10,16,7,2,13,10,15,4,3,19
8,5,17,-3,1,15,3,22,23,15,21,3
11,3,25,8,14,28,23,4,15,29,17,31
19,35,7,1,14,20,1,34,12,14,0,3
13,4,3,1,7,36,14,22,0,28,22,4
11,-11,14,-24,6,-15,21,-10,1,-14,15,-27
4,-19,17,-15,14,0,16,-35,8,-5,12,-7
21,-6,4,-2,5,-22,11,-4,4,-25,18,-5
0,-2,23,-30,5,-4,20,-8,24,-4,0,2
7,-16,23,-17,20,-4,5,-5,14,-29,6,0
4,-28,17,1,5,-20,2,-27,6,-18,8,-27
4,-29,17,6,19,-4,9,-16,25,-13,14,6
8,-29,23,-4,6,-13,10,-14,5,3,15,1
2,-1,24,-9,11,-17,5,-15,15,-12,18,-1
21,2,7,-21,6,9,5,-1,2,-17,22,-27
16,-20,22,-16,1,2,10,10,18,10,17,7
4,-6,23,5,9,-3,18,3,23,-13,14,-15
1,3,2,6,25,-10,12,-9,9,-17,21,11
8,-5,3,-16,19,-12,8,-14,14,-3,0,4
13,-12,6,-9,2,2,20,-16,17,-11,4,4
11,12,9,-14,15,-9,12,4,22,-3,26,-21
16,11,18,1,12,-10,17,11,2,-13,23,-15
21,4,1,-6,5,-13,25,9,2,14,1,7
24,4,11,-6,26,0,1,12,12,-9,25,-8
3,-4,17,-17,23,18,2,-16,7,5,21,-6
23,4,5,-10,0,5,22,13,24,-12,17,-14
7,17,8,3,0,2,14,7,5,-7,1,15
10,12,2,-13,7,12,15,-8,22,2,20,-3
13,7,12,2,22,-1,7,-5,20,-11,13,16
10,6,25,23,14,-10,10,-12,12,1,21,20
6,7,26,8,26,-6,15,2,11,2,8,14
18,5,16,26,9,-6,21,10,6,1,9,11
4,4,26,-5,10,12,14,8,21,12,5,2
18,-8,9,18,0,17,2,14,1,4,25,11
19,25,5,22,21,13,5,16,1,27,22,29
9,3,2,15,15,1,1,17,1,15,9,13
12,-2,9,23,18,22,12,4,5,20,6,30
10,0,3,27,15,20,22,26,3,1,22,5
11,0,11,11,15,12,2,8,18,19,24,3
21,34,9,1,4,1,11,7,5,8,6,25
11,3,4,30,6,2,4,31,14,4,14,18
11,5,8,32,19,18,16,30,17,34,2,25
