-2,-1,0,-9,-11,0,-4,-2,0,-22,0,-6
0,-29,-4,0,-2,-35,-3,-11,0,-6,0,1
-1,-15,-1,-1,-19,-7,-14,-32,0,2,0,1
-1,-11,0,-1,-7,-16,-6,-21,0,2,0,1
-1,-8,0,-1,-5,-10,-25,-26,0,2,0,-19
-1,-4,-4,-4,-6,-19,-1,-21,-23,-29,0,2
-1,2,-1,0,-12,-29,-6,-20,0,-2,0,2
0,-8,-14,-8,-2,-23,-15,-23,0,4,0,-10
0,-5,0,-18,-3,-19,-11,7,0,-1,0,-16
0,9,-16,-9,-3,-24,-6,3,0,-10,0,4
0,9,0,2,-18,10,-17,4,0,-14,0,3
0,9,0,-3,-8,-24,-18,-7,0,7,0,3
0,9,0,-20,-6,-5,-19,-4,0,7,0,3
0,8,-1,-16,-13,-15,-8,-19,0,-8,0,1
0,8,0,-11,-25,-14,-6,7,0,-4,0,1
0,5,-16,-11,-4,9,-3,4,0,-13,0,1
0,7,-1,-8,-23,-19,-2,-13,0,-16,0,-10
0,9,0,-2,-6,-12,-10,15,0,-8,0,2
0,11,0,-3,0,18,-22,0,0,7,0,0
0,15,0,8,0,17,-3,-11,-1,19,0,0
0,9,0,-2,-4,19,-1,1,-1,7,0,0
0,9,0,-12,-8,7,-6,3,0,5,0,0
0,8,-1,21,-9,-3,-23,3,-1,21,0,0
0,7,-1,14,-4,-4,-18,4,-1,-5,0,-6
0,7,-2,11,-7,4,-26,-7,-1,-8,0,-7
-1,17,-1,-3,-5,10,-6,12,-1,-11,0,-11
-1,25,0,8,-10,25,-24,19,-2,22,-1,23
0,8,-2,-6,-22,10,-23,5,-2,15,-1,23
0,2,-1,8,-6,-8,0,-4,-1,-3,-1,28
-1,11,-1,-3,-4,9,-7,7,-8,8,-1,19
0,-1,-3,25,0,22,0,2,-1,28,-1,19
-8,1,-3,22,0,13,-21,24,-1,21,-1,23
0,0,0,12,-26,16,-9,26,-1,8,-1,17
-2,29,-4,19,-19,14,-17,31,-2,22,0,8
0,-1,-21,11,0,0,0,-2,-17,6,-2,27
-2,26,-20,3,-9,8,-19,10,-14,0,-8,19
-8,15,-21,24,-13,28,-2,31,-19,23,-3,24
-1,-2,-1,-18,-10,-19,-8,-23,-1,-13,1,-28
-1,-2,-15,-27,-5,-21,-3,-8,-2,-8,1,-29
0,-17,-1,-30,-5,-24,-9,-6,-3,-2,0,-17
1,-25,-2,-19,-10,-29,0,3,-7,-20,0,-17
0,-11,-7,-22,-6,-18,-3,1,-5,-31,0,-19
1,-19,-20,-22,-23,1,-5,5,-1,-3,0,-19
1,-17,-10,-30,1,-20,-21,0,-6,6,0,-20
1,-15,-1,-3,-3,-17,-8,-11,-6,-5,0,-6
0,2,-1,-12,-20,-7,-11,2,-1,-1,0,-22
1,-11,-12,8,-17,-22,-5,6,-2,-19,0,-26
0,0,-1,-1,-14,-13,1,-14,-6,-23,0,-26
0,0,-22,3,-19,-6,-2,-4,-7,-17,1,-23
1,-9,-1,-7,-24,-13,-2,5,-2,-20,-1,8
0,11,-21,-4,-2,-10,-13,-11,-3,11,-1,7
0,9,-1,-13,-13,-3,-22,12,-7,-5,-25,0
0,15,-16,12,-19,-10,-9,-7,1,-18,-2,0
0,13,-1,-18,-6,1,-4,15,-10,-7,-1,-3
1,-1,-2,13,-17,-19,-1,-13,-3,14,0,16
0,11,-2,2,-1,-13,-1,-15,-8,-16,-1,10
0,6,1,-8,-2,-17,-15,10,-9,-17,-1,-3
1,-7,-3,-8,1,10,-5,8,-11,14,-1,-3
0,5,-5,14,1,0,-6,20,-3,-4,0,16
1,-3,0,-4,-1,-13,-17,-2,-9,3,-1,-4
1,-6,1,-5,-1,23,-2,-13,1,-6,-16,8
0,4,-23,-3,-10,4,-8,15,-6,-12,0,17
-1,25,-1,-10,-18,2,-25,-5,-10,23,0,16
1,-8,-7,23,-10,-9,-12,-10,-10,13,-1,12
-7,15,-5,10,-11,1,-16,18,0,24,-2,27
0,5,0,9,-8,26,-12,23,-10,22,-2,26
-6,21,-10,5,-8,22,0,11,1,23,0,7
-7,-2,-15,17,-17,28,-1,13,-6,23,-2,20
-1,21,-25,-3,0,5,-12,-3,-13,-5,-3,12
-7,18,-2,24,-19,3,-6,27,0,24,0,30
-7,30,-11,8,-13,12,-4,15,-5,12,0,21
0,6,-12,4,-5,15,-2,34,-21,15,-20,-1
-6,21,-17,18,-5,25,1,6,-15,5,-1,24
-1,23,-17,10,-3,14,-20,34,-15,5,-1,12
0,-7,-1,-30,-17,-33,-5,-19,-17,-33,-1,-19
-6,-27,-2,-18,-3,-33,-6,-17,-3,0,-1,-23
-6,-27,2,2,-19,-22,2,-24,-2,2,0,-28
1,-19,-17,-1,-22,-19,-11,-15,-13,-12,-3,0
1,-17,1,4,-18,2,-17,-14,-3,-19,-3,-5
2,-28,0,-17,-22,-24,-20,-29,-7,4,-5,-23
-6,-25,1,4,-5,-17,-6,-14,-15,-18,-7,-13
0,2,1,-15,-8,4,-16,-18,-9,0,-8,-11
-6,-5,1,4,-3,-2,-7,-3,-21,-3,1,-26
-6,-8,-21,-15,-14,-6,-18,-1,1,-21,0,-6
0,4,1,-25,-13,-19,2,-13,-16,-23,-2,-16
-6,-15,-2,-5,1,-19,-9,7,-2,-15,0,-9
-7,1,-6,6,-17,-1,-22,-19,-24,-3,-22,12
2,-23,-1,12,-16,-17,-9,-19,-2,-16,-9,7
-6,-5,-1,-14,-9,-14,-4,-7,-2,4,0,-7
-6,-5,-6,8,-16,-13,-5,3,-9,0,-10,-8
1,-9,-21,-7,-1,-8,1,15,-17,-10,-3,12
-6,1,1,6,0,14,-18,-17,-10,-5,0,-11
-6,-7,-3,11,-21,10,-16,10,-17,-17,-3,-16
-7,9,0,-6,1,19,-16,14,-19,13,-11,18
1,-4,-2,15,-22,-5,-14,15,-20,-3,-1,12
-7,9,1,7,-23,11,-1,-3,1,-6,-11,19
-5,15,-3,-10,-17,-7,1,16,-11,8,-11,10
-6,16,-22,10,-24,-12,-8,20,-18,10,-1,2
-10,7,1,6,-23,18,-12,21,-3,16,-11,-5
0,-3,-4,16,-17,-6,-9,7,-11,-11,-13,22
-6,-9,-6,-3,-16,17,-11,-5,-3,15,-14,-9
1,0,1,-9,-2,2,-7,-1,-3,11,-15,17
-4,1,-8,-6,-6,-2,-8,-2,-13,22,-15,-8
-6,27,-5,21,-10,1,-4,6,-21,12,-16,18
-6,25,2,18,2,3,-24,19,-3,-3,-16,-4
-6,9,1,14,-8,31,-20,16,-17,22,-1,1
0,20,-6,-1,-12,-2,-9,1,-20,0,-1,5
-1,3,-3,29,-3,-2,-13,12,-2,17,-17,2
-4,12,2,11,-18,2,-1,13,-19,33,-18,6
-2,7,-21,1,-7,2,-17,25,-5,26,-19,5
-4,32,-6,18,-24,32,-22,30,-6,35,-19,0
-5,-15,0,-29,-14,-5,-13,-36,-20,-29,-5,-28
-6,-20,-8,-13,-10,-4,2,-35,1,-9,-19,-21
-5,-25,1,-5,-22,-3,-2,-7,-8,-16,-19,-32
1,-5,-12,2,-18,-32,-11,-33,-21,3,3,-8
-5,-4,-15,-31,2,3,-1,-24,-5,-28,0,-30
-5,-18,-3,5,-23,-17,-10,-14,-6,-15,3,-30
-5,-18,-7,-30,-15,-1,3,-21,-6,-26,-19,6
2,-19,-1,-29,-20,-18,-1,-23,-19,-14,-20,-14
-3,-18,-20,-19,-9,-15,3,-23,1,1,-1,7
-5,-24,1,-19,-20,-11,-6,-3,-22,2,2,-23
-3,-13,1,-14,-16,-22,-23,-7,-11,-23,3,-6
-5,0,3,10,3,-24,-15,-21,0,-19,3,-21
-3,-17,1,-24,-2,-24,-3,2,-18,3,-1,5
1,2,-1,-14,3,-23,3,-20,-17,8,-20,-11
-3,-14,-11,0,-13,12,-6,-13,3,-6,2,8
1,-14,-8,4,-3,-6,0,2,-13,-1,2,-6
-9,1,0,16,-13,2,-5,-17,0,5,-1,7
-5,17,2,9,-18,5,-6,-9,-2,14,2,-10
-5,9,-3,17,-9,6,-10,12,-6,-18,-1,16
-6,6,-1,12,-13,-8,-1,-17,-12,1,-18,-9
-4,11,-3,1,-6,7,-18,-15,1,-10,-1,6
-5,3,-6,18,2,-1,-2,-15,-10,-10,-20,15
-5,12,-8,-6,-9,6,-1,5,-7,22,-2,20
-3,-2,1,23,-16,-13,-22,4,-10,23,2,-5
1,-3,0,21,-8,1,-15,-7,0,-3,1,-8
-4,21,-6,20,-8,-6,-7,19,-5,18,-6,15
0,-3,0,20,-14,9,-5,10,1,21,-9,12
-5,-9,2,-7,-6,-4,-18,5,0,-2,-5,27
-6,25,-2,14,1,23,-12,27,3,13,-20,15
-11,-1,-3,17,-13,-2,-17,20,3,12,-1,6
-8,19,3,17,3,16,-19,5,-4,13,-21,25
-7,5,3,15,-8,-5,-17,29,3,1,2,17
-7,-1,-4,32,2,27,-4,1,-7,27,1,32
-10,24,2,20,-5,20,-13,16,-7,3,-8,32
-14,11,3,32,-2,33,2,29,3,24,-5,32
-18,28,-1,18,1,7,3,0,-9,21,-17,32
-13,27,-3,18,0,28,-6,2,-3,26,0,32
-5,-19,0,-20,4,-12,3,-27,1,-12,-1,-6
-2,-29,-8,-35,-3,-17,-6,-9,-18,-29,-10,-8
-4,-2,2,-6,-15,1,-12,-4,-6,-24,1,-14
-5,2,-3,-10,-10,-25,-9,-22,0,-2,1,-3
1,-20,-2,2,-3,-20,-4,-3,2,-15,-13,2
0,-24,-2,1,-6,-3,-8,-27,-16,-7,-6,-18
-2,-1,-2,-27,-16,-28,-15,2,-2,-20,2,-28
-4,6,-3,-17,-6,-6,-8,-16,3,-10,-20,-2
-5,-10,-2,-2,2,-1,-18,-15,-1,4,-4,-6
3,-20,-7,-11,-14,4,-22,-20,-8,-12,-6,6
-3,-12,1,-11,-18,-18,2,-15,-19,10,-21,-7
-1,-21,-10,-13,-18,6,-8,-13,-6,-18,-1,-16
-2,11,-10,-5,-10,-7,-12,-17,-2,-3,3,-5
2,-9,-3,-20,-21,-16,-22,-13,0,4,1,8
-2,14,-8,-16,-11,-21,-6,-12,-14,-13,-17,10
0,3,-9,7,-18,5,-10,-20,-4,-15,-1,-7
0,-16,-20,2,4,15,0,-16,-16,-1,-13,13
-7,16,3,5,1,-12,3,2,-6,-15,2,-16
-1,3,-3,-14,-16,11,-6,9,0,-15,1,9
-1,-8,1,-7,0,0,-19,18,-4,-3,-1,-4
-2,17,-3,-16,-1,14,-16,-15,-19,10,-6,1
-2,5,-4,-2,-20,4,0,-8,-9,12,-15,-12
1,0,-7,13,2,-2,-18,17,-6,15,0,22
-5,19,-20,22,-8,2,-11,8,-5,21,-14,22
-8,20,0,2,-19,7,0,12,0,-12,2,11
0,-1,-1,3,-6,8,3,23,4,2,0,22
-2,-5,-20,-8,-9,-1,0,20,-1,6,-19,9
0,0,-3,22,1,23,-1,-6,-21,24,-9,20
2,-4,1,13,2,-4,-17,24,-3,24,-9,-5
-3,5,1,19,-2,21,-2,21,-15,24,-1,14
2,-3,-1,15,4,27,4,30,3,9,1,8
-10,23,1,6,2,14,4,26,-20,29,-4,2
-9,5,1,14,-14,21,1,3,-14,15,-15,13
-8,33,-12,-2,-1,9,-10,8,-18,19,0,22
-6,22,-12,15,-10,11,-11,16,-20,14,-1,6
-13,25,0,22,1,33,-13,8,-5,17,-1,16
-13,29,-18,15,1,26,-9,4,-20,14,-9,33
-7,-9,-5,-29,-13,-10,-5,-4,-14,-10,1,-12
-14,-23,-2,-26,0,-2,1,-26,-20,-19,-1,-1
1,-34,-1,-23,-2,-5,-4,-11,-5,1,-1,-26
-8,-10,4,-4,2,-27,5,-9,4,-23,-2,-13
-2,2,-1,-23,2,-10,0,2,-4,-1,-1,3
-8,-23,-12,3,0,-18,3,-29,-2,-26,-1,-14
-5,1,-12,-13,2,6,-8,-8,-2,3,-2,2
-6,1,-5,-3,-5,1,-4,-7,-3,-26,2,-22
3,-27,1,-15,-12,-1,2,-23,-1,-24,-1,-25
-6,-12,-20,-23,-14,9,-5,-11,2,7,-8,-8
3,-9,-13,-4,-19,-16,-5,-3,3,-5,-4,-20
-6,-14,1,3,-1,0,4,-17,-2,3,-1,4
-5,3,3,-11,-15,0,1,11,-1,-16,-9,-1
3,-7,2,6,3,-8,0,0,4,-10,-3,-5
-7,2,-10,-19,1,-18,-21,-10,0,-12,3,9
0,8,-11,4,-5,11,-19,-1,3,-21,3,6
-6,-1,-19,14,-5,-9,0,5,-17,-9,3,-11
1,-4,-13,-8,1,0,-2,-6,-8,-5,2,-9
-6,2,0,10,-4,-12,-12,15,-7,-10,-3,-6
-6,-12,-7,5,2,1,5,-3,-1,18,-2,-15
-2,8,-5,13,-4,-1,1,4,-13,-4,-2,-3
-2,11,1,0,-9,-6,-8,13,-19,-2,-6,21
0,-8,2,2,-2,6,0,1,-6,19,0,-9
-4,-1,-4,-11,-7,10,-21,-4,1,-4,-10,14
1,2,-14,23,-14,-11,-1,-1,3,-9,-3,-12
2,-8,-21,2,-3,7,-19,-1,1,11,3,13
-1,8,1,23,-2,17,-5,-7,-9,19,1,4
-5,-1,-9,-1,-12,-2,-15,-3,-9,-4,-9,-5
-8,6,-13,-6,-20,-8,-11,1,-4,1,-3,20
2,12,-10,19,-2,8,-20,9,-12,17,2,1
-5,0,-14,10,-6,29,-18,14,-8,11,1,-5
2,21,-4,9,-20,27,-7,2,0,-3,3,14
0,22,-4,17,-8,26,4,-3,-6,-1,-4,18
1,24,5,-2,4,20,0,27,-3,23,-4,16
-7,5,-20,6,4,2,0,27,-13,23,3,16
-13,17,-5,13,5,31,-4,10,-12,32,2,3
-13,4,-6,24,-8,36,-2,11,-18,27,1,32
-4,-16,-13,-22,-20,-3,5,-14,-17,-5,-18,-35
-11,-8,-9,-35,5,-9,4,-30,-11,-18,-9,-20
0,-34,1,-7,6,-7,5,-14,5,-16,2,-8
-12,-30,6,0,6,-4,-17,-30,-17,-29,1,-30
-13,-12,0,-26,-18,-8,-7,-16,-6,-4,3,-31
-11,-20,-6,5,2,-7,-1,-21,-3,-4,1,-5
1,-11,-11,-22,1,-27,5,-11,-1,-24,-5,-18
-4,-4,2,-17,-8,-28,5,0,1,-25,-11,2
5,-27,3,-9,3,-1,1,-15,-5,-17,1,-16
-7,3,1,8,0,-16,6,-10,3,4,-5,-23
-7,-10,3,-1,3,-18,-13,-7,4,7,-8,-1
-3,-19,3,-12,-15,2,-13,-12,-8,-6,-14,9
-12,-14,-9,-23,2,4,-5,1,-19,12,-8,-13
-5,6,-11,5,-10,-15,6,-5,-4,3,-15,13
-7,12,-12,-7,-20,-4,-2,-7,3,14,-11,-5
5,-19,-5,-16,-12,-17,-11,-20,6,-21,-6,-21
-4,13,-13,4,-18,-5,-12,-13,6,-19,-2,-11
-1,14,-12,15,-19,-3,6,10,2,-5,-3,2
-3,-7,2,12,4,-1,0,7,-6,-16,-11,-2
2,5,-2,9,-14,8,-2,-12,-9,-13,-1,16
3,4,-16,-9,-4,-14,-12,4,-1,14,2,15
2,-4,3,2,-10,-15,2,14,0,9,2,15
-1,22,-7,-1,-1,14,4,-2,-16,10,2,-6
1,-3,6,13,-4,8,-13,-6,-9,7,1,9
-1,11,1,-2,1,11,3,16,-1,2,-8,18
2,1,1,20,-19,-9,2,2,-16,25,-3,20
0,14,1,-7,-15,-7,1,-4,0,6,-5,0
-3,4,-11,21,-10,-3,-14,19,2,-4,-5,-3
4,-3,2,10,1,16,6,12,-11,24,-17,28
-1,-3,1,6,6,12,-11,13,-13,1,1,28
-6,4,-13,3,6,10,-11,-1,-10,22,-1,16
4,-3,-13,3,-7,28,0,15,-10,5,-18,6
-7,22,-16,9,5,13,-5,10,3,22,1,6
-10,31,-8,2,0,6,1,1,1,8,-2,32
-12,4,-3,23,-12,33,6,24,1,6,-2,1
-10,22,2,0,-14,34,-19,23,3,15,2,4
-10,10,-2,5,-9,36,-13,14,-1,12,-2,2
-5,-36,-7,0,2,-8,-12,-13,4,-18,2,-13
-11,-33,-3,-23,4,-11,-5,-9,-12,-2,2,-24
-3,-8,-5,-9,4,-13,-4,-4,-10,-25,3,-15
-6,3,-5,-21,2,-4,7,-14,-12,-15,4,-17
-3,-18,-18,-32,1,-9,-15,-5,4,-19,-4,-31
-3,5,-5,0,2,0,4,-5,-11,-20,5,3
0,-30,3,-6,6,-25,-14,-18,5,-12,5,-30
2,2,-17,-28,7,-22,-12,5,-1,7,2,-25
-6,-23,4,-24,-13,-7,6,0,-3,-3,4,-23
-2,-27,-3,7,-5,9,-12,-27,3,-14,2,-2
-5,-18,1,-3,-3,-9,1,-12,-6,-7,-2,-11
2,-7,-5,-20,-5,-16,-17,3,3,3,-6,7
0,-7,-7,4,0,-22,-19,9,-7,-12,1,-6
2,12,7,-11,2,13,-17,-20,1,-11,1,1
3,-4,-16,10,-13,-13,-17,-21,0,-4,-5,3
2,-13,-17,15,4,10,4,-13,0,-6,-1,-20
0,-14,-3,11,-7,-20,5,6,-8,4,-14,10
-5,-4,-19,16,-18,-13,0,11,-17,-4,-7,-3
0,-13,-9,-15,4,-4,-7,-3,-18,-18,-18,-15
4,-8,-1,7,-3,8,-19,13,-15,-15,-2,11
-2,12,-19,-4,-4,5,-3,13,-6,-5,-17,6
-4,6,-14,1,4,5,6,-13,-8,17,6,-4
6,-8,-12,4,-10,4,3,9,0,7,-16,-13
-2,3,-1,-9,-19,-11,2,9,3,22,-16,0
4,9,2,0,-3,14,-7,8,5,10,-2,2
-3,-4,-4,-5,-13,20,7,19,-5,16,-18,22
-3,2,-15,24,-19,5,-5,23,-12,5,-6,10
6,-5,-1,11,3,-7,2,1,4,23,5,11
-5,-2,-13,22,-15,17,-4,1,-13,3,-1,22
-3,14,-10,18,-10,-5,-17,20,-1,15,-9,8
-8,3,-14,13,0,18,-16,17,1,28,-12,21
-8,1,2,4,-11,6,-7,2,-1,15,-16,24
-6,-2,-10,25,-16,3,-5,25,-10,23,-5,31
-6,14,0,10,-8,23,7,3,4,0,-19,15
-7,22,1,-2,-5,33,1,15,-1,8,-10,4
-5,0,-5,31,-6,4,7,21,1,12,-14,10
-13,10,-13,26,-1,8,3,25,-7,15,-18,2
-7,-7,-9,-30,8,-5,-9,-20,-5,-11,0,-26
-5,-13,-15,-19,-14,-5,-4,-3,4,-6,-2,-29
1,-33,-11,-34,1,0,1,-31,7,-33,-12,-11
-3,0,3,-33,3,-26,8,2,3,-19,0,-1
-5,-29,4,-22,-9,-2,7,-25,3,-1,-4,-8
-10,-24,-16,-28,-9,-27,-13,-23,-2,-10,-5,0
-4,-18,-13,2,-14,-15,2,-11,2,-8,-11,-28
-1,-26,-10,-12,-3,-3,7,-5,5,-6,-9,0
4,3,-9,-27,-3,-5,-7,-15,7,-12,-18,-24
-1,2,-10,-18,-18,-6,-16,-12,3,-15,-1,-17
1,-24,1,3,3,-7,-3,-4,-4,-22,-18,2
3,-3,-3,10,-18,-21,4,-13,3,-16,1,1
6,-3,1,-19,-14,-20,-9,-20,-8,-2,-4,-23
-3,-9,7,3,-15,-13,5,9,2,-14,-2,0
5,-6,-15,1,5,11,-5,-13,4,-18,4,-7
-3,-3,4,-18,3,-16,-8,7,-2,-2,3,-1
-4,-15,1,-5,-18,-13,-12,-12,-1,-8,-15,-2
-3,5,-11,2,-13,-13,-18,5,-18,-5,-1,-19
5,-16,0,-7,0,-6,-9,7,-7,-4,-16,-2
3,-6,7,-2,1,5,-17,15,-11,-12,-2,-16
6,-5,-9,-6,5,19,4,-14,-13,5,1,2
1,15,0,-7,-7,10,-13,13,-1,11,-4,17
-1,6,-8,18,0,3,4,12,5,-9,-5,-1
2,9,3,20,-13,10,8,15,4,10,2,14
5,-1,-12,17,-7,9,-2,-4,-1,-5,-12,1
0,19,0,6,4,2,3,8,5,6,-2,-11
-1,11,-10,23,0,-3,2,17,-8,11,-10,11
-1,10,0,27,-7,7,4,5,2,5,3,-2
-6,-3,3,15,-7,22,0,25,-12,20,-3,1
2,27,7,24,-5,25,-12,22,2,29,5,11
5,22,-14,0,-10,10,-4,-3,1,4,-16,9
-3,-2,2,16,4,20,-4,3,1,4,1,2
-3,3,-11,27,-10,-1,-9,20,-7,30,0,21
6,15,-1,32,0,27,0,-2,5,27,-2,7
6,-2,2,12,-5,5,-1,1,-3,17,-13,23
-10,15,-6,30,-16,24,-8,4,2,10,-14,22
-3,0,1,32,-5,1,6,17,-15,9,-5,36
7,-23,-3,-10,9,-11,8,-21,1,-29,1,-10
-1,-26,-4,-3,-10,-16,-8,-17,2,0,-12,-31
2,-14,1,-32,8,-13,6,-12,-14,-21,-16,-10
3,-30,-11,-25,-10,-18,-1,-22,2,-29,3,-13
2,-29,-4,-27,-10,-8,-9,3,-1,-29,5,-14
-3,-13,-4,-7,4,-23,-12,-8,3,2,-2,-23
4,-25,1,-21,-3,2,-9,-14,3,-30,-7,3
7,-19,8,-26,-16,-20,-3,-27,-11,-27,-9,1
3,-9,-9,-20,9,-17,3,7,1,-12,5,-19
4,-13,-13,4,-10,-25,-10,9,-10,-10,7,-22
6,-21,8,-17,-17,5,-7,9,-7,-2,-4,4
2,-14,-3,4,-1,-5,-11,-7,-11,-25,1,8
2,-3,4,0,-1,10,-10,3,9,0,0,3
0,13,-1,-14,-12,-19,-4,-3,-2,12,-3,-11
-2,-18,-1,-21,-7,14,8,4,-8,9,-4,6
-3,9,-5,-11,-12,1,-1,-21,-6,-9,-14,-21
-1,-9,-14,9,-9,-3,5,12,-3,5,-3,7
6,-19,-17,-18,-3,-7,-12,-19,1,-10,-14,-16
-3,-4,-1,7,-5,2,-16,10,-2,-8,3,3
6,-13,2,3,-17,-17,1,-3,-17,11,-4,6
1,-14,-16,2,-11,16,0,20,-15,8,-10,16
0,16,-6,-3,-8,11,-9,-13,-10,1,0,-2
7,-8,-10,-2,-14,12,1,3,2,-3,-3,7
0,14,2,17,6,10,3,18,6,16,-4,9
6,1,-15,12,-6,19,-13,-6,-7,-4,-2,3
2,20,0,17,-15,1,-8,4,8,19,-11,4
5,-4,-9,21,2,-6,-15,14,1,20,-12,11
2,16,3,22,1,22,2,3,-3,-2,4,9
-3,12,-6,12,-1,10,4,-1,-16,14,-14,23
3,20,0,29,-4,7,-11,28,5,5,-4,5
3,19,2,10,2,27,4,8,-2,16,0,-5
6,12,-1,27,8,29,-8,8,2,15,1,12
-3,21,-7,3,9,17,-4,6,-7,15,0,29
4,27,2,8,-13,3,-9,19,8,22,-5,17
6,34,-16,19,9,4,-5,34,-10,2,1,11
5,32,-5,8,-13,-1,-11,10,-5,29,2,34
3,1,-7,24,8,25,9,27,-7,0,-13,4
5,-21,-10,-16,-3,-23,-3,-17,-13,-12,0,-32
6,-3,-14,-2,6,-27,0,-30,1,-6,-1,-32
6,-15,-2,-31,-7,-14,-13,-6,-8,-34,1,-4
6,-32,-5,-8,9,-3,-14,-7,-4,-31,-3,-23
-2,2,-9,-12,-7,-9,-9,-24,1,-2,0,-8
0,-15,10,-1,-4,-2,-16,-20,9,-17,-9,-22
1,-28,-14,-11,-9,-1,-3,-15,-12,-20,-3,-9
6,-27,1,-28,-8,1,-10,2,-5,-6,-2,-12
4,-13,-3,-28,-7,-12,7,-27,-11,-15,-12,-25
-2,4,-6,-5,-15,1,-9,-3,-16,-2,-1,4
0,-26,-16,-15,7,-21,2,-14,-2,-6,-10,-17
8,-13,-10,8,7,4,5,-13,4,-19,-13,-19
-1,3,0,-20,-15,10,3,1,7,-2,-15,3
3,-8,-12,-9,4,6,-1,-11,2,1,-2,-8
6,1,5,-4,-11,14,7,12,-16,-2,-4,-10
8,-1,8,12,-3,4,-6,3,-10,-1,3,-11
-1,11,-4,-3,1,-20,-10,-6,-10,9,5,-4
0,15,-11,10,-1,10,-5,-16,2,-17,-7,-1
-5,12,-12,-1,-16,18,-9,15,-3,-3,4,7
-1,-9,-10,-16,-14,1,-9,4,-9,12,-11,6
5,-9,-11,-5,-12,13,-6,-12,-14,-6,-3,0
-1,13,-12,20,-15,14,-15,6,-1,2,-9,16
4,17,2,7,2,20,-11,-1,-10,8,-9,7
6,-8,0,14,-10,13,-2,9,8,7,-15,5
4,11,-14,15,-9,4,-1,-9,-3,-2,1,11
1,11,-11,-3,-6,22,-8,12,-7,14,-16,19
7,-2,4,2,10,4,-3,2,2,11,-4,-4
3,4,-10,23,4,-1,4,-2,-4,8,7,26
4,18,0,22,-3,14,-5,25,-2,3,-15,-3
-1,16,2,25,2,25,-13,5,9,14,-3,-6
6,22,-3,28,-2,10,-5,3,-6,-5,-11,20
7,-4,-13,2,-10,25,-2,9,2,0,2,6
-8,7,7,20,6,11,-13,7,-10,9,-6,27
-3,-3,-4,17,-16,24,-13,33,0,9,6,17
6,24,-6,4,-12,9,-8,-2,-3,24,-4,12
9,-1,10,4,-11,18,1,14,9,26,-9,3
-9,13,-7,27,2,15,-6,23,-1,31,6,11
-1,-19,-13,-22,-15,-27,-15,-5,6,-9,1,-27
4,-16,-11,-11,-8,-2,-11,-34,-2,-2,-1,-2
4,-18,-6,1,-1,-31,-3,-28,9,-18,-1,-32
9,-18,-1,-24,-6,-21,-7,0,1,-15,-4,-17
-1,-10,9,-26,4,0,0,-11,0,-5,-10,-18
7,-11,-12,-31,2,0,-9,-11,2,-18,-8,-15
1,-1,5,-10,-4,-1,-9,-25,-13,-5,-1,-10
7,7,-3,-2,9,-27,0,-19,-10,-9,-1,-3
5,-26,-4,-17,-14,8,-4,8,1,2,-9,1
-1,-4,8,-27,-2,-9,4,-23,1,6,7,-20
5,-5,-5,5,6,8,-2,-23,-2,6,-11,-10
5,-21,-1,-18,3,-23,0,-14,-8,3,-6,-2
8,-9,-10,-23,-10,5,-4,-14,2,-1,-14,-17
8,-1,3,12,7,-3,-2,-15,-10,-8,-14,-15
-3,-18,1,-6,10,11,-1,6,-14,-12,-3,12
6,-8,6,-1,-12,12,-11,-2,4,-20,0,7
6,-17,-6,-17,3,-17,-4,-4,1,-6,-4,-12
0,15,6,-11,-4,0,-13,-2,-10,-7,6,-4
4,-11,8,-13,-5,9,-9,4,11,-16,0,7
10,-12,-11,13,-15,11,-11,16,-3,-10,-2,-9
-1,0,-2,-7,4,14,9,12,-6,5,-14,18
5,13,2,-3,3,6,-6,14,-4,-5,1,17
9,8,-8,14,-9,-6,-8,-4,-12,-13,-13,-7
0,9,10,8,-7,-12,-1,3,-1,20,-13,-13
2,2,-13,14,-13,-3,-10,4,-1,-6,-14,23
5,1,-15,21,10,-8,7,-6,0,1,0,5
7,3,1,25,-12,7,4,13,-5,19,-5,20
8,1,-7,-9,0,-6,-8,13,10,-6,4,2
6,4,-11,21,-8,1,4,-6,-12,-3,-8,21
2,23,3,24,7,-7,-15,8,6,-1,7,9
8,18,0,11,9,10,9,19,4,-4,-9,4
8,20,7,16,-12,22,-12,1,-10,-4,-1,29
9,15,9,6,-11,30,-1,6,-3,18,1,4
2,1,-10,18,7,20,0,21,11,2,5,-2
4,7,-6,-2,-9,20,9,11,4,6,2,22
8,34,-13,29,5,3,0,19,9,7,-15,12
-1,28,8,12,8,19,4,28,-6,15,3,16
7,-4,3,-32,-8,-3,-2,-10,-1,-20,5,-20
7,-34,-6,-11,-7,-13,8,-34,10,-30,-8,-5
-3,-3,-10,-2,2,-7,-3,-32,12,-11,-14,-22
-9,-6,-2,-29,-11,-19,-12,-25,8,-18,7,-33
-7,-13,-9,1,10,-7,6,-16,-1,-8,-5,-8
-5,-22,-4,5,-8,-19,8,-10,-6,-5,-12,-10
0,-26,-1,-19,-14,-11,9,-17,2,-10,-1,-13
-5,6,-9,-9,-8,-26,9,-19,-7,-4,-7,1
-5,-16,4,-9,5,-20,8,-18,-5,-28,-10,-20
2,5,2,-9,-4,-20,5,-1,-13,-1,-12,1
7,-6,-6,9,12,4,-9,-6,-3,-21,3,-22
1,1,8,-19,-12,6,-8,0,-6,3,-14,7
7,4,-3,-20,8,9,-2,6,-8,-14,-14,-19
1,-6,6,10,-5,9,3,-22,-3,5,-14,-23
9,7,-5,14,10,8,1,-22,10,13,-5,-8
5,14,-8,10,11,-10,3,-9,-13,-7,0,-12
0,-7,7,6,-9,8,-13,-15,4,-9,-11,14
-6,-11,-14,-13,10,10,-11,12,-4,-7,-14,-17
-1,1,-13,16,-12,10,3,10,-3,-5,2,8
7,-1,-2,-11,-11,17,-3,3,-6,-12,6,13
3,-15,-2,-2,5,-6,-5,-4,-6,-3,-6,-5
2,2,1,-12,3,-11,11,18,-3,2,-2,18
-5,10,-3,-8,-8,-1,5,15,-8,0,-2,12
-2,-5,-7,-9,-3,-8,2,18,2,11,-2,-13
-5,-4,2,9,0,18,-2,-7,-5,-9,10,14
-11,9,-9,6,-4,19,-12,20,-8,22,8,-7
-8,8,-12,6,8,-5,4,22,1,18,-8,16
0,-6,-2,9,-14,20,10,7,1,16,-10,6
-2,-7,-7,22,4,27,-14,-4,9,20,-11,9
-7,-2,-4,4,7,2,3,-2,1,8,-1,4
-1,29,-6,20,12,-1,-9,-1,3,27,-3,28
-6,10,-6,-1,11,-4,0,30,-9,6,5,10
-1,17,-6,10,-5,24,8,18,-6,30,-13,32
-2,-3,-13,33,-11,29,-11,21,-1,17,5,-2
-4,16,4,13,-10,25,6,20,10,0,6,17
-7,9,-8,20,3,17,-12,32,-5,3,3,11
-11,16,-2,15,6,6,10,15,1,14,4,19
-3,-16,-1,-29,-1,-8,-11,-36,5,-17,4,-18
-5,-6,-11,-15,2,-17,-12,-32,-3,-33,-1,-14
-2,-12,-1,-2,-3,-16,-13,-20,-9,-1,1,-4
-8,0,-13,0,-6,1,3,-32,-12,-2,-4,-5
-10,-28,1,-18,-3,-16,-10,-11,1,0,-2,-3
0,-11,-12,1,-5,-17,8,2,10,-12,-2,-29
-4,2,2,-20,-9,-12,-7,-13,-8,-11,-2,-11
-3,1,1,-28,-13,5,-4,-19,-12,-12,-3,-3
-9,-13,7,2,-12,-14,-5,8,-4,-14,4,-19
-2,-25,6,-10,-9,-6,6,5,-13,-8,0,-2
-10,-23,-8,-11,0,0,5,-4,2,-18,-5,-20
-8,9,0,4,3,6,4,8,1,1,4,-22
-2,-3,-6,-2,-5,-15,-1,-5,-10,-4,-9,-3
-2,10,0,-16,-3,5,5,2,3,-22,-2,-10
0,11,-7,14,-8,-6,-12,7,4,10,-6,3
1,-19,-9,12,-2,-12,-8,12,-1,4,5,-6
2,-14,-13,10,6,-17,-8,-14,-12,-1,4,12
3,16,1,4,-10,-7,2,9,-1,-6,3,-14
9,-2,-11,-6,-13,17,12,7,12,2,-3,18
10,14,6,2,-2,16,-11,-3,7,13,-5,2
4,-7,-10,14,-6,16,5,8,8,-11,-4,4
7,1,3,-9,-5,-2,-2,-7,8,9,-12,10
9,11,13,-7,-2,-3,3,-10,0,-2,8,10
0,2,4,21,-2,-1,-8,-4,-1,19,-2,22
3,3,-12,11,-8,-4,-4,9,-4,7,-4,-5
7,6,-6,-4,3,-3,-3,21,-11,-6,-3,-11
4,24,2,-6,-7,18,3,2,-5,17,3,-3
3,-5,-4,13,-4,24,-2,10,-1,12,7,-4
2,28,3,3,-8,-3,-2,24,-9,8,7,24
3,11,0,13,-4,2,-2,24,4,-2,-9,-7
2,3,2,13,-11,-3,-12,14,6,17,-11,0
8,31,-2,0,10,20,13,27,-9,16,1,-2
-5,8,7,-2,-4,32,-10,0,8,25,6,27
-4,27,0,14,6,23,-9,11,-2,28,1,15
-1,29,5,4,-9,10,-10,20,2,4,-12,8
-4,30,4,22,6,24,-11,24,-11,16,7,8
-1,14,-3,26,3,1,1,20,-5,20,-13,3
-4,-8,-9,-28,-12,-30,-6,-12,-8,-6,-5,-8
-2,-4,13,-29,4,-26,-8,-18,5,1,7,-23
-5,-19,-5,-7,4,-27,7,-18,-1,-26,-3,-30
-2,3,-1,-19,10,1,-9,-23,-11,-31,-6,-33
-6,-11,-3,-28,2,-30,12,-10,-1,-23,-9,-6
-5,-4,6,-15,-4,-11,-3,-31,4,-8,0,-24
-7,-5,1,-15,-10,0,-1,-19,11,3,0,-2
-1,-2,-7,6,-3,-16,-5,-13,1,-25,-7,6
-2,-19,-6,-5,0,2,13,-12,10,-22,1,-28
0,-11,-9,-21,9,-23,11,-13,-1,9,2,-4
-9,1,4,7,-4,6,6,9,-10,-14,-3,-14
-2,-8,5,-8,-6,-11,-9,4,-4,-15,-8,5
-4,2,-12,-1,13,-12,-2,-7,0,7,-8,10
-6,4,6,4,-8,9,-7,-21,3,1,5,-15
-3,-16,-6,0,-6,-17,-7,-12,0,14,3,4
-5,-4,3,12,0,4,-6,9,-7,-12,-1,-17
10,14,-6,-6,1,0,8,-19,2,-10,2,-6
-3,9,-12,-12,2,-13,-7,2,14,-9,-10,15
4,-17,1,4,4,4,12,9,-10,-9,0,14
1,-16,4,6,-4,-15,0,18,3,-8,-3,8
10,5,-1,0,-7,18,0,1,-9,19,0,19
4,-10,-1,-8,14,-2,-3,8,2,-10,-1,3
8,16,-5,-8,3,6,5,6,-1,-8,0,-1
7,-3,6,1,2,1,-3,-7,0,10,-2,22
13,-9,-11,2,2,-7,8,9,6,22,0,5
2,15,14,-11,9,21,9,21,9,11,-11,4
11,22,10,26,-1,-8,0,3,-1,-10,2,0
1,19,-5,24,-2,20,2,-4,-3,1,-8,9
-2,14,8,8,5,-7,4,7,-4,9,2,21
-5,-3,3,22,6,21,-10,29,-2,-4,-11,-3
4,13,3,5,9,11,11,25,-9,23,-1,22
2,6,5,4,-1,19,7,1,-7,24,-3,22
9,29,4,6,1,7,8,-2,-12,20,-7,23
9,14,-5,-2,2,18,-8,13,5,16,-2,18
-1,6,4,17,-3,8,-3,33,-5,19,-1,9
0,11,3,25,13,8,6,25,4,1,11,22
-4,1,-2,28,5,28,14,2,12,14,8,33
1,-7,12,-35,0,-13,6,-22,-1,-1,-3,-13
2,-29,-8,-14,13,-21,8,1,15,-13,-1,-19
-2,-17,-1,-32,10,-24,15,-18,-2,-6,3,-28
-2,-23,-10,-6,9,-12,-4,-5,7,-5,8,1
10,-7,4,-1,15,-28,-6,-17,-2,-12,-4,-25
0,1,-2,-10,14,-9,2,1,14,-29,-2,-20
-2,-23,4,4,2,-20,-3,-5,0,3,5,5
1,1,-1,5,7,-16,12,-20,-3,-11,-1,-16
-3,-9,7,-16,9,7,6,-11,6,-11,-2,7
1,6,-6,-4,-8,-24,-3,-3,-8,1,1,-22
-2,7,3,-24,-2,-23,6,-26,-11,3,6,-1
1,-16,13,10,5,-15,1,3,14,6,-3,-20
-1,0,9,-20,1,3,8,-17,9,5,-6,-15
11,-20,2,-22,4,9,1,-9,11,-5,-1,-9
4,-20,0,-12,-5,14,13,8,2,-1,4,-9
3,8,13,0,-6,-11,-1,15,11,0,-3,-18
2,-7,4,-7,1,-6,7,-13,1,-16,-1,-1
3,14,-3,6,-7,16,10,5,13,-10,1,0
2,-8,8,-12,3,-11,-3,9,-11,-8,6,16
12,10,-1,4,-9,10,-9,-8,2,-16,-4,-6
12,2,-8,-5,-8,-7,2,-10,-4,4,-3,20
11,14,-10,11,1,1,5,20,7,-15,0,8
-3,-9,-8,10,14,15,-6,4,12,0,0,18
-8,23,0,16,-2,8,-7,2,-11,-5,-4,-13
1,24,-11,15,-10,5,14,2,4,-12,12,-12
-3,6,4,-2,3,23,2,15,-3,20,0,-5
5,18,6,14,-5,10,4,-9,1,17,3,-2
6,-4,-11,27,7,-5,11,-6,-11,4,0,27
10,26,6,11,12,2,4,0,2,21,0,9
5,23,13,24,14,17,-1,22,-4,28,-5,10
-4,18,15,0,13,1,7,15,-2,28,9,-4
-7,28,-11,13,2,19,13,5,5,8,-11,20
-3,16,-11,30,-11,4,13,20,-3,12,-2,9
-4,-1,0,30,9,30,3,16,10,14,-1,21
-6,26,7,32,-6,5,7,0,-4,7,3,2
1,18,6,19,0,17,7,9,-7,33,-5,11
-1,33,10,17,7,24,13,8,6,10,-1,23
1,-16,2,-6,11,-25,8,-2,-8,-28,-5,-14
-3,-26,-6,-17,1,-1,0,-1,-7,-32,12,-23
2,-24,1,-15,3,1,-10,-18,-6,-25,-3,-22
1,1,4,0,7,-21,-4,-14,10,-8,0,-22
-3,-26,-8,-17,-4,-9,-8,-11,10,-13,5,-11
2,-29,12,-29,-5,1,-6,-3,4,-28,1,-31
3,-26,3,-7,-10,-19,-10,-2,11,-30,-3,-6
5,-13,-3,-4,-3,-3,15,-2,-6,0,-5,-5
-2,-14,16,-7,2,-4,2,-7,-4,6,-1,-18
3,2,1,-10,10,-22,-2,-24,7,-5,9,0
11,-26,7,-4,-7,-11,8,5,-8,-24,-3,0
12,-8,9,-24,0,-22,-9,-3,8,2,0,-15
6,-11,-3,-14,0,8,-3,-12,10,-17,0,-17
3,-12,3,-4,9,-4,4,-23,-5,8,0,-6
9,-14,-3,-9,16,-2,14,13,6,-7,1,0
13,12,1,0,-6,7,7,-17,11,-6,-3,1
2,-17,3,-12,11,-5,13,13,3,8,3,-16
11,-17,12,6,10,1,-3,-15,-1,-18,-5,0
7,-10,14,-11,-4,-8,-1,-16,-9,16,6,-15
2,18,13,-15,-6,7,10,-11,14,19,-7,5
1,-9,5,-15,-7,6,1,-4,-1,13,-3,17
13,15,7,12,0,-2,7,19,12,4,-2,5
2,-7,-2,-9,-8,21,14,9,9,3,0,-8
5,-1,-4,-10,-2,9,15,10,-10,21,-4,1
3,12,-4,15,-2,9,-6,17,-6,15,-2,17
5,21,0,4,6,-8,0,1,-8,21,0,21
6,-8,-8,-6,4,-10,9,-9,-3,12,0,17
13,25,-2,7,8,10,12,9,-9,2,-1,0
9,10,-6,0,16,4,10,0,10,20,-3,27
12,28,-4,27,-9,13,4,8,1,22,7,28
-2,7,3,-3,11,21,14,-2,-2,15,-9,26
-1,9,-7,28,0,9,-2,1,-7,5,7,24
-3,19,16,-2,-3,17,-4,-1,-8,29,-8,21
-2,30,5,25,-8,10,15,2,-2,4,-1,29
-3,9,12,5,2,3,15,4,12,28,0,27
1,34,16,18,-9,2,11,10,10,31,10,15
-1,36,12,4,-3,25,0,1,7,3,2,22
-3,-1,8,-6,4,-9,-8,-25,-7,-1,1,-11
-5,-30,3,-9,2,-15,-1,-1,5,-35,1,-27
2,-17,2,-32,16,-27,8,-15,-3,-31,-2,-15
-6,-7,10,-12,5,-6,4,-9,-7,-32,10,-27
3,0,-4,-20,5,-15,17,2,-4,-8,-1,-20
-3,5,-7,-24,4,-8,-1,-18,-8,-27,12,-30
-3,2,-6,-5,6,-23,14,-10,-3,-3,-1,-3
-3,-7,10,4,-3,-23,10,-10,0,-7,10,-26
1,7,-9,-20,11,-12,-3,-18,13,-3,-3,-17
-4,8,-9,-12,-9,-1,3,7,5,-8,-3,-5
-1,6,-6,-9,10,9,1,-1,10,5,-2,10
-2,-11,8,-15,-5,-22,4,4,13,-9,9,6
2,-24,-3,11,-4,2,-4,7,8,-9,1,-19
-2,-15,0,8,3,-16,-6,7,-4,-1,-2,0
-2,-15,-2,-20,-2,8,-8,-7,2,-21,2,-1
4,-3,-3,-3,14,-20,-3,-14,8,-10,-2,13
-3,4,-5,8,2,-20,-9,-3,-6,-2,3,-19
-4,11,0,0,-7,-15,6,10,-1,10,-3,13
0,16,2,-9,8,1,-9,-15,9,5,8,-16
1,8,4,14,2,-11,-3,-17,7,5,-8,11
2,-11,6,5,8,20,1,-5,9,-15,2,10
13,15,-6,20,8,-2,-8,8,10,7,-7,-7
5,-5,10,8,16,1,7,4,-1,18,5,-9
6,-3,10,13,-5,-12,4,1,1,14,7,17
12,15,-4,10,15,8,2,16,-5,8,13,-12
14,12,16,2,-1,-1,3,12,3,13,10,18
4,2,6,4,2,-2,16,22,3,6,-2,0
6,4,-6,-5,-2,-1,6,4,12,9,-4,24
12,15,8,21,5,11,-4,18,-6,24,-5,23
12,17,3,9,1,3,-9,22,-3,23,-1,11
4,1,-5,-1,1,25,6,-4,5,10,-2,-5
-1,4,3,18,6,4,0,27,-7,-2,-9,6
8,6,4,21,4,30,15,-3,9,21,11,3
5,32,-9,0,6,3,15,-3,1,23,10,18
6,-1,6,13,14,15,-4,33,12,17,6,31
-2,20,-1,2,-1,6,-2,34,-3,4,-6,27
-6,12,-3,28,-8,19,5,1,15,10,-4,17
-3,-15,-2,-31,17,-18,10,-25,-8,-29,-3,-20
-6,-16,5,-8,9,-10,18,-10,7,-3,7,-15
-1,1,6,-14,18,-31,-4,2,16,-23,12,-24
-1,-1,4,-33,2,-22,8,-11,3,-26,3,-21
-5,-24,4,-31,5,-32,-1,-2,13,-6,-8,-17
-5,-26,16,-12,1,-16,-8,-5,-3,-15,0,-31
-1,-30,6,-12,14,1,-1,1,9,-24,9,-23
-4,-12,11,-15,6,2,13,-20,10,3,-7,-8
-5,-14,6,-12,-4,-15,5,-7,-5,-17,-2,7
-2,-13,-8,-5,14,-5,8,9,-6,4,-7,3
-6,3,-5,-21,14,-19,-6,-8,-5,-4,3,-23
-4,-16,3,5,5,-10,16,9,-2,11,7,-25
3,-1,13,6,17,-24,5,10,8,-8,-2,-22
2,-11,16,-1,-6,-23,-7,-22,-8,7,-1,-9
0,3,2,8,3,5,13,9,-2,-15,0,12
2,-13,-4,2,-6,12,3,2,5,2,-4,8
-3,11,16,10,-3,-7,6,5,8,14,8,16
4,-8,15,15,-3,1,1,7,9,9,4,-16
5,7,-7,-2,13,-4,9,14,2,16,12,-18
5,15,17,3,12,7,13,11,15,4,1,-16
2,13,2,-4,-1,-4,9,-10,-2,-12,0,-12
3,21,16,17,-3,-13,4,-7,-7,13,3,-10
0,-14,8,3,4,7,8,7,4,4,0,-13
-4,23,-6,19,16,10,-4,22,-7,22,11,-9
4,1,18,17,-5,12,-7,21,16,0,-6,14
4,16,-3,25,-8,5,-2,-2,5,-3,7,-9
-2,24,-8,21,9,11,-3,7,14,14,4,0
-3,11,13,6,6,20,-3,-6,7,-8,-2,15
1,-7,-4,-6,12,26,8,16,2,-4,9,12
-4,4,5,7,-2,11,2,7,3,4,12,-3
-3,-3,-6,4,3,9,16,14,-2,15,0,25
-7,12,12,20,7,7,0,25,-6,13,7,14
-2,11,7,3,9,16,-3,7,9,4,13,2
-3,7,0,25,-4,19,6,8,-5,30,-7,9
-6,13,4,11,16,7,10,26,8,25,-4,30
-6,3,8,4,14,5,-8,17,0,29,9,35
-2,2,6,27,4,3,7,36,-1,30,7,23
-3,-6,1,-15,16,-6,0,-35,2,-30,13,-10
2,-17,4,-27,-6,-8,-3,-3,4,-9,13,-4
0,-31,4,-6,18,-15,16,-17,5,-1,1,-8
-4,-20,18,-22,2,-27,12,-15,5,-5,18,-13
-6,-16,2,-8,9,-3,17,-14,1,-28,0,-26
-4,-16,2,-22,15,-2,17,-17,-4,-15,13,-18
-1,1,-6,-23,15,-29,5,2,14,-7,-2,-2
2,-8,-4,-3,13,-2,-4,-11,13,-26,6,-11
4,-17,13,-21,5,7,11,-28,12,-3,-5,5
3,-12,13,-5,1,-12,-3,-23,10,-2,-5,-9
0,4,-2,-22,12,-21,5,-23,3,6,0,-6
3,3,6,11,3,-13,-3,-25,0,-11,-4,-9
0,-6,9,-16,-7,-7,6,-11,3,7,4,0
10,-16,17,-18,8,11,-3,-16,9,5,1,5
3,4,8,-4,-5,-17,13,-18,0,2,-1,-16
-2,15,-5,-8,11,15,3,12,3,-8,-5,11
-1,3,-4,2,7,13,4,-6,16,-18,-2,0
9,3,-4,15,0,-13,4,7,-1,-11,1,3
-3,11,9,10,-3,2,0,-1,3,5,-6,-2
-5,-7,4,5,-6,-5,0,-8,1,19,1,-2
-2,-11,-1,-9,4,-12,9,4,-1,2,6,10
1,12,4,-2,5,17,14,-10,-4,6,-3,-3
2,9,13,-1,6,7,6,21,-7,-5,1,2
4,-9,-6,15,7,-2,5,3,6,-11,14,16
-1,-1,11,11,-4,23,-2,7,15,-10,1,-5
0,20,-3,10,16,4,17,21,2,19,1,-2
0,26,6,16,3,-9,6,23,12,6,-3,-1
-2,17,6,1,-6,14,9,4,12,17,-4,0
5,15,-3,12,17,3,15,3,5,0,1,2
-3,19,2,4,2,10,5,2,2,11,4,23
-7,2,-7,22,4,16,2,8,16,6,-7,10
2,14,15,0,6,-3,1,3,-2,20,7,26
0,24,6,26,9,0,12,-4,0,9,15,24
4,0,13,12,3,14,11,16,-1,6,10,13
5,19,5,31,-4,18,9,7,6,4,6,3
-1,4,-1,-1,-4,22,16,1,-2,27,-2,17
3,5,-2,28,13,36,-5,32,14,30,5,29
-1,-29,2,-4,3,-31,20,-15,18,-23,-5,-36
6,-13,5,-3,-2,-2,-2,-13,2,-11,3,-20
4,-20,13,-9,12,-23,-3,-26,18,-4,3,-32
-2,-10,-2,-6,7,-27,0,0,17,-18,15,3
-4,-23,11,-17,8,-7,11,-11,2,-10,7,-30
-2,4,1,-12,-6,-21,-3,-18,18,-12,10,-3
2,4,-5,-24,10,-14,3,1,-1,-22,13,-21
6,-12,-1,-27,-4,5,4,-8,-4,-7,16,-26
1,-27,7,-26,8,0,0,4,-3,-13,7,-22
2,8,-5,-16,-3,-2,0,-14,-6,-16,-2,-21
0,7,-2,-23,11,4,-3,1,17,-25,12,1
-3,3,6,9,3,9,-6,-17,4,-14,7,-10
0,1,2,3,11,8,-5,-12,7,-15,1,-16
10,0,3,-8,18,3,8,0,4,-14,13,2
4,-1,9,1,-5,13,-4,-6,-4,-16,-2,6
-2,1,-6,-16,11,-13,7,15,-4,9,17,-8
-3,9,-5,-3,15,-4,-2,6,13,-13,4,0
1,-3,10,-6,-4,1,19,-15,7,12,-3,-11
7,13,4,2,10,-3,3,-10,17,-7,-3,-13
0,-8,16,9,0,10,5,17,11,3,-4,2
3,-1,12,9,7,3,-6,-14,7,18,0,15
3,1,-3,-14,16,-12,13,18,-5,-9,-3,5
5,14,19,-9,-3,-14,-6,21,5,5,5,-4
-2,21,9,-11,12,13,5,16,-1,-9,13,6
6,22,10,8,9,19,-4,-6,8,0,-2,14
3,14,11,-5,-2,3,17,-7,17,9,-5,9
6,16,13,17,16,16,9,13,1,22,-2,7
1,16,-5,11,0,-8,20,24,-2,3,0,10
-2,24,-2,17,-3,22,19,-5,8,16,2,6
1,27,1,10,11,3,-5,6,15,27,9,15
-3,5,-5,13,18,-3,-1,16,-1,17,-2,18
2,17,0,19,18,5,-3,2,10,3,5,20
-2,24,-4,-4,3,25,-6,16,18,11,13,19
2,18,18,31,14,29,7,4,1,-1,20,23
-1,22,18,25,-3,0,9,5,11,12,12,4
-2,30,17,21,12,4,9,16,19,16,6,8
4,32,10,15,2,18,1,25,1,19,-2,5
0,-24,6,0,10,-9,1,-13,9,-7,11,-7
0,-31,7,-11,20,-8,-1,-15,11,-3,11,-24
7,-9,6,0,8,-5,17,-3,16,2,5,0
7,-15,7,-31,15,-20,21,-10,0,-19,0,-30
3,-9,2,-21,19,0,16,-24,-1,-27,6,-23
-3,-23,6,-8,2,-21,12,-2,-2,-19,-3,-8
-1,-9,4,-4,3,3,19,-21,3,-15,9,-23
-2,5,5,-24,-5,-16,-1,-17,-4,-6,-2,-25
-2,-27,12,-28,18,-24,19,8,-3,-24,8,-19
4,-5,2,-12,4,-16,21,-12,4,-16,19,-16
0,-13,10,10,-2,-13,6,-25,1,-11,11,-11
1,5,8,-21,9,-3,17,11,10,1,0,-12
-1,-14,0,7,-2,5,10,-8,20,-13,5,-15
-1,-9,19,1,5,1,-3,-11,15,8,1,-18
0,-13,-3,-17,13,5,5,-4,4,4,0,-7
0,-10,6,-6,19,13,12,10,-4,-6,-3,-11
-1,7,1,-3,17,-2,1,-5,-4,10,10,-3
6,-3,7,-8,-3,-2,-1,-9,9,12,9,-8
7,-3,-5,-2,9,0,-1,-13,15,9,3,-5
2,5,13,-17,14,-11,6,0,10,-12,1,-1
4,-11,10,4,2,15,13,14,0,-9,10,-11
6,-5,-2,-5,15,3,-3,-13,-3,11,6,-1
5,5,14,10,5,21,4,-3,10,-12,14,0
3,17,-3,8,6,-10,-2,19,15,5,-1,7
4,-8,14,-10,12,10,7,-2,1,-6,-4,17
1,-3,1,-5,12,3,10,4,20,13,4,-3
6,-9,-1,-10,7,1,6,20,-4,2,-1,-9
1,17,9,-1,7,14,13,-3,0,27,3,-1
-1,8,-4,7,12,8,15,-5,-3,20,9,28
5,4,16,0,12,20,5,15,16,0,15,16
2,23,5,10,12,1,15,3,16,15,15,9
0,27,12,3,19,23,16,15,-5,1,-2,16
-5,3,0,21,5,16,2,-1,7,2,13,1
-3,32,-2,33,-1,-1,-2,22,-2,11,1,22
-4,30,-1,14,4,23,12,5,18,8,6,-1
-3,23,3,35,12,25,0,29,7,13,12,10
-1,20,-3,18,-2,31,-3,4,-1,8,11,21
0,-11,4,-23,21,-8,15,-28,13,-15,6,-14
-2,-30,15,-27,11,-25,6,-19,9,-5,15,1
7,-10,17,-23,21,-21,14,2,5,1,12,-20
-2,-31,1,-7,6,-7,1,-8,10,-10,0,-14
-1,-23,6,-3,18,-5,-4,-10,4,3,3,-14
-4,-27,-2,-2,-3,-30,17,-10,4,-29,5,-9
-3,-15,4,0,21,-14,9,-7,10,-29,11,-1
-4,-3,14,-28,11,-7,2,-17,0,-22,0,-19
-4,-9,6,-28,-3,-3,21,-16,18,-11,3,-13
-4,-3,19,-24,-4,-24,6,-14,7,-11,2,-23
-1,-2,2,-11,-4,-14,7,1,18,-25,-1,-16
-4,-9,5,-18,16,6,10,-4,9,10,10,3
-2,12,15,-17,-2,5,19,-5,3,-24,1,-19
-2,-6,14,5,16,7,0,11,6,-7,16,-9
0,-9,-4,-12,0,14,-3,-8,-3,10,2,-21
5,-1,13,-5,22,2,13,14,1,13,-2,-4
0,4,2,-1,5,4,16,12,6,-13,0,5
2,0,-2,-13,9,-2,-2,0,9,-6,-2,11
0,-16,3,11,20,0,8,4,7,17,9,-4
-1,-11,6,2,13,18,1,7,-4,-14,6,1
-1,-6,13,-3,12,8,-2,19,0,9,12,-4
7,10,2,-6,12,-3,-3,-5,11,1,5,4
2,3,-2,17,10,12,0,-11,-3,4,-4,9
0,-6,11,19,6,12,10,23,5,23,-3,1
-1,-5,0,24,1,-12,15,9,-1,22,2,-9
-4,-5,3,-6,-4,14,15,4,11,9,14,18
-4,22,5,2,14,-10,6,-2,3,-3,6,-8
1,-1,-4,-5,21,-1,7,15,-2,2,16,13
-4,14,-4,9,0,-3,-3,26,0,10,16,3
-4,14,4,-1,-2,-1,19,20,11,29,4,25
-4,27,-4,18,8,-2,-4,7,0,13,4,11
-3,20,16,23,-2,11,-3,-3,-3,16,14,19
2,9,-4,16,15,19,6,16,5,3,5,-1
1,19,5,15,11,22,10,24,4,30,6,0
4,29,16,8,13,0,21,9,20,32,19,27
-1,-1,0,3,15,6,4,18,-3,4,-2,28
-1,33,-2,25,0,10,7,22,-1,6,-2,3
-3,-31,14,-29,9,-10,17,-36,0,-19,-2,-35
0,-33,18,-19,6,-27,3,-19,4,-29,10,-8
3,-31,2,-20,4,-20,3,2,1,-33,1,-23
2,-14,11,-20,2,2,9,-29,13,-22,3,-13
8,-14,11,-8,9,1,-3,-9,13,-27,13,-12
-1,-28,6,1,13,-31,2,5,-3,-5,0,1
0,-11,14,-12,7,-7,0,-11,11,-13,5,3
-2,-23,2,5,5,-17,0,-27,21,-25,3,-11
-2,-25,14,-17,2,-10,1,-4,1,-5,2,3
2,-13,4,-1,23,-19,17,-22,17,-4,21,-26
-1,5,9,-23,12,-15,-2,-7,-1,-26,9,-2
-3,2,2,-7,2,0,4,-10,11,11,3,-18
0,7,0,-21,2,-9,20,11,17,-22,20,1
8,3,20,0,21,-10,16,11,-2,2,14,-18
-2,-18,18,-21,21,2,9,-4,0,8,19,-20
-3,2,5,-1,1,-14,7,5,11,13,12,-14
1,-14,11,-3,12,-6,4,-18,2,-20,15,1
2,-19,17,-18,14,14,-2,11,3,-18,9,-17
3,11,8,0,16,-9,-3,3,4,-7,-3,-1
-1,3,5,12,-2,-4,-1,17,2,-7,13,17
3,0,6,-2,13,-2,16,4,5,-2,21,-9
-3,10,16,3,15,14,8,-10,-1,14,16,9
-3,-2,-2,21,0,-8,-2,17,-3,1,2,15
2,-12,3,-11,9,9,9,16,21,-12,8,-6
1,-8,10,6,5,16,2,-5,-2,12,-3,19
8,3,9,24,23,6,-2,24,9,-2,-3,18
1,2,-2,-1,10,6,8,-3,6,13,2,2
-2,17,18,-4,-2,9,5,12,9,25,12,18
-2,19,5,10,6,6,12,18,15,23,1,-1
-1,14,-2,-5,9,27,11,10,6,-5,23,2
0,16,-2,23,-3,18,6,13,-2,7,3,30
-3,15,-2,5,8,27,4,0,17,0,15,18
8,11,5,8,19,32,12,2,22,3,2,6
8,16,2,-3,20,-1,5,-2,22,26,16,25
7,2,8,25,21,19,19,26,2,16,12,22
7,-1,19,31,20,15,0,4,-3,32,-1,3
-1,16,6,20,12,15,-2,7,13,9,1,13
-2,-33,19,-30,15,-12,13,-5,3,-4,8,-32
0,-21,19,-10,3,-24,0,-12,16,-2,18,1
7,-32,13,-4,9,-6,5,-28,17,-21,0,-22
0,1,10,-4,5,-22,4,-29,5,-21,4,-12
1,-14,6,-25,10,-14,12,-26,16,-14,14,-16
-2,-18,0,-23,10,-19,-1,-6,7,-15,-2,-10
-1,-7,4,-18,-1,-25,0,-23,18,-10,1,5
0,-16,8,-16,23,-9,14,-22,12,-8,23,-22
1,4,-2,-9,0,-27,6,-2,6,-27,0,-23
0,-2,3,-22,20,-17,-1,-23,21,8,0,-13
-2,-8,15,6,-1,-5,21,-23,-2,-26,19,2
-1,6,-1,-12,18,-23,1,-16,-1,-22,1,0
3,-6,14,0,-2,-2,14,-22,-2,-6,0,11
4,-16,15,-18,20,9,8,-13,0,4,0,-21
8,-21,12,-3,1,-14,13,12,-2,-18,17,8
-2,-11,-1,-18,17,-21,7,-4,5,13,2,14
3,-4,22,0,1,-15,19,6,23,2,21,-1
-1,1,14,-16,13,5,21,-8,0,1,9,12
-1,3,4,-2,-2,-13,14,1,3,15,22,17
2,-9,8,18,6,2,19,19,4,-1,3,-15
4,-12,4,9,8,-1,8,-1,20,-8,4,12
2,-14,4,-4,-1,-5,13,18,-1,12,24,-12
6,22,4,-4,7,21,20,1,-1,6,2,8
4,-12,7,10,16,12,0,0,2,22,16,-9
0,11,12,9,13,7,-1,15,4,5,18,-6
-1,-6,1,8,9,3,-2,-11,8,6,2,16
2,9,7,-8,4,5,2,13,6,13,21,1
0,-3,11,24,19,16,0,13,4,3,20,14
3,15,3,-2,17,23,3,-4,8,17,7,-3
3,-1,12,27,13,23,-1,29,8,7,7,23
9,6,7,7,18,-3,13,21,7,7,6,18
7,-5,17,5,0,3,-2,-4,8,10,16,9
-1,-2,3,-1,20,17,20,12,2,24,17,13
-2,8,18,5,17,-2,1,-3,3,2,23,15
-1,5,-1,31,19,4,21,28,10,8,13,32
-1,29,8,32,8,3,9,24,4,34,17,-1
-1,22,14,36,19,18,16,9,8,30,-1,22
1,-35,7,-13,15,-31,12,-35,6,0,6,-23
1,-2,13,-31,23,0,20,-34,19,-18,-1,-2
3,-31,-1,-5,5,-34,18,-25,-1,-2,20,-15
-1,-33,5,-20,2,-12,1,-22,2,-33,-1,2
0,-21,4,-25,6,-4,8,4,-1,-9,11,-17
1,1,6,-8,3,-14,20,-29,25,-22,5,-4
3,-12,22,-21,24,-28,7,-15,22,-30,9,-2
4,-14,0,-17,11,-19,7,-19,-1,7,22,-7
-1,-26,2,-1,1,-2,13,-19,13,7,21,-22
2,-10,9,-13,-1,-4,11,-2,3,-13,11,-19
2,-3,0,4,18,-15,-1,10,1,-19,1,-17
-1,6,19,-20,6,-7,6,4,12,-18,2,-18
0,-15,3,-15,19,-23,15,1,-1,-12,1,-11
1,4,0,8,4,8,20,-7,1,-2,23,10
0,12,10,9,3,1,12,3,14,-18,20,9
5,-15,12,-5,11,10,8,1,5,4,11,-3
0,-19,2,11,17,-11,11,11,-1,-3,0,6
0,-1,11,6,6,1,15,-2,4,-13,14,13
5,-6,10,6,16,-1,18,4,-1,17,10,2
0,-5,2,-3,19,5,5,4,16,-16,0,-11
0,8,16,10,20,4,2,10,7,-10,2,8
0,-1,16,-12,9,-13,0,-6,4,11,9,-3
1,-14,13,16,17,19,16,2,5,18,0,17
0,15,3,13,23,9,8,-10,10,9,14,-2
1,10,13,16,5,5,25,-1,3,14,15,7
9,-8,20,23,13,-7,14,8,4,-8,22,-8
1,2,18,24,-1,20,0,-2,8,-5,2,17
0,10,0,16,15,4,16,17,13,4,11,27
-1,1,4,19,3,1,8,20,20,-7,3,25
-1,8,0,-2,14,-5,21,10,0,1,21,14
9,0,9,21,0,9,13,18,13,3,-1,28
0,31,20,-3,14,28,13,13,17,7,22,28
-1,32,13,11,4,26,10,-4,14,3,2,-2
0,7,4,27,1,20,12,24,1,16,8,33
-1,12,6,34,1,0,2,14,4,15,13,14
0,32,-1,-1,17,15,3,24,2,22,14,13
0,8,-1,21,12,3,9,6,9,33,15,31
10,-29,3,-18,11,-26,24,-7,1,-35,1,-23
3,-14,1,-13,18,-15,4,-27,5,-33,5,-1
12,-14,3,-14,1,-12,25,-21,0,-33,3,-20
2,-15,9,-17,9,-11,18,-25,11,-31,16,-11
11,-19,4,-10,16,-26,23,-16,0,-30,2,-12
7,2,21,5,18,-21,18,-8,0,-9,5,-24
10,-17,24,-15,5,-13,18,-3,10,-12,16,-28
2,-18,7,-26,4,-13,0,3,4,-26,16,-2
6,-28,22,6,5,-14,14,3,24,-21,0,8
8,-3,4,-16,18,-13,9,-20,3,-19,1,-4
7,0,4,-25,9,-25,12,1,11,-1,1,-17
10,-9,18,-3,2,-3,3,8,11,2,3,-14
3,11,0,-15,12,-18,21,-7,11,-21,20,-12
3,2,7,11,13,-11,20,11,14,-5,0,-13
2,-15,19,13,3,-4,14,12,25,10,20,6
6,7,13,-9,2,15,23,-3,4,10,0,-7
3,10,22,-9,5,-11,24,1,6,6,12,11
5,-17,1,5,8,5,8,13,4,-19,0,-13
6,2,0,8,5,15,10,-15,12,17,0,9
2,13,13,4,25,15,8,-3,19,17,16,8
2,12,5,-6,3,-12,0,18,13,2,15,2
2,11,4,-3,13,-11,1,11,12,11,1,2
5,3,14,21,1,19,5,13,0,-9,25,-9
4,-13,3,2,8,10,4,-4,12,-2,14,6
9,-9,10,-3,9,-12,10,-10,4,20,0,-4
10,-9,16,11,1,-7,1,-11,1,-2,0,8
0,-9,21,9,3,26,18,3,1,-3,19,-5
0,26,9,-4,6,7,19,18,0,18,1,2
0,20,2,20,10,11,1,10,2,15,0,16
0,22,2,4,1,17,12,17,8,1,0,13
0,28,14,4,23,5,11,-2,11,9,0,-5
1,8,10,-1,11,12,8,4,0,11,2,19
1,25,0,10,15,24,3,-3,17,20,0,22
0,14,2,14,12,33,24,30,10,33,3,30
1,-2,4,8,11,33,3,13,13,1,0,5
1,34,0,24,19,35,0,26,12,19,25,2
0,30,1,1,2,21,8,29,0,31,0,9
