-4,-20,0,-16,-2,-27,-18,-23,0,-11,0,0
-12,-13,-10,-14,-8,-16,0,-28,-16,-32,-2,-5
-15,-30,-25,-24,-9,-13,0,-30,-4,-23,0,-10
-11,-2,-26,-4,-4,-13,-15,-18,-7,-13,-20,-5
-26,-7,-1,-23,-2,-11,-7,-2,-25,-7,-25,-14
-3,4,-26,-26,-23,0,-22,1,-10,-5,-6,-17
-22,-15,-3,-19,-1,1,-22,-10,-25,-17,-25,-5
-10,-9,-12,-26,-8,-15,-5,-25,-6,6,-20,-11
-15,-10,-14,-11,-7,-26,0,-25,-4,-19,-24,-4
0,-2,-20,-18,-10,-20,-23,-15,-15,-19,-20,7
-25,-20,-5,-22,-25,-12,-4,-4,-10,-18,-22,-24
-11,-13,-5,-11,-11,-18,-16,-18,-26,-2,-14,4
-25,-7,-26,-12,-22,-12,-24,-14,-11,6,-7,-3
-12,-22,-26,13,-3,-15,-4,2,-12,-23,-23,-14
-14,-11,-5,-1,-20,-21,-5,2,-26,3,-1,0
-1,-17,-8,1,-7,4,-24,4,-14,10,-12,-9
-8,-16,-8,-12,-17,-7,-4,-13,-16,10,-5,11
-18,-13,-7,4,-22,-15,-2,-2,-19,8,-4,8
-20,-11,-5,16,-1,-18,-22,-13,0,6,-4,17
-20,-1,-4,14,-8,11,-10,13,-5,-4,-1,-3
-22,2,-5,9,-16,-16,-8,-1,-1,19,-7,-1
-20,-4,-4,17,-4,16,-8,14,-16,18,-14,20
-20,-8,-18,4,-3,2,-15,-14,-19,1,-22,-3
-25,6,-13,-8,-26,-1,-25,18,-23,8,-18,0
-18,-7,-3,-2,-24,24,-2,8,-4,-4,0,9
-7,14,-9,23,-25,15,-22,-7,-26,-6,-13,20
-7,20,-22,0,-11,6,-8,23,-13,8,-6,1
-10,17,-16,20,-11,25,-25,-1,-13,-7,-15,19
-14,22,-19,12,-25,12,-3,-4,-15,26,-1,26
-21,7,-12,19,-9,3,-5,-2,-17,12,-16,-5
-25,17,-3,19,-23,-2,-8,15,-2,29,-22,22
-21,-2,-2,24,-15,29,-2,8,-10,18,0,15
-9,3,-12,24,-18,23,0,21,-1,27,-3,13
-24,0,-10,-2,-12,33,-8,14,-15,25,-14,28
0,6,-4,19,-6,1,-25,7,-10,15,-21,10
-5,35,0,12,-19,6,-8,18,-12,32,-22,17
-13,22,-21,32,-1,8,-5,15,-9,18,-14,34
-1,-5,-1,-32,-2,-12,0,-33,1,-13,1,-13
-1,-3,-10,-9,-8,-8,0,-33,1,-13,1,-13
-11,-3,-21,2,1,-29,-1,-20,-17,-18,-14,2
-5,-31,-23,-5,-14,-1,-15,-31,-10,-7,-3,-4
-25,-8,-14,-13,-14,-12,-8,1,-1,-2,-1,-28
-2,-25,-21,-28,-1,-13,-13,-30,-19,4,-4,-26
-2,-27,-22,-1,-16,-3,-16,1,-3,0,-25,-10
-8,-29,-11,-29,-9,-4,-16,1,-3,-8,-15,-10
-5,-24,-18,0,-13,-6,-3,-11,-14,-3,-5,-18
-12,-17,-6,-20,-12,5,-15,-27,-19,-25,-22,-11
-9,-23,-17,-5,-8,-6,-7,-22,-24,5,-21,-20
-22,-7,-6,5,-1,2,-23,4,-17,7,-23,7
-23,12,-9,-24,-25,-21,-7,-17,-5,-3,-18,6
-9,-7,-11,-11,0,-18,-1,13,-9,-10,-24,-12
-22,-15,-24,-15,-4,13,-14,-2,-5,-8,-10,4
-25,1,-16,8,-20,-4,-12,-16,-19,0,-20,-16
-6,3,-11,0,-15,-1,-6,-8,-21,2,-17,8
-17,-9,-25,-15,-10,-8,-5,-10,-4,7,-22,5
-9,-7,-4,-3,-8,14,-23,-6,-4,-7,-6,-6
-21,0,-12,5,-11,13,-1,-13,-16,-16,-13,1
-16,-14,-25,-13,-13,11,-24,-2,-18,0,1,-8
-24,12,-8,-4,-5,6,-12,15,-10,-3,1,13
-20,9,-4,-9,-17,-7,-1,-14,-23,7,1,-9
-1,23,-3,-13,-20,-12,-1,16,-8,-5,-8,10
1,0,-16,20,-16,24,-17,14,-14,17,-4,11
-14,-3,-13,5,-23,13,-3,0,-2,21,-11,8
1,10,-23,6,-5,14,-21,6,-9,5,-3,-9
-13,11,-22,0,-9,17,0,-9,-22,20,-8,25
1,-2,-6,0,-15,-5,-22,19,-2,-8,-6,-5
-21,1,-1,19,-15,7,-18,18,-16,6,-21,-6
-19,8,-19,14,-18,5,-1,-5,-17,-4,1,25
-22,10,-17,8,-10,3,-15,9,-14,25,-20,-2
-13,-4,1,3,-11,2,-5,10,-8,23,1,3
-23,22,-23,33,-16,4,-6,13,-18,-3,1,1
-16,3,-7,8,-11,5,-3,26,0,19,-23,27
-5,15,-11,12,-2,24,-24,25,-8,23,1,34
-9,22,-25,23,-7,23,-9,14,1,21,-13,32
-4,0,-11,-13,-15,-1,-2,-36,-6,-6,2,-34
1,-3,-10,-5,-2,1,-8,-24,2,-28,2,-29
-13,-9,-24,-32,-6,1,-22,-11,-14,-11,-12,-32
-11,-22,-21,-33,-8,-2,-14,-3,1,-25,-20,3
-7,-1,-11,-21,-6,-10,-2,-18,-11,-7,-16,-25
-19,-26,1,-17,-16,-14,-4,-20,-7,-8,-9,-13
-4,-20,-1,-30,-4,0,-20,-12,-10,0,-20,-5
-24,-21,-24,5,-15,-13,-19,-25,-19,7,-23,-5
2,-24,-3,-11,-20,-14,-13,-7,-4,0,-23,-12
-10,-1,-15,4,-5,-8,-10,-8,-2,-13,-7,0
-24,-25,-19,-5,-24,-17,-18,-17,-19,-12,-12,1
2,1,-11,-22,-2,0,-24,-8,-6,-23,-12,-24
-22,9,-3,-11,-5,5,-16,-16,-7,9,-12,-4
-13,3,-17,-11,-1,0,-3,-12,-13,-5,-14,4
-16,2,-20,12,-7,-22,-23,3,-23,2,-10,-19
-22,-21,-22,3,-5,-12,-6,-13,-5,-5,-13,-14
-19,-18,-3,-4,-3,16,-8,-1,-19,-13,-7,10
2,-16,2,-4,-2,-5,-10,7,-12,1,-8,6
-16,-18,-9,13,-11,-9,-12,-14,-4,-10,-14,8
-14,-4,2,-15,-4,14,-5,-2,0,-12,2,12
-20,9,-13,-7,-12,-6,-9,-5,-1,0,-11,-4
-2,-5,-21,7,-3,13,-18,8,-24,11,-10,-4
1,1,0,-4,1,12,-10,-11,-12,18,-17,-3
-1,16,-20,-12,-5,11,-11,-9,0,-2,2,6
-1,-4,1,-10,-8,21,-4,12,-5,-1,-4,8
0,0,-21,14,-23,-5,1,-1,2,22,-12,8
1,2,-6,22,-10,16,-23,25,-8,24,-12,26
-2,11,-9,3,-19,15,-6,19,0,17,-21,27
0,-5,-18,0,-6,9,-7,9,-3,16,1,16
-20,13,-15,4,-19,3,-6,18,1,16,-8,1
-10,13,-19,25,-11,-6,-7,30,-17,13,-2,3
-9,19,1,2,1,2,-8,11,-23,16,-17,22
-3,6,1,-3,-22,25,-22,13,2,1,-24,24
2,4,-12,32,-12,27,-10,19,-15,5,2,0
-24,29,-5,34,2,16,-1,16,2,33,-17,30
-24,25,-18,33,-6,8,-18,9,-16,29,2,12
-20,34,-1,27,-17,8,-5,10,-7,28,-11,6
-19,-7,3,-17,-18,-5,-8,0,3,-35,3,-35
-5,-2,-16,-2,-5,-5,3,-12,3,-35,3,-35
0,-19,-8,-7,-10,-9,-8,-8,2,-28,2,-28
-2,-16,3,-24,-4,-27,-2,-1,-18,1,-18,-5
0,-22,-14,-28,-18,-19,-20,-32,-6,-27,-5,-3
-14,-28,-6,-29,-2,2,0,-4,-2,-31,-4,-8
-1,-19,-16,2,-22,-19,-23,-1,-11,-7,-14,-3
-15,-17,-4,-26,-17,-26,-18,-21,-21,3,2,1
-1,-3,-1,-27,-21,-15,-6,-2,-11,-2,-7,-11
-16,-12,1,-24,-23,2,-7,-27,-5,-9,2,-15
-17,2,-22,-26,-6,-15,-11,-3,-12,-23,-22,-20
-16,-3,-15,11,-11,0,-8,5,-8,-3,-13,3
-14,-2,1,-11,1,6,-18,8,-8,-17,-10,-8
1,-11,-11,2,-1,1,-19,-4,-18,-6,-13,2
-5,8,2,-4,0,-10,-20,4,-6,10,-13,-12
-7,-8,-17,-14,-2,-13,-18,3,-3,4,0,-16
3,3,1,-19,-7,0,-22,-13,-2,0,-2,-9
-21,10,-2,-7,-7,15,-3,4,-6,0,-7,-17
-20,-8,-11,10,-19,9,-2,16,2,-3,-14,-2
-5,-4,-15,-3,-1,4,0,-14,0,-9,-8,7
-18,-4,-11,-13,-12,12,-17,3,-2,2,-4,-7
-2,-15,3,20,-4,8,-17,-15,-11,2,3,-5
-23,20,-20,22,-7,-12,-6,0,-6,16,-23,22
-10,15,-19,19,-11,1,-13,11,-21,-3,1,-8
-14,7,-13,20,-11,-1,-6,7,-7,-6,-20,9
0,8,-12,-3,1,-8,-6,23,-11,-3,-1,-4
0,24,-18,-2,-19,18,0,15,-15,18,1,7
0,18,-22,26,-17,18,-19,24,-15,18,-17,1
2,0,-19,20,0,-5,-23,20,2,4,-11,3
-10,9,3,-3,-2,-5,-12,2,-6,14,-22,12
-20,-1,-16,8,-12,-5,-18,19,2,-2,-23,8
-1,-4,-5,8,-22,20,-2,25,-8,19,-15,26
2,19,2,29,0,5,-11,16,2,25,-6,2
-8,22,-23,19,-9,-2,-14,29,-21,10,-22,28
0,23,-16,16,-14,8,-21,16,-1,11,-7,33
-3,31,-18,32,-3,25,-3,9,-21,23,0,22
-8,35,-12,24,-22,24,-11,25,-17,15,-8,3
-6,-4,-13,-28,2,-32,-5,-1,3,-33,3,-31
0,-27,-12,-24,-10,-20,4,-13,-5,-28,3,-32
1,-4,-11,2,-11,1,-7,-18,3,-32,3,-33
-5,-31,-16,-29,-16,-1,1,-28,-5,-33,-2,3
-22,-2,-20,-13,-12,-27,-9,-30,-13,-27,3,1
-21,-24,-20,-20,-13,-26,-3,5,-19,-21,1,-22
-16,-7,-3,-17,-5,6,4,-16,-2,1,-8,-1
-8,-9,-9,4,-5,-7,-10,-12,1,-8,3,-25
-13,-3,-9,2,-17,8,-2,4,-18,-26,3,-26
-7,-8,-15,7,-12,-25,-16,-11,-22,-9,-20,-27
-10,-2,2,-21,-15,4,-9,-23,-13,6,0,6
-9,-12,2,11,2,-24,-7,8,-2,-14,-11,-21
1,-4,-20,-24,-6,-14,-19,-17,2,-10,3,3
-11,-16,-18,10,-17,-16,-8,13,-15,5,3,-23
-19,5,-10,-16,-2,-10,-5,-16,-21,-3,-3,-6
-19,11,2,-3,-8,4,2,3,-7,6,-12,10
-12,-11,-9,1,-14,-12,1,-11,-3,-13,-7,-12
-21,-3,-21,-2,0,-8,-18,-9,-12,-14,-6,8
-13,-9,-22,9,-4,0,-1,-10,-11,-4,-8,-12
4,-6,-16,19,-2,-4,-21,7,-10,12,3,9
-9,-7,-9,0,-14,-10,-3,4,-22,-5,-12,18
1,8,-10,-4,3,-2,1,-7,-8,-4,-15,-3
-22,-4,-11,9,-19,6,-17,14,-12,-4,-21,14
-7,7,-17,-10,4,-13,-3,-4,1,4,0,-7
-22,11,-15,23,-11,14,-22,-3,-13,10,-11,-6
-15,15,-15,20,-11,25,-19,-10,-7,-2,-16,24
2,-3,3,9,-3,-7,-5,2,-19,23,-9,7
2,25,1,22,-15,19,-1,22,-16,20,2,14
-1,17,-8,23,3,25,-9,4,-22,-1,-17,14
-14,-5,-19,19,-8,-7,-15,22,-5,8,-22,12
-7,7,-21,16,-15,8,-17,10,-12,8,-11,27
2,14,0,5,-2,6,-7,3,-5,26,4,13
2,5,-12,31,-11,0,-2,26,-13,26,2,9
-19,25,-22,16,-19,7,0,10,-4,17,-8,1
-14,20,-5,8,-7,-1,-18,19,-18,6,-4,19
-1,2,3,23,-22,15,-5,27,-14,21,-20,1
-4,36,-2,30,-16,25,-18,30,-9,24,-13,22
2,-20,-7,-35,-8,-14,5,-15,4,-35,3,-33
-10,-5,0,-3,-5,-24,-11,-9,-5,-15,5,-23
-8,-13,2,2,-13,-25,5,-26,4,-34,3,-33
2,-21,-15,-19,-5,-10,-19,-18,1,-32,2,-3
2,-19,-2,1,-4,-19,-3,-22,-6,-11,3,2
-9,-30,0,-13,3,0,-4,-8,-13,2,-8,3
-15,-15,4,2,-13,-27,-3,-10,-15,-16,-18,4
4,-5,-1,-1,3,-4,-12,-28,1,-23,-9,-13
-10,-25,-9,-16,-17,-15,-20,-26,-11,-2,3,-4
-14,-26,-21,-9,-11,-3,-15,-19,-17,9,-8,-5
5,-24,-13,1,-13,-13,-20,-21,-17,-7,-20,-9
0,-19,-18,-9,5,-24,-7,-9,-13,-7,-11,-17
-13,2,-5,6,1,6,-18,-7,-1,6,2,-6
-12,-15,-13,-19,-1,-22,-15,-12,3,-11,1,7
-11,-7,-5,-3,0,7,-11,-5,-10,4,-15,1
-6,-16,5,1,-20,7,-16,-10,-5,10,-11,-6
-16,-20,-20,8,-9,11,-7,9,0,13,-8,-16
-20,-14,0,-18,-16,8,-21,15,-7,-13,-10,7
-19,8,-2,-16,-12,3,5,-12,0,-14,-19,12
4,-8,-1,1,-2,-3,-7,-8,5,13,-19,18
-8,10,0,10,-12,17,-5,20,-3,-1,-4,-13
-10,-15,-11,10,-7,20,-20,2,-13,-11,1,1
2,-7,-9,19,-5,15,3,-3,-19,21,-3,-4
-6,-5,0,22,4,7,-8,8,-6,2,-4,5
-14,0,-1,1,3,2,-18,-8,-2,-4,-11,11
-16,11,-21,10,-3,-6,-14,16,-1,-8,3,1
0,-2,-20,-7,0,-10,-1,-6,-8,26,3,-10
0,22,-14,2,-2,26,-7,19,-20,-3,-5,9
4,21,-4,0,-19,15,-12,7,-7,16,-1,0
-4,-6,5,24,4,-6,-5,13,-3,15,5,26
-12,-6,-18,2,-6,-1,-6,19,3,12,4,5
-14,23,-16,-5,3,12,-9,-2,2,4,4,10
-2,1,-4,-1,-21,6,5,1,2,31,-5,6
4,15,5,2,-14,2,-2,5,0,4,3,17
1,31,-12,4,4,23,-5,2,4,18,-13,31
-4,35,-2,-1,-15,19,-17,13,-17,22,-2,30
4,26,-16,12,4,12,-9,27,-20,17,1,8
1,-31,-7,-29,-13,-14,6,-34,-8,0,4,-34
6,-19,-9,-33,-11,-12,5,-29,4,-32,3,-35
2,-19,-9,-18,-14,-25,-12,-15,4,-32,3,-32
3,-15,-4,-1,-11,-30,-15,-19,6,-13,0,-21
-20,-4,0,-13,-18,-27,-5,-17,-5,-18,-18,-17
4,-27,-17,4,6,-16,-1,-28,-11,-10,2,-28
-10,-13,-14,-28,-18,-24,-2,-24,2,-6,-12,-14
-12,-25,-18,-23,-6,-21,-13,-5,4,-19,-9,-21
-17,-16,-8,-9,4,-2,-7,-8,-14,-11,-2,8
-6,-17,-19,4,-10,9,3,7,3,-17,-10,-11
-19,-1,-7,-25,-19,-10,-20,-1,-18,-8,-2,-3
-20,-19,-9,7,-6,4,-9,-12,1,-24,-20,-9
2,-3,-2,3,-19,-5,-2,3,-18,-19,-5,11
2,1,-4,1,4,-23,-10,-19,-3,13,0,11
-2,12,-1,-6,3,-4,-20,-18,-1,-4,-11,-2
-2,-6,-4,-1,-16,14,1,-19,5,4,-4,-9
-18,2,-11,13,-14,-8,-12,-10,-1,3,-15,-11
-15,6,4,13,3,15,-2,-5,-1,7,-6,3
-18,14,-18,-6,2,-9,-7,-4,-3,8,-7,-7
6,16,-14,4,-1,-6,-19,5,-13,12,-11,9
-9,13,-1,-11,-2,-9,6,-1,-7,-9,-9,-5
-3,17,-12,16,-14,-5,5,11,-7,-2,0,12
-1,-10,-10,0,-12,4,-5,-12,-4,7,-7,1
-9,6,-11,-13,0,20,1,-7,4,16,-12,2
-8,16,5,16,1,5,-2,24,-13,13,-5,-5
-4,14,-15,-5,6,8,-15,-10,6,4,-9,2
1,17,1,-7,4,10,-6,7,-15,6,0,-6
-1,0,-10,8,-3,20,2,-7,-6,-7,-4,21
-1,27,2,22,1,12,-4,0,-3,-4,-9,12
-16,2,-12,-6,-5,28,-4,27,-4,0,2,-7
-13,-6,-7,13,-1,21,-9,6,-11,-6,-8,0
-19,29,-5,6,2,24,6,30,-16,10,-3,12
-10,0,3,15,-1,12,-17,1,-13,17,-20,4
6,28,-4,31,-19,7,3,23,-8,0,1,13
-1,34,-3,29,-7,8,0,11,-7,15,-14,22
0,7,4,30,0,27,0,15,5,9,-15,24
-2,18,-5,20,-16,19,-13,26,-19,35,-14,5
-10,-19,-11,-26,-2,-17,6,-31,-7,-3,4,-35
3,-5,1,-1,-8,-20,-11,-17,-11,-18,2,-6
4,-8,-15,-23,-11,-2,6,-30,-18,-8,-2,-6
-1,-25,1,-19,-19,-13,-15,-32,-19,-2,-17,-19
-7,-18,-11,3,-13,-32,4,-2,-2,-15,3,4
-16,-23,-1,-27,2,-9,-6,-9,-11,5,-7,-23
-11,-27,-18,-14,-8,-19,6,-6,-9,6,3,-12
2,-6,3,-10,-1,-4,6,-9,6,-18,-19,-2
-13,-1,-11,0,7,3,-9,-16,-11,-23,-12,-25
-12,-2,-3,-12,-14,-1,6,-26,4,-25,-19,-18
-15,-5,5,-7,1,-4,-2,5,3,7,-12,-25
-2,1,-5,-2,1,-2,6,-11,-13,-13,6,-17
-17,4,-10,0,7,-22,-12,-2,-14,-11,-10,-3
3,-23,-9,-19,0,-22,-5,-15,-1,6,-6,-16
-1,-13,-10,-3,-8,-15,6,14,-6,7,2,-13
1,-18,0,-1,-5,0,-8,-16,-15,7,-2,3
-19,-9,-8,-14,-9,10,7,14,1,4,-18,-12
3,0,-14,-8,-2,-15,0,0,1,15,3,0
-7,-13,-4,-17,-16,-12,1,-13,-9,11,-7,7
-2,12,-5,7,-10,-13,3,18,-12,-6,-5,19
-14,3,4,-10,-9,12,0,12,-6,-5,-19,13
-1,11,-19,9,5,0,1,19,2,15,-3,-2
4,0,-16,-4,1,22,-6,18,-7,16,2,-7
-6,-7,-14,-8,7,10,-1,-10,-10,-10,3,1
-19,15,-6,6,-15,-2,2,14,-16,15,6,24
-4,3,1,20,-9,5,-6,-11,4,-4,-7,-2
-7,25,-14,0,-3,-1,-3,8,7,26,-4,21
-2,18,0,22,-8,-1,3,18,-19,23,-8,25
-14,9,1,4,-8,-2,-6,17,-15,8,-16,-4
-7,8,-3,26,-5,27,-12,6,-11,6,-4,25
-15,8,-14,3,-13,12,-4,29,-8,-4,5,21
-18,9,-15,-5,7,12,4,15,-13,2,-19,0
-19,9,1,7,0,22,6,5,-14,20,-12,2
-5,11,-4,31,7,1,5,3,-16,32,-15,18
5,22,-2,3,-6,18,5,31,3,15,5,20
-10,30,1,21,-12,20,-14,9,7,13,2,32
-9,19,-3,8,3,10,-14,12,2,29,-2,1
3,-3,-14,-9,-11,-17,6,-33,-18,-35,1,-12
4,-26,7,-15,-5,0,-2,-22,8,-1,-4,-12
-5,-10,0,-11,-2,-31,-9,-13,6,-14,-4,-16
7,2,-1,-1,-14,-33,-13,3,-9,-31,-8,-9
0,-15,-18,-23,6,2,-10,2,-12,-9,-5,4
0,-29,-4,2,5,-27,5,-10,-15,-19,-8,-31
0,-11,-1,6,-3,-3,7,-13,-15,-11,0,2
3,-16,4,-1,-17,-21,4,-24,-17,5,-9,-26
-7,-11,7,1,8,-12,-18,-8,-14,7,5,-20
-18,-18,8,-27,-5,-8,-18,-5,2,-23,-2,1
8,-26,8,-23,-16,7,7,-8,-2,-10,3,6
-15,-19,4,2,-16,6,-16,-24,-10,-2,0,5
-16,-14,-6,-11,-7,-3,-18,9,-5,11,5,9
-15,-10,-14,-15,-4,-3,-3,-19,-17,-21,7,2
-4,-5,-6,-21,-13,-7,-9,-22,-5,-2,-10,4
-9,-15,4,15,-9,-19,-11,-7,-6,7,-10,-16
-3,-13,2,13,8,15,-2,7,3,-3,6,-6
-4,-6,-15,-12,1,12,-8,-18,1,16,-17,2
-6,-2,-12,5,-4,-4,4,3,0,-6,-1,-5
6,-15,-17,19,-4,-12,7,4,-6,-1,3,1
-6,13,8,14,-18,14,7,14,7,8,1,1
0,-15,8,-1,-12,19,-2,2,-5,-5,-9,9
7,22,-10,-12,0,-1,0,-1,8,-3,-5,-13
6,9,5,13,-3,4,2,-7,-9,-3,6,-3
-8,10,4,22,-15,5,-1,-7,7,14,4,13
3,21,-4,-1,-8,6,-15,8,-9,6,-17,3
-7,25,6,15,-14,-4,-17,9,5,-5,-17,0
-7,13,-6,15,8,25,-11,25,-4,5,-11,1
3,-7,-8,14,-14,0,-4,6,-4,13,-17,21
6,14,8,17,0,-5,0,9,-9,4,-8,0
-16,17,-17,24,-14,20,-2,19,-8,-5,2,15
-3,-2,-14,25,4,10,-11,3,6,26,-16,5
5,13,-16,9,3,19,-14,23,-4,19,-7,11
-1,5,-17,5,-2,25,-11,27,-12,31,-9,8
4,34,1,2,-10,34,-12,3,-12,18,4,24
-1,34,5,20,-15,14,-3,0,-9,26,-3,20
-7,15,-12,12,-9,1,-3,14,-6,22,5,35
-11,-19,8,-21,-12,-14,-12,-5,-10,-31,-10,-1
5,-1,3,-35,-6,-33,7,-33,7,-35,-17,-25
-13,-3,-2,-13,-4,-17,6,-33,6,-11,2,-23
-17,-15,9,-6,-7,-25,-15,-5,9,-23,-4,-19
9,-31,-9,-7,-5,-13,9,-15,1,-6,-11,-30
1,1,2,-3,-7,-20,-6,-1,8,-1,-17,3
-14,5,3,-14,5,-18,0,-9,0,-28,-1,-6
-16,2,1,-4,-15,-12,-6,-7,4,-24,-3,-2
3,5,-11,1,-5,0,-6,-14,4,-25,2,-20
-5,-6,-4,-13,-1,-21,8,-8,4,4,-8,-8
-16,6,-11,-21,2,-21,1,-15,-1,-25,-16,8
-3,-20,-14,-2,5,-9,-4,-9,3,11,-11,-21
-2,-24,4,-24,8,-14,7,-16,-14,-17,1,-7
-1,-23,-15,11,-15,-11,-17,-4,-9,-20,-11,-16
-16,-14,-17,-11,-16,-15,-3,9,5,7,-12,10
-7,3,-14,7,-4,15,3,-13,1,-5,3,8
-11,-12,-10,-16,-10,-3,-12,-15,3,-2,-16,-16
-8,2,-6,-15,-2,1,-1,5,-3,13,3,-10
-9,3,-2,11,-8,6,-11,-1,-8,13,-2,2
-10,-7,5,9,9,4,0,13,6,-5,3,18
-5,-13,-9,10,-11,12,4,-7,-13,8,6,5
1,14,-5,-7,-9,-11,-17,-5,-17,18,4,-2
7,3,-9,18,4,16,4,9,-10,0,-8,-12
-17,6,8,13,-9,8,-9,12,6,-12,5,-11
-16,23,5,5,2,-4,-11,-6,-2,-11,7,9
1,24,3,-10,-1,6,-5,24,5,20,6,13
-12,20,-16,4,-1,20,-9,10,-6,17,4,25
-4,20,-10,-2,-14,26,4,27,-5,15,2,5
6,25,-5,23,-16,4,1,-3,-2,-8,-6,21
-5,11,-9,-4,-15,11,-11,19,4,9,6,3
-14,-6,5,5,-10,9,-6,-4,-10,6,8,12
-15,14,7,28,-4,-3,-10,7,2,0,-1,-2
-17,28,-10,-2,-15,26,-14,26,4,17,-8,5
-4,27,-6,18,-5,10,6,25,-1,15,0,1
2,20,6,-1,-14,-2,-1,27,7,5,-11,1
2,13,5,13,-4,6,-2,6,-2,4,-11,24
6,21,8,25,-1,16,4,33,-2,28,-9,12
1,-22,-15,-3,-4,-3,7,-36,-11,-10,-1,-9
0,-21,6,-31,-2,-33,-4,-35,4,-8,-4,-18
-1,-5,-13,-20,-4,0,-5,1,5,-22,-11,-16
1,-28,7,-9,-11,-22,-2,-29,-16,-4,8,-7
-12,-32,-9,-22,5,-1,-4,2,0,-30,3,1
8,-25,-14,-14,-12,-6,6,-28,-2,-9,4,-6
-11,-14,3,-6,7,-9,-13,-6,-12,-19,1,-9
1,-25,-7,-24,-6,-25,-4,1,-14,-29,-8,-26
-14,-14,-10,-4,-16,8,-14,-25,-12,2,7,6
-16,-22,-11,-25,-5,-2,1,-5,-7,-11,-13,1
9,-23,9,8,10,-6,-16,4,6,-24,1,7
-8,-18,-10,-19,-1,-1,-16,-25,-9,-15,-11,-11
-7,-13,-10,-21,9,12,-1,0,3,-10,-13,-13
-4,-17,-16,-8,-11,-21,-4,-7,-4,-19,-6,-6
0,1,3,7,5,-10,8,13,-16,5,3,-12
0,-9,-11,7,-15,12,-13,-13,6,-1,4,-6
-11,-7,9,10,-13,-18,-15,3,-2,11,0,-13
-14,-11,7,14,-15,-4,5,1,1,3,-11,-11
-15,-16,4,14,-12,-7,-7,-6,4,-3,4,-11
-14,-4,-14,18,-8,9,7,16,-14,11,3,13
-3,-14,-4,-1,6,-14,-13,12,9,-3,-8,13
5,-11,0,-9,10,13,-6,19,-3,15,-3,12
-14,17,-5,8,-9,10,-9,7,-11,15,-1,11
6,-6,-14,10,-11,-4,-14,20,3,-10,6,2
4,5,6,3,6,15,4,-12,10,-3,1,23
-10,20,-10,15,-16,-6,-11,-5,-5,6,10,16
-1,26,5,21,5,8,6,5,9,12,-1,13
-3,16,-9,16,0,23,-7,-1,-12,-4,-9,20
1,4,-16,18,4,12,-2,17,3,20,-6,21
-13,4,-15,14,-8,9,-10,-4,-13,19,-2,-6
-4,4,6,7,0,2,1,3,0,29,9,15
-14,16,-9,16,-15,0,-9,23,-6,23,3,15
5,25,-14,0,-13,28,-5,27,9,15,5,17
5,31,-3,31,-12,29,-1,31,-1,5,6,14
7,34,3,23,-10,6,-6,9,-9,21,-2,12
-7,3,4,28,-13,22,-10,1,-11,27,7,30
-2,25,-7,7,4,29,-4,26,-1,31,0,19
4,-28,2,-9,-5,-21,11,-12,4,-24,9,-29
11,-5,-3,-12,-8,1,5,-8,-13,-26,-13,-18
-15,1,6,2,-8,-31,3,1,3,-25,7,-11
3,-21,-7,-24,-1,-1,-1,1,-7,-8,-4,-8
8,-27,2,-20,-15,-18,-1,3,10,4,-14,-10
10,-15,5,-23,-11,-10,-2,-13,-1,-23,-1,-18
-12,-4,4,2,-8,-21,1,-18,5,-4,5,-28
10,-19,-5,-8,-14,-11,-5,3,-11,-17,2,-15
3,-18,8,-16,-3,-11,-1,-21,-1,-15,0,-27
-14,-3,-5,-9,0,-13,-8,-18,-14,3,-15,-14
4,-9,8,-19,0,-20,-7,-4,-14,2,8,-4
-9,-4,3,-22,-11,-2,6,-3,-9,-19,1,-4
8,-22,-11,-2,6,-23,-10,10,-1,-8,-7,1
-12,-6,-13,-16,9,-10,1,-21,8,1,-2,1
6,-6,-8,-3,10,-5,-4,1,-15,-9,-7,0
4,8,-6,-4,-14,-20,7,-13,9,13,-14,6
9,13,-14,-18,-15,-20,5,16,11,-8,5,13
-7,6,-4,6,9,-12,7,7,0,6,-8,4
-8,-4,2,-11,-8,-5,-15,-3,1,-6,8,11
-6,-10,-3,-3,6,-4,-11,17,-3,1,0,12
-11,-14,0,-11,0,-13,-14,14,-12,1,-14,20
-1,15,11,-9,2,-3,-11,-9,3,2,-3,13
6,4,-4,19,2,1,11,-5,3,22,3,-5
5,-12,-11,16,-13,-10,3,18,11,13,-11,-13
-2,-7,1,13,-6,18,-11,5,-3,3,-10,-2
0,16,-4,15,-12,5,-3,7,8,15,-2,19
-10,22,-10,26,-12,-7,-6,24,10,4,9,-2
-8,9,2,-8,-12,5,-3,-7,-7,-9,4,18
-5,25,-5,8,5,26,5,12,8,7,6,14
-15,-4,-7,15,9,12,-2,28,-5,15,3,19
4,5,5,15,-3,17,-10,20,-8,24,6,13
-5,0,-8,21,9,31,7,15,-1,29,-2,21
3,21,2,24,-8,6,-13,28,-1,6,-6,29
9,13,-8,24,9,29,-11,22,-13,14,-4,13
8,22,-1,2,4,19,-14,25,-12,7,-12,-2
-5,28,-4,9,-12,24,7,15,0,32,-14,29
-1,16,-11,25,5,15,1,28,-7,14,3,8
0,-15,12,0,4,-16,-4,-33,3,-30,2,-3
-8,-16,2,-12,2,1,-5,-30,2,-10,-14,-34
-4,-4,4,-19,12,-10,-4,1,-14,-26,1,-19
4,-17,-3,-16,4,-4,-5,-13,-13,0,-8,-24
-1,-15,-11,-21,9,-32,0,-22,4,-11,11,-16
-4,-15,-12,-9,-12,-11,7,-18,6,-2,9,-12
-11,-7,2,-28,-9,-25,-11,-9,-2,-20,11,-21
-2,-10,-3,0,8,-24,-4,-19,-4,-4,-11,-24
-8,-15,-12,5,-11,-4,12,-17,-9,-20,7,6
-6,-4,-10,-13,8,6,5,-14,-7,7,4,-9
-12,-14,11,-9,-11,8,-2,-15,-7,-22,-7,0
-7,-14,-10,-12,-7,4,-8,6,-11,-24,-4,-12
11,-13,-4,-12,-4,-6,-4,-16,6,-5,-8,3
-8,-13,-8,8,11,-1,-14,13,-11,-8,-14,9
7,2,-8,-3,-1,-14,7,-6,-2,-10,1,-16
3,13,-8,1,-2,-13,-1,13,8,1,4,1
2,1,-13,-9,-3,11,9,-4,2,4,2,-11
-8,-15,4,7,1,6,-12,16,-1,-14,10,-10
2,12,-1,8,-12,16,-14,5,5,12,4,-17
-5,6,-1,-5,-14,1,-12,13,-10,3,5,-11
-10,-10,-8,11,4,17,-5,-13,9,18,-10,-4
6,-9,8,1,8,-8,-2,-1,-13,12,1,-13
-14,-12,11,9,-10,20,-1,1,-11,9,5,5
4,7,-2,14,-7,-13,10,15,-10,4,-6,11
8,-9,1,-2,-14,19,12,8,6,0,9,0
6,-2,0,5,1,22,9,6,0,-2,3,-11
-2,24,-4,24,11,25,-4,5,1,-7,-2,13
-6,23,-14,-3,-10,-7,11,-2,-9,-8,-5,5
-2,24,-1,19,10,2,4,15,-1,0,11,21
2,28,-6,10,12,5,2,25,-7,-6,-10,6
-2,3,-12,-3,-13,30,-7,1,-7,12,0,26
6,14,-9,10,4,29,8,-1,10,8,-9,22
12,23,11,1,2,9,5,23,-12,30,-1,14
6,17,-13,22,7,18,5,18,-12,4,-5,-3
9,30,9,18,2,10,-4,29,-6,-1,-3,8
11,12,3,3,12,13,1,18,0,14,-10,16
-4,26,-4,7,-7,31,-7,33,1,20,10,18
-9,0,-5,-12,-3,-23,2,-8,7,-23,3,-4
5,-30,0,0,-6,-1,-7,-2,6,-6,-2,-3
1,-5,-8,-30,-5,-6,-12,-13,-5,-23,-8,2
0,-18,9,-24,2,-15,-13,-22,4,-19,-4,-29
2,-16,1,-26,2,-3,4,-32,12,-25,11,-16
-5,-16,-6,5,-7,-20,-4,-5,-11,-30,-8,4
9,-28,-3,-17,9,-8,-3,-7,-11,-27,-5,-16
-11,6,-3,-2,-2,1,11,5,9,-1,6,-25
-7,-8,12,-18,2,-26,-9,-25,8,6,-10,-8
-9,-14,-3,-26,-7,-4,0,9,1,-8,-12,-7
-8,-22,3,5,13,-20,-6,5,-9,5,4,6
-5,2,4,10,-3,4,2,6,2,11,11,7
-10,1,2,9,7,-16,8,-14,-8,-21,11,4
1,-17,5,-16,2,8,1,-11,-13,-11,7,-7
7,-11,12,-19,-4,-10,7,-10,-7,-14,1,-14
3,-11,-7,-5,-13,11,10,-2,-10,-19,0,4
-4,-4,-7,15,-1,6,-1,8,7,13,-5,-14
7,5,8,-12,-8,15,7,3,0,8,-10,11
-11,-2,1,-9,-5,12,-6,-3,-12,-6,10,9
-3,4,0,-15,4,0,-6,-17,-9,-11,3,-17
5,7,10,6,6,4,-10,-13,4,-7,-2,2
-12,-4,-8,1,12,15,-7,15,-5,-9,1,13
-6,-7,-8,-7,4,-13,-4,10,9,-14,-4,-4
-11,-2,-3,-13,-6,3,-11,-9,-13,-9,-10,2
-3,16,-9,14,-6,0,2,17,6,-12,-1,9
3,22,2,-2,4,20,-2,-7,-9,-4,9,10
-2,22,2,-8,4,18,6,4,-11,17,12,21
-2,24,6,3,-4,10,9,10,-1,2,4,2
-6,26,8,11,-11,0,-4,28,-1,-8,5,-4
2,14,-6,10,9,28,-5,10,0,2,1,26
-10,-2,7,9,0,-2,12,5,-8,14,5,-4
11,-5,-11,16,-13,20,-5,16,-8,-1,-9,0
1,23,8,5,8,22,9,8,6,28,3,-3
10,6,12,8,11,19,2,29,0,3,-10,-2
-11,28,4,7,11,3,-5,13,-6,5,11,9
6,30,3,2,2,18,-13,6,-11,18,-11,25
-10,16,-5,20,13,8,-12,3,2,34,5,35
6,-22,4,-26,-4,-21,14,-36,4,-25,-1,-33
0,-13,-6,-24,-1,-2,-5,-3,6,-8,-4,-8
-12,-17,-11,-28,10,-28,10,0,8,-33,-6,-26
0,-21,12,-26,10,1,11,-1,13,-1,-6,-20
12,-24,3,-13,-6,-6,-10,-27,-10,-28,-5,-17
-5,-22,-8,-14,4,-26,3,-9,-4,4,-3,-1
14,-11,-5,-17,-5,-24,10,-1,-8,2,1,-30
-5,-9,8,-20,-7,-1,11,-23,-4,-8,-2,-8
-10,6,2,-7,-8,-13,8,-9,6,6,-6,-17
-1,-3,11,-10,-4,-7,8,-12,-1,-26,2,-3
-7,-20,9,1,2,7,-4,-15,-3,-6,-5,-5
-3,2,7,-15,13,-23,-4,2,-6,2,-7,-21
12,-6,-7,-7,-12,-11,-10,-4,-11,-6,-3,-19
-7,-12,4,-11,-10,-7,-8,-1,-9,9,-9,10
-7,-12,11,-13,-7,-1,-9,3,9,-3,9,-19
-6,-18,3,4,2,2,9,-4,-3,3,9,-19
-8,-4,14,-10,-9,-1,-1,-17,12,-4,-3,-14
-11,1,-1,-12,6,12,7,6,-1,16,-9,-11
9,2,-10,13,11,-7,12,9,10,-3,4,11
-10,-13,-7,8,6,-9,7,5,-9,1,8,-14
-4,-5,1,13,9,18,14,10,-6,-7,0,-16
8,8,6,9,13,17,9,13,3,-5,-1,-13
-10,-12,0,18,11,21,-6,-13,0,-8,8,-8
7,-7,-12,0,-3,19,10,20,12,-7,11,-6
8,-12,2,-7,-6,-8,0,21,5,1,9,-8
13,11,-10,4,-8,-8,-12,20,0,-10,4,15
-3,24,-9,-9,-1,4,3,-7,8,-5,-6,19
-7,24,1,0,5,-3,-8,-2,-11,20,-12,8
-6,10,-9,24,-6,-6,-7,5,10,17,6,23
-7,29,-3,15,8,2,-9,4,9,8,12,8
-1,4,-9,24,10,-3,7,17,-10,20,8,-6
-11,8,-10,3,3,18,-5,-4,-1,26,8,0
1,10,12,16,-6,25,-7,3,9,2,6,3
-1,6,-6,29,-6,33,-4,20,-9,22,-4,31
-12,10,4,26,14,25,-12,3,7,23,-5,34
-8,11,6,27,-7,32,-11,9,11,2,-12,11
13,19,11,30,5,3,-8,15,-6,22,11,16
12,-8,13,-15,6,-1,5,-27,5,-14,0,-6
11,-21,14,-23,7,-29,15,-34,4,-17,11,-23
9,-8,9,-9,12,-15,5,-11,-1,-2,7,-34
5,-25,7,-31,10,-27,3,-6,13,3,-5,-7
4,-10,1,-2,3,-4,-1,-5,1,-18,-7,-12
0,-3,2,-18,5,-13,-3,-24,12,-20,-6,-30
14,-24,0,1,15,-1,9,-29,-11,-9,3,-30
5,-25,-4,-23,-7,-12,14,-6,-5,-29,-8,-10
6,2,10,-26,-4,-10,8,3,3,8,-7,-4
6,-17,5,-14,7,-24,-3,-13,13,-23,9,-4
8,-19,6,0,12,3,3,-8,-9,-1,-2,9
-1,-11,6,-3,6,-16,3,-24,3,3,8,0
5,-6,7,9,-10,-2,-2,-2,7,-1,8,-19
-2,-10,10,10,-1,4,14,-8,10,-14,6,-4
4,10,3,0,-10,12,6,-20,15,-5,4,-5
10,-12,-11,11,-10,10,11,-15,-11,13,1,-7
13,-7,5,9,-6,-4,1,-12,-1,-13,10,4
0,4,10,1,1,-14,-7,17,15,0,-4,-11
8,9,1,-13,10,1,7,-16,10,-4,-6,1
-2,-3,-2,11,-8,-6,3,15,-5,8,4,-6
-9,-7,-8,-4,-8,14,-10,-12,-10,-16,-5,17
-4,9,-11,20,11,13,-4,4,4,2,-11,20
3,-3,-8,20,4,1,9,-12,3,-7,-3,-4
3,11,7,6,4,13,8,16,2,9,3,8
-2,17,6,1,-6,2,6,4,9,-6,-1,0
2,1,-9,18,12,15,-9,25,4,-5,3,4
9,11,2,0,1,-4,-2,8,-9,2,10,-10
1,24,-2,0,15,13,5,1,13,15,6,0
-4,24,1,2,-3,17,9,17,-3,1,13,25
10,-5,3,7,-1,5,7,25,1,-5,-3,-3
-2,14,-9,14,13,18,12,-4,5,-1,3,20
-8,4,-7,-1,-6,1,2,24,-5,6,2,28
11,2,-7,2,-5,20,3,19,0,2,6,32
11,26,15,23,1,13,0,16,-6,22,15,12
-1,6,0,9,-5,15,-8,4,-4,31,-5,-1
-8,21,11,34,-6,7,1,4,15,12,-6,15
-6,20,9,24,14,3,2,23,13,17,13,29
-5,-7,-9,-27,-7,-29,3,-5,4,-1,0,-22
-6,-5,-10,-19,15,-29,6,-13,3,-19,-1,-1
7,-1,-1,2,15,-18,2,-27,0,-26,13,-19
10,-3,8,-33,-10,-9,11,-6,-7,-13,8,-17
-9,-6,4,-7,9,2,10,1,14,0,1,-20
7,-8,5,-8,7,-7,-10,-25,4,-5,12,-18
10,-12,1,-3,3,-25,-9,-14,-6,-21,-6,-15
2,-6,9,-14,16,3,-7,-16,-8,-6,-5,-6
-4,-3,-4,-10,4,-15,16,-1,-5,-26,3,-18
5,-25,13,8,-9,-14,0,-6,11,-4,7,-17
2,0,-5,-6,16,-17,8,4,15,-10,0,-4
-4,-23,3,-10,0,6,1,9,5,4,8,-5
-7,10,6,-6,-10,-13,0,4,3,-12,1,-10
7,-5,-2,-4,4,-11,14,-8,-2,-4,9,3
10,6,-9,4,3,11,5,-22,-5,13,-9,11
-4,15,10,-19,13,-6,9,-14,12,14,10,1
10,14,-2,-15,9,-8,-8,6,1,-16,-3,-3
12,-7,10,-14,0,-12,15,9,6,-5,4,1
0,16,10,-14,-3,-16,5,-9,-2,8,13,10
-9,-16,-1,13,-1,-2,1,16,8,-4,5,-13
0,-10,12,-8,-5,9,-3,-6,-2,-1,5,12
0,-4,9,3,-10,8,1,-4,-4,-10,12,-5
2,-1,-1,6,13,0,-4,10,7,6,12,-10
-6,14,-4,2,-6,-8,14,17,9,21,-3,1
3,-4,-1,22,12,6,-2,0,-1,-3,6,22
2,25,-9,9,-8,14,-2,-9,1,-4,5,3
-2,24,2,12,-4,25,11,-10,-10,6,11,4
0,23,13,-5,0,1,-4,-2,8,22,-9,-6
-4,25,-7,-5,-1,1,5,15,13,23,15,5
16,28,12,0,1,-4,-2,17,11,18,4,-5
12,12,-1,8,7,28,-3,17,15,3,11,24
-2,-4,-3,4,10,30,7,2,-6,20,11,23
-5,24,-2,11,14,4,13,10,9,32,-4,12
-3,16,3,21,13,19,-7,19,0,9,13,0
11,28,5,30,15,9,2,7,6,34,-6,28
-2,7,15,30,5,11,-10,25,1,9,-3,23
15,7,6,7,-10,17,16,19,12,36,2,30
9,-12,8,-21,-3,-20,2,0,5,-18,14,-10
15,-5,-7,-33,12,-25,8,-25,10,-11,-7,-24
1,-3,-7,-7,2,-25,-6,-14,11,-18,7,-12
10,-33,-3,-8,-7,-22,16,-6,-3,-23,-5,-11
9,-29,13,-29,5,-10,-2,-27,-8,-25,12,-17
2,-29,-9,-23,16,-2,6,-19,17,-3,0,1
-8,-12,0,-20,0,-16,9,4,-4,-20,6,-21
-5,-25,14,-21,-7,-10,14,-16,-7,-27,-9,-5
-8,-16,14,-23,10,2,5,-8,14,-8,4,-19
5,-20,16,-5,13,-10,-6,-25,4,-13,7,-11
-4,-18,-6,7,1,-5,10,-20,17,1,-3,-4
6,-15,17,8,17,-22,9,-24,-3,7,-9,-14
15,-23,1,-16,-5,12,14,-13,0,9,10,10
1,2,1,3,11,-18,-9,-10,14,-1,9,2
6,12,17,3,-2,5,-1,-18,7,-13,3,-7
12,0,9,-15,15,-19,-7,-7,-8,-18,-8,5
2,14,12,-10,-7,-13,0,-10,4,-17,-3,-20
2,17,9,1,-8,2,17,13,7,8,-3,0
1,17,15,-4,16,-3,9,-9,-7,-7,6,-13
6,-6,7,-13,8,-9,1,-4,9,-17,-1,-15
-8,-16,6,14,4,-13,16,18,0,-1,6,3
-7,-10,1,9,14,-13,11,-8,14,-2,1,-9
-2,2,6,-7,12,2,-4,6,-4,-8,-6,12
-1,15,-4,5,10,23,9,11,-5,21,0,-5
16,13,1,3,-6,24,2,5,15,21,4,20
8,17,-1,12,9,4,12,8,5,1,-1,21
-4,24,11,26,7,-10,13,0,7,23,9,14
0,24,9,26,-1,2,2,23,6,-7,-3,27
0,24,-2,22,-3,13,2,-7,-4,15,14,-2
17,29,7,19,-5,15,5,26,3,-2,5,18
-2,-4,13,12,17,19,13,25,9,26,12,-5
17,4,13,18,13,-5,12,2,-5,9,16,5
-9,32,-2,-4,15,8,0,29,10,6,16,24
16,14,13,9,10,19,0,14,-5,7,0,10
-9,13,1,8,1,32,2,24,8,14,-2,31
1,11,4,31,4,13,5,10,5,26,-7,21
17,13,8,17,16,34,10,4,-5,0,-9,21
-2,-7,6,-19,0,-13,5,-35,-6,0,18,-11
17,-5,5,-7,6,-31,-4,-24,3,-3,-4,-27
1,-4,15,-20,10,-10,17,-12,3,-12,1,-27
15,-2,9,-15,13,-8,4,-23,9,-23,11,-4
1,-20,5,-28,-2,-10,0,-3,10,-28,17,-25
2,-31,2,-3,18,-18,16,-13,-7,-15,-6,0
2,-28,18,2,0,-1,17,1,2,-17,12,-29
8,-10,8,6,-5,0,13,-8,13,-27,-2,-17
3,-22,1,-27,1,-28,8,-13,16,-7,9,-20
-4,-17,6,7,-6,0,-3,-6,-2,-24,5,-6
-5,-2,14,-20,-5,-14,14,-25,-8,-20,10,-14
-6,-1,12,-22,14,-21,12,4,17,3,-4,-21
-1,-19,11,2,-6,-14,9,-23,6,5,10,-11
4,-15,16,-23,4,-3,-5,13,10,2,15,-19
-5,8,6,7,-3,-3,7,-4,-4,4,11,10
18,7,11,-2,-3,-3,-8,-5,-5,-16,-3,-6
-3,11,4,6,5,7,5,-10,3,-7,14,0
6,-10,6,-11,5,11,5,9,4,2,-1,0
-8,-2,8,18,17,-4,15,-6,-3,1,4,4
-7,-13,1,4,-7,-15,9,1,-6,-3,6,-10
3,0,3,-13,15,1,0,15,17,1,5,3
0,1,-8,2,-6,-1,4,-9,-1,9,18,-1
-6,-8,-4,7,-1,-10,-3,-12,5,-14,-8,19
-2,-13,2,-10,10,-9,1,-7,-1,19,4,11
-8,-12,18,6,10,14,2,8,2,12,-3,-6
6,24,-3,8,4,1,4,4,-5,0,3,11
5,26,16,12,6,17,18,18,7,13,-1,15
0,24,18,-8,13,-5,-1,2,1,26,-2,12
5,25,-4,1,15,28,-4,4,14,-1,13,17
13,19,9,7,15,21,15,28,17,27,4,6
6,-3,17,30,15,24,14,12,5,9,3,17
-1,3,2,25,4,31,-8,-4,0,19,-4,22
-2,22,-7,20,5,-3,1,5,1,30,10,30
16,12,-7,15,8,24,4,18,1,3,-2,29
11,24,1,0,2,33,7,18,-2,29,4,10
1,27,-8,29,2,22,16,4,-2,0,11,1
16,26,18,29,13,32,-7,18,10,6,-3,31
-2,-18,6,-19,16,-30,0,-1,3,-25,-5,-27
18,-4,10,-12,8,-14,-1,-3,3,-33,-3,0
15,-29,17,-26,17,-6,5,-22,-1,-6,-3,-15
-2,-7,-5,-7,-3,-26,4,-17,8,-14,-5,-13
11,-1,12,-31,16,-12,14,-18,2,-14,0,-19
11,-30,-5,-6,-3,-15,-1,-19,-7,-7,6,-3
-3,-27,7,-3,13,-16,3,-25,6,1,-2,-9
-7,0,9,-12,-4,-11,12,5,2,-25,-2,-9
-7,-24,3,8,-5,-26,19,5,-3,-27,13,4
-5,-7,3,-25,5,-26,10,-23,-7,-24,0,-25
17,-21,17,-3,14,-12,9,0,-7,-7,13,-7
7,-25,3,-2,13,-18,5,-12,15,2,5,-20
2,2,16,-9,-4,-11,-7,-3,-6,-2,12,-11
9,-16,-1,-22,-3,-5,18,-15,3,11,8,13
0,-9,18,-16,12,-7,-4,11,1,9,6,13
0,6,12,-4,2,5,-3,-12,2,5,-7,-18
11,-13,18,-4,4,-7,-3,6,12,11,5,6
12,0,4,11,13,13,14,6,-5,14,8,-9
18,-13,10,15,7,-2,14,-17,4,-3,2,-1
-5,-16,18,-4,8,19,2,-1,-2,16,-2,13
0,-10,5,20,2,18,-6,16,-6,-7,-2,10
-5,-8,16,1,0,11,16,14,4,8,-4,-3
0,7,-5,18,3,-13,1,22,12,13,0,4
-3,11,4,-8,11,-2,-7,22,7,12,12,23
-3,-7,17,-10,-2,8,19,24,18,6,4,7
6,-4,5,18,4,13,2,14,12,11,10,11
18,17,10,6,18,9,0,-8,16,-4,2,19
-1,23,-2,21,5,9,2,26,8,23,-2,25
7,25,1,4,15,0,4,19,0,14,9,6
6,24,10,22,18,16,-6,-7,0,2,10,13
2,30,2,19,8,24,9,27,12,0,11,8
-2,10,0,11,14,10,-6,1,10,24,-3,11
5,23,14,2,19,26,-5,23,9,-1,10,25
19,29,4,25,6,8,14,32,-7,12,16,17
6,21,-3,22,-1,17,-4,29,9,2,-3,5
13,24,1,33,-4,25,7,29,1,33,1,22
15,27,-7,31,13,16,5,24,-4,22,-2,24
10,-27,4,-30,2,-36,-3,-18,3,0,2,-36
15,0,11,-5,13,-25,7,-2,-4,-27,4,-3
19,0,15,-23,2,-24,-3,-18,10,-24,8,-4
19,-19,3,-6,13,-29,2,-30,16,1,-1,-33
0,-27,16,-30,9,-10,3,-13,-2,-11,4,-28
16,-8,13,-25,-6,-16,3,-24,5,-11,-5,1
4,-10,2,-22,8,-6,4,-8,12,-16,7,-10
18,0,11,-10,4,-7,-6,-21,17,-15,11,-17
19,-8,-3,-1,-3,-20,3,1,12,5,15,8
5,-6,7,9,12,0,-3,-13,20,2,8,8
7,-26,9,-22,-3,2,0,-11,5,7,8,-21
5,-14,8,-6,0,-12,-4,-18,0,5,20,-14
11,-13,15,-1,20,-17,16,12,12,-5,10,12
19,-2,-2,-8,14,-5,1,-5,3,6,5,-2
13,10,-1,13,-6,-21,1,-6,-4,-6,14,9
-1,3,9,3,-6,1,6,11,-6,-19,10,-10
2,-7,-2,-1,14,7,14,1,13,-16,4,15
-3,-17,15,5,4,6,18,-9,0,-3,12,-14
2,-4,18,-6,-4,4,9,3,-5,-4,15,9
-5,-8,17,1,10,7,2,-16,10,12,4,-14
3,-6,2,13,12,20,0,-2,-1,-4,-5,-11
6,-13,10,-4,-2,-6,13,17,4,2,7,-10
14,-7,-6,19,-6,-12,3,14,4,7,-6,17
15,-2,-5,-9,17,19,7,0,-3,0,1,-13
13,8,0,-2,11,21,19,0,18,-4,13,10
13,1,5,7,19,16,19,5,2,9,-3,-5
11,10,10,6,1,-9,4,23,16,2,4,-5
1,24,18,25,17,-2,11,6,5,2,-3,-7
2,10,8,10,13,5,10,-3,-3,-8,-4,26
3,11,-4,-6,2,28,3,16,-4,13,20,25
16,22,12,11,7,12,17,16,1,14,-1,11
3,-4,3,11,19,-1,3,6,-2,22,-1,-3
18,16,-6,6,2,18,9,23,19,29,7,9
20,11,-6,-3,16,29,20,9,-3,21,13,4
13,14,17,21,3,16,0,25,13,11,5,-1
10,28,3,34,15,6,-2,7,2,28,-2,9
6,31,14,23,-3,1,-6,18,0,19,7,8
15,-14,18,-33,2,-3,20,-1,4,-8,5,-3
10,-26,21,-24,1,-4,2,-31,3,-25,17,-4
8,-15,1,-4,0,-5,10,-24,2,-3,-2,-3
21,-16,9,-31,7,-31,20,0,17,-10,3,-3
16,-20,8,-1,-3,-11,6,-7,0,-11,-2,0
16,-24,2,-8,18,-4,15,4,13,-20,2,-27
6,1,12,-6,-2,-3,-1,-1,5,-12,2,-21
20,-28,-2,-23,18,-16,15,-11,9,-12,-2,-16
-3,-11,20,-7,7,-21,14,-10,20,-1,20,-9
14,-14,21,1,13,-11,18,-17,13,-22,-5,-23
12,-2,3,4,5,-17,19,-5,0,6,14,-8
-2,-5,-3,5,18,8,10,-8,8,9,3,-6
17,-7,-1,-4,4,4,6,-17,-5,-15,-1,-15
11,13,10,-7,16,-12,4,4,5,-3,6,-14
0,13,19,5,-3,-13,3,-13,-5,0,-3,11
11,-4,3,-14,-1,-20,5,15,2,15,-3,2
5,-10,0,14,11,1,3,-15,19,-19,20,0
1,-18,3,-13,18,-9,2,-13,15,13,18,17
13,-12,20,-10,6,4,1,4,21,-15,12,-16
4,7,17,7,11,-13,3,18,17,2,-3,-5
0,11,13,20,12,14,12,13,8,16,2,15
7,-8,16,15,4,-4,18,21,2,2,5,-4
10,3,4,9,6,-4,7,17,6,-2,1,-8
-4,-3,14,21,17,0,19,3,-3,9,15,11
-1,11,2,-7,4,8,0,17,5,23,0,1
7,14,19,-5,14,7,14,6,-3,4,6,16
-5,11,3,6,18,21,15,-7,19,5,0,-3
12,6,15,8,8,19,13,-9,7,16,10,25
11,26,2,0,14,25,-2,26,6,13,9,8
13,21,15,-1,15,-5,8,0,18,20,3,29
10,22,5,25,-1,25,6,0,7,3,10,16
8,-1,10,12,3,26,-2,10,0,6,-3,16
11,2,1,-4,21,32,17,28,13,3,11,2
21,18,13,-2,19,32,-3,5,-2,31,3,18
18,9,11,7,5,18,19,10,15,0,11,2
17,25,-1,15,7,23,-2,31,-3,29,0,10
18,4,3,0,8,24,9,13,4,14,18,32
13,-27,9,-36,3,-1,8,0,3,-34,2,-6
15,-2,1,-8,3,-3,11,-29,2,1,8,-2
10,-19,-2,-24,4,-20,-3,-21,2,-16,5,-33
20,-8,11,-30,4,-31,3,3,4,-21,1,0
-2,-5,3,-8,12,-31,13,-7,-3,-28,0,-29
17,-12,0,-26,9,-25,22,-13,16,-24,10,-14
21,-2,18,-25,10,-21,7,-20,-4,6,-4,-28
15,5,15,-7,-4,-1,9,-5,12,3,20,7
10,4,7,-27,1,-16,8,-9,11,-15,12,-13
15,-12,10,-16,9,-15,0,1,15,-12,11,3
2,9,-2,-12,2,-12,-2,-15,9,2,4,-15
6,11,1,-1,6,-19,2,-5,-3,11,-3,-16
4,7,1,-2,5,-7,-2,-8,3,-16,4,-7
3,8,5,3,9,-2,-1,-13,9,-22,4,-14
2,12,11,6,13,-15,4,-6,1,0,17,-10
10,-19,3,1,5,8,13,3,17,14,3,-16
-1,-6,11,15,19,-19,13,-7,-4,-3,3,-4
0,9,22,-3,10,12,3,-2,6,-19,12,-14
22,-13,7,2,-2,17,-1,11,20,1,14,-7
5,-2,22,-9,1,15,12,14,19,16,-2,8
0,-15,15,19,14,-15,4,-10,9,3,3,-9
15,-13,11,-2,16,2,19,9,8,4,14,-9
10,4,6,-5,-3,-10,15,-9,14,-13,-2,22
0,6,8,-6,-2,13,1,14,9,-9,18,-8
10,11,14,17,8,-3,4,16,13,0,17,-6
16,18,9,-3,9,18,16,6,22,21,0,21
20,25,8,-6,8,11,-3,24,7,9,1,19
-3,21,0,-2,21,15,10,15,8,25,-2,10
7,12,-1,7,7,19,-3,12,7,-3,5,23
11,-6,19,22,13,-2,5,-5,1,2,-4,16
11,24,10,26,6,20,5,8,7,10,22,28
2,7,-1,16,6,27,1,-5,14,30,-1,24
-3,-1,8,-2,9,30,15,31,15,5,17,13
7,10,6,30,1,32,6,15,2,30,-4,22
15,1,13,23,17,3,6,17,16,15,16,26
6,2,14,30,3,24,11,4,6,30,17,9
1,9,2,33,11,10,14,18,13,34,7,31
3,-6,20,-23,4,-13,14,-9,3,-12,8,-1
4,-6,21,-11,11,-16,2,-13,2,-5,5,-34
1,-1,1,-3,2,-34,3,-21,1,-31,12,-1
18,-11,11,-26,2,-10,4,-30,-2,-22,15,-18
14,-7,0,-14,3,-26,-3,-8,2,-1,1,2
3,-9,9,-13,16,-3,20,0,13,-3,-2,-31
4,-26,13,-25,22,-21,11,-24,19,2,6,6
-3,-22,2,-3,17,-10,-1,-10,21,-6,17,-16
10,7,1,-5,15,-18,8,-20,0,-20,6,0
15,-6,22,-27,5,-22,22,-14,-2,-17,22,8
17,9,14,-20,-1,-25,13,9,12,-10,14,-11
12,8,4,4,6,-19,23,4,14,0,-2,10
14,-3,3,4,12,-11,0,-15,14,11,4,-4
22,10,15,-7,8,-6,3,6,18,5,6,-8
6,13,12,14,10,-7,2,8,3,4,12,-22
18,7,13,-7,8,-3,16,12,11,-1,3,-6
21,-6,1,-8,6,-12,2,-3,9,7,7,0
1,13,8,-5,-3,7,23,-3,-2,-14,3,1
8,9,5,15,3,12,2,5,5,-10,-3,-12
11,-13,8,18,17,-7,22,8,1,16,4,5
-2,-1,9,18,11,-6,21,7,17,-16,14,15
16,3,7,5,5,19,10,-7,19,11,22,17
16,-4,-2,-2,8,5,-2,1,-3,0,11,-4
12,-9,4,-10,21,3,20,2,16,-11,14,-6
7,6,8,3,-2,18,22,17,7,-3,7,-3
17,2,15,7,-3,-4,19,13,20,25,7,7
10,-7,-2,13,16,-10,11,5,0,20,10,-7
13,-7,14,-9,17,-9,20,-2,15,1,-1,9
13,16,12,14,22,20,5,24,8,1,7,28
9,10,21,28,11,-4,15,15,19,11,23,10
8,8,21,5,0,3,-3,6,12,5,4,22
8,-4,15,25,13,14,23,8,6,18,19,28
2,3,4,-3,5,20,21,28,17,18,14,12
16,-2,-2,24,9,29,16,-1,3,10,-1,2
20,-1,13,25,5,-1,4,18,-2,18,7,28
13,0,2,0,16,6,11,-1,15,27,0,2
1,7,20,2,12,4,-1,22,7,27,19,28
16,-14,-1,-4,13,-4,16,-10,-1,-35,0,-30
6,-5,15,-14,14,-13,23,-3,-2,0,-1,-33
11,-14,0,-29,11,-18,14,-13,8,-30,20,-23
20,-29,16,-12,13,-5,2,-2,24,-27,-1,-32
14,-27,-1,-31,15,-7,6,-2,21,-14,14,-9
1,5,17,-17,2,-11,21,-8,5,-5,12,0
24,4,11,-10,20,-4,3,-12,10,-17,4,1
9,-17,24,-6,14,-14,-2,-27,0,2,16,-10
18,-13,9,6,11,-15,9,-10,17,-9,21,-15
11,5,1,-3,0,-23,3,-18,10,-20,1,8
12,8,17,-5,4,-11,3,-23,15,-25,7,-8
6,11,22,3,10,-22,19,-22,21,-6,0,3
20,7,-1,10,19,-21,8,5,19,3,2,2
2,3,18,-3,-1,4,6,-23,7,-16,7,2
10,-18,14,0,12,-7,10,7,19,-14,22,9
14,7,12,-6,18,4,0,10,18,-11,24,-5
16,7,16,-6,23,1,18,8,20,-4,13,-8
24,5,2,-17,2,10,24,11,22,-10,6,1
24,-8,18,9,19,6,22,4,15,-15,20,4
13,-11,1,-4,1,-12,-2,-3,1,14,1,-10
0,2,-2,-2,-2,-10,4,12,5,19,20,18
5,8,4,-2,15,1,1,8,12,-12,16,18
1,7,1,6,7,11,4,-10,22,11,10,-11
22,14,-2,12,9,10,11,-7,11,10,-1,-1
20,23,5,3,6,0,15,20,24,19,4,5
12,25,8,8,20,8,11,0,16,-3,12,-2
14,17,1,9,-1,22,11,-1,11,11,11,19
-1,27,10,0,-1,20,2,-9,20,-5,-1,-2
11,19,1,-3,-2,0,20,15,21,20,22,27
15,-1,20,13,4,-2,13,6,19,29,19,19
23,-4,21,26,22,17,4,15,8,0,9,-6
17,19,20,28,0,10,22,20,2,-1,24,4
3,-3,24,17,21,1,7,0,19,18,16,24
13,20,-1,16,4,4,0,31,18,6,22,16
12,10,2,16,9,14,4,16,9,34,16,25
0,14,16,33,15,1,-1,27,0,28,12,33
-1,21,23,4,10,35,3,35,14,30,18,17
16,-14,1,-27,6,-16,15,-29,4,-36,24,-19
13,-7,0,-30,7,-16,5,0,25,-33,2,-25
7,-17,13,2,0,-17,3,-11,24,-29,1,-33
23,-5,24,2,16,-10,3,-31,25,-29,18,-32
20,-18,10,-19,25,1,18,-6,16,-21,2,-10
17,-20,19,-24,0,4,4,-16,23,-3,7,-23
0,-2,3,5,23,-24,16,-22,17,-6,3,1
9,-2,8,-26,0,-29,9,-13,18,-8,8,-6
13,-20,23,-11,15,7,13,-23,15,-9,19,2
6,9,0,2,5,6,1,-27,12,6,22,-16
7,9,12,-1,17,-26,0,3,22,3,1,1
19,2,25,-13,13,-14,7,8,25,-17,3,4
18,-3,14,-6,4,6,0,-12,6,-11,7,-6
19,8,5,-6,23,-12,19,8,20,-13,2,-9
7,-13,18,-11,13,-4,5,3,-1,-2,1,-15
14,-3,14,-21,7,12,20,8,4,-3,12,2
5,4,0,-7,21,3,23,-13,3,-2,11,-16
2,-18,0,-4,1,-19,23,-10,2,-15,12,-17
2,15,4,-5,1,10,0,-7,9,1,11,-8
21,-4,23,13,25,9,21,13,4,-12,18,18
25,-1,23,-1,3,14,13,-14,15,-16,2,9
21,7,11,6,-1,18,13,6,7,-8,25,11
15,17,12,-8,15,0,18,10,22,-10,2,4
9,-12,25,4,20,14,16,-2,2,3,5,1
25,6,4,2,16,6,20,0,18,5,7,23
21,21,9,-6,10,18,9,-5,23,16,1,-7
12,8,16,10,16,16,3,3,0,13,16,16
25,13,8,6,12,14,25,22,18,24,1,4
6,9,24,19,18,24,11,14,2,28,2,19
2,24,19,19,0,-4,12,19,0,8,14,6
0,16,10,-6,11,-6,1,18,13,-5,2,11
2,14,21,20,25,6,19,21,-1,25,22,9
5,5,20,4,14,5,9,21,2,10,17,-1
2,26,17,6,19,3,12,24,13,1,20,5
19,10,7,9,10,3,10,22,10,-2,1,6
3,10,23,8,8,30,9,8,6,5,15,30
2,3,1,18,4,4,15,3,14,35,23,6
20,-22,15,-30,18,-15,6,-2,2,-30,10,-35
7,-5,15,-20,10,-2,0,-8,4,-6,19,-7
8,-5,24,-18,3,-12,6,2,19,-33,20,-16
26,-4,5,-4,0,-12,16,-27,0,-5,23,-8
16,-17,18,-20,13,-1,0,-29,11,-8,4,-9
8,-12,15,-23,14,-14,22,-22,0,-21,20,-5
10,-23,21,-2,1,-21,2,-17,5,-3,19,-30
0,-15,19,-2,5,-26,4,-5,20,-6,15,-13
0,-8,9,-15,18,4,1,8,0,-28,7,6
15,-12,22,-5,13,-1,5,6,4,-14,3,-4
19,2,3,-22,0,8,18,-14,9,-14,11,-2
7,10,14,10,22,-24,17,-22,23,0,22,-1
21,-9,3,-22,11,-12,1,-23,1,8,0,-17
13,11,20,12,0,-4,1,10,10,-8,0,-23
13,-21,9,-10,2,10,24,-3,22,-12,17,3
5,0,3,10,3,0,16,-20,7,-18,4,12
17,-3,12,-20,0,15,26,-10,18,-17,25,3
10,4,3,-2,26,-9,2,-10,5,-4,0,11
11,-13,20,-8,21,-9,2,-12,1,-10,11,-13
15,9,18,-12,24,16,24,14,3,-11,1,-2
24,-6,0,-9,24,13,3,19,22,-13,0,-1
17,1,23,13,25,3,13,2,3,13,17,-10
17,-11,0,14,3,19,4,21,26,2,0,4
4,9,21,16,4,20,19,-12,26,5,2,-10
24,11,0,8,0,15,11,16,22,-7,0,14
4,24,21,11,12,-7,21,7,23,19,16,9
20,-5,15,4,15,-10,19,-10,13,16,21,10
8,11,23,25,18,3,11,20,10,7,12,-2
25,-8,22,21,12,21,24,18,24,14,2,8
23,15,11,5,4,17,13,12,21,25,26,23
17,7,9,12,9,16,5,13,14,-1,1,7
1,24,5,18,20,-1,17,15,12,30,0,17
0,29,18,7,0,0,2,17,15,0,4,10
7,0,12,17,19,14,2,-1,9,22,1,20
1,31,0,-1,17,12,19,9,20,18,11,15
17,18,19,8,1,22,0,31,6,3,9,11
23,0,26,34,11,0,9,13,3,3,24,25
