-1,-16,-3,-18,-19,-15,-21,-36,-14,-1,-5,-31
-1,-31,-23,-16,-23,-21,-19,-7,-6,-15,-12,-35
-19,-3,-5,-21,-25,-12,-7,-28,-8,-10,-12,-11
-17,0,-16,-3,-8,-31,-26,1,-14,-11,-13,3
-13,3,-3,-4,-8,-10,-15,-19,-25,-25,-18,-14
-2,-26,-23,-23,-10,-5,-13,-30,-1,-8,-13,3
0,-5,0,-13,-9,-14,-26,-24,-3,-22,-22,-9
-1,5,-23,-9,-11,3,-12,3,-1,-9,-8,-19
-7,-22,-10,-21,-17,6,-24,-12,-10,0,-26,7
0,-19,-24,-18,-22,-8,-13,-11,-8,-8,-16,1
-8,-12,-1,-2,0,-4,-2,-16,-11,-13,-15,-13
-10,11,-2,-25,-1,8,-15,-4,-11,4,-26,-2
-1,-12,-9,-15,-2,-19,-22,-18,-9,-15,-18,-3
-20,6,-6,-2,-8,12,0,13,-10,12,0,13
-6,5,-26,7,-18,-16,-8,-5,-11,-12,0,3
-5,-5,-7,1,-8,8,-14,11,-9,-10,-11,10
-6,1,-26,-2,-12,11,-18,-6,-1,-11,0,2
-18,-10,-12,10,-20,1,-15,8,-10,10,-25,17
-7,-18,-2,-9,-4,-13,-6,-16,-22,13,-22,15
-2,12,-20,11,-24,18,-23,1,-4,11,-15,7
-6,-13,-15,-4,-16,-4,-8,9,-3,-3,-2,-3
-4,-10,-21,-1,-16,1,-8,-15,-18,-14,-17,14
-11,5,-15,7,-1,3,-23,-3,-25,-6,-23,13
-19,-11,-11,6,-10,1,-9,6,-5,9,-14,13
-15,2,-14,-12,-23,20,-13,-1,-11,16,-14,-7
-16,19,-7,17,-25,7,-3,11,-13,-1,-1,8
-17,19,-6,7,-25,-6,-14,19,-25,18,-12,-6
-7,16,-26,21,-24,-5,-16,23,-26,-3,-11,8
-6,7,0,7,-17,23,0,25,0,25,0,0
-19,6,-1,29,-9,14,0,7,0,25,-26,-5
-8,26,0,8,-19,19,-1,14,0,25,0,-5
-8,25,0,0,-1,17,-10,-3,0,20,0,24
-9,2,0,5,-21,16,-13,2,-22,23,-26,27
-22,6,-2,12,-17,1,0,9,-21,31,0,17
-15,24,0,25,-20,23,0,1,-12,17,0,12
-5,10,-12,2,-19,21,-1,30,0,12,0,12
-12,2,-14,20,-19,5,-1,11,0,12,0,2
-6,-5,-11,-20,-22,-19,-2,-33,-6,-9,1,-17
-2,-35,-4,-6,-25,-20,-7,-33,-9,-9,-1,-8
-17,-17,-24,-33,-20,-23,-5,-6,-14,2,-19,-34
-18,-23,0,-13,-16,-26,-25,2,-3,-24,-24,-21
-17,-2,-5,-7,-9,-12,-13,-21,-4,-24,-23,-25
-19,2,0,-21,-14,-7,-5,-1,1,-10,-13,-24
-16,-20,-13,-17,-15,6,-12,-4,-19,3,-14,-23
-16,-27,-8,2,-15,-21,-3,-11,-16,-13,-6,-13
-15,-12,-12,3,-14,-8,-11,-21,-22,-9,-9,0
1,-4,-16,-27,-4,-4,-7,-15,0,7,-7,-16
-14,-11,-11,-1,-20,0,-23,-5,-18,-17,0,-8
-18,-9,-3,7,-14,-18,1,0,-11,-18,-8,-14
-9,10,-9,-15,-17,11,-14,-24,-23,-16,-1,0
-6,-2,-8,13,-15,0,-15,-6,-25,8,-21,4
-17,-14,-9,-14,1,1,-8,-19,-20,-3,-10,-17
-4,-8,-20,1,-5,6,-24,-3,-1,1,-24,7
-16,11,-5,-20,-25,7,-15,-2,0,-16,-19,-8
-3,16,-13,-9,-18,0,-11,-11,-25,0,-20,11
-11,-9,-3,-12,-4,1,-10,-14,1,-12,-21,-6
-4,-13,-13,2,-16,-17,-10,-1,-9,-16,1,15
1,13,-4,-9,-14,-16,-2,-10,1,3,-23,-6
-2,-11,-2,-11,-6,21,-20,14,-7,14,-14,7
-14,21,-1,-11,-5,3,-21,6,-25,9,-25,-2
1,22,-2,17,-3,20,-16,-5,-11,-8,-16,0
-13,-7,-18,-4,-18,11,-3,16,-3,1,-23,2
-8,19,-13,18,-4,-5,-17,2,-22,-2,-22,12
-18,4,-17,1,-20,3,-13,23,-4,3,1,0
1,10,-21,21,0,-6,-16,-3,-8,17,-24,-7
-5,2,-3,27,-22,-3,-11,17,1,-5,1,20
-15,21,-3,10,-17,-4,0,3,-19,-3,-25,1
-10,29,-4,14,-17,11,-12,26,0,30,1,-6
-13,11,-10,17,-9,14,-10,3,-21,20,-24,-5
-10,8,-20,1,-23,24,-18,-4,-17,15,-16,17
0,29,-19,21,-22,30,-24,25,-7,19,-2,23
0,31,-18,5,-11,20,-23,30,-20,29,-17,26
-1,7,-15,20,-21,10,-24,25,-11,28,-19,24
-8,19,-3,3,-2,4,-5,23,-15,31,-20,13
-16,-7,-11,0,-13,-14,-12,-31,-17,-28,-15,-33
-2,-1,-2,-2,-13,-18,-14,-30,-22,-35,1,1
-15,-26,-13,2,0,-6,-13,-22,1,-32,-1,-17
-15,-17,-11,-9,-10,-18,-5,-10,1,2,-24,-8
2,-10,-15,-17,2,-2,-2,-30,-22,-29,-1,4
-14,0,-5,-17,-4,1,-15,-6,-24,3,2,-24
-13,-10,-19,0,-5,-19,-13,-5,1,-4,1,3
-17,1,-14,3,-21,-6,-19,-26,-3,5,-19,-13
-2,-3,-2,-9,-6,-11,-21,0,2,1,1,-25
-11,-1,-19,-27,-13,6,1,-26,1,-14,1,4
-7,0,-6,3,-7,9,0,5,-2,-1,1,-9
0,1,-17,-8,-11,-6,-2,9,-2,-7,-15,-11
-14,-5,0,-2,-11,4,-9,-5,-11,-4,2,-13
-16,-18,2,-23,2,-15,-22,-12,-17,-22,-20,-17
2,-13,-22,12,-12,9,-4,2,-14,-22,-24,-12
-6,4,-4,-12,-5,-6,-6,1,-21,-18,-24,3
-5,-1,-19,-18,-2,12,-24,4,-11,-14,0,-8
-9,-18,-2,1,-8,-12,-2,-6,-22,-3,-14,1
1,-16,2,1,-1,10,-4,-4,-9,1,2,-13
-9,-3,-24,17,-18,-15,-6,-6,-1,-8,-17,8
-2,-15,-22,-15,-23,10,-16,-14,-3,-9,-24,2
-4,-13,-6,15,-20,20,0,-7,-10,-6,-9,7
-1,-6,-23,18,-5,-12,-20,2,0,6,-10,14
-14,-4,-5,14,-20,-5,-15,13,2,-9,-10,-7
-8,1,-14,-9,-22,8,-14,14,-20,21,-10,1
-13,1,-3,20,-1,-1,1,-2,1,6,-11,17
-1,11,-21,-8,-12,11,-2,-7,-11,7,-14,-4
-17,-4,-16,9,-10,2,-1,24,-8,12,1,-8
-17,7,1,1,-8,27,0,16,-3,-2,-24,5
2,14,0,14,-22,16,-1,17,-3,5,-23,27
-15,26,-17,15,-12,12,-15,12,-20,9,-13,23
2,0,-19,21,-21,13,-8,18,-17,14,1,22
-2,-4,-11,7,1,21,-18,9,-14,22,-15,12
1,23,-9,23,-2,3,-19,28,0,14,1,12
-2,2,-5,30,-10,7,1,24,-8,18,-19,12
-4,33,1,11,2,23,-10,18,-8,22,-21,25
-6,7,-21,33,-8,22,-4,15,-2,4,-16,8
-9,-35,-20,-5,-11,-28,-1,-11,-18,-12,1,-11
3,-23,-9,-5,2,-34,-22,-26,-14,-2,-7,1
-1,-16,-15,-31,-13,-16,-8,2,2,-16,-19,-5
-16,-33,-10,-13,-3,-31,-18,-29,-5,-1,-21,-24
-11,-6,-4,1,-7,-21,-1,-18,1,-7,-21,-3
-8,-5,2,-12,-2,-24,-1,-27,1,4,1,-28
-1,-14,-19,-26,-19,-25,-13,-7,-3,4,-19,5
-7,4,-4,-11,-15,3,-15,7,-21,5,2,-15
-1,-4,-22,-15,-5,-21,0,-13,-11,-2,-1,-11
-14,3,-5,8,-9,-2,-2,2,-3,-20,3,-24
-17,6,-2,-15,-14,6,-2,-21,-22,-13,0,7
-6,11,-3,-10,-20,0,-14,-18,-17,-22,-11,-17
-8,9,2,-2,-21,-21,-6,-20,-8,2,-10,-13
-12,-7,0,-14,-9,-15,-5,-4,-15,10,-19,-15
-1,-19,-13,-12,3,3,-19,9,1,-10,-9,-3
0,-18,-4,0,-14,-18,-19,6,-15,-13,-20,11
1,-11,-16,0,-1,0,-7,-2,-7,-20,-15,-10
-2,10,-21,1,-6,-19,-8,-13,2,-14,-10,-5
-15,16,-12,1,-23,6,-16,-8,-8,14,-9,-10
-2,-11,-19,-7,1,10,-13,-11,1,-13,-3,9
-4,-14,-11,7,-17,-7,-20,-10,-11,2,3,-10
0,-8,-12,8,-19,14,-11,19,-22,-6,0,16
1,19,3,14,-2,-2,-1,-13,-1,-6,-17,5
-13,-10,-19,20,-22,21,-13,-9,0,-11,-8,5
-5,17,-23,-6,-18,3,-9,16,-22,-2,-18,22
-15,4,-1,4,3,-1,-13,11,-2,-9,0,23
-1,3,-2,-6,-1,-3,-10,-5,-17,-8,-19,-10
-15,-5,-17,10,-21,-8,-1,22,-13,18,-11,20
-16,25,-4,28,-5,11,-15,17,-3,-4,-17,-3
-15,-6,-11,23,-20,22,-2,20,-12,9,0,11
-10,-5,-20,10,-6,26,-1,21,-21,22,-7,7
-2,0,-11,26,-21,5,-16,-4,-20,5,-3,18
3,22,0,13,0,11,-2,30,-12,27,2,4
1,25,-10,0,1,-2,-3,1,-6,22,-17,-1
3,30,-2,32,0,31,-3,32,-9,-2,-7,7
-3,4,-17,22,0,18,-12,14,-5,34,-23,15
2,11,-5,13,-6,20,-1,9,-2,36,-12,30
-11,-11,-19,0,-12,-22,-2,-36,2,-23,1,-6
-6,-30,-3,-4,-10,-32,-3,-27,2,-29,1,-12
-6,-28,-6,-34,-11,-5,-5,-25,1,-2,1,-19
-6,-29,-4,-22,-3,-21,-3,2,-1,-33,0,-1
-11,-4,-12,-18,-1,-28,-4,3,-5,4,0,-1
-7,-29,-14,-19,-13,-29,-4,-16,0,-19,3,-20
-1,-20,0,0,3,-21,-5,6,1,-6,3,-28
4,-18,2,3,2,-10,-16,5,-1,-3,2,0
-14,-2,-17,-5,-18,8,-2,-9,-7,-17,-19,1
-10,-14,-20,5,2,-25,-19,-10,-5,-5,-10,-4
-15,-9,-5,-11,-15,-20,-16,5,-1,-16,0,-2
-14,6,-16,-10,-1,2,-8,-7,1,-14,-12,11
-3,-4,-19,-19,-18,-18,0,-13,-13,11,2,-19
2,8,-18,9,-2,-18,-3,-5,-14,-16,-1,0
-6,3,-11,2,-8,1,-7,9,-22,-22,-16,0
-2,5,-11,1,-5,-16,-21,-6,-17,-12,-6,6
-10,9,-5,-18,-21,-19,-22,-15,-22,-4,-18,-2
2,6,0,-7,-12,10,-20,4,-20,7,-15,11
-4,16,-11,15,-8,-17,-7,-17,-3,4,-18,12
-13,-8,-8,-9,-7,19,-8,5,3,-6,0,-2
-5,-6,2,18,-22,-12,-11,-7,-5,-11,-11,-1
1,4,4,19,-13,13,-8,-13,-8,12,1,-12
2,-8,-9,12,-22,19,-18,-5,-21,17,3,11
3,14,-6,0,-19,14,-20,11,2,2,4,-9
3,19,-16,17,-20,19,-20,19,-7,24,-9,1
3,24,3,15,-20,18,1,-9,-13,7,1,9
-8,3,-16,11,3,-3,-6,25,-21,-7,-18,6
3,8,-3,8,-11,2,-6,4,-8,-5,-21,-1
-2,4,-21,2,-6,5,-3,14,-1,-3,-6,14
4,27,-15,19,-20,18,4,-1,4,13,-10,27
-1,-4,-8,3,-19,13,-21,18,-13,-2,-11,22
4,23,-10,-3,-5,21,-13,29,-18,11,0,29
3,24,2,10,-2,16,-5,19,-5,3,4,5
2,4,-14,20,3,17,-21,-2,-17,2,-9,3
-7,29,3,29,-6,-2,-4,18,-7,23,-19,-1
-10,34,-19,20,-5,16,-9,8,-18,4,-16,23
-15,4,3,1,-16,26,3,36,-13,31,3,32
1,-13,-9,-18,-6,-6,-5,-33,-1,0,2,-25
0,-23,-4,0,4,0,-8,0,2,-15,2,-25
-5,1,-9,-22,-13,-29,-15,-8,-1,-21,1,-15
-5,-9,-13,-28,0,-31,-15,-13,1,-13,-14,-29
-5,-14,-14,-20,-10,-28,-16,-6,-1,-20,0,-12
-3,-11,-7,-19,-18,-30,-9,-7,-2,0,0,-15
-14,-12,-3,-11,-2,-1,-12,-26,-3,-15,0,-15
-4,3,2,-29,-13,-25,-13,2,-3,-20,1,-16
5,-14,-11,-3,0,-13,-18,-26,-12,-26,0,-1
-3,-8,-10,-1,-14,-15,-13,-8,-11,-25,-11,-11
-12,-9,-17,-20,-14,-11,-13,-8,0,-7,1,-17
-14,-14,-19,-9,-13,-10,-14,8,-4,3,0,11
-7,7,3,0,-14,12,1,0,5,11,-10,9
-10,-6,-3,-23,4,6,-21,5,-12,-10,-13,-9
-6,-17,0,5,-2,-4,-3,2,-16,4,-12,1
-18,-14,-12,1,3,-9,-17,1,-7,5,-18,4
-13,-20,-17,1,-12,5,5,-4,-6,-8,-4,-2
-8,0,-3,-7,0,-16,-2,-8,5,-14,-1,-4
-7,-15,-3,5,-8,-16,-10,17,-12,16,-13,-16
-8,-1,-7,2,-13,13,-10,-1,-8,-1,3,2
-14,-13,-18,9,-1,-7,-14,6,0,-1,0,12
-10,15,-17,10,-1,11,-20,21,-3,11,-2,3
0,-13,-5,22,-8,-4,-2,15,-1,0,4,15
4,16,0,12,-21,-8,1,22,-4,-5,4,7
5,15,4,22,-9,2,-7,1,-5,-2,-18,6
5,19,-13,-11,-12,1,-9,9,2,-7,-9,6
-2,-9,-10,20,-4,-8,-7,26,-21,1,-19,20
5,-6,-1,3,-21,17,-13,-5,-16,24,-18,13
-8,-1,-11,-7,-5,7,-19,-3,-21,25,-20,22
1,-5,-10,27,1,10,-14,1,-3,20,4,15
-1,-5,-6,12,-17,27,-21,8,5,2,-19,13
5,28,1,0,-15,1,-14,4,-6,1,4,19
4,26,-4,8,-16,29,-14,1,-6,23,-16,-1
-1,1,-2,17,-4,3,-8,24,-3,27,-6,10
-13,0,-4,28,5,19,2,-2,-2,9,-21,1
-14,34,1,1,-9,15,-11,19,-1,17,-14,5
-14,32,2,5,-8,29,-11,25,-2,5,4,5
2,-21,-4,-32,6,-32,2,-26,-3,-1,1,-12
6,-15,-19,-28,-5,-25,2,-28,0,-24,1,-18
2,-20,-5,-18,-7,2,-14,2,1,-20,1,-20
-8,-19,-18,2,-4,0,-1,-33,-1,1,1,-27
-4,-25,-20,0,-8,-32,-3,-4,-3,-3,0,-16
-8,-20,-3,2,-2,-19,-5,-2,-4,0,-1,5
-14,1,-10,-22,-1,-17,-17,-17,1,-6,-1,2
-6,1,-7,-14,-14,2,6,6,-5,4,-1,-16
2,-2,-15,-10,-16,-11,-14,0,-12,-7,-4,-4
-3,6,5,-24,-17,-25,-14,-2,3,-26,5,-18
-11,-8,1,-12,-11,-10,5,2,-2,7,-13,-16
-12,7,-14,-21,-2,-20,-2,5,2,5,-13,-13
-8,-12,3,1,-3,-17,-2,3,-9,-17,-15,-6
-10,3,3,-16,-18,-4,-4,-15,-12,-5,3,-22
-13,6,-15,-15,-5,0,-4,-15,-3,-20,-15,0
1,-7,4,5,-14,-20,-5,1,2,-18,2,-3
-8,5,-12,15,-14,13,-9,2,1,13,-7,-15
-6,-15,5,-6,-11,-10,3,-5,-19,1,5,-3
3,5,1,1,-12,-17,0,-12,-14,-2,-19,-11
-14,19,-4,-2,0,11,-6,-16,-9,-17,-20,-10
6,-14,-7,-7,-3,8,-4,-10,2,-5,-19,-7
4,12,-6,0,-10,-8,-10,-15,0,17,-16,-12
1,-14,6,19,-5,2,-8,14,-2,-6,-20,-3
0,-13,4,3,-19,10,-4,6,-9,-9,-12,21
6,19,-9,19,-18,9,-9,-6,-6,0,-20,15
1,-8,-7,-7,-10,-1,-3,13,-6,0,-20,6
3,-4,-16,10,-7,-4,-5,3,-11,26,-7,25
5,16,-19,26,-7,3,-18,18,-1,20,-8,-8
3,-3,-19,-3,2,8,-5,19,-12,28,1,1
1,29,0,20,-5,16,-13,11,-7,-6,-11,17
-9,28,5,-2,3,5,5,1,5,2,-16,-4
3,8,-16,-4,3,16,-15,12,3,5,-18,-2
1,29,-8,17,3,28,-12,4,5,6,-1,-2
0,30,-14,0,-2,0,-8,18,-14,29,2,-2
5,5,-6,11,-8,27,-4,14,-6,22,-9,0
-8,2,-2,27,1,33,-19,3,-3,17,-11,7
5,21,6,24,-5,5,1,31,1,21,6,26
-13,-6,-11,-5,-11,-20,-14,-11,-4,-32,-1,-4
3,-8,-9,-35,6,-14,-14,-11,-5,0,-1,-6
7,-17,-10,-31,-9,-19,-4,-17,-5,-28,-12,-20
-9,-15,-11,3,-11,-6,-17,1,-6,3,-1,-9
0,-5,-17,-7,5,-14,-19,-3,-6,1,-2,-15
-7,-23,-11,-15,0,-12,-10,-8,-6,-2,-2,-21
-1,-12,-11,-15,-16,-18,-14,-10,-7,-15,-2,-21
-1,4,-10,-18,-6,-24,-5,-9,1,-13,2,6
-4,-22,-9,-1,-8,-19,-12,-17,-6,-2,-7,-3
-9,-2,-18,-24,-7,9,-9,-25,-4,-6,-8,-4
-2,-6,0,-2,-16,5,-13,-26,-11,2,-2,-23
3,6,-2,-22,1,-25,-10,-5,-7,-2,-2,-24
-7,-9,-16,5,-3,4,-15,9,-15,4,-17,-9
-2,12,1,-16,-19,-6,-4,-21,-11,0,-9,-22
-11,6,-12,1,-17,-13,1,-11,-15,-14,-16,-15
-9,3,-3,5,-17,-16,-10,9,-2,0,-15,-11
-1,4,-11,6,-3,-14,-15,-5,1,7,0,5
-10,-15,-16,-1,-13,0,-5,14,2,4,-17,-2
-11,18,-12,6,7,16,-6,-16,-5,-15,-6,5
1,-8,-6,-16,4,-15,-2,12,-3,10,0,9
6,-15,3,-9,-1,-8,-7,-10,2,16,-19,-11
4,13,-5,11,0,19,-19,-11,-9,-3,-12,9
-4,-1,-4,11,-16,-5,-15,-9,2,2,5,6
7,23,4,21,0,10,-3,14,4,16,-13,4
6,24,-3,8,4,14,-3,-1,-15,17,-1,-10
7,-11,1,17,-17,3,0,15,4,25,-13,4
-7,-1,-13,7,-12,-8,-9,25,-7,0,-3,23
6,14,-2,9,5,-1,1,9,-6,2,-8,3
5,22,4,28,-7,-4,-11,-8,2,21,-17,14
-7,26,-13,13,2,18,-10,10,1,8,-16,-4
-6,-4,-19,30,2,14,-12,23,-14,30,0,18
-8,4,6,23,-3,4,5,2,-8,3,-9,4
-8,-3,-4,20,-6,14,-2,-4,-8,6,-18,17
1,27,-6,26,-4,11,-15,32,-15,4,-18,17
1,4,-11,31,-16,5,-3,20,-8,17,-1,26
-6,30,5,22,-18,26,-13,18,5,28,-18,34
-6,32,-3,19,-6,21,-9,36,-5,22,5,15
-11,-24,-10,-22,-9,-14,-1,-28,-10,-12,0,-36
4,-18,-2,-23,-4,-3,1,-33,-11,-2,-2,-30
-8,-17,-16,-21,0,-4,-11,-10,3,-9,-2,-31
-9,-30,-17,-9,-11,-16,3,-26,-11,-28,-2,-31
-14,-21,-8,-19,-14,-17,7,-15,3,-4,-1,2
-4,4,-11,-20,-6,-7,3,-6,-11,-28,-2,-30
5,-10,-13,2,-11,-23,-11,1,-6,-24,-3,5
-12,5,-3,-20,-6,-28,-6,-14,7,-7,-3,-28
-11,-2,-14,-20,7,-14,6,-24,-15,-4,-9,-2
7,-14,0,-1,-16,-21,1,-11,1,-12,-10,-4
2,2,6,2,-9,-25,1,4,2,-24,-13,-25
-4,-7,-10,-16,8,10,-10,-3,-12,-12,-3,-25
-1,-1,-10,-4,2,1,-17,8,-14,-12,-16,10
-5,5,-16,0,-18,13,-10,0,-12,-2,2,-14
-10,-3,-3,1,8,4,-10,13,-13,3,-2,1
-18,13,2,5,-2,-3,-12,-15,-12,-10,-2,-2
0,6,-15,6,-1,8,-3,4,0,3,-9,2
-8,-15,-6,9,4,-18,-1,-17,3,16,-6,-3
6,4,-4,-18,-11,-17,-14,14,4,-11,1,-4
-10,-6,6,-16,5,17,-11,2,6,-1,5,-8
-2,15,-15,-5,-1,3,-7,20,-14,20,-13,-16
4,-9,-10,-8,-4,14,3,20,-5,15,-6,-5
4,-7,-10,10,-15,-6,-13,-9,1,-8,-16,-1
-1,-2,2,-2,6,18,-4,4,-10,9,-15,0
-6,-5,-11,1,-7,16,-10,16,5,16,-10,-7
-9,-4,1,2,-4,7,-11,6,-5,24,-4,23
-6,0,-11,8,-17,26,3,0,-13,-2,-4,20
1,8,6,10,3,8,-7,8,-5,19,-3,10
5,22,-9,-1,-2,17,-6,-4,-15,15,-14,-4
4,3,-15,-7,-6,21,-2,-6,4,28,-8,4
4,30,1,6,-11,20,-9,3,-14,29,8,10
-1,24,8,-3,-8,27,4,28,4,5,7,-5
5,30,0,30,0,9,-9,20,-6,3,-5,25
-5,14,-14,33,-12,26,2,7,4,-2,6,33
5,31,2,22,1,23,-2,31,-7,26,6,29
-7,32,0,13,-1,2,2,25,-7,10,-5,19
-5,18,-9,1,-10,9,-5,14,-17,36,-5,9
-4,-7,-17,-28,-8,-31,-7,-28,-17,-16,-5,-23
-10,-34,9,1,-10,-7,-7,-20,-17,-7,-7,-4
7,-21,-12,2,9,-14,-3,1,5,-20,0,-5
-3,1,3,2,1,-22,0,-26,9,-19,-7,-16
-8,-13,-14,-26,9,-30,-4,1,-16,-18,-7,-17
-12,-22,2,4,-1,-21,-7,-1,-16,-15,-7,-17
-4,3,2,-15,-12,-5,-3,-4,2,3,-7,-17
-1,-13,6,-13,7,-8,-6,-6,0,-10,-1,6
-8,0,-10,-1,-5,-21,1,-25,-9,-22,-6,-8
-1,-1,-12,-6,-2,-19,-1,1,9,-5,-12,-20
-9,-10,2,-23,9,-8,-10,8,2,-24,-16,-12
-3,8,-6,4,-2,10,-11,-4,-16,10,9,9
5,-13,-6,-11,-9,12,-11,9,4,-6,0,-4
0,11,-4,11,-5,10,-3,11,3,10,-9,-16
-14,-13,-8,1,-15,-7,-1,14,9,8,-15,-2
-2,0,-4,1,-4,-1,1,-3,-6,-12,-7,1
-3,-1,2,9,-7,-7,2,12,-11,-6,-15,3
5,13,-16,-10,-9,2,-4,2,5,4,-10,-2
-9,17,-8,-8,5,-7,-13,11,-14,-7,-5,12
0,-5,0,11,-10,13,9,0,7,-14,0,18
-10,20,0,-2,9,-15,0,5,-1,-2,-5,19
8,-6,-3,20,8,17,5,15,1,-3,-10,17
1,14,2,9,-16,18,-2,21,7,22,-6,-11
-1,6,6,8,-8,-7,6,12,6,3,-7,-11
-7,0,0,-11,-7,10,0,1,-13,7,-8,20
3,2,-17,5,-8,-3,3,5,7,10,-8,-5
-4,15,8,19,-8,19,1,3,7,22,7,6
-5,9,8,14,6,4,1,-4,-11,27,-9,22
-4,-4,0,5,-3,9,3,28,-10,-4,-10,26
-1,1,-7,12,-8,26,6,21,-10,4,-9,6
2,6,-8,0,-8,5,1,20,-10,24,-9,-5
-2,20,-16,29,-8,9,1,24,-7,17,-10,31
6,28,6,20,-9,3,2,3,7,4,-10,31
2,27,2,4,5,27,2,30,-10,28,-10,15
0,1,-2,18,-9,27,5,21,-10,34,6,27
-9,6,-6,34,2,6,6,29,-9,16,9,30
1,3,-8,5,-1,31,-12,13,-9,27,-11,36
-1,0,-9,-32,-8,-23,9,-32,-8,-4,-10,-2
-7,-20,8,-23,8,-25,8,-6,-6,-27,-8,-35
-1,0,3,-15,-14,-23,8,-14,-7,-4,-10,-18
-8,-30,-15,-33,1,-21,10,-20,9,-3,-12,-18
-7,-27,-11,-17,0,4,9,0,-8,-1,-14,-1
-4,1,8,5,-8,-11,-7,-10,-6,-30,-6,4
3,-6,-6,-18,-11,-27,9,3,-8,-18,-14,-24
1,-2,-7,-1,-13,-13,1,-17,7,-7,-13,7
-10,-19,-1,-1,9,3,4,-7,-14,7,-10,-1
6,-7,-11,-15,-3,5,-14,6,-10,-10,-3,0
-8,-8,4,-20,7,-25,-16,-23,-6,-11,6,-23
-4,-6,1,-17,-7,2,8,7,-8,-16,-15,2
-7,-23,-10,-17,9,4,8,9,8,-23,-12,-5
-7,-9,-8,-22,-7,7,3,-11,3,-7,7,2
2,9,-3,-17,4,9,9,5,10,4,-2,4
-6,-1,-11,-12,-7,0,-13,5,-12,-4,-11,5
3,3,-11,-19,4,16,0,6,-14,-5,-3,1
5,11,-15,-8,-3,14,9,11,-9,16,-15,6
0,-16,10,11,4,-8,-3,16,-13,-4,-4,18
-8,-7,5,-15,-4,9,-3,-5,-9,-10,-14,19
-3,-4,-14,-5,-4,-10,-4,-14,7,7,-13,-4
-2,21,-8,-7,-2,4,-4,-7,2,-5,-3,-8
4,15,-2,-13,1,22,10,15,-9,9,-4,19
-5,-3,-9,2,-9,14,10,7,-9,5,-10,8
8,3,1,-12,-8,14,8,-7,-9,-12,-10,21
8,-1,-9,21,-8,11,10,20,-13,-9,-15,5
9,0,-7,-1,-9,14,-16,-2,-13,7,-16,16
3,1,-7,-5,-7,1,-14,-9,-6,2,-9,-8
7,27,-9,27,-9,23,-9,24,-13,-8,6,25
-6,6,-9,7,-6,-3,10,8,-4,5,-9,24
-5,-3,-10,28,-7,18,4,29,-2,10,10,27
-7,29,7,30,-6,20,5,-1,10,-4,-15,-4
0,-3,-9,1,6,31,5,16,1,-4,-15,1
3,15,-3,-1,-11,7,6,2,1,11,-13,16
-1,8,0,29,-11,17,7,-1,1,32,-8,4
2,0,-9,-1,-12,0,-15,4,2,16,-15,31
-6,33,-12,35,-8,10,-11,7,-6,35,-13,5
3,-1,2,-7,4,-30,-7,-16,3,-11,-10,-28
-2,-30,5,-2,4,-21,9,-32,-10,-12,-10,-18
3,-26,2,-18,2,-1,-4,-10,4,-21,-7,-10
3,-29,-2,-17,-15,-15,-11,-31,8,-3,-10,0
-6,-20,6,1,-15,-11,9,-11,-8,-11,-6,-31
-7,-25,-3,-16,7,-8,-7,-15,5,-3,9,4
0,-21,3,-14,-10,-2,-5,-19,-4,-10,-10,-20
-1,-29,-5,-1,3,7,7,-23,-4,-27,-9,-26
-6,-2,-1,-1,10,-23,-6,-6,2,5,-8,-6
-1,-6,-8,-8,-3,-22,1,5,-9,-9,2,-1
11,-16,-12,-23,-6,0,2,-10,-8,2,0,-6
-6,-12,6,-9,2,9,11,-25,10,4,6,4
7,6,-6,-6,-9,12,11,-23,-2,-24,0,5
3,-14,5,-22,-1,11,6,-8,-4,12,-5,-15
-6,-11,5,9,-14,-17,0,12,-8,5,3,4
-13,7,-3,1,-5,12,11,-12,-11,-17,8,6
-7,-8,-14,-4,-1,-20,11,-9,6,7,-9,-10
-4,-11,11,2,-9,8,-12,-14,-6,-4,-12,-4
-4,1,11,-5,-1,18,10,-2,10,-12,-8,-18
10,-1,5,6,-15,-10,4,-8,-14,7,-13,9
-3,-14,0,-9,-6,20,11,7,9,-6,-8,-5
-2,-15,9,-10,-11,-13,2,-4,-15,12,5,19
8,17,2,-3,-6,6,-14,-4,0,-6,-11,-9
4,2,8,19,-7,1,3,-6,-3,11,-6,-9
-5,-1,-13,-7,-2,-9,11,20,-10,-10,3,5
1,-1,-12,2,-4,-10,8,2,-7,-7,4,20
-4,-4,11,6,-5,-5,-3,20,-4,3,6,15
9,-6,8,4,-9,15,11,-7,-3,-9,5,22
-5,-6,-12,-4,10,-2,8,2,-3,-6,-8,-5
0,21,-15,13,-10,14,3,21,-2,0,5,21
-8,1,-6,15,-10,10,-5,18,0,14,7,-4
9,9,4,0,-7,23,3,26,0,26,10,2
-1,28,4,30,-12,22,6,7,1,5,5,14
8,9,7,8,-5,14,7,12,1,29,-6,2
2,22,9,18,-13,11,8,2,3,-1,4,32
3,12,3,14,-4,31,-3,0,11,-1,10,11
-7,33,5,34,-6,23,-3,19,-2,2,10,13
4,-25,11,-3,0,-10,4,-2,3,-19,4,-1
0,-15,12,-32,-9,-31,9,-16,3,-3,11,-14
-1,-20,11,-16,-3,-16,10,-9,1,-27,-6,-31
-1,-3,11,-33,12,-24,-6,-3,11,-2,-6,-29
5,-21,12,-28,-7,-24,10,-2,11,1,-6,-23
3,-3,-14,-17,6,-18,-12,-16,-3,-16,3,1
-4,2,-5,-6,-9,-23,-6,-18,-1,-27,5,-9
-7,-20,5,-29,0,6,3,3,10,-20,-2,-27
12,-13,-5,-1,-11,-15,-14,5,9,-14,-6,-1
1,-20,-10,-1,-11,-16,9,-9,12,9,-6,-1
2,-17,9,-14,3,-4,9,-3,0,2,4,5
-4,-17,-7,3,-7,10,9,10,-9,-9,3,-10
-3,-11,11,6,1,-21,5,-4,5,-4,-10,-17
-6,-9,-3,-23,0,4,11,-21,8,11,6,9
-5,-22,-14,1,6,-8,3,-16,7,-11,1,-10
-9,0,4,0,1,5,9,-10,-3,0,4,6
4,7,-3,-17,7,11,1,-17,-1,4,-2,-6
1,1,10,11,1,6,3,-9,-6,-6,-3,-2
9,-17,-6,7,7,-9,4,-8,5,12,-6,17
9,9,7,11,-14,-5,5,11,-4,17,-3,-11
-6,-3,10,-9,5,-6,4,-12,-12,-2,-9,3
2,15,9,18,11,-5,6,-7,1,20,-5,15
8,19,-9,20,-13,-1,8,-14,4,0,-13,15
3,4,-14,6,-6,5,11,16,-3,19,-5,-6
1,6,-14,14,7,-11,12,-7,12,-10,-4,18
9,3,10,-1,-10,2,7,15,4,25,-5,1
5,19,12,25,2,22,12,16,-10,-8,11,13
5,-4,6,-5,-14,11,5,-6,4,-7,-3,-8
-3,3,4,-6,-7,-4,5,-3,4,5,-3,6
0,18,4,29,-1,24,5,6,4,24,11,28
1,26,-1,6,-7,28,1,20,9,-1,-2,-6
8,3,-3,4,-6,19,5,29,5,-4,12,7
0,2,-7,32,11,19,7,8,5,6,-1,8
5,33,-6,10,-4,23,7,16,5,32,-5,12
5,12,-5,14,-3,21,10,21,6,1,-1,15
-4,0,-8,34,-3,2,-4,6,8,15,0,1
10,23,-7,30,1,13,2,10,8,24,4,19
9,-7,-3,-1,-2,-9,4,-2,10,-11,1,-33
-1,-35,-13,-28,2,-2,4,0,10,-14,-4,-16
10,2,3,-16,0,-11,5,-25,5,-27,1,-22
5,-31,1,3,5,-19,12,-28,7,-27,1,-18
11,-11,5,-31,3,-24,2,1,11,-14,5,-14
-1,-25,0,-17,0,3,3,-31,8,-11,-4,3
0,-15,-11,-9,-1,-3,3,-15,-2,-6,-10,-26
-6,-23,-7,-29,6,-5,12,-16,-2,0,13,-8
-1,0,5,-6,10,-28,-8,-13,-2,-6,-4,-1
7,-11,7,-5,4,-18,3,4,12,-6,-7,-1
-1,-9,-4,-1,-10,-16,1,4,5,-22,11,-25
3,3,10,-22,2,-16,1,-16,-2,-8,11,3
7,-10,-10,8,5,-8,3,6,-4,-14,-12,-7
-3,6,6,-13,-11,-7,3,-11,4,7,12,11
-3,-7,12,-17,8,0,5,-6,13,-12,1,3
8,-6,0,0,1,-19,1,-11,6,15,-10,10
2,-20,-9,-7,12,-9,10,11,7,-11,10,4
6,-12,-12,-7,11,-12,5,17,7,-9,9,-11
12,0,-12,-4,13,11,4,15,-4,11,11,0
1,-1,8,-9,-12,-8,-6,-15,-1,11,-4,8
-3,-10,1,8,0,-15,13,-9,5,18,-6,4
10,10,10,14,-13,1,3,-10,-11,2,-3,10
0,20,0,21,4,13,5,-13,13,-3,-9,3
4,1,6,-9,10,7,-8,-2,-9,19,-1,18
-1,18,-2,-11,-4,5,-6,1,11,-10,5,4
6,-2,-3,-4,-4,8,9,1,12,-8,-3,-11
11,-10,-12,17,1,0,-10,12,0,24,4,26
6,7,2,4,8,21,-5,-4,2,-8,-3,-5
6,27,-6,-2,-9,14,-9,-7,10,10,1,10
-3,28,-1,7,-8,-1,-1,16,11,24,1,22
8,3,-1,29,-8,-5,-5,18,12,19,1,29
9,4,1,5,13,1,-2,3,11,28,-3,2
4,12,-6,-1,-11,30,-2,-3,12,24,2,-2
-1,28,3,3,-6,29,-7,21,-11,-1,4,13
-3,32,3,-1,0,22,-7,25,-4,26,2,5
10,14,-2,16,1,2,-2,28,-13,16,2,29
7,31,-6,16,-1,20,0,22,-4,23,2,32
5,-11,0,-29,-3,-18,2,-5,13,-35,3,-2
1,-32,8,-17,0,-12,-5,-28,-7,-14,4,-35
0,0,8,-26,10,-30,5,-33,-10,-23,4,-30
-1,-29,4,0,12,-16,-5,-18,11,1,4,-27
7,-19,8,-19,12,-7,-2,-23,-12,4,9,-29
11,-29,9,-16,0,-12,-5,5,-11,-14,4,-23
-3,-24,-6,-18,-8,-27,1,-22,-11,-9,9,-30
-5,5,6,-22,-6,-7,0,-13,-3,-24,-7,-8
12,-16,-1,-1,9,5,-9,-24,9,-25,2,-7
14,-11,-4,-5,13,-12,2,-24,-11,0,0,0
2,3,-5,-1,5,-13,-5,4,-1,-20,-2,7
1,-5,5,9,-6,5,-2,8,12,-6,-2,-1
-1,-6,-11,4,-7,-16,-4,5,-3,-24,4,-4
6,-11,-3,-3,14,4,9,-23,-7,-23,-12,13
-1,-22,6,9,-4,-20,12,14,-3,-14,-3,6
-10,4,2,0,-5,-1,-11,14,-12,-6,-12,-6
1,-7,-1,-18,-4,3,-4,12,3,-3,10,16
11,-9,-6,-3,2,5,-4,-10,7,-1,-11,0
0,-14,5,7,-2,1,12,-5,3,-18,-8,7
14,-10,-3,0,-1,8,2,-11,-6,14,4,13
12,1,-12,1,-9,19,0,9,-6,10,12,-10
5,-10,14,15,-9,21,13,7,-9,11,-5,13
3,-3,5,-10,-9,-10,8,-13,-1,12,5,-10
7,19,13,-2,0,19,-5,22,12,1,12,9
4,-1,13,2,12,1,2,2,-5,10,-1,-8
7,22,-5,22,-1,10,11,9,3,-2,5,-11
1,0,-2,-8,-11,-3,9,18,-7,-6,-1,26
9,22,-2,22,3,-9,3,9,4,-2,5,-7
12,16,-2,-2,2,12,-4,18,-6,15,5,-2
3,23,3,-1,13,5,-10,11,-5,6,5,0
13,-6,6,3,-7,17,10,30,-5,14,5,2
12,14,5,14,-5,4,0,22,-5,27,5,8
5,-3,6,0,12,7,12,14,-2,-1,6,-1
7,25,3,1,-12,6,13,0,0,-2,6,17
14,2,-11,15,-7,22,-6,21,-2,7,0,13
4,28,4,28,-12,0,-3,9,2,33,4,33
11,16,10,31,-2,24,1,17,6,6,0,18
15,-18,7,-11,14,-28,12,-15,-5,-2,7,-11
14,-13,-11,-13,9,-34,9,-3,-4,-10,-11,-14
3,-6,6,-29,-4,-23,-4,-28,-2,-31,7,0
0,-28,13,-27,-10,-30,-4,-8,7,-13,-9,-17
12,-10,0,-7,12,-25,-9,-28,-2,-12,-7,-8
5,1,-8,-8,2,-24,3,-26,4,-8,-5,-8
14,-15,-5,-3,-6,6,12,2,-11,-20,11,-8
7,7,13,6,-5,-8,13,-15,1,7,2,-7
-2,8,11,-1,-8,6,-6,-16,5,2,3,-1
15,-14,-5,-5,4,4,7,6,-4,7,-1,0
-2,9,-10,-6,4,-11,-3,-16,-5,-4,2,0
7,-8,2,-15,-10,-5,13,-8,-4,-10,5,-13
13,-4,0,-14,15,-8,7,-16,11,7,3,-19
13,-12,-10,2,14,-10,13,-1,-11,-2,-1,0
0,-20,4,-17,6,-11,-10,-1,0,-17,10,-11
9,-4,4,0,-4,-18,-6,-5,6,-1,10,13
0,12,4,-17,-1,1,9,13,8,3,6,-8
3,-4,8,-10,-4,-9,-2,-7,11,-4,4,-9
5,-3,-3,-16,-9,-6,15,-8,-2,-12,-10,-8
9,-9,12,-9,-4,1,8,-16,-2,-3,7,19
6,-1,-9,6,1,-14,8,20,13,-16,2,0
-1,-15,10,-15,9,-4,5,-11,12,-9,0,11
6,-12,-7,-3,4,-3,9,8,-1,4,9,6
8,21,-1,-4,9,2,-2,-12,2,10,-9,-9
6,-12,4,5,8,-4,-10,-4,-11,2,0,7
9,25,5,6,-6,-9,10,-10,-1,22,8,-10
5,10,14,-3,-4,6,14,24,4,20,-8,1
5,-6,6,17,-5,-2,4,14,5,15,-2,11
15,16,-5,28,12,0,3,21,-3,-8,6,22
8,1,10,23,12,24,1,-4,2,-3,1,21
14,0,7,2,-6,11,15,-2,-2,26,7,-2
3,2,10,-2,11,26,-6,3,2,10,-7,8
3,8,10,13,4,-3,10,-2,-1,9,-6,31
2,33,10,21,13,13,10,3,-1,20,7,6
7,14,1,32,0,0,-3,13,1,9,1,18
2,8,11,23,-8,14,-6,20,-1,29,8,11
-1,10,14,21,6,10,-8,27,1,13,5,15
14,-20,9,-30,8,-18,-3,-20,3,-22,9,-21
3,-24,10,-33,-2,-10,-10,-24,4,-14,7,-30
-4,1,-9,-4,-5,-4,-7,-19,10,-3,-4,-6
1,-4,-7,-16,8,1,2,-15,12,-33,2,-11
-7,-22,3,-9,0,-2,15,-9,3,-1,-8,-4
-1,-7,11,-22,-6,-1,-8,-11,4,-8,-7,-11
5,-7,-9,-11,11,-6,15,-16,9,-9,7,-9
8,-19,6,-26,-2,2,14,5,0,-8,-1,6
2,-8,-4,-20,-4,6,-2,-1,-10,4,5,-2
5,-19,12,-6,3,-16,-2,-26,0,-23,-5,-16
15,-7,8,-21,0,-23,-2,-23,0,-10,10,7
13,-14,3,-25,10,8,-9,-5,7,-13,5,-11
0,-17,-3,-23,-4,4,-1,-9,-7,5,-3,5
7,-5,-1,-4,12,-23,-3,-9,7,-19,13,5
14,-20,-2,10,6,-17,11,-19,12,11,2,-13
-3,6,-4,-12,8,-17,5,-1,2,-4,10,1
0,-15,-6,-15,15,10,-9,-9,-4,-1,5,5
14,17,14,-1,-9,5,-4,16,8,-8,9,11
4,-13,10,2,-4,5,-1,13,6,18,10,6
10,-10,-5,14,-9,-5,11,13,2,15,9,3
15,-11,15,1,6,-4,-3,-12,4,17,-3,-14
4,-7,-10,9,6,19,-3,6,7,-9,7,4
12,14,-8,-14,13,-11,1,19,14,14,13,7
14,-9,-3,-4,11,0,11,23,3,-8,-3,-6
13,6,4,-7,8,-2,-3,11,-6,-11,12,9
14,7,13,4,15,-11,-5,8,5,-8,7,14
13,17,-9,23,3,16,16,18,9,-1,11,23
-9,2,2,-4,-6,17,-10,1,-5,2,8,13
0,6,12,18,-9,20,-7,8,-4,1,-5,-2
14,-6,0,17,14,28,-2,26,3,18,-9,17
2,30,11,-1,13,23,14,21,6,16,16,21
13,12,3,8,-5,-5,2,30,4,15,10,0
14,31,15,-2,-10,4,1,16,5,10,11,0
4,11,7,29,15,31,-4,19,6,16,9,0
10,30,-2,28,14,24,16,6,7,14,9,6
8,14,-3,30,-2,11,2,12,-6,12,9,34
6,14,10,19,-3,29,14,11,-2,5,10,1
5,-26,10,-35,3,-2,12,-12,17,-21,11,-33
7,-23,-1,-31,6,-1,12,-13,-1,-5,9,-5
11,-10,-3,-28,15,-12,12,-17,3,-9,14,-12
8,-26,-7,0,-4,-6,2,-2,15,-7,-4,-10
-4,-1,12,-11,9,-23,16,-26,17,-4,-2,1
-4,-23,13,-30,12,-17,-6,5,-1,4,16,-25
-4,-24,-1,-11,-8,5,-9,-4,-2,-20,2,-9
10,-7,-6,5,13,-2,-4,-28,17,-12,12,-7
8,-24,12,-5,-6,-6,0,-12,8,-18,13,-1
-7,-3,12,-5,12,1,15,-8,0,-16,-4,-18
1,10,2,-19,3,-4,16,-7,1,-2,-8,-22
16,-17,-7,3,9,-2,3,-11,-1,0,-4,2
5,-7,6,-14,-5,-20,-2,-21,0,0,-3,-4
2,-16,3,-12,16,-5,3,-6,0,-22,-7,-21
2,14,4,-3,6,-18,10,9,-8,0,-6,-13
12,4,7,0,1,-15,16,4,-2,-7,3,0
10,6,-6,7,0,-7,17,2,14,-8,-2,-12
17,-13,-6,3,5,-3,12,-1,7,-3,-5,1
10,-14,6,-16,-9,-4,4,7,8,-5,-9,12
6,0,9,0,16,19,9,4,7,-5,14,-10
15,16,1,-11,12,13,-3,14,-7,4,15,17
16,9,-4,14,17,21,14,14,4,-3,11,10
14,15,3,22,14,-2,0,-3,-4,21,-3,-10
5,-2,14,10,-2,20,16,22,-7,20,-6,4
6,4,12,20,11,12,8,2,15,-5,9,-6
4,-3,17,20,-8,8,0,21,10,21,-3,21
4,-4,1,13,5,20,2,4,5,21,4,15
-6,12,4,-3,4,6,13,7,13,8,-1,6
-5,-2,-4,3,10,13,9,15,13,14,-5,26
11,4,-4,1,-9,6,17,14,-3,-7,6,16
-3,22,1,20,-3,10,8,25,6,18,15,20
14,4,-9,20,2,0,9,27,1,14,-1,7
2,27,-1,17,13,32,10,0,16,23,11,0
15,31,3,-2,17,8,12,5,-3,21,11,4
11,33,-7,1,14,34,12,14,5,34,11,8
12,31,11,29,-8,20,13,19,-2,25,10,32
10,3,-7,15,-1,0,15,1,10,17,11,29
10,-36,-3,-33,6,-24,15,-24,-5,-35,14,-24
8,-35,-4,-17,14,-26,3,-32,8,-24,15,-31
0,-12,-6,-7,16,-5,14,-15,7,-19,-6,-16
-2,-25,14,-8,11,-1,0,-27,17,-14,-4,-2
-6,-17,12,-16,18,-1,5,4,11,-29,12,-32
-4,5,17,-6,-2,1,-2,1,8,-25,-7,-8
-4,-10,2,-10,-5,-30,15,4,17,-15,-5,-20
13,-3,5,-2,-2,-29,4,-29,-4,-18,-5,-15
6,-2,9,-5,-7,5,12,-23,-6,4,-4,-17
17,-13,-1,-5,16,9,17,-15,-1,2,3,0
14,-14,14,-16,0,-7,4,0,8,-21,12,-18
10,-20,6,6,9,-17,9,0,-3,3,-5,8
4,-23,11,-8,4,-15,18,-5,3,-10,-7,-2
7,6,16,-12,-7,-17,18,7,8,10,-6,-11
17,-19,2,-4,2,-21,-5,-21,0,-19,2,-12
10,2,9,0,0,13,12,-14,18,-12,9,1
-5,-12,4,5,6,-7,1,-18,9,-5,17,6
15,5,-4,5,5,-2,-3,4,-5,-3,-1,4
13,-11,13,-8,10,3,-5,-15,8,-15,-4,-9
13,-9,-4,-15,5,10,-4,11,14,15,8,4
18,-15,-7,-12,11,10,3,-14,-7,-14,16,1
7,0,10,-12,5,10,-3,-6,11,-7,13,16
13,20,-8,-2,14,-2,2,17,15,-14,0,3
13,22,5,4,2,21,-3,-7,9,14,-7,-10
10,-6,5,20,-1,1,-4,1,12,-7,-6,-11
9,2,-5,-4,7,10,14,6,-5,4,7,10
2,17,18,15,3,20,14,19,9,-7,7,17
-5,20,7,-1,12,-1,-8,23,8,-1,12,4
-3,-5,4,9,0,3,3,24,-1,-6,13,-1
0,17,-3,-1,-6,26,12,24,-3,20,-1,20
-8,-2,0,21,3,0,7,3,-6,30,11,16
7,-2,-2,6,-2,8,-4,3,1,16,-1,21
9,27,16,9,-2,10,-5,6,-8,14,3,7
13,25,6,14,-2,7,-5,5,11,16,-3,33
9,7,16,25,-4,7,13,7,-6,19,10,21
12,18,1,11,-2,11,-2,15,9,30,0,19
13,20,17,27,-2,18,-2,15,10,0,4,32
10,-28,5,-12,18,-10,8,-15,19,-18,14,-17
9,-8,5,-26,-1,-18,-4,-14,3,-15,-1,-29
-1,-22,9,0,19,-2,16,2,12,-10,7,-18
-4,3,-6,-12,17,-9,17,2,9,-31,5,-9
-5,-18,-2,-8,15,-19,12,-8,-7,-8,-3,-31
-4,4,-3,3,19,-12,6,-3,-4,-26,-1,-24
-6,-10,-5,-16,16,-21,-2,-8,-4,-12,-4,4
-2,-3,-2,-2,6,-20,-2,-1,15,-8,-4,-23
4,-4,15,-10,-6,-28,-1,-18,-4,5,-1,-17
-6,-3,3,-5,15,-6,-7,-2,15,-21,1,-5
-1,-5,-4,4,-1,-22,-4,-6,13,-25,-3,-4
-2,-5,15,-16,-6,5,-1,-13,16,8,-7,7
15,-5,4,-6,-1,-13,-6,-21,11,-19,-6,2
0,6,14,-5,-1,-20,-7,-6,0,-17,-5,-18
9,-5,-1,-12,15,0,-6,-15,-6,-18,-1,8
4,0,7,1,-3,3,15,5,-5,9,-5,6
5,4,10,-10,16,7,-5,-19,17,-9,-7,-6
7,8,12,7,6,-11,-4,12,16,8,-4,5
9,5,16,2,-6,-16,-1,0,-3,4,0,-5
13,8,15,5,-3,17,-1,0,-3,13,-3,6
13,4,10,-9,12,-12,-1,-2,3,13,10,7
14,9,9,20,12,5,-1,-11,5,16,14,17
2,13,-1,0,13,-11,-1,-11,-2,-7,16,-14
-2,11,3,20,14,22,-7,5,14,4,-5,19
-1,15,6,16,-3,-5,-4,22,1,3,4,-12
-5,12,1,17,16,-6,-4,13,7,7,7,-4
-3,16,-2,0,-5,12,8,18,5,9,9,16
-6,-4,2,22,4,10,1,8,12,-9,1,27
-7,9,16,-6,-4,-5,4,26,12,4,15,-1
-7,1,16,15,-5,17,-3,23,1,22,-5,18
-7,4,16,21,14,-6,6,7,19,28,-3,22
-5,14,-3,10,9,18,19,13,8,17,0,4
6,17,4,10,-4,20,-5,-1,13,19,6,0
11,18,12,-1,13,18,-5,16,-5,-2,7,11
-3,22,19,20,-5,25,-1,3,14,28,16,0
-1,18,17,1,-5,25,-4,32,13,16,14,17
10,21,15,16,-5,30,-2,30,13,30,-1,8
15,-19,-3,-1,4,-16,-5,-20,12,-20,2,-3
14,-12,11,-11,8,-30,14,-15,14,-9,13,-8
-6,2,0,-16,16,-6,-5,-4,6,-14,-2,-20
-3,-31,-6,2,11,-29,-3,-19,-4,-2,4,-30
-1,-10,-4,-26,17,-7,14,-23,5,-7,15,-22
-3,-31,-1,-15,13,-26,16,1,-5,-26,8,-11
-2,4,0,2,12,-2,4,-16,-5,-11,-1,1
-6,-23,-2,-22,0,-24,4,-8,8,-15,17,-23
-5,-15,18,3,-2,-5,-6,-8,-3,6,14,-1
-5,7,17,-21,14,7,4,-17,14,-5,4,-1
6,-4,14,-21,12,-26,13,-11,6,7,9,-11
-4,7,8,-14,-1,9,17,-16,15,-21,8,-14
1,-3,9,-9,6,-11,3,-24,13,1,0,-23
5,4,8,-9,11,-5,6,-11,-4,-18,16,0
9,-18,-4,14,15,4,14,-19,14,-3,8,-12
-6,-12,-4,-4,12,4,9,-14,6,8,15,0
-4,-10,7,10,1,-6,-6,16,6,-12,15,6
-1,4,15,7,12,14,18,9,2,15,13,4
2,9,3,14,18,-18,20,9,17,13,17,14
1,-9,-2,-14,-4,1,11,1,5,1,0,-8
1,3,6,10,-5,15,19,5,18,-11,13,-9
0,11,9,21,6,-3,-2,3,-2,5,8,2
15,13,20,-13,-2,4,-5,5,-4,-2,3,22
3,12,5,-5,5,18,-2,-13,9,3,8,19
-1,13,11,10,-2,15,2,9,14,12,-3,9
-1,16,-1,8,10,-10,16,11,18,12,5,21
-4,-8,11,17,-1,21,-3,13,-2,13,18,-2
-1,-7,7,24,19,-5,8,2,16,-7,3,-9
0,8,-3,-7,20,7,7,-1,-5,4,15,22
-4,-7,-2,15,-3,23,3,-4,18,17,-1,21
-2,-3,10,21,-4,2,-1,21,-2,4,7,24
-6,9,1,24,-2,-5,-1,9,-6,21,12,8
-5,31,5,16,-5,25,9,7,17,3,20,14
15,15,-6,-1,10,21,19,-3,-3,33,-4,32
10,19,20,30,-2,29,-6,17,6,12,16,26
0,23,18,24,0,14,9,9,-3,34,-5,12
1,25,9,0,-2,25,2,7,-3,30,16,35
2,-12,21,-28,14,-8,-4,-30,12,-12,-3,-15
16,-16,-4,-33,20,-33,8,-6,11,-17,19,-35
-1,-3,-1,-18,11,-18,-3,-20,6,-33,21,-11
-1,-15,21,-26,21,-26,0,3,-4,-27,17,-7
-4,-22,17,4,8,-32,10,-18,15,-7,18,-27
-2,-5,9,-13,6,-5,-1,-19,11,-27,15,-14
-1,-8,6,-14,-4,-13,0,3,8,-3,9,-8
-1,-2,15,-26,19,-15,19,-3,3,-13,3,-4
-5,-3,18,-27,11,2,1,-27,9,-3,17,-23
0,-9,11,-11,3,6,-1,-20,17,-8,13,-20
12,-4,15,-12,5,-17,18,0,13,-5,13,-14
-1,-24,21,-7,13,-24,1,-14,-1,-22,6,-20
1,-10,9,10,17,-5,15,1,20,-17,3,8
-5,-20,7,-7,3,-15,9,1,4,-16,2,-18
-5,-6,10,-10,19,10,6,-4,8,10,3,-11
-1,8,6,11,-5,1,18,-4,18,-18,0,-6
-2,-17,10,10,6,-12,8,-1,-4,-9,17,-9
-1,11,4,16,16,-8,-5,-18,18,7,11,6
0,14,20,-3,18,4,1,-11,0,0,19,-16
-1,16,10,11,2,-17,19,-1,-1,-8,5,1
8,7,-3,14,0,6,-5,15,19,11,-2,0
-2,-11,16,20,11,-13,17,6,1,-14,14,-9
-5,21,-1,-14,19,20,-4,-12,4,5,15,-2
-4,3,17,-13,21,-10,0,-3,11,21,4,-2
-2,-11,17,2,0,0,-3,-6,-2,-5,14,17
-3,-10,20,5,7,19,9,16,-3,-7,14,-6
-1,2,17,13,-5,22,20,8,0,-4,14,18
0,-2,3,25,12,16,0,26,-3,4,10,2
-5,5,-3,21,15,15,0,26,16,23,12,23
-4,-6,-2,3,14,28,18,9,8,14,19,0
-3,15,20,26,7,5,6,1,19,28,-4,0
-5,2,9,-1,-1,9,-1,5,17,22,-2,23
-2,2,21,16,0,5,-3,21,1,24,11,13
5,20,7,3,10,9,19,9,4,19,13,18
-1,6,18,8,10,4,-5,19,2,15,20,2
0,29,3,28,12,22,10,11,1,11,8,18
5,22,18,31,-3,2,-3,17,0,22,14,9
4,-15,1,-16,22,-36,15,-19,-3,-3,-2,-28
4,-10,12,-11,7,-1,7,-5,8,-31,-1,-35
-2,-8,10,-28,6,-34,5,-6,-1,-12,15,-30
-1,-20,8,-6,8,-16,5,-19,-1,-2,9,-2
-3,-25,12,-4,15,-2,-2,-6,0,-8,1,-30
-1,-12,0,-8,20,-8,7,-5,14,-3,20,-27
-1,-5,-3,-4,13,-16,11,-30,2,0,15,-30
-3,-20,-4,-18,9,-25,13,-3,-4,-7,5,-11
-4,-28,9,-3,9,-12,3,-16,1,-27,20,-19
11,-5,1,1,1,8,20,-12,-1,5,13,-3
2,-24,12,-24,14,1,20,-26,8,-21,2,3
0,-23,8,8,12,2,0,-8,0,1,7,10
-3,-16,7,-19,0,8,7,-14,4,-4,10,9
-2,-3,-3,-5,0,-2,12,1,-4,-18,16,-12
0,-6,12,1,0,-2,-3,3,0,-8,18,-18
-4,12,-1,7,19,9,0,-10,-4,4,0,11
-2,15,0,7,10,-6,-4,-11,-1,8,19,-4
1,-14,-1,-10,1,10,0,5,-3,15,7,6
12,4,16,11,0,10,0,16,2,-13,22,17
-1,10,-4,-13,12,12,2,12,7,10,15,-7
-3,2,20,-8,6,-5,12,9,-2,-10,18,-10
-2,1,2,11,12,2,17,18,-2,12,4,4
5,8,12,-3,-4,5,-1,-5,22,9,1,6
-2,14,11,19,18,-11,7,-2,-2,11,-4,-9
9,15,4,-2,-4,19,-3,-12,13,11,22,5
-3,12,-3,-3,14,4,-4,-4,-3,14,16,10
9,14,16,26,13,19,2,-2,-2,0,4,20
-4,6,22,14,9,4,2,0,-2,13,7,1
-4,-7,9,-1,12,-5,8,23,1,5,14,25
-4,21,-1,17,15,15,0,29,12,6,17,-5
-3,24,7,9,11,11,18,2,4,-4,14,2
-3,-5,12,17,14,27,12,24,-4,2,9,-3
3,18,10,29,22,8,-2,6,3,20,9,6
16,19,22,3,6,32,1,15,16,5,2,15
5,18,14,18,6,26,5,33,13,-1,2,29
0,24,15,24,17,15,-1,18,0,-1,13,32
5,23,15,30,18,29,-2,8,-1,13,3,16
3,-16,7,-32,-3,-13,1,-33,5,-25,6,-27
17,-17,-3,-4,6,-20,4,-9,21,-5,11,-4
2,-23,4,-32,-2,-26,8,-29,15,-31,12,-18
3,-8,13,-19,18,-25,-2,1,1,-15,14,-6
-3,-2,15,-5,17,-10,7,-19,9,-11,15,-31
0,-13,10,-23,-3,-20,1,-8,2,-1,19,-6
-2,-26,1,-21,-1,-13,0,-18,0,-5,13,-16
3,-12,6,5,10,-15,3,-27,19,0,7,-17
-3,-1,7,1,17,7,-1,8,3,-1,8,-20
-1,-10,3,-2,7,-25,18,-14,9,-24,-3,7
-2,5,11,-24,11,-5,10,-3,3,-6,12,7
-3,-7,3,8,15,6,22,-1,19,-20,4,-10
2,-8,12,11,19,0,6,12,23,-8,6,-22
0,10,-3,-8,-3,-21,12,-18,-1,-16,16,-12
2,-22,-3,5,8,-7,16,5,2,-10,19,8
-3,3,19,13,18,11,22,-13,10,-3,-3,-2
3,-19,3,11,7,11,5,-9,13,5,6,-3
0,3,-1,-11,23,-14,7,-7,8,14,12,-11
0,5,12,13,19,-3,10,-8,8,-6,9,-15
2,0,5,-11,16,-8,17,0,4,-1,-3,-16
0,18,7,0,10,14,18,16,-1,2,4,3
8,7,18,-9,7,12,9,-8,-3,-14,0,15
3,9,-2,8,17,-8,12,1,0,-2,14,0
-2,12,0,-1,6,22,-2,0,-2,19,19,-3
18,9,1,16,17,-5,20,-7,3,3,6,19
10,11,15,-1,20,6,0,19,10,11,13,7
0,4,18,-9,20,6,6,9,3,0,-3,10
-3,-7,8,-3,9,1,-3,13,-1,20,-3,13
-2,-2,-3,2,-3,21,10,-5,5,18,20,4
1,8,20,4,21,8,5,27,22,9,20,12
-3,23,8,5,18,15,10,14,-1,13,23,24
-2,12,0,9,8,7,10,19,3,2,15,9
3,18,-2,11,3,4,13,10,6,23,21,30
6,18,13,29,11,25,1,1,9,31,2,29
3,4,8,26,16,-2,18,19,20,17,18,6
1,20,6,28,16,32,1,25,11,16,1,35
-1,22,12,34,21,3,-1,7,7,10,6,33
0,-7,7,-6,23,-20,-2,-23,7,-11,10,-25
10,-8,15,-18,18,-6,0,-26,20,-9,1,0
5,-11,22,-17,13,-27,8,-18,23,-34,20,-5
-1,-12,3,-16,17,-2,0,-4,1,-25,20,-13
1,-17,10,-28,3,0,2,-13,12,-24,8,-3
12,-9,22,-27,19,-26,13,1,19,-22,-1,-13
1,-14,0,-4,18,0,22,-21,21,5,17,-13
3,-15,16,-23,4,6,0,6,12,1,20,-13
-2,-2,7,-14,-2,-25,12,-28,1,-7,10,-16
1,3,0,-3,22,3,-2,-11,23,-13,11,-12
-1,6,-2,7,21,-12,12,-3,17,-22,21,-18
3,-24,2,6,21,10,3,7,20,11,21,-12
1,-7,3,1,19,-6,14,-3,12,-22,22,-3
-2,0,7,13,9,-7,8,-22,8,5,8,9
0,-4,0,-10,22,-2,11,-7,10,5,11,2
-2,0,7,-19,-1,4,13,4,23,11,11,12
-2,-1,2,-3,24,-7,15,-5,-2,10,22,10
1,13,8,-8,16,5,15,3,2,-13,13,-16
-2,4,10,-10,23,6,15,12,-1,12,13,-14
3,-4,10,15,24,16,16,-11,0,-8,22,-6
4,-1,21,10,10,-1,-2,-4,2,5,13,8
19,8,4,-10,16,11,14,5,3,0,3,-3
5,6,23,21,-2,-14,-1,19,24,13,4,0
0,20,2,6,18,-1,13,17,1,7,16,-8
4,-9,19,0,13,-10,7,1,-1,17,15,16
3,23,-1,25,-1,5,9,-7,9,23,13,-5
-1,17,14,0,14,11,21,-2,-1,16,-2,18
10,14,12,19,17,7,17,1,4,-1,24,15
-2,-3,-2,-3,0,-8,-1,23,3,12,18,28
2,-3,5,27,17,10,8,22,8,-2,9,11
-2,25,14,19,22,3,8,13,21,11,20,8
19,17,21,14,-2,29,14,29,13,-3,13,4
0,2,23,2,2,12,15,1,-2,31,12,20
4,4,24,7,16,3,11,15,18,26,23,25
13,22,16,22,20,6,-2,21,12,-1,24,13
-1,35,14,4,15,14,-2,-1,17,25,12,35
4,13,16,18,21,6,16,14,7,9,18,2
21,-15,13,-13,22,-18,15,-19,-1,-34,13,-27
5,-24,23,-2,20,-25,23,-33,0,-20,1,-35
7,-14,19,-2,1,2,13,-18,12,-26,15,-23
2,-22,1,-26,0,-19,11,-11,24,-21,11,-27
3,-15,9,-17,24,-13,0,-10,9,4,9,-13
2,-19,17,1,2,-25,19,-19,5,-25,7,-15
5,-12,-1,-2,21,-27,-1,0,18,-23,14,6
1,7,4,-25,16,-28,13,-14,9,-4,-1,-20
0,1,10,-24,3,-16,6,-8,10,2,15,-12
17,-5,13,-20,4,-22,13,-23,9,5,22,8
2,-6,18,-15,2,-5,19,1,12,-17,23,-16
0,-6,21,-21,19,-6,8,-20,12,-12,15,-18
3,4,-1,-11,18,3,18,-10,13,8,15,7
5,-23,18,-15,10,12,20,-9,4,-6,15,9
3,10,25,-10,12,13,25,2,14,-17,10,-13
4,-11,9,13,17,-1,15,-12,18,-7,18,-2
2,8,-1,1,13,-13,9,14,5,5,19,-14
4,-4,13,13,-1,9,4,-17,19,16,19,0
-1,2,1,-8,-1,-12,6,9,5,17,0,13
2,14,7,0,25,11,8,10,9,0,23,6
4,-12,3,-2,10,-3,1,-14,15,-1,4,-11
1,-7,9,21,25,2,16,5,10,-12,6,6
1,-2,14,-3,21,4,22,-7,1,9,7,15
4,16,2,2,-1,12,1,-1,9,-6,13,-12
1,1,4,23,15,-8,3,9,13,1,12,-12
11,10,20,25,18,-8,16,16,11,-2,23,3
10,13,25,16,14,14,19,19,15,7,4,19
2,15,3,3,14,10,0,14,7,5,5,4
0,25,5,5,16,23,-1,-6,4,2,5,27
5,-3,23,22,21,27,8,26,2,-1,8,3
4,30,12,12,0,4,3,8,8,20,23,26
3,30,8,28,21,9,1,23,13,5,10,11
1,1,0,27,11,21,13,17,20,-3,0,7
0,23,16,3,22,21,0,11,11,27,24,7
7,21,3,27,14,16,1,20,4,1,1,22
3,9,25,10,21,25,18,20,12,18,2,7
5,10,1,2,4,14,2,29,0,18,0,33
2,-5,1,-30,19,-35,12,0,0,-23,11,-2
5,-16,22,-22,1,-20,13,-4,26,-28,13,-3
10,-13,7,-24,25,-7,11,-15,3,-30,13,-33
15,-6,0,-24,23,-10,10,-6,5,-4,2,0
1,-10,1,-3,0,3,3,3,4,2,1,-17
2,-1,14,-11,1,-20,26,3,10,-25,18,-16
5,3,12,-27,14,-26,13,0,11,-7,23,-16
2,-20,9,-21,15,-2,0,-2,20,-8,0,-29
5,0,6,-26,3,-8,12,-19,26,-4,21,-16
2,7,25,-19,15,1,14,-15,14,-12,12,-23
3,-21,10,-9,11,-16,10,-23,19,2,11,5
4,-11,18,8,3,3,19,0,8,-15,5,-21
1,-22,22,5,14,-18,13,-24,0,-15,12,-5
0,9,1,0,0,7,21,0,3,4,20,-9
1,-19,6,8,24,-16,3,3,7,-10,20,8
5,-9,23,-7,24,-17,19,-2,1,-21,15,7
14,3,15,13,11,16,17,-3,9,-8,21,-19
0,-7,5,14,5,-1,9,10,1,4,16,-9
1,-6,22,-10,20,-2,11,10,6,11,13,0
4,-4,15,-3,2,-10,1,-5,0,-9,22,-17
4,-16,9,10,11,-2,3,-16,0,-13,10,5
4,4,5,-2,13,7,2,15,15,3,3,-13
4,9,2,-10,22,11,1,13,5,0,0,15
2,-2,0,-13,12,22,2,0,5,19,10,-8
2,-5,15,-11,22,-2,3,-5,0,0,0,21
22,11,9,2,0,-1,4,14,18,7,21,2
1,4,2,21,20,8,1,19,0,-6,5,14
2,-6,15,20,17,21,20,4,12,7,13,-1
0,3,2,10,15,21,10,20,2,17,0,-2
4,0,20,3,4,3,25,8,10,7,2,4
6,-1,6,-5,24,27,13,-2,1,-5,13,-3
1,23,0,-4,14,28,24,1,9,12,4,21
4,1,17,16,21,32,3,28,15,30,10,30
1,12,0,0,26,11,1,14,23,12,20,32
14,22,22,26,2,30,0,13,0,27,5,23
2,3,2,18,15,19,12,9,25,23,25,29
5,35,16,30,20,4,23,27,20,0,16,29
