-2,-7,-7,-12,-19,-15,-18,-26,-1,-8,-11,-4
-1,0,-26,-20,-18,-34,-2,-35,-20,-22,-26,-20
-3,-26,-4,-26,-19,-10,-22,-32,-12,-6,-11,-21
-2,-3,-14,-30,-1,-24,-12,-19,-20,3,-25,0
-1,-7,-15,-17,-17,-26,-19,-22,-5,-14,-4,-19
-3,-27,-8,-31,0,-20,-9,3,-2,-10,-7,-16
-4,-29,-6,-28,-12,-14,-3,-20,-16,-13,-25,6
-1,3,-18,-5,-14,-19,-24,-1,-14,7,-10,1
-6,-25,-15,-25,-13,4,-20,1,-9,6,-16,-25
-1,-1,-5,-26,-9,-8,-3,-14,-12,-23,-22,-18
-7,7,-4,-26,-4,-6,-5,-25,-13,-6,-6,8
-14,6,-1,-17,-26,-10,-14,0,-11,6,-12,-1
-12,-19,-13,0,-11,-9,-7,11,-2,4,-1,11
-18,10,-15,13,-15,-22,-18,8,-24,-10,0,-16
-3,-5,-23,0,-8,-5,-14,8,-17,4,-1,-3
-5,-19,0,-8,-7,14,-16,-12,-12,13,-1,13
0,9,-16,11,-1,5,-1,3,-26,-6,-15,15
-1,10,-11,-12,-23,-9,-16,14,-19,17,-14,-3
0,10,-7,11,-17,-3,-7,18,-14,-18,-17,-8
0,13,-26,-4,0,-1,-17,-15,-6,8,-26,-8
-1,11,-20,3,-10,-11,-11,11,0,3,-25,-8
-1,18,-11,13,-3,-2,-19,7,0,-14,-12,-9
-2,-11,-21,-5,-24,-2,-14,-12,-24,0,-25,21
-19,-6,-26,1,-9,18,-20,-5,-2,-4,-2,22
-9,6,-18,18,-26,-1,-3,-12,-8,-6,-6,4
-4,17,-14,20,-26,23,-16,2,-16,10,-10,-8
0,-9,-18,-2,-6,19,-1,-5,-19,12,-24,11
0,18,-23,18,-18,20,-9,23,-17,9,-4,-3
0,-8,-19,18,-26,5,-18,-5,-23,6,-7,11
-1,-6,-6,-1,-20,14,-11,-6,-4,4,-6,25
-2,26,-24,13,-23,15,-25,28,-21,7,-2,6
-9,7,-11,25,-2,10,-6,19,-4,23,-21,20
-9,-2,-1,11,-12,5,-21,1,-12,26,-21,27
-15,9,0,25,-14,26,0,15,-24,26,-11,23
-7,15,-12,12,-5,33,0,28,-3,1,-15,22
-2,4,-2,30,-2,9,-2,24,-2,16,-3,6
-5,35,-2,5,-8,13,-24,0,-25,33,-16,32
-5,0,-12,-23,-1,-5,-19,-9,-5,-35,-13,-21
-5,-27,0,0,-15,-16,-7,-26,-21,-15,-5,-18
0,-28,0,-24,-19,-33,1,1,-15,-28,-19,-3
-1,1,-12,-21,-16,-23,-4,-14,-6,-20,-2,-22
-2,-25,-2,-20,-15,1,-1,-3,-5,-5,1,2
-11,-18,-15,-14,-5,2,0,-3,-4,-18,-11,-12
-5,-24,-16,-29,-1,-27,-17,-15,-12,-3,-4,-17
-11,-17,-7,-9,-4,-4,-5,-29,-18,6,-4,-23
-8,-28,-20,2,-6,6,-7,-28,-12,-4,-17,-26
-17,-16,1,-20,-3,0,-25,-1,-20,-10,-4,1
-14,8,-19,-21,-25,-9,-4,-19,-5,-8,-9,7
-16,-12,-24,1,-18,-12,-8,-12,-10,-24,-8,-22
-11,-7,-19,11,-5,10,1,-10,-11,5,-18,-17
-6,9,-10,-22,-15,-22,-4,2,-13,-11,-16,3
-14,-3,-12,-19,-18,-3,-1,1,-24,1,-18,-19
-2,-6,-5,-5,0,9,-3,11,-11,-6,-8,7
-1,-12,-6,14,-12,-2,-25,-20,-17,-20,-9,-3
-4,-13,0,2,-13,7,-16,4,-19,4,-20,-1
-1,-11,-4,-10,-9,-18,1,-9,-9,18,-4,-11
1,15,-8,17,-9,7,-1,-16,-1,2,-21,3
1,19,-6,7,-24,11,0,11,-11,-2,0,-5
-6,-12,-5,-8,-4,-12,-24,2,-17,6,-7,-4
-4,19,-8,17,-16,22,-5,13,-18,16,-9,-10
1,20,-24,23,-8,-8,-21,3,-4,21,-8,-1
1,24,-24,9,-15,-4,-9,12,-20,12,-20,4
-3,-11,1,20,-6,-3,-2,9,-3,1,-12,-9
0,18,-8,8,-5,-9,-2,25,-16,-8,-17,-6
0,22,-19,17,-8,-3,0,-3,-16,0,-25,1
-2,21,-9,20,-15,17,-6,12,-21,7,-7,9
-2,11,-24,-4,-9,3,-18,-5,-18,-7,-22,10
-5,-5,1,-6,-18,19,-20,13,-16,16,-14,-3
-5,0,-9,11,-1,-4,-25,29,-20,31,-2,0
0,26,-19,-4,-12,32,-18,24,-22,2,-12,-4
-7,13,-16,23,-10,31,-18,24,-12,7,-21,19
1,1,-7,10,-24,22,-3,34,0,20,-5,1
-1,17,-16,4,-7,7,-14,2,-18,33,-3,33
-10,19,0,25,-8,9,-2,25,-25,32,1,35
-1,-17,-12,-29,-2,-26,-3,-23,-14,-34,-6,-23
-11,-35,-14,-27,-14,-15,0,-9,-7,1,0,-5
-13,-16,-12,0,-9,-25,-19,-27,-22,-28,-17,-21
2,-27,-22,-15,-12,-6,-8,-21,-15,1,-21,-23
2,-28,0,-9,-9,3,-5,-19,-7,-18,-23,-7
-10,-23,-7,-6,-19,-12,-3,-21,-23,-9,0,3
-9,-18,0,-2,2,-8,-14,-13,-2,-16,-7,-28
-5,-27,-11,-23,-22,-19,2,5,-15,-16,2,-26
2,6,-22,-26,-1,-28,-5,0,-22,-24,-3,-25
1,-3,-8,-17,-23,-9,-15,9,-14,8,-11,-20
-9,-10,-15,-7,-21,-6,-6,-13,-14,-18,-7,9
-5,-20,-8,-5,-6,-10,0,-14,-24,1,-18,4
-10,9,-18,-21,-3,-23,1,-6,-14,7,-3,-5
-6,12,-23,-11,-19,-6,-22,10,-21,-20,1,8
-7,9,1,-18,-13,-18,0,-9,-12,-9,-24,6
0,-11,-13,10,-3,-19,-12,-20,-12,-1,-17,12
-6,-14,2,-17,1,-18,-1,-19,-16,7,-24,0
-13,11,-23,-11,-14,13,-16,2,-4,-15,-9,16
-14,17,-5,2,-10,-16,-23,2,-15,12,-17,16
-6,-3,-8,-5,-17,-6,-21,-2,-4,11,-22,18
1,-9,-17,-2,-15,0,-6,16,-17,0,0,5
-1,-1,-15,1,-2,10,-17,-2,-19,-10,-22,-3
-14,-14,-4,3,-14,16,-15,-10,-3,-12,-13,16
0,-9,-15,1,2,-11,-19,12,-7,-13,2,17
-11,-5,-16,-1,-22,11,-7,7,-1,-2,-22,2
-1,0,0,7,-14,18,-10,0,-21,24,-20,6
-11,26,-2,16,-18,9,-23,8,1,17,-7,8
-1,0,-23,24,-9,1,2,11,-22,24,2,9
0,11,-24,19,-3,4,-23,11,-2,27,-2,8
-11,1,-16,27,-1,14,-2,0,-20,29,-13,-7
-4,29,-13,17,-3,21,-22,29,-16,20,-23,-6
-7,11,0,3,-16,5,0,25,-19,10,-7,1
-3,3,-15,-1,-10,1,-19,-4,-20,7,-18,-4
-10,12,1,28,1,-3,-9,33,-12,-2,-18,32
1,-2,-12,34,-2,10,-15,22,-24,20,-7,8
1,22,2,34,-18,31,-4,33,-9,5,-1,29
0,20,-13,13,-6,18,-11,15,-1,11,-5,20
-12,-5,-18,-16,-12,0,-10,-17,-2,-10,-14,-35
-11,-5,-16,-10,-10,0,-1,-34,-14,-31,-6,-1
-4,-25,-7,-25,3,-17,-13,-29,2,-29,-5,-26
-7,-22,-1,-29,-5,-23,-2,-31,-12,-8,3,-7
-2,4,-4,-13,-12,-13,-18,-24,-5,-15,-13,-28
-8,-17,-1,-13,-15,-27,-1,3,-12,-26,1,-16
-3,-28,-23,-4,-1,0,-20,-8,-5,-22,-10,-16
1,-1,-1,-18,-16,-1,-14,-17,3,-18,3,-17
0,-23,-23,-17,-11,-20,-8,5,-13,-24,-2,-1
-1,-23,-22,-11,-1,-16,2,-24,-23,6,-13,-26
3,5,-23,-14,-5,6,-16,-2,-1,-2,-15,-16
-2,-21,-14,11,-16,-10,-22,-4,-19,-20,-2,1
-4,-24,3,0,-22,-14,-13,4,-18,-17,1,-14
-4,-19,-18,-5,-2,-14,-23,13,-4,-8,-3,-2
-4,6,0,-9,-8,-14,-23,-18,-17,-11,-9,-11
-7,-9,0,-1,3,-12,-2,-9,-13,-20,-12,-11
-9,-10,2,7,-7,13,-16,-6,3,14,-11,-8
-5,9,-20,-6,-3,-13,-6,-11,-15,12,-19,-15
0,-18,3,-2,-15,16,-3,17,0,-2,-8,18
-1,-7,-21,-4,-13,18,-9,8,-7,16,-8,-15
0,9,-15,-16,2,15,2,0,-11,15,-3,-8
-11,2,-6,15,-12,13,-6,-4,-20,12,-20,3
-3,15,-1,19,-8,17,3,-9,2,-12,-19,14
-11,-7,-7,4,3,17,-1,10,-11,15,-18,8
-7,-12,-15,1,-1,12,0,16,-7,-2,3,5
0,2,-7,0,-13,-6,2,-7,-7,21,2,-1
-10,3,-10,1,-13,26,-16,16,2,6,-5,-3
-10,0,-15,19,-11,-4,0,14,-23,14,-21,4
-10,2,-20,-4,-21,-8,-3,25,-15,9,-3,-7
3,1,-8,-2,-21,-1,-1,22,-11,17,2,19
-12,29,1,4,-5,14,-11,26,-7,25,-14,26
-8,26,-8,26,-8,-3,-7,28,-12,22,-5,7
-12,32,-15,21,1,15,-12,16,-1,-3,-6,-4
-6,-2,-11,11,-10,12,-10,32,-5,4,1,6
-8,27,-14,22,-10,1,0,31,-10,14,-23,6
1,1,0,35,-14,8,-20,35,-19,1,-9,32
-11,4,-10,5,-10,28,-11,8,-22,30,-23,25
2,-9,-22,-36,-1,-22,2,-4,-22,-32,-15,-26
2,-10,-19,-18,-15,1,2,-14,-22,-29,-16,-7
-6,-14,-1,-1,-18,-19,-4,-27,2,-10,-5,-20
-6,-18,3,-13,-16,2,-2,-10,1,-15,2,-31
2,4,0,-3,-22,-24,-2,-28,-20,-25,-3,2
2,0,-19,-16,-19,-9,-4,4,2,-20,-6,4
-1,-30,-3,-29,-13,-13,-7,-10,4,-10,-1,-30
-2,-25,-2,-11,-22,-28,4,0,-1,-26,-17,3
-1,-27,-18,2,-15,-2,-4,1,-3,0,2,8
0,-25,-4,6,-13,-23,-4,-4,-18,-8,-15,-9
-7,-13,-6,-22,-21,-1,3,-14,-20,-10,-2,-19
-1,-22,3,-11,-20,9,-19,-22,-1,7,-22,5
-2,9,-11,-18,-11,-3,-17,-3,-4,-21,-21,3
-2,9,-14,10,1,-17,-19,-10,-2,7,-15,2
-9,-16,-18,10,-7,-11,-6,-19,-15,-15,-17,-16
4,3,-16,-4,-18,-4,1,3,-15,-17,-7,-16
-8,1,-20,0,-10,1,0,-4,-8,-1,4,-5
-6,7,-11,7,-19,-1,-3,-14,-11,5,-3,-16
-8,0,3,5,-11,6,-3,-15,0,18,-13,1
-13,-8,-5,15,-4,14,-9,-3,4,-1,3,-15
-8,3,-21,-11,-13,-4,-3,17,-16,19,-3,-15
-9,18,-1,-8,4,0,-5,-5,2,-13,1,18
-14,-11,-1,1,-22,-10,0,-9,4,-11,-21,6
-15,23,-20,-5,-5,-5,-1,7,-3,18,4,-11
-14,-2,-21,-1,-11,-12,-9,24,-7,1,1,9
-13,1,-2,19,1,13,-7,18,-3,13,-4,11
-13,-5,-22,7,-21,2,-7,25,0,8,-7,4
-1,0,-11,13,0,-9,-10,26,-12,20,-1,-7
-1,24,-8,20,-16,22,-1,6,-7,2,-17,9
-1,27,-17,25,0,22,-9,15,-12,6,-10,-4
1,22,-21,18,-1,18,-12,17,-6,12,-11,9
4,21,-2,-5,-2,31,-6,-3,-13,10,-10,13
2,29,-13,2,-10,2,-1,0,3,25,-20,1
2,21,-15,33,-10,31,-13,8,-1,9,0,30
-2,7,-2,27,-8,25,-15,10,-17,-2,-19,1
-6,29,-11,18,-17,23,-15,3,-14,11,-21,1
-11,5,-2,34,-15,16,-3,4,-18,7,-8,4
2,-6,-8,-17,-9,-1,-2,-36,-5,-19,-16,-35
-2,-1,3,-1,-9,-20,-15,-35,-6,-28,5,-31
2,-7,-2,1,5,-20,5,-8,-10,-22,3,-18
5,-28,-17,2,4,-26,-11,-8,-10,-27,-15,1
-6,-15,-7,-22,-19,-21,-13,-7,-7,-29,-8,-12
-1,3,0,-18,4,3,-13,5,0,-4,-19,-20
0,-25,5,2,-12,4,-11,0,5,-24,4,-7
1,-23,-19,-7,3,-6,-1,-27,-11,-6,-14,-24
-2,-27,4,8,0,-9,1,-24,-20,-15,1,3
-1,-27,-1,-6,-10,-10,3,-7,-4,5,4,-9
-6,-11,-6,-4,-5,4,-9,10,-19,-25,4,7
-6,-14,-20,-2,-18,-17,5,-17,-7,-13,-13,-17
-4,-7,0,-24,2,5,-14,-18,0,-8,-2,-6
3,-7,1,-11,-3,-17,5,9,4,-22,-10,-3
-10,-2,-2,0,-18,-11,-15,11,-12,-19,-17,-11
-16,-12,-12,-3,-15,7,-12,4,-16,0,-3,-17
-3,-2,-6,7,-10,-2,4,1,-9,2,-10,-2
-13,17,-14,3,-3,11,1,-4,-12,-19,-13,-3
-11,11,-20,-4,-13,1,-8,15,-19,4,-3,16
-14,-13,-14,18,4,4,-3,14,5,15,4,-14
-14,19,-6,10,4,6,3,-13,-21,5,-1,-4
-3,-5,1,1,-4,19,5,21,-15,1,-2,15
-4,6,2,-9,4,9,-1,-4,5,7,4,10
-9,-5,0,22,-1,2,-5,8,4,-6,-7,16
-3,24,-7,4,-11,-12,-20,0,-10,-12,-2,23
-4,0,-17,23,-5,8,4,-9,-4,-9,-8,8
4,26,-2,15,-1,6,-10,1,-5,-6,-14,21
1,-6,-4,27,-4,26,-9,17,3,5,-14,13
0,0,-21,20,-10,8,-9,-2,-21,22,-1,3
-2,28,-1,-3,5,21,-16,8,-5,2,4,23
-6,24,-1,9,2,22,-11,-3,-4,14,-15,-1
-2,1,0,29,-21,0,-8,1,4,7,1,-2
2,12,-10,10,-1,4,0,25,-7,3,-3,32
3,14,-18,-1,-20,12,-14,29,-16,17,5,28
-9,3,-2,9,-15,24,-13,33,4,4,-7,11
4,1,-10,9,-11,13,-7,33,-4,24,-16,19
5,2,-3,35,-3,19,-3,16,-16,23,-21,34
-9,-26,-6,-6,-10,-34,5,-26,-12,-6,4,-5
-7,-32,-1,1,-6,-14,0,1,1,-18,-2,-3
4,-13,1,-22,-11,-5,-3,2,-12,-33,-7,-6
3,-31,-4,-31,2,-16,-11,-6,-10,-21,-9,-5
4,-32,6,-12,-9,-1,-11,-23,0,-27,-7,-24
2,-23,-10,-19,-2,-29,-12,-26,5,-1,-20,-28
-8,6,-15,-25,-8,-19,-12,-3,5,-27,-4,-25
2,-20,3,-5,1,-6,-13,-8,-2,-29,3,0
-10,-17,-12,-8,-17,-11,-11,-12,-10,-2,-3,-20
-1,-9,1,3,-2,2,-2,-15,-11,-10,-7,4
-1,-14,-5,10,-1,10,-7,-22,3,6,2,-6
3,-2,-7,-16,-17,-13,-3,-25,4,5,-7,2
-2,1,-20,6,-15,-16,-9,-23,-2,-13,-16,12
6,-2,1,8,-9,11,-12,-5,-14,-13,2,-14
-2,11,-14,-15,5,6,-20,-10,-18,-2,-16,4
-7,-16,-1,-19,-19,-12,-3,-7,1,-20,-8,-13
-11,12,1,7,-14,-11,-11,10,-7,-8,-13,-20
-7,-18,-2,9,6,-7,-11,-14,-18,2,6,17
-10,-12,-17,-13,-12,13,-20,14,0,-18,-10,17
-11,-9,2,2,-17,-15,-13,-14,-17,2,6,-6
3,19,-17,20,5,0,2,9,5,4,-20,6
-4,16,-5,-15,0,9,5,9,-3,-7,-12,18
-8,-11,-16,4,0,5,1,16,0,1,-15,-1
4,-7,-20,6,-6,19,-11,-5,-14,20,-12,16
2,-7,5,21,2,23,-10,-6,4,13,-2,18
3,-5,-4,13,-13,23,-7,-8,-14,-11,5,10
6,15,0,10,5,-6,0,19,-20,9,-11,4
-2,6,-2,15,2,6,-9,-7,4,27,-4,27
-5,10,-15,-5,-7,12,-5,26,3,0,4,-4
3,5,0,5,3,3,4,26,3,12,-10,23
-11,1,-14,27,-1,14,-20,15,-7,8,-1,30
-10,9,-4,-4,-1,-5,-15,-3,3,26,6,8
-4,21,-2,25,-7,9,-5,14,-11,-3,-4,2
-12,31,-7,5,-20,21,-9,-3,-20,13,3,13
-9,1,5,30,1,15,-14,28,1,13,6,31
-6,15,-6,0,2,4,3,3,5,12,-19,14
-10,10,-20,2,-19,23,5,22,-16,34,0,33
-8,-19,-10,-26,-2,-22,2,-12,-12,-26,3,-12
-5,1,-3,-4,3,-19,-13,-4,7,-35,-7,-24
-6,-15,-15,-17,-5,-3,-7,-15,4,-6,0,-23
-5,-29,-19,-9,-13,-33,-12,-22,1,-16,2,-18
-6,-3,7,-17,4,-12,-5,3,-7,-6,-10,-23
-11,-17,-2,-26,5,3,-12,2,-3,-1,4,0
-9,0,-5,4,4,-12,-12,-21,-10,-24,-2,-29
-5,-9,-17,-20,4,2,-11,3,-14,6,-4,-1
-3,-12,3,7,-4,-10,-6,-3,-14,-20,-19,-10
-10,9,4,-10,4,-10,6,-18,2,8,5,-9
-11,6,-8,7,-1,9,1,-6,7,-13,3,4
-12,-7,3,0,-1,-16,-1,-23,5,-2,-9,0
5,-11,-4,-13,-16,11,-1,-4,-3,-19,-10,-11
-2,9,-17,13,0,9,-11,3,2,-23,-18,-22
-13,11,-15,0,-12,-12,-8,8,-11,12,-2,0
0,2,-1,-14,-19,-9,-11,-5,7,-3,-13,3
-2,-1,-8,7,-3,1,-9,-6,4,6,-18,-13
-2,-16,4,-17,1,4,-9,-7,-7,-3,-4,14
-7,0,-4,2,-2,-17,-2,6,-19,-17,-1,6
5,-2,5,3,6,-12,-11,0,5,-5,-13,8
0,0,4,17,-11,-5,-6,18,6,-2,5,-2
5,8,4,20,-4,21,-5,18,1,-4,-17,-12
-8,-3,-5,4,-17,7,-1,12,-11,-12,-1,-5
6,5,-2,-13,-15,21,-9,21,-19,-8,-12,-9
-5,-5,-7,-12,-13,-4,3,2,-10,-1,-13,-2
4,-1,-3,-4,-16,-4,0,23,-13,-9,-19,16
-8,-8,-7,23,-6,11,-6,-3,0,-1,-19,1
-1,4,3,23,-9,1,-7,19,-12,0,4,-1
-5,-8,-14,25,-15,27,1,-7,6,24,-19,-6
-13,29,-7,11,2,4,-8,18,-4,27,-4,15
-13,28,5,18,-4,10,7,5,-1,-4,1,13
-2,30,7,0,-10,20,-12,24,0,14,-8,-4
-8,10,-7,-3,4,4,0,4,-4,28,-15,9
-9,16,7,9,-18,29,-7,30,-4,27,3,26
-7,9,-2,5,2,4,-13,23,-7,25,4,-1
-11,6,2,3,-4,13,6,32,1,8,-18,10
3,33,-11,1,-14,36,4,31,-4,17,-1,35
-10,-5,-6,-14,-6,-29,-5,-9,-15,-36,7,-21
2,-7,-12,-3,-5,-12,0,-14,-8,-10,8,-19
-9,-20,-16,-28,-9,-3,-2,2,-2,-28,-2,-22
-10,-33,-3,-29,-9,-9,-5,-22,-12,-12,1,-17
-11,-1,-13,-32,-4,-6,-9,-31,6,-3,-3,-23
5,-11,3,-13,-8,-18,-9,-18,0,-7,5,-7
2,-19,-5,3,-8,4,-2,-2,-15,-18,-3,-19
-11,4,7,-22,5,-28,-11,-21,-12,-4,-8,-10
-11,4,-17,-24,-14,-17,-10,0,6,5,-10,-21
-2,-25,3,-25,-1,5,-9,-8,-13,3,-18,-1
0,-24,-4,-3,4,-20,-16,-12,4,3,-17,-23
2,-10,-7,-7,3,-25,-7,-13,-17,-21,-14,-17
1,-5,-14,-17,-17,-4,-17,4,-8,0,-4,2
-5,-6,-7,11,-1,-21,-17,4,-17,-15,-4,-11
-10,13,-14,2,-13,-4,-3,8,-4,2,-8,-6
6,1,1,12,-13,-8,-9,10,4,5,-18,-20
-11,-15,-1,4,6,2,0,-16,8,4,-10,-1
8,-10,5,-9,-11,-19,-17,-3,8,12,-10,2
-7,-3,2,-7,5,4,5,9,5,-18,-2,8
5,17,-12,13,8,2,4,-8,7,-9,-9,-2
-5,10,-10,0,4,2,6,2,-11,15,-17,-12
4,17,-17,19,1,-10,-6,1,3,-5,4,-15
-6,2,-4,-3,8,17,-3,8,-7,14,-8,0
8,-3,-7,-12,0,-8,5,21,3,6,-17,11
0,-11,3,-3,6,5,2,14,1,20,-12,-10
-8,25,6,5,7,8,-7,6,-15,19,-16,-5
1,20,-10,-5,-3,17,-18,19,-9,13,-2,6
-4,19,-1,-8,2,16,-1,26,-15,11,-17,8
-5,26,-6,8,4,-6,-7,0,1,-3,-7,25
-11,-4,-13,22,-3,-2,-15,-5,-1,10,0,-4
-3,20,-16,6,3,30,1,3,8,9,6,18
4,6,-13,12,8,20,2,27,7,20,6,14
-10,12,1,27,-3,21,2,2,-1,25,1,-4
-8,29,-9,28,8,0,5,13,-18,26,7,33
-7,11,-7,3,-15,29,-18,20,-2,33,-13,34
8,18,-9,8,-11,17,-7,30,-6,34,-8,6
-8,15,-1,9,-8,4,-14,21,-8,22,-3,10
2,-5,0,-28,-14,-36,-7,-17,-16,-16,5,-24
-3,-3,-4,-9,-14,1,4,-8,1,-30,-15,-33
-4,-23,6,-27,-8,-4,-6,-30,-5,-27,-4,-21
2,-23,-9,-12,-17,-15,0,-5,4,-13,-2,-13
-3,-3,-17,3,-6,0,0,-25,-9,3,0,0
-1,-2,-4,-16,4,2,9,-14,7,0,-13,1
-7,4,4,-5,-3,4,-16,6,1,4,5,5
8,-19,-5,-1,2,-4,-6,-5,1,-25,4,6
2,-8,-16,-11,-14,-23,-6,5,-5,-25,-12,-6
8,-5,-16,1,7,9,4,1,-3,5,-13,-22
7,-17,-6,-15,-17,-20,0,-1,-4,-18,-16,4
-2,11,7,-16,-1,-24,0,-7,5,2,-3,2
7,11,1,-16,-8,-6,1,6,-9,4,0,12
6,3,6,-19,-6,-8,-11,3,-6,-4,-10,-4
1,8,-5,-1,-17,-2,-17,-20,-15,8,-13,3
-5,-14,1,-10,-10,-1,-13,13,-7,-1,-6,8
5,-3,6,7,-12,15,5,4,2,7,-10,-11
6,2,-12,2,2,-13,-15,15,-1,-18,-7,4
-8,-18,-2,-4,0,9,-5,13,-14,18,-3,2
1,12,-8,-4,-6,18,2,8,-3,19,-3,13
-6,17,-12,19,-17,16,-5,-7,-6,-12,-13,2
-8,-13,-5,20,-4,-15,-3,13,6,-3,4,-3
0,-10,-1,-1,-3,6,8,6,-16,0,5,-3
-6,3,3,-3,-4,-2,-17,-5,7,22,8,16
2,24,-16,-2,-12,-8,-5,1,-3,9,5,24
9,-4,-8,14,-4,6,9,14,-12,22,5,-10
3,20,-11,12,2,23,1,8,-1,-10,3,8
8,-5,-15,-6,-3,6,-10,14,-17,-1,-11,11
-6,-7,-17,12,-11,28,5,-2,6,21,-4,9
0,7,8,6,-6,5,-13,29,-2,13,-4,9
-1,4,-11,4,-5,13,9,1,6,29,-8,-2
4,25,-12,-1,9,16,5,23,-8,27,-3,30
-8,29,2,22,6,-1,-8,10,-9,25,6,9
1,0,-10,15,-1,14,-5,17,1,10,-14,1
-4,16,5,0,7,24,-6,25,-2,3,-9,33
5,11,-7,1,-4,1,-6,4,2,10,-3,33
-5,1,-16,15,-10,17,6,21,-3,5,4,14
8,-10,-14,-26,-1,-17,5,-5,7,-12,-1,-32
-5,-31,-2,-35,8,-5,-9,-5,6,-20,3,-25
-4,-5,6,-17,5,-21,10,-19,6,-29,0,-3
4,-21,3,-18,-16,-10,6,0,4,-9,-16,-29
-6,-30,-16,-22,-15,-24,-11,-6,-6,-2,-16,-1
4,0,10,-27,-13,-16,-15,-22,6,-11,5,-7
9,-22,-11,-4,-12,-25,9,0,9,-13,-7,-14
1,-4,-9,0,1,-29,4,1,2,-28,9,-1
7,-27,-4,-19,4,2,-10,-5,-6,-12,-6,-7
7,4,-1,6,-15,-21,-6,-19,-1,-15,-3,-1
-3,6,-13,-17,8,9,-7,-16,-9,-15,-3,-2
-5,1,-3,-5,-1,3,-12,-20,-3,-8,-1,2
1,-9,-9,-18,-14,-9,3,6,1,-5,3,1
-3,8,-16,2,4,12,-2,7,10,12,-4,1
9,-11,-13,-12,1,-1,-5,6,-16,-4,-15,-10
-2,-15,3,-5,-2,-10,-2,-12,-1,-17,10,7
-2,15,1,7,8,-12,-9,14,-8,13,-5,-18
-8,-6,-13,-8,-13,13,2,-4,5,-11,0,4
7,6,-8,-8,3,-8,-8,-9,-3,-17,-3,-14
0,-9,-7,18,2,7,4,0,-5,5,2,-15
1,13,1,17,2,-2,-11,-3,7,-9,7,-13
7,21,-6,4,5,1,1,6,-10,16,-7,18
-9,-12,-9,-2,4,-12,-4,-4,3,-10,10,-14
9,8,6,-4,-8,-4,-2,-7,-9,0,-3,20
-2,-3,-10,1,2,-5,7,-1,1,6,-15,2
3,-3,-7,1,-4,17,-9,24,2,14,9,21
-5,22,3,7,-12,0,-12,-9,0,-2,-4,19
6,-2,9,-4,-7,-8,4,19,-9,-4,1,-2
4,-1,-13,10,10,0,-11,8,5,15,-11,-5
-2,7,-6,-6,7,28,3,-6,4,25,4,21
3,23,3,0,-7,-6,8,-4,2,29,-6,6
-4,30,-2,15,8,27,7,9,7,0,7,27
-6,4,4,24,-16,-1,-5,19,-9,23,-9,20
-4,-3,6,17,2,20,-2,10,-2,-2,-13,10
-1,30,-11,32,-15,9,-13,14,-14,16,-5,14
-3,34,-13,30,2,15,0,29,4,34,-10,35
-5,9,-16,4,-16,2,6,3,7,15,6,25
-2,-6,9,-7,-15,0,9,-17,-8,-11,3,-16
1,-3,-6,-3,-8,-2,-12,-18,-8,-21,10,-35
4,-23,-15,-31,-12,-8,-2,-24,-2,-32,5,-30
1,-32,-6,-31,-7,-21,10,-19,-14,-32,-2,-4
0,-22,-13,-25,-5,-14,3,-13,-3,-26,6,4
7,-1,9,2,6,-24,-12,-26,-3,-8,-2,-16
0,3,-14,-5,3,-4,-3,4,10,-21,-15,-17
-4,-22,8,-10,-7,-1,0,-22,7,5,1,-29
-5,-27,-10,-9,-8,-1,5,-19,-2,-22,-5,-6
-5,-24,3,-2,11,7,0,-8,-5,-24,9,-16
0,-26,-8,4,-7,-11,-6,-6,-8,2,-6,-24
11,-14,-14,-6,7,-2,9,-20,7,-22,-6,2
-7,-20,-4,4,8,2,-9,-12,7,-5,-3,7
-6,-6,-2,0,-4,-3,-9,-18,2,-8,4,0
6,-12,-13,3,1,13,6,1,-12,-17,-7,6
-8,-10,-5,13,-12,-20,5,4,-4,-4,5,4
0,15,-12,4,-11,-4,-9,15,-1,-9,5,-14
-6,-4,-7,0,-9,-8,0,-6,1,-7,7,7
-1,16,9,18,-11,1,-11,-8,2,15,-3,-5
-3,2,7,-3,3,5,5,-1,0,-3,-10,12
-5,-11,-15,7,6,15,-9,4,8,1,-6,-16
3,19,-3,2,4,16,-3,9,11,-1,-7,3
-7,1,-4,-5,-11,8,-13,-5,5,-12,-2,-5
-6,-10,-8,2,9,7,10,6,5,-5,-4,9
3,-3,-6,16,9,21,7,19,-3,-3,-5,-10
7,20,-1,-7,10,-8,2,1,0,24,-10,-7
-7,-9,0,-4,4,2,2,10,-4,26,-9,22
-5,-5,11,27,-6,5,3,-6,-2,14,-13,23
-6,11,-2,2,-8,-1,2,1,-15,27,-5,-3
8,25,-14,2,-15,9,-4,27,-8,10,-12,29
3,-1,7,18,-3,10,3,22,-5,26,4,18
-5,28,-1,14,-1,-1,7,17,1,11,2,14
-2,-2,-8,0,0,9,-14,27,6,26,-5,24
-2,1,-7,12,-14,1,-14,20,-6,24,-8,32
4,13,8,26,-11,12,6,7,-11,24,4,6
-1,10,11,20,5,31,10,10,9,19,-1,1
7,29,-1,5,-11,6,-9,32,-15,25,4,4
8,0,-7,-31,-2,-4,11,-23,0,-1,5,-19
5,-14,-10,-14,-13,-30,-7,-4,-5,-16,-5,-32
-4,-25,9,-16,8,0,-10,-30,3,-24,-13,-28
11,-30,-6,-16,-4,-11,-2,-18,7,-2,12,-9
11,2,-4,0,-5,-9,-14,-2,-13,-7,-3,-1
11,-26,-10,-17,-13,4,-14,-22,6,-25,10,-18
7,1,-11,-9,12,2,-3,-16,11,-11,4,-30
2,-15,-14,-11,7,-11,-11,-4,9,-25,-4,4
2,-15,1,-16,9,-9,9,-9,-3,1,10,-6
-4,-10,-7,-18,0,-4,12,-26,-5,-6,10,-10
-8,4,-2,-1,9,-17,3,-24,3,-15,-8,7
4,2,2,11,-6,8,10,-8,9,0,11,-9
8,11,-2,-20,-7,-16,4,12,8,-1,-12,6
-4,5,-13,-17,-12,-19,9,9,2,-21,-12,2
0,-20,1,2,7,-1,-10,-8,12,1,-3,-1
-5,-3,0,14,-11,13,-14,-1,11,-3,4,-6
2,14,8,7,12,3,-8,-10,-9,-6,2,-12
-8,13,-7,9,7,15,2,-3,3,-3,-4,1
1,-17,-1,-4,8,-15,2,-1,2,11,4,0
1,17,2,-2,-6,-15,-5,-17,3,6,-12,-13
2,-7,6,15,-2,-14,1,0,-7,17,9,18
5,9,-2,-10,2,-7,-8,21,-1,16,-1,-3
3,10,7,6,5,13,10,-4,-8,3,-12,8
4,-9,-3,-11,6,15,-13,-7,0,5,-4,23
12,6,-5,-12,-14,16,12,21,7,-5,-7,11
-2,21,10,14,5,13,-10,18,-2,4,2,18
-4,2,0,11,-6,11,-2,13,-5,-2,-8,-7
4,8,7,8,11,8,-13,13,-2,21,7,21
4,-8,5,-8,3,25,-11,-1,0,-8,-5,26
11,10,9,27,8,-6,-4,4,1,19,0,9
-3,-6,6,2,11,14,-12,4,3,16,-3,1
3,21,4,14,-3,22,-3,8,0,12,2,15
-2,-2,6,22,6,-4,-3,22,1,11,2,10
-5,31,-1,1,-9,12,-3,12,-14,24,2,15
-3,27,-12,3,11,22,1,22,-9,-1,10,21
-6,1,4,35,-8,33,4,32,9,20,5,13
4,8,4,2,-10,1,-4,15,10,32,-13,13
10,-3,12,-33,3,-4,-5,-13,-7,-7,8,-18
12,-16,11,0,-5,-3,-6,-15,-2,-26,5,-2
12,-25,4,-21,10,-20,6,-32,0,-4,7,-32
-1,-24,11,-12,4,-29,-8,-29,2,-14,-2,-25
11,-31,12,2,10,-17,-3,-31,-5,-17,-13,1
-1,-21,3,-23,13,-24,2,-25,3,3,2,-15
-7,5,1,-3,-5,0,2,-27,-11,1,3,-21
6,-22,-3,-7,-5,-7,4,4,-10,-8,4,-8
-3,-15,4,-17,-6,7,3,3,7,-25,-10,-17
5,-16,-12,-20,2,-20,-9,-27,2,-24,12,-26
-6,-12,-8,-20,-11,-21,0,-17,-4,-14,-5,-17
-6,-24,7,-2,-6,-11,11,-19,-1,9,-1,7
-5,-12,12,-2,-5,1,4,-20,-2,9,-5,2
-5,-18,-3,2,-6,-17,-11,-5,0,-19,-4,0
3,-19,7,0,10,8,-4,6,5,-1,-10,-15
4,9,13,4,-5,-1,11,-6,11,-3,7,10
1,11,-5,3,8,-5,-5,-1,-9,8,5,7
9,15,-10,13,-10,-13,1,-4,-12,8,3,3
-1,15,2,-16,-5,-18,1,6,8,10,9,14
4,-4,0,19,12,19,9,-6,-3,-17,13,5
1,10,-13,-10,-12,-9,4,1,7,-3,-8,-11
-2,-9,-12,14,13,18,8,17,11,-12,-13,20
10,-11,3,21,-7,19,-8,-13,7,5,8,-3
6,1,7,11,9,-4,0,8,8,11,-9,18
-3,-5,4,-2,0,14,4,17,1,-2,-7,10
0,5,10,-3,-10,2,-5,3,10,9,1,-8
7,4,-8,18,10,13,-9,-3,-11,7,13,-2
6,4,-2,26,-5,15,-13,24,2,20,2,-8
2,20,6,4,-13,2,2,7,-13,4,10,11
9,6,4,8,-9,-3,1,19,-6,13,10,5
-4,29,6,1,13,14,-10,-6,-7,6,-7,-5
2,15,-9,24,-8,20,13,-3,-3,23,8,15
0,8,13,18,-6,19,-3,18,12,0,-8,20
11,11,-3,10,0,21,-2,19,7,31,-4,5
7,11,10,13,-1,-2,11,33,-10,30,-6,10
5,6,-4,3,0,32,0,23,4,5,12,12
11,11,-4,11,-12,13,11,12,-1,11,4,5
2,-6,-1,-24,6,-8,2,-20,12,-29,-10,-13
4,-16,14,-1,1,-23,-4,-1,0,-27,-5,-34
-3,-18,-2,-19,-9,-25,-8,-16,3,-32,-2,-26
0,-13,-10,-4,4,-4,-10,-4,11,-31,-9,-13
1,-17,1,-31,1,-18,14,-20,-11,2,11,-26
-6,0,14,-21,-8,-3,-6,-18,14,-5,-9,-6
-5,0,-1,0,-6,-14,-9,-10,7,-24,-12,-9
13,-9,1,6,-3,-16,-5,-11,-12,-12,-6,-18
-1,-20,-9,-9,6,-24,-4,-27,-1,4,1,-6
-5,-10,6,-10,-8,5,-8,-8,-11,-17,4,0
-4,4,-6,3,-6,-20,2,-5,-6,1,-9,8
6,-2,3,-22,-8,-4,0,4,-6,-18,8,11
4,0,6,7,12,-24,-12,-7,7,-4,12,3
0,-10,-8,10,-10,-9,-7,10,1,-23,2,-2
-2,5,-8,3,6,-11,-6,-3,-7,-11,-4,-10
10,-3,12,-19,14,15,-6,-17,3,-13,-5,7
-4,9,12,7,9,10,-10,-1,14,9,-4,16
4,-2,10,2,2,-6,-6,-16,3,4,-5,-4
-3,-14,-8,-3,8,-9,-9,3,-4,-8,0,-12
-5,-11,12,-6,12,8,-8,3,14,-9,11,19
6,-4,3,-6,2,9,-1,16,-10,-4,1,9
4,21,1,6,6,10,6,2,-5,-13,7,6
2,11,2,8,-11,16,-8,-3,-1,6,-4,13
-2,3,3,-5,-2,-1,14,-3,-1,-2,1,5
-3,-11,7,16,3,10,-11,12,6,-2,10,3
-5,4,-12,25,-6,-7,-1,-4,-12,-2,0,12
6,10,-7,12,-11,19,9,11,-6,-4,5,14
9,20,-1,-1,-6,1,-10,3,-1,-7,-5,27
-5,2,-9,0,-6,10,-9,15,7,13,-10,-8
5,-1,5,16,-8,19,-10,20,12,20,14,2
-3,4,12,16,-7,24,-11,23,-8,18,-10,2
7,20,-10,18,-6,0,-10,18,5,19,-2,26
13,12,-8,1,-6,10,-12,2,-7,0,-10,11
8,7,-5,5,-6,4,2,2,-8,9,-11,18
1,18,4,3,-2,5,11,27,14,2,-9,-2
5,27,-3,21,-9,22,-6,33,0,1,14,9
5,5,-3,34,0,14,7,21,-7,16,13,9
6,-2,-5,-9,4,-33,14,-28,5,-16,-6,-26
13,-23,-9,-18,9,-15,2,-6,-7,-21,-2,-14
7,-8,7,-7,5,-14,3,-30,3,-11,-6,-11
15,-21,-11,-2,14,-1,-7,-9,-8,-18,-7,-26
10,-4,15,-18,0,-26,4,-24,7,-4,-9,-13
-8,-21,15,-13,2,-25,10,-16,4,-15,-2,-3
5,-23,12,2,3,-1,11,5,5,-5,-3,0
1,5,-9,-8,14,-11,13,2,-10,7,8,-22
2,-14,-6,-17,-6,-27,3,-20,9,-12,-7,-5
10,-16,-5,-18,-6,-22,-10,6,-9,-8,15,-22
6,-19,-5,-20,6,-9,-8,3,-8,-2,-8,0
4,-17,-4,-12,0,-17,-8,-16,14,8,-7,-15
6,12,-8,4,8,-22,6,-9,11,-16,8,-2
4,-16,10,-13,-3,-10,-1,-3,0,12,1,4
11,2,11,-16,12,3,1,-8,5,5,12,0
-3,-13,-8,-5,-7,10,-2,-15,1,-16,11,2
4,1,7,-19,5,8,3,0,12,-14,2,1
-4,-6,-4,0,-9,1,-8,7,2,-12,5,9
7,6,2,-1,-5,-5,5,-18,-7,-1,-3,4
1,9,9,-12,-9,16,-6,11,5,7,11,4
5,2,11,-15,1,-12,-6,18,-8,-6,12,-7
11,4,8,6,5,-13,9,4,9,-5,-10,-5
-3,11,8,13,3,14,6,9,9,12,-6,12
9,3,-7,13,14,13,-6,16,8,1,13,-13
5,21,4,13,5,6,-9,-8,8,0,-7,17
-5,17,-7,17,6,-4,-9,-9,-5,3,-7,3
-7,-2,4,3,8,-1,-11,-7,15,18,13,-9
-6,-3,15,10,8,10,-11,7,2,-4,10,25
-3,14,-5,8,5,26,11,10,13,2,1,11
-1,18,-8,22,3,12,-10,-7,9,16,10,2
-3,22,14,20,4,24,-9,14,5,17,5,18
-9,25,1,18,8,18,-9,31,-8,18,12,15
-11,4,3,9,-6,3,12,-1,3,23,3,10
-7,16,-9,11,3,32,-11,2,5,18,11,5
-8,7,-10,29,4,15,5,17,14,19,10,2
-2,26,-8,32,6,15,11,20,7,29,-5,26
-10,3,-9,33,-10,28,-11,25,12,27,0,25
-2,-27,13,-33,2,-5,-4,-21,8,-4,-9,-4
-3,-26,7,-32,-7,-16,-4,-21,-5,-4,10,-11
9,-8,12,-11,-7,-1,-4,-16,-7,-9,3,2
0,-7,2,-13,-8,-7,-9,-31,1,-30,15,-11
0,-1,14,-25,-8,-5,-5,-21,-4,-6,5,-13
7,2,0,-4,-8,-3,10,-10,-9,-26,-4,-25
2,-15,7,-8,10,-4,-5,-8,6,-2,-4,-22
-3,5,-8,3,-1,-3,-8,-24,-1,-1,-5,-21
-1,-22,-4,-5,14,-7,-5,-10,-4,-13,-5,-17
6,8,-9,-27,2,-14,-7,5,-6,-21,-5,-20
16,-10,-5,-19,-1,-7,16,-22,1,4,-4,-19
11,1,15,-7,2,-2,9,-18,16,5,-6,9
8,7,4,-15,-6,9,-1,-2,-4,-5,-7,5
11,-9,-4,-9,9,-20,9,-12,-2,-3,-6,4
11,-9,11,10,-9,-19,-10,-4,-7,-5,-6,-7
16,-1,0,-1,-7,-7,12,-2,14,-8,14,5
-3,-20,3,14,14,-2,-7,8,0,-9,7,-4
-6,5,8,4,7,11,6,-1,-7,-1,-5,0
-1,7,11,-13,7,11,6,9,14,-17,-7,1
-6,-6,-9,1,8,17,-7,16,11,4,4,6
-3,12,3,9,7,10,-9,-15,-10,-14,10,14
-7,20,13,1,10,-3,10,7,-6,-5,2,15
-6,-1,-2,4,10,-10,9,9,-7,-12,9,12
-8,3,6,16,6,23,-8,19,14,-8,5,2
12,2,7,0,8,15,-10,1,-8,20,-5,0
-5,11,13,11,-1,0,-10,13,-5,16,3,0
2,4,-6,13,4,12,2,-3,11,12,5,11
-3,20,-1,11,10,8,-5,5,14,17,-7,0
-1,21,-7,-8,1,2,2,4,5,13,3,27
10,14,-2,-5,2,15,8,-2,4,19,-4,6
5,-4,-5,4,-5,17,5,-1,-2,19,-9,3
11,7,-8,25,-8,24,-4,12,-4,17,-5,22
12,21,13,26,7,21,1,31,10,25,4,5
8,29,9,11,10,18,6,22,7,23,5,0
0,16,-6,11,-8,23,-5,34,11,12,-1,23
-6,8,0,20,-6,11,15,16,-4,4,0,25
-3,16,14,32,-8,31,-6,9,-8,9,0,11
2,-14,4,-14,10,-14,10,-24,-9,0,3,-8
-3,-9,14,-35,-8,-1,14,-13,-4,-9,1,-25
-4,-10,5,-5,4,-26,6,-34,-8,-3,-3,-15
5,-6,13,3,-8,-31,16,-7,10,-26,14,-8
-4,-1,14,-18,7,-6,12,4,1,-14,10,-27
-4,-2,1,4,-9,-6,-2,-30,4,-20,-4,-3
4,-5,-5,-20,12,-1,3,-12,3,-11,12,-8
0,2,7,-8,5,1,-5,-26,-4,-19,-9,-17
-1,-10,6,-5,3,-16,17,-1,-3,-20,-6,-4
-6,-20,-5,-19,-7,-8,3,-16,6,0,-2,2
-4,-16,-1,0,16,3,2,-16,-7,-3,-7,-6
-4,-25,-6,-2,-1,-11,-3,-18,-4,-19,9,-15
-5,-4,-6,11,-6,-21,16,11,5,-2,1,-24
-8,-17,-9,-15,5,-9,5,-21,4,-8,1,-5
-3,-3,8,6,13,-1,-9,-7,17,0,0,-5
-3,-3,16,-2,-4,12,3,6,-5,14,-6,0
-2,7,-5,-8,17,15,-4,7,-5,-4,0,2
-7,-12,5,5,-8,3,-3,-17,1,17,13,8
-3,-14,-7,9,-5,-11,4,-13,-5,4,5,-17
13,6,5,-2,14,10,0,-2,12,-6,-3,-3
17,7,0,11,1,-7,12,6,-8,12,8,11
6,-6,3,14,-7,9,-1,-4,-4,7,-3,11
-3,15,-8,21,10,14,7,-9,10,12,13,8
-1,13,-7,13,7,1,-5,2,14,-12,-6,15
10,15,4,15,-4,16,-8,14,2,9,-6,15
7,-5,2,-4,12,15,-5,-3,17,-1,14,15
13,6,7,17,-4,19,12,1,0,25,5,15
13,6,6,0,-4,18,13,17,15,6,9,10
16,4,16,8,-8,23,3,13,4,13,1,21
6,18,8,7,-8,-7,5,29,7,19,6,-7
0,24,-3,22,7,21,-3,18,9,21,14,21
5,-2,-3,-3,-3,10,7,4,3,13,-6,28
-1,15,11,21,-5,20,-7,27,9,25,11,5
17,19,1,20,14,4,-9,25,16,23,-3,20
16,13,-1,1,7,23,-3,4,1,8,-1,12
11,25,7,29,-5,26,-3,15,-1,2,2,13
0,11,-2,1,7,3,-4,9,0,20,8,23
-2,-31,-7,-9,4,-12,5,-18,10,0,-7,-2
18,-21,15,-6,5,-8,18,-11,4,-6,12,-13
-4,1,-3,-10,0,-31,5,-4,11,-17,-6,-27
-2,-23,10,1,-7,-12,9,-2,8,-19,-5,-11
-2,-25,11,-2,17,3,7,0,10,-20,4,-12
2,-9,10,-1,-2,-8,12,-28,8,-20,8,-18
8,-9,-5,-4,11,0,6,-27,-6,-4,-2,-21
-1,-17,16,-3,-4,-21,16,-1,-3,-4,6,-7
9,-18,8,-5,-3,-6,5,-28,-4,5,-1,-1
-8,6,15,-4,12,-22,11,-1,15,-14,13,-26
-8,-25,9,-20,-3,8,17,-25,-7,-19,4,-22
-4,-13,2,-14,11,-24,18,-4,-7,4,-7,6
3,-3,16,-18,1,-3,11,-8,11,5,11,-22
-5,-12,9,-7,-6,9,-6,-10,17,1,4,13
-1,-14,7,10,3,-11,-4,5,5,-3,3,-9
7,-17,-8,-12,5,1,-8,6,3,-13,-6,12
14,2,4,10,4,10,7,8,3,-2,-7,-1
-5,-5,-3,-6,8,-3,16,3,-7,-1,5,-14
1,2,5,13,-6,-2,-5,-14,11,0,-3,15
0,10,2,-11,6,16,4,-12,12,14,-6,-16
8,-12,8,6,-5,0,-3,-6,-4,7,13,9
18,2,-2,-7,10,21,-5,-9,-8,-8,-5,17
13,13,1,9,9,4,1,15,-6,14,8,11
-5,18,14,18,-4,-4,-5,6,2,14,6,5
-5,20,-8,20,14,10,-8,7,5,21,-6,16
-3,-9,6,14,-2,1,12,7,-5,23,7,13
-8,14,-1,-3,-3,21,13,23,-7,5,16,15
-1,16,8,17,5,10,2,18,13,-3,13,14
10,13,2,-4,14,0,8,24,17,-8,12,5
0,14,-1,27,1,25,-8,16,-8,4,16,13
14,15,-6,9,6,-3,-5,8,13,3,-6,12
-1,19,2,5,1,17,9,-2,18,7,17,0
-1,16,4,8,0,19,1,28,0,19,0,9
-2,8,-3,22,-6,15,1,0,-6,-3,6,14
-3,24,-4,0,3,28,-7,11,8,13,3,21
-6,10,10,25,6,16,18,-1,0,17,12,14
-6,6,-5,12,-7,26,15,2,11,36,0,0
-3,0,0,-33,-7,-27,6,-13,2,-12,9,-25
-2,-27,16,-29,16,-31,0,-18,3,-26,19,-3
8,-10,10,-17,1,-28,0,2,15,-2,15,-16
-6,0,0,-17,9,-24,-3,-11,15,-20,8,-4
0,-9,3,-29,18,-17,-5,-21,16,-23,-4,-31
-5,0,12,-26,-4,-1,9,-2,-7,-11,4,-25
15,-4,-3,-19,0,2,16,-23,1,-21,11,-9
1,-23,8,-8,5,-28,-6,-19,-5,-4,-3,-5
2,0,1,-1,19,-10,11,-17,1,-20,-5,1
-3,-22,-6,-25,10,-4,-1,-6,-6,-1,-3,-25
-4,7,9,-1,14,-18,0,-19,11,-12,18,-19
-7,-6,18,-14,4,8,11,9,4,-18,2,6
-4,-5,18,6,-6,9,13,-13,-3,-23,6,10
-4,-17,8,-6,-3,-3,9,-10,4,0,7,-13
-6,3,17,-3,-2,10,-6,-7,12,13,4,14
-5,8,1,-14,17,6,3,-11,0,5,1,-10
14,0,7,16,8,4,8,11,1,-4,5,-20
-5,2,17,-19,9,4,18,10,10,-14,16,-1
-5,17,9,14,-5,4,18,-11,13,-4,9,-17
3,4,6,15,12,-6,9,5,-7,17,0,-15
14,9,11,-12,5,17,9,-1,13,20,-3,-10
15,12,-1,-3,-7,6,14,-12,0,8,8,-3
5,13,-5,17,6,-13,11,13,-4,14,11,9
-3,14,8,2,13,9,-5,11,12,12,17,-10
-3,22,9,-12,9,3,-5,13,9,10,16,16
-6,5,-7,-10,-4,13,9,-3,4,23,15,3
-5,12,18,18,-7,9,12,7,-2,18,4,7
0,13,5,4,0,0,6,23,10,21,12,0
13,9,5,0,7,16,16,7,-3,24,7,-1
6,14,0,25,7,1,9,-6,6,29,3,6
-6,16,0,14,4,-1,6,7,13,14,-4,9
-4,31,13,14,16,6,14,13,-1,-2,11,9
14,17,6,14,0,0,17,32,-5,6,4,8
-5,5,5,21,4,11,13,28,5,29,-4,9
-5,8,17,-1,17,2,13,13,-7,13,9,13
-1,5,6,29,3,23,9,25,-2,33,18,5
-6,36,19,27,0,30,16,30,9,13,-5,26
-2,-18,-4,-2,10,-30,4,-12,13,-36,-5,-18
0,-34,-6,-19,4,-18,16,-8,1,-17,8,-4
-3,0,8,-28,9,-2,7,-22,13,-32,13,-2
-6,-8,-6,-12,15,-29,-5,-28,-5,-33,20,-19
-6,-29,4,-3,13,-18,-6,-25,1,-13,17,-17
9,-25,15,-9,8,-25,16,-19,-3,-24,6,-10
11,-9,1,-3,14,-23,15,-25,16,-9,-2,-18
2,-12,15,-6,15,-9,-6,-28,18,-25,9,-6
6,-5,-2,-12,19,-20,5,1,0,-27,11,-2
-3,2,20,-1,11,-5,8,-26,5,-11,3,3
-6,-4,0,5,4,2,-6,5,12,-17,16,-16
-4,-7,10,-7,16,-21,14,-18,-3,4,2,7
-6,-1,0,-20,10,-17,19,1,8,-11,1,-13
-5,8,5,-2,-4,13,8,-6,8,8,7,7
-3,0,16,-7,18,-17,16,-9,9,3,5,-3
-5,-9,20,-19,-6,-21,19,10,1,-9,-4,10
-6,-4,9,14,8,-20,9,6,20,13,10,-13
-3,1,-4,16,4,-13,7,-2,-5,2,19,-15
-3,-16,4,-13,1,11,3,-11,-2,11,-2,15
-6,17,16,-7,12,-17,13,5,5,-4,6,-16
0,5,20,-10,-3,-12,14,-11,2,-5,20,5
14,4,13,-6,10,7,19,0,7,19,6,-13
2,10,4,4,19,-1,1,1,-5,2,0,16
0,12,14,20,4,18,-6,1,-1,5,19,-5
-2,14,-3,8,9,9,7,16,-2,13,12,19
0,9,-2,8,4,16,9,3,3,20,7,-8
-5,3,-3,15,2,17,20,6,4,-5,0,5
-1,26,14,-8,13,-5,8,10,10,10,1,17
3,16,8,-6,5,15,-5,-1,7,18,6,14
5,16,7,-7,-1,19,-3,5,-6,17,7,-1
-1,24,0,18,17,27,8,12,12,9,11,25
-1,23,-5,-4,11,10,18,9,18,1,-4,19
-3,20,-1,23,20,0,-2,31,-6,-4,15,28
8,19,14,33,10,10,13,24,16,13,1,13
-6,-2,2,4,2,15,8,25,19,29,-3,0
-6,35,-2,30,4,15,20,27,12,17,9,16
-5,21,17,1,12,12,19,34,4,14,18,32
-5,-22,8,-29,2,-24,3,-32,7,-19,20,-24
-2,-7,5,-28,17,1,5,-17,18,1,8,-3
0,-29,1,-33,10,-14,8,-32,1,-30,-2,-28
-2,-32,7,-1,0,-31,-4,-3,3,3,11,-12
-5,-20,0,-30,-5,-25,11,-25,17,-22,-5,-8
-2,-23,6,1,17,-3,10,-19,13,-8,0,-22
16,-15,13,-9,10,-24,21,-17,-1,-3,5,-3
7,-17,0,-6,14,-8,0,-9,-5,-1,18,-29
1,-14,7,-22,1,-6,5,-26,17,-11,18,-24
11,-5,20,2,13,-26,2,-8,16,2,-3,-10
-4,4,8,-10,17,-12,6,-5,9,-20,-5,10
10,-3,2,-25,2,-24,3,-17,8,-3,9,-10
1,-9,5,-8,16,-14,21,-21,-4,8,-5,-18
-4,-18,21,6,5,-20,12,7,0,6,11,-4
-3,-5,5,8,-4,14,14,2,15,11,-5,10
-5,-11,2,0,9,-3,-1,7,15,0,2,9
-1,8,-3,4,19,-8,11,-16,12,-11,12,5
-1,-15,21,-11,13,2,13,-13,20,-4,4,16
-5,-13,3,14,18,16,14,11,6,-3,15,17
3,6,4,13,20,-6,11,-7,0,-15,6,-12
0,7,-5,6,21,10,4,1,12,-3,15,4
-4,12,19,2,-3,-8,-1,15,12,-12,4,21
5,10,6,15,10,15,5,2,0,-11,4,15
0,23,3,23,5,10,-4,12,-3,-10,12,-4
-3,3,10,6,6,-10,8,19,14,11,7,-5
1,13,11,22,1,16,4,7,6,3,17,-6
-3,15,-5,19,10,-10,-3,-3,13,6,5,7
15,11,16,27,-3,-7,1,2,1,15,10,25
10,-3,1,17,14,10,1,1,8,10,12,5
0,18,19,7,9,0,18,11,5,26,3,-6
7,22,0,6,7,12,3,16,18,28,-3,21
0,15,2,26,-5,28,16,21,7,16,5,19
2,22,8,-2,-5,25,9,3,12,31,-4,12
8,25,2,7,0,17,-1,23,16,1,7,11
1,7,5,7,-1,-2,-4,33,10,26,6,32
12,22,2,16,8,24,17,1,7,13,13,25
0,21,16,28,9,1,13,14,20,35,-3,34
2,-20,2,-2,4,-28,-1,-9,-1,-27,7,-10
-1,-9,20,-22,15,-22,1,-18,8,-31,16,-6
-3,-5,-1,-20,4,-29,-2,-12,-1,-1,0,1
-2,-32,0,-13,0,-4,16,-19,4,-14,2,-21
8,-11,22,-9,2,-1,13,-5,4,-27,5,-12
13,-23,17,-10,13,-3,10,-2,-1,-9,-1,-8
14,-11,-2,-2,-3,-13,15,-11,11,-6,-1,-22
11,-26,3,-6,2,-26,19,-21,14,-7,9,-28
0,-26,-2,-24,8,-11,7,-10,15,6,17,1
-1,-27,7,-10,16,4,11,-4,5,2,12,7
-3,-19,14,-12,11,-14,15,-16,14,0,10,-26
2,-25,0,-16,7,0,0,8,-1,-17,5,-14
-4,5,3,-22,7,5,7,12,14,7,15,-18
9,0,11,-7,20,-21,-3,-12,11,-5,2,-2
13,0,17,-6,0,-19,14,-12,19,-8,13,8
2,-19,4,8,4,-3,2,7,5,15,11,-13
-3,-18,-1,-14,6,6,17,14,20,-4,-3,2
1,-12,15,-11,15,7,9,-18,-2,8,11,-13
0,13,19,-9,22,-5,15,-4,2,-9,6,-3
1,10,8,-6,9,-1,11,-7,12,-10,12,-15
-1,-3,10,-13,9,-6,15,16,10,9,4,15
9,12,8,11,4,21,8,7,13,6,19,8
8,8,4,0,13,22,4,6,3,10,19,3
3,8,7,7,18,19,17,4,15,-10,8,22
16,12,4,23,15,4,19,-6,16,10,18,16
4,9,16,24,20,2,10,-11,18,11,11,7
15,12,13,25,10,0,7,9,-2,25,15,3
22,4,10,24,21,18,22,13,18,-9,16,14
12,-3,14,5,0,28,20,0,19,15,-3,-3
7,21,16,20,4,0,7,-1,11,-7,-1,7
22,9,20,6,17,22,4,23,-4,25,4,17
17,19,13,-1,19,11,16,3,4,19,0,25
6,16,18,26,13,-1,19,32,6,11,11,3
3,16,15,10,1,-3,15,28,5,13,14,-2
9,20,22,-1,-4,12,6,24,22,23,22,18
8,23,21,16,21,32,7,15,-2,33,5,5
-4,4,8,15,14,3,8,3,21,10,17,17
-3,-9,17,-4,7,-25,19,-6,22,-2,8,-27
2,-34,22,-35,15,-2,6,-14,4,-6,18,-4
-1,0,14,-13,1,-9,7,-5,2,-25,8,-7
13,-5,8,-8,-1,-3,0,-23,1,-24,5,-13
11,-31,0,-25,20,-30,0,-24,16,-10,11,4
-1,-28,17,-22,6,-11,-2,1,-2,-22,-1,-21
1,-7,5,-21,10,-21,1,-13,5,-17,2,0
0,-13,18,-10,10,0,9,-25,9,-19,16,4
2,-12,19,-21,9,-3,21,-4,3,4,9,6
-2,-23,14,-1,10,-20,0,-26,-2,-10,6,-9
0,1,14,-6,8,-4,6,8,2,6,19,-24
2,-8,3,-4,23,-15,23,6,6,-20,20,-15
-3,2,22,-18,21,-13,-2,-16,-1,0,19,-7
-2,9,0,-20,2,-7,5,10,9,2,18,-2
15,0,12,-3,4,-19,20,-13,21,-14,23,5
0,9,22,-19,22,-20,7,0,16,-11,16,7
1,-5,18,-14,5,15,16,-2,-1,-12,17,-20
-1,-15,1,-13,13,-8,14,-14,5,-12,-3,0
10,6,15,-12,14,2,5,-5,7,16,16,9
1,13,22,-8,14,-4,11,-5,12,19,-1,19
-1,-14,2,-15,4,6,14,0,4,-15,18,17
-3,15,19,-12,23,-10,1,16,4,-9,-3,-10
-1,9,7,22,10,20,-1,16,11,2,19,-10
-2,7,7,-13,20,-8,14,9,12,-2,5,11
13,11,21,-9,7,9,7,-8,20,21,14,17
17,7,7,13,4,-6,14,15,1,19,4,3
0,5,3,8,17,3,-3,1,13,-7,1,-7
-2,6,16,1,16,6,6,17,10,16,-3,8
22,6,15,1,21,16,0,10,22,3,5,26
14,20,-1,4,16,0,13,16,21,15,6,17
6,20,-3,28,2,-3,18,0,8,4,11,-1
17,17,-2,17,12,-4,13,29,11,-3,-1,11
17,19,10,25,-1,-3,4,12,1,17,3,12
3,19,6,4,-3,32,-1,18,16,30,16,28
2,32,12,27,23,4,2,10,17,10,18,8
1,9,14,1,21,8,17,12,6,6,3,17
1,22,3,20,7,15,17,12,19,6,-2,29
0,-17,24,-27,23,-24,9,-27,8,-29,13,-6
-2,-22,15,-16,3,-24,6,-11,20,-28,2,-16
0,-22,1,0,1,-7,1,-3,7,-1,10,-25
15,-24,3,-25,2,-3,1,1,7,-8,13,-8
3,-19,8,-6,-2,-1,3,-2,11,-4,7,-25
-2,-11,23,-19,23,-25,16,-9,6,-27,10,-26
-2,-13,7,-22,-2,-4,19,-22,18,-23,16,-5
3,-10,-1,1,10,-26,23,-29,13,-7,2,-13
0,-23,14,-14,0,-19,23,4,-1,-26,-2,1
-2,8,19,2,9,-14,0,-19,11,-18,7,-15
2,3,14,-7,4,3,3,-2,9,-25,23,-12
1,-2,24,5,14,-13,14,-5,0,-20,-1,-2
3,-6,5,9,7,4,2,1,4,6,10,1
-2,-5,14,11,1,6,-1,-9,5,9,10,3
12,1,2,-21,13,1,19,13,11,-19,6,3
-1,-11,6,10,3,-7,2,11,20,12,19,-16
-2,8,0,-19,2,-18,20,0,6,-14,9,-16
1,-16,16,-16,24,8,8,16,1,7,18,8
-1,-7,14,-15,5,13,1,6,16,1,3,-18
2,-1,23,7,13,16,8,19,22,17,14,15
3,-13,17,2,12,20,13,-5,5,-13,15,-5
-1,19,22,0,24,-14,20,-7,3,-3,0,-6
-2,18,2,-14,12,-2,16,-13,3,5,3,-12
-1,13,22,17,7,-10,12,18,1,-9,16,3
4,-4,-1,1,15,12,14,2,16,21,15,3
0,15,-2,-4,24,13,3,-5,2,20,22,-4
23,3,24,23,11,21,21,7,6,4,1,25
10,16,7,20,19,-4,8,-9,12,-1,18,17
9,19,20,26,10,28,0,18,9,23,24,15
20,13,12,5,-1,12,11,13,15,0,24,12
19,17,16,-1,20,13,17,9,19,-1,20,13
3,28,3,10,14,-1,-2,30,15,7,9,27
-1,19,4,32,7,-2,10,13,-2,-1,18,10
14,24,2,1,0,10,21,2,2,1,6,2
19,15,12,5,4,23,12,30,21,28,24,4
-1,34,7,32,11,4,22,33,17,29,22,5
0,0,2,27,20,13,19,0,10,33,21,14
3,-22,-1,-31,16,-25,17,-12,22,-14,0,-8
-1,-4,6,-11,4,-14,15,-29,-1,-25,14,-4
2,-22,21,-6,19,-31,25,-15,2,-33,11,-1
8,-10,0,-1,25,-33,23,-29,0,-9,7,-27
5,-29,20,-29,21,-6,17,-24,2,-16,4,3
4,-19,1,-31,7,-5,3,-8,12,4,16,-27
0,-2,3,-27,22,6,4,-7,21,-5,-1,-30
2,-24,5,-14,8,-24,21,-29,18,-21,13,-21
1,4,19,-25,15,3,23,-1,7,-6,6,4
5,-14,22,-2,14,-23,6,-27,25,-20,6,-19
0,-7,6,-15,-1,1,1,-9,6,-18,16,7
-1,-10,22,6,0,-11,1,-10,5,9,18,-13
0,-23,5,-13,19,-14,3,-12,12,8,23,4
-1,-21,3,13,16,-13,12,-15,0,12,25,2
0,-13,7,-18,8,-14,7,-22,5,6,17,6
0,-4,11,-11,8,12,14,4,25,-16,22,-19
-1,-14,2,-19,2,5,5,2,-1,-7,4,-6
1,-5,8,-2,-1,3,4,-16,0,-8,2,12
-1,-9,20,8,23,10,6,7,25,9,9,-12
2,-13,7,-5,10,-14,2,18,16,-13,5,0
20,3,13,10,1,-8,25,-10,1,-5,9,-7
20,1,0,5,4,-5,9,16,8,-5,24,10
8,7,8,7,21,19,22,12,8,0,4,1
3,8,14,22,23,-6,4,22,13,-4,23,-5
8,10,9,2,24,2,6,-7,21,19,25,-11
22,11,12,17,3,12,3,-5,2,20,19,-6
3,15,8,5,5,7,0,-7,16,17,2,20
5,14,4,27,0,-8,13,14,10,17,4,25
3,-8,13,24,23,21,12,18,2,3,24,9
1,13,21,6,11,2,7,-5,21,-3,20,9
19,21,4,10,8,1,24,30,24,17,3,15
20,13,11,14,21,26,16,-4,16,26,2,11
1,24,25,13,23,10,7,2,17,16,13,28
3,3,22,18,18,26,14,14,5,17,8,2
5,15,17,13,5,18,13,8,20,31,23,27
4,3,17,21,10,25,7,29,18,0,13,27
2,18,9,33,3,13,15,11,20,25,7,17
1,-28,10,-8,11,-27,15,-27,14,-16,24,-3
4,-32,22,-30,11,-28,15,-33,2,-33,1,-9
5,-2,23,-8,9,1,22,-17,21,2,25,-7
21,-11,18,-23,9,-6,24,-17,14,0,23,2
3,-11,19,0,8,-16,16,3,8,0,21,-24
1,-13,23,-20,26,-2,24,-22,26,-29,0,-8
4,-23,18,-14,23,-18,26,-7,2,-15,3,-25
2,-20,21,-15,24,-13,19,-23,1,-17,22,-22
1,-4,24,-24,21,-6,23,-16,22,2,17,-8
2,6,19,-23,2,-10,24,-20,15,6,4,-26
15,-3,0,7,5,-17,21,-10,3,-13,25,-6
5,-14,26,-14,2,-22,17,-19,22,-23,8,-10
15,3,11,-20,24,-18,9,9,4,-21,26,5
2,4,20,-10,20,-9,2,-7,19,-7,17,-6
6,5,16,-16,25,-12,3,-11,4,-9,19,7
14,3,14,10,4,-3,3,9,17,7,12,-11
4,-3,17,9,23,12,10,12,4,-2,7,-3
0,-8,12,-17,1,-3,2,-18,6,-1,10,15
0,-11,11,-18,0,12,13,-2,7,3,11,-7
1,-17,21,-6,5,-5,12,-17,1,-11,18,-11
3,9,21,8,20,11,2,-13,15,-7,6,-12
4,17,2,1,13,-11,4,-2,26,21,12,2
4,19,22,8,20,-3,18,11,2,22,16,-4
10,10,20,1,19,4,15,8,4,-13,8,-10
6,0,18,20,21,20,15,-8,25,24,13,-2
11,13,11,5,2,24,8,-4,22,-2,0,5
11,15,8,12,13,20,9,25,7,5,0,-3
2,15,5,22,3,19,10,-2,26,8,20,1
20,17,11,16,12,12,14,14,1,11,7,13
4,-6,25,-6,15,19,22,3,13,6,18,-2
1,8,18,12,6,18,8,6,13,23,13,17
2,8,3,25,6,-3,6,-4,1,-2,24,0
2,32,12,23,7,-2,1,0,4,4,7,2
5,11,14,5,17,9,0,7,24,-3,4,-3
3,15,14,15,22,5,2,4,17,-1,0,12
5,14,5,13,5,5,5,30,26,8,18,28
0,21,19,3,20,18,5,32,10,19,7,20
