-1,-16,-14,-15,-10,-30,-4,-1,-21,-1,-7,-22
-6,-32,-14,-24,-21,-12,-6,-6,-4,-2,0,-25
-9,-19,-12,0,-26,-23,-1,-18,-26,-17,-17,-11
-6,-32,-16,-15,-19,1,-25,-23,-9,-20,-22,-19
-17,-3,-5,-2,-19,-21,-23,-18,0,-21,-18,-3
-15,-5,-22,-17,-11,-21,-21,-19,0,4,-26,-3
-16,2,-25,-25,-10,5,-9,-18,-21,-4,-9,-2
-13,-3,-5,-20,-19,2,-23,7,-11,2,-8,-7
-7,-22,-13,-25,-21,8,-16,-17,-21,-10,-15,-14
-6,-12,-14,-9,-6,-20,-6,3,-18,-4,-15,-19
-8,-13,-20,-4,-24,-9,-24,1,-17,-15,-26,-2
-5,-12,-11,-12,0,10,0,-1,-4,-17,-23,-10
-2,-8,-14,-23,-10,4,0,6,-3,-23,-26,-19
-4,-10,-17,-21,-24,4,-21,13,-3,-15,-20,-22
-4,-18,-14,-17,-4,0,-2,-14,-1,10,-8,-12
0,-8,-3,-14,-10,-20,-11,-18,-2,-5,0,0
0,-8,-26,8,-19,-8,0,5,-23,11,0,14
0,-4,-4,13,-24,13,-3,2,-1,-1,0,16
-11,5,-20,9,-4,-11,0,-9,-23,-18,-5,-12
-13,6,-26,-11,-8,-11,0,6,-21,-9,0,-5
-5,-6,-24,15,-7,-10,-6,-13,0,-4,-1,19
-7,-2,-12,20,-14,9,-26,-13,-26,14,-1,15
-15,16,-7,11,-10,3,-3,6,-4,13,-5,-11
-1,3,-7,19,-12,19,-2,-6,-23,0,-17,0
-14,18,-23,17,-1,21,0,8,-9,18,-10,-10
-1,6,0,9,-4,8,-20,9,-26,-6,0,18
-16,21,-9,23,-10,17,-4,2,-3,-5,-25,21
-7,0,-7,13,-21,16,-4,19,-2,26,-3,3
-3,9,-26,11,-25,15,-4,-4,-3,3,-18,17
-17,-3,-16,28,-4,13,-4,12,-2,22,-18,-1
-26,15,-2,4,-12,21,0,-6,-4,17,-7,13
-23,11,-23,20,-21,27,0,24,-2,12,-2,-2
-26,30,-3,10,-26,6,-7,30,0,25,0,24
-25,16,-7,31,-7,17,-12,7,-4,13,-13,25
-8,32,-22,15,-1,27,-8,21,-1,10,-10,34
-5,31,-14,22,-15,2,0,14,-1,10,-2,34
-25,13,-14,35,-25,0,-10,34,-3,3,-9,31
-11,-11,-3,-22,-7,-35,-14,-5,-21,-17,-13,-25
-11,-12,-14,1,-7,-16,-1,-31,-6,-23,-12,-10
-7,-31,-24,-26,-3,-25,-10,-15,-23,-13,-7,-23
1,-22,-19,-8,-24,-7,-25,-3,-25,-26,-11,-11
-8,-28,-25,-31,-6,-18,-23,-11,0,-17,-1,-28
-9,-9,-9,-9,-10,-13,1,-30,-13,-11,-7,-3
-5,-24,-10,-18,-4,-2,0,-28,-4,-28,-23,-13
-6,-21,-24,-14,1,-15,-18,-9,-15,-13,-4,-21
-5,-21,-22,-24,-24,-7,0,-13,-17,-8,-1,-13
-8,-24,-24,-8,-19,-23,1,4,-6,0,1,-4
0,-8,-15,6,-19,-13,-1,-13,-8,-11,-7,-3
-5,-11,-5,-16,-8,-17,-3,-23,-24,-9,1,5
-4,-18,-14,5,-21,-6,1,-10,-24,-4,0,-11
-7,-9,-19,-12,-25,-21,-3,-20,-24,9,-3,5
-7,-13,-23,-14,-18,0,0,13,1,-8,1,5
-8,-8,1,7,-9,-12,1,-8,1,0,1,1
-12,5,-20,1,0,16,0,8,-2,-4,-6,4
-3,-4,-25,5,-10,3,1,-13,-22,-4,-6,13
-7,-14,-15,7,-24,-1,1,9,1,10,-2,-2
-12,7,-4,5,-1,-7,0,5,-6,0,1,-10
-8,-2,-2,9,-8,-7,1,10,0,-16,1,9
-3,-9,-14,-1,-15,1,0,14,-6,1,1,18
-5,-1,-8,-8,-4,-10,1,-9,1,-5,1,17
-7,-1,-23,21,-10,6,1,-6,0,-12,-7,1
-3,0,-25,13,-19,2,-3,-12,-3,5,-11,20
-13,18,-7,8,1,12,-5,-2,0,24,-2,-7
-12,19,-6,1,-11,21,-3,-9,-3,8,-5,6
1,8,-6,3,-9,22,0,27,-7,16,-6,3
-20,-2,-12,21,-24,1,0,2,1,16,0,12
-10,28,-8,4,-23,2,-13,18,-6,22,-19,1
-15,17,-17,28,-12,25,-6,10,-1,8,1,8
-2,18,-19,-5,-22,24,-6,4,0,16,1,0
-10,10,-25,-2,-4,28,-1,15,-2,8,1,-2
-6,23,1,19,-19,21,-1,30,-24,1,1,23
-1,19,-6,26,-2,-2,-20,32,-23,29,-7,27
-20,4,-3,14,-7,32,-11,33,-20,29,1,-1
-14,34,-1,19,-25,28,-6,10,1,15,-23,19
-20,-30,-9,-32,-20,-12,-7,-14,-4,-4,2,-35
-14,-6,-22,-15,-6,-30,-4,-20,-20,-27,1,1
-6,-29,-3,1,-1,1,-23,0,-12,-2,0,-29
-14,-3,-4,-23,-6,-16,-6,3,2,-10,-3,-23
-3,-28,-20,4,-4,-19,-2,-22,-1,-25,1,-5
2,-17,-21,-22,-14,-27,-21,-31,-2,-18,-1,-24
-3,-16,-13,-28,-2,-18,-16,-10,2,-25,-22,-17
-3,-18,-21,-11,-23,-2,-23,-5,-24,2,2,-5
-3,-23,-12,-6,-16,-25,-8,-25,-22,-19,-1,-18
-5,-15,-15,-14,-13,-19,-15,-25,-2,-26,-1,-18
-4,-22,2,-1,-24,9,1,7,-15,8,-4,-4
-6,-17,-18,-7,-10,-18,-6,-21,-5,-15,-7,11
-9,-2,2,-3,-1,-16,-22,-16,-15,-20,2,-6
-4,-14,2,-5,-2,-17,-5,-9,-3,-16,1,2
-5,-8,-10,10,-2,1,-10,-7,0,10,-13,13
-5,-11,-17,8,-19,-13,0,10,-14,8,-1,-21
-1,-2,1,8,-9,-18,0,8,-24,-12,2,0
1,-7,-6,1,-21,-16,2,13,-1,-6,-2,-1
-4,-10,-12,-16,-22,2,-3,5,2,9,-7,11
-18,-11,-11,15,-8,17,0,-11,-2,-5,-2,-7
-9,9,2,10,-15,10,0,11,-3,17,2,-3
-11,7,-9,-7,-14,-12,-4,13,0,8,1,7
-6,-3,0,6,-16,6,0,9,2,8,1,0
-1,2,-23,22,-7,10,1,14,0,-1,-4,16
-2,-7,-14,-11,-1,21,-7,17,-1,7,2,-3
-11,19,-6,10,-21,-9,-3,3,-4,11,2,-5
-2,4,-16,18,-8,23,1,24,-7,1,1,23
-11,18,-23,2,-17,-8,1,22,-5,-3,-2,16
-3,-8,-21,20,0,26,2,-4,0,23,2,-4
0,26,-4,12,-4,22,-5,25,0,2,-4,17
-2,-4,-8,24,-17,-3,-8,27,-1,14,1,23
-13,31,2,10,-19,-3,-4,0,-3,22,1,27
-10,2,-2,-2,0,26,1,-3,-2,30,-4,2
-2,-2,-16,27,-19,30,-1,26,-3,13,-2,17
1,32,-3,14,-5,-1,-24,6,-5,21,-2,15
-4,-1,1,11,-17,14,-5,10,-7,24,-16,29
-2,0,-4,4,-13,34,1,6,-8,19,2,15
0,-17,-3,-16,-13,-13,-1,-9,-4,-34,2,-12
-7,-17,-5,-21,-4,-18,-2,-2,3,-15,-1,-26
1,-16,-8,2,1,2,-4,-4,-8,-13,-4,-1
-1,-26,-15,-1,-23,-21,0,-31,-2,-8,-3,-6
-4,-28,-2,-17,-21,-1,2,-18,-2,-4,-3,-15
1,-16,-21,-16,0,-9,-7,-13,0,-17,-4,-13
1,-13,-23,2,-12,-28,-8,-1,0,-20,3,-27
2,-14,-13,-25,0,2,2,-25,-10,-2,-4,-28
0,-12,-2,5,-8,-19,-23,-28,-17,8,1,4
-2,-20,2,-12,-6,-11,1,-24,3,-20,2,-1
-4,-10,-17,-17,-9,-22,2,0,-9,-2,2,8
-11,1,-7,1,-20,-16,1,-25,1,-12,3,-17
-14,-18,-3,-8,-16,0,-4,5,3,-24,-4,-21
-3,-18,-3,-16,-19,8,-1,-17,-6,4,-6,-23
3,-6,-1,-9,3,-3,-2,6,-20,-18,-12,12
-7,12,-17,-16,-18,14,-6,10,-12,-7,-18,-16
-13,13,-17,15,-16,-10,-1,-7,-13,-17,-14,-16
-2,2,-9,7,-13,8,-4,6,-3,-9,-5,-2
2,12,-13,-8,-23,1,2,5,-3,11,-7,1
1,17,-22,-8,-6,8,-4,-9,2,19,1,-8
-8,-9,-20,-15,-6,6,-4,8,2,17,2,-10
-7,2,-3,18,-3,-1,-4,-8,3,-2,2,16
-7,-1,-21,19,-6,0,2,18,-1,12,2,14
-3,4,-17,0,-11,0,1,-8,3,-7,2,-9
1,2,-13,15,-5,-5,-6,5,-6,12,0,2
-12,18,-22,14,0,12,1,-9,-3,17,-1,-7
-16,-4,-13,24,-23,8,-2,19,-5,1,1,16
-3,12,-5,23,1,6,2,21,-1,27,-2,7
0,-8,-22,13,-8,5,-2,23,1,3,1,0
-10,12,-20,17,-13,18,3,27,-6,13,0,4
3,1,3,7,-7,10,-6,8,2,14,-3,2
-21,14,-18,-2,-6,5,-3,-1,-1,5,1,1
-13,30,-19,31,0,28,-8,17,-1,17,-2,11
-11,30,2,29,-13,18,1,-2,-1,-3,2,6
-1,33,-1,7,-22,23,0,23,-1,17,-6,0
1,19,-7,35,-2,11,-1,6,-1,21,-22,22
2,23,-9,16,-17,20,-3,31,-3,20,1,1
-9,-26,-12,-13,-7,-25,3,-15,0,-27,3,-28
0,-15,-11,-25,-22,-29,-1,-23,-5,-29,3,-35
4,-4,-2,-9,-22,-11,-1,-32,-2,-18,2,0
-4,-23,0,-21,-21,-32,-7,-18,-3,-33,-4,-30
-8,-3,0,-12,1,-11,-4,-27,-7,-23,2,-7
0,-20,4,-25,-4,0,-6,-22,-19,-21,-21,-17
-3,-15,-11,-18,-6,-15,3,-10,3,-1,3,-7
-4,-14,-8,-5,2,-1,-3,-11,-21,5,1,-14
-1,-16,0,-1,-3,-12,-9,-10,-10,2,-19,-9
-3,-22,-6,-9,-17,-17,-13,-22,-2,-20,-16,-1
-11,-2,-5,3,-1,-21,3,-1,-11,-13,-6,8
4,7,-11,-1,-10,0,-5,-15,-16,2,1,10
-4,-17,-6,-21,4,-11,2,5,-6,-12,-4,-18
3,-4,3,13,-9,-16,0,-18,-18,11,0,1
-1,-7,1,0,-10,10,2,13,4,-18,2,2
-5,4,-12,1,-14,10,-13,-2,-13,10,-10,-7
-1,-3,-6,-16,1,-19,-14,-17,-9,10,-14,0
0,8,-1,-16,-13,5,-15,-16,-22,14,-5,-3
-16,16,-5,-5,-22,11,-12,-17,-4,4,-11,-1
-6,15,-7,4,-7,6,-20,-6,-7,-4,-3,-2
-7,-6,0,-15,0,-14,-17,1,-2,-14,2,14
-8,-12,-2,11,-22,-1,-17,11,2,-11,-3,-15
-4,18,-1,4,-15,21,-17,-7,-1,15,3,7
1,-4,-1,15,-18,-4,2,23,-15,22,-1,-1
-5,9,-9,9,-8,-10,1,-2,-21,6,1,19
3,17,-22,-6,-13,2,-21,7,-8,-4,-5,8
-2,12,-2,-7,-22,5,-6,-10,-21,-9,-5,22
-19,11,-17,25,4,15,1,-9,3,-1,3,6
-22,25,-1,24,-12,-1,1,28,0,-4,3,-1
-21,24,-2,-5,4,-4,-3,-2,4,-4,3,-2
-22,21,-14,29,-17,14,1,25,4,24,2,17
-16,12,1,6,-10,18,2,21,4,-3,2,17
-22,16,-2,19,-3,26,-17,16,2,2,3,-1
-16,30,4,0,4,19,2,22,-2,-3,-5,11
-14,29,2,19,-18,12,-12,23,-1,30,-15,4
-18,15,-1,26,-20,21,-14,5,-1,12,2,11
-20,29,-2,11,-6,20,-2,2,1,36,1,28
-8,-22,-2,-32,-6,-2,-4,-29,-11,-29,-4,-31
-4,0,-3,-30,-19,-16,-3,-10,4,-29,-5,0
-6,-1,-2,-20,3,-7,3,0,-2,-3,-21,-8
-4,-25,-2,-16,0,-16,1,-9,3,-28,3,-22
1,-23,-19,-32,-15,-31,-11,-14,0,-8,-6,-30
-1,-15,-18,-29,-17,-19,-3,-13,-1,-17,3,-10
1,-20,-13,-21,5,-3,0,-11,-16,-20,2,0
-5,-26,5,-6,-21,-12,0,-23,-13,-8,-3,7
-2,-26,-20,-1,-15,-9,-5,-20,-11,8,-17,-6
-4,-17,-18,3,-13,1,4,-18,1,-16,-5,-6
-6,8,5,3,-2,7,5,-23,-2,2,-6,-26
-17,-20,-11,-4,-17,5,-1,-25,-6,-14,-16,-15
-12,8,-21,-9,-15,3,-1,1,-1,-15,-20,-2
-5,-8,5,-21,3,12,0,-14,-3,13,0,-14
-2,-22,-14,2,3,9,4,-22,-1,12,3,-2
-14,-2,-1,-7,3,11,-2,-4,-14,5,-13,-16
-1,-8,5,-12,3,-16,0,15,-2,2,-10,-2
-4,-18,-10,-11,-13,-10,4,0,-16,13,-11,-8
-9,17,-7,11,-13,-18,-13,14,-15,-6,-10,4
-1,2,-5,11,-8,-3,-10,16,-12,8,-5,-5
4,-3,-4,-8,-19,-15,-11,14,4,-14,-3,19
-10,8,-21,-12,-10,20,-6,20,5,18,-1,17
-1,-4,-4,18,0,-1,-20,22,-1,-8,2,-9
1,11,-1,-12,1,13,-3,-5,-6,-13,-12,7
5,-6,-4,24,-18,-11,-3,-9,-3,-7,-1,-1
-18,13,-11,-6,-8,21,-11,15,-3,20,4,-9
-9,-1,-6,8,-7,-9,-10,17,-4,8,4,-9
-21,4,2,26,-15,1,-5,11,-7,5,2,18
-20,20,-17,17,3,3,-3,22,5,-7,2,14
-21,10,-14,28,-12,1,3,25,-3,26,2,14
-16,9,-13,-6,-3,16,-3,0,-8,19,2,20
-18,5,-18,18,-18,1,2,21,4,-1,2,19
-14,17,0,13,-20,11,3,20,0,27,3,29
-18,20,5,4,3,23,-1,23,5,33,3,28
-21,34,4,32,-21,11,2,14,-20,6,2,17
-18,27,-2,30,-20,10,1,29,-1,26,3,28
-20,30,4,22,4,31,3,17,2,30,1,35
-1,-11,4,-23,-8,-24,0,-25,-3,-26,2,-2
-8,-34,5,-30,-5,-32,0,-18,5,-8,4,-16
-6,2,-10,-5,-3,-5,-7,-7,-17,-6,-13,-3
6,-12,4,0,0,-6,-10,-4,-12,1,0,-28
-3,-27,-15,-22,0,-26,-4,-28,-3,-23,-2,-5
-6,-5,-2,-1,2,-17,-1,-25,-1,-23,3,-11
-2,-14,-3,-20,-9,-4,2,6,-17,-4,-1,-13
0,-11,-12,-8,1,-18,-13,-15,3,-14,-14,-10
1,0,4,-16,-9,-3,4,2,3,-1,-1,-17
1,6,5,6,-7,-5,4,-7,1,-8,1,-26
-2,3,1,-25,-13,-18,4,-17,-19,-11,4,2
-8,-23,-2,4,-8,-4,-7,3,5,1,3,-17
5,-20,4,6,-2,4,-6,-2,3,1,-2,-3
-12,7,-8,7,-13,-14,-17,-8,-7,-15,3,-20
4,10,1,-2,-15,4,-12,-22,-2,-9,-20,-3
-7,-12,-9,0,-14,4,-6,-2,-2,-9,-9,8
-1,-9,-3,-17,-9,4,4,2,2,-18,-4,-13
-2,-13,-4,-10,0,17,-5,-15,-4,2,2,10
4,11,-12,-13,-14,4,1,-5,-8,-11,-10,4
-16,11,-17,-10,-4,8,-14,5,5,0,-8,11
-8,7,-13,-12,-13,-14,3,19,-6,-8,-9,-15
-1,2,-15,18,-19,-11,-1,4,0,-2,-20,20
5,15,-20,-10,-14,12,-8,2,-2,0,-10,15
3,-7,-3,-12,-17,5,-4,17,5,18,-2,-1
-7,4,-18,14,3,-8,-3,11,-8,19,-6,7
-2,19,-13,-8,-16,9,-16,7,1,7,-4,-6
-16,7,1,14,-5,16,-10,25,-9,-5,3,8
-20,17,-4,1,-12,1,-12,22,-1,24,4,18
-13,25,-10,3,-12,6,-6,0,-3,28,-3,2
-15,7,1,27,-9,-3,-12,23,3,2,1,28
-16,9,-9,26,-11,15,-10,15,4,12,-14,29
-18,19,5,15,-9,31,-5,5,-2,13,2,27
-13,11,-11,25,-12,1,-18,-2,-12,28,-2,-3
-14,16,-16,16,-9,17,1,-2,-16,1,-18,31
-16,12,3,24,-14,19,4,19,3,-2,2,25
-18,27,0,17,-12,33,-4,35,-4,34,0,34
-17,11,-5,15,-10,2,-20,5,-4,1,0,19
-16,-18,3,-28,-8,-35,6,-33,-2,-15,-4,-28
-12,-1,-15,-20,7,-26,-5,-23,-10,-26,-15,-20
-4,-26,-4,-18,-13,-3,-7,-13,-11,-5,3,-12
-7,3,-5,-23,4,-15,-6,-16,-8,-32,2,0
4,-31,-8,-29,-2,-11,-11,-6,6,-7,6,-21
-9,-25,1,4,4,-6,3,3,2,-30,-3,-5
-12,-12,-10,-13,-3,-16,0,-15,3,-23,3,-27
-15,-16,-11,-25,-1,-26,-9,-23,-1,-20,2,-6
-18,-8,4,-5,6,-6,-6,8,-5,-13,0,-3
-17,4,-5,-23,-5,-18,4,7,6,-3,3,-27
-17,-5,-2,4,-3,-24,-3,-15,-8,3,-14,-11
5,-13,-7,-11,-11,10,2,9,4,-19,4,11
2,-4,0,-21,0,-2,-6,8,-16,6,-2,-12
-6,-6,0,-23,3,-20,-14,9,-4,-9,-3,-9
5,9,4,-16,-18,12,1,-9,-1,-14,-11,-13
-6,-14,-18,-19,-16,14,1,14,-1,11,-10,10
7,0,-19,-6,-4,15,4,8,1,3,-3,-14
-3,-19,-6,12,-10,-17,-5,5,-16,6,5,-2
-18,-3,-10,4,-3,0,0,-17,-9,16,-5,11
-17,-2,-11,-10,-12,15,-6,-11,-17,-10,-7,3
-2,-10,4,-8,-10,-9,0,-12,-1,-10,-16,12
-4,-4,-7,14,-19,6,-1,9,-7,10,5,21
0,13,3,15,-7,20,-5,-3,2,-3,-5,2
3,9,0,22,-19,-10,-2,7,0,-10,2,19
0,-11,-2,9,-6,-10,-13,0,-3,1,-4,21
-2,22,-10,17,-7,20,-6,-7,-14,14,0,5
3,26,-13,-4,7,7,-17,7,-2,12,5,8
3,21,-1,27,2,25,-10,11,-3,-2,2,21
6,1,5,-5,5,-6,-4,23,2,-4,-1,25
1,28,4,-6,-2,8,-6,4,-5,-2,1,13
-2,18,4,28,1,4,1,12,-4,16,-1,18
-1,21,-14,11,-17,-1,-3,-3,-17,31,1,-3
-5,10,-11,-2,-7,10,-14,4,-5,-4,0,16
-10,31,3,30,-19,17,-5,30,-2,28,-6,2
-2,24,-17,0,7,23,6,10,6,21,0,6
1,22,2,13,6,31,-8,35,-19,33,-2,26
-1,20,-8,33,6,26,-8,11,-12,14,-4,36
-3,-24,-11,-10,-9,-2,6,-26,-7,-12,6,-20
6,-22,1,-2,-15,-9,-4,-29,-3,1,-4,1
-1,-15,7,-33,-10,-17,-12,-20,-7,-17,-5,-4
7,-22,-4,-31,4,-22,-11,-5,-15,-9,-13,-7
6,-4,4,-28,-10,-28,-6,4,0,-12,-1,3
-6,-28,-15,1,4,-30,-14,-28,-12,-22,-4,-6
-16,-5,2,-30,0,-16,-2,-3,-3,-22,4,-4
-11,-6,-4,-16,-17,-5,3,-2,3,5,-8,-17
6,-26,1,-13,-8,-16,-16,-19,-5,-28,3,8
-2,-3,-5,-4,1,-4,-2,-20,-5,-25,-9,-26
5,10,-18,-19,-18,10,4,-12,-17,-16,-10,0
3,-23,-12,5,7,-1,0,-12,-3,-19,1,-18
-10,-18,4,2,-11,-11,-17,-10,-1,-17,3,-3
-1,-11,6,11,-14,12,-4,-6,-2,-3,-14,-3
8,3,-11,5,6,3,0,-7,2,-5,-10,-21
6,-15,4,-4,-4,1,-1,-12,-7,7,-4,9
-5,13,5,-7,-5,0,-5,-10,-2,-9,-12,-9
-4,-2,6,13,-4,-11,-1,9,-5,7,3,-1
-14,14,-7,1,6,6,-6,4,-1,14,-11,4
-3,10,-3,8,-16,-5,4,-8,3,-14,-14,-11
-4,-3,8,8,-1,12,-12,16,1,16,4,-9
-12,-8,-10,-7,-13,19,-1,-4,-14,6,3,4
-16,12,0,21,8,14,2,22,-1,3,4,-8
-1,16,0,20,4,23,-5,12,-14,12,3,4
1,23,0,14,-9,13,-8,15,-15,5,3,-7
-7,24,-11,12,-9,5,2,5,2,8,-1,9
-5,21,-16,9,-6,8,-2,3,-4,-9,-1,1
1,25,-1,-4,-3,-5,2,-8,-8,-8,3,2
3,26,7,-2,-3,9,-10,2,-15,24,4,11
-11,29,0,-7,-12,27,-11,8,-3,28,6,0
-16,17,-10,9,3,-3,-4,-6,2,5,2,30
-18,11,-3,14,-4,13,5,7,-8,0,-11,14
-11,21,-8,11,8,12,5,20,-4,18,-2,29
-17,11,7,4,-16,31,-1,15,7,19,-6,18
-16,11,0,6,2,14,2,31,-9,10,6,0
-11,4,3,7,-14,18,5,5,-17,35,3,-1
-3,5,-14,18,3,0,8,16,0,0,2,18
9,-10,-6,-32,-1,-29,0,-17,-12,-19,7,-36
0,-35,-7,-32,-6,-16,-2,-12,4,-23,-13,-7
6,-29,-16,-28,-7,-14,6,-1,-3,-11,3,-25
5,-16,2,-13,9,-31,-14,-26,-5,-28,3,1
-5,-8,4,-3,8,-28,9,-22,-14,3,-6,-9
-5,-6,-12,-14,3,-28,-10,-23,-4,-14,-9,5
-4,2,-5,-3,-2,1,-7,-16,8,-27,-3,-3
1,-2,-3,-9,2,-20,-14,-2,-2,-10,-12,6
1,-7,1,-13,-13,5,-4,6,-4,-8,-9,6
2,-7,-13,-11,-10,-13,-12,-12,4,-19,-7,-2
6,8,0,-9,8,2,3,-3,-1,1,-11,3
-4,9,4,-19,-10,-18,-11,-8,-3,-14,-14,10
-1,-3,-4,-13,-1,-3,-6,-8,1,-5,3,9
-2,-10,-4,12,3,-15,-7,-8,-3,-20,3,8
6,11,-12,-18,-1,10,0,4,8,-12,3,-19
-14,9,6,-4,-13,-6,5,-13,-3,8,-8,12
6,-17,-4,-20,-12,-19,-14,2,-17,-1,-16,16
8,-16,-16,11,-13,-3,-6,-16,7,14,-3,-19
-12,-2,-6,-9,-3,-13,-2,9,-14,-13,-11,14
-11,-5,-5,14,-3,-14,-17,-8,-1,6,-12,7
-8,-4,6,17,-13,13,-2,16,0,-16,-1,4
-8,18,-8,11,-9,10,-10,21,8,-1,-2,19
3,22,7,3,-10,5,4,8,-2,-11,1,-9
-3,-8,-4,-8,-9,0,-3,7,-3,18,2,16
1,21,4,-7,-1,10,6,-11,2,9,2,23
-2,-5,-5,15,8,4,-8,18,-6,24,-6,-7
-3,23,3,2,-14,10,-12,12,-11,12,-13,-10
8,16,8,7,2,2,-8,5,-8,-8,9,2
6,12,3,20,2,2,-1,14,-14,-2,-10,0
8,14,-9,16,-5,20,-15,22,-1,27,-1,10
-1,10,-3,-3,0,21,-9,-2,5,8,-2,14
4,18,7,24,-10,28,6,18,-13,6,6,29
6,23,6,25,-8,13,6,9,-8,4,0,2
9,5,-7,25,-14,24,-13,7,-5,23,-6,23
-13,9,7,29,8,9,-3,12,0,3,6,4
-10,15,9,18,-5,2,3,33,-10,22,-7,35
9,0,6,30,-9,22,-7,32,-13,31,6,33
1,-18,-9,-5,1,-30,4,-4,0,-18,-11,-15
0,-34,7,-11,-15,-16,7,-20,-3,-6,-15,-22
-5,-7,-1,0,5,-26,-10,-10,-4,-30,-1,-11
-6,-5,-12,-25,0,-28,3,-7,8,-8,3,-28
2,-30,9,-29,-7,-26,0,-20,6,3,-4,-1
5,-28,0,4,10,-2,3,-8,-3,-22,3,3
10,5,7,6,9,4,6,-5,-2,-20,-4,-22
9,-3,-11,-29,4,5,6,-6,0,-27,-11,2
1,-11,-6,-26,-16,-23,-4,0,-3,-12,-3,1
8,-1,2,-15,-15,1,-4,2,8,-5,2,-1
-2,5,5,-3,-2,-7,-13,-14,-11,8,3,-16
3,-1,2,-9,2,4,-13,-4,7,-21,3,-23
-3,-3,0,-10,0,-21,-3,-21,1,-8,-15,-4
3,8,-5,3,-3,-14,-11,-4,-12,-10,0,-23
9,-22,8,-16,-3,-12,-2,-17,-4,0,1,-4
-9,-9,-4,-17,-11,-14,-13,14,-8,5,-5,7
7,-7,8,6,0,-10,-9,-4,0,-11,-5,4
1,8,-1,3,5,3,3,14,4,-16,2,-6
-9,-9,-6,-4,3,7,7,-4,-4,15,-9,14
-8,-12,-7,16,4,16,3,14,-1,12,-15,18
-5,5,-10,-8,5,11,3,12,-1,1,2,14
5,12,-6,5,4,13,-10,21,1,-11,-14,-12
-2,20,3,4,-3,-13,-3,6,8,-6,-7,-9
-5,15,8,3,7,23,2,19,-8,-11,2,7
1,-5,6,22,-3,21,-6,5,-7,14,3,14
-1,13,9,-3,3,20,-3,-3,10,-3,-11,-11
0,-2,4,19,-1,-10,-6,13,2,11,-1,20
-7,19,-3,-5,8,3,10,9,-11,-8,3,-3
9,16,9,27,-6,18,1,25,-9,9,2,7
8,3,-15,5,4,16,-5,-5,-6,21,-12,26
4,20,5,30,9,19,2,5,-11,-3,2,10
7,3,6,23,0,8,-3,2,-4,14,7,27
7,18,-14,25,9,6,-12,32,-12,29,-3,23
10,31,0,20,9,17,-13,27,6,2,-3,19
2,20,-13,8,-7,31,-3,14,-4,25,3,7
-1,29,7,20,-5,4,2,0,-8,3,-5,32
8,4,-3,8,-8,12,6,31,-2,25,-9,36
7,-13,2,-12,5,-6,4,-36,-8,-21,7,-24
-6,-11,-7,-18,3,-31,-12,-6,-10,-14,3,-31
-1,-24,-1,-33,-2,-15,-12,-26,-7,-22,3,-34
0,-15,2,-15,-12,-1,8,-26,7,-30,2,-24
-1,3,4,4,2,-15,11,-15,4,-2,1,-19
-5,-5,4,-18,-5,-9,7,-9,10,-26,-5,-8
-3,-3,-6,6,9,-30,-8,4,7,1,8,-1
8,-25,-14,-11,-6,-10,8,3,-11,-22,6,-16
0,1,9,-1,-2,-4,0,6,-8,-25,0,-19
0,-26,10,-6,2,9,7,5,0,-17,-6,-1
1,-7,9,-2,-5,-25,-3,1,-1,-5,-8,-21
8,-1,-13,-12,-1,-5,2,0,-7,6,5,-15
-1,8,0,-13,-8,-18,-5,-8,-13,-2,8,-1
-6,-12,3,-22,-12,-10,2,-17,-2,-1,-10,-20
-12,7,-2,3,8,5,-7,5,-9,13,2,2
-14,4,-5,-5,-8,-1,-12,-11,0,5,-6,-9
-14,-4,-3,4,9,-7,8,2,-2,-14,2,1
-7,8,3,-2,-6,3,-6,-7,-6,-4,1,6
-11,4,-8,-13,-13,-15,-11,7,0,5,-13,-10
-9,-2,-10,5,9,-12,-15,-6,-3,-7,-4,-17
-1,-5,1,3,10,-8,3,6,-1,-3,-5,14
11,12,3,-5,-2,11,-11,13,-11,2,5,6
11,-4,1,-9,-12,10,11,-3,-8,18,-7,-2
11,23,2,9,9,3,4,-1,-2,-9,2,-6
3,5,8,-10,-12,18,7,6,10,4,-2,8
2,5,6,8,-8,14,5,-4,-1,16,-3,-11
9,12,1,22,-5,-2,-3,25,-10,14,-3,2
9,18,1,18,5,6,5,1,4,9,-2,-5
1,27,1,13,10,-7,7,3,0,4,1,2
0,13,8,21,6,0,10,0,-10,-1,11,10
6,16,-14,-6,-10,21,-11,-1,-5,11,8,-4
6,24,5,19,-5,26,0,9,-10,2,7,11
6,22,-4,11,-15,28,2,11,0,23,-4,1
-6,24,6,7,0,12,-14,6,-3,31,9,10
-1,17,4,21,-6,26,11,31,-9,31,-10,31
0,-1,-6,3,1,-1,-9,9,-10,11,0,30
5,11,7,18,-1,26,-15,35,-8,5,1,23
1,-34,3,-22,7,-17,-10,-6,-7,-24,2,-14
-2,-13,0,-4,0,-12,-6,-30,-8,-25,2,-17
7,-15,10,-34,-6,-8,-7,-1,-7,-16,-13,-9
3,-22,-5,-2,5,-14,-1,-3,-10,-13,2,-22
7,-14,-12,-15,-11,-13,9,-23,0,4,-1,-22
-11,-25,8,-6,9,-20,-13,-9,-10,-15,-4,-27
0,-8,3,-14,-6,-29,-6,-18,-8,-29,-2,-11
2,-24,12,-18,-13,1,1,-17,9,-11,-1,2
7,-12,9,-8,8,-1,9,-24,11,-15,1,7
5,-20,-4,-10,-8,6,-7,-17,-6,-8,-11,-4
-3,5,8,-2,6,-6,-11,-22,-13,-12,-1,-11
11,-11,6,-12,-6,-7,-7,2,-7,4,8,-11
12,9,1,-4,-4,-24,9,-19,3,-1,-4,-23
4,-22,-8,-8,8,-18,-7,-23,-13,-21,0,3
5,1,1,9,-13,-19,-11,11,8,3,0,-4
-11,15,-10,-14,5,-9,-3,9,-5,-16,-11,-16
10,5,1,-11,-13,-14,4,-20,-7,-20,-2,15
-5,-10,-2,1,-10,-17,-14,-1,-2,-3,-2,14
-9,-7,-3,16,0,7,-9,-7,-3,-11,-4,2
-12,-7,0,11,-13,1,-7,0,-5,2,-1,-5
8,9,-12,-13,7,-10,3,19,-3,-10,-4,-3
11,21,3,-11,1,6,7,6,-14,11,-13,3
9,-12,8,2,4,-1,-1,-14,-2,-2,-11,-6
-2,7,10,1,-9,6,3,-10,11,21,9,-12
-2,19,-6,10,3,1,-2,5,8,-6,-1,22
11,-1,8,-5,3,1,-12,12,-2,-10,-11,9
12,14,11,20,1,-9,-8,1,2,19,8,-5
0,21,-13,27,7,21,-3,-8,8,6,1,-3
12,20,-1,-6,7,12,4,-6,-8,7,2,22
2,7,1,26,-10,1,-4,15,-8,25,6,18
7,2,-5,13,-9,8,-10,21,2,10,5,16
-1,30,-13,2,-14,17,4,7,-11,15,-3,4
6,28,-6,15,12,26,-5,22,11,15,0,6
-1,-2,-3,3,6,1,-9,-2,5,-2,1,12
-13,19,-6,-1,4,33,7,34,-8,29,3,-1
-7,34,0,22,-8,5,-6,7,-10,2,-7,-1
-1,11,-8,26,7,14,9,11,-7,6,2,1
11,-13,-13,-18,8,-1,-4,-28,0,-5,-1,-21
11,-5,5,-33,11,-12,-4,-31,4,-6,2,-25
13,-12,3,-22,6,-31,-2,-29,2,-14,2,-33
4,-24,-9,-32,4,2,-3,-14,4,-14,-8,-6
6,-13,9,-27,7,-32,-12,-26,1,-30,3,-16
-2,-6,-1,1,-3,-22,-7,-2,-3,4,7,-24
13,-12,-4,-16,-4,6,-5,-6,-6,-5,2,-8
8,-20,-11,-23,4,2,12,-11,-11,-23,-10,-18
5,-28,13,-12,-8,-6,-8,-3,-11,0,-1,-21
3,-25,-3,-27,10,-20,8,-7,-6,4,-7,-27
9,-10,12,-13,-11,-18,-7,-21,10,-3,0,-3
1,-1,-10,-8,-12,11,-10,-22,-12,6,-4,-9
9,-5,-1,-9,2,-19,9,5,-2,2,8,1
9,-5,9,-12,6,-10,-8,-14,-5,5,-3,-23
8,-21,11,14,0,-18,-9,4,-8,7,-2,-1
-1,7,-2,-14,9,0,-13,13,-2,13,-5,-14
6,-17,-6,-10,0,8,-7,14,-2,-8,-4,8
-13,16,-5,7,-10,-2,-4,9,-9,4,-4,0
-2,-2,-4,6,1,15,1,18,0,-4,-12,-11
-9,12,-4,-1,-5,19,-2,4,-1,-8,-3,-10
1,-16,8,-14,1,8,-9,7,-1,-14,1,-11
-7,-10,-4,0,11,5,8,3,-4,-5,3,-6
4,6,-9,18,4,10,-11,-14,-13,4,-3,3
0,23,1,23,11,5,-2,-1,-5,22,1,11
13,-3,7,9,-7,-7,-11,14,11,22,-9,5
9,17,4,-9,9,-3,-13,9,1,5,6,12
-4,15,4,16,10,16,-7,-7,5,0,0,-1
11,27,-7,3,12,14,2,2,-4,-7,-9,21
13,15,7,0,-7,27,-5,10,8,28,-4,1
12,25,3,0,10,7,-5,27,11,20,-1,15
-4,7,6,0,9,19,-12,11,-4,8,4,-2
3,29,6,4,-5,14,5,5,-4,-2,-12,12
8,27,-10,17,9,11,0,-2,-5,23,2,7
5,33,-8,-2,-7,14,2,4,-7,22,2,18
3,24,3,-2,1,26,6,11,-6,5,1,4
-10,4,9,29,5,9,-10,16,2,3,13,15
-4,10,-2,25,-12,35,-4,16,-8,9,2,19
8,-34,6,-8,1,-36,-8,-17,-2,-32,-1,-6
6,-16,10,1,1,-30,12,-20,12,-9,-3,-5
10,-31,-6,-1,0,-5,-2,0,-3,2,5,0
-2,-9,13,-29,8,-22,1,-32,0,-9,1,-9
13,1,8,0,-1,-9,8,-20,0,-32,2,-30
6,-13,8,-26,-10,-8,3,2,-1,-31,3,-13
4,-24,12,-2,-1,-9,-8,-6,-1,-12,0,-20
4,-17,13,-6,-1,-19,-6,-27,-6,-21,0,-26
-2,-3,-5,-6,0,-11,0,6,-2,-9,0,-27
5,-25,2,6,6,-18,-10,-24,1,7,-2,4
3,-22,-5,7,10,-10,9,-9,-1,1,3,-19
4,-14,-8,4,-7,-14,-10,-19,10,7,-3,0
4,-20,10,-1,-10,9,-11,11,5,10,-3,5
14,-4,7,3,9,-5,9,-15,1,5,-3,-17
-3,-8,-8,-16,-6,-4,-11,-22,-1,3,-9,8
-8,9,-5,-1,-1,8,-3,4,13,-14,-7,-14
12,-1,6,-7,1,-2,5,-12,5,-6,-12,-18
-2,-14,-3,-8,5,-17,6,0,-3,-6,5,-16
-7,-14,-7,-9,8,0,8,9,-4,-13,0,-2
-7,2,-3,-5,9,9,6,17,-4,0,5,8
11,9,-12,11,-4,-10,5,0,-1,16,-2,19
-5,7,1,0,4,21,6,11,9,11,-2,11
13,21,-6,9,-1,-8,-8,1,-2,6,3,-2
3,-10,6,-6,-4,2,10,2,-1,20,0,-4
8,8,5,11,3,13,-5,20,-4,1,-6,15
7,17,-6,3,7,7,-10,7,0,0,-6,1
-2,12,-6,0,-2,5,10,11,-4,5,-8,-2
3,6,-6,19,2,25,-8,0,-10,24,-7,9
2,-4,5,-8,-1,9,7,-6,-12,6,1,0
2,2,3,20,2,28,9,-3,11,26,-12,11
3,13,4,11,11,-4,-9,25,-10,-4,6,26
12,30,14,9,4,25,7,31,-11,21,-5,4
9,20,-8,22,-10,21,-2,3,5,-2,2,10
12,4,-2,10,-2,10,-12,11,-12,1,1,3
8,27,-10,25,10,15,-10,20,14,32,5,31
-3,29,-6,28,-12,32,-12,24,-12,29,-8,31
-1,32,14,32,8,32,-6,0,-10,13,-9,26
3,-15,5,-23,-4,-10,-1,-23,-7,-18,-9,-6
12,-24,-6,-23,-3,-14,-10,-34,-4,-11,-9,-11
5,-27,11,-12,-11,-34,-11,-21,-1,-20,2,2
14,-6,-8,-11,14,-19,-3,-14,-3,-32,-6,-16
13,-23,8,-31,7,-24,-10,-24,-3,-7,4,-28
5,-22,-2,-10,-10,-11,-7,-17,11,-2,7,-13
8,-12,-9,-19,-7,-25,-10,-7,3,-10,-8,-20
12,-1,15,-24,13,-23,-11,-6,11,-5,7,-21
3,-16,9,-1,4,5,-2,-27,1,-5,3,-5
4,-10,-6,-7,10,-12,-3,2,-4,-14,-6,-18
5,-6,11,-7,-5,-18,14,-13,-4,-15,2,-13
4,-9,9,6,13,-16,-11,-22,1,4,-11,8
-1,3,15,-7,5,-5,5,-7,11,-4,-7,-14
11,-15,-2,4,4,-17,-3,13,6,-11,-6,-9
14,9,0,-21,-1,-5,0,-4,-8,1,1,-17
-3,1,3,6,5,3,-10,-5,-8,-3,9,7
7,3,2,10,2,10,1,-2,-1,-7,-7,-15
-10,8,-5,13,11,12,4,-2,-6,-6,-1,14
-7,1,-2,-13,-2,2,-8,0,-8,-17,5,14
-11,2,5,-15,0,-10,-7,-9,-10,18,-3,5
-4,-5,-5,-9,7,-5,3,-7,10,-1,8,5
-2,-12,-2,-6,-4,21,8,-12,-4,-7,-2,12
15,17,-7,9,0,8,9,-8,-1,18,5,-11
12,1,-6,-7,1,-12,10,13,5,-13,3,22
11,9,15,-3,8,-12,-2,-5,10,10,-3,19
2,-7,-3,7,2,14,10,-6,-5,7,-11,4
6,24,-5,10,7,6,9,11,-8,23,1,3
15,20,-7,1,-5,3,-10,18,-3,7,-1,10
8,25,4,24,14,8,-7,12,3,26,-11,0
-2,24,14,19,4,13,-2,2,-1,20,3,13
8,23,0,-6,4,10,3,23,-6,-4,-8,27
2,1,15,26,10,5,5,5,15,12,-6,17
7,31,-11,9,14,8,1,0,14,26,11,32
2,-1,-4,12,-9,15,-2,27,-10,14,-2,32
13,6,6,10,0,28,3,21,-11,10,-5,7
12,25,3,16,10,20,-9,6,1,20,-11,11
-8,19,-6,14,9,26,0,0,3,12,15,19
14,-12,10,-30,-4,-27,12,-19,6,-11,4,-19
6,1,-7,-27,13,-26,-8,-30,-10,-11,4,-22
12,-8,-6,-32,15,-31,-1,1,-9,-15,11,-27
15,-32,4,-25,10,-12,10,-9,13,-12,4,-2
10,-2,-10,3,16,-28,-4,-28,-8,-31,-6,4
11,-6,-3,-18,-8,-1,16,-29,14,-16,-8,-11
3,-27,14,-25,-9,-18,-6,-30,1,-19,5,-25
4,-21,12,-8,15,-20,4,-13,11,-12,12,4
3,-23,-3,-16,5,2,7,-27,12,0,5,-15
-1,-1,-3,9,9,1,-7,-16,4,-9,12,4
3,-8,-4,-9,13,-13,-2,-24,0,0,2,1
1,-3,-3,-24,7,8,4,10,11,-11,-1,7
5,2,12,-24,4,5,-4,-8,11,-15,-5,-12
11,7,8,1,8,-5,-8,-8,-10,-10,-1,11
-7,0,2,14,-9,7,-8,-2,4,-16,0,-20
-4,-3,3,-3,-3,-21,14,-7,-4,13,5,3
-10,4,-4,-18,16,-14,11,-17,0,2,-4,0
-10,11,8,-8,1,9,11,6,-1,14,-3,1
-1,18,2,-11,-5,-5,7,-14,-5,9,-2,9
-2,-10,12,-10,9,-12,1,5,-6,-5,-1,-2
-9,20,3,12,-6,1,-7,18,-3,14,9,12
10,12,-5,12,14,7,5,-6,11,6,-2,20
4,1,9,16,10,5,6,11,6,0,3,-12
10,15,-2,23,-4,2,5,9,3,11,-8,-12
-1,-7,-8,12,-8,1,4,6,-2,-9,-3,23
15,11,13,-6,3,4,5,17,-2,11,-2,3
13,11,-6,24,-7,6,11,0,-4,-6,-7,3
4,9,-5,9,10,0,-9,10,15,0,4,19
2,13,15,3,3,27,3,6,-8,16,-2,7
7,25,11,24,8,18,-2,-6,11,-1,-4,24
7,24,10,9,12,27,5,12,-8,-1,12,24
9,31,4,10,3,3,8,28,-1,2,-4,5
12,27,5,26,-6,9,3,31,-4,1,13,9
6,28,-10,28,4,13,16,5,-9,25,12,20
-6,34,9,27,9,33,11,28,-6,33,5,12
-10,24,-7,33,9,26,16,18,16,30,12,20
-4,36,5,6,-10,24,-5,14,2,13,11,26
10,-15,1,-17,1,-22,0,-21,1,-13,-4,-6
3,-1,-4,-9,14,-23,4,-26,-6,-23,-5,-9
5,-32,3,-26,-2,-17,-3,-27,-2,-25,5,-25
6,-24,13,-23,13,-15,-9,-14,-3,-16,-2,-17
9,-8,-1,-16,10,-25,-8,-27,15,-31,5,-24
5,-24,-3,3,10,-2,-7,-6,4,-30,3,-8
14,-23,-8,-20,5,-30,16,-6,4,-27,0,-28
11,5,-7,-6,10,-3,-1,-22,-9,-29,-4,-1
-1,1,-7,-19,15,-7,-3,-10,15,-4,-1,-26
6,9,-1,-7,1,6,9,-13,0,2,5,-24
14,3,16,-17,7,0,5,-23,-7,3,13,-18
14,10,11,11,4,-14,6,-24,4,-4,-5,10
15,-21,-4,-1,8,2,4,-2,11,12,5,10
17,-22,-1,2,2,-23,12,-7,-4,5,-1,-6
-7,-2,16,-3,-5,0,4,1,11,3,-1,6
-5,13,8,7,-3,-21,-9,10,1,-19,-3,-14
-5,13,7,14,10,-18,13,6,11,6,7,11
-8,-18,-1,-7,7,10,-6,-17,4,16,-3,-13
-3,-4,-1,15,17,16,-7,18,-5,-16,-6,-11
-2,-7,-7,-13,8,-6,-2,-5,-4,14,-4,-13
-5,-6,-4,-11,14,3,-6,0,-1,-9,-2,11
5,1,10,1,11,9,-9,17,10,-2,1,1
8,9,-6,5,4,13,-7,5,11,-13,6,2
1,2,-4,17,-4,-9,-3,-12,10,22,-2,-1
0,11,-6,-6,-5,24,-4,6,2,18,-4,11
13,18,16,14,17,-10,-4,24,-1,-3,6,6
5,-9,10,-3,-3,-7,-5,24,-5,16,11,5
13,23,-6,24,-1,18,7,26,-7,18,-2,4
13,26,7,8,14,-5,4,11,2,-6,-1,-4
8,15,-5,20,1,12,-5,6,7,-2,-2,21
6,25,4,27,10,15,-8,23,1,6,-9,30
10,17,17,7,5,7,-6,15,-5,23,5,28
8,27,-4,9,-4,17,8,-4,-5,23,-2,-3
9,28,10,24,-6,30,0,3,5,29,5,9
3,16,10,22,8,5,-2,7,15,19,4,33
-7,13,7,30,15,6,-3,30,-8,28,5,10
-6,21,9,27,-5,23,-2,1,4,13,13,2
18,-31,17,-18,11,-2,7,-36,-6,-36,-4,-15
10,-10,8,-11,10,-8,-2,-16,16,-15,6,-31
8,-4,-1,-32,8,-26,9,-2,-6,-31,-2,-18
11,-3,-2,-32,-4,-23,8,-19,-4,-23,5,-19
16,-21,-3,-30,18,4,8,-17,16,-13,7,-6
15,1,11,-23,12,4,6,-10,-4,-1,-6,0
12,-6,8,-22,10,2,15,-3,6,-26,-3,-22
12,4,-4,2,-6,-18,12,-9,4,-26,4,7
6,-8,10,6,-8,2,-4,4,18,-2,-7,-22
16,-22,-5,9,-4,5,-3,-11,-2,-1,2,5
7,-5,8,-20,9,-7,-1,-8,2,-1,0,-18
7,7,-6,-4,-3,-22,18,3,18,7,-3,4
12,7,10,-15,10,12,16,-12,6,11,-5,-12
2,-9,3,12,12,2,6,-16,-3,-12,5,10
4,10,12,0,-6,-6,-8,6,2,-12,-5,12
-8,7,9,4,13,-5,12,-2,10,8,-1,-14
-6,-3,4,8,13,4,-3,-20,-3,-16,1,-6
-7,-7,0,-9,5,-2,-7,-4,16,-9,5,7
-3,-10,-1,14,11,18,-3,-12,-6,-8,-1,7
-3,17,5,-5,6,-7,-4,-10,10,11,17,1
-7,7,7,13,5,-13,8,-10,12,-1,-7,17
-4,-3,7,13,4,7,3,9,2,18,1,-4
16,-13,5,-4,9,16,-6,10,7,-12,14,-13
18,-11,6,5,-8,12,5,20,12,17,3,3
18,-9,18,24,5,24,-6,18,-2,12,5,-12
8,18,17,20,14,13,3,15,7,4,-4,5
8,13,1,-9,-2,6,4,13,16,-3,-5,22
12,16,-6,7,18,24,-4,-5,15,23,8,-1
14,25,-1,9,-3,9,11,19,16,22,-1,6
1,8,17,-5,-5,29,-5,25,7,9,5,-6
17,0,17,-6,-4,21,-3,-3,10,28,-5,-6
0,23,-6,20,6,16,11,15,-1,-3,6,-4
6,23,7,13,-3,5,-3,-2,15,27,6,3
2,13,-8,-3,10,9,18,33,8,3,13,31
17,3,8,-1,4,28,-8,22,13,3,-3,9
-4,6,-4,27,-4,6,-3,9,-6,31,-6,32
-5,15,16,35,9,20,9,2,-5,34,5,32
4,-3,-3,-14,-3,-15,11,-1,11,-9,10,-21
17,-35,6,-1,-2,-17,11,-4,-6,-13,0,-18
6,-34,-2,-23,11,-8,11,-5,3,-10,0,-4
12,-1,7,-27,15,1,9,-32,16,-4,0,-31
14,4,17,-10,19,-12,8,-16,11,-2,-1,-19
6,-18,7,-6,15,-3,6,-2,6,-8,10,-14
16,-20,19,-26,16,-10,-6,-26,-5,-16,0,4
16,1,-6,-12,15,3,14,3,9,-14,3,-8
5,-11,16,-1,13,-6,8,-23,1,-22,-1,-25
6,-19,6,-10,-3,-1,-4,-4,11,-25,11,-25
6,-6,-5,-12,8,-18,11,2,-5,-6,-6,-2
10,11,17,-2,11,-25,11,2,0,-15,6,-14
16,7,-4,-8,-3,-18,8,-22,-2,-5,4,-12
0,-6,2,2,2,-5,0,-16,6,10,10,-1
9,3,5,-12,7,-16,2,5,11,-18,1,2
-6,8,4,-4,8,-9,11,0,3,9,3,13
0,-7,-4,-6,0,-2,-6,-8,11,-5,15,-7
-3,12,0,0,10,-16,9,13,-2,1,13,-5
4,-5,0,3,4,15,-4,10,7,8,-6,-7
-4,-5,18,0,-7,9,-6,16,10,-9,-5,-10
0,-2,2,-6,14,-15,-5,-2,9,15,6,3
-3,5,7,15,13,-10,3,13,2,8,14,13
14,21,7,0,13,-13,4,9,16,14,19,22
18,-11,18,1,-2,2,7,-11,16,11,11,6
11,16,-1,4,14,11,-1,23,16,-10,-4,9
18,-4,5,-11,5,25,-3,22,3,-2,6,5
9,17,6,-1,-3,-7,-1,-2,10,25,15,1
19,-5,19,26,19,12,2,15,9,17,14,22
6,4,16,1,2,21,-1,-2,11,18,-6,24
5,-7,-7,22,13,-5,1,2,11,17,2,3
3,1,-4,-6,-3,5,7,-2,11,29,-4,-5
5,5,15,26,-3,-5,0,0,12,9,-2,15
-1,31,-6,28,7,10,3,20,-5,22,11,27
6,25,-2,25,1,30,-5,-2,-2,33,-4,3
4,18,11,29,19,13,11,7,15,28,6,1
-3,34,-1,30,15,29,19,11,9,2,-4,1
-7,31,0,28,18,18,4,19,1,33,-3,19
-1,-18,19,-12,6,-27,2,-11,0,-30,4,-31
-3,-4,15,-35,4,1,5,-15,1,-16,1,-9
5,-27,8,-29,2,-5,3,-23,13,-14,-2,-31
-4,-1,-1,-9,6,-33,2,-16,20,-23,3,-16
-1,4,8,-20,-4,-27,3,-9,3,3,15,-28
6,-15,17,-13,3,4,0,-5,-1,-26,12,3
-3,-13,18,-21,3,-16,6,-28,-3,-14,7,-13
6,-22,-1,-4,6,-24,1,-3,3,-29,8,-14
-4,-16,20,6,6,-13,1,-6,12,-27,-1,8
-4,-5,18,-25,5,-9,-1,3,13,-20,4,-12
-6,-3,-4,9,1,1,6,-26,13,-11,-4,-3
-5,-8,-3,-12,6,-23,6,-24,5,-2,20,7
-4,3,12,-21,5,-12,-1,7,13,0,-2,3
-6,9,17,-8,6,-19,6,-20,9,10,-2,-5
-6,7,9,1,14,-10,0,5,10,8,3,-19
-3,6,3,14,6,-11,5,11,6,-3,1,3
-5,-2,-5,-7,18,-19,-6,2,10,16,-1,-4
19,-11,0,5,8,-6,1,-17,-2,5,13,-15
-4,-9,4,-12,11,14,-4,14,14,-10,4,-10
-2,-8,17,-1,-4,-3,19,0,0,-4,1,16
7,-1,-2,-3,-5,-8,5,9,8,1,-4,-14
-1,-3,3,-12,19,-10,10,16,10,9,4,13
-4,2,-6,-4,17,1,-1,10,11,-11,-1,11
4,22,6,-7,-5,-3,9,-7,5,23,0,-9
-1,-5,15,1,18,-4,17,18,7,3,15,17
-3,-4,8,-11,19,16,-5,10,4,0,18,-1
10,18,11,-1,-2,-9,-2,12,7,-5,2,6
-5,13,4,24,17,19,5,19,9,25,6,25
11,20,-1,21,-1,8,-6,25,7,-1,15,19
4,29,8,4,7,9,6,17,13,29,0,8
3,1,9,-4,0,26,-3,-5,-3,1,15,18
1,2,18,20,9,2,11,31,7,5,-6,11
2,20,3,19,5,9,2,10,3,28,12,21
0,10,7,16,3,1,4,33,-3,11,-4,9
5,7,2,27,6,6,5,8,4,16,-6,29
0,28,1,8,9,26,8,29,7,35,-5,28
-6,0,15,21,4,6,-4,34,2,18,9,29
-2,-2,10,-1,14,-12,4,-4,1,-17,-2,-11
-1,-12,5,-5,13,-1,-3,0,16,-12,-4,-1
1,-23,15,-17,-2,-26,0,-13,5,-34,-4,-30
-3,-3,-3,-3,10,3,16,-22,6,-24,-5,1
0,-23,-1,-12,-2,-9,-4,-25,2,-31,-4,-5
0,-10,10,-28,12,-30,6,-17,-4,-26,6,-4
-1,-3,-1,-19,20,5,1,-7,2,4,2,-15
3,7,11,0,21,-19,1,-16,7,-14,-4,-1
-3,-17,0,4,0,-23,6,1,7,-22,-5,-14
-1,-23,5,-18,18,-11,-3,-23,10,-3,6,-14
7,-15,-5,10,12,8,7,7,-4,1,4,-19
3,-10,-1,-16,-3,4,7,-20,-2,-4,4,-1
-2,-15,7,10,5,8,5,-12,2,-8,1,-1
0,-23,10,1,-2,-2,-1,-11,3,7,3,-10
0,-12,-5,-14,7,13,9,10,12,11,1,-1
0,3,-2,10,-3,15,7,-2,3,-21,1,12
-5,2,13,2,16,13,7,6,-3,3,7,9
11,-9,-4,-3,-3,-4,8,2,1,10,1,17
-2,7,6,4,0,-6,19,-7,-4,-9,-4,-15
0,-4,5,-10,-4,14,18,2,10,13,0,17
18,-4,15,14,21,16,-5,-10,1,0,15,10
-2,20,2,10,18,19,4,-12,-4,-15,1,9
1,-5,-3,-2,19,5,-1,-12,-3,2,3,7
-1,11,8,1,-5,3,-5,4,10,-12,6,-7
2,12,20,17,4,15,1,-3,14,-3,12,1
1,-1,2,-11,13,10,11,12,3,0,7,13
-5,8,-3,8,4,13,3,18,6,21,16,10
-4,-7,1,12,4,22,18,8,8,9,6,-7
-5,6,13,-4,8,4,6,-1,5,7,10,17
-1,1,18,25,-3,-1,6,2,12,19,1,15
3,13,18,6,4,-3,6,9,13,11,-4,15
6,-4,4,29,2,23,4,26,6,16,-1,7
1,20,4,4,-4,10,7,8,7,32,-2,5
1,25,4,-3,6,29,3,19,-1,33,0,-2
1,29,-2,10,6,29,18,16,14,3,-4,3
1,26,12,14,8,33,21,21,1,1,7,29
0,33,7,16,18,10,5,31,6,19,6,7
0,-36,8,-17,22,-10,13,-15,5,-30,3,-33
2,-15,9,-9,22,-23,19,-27,10,-2,3,-31
-3,-34,0,-1,15,-30,-2,-1,21,-6,0,-32
3,-32,15,-31,0,-8,14,-16,17,-3,3,-22
-4,-21,10,-13,20,1,-3,-4,12,-22,-1,-15
2,-31,-2,-30,14,-16,0,-20,15,-5,-2,-6
-4,-24,1,6,1,-24,1,-25,16,-9,7,-15
0,-3,19,-10,22,-29,-1,-24,13,-28,-4,3
8,-14,-3,-25,2,-17,10,-15,4,-19,-3,-19
7,-23,4,-14,2,3,-1,-14,11,-2,7,-7
2,-1,7,2,3,-5,2,4,7,-18,-1,3
7,-17,20,-7,3,5,18,-5,9,-13,0,-21
6,-5,-1,3,11,4,11,6,-2,6,-2,-15
4,-22,22,-13,21,7,-4,-19,9,-4,11,4
3,7,14,1,21,-9,1,11,5,-4,3,1
3,11,5,-14,12,-10,3,-17,5,1,0,-14
5,2,21,7,5,-9,3,4,12,2,12,9
3,-11,3,-12,8,-13,10,8,5,-3,9,-1
-1,15,8,-9,5,-8,-3,12,3,2,17,-16
6,-17,6,19,5,-2,11,9,10,11,7,8
0,5,11,-11,5,16,-1,-10,7,4,3,-6
7,3,5,17,5,-3,-1,4,1,8,4,4
5,6,15,7,21,5,15,21,15,20,2,14
4,20,10,9,5,-13,1,14,17,22,0,-4
7,-9,13,22,3,4,7,-6,-2,23,21,7
2,21,5,19,21,-9,1,17,13,17,7,-1
1,21,2,-6,6,-5,7,24,22,6,6,-7
-1,-6,-1,6,17,27,9,15,4,27,-3,-9
8,11,19,23,-3,14,-2,23,16,23,16,22
2,-4,20,-3,17,22,21,1,-2,12,3,22
1,19,9,0,-1,9,20,10,3,30,4,4
4,5,12,10,1,-5,1,8,12,12,-3,10
3,16,-1,22,-3,12,11,32,14,12,4,-4
-2,0,-2,25,-2,18,9,9,12,5,13,27
-3,3,8,1,9,19,17,13,2,5,-4,2
0,24,17,24,20,16,3,18,2,29,7,31
0,18,20,15,6,35,9,31,3,27,8,32
5,-28,2,-21,17,-5,14,-23,3,-25,1,-2
5,-26,1,-5,13,-31,3,-2,16,-24,0,-11
-3,-33,8,-21,16,-2,11,-9,2,-18,1,-21
-2,-30,18,-26,8,-6,7,-33,3,-33,5,-10
7,-31,2,-24,9,1,13,-3,21,4,13,-5
8,-21,0,-26,22,-14,8,-27,13,-27,0,-13
9,-26,8,0,18,-21,9,-20,-2,-19,-1,-24
6,-8,14,-9,10,-6,21,-11,-3,-8,6,-7
5,-28,13,5,19,7,20,-25,8,-18,14,-5
4,-1,2,-20,9,1,4,-6,21,-24,22,-10
5,-8,6,-6,8,-11,12,-2,8,-10,2,6
7,-7,8,-9,5,-2,4,5,13,7,11,-4
-1,10,5,0,8,-8,6,-3,9,-16,16,-11
-3,-8,18,-12,5,1,9,-16,5,1,1,2
-2,11,12,-21,2,6,7,-18,8,0,3,-17
2,-1,4,13,7,-3,5,12,16,4,6,-21
-1,13,-1,-15,2,10,7,-11,-2,4,0,-6
-1,-1,9,14,2,10,-3,-9,13,9,9,7
0,14,15,0,2,13,-3,18,7,3,3,7
8,-5,5,10,5,-1,6,17,-3,-8,-1,10
-2,-7,-2,12,23,-5,6,20,4,6,-1,-12
-1,-14,20,-11,8,-4,6,-2,16,4,5,-12
4,17,0,-11,20,15,10,-1,6,10,-1,2
4,17,15,12,13,10,9,-5,9,1,9,5
9,3,10,12,10,-6,1,5,4,21,1,19
5,24,-1,-4,0,23,0,13,3,9,10,-4
5,4,-2,24,5,-8,1,6,-1,5,-3,7
12,19,23,-9,11,21,14,25,15,14,-2,3
3,-7,3,-5,4,-3,12,12,2,25,9,-4
3,1,2,12,23,11,9,24,17,17,7,3
5,28,20,-3,1,22,9,3,-1,12,0,10
-3,-2,23,-4,21,9,5,16,17,0,22,11
6,12,10,16,-1,31,-2,16,20,18,7,5
1,-2,0,17,19,-3,-3,18,6,25,17,20
2,27,10,34,-1,8,19,31,12,16,6,34
-1,5,7,25,11,16,8,16,12,31,-1,13
5,4,18,12,12,14,7,3,6,20,13,15
5,-33,5,-25,15,-32,14,-8,3,-36,13,-33
0,0,2,-30,24,-4,10,-15,7,-18,8,-8
8,-23,1,1,22,-5,-1,-8,18,-1,0,1
-1,-29,6,-19,1,-22,0,-21,2,-1,0,-22
2,-30,8,-20,1,-10,13,-24,0,-15,19,-18
1,-23,9,-8,23,-25,5,4,21,-14,11,-10
1,-30,7,-12,10,-4,14,-6,19,-20,7,-22
1,-3,2,-25,11,-16,19,-29,4,-8,-2,-19
3,4,7,-22,1,-3,-2,-16,0,-20,17,-1
6,-11,5,-11,1,-23,7,6,22,-25,4,-10
1,-25,8,-2,21,-9,10,-11,4,-3,3,-7
1,-11,8,-17,7,-20,6,-2,4,-11,18,-24
3,-7,14,1,5,5,8,-14,7,-3,18,-24
4,-7,5,-17,0,-16,10,-10,5,-2,1,4
3,13,11,-15,7,-13,12,9,14,11,5,-4
-1,5,13,-7,10,-5,10,-15,2,-21,10,-4
-1,14,15,15,1,-15,10,-9,18,-2,0,-2
1,-6,0,13,4,9,8,-17,12,11,0,2
-1,14,13,-18,-1,-11,1,7,4,-15,3,-16
0,19,11,5,6,-10,6,18,1,-8,8,1
-2,-11,19,-12,0,8,24,5,2,13,4,18
5,13,20,-12,20,14,9,-2,13,-8,18,-2
4,12,6,17,13,10,3,15,9,-10,21,3
6,-10,5,5,18,4,6,2,9,2,22,1
9,7,10,5,24,-5,19,-5,13,-7,4,2
10,-3,13,-1,16,-9,4,14,16,-4,4,19
6,2,10,15,20,3,5,3,-1,3,0,-5
-2,-7,17,1,8,19,13,4,18,3,-1,1
8,5,15,23,1,20,11,18,-1,13,1,-4
3,20,-1,16,12,4,-2,0,21,19,3,-1
1,-4,11,21,24,2,5,19,-1,27,14,-2
8,7,24,28,4,2,9,3,6,5,0,10
7,4,0,18,4,19,5,27,1,-1,2,20
-1,7,-1,1,6,27,10,11,1,16,7,18
6,15,13,5,6,30,17,19,18,33,3,11
5,-1,9,30,7,0,7,-1,0,33,8,23
-1,24,16,6,4,29,20,16,5,4,5,21
-1,-32,7,-25,17,-12,12,-21,-1,-4,14,-4
0,-27,3,-23,20,-33,19,-13,11,0,-1,-8
3,-31,23,-33,2,-27,8,-24,11,-17,1,-2
11,-21,24,-23,6,-10,19,-19,0,-30,16,-25
7,-19,10,-5,10,-23,0,-7,-1,-21,1,-22
4,-30,23,-24,2,-31,7,-20,2,5,-1,-18
7,-7,6,-22,16,-30,17,-23,1,-19,1,6
4,-27,11,-17,21,-25,4,-6,11,-1,7,-18
1,-26,15,-17,24,-28,0,3,3,-22,5,-10
8,-26,22,-27,22,-22,16,-3,23,-27,-1,3
5,-22,0,-12,21,-16,6,-15,-1,-11,10,-7
4,3,10,-7,22,-19,7,-12,6,3,9,-19
8,-6,-1,-12,7,-13,5,4,2,-13,1,2
5,0,13,-2,7,-15,6,-17,2,6,11,-21
10,-17,12,-21,4,2,9,-14,18,-18,24,-10
0,-15,25,6,17,-1,5,0,-1,-19,0,-19
9,1,10,-15,6,-16,8,-2,9,-14,2,11
5,2,0,3,11,1,8,-2,10,-16,9,-5
5,4,16,-11,11,-7,9,-13,3,-3,7,15
6,10,16,2,11,-10,6,12,8,10,14,11
0,-9,7,-13,0,-11,9,4,19,-12,0,0
5,15,12,-2,5,-13,13,11,17,-12,2,7
10,-8,18,-9,9,20,6,9,20,-14,10,-3
1,-8,6,1,17,10,13,-12,1,-9,10,-10
7,-10,14,14,15,0,4,-8,9,19,8,6
5,-9,10,9,25,-6,15,5,3,-10,17,-4
-1,-3,22,0,13,26,18,12,2,-8,-1,1
8,-7,-1,7,24,12,3,-3,3,5,3,14
1,-4,0,23,9,22,24,3,22,27,22,17
10,-7,9,24,3,27,15,19,0,23,18,29
1,-6,4,29,9,23,2,3,25,13,21,9
4,21,23,3,18,3,5,10,-1,-4,15,23
11,2,13,3,16,1,10,31,3,18,2,-1
8,-3,0,30,2,28,16,27,-1,0,0,27
1,5,7,4,1,0,0,11,0,23,-1,19
9,16,23,10,-1,8,13,27,2,21,20,21
4,30,0,24,5,36,15,19,9,8,0,8
5,-14,3,-25,0,-2,4,-7,8,-22,1,-17
3,-31,26,-5,21,-4,12,-3,0,1,4,-24
0,-25,0,-23,11,-20,4,-33,0,-11,0,-9
7,-29,0,-12,25,-26,13,-28,2,-8,12,-27
8,-12,2,4,18,-2,1,-30,9,-2,0,-9
10,-23,6,-12,0,-4,0,-30,5,-16,0,-28
11,-19,2,-20,23,-6,25,-25,0,-3,11,6
8,-4,0,5,14,-14,17,-2,0,-7,1,-28
0,-16,0,-2,0,-27,18,-12,14,-9,3,8
5,-24,22,8,23,3,26,8,2,-15,20,-23
1,9,19,-7,1,-13,2,2,1,-20,4,-25
12,-12,1,-24,4,-21,2,-12,4,-16,2,3
8,2,4,-3,3,-14,0,2,13,-13,1,2
2,-15,5,8,0,-15,16,-18,1,0,8,-5
0,-12,0,11,1,11,18,-2,1,-15,17,4
11,-7,4,3,24,-18,3,5,0,-5,16,3
12,-15,21,6,9,10,0,-4,0,-10,0,-13
9,-2,13,-3,3,-7,4,12,5,-5,6,-17
9,1,7,12,15,11,21,6,15,10,2,11
11,-15,16,3,1,15,12,13,6,11,18,-8
8,5,1,10,10,-5,17,-11,21,4,0,6
11,0,1,5,10,-5,0,12,0,10,2,-15
5,9,0,-5,15,18,0,1,23,20,20,-2
0,-5,0,9,2,13,15,12,0,22,0,7
10,-2,17,15,17,6,2,-2,24,16,0,17
1,0,12,2,12,8,8,5,1,1,4,18
9,25,6,26,13,19,2,6,3,-2,2,12
7,-7,4,-9,1,-7,20,-1,0,19,19,22
8,3,20,26,21,17,0,21,3,19,11,23
14,21,4,-4,2,-7,9,15,0,-1,0,-6
10,-2,11,5,0,-2,10,27,5,16,8,26
10,-2,0,25,0,2,16,16,26,13,0,4
10,5,1,25,0,27,4,17,13,28,0,-4
11,14,0,17,10,21,4,32,26,22,25,7
10,18,0,21,19,13,1,30,14,7,12,23
10,1,14,8,3,13,1,2,0,19,19,29
8,32,0,17,2,28,1,11,4,5,0,6
