-15,-34,-21,-16,-19,-22,-23,-30,-3,-10,0,-26
-4,-16,-20,-32,-15,-22,-23,-35,-19,-11,-23,-3
-16,-26,-25,-7,-24,-29,-23,-30,-26,-30,-5,-6
-2,-10,-26,-33,-25,-25,-14,0,-14,-27,-26,-21
-14,-23,-16,-5,-1,-5,-21,-24,-18,-24,0,4
-11,-14,-11,-30,-12,-20,-14,0,-1,-5,-13,-3
-14,-24,-20,2,-5,-3,-26,-2,-6,-29,0,5
-2,-14,-18,4,-16,-3,-21,6,-8,-1,-20,-2
-7,2,-9,-25,0,-16,-26,-15,-23,-26,-1,0
-7,0,-17,-1,-6,-11,-14,7,-1,-5,-22,1
-1,-8,0,5,-25,-24,-24,-23,-26,4,-1,3
-7,4,-15,-18,-6,-14,-22,-12,-1,-13,0,-5
0,-4,0,-13,-2,-7,-4,-17,0,-14,-8,-24
-7,3,-4,-3,-23,12,-23,-15,-24,-6,0,10
0,-8,-10,2,-8,9,-18,-12,-22,1,-1,-5
-22,2,-21,-18,-25,-10,-4,-1,-12,14,-1,0
0,-2,-10,-5,-3,-13,-26,-3,-2,-14,0,-13
0,-6,-8,13,-16,-1,-15,-1,0,17,0,15
-1,-4,-4,-5,-7,-3,-26,-17,-21,16,-1,18
-22,5,-15,-14,-13,14,-3,11,-16,-10,-20,4
-10,6,-11,6,-7,-8,0,18,-4,-12,0,16
-2,-3,-12,-10,-16,-13,-26,1,-19,11,-1,-1
0,14,-9,10,-22,6,-2,16,-2,-10,-21,-13
-17,1,-25,23,-7,-2,-18,-12,-13,5,-13,3
-4,-9,-5,-5,-18,-6,-1,3,-26,-6,-18,-4
-8,-3,-14,25,-26,-10,0,22,-11,3,-19,-3
-10,-9,-12,12,-2,1,-23,16,-4,3,-18,14
-17,17,-25,6,-2,-6,0,23,-16,25,-10,1
-7,12,-19,-3,-2,-2,-3,0,-21,-7,-2,11
-2,-5,-7,18,-11,26,-4,-6,-16,-4,-5,27
-24,15,-8,7,-20,7,-18,22,-16,7,-12,11
-2,29,-12,8,-26,20,-19,20,0,28,0,13
-3,28,-18,32,-4,28,0,-1,-1,13,-26,28
-17,22,-7,17,-19,19,-2,15,-11,25,-23,21
-14,2,-18,23,-14,-1,-20,2,-19,30,0,12
-22,26,-10,4,-5,12,-2,33,0,24,-2,25
-1,10,-6,8,-2,2,-5,18,-6,4,-2,22
-22,-19,-7,-27,-1,-11,-23,-7,-1,-21,1,-5
1,-30,-7,-19,-23,-18,-19,-28,1,-12,-21,-31
-6,-31,-13,1,-20,0,-25,-2,-2,-12,1,-5
-10,-11,1,-13,-9,3,-13,-29,-1,-3,-12,-30
-15,1,0,-19,-17,-31,0,-29,-8,-2,-13,-17
-10,-7,-14,-6,-21,2,-13,-15,-10,-24,-10,0
-16,6,-15,-14,-1,-25,-4,-15,-16,-20,-25,-4
-11,-14,-18,-23,-2,-4,-9,-25,-9,-21,-1,-26
0,-4,1,-27,-8,0,-9,-26,1,4,1,-5
-8,-7,-25,-3,-8,4,-12,-4,-25,0,-1,-12
-1,-8,-9,-14,-2,-17,-13,-8,0,10,-1,-16
1,-10,1,-18,-8,5,-19,-3,-21,1,-1,-17
-21,-5,-3,-12,-3,-7,-3,-24,-8,5,-24,4
-1,-7,-23,-12,-15,-20,-15,-12,-4,-8,-17,-22
-9,-2,0,6,-13,0,-22,-2,-25,-22,1,-19
-9,0,-15,15,-15,-7,-25,6,-4,1,0,14
0,2,-1,-16,-16,4,-1,7,-21,15,1,-4
1,2,-9,2,-15,-7,0,2,1,-2,1,-14
-7,14,-17,-10,-2,14,-3,-4,-1,5,-4,-10
-7,12,-3,-2,-21,-7,-11,-6,-1,2,-8,-11
-13,10,1,3,-20,-14,-4,15,-10,-12,-1,1
1,-4,-7,9,-5,-15,0,5,-7,-5,-2,5
-2,1,-19,4,-2,13,-1,0,-6,-10,-20,6
-2,-7,-3,20,-24,23,-18,10,-19,0,-17,1
-16,-1,-7,7,-6,13,-5,21,-6,10,-17,-12
-19,15,-1,8,-5,-10,0,1,1,3,-24,-2
-5,2,-20,15,-20,4,-8,0,-8,22,-7,24
-9,6,-3,14,-10,20,-5,13,-23,10,-8,26
-11,-4,-8,11,-7,-7,-6,22,1,7,-2,22
-16,10,-13,18,-24,22,-15,19,-15,16,-18,15
1,-5,-1,11,-2,25,-9,13,-7,19,-1,26
-16,15,1,31,1,14,0,-1,0,22,1,19
-2,27,-19,15,-12,9,-25,7,0,12,-2,21
-1,-2,-12,25,1,12,-1,-2,-14,4,-1,-2
-10,31,-2,27,-4,6,-2,19,0,18,-7,17
-8,35,-2,31,-4,5,-3,14,0,33,-1,12
-14,34,0,34,-24,5,-1,33,0,5,0,33
-22,-19,-1,-5,-9,-29,2,-5,2,-5,1,-36
-19,-14,-19,-25,-6,-35,-1,-2,0,-23,2,-13
0,-4,-1,-9,-6,-4,-14,-24,-8,-13,0,-23
-11,-30,-12,-19,-20,-19,-2,-11,-16,-13,1,-9
-9,-20,2,-14,-1,-9,-3,0,-15,-25,0,-12
-9,5,1,2,-2,-9,1,-3,-16,-24,-1,-21
-3,-3,-23,-28,2,0,-15,0,-22,5,-11,-19
-1,-5,-1,-2,-23,-2,-19,0,-3,-28,-20,-26
-2,-22,-19,-20,-14,1,-3,-16,-3,5,-9,-11
-6,-7,-5,-19,-11,-7,-4,-9,-1,-9,-1,-20
-11,8,2,9,-1,-10,-23,-7,1,6,-1,1
0,-4,-1,-9,-23,-7,-4,-12,1,-2,-1,-16
-2,-3,-20,2,-5,-14,-3,-14,1,-9,-1,-16
-1,-9,0,-2,-24,-1,-12,-14,1,-9,1,-5
-12,8,2,12,-8,-10,-8,-4,-2,-10,-1,-17
1,-5,-9,-14,2,-10,2,1,-1,13,-1,-3
-20,0,2,13,-20,-12,-7,-1,2,2,-1,14
-6,12,-1,9,-16,-12,1,17,-6,-6,0,17
2,-2,-21,0,-9,3,-5,-1,1,-15,-2,-4
-2,1,-8,19,0,-2,0,-8,-1,3,-19,18
-7,10,-11,-1,-1,4,-23,-15,-5,-7,0,8
-8,15,-4,-1,1,-10,-24,21,1,-15,2,4
0,14,-17,-7,-9,16,-11,-8,-11,-8,1,20
-12,20,-11,21,2,-7,-4,-2,-18,-12,-23,3
-13,-8,-16,6,0,14,-24,14,-2,-3,-2,-5
-1,-11,-5,3,-14,16,-9,5,1,17,1,20
-3,21,0,24,-7,19,-8,13,1,11,-1,-8
-6,1,-12,4,2,1,-4,21,-1,-8,-19,16
-15,10,-11,19,-2,5,-2,-6,-1,28,-6,21
-11,14,-22,-3,-1,27,-6,21,0,21,-13,-2
-18,3,0,29,0,-6,-22,12,-6,9,-2,23
-19,27,-9,27,-4,28,2,7,-6,-5,-4,27
-1,29,-9,17,-12,29,1,29,1,14,1,16
-16,33,-13,13,-14,1,-4,3,-16,9,-4,19
-13,11,-10,2,-3,19,-1,22,-22,22,1,10
-9,25,-7,0,2,19,-2,7,1,1,-1,20
-5,16,-12,17,1,28,-5,25,-2,26,-2,31
-21,-14,0,-15,-17,-30,-4,-23,3,-17,2,-4
-2,-5,0,-15,-5,-16,2,0,2,0,1,-2
-6,-24,-17,-12,-18,-2,-4,-29,-7,-7,2,-19
-13,-20,-3,-13,-10,-7,-18,-16,-22,-14,-2,3
-8,-28,-10,-20,-11,2,2,2,1,-12,-13,-6
-19,0,0,-1,-2,-8,-12,-12,-20,-9,-1,-11
-17,-22,-12,5,-16,1,3,0,-22,0,0,3
-5,-17,-8,-27,-7,-6,3,0,-8,-16,-1,-14
2,-24,-13,-9,-14,-25,-7,8,-13,2,-1,-17
-11,-7,-18,-9,-18,-26,1,-16,-1,-24,-3,-10
-4,-1,-7,-22,-11,-21,-11,-2,3,-5,-1,-7
-8,-5,-1,-16,-1,-5,-17,-25,2,8,-1,-16
-3,-6,2,12,-23,-19,-20,-21,3,-12,2,-14
2,-14,-1,-5,1,-3,-2,-14,-2,-9,0,-8
2,-10,-5,-14,-1,-17,-6,-7,1,-9,0,-9
-7,-2,3,11,1,-8,2,-19,-3,13,-1,-11
2,9,-13,6,-8,4,-22,16,-3,-9,-1,16
-10,14,-22,15,-7,16,2,-19,0,-10,2,0
-20,4,-18,-9,0,10,-3,-9,-8,6,0,14
-13,17,-1,8,-22,15,0,-5,0,13,2,-6
-9,11,-16,17,-19,-7,-3,-1,1,2,-2,-16
-12,-10,3,-12,-10,6,-1,16,0,17,-1,6
-11,-7,-22,7,-11,-4,0,20,0,-2,-4,8
-1,0,3,15,-7,-3,-1,-3,-1,17,-5,20
-12,-4,-13,1,1,-4,-10,1,-1,-2,-4,9
-8,-10,-23,17,-1,17,-11,-5,0,2,-7,22
-3,5,-15,12,0,-6,-16,-8,-7,15,3,-2
-7,26,-11,17,-16,-7,-23,24,-9,14,-13,22
-7,8,1,14,-5,15,-2,-1,-8,19,-2,16
-5,27,-23,15,2,-3,-6,7,-7,-1,0,15
-7,7,-17,25,-4,24,2,17,-1,1,-18,24
-15,26,-20,12,-6,21,-1,19,-4,23,-2,13
-15,20,2,17,-6,9,0,7,2,6,-1,9
-18,4,-23,-2,1,18,-1,16,-2,8,-1,3
-18,12,-19,29,-4,-1,3,12,-5,7,-11,26
-5,35,-5,19,-2,9,-22,3,-4,9,-5,20
3,26,-10,22,-3,21,-2,30,-5,7,0,26
2,-31,3,-1,-2,-32,-1,-17,-3,-34,2,-2
2,-4,-1,-4,-11,-23,-1,-27,2,-1,0,-3
-12,-9,-12,-5,-20,-25,-17,-22,-16,-12,2,-13
-2,-19,-9,-20,-1,-13,-15,-7,1,-12,-20,-7
-3,-18,-13,-31,-1,-23,-9,-4,-11,-23,2,-3
-17,-14,1,-8,-18,-8,-19,-8,2,-23,-11,-25
1,5,-13,-5,-17,1,-15,-20,-2,-3,3,-8
-2,-6,1,-10,-10,3,-1,-26,-5,-22,0,-11
-16,-23,-17,-5,2,-9,1,-5,-7,-25,2,0
-1,9,4,3,-14,-11,-12,-4,1,-2,-17,-12
2,-15,0,-18,-19,7,0,-9,-3,4,-21,-4
-1,-6,-1,5,-7,-22,-7,5,-5,-3,-4,0
-5,8,-9,0,-20,10,-8,-16,-1,12,-3,-8
1,-10,-1,-13,-11,2,2,-17,1,-7,0,11
0,-6,1,-13,3,7,2,-3,-4,-3,-2,-8
1,0,2,12,-9,-14,-10,-10,-1,-14,3,-16
-10,12,-21,-1,-21,-14,2,-12,-2,16,-4,-6
-6,13,0,-9,-6,7,1,-10,0,-4,2,-1
-8,15,-4,8,3,8,-2,-2,-1,-2,-4,-5
-10,0,-1,3,-6,-9,-9,15,0,7,-14,18
-11,3,3,-14,-7,9,-2,-9,-5,0,2,-2
-2,20,0,-1,-1,-3,-2,19,-20,-7,-7,14
-18,2,1,20,-3,-7,-2,-2,0,-3,-4,-11
-10,-10,-3,-8,-6,11,-2,-3,-1,0,-5,18
-11,-5,-1,22,-22,-8,3,-3,-2,2,4,-3
1,0,-11,21,-8,1,-2,3,-3,7,-11,25
-3,9,2,20,-8,19,3,7,-10,11,-14,-3
-7,9,-4,27,-1,9,-11,2,-9,10,-4,17
0,2,-14,8,-17,10,0,13,-3,18,3,-1
4,-5,4,1,-6,-3,-15,13,-17,8,2,28
-11,5,-12,4,-9,-1,1,14,4,5,0,-1
1,24,-6,-5,-18,27,-17,6,-5,22,1,1
-1,25,-2,2,3,27,-1,29,-1,-4,-3,16
-5,5,-8,29,-9,22,-4,16,-1,21,1,16
-13,2,-20,-2,-7,6,1,13,-12,9,-4,14
-16,6,-2,35,-8,27,3,13,-6,34,-1,1
-5,2,-2,2,3,21,0,35,-5,3,-1,30
0,-26,-12,-27,-14,-29,-7,-29,-14,-29,-5,-22
1,-24,-21,-27,1,-1,-21,-29,3,-2,-8,-10
-7,-27,-19,-3,2,-28,-13,-1,-1,-8,-13,-15
-7,-28,4,-9,5,-8,-18,0,-14,-22,-2,-33
-4,-11,-4,-9,-8,-31,-7,-5,-16,-4,-14,-8
5,-12,4,-9,-4,1,0,-4,-14,-22,5,-30
-1,-5,2,-24,-19,-2,-2,-29,5,-28,-20,-9
-11,-29,-16,-5,-12,1,-10,-4,-12,-21,-3,-7
1,-2,4,4,1,-2,3,4,3,-17,0,-13
1,6,-8,-1,-11,-26,-7,2,-2,8,-4,-4
-4,-25,4,-9,5,-17,-14,9,-14,2,-5,2
-4,-11,-14,-10,-17,-9,-16,-19,3,-8,-13,3
4,4,0,5,-4,-5,-8,10,-4,-22,-6,8
-3,-4,3,-13,4,-14,-2,-8,5,5,1,-15
2,-2,-14,-22,2,-3,5,-1,0,-13,-3,8
5,-11,-12,11,3,1,-2,-10,-3,2,2,10
-5,6,4,-10,2,-9,0,-6,-6,10,1,-19
-11,-5,-8,16,-9,16,-2,-7,2,0,0,-5
-4,-1,-19,-15,1,0,3,3,-1,-9,0,-6
5,-10,-11,-10,-1,3,5,3,-9,15,2,-17
-9,8,0,10,-3,-11,-7,-10,-4,5,-1,20
-8,-13,2,-4,-15,9,-10,-5,-18,-11,-1,11
0,-2,-19,1,-3,3,-1,-6,-1,-14,0,-3
-11,-9,-2,3,-17,2,-4,5,-2,-10,-1,20
-7,7,-6,0,-8,12,-2,10,-4,-8,-1,-3
-3,10,-4,11,-9,19,3,9,-6,10,2,17
-1,7,-1,6,-3,17,0,14,-13,9,-1,2
1,6,-17,-6,-5,13,5,2,2,2,3,7
-10,23,-3,7,-2,4,-1,24,-9,-7,-2,4
2,1,-8,0,-1,5,-13,13,3,-6,-21,15
0,0,-1,6,-10,17,-2,3,2,9,-15,5
-12,7,-3,26,-14,-2,-2,-5,1,9,-15,27
0,3,0,19,-21,19,-12,24,-17,-4,-3,28
-7,26,-8,5,-3,10,-3,5,-6,17,0,7
-8,2,5,7,-16,18,5,5,-5,27,0,-1
-8,22,-19,32,-12,26,-19,31,-8,8,-1,10
-12,9,-8,31,1,24,-10,33,-1,15,-1,7
6,-13,-9,-35,0,-33,2,-32,-18,-2,-3,-9
-1,-4,-5,0,-9,-24,6,-9,5,-10,0,-31
-2,-7,4,-20,-19,-9,-20,-25,-3,-11,-4,-29
5,-10,-6,-18,-17,-33,-1,-5,-20,-23,-10,-24
6,-10,-9,-26,-2,0,-14,-29,-1,-26,-1,-21
4,-17,-19,1,-20,2,-3,-28,-17,1,6,-19
2,-13,-12,-28,-2,-26,-4,-9,-16,2,-14,5
6,-23,-8,-27,-15,-22,-8,-14,-6,7,-6,-19
-14,-27,-1,-19,-2,-14,-1,-26,3,5,-1,-24
-2,-16,-16,-25,-19,-13,4,-4,-3,-22,-14,-8
3,-24,-12,-21,-4,3,-8,-5,-1,-3,-8,10
-7,-20,-8,-24,2,8,-2,-9,2,-9,-10,-18
-7,-16,-12,-1,-19,-5,-1,3,-16,-18,-11,5
1,11,-17,6,-6,9,-5,-4,0,-4,-20,2
4,-13,-16,8,2,14,3,10,3,9,0,-20
-5,6,0,0,2,-11,3,-4,5,-8,-1,-20
-7,-13,-17,-16,-13,16,-5,11,-3,-9,-2,11
-7,10,-20,-13,1,-4,4,7,-5,7,-2,-7
-1,-18,-2,0,-1,8,-6,-14,-4,15,0,-10
-2,-17,-5,8,6,-1,3,13,4,-7,-8,-15
-9,-4,-11,0,6,7,-4,10,6,-16,4,-9
-4,-12,-10,9,-13,13,-8,-10,-8,11,4,-15
-2,-11,3,12,-10,22,3,5,-6,15,-6,16
-6,12,-16,-12,-9,21,-2,-3,-4,-1,-2,-8
5,-5,-10,2,-12,-12,3,1,-5,-4,-2,-6
-5,-9,-14,23,1,-9,-1,15,4,11,-3,13
-17,16,-10,-4,2,-9,-1,8,-18,16,-1,-5
-16,8,-13,11,-9,23,6,-3,-6,2,-3,-5
0,-4,-3,18,-16,27,-1,11,-4,3,-2,10
3,0,-20,-4,-13,23,-1,-4,-2,22,2,28
-8,30,-7,11,5,11,6,-1,2,29,6,-2
-10,10,2,-2,-8,12,-2,26,-4,23,-15,12
0,20,-14,23,-13,25,-2,11,-6,12,1,1
-6,9,-2,26,-19,-3,-19,8,-5,31,3,1
-2,0,3,-2,0,6,-2,21,-14,0,-5,13
-11,6,-5,23,-11,24,-10,17,-9,28,-5,1
4,4,-8,6,-19,1,-3,9,-9,20,-2,1
-1,-6,-16,-34,-5,-32,-2,-19,1,-6,-5,-21
-2,-8,-5,-9,7,-30,-17,-2,-5,-32,2,-22
-2,-6,7,-5,1,-9,-1,-17,-1,-29,0,-4
0,-5,2,-12,-4,-2,4,-30,-2,-21,1,-28
6,-17,3,-5,-4,-27,-2,-1,-4,1,5,-1
1,-4,-10,-7,-15,-31,-6,-14,-9,5,1,-21
-6,-29,-13,-24,-8,-2,-1,3,6,-6,4,-1
-2,-17,7,-25,-11,-24,-7,-22,-6,-19,-9,-9
4,-24,-3,2,-6,-9,4,-10,3,-22,-15,6
-9,-7,0,-4,5,-26,-12,-12,2,-4,6,-1
-7,-14,-14,9,-12,8,5,-11,-10,-5,-2,-11
7,-1,-5,-2,0,-2,-5,-4,1,-7,5,-2
-7,10,-10,-16,7,-11,0,5,-18,0,-8,-21
0,11,-19,0,-17,13,-1,-11,2,-19,-5,-21
3,-15,-13,-22,0,-4,-1,-13,0,-8,0,-7
0,-16,2,-6,-2,-7,-13,0,-3,-2,-2,-1
0,15,5,8,3,15,0,-6,0,11,4,-3
-2,-3,7,-2,-2,8,-4,5,-4,-7,-3,13
-3,-11,-14,16,4,-3,-13,-8,7,-14,0,5
-4,-9,-6,-13,6,5,4,-11,0,15,-4,-7
-2,-12,1,-15,-5,2,-14,-3,-13,18,4,0
4,-12,-6,5,-8,-13,6,-2,0,-14,4,-1
-2,-11,3,-9,6,5,-1,-3,-1,-2,0,-5
-8,11,2,-8,-14,-7,-1,-13,3,12,-2,-2
-5,-6,-2,-1,-5,14,4,2,-4,-10,4,-11
-14,20,-9,-2,-4,11,-10,23,-15,10,-3,14
6,16,-9,1,-13,25,-3,22,-2,7,-1,0
-9,22,7,7,-7,0,-8,5,-3,5,-6,9
1,-3,-13,25,-4,26,0,-2,1,17,1,-5
-10,26,-4,3,-7,17,-1,-3,-6,-2,2,2
-8,23,-11,29,5,4,-3,3,-3,26,-5,13
-8,23,4,30,-3,15,-18,24,-15,25,-15,22
-3,10,-8,7,-4,-2,1,13,3,16,-2,21
-9,33,-16,8,-4,32,-10,22,2,3,-3,19
-9,27,3,2,-13,32,0,2,-5,32,-1,25
2,31,1,29,7,21,3,10,-5,21,-2,9
-16,27,4,33,0,29,-2,26,3,32,-3,13
6,-14,-7,-19,-6,-11,-16,-15,-2,-18,6,-6
5,-13,-7,-2,-14,-17,-2,-23,-17,-17,-3,-9
-14,-10,0,0,-12,-13,6,-5,-7,-7,-2,-7
2,-7,-15,-8,3,-17,-1,-31,5,-31,1,-15
6,-19,-4,-5,-7,-8,2,-31,-6,-32,-2,-23
-1,-9,3,-28,8,0,2,5,-4,-17,2,3
-5,-6,-10,-3,-2,-12,-13,4,8,0,-1,-13
5,-3,7,-22,-11,-25,7,-21,-16,-2,-6,-13
-6,7,-10,-7,-9,4,-8,-25,-13,-26,8,-28
-7,-18,-2,1,1,5,2,-25,-11,6,8,0
-14,0,-1,-13,-14,8,-10,1,-9,3,-16,1
-14,-4,-1,-11,-18,-18,6,-8,-18,7,6,-23
-4,-13,-1,1,-14,6,-5,-13,-9,-15,-9,-1
7,7,-4,-13,-1,-12,7,-1,4,-15,4,7
-7,13,-3,5,-12,-19,5,-12,-11,-8,-1,-13
2,-8,-17,5,1,-8,4,-3,-4,-3,-3,-7
-9,-1,-11,-17,7,14,0,-18,-11,-10,4,4
2,-9,1,-4,-16,-7,3,-18,3,16,-4,2
-9,-15,6,9,2,-13,6,-6,-3,0,4,-2
-6,-1,2,17,-6,-17,-17,-1,0,0,-10,-8
-8,-13,1,19,-1,19,-16,-9,-1,-8,8,9
-9,7,-11,19,-2,-6,4,-2,3,-7,-14,-1
1,7,0,-4,-2,-1,4,2,-3,8,-2,4
-1,-8,-16,-11,4,2,4,-7,-17,1,0,-9
4,-11,-8,-11,-6,7,3,1,-1,13,-2,-12
1,1,-17,6,-18,16,-2,22,-5,25,-3,2
4,-8,-1,24,-17,14,-2,1,1,-5,-5,-8
-2,3,6,14,8,12,-18,-5,-1,-3,3,22
-2,-4,2,14,-8,15,-15,26,2,20,-2,-7
-9,1,-17,26,7,9,6,-4,-1,27,-6,17
-8,21,-4,13,-1,-2,2,-1,-4,24,3,1
-1,2,-12,12,-10,18,0,-4,-1,10,-3,1
6,-1,0,1,-17,-1,2,22,-6,30,2,9
-10,32,1,4,2,11,-4,16,-4,9,-3,33
7,4,3,10,7,5,-3,12,-4,8,-1,26
1,22,4,33,0,5,-2,29,-4,16,-7,29
-13,27,-15,24,-10,4,-8,28,-4,8,1,2
4,-21,-8,-14,-12,-13,-1,-22,-3,-27,-1,-13
-5,-6,-6,-35,-1,-18,-2,-30,-5,-11,2,-21
-4,2,8,-9,-1,-9,9,-21,-10,-3,3,-10
9,-16,-2,-20,-4,-18,-4,-19,3,-9,-10,3
5,-28,4,-30,2,-30,-3,-27,-4,-19,-2,-7
3,-28,5,1,-15,-1,9,-3,3,-14,-6,-11
-7,-20,-13,-19,-4,2,3,-26,5,-12,-3,-30
-2,-1,-5,-6,6,-7,0,-16,8,-18,-5,-21
3,-9,-6,-18,3,-19,0,-1,-6,5,0,6
8,-6,4,-11,2,-24,0,-21,-15,9,5,-2
8,-7,-3,-6,-15,6,-1,3,9,3,-2,-25
8,-8,-12,11,-8,4,-6,-3,7,6,4,10
-1,7,-10,8,9,9,8,2,-17,4,-12,-17
7,-15,1,-21,7,9,-5,-15,3,10,2,-10
0,11,7,4,1,13,-1,6,-15,-19,2,-12
4,7,3,-18,-16,-6,8,-10,4,-3,-4,11
-3,-19,-15,-2,5,-12,8,-19,-2,12,0,-12
-3,-19,0,-9,-15,-18,2,-9,-5,9,1,-4
0,-12,1,17,-11,4,-10,9,-3,1,2,-11
-9,16,9,-15,-16,6,-3,15,-5,-9,-5,8
2,-3,-8,17,0,-7,-13,-1,-4,4,-6,10
-2,-2,3,0,-10,-10,-15,-2,-6,1,-10,10
3,14,-17,16,-15,-1,-15,1,-3,1,-5,-3
7,12,-1,19,-11,-1,2,18,3,-10,2,15
8,-9,3,-5,-4,-4,0,-7,3,11,6,-1
9,-3,-13,-2,-17,21,-2,18,5,20,4,12
-7,12,-4,26,6,14,0,1,-4,22,-7,0
-5,14,-14,4,2,-9,-6,20,1,21,0,4
8,0,-2,26,9,18,-10,10,-2,11,1,15
-5,7,5,14,-1,7,5,18,-10,14,0,11
-2,28,-8,-1,1,5,-2,7,-7,19,-5,8
-4,23,8,22,-12,5,-15,4,-3,-5,-17,31
-13,26,5,27,-15,11,2,4,-4,-1,-7,0
2,19,-1,10,6,14,-15,28,9,32,1,33
4,22,-4,4,-10,14,-2,31,-16,24,1,18
7,35,-3,2,2,21,-12,35,-7,18,0,32
8,2,-12,22,-12,17,-5,10,-11,7,6,12
2,-18,-4,-15,2,-28,7,0,4,-14,-6,-35
5,-15,-6,-15,9,-17,0,-8,-12,-27,1,-28
5,-32,-15,-14,-4,-16,-2,-9,-5,-17,0,-13
-5,-7,-6,-11,-4,-27,8,-31,-6,-29,-1,-22
10,-23,5,-19,2,-3,0,-29,9,-3,1,-31
-3,-4,-6,-27,-6,2,1,-31,6,-26,-12,-19
-1,-15,10,-20,0,-19,-2,-10,4,-23,3,-11
6,-2,-4,-13,0,2,0,-16,4,3,-11,-16
5,-23,5,-27,-4,-1,4,-28,-1,-17,0,-16
3,6,4,1,0,-11,8,1,-8,8,5,-5
-3,0,1,-10,-15,7,-1,-18,-13,-1,-15,7
-2,6,5,-25,-6,9,-7,-5,8,-25,8,2
7,-15,1,-6,-13,-22,0,-18,5,-5,-2,9
-3,8,-9,-4,6,-17,-6,9,-4,8,-8,10
-2,-9,3,5,-11,-11,7,0,-3,-10,1,-8
0,4,-8,-15,2,1,0,-21,0,-6,-9,-4
2,-5,0,6,-8,-18,-3,-20,10,-7,1,-8
0,-19,-14,0,0,-13,0,-2,-1,12,0,-8
3,-10,-3,7,2,0,1,12,-5,14,-3,8
-12,-3,-10,-16,-13,17,-8,-12,-10,14,-9,-5
1,-1,9,-7,-11,-13,-8,15,-2,-10,5,9
-5,-14,9,3,-1,17,6,12,-4,18,-1,7
-7,1,-4,16,-13,-11,-14,-9,-4,16,8,11
3,-2,4,-2,-15,4,2,9,-2,-12,-2,-12
-5,5,-8,-8,0,7,2,23,7,5,1,-7
5,15,-1,-3,-12,2,8,2,-9,8,-6,23
2,6,-15,-10,2,2,10,25,-2,10,2,1
-7,26,-14,23,-2,27,-15,-1,-9,6,-7,21
0,25,-13,18,-2,7,-5,22,4,-3,-9,18
-5,14,-8,19,-12,-3,-14,17,-16,-2,-13,27
-3,8,-8,25,-5,8,-13,16,-16,19,-2,1
-13,13,7,19,4,31,3,19,-4,22,-4,-2
-9,-3,-4,16,-4,27,2,23,-15,-1,0,4
2,20,-12,31,1,21,-11,20,5,18,0,14
5,-1,3,30,2,19,-2,10,-7,11,-11,3
5,20,-5,27,-12,20,-5,14,-15,10,-6,11
2,28,-10,20,-5,6,-8,2,-5,28,6,17
0,-15,1,-9,-4,-21,-13,-19,-2,-14,-12,-18
7,-23,-6,-24,3,-20,-1,-25,1,-28,-6,-35
-3,-34,-9,1,8,-26,9,-18,0,-34,-13,-20
-3,-6,-9,-3,0,3,-10,-17,-6,-8,5,-14
9,-5,-5,-15,2,-27,0,-22,-14,0,-8,-3
6,-9,8,-21,7,-19,0,-24,0,-2,5,-13
0,-21,4,-29,6,-16,3,-27,5,-28,-1,-19
4,-20,-10,-1,7,-8,2,-22,2,-28,3,-20
-4,-28,-12,4,-2,8,7,-2,-2,-11,-2,2
10,-2,-13,-18,-9,-16,-10,-5,10,-20,3,-20
-4,7,8,-14,9,-12,-6,1,-3,-22,2,4
6,-8,2,10,7,4,-4,-23,-10,-17,1,-6
2,-13,-8,-16,-12,-16,8,-20,0,-7,-1,4
-12,-4,10,6,-4,8,-6,-22,-6,-17,-6,-2
1,14,10,1,-4,7,3,-16,1,-19,-2,0
-5,-15,-10,-14,11,15,-12,14,6,5,9,-16
2,-2,-4,16,-1,15,11,-11,-3,-9,-4,12
5,-3,8,-14,-10,-3,-2,-1,-10,-13,0,2
-1,2,2,3,-8,-5,-10,-15,8,-13,6,-14
-5,-15,0,0,-5,11,-4,-4,-11,-1,-12,11
5,-14,7,-15,-4,1,5,7,-2,-5,7,11
-1,7,3,15,-6,13,-8,1,-15,5,-5,-1
-3,-12,-8,14,-8,3,3,-9,-6,16,-11,21
4,-6,2,-8,-3,7,6,-9,3,19,-3,20
7,-12,-4,8,-14,10,3,6,9,9,1,-8
3,-10,3,-7,3,23,-11,-4,6,6,4,23
6,23,7,25,8,20,0,8,2,26,-10,-8
4,-8,-12,-6,0,1,1,25,-9,-9,3,-7
5,24,1,-6,-11,21,9,-1,3,-6,-6,-1
-3,18,6,12,-5,18,-2,18,3,24,7,16
0,26,10,-2,-2,-4,1,4,11,-3,1,25
6,20,9,2,3,20,-14,16,4,-5,-10,23
8,23,-10,29,-13,-4,-14,18,-8,2,10,-3
-12,22,4,1,8,-1,0,-2,-15,19,-9,4
-5,3,-13,34,11,33,-1,28,-3,18,-11,28
-2,14,2,14,3,32,-15,20,-4,0,-1,35
-3,21,-1,8,-7,19,-9,15,-8,4,-4,14
-1,-23,5,-6,-7,-18,-2,-1,-6,-3,-12,-7
6,-5,-9,-9,6,-3,-1,-5,0,-31,3,-9
6,-5,8,-28,1,-6,-1,-29,9,-5,-11,-28
-4,-21,-1,-19,5,-17,-3,-26,8,-10,-2,-6
7,3,-8,-17,1,-17,-3,-6,9,3,7,-3
-2,-12,5,-14,-10,-5,-12,3,2,0,-1,4
1,-27,-6,-1,5,-2,5,4,9,-3,11,0
-5,-2,11,2,-1,-2,-10,5,-2,-6,-9,-13
-1,-18,-7,-17,-3,-24,-12,-3,-6,-26,-7,-1
2,-16,-3,-25,10,4,-3,-15,8,-8,-1,-22
0,-10,-1,-24,-12,1,11,-8,9,-16,3,-24
7,-17,-5,-11,-6,1,2,-17,0,-12,-7,-7
4,-17,6,-6,-2,2,-11,-12,-8,0,-9,-16
-1,-17,-8,-7,12,-16,-11,-5,-4,-13,2,-21
0,4,11,-19,-8,8,9,-22,-10,-13,0,-13
11,-10,-10,-11,-4,3,11,-2,-7,2,-2,-3
1,-1,-2,-16,-8,-15,2,4,9,-17,-1,-12
3,12,11,-7,-2,-11,-9,14,-9,-1,3,0
0,-4,-10,-1,-13,3,1,10,-7,-6,4,17
0,-9,-6,-3,11,13,2,-10,4,3,5,9
0,8,-3,18,0,0,-4,14,10,-2,-5,6
-1,5,-12,-2,5,6,0,21,-14,19,1,-15
-2,-13,-6,1,-1,-10,-5,22,3,17,-13,13
7,-9,-1,8,-13,22,3,8,-2,-8,-13,21
-2,16,-9,-11,-4,-4,-8,0,-3,3,-8,1
2,-1,1,25,-13,2,4,21,12,9,-2,-10
-2,0,5,18,3,5,7,24,-2,9,-10,21
-2,6,8,21,4,-6,-7,10,7,-6,5,8
-1,3,-10,-2,10,25,-9,23,-10,16,-12,11
7,-7,0,5,0,0,-4,-6,0,24,-7,28
11,-1,-2,23,8,1,0,28,-4,11,-3,-5
-12,13,2,9,9,9,-8,1,3,13,-5,8
1,3,12,21,-14,-1,0,12,2,26,3,-1
6,30,10,26,-5,28,-2,20,-2,6,-2,14
2,26,-7,7,-14,0,-1,5,5,6,-11,34
8,35,-6,29,2,1,11,28,-8,13,-9,13
0,34,6,13,6,35,12,19,-14,17,-1,21
12,-23,-9,-8,5,-12,7,-1,-5,-4,-6,-32
10,-18,7,-12,7,-28,8,-15,-8,-4,3,-28
3,-7,-3,0,-3,-15,0,-18,12,-28,-8,0
6,-15,2,-13,-10,-29,-1,-19,0,-33,3,-27
4,-13,-3,-17,-8,3,-11,-12,5,-5,-1,-20
11,-14,7,-6,-7,-4,-12,-3,-4,-11,-9,-9
-2,-16,-7,-4,8,-27,11,-6,-6,-3,13,-4
10,-24,-8,-12,9,-29,-2,-8,-10,1,1,-5
-9,1,6,-18,4,-25,-13,6,-13,5,13,-26
6,-10,-1,-24,-10,-18,-9,-16,5,-6,-6,-17
1,4,2,7,13,3,-9,-17,2,-25,-9,-18
7,9,-9,-13,-6,1,6,10,4,10,-2,-12
7,-24,2,-15,-1,-10,-4,-8,5,10,-6,-11
8,-20,-10,-23,7,-17,-9,-13,-9,-18,2,7
-2,-12,-9,-14,-12,-15,-1,8,-12,-2,10,-19
7,-20,0,11,-1,-9,-11,-17,5,-5,-4,6
9,-11,-5,-19,13,-16,-3,4,-13,-2,7,-14
5,14,9,10,-2,-1,-7,17,-1,-5,3,10
12,9,-10,-2,0,-4,8,-18,-8,12,7,-2
-3,2,4,0,-1,-4,-3,3,-11,14,12,-15
0,6,2,12,13,-14,0,20,0,11,-4,-15
8,-6,-9,17,-6,17,-6,-9,0,19,-9,3
-10,9,6,19,-9,5,-2,-5,9,13,8,-8
-10,7,11,-5,-11,22,-5,8,0,13,5,4
10,-2,-11,-2,2,5,1,5,-1,-10,7,9
-3,-2,3,18,-8,13,2,11,12,-3,12,2
-2,-4,-4,7,1,13,-8,-5,10,-2,-1,-6
2,1,1,-8,1,15,-12,-2,-3,18,-9,7
0,1,11,-2,-7,8,2,18,2,28,6,27
-4,27,1,26,-5,1,10,28,0,-3,12,20
6,-2,1,24,-11,5,-5,13,-7,-3,-7,19
4,30,12,14,-10,24,13,-1,0,18,3,10
0,14,4,24,1,9,2,-1,-8,7,7,27
-1,15,-3,-1,-4,12,13,20,5,3,-5,-1
3,27,-6,29,8,3,0,29,-5,3,-1,32
11,23,13,14,-8,25,8,35,-2,25,-3,32
8,13,-10,31,12,10,12,24,-9,14,-3,0
9,-18,-9,-22,12,-12,0,-35,6,-33,7,0
0,-27,3,-6,-7,-13,-1,1,-8,-34,2,-27
11,2,10,-18,-1,-4,9,-5,-3,-7,-7,2
-1,-1,5,-26,4,-5,5,-8,10,-5,9,-30
1,-2,-9,-10,-12,2,-11,-29,4,-6,-3,-18
1,-19,4,-6,5,2,-2,-27,-2,-9,1,2
3,-5,-9,6,2,-5,-11,-30,5,-10,8,-29
5,-16,3,-26,7,-20,-3,-7,12,6,1,-28
11,-3,7,3,-7,5,5,8,9,0,3,-23
-1,-9,-3,-6,-1,-7,5,1,0,-14,5,-5
5,-1,8,-22,0,-11,-1,1,0,3,5,-26
0,-3,-10,-11,-4,-16,-2,-6,-9,-11,-2,-6
8,-3,11,-17,9,-17,9,1,1,-3,-3,-12
14,6,-7,-12,9,-6,9,0,14,-16,-10,-1
1,-3,-12,-6,1,7,-2,-5,-3,-6,3,-10
-2,-4,7,1,0,0,2,-20,-3,11,13,-17
8,-13,-9,1,1,-3,1,2,-1,3,4,16
2,-16,-10,2,-1,-12,-1,-15,-2,13,-9,10
8,-9,-12,-1,3,8,-2,7,-9,-12,6,6
6,-11,-3,1,-6,8,-9,13,1,-16,-4,-2
4,-14,2,12,6,4,-11,15,-11,-12,-7,3
14,10,13,15,2,-7,-1,13,-4,9,9,12
3,-14,-5,4,-2,7,3,22,4,3,-1,2
-1,14,-3,23,-9,14,-6,12,-8,6,-11,22
10,2,8,-3,4,20,-11,-2,-11,5,2,2
-2,-4,12,4,2,6,8,9,-7,1,-9,9
-1,20,11,3,8,9,-1,14,4,-1,0,20
4,25,-6,-1,-10,17,0,16,9,22,-8,12
12,-1,3,18,-1,-5,-4,21,4,26,8,-8
14,-3,11,-5,9,-3,-6,-2,0,29,8,13
10,28,9,26,2,21,-11,24,-2,15,8,29
7,-3,-3,7,-11,23,8,20,-3,31,-1,28
-2,28,11,18,3,10,6,20,6,10,2,22
9,11,3,11,-11,23,7,18,8,18,-6,33
-1,18,4,1,-4,31,-10,9,-9,16,2,33
3,10,4,19,-2,19,-10,29,-1,20,7,7
9,11,-4,32,-8,2,9,28,2,5,-2,15
4,-6,11,-10,-1,-21,3,-33,-7,-16,-11,-20
-2,-4,4,-17,4,-35,-2,-21,6,-16,-4,-24
6,-11,7,-11,-11,-4,0,1,0,-4,2,-30
7,-16,12,-25,14,3,13,3,0,-2,-2,-8
-1,-14,-6,-20,2,-4,-1,-19,10,-12,1,-19
-2,-10,-8,4,-3,-7,15,-16,9,-2,-2,-7
-9,-10,-7,-14,-5,-28,-5,-6,13,-3,-5,-8
-2,-5,11,-1,10,6,3,-11,2,-1,2,2
8,-18,11,-21,-3,-25,-1,-19,-9,0,7,-20
-9,-8,-8,-26,3,-13,3,-25,-5,-12,4,-23
9,-6,12,-25,-3,-8,-6,-7,-2,-25,4,-18
7,-20,9,8,-4,-25,-7,11,-1,-10,8,-22
-5,-24,-10,-10,11,6,-1,7,0,-18,10,-3
5,1,-2,6,-8,9,8,13,6,-13,-6,9
4,-8,0,-14,4,5,3,11,2,-8,-1,-19
4,-16,7,-10,3,-2,-3,-9,6,-12,-7,-19
3,8,13,5,2,13,-10,-15,-2,-8,-3,-17
6,15,13,-6,8,-13,1,8,10,11,-1,8
3,-16,15,-4,11,7,-5,1,3,7,-9,-15
5,-9,-4,7,2,17,-7,-1,-6,-12,11,16
1,-5,-7,13,3,-6,9,3,-1,-2,-3,7
7,10,14,1,-9,14,11,21,-6,-5,-1,-10
7,12,-6,-12,6,2,-6,14,11,3,-8,12
13,7,11,6,9,5,-5,13,4,-7,-6,-1
11,23,-4,-11,9,-2,-4,17,-9,10,0,-4
12,8,6,18,9,13,14,-1,2,13,5,24
13,0,7,7,14,23,-8,-9,12,-10,-8,2
-7,19,4,-4,14,23,2,-1,-10,-9,1,-4
9,23,-7,-3,4,11,-1,27,-2,-8,-3,26
0,-4,3,17,0,26,1,19,12,17,-10,-2
2,11,13,14,0,13,0,28,-8,28,-6,16
3,30,-7,-5,13,25,-7,7,0,-3,-7,19
0,21,2,5,0,22,8,19,2,27,-8,-3
3,18,-9,17,6,9,6,5,-9,27,-8,6
9,4,-5,22,-5,7,13,2,1,1,15,13
4,34,0,12,13,26,-10,19,-7,9,3,19
9,11,6,9,11,11,11,29,-4,34,3,5
12,-14,6,-1,3,-25,5,-9,2,-11,-3,-6
-3,-35,-6,-2,10,-18,8,-15,-6,-28,3,-28
4,-16,-5,-21,11,-23,0,-13,-9,2,7,2
4,-23,8,-30,16,-30,0,-31,1,-11,3,-13
-5,-16,7,-24,5,-21,7,-28,9,2,-9,-26
-5,-3,9,-18,-4,0,13,-6,3,-2,-2,-20
12,-6,10,-4,14,6,13,-29,-4,-20,0,-1
7,-20,3,-26,1,-19,6,2,-5,-15,14,-17
8,-24,-3,-26,-3,-1,0,-1,-1,-2,-6,-5
4,-18,-3,-17,7,-25,7,-11,-8,-14,6,-3
7,-2,4,-19,-10,5,-7,-21,2,-16,-7,-13
3,-25,6,9,-6,-8,-9,10,-7,8,-3,-9
-10,-17,-1,7,1,-2,15,-18,-8,-6,-7,-19
5,0,-3,-10,-5,-18,1,-3,-1,-20,-1,-19
-1,10,3,-4,15,2,-8,-21,-5,-18,3,-10
16,-18,-8,2,-10,0,-3,-18,6,-17,1,10
14,6,-4,-9,14,14,6,-15,6,-7,4,-17
2,-6,6,-8,1,-18,1,-2,-8,13,5,-16
0,-7,-2,10,-8,-11,2,-6,9,2,-4,-6
-2,15,-5,14,0,0,8,9,6,3,-4,6
1,0,-4,-11,1,19,-5,8,4,12,4,-10
9,0,4,-1,-7,-5,10,14,-2,0,1,-8
14,15,-4,-1,5,9,-4,14,-8,2,-9,15
-7,8,7,14,-8,11,-9,14,-1,4,4,14
6,5,2,-4,16,-4,5,13,8,6,-2,8
13,12,16,12,-1,3,-4,5,-7,-8,4,23
1,26,-7,-5,0,25,-7,14,-4,8,-3,4
0,26,13,-6,-3,6,11,12,1,-1,6,25
1,14,3,-8,5,5,4,23,-2,28,3,9
0,19,-10,14,2,-5,-4,4,0,-5,1,10
5,0,-6,14,-3,3,-1,20,14,-3,-10,25
-6,10,-9,4,-1,13,-5,-3,-6,29,-9,27
12,24,-3,10,-1,0,-1,1,4,3,-3,11
-1,10,13,11,-1,7,-8,13,11,-1,2,28
9,34,6,20,-1,21,15,30,-4,7,4,11
4,22,4,33,-1,16,4,27,-2,13,13,23
-1,10,6,18,-5,25,16,16,-6,2,4,16
1,-35,9,-36,-6,-22,-7,-17,-7,-15,-5,-3
11,-13,12,-24,-6,-10,5,-11,2,-16,3,-28
-1,-8,17,-34,-3,-27,13,-11,7,-33,6,-25
0,-31,-4,-4,0,-11,-7,-10,1,-4,2,-31
14,-2,5,4,-1,-5,-1,-7,-1,-29,4,-23
-7,-31,11,-31,0,-26,2,-30,5,1,13,-27
-9,-27,11,-25,-7,-10,-7,-4,14,-23,7,0
16,7,3,-20,14,-16,0,0,-2,-12,-3,-15
-2,-19,6,-22,-6,-4,-5,-9,3,7,5,-16
13,2,15,-3,8,9,16,-20,-4,-27,-1,-10
-5,-26,7,-7,-4,-22,6,-15,-8,-21,10,-20
-3,-4,1,-7,7,-24,0,-2,0,-21,17,3
-8,-18,15,-22,-7,-20,14,2,1,4,1,0
-6,-12,0,-21,0,-12,-3,0,12,6,2,-2
-7,-12,6,-6,0,-1,-6,-6,17,-14,-5,3
9,3,15,11,17,-20,-5,12,-9,-20,-5,-8
0,-20,6,11,0,-7,-2,-13,6,15,4,7
16,14,-1,5,-1,3,6,-2,-6,-6,-6,0
-4,-18,2,-6,-7,3,-4,8,-8,-16,16,7
-5,-15,-1,-5,5,5,11,14,15,9,0,-8
13,9,7,-15,10,19,17,9,-3,13,0,4
-7,19,-5,0,-1,6,-2,9,-5,18,-2,-15
-9,-12,6,-14,-7,2,16,11,2,-11,12,19
17,23,-4,-9,-1,17,2,-7,-1,8,16,-10
-2,2,13,-12,5,-12,-1,6,0,-7,17,-1
-4,25,3,-11,-1,6,-7,-11,-3,-5,13,17
-6,18,12,4,12,26,-1,-4,15,-1,10,19
-2,18,13,8,3,7,7,-8,0,13,-1,23
-9,28,-8,27,-7,14,1,26,5,-6,-3,-6
-1,8,11,25,-6,15,-6,2,4,23,-1,15
-2,30,16,-5,-7,13,0,27,-1,-2,-2,3
-1,13,0,29,8,-4,4,19,5,19,-3,15
-2,27,-1,6,2,4,-6,24,-6,6,-4,6
-7,10,2,28,-2,9,-2,10,17,6,9,25
-1,10,2,19,-3,-1,-5,29,-3,3,16,6
-1,18,0,34,-6,25,9,28,10,24,11,22
-3,32,7,33,0,9,-1,15,-6,15,0,15
-1,-19,10,-15,5,-20,-4,-36,11,-20,11,-12
-1,-22,11,-16,7,-15,6,-35,-5,-9,9,-6
-2,-31,-6,-26,7,-16,-1,-6,2,-25,-7,-4
-5,-23,-5,-23,0,-18,-7,-15,14,0,-1,-30
0,-28,1,-2,6,-23,13,-16,11,-8,3,-22
0,-29,-2,-8,15,-28,6,-5,9,-31,-5,-29
-1,-11,-1,5,-6,-16,17,1,14,-30,-4,-21
-1,3,6,-12,13,-10,2,0,6,-2,4,-6
-3,5,16,-12,1,-12,2,5,8,-28,-1,6
-1,-6,13,-23,17,-4,0,-16,9,-3,18,-6
-1,-6,-3,-11,-5,-20,10,4,9,-12,-5,-1
-1,-23,4,-10,2,-12,-5,-12,2,-5,0,0
-1,-17,14,-2,3,3,0,-24,3,-13,5,-1
-3,12,-2,-16,-8,12,7,-3,-1,7,0,-19
0,-15,0,-9,0,-8,7,-18,-4,9,5,-8
0,-16,3,2,-7,-17,-7,11,14,13,-1,12
-3,14,-1,6,11,7,-5,11,-5,-9,-4,12
-1,-8,-5,-11,17,-4,5,2,0,4,-3,-10
-1,7,-2,11,13,6,0,-11,-5,9,13,8
-5,-4,0,3,11,14,5,-7,-2,10,9,-1
-8,0,17,-8,-2,20,15,11,3,-6,1,12
0,-9,-2,21,0,13,-1,2,14,-14,1,-7
0,-13,14,-3,-4,-13,-3,13,13,-2,12,11
0,1,8,3,8,21,0,1,0,-3,-2,2
-1,23,17,-12,-3,-4,7,0,16,20,15,23
-1,-8,12,6,17,-3,-3,-2,0,16,2,10
0,15,-1,12,-2,-6,-1,23,3,-6,0,26
-8,13,-6,3,12,18,1,0,0,7,4,0
0,5,1,-2,18,16,-8,16,-6,1,14,-6
-1,15,3,-3,11,26,-3,-7,1,4,1,11
-8,27,-4,21,-1,0,13,20,-2,22,13,11
-7,0,18,0,12,24,0,11,17,-4,-5,12
7,12,17,1,-2,13,16,21,-3,13,1,27
-5,33,-3,24,-2,20,4,-3,-2,13,-2,21
-4,10,-3,30,9,20,1,11,-3,24,-4,27
13,22,14,35,-2,17,5,0,0,27,2,1
5,16,-3,6,-3,30,-1,1,18,6,-3,24
0,-21,17,-35,6,-36,-3,-6,-1,-19,8,-20
-4,-6,19,-9,17,-17,2,-25,0,-13,-4,-5
-7,1,0,-11,-2,-21,2,-10,11,-1,8,-7
19,-33,2,-5,-4,-5,-1,-19,-2,-10,15,-33
1,-2,14,-15,0,-21,19,-8,0,-32,5,-6
-1,-25,5,1,6,-13,-3,-27,9,-21,0,-11
-4,-30,11,-3,7,-27,0,-25,2,-7,-2,-26
-7,0,1,-22,3,-29,1,7,-4,-10,-1,-3
0,-22,8,2,7,-22,1,7,4,-14,-4,-5
-1,4,-1,-23,6,3,-3,-24,-3,2,-1,-24
-1,10,10,-24,12,10,5,-24,19,0,6,-13
18,7,18,-19,15,-23,-2,5,-1,-5,8,9
-4,-18,14,-2,0,-4,14,11,6,-16,0,-22
0,-15,17,-18,8,-7,11,-9,3,-22,-2,8
0,6,-4,8,10,-12,18,8,-4,-14,-2,-11
0,9,13,14,-4,-16,8,0,-1,4,4,14
-7,-5,11,8,10,5,11,-13,-5,-10,6,14
-2,4,5,8,2,17,-5,9,3,5,-4,16
17,-12,12,11,0,3,6,2,9,4,-1,13
18,-16,6,13,10,-9,-5,5,3,-5,-7,-17
-5,-8,1,-5,3,-10,11,18,5,0,7,7
-6,3,12,9,9,-10,-4,-5,-1,6,10,6
0,12,5,-3,3,17,-4,7,-2,10,-5,7
-4,1,3,22,14,17,-5,-11,3,-5,-6,-1
-2,10,6,4,3,-2,4,-7,0,8,2,5
2,-5,12,-9,15,-8,-7,11,5,4,4,16
-2,8,5,18,0,15,2,-4,17,-5,19,-4
11,4,2,11,7,25,17,22,-1,10,-1,21
2,20,-7,21,9,-5,2,4,15,-6,-5,2
15,16,8,8,1,18,-4,29,3,-2,3,-1
3,15,5,1,17,6,11,15,2,9,-2,17
-2,10,-1,9,0,30,-1,15,4,30,3,23
4,11,2,0,-1,25,7,10,8,19,5,15
13,33,11,22,-1,29,-1,-2,0,15,18,6
15,6,-4,25,1,18,-3,24,0,-1,1,24
12,23,9,16,2,7,6,26,11,3,-1,27
10,0,6,23,-2,0,-4,14,-2,9,-1,16
0,-23,3,-36,11,-29,8,-21,18,0,3,-4
-6,-11,15,-10,16,-31,0,-8,6,-18,3,-1
-1,-25,12,-1,4,-4,7,-25,7,-27,9,-6
13,-27,4,-5,-2,-11,7,-14,2,-16,-1,-6
0,-8,14,-8,13,-12,14,-4,18,-7,19,-26
2,-8,3,-16,4,-9,0,-18,3,-3,0,-2
-1,-10,6,-20,-3,0,1,-26,1,5,3,-28
19,2,18,-20,-2,-4,3,-29,-1,-10,-1,-11
-3,3,4,2,8,5,8,7,-1,-1,2,-23
-5,0,15,6,8,-26,-3,-12,-1,5,2,0
-5,-13,4,5,11,-8,-2,-12,18,3,10,-23
12,-16,-1,-25,2,-15,9,-19,0,-13,1,-2
16,7,1,-3,0,-24,19,-8,2,2,3,-21
20,10,2,-6,-2,-11,1,-1,20,-22,15,-4
4,2,5,5,12,-20,-1,10,9,-7,-3,-8
-4,-14,19,-6,1,3,-2,8,1,-19,4,9
3,-15,18,-2,16,7,6,-17,10,3,0,-19
-4,4,17,-15,1,14,-1,-1,0,-15,18,-13
12,-4,6,-13,9,-12,0,0,-5,10,0,-13
9,14,-5,-14,7,5,1,13,1,-1,0,-8
10,-10,10,-7,-2,8,7,10,5,8,9,7
8,2,2,19,7,-12,5,1,7,1,10,1
1,-9,20,13,1,-6,15,8,11,-1,-1,12
-2,-3,-3,15,5,-4,4,-13,6,-6,6,16
3,11,14,17,14,-10,5,-9,6,10,7,-6
-2,-5,14,20,17,15,11,12,1,2,5,13
-6,20,-4,6,14,3,12,15,10,6,9,10
-5,17,-6,3,-4,16,-1,16,-3,27,14,19
-1,0,3,19,17,4,18,27,0,3,7,16
0,-5,6,26,20,7,-2,13,-2,4,6,3
19,28,15,22,0,13,-1,1,-1,-3,15,14
-4,11,5,21,19,8,3,2,-5,30,4,11
-5,8,-1,17,3,16,13,29,3,14,3,32
-1,0,-1,2,13,11,2,29,2,8,16,19
0,23,14,25,17,33,16,3,-1,19,1,3
-2,2,13,-1,15,27,-4,5,-4,22,0,9
-5,36,-1,16,-4,18,11,12,15,27,8,4
3,-26,1,-27,15,-5,5,-30,2,-33,6,-8
-1,-28,1,-23,-2,-4,-1,-18,11,-30,-5,-17
-4,-9,-5,2,2,-24,0,-19,12,-8,-2,-31
13,2,7,-2,-1,-2,2,1,1,-25,7,-12
11,-9,5,-11,4,-20,4,-28,0,-3,8,-3
18,-30,-5,1,8,-8,21,-4,3,-1,3,-13
20,-10,21,-6,21,-12,5,-8,4,-16,3,-14
18,-13,2,7,-2,-8,1,1,21,-5,9,2
14,4,15,-18,20,-3,1,3,-1,-1,1,-28
8,5,11,-20,16,-2,1,-18,8,-2,-5,-8
18,-14,6,4,15,4,4,-9,5,-8,6,-8
-1,0,2,-13,18,-20,14,7,1,7,0,-4
8,11,19,12,2,-23,4,-3,18,-20,7,11
12,6,7,1,0,6,0,-3,6,-10,18,13
9,14,11,-16,0,6,-1,6,5,-6,-5,7
12,9,9,-10,0,6,-1,1,14,-6,0,-15
19,-1,4,-17,16,6,4,-1,1,16,2,-1
9,13,16,-13,15,9,4,-1,0,16,20,-3
21,-6,19,-7,7,10,9,5,-2,-9,10,6
17,3,2,10,-4,17,7,15,20,-13,10,18
8,9,1,12,19,7,4,-8,-2,1,5,7
15,-7,17,-13,19,-6,0,-1,14,18,8,-5
0,15,8,-9,13,-7,21,-13,13,22,-5,14
19,22,-3,-12,4,21,-4,12,-4,-6,-2,2
20,23,-3,13,-2,-11,7,8,1,23,7,20
3,0,4,-4,8,-1,3,11,14,8,4,0
1,0,16,14,3,2,-1,-4,15,10,5,7
2,25,13,13,5,2,-2,18,3,13,19,0
-2,26,21,5,11,-8,17,22,18,-2,9,21
3,14,8,26,12,14,21,10,15,28,6,18
2,18,2,19,16,-5,6,-6,-3,-1,5,7
-3,7,12,-1,0,10,5,0,-1,7,-3,19
-5,-4,-5,23,-1,-1,7,24,-3,10,5,28
3,17,-1,32,8,6,-3,32,3,15,1,30
-4,17,15,17,13,24,0,8,1,24,18,21
1,32,7,18,10,11,2,31,17,21,14,24
0,12,21,22,7,7,-1,32,3,34,-3,33
-2,-31,10,-30,22,-19,5,-1,20,-34,4,-6
1,-16,8,-17,8,-31,18,-7,15,-8,3,-29
2,-11,5,-24,19,-5,21,-7,22,-18,1,-1
-4,-2,19,-16,10,-12,-4,-3,4,-32,9,-18
-3,-21,9,-31,18,-16,-1,-15,14,-8,-2,4
5,-30,3,-15,7,-10,-1,-2,21,-1,17,-15
-3,-26,4,-27,-1,-11,2,-13,1,-14,16,-3
4,-29,15,-23,8,-26,3,-20,13,4,-3,-4
0,-15,10,-12,2,0,9,-24,1,-6,-1,-1
8,4,-2,-20,4,5,17,-25,7,-22,13,5
19,-8,-3,-19,4,5,9,-24,21,-17,10,6
0,-7,7,-7,-1,-13,13,-3,1,0,-2,-9
12,-6,6,-19,4,12,2,8,15,-3,2,-16
-1,1,14,-9,5,-17,0,1,-2,-17,4,-11
17,-6,14,-10,-1,-4,0,-1,17,3,15,11
18,-16,15,0,-1,-5,3,-21,7,4,-2,13
8,-15,13,-20,5,-18,2,-12,15,16,11,-13
11,10,13,17,0,9,0,4,17,15,2,-1
12,-9,0,-4,-1,-1,2,11,-3,11,15,9
4,17,3,-13,5,-17,4,7,4,-11,0,19
7,7,-1,4,1,5,4,-13,6,-10,8,4
21,-15,-1,0,0,12,18,19,0,0,-2,20
0,22,-3,10,5,-13,4,12,-4,2,0,12
-2,23,3,4,5,-6,-2,23,-2,7,4,-7
-3,23,18,12,-1,8,2,23,6,14,-2,6
0,-7,0,14,4,23,5,-9,1,2,-2,17
2,19,13,21,19,11,3,11,-1,21,-2,-4
2,7,10,-7,0,2,9,26,5,-7,11,9
0,27,-3,0,21,-7,0,-7,7,10,-2,15
3,5,8,27,21,7,8,6,17,-2,15,24
-2,26,17,29,10,25,3,6,5,28,-3,12
-1,2,-4,28,3,14,8,31,-2,28,7,-1
-2,22,17,4,17,29,4,9,3,1,-2,0
-1,13,10,32,2,11,-2,9,16,10,-3,0
0,9,13,30,1,7,13,31,-2,23,4,8
20,-1,-1,11,-1,6,0,17,9,32,-1,9
22,34,12,8,19,36,9,29,16,6,-2,12
0,-28,23,-30,20,-18,3,-34,0,-7,0,-3
2,-25,3,-33,6,-2,-2,-1,11,-2,4,-3
0,-30,7,-22,21,1,10,-1,23,-7,6,-15
3,-21,14,0,3,0,12,1,6,-2,1,-27
20,2,12,-28,21,-3,23,-24,-3,-11,-2,-9
19,1,7,-6,6,-12,-2,-5,6,2,-2,-31
7,-14,2,-11,18,-8,12,-21,-1,-15,-1,-19
3,-15,3,-19,7,-24,5,5,17,-19,8,-29
21,4,18,8,7,-12,20,-23,3,2,13,-2
7,1,5,-27,0,-12,7,-12,7,-27,3,-21
23,4,5,-7,0,-13,0,-15,-3,-11,-2,-13
20,3,-1,3,-1,-2,6,7,-3,-2,6,1
15,-2,-3,7,5,11,-2,-18,5,7,-3,-4
6,6,9,-1,5,-12,21,-13,7,8,-2,-4
13,-17,1,14,0,-11,6,-7,21,2,-2,-15
7,9,22,-7,0,2,12,2,-2,13,9,1
6,10,7,13,5,9,6,-9,12,-4,-2,-6
23,8,13,-9,21,9,13,-3,20,9,4,-12
3,-14,2,-4,19,5,1,7,2,15,-1,-1
19,13,8,7,14,-11,1,10,-1,12,-1,-12
-1,-10,-3,10,11,-11,4,-8,0,12,17,13
5,-12,1,9,3,0,5,2,2,-8,-3,-7
4,9,10,15,2,-2,12,-14,-2,-1,2,-14
-1,-2,8,2,3,13,10,-1,-1,-11,11,12
4,6,11,6,2,7,3,21,2,24,10,7
5,-2,-3,14,3,-3,11,2,1,2,-2,4
-2,7,16,24,16,-6,-3,15,19,26,7,-2
3,21,-1,8,16,8,11,0,15,13,7,27
2,-2,12,3,15,1,20,23,-2,15,5,23
1,25,18,20,13,8,14,22,17,1,2,22
3,5,21,-3,23,21,16,1,-1,-2,9,0
23,27,10,6,5,8,17,16,4,24,-2,-1
23,31,0,30,7,3,19,8,-2,17,0,12
21,30,15,4,22,3,17,24,3,30,0,4
3,15,0,31,9,34,-1,6,15,24,-1,7
7,22,21,-1,13,26,11,21,16,16,7,34
23,31,1,19,-1,31,-3,19,6,19,19,3
5,-26,12,-5,9,-20,6,-32,12,-10,2,-29
5,-6,0,-8,4,-15,1,-3,2,-10,5,-4
-2,-30,13,-11,1,2,7,-31,11,-32,-2,-27
5,-29,8,-1,11,-27,4,1,7,2,-1,-16
4,-5,12,-3,23,3,5,4,1,-31,10,-32
-2,-23,2,-8,23,-29,1,-24,5,-6,-2,-30
-2,-9,0,0,14,3,6,-7,1,-14,1,-19
-2,-3,7,-10,20,-10,9,-21,-1,-2,1,-25
1,-27,5,1,15,-5,2,-26,24,6,0,-28
0,0,6,-18,10,-4,14,-7,-1,-12,1,-19
3,-21,2,-8,0,7,2,-18,-1,-10,4,8
4,-7,17,-22,19,6,19,-20,18,-9,-2,-8
-2,-4,1,-18,9,-24,-1,-9,18,-12,-2,6
1,-21,4,2,15,-3,-2,-23,0,-11,9,-1
2,11,-2,-7,-2,-14,24,-22,0,-15,-2,-17
4,-2,-1,-5,17,-2,8,-5,6,-8,9,8
-2,12,-1,2,-2,-8,-1,-6,7,4,22,-16
-1,12,14,12,23,1,1,0,14,17,7,14
4,-3,2,-5,-1,-2,6,-9,-1,-17,3,-15
-2,0,23,-6,11,-5,-1,7,14,-15,0,13
4,12,0,-10,21,-16,7,15,-2,10,6,13
-2,-5,-2,-4,2,-10,13,17,2,21,24,-2
-2,-3,7,9,16,14,21,-7,0,-14,19,18
5,3,24,-1,18,10,20,-4,17,0,8,-2
-2,1,-1,11,5,11,8,-5,6,13,-1,8
1,-8,-2,-6,21,-10,24,-9,1,-11,7,24
-2,24,12,15,23,-7,1,-8,-1,21,0,-2
-1,12,8,-1,16,27,10,20,1,14,2,-8
-2,19,-1,20,11,27,14,14,9,4,-1,28
0,8,16,-1,-2,-7,19,-1,1,5,0,18
3,7,-2,12,17,18,9,26,21,17,1,15
0,4,-1,25,19,29,-1,28,8,30,0,15
4,30,-2,15,10,25,16,32,-2,3,7,2
4,19,0,26,22,1,21,13,2,14,0,29
6,14,12,7,12,18,10,17,1,3,1,20
0,30,19,17,14,20,0,26,22,15,0,1
0,1,21,36,16,16,8,12,18,31,8,22
2,-21,-1,-27,-1,-25,11,-19,6,-28,24,-13
3,-30,1,-13,18,-1,12,-32,10,1,-1,-2
1,-1,0,-33,-1,-14,20,-17,3,-30,12,-34
0,1,2,-14,9,-1,9,-19,-1,-4,10,-10
5,3,22,-17,8,-6,-1,-27,6,4,-1,3
6,2,20,-22,14,-30,1,-21,4,-11,21,-19
7,-1,25,-9,25,4,7,0,24,-11,1,-17
0,4,-1,-15,5,-19,10,2,-1,-5,10,-14
5,-8,-1,-18,0,-8,9,-20,3,0,-1,-13
2,-22,0,-23,8,8,0,-15,7,2,3,-12
2,6,9,-3,20,3,-1,-19,11,-14,0,5
2,-16,4,5,25,3,15,0,0,8,15,-5
4,-22,13,-3,0,-15,2,1,23,-17,10,-12
7,5,-1,11,24,-12,4,-22,25,-18,12,13
0,-15,0,-4,-1,-6,-1,13,1,-21,2,9
1,-17,13,-21,0,-9,6,-7,2,0,3,-2
4,4,5,1,0,11,25,16,3,-2,0,6
-1,-1,11,-7,-1,-4,19,-16,18,-7,-1,5
1,-4,16,-6,0,12,4,3,5,5,-1,-15
-1,6,10,-12,11,-6,22,12,12,18,25,13
4,-5,3,6,-1,8,24,-11,20,16,5,-12
4,10,17,-14,-1,-2,9,21,20,-5,0,-7
7,13,16,-8,3,-8,14,1,-1,-1,0,-3
4,-9,16,17,1,-7,0,10,11,5,0,-11
7,-4,2,11,19,22,-1,11,10,22,7,1
-1,-10,3,-7,13,-9,4,-7,14,-6,3,-6
0,0,18,16,19,12,3,-5,18,19,0,-9
3,-8,0,2,0,1,23,-9,2,15,18,23
-1,6,1,18,16,9,16,24,-1,-6,9,10
-1,-1,24,13,17,3,16,17,-1,24,0,3
1,24,18,30,16,-6,-1,14,0,2,-1,17
1,24,0,7,10,31,-1,7,14,5,-1,29
3,30,12,6,-1,14,18,12,14,5,3,6
7,14,9,-3,25,29,25,15,9,30,0,21
4,24,9,1,10,3,1,12,14,23,9,23
0,23,24,25,19,14,3,34,0,24,3,10
-1,12,0,31,9,9,0,13,12,15,14,33
1,-6,1,-11,16,-29,8,-28,14,-15,2,-29
5,-34,11,-26,22,-21,19,-15,3,0,9,-19
4,-26,11,-5,5,2,17,-33,11,-34,9,-24
0,-14,13,-14,16,-3,22,-30,19,-22,11,1
1,-24,0,-12,2,-22,20,-8,8,-32,11,-13
2,4,3,-24,0,-14,15,4,18,-30,4,-11
3,-18,16,-7,19,-25,16,5,25,1,3,-30
5,1,19,-11,2,-27,24,-7,3,-9,22,-3
1,0,11,-6,0,0,22,4,22,-7,4,-11
4,-18,23,-9,21,-27,15,-25,19,-20,2,4
2,-24,2,9,4,10,11,-3,4,-23,2,-25
1,-24,9,-12,2,-17,0,-7,18,-14,0,-21
1,8,19,-13,25,-24,0,7,26,-6,6,-7
1,-9,1,-13,22,8,16,-8,2,-12,7,-2
3,8,4,-1,0,4,13,-7,17,6,9,-17
2,3,24,10,21,11,17,14,3,-14,8,0
2,5,0,15,23,13,0,-12,1,-8,26,-3
1,1,1,-13,14,11,1,-10,18,-11,14,-1
2,-15,19,-6,0,-9,17,16,1,-12,14,4
1,12,11,-3,25,-5,12,5,16,7,7,-16
1,7,2,-11,24,0,26,-6,22,13,15,3
8,7,15,4,15,-11,21,-4,0,20,0,-9
1,-11,4,-7,0,15,1,-12,8,-5,20,16
3,20,24,-1,23,-3,0,1,0,23,0,8
0,-3,2,22,0,-2,22,21,0,7,2,3
3,24,0,-9,24,-4,0,-1,0,-3,11,-2
9,6,3,-1,2,-7,0,-8,0,2,0,3
2,19,0,-2,0,5,0,6,1,1,0,-7
0,20,11,11,26,-8,7,3,18,27,7,20
1,15,1,6,20,19,0,22,0,7,0,20
1,10,7,24,0,13,17,14,1,3,0,4
0,20,1,24,4,2,0,-2,23,9,11,6
1,5,1,1,17,30,24,1,0,-1,0,10
1,12,17,17,0,33,18,10,0,8,20,12
0,3,0,11,15,7,23,0,1,20,0,7
1,-1,0,3,22,8,1,16,0,8,4,-1
1,2,2,24,0,6,7,31,4,22,0,11
