-14,-23,-15,-4,-2,-6,-26,-15,-22,-3,-13,-32
-19,-2,0,1,-26,-11,-1,-10,-9,-23,-16,-8
-11,-6,-21,-26,-20,-13,-15,-14,-9,1,-14,-1
-5,-17,-20,-28,-6,-23,-16,-25,-8,-23,-13,2
-2,-26,-4,-16,-9,-12,-8,1,-13,-26,-14,-2
-23,-29,-6,-26,-5,-20,-3,2,-4,-10,-5,-17
-25,-26,-14,-9,-17,-1,-24,3,-19,-15,-3,-5
-22,-29,-13,-8,-5,-26,-11,-27,-2,-15,-16,-29
-3,-4,-2,-19,0,-3,-13,-12,-15,-6,-3,-5
-1,6,-3,-1,-21,-25,-9,-22,-9,2,-4,-16
-24,-17,-15,-2,-6,-6,0,-11,-2,6,-14,-6
-22,-5,-17,11,-23,0,-7,6,-9,-2,-10,4
-4,1,-8,3,-19,9,-2,-9,-26,-11,-10,-4
-14,-14,-9,-20,-8,3,-1,-13,-19,1,-20,-15
-20,12,-22,-9,-13,0,-12,11,-23,-12,-2,-6
-1,13,-20,5,-9,10,-25,7,-3,9,-16,-9
-22,13,-2,-5,-2,-8,-20,16,-8,-15,0,12
-16,-19,-9,-19,-1,15,-5,7,-2,5,0,-6
-21,-12,-14,-7,-23,6,0,11,0,-4,-9,16
-21,0,-16,-5,-9,-3,-15,-12,-3,-16,-13,-1
-26,-5,-22,19,-12,1,-13,-16,-21,-16,-26,2
-22,-4,-23,13,-8,17,-19,-11,-1,17,-6,-6
-23,16,-9,11,-15,-9,-24,7,-7,-7,-4,-6
-13,3,-17,20,-1,22,-4,-13,-26,-2,-2,4
-22,1,-17,17,-25,14,-20,2,-8,-6,-11,7
-21,0,-5,-9,-1,-3,-20,1,-7,-5,-20,9
-24,25,-21,4,-12,-2,-8,-7,-8,-8,-10,-4
-5,3,-23,10,-19,27,-8,4,-12,20,-7,4
-6,5,-23,-2,-23,0,-6,4,-10,0,-8,5
-6,5,-22,-2,-16,28,-8,-7,-18,14,-22,-3
-6,5,-24,24,-11,1,-7,7,-12,3,-8,-4
-6,1,-4,-4,-12,2,-12,-1,-9,-3,-20,26
-7,10,-23,29,-26,1,-7,6,-12,-2,-9,-4
-7,10,-15,19,-13,-2,-6,8,-4,11,-8,0
-7,10,-20,30,-14,32,-7,1,-6,11,-17,1
-7,10,-22,6,-19,33,-8,1,-8,2,-23,23
-7,10,-3,29,-11,0,-16,7,-8,13,-21,9
-6,-2,-1,-1,-12,-13,-25,-36,-13,-31,-15,-14
-16,-3,-14,-6,-25,-14,-15,-20,-19,-26,-11,-23
-15,-1,-4,-4,-14,-14,-14,-16,-12,-14,-15,-33
-25,-28,-7,-31,-9,-5,-8,-8,-22,-25,0,-14
-19,-14,-12,-3,-9,-13,-21,-1,-10,-21,-10,-29
-21,-16,-1,0,-25,-16,-22,-15,-23,-24,-23,-5
-3,-11,-15,-28,-6,-22,-17,-23,-20,-20,1,5
-19,-8,-5,-9,1,-26,-22,-5,-10,0,-8,-2
1,-16,-17,7,0,-2,-20,-24,-13,-18,-8,-5
-21,-17,-10,1,-1,9,-23,-18,-20,-21,-17,-7
0,10,-14,-3,-19,6,-20,9,-2,-26,-18,-24
-2,-23,-3,6,-19,10,-17,-13,-22,-3,-15,-10
1,5,0,-18,-16,10,-23,7,-24,3,-1,-20
-6,-7,-13,10,-21,-19,-22,13,-25,-5,-22,-12
-21,-14,-16,-1,-17,-15,-9,-8,-22,1,-4,-17
-17,8,-16,-9,0,-19,-14,14,-5,-21,-13,3
-21,2,-9,4,-18,-20,-9,-7,-12,2,-6,5
-20,-16,-21,2,-17,0,-4,-16,-10,-4,0,-3
-13,-12,-23,-8,-17,-12,-15,-18,-13,7,-13,-18
-25,-2,-17,-16,-24,-12,-8,5,-3,9,1,3
0,10,0,-4,-16,19,-19,0,-10,18,-22,18
-17,-3,-22,15,1,-15,-10,7,-10,11,-3,15
-14,-6,-21,-8,-19,-3,-12,0,-23,7,0,-11
-23,-3,1,1,-5,-12,-8,-4,-13,-5,0,18
-16,23,-6,14,-9,6,-15,0,-1,11,-20,-10
-19,-9,-8,-2,-4,12,-8,4,-1,11,-10,21
-6,-1,-11,3,-22,-4,-11,0,-6,-7,-10,-6
-6,-1,-11,-8,-11,-8,-20,14,-6,1,-5,2
-6,-5,-19,1,-11,5,-5,5,-6,3,-12,-2
-7,7,-23,17,-11,4,-15,7,-6,5,-8,-5
-7,7,-17,11,-6,10,-6,6,-6,7,-18,21
-7,7,-15,-1,-18,13,-8,-4,-5,6,-9,-5
-7,0,-9,13,-8,13,0,17,-5,8,-22,9
-7,0,-19,28,-25,31,-11,8,-16,17,-20,26
-7,0,-18,15,-15,30,-6,9,-12,-1,-22,8
-7,0,-21,0,-14,32,-25,33,-19,29,-5,11
-7,0,-15,6,-15,19,-22,28,-21,12,-24,31
-6,-5,-13,-29,-11,-9,-3,-11,-24,-5,-4,-19
-8,-11,-17,-29,-10,-14,-12,-20,-18,-29,-13,0
-6,1,-16,-12,-21,-21,-19,-5,-2,-19,-4,-7
-3,-29,-17,-30,-6,-11,-8,3,-15,3,1,-27
-18,-3,-9,-11,-24,1,-19,-1,-19,-9,-2,-9
1,-19,-7,-24,1,-15,-8,-15,1,-22,-11,-23
-3,2,-9,1,2,-18,-20,-16,-23,-15,-2,-1
-18,-7,-23,-1,-2,-14,-6,-25,-15,1,-4,-19
-1,3,-12,-14,-18,-23,-19,-27,-17,-27,0,7
-17,8,-17,4,-1,-10,-14,-9,-23,5,1,-6
-21,-16,-15,-9,-4,9,-8,8,-18,-9,-10,4
-23,-16,-13,-21,-16,10,-2,-4,-12,11,-4,-9
-15,-19,-17,-2,-14,7,-7,-1,-1,-17,-14,1
-24,-6,-22,-4,-23,-21,-11,3,-22,-3,-3,2
-21,10,-12,-16,-23,-12,-7,-5,-18,-9,-12,-7
-24,2,-20,-12,-7,9,-4,1,-14,-14,-1,6
-19,-15,-5,-7,-4,-5,-10,-19,-16,-12,-18,-10
-12,-8,-16,-17,-16,14,-2,-7,-10,11,-2,-1
-20,-17,-11,-11,-8,11,-8,17,-15,-3,-18,-12
1,-12,-6,-9,-23,-16,-22,11,2,-10,-22,-14
-14,9,-13,4,0,-6,-20,16,-22,12,-9,0
-19,11,-3,-12,-20,15,-17,-1,-1,7,-21,6
-10,2,-15,-1,-16,0,-15,2,-17,2,2,17
-4,4,-11,11,-9,-11,1,6,-9,14,-19,6
-9,10,-20,7,-15,5,-10,6,-4,11,-23,15
-22,-4,-3,3,-16,21,-16,-2,-2,-5,-19,4
-20,7,-3,-3,-11,-4,1,-8,-4,5,-7,19
-10,3,-24,8,-3,21,-18,16,-24,-3,-13,22
-7,-6,-22,3,-12,-8,-7,-6,-10,2,-18,13
-7,-6,-19,20,-23,-1,-13,14,-23,11,-5,9
-7,-6,-19,29,-15,15,-14,13,-10,-3,-20,3
-8,3,-4,14,-20,24,-10,30,-15,-2,-5,7
-8,3,-20,-2,-17,28,-23,7,-11,14,-18,3
-8,3,-16,2,-8,5,-3,24,-8,4,-8,5
-8,3,-21,25,-10,0,-7,32,-14,25,-5,9
-8,-1,-22,7,-13,30,-22,11,-6,34,-1,33
-9,13,-23,3,-24,28,-9,0,-24,24,-17,36
-4,-6,-22,-31,-8,-32,-5,-9,-18,-17,-11,0
-4,-9,-3,-19,0,-31,-6,-22,-6,-31,-13,-7
-10,-2,-11,-21,-6,-18,-3,-18,-20,-20,-2,-15
-16,-4,-11,-13,-2,-9,-16,-2,-20,0,-23,-6
-9,-9,-14,-6,-18,-20,-2,0,-18,4,-16,-28
-14,3,-7,0,-17,-18,-2,-1,-8,-18,-12,-30
-13,-6,-21,4,-13,-10,2,-10,-15,-21,0,-14
-3,-1,-13,-4,-18,-26,-1,-4,-18,-9,-14,6
-15,-15,1,-18,-2,-23,-3,2,-6,-17,-5,0
-20,-4,-11,-2,-4,-21,-5,-8,-7,-5,-1,0
-17,-2,1,-2,-14,6,-1,-11,-20,9,-1,10
0,-6,-1,-5,-1,-5,-9,0,-9,11,3,-23
3,-20,-14,-13,-12,-9,2,-18,-16,-10,-12,2
-12,-12,-7,-9,-10,-3,3,-19,-20,1,-1,1
-22,-8,-14,-21,-14,0,2,0,-12,-11,-5,2
-2,-2,-11,8,3,-17,-22,4,-15,-6,0,11
-2,-20,-14,5,0,14,1,-11,1,16,-3,10
-13,-15,0,12,1,4,-15,12,-12,1,-2,-19
-23,-18,1,1,0,2,-11,-11,-13,14,-21,5
-22,-17,-7,-16,-15,-8,1,11,-23,-3,-12,-2
-18,12,-15,7,-16,-11,-10,-11,-20,11,-7,18
-12,-1,-1,15,1,7,-3,11,-3,14,-17,0
-4,10,-10,12,-13,-13,-19,21,3,19,-22,15
-14,-6,3,-5,-17,3,-7,8,-21,6,0,-10
-15,21,-2,-2,-19,-9,-12,-11,-8,-10,-2,-2
0,0,-17,-1,-5,23,0,17,-18,15,-11,3
-1,0,-22,3,0,18,-16,9,-19,21,-2,14
-20,13,-7,0,-15,22,-6,15,-13,4,-7,0
-23,28,-11,14,-16,4,-17,9,-23,24,-8,9
-8,1,-23,9,-16,20,-3,26,3,25,-20,29
-8,1,-12,30,-20,6,-13,30,-21,30,-4,4
-8,1,-19,24,-22,8,-18,20,-19,27,-18,2
-8,1,-5,28,-9,25,-20,-2,1,3,-6,6
-8,1,-17,14,-9,7,-21,33,-15,31,-3,10
-8,1,-23,7,-13,32,-8,34,-22,26,-6,30
-8,-1,-1,23,-4,9,-22,2,-14,5,-20,8
-9,13,-9,7,-4,3,-18,33,-9,4,-9,3
-10,-2,4,-19,-10,-31,-12,-35,3,-19,-12,-33
-15,-19,-5,-29,4,-21,-6,-26,2,-23,4,-30
-12,-13,-19,-24,-5,-26,-1,-24,0,-33,4,-25
-14,-11,-8,-18,1,-32,-18,-18,-1,-14,-17,-7
1,-3,-11,-14,-17,-32,-4,-4,3,-32,-17,-26
-6,-13,-22,-31,-21,-11,3,-4,4,-19,-14,-15
-7,-3,4,-21,-14,-17,-22,3,-3,1,-11,-8
-2,3,-3,-9,-15,-8,-5,6,2,-4,-13,-18
-7,-9,-6,8,-7,-16,-4,-6,-22,5,-16,2
0,-16,-16,0,0,1,-10,-2,-18,3,-21,-3
1,-3,-13,4,2,-5,-9,-3,1,-7,-21,6
-22,-11,-9,-25,-2,1,-4,7,-13,1,-5,-12
1,-6,-17,-3,-16,-24,3,2,-2,-7,2,0
-2,6,-18,-19,-2,8,2,-5,-15,-1,-11,-21
4,-1,1,-6,-7,1,-16,11,4,-1,-5,-6
-12,-20,1,9,-5,0,2,-18,-14,5,-15,10
-4,4,-2,-20,-9,-3,-1,-13,-12,9,-8,13
-6,3,-11,-4,-18,2,-9,13,-10,-18,-8,2
-13,-5,-6,5,-4,17,2,7,-8,16,-3,10
-14,-16,-14,-8,-10,19,-6,-2,-10,17,-4,-13
2,-7,-20,2,-6,7,-5,3,4,14,-9,10
-9,2,4,17,2,-8,-2,-9,-5,3,2,-15
1,20,3,-5,-16,14,-15,4,-22,-14,-22,1
2,11,-15,0,-4,-13,-12,11,-13,-13,-18,-5
0,-8,-3,5,-1,1,-9,-5,-16,-8,-1,-8
-2,-7,-7,14,2,-3,4,-8,-7,13,-4,-4
2,5,-19,-3,-20,-3,-11,-10,-15,-4,-20,1
-2,9,3,16,-8,16,3,8,-20,-7,-3,-3
1,9,-4,-3,-5,-4,-12,3,0,3,-14,20
-2,7,-3,18,-1,25,-16,-6,-6,7,-6,21
-8,5,0,-6,-3,6,-7,2,-8,-1,-7,0
-8,5,-9,6,-14,19,-13,8,-8,6,-19,-1
-8,5,-19,7,-4,-1,-19,25,-7,1,-9,-2
-8,5,-9,25,-7,2,-19,31,-14,-2,-3,0
-8,5,2,31,-3,11,-17,17,-12,2,-20,31
-8,5,-1,11,3,0,-11,2,-22,15,-4,-1
-8,5,-18,34,-3,11,-9,1,-5,1,-20,28
-14,-18,-1,-29,-5,-10,3,-29,-8,-2,-8,-16
0,-6,-12,-11,-21,-32,-18,-22,-21,-14,-13,-34
-12,-8,-21,-6,-12,-11,-6,-33,-13,-7,-8,-2
-1,3,-11,-33,-15,-9,-20,-12,4,-27,-19,-4
-10,-22,-10,-16,-16,-16,2,-13,-16,-4,5,-31
-7,-6,-13,-1,-21,0,3,-23,3,0,-12,5
-11,-7,-7,6,2,-14,-9,-8,-19,-19,-21,-9
-13,-11,-7,0,-21,3,-14,-4,5,-29,-20,-19
4,-19,-2,-1,-13,8,1,-6,-15,-23,2,-6
-12,-10,-8,-15,-9,-21,-17,-1,-8,-15,5,-3
-7,0,5,-5,4,-5,-16,0,-13,10,-10,-23
-3,11,-6,-3,-15,-17,1,-11,-2,8,-1,-23
0,1,-9,6,-4,-5,-19,-2,5,-20,-2,8
5,-1,-1,-1,-9,9,-15,-2,0,-12,-15,-20
4,10,2,-8,-10,-4,-9,8,-8,4,-12,-12
-12,-20,2,-18,-14,10,5,-3,-2,13,-15,-16
1,11,-4,16,-1,16,-2,16,5,-19,1,-5
-14,-8,-11,7,-10,10,-13,-4,-1,17,-13,14
-15,10,1,-14,-16,15,0,-16,3,-5,-3,-2
-14,-5,-2,-2,5,17,-19,15,5,8,-6,19
1,2,2,1,-1,-8,4,-11,2,-7,-21,1
-16,18,4,8,-7,12,-11,-6,4,-10,5,-9
-9,7,1,14,5,-9,-7,6,-12,19,-8,22
-19,-2,4,20,-21,10,-3,13,3,22,-18,17
-12,-9,-7,14,2,1,3,-7,-4,-12,-19,2
2,24,5,23,1,16,5,-1,-11,14,0,2
-3,6,-9,-7,-3,21,-2,19,2,14,-10,7
4,6,1,-2,-9,20,-17,1,2,-1,-18,24
1,28,2,26,-9,22,-1,-1,-6,14,-15,14
-3,3,-13,25,-13,3,5,17,5,9,2,10
-20,24,-1,15,-1,22,-2,15,3,11,1,20
-7,-1,-12,15,-1,8,0,7,-2,4,-7,8
-7,-1,-20,22,-3,9,-9,2,-19,5,-3,30
-7,-1,0,23,-9,19,-7,4,-13,8,-7,7
-7,-1,-17,20,-1,10,-8,17,0,10,-17,10
-8,2,2,34,-3,1,-4,-1,-1,3,-9,16
-8,2,-18,25,-2,9,-9,20,-6,8,-15,32
-12,-12,3,-29,-17,-13,-19,-6,-17,-18,1,-6
-14,-26,-12,-22,-16,-19,-17,-34,0,-10,-10,-9
-7,-1,-15,-11,-18,2,-18,-33,2,-15,6,-15
-14,-25,-13,-24,5,-8,-13,-13,-5,-12,-17,-16
-5,-15,-8,-16,2,-11,-17,3,1,-5,-20,-29
-11,2,1,-8,-11,-24,-14,-21,-19,-5,5,-26
-1,2,-2,5,-10,-9,-11,0,-1,-6,-14,-17
-5,-11,-14,-13,2,-24,-8,-27,2,-19,-11,-27
-3,8,6,-27,-19,-5,-19,-5,-9,1,1,5
-6,7,-16,-9,-13,8,-14,-23,-6,-27,4,-5
-1,5,-13,-5,-18,8,2,-3,-1,-1,-12,-4
1,6,-9,3,6,5,-19,-9,-4,11,-9,-15
-10,-7,-9,-13,-11,9,3,5,-7,-8,-7,-24
0,3,-1,-22,5,-16,-1,-8,-18,0,-6,-1
0,2,-12,-22,-15,9,4,-2,-5,-19,2,-17
-7,0,-18,-16,-2,3,-12,4,-17,-17,-18,-12
1,0,-6,0,1,-16,1,14,2,-11,3,-7
-12,9,-5,-5,5,-2,5,15,4,-13,-15,-6
-13,-13,-3,-13,-3,4,-7,-14,0,-9,-11,14
6,13,-12,12,5,19,-18,12,-5,19,-15,7
4,12,-4,2,-19,14,-4,7,-9,1,-17,16
-20,-2,-18,10,-12,12,4,-14,-3,11,-17,-8
-10,-8,-1,19,-19,-3,1,19,5,2,1,3
3,12,-5,5,-13,7,0,-13,-6,15,-16,5
-11,3,-15,8,0,12,5,19,3,6,-17,8
-3,-7,-13,1,-20,5,-9,-2,-19,-1,-8,-2
1,13,-6,6,-10,15,-8,11,-10,-1,0,-3
-19,11,-11,-9,-18,-3,6,-3,4,1,-6,10
-16,-1,-5,-6,-8,2,2,11,-13,27,3,-2
-15,0,-5,2,6,26,-9,9,4,-2,5,0
4,-3,2,20,-14,13,-15,12,-12,26,-10,29
-7,-1,-18,-2,-6,9,-6,3,-4,1,-17,21
-7,-3,3,-2,-6,5,-1,5,-6,2,-11,0
-17,33,-18,13,-3,-1,-6,0,-8,26,-7,0
-18,34,-19,5,-13,24,-5,21,-12,1,-1,7
-19,34,-15,18,-16,21,-6,12,-17,14,-2,32
-19,34,-8,4,-9,6,-5,4,1,18,-5,0
-8,-3,-12,-9,-13,-14,-6,-15,-10,-28,-8,-29
-2,-3,-17,-2,0,-14,-7,-2,-14,-31,-8,-2
-2,-5,-4,-8,7,-25,-1,-24,-16,-32,-15,-12
-6,-7,4,-32,-19,-33,0,0,-6,-25,-2,-5
-7,-3,-17,-6,-14,-10,-5,-16,-13,-12,-14,3
-9,-13,6,-14,-11,-3,0,-27,-14,-10,7,-19
-1,0,-5,-13,-7,-14,-19,-10,5,-19,5,-1
-9,-1,3,-23,-14,7,6,-28,-16,-10,-15,7
-5,-10,-9,-18,-2,0,5,-24,-15,-8,6,-8
-5,4,-5,-18,-10,-8,5,-16,2,5,-10,-7
7,-8,-9,-13,-4,10,-17,-16,4,-5,5,-6
4,-9,-1,-2,4,-18,-1,-7,1,-4,0,-3
5,7,6,-20,-17,-7,-9,9,-1,-16,-3,-10
3,11,-11,2,-17,9,5,1,-18,8,-15,-4
3,-14,-4,14,-15,9,-6,-16,1,-16,1,2
7,-5,-9,7,-17,4,-12,2,1,14,-4,-1
-8,-20,7,3,1,-4,-14,-12,-4,8,7,-13
3,-2,-12,-4,6,3,-10,-18,-6,-6,-5,6
-19,11,2,6,3,-9,4,-6,6,3,-8,3
-10,-7,-1,14,-8,8,-5,12,-6,-12,-18,6
-13,3,-13,-13,2,-10,1,-11,-3,18,-12,-9
-5,6,-14,-12,-1,8,-6,-6,-12,-8,-16,16
-17,-11,5,9,-10,-12,1,5,-7,14,1,14
-7,-8,-16,1,-15,20,-5,11,-2,3,-3,9
-18,12,-1,-8,-13,15,-2,8,1,-7,5,6
-11,23,-14,-2,-3,-6,-1,23,-9,0,-4,10
-5,26,3,-1,-19,-1,5,3,-2,-2,-13,-10
-7,10,0,10,-6,-2,-13,20,2,4,-11,-3
-2,15,-17,28,6,-2,-16,25,-8,28,4,25
4,-1,4,8,-7,11,-7,11,-1,-3,-2,29
-14,30,-5,8,7,1,-4,15,7,18,7,24
-18,22,-7,21,-16,13,6,18,-11,-5,5,27
-3,-3,2,18,1,-2,7,7,-6,21,-2,18
5,1,-14,30,-10,10,-8,-1,-19,5,-4,12
-15,34,-14,22,-10,-1,2,34,-13,27,-19,21
-18,32,-19,24,-16,35,-8,25,-19,22,-16,15
-18,32,-9,19,-9,3,-4,5,-3,0,-7,3
-6,-8,8,-20,-3,-6,-17,-35,0,-9,-2,-26
-11,-5,-3,-20,3,-19,2,-25,-10,-29,5,-6
2,0,4,-16,8,-7,-3,-3,-9,-23,-12,-9
-8,-11,-18,-18,-2,-6,-5,-23,1,-31,1,-14
-7,4,6,-29,3,-31,8,-6,3,-18,4,-7
-7,-1,-11,-6,-15,-3,-15,-13,-15,-31,0,-14
-2,4,5,-19,-14,-15,7,-19,-2,-21,0,-24
-11,-2,-17,-23,-4,-23,-11,-22,-6,-17,-7,-18
-9,-10,-8,-17,7,-25,-11,-1,-10,-14,-5,-21
6,2,6,-23,1,-5,-3,5,1,-22,8,-10
8,-3,-1,-15,2,-8,-16,-2,-11,5,5,9
-12,-14,-5,-5,-7,-15,3,-17,6,-10,-9,4
3,0,-3,5,-10,-1,-14,4,-3,-12,-12,-23
3,-1,-2,-4,2,-9,-12,-16,2,-16,0,-15
2,-2,0,-19,6,-5,-2,-12,-13,-9,-18,6
-16,0,6,-14,-4,-21,-10,8,-7,13,4,-12
-15,14,6,-3,-1,5,-11,-11,-2,-19,1,-16
-15,7,-8,5,4,-17,-1,-8,6,-16,6,-4
-15,-17,3,18,-6,3,-5,7,5,-3,-10,-16
5,-16,8,-17,-11,-8,6,19,3,-14,1,9
-8,-8,-10,11,-16,14,-11,1,-5,12,-18,17
-16,3,8,-5,-11,-14,5,19,-9,-1,-6,-3
-12,11,-2,-2,6,19,3,-10,1,14,-3,8
-1,-8,5,20,-5,-10,5,-5,7,12,4,21
-13,-4,-2,-8,0,-4,-17,-8,7,14,8,13
5,-2,8,16,-10,5,-9,23,2,-9,0,4
2,9,-6,-3,8,3,-13,4,1,16,-18,24
-11,11,-16,23,4,23,6,13,-18,20,-14,7
5,22,-17,16,-10,-3,-9,9,3,20,-3,26
-7,28,7,-6,1,24,-13,17,8,16,4,28
5,30,-11,4,-16,-1,-4,8,-3,4,4,25
5,8,-15,-3,6,20,-8,24,3,26,-8,29
-2,16,-17,6,-9,6,-2,8,5,13,4,10
5,18,5,-3,8,12,-1,1,-4,17,-6,5
1,5,1,19,-1,25,2,19,-6,1,8,9
-18,33,7,26,-14,12,-2,-1,-3,3,1,7
-1,7,-15,8,-2,7,-12,2,-9,2,-3,8
-5,-18,-1,-21,5,-10,-13,-20,-16,-11,-3,-18
0,-2,-4,-31,-13,-26,-9,0,-7,-9,-10,-19
-10,-17,-10,-2,-4,1,9,-22,-5,-7,-15,-14
9,-14,2,1,-5,0,-11,2,-12,-3,-5,-1
3,-7,0,-3,9,-8,-1,-7,-5,0,-16,-4
3,2,8,-13,-1,3,-3,-10,-7,5,-16,-15
3,5,-4,-12,-10,-26,-7,-26,-4,1,1,-1
8,-10,-16,-21,1,7,8,-17,-11,-7,8,-2
-5,7,-11,8,-3,4,4,-12,-8,-4,-5,-22
4,3,-3,-23,-17,-14,-16,-5,-5,-4,-16,-9
-1,2,-9,-12,4,-9,-6,6,0,-2,8,-15
-5,6,4,0,-3,-3,-1,6,-12,-18,-5,-24
1,10,-15,-12,-15,-3,6,1,-17,12,-3,-17
-11,-16,1,-9,-16,5,-3,7,-14,-16,9,-23
4,-1,-3,12,-15,-21,-4,-9,-4,-18,2,-17
-11,14,-2,-9,-13,-15,-5,5,-12,11,-7,-11
-9,-14,-9,6,-4,11,4,-20,8,10,-12,0
7,3,7,-3,-5,-8,4,16,4,2,4,-18
9,10,4,0,5,12,-10,-3,-3,8,5,-15
-11,3,-12,11,0,17,4,7,-9,5,-16,4
-13,8,-1,14,3,-11,-4,6,9,20,-9,10
5,9,-1,5,1,0,-13,4,-13,1,-5,11
9,-9,5,7,-15,-6,-13,-8,0,20,-7,-6
5,1,8,8,-3,21,3,16,1,21,5,-13
-7,23,-14,14,9,-2,-5,-4,-14,9,-6,18
3,11,-1,23,-4,7,-8,17,-7,-1,-7,10
-2,23,9,-7,-3,18,9,3,-12,4,-12,-9
-8,18,-13,-6,-9,-7,4,5,-16,-4,-9,3
-11,24,-9,2,-17,-7,-8,14,1,13,-15,-8
5,6,-15,0,-5,17,1,14,-4,-7,-10,-4
-8,10,6,2,3,23,-11,-3,-9,18,-15,-4
2,20,-10,2,6,30,-6,31,-1,21,-10,14
-15,9,2,12,-2,22,-1,20,-11,30,-5,6
8,0,8,4,-16,5,2,-2,-8,29,0,11
3,8,-2,22,4,31,-5,11,-14,3,0,5
-17,34,4,0,-3,2,-14,13,-2,6,-3,1
-16,36,8,13,-2,8,-8,12,-17,9,-1,18
-5,-17,-14,-32,-1,-20,-6,-11,1,-6,-11,-36
-6,-3,-4,-3,-6,-26,-9,-27,-5,0,-10,1
-1,-4,-16,-32,-1,-21,5,-13,-6,-22,-9,1
-5,-16,2,-15,6,1,-15,-14,8,-25,-6,-26
-9,-7,9,-2,6,-7,-11,-21,-15,-24,8,-18
5,5,-14,-18,-1,-12,-14,-5,-6,-25,9,-23
-5,-14,-9,-14,-7,-15,-8,-8,-16,-5,6,-18
-8,1,0,-3,-3,-27,-9,-18,-16,-1,8,-8
-8,-7,4,-24,-13,-27,-15,-15,-16,-23,-12,-23
-5,1,6,-8,-10,-25,3,-8,0,8,-7,-9
10,-9,10,5,5,10,7,-22,6,-21,6,-9
-4,2,4,-24,7,-25,-5,-2,-1,8,10,-7
-2,4,-8,-3,-6,-2,-6,-1,9,-6,9,-20
-5,4,-4,-13,-16,-13,10,2,-3,-13,-11,10
10,-2,-5,8,5,12,-12,0,-9,11,4,4
-3,1,1,-13,-16,-7,3,-16,-9,-16,-14,-15
10,-6,-1,-14,-12,8,5,-3,-1,3,-9,6
-10,-14,-2,-1,-10,-4,1,-7,9,8,7,-14
3,4,-6,-3,6,-15,7,3,1,-8,-6,18
9,-6,7,1,-15,14,-15,14,2,1,9,-16
5,-1,-9,-8,-9,-10,-10,-1,9,7,9,13
7,-8,-11,-5,4,7,-7,17,-5,6,-4,-8
7,13,9,6,-7,-5,-8,6,9,-11,-6,16
-14,-5,10,13,9,20,3,10,8,3,-11,-9
-8,-4,-16,21,3,6,0,17,5,-12,1,5
-2,9,3,-6,-14,4,7,13,-1,7,-9,1
-7,13,-10,23,-12,-5,-8,-8,0,7,4,12
10,0,3,3,-15,13,0,18,7,19,-8,16
10,-6,-12,15,-1,7,-16,-3,-15,3,5,26
9,10,-14,-1,-5,6,5,15,-11,-5,1,18
7,4,-14,-4,-5,-5,-9,4,1,22,-3,27
3,15,-8,15,-16,15,-1,8,-9,4,10,-2
6,1,0,12,0,-3,3,14,0,-2,-13,-1
-15,23,0,-1,10,13,-15,21,10,12,3,20
5,11,9,22,4,17,3,18,-4,2,-13,21
-15,30,-16,0,4,10,-12,11,1,32,-16,28
4,9,-6,1,-16,11,2,14,-4,13,-3,28
-6,-6,-14,-14,-11,-34,11,-13,-12,-23,4,-16
-2,-6,5,-4,-12,-24,6,-20,-13,-13,-1,-19
-3,-2,6,1,-4,-18,10,-18,-4,-19,3,-14
-1,-3,2,-16,-6,-8,3,-8,-15,-3,-12,2
-2,-1,-15,-2,-15,-26,-5,-1,-5,-15,-3,-14
-1,-2,-8,-3,-8,-21,-7,-20,9,-2,-2,-14
-3,-4,6,-24,-11,2,0,-19,6,-1,8,-26
1,3,-2,-28,-14,-26,0,-23,-1,-2,3,-15
-5,-9,3,-4,10,1,1,-17,-14,2,2,3
-2,3,-10,-22,-15,-2,-12,5,-14,-21,-13,5
-6,-4,2,-5,-10,-19,11,-6,-4,-3,-10,-4
-2,2,-5,-20,11,-3,-2,-5,-11,9,10,7
-4,2,3,4,-9,-10,-12,-1,9,-20,-13,-17
2,-13,-6,0,-2,-7,1,-22,-12,-6,4,4
-3,11,-2,-8,7,14,6,-4,-11,-16,6,-14
2,14,-2,6,-6,-7,-11,-13,-11,-3,9,-19
-3,5,-12,1,4,16,0,5,-4,-19,-2,-8
-5,15,-5,16,9,-5,1,-16,-6,8,5,2
-3,-3,4,-12,-4,9,-3,-7,-4,13,3,-13
3,12,0,-1,9,-8,-4,13,2,3,9,9
7,14,0,1,5,18,-7,3,5,15,8,-7
-3,9,9,17,7,-11,-8,9,8,16,9,-3
-7,1,8,-1,-7,7,10,-14,5,-6,9,-1
-12,-13,6,16,-10,13,-3,-10,8,-7,6,16
5,19,6,19,10,-8,2,2,6,-2,9,-6
5,19,7,-8,1,-11,11,8,-6,-6,-7,16
-7,6,-1,-2,0,14,-15,-4,8,-5,-7,-6
-8,15,-5,22,1,21,-4,-5,5,18,-1,-4
6,27,-8,21,-12,22,-5,12,-1,5,-2,7
1,18,-2,-5,-4,4,-15,11,-6,14,10,10
2,13,-9,19,-11,2,10,7,-8,20,1,29
8,3,-6,-3,-3,20,-14,15,-15,5,-7,26
1,22,5,13,-4,15,2,29,8,21,-10,1
-11,31,2,1,-11,16,-2,5,2,19,4,18
-13,28,8,23,-4,21,7,0,1,18,-12,23
-12,34,1,31,3,5,10,2,10,6,-8,21
8,3,-10,36,-2,11,-13,20,8,16,-5,11
4,-3,5,-12,12,-35,9,-23,7,-35,-3,-7
-3,-3,7,-27,5,-1,12,-4,2,-7,-7,-35
-4,-5,10,-5,4,-16,9,1,4,-27,-12,-10
-3,-15,2,-4,9,-8,-6,-19,11,-2,-10,-31
1,-3,0,-11,5,-3,-2,-13,-2,-26,-7,0
-5,-11,10,-6,-4,5,4,-2,-5,-3,3,2
2,-9,8,-16,-4,-3,-14,1,-11,0,9,-30
-4,1,0,-24,-13,-22,-12,-26,4,7,-1,-11
2,3,-7,-2,-11,-2,7,-8,-6,-24,-9,-25
1,4,1,-7,1,-13,-1,-24,-11,-18,2,-23
3,5,2,1,-11,-11,12,-21,0,5,2,-21
3,9,-14,-7,5,0,-14,-14,-1,11,-6,-10
-3,5,12,0,9,-19,-13,-9,-3,-8,0,4
-5,-2,-8,-1,3,13,-14,0,-1,-14,-8,-11
-2,-8,2,-12,11,-9,6,-2,12,12,-14,-13
-6,-2,-14,15,-5,-18,2,1,-5,13,12,-7
-8,10,8,-15,-14,7,-11,-3,4,11,-9,-12
-11,-13,3,12,9,-11,-5,5,10,-10,8,2
11,9,-5,0,12,10,8,-15,5,-3,9,-7
-4,9,1,-16,-10,19,3,9,-3,8,6,-13
-4,20,-2,20,-7,-8,-2,11,-13,-7,-2,18
2,-5,3,-5,9,15,2,4,-7,6,7,-6
-13,-8,8,3,-10,-13,11,21,-6,16,-1,9
-7,2,8,-11,-2,6,6,-9,10,-11,-3,19
6,11,5,-10,-11,2,12,-4,-8,-10,-3,7
3,0,-4,21,-4,3,-5,-7,12,7,-1,2
2,9,1,25,7,-2,6,-1,11,14,-6,-2
-2,7,-12,6,11,9,-3,18,-8,24,-2,19
2,9,3,7,-1,24,-10,5,-13,26,-8,25
7,19,7,13,-6,-4,3,9,-4,-7,5,-5
11,8,7,26,8,27,3,22,3,30,-13,16
-5,31,-5,11,-6,6,1,7,-12,9,-2,16
2,8,10,18,12,25,8,28,-12,23,0,30
-3,-1,11,-3,9,30,11,12,1,-2,8,13
2,9,4,7,3,1,3,4,3,19,1,23
7,6,12,10,-2,8,8,35,12,9,3,18
-3,25,-8,11,8,10,9,22,-3,3,0,4
2,-4,-1,-5,-11,-5,6,-11,-11,-12,6,-12
3,-5,8,-35,0,1,9,-25,-11,-17,0,-10
5,-8,-8,-33,-3,-6,-11,-21,9,-5,10,-13
1,2,5,-27,8,-31,8,-28,9,-20,-13,-23
-7,-6,7,-14,-11,-4,6,-18,7,-29,11,1
11,-20,-6,-1,6,-31,-1,-30,-5,-19,-2,-7
1,-6,-10,-1,-8,-16,-12,-28,10,-19,-10,-2
12,2,6,-11,4,-23,1,7,8,-23,-13,-16
-4,-9,8,-1,10,-10,-7,-23,-3,-6,10,-18
0,8,-3,7,6,3,12,2,9,6,13,-4
-5,-3,-5,-15,-8,-13,0,5,-12,-12,-2,-1
-2,6,-7,-23,-7,-13,-5,-19,0,-2,1,11
6,9,7,-18,-5,-12,-13,0,5,0,8,-13
6,-4,4,7,7,-14,-6,3,4,-8,-10,-4
2,14,5,-12,10,-7,-4,7,-6,-22,-7,-20
4,9,11,9,-5,-21,-2,8,12,-19,-2,-8
5,7,5,5,1,10,-1,-16,9,-3,11,14
9,7,-6,16,9,-18,13,2,5,-5,11,-14
2,8,5,18,-2,10,-9,0,3,12,7,-12
12,-7,10,-8,-8,4,-2,16,-10,19,12,-8
11,-2,8,3,3,-5,8,-10,2,3,-9,4
-6,-14,-1,4,11,-10,13,1,4,-1,5,16
9,15,-3,22,13,-8,13,-13,7,-13,8,6
11,3,-7,-1,-11,22,1,6,-12,4,-9,2
-3,4,4,14,-13,5,1,14,9,20,-4,11
12,5,0,2,-7,7,4,18,-5,6,7,24
12,8,-13,-7,-4,8,13,-1,1,4,6,24
1,23,5,20,-11,9,10,-7,-9,5,5,26
7,19,3,13,3,16,-3,18,11,10,-11,17
1,15,-13,12,13,28,8,21,-3,23,-9,-1
13,7,-5,25,-7,28,6,-4,9,10,-9,-5
12,23,-8,-1,-13,30,-10,17,-3,0,4,6
10,11,11,22,-7,-3,9,5,1,15,6,10
10,9,0,32,13,8,10,6,7,25,2,-1
13,1,-9,29,5,28,11,33,-12,19,-11,13
9,34,-10,35,-11,13,-7,17,6,17,-12,7
-2,22,1,27,12,20,6,27,-13,35,-5,23
-1,-24,8,-27,7,-34,13,-4,-11,-36,12,-33
14,-27,-1,-9,3,-25,-10,-5,-2,-12,9,1
14,-8,11,-2,4,-21,11,-34,11,-8,-12,-12
13,-10,10,-21,4,-30,6,-24,10,-2,12,-14
5,-23,12,-26,7,-27,-8,-28,0,-11,-12,-18
-8,-6,1,0,8,-24,-9,-6,12,3,3,-7
1,-15,8,-16,-4,-12,0,-13,1,-6,3,-29
4,-14,9,-25,10,-22,8,-11,-10,1,12,-19
-12,-1,2,-16,-9,-7,7,-4,-2,-4,2,-4
-1,-18,12,-25,9,-13,-1,-17,1,-13,-5,-26
-11,-4,1,7,7,-9,-8,-5,-11,-19,11,-6
14,2,-7,-18,6,-18,11,-7,-1,8,4,-14
13,-22,-7,8,3,-23,-12,-20,-10,-16,3,11
12,3,-3,9,-7,-6,13,-15,4,-11,-1,-23
-3,2,7,1,8,-19,-12,-20,12,6,9,0
14,11,9,-4,5,-12,-12,5,5,-8,-6,8
6,-13,-1,-8,5,3,3,10,-6,-12,10,-19
14,14,14,-4,5,10,-7,-3,9,-3,8,-16
-3,7,-1,13,13,-13,10,15,13,15,-6,16
1,6,8,-14,3,-6,12,-7,-9,11,-4,-10
-5,-10,3,14,1,9,11,-9,0,-16,12,-7
-12,-9,11,-3,11,11,4,-13,14,-2,10,-8
4,13,3,-3,0,17,-7,-12,13,22,4,22
4,23,-1,21,7,1,-2,-10,13,-1,12,15
0,11,-4,-6,-12,-10,-3,19,-3,4,3,-3
0,25,-5,-6,13,13,14,21,-7,4,11,3
-6,0,2,-10,7,23,-8,20,12,11,13,3
4,20,-8,19,-11,-5,0,7,-10,22,1,20
-1,15,-4,28,-8,-1,-4,-4,-8,20,3,5
-3,22,3,27,1,27,2,27,11,13,-7,23
9,28,-10,25,-5,11,5,21,-3,29,6,-5
6,20,-2,17,-8,29,-11,2,-2,30,13,29
-5,17,10,23,-2,-4,-6,-4,-12,0,-5,25
9,24,-6,15,-11,30,-5,32,-12,-1,4,23
7,27,1,17,14,24,-6,21,-12,13,-11,12
9,32,14,29,8,32,14,21,10,34,12,30
9,28,-11,0,12,34,-6,26,-10,1,-4,36
-10,-21,14,-2,2,-26,-11,-8,-10,-16,9,-3
-3,-30,2,-27,4,-15,-3,-19,-6,0,-8,-34
13,1,-11,-3,7,-29,8,0,-5,-10,-8,-5
7,-18,6,-15,12,-30,3,-21,-4,-31,4,-28
-2,-21,3,3,7,-23,-10,-24,-9,-28,13,-25
-3,-20,15,-27,2,-18,7,-1,15,-3,-3,-21
-6,-1,13,6,7,-19,-8,-18,6,-27,12,-28
5,-13,-5,-22,2,-15,-2,-20,-1,4,-9,1
-6,-1,-9,-11,6,-15,7,-17,-5,-16,-10,-22
4,-2,-3,6,-10,2,13,-8,12,-25,3,-10
12,7,-5,-22,1,-24,6,-18,-3,-8,12,-25
-9,-13,3,-15,7,-15,-9,2,4,5,-10,-18
11,-15,9,2,2,-19,-9,-1,11,-4,-8,-12
6,-8,5,12,5,-21,9,-21,12,4,7,-12
-10,-1,-11,-17,6,-10,-7,-5,2,8,-8,-17
-6,-19,-7,-7,2,-12,8,-14,-8,8,10,14
-7,3,7,6,-10,7,-6,-13,1,-2,-2,10
-4,-15,11,3,2,-4,2,-8,-7,17,-2,-14
-11,10,8,14,8,-11,-6,-6,15,-15,-5,8
1,-5,7,-2,6,-6,-4,-14,-5,-1,5,4
6,-3,-1,5,1,4,-6,-7,0,12,-9,-6
-8,-1,-1,18,2,-11,-6,-5,11,10,5,2
7,4,15,-8,14,-5,11,17,0,-1,5,2
-1,14,14,16,4,18,7,3,6,-6,-1,20
-4,7,14,-7,-1,-6,4,-2,-1,16,15,-4
8,12,-1,5,-4,8,-6,6,6,14,11,8
-4,16,0,7,13,9,12,10,12,0,2,9
0,11,-2,-4,7,-8,-11,0,8,-9,-9,18
8,20,13,13,5,13,13,15,10,0,0,-4
8,20,-5,-7,14,8,10,22,10,23,-10,12
14,24,3,22,-11,12,13,-4,8,8,1,5
-4,18,12,14,-9,-5,3,27,-4,8,-6,13
8,32,-6,-4,-2,7,-5,18,13,-4,15,24
14,17,-10,22,-9,10,-9,-3,-7,16,12,9
7,30,0,17,3,3,5,26,10,18,-11,22
13,29,-1,6,-1,3,-6,20,-5,10,7,9
-4,28,13,27,5,9,-11,17,8,17,14,25
2,-19,-6,-19,16,-13,-10,-6,-4,-9,13,-5
7,-7,9,1,16,-3,-3,-6,-10,-16,-10,-27
0,-14,-7,-21,-1,-3,0,-29,-7,-9,-2,-15
6,0,1,-12,-3,-30,0,-31,16,-7,-3,-13
2,-2,-3,-9,-3,-19,-10,-29,4,-20,5,-9
3,-3,9,-22,4,-13,10,3,1,-25,-6,-17
7,-12,2,-18,1,-13,-8,-16,-8,-4,11,-14
4,-2,-3,-5,13,-8,12,-9,-1,0,-3,-23
-2,-8,5,-28,-4,3,1,3,-4,-9,-6,-21
3,7,-5,-21,0,-3,14,-1,4,-10,7,-9
4,7,-6,1,-3,-1,4,-4,5,-20,-8,-9
1,-4,-10,-19,-4,-5,-7,6,-4,-2,-3,-12
0,7,-7,-1,11,-3,-9,-6,15,-10,-4,11
7,-1,-9,-21,0,-13,4,5,-5,-18,-6,9
15,-9,2,12,-3,7,14,9,12,-19,-1,-1
8,1,9,-7,0,-6,-6,-12,6,12,2,14
12,-5,-2,8,2,-3,-10,7,-4,-6,-7,2
8,2,9,3,5,-2,-4,-6,-7,12,-6,-19
-4,15,-10,8,14,2,-8,0,2,-11,6,12
11,-14,9,-17,1,-17,2,15,15,17,11,-15
7,0,0,7,-6,11,4,-7,5,15,-6,15
-2,10,-6,10,-3,9,-1,-4,13,8,-9,-4
5,20,-3,20,16,17,-7,-7,2,0,-10,-13
8,6,1,12,14,5,12,4,3,-2,15,2
-1,16,-4,-4,-2,8,12,16,-6,13,4,19
10,-11,-1,17,12,0,-2,13,-5,7,-5,-1
15,-3,10,19,9,-6,3,23,-10,-7,-1,-1
3,15,3,14,4,22,13,8,6,12,-7,-9
8,9,1,-6,1,16,-2,25,-5,3,12,14
12,20,8,12,6,-3,-6,13,1,2,13,12
7,20,-1,25,13,13,9,22,6,-3,0,-4
9,30,-8,17,2,21,-2,5,9,17,10,31
15,-3,4,28,10,28,-5,26,-4,-4,7,20
7,18,3,33,9,24,-3,-3,-9,13,8,23
3,34,15,30,6,4,1,20,-2,5,5,16
3,24,-7,19,12,15,-1,34,4,14,-8,15
4,17,-10,20,12,12,8,8,11,5,9,1
-2,-4,-9,-12,12,-8,-6,-9,7,-21,1,-22
8,-8,10,-25,9,-31,7,-29,0,-16,-5,-8
13,-6,-9,-24,7,2,-3,-3,5,-10,2,-29
-2,-2,-8,-24,3,-19,0,-31,16,-20,1,-17
-3,-26,7,-25,16,-5,2,-20,-6,-6,1,-13
15,-12,3,-23,17,-10,9,-30,7,-13,2,-4
8,-10,14,-25,-4,-11,6,-13,14,-18,0,-2
2,5,16,-14,6,3,11,-21,11,-13,-9,-24
8,-4,-3,2,15,-12,10,2,13,-24,13,-26
-3,4,16,-1,6,-18,17,-13,-4,2,10,9
13,-10,-1,-14,3,-3,4,4,4,-23,5,-11
5,-6,16,11,0,1,7,8,-7,-20,-1,-4
-1,-7,8,0,11,-20,-8,-10,-1,-19,-9,-4
13,-20,13,6,8,-13,14,-7,2,-15,-6,-5
6,13,-9,-10,15,-18,-6,-11,-6,-21,5,-16
17,-20,11,-6,2,13,-4,7,3,-19,-9,15
15,-7,2,-20,-6,15,15,10,-8,-1,-6,-6
15,-18,-7,-5,2,-5,-9,0,-7,-2,7,-16
15,-8,3,-1,9,1,14,-7,5,-17,16,-18
6,6,5,5,-4,10,7,1,17,-11,4,4
1,-1,14,20,-3,14,-6,3,-4,9,-8,-4
15,18,8,17,-2,1,8,15,7,9,-5,6
15,7,9,20,14,-4,1,14,-6,-3,7,-7
-8,-12,-6,-9,8,19,-1,4,0,-6,-1,4
16,-4,-7,16,10,7,-8,20,10,20,-2,6
12,-6,11,25,-2,17,-5,18,-5,-3,4,19
15,-8,-6,22,-7,6,9,26,-1,-8,15,17
14,13,-5,11,15,20,-8,26,1,-1,4,1
-9,12,13,2,-4,3,-5,-8,-1,12,-7,-7
12,10,9,13,0,20,11,29,-5,17,6,24
-8,13,6,-2,11,24,8,12,7,23,7,21
17,19,11,22,15,-5,11,19,0,5,4,29
-4,5,15,-3,15,9,13,1,-7,6,7,-2
-2,10,5,20,-4,6,6,23,2,2,15,20
-9,16,0,12,6,32,17,5,12,13,7,21
-1,26,8,11,9,32,7,19,8,4,-3,23
-5,6,2,13,9,29,-8,27,-8,2,-5,3
2,-27,-4,-36,0,-14,-6,-19,-4,-35,-3,-13
9,-10,12,-24,8,-25,3,-20,-7,-2,7,-5
8,1,1,-30,9,-27,-8,-12,-8,-8,-8,1
16,-21,-7,-29,-2,-8,3,-5,3,-31,10,-10
9,-15,-2,-9,-2,-3,16,-11,8,-13,6,-24
14,2,0,-24,2,-8,1,-8,8,-26,6,-31
18,1,18,-2,-2,6,16,4,0,-1,-6,1
16,-9,11,-21,-6,-6,5,-1,1,2,16,-28
8,-5,17,0,-3,6,-4,-27,15,-15,-4,-5
16,0,-8,-19,-2,6,3,-16,-1,2,-7,6
16,-26,-8,-3,-4,-2,-2,-2,-7,-23,10,-14
15,-11,-4,5,14,-19,1,-20,1,-12,-8,6
0,-17,5,-15,3,2,-5,-20,-2,-17,4,-22
-8,-19,8,5,15,-1,-4,-18,10,-23,8,9
2,-9,-4,14,18,-14,12,13,-3,12,-8,-20
0,-11,8,-13,3,-12,-6,-13,-6,8,-7,-16
-6,-20,10,-13,6,3,6,-18,10,13,8,-1
14,-19,12,6,9,16,18,11,13,7,1,0
7,-2,-5,-13,16,-7,-3,9,6,-11,18,15
0,-13,-7,19,3,15,10,0,-3,14,7,-10
17,8,11,-5,11,19,-3,4,3,11,-8,-9
-1,-15,11,-12,-5,-8,7,-1,16,15,-4,10
1,-10,-8,0,4,13,9,18,13,10,17,0
-5,-9,-3,4,5,-13,10,18,4,17,2,5
2,-7,-7,-1,-3,11,4,-3,3,-8,1,10
-8,20,-3,11,-2,-8,2,10,10,4,-5,-9
-7,8,-6,11,9,-10,-6,9,-6,2,0,-5
-8,12,4,6,13,9,-7,-3,-4,4,1,15
2,-6,9,19,-7,13,-8,2,12,25,-4,9
1,1,-2,14,13,-7,3,1,-5,-1,9,-4
14,-4,7,2,16,-5,12,19,13,30,-1,27
-8,17,-7,11,-6,-1,-6,30,-8,-4,0,29
-4,25,5,26,2,26,18,-2,17,-3,-7,-2
-6,13,3,5,14,28,1,33,-2,23,0,0
-4,29,-4,6,10,25,17,12,3,17,8,-1
13,1,4,8,10,27,10,5,3,23,-8,29
-6,32,-7,33,-5,19,-3,0,11,29,14,4
3,-26,-6,-1,-7,-29,6,-7,15,-12,11,-17
0,-27,-1,-1,-6,-23,2,-20,19,-33,5,-10
8,-10,2,-31,3,-27,-5,-32,13,-12,-3,-10
-7,-32,0,-13,-6,-24,3,-16,-3,-31,-3,-4
12,-11,1,2,0,-21,2,-12,-3,-21,4,4
15,-9,-2,-1,14,-19,18,-22,1,4,4,-15
-7,-27,-6,-29,7,-18,15,4,-3,-1,9,-15
-6,-24,11,1,2,-9,8,-2,9,-16,-5,-16
4,-13,0,8,-6,-9,5,6,12,-5,-6,-11
12,-9,5,1,-4,-18,0,-15,-5,6,1,-9
-2,4,16,-4,7,-11,2,-19,19,3,7,-15
1,-16,-3,-10,2,11,9,-8,-4,-22,6,-24
1,-21,1,-20,2,-12,1,3,15,-1,3,-15
14,-5,-6,9,8,10,1,-18,3,-7,5,-7
10,-10,7,-3,7,-2,-1,-16,17,-2,-1,-8
1,-21,-5,-20,8,-3,15,-13,19,-2,6,-10
15,3,7,-17,6,1,9,-12,8,5,-5,1
11,-10,17,-14,-3,4,2,2,-5,-16,14,-7
-4,-11,6,-15,8,-15,5,-18,5,-7,-4,-10
-1,0,4,-14,-3,1,3,13,8,-1,-3,17
12,-15,-4,-13,9,-1,-4,-11,5,19,2,-8
-6,1,7,-9,0,15,7,16,16,-12,2,19
-6,-1,-3,10,14,12,11,-2,19,6,7,-13
-3,-4,9,-7,1,-9,13,19,-5,-7,-6,12
-2,22,-7,1,4,-8,15,12,13,18,-1,11
-3,1,8,16,-2,-10,1,-11,12,24,4,3
18,25,18,6,18,4,2,-4,-3,-10,19,16
4,-2,-7,12,16,-7,16,17,7,26,12,-2
-1,-8,-6,6,-2,27,18,20,12,0,11,22
13,-4,5,17,5,8,-5,9,1,9,-3,19
-6,19,4,3,15,7,7,-6,16,26,12,-6
19,30,19,13,-4,15,16,26,-4,11,13,18
-3,12,12,25,16,23,18,29,9,27,2,11
13,12,-1,10,7,21,1,-2,3,15,12,28
-1,13,6,8,15,20,6,32,16,34,-7,23
-2,17,4,34,11,13,9,31,15,26,0,16
8,10,12,31,-1,9,9,30,8,17,-7,26
1,-26,11,-3,5,-6,2,-13,-2,-13,1,-12
18,-18,-5,-12,14,-29,-2,-32,18,-9,20,1
20,-24,14,-21,7,-15,15,-33,18,-33,11,-4
3,-21,0,-27,17,-4,5,-14,13,-12,12,-11
20,-32,19,-13,4,-15,-2,1,1,-13,-2,-22
16,1,-3,-30,19,-12,-4,-26,10,1,-2,-20
-6,-23,-3,-6,-3,-20,0,4,-5,-8,15,-2
7,-11,-2,-17,17,-5,2,1,6,-14,20,5
18,6,0,-14,9,-22,20,5,-6,-21,-5,2
18,-2,3,-8,-1,-7,17,0,-2,-5,-2,-14
2,-24,-6,9,-3,-23,16,4,-5,3,6,-3
17,1,10,-25,3,-25,-3,-16,16,9,19,10
-5,-17,-1,-12,-5,-6,9,-4,-2,-17,12,-15
14,-7,-2,3,5,-20,-5,13,1,5,-4,-1
-3,-19,0,2,-1,3,-4,12,12,-13,4,1
-2,-18,11,7,-1,-3,12,-14,4,-7,6,6
-2,7,-5,1,15,-5,17,-14,7,-13,0,7
1,-16,11,-18,13,-18,16,-6,14,15,4,-2
-3,10,12,-1,-1,-3,-6,14,19,1,11,-17
6,-9,15,-2,-4,7,1,11,-2,-14,10,-4
2,19,18,-16,16,-2,2,16,5,-6,1,18
7,-9,5,18,10,-3,-4,10,16,13,20,12
15,-8,20,6,15,15,2,14,17,19,3,17
-4,7,16,-5,3,15,6,16,3,-9,14,7
14,-7,14,-4,3,-4,9,-3,11,7,3,5
-2,10,19,0,6,-4,2,-3,4,-10,2,-11
-6,20,6,-8,-3,17,6,26,14,8,5,13
2,22,3,1,0,-5,20,26,13,-5,19,19
5,-7,8,17,14,19,-2,-6,-5,16,15,-1
11,7,11,9,-5,25,-2,17,-4,18,-5,8
-6,26,-1,9,11,27,9,27,-3,28,6,23
-2,27,12,17,9,20,13,-5,9,9,16,5
-6,20,13,3,8,0,0,24,0,11,13,26
16,3,9,0,18,12,16,1,12,25,15,3
4,5,2,14,6,2,6,8,2,21,16,31
0,0,2,17,-6,21,6,30,19,9,-5,35
18,5,18,34,0,26,1,1,6,31,20,22
8,-29,10,-23,-3,-7,17,-10,13,-35,6,-30
10,-15,1,-7,-3,-8,15,-21,8,-2,0,-8
-1,1,9,-32,12,-29,8,-22,-3,-34,2,-6
14,-33,-1,0,0,-23,-4,-4,6,-15,6,-13
-3,1,-5,2,-3,1,13,-27,13,-16,15,-24
18,-27,19,-17,11,4,16,-18,2,5,1,-3
16,-21,5,0,16,-21,12,-27,12,-13,21,-9
0,-13,16,-8,-3,-3,18,-24,15,-5,1,-11
-2,-8,13,-12,12,-13,0,-15,-3,-13,-3,-9
15,-19,8,-10,11,-7,11,-23,2,-9,1,-10
-3,-4,-2,-17,18,-14,15,2,-1,-22,5,-20
-2,-4,-5,4,16,-15,3,9,1,-4,-3,-20
17,-12,-5,-13,11,9,21,4,13,5,14,11
9,-9,-1,9,2,0,2,-17,0,-11,9,12
10,-10,3,-14,-4,-8,17,-4,12,10,0,12
1,-8,-2,-4,6,1,21,6,18,8,0,-5
8,-12,16,-11,8,-12,16,3,10,15,15,-2
14,-4,1,-18,7,-18,2,13,3,6,20,-7
21,-7,12,5,19,8,14,8,20,2,16,9
21,-11,2,1,14,7,15,14,4,-5,18,11
7,-9,15,16,3,-1,0,-1,0,-15,2,-2
-2,18,18,6,14,0,-5,-1,9,-7,18,3
21,-7,4,-8,20,-4,-4,12,-1,-5,19,-6
17,-6,7,10,11,12,18,2,10,-4,-3,21
0,23,1,17,19,15,8,23,1,19,12,9
6,-6,-4,6,18,3,1,19,13,1,6,23
-5,-2,16,24,13,2,6,4,4,8,2,20
-2,-1,10,-4,5,-4,17,2,13,23,7,-5
5,6,0,10,-2,8,-2,12,17,10,10,19
16,-6,-2,27,7,5,20,29,1,3,12,-1
16,4,-4,9,5,5,1,21,15,26,13,12
11,-2,17,29,13,20,-5,24,20,23,-1,30
21,30,7,14,19,31,17,12,21,27,15,15
6,0,21,4,7,25,19,9,1,0,7,10
20,2,11,20,-2,15,16,9,20,33,2,13
10,14,-3,26,5,11,-1,26,14,18,-1,29
0,4,6,5,12,18,2,34,13,20,3,35
9,-27,14,-3,19,-30,7,-29,3,-4,21,-13
9,-35,14,-22,22,-33,5,-25,1,-27,-3,-15
14,-29,17,-6,6,-1,1,2,-4,0,15,-19
9,-20,3,-19,19,-10,20,0,7,-26,-1,-27
0,-14,7,-26,22,-12,7,-26,3,-21,13,-27
9,-26,5,-4,-3,-16,-1,-1,10,-13,12,0
12,-21,1,-5,9,3,11,-14,20,-11,-4,-26
-4,4,7,-28,21,-1,2,-9,0,-24,-2,-25
9,-17,20,-16,-1,1,-3,-19,15,2,13,-20
8,-26,11,-20,6,-11,1,5,6,-7,6,-7
14,-15,18,10,8,-13,11,3,10,-1,6,-21
15,-20,12,-22,3,-11,6,9,20,2,3,-16
16,-17,16,-14,18,-7,-1,-18,0,-3,1,7
21,-17,9,11,4,2,2,-15,-3,12,-2,-5
9,-8,6,-5,-3,3,7,12,19,-18,17,4
1,3,19,-11,7,0,10,-16,3,2,-4,-9
21,5,7,-6,21,-20,-1,-5,6,1,-3,-16
1,1,13,-5,6,-6,5,-5,3,11,4,5
1,14,11,-8,16,-18,9,9,1,-1,-3,-15
19,-12,3,-16,10,2,9,-15,16,2,21,9
-2,1,6,-2,7,20,20,-16,21,6,7,-7
-2,4,17,-10,1,13,9,21,15,5,8,4
9,6,16,16,2,9,3,2,1,-11,12,-2
-2,18,16,-11,-2,-3,6,14,4,20,2,-2
-1,5,19,-6,20,19,11,3,1,-3,2,-8
19,-11,3,-11,5,19,7,6,1,16,18,-5
-4,6,-1,6,7,2,12,16,22,-1,16,4
1,12,7,18,22,8,11,-2,1,7,16,16
-3,4,21,6,4,18,10,-2,3,9,16,21
0,21,-4,25,1,-2,-2,0,10,25,17,-4
12,-4,21,-4,7,-4,21,24,8,14,0,22
21,16,18,18,20,19,7,8,22,0,10,22
-1,25,-3,16,-1,30,21,3,18,-4,5,21
-2,12,-4,4,12,11,10,14,-3,10,10,6
-1,25,5,7,14,14,15,15,12,23,17,30
10,14,13,18,-1,-1,19,22,13,26,16,-1
-3,23,10,33,10,16,2,19,12,11,-3,26
3,-22,17,-24,0,-3,-3,0,23,-1,4,-11
-2,-7,1,-25,9,0,10,-17,-1,-3,4,-24
2,-20,9,1,1,-9,7,-24,1,-7,17,-29
2,-21,12,-10,-1,-30,1,-26,18,-16,22,0
-1,-5,19,-19,7,-14,17,-5,10,0,10,-1
13,-17,14,-18,19,-12,-1,-20,19,-19,1,2
11,-30,11,0,-3,-1,-2,-25,1,-4,18,-12
14,-21,16,1,19,-11,1,-18,11,-6,10,-2
14,-25,20,-8,13,-11,12,-25,3,-27,5,2
-1,-4,-2,-15,7,2,7,-5,12,5,4,-19
9,-26,21,-15,12,-4,22,-8,17,-12,22,-8
7,-22,13,-12,11,1,-2,8,15,-3,16,-8
10,-5,23,-19,18,-5,4,-11,22,-9,14,2
21,-15,14,11,7,3,21,-9,6,0,5,-14
5,4,6,-15,-2,-22,1,12,1,-7,23,-18
9,1,-1,14,1,-21,11,2,18,-19,13,4
15,-12,18,13,16,12,9,8,9,-11,-1,15
15,1,2,-6,16,4,0,-19,2,3,20,11
23,7,22,4,10,11,22,-14,8,8,2,-6
6,-17,23,5,22,15,18,2,8,-5,14,-5
4,-14,23,3,11,20,1,9,1,1,-3,0
0,0,3,5,20,-4,4,7,16,21,19,-2
4,0,-2,16,7,-6,21,3,16,2,20,12
9,-9,-2,21,18,18,15,10,19,-5,17,21
8,-6,21,6,12,9,15,23,11,21,2,2
2,-1,4,-9,5,6,-3,1,20,23,-2,24
0,6,0,21,10,16,6,8,6,-9,15,17
0,3,-3,-5,6,15,12,9,15,8,8,19
-3,4,7,19,1,6,0,0,13,2,23,2
0,17,7,13,19,22,14,3,10,8,20,8
-1,8,-1,-6,6,-1,20,-5,15,5,5,5
8,-1,-1,15,16,15,-3,10,3,30,-2,-4
-3,21,15,-4,18,18,-3,9,1,31,18,17
1,23,6,19,12,25,4,30,5,16,-3,3
21,21,23,0,6,4,7,30,-2,21,22,8
13,12,17,27,18,24,19,28,10,34,15,20
0,5,5,24,19,24,6,27,15,19,6,27
-1,-7,18,-3,14,-20,8,-30,13,-36,1,-21
13,-21,14,-2,11,-5,8,-19,22,-2,0,-23
0,-8,-2,-7,2,-8,24,-34,11,-5,3,-9
0,-9,0,-10,7,-29,7,-30,12,-17,5,-23
11,-20,-1,-1,-2,-13,21,-18,4,-14,3,0
10,-29,20,4,-2,-27,-1,-19,5,-21,7,-5
15,-24,4,5,6,-22,13,-2,19,-26,22,-19
1,-10,22,-1,1,2,7,-3,7,-7,-1,-29
17,-26,13,5,4,-11,-1,-28,20,-26,12,-2
17,-23,11,-2,17,-1,11,-10,21,-13,21,-3
19,-15,1,9,2,-6,-1,8,23,-15,13,-15
0,-21,23,-22,15,1,18,-2,24,-14,18,-10
16,-1,15,-4,23,6,10,-12,3,0,23,6
23,6,9,-13,19,-16,22,6,10,-7,6,-10
9,-9,11,-6,1,-18,4,10,5,-18,7,-6
19,-13,1,-9,-1,15,22,-15,14,-17,7,12
4,3,15,15,11,4,13,15,6,-10,19,-5
0,-18,24,14,5,-12,3,-14,-2,1,24,-4
21,14,10,-17,9,17,-2,-10,10,6,24,11
3,-16,10,10,22,-15,12,-2,5,10,15,-2
0,-10,18,19,6,-15,16,-1,18,10,10,-11
7,-13,3,11,16,6,0,0,5,10,23,-13
1,-3,23,21,-2,-2,14,-9,6,14,-2,-3
-2,6,8,-10,22,15,15,23,23,16,23,9
3,10,14,-7,2,0,1,-9,5,-9,13,0
1,14,8,-2,8,-9,17,-3,14,16,9,7
2,-5,3,1,0,2,20,-3,7,-1,16,22
10,11,21,-5,-2,27,18,-8,21,26,5,-4
7,-2,23,23,0,1,-1,9,11,13,-1,1
1,6,17,21,-2,19,16,17,16,16,12,22
2,-2,2,10,16,11,10,18,2,4,5,15
6,9,1,13,19,22,6,21,19,17,7,-4
-1,4,16,17,11,8,6,-1,4,28,20,28
23,-3,-1,16,19,17,0,1,5,5,11,21
7,12,23,8,22,4,-2,-1,4,34,-2,17
2,1,20,32,0,19,12,26,-2,21,19,30
-2,26,22,20,22,3,3,6,10,22,4,16
4,-23,9,-7,0,-1,21,-9,2,-24,14,-26
18,-29,6,-16,21,-12,3,-12,7,-4,12,-30
1,-9,13,-3,19,-13,4,0,12,-32,20,-11
20,-19,4,-31,10,-25,10,-8,10,-33,18,-4
12,-22,21,-7,21,3,-1,-7,20,3,0,2
19,-29,9,-23,12,-3,16,-24,-1,-14,8,-24
14,-21,7,-15,0,4,6,6,10,-16,9,-17
14,-18,2,-14,6,-14,3,7,12,-10,16,-9
5,-25,12,-6,1,-9,24,-4,0,-27,8,-16
3,-8,6,6,7,7,14,-3,17,3,21,-7
4,-11,23,-18,17,-6,21,-20,21,4,13,-6
3,-11,20,-14,1,-23,12,-1,0,11,25,-9
6,10,20,-8,2,-2,7,-11,20,9,9,7
23,-5,20,-10,6,-21,-1,-16,9,-21,22,-15
23,10,5,-7,2,-17,5,-13,8,-5,16,13
17,-15,19,13,14,6,6,0,11,5,17,15
5,-4,6,-16,3,-10,7,1,21,2,10,-8
23,17,3,-8,3,-2,11,16,15,-3,6,4
4,5,8,16,14,11,20,-9,20,5,4,10
0,0,21,-2,24,-5,8,2,9,17,18,1
25,20,1,-7,0,1,2,-6,2,4,23,20
19,-14,9,3,13,20,22,17,25,12,15,9
8,17,11,-9,1,-3,21,-13,11,19,1,22
4,6,23,0,7,16,18,9,20,12,8,-13
1,-7,21,20,22,-3,5,-1,1,1,13,2
2,-2,25,18,1,11,16,20,10,19,22,-4
4,-10,25,25,5,-4,7,26,6,10,4,11
0,-7,21,2,5,-2,9,4,16,22,18,24
-1,2,2,14,25,11,18,27,16,-2,8,5
4,18,8,1,23,25,6,23,0,5,4,10
21,15,7,13,25,12,19,9,10,26,7,23
0,6,2,-5,2,-3,14,29,1,11,9,-1
7,28,19,19,3,7,8,21,20,3,19,27
18,14,18,32,0,13,8,30,24,1,2,24
4,29,25,11,7,28,18,14,4,31,5,17
23,6,5,18,16,23,19,16,19,19,1,7
8,9,24,8,16,1,22,36,21,7,14,29
2,-8,5,-20,12,-28,8,-18,12,-19,0,-4
15,-33,1,-6,0,-27,19,-3,0,-8,12,-13
16,-30,5,-5,20,-9,5,-12,1,-30,13,-25
2,-4,9,2,16,-2,19,-27,14,-12,20,-32
15,-31,1,-14,14,1,12,-18,10,-1,24,-2
2,3,23,-3,20,-14,24,-4,14,-9,18,-6
8,6,2,-1,5,-26,22,5,13,-3,10,-6
3,-11,19,-25,12,-26,9,-29,2,6,9,-23
12,-25,13,4,23,8,12,-23,12,-9,24,-3
4,3,8,-24,23,5,20,-24,6,-2,13,-5
3,5,7,-15,16,-4,2,-20,18,0,5,-15
6,-21,18,-13,16,7,12,-2,22,11,14,7
6,-12,17,-22,20,-1,9,-16,10,-21,25,12
20,-2,14,1,5,-15,26,11,0,-11,20,9
12,-12,13,-7,4,13,10,13,25,-14,23,14
1,-11,17,1,19,7,23,-11,7,-9,8,11
6,16,18,-19,5,-14,0,15,2,14,13,-6
10,-7,20,5,5,11,26,17,13,-2,5,17
26,-3,0,4,22,-18,7,-16,8,-5,15,-4
0,-8,23,10,25,-6,7,-12,10,-2,25,7
11,8,18,-5,11,-9,23,14,21,18,17,-12
1,-12,16,-4,5,17,15,4,9,10,6,-6
23,6,9,1,0,16,26,3,16,9,16,19
22,7,16,12,15,22,3,13,10,6,1,0
23,16,1,15,25,11,23,-9,19,15,10,20
15,10,15,8,3,21,0,5,20,-1,17,-2
6,17,13,-5,26,26,5,-7,17,-1,14,13
10,2,12,-9,7,13,13,6,26,-1,15,24
25,14,5,26,5,16,3,13,19,-7,0,-8
7,29,13,-1,6,3,21,24,15,13,15,19
2,-4,5,25,9,10,24,26,3,26,8,8
22,-4,15,27,23,26,24,11,7,29,11,3
18,24,14,7,22,4,18,16,6,24,15,24
7,19,23,21,1,21,1,7,26,19,22,25
0,0,26,10,25,29,16,5,18,23,10,27
7,8,23,22,5,28,11,23,26,16,9,13
7,7,26,25,21,35,17,21,21,9,12,31
