-21,-12,-1,-22,-9,-9,-19,-10,-12,-33,0,-21
-7,0,-14,-34,-11,-4,-5,-25,-22,-21,-14,-28
-12,0,-15,1,-6,-24,-5,-27,-24,-26,-18,-7
-11,-17,-6,-15,-1,-6,-2,-15,-15,-29,-15,-10
-3,-9,-3,-21,-20,-22,-17,-6,0,-19,-15,-31
-17,-26,-12,-25,-6,-13,-11,3,-21,-6,-15,-21
-7,-21,-13,-29,-3,-6,-1,-8,-7,-30,-3,-2
-9,-27,-19,-2,-18,-23,-8,-2,-17,-5,-3,-17
-1,-6,-21,-1,-1,-19,-25,-3,-26,-7,-25,-16
-20,-5,-4,-7,-3,-1,0,1,-3,-7,-8,-24
-10,-24,0,-4,-24,-15,-17,3,-3,-3,-1,-10
-11,-19,-4,11,-26,-17,-4,-9,-1,-20,-16,-18
-11,-22,-16,3,-16,1,-10,-23,-6,6,-2,3
-9,-14,-1,6,0,4,-16,12,-1,-1,-17,-1
-19,9,-25,-6,-4,-15,-14,11,-23,3,-11,7
-24,-7,-6,-12,-14,14,-17,2,-25,-14,-14,-7
-17,-8,-8,-9,0,6,-8,-7,-19,-4,-15,11
-18,-3,-9,-13,-18,0,-12,10,-14,-1,-21,-2
-26,7,-16,-11,-13,5,-2,-14,-15,12,-20,6
-24,-1,-14,-1,-26,-1,-11,13,-16,1,-4,-12
-1,5,-26,5,-26,5,-12,1,-24,-15,-8,15
-8,-15,-6,2,-13,18,-24,-10,-6,14,-1,13
-17,-4,-4,5,-21,-13,-11,2,-20,7,-1,22
-25,-8,-13,12,-1,7,-22,3,-24,6,-18,12
-9,13,-4,6,-5,10,-1,-12,-5,9,-21,13
-7,18,-12,-9,-8,-10,-22,3,-14,10,-17,19
-3,19,-5,-8,-26,24,-8,1,0,25,-1,5
-4,20,-9,25,-2,-5,-5,-8,-4,22,-2,9
-2,20,-9,15,-4,27,-9,25,-4,14,-2,5
-1,21,-10,26,-5,16,-10,0,-4,11,-4,26
-14,23,-11,15,-6,20,-14,29,-5,29,-6,27
0,21,-13,12,-7,25,-14,27,-6,20,-6,20
0,21,-19,1,-8,31,-16,26,-7,22,-6,20
-5,25,-20,11,-10,3,-16,16,-7,19,-6,1
-3,26,-21,7,-11,34,-18,29,-8,15,-8,24
-5,28,0,29,-16,25,-19,17,-9,35,-8,23
-14,28,-5,7,-17,31,-20,15,-9,26,-8,22
-20,-14,-6,-33,-13,0,-20,-26,-21,-27,-16,-32
-24,-1,-21,-20,-4,-8,-2,-21,-14,-3,-9,-24
-2,-2,-8,-10,-19,-9,-1,-1,-3,-4,-11,-15
-1,-2,-21,-9,-16,-33,-21,-23,-23,-20,-17,-19
-9,-16,-14,4,-5,-18,-11,-23,1,-22,-16,-24
-3,-13,-6,-19,-19,-25,-4,-28,-24,-23,-24,-21
-14,0,-6,4,-3,-19,-3,-23,-16,-4,-19,-23
-15,-7,-17,-27,-19,4,-2,-10,-2,-1,-10,-25
0,-10,-1,-10,-5,5,-6,-19,-24,-11,-22,-21
-15,-16,-11,-17,0,-22,-2,-1,-21,-17,-23,-24
-16,-19,-4,7,-18,-18,-13,-21,-15,1,-2,-20
-8,-3,1,-5,1,10,0,-13,-16,3,-1,4
-8,-11,-1,0,1,-20,-1,1,0,-18,-18,-2
-3,-12,1,-5,-6,-15,-20,-16,-3,11,-15,2
-11,-5,-11,-11,-20,4,-20,1,-13,-15,0,-10
-23,-3,-11,10,-5,-8,-7,-6,1,-2,-4,0
-16,5,-4,9,-14,5,-1,12,-12,-16,-16,-4
1,4,-8,-9,-20,-3,-12,-11,-23,4,-12,-9
-7,-1,-20,13,-14,9,-16,4,-25,4,-11,11
-9,0,-14,-1,-11,11,-2,-1,1,3,-12,13
-23,-8,-8,0,-19,-11,-11,-9,-5,6,-5,16
-24,15,0,17,0,-12,-12,-6,-11,17,-8,9
-11,-14,-15,-6,-10,0,-15,-3,-1,11,-2,6
-14,13,1,23,-10,2,-12,6,-14,11,-23,10
-1,1,-4,-1,-16,7,-22,23,-19,-2,-20,-10
-12,12,-25,19,-5,4,-20,13,1,12,0,21
-3,18,-6,12,-17,-2,-20,10,-9,21,-7,0
1,19,-2,-4,-19,23,-20,-8,-9,17,-8,17
1,19,-20,-8,0,28,-21,23,-10,-7,-8,15
0,20,-20,6,-1,-2,-24,13,-12,5,-8,15
-14,23,-19,25,-5,30,-20,12,-17,26,-9,30
-1,24,-18,15,-25,31,1,17,-19,-2,-9,17
-18,2,-17,-3,-18,27,-2,28,-20,30,-9,17
-5,26,-16,18,-17,33,-23,0,-22,1,-10,20
-18,-1,-15,34,-16,14,0,31,-24,33,-10,8
-19,1,-9,22,-16,19,-8,23,-25,19,-12,30
-18,5,-2,24,-15,36,-21,11,-25,10,-14,32
-19,-6,-23,-28,-13,-14,-5,-20,-4,-23,-23,-34
2,-24,-23,-25,-1,-26,1,-28,-9,-23,-13,-32
-12,-25,-8,-6,0,-24,-8,-2,-17,-24,0,-4
-19,-7,-19,-32,-21,-29,-1,-28,-1,-33,-17,-5
-13,2,-12,-12,1,-7,-4,0,-1,-19,-22,-14
-9,0,-8,-31,-22,-26,-4,2,-5,-24,-19,-2
-8,2,-16,-7,-8,-7,-9,-19,-10,-15,-3,-25
1,-23,-8,-10,1,5,-1,-1,-18,-6,-1,-10
-7,-23,-10,-28,-20,-10,-8,-6,-2,-14,-2,-26
-18,-2,-3,-15,-19,-23,-6,4,-2,8,-6,-18
-14,-9,-21,-14,-24,-17,-13,-21,2,8,-23,-25
-16,4,-3,-22,-22,-21,-7,-25,1,0,-17,-21
-13,-3,0,-8,-20,-22,-11,3,0,-21,-20,-8
-15,-3,-10,7,-4,-22,-10,-2,-4,-19,-2,-23
-13,-9,-23,-19,1,8,-6,-4,-14,3,-1,2
-13,-6,-19,-18,-21,5,-24,-18,-3,11,-8,8
-22,-9,-21,-6,-15,-18,-23,-20,2,16,-3,12
-9,-14,-8,17,-4,-11,2,-11,-3,-19,-24,5
-9,-11,1,9,-23,-13,-18,-18,-13,4,-2,-14
-10,-1,2,-2,-7,11,-4,-1,-8,-17,-16,-12
-16,1,-10,3,-3,-13,-22,19,-1,16,-2,16
-5,-10,-5,-9,-9,-15,-14,-14,-16,4,-20,-14
-24,9,-16,10,1,15,-16,16,0,16,-2,2
1,-2,-18,8,-13,2,-1,18,-13,-12,-6,-6
-6,21,-14,-2,0,5,-14,-8,0,16,-13,2
-13,-8,-10,-6,-16,6,-21,-10,-6,-3,-14,19
-6,18,-23,20,-21,-10,-24,-4,-7,-8,-7,19
-18,-4,-14,22,-16,17,-5,1,-12,24,-24,21
-5,16,-9,5,-13,27,-17,22,2,23,-17,24
-16,-3,-7,28,-12,3,-16,-2,-23,3,-17,13
-18,-2,-6,4,-8,25,-21,28,-23,14,-17,2
-16,2,1,5,-10,0,-20,30,-11,14,-18,8
-16,5,1,27,-7,20,-16,29,-22,30,-18,8
-16,2,-19,1,-5,32,-8,31,-18,29,-21,6
-5,21,-17,11,0,18,-11,29,-17,13,-22,32
-16,5,-22,35,-7,29,-11,35,-14,18,-24,34
-17,2,-17,11,-5,9,-10,28,-13,19,2,3
-1,-31,-12,-19,-8,-6,-6,-15,-22,0,-2,-29
-11,-1,-10,-11,-22,-18,-4,-10,-9,-14,-19,-14
-19,-7,1,-25,-9,-9,-6,-11,-3,-22,-9,-17
0,-19,-22,-27,-14,-22,-3,-21,-6,-32,-21,3
-17,2,-3,0,-8,-5,-16,-25,-23,-7,-6,-5
-9,-21,-8,-13,-15,-27,-12,-24,-22,-31,-8,-14
-9,5,0,-21,-21,-29,2,1,0,1,2,-28
-12,-5,-2,-13,-10,-29,0,-25,-4,-23,-8,-4
-19,7,-21,-23,-5,-6,-6,-24,-11,-24,0,-15
-4,-25,-13,-23,-2,-12,2,-3,-2,0,-13,-27
-4,-18,-12,-22,-10,4,-6,0,-9,-7,-21,6
2,-13,-10,-12,-21,5,-5,-16,-21,2,-8,-19
-2,-18,-18,-19,-15,6,-18,4,-21,0,-17,-19
-20,-19,0,9,-8,-15,-2,-2,0,-8,-18,-5
-23,2,-20,8,-1,-16,-23,-13,1,-10,-19,9
0,-9,-18,1,-18,-12,-17,6,-18,2,-4,13
-5,-16,-3,-12,-23,-18,-5,15,-3,-13,-14,-17
-11,11,-23,-4,-17,-6,-14,-10,-19,6,3,17
-21,-18,-11,-11,-19,-10,0,-17,-2,-13,-5,-7
3,-16,-12,4,-2,-10,-21,0,3,-5,-20,-2
-16,6,-18,-14,-11,-2,-23,11,-6,4,-22,7
-8,-1,0,-5,3,8,-15,-12,-10,-1,1,21
-12,-10,-18,3,-13,-5,-11,-5,3,7,-23,-1
-14,4,-22,5,-9,11,0,7,-14,21,-7,-5
-2,-9,-18,18,-20,-1,-6,2,-12,15,-14,7
2,-8,-12,11,2,24,2,12,-3,25,-23,-6
-11,10,-18,-2,-18,18,-2,7,-22,21,2,4
-19,0,-7,-7,-5,12,3,17,-5,15,-10,10
-2,18,-12,-2,3,17,-23,15,-13,7,-5,-4
-2,17,-3,0,-4,19,-6,23,-12,26,-15,13
-4,19,-15,14,-3,24,-6,28,2,21,-20,15
-17,-2,-5,28,-2,19,-6,30,-23,29,-23,28
1,21,-19,4,1,27,-3,32,-13,25,-22,16
-4,19,-19,4,2,28,0,19,-19,31,-22,29
-16,10,-17,-2,-16,32,-6,29,-17,32,-20,24
-16,6,-4,10,-11,31,-5,-1,-16,7,-12,35
-17,7,-16,0,-15,31,2,21,-14,8,-13,28
-8,-17,-6,-20,-22,-3,4,-1,2,-25,-7,-25
1,-15,-11,-8,-8,-34,0,-12,-14,-7,1,1
-2,-27,-19,-23,-13,-30,-22,-16,-10,-22,0,-6
2,-19,-14,-7,-1,-12,-15,-29,2,-16,-9,-19
-8,4,2,-17,-19,-7,-12,4,-7,-12,-3,-26
-13,3,-9,-19,-12,-11,4,-8,-16,-16,3,-18
-9,4,-4,1,-10,-30,2,-25,-19,-3,-14,-19
-6,6,4,-29,-18,-10,-3,-1,-10,-9,-15,-5
-11,5,-21,-9,-15,-26,2,-6,-18,-23,-13,-18
0,-19,-18,6,-20,-12,-9,-17,1,-13,-11,-23
-8,-17,-17,-2,-22,-9,-22,4,-18,2,-12,3
2,-17,-18,-8,0,-9,-1,-5,4,-18,-20,-20
2,-12,-6,7,-13,-1,2,-15,-9,-19,-4,-23
-6,7,-16,-10,-20,3,-1,-8,-11,2,-17,-1
1,0,-22,2,-21,-6,-2,-9,-13,-18,0,8
-13,-13,-20,-13,-22,11,-3,-21,-6,-7,-11,3
-3,13,-22,-15,-17,-14,2,-8,1,-18,1,10
-1,12,-20,-1,3,-17,-13,11,-15,3,-17,5
-11,-10,-14,12,-7,-13,-12,-1,-1,-4,-5,12
-2,14,-6,-6,1,18,-5,19,4,-9,-10,-17
-6,15,2,15,-17,16,3,11,-1,4,-12,-14
-2,-12,-9,15,-19,1,-15,7,-20,-8,-5,3
-5,-11,-18,-10,0,-1,3,5,-18,9,-7,-2
-10,2,-15,18,-18,11,-16,15,-14,9,-19,19
0,-11,-13,2,-12,-1,-3,-8,2,15,-15,24
-1,-7,-2,11,-19,19,-16,14,-1,4,0,-10
-22,23,4,25,0,8,-18,23,0,15,-20,1
-1,0,-1,9,-11,-7,-9,21,-13,-4,-16,8
-12,-8,-11,-7,-4,-2,-14,21,-13,-6,-16,12
0,16,-9,22,-12,5,4,2,-12,-5,-5,7
-15,-3,-15,3,-12,27,-12,1,-8,21,-9,14
-14,-2,-4,16,-11,28,-8,22,-7,22,-8,18
-15,4,-9,19,-10,0,-7,-1,-6,0,-8,30
-16,3,-3,18,-8,6,-3,29,-6,8,-5,18
-1,21,-16,30,-8,34,-4,12,-6,19,-4,4
-1,24,-3,32,2,35,-20,30,-6,24,-4,16
-2,24,-14,9,-8,32,-3,36,-5,22,-14,29
-21,-22,-16,-21,-19,-14,-4,-29,-9,-21,-12,-35
-9,-25,4,-13,-20,-32,-5,-2,-21,-19,-19,-22
-5,0,-6,-8,0,-6,-7,-34,-13,-32,5,-24
-1,-22,-5,-9,3,2,-20,-32,3,-9,-20,-6
-1,-2,-21,-19,-10,-20,2,-19,-11,2,3,-10
-2,3,1,-3,-4,3,-4,-3,-10,-16,5,-3
-1,-18,-5,0,-10,-27,-14,-6,-5,0,-8,4
5,-26,-2,-15,-3,-3,5,-25,-5,-7,-21,-14
-15,8,-21,-21,1,-7,5,-28,-7,-17,-2,-13
-7,3,-16,-20,-8,-11,-10,-25,-15,-5,-11,-3
-3,10,5,-5,-9,-21,-2,-9,2,-2,-13,-25
-7,-10,-20,-2,1,8,-21,-6,-6,-19,-2,-18
2,-6,3,11,-5,-3,-13,-22,-5,-22,-16,-19
0,-23,3,-21,-19,9,-9,-11,-16,-8,-13,-16
-20,-21,-19,4,-17,1,0,-13,-20,-10,-5,-6
0,0,1,-4,-19,4,-4,-13,-6,-21,-9,-3
-20,13,-5,-2,0,12,5,5,-12,-11,-9,4
-8,12,1,10,2,-5,-3,-17,-2,-9,-17,-2
-16,18,-9,9,-19,11,-17,9,-15,7,-4,-1
1,-14,-7,12,-10,-7,-12,-10,1,-9,0,-16
-11,11,-15,12,3,13,5,5,5,11,3,16
3,-5,3,13,0,-14,-12,18,-12,-8,3,10
-7,15,0,-10,-10,15,-20,-12,5,-11,-7,-2
-12,1,-19,11,-16,20,-6,-7,-18,-11,1,8
-8,7,2,-10,1,-10,-21,21,-15,23,-4,-3
-13,24,-9,2,-16,18,-10,14,2,14,-13,19
3,22,-3,3,2,-4,5,4,-1,8,-17,-5
-11,24,-12,8,-1,22,0,22,-11,-9,-1,9
2,7,-18,1,-2,24,-2,-6,4,7,-1,20
-13,-6,-10,23,-1,12,4,-4,4,3,-7,-2
1,19,-4,-3,-19,7,-2,13,4,17,-20,13
-2,21,-11,29,-6,19,-18,3,-4,28,-12,15
-14,5,-10,10,-20,16,-1,30,-2,17,-7,7
-1,20,-20,2,-18,30,0,30,-2,20,-16,9
-1,23,-7,21,-5,33,-17,34,-2,22,-16,11
-14,-1,5,23,-2,30,2,32,-1,1,-16,30
-2,21,5,32,-1,32,3,36,-1,26,-16,35
-13,-6,-4,-11,-14,-8,-2,-10,0,-19,-8,-35
1,-21,-17,-28,-7,-26,1,-24,3,-28,-12,-33
3,-13,-15,0,-16,-14,3,-26,-8,-25,-6,-30
2,-19,-11,-13,-2,-4,-1,-18,-17,-25,-18,-9
2,-32,5,-25,5,-8,-6,-13,-15,-10,-4,0
-18,3,-9,-31,-5,1,-20,-19,0,-25,-4,-1
0,-29,0,-14,-15,5,-7,-23,-16,-3,-5,-12
-10,-20,-13,-27,2,-12,-7,-6,3,0,-1,-25
-8,-17,-9,-2,-8,-17,-6,-10,-6,1,3,-17
-17,-11,-19,-15,3,5,2,-17,-1,-12,-16,-4
5,-6,-8,-9,-7,1,-12,6,-8,-1,3,-18
-19,10,-16,-20,-11,9,-8,2,-7,0,-14,1
-20,10,-17,0,-4,3,4,-1,-19,-22,4,-21
-15,-6,-2,-23,4,2,3,0,1,-5,-1,-11
-4,-14,-12,6,-1,-7,-2,-10,-18,11,3,-6
-7,9,-18,10,6,-21,6,-3,-5,10,-6,14
4,-20,-13,6,-4,14,-12,1,-7,9,-5,-18
6,3,-14,4,-9,-13,3,8,-11,-3,6,-3
-18,-13,-12,0,6,-9,5,-9,3,8,-9,-11
4,6,-13,12,-14,-2,-2,-7,-10,-7,2,-8
-5,-1,6,-6,-19,-1,-18,-8,-7,16,-9,17
5,-14,-1,14,-13,-9,-8,6,6,7,-5,12
2,6,-11,15,-3,-13,-4,12,-15,12,-6,6
-4,-7,-2,-10,-14,-4,-19,-2,-14,-6,-6,-5
4,18,-3,6,-3,2,-8,6,-16,19,-4,-10
-3,-10,-20,16,6,23,-8,5,-1,0,6,-9
6,10,-19,-1,-6,12,2,17,-6,8,2,1
-17,-3,-11,21,1,1,-2,-2,5,-7,-10,17
-10,16,2,7,-2,16,5,-2,-17,5,1,1
-3,17,6,12,-11,22,-20,25,4,-6,-14,20
-1,14,-15,19,-9,18,1,-6,-2,9,4,5
-13,6,-7,22,-17,31,-20,31,1,19,-14,-4
2,20,-16,6,-7,28,-17,32,2,20,-14,15
-13,10,-15,26,-14,33,-9,32,5,9,-13,16
-13,2,-5,20,-15,0,-5,25,5,11,-5,28
-12,7,-2,22,-3,19,-4,14,0,23,-4,25
-14,1,-2,24,6,24,-2,8,1,25,-1,16
-13,-15,-16,-3,-3,-12,5,-30,0,-18,-3,-16
-16,-13,-16,-33,-17,-32,-18,-30,3,-23,-4,-1
7,1,-5,-6,0,-7,7,-10,-14,-33,-12,1
-8,-27,2,-5,0,1,-4,-33,-8,-5,-3,-23
-15,-10,-3,-19,7,-1,1,-21,-1,-18,1,-26
-19,-13,1,-21,-7,-3,-14,-12,-6,-9,0,-13
-8,-8,-11,-5,-15,5,-5,-7,-9,-2,-3,-18
-17,-2,5,-17,0,-29,-3,7,-17,-3,-9,-25
6,-14,6,-19,-18,7,-7,-4,-2,-19,6,1
-8,-17,-15,0,-4,-6,7,-14,3,-18,-2,-22
-19,-11,-17,-22,-3,3,-16,7,-8,-13,-10,-26
2,-12,-7,1,-19,10,4,-14,7,-8,-4,-12
7,7,-13,3,-3,-13,-9,0,-17,-15,-17,4
-9,-19,-10,4,4,-1,-17,-16,5,-14,-18,-23
-5,10,5,-14,-18,5,-13,-6,7,-21,6,2
-15,-16,-11,-11,0,-3,2,4,-4,-17,6,4
-6,4,3,-14,-14,-15,-10,-10,-9,3,6,-10
7,5,7,-10,-13,-1,-3,8,-10,-5,-10,-17
-1,-13,-17,-7,5,6,5,8,2,4,4,3
-18,-11,-11,-5,-5,-15,-18,18,-5,-16,3,-5
-3,-9,-7,16,7,-5,-2,11,-17,-14,-11,5
3,16,-17,17,-4,20,-13,3,-17,-11,6,12
-3,-5,0,17,-14,0,3,1,-4,-9,-18,-10
-8,5,1,-1,2,-13,-6,0,2,0,5,-5
-19,15,-7,3,-19,-8,-5,-1,-6,4,2,2
5,13,-8,4,2,9,-3,19,3,4,5,-11
3,25,4,12,4,6,1,10,-7,7,-7,-7
-10,-6,6,-8,5,17,7,27,-17,1,-6,0
1,24,-2,25,-19,5,-11,1,-12,22,-2,26
7,29,-16,8,-1,8,-18,17,-16,-2,7,7
0,13,-3,23,-6,-2,-12,6,-1,4,4,-1
-14,8,-4,-1,-1,2,-15,-2,-18,11,-10,31
4,21,-9,19,-1,-4,-18,22,-11,12,7,15
-12,7,-6,4,2,5,1,26,0,24,-13,0
-13,6,-2,6,2,27,-9,6,-4,13,-7,9
-12,13,1,33,-17,20,-13,29,6,33,6,4
0,27,-5,33,-1,33,-13,32,7,30,6,31
8,-24,-15,-16,-13,-26,-10,-1,-13,-8,-12,-2
-15,-12,-1,-20,-11,-28,-4,-3,-8,-14,-8,-22
1,-27,4,-27,-14,-24,0,0,1,1,-2,0
-16,-3,2,-29,-17,-26,6,-4,7,-5,-8,-11
8,-23,-4,-7,2,-11,3,-10,-18,-4,2,3
-14,-3,6,3,-11,-18,-13,-10,-4,-3,2,3
-16,-1,2,-28,6,0,6,-11,-13,-17,-16,-8
-1,-22,-10,-13,0,7,-18,-14,-3,-26,8,-24
-18,-26,3,-22,7,0,4,-19,-17,4,6,5
2,8,-12,-11,2,2,-2,2,1,-13,-5,0
-13,7,-2,-23,-15,-12,0,-7,4,-5,-16,0
7,6,-11,-9,2,9,-12,-2,3,-18,-4,0
3,-4,4,8,-16,-4,-7,-23,0,8,-18,3
5,-6,6,-2,8,-4,-11,-12,-1,-8,-6,-1
7,-17,-7,1,3,-6,3,-4,-18,-15,-2,-18
-3,7,-9,-9,-5,-18,0,4,1,-5,3,8
-15,-6,-3,-15,-17,-2,8,0,-10,6,-6,10
-17,-4,1,-3,-6,3,1,-13,-15,-3,-11,6
-18,-10,-2,-11,0,10,-3,-1,-17,7,-1,15
-10,10,-5,2,-15,10,-14,-16,-7,-1,1,-8
-7,3,3,5,1,-15,3,3,-1,18,7,17
-17,14,-12,11,-17,15,6,-7,-4,2,-13,0
7,22,0,22,8,3,-4,-13,-9,13,2,-9
-16,-9,-14,1,-3,13,8,14,-1,-5,4,-5
-6,-11,-6,-12,-6,14,-6,-6,-3,-5,8,12
-2,-10,-3,6,-15,-4,-4,-7,-9,7,-10,7
-15,22,-6,11,-7,22,3,2,-3,-2,8,24
-17,10,7,-7,-10,1,3,-3,-5,2,-16,-1
-12,24,6,-1,-11,24,4,-4,-1,27,-5,-8
-8,25,-13,13,5,-2,-7,15,-1,-3,0,27
7,26,-14,17,-5,16,-5,28,-6,2,-7,-1
2,4,-12,29,-4,10,-15,12,-18,1,-18,-1
-16,15,-11,0,-3,3,-17,19,7,15,7,19
-10,23,4,0,0,20,-5,2,3,13,-8,31
-12,9,-9,22,-4,12,-7,32,-17,22,-4,22
-12,-1,0,4,5,28,8,31,-5,19,-11,20
-13,2,2,23,-13,20,-12,36,5,9,-9,9
-12,-11,-7,-22,6,-3,-10,-20,2,-7,9,-18
-14,-6,-6,-25,3,-30,-8,-17,-15,-18,-3,-33
-17,-13,-8,-16,-5,-3,-2,-19,1,0,-9,2
-6,-26,-7,-13,-6,1,9,-3,5,-33,5,-26
-6,-21,4,-22,0,-32,7,-17,0,-4,8,2
-17,-28,6,-28,9,-25,3,-16,-13,-28,9,-18
0,-22,-14,-2,2,3,-2,3,7,-26,-2,-23
7,-8,4,-29,5,0,-1,-25,1,-18,3,-15
-16,-5,8,-23,-17,-21,-9,-28,0,-11,-7,5
-4,-16,-14,9,-11,-20,-2,4,-6,-22,-14,-3
-5,-18,-10,-1,-16,-24,-17,-18,1,-22,-4,-10
-7,-20,-5,8,7,-4,5,-22,-6,1,4,9
7,11,2,2,1,-5,2,-13,-10,8,-6,11
-1,13,-13,-14,-8,5,-10,-21,4,7,6,-6
-2,11,7,-9,-11,-5,-6,-5,-9,-4,-4,2
0,-11,-16,-8,9,9,1,-16,-4,10,3,8
1,-6,-8,8,-16,-12,-10,-10,-5,-1,3,-11
-1,5,-11,3,6,-19,3,-1,0,-1,3,0
-15,-15,-8,-17,-14,-15,6,-1,7,8,5,-8
7,19,-10,-11,-5,12,1,0,-11,-12,3,19
-17,14,-17,0,-13,0,-3,-3,-14,12,-17,-10
-17,-6,-6,-8,-15,-8,-16,12,6,-10,-2,-1
8,-6,-1,6,-14,-1,8,2,-3,-7,-2,21
-10,10,-4,-8,-2,5,-14,13,-10,-1,3,7
2,-8,-9,-5,0,-8,-4,-10,3,-9,-1,12
-3,22,-7,-2,-5,-2,-2,15,-13,0,-4,25
-13,21,9,4,5,0,6,-7,-6,26,-4,5
-1,2,1,16,5,6,5,-4,-9,6,4,6
1,27,-9,27,-11,-4,-5,22,2,25,-3,2
-10,29,-7,18,7,21,-1,14,-1,25,7,8
-2,24,2,7,-3,4,3,20,-2,7,-14,13
2,25,-11,1,-10,18,-8,-1,-10,-1,-2,10
-5,21,-2,20,-5,14,-3,-2,1,29,-7,6
-7,9,3,16,-17,9,-4,3,-1,26,-3,28
-12,-1,-6,0,5,29,-16,5,-14,12,-16,15
3,25,2,14,1,29,-10,5,-4,22,-6,33
8,25,-16,28,-4,31,-16,31,-4,35,-2,28
-13,-10,5,-1,1,-25,-16,-22,-8,-33,7,-13
-10,-16,3,-16,3,-16,-5,-11,4,-4,9,-15
-12,-11,-9,-19,6,-31,-4,-24,0,-1,-12,-28
0,-30,-12,3,-10,-10,0,-30,0,-26,-8,-20
-12,2,-11,4,-5,-9,-12,-13,-12,-30,-9,-15
-14,-3,9,-25,-12,-26,-6,-6,-1,-22,1,-31
10,-16,10,-7,-13,4,-9,-16,-1,6,-1,-25
-14,-7,-15,-4,6,-25,1,-19,-6,-3,-15,-3
-13,-9,8,-6,7,-25,-1,-26,5,-9,-8,-13
-13,-10,7,-7,7,-15,-10,-23,7,-24,-15,-20
5,9,-4,-4,8,-14,-7,-11,-1,-12,0,-26
-11,3,2,-8,-9,4,-13,2,-12,-9,-13,3
-3,-4,4,-9,-8,-17,0,11,8,-2,8,-17
-9,-4,4,8,4,-12,-3,-12,4,-15,-13,-22
7,-9,-4,3,-8,1,4,8,-1,4,-2,-1
7,-14,3,-19,-9,-10,5,-16,8,-1,-3,-18
6,-16,0,2,-1,-14,-10,4,-2,-12,-14,-14
-8,3,-13,-15,-15,-9,-12,-2,3,-6,10,2
-6,-8,-2,0,3,-7,7,-9,-6,-11,8,5
-15,-14,-12,-14,2,-14,-16,12,10,-11,-1,-8
10,-1,-8,-12,9,-9,-1,3,-10,11,7,-6
6,-5,-5,-6,-8,10,10,-5,-1,15,1,1
8,-10,-3,2,-12,-5,6,4,-10,12,7,4
7,-12,8,-12,-16,15,-11,2,10,16,-13,-10
1,-6,8,14,-1,4,-13,-3,-16,15,-6,19
10,-1,-5,14,-4,10,7,-11,8,20,5,6
-10,23,-9,25,-6,22,-7,11,4,-10,-6,-2
-7,23,10,-8,10,24,-5,20,-9,10,-12,-9
-8,28,2,27,-8,-3,-3,24,-13,10,-13,2
-16,25,6,28,-15,17,0,16,4,7,-4,14
-1,30,0,4,-3,20,-2,10,-2,24,7,27
-13,26,-3,23,1,5,-5,27,-5,29,10,-4
-8,8,1,-2,-7,23,-2,16,4,16,-11,5
-12,7,-7,-1,-3,2,4,7,-7,7,-13,26
-10,8,-2,32,2,16,5,12,0,22,-7,9
-9,14,-1,35,-15,20,-8,33,0,22,2,22
-16,29,-11,14,-8,33,2,36,-7,6,-14,2
-9,-16,-15,-35,-8,-24,-5,-27,-8,-1,-3,-17
-12,-15,3,-19,3,-21,8,-25,-12,-20,1,-2
-12,-13,2,-34,5,-9,0,-21,1,-19,-4,-26
-14,-13,9,-16,-11,-5,5,-32,7,-7,9,-28
-13,-12,1,-6,-5,-29,-8,-5,10,1,3,4
-13,-10,-10,1,10,1,1,-22,-6,-11,-13,-1
-12,0,-5,-28,0,-20,-2,-12,1,-29,-9,-8
-11,-4,-14,5,-5,-19,-14,-8,-3,-6,1,-24
9,-8,-1,-11,-6,-6,6,-20,-9,-24,4,-11
-8,-9,-2,-21,0,-16,-5,-5,-14,-23,-7,-23
-10,-3,-1,-13,1,-17,5,9,-2,-19,0,6
-11,4,-7,4,0,8,10,-21,1,3,-2,-2
5,-18,8,-17,-8,-8,-7,1,-4,-12,1,-15
8,-17,-10,-2,-15,-8,-9,3,1,-17,-11,-9
-11,8,11,4,-15,-21,7,-3,-13,6,-10,-1
-2,-9,10,-13,8,7,-1,-13,-7,-15,-12,-3
-11,12,-5,-17,-8,6,-5,-5,-10,1,-8,3
6,-12,-8,14,-10,-2,-1,-16,-6,0,-8,-3
6,-10,9,18,-4,-18,-15,-18,-4,17,-8,-12
6,16,-5,0,10,6,-4,2,9,18,3,-15
-13,20,11,-11,11,-4,4,-3,9,-16,-4,-4
6,-4,-15,19,-14,-4,-12,14,-3,16,-1,-1
7,-2,-13,8,3,20,6,-10,-7,-7,-1,-5
-3,4,9,6,8,4,-6,-7,11,11,4,7
-7,21,10,24,-3,8,-5,11,-5,10,10,6
-13,21,11,-8,4,18,6,13,-12,10,5,-8
-4,26,4,14,9,3,5,-1,2,-10,0,16
-5,25,-9,15,0,20,-6,22,4,10,4,12
-5,27,-12,5,0,4,-11,-3,-11,27,-2,-6
-13,24,-4,1,6,24,-7,11,1,12,1,10
7,26,-8,16,2,20,-3,28,-9,5,2,26
-5,1,-5,24,0,-2,-8,10,-10,-1,-8,10
-3,1,-2,0,-10,26,9,-2,9,12,-1,11
1,26,-5,27,-9,-3,-7,11,-6,8,-4,8
-2,26,-11,14,3,6,-2,27,3,0,-2,10
-10,4,-15,2,-6,14,-11,3,-7,11,9,5
4,17,1,14,-11,15,-6,3,-14,22,-5,14
6,0,11,-8,3,-30,-4,-36,-5,-21,-2,-28
-10,-11,12,-31,3,-4,-9,-35,0,-4,-6,-4
-14,-14,9,-20,-10,2,0,-28,-9,-3,-10,-8
-9,-12,1,-2,-3,-12,-9,-8,-11,-26,5,-11
-11,-8,-10,-30,2,-18,2,-15,-2,2,-1,-26
-9,-11,3,-20,5,-3,-5,-12,3,-7,-7,-5
-2,-18,-10,-12,-1,6,-12,-14,-9,2,2,-16
-13,-8,4,-2,-2,4,3,-16,-8,-23,6,-27
-10,-7,3,0,-8,-9,1,-4,-12,3,-12,-12
-10,-7,-9,-4,3,-4,-9,-23,3,-8,9,-23
-13,-4,-3,-8,9,5,5,-14,-1,-17,4,-7
-11,-7,-2,-19,6,-13,8,9,-9,-18,1,-17
1,-20,1,-21,7,-18,5,-10,10,-3,-6,10
-10,3,-11,6,12,-13,7,5,-2,-1,-10,-8
11,13,4,8,1,12,11,-14,0,-20,-4,5
8,-8,4,-3,-2,-14,12,-20,-10,-3,-4,-9
8,13,11,-1,0,-3,3,5,11,6,10,-11
-7,5,-11,-13,9,6,3,1,6,9,-2,-3
-12,5,-1,-16,-12,-8,-5,17,-1,9,-11,4
-9,14,8,-1,1,-4,-13,1,7,-16,12,-8
9,-8,8,-2,-6,-7,-12,6,-11,13,-1,-15
-3,8,3,16,-5,9,-7,6,-13,18,8,3
7,4,1,6,-10,12,-2,-3,-9,0,-1,-1
9,23,-4,0,10,-11,5,5,8,14,-4,4
9,-8,-3,0,-5,23,-5,-7,9,15,-3,14
1,0,-3,2,-10,22,0,19,11,-2,6,-11
-7,23,1,24,2,2,-3,3,-8,23,10,25
-2,-3,-12,-2,-11,11,-2,22,-4,22,-2,1
11,8,11,27,-10,-1,-4,5,12,-3,-14,12
-13,24,-12,-4,-9,11,1,-2,-8,10,-1,4
0,-3,1,9,-11,6,6,-2,7,-2,-7,3
-1,28,12,12,-3,25,-2,23,12,10,-12,7
5,27,9,31,-13,18,-5,9,-12,10,7,6
0,22,1,-1,-8,21,-3,12,-6,22,7,16
4,27,9,21,7,15,3,-1,9,17,-13,1
-2,1,0,20,4,19,-5,23,-1,29,-10,17
-2,31,-11,25,4,32,-6,23,-6,31,5,23
10,-17,-6,-13,-4,-31,12,-23,-8,-36,-6,-26
-13,-16,10,1,2,-33,-12,-20,-6,-28,-4,-10
-13,-18,8,-7,3,-18,11,-3,-13,-30,1,-34
-8,-6,-11,-27,12,-21,-9,-18,-11,-3,2,-14
4,-20,-11,-5,-12,-6,7,-9,-7,-14,1,-14
3,-18,9,-31,-4,-22,-4,-14,10,-21,-3,-13
6,-18,10,-11,-11,-11,-9,-17,10,-29,10,2
-8,3,5,-21,-5,-15,0,-12,-12,-3,-1,-17
-13,-11,-4,-19,3,-28,10,-7,0,-2,10,-14
-10,-2,-7,3,12,-19,2,-26,11,-25,10,-12
-7,4,4,10,-10,3,7,-20,5,-7,-1,1
4,11,6,11,8,-6,-1,-22,-8,-23,13,1
-13,-20,6,-19,6,1,6,7,4,-18,1,6
7,11,7,6,-2,-7,-11,-23,12,-22,7,-10
9,12,13,3,4,-1,-12,7,-7,7,5,13
3,-17,1,-7,-8,-8,1,-9,4,-8,9,13
12,-5,3,-15,-2,-9,-2,-8,8,-17,0,6
4,-15,-12,-12,-13,4,-11,-10,0,-17,-12,-8
6,14,-9,-7,-1,-16,11,-8,-10,5,12,-7
7,-17,-3,-16,13,4,6,9,6,15,-2,5
-13,-3,10,5,0,12,-5,-3,1,4,0,5
-11,11,-6,13,9,-1,-5,2,-4,8,4,-2
10,21,10,14,5,11,6,-7,-7,14,1,12
-6,19,-12,11,11,-13,0,13,-3,3,3,22
9,-6,-13,11,-9,17,-10,4,10,0,8,15
-4,24,-4,-11,7,-11,11,0,-13,15,9,8
6,26,-13,25,11,23,0,15,-11,2,-9,19
-6,25,3,18,6,13,9,4,-6,-8,-10,3
0,24,-1,0,12,2,-6,27,-12,6,-6,-6
-7,21,-11,18,-5,-4,-5,17,8,19,1,15
-4,25,5,0,10,13,4,16,-1,26,-5,29
8,0,6,-4,13,-3,-10,10,3,-2,2,-4
-2,31,-4,29,-7,18,-3,17,6,0,-11,-4
5,29,-5,28,4,14,9,25,-3,21,-11,32
-3,29,2,9,-3,16,9,20,-8,18,-4,27
-12,35,0,35,7,15,5,31,-3,32,-2,28
10,33,-12,27,4,2,-7,21,-7,13,-1,23
-2,-34,7,-18,-4,-21,3,-8,8,-21,8,-15
-12,-13,3,-34,-3,-27,-7,-19,12,-22,3,-2
-2,-20,-10,-21,-3,-27,-10,-21,14,-16,-12,-32
-9,-18,-4,-16,-4,-20,4,-20,-7,-14,-8,-31
2,-26,12,-22,-2,-9,-12,-30,6,-16,-3,-5
-11,-15,-3,-18,14,-13,-6,2,-5,-20,12,-17
8,-12,11,0,9,-17,-6,-25,-3,-1,-1,0
-8,-26,11,-14,4,-11,-9,-11,-3,-8,9,-25
-11,-20,-11,-13,2,-25,3,-20,10,8,11,-26
13,6,-2,-3,-11,2,7,-3,-5,-10,-2,-11
5,2,12,4,11,-8,13,-25,2,-13,-3,-3
-5,3,8,-14,-9,-10,-1,3,-8,-12,3,-25
14,-19,-3,8,-1,-11,-9,-22,5,1,-6,-1
-1,-21,-8,-4,-12,7,8,-21,9,5,-12,5
9,-21,-2,-22,-4,-10,7,-21,7,-20,9,-2
14,-2,-3,-17,7,-16,9,-19,-12,-13,-1,-5
-9,15,0,-16,-3,-3,-6,-7,6,-17,14,-16
7,-6,9,3,-12,3,0,0,6,-12,10,17
-2,5,8,3,14,2,12,-11,12,-8,-8,6
6,-6,0,13,6,-6,-6,-6,3,8,12,3
2,-15,-8,-15,9,10,-3,-4,9,-6,5,-14
11,-10,13,1,-9,-6,-4,0,-1,5,12,11
5,20,13,7,12,0,11,-2,13,-3,8,1
-6,4,14,15,-12,-2,3,8,5,16,-12,6
2,-1,14,4,7,12,11,-10,-1,5,-4,5
-10,22,-4,10,3,17,3,14,4,23,11,15
-12,25,-10,-9,-10,6,-8,2,-8,-4,-6,19
12,6,-6,-2,0,25,-5,-6,-10,-9,1,-1
4,4,1,-5,-9,16,1,12,10,-6,-6,23
0,28,5,5,7,29,8,12,-1,16,-6,25
6,28,6,3,8,-2,-1,-3,6,29,-8,30
12,29,-3,11,-2,12,-8,27,13,11,-11,30
0,28,11,22,-4,28,-1,19,-8,20,-10,5
0,30,8,30,-11,33,-9,9,-5,11,-3,10
-8,16,-1,9,12,5,-10,34,10,30,-9,6
-3,32,-12,27,13,3,-10,25,-8,31,-9,24
9,34,0,9,-6,14,-1,11,-6,19,-2,20
-10,-22,-11,-4,7,-19,-5,-28,-7,-6,-10,-15
2,-19,-6,-25,2,-33,-2,-3,-7,-34,6,1
13,-12,-5,1,11,-14,8,0,-4,-3,-5,-28
14,-33,7,1,-11,-8,-1,0,-5,-21,-8,3
11,-30,3,-17,-11,-6,-5,-20,7,-27,6,-29
7,-21,-11,2,3,-11,9,-23,-1,-28,14,4
8,-20,10,-11,7,-26,10,5,12,-14,15,-13
9,-21,13,3,3,-8,-2,-13,3,-7,8,-24
7,-20,15,6,-2,-10,-7,-5,-2,5,-2,4
-11,-22,2,-6,1,0,9,-10,9,-6,8,-14
12,-10,10,-13,14,-7,11,-5,5,-9,-3,0
-2,4,-5,-5,2,-19,6,-22,5,-16,-5,-17
-8,-24,11,0,-4,-7,7,-4,-9,-18,12,10
3,-2,-10,-22,-7,-6,-5,-1,2,-22,-5,-13
11,-1,5,-18,1,2,6,-16,15,-6,-2,13
14,8,6,-8,1,4,-9,-3,-3,14,-3,-11
7,-19,4,13,-7,-16,0,-2,13,-12,3,12
4,1,14,-15,7,-14,0,-3,7,-19,2,6
-4,8,-8,16,1,5,-9,1,-7,3,-1,-12
6,-6,4,12,15,5,-3,11,-2,-16,13,-15
14,8,-4,-13,14,2,-9,8,-4,-14,3,0
-10,12,-2,7,-10,-3,-9,8,7,3,14,-14
-9,21,-1,2,3,17,5,6,-9,-3,-2,10
-5,11,-8,-10,14,20,11,16,14,4,4,7
12,22,-8,-4,-5,23,5,-7,12,5,-6,4
2,24,6,-6,5,25,3,25,-11,0,7,5
1,26,-10,4,-2,22,2,12,-5,10,7,-2
15,24,-1,23,10,26,0,5,11,2,-3,13
-11,23,13,19,4,14,-6,19,1,27,-7,26
4,12,13,4,-10,24,-11,9,3,18,8,22
-6,28,2,2,-5,24,-9,21,1,23,7,-1
8,6,-8,21,6,0,-4,-4,-9,0,8,25
12,-4,4,23,11,1,-5,-1,12,31,-6,6
2,7,12,5,-4,7,1,1,9,6,6,8
13,16,14,1,-5,29,-6,28,-11,17,1,30
9,4,14,16,13,2,0,5,-3,28,10,24
3,20,1,2,-7,21,-4,36,10,29,-11,22
-5,-18,13,-3,12,-17,11,-9,10,-13,-4,-27
0,-27,0,-7,1,-34,13,-28,-2,-27,9,-11
5,-31,4,-26,-7,-29,2,-14,7,-11,-3,-34
-3,-12,14,-33,-2,-4,16,-31,-9,-12,9,-1
-3,-12,-9,0,4,-19,-1,4,7,-22,9,-7
-4,-13,-3,-19,13,-21,-4,-22,-10,-31,-4,-17
7,3,16,-1,-5,6,6,-11,15,2,-1,-18
-5,0,-2,-23,6,-22,11,-6,-8,-8,13,2
-2,-10,4,-6,9,-16,1,8,8,-27,-4,-28
1,-22,2,2,3,-9,-5,6,-3,7,16,2
-4,3,15,7,13,-25,3,-14,-2,7,8,2
2,-18,-4,-15,10,-23,1,1,1,6,16,-19
14,-5,2,-12,7,-16,12,-24,5,-22,-1,-18
-2,11,14,-17,13,-8,10,5,6,-15,-5,13
10,-18,-4,-13,10,13,-5,-9,11,1,0,-19
0,-14,-7,-2,3,13,-4,14,6,-8,-6,4
5,-8,8,9,-8,15,-5,6,3,-5,16,10
-7,14,-10,-9,0,-3,15,17,10,16,14,12
11,18,13,-12,12,14,0,-4,-4,-18,5,18
7,-1,5,-10,-6,17,-8,17,9,3,16,10
-7,20,-8,4,-4,18,-5,18,2,-11,8,11
5,17,-8,-3,3,-2,1,5,-5,-5,-8,18
6,19,2,-11,-10,5,-6,-14,15,-14,1,-1
-6,23,0,-7,6,15,-7,19,5,4,4,-12
15,18,-7,-12,0,12,-9,5,7,15,-3,22
13,20,15,13,3,3,-9,-1,7,-6,-3,2
1,-1,8,10,4,-6,13,20,-6,2,-3,21
15,8,6,-1,-4,12,10,13,1,-3,6,19
10,25,-4,0,-9,20,12,12,16,1,8,22
14,26,5,23,-1,-1,15,11,-9,16,-9,2
4,6,8,-2,-2,-4,10,-3,3,7,14,13
-10,-5,2,18,4,25,-4,12,11,4,15,21
-6,29,-10,32,2,11,3,11,15,10,14,6
10,10,0,2,-6,11,-9,1,8,9,-7,27
-7,26,1,1,11,23,16,17,9,1,-8,25
16,12,-3,33,-2,27,-8,28,10,26,11,10
0,36,-8,2,10,20,-2,12,12,7,16,8
15,-29,-5,-11,-2,-32,-6,-17,4,-2,8,-16
-9,-34,-7,-35,-9,-17,-2,-35,10,1,3,-22
-6,0,16,0,16,-33,-1,2,16,-14,10,-3
16,1,-9,-33,-4,-18,1,1,15,3,5,-26
17,2,14,2,7,-10,-2,-23,8,-11,14,-25
15,-14,-9,-11,5,-15,-6,-11,0,4,-2,-2
13,-11,-2,-13,0,3,16,-16,-8,-15,-1,-30
5,-15,5,3,1,-24,1,-24,7,-2,-6,2
4,8,-6,-11,10,-11,-6,-5,10,-27,-8,-20
-5,-11,-9,2,5,-27,-6,-5,-6,-18,14,-24
-9,10,-4,2,13,2,5,5,7,-16,-6,-13
-8,7,-2,-7,10,-12,5,-1,8,7,11,2
15,-18,12,7,-2,0,0,-24,5,2,-5,-15
-1,8,-9,-6,10,-9,-3,8,-6,9,-8,1
12,-10,4,-2,1,-21,2,11,10,3,10,4
6,-20,13,-17,6,-12,17,-16,10,13,-7,-11
12,12,1,13,17,-5,-5,-11,5,3,3,11
5,12,-3,17,15,4,0,15,12,15,0,15
13,-1,0,8,2,0,-1,9,-4,6,-4,12
15,-12,16,-4,7,3,-8,-11,11,-1,15,-1
7,-6,14,13,-2,9,2,-7,9,6,7,11
-7,-13,9,-8,4,-3,-9,11,-7,14,17,-3
14,16,4,8,11,13,-3,0,-8,5,-4,18
4,-4,17,-6,3,6,-7,-7,16,18,9,12
11,8,-7,16,5,22,17,-9,9,19,9,9
11,8,-5,1,-8,-11,-8,-2,-2,9,12,15
5,-8,17,2,12,-1,6,-1,12,21,17,25
10,9,4,17,0,17,-1,-5,14,25,11,-2
0,-2,-5,23,13,17,-7,4,13,11,14,27
0,9,-8,22,10,0,0,4,5,27,7,11
-8,22,8,26,14,5,-5,19,2,15,3,3
4,1,12,25,7,0,1,5,2,13,-5,7
1,15,4,14,13,23,-9,18,15,28,13,10
9,13,-5,19,-1,-3,-5,23,-3,5,11,7
14,0,12,15,4,15,4,2,-7,20,-9,6
1,14,-7,22,-3,11,2,-1,15,22,8,24
0,15,-1,19,1,14,-3,19,-6,0,10,27
-2,-5,-4,-2,-1,-33,1,-35,17,0,-2,-25
-1,0,11,-12,13,-21,9,-23,9,-4,-5,-33
7,0,9,-12,14,2,-8,-29,5,-26,8,-28
7,2,16,-10,4,-17,3,-3,14,-20,5,-15
-4,-15,2,-20,8,-7,16,-5,4,-30,-8,-11
-7,-31,2,-16,11,-28,16,-14,8,-19,-2,2
12,-28,12,-27,-3,-5,-4,-2,4,-30,0,-2
9,2,14,-2,3,-3,16,6,17,-5,-2,-8
17,-15,9,2,8,-18,-8,6,0,-23,17,-20
6,-14,-4,5,2,-23,-6,-16,-5,-24,9,-26
-7,-24,-7,-9,14,-17,-3,-4,15,7,-3,8
-2,2,9,-5,16,-14,12,-25,-6,-22,17,-25
14,-17,-5,7,5,0,2,8,10,-18,13,-1
-5,4,13,2,4,-20,3,-15,16,10,4,2
14,14,1,-15,14,1,14,4,-3,-13,-3,5
7,-8,1,4,18,-13,-6,11,7,3,2,15
15,-17,17,10,9,-1,-5,11,3,-10,7,1
17,-10,4,5,6,10,-3,-7,2,-8,11,14
18,-1,1,17,16,14,-2,-12,18,15,9,1
1,13,-1,-16,4,13,-7,-4,-5,18,3,2
-5,-13,14,18,17,6,-1,16,10,5,12,10
4,1,8,17,-3,19,-1,-2,16,14,2,6
5,0,-7,-14,-4,16,-7,20,-1,-5,-2,22
0,12,3,6,11,8,14,-5,12,20,10,19
-1,13,-6,4,1,18,2,-6,-7,-6,8,-11
-8,-5,1,8,-6,22,-3,25,8,24,-4,9
6,8,11,-6,-6,24,7,22,6,4,-7,23
4,15,4,10,1,27,4,-1,16,6,5,-2
-6,-2,15,23,0,27,-6,6,5,13,16,9
8,-7,-1,0,0,20,-4,13,5,-1,10,13
7,-6,11,29,13,28,18,1,-1,30,-8,11
3,9,8,30,3,0,2,24,10,22,6,-2
9,23,11,21,13,14,9,7,6,29,-1,7
7,14,-3,9,9,22,-1,30,-4,1,8,20
12,20,-1,6,3,17,14,0,6,34,8,17
2,27,-6,32,-5,7,11,4,-1,27,-8,9
-4,11,1,15,1,25,-7,3,-7,5,-3,28
19,-6,13,-1,-2,-14,8,-1,7,-30,6,-32
18,-31,16,-35,0,-5,0,-30,18,-31,15,-8
4,-3,6,0,14,-22,-6,-2,-4,2,18,-17
15,-24,11,-7,15,-33,-7,2,0,0,-3,-26
1,-2,2,-1,10,-10,16,4,11,-4,15,3
13,-17,18,-16,13,-22,16,4,15,-25,17,-19
19,-22,-7,-28,9,-15,14,-17,-3,-1,18,-9
-6,-5,7,-22,6,6,12,-7,5,-15,-7,-26
11,-19,12,-11,7,-16,10,4,15,5,-6,-10
10,-10,-5,3,-3,-15,-5,-6,1,-7,-2,-26
3,4,7,0,-2,5,-2,-23,8,6,4,-20
6,-10,2,11,18,-10,-1,-15,10,5,0,-20
15,-8,-5,-3,13,-1,19,10,3,11,15,2
6,-15,4,9,-5,-9,-1,-22,16,7,7,4
16,-11,17,-8,3,-3,0,1,9,-2,0,-15
5,0,2,-16,-4,14,18,-11,13,11,19,10
8,-11,-5,14,8,-19,0,14,8,8,12,15
2,-17,13,6,15,3,-2,10,-5,16,19,-12
11,-5,1,15,0,17,7,17,0,3,14,-5
-4,-15,17,16,-4,11,13,14,-1,-3,15,6
-5,8,6,-16,-7,-13,19,-5,-2,17,10,15
16,-5,18,3,15,11,-4,-11,5,-4,14,9
14,3,12,18,13,10,18,3,12,17,12,-13
3,7,15,18,0,9,8,-3,0,-13,14,-10
5,-12,0,2,9,-9,7,-2,-7,2,15,12
4,9,-1,1,17,4,12,16,15,-8,-6,20
13,7,-1,23,10,25,-4,11,2,21,1,-7
2,19,16,9,19,-4,1,10,-2,-6,14,27
4,9,8,1,-1,19,18,-6,18,27,5,-4
3,11,3,19,10,8,5,0,11,6,-1,28
7,18,8,4,-1,20,2,8,18,12,9,25
-7,21,2,5,17,14,6,-4,11,24,17,29
-1,11,16,13,7,19,9,2,6,14,9,9
2,23,-7,22,11,-1,3,24,16,33,-1,15
-4,11,6,13,11,14,9,12,15,2,-3,33
17,25,14,13,16,19,18,34,6,27,3,14
0,17,-1,5,1,20,14,34,8,29,1,33
13,-30,-2,-1,1,-35,-1,-30,12,-16,6,0
6,-22,13,-5,18,-27,9,-6,0,-33,-2,-2
14,-24,2,-2,3,-21,19,-23,13,-26,14,-11
-6,-23,9,-10,5,-2,10,-9,-2,-25,8,-20
16,-2,-1,-21,13,-9,4,-14,12,-2,-4,-11
4,-28,11,-12,-4,5,0,-11,4,-26,6,-2
19,-28,12,-11,11,3,1,1,17,-26,-1,-16
15,-10,-3,-6,8,-23,16,-4,16,-28,-2,-18
14,-13,0,-25,1,-10,8,6,2,-27,1,-10
20,-27,10,-21,10,-8,13,-7,0,9,-2,-19
9,3,8,10,-2,-26,-1,-15,16,-21,-1,-19
12,-10,14,-12,-3,-7,-3,0,4,-5,-1,-6
20,-17,0,1,18,-15,-1,-15,-4,8,-3,-18
5,2,2,-9,10,-10,13,0,0,-14,-2,9
20,-4,4,-3,3,-10,16,-5,-6,2,-2,-9
-5,-10,17,-17,13,-5,-4,7,20,11,6,-16
3,-9,0,-1,-6,9,-6,-13,-2,-5,3,-6
15,3,-1,16,-4,-1,-1,-2,15,14,3,7
7,-17,11,-17,13,-12,1,10,16,5,3,15
5,10,11,-10,-4,6,8,16,0,-16,7,16
4,-3,17,0,5,1,-2,2,-2,-16,1,17
-3,-6,2,0,2,-14,12,7,-6,3,9,-12
2,10,11,-10,20,18,1,3,-1,15,3,4
7,12,6,21,1,2,8,12,15,-2,11,-3
-2,-8,-6,-6,9,5,-1,-10,2,22,-1,11
12,7,-2,10,-2,2,1,8,11,0,-2,16
10,8,16,2,1,23,-3,20,-5,17,3,-3
-5,0,4,13,20,27,3,16,2,21,1,21
5,8,18,21,-4,4,-4,7,18,6,-3,19
-4,10,-5,-3,-5,27,13,-4,20,7,1,-6
-2,8,6,4,-2,5,-5,22,20,19,-5,23
3,-5,9,30,-1,18,-6,16,8,5,14,26
-3,3,17,21,-3,27,15,32,20,24,3,1
-1,12,10,31,17,4,-6,7,8,6,18,25
-4,11,-2,18,10,24,2,14,-6,0,-3,-2
9,24,2,-1,2,33,6,35,9,15,11,6
-3,12,8,35,3,3,3,28,0,30,-1,6
11,-9,-1,-7,8,-7,11,-20,11,-18,3,-4
11,-9,2,-5,-4,-10,5,-9,-4,-34,-3,-31
17,-12,-4,-13,4,-24,13,-11,-3,-19,16,-26
11,-11,1,-22,14,-29,13,-29,9,2,7,1
9,-5,16,-9,3,-16,13,-8,-5,-29,0,-6
11,-8,3,3,14,-29,13,-15,-5,1,1,-3
-1,-24,7,6,15,-8,13,-9,11,6,8,-8
7,-2,0,-23,15,-12,-3,-4,6,-18,20,-22
-1,-28,1,-24,5,-28,12,-23,5,-19,7,-8
8,0,0,6,3,-16,13,2,19,-9,7,-25
18,-2,13,2,20,-15,13,-20,0,-8,15,4
10,-3,15,1,8,-6,16,-9,-2,-5,21,8
0,-13,-3,-14,-5,0,5,-8,5,-23,19,0
5,6,12,-2,5,4,15,-2,3,-19,-1,-19
3,-20,0,-6,-5,-17,13,-19,-4,-19,13,11
-1,-9,20,4,4,-20,21,8,17,-4,20,-18
10,7,13,-6,-2,-19,-5,4,16,-3,15,-19
11,2,7,-8,12,-16,18,-1,21,7,20,-13
-3,-8,18,-6,11,-17,21,13,14,12,3,-2
10,7,14,-9,-4,2,18,-2,10,17,-1,2
-3,-1,17,14,-2,-14,11,2,-2,15,17,-3
4,-14,-5,7,-1,-12,3,-7,-1,5,4,6
8,-14,-4,17,8,7,8,14,5,22,8,15
13,-7,3,9,6,-4,10,-9,3,11,-2,3
11,2,15,12,2,-7,10,-5,10,-1,18,-12
7,15,-3,-2,2,9,-2,13,5,-7,3,8
19,-8,-3,19,20,-4,15,14,20,-7,-4,15
7,-6,16,15,21,7,10,5,7,4,16,22
3,7,-3,11,5,27,-4,4,2,19,-1,22
-4,10,-5,11,13,5,14,1,9,-7,17,18
8,12,-2,15,12,12,12,12,12,-3,8,-1
21,11,-2,17,5,-3,8,28,4,12,18,4
1,12,5,31,3,14,19,-4,14,5,-2,10
5,13,-5,9,0,5,11,25,0,32,14,-3
4,25,10,10,16,9,1,27,15,-1,13,13
11,27,6,32,-5,26,6,30,16,5,5,22
3,0,-4,11,0,12,3,7,12,12,-3,31
14,-16,3,-15,19,-32,6,-5,11,-15,15,-8
5,-12,17,-30,17,-30,19,-11,-4,-20,10,1
1,-25,2,-17,-1,-24,2,-32,16,-24,1,-31
1,-19,14,-11,14,-23,12,-2,2,-2,22,-22
6,-6,18,-27,21,-19,11,-20,4,-19,-4,-18
11,-10,13,-5,18,-7,0,-1,17,-23,-1,-27
14,-3,19,-17,10,-23,-2,-26,1,-18,1,-19
14,-6,0,-16,18,-28,15,1,11,-7,15,-15
3,-12,1,-9,7,8,8,-14,9,-28,1,5
16,0,3,5,19,3,7,0,14,-1,-1,8
2,-17,13,1,-1,6,16,1,-3,2,-1,7
10,-2,10,-5,2,4,0,-19,2,-9,7,-25
-1,-14,10,-8,-2,3,11,12,8,-23,20,-20
10,5,20,-18,-3,-9,-2,-21,5,9,17,-21
4,6,8,-4,19,5,-3,0,20,12,-4,-10
7,-9,17,15,21,-21,10,5,7,8,7,-1
7,-19,21,-8,9,-19,3,-12,-4,16,5,11
-3,-12,5,-13,2,-18,15,16,4,-10,-1,-8
14,-15,20,7,-3,-14,21,14,13,-11,2,12
-2,-5,19,-16,7,-9,20,17,5,13,22,6
-3,10,17,-15,10,2,3,4,6,-8,11,0
22,14,0,15,19,6,8,7,15,-3,21,-6
5,-5,-1,-4,6,-8,22,-8,16,5,10,-8
9,13,21,10,0,-12,9,3,7,-13,8,-7
13,11,18,-4,9,13,2,22,19,10,-3,-6
8,3,18,2,17,22,0,-3,9,25,18,18
8,-6,7,21,22,-3,8,15,4,1,17,23
-4,-2,-3,-7,20,9,0,25,8,1,14,3
8,15,7,20,17,-6,18,22,16,3,9,9
9,-2,17,8,11,12,7,-3,0,26,15,-5
9,11,5,2,10,20,20,15,12,10,13,22
9,-2,2,-3,7,2,0,16,12,0,0,17
13,17,-4,10,3,32,-1,6,18,6,6,-3
-3,7,3,16,19,-1,19,22,1,27,7,6
4,9,22,9,-2,26,6,26,13,14,8,31
5,23,18,0,-2,-1,-4,24,-4,11,12,2
13,26,16,36,10,8,22,16,21,8,1,4
17,-8,4,-26,3,-16,2,-4,1,0,7,-25
15,-9,16,-8,2,-11,11,-13,11,-23,2,-35
3,-20,8,-14,1,-2,10,1,9,2,0,-17
15,-11,6,1,-1,-31,19,-22,4,-30,2,-13
15,-11,-2,-12,-2,1,1,-10,19,-12,11,-4
18,-4,11,-19,11,-20,20,-25,4,-8,20,-9
21,-3,13,-9,23,-29,19,1,2,-24,7,2
3,-17,18,3,19,5,6,-9,2,-18,6,-1
-3,0,10,-14,10,-8,18,4,0,5,8,-11
2,-27,15,5,19,3,8,-17,-1,-2,20,2
7,-25,16,-26,14,-10,21,-25,20,-18,23,6
4,2,12,0,17,-22,-2,11,21,-18,19,-8
18,-14,12,-24,8,-20,21,-10,6,-21,5,-15
22,-16,0,12,15,-14,13,2,1,-16,-3,0
23,-16,-2,13,11,11,18,8,-3,13,11,11
22,-2,1,-15,7,7,21,7,4,-16,17,-9
14,10,9,11,-1,-14,13,-12,6,-8,14,-5
5,13,3,-1,21,-13,10,-16,15,6,0,15
-2,-5,-2,8,13,15,9,-3,6,7,23,4
12,1,18,-8,2,-10,5,-16,9,-11,-2,-2
10,13,5,20,12,4,4,9,5,-6,-3,20
14,14,16,5,9,-3,-3,-11,6,-15,-3,-4
13,11,-1,1,-3,17,22,1,7,16,3,1
-3,-1,8,11,10,-3,14,6,10,11,0,10
23,9,10,19,10,-5,-1,21,5,15,14,23
0,-6,12,17,9,6,12,12,15,12,4,1
15,-3,23,21,4,9,-2,9,12,9,20,15
17,7,14,20,12,14,22,19,-2,4,16,27
3,15,12,8,14,28,22,26,22,13,4,19
9,12,21,13,3,-5,19,25,-2,22,19,8
5,7,18,28,18,24,-3,11,-3,7,-1,1
10,-1,19,-3,21,11,19,-4,4,24,22,25
10,-2,14,13,17,2,21,26,2,23,9,13
13,16,17,27,21,24,-3,28,0,8,22,1
-1,7,17,25,7,27,5,20,0,24,19,18
20,26,17,0,9,0,11,4,16,27,9,34
21,11,22,20,4,27,-1,30,-3,31,14,8
2,-35,24,-3,3,-36,1,-22,10,-9,0,-22
20,-8,1,-3,16,-4,3,0,2,-9,9,-7
3,-27,19,-26,2,-3,20,-22,13,-11,14,-27
2,-31,17,-26,2,-11,20,3,19,-31,-1,-20
16,-8,20,-21,-2,-32,15,-23,6,4,16,-3
12,-9,15,-22,0,0,10,-14,22,-25,19,-13
9,-2,-2,-22,6,-9,22,-27,12,-6,18,-8
20,-3,23,-29,2,-4,15,-27,2,-10,15,-17
13,-2,5,8,14,-20,1,-25,-1,-19,2,-25
3,-17,11,-16,23,-6,13,-9,8,-13,21,0
12,0,13,-20,24,2,3,-18,6,-9,16,-13
20,-10,6,2,0,-1,23,0,6,-25,9,-7
7,12,9,-19,-2,-10,-1,-8,9,-17,23,-5
4,12,12,-19,-2,-17,1,-16,19,13,22,-22
3,13,11,11,8,8,15,-6,9,-19,11,13
19,-19,20,-11,13,4,-2,7,-1,9,7,-4
2,-1,18,8,2,7,11,-20,8,-8,7,-5
24,-17,-1,3,15,-12,7,-11,-1,15,20,3
13,-8,24,-16,0,-9,-2,-5,6,3,9,3
16,-15,18,-17,15,12,13,5,1,-16,8,-8
11,-9,16,-4,21,18,18,-2,-2,-7,5,-13
-2,-4,6,-2,5,13,6,5,7,21,-2,-14
7,4,17,-4,9,14,8,-11,1,-4,16,4
1,-12,11,-4,7,8,13,7,7,9,14,2
7,7,2,-12,8,19,16,18,13,21,8,-7
4,15,4,4,-1,-5,24,22,13,7,0,18
15,8,14,7,14,22,20,-4,11,0,19,6
1,-1,24,18,19,-5,1,2,4,15,4,-7
12,-1,13,0,18,-1,11,16,9,0,11,24
12,-2,14,5,4,4,22,9,23,0,2,3
17,10,18,14,1,17,-1,24,1,18,17,4
9,-5,2,21,13,-1,7,-3,12,0,2,23
19,11,8,17,8,9,16,29,10,26,4,0
-1,9,11,32,10,3,14,7,11,0,6,5
19,14,23,24,7,12,23,3,20,14,0,13
-1,24,-2,8,22,0,12,13,24,-1,9,14
15,20,4,1,21,8,16,28,18,5,20,6
5,-23,21,-10,9,-2,0,-3,6,-11,-1,-18
18,-7,16,-10,16,-3,21,0,4,-30,25,-35
4,-28,13,-31,22,2,12,-13,-1,-1,16,-30
7,-23,17,-32,12,-22,18,-12,23,-28,18,-30
14,-9,14,-13,16,-19,3,-8,1,4,0,-18
4,-28,-1,0,16,-22,23,-7,11,-5,4,-23
4,-26,15,-29,22,-17,23,-10,14,5,7,-18
4,-21,7,-26,2,-10,10,-8,1,-11,18,-10
3,-20,21,-3,5,-25,19,-23,4,8,10,-26
12,-5,23,-24,0,-14,11,-1,2,-10,-1,-18
19,-5,8,-3,24,-12,0,-18,12,-9,25,-1
22,1,-1,-14,2,-3,2,3,2,-13,19,-17
16,8,8,-21,15,-7,11,-23,0,-6,20,-12
4,-4,10,11,9,-1,16,-8,1,-7,1,-22
25,10,2,-6,19,6,4,-8,17,-13,1,-5
20,9,25,-13,7,3,16,8,20,-9,19,-10
24,3,-1,6,24,-3,25,-8,-1,9,18,-12
24,-9,16,-5,10,1,22,10,18,-14,-1,12
11,0,10,11,4,-15,12,-4,11,6,2,-13
9,4,19,-11,0,6,3,12,13,-13,21,14
23,-15,13,11,6,-2,2,-3,14,-6,11,12
18,-12,21,8,25,-2,8,12,6,-9,20,7
16,0,7,-9,0,18,13,1,3,3,14,8
7,1,20,7,6,-13,24,7,-1,4,16,-7
1,-5,7,-1,7,10,9,-10,2,10,22,-11
7,8,13,-10,15,-7,4,20,7,3,0,-6
8,3,1,7,17,3,24,19,11,-7,12,18
15,6,18,0,6,12,17,-8,9,4,9,26
16,-8,4,18,25,-5,11,5,2,22,5,17
12,6,3,21,23,27,15,5,22,14,0,9
13,2,0,27,15,24,7,20,6,20,7,18
6,24,14,27,25,24,19,20,7,18,9,14
23,-1,9,14,24,12,20,22,22,2,7,2
8,18,21,19,4,8,6,26,-1,27,0,31
14,6,21,7,9,5,18,27,12,31,-1,23
15,4,15,8,0,8,21,13,21,28,21,2
25,4,24,11,-1,20,21,33,25,4,19,17
5,-24,3,-18,14,-1,0,-16,7,-23,3,-16
18,-10,0,-31,14,-16,21,-6,18,1,21,0
25,-8,1,2,19,-24,25,-4,3,-15,1,-4
10,-8,2,-19,4,-27,12,-4,22,-5,12,-18
4,-19,18,-17,5,-11,17,-15,10,-26,7,-18
4,-24,3,-30,16,-29,22,-7,5,-14,2,-6
3,-19,19,-2,5,-3,4,-23,23,-12,18,-16
18,-10,12,-24,25,-3,26,-12,11,-27,1,7
16,-8,26,-15,10,-13,26,-13,24,-9,16,-3
2,-2,12,8,10,-6,5,-22,7,-9,24,-6
8,-3,20,-12,21,10,8,-20,0,-3,0,0
17,-6,22,-4,19,-5,25,1,26,-23,12,1
8,-4,8,-16,6,-16,16,-24,25,6,15,7
9,-1,26,-17,23,0,16,-12,0,-22,2,-4
19,-7,21,4,3,-16,12,-20,12,-6,0,7
12,1,12,7,2,-4,8,-11,7,3,6,-5
19,-20,20,-15,22,-12,10,0,20,14,11,7
1,-1,6,10,26,-5,2,-18,1,-8,11,6
23,-9,13,14,11,-4,12,-18,10,-1,1,10
5,-1,14,7,7,-8,10,-5,14,-1,2,3
14,-12,3,11,3,5,6,-9,11,-7,25,6
8,6,15,-1,2,-7,2,-5,12,13,19,-4
19,0,13,-4,12,-6,20,-7,23,-3,21,16
19,-12,7,11,12,0,12,10,10,19,0,-13
24,4,3,-7,13,3,16,-10,17,2,21,-12
18,1,10,0,10,-3,0,0,5,5,15,13
18,21,18,-8,14,17,3,-4,25,19,8,13
1,-5,23,18,0,1,24,4,0,-4,0,25
18,22,2,27,3,9,8,3,19,9,0,8
4,8,24,-3,22,5,1,7,9,6,18,-7
9,-2,22,27,5,13,3,-1,4,16,20,10
13,16,12,9,13,3,3,-5,3,29,0,27
24,5,9,7,1,-3,23,30,2,16,21,24
17,32,5,15,17,9,19,30,5,5,1,19
2,-1,0,17,18,25,0,-1,11,12,26,18
17,14,16,14,6,15,4,1,26,10,0,6
11,32,14,9,24,22,2,20,3,6,21,6
