-20,-27,-6,-15,-20,-16,-22,-4,-26,-24,-23,-18
-12,-1,-14,-9,-18,-8,-13,-14,-4,-6,-21,-20
-17,-26,-14,-30,-8,2,-9,-7,-3,-24,-3,-6
-7,-20,-13,-25,-3,-6,-17,-12,-24,-13,-25,-26
-19,-7,-11,-3,-3,-32,-8,-22,-3,1,-7,-30
-22,-17,-6,-9,-22,-22,-21,-30,-5,-18,-9,2
-5,-23,-4,-8,-20,2,-18,-16,0,-12,-2,-23
-7,-18,-2,7,-14,4,-3,-25,-6,0,-2,-7
-2,-6,-4,-5,-8,-9,-18,-21,-9,6,-21,-6
-8,-1,-13,5,-14,-13,-24,-6,-23,4,-3,-27
-25,-9,-9,6,-19,-10,-5,3,-7,-7,-22,-6
-25,3,-6,-13,-13,-11,-6,-23,-6,-16,-25,-24
-18,-16,-5,-4,-18,-4,-6,-12,-12,-20,-6,-9
-22,-14,-8,11,-14,9,-17,-7,-16,-13,-3,-15
-13,-16,-24,3,-25,11,-26,-14,-5,1,-8,-5
-25,6,-21,1,-5,-17,-6,0,-10,-10,-9,-2
-19,9,0,13,-2,8,-5,0,-9,11,-16,-3
-24,17,-21,-5,-17,-7,-20,-4,-6,13,-13,0
-19,8,-14,16,-23,17,-10,6,-11,-2,-7,-15
-20,13,-2,16,0,9,-25,-1,-7,19,-5,-5
-9,-9,-4,-6,-7,20,-17,14,-21,-1,-22,12
-23,-1,-5,-11,-13,-4,-10,-9,-4,8,-2,16
-9,-4,0,-14,-9,17,-10,20,-25,3,-8,7
-21,-10,-16,4,-11,7,-25,4,-10,10,-7,15
-21,9,0,5,-5,14,-4,21,-12,8,-12,4
-17,12,-8,10,-4,13,-7,16,-2,-10,-11,23
-3,10,-11,-9,-1,6,-2,0,-14,-7,-5,7
0,19,-26,3,-1,4,-13,-5,-8,-6,-2,9
0,19,-23,18,0,8,-15,5,-23,9,-13,-2
0,9,-9,29,-5,10,-17,-2,-22,23,-10,-6
0,9,-21,2,-17,14,-2,9,-22,9,-24,19
0,9,-17,11,-3,12,-20,12,-2,25,-1,10
0,9,-14,12,-19,5,-14,0,-13,0,0,12
0,9,-18,16,0,10,-23,24,-23,5,-3,16
-1,17,-13,29,-8,27,-20,8,-2,8,-1,11
-1,17,-19,24,-2,16,-1,16,-3,17,-1,15
-1,17,-20,21,-6,5,-6,7,-24,35,-4,18
-15,-26,-17,-36,-13,-27,-14,-26,-9,-12,-11,-29
-1,-1,-6,-6,-13,-24,-2,-25,-14,-28,-6,-17
-3,-34,-6,-15,1,-31,-24,-5,-14,-12,-5,-24
-2,-32,-18,0,0,-3,-17,3,-23,-18,-21,-22
-8,-27,-22,0,-9,-26,-19,-2,-16,-21,-11,-18
-7,-21,-14,-6,-13,-14,-19,-12,1,-25,-18,-31
-2,-25,-15,-12,-11,-22,-22,-6,-23,6,-18,1
-8,-20,-1,-21,0,6,-8,-12,-3,-16,-15,-15
-15,-9,-14,-12,-10,-21,-21,-16,-17,-26,-19,-23
-16,5,-20,-23,-21,-27,-1,-7,-19,0,-23,-16
-9,-13,-9,1,-19,-18,-12,2,-13,1,-4,-1
-22,-2,-13,-2,-12,1,-4,5,-17,-12,-5,0
-4,1,-12,-6,-13,-11,-1,-2,-22,5,-7,2
-2,-21,-10,3,-14,0,-13,0,-21,-19,-21,-21
-8,4,-8,0,-2,-21,-16,-11,-17,-6,1,-15
-1,-14,-12,-2,-22,-5,-10,-16,-12,-3,-8,-12
-19,6,-9,-10,-20,-17,-25,15,1,16,-9,0
-19,13,-16,13,-11,17,1,13,0,-13,-16,-7
0,9,-13,-6,0,15,1,16,-9,-12,-3,14
-1,4,-14,15,-4,18,-15,13,-21,16,0,-8
-23,-5,-22,20,-10,15,-14,1,-7,5,-21,-8
-25,17,-8,-7,-2,10,-25,19,-3,-3,-25,17
-2,-6,-22,5,-1,10,-19,-10,-14,10,-4,20
0,-7,-5,11,-7,3,-15,10,-16,-1,-7,3
-5,21,-22,19,-17,12,1,-2,-7,13,-3,21
-17,9,-1,9,-8,22,-11,19,-10,6,-2,25
0,6,-13,19,-1,1,-2,5,-2,18,-1,1
0,6,-18,20,-22,3,-8,-2,-2,-5,-1,8
0,6,-1,5,-11,-3,-22,20,-13,-4,0,6
0,6,-4,-2,-16,19,-21,0,-14,-3,-3,10
0,6,-13,0,-2,13,-22,28,1,7,-17,-5
0,6,-22,12,-4,20,-21,19,-11,1,1,8
0,6,-7,-2,-1,12,-25,23,-19,11,-6,12
-1,16,-3,3,-1,12,-14,0,-8,4,-1,16
-1,16,-7,6,-1,17,1,13,-8,34,1,13
-1,16,-12,20,1,6,-20,6,-3,15,-1,15
-1,16,-17,24,-5,7,-2,17,-8,21,-20,7
-17,-28,-12,-19,-1,-3,-1,-11,-2,-32,-2,-21
-13,-9,-13,-11,-18,-1,-14,-28,-12,-5,-2,-33
-12,-2,-18,-10,-13,-32,-13,-32,-21,-28,-4,-26
-10,-1,-16,-13,-9,-22,-20,-18,-24,-20,-3,-7
-4,-1,-12,-11,-23,-6,-23,-8,-9,-19,-7,4
-2,-5,-21,-30,-2,-22,-15,3,0,-2,-13,-6
-13,-11,-14,-4,-22,-29,-12,3,-7,-15,-4,6
1,-21,-7,-19,-11,-26,-8,-2,-5,-16,-23,-10
-23,-25,-1,-18,-19,-26,0,-19,-3,-7,-7,-17
-3,-15,-23,-17,-3,0,-8,6,-11,-2,-12,-4
1,4,-18,-9,-14,-23,-9,3,-15,-21,-3,-19
-14,0,-16,4,1,-25,-22,2,-14,7,-12,9
-23,-20,-17,-23,-21,-23,-4,2,-13,-13,1,-22
-22,-19,-16,-6,-22,1,-7,2,-6,-14,1,13
-19,5,-14,6,-5,-13,-2,13,-23,-3,-18,14
-18,4,0,-16,2,-10,-19,-21,0,-7,1,11
-20,6,-8,-3,-2,-17,-11,-3,-10,-1,-8,10
-4,-10,-11,-18,-6,14,-9,6,-23,1,-1,-5
0,7,-3,-17,-22,10,-23,-13,-10,-16,-23,8
-11,6,-2,-12,-4,11,2,9,-4,9,-12,-4
-21,-7,-14,-6,-8,15,-7,-1,-18,8,-23,6
-8,-13,-7,-2,-18,0,-13,17,-1,-2,-11,18
-6,-12,-16,-9,-19,-2,-7,12,-14,-6,-6,0
0,-13,-5,0,-21,11,-1,-6,-21,-6,-13,6
-9,1,-11,23,-9,-3,-16,19,-9,-7,-9,20
-5,12,2,-6,-8,-2,-20,-3,2,-8,-4,11
1,-1,-11,14,-24,14,-9,2,-1,-1,-13,18
-24,13,-17,-1,-13,15,-23,18,-18,24,-10,19
0,7,-13,-3,-24,3,-8,-8,2,8,-24,9
0,7,-15,14,1,7,1,9,-1,12,-1,10
0,7,-15,12,0,12,-1,12,0,5,-18,10
0,7,-16,20,1,20,-1,14,0,11,2,23
0,7,-13,7,1,11,0,7,0,13,-17,16
0,7,-15,19,2,21,0,13,1,13,-12,1
-1,17,-15,28,-3,8,0,15,1,12,-19,3
-1,17,-16,33,-15,24,0,17,-9,19,-22,19
-1,17,-3,26,-2,18,0,19,1,15,-17,11
-16,-19,-8,-15,-20,-30,-4,-2,-11,-24,-20,-16
-15,-32,-8,-3,-7,-28,-9,0,-5,-9,-14,-12
-13,-27,-15,-28,3,-7,-10,-12,-21,-18,-23,-33
-14,-21,-3,0,-3,-3,-15,-28,-18,-1,-8,-24
-11,-32,-15,-10,-17,3,-18,-11,-16,-14,-9,-26
-1,-3,2,5,-22,-3,-17,2,-17,-25,-1,-27
-22,3,-5,-15,-12,-20,-20,2,-9,-16,-1,-9
-14,6,-6,-15,-8,-26,-2,3,-7,-29,-2,-2
-7,2,-14,-27,-2,-17,3,3,1,-6,-6,-20
-15,-20,-4,-2,-15,-23,2,-26,-4,5,-3,-4
-23,-21,-12,-19,-5,-6,-22,-20,-6,-16,2,-9
-23,9,-11,8,-10,7,-19,8,-2,-22,-12,-4
-7,3,-11,-17,-17,-5,-2,2,-5,4,-21,-12
-6,-15,-20,-1,-9,-5,-14,-16,-2,-22,-5,-8
-7,-17,-23,10,-8,-17,-13,10,-19,-17,3,12
0,1,-8,10,-11,-14,-19,5,-9,6,2,10
-19,14,-13,-7,-7,-1,-11,-12,-23,-17,-12,-13
-13,8,-8,5,-22,-2,-19,-19,1,17,-4,-2
-8,-14,-17,-8,-20,-4,-23,14,-13,7,-7,-15
-8,3,-9,7,-22,-12,-15,-9,1,-4,-9,13
-6,-16,-15,-9,-3,4,-6,2,-5,17,-15,-11
1,13,-2,-13,-22,-14,-23,-3,3,11,-10,5
-9,9,2,-8,-9,0,-4,4,-6,-11,-15,-6
2,12,-11,11,1,21,2,16,-21,10,-1,-4
-8,-3,-3,7,-12,-4,-22,-10,3,-10,-8,24
-10,14,-9,-4,-2,25,-7,8,-11,-10,3,-9
-8,6,-14,14,-12,10,-13,3,-6,1,-23,2
-14,15,2,11,-18,26,-17,22,-12,22,-4,27
-18,26,-16,-6,-2,25,2,3,-19,24,-6,22
0,9,-16,20,-21,13,3,9,-2,10,-20,-1
0,9,-19,-3,-1,11,2,9,-1,11,-14,26
-1,14,-12,25,-3,-5,-2,12,2,8,-20,-1
-1,14,-23,6,3,11,2,10,1,-4,0,14
-1,14,-16,28,-19,15,-11,11,-15,23,-3,28
-1,14,2,16,-16,26,-1,15,-2,30,-15,23
-2,16,-21,10,0,33,-1,17,-1,17,-18,7
-2,16,-17,16,-11,26,2,13,-17,12,-15,2
1,-1,-6,-11,-3,-34,4,-14,-16,-33,-5,-24
-15,-19,0,-9,-18,-9,-5,-14,-4,-30,-3,-10
-9,-21,-13,-7,2,-28,-12,-12,-11,-4,-6,-7
-11,-25,3,-26,4,-25,-20,-32,-20,-15,-18,-1
3,2,0,-19,3,-10,-3,-32,-8,-22,-22,-30
-6,3,-17,-11,-6,-21,-18,-29,-2,0,-13,-4
-16,-30,-20,6,-9,-22,-8,-11,-5,-10,-12,-14
-8,-3,-22,-22,1,-6,-8,-19,-18,-29,-19,1
-16,-10,2,3,-22,8,1,0,4,-23,-10,-25
-2,-25,-10,3,-2,-23,-2,-23,-22,-1,4,-16
-6,-20,-7,8,-22,2,0,-1,-3,-16,-11,-9
-18,-23,-4,-21,-19,6,3,-21,1,-2,-2,9
-7,4,-5,-20,-12,-18,-1,9,-20,10,-8,5
-6,1,2,-5,0,-13,-2,-8,-17,-21,-10,-2
1,1,-18,-21,-14,-8,-17,-18,-22,-17,-9,13
-3,-12,-2,-20,-19,-16,-17,-5,-3,-9,-12,2
-13,-10,-7,-1,-22,3,-7,-4,-9,-10,0,11
-5,13,-2,10,-2,16,4,5,-6,10,-5,13
-1,-14,-11,17,-17,15,1,-16,-4,-6,-2,10
-6,-1,-20,10,-6,-16,-18,13,-18,4,-9,-17
4,16,-21,11,3,11,-19,-11,1,-10,4,16
-4,15,-7,7,-15,21,-12,-11,-2,0,4,6
-1,-14,-15,20,-1,-5,-17,-12,-15,18,-22,-5
-20,21,-13,16,-8,3,-3,16,-4,-6,-14,-6
-3,-6,4,14,2,9,-4,14,-3,9,2,15
-11,-6,4,0,-14,25,2,-6,-5,-2,-10,24
-3,-6,3,5,0,20,-18,8,-7,16,-7,15
-6,6,-15,0,3,12,-21,22,-19,5,-2,20
-15,27,1,13,1,13,1,24,-5,10,-13,7
0,14,-5,26,0,4,-11,16,-8,17,-22,20
0,14,-17,19,-6,-6,-19,12,1,11,-11,-2
-17,27,-13,2,-16,1,-21,10,-7,-5,2,-5
-17,29,-2,24,-21,9,-14,2,2,14,-20,25
4,1,-17,29,-16,23,-14,31,2,16,3,0
1,8,-5,26,-9,-1,-21,10,-20,22,-15,19
-18,29,-10,34,-3,19,-11,0,-14,30,-9,4
-16,35,2,14,-18,35,-9,11,-14,6,-21,23
-15,-30,0,-25,-11,-4,2,-31,-10,-9,-2,-2
-11,-2,-5,-17,4,-3,-19,-21,-21,-17,-2,-22
-1,-30,-3,-27,-20,-18,-3,-2,4,-4,-13,-19
-6,-28,2,-30,-19,-33,-21,-27,3,-12,-13,-6
4,-32,1,-31,-21,-16,4,-24,4,-21,2,-30
-1,5,-15,-13,-13,-1,-18,-22,-21,0,-3,-28
-8,0,-3,-13,-2,-27,-11,1,-3,-11,-12,-20
-3,7,-20,-14,-7,0,-20,5,-16,-17,-20,-16
-8,-1,-10,-16,1,-20,-16,-9,-12,-28,0,8
-21,-26,2,-25,-6,-5,-9,-12,-2,-19,-2,-7
-15,-13,-15,7,-6,-3,-18,-9,-8,-20,-5,10
-10,0,-4,6,2,3,3,-24,-18,-21,-1,-23
-9,-22,2,2,-8,-5,3,-22,-6,-5,-10,-4
-16,-10,-12,11,-5,-10,4,-5,2,-21,-16,-11
-3,11,0,12,-18,-14,5,-16,2,8,-11,-22
2,-21,-3,-21,-19,4,-5,-16,-5,-20,-3,9
-6,1,-9,-5,-21,-17,-3,5,2,-5,-15,0
-2,12,-7,7,-6,5,-6,-9,-11,-5,-3,5
-5,5,-1,12,-14,17,0,1,-5,3,-14,-15
-21,14,5,4,-11,16,-15,15,3,9,4,17
-14,14,2,-12,-11,12,1,-5,3,-11,-15,14
-19,16,4,-6,-21,14,-6,-15,-12,-8,0,-15
0,12,-21,11,0,7,-14,-7,-20,0,-4,-12
-4,12,-14,5,-16,8,5,-6,1,-8,-8,17
-21,16,-20,4,5,-8,-16,-3,-21,-3,-19,-2
-4,12,-2,3,-9,-10,-19,20,2,-6,-2,12
-10,-6,-19,20,-6,-8,-5,10,-4,-5,-2,-9
-9,13,-5,26,-9,-4,-15,7,0,20,-21,2
0,0,-21,1,-2,-3,0,28,-8,22,2,24
1,4,-3,18,-16,21,3,-3,-2,23,-8,19
-15,30,-6,22,1,20,-10,25,5,13,-4,14
2,6,-10,-1,2,11,-2,5,-19,-5,-12,29
-17,25,-12,19,5,1,-5,-3,-10,2,-8,8
-20,19,-8,26,-1,21,5,10,1,19,-4,7
-18,26,-17,27,0,14,2,14,-8,18,-14,12
-18,26,-4,23,-10,2,-2,12,-3,34,1,11
-20,21,-12,9,4,17,-8,1,-10,14,2,16
4,0,1,-12,-2,-27,-13,-35,2,-28,-12,-22
-8,0,-11,-33,3,-9,-1,-20,-9,-20,-9,-33
-7,-3,4,-15,-8,-13,5,-27,-1,-31,4,-5
-6,-19,-20,-32,-8,-14,-13,-27,6,-10,3,-8
-12,-17,-10,-12,-16,1,5,1,-6,-6,-6,4
-8,-7,-2,5,4,-18,-20,-1,-18,-4,1,-7
-11,-24,3,-19,-14,-14,-6,-28,-6,0,-16,-14
-9,-29,-10,-13,-14,-16,6,-29,-13,-28,-19,1
-14,-18,-5,-13,-3,-20,-12,-16,-19,-19,-2,-22
6,7,-8,0,-16,-23,1,-15,-4,-18,-8,-27
-9,-17,-4,-15,-1,-9,6,-24,2,10,-7,-9
2,-22,-12,-12,-6,-23,-3,6,2,3,-7,2
-14,-16,-7,-20,-5,9,-8,11,-15,-21,-5,4
-6,4,3,-17,-18,-4,-11,-9,-5,6,4,-22
2,3,-6,12,-18,-11,-16,-11,-13,3,-3,6
-5,5,-20,-21,1,13,2,-12,-1,-21,-15,14
0,-9,3,13,-3,1,6,-16,3,-19,-8,0
-18,-3,-5,16,-15,4,-12,-1,-3,-5,-11,-12
-13,15,-2,5,5,16,-18,18,4,-11,-19,13
-13,-17,-6,14,-12,1,-18,-6,5,17,-6,-4
1,8,-5,17,1,13,5,-14,-11,-7,-8,-8
-20,-2,-15,-12,-18,2,0,-12,-2,16,-8,4
-3,5,-15,-12,-3,-8,-9,-2,-3,10,6,11
-18,19,-18,-12,-2,-2,-10,20,-2,-5,-5,11
-3,18,3,1,-1,2,-17,-11,0,-7,6,11
4,-3,-16,2,-11,8,3,2,-6,20,-8,19
-19,25,-3,9,2,26,-20,14,0,23,-10,3
-17,6,-1,19,-12,24,-15,22,-20,-3,-10,9
-17,5,-6,25,-4,17,-13,28,-13,0,-19,27
-12,27,-3,27,6,25,-6,-3,-2,20,5,17
-15,25,0,19,-9,24,-13,19,1,18,3,14
-18,20,3,3,-20,-4,-13,29,-8,10,0,-1
-17,22,-14,-3,-5,21,-2,4,-10,31,-18,23
-20,16,1,30,-7,18,5,9,1,-1,4,12
-20,16,-7,4,-2,29,-6,7,-5,5,-17,5
-19,19,-19,21,-8,2,-3,0,-3,25,-13,16
-19,23,-6,27,-4,3,-12,16,-16,9,-9,15
-6,-25,-6,-19,-5,-9,-5,-15,2,0,2,-1
-6,1,6,-11,3,-1,-10,-10,-3,-20,-11,-19
-7,-19,-9,-28,-8,-28,-10,-22,4,-3,-19,-15
-8,1,6,-6,-17,-4,-6,1,-7,-7,-15,-19
-5,4,-9,-8,-19,2,6,-13,-9,-6,5,-18
-10,-26,-14,3,2,-28,-3,-22,-11,-8,-2,-28
-14,-22,2,-30,-1,-24,3,-15,-1,0,4,-25
-8,-8,-2,-20,-11,-23,-19,-27,-12,-10,-15,-7
-11,-28,-12,-9,-13,-4,7,-7,-8,-11,0,7
-8,-10,-10,-13,-16,-9,-14,9,-15,9,-9,6
-9,-24,7,-4,-7,8,3,-12,0,3,3,1
-13,-10,0,-15,-12,-8,-4,7,-19,-11,-2,0
-5,-15,2,-6,-8,9,-4,-10,-2,4,2,-6
-11,-13,6,-2,-9,6,-15,-22,0,-7,-19,-18
3,-18,-6,6,-15,3,7,-4,1,-12,-18,14
-17,-4,7,-2,-15,-8,-10,5,-14,7,-1,-12
7,3,-15,-18,-6,2,-9,5,-15,8,2,2
2,1,6,9,-13,-16,-6,0,-5,10,7,7
-11,12,1,18,-15,-3,-10,-9,-9,4,-2,16
0,17,-15,-7,-10,-6,-17,-10,-12,-12,-15,14
1,10,-5,-16,2,6,-3,19,1,-2,-9,-15
3,-10,-3,13,-17,21,-12,20,7,-6,-19,8
-4,-13,-8,-4,-16,5,7,16,-4,0,-9,16
-15,12,-17,-4,-7,-11,-2,-2,3,-11,0,18
-2,1,-11,-1,-13,-3,-1,-8,-4,23,-5,0
-12,9,-17,20,-11,-4,6,24,3,19,7,8
-4,21,-1,14,-16,10,-5,-9,-7,18,-6,21
-19,-6,2,-1,-4,19,1,23,0,13,-13,24
-6,-4,6,18,-18,21,-12,0,-11,6,-7,25
-18,29,1,27,-8,21,2,11,0,2,-2,9
6,14,-2,23,2,13,-16,10,-11,5,4,1
7,6,5,30,1,11,2,23,-19,22,-6,13
-18,21,0,17,6,24,-1,27,1,23,-11,5
-13,31,-19,23,-13,20,-14,21,-10,1,-17,11
-17,21,-12,20,6,8,-15,27,-9,26,-1,32
3,14,-5,5,-6,12,-16,32,-13,10,4,32
-15,31,-13,13,0,8,-14,13,-16,19,-4,5
-7,-4,-12,-14,1,-10,-12,-36,-18,-6,8,-9
-6,-23,-2,-22,6,-32,-1,-33,3,-13,-14,-9
-12,-23,5,-9,-4,-6,-13,-20,-7,-6,8,-31
-6,-24,5,-2,3,-26,3,-18,-1,-8,-17,-22
3,-31,2,-17,1,-7,-14,-26,7,-30,-15,-20
-7,-15,2,-21,0,-29,0,-12,-16,-17,-18,5
-4,-19,7,-30,4,2,-16,-22,-4,-17,-5,6
-4,6,-13,0,-10,-1,-6,7,-8,-22,-15,-19
-8,-14,4,3,3,-20,-14,-1,-8,-8,-10,3
-6,-10,-10,9,-4,-17,-7,6,-4,-15,-13,-7
0,-22,-16,-4,-18,-7,-2,-12,0,3,-4,-9
-18,4,6,3,-9,-23,0,-9,4,-1,-1,-11
5,3,-16,-4,-6,-8,3,-18,-14,1,-5,-9
3,-14,4,10,1,5,-6,11,7,-22,-18,10
2,-10,-17,-17,-12,11,-18,-9,4,-2,-2,-22
-10,3,-1,6,-4,-4,3,1,1,-1,5,10
2,3,3,3,6,6,8,-12,7,-17,-1,1
-16,-4,1,8,5,-14,2,12,-13,12,4,7
-10,-12,-14,4,-1,7,-1,12,1,-4,-18,-15
-15,-10,2,-6,-12,-12,-10,7,5,15,6,-9
3,-2,-1,4,-8,6,7,12,-5,-11,5,18
-16,-9,-9,-3,1,1,-18,16,-14,-13,5,15
2,-8,4,-6,-11,-13,-14,7,-5,-7,6,-9
6,10,-3,7,-7,-12,-9,-5,5,16,6,22
-17,4,-4,4,3,8,-10,14,8,5,1,-6
-3,8,0,-8,-1,2,-15,-9,2,8,-1,20
-2,21,1,2,-1,-3,-3,20,7,12,4,6
1,-6,-6,19,2,25,-12,27,4,6,-7,9
-4,-2,-4,17,-1,-7,1,-7,-6,3,-16,0
-11,-4,-3,9,8,-5,-9,10,7,0,8,13
-2,20,-8,24,-17,1,0,0,-16,3,-8,-4
3,6,-7,-2,-18,2,-8,6,-4,23,-5,18
-2,-3,-11,7,2,-1,-2,7,5,3,5,-3
-18,8,2,2,-16,29,-5,30,-15,22,-8,12
0,22,-10,8,-8,32,-11,10,-15,21,-4,33
-15,28,-15,26,-7,13,-6,15,-12,21,-2,12
-16,24,-6,5,6,10,-11,17,-11,23,0,5
4,0,-3,-26,-6,-19,1,-16,-1,-4,-8,-23
-6,0,4,-32,-9,-3,3,-25,-12,0,-16,-35
-10,-21,-1,-18,-8,-3,0,-31,3,-30,9,-17
-9,-19,-14,0,6,3,5,-26,-6,-30,6,-22
-7,-32,-3,-10,9,-14,8,-32,-12,4,9,-26
-2,2,5,-4,7,-22,2,-25,-2,3,9,4
-4,-14,-5,-21,-1,3,-9,3,0,3,-6,3
1,6,0,-11,-6,-7,-5,-12,-1,-2,-11,-10
-5,3,9,-3,-2,-7,-9,-17,-1,-10,-6,3
-4,-12,7,-24,9,-15,-1,-25,6,9,-3,-22
-11,-19,-2,-17,-2,1,-5,5,-12,-8,1,5
-5,-15,-6,11,9,-2,-2,-3,-6,-15,-2,-7
5,11,-13,-4,1,0,-6,-4,-10,-7,-8,9
-7,-20,-13,-18,-9,-15,-14,-17,-10,7,5,12
3,-8,-4,-13,-2,8,1,-11,-6,11,0,5
-16,-19,7,1,-8,-8,-8,11,-4,14,-4,4
-13,-7,6,-20,0,-6,2,1,3,5,2,6
-14,2,2,-15,0,-8,3,-14,-1,-5,3,-1
3,2,-16,10,-1,12,-9,-1,4,-2,6,-6
-15,-14,-12,7,4,11,0,15,-5,0,-15,13
3,8,-13,9,-9,-3,7,12,-2,17,-1,16
4,13,1,7,5,-13,2,1,-5,-8,-16,1
-2,9,-6,-14,5,14,-14,-3,3,-6,-9,12
-1,12,-12,15,2,-9,1,0,-16,16,-5,-4
1,-3,-8,19,-2,4,7,22,-1,7,7,24
-6,-8,2,-10,0,-11,2,-9,-4,5,-2,1
-1,18,-15,-2,-10,15,-2,24,-9,22,-12,-6
-15,-7,-14,19,6,0,4,-8,-6,9,-15,7
9,25,-9,23,8,-7,-6,3,0,-2,-14,-6
-2,4,-2,16,-2,6,-15,28,-6,6,-10,25
0,25,9,25,8,-3,-1,23,-6,15,-1,27
-16,29,3,9,7,-1,-3,21,5,1,3,-2
-15,4,-1,29,-1,13,-1,18,-11,9,-6,19
3,14,7,27,8,8,-7,13,-8,7,5,31
-15,24,-6,19,1,-1,-15,28,-7,21,6,7
-17,19,-17,17,0,1,-11,13,9,14,-12,30
-16,24,-9,28,5,16,-6,4,-16,8,-13,4
-7,-32,-12,-24,-1,-10,-1,-16,2,-36,0,-12
-5,-23,-7,-29,8,-35,-15,-34,-14,-16,3,-8
-4,2,-15,-11,6,-5,-5,-26,0,2,-8,-11
-7,-30,-16,-10,6,-8,2,-16,2,-13,3,-22
-11,-27,-12,-14,7,-21,9,-29,-10,-23,2,-7
-1,-19,1,-16,1,1,-6,-7,-9,-9,3,-26
-11,-24,-6,1,-15,-7,8,1,4,-23,3,-15
-3,-17,1,-28,3,-11,4,5,6,-20,4,-16
-5,-14,-14,-2,5,3,9,8,-7,-25,-2,-19
-5,-3,3,-7,8,-19,3,1,4,1,-10,-5
-3,-26,-9,9,7,4,-4,1,-16,-19,-4,0
-2,-12,3,-25,-2,-3,-8,-16,-2,-8,-4,3
-6,-16,-9,-19,-3,1,-6,11,5,9,-16,5
-5,-13,-7,5,-14,-20,-1,-15,-6,-5,-13,4
-5,9,-2,-14,1,-10,2,8,9,-10,-4,-4
-3,8,-12,11,-9,-19,9,-1,-6,-8,0,-4
-4,-17,10,8,7,0,-15,-11,-7,3,-3,-17
-1,10,2,-14,3,12,-6,-5,5,-19,6,11
-15,13,9,7,-13,-14,0,-11,-5,7,3,-6
-12,-9,4,-14,-4,8,-5,18,8,-14,8,17
3,6,-8,16,-5,3,-6,2,-8,-8,-14,6
-6,7,9,19,-9,17,6,17,-13,7,8,18
6,-7,-16,17,9,4,5,-3,2,10,-14,21
10,18,-16,2,-11,-9,-8,-3,8,-7,3,-9
3,2,8,20,-6,-8,9,19,0,22,10,-11
-2,-11,-9,-11,-1,-1,-16,17,1,2,7,-8
-10,-5,-3,-8,-4,-4,-3,22,8,22,6,-3
-11,2,-14,9,-8,-9,-3,7,-8,-8,1,-4
4,26,-12,-8,-5,-1,8,-1,-12,-2,-7,-2
-10,-5,2,28,4,-6,-7,24,0,5,-16,8
4,24,3,11,-7,-3,1,10,-10,2,2,6
-9,1,-8,18,10,23,-9,18,-9,21,0,13
3,24,-7,7,5,9,-6,13,3,24,6,9
-7,18,3,23,-8,12,6,-3,-16,13,6,7
-12,26,10,32,3,9,9,20,-10,21,-14,29
-16,20,8,1,7,17,-16,20,-16,18,0,6
-16,17,-13,6,-3,23,1,8,-3,14,2,22
0,0,-8,-23,1,-12,-8,-8,-10,-15,1,-22
6,0,-14,-17,-8,-27,-13,-6,7,-35,10,-6
-6,-34,-11,-20,10,-11,-6,-19,-3,-11,-15,-34
-5,2,7,-21,11,-27,-15,-24,-15,0,-5,-14
-4,-19,-14,-25,-8,-9,7,-22,-11,-15,0,-25
-5,-19,-9,-2,0,5,-3,-13,10,-21,-3,-15
-5,2,9,-23,3,-22,7,6,-12,-29,4,-16
-6,-28,-11,-25,-1,2,-6,-27,-14,1,8,-3
-4,-27,10,-24,9,-27,0,0,10,-4,1,-18
2,9,-4,-7,-15,-5,-8,-3,-3,4,-11,-8
-2,-16,6,9,-10,-11,-11,10,-3,6,2,-4
-8,-15,-15,-11,-4,-9,-11,-22,-3,-5,-6,-24
-4,-6,-3,7,-5,-19,4,-17,-6,-11,-14,-9
4,13,4,1,10,-15,3,1,-14,2,-4,-14
-2,-8,11,-13,7,-2,11,3,-11,-19,10,-2
-4,9,11,-20,6,-15,3,12,11,6,-7,-11
-4,9,0,16,-10,14,1,-8,-5,-20,11,9
-11,-12,-13,10,4,8,-7,-4,11,3,6,-10
-14,-18,6,13,-2,6,1,12,4,15,-11,-17
-5,-13,-1,1,-9,14,-1,-2,0,-15,1,11
-5,0,-8,-9,-13,7,-14,19,0,12,9,-14
7,-9,10,18,3,8,-1,1,-8,0,0,15
-10,-10,3,13,-4,-9,-14,16,-12,1,-10,4
4,6,-9,23,-2,18,-5,2,-3,3,-8,-5
-9,-9,4,21,-5,7,9,18,7,9,5,-7
-3,10,9,-5,-8,19,8,9,-10,14,10,-10
0,25,6,7,-2,-5,-10,17,-15,14,-7,2
-10,5,6,0,-8,15,-7,20,-7,-5,-12,24
-8,10,-10,19,-15,12,0,-1,-11,5,-6,12
-3,18,8,21,-14,20,-5,29,-7,-2,-4,-6
7,-4,-7,20,-7,19,-5,-4,-1,27,0,-2
5,23,-8,15,-10,1,11,23,-14,28,-15,15
-11,-4,8,25,-15,27,7,19,7,7,11,-4
-8,29,5,23,7,28,1,15,9,31,-2,29
-7,20,11,4,1,16,-15,12,10,7,-15,11
6,14,-6,25,1,13,-11,13,5,22,-2,27
11,21,-3,25,-14,36,8,0,7,25,7,29
-1,-19,-4,-34,-14,-22,-7,-36,7,-2,1,-34
-3,-20,-12,-14,-1,-33,-12,-31,-8,-25,-14,-19
-3,-23,-8,-3,-3,-5,-1,-22,-9,-4,-6,-2
-2,-22,7,-6,-9,-4,-12,-31,8,0,-11,-5
-4,4,0,-17,-4,-23,-12,-29,-9,-26,-7,-28
-7,-19,4,0,9,-24,1,-12,7,-26,-2,0
-6,-28,9,-23,-11,-2,0,-30,7,-16,4,-11
-6,-17,-5,-10,2,-21,-9,1,6,7,-8,5
-4,6,-9,8,-9,-4,-3,-9,1,-4,-10,5
-3,9,7,-11,-14,-27,-7,-5,-12,-25,-9,-11
-7,-15,10,1,9,5,0,-14,-3,6,-12,-5
-6,-14,-8,-10,6,0,-14,-22,1,5,6,-19
-6,-11,-13,11,4,-3,3,-10,-5,6,-9,-3
-4,-12,-3,-10,1,12,-1,-15,1,-20,4,10
5,13,-14,11,-4,-15,-13,11,5,1,6,10
-2,-8,-5,12,-5,8,4,14,-4,-2,-3,13
-12,-19,4,8,8,7,-14,-20,6,-2,6,-20
-10,-16,-13,10,-3,-10,7,2,0,13,7,-9
11,11,-2,18,1,-6,-2,-8,-5,-10,-11,11
1,-11,8,4,-8,-7,5,0,-2,-15,7,-6
4,5,2,18,-7,10,1,2,-14,4,-2,6
-3,8,3,8,-10,-4,-1,0,-2,18,-5,-4
9,14,11,-6,-7,5,9,-11,-10,5,12,-4
-4,17,-12,19,-8,23,3,0,9,9,0,5
7,-9,-5,1,-13,2,-9,17,-2,-4,-13,-3
-9,-11,3,15,2,4,-2,2,-5,-5,7,-9
0,0,-10,-2,-2,26,-7,-5,-13,2,8,1
11,27,-6,12,-7,20,-6,19,-6,26,-2,5
-2,0,11,-5,9,-5,-7,10,-9,18,-7,-1
4,-4,-13,25,2,-5,10,17,5,11,-12,-4
-5,1,-1,24,6,8,3,22,1,12,-6,22
3,17,9,25,-2,15,-13,9,11,27,7,-1
-11,-2,-12,15,-11,25,4,11,11,22,-5,4
-6,29,3,18,5,26,-11,22,11,-3,4,24
3,9,-4,17,-6,15,-13,17,5,2,7,28
10,26,10,8,-12,32,11,20,12,10,9,22
-3,6,9,15,-10,20,-4,3,-11,33,12,4
12,-29,-9,-21,-12,-17,3,-23,-6,-8,10,-12
10,-1,12,-33,1,-28,12,-12,-2,-35,7,-9
7,-34,-3,-25,9,-13,-10,-24,-11,-27,12,-7
-2,-5,-13,-9,3,-6,-11,-13,5,-20,-6,-15
10,-1,3,-17,-3,-6,4,-13,-11,-20,12,-27
-9,-30,-3,-19,-3,-10,13,-11,-12,1,8,-3
-1,-3,-10,-1,-3,-6,-4,-24,8,-15,-5,-24
1,-25,9,3,-3,-14,-13,7,11,-25,-6,-4
-1,-14,-9,-17,7,-16,-4,-28,1,8,3,6
-1,7,7,-11,-13,6,-6,4,11,1,2,-8
-1,-10,6,6,4,-23,-8,9,7,-14,-11,8
9,11,0,-10,-9,3,0,10,-2,-13,6,-6
-2,9,-8,9,-8,8,-6,-5,5,-20,-13,-20
-2,-21,3,-4,12,6,13,10,-5,-16,0,-22
-7,-21,-2,0,-1,5,4,7,3,-2,-9,14
10,15,-4,-11,3,-1,-12,-13,10,14,0,8
12,11,9,4,12,16,8,11,-11,-15,-10,-12
1,0,-1,13,7,13,8,-12,-13,-4,-3,1
-8,-2,-4,-13,-12,16,10,-7,0,11,8,11
-8,-16,12,-12,6,16,-5,-14,-6,10,3,9
7,-13,8,16,-9,-8,13,1,12,-8,7,-4
4,1,9,14,-1,7,-13,0,5,-4,0,-5
-11,-14,0,9,10,8,-13,-10,8,6,-8,18
-1,-6,11,-9,-3,22,-2,14,-13,4,-7,-12
12,20,-6,0,-12,12,7,13,13,-11,0,-1
-5,-6,8,14,-11,1,-4,24,7,0,5,2
2,24,3,10,-7,20,3,13,-11,-2,-8,16
-7,3,-4,-6,-4,13,10,13,-11,1,-12,24
11,27,2,-4,-9,14,-12,12,-11,23,-4,-4
-3,-2,-7,18,1,-1,8,-4,-3,-6,4,-7
0,27,4,6,0,6,-12,-2,-6,6,-3,25
5,27,-10,29,-10,28,8,-5,12,18,3,30
8,25,-10,1,10,8,7,5,13,6,-9,25
-3,14,6,5,-8,19,13,16,4,14,4,23
0,0,-13,0,3,30,5,34,-8,18,12,16
-13,-1,2,16,12,3,-2,25,7,0,-6,0
1,1,3,9,-7,28,9,13,-8,8,-3,12
6,-31,1,-16,-2,-20,-7,-28,-6,-1,0,-4
10,-8,-7,0,-2,-17,9,-25,-9,-17,11,-13
-12,-26,-4,-16,-2,-14,-7,-16,-10,-12,-5,-1
-7,-11,-1,-2,11,-25,9,-25,7,-6,13,-12
7,-17,-1,-30,-3,2,-12,-3,6,-9,-8,-25
-5,-12,3,-26,8,-4,13,-5,-12,5,3,-8
7,-22,14,0,2,-27,2,-19,-6,-28,6,-12
-5,-5,-2,-6,-5,-19,11,7,-12,5,-12,6
-4,7,11,-23,14,-18,0,-16,9,7,10,-5
2,4,7,-12,8,-4,-7,-22,14,-27,3,-6
-11,-17,0,-18,-5,-13,10,-2,14,6,-5,-7
-11,-10,8,-12,7,-4,-1,3,5,-25,-4,11
-2,-6,4,-20,-2,-1,4,-3,-1,-8,3,-13
0,0,14,6,-2,-9,-7,0,-4,13,-3,12
-1,0,-5,-5,-12,-7,3,2,7,2,14,2
0,-16,3,-9,-2,-4,2,-14,-11,14,-6,-18
-12,15,11,3,-11,-2,-1,10,0,4,9,0
8,-11,-1,10,9,4,4,-3,-6,0,13,3
5,6,6,15,-6,0,-10,5,10,-17,-10,-11
-4,-1,12,4,-6,-5,0,11,-12,-17,8,4
10,-8,2,19,-7,-5,4,-6,14,-9,4,-4
8,17,-12,20,5,15,-2,4,-6,16,9,17
-9,-14,3,13,-11,-12,7,18,-11,4,14,16
9,20,-9,11,7,17,13,-3,14,22,1,11
5,21,12,-12,-12,-2,-6,22,-7,11,7,-2
11,21,3,-3,-8,6,-12,12,-4,22,14,11
-6,6,2,19,-4,25,-9,-2,-8,6,-11,17
-6,5,12,15,5,8,1,0,6,23,-6,-7
-7,-1,-2,-5,3,26,-3,16,2,27,-12,14
14,29,5,-1,-8,12,-1,0,8,-4,5,11
-7,4,-6,14,-2,6,-9,13,13,19,-6,6
2,23,-9,20,11,24,6,-2,-11,0,-6,23
-7,11,14,32,-9,6,-9,3,1,5,-11,16
3,19,2,17,-3,18,-2,5,-11,-3,-7,14
1,33,9,8,-11,19,-4,0,10,12,-6,16
1,31,14,26,-11,9,5,21,2,15,7,20
14,7,2,28,10,1,-9,26,-2,12,-4,35
5,-17,1,-35,-3,-20,-1,-35,8,-31,-3,-3
7,-27,5,-9,9,-17,-5,-32,15,-31,-6,-12
6,-33,14,-24,10,-20,0,-18,-4,-1,4,-3
12,-29,1,-33,-3,-24,0,3,15,-8,-7,2
9,-17,1,-19,14,-23,8,-27,-7,-22,4,-31
11,0,12,3,6,-4,9,-4,2,-3,-8,-15
13,-6,10,-23,6,-2,1,-5,7,-16,6,-7
12,-26,4,-11,9,-12,11,-17,-6,-24,3,-28
12,-3,3,-17,13,-26,10,-14,1,8,-9,-24
3,-25,15,-19,7,-12,-8,3,9,-7,-1,-20
7,-26,-4,-20,-3,-16,8,0,12,-14,1,1
5,-7,13,-15,6,1,-9,-3,14,8,9,-18
-8,-16,12,-6,13,3,-10,-21,7,-7,-5,-16
11,1,-4,-13,15,-1,5,-6,-2,-22,0,-12
-2,-8,-11,-16,15,7,10,3,3,-14,-2,-1
-7,-3,-11,1,2,12,14,-15,-5,5,0,-7
-5,7,11,-2,12,-14,-1,6,2,7,5,-15
-4,12,-8,-7,11,4,8,6,14,12,-8,2
13,-14,-2,7,-4,-12,-1,10,5,4,9,2
10,15,9,6,-10,13,-2,16,1,2,-9,-8
-3,17,-5,14,-11,-3,12,-10,7,-14,-1,20
2,4,11,-15,-10,10,-1,12,8,20,3,11
-2,-5,2,11,-3,-13,2,15,-9,18,3,11
13,20,8,3,13,23,3,9,15,21,8,17
15,-6,2,10,15,23,9,-12,-2,2,5,10
-2,25,14,11,8,2,0,-11,-5,3,14,-3
2,24,6,-7,7,-3,-4,19,-2,17,14,-6
5,24,-1,-5,5,-5,5,23,-6,7,3,23
-6,4,-4,28,-10,4,5,18,11,23,-5,5
1,-6,-7,24,1,-3,3,7,-5,-7,-7,14
1,12,-10,25,-4,16,-6,28,-5,14,5,-4
0,15,9,-5,-8,29,1,-4,-1,28,5,24
1,25,13,8,15,16,0,21,-10,23,9,5
4,29,-1,12,-4,-3,2,11,12,11,-9,3
10,32,15,10,-4,18,8,2,9,33,-9,22
9,34,4,6,11,18,1,29,0,25,-4,15
14,35,12,36,-8,27,-5,13,15,31,14,12
-1,-34,12,-29,16,-2,4,-16,-7,-6,1,-33
1,-8,12,-18,-5,-25,5,-4,-2,-20,14,-3
2,-1,-6,-10,3,-18,6,2,-1,-6,3,-25
6,3,0,-33,7,-18,-8,-21,4,-28,-5,-27
-3,-17,12,-16,3,-4,-4,-7,1,3,-9,-7
-3,-17,-6,4,1,1,-1,5,6,-24,-4,-14
-7,-29,9,-19,-1,-3,5,-19,3,-8,1,-8
0,-28,-2,-25,-2,-26,-1,-11,1,-27,-8,-24
-3,-19,-10,-8,13,4,13,-2,-7,0,9,-4
0,-14,-7,8,-8,-23,-1,1,4,-12,5,-24
2,4,-3,2,-1,-26,7,10,14,-11,12,-25
4,-13,6,-11,16,8,13,8,5,11,5,-19
7,11,-3,-10,-1,-23,-2,-20,14,-16,-3,-12
0,-17,-7,-12,4,-4,-1,0,-10,-21,-5,5
-5,-13,-3,8,-1,-4,-9,-11,-2,-2,6,-16
15,12,-7,-8,2,-3,4,2,-2,-21,-1,-12
-10,-18,-1,-16,3,16,2,-17,-6,2,-5,-20
6,13,-2,8,-1,-4,10,1,-6,-1,-6,-9
3,-15,4,-17,-7,-1,-6,5,-10,-8,-4,-7
-1,-6,13,5,11,7,15,8,14,-5,10,-3
12,-15,-4,-8,-5,9,9,15,-7,-13,-3,7
9,17,-4,8,6,7,4,3,-5,-2,11,4
5,-7,8,-5,-10,-8,8,8,11,17,-6,4
11,-11,4,6,5,1,-5,12,1,16,0,-9
10,-7,0,-11,-5,-7,-9,-12,-9,10,14,9
-6,0,12,19,9,13,2,10,11,0,-5,14
9,7,6,-9,-7,15,4,19,-9,-3,11,-7
4,13,15,14,7,13,16,18,3,-1,7,-8
5,22,9,10,-1,2,12,26,7,11,8,20
10,-6,-5,23,14,0,6,1,13,9,-9,-2
4,10,-8,9,8,26,5,3,10,-6,-6,17
1,2,6,3,-4,20,10,25,5,6,7,12
12,29,0,28,13,10,-1,18,-4,1,3,17
6,32,-5,14,8,22,3,28,-7,2,5,5
0,7,8,11,-7,9,4,22,12,17,3,5
4,14,3,6,-6,6,13,22,7,29,-8,-1
0,15,12,28,15,2,-7,23,5,23,16,5
4,-27,-6,-26,-3,-25,14,-2,3,-36,16,-1
13,-1,-3,-24,10,-29,15,-12,10,-20,9,-33
-1,-33,-4,-15,-2,-19,-3,-26,-6,-13,0,-15
-2,-26,-8,-32,-4,-15,12,-29,-8,-9,8,-29
14,1,16,-20,-7,-22,4,-29,7,1,1,-26
9,-9,-7,-24,-3,-29,-1,-9,1,-25,-7,-8
4,-4,16,1,8,-25,14,-9,5,4,7,-21
17,6,-9,-26,10,-14,-6,6,-8,-16,-1,1
-1,-24,-5,-21,8,-18,-1,-1,12,-21,-2,-6
4,-26,-4,-18,-9,-22,15,-14,7,3,-1,-3
-3,-22,0,-9,9,-22,-6,-6,9,-25,-2,8
1,6,-3,-19,10,-25,-3,4,0,-3,11,-9
10,-24,0,-9,5,-1,14,-12,-3,6,-9,-3
5,6,3,-9,0,-18,-2,-2,-8,-17,4,-9
5,-17,9,7,0,-15,-9,-5,16,-5,-2,8
9,13,-8,-18,0,-17,13,-16,4,3,5,-19
4,-12,-9,16,12,-18,-7,-11,-1,-1,-1,-9
4,-1,-8,-15,-9,-15,1,-19,-7,-8,1,-11
-9,18,10,-13,14,6,1,2,17,-4,14,-3
1,4,8,18,3,12,15,12,15,3,-8,17
-9,10,-8,-4,15,9,3,4,14,11,2,14
-9,-9,-6,6,4,2,-7,10,15,20,7,-11
10,4,17,21,-5,9,13,5,-8,-10,2,-1
0,21,2,13,-9,-11,-4,-10,-1,15,12,2
4,12,6,13,6,-12,4,8,1,9,2,-7
11,14,13,23,-6,-11,-8,10,-5,18,-7,4
16,13,5,-7,-4,16,-9,15,-1,19,2,16
-1,27,0,11,-6,-6,-8,4,-4,10,-8,-3
8,6,12,28,-4,6,13,-2,2,-7,-2,21
-5,-3,14,-6,-4,24,2,11,15,16,-6,-4
-1,12,1,15,6,0,10,27,-5,2,-9,22
11,11,2,13,17,14,10,3,1,11,-5,22
-9,6,10,-1,-5,8,17,19,13,31,-5,30
7,6,-2,18,11,26,2,26,4,8,12,3
7,12,16,-1,17,15,15,19,11,28,5,-2
16,25,12,20,16,30,-1,12,8,28,-2,26
1,28,-8,8,-9,26,-8,36,-2,7,4,4
7,-26,-7,0,-2,-7,-1,-22,-5,-10,6,-25
6,-27,-2,-8,-6,-30,7,-18,14,-8,6,-2
5,-29,17,-20,12,-12,12,-33,-3,-7,-6,-8
6,0,-6,1,12,0,-8,-26,-5,-13,-5,3
6,-7,-7,-19,-6,-16,16,3,14,2,1,-1
4,-27,11,5,-6,-9,18,4,4,-6,-2,-22
-7,-29,9,-14,5,-10,15,-29,7,-15,-3,4
4,-1,6,-25,5,6,7,-14,-6,-16,-8,-21
-7,4,-8,-9,10,-23,-2,-16,8,-2,-2,-22
-1,-26,4,-24,-1,-16,-6,-22,4,-21,-6,-26
6,-2,-2,9,16,3,2,-21,9,-24,4,-24
7,-17,-6,-23,12,6,-8,-6,5,-25,-8,-7
-1,-22,12,-20,-1,-21,5,-19,1,-3,0,-4
-3,-21,-8,-2,-4,6,11,12,-7,-12,-6,13
13,-16,3,12,2,-22,4,0,-7,-1,1,4
7,6,13,8,8,2,6,4,-1,-5,9,3
7,5,5,-17,5,7,-1,6,-8,3,-5,-15
9,2,0,16,6,7,3,-4,-6,10,-1,7
8,3,-2,-11,14,-11,13,-9,1,1,17,8
7,-15,17,18,0,4,5,-7,-6,8,-3,-15
8,-6,15,0,-1,18,-2,12,2,20,-5,3
4,5,3,-9,-5,-6,10,-14,15,19,4,0
9,13,4,-3,3,-3,1,15,-3,-4,-2,12
13,6,16,3,-2,-6,3,8,-2,4,-7,-3
2,11,16,22,5,-12,5,15,6,13,0,9
17,10,-3,-4,6,19,-8,0,4,24,2,-8
18,-5,5,3,6,14,2,0,-5,6,6,-6
-2,10,-3,4,16,5,-5,-5,-1,27,0,20
-8,1,18,7,0,23,18,21,5,4,14,-3
-6,5,16,4,-4,27,-5,-7,4,-2,-6,12
-6,7,17,13,3,6,16,26,2,23,2,21
-7,24,10,-4,0,7,-4,14,-1,15,6,3
12,6,-2,10,-8,8,10,3,0,26,2,20
-5,30,3,-2,-1,4,-3,3,-8,26,-2,7
-2,21,0,31,1,28,15,12,-4,10,4,15
-6,20,12,6,11,21,13,12,16,23,-8,13
11,10,-2,28,16,5,15,35,8,17,15,29
-3,-26,3,-2,4,-32,0,-16,1,-9,6,-23
0,-31,-3,-26,-1,-14,8,-22,0,-14,0,-25
-7,-30,10,-32,6,-28,-6,-11,4,-29,17,-4
12,-3,16,-16,-3,-12,-7,0,10,-29,14,-19
9,-10,-4,-16,19,4,0,-17,-5,-26,-6,-4
6,-9,2,-31,0,0,1,-12,-3,-8,0,-3
12,-9,15,-27,10,-26,6,-17,18,-2,6,-28
8,-29,3,7,17,3,2,-19,3,-14,3,-19
8,-4,16,-19,-2,-1,1,2,-5,-25,-1,1
9,-10,9,-24,-2,-7,17,9,-7,1,0,-3
19,-25,-3,-9,-1,1,2,-13,2,-1,-4,-25
13,-4,-6,-1,-3,6,12,-14,8,-24,-5,-7
-3,-18,15,12,-3,12,14,-8,1,-12,5,-23
9,-15,11,-9,4,11,7,-17,-6,13,-2,10
1,-5,13,10,3,-20,-4,-1,-4,2,-7,9
-2,-4,11,11,0,6,6,4,3,-16,5,-10
9,-16,18,-3,0,13,8,-19,3,-9,13,-3
-6,11,0,-15,1,-17,1,4,14,-13,2,11
16,6,-7,-10,6,-9,6,18,-5,-1,15,-10
15,13,-1,9,5,14,7,-12,3,-13,-4,18
-6,-9,-5,7,13,-1,4,-7,-3,8,2,8
17,-12,-4,-6,-2,-6,-4,14,-7,6,-1,-8
-5,-5,4,-5,18,-2,-3,-1,5,0,-3,10
-7,12,19,0,11,-10,15,16,2,22,-1,18
-5,-5,3,23,1,11,-5,22,15,-9,4,24
-2,17,9,-9,3,2,-7,-10,18,24,7,-8
-5,9,12,24,12,-9,7,-2,13,-8,-2,17
19,-1,9,-4,15,-4,-3,16,3,22,4,23
-5,22,-2,-7,11,6,2,-4,7,-7,-1,-4
2,9,14,12,15,-1,15,24,-4,-7,11,22
0,15,-6,19,10,29,10,4,-4,26,-4,18
1,22,3,28,14,-4,8,-2,2,15,7,19
1,21,4,24,19,27,-3,24,0,-1,-6,-2
1,16,-3,25,5,32,15,17,18,15,17,22
-4,30,18,30,7,10,-1,21,17,7,-2,1
-3,21,19,13,9,20,11,-1,14,3,1,16
-2,23,-7,4,-7,8,0,30,5,21,12,7
8,-16,14,-16,2,-14,15,-1,3,-3,4,-7
11,-32,9,-29,10,1,-1,-13,-6,-24,-2,-5
-2,-22,9,-32,-4,-21,-4,-24,12,-19,0,-13
10,-33,7,1,4,-25,0,-26,5,-10,-3,-19
15,-1,2,-20,-2,-2,-5,-10,-4,-6,3,-15
17,-2,-5,3,-2,-28,6,-26,6,-21,0,-6
14,-3,-3,-28,18,-18,12,-7,7,-9,18,-18
10,-22,5,-14,7,-19,12,-15,11,-21,4,5
10,-16,-1,-28,3,-12,0,-8,3,-11,5,-22
13,6,-3,-9,7,-23,-2,-5,9,-6,3,-2
9,-11,-2,4,15,-14,1,-10,10,-1,12,-18
10,-5,7,-20,16,-10,12,-7,12,9,-4,-23
7,-4,1,-9,-6,-6,-1,-4,-5,-9,-3,-7
11,6,8,-18,10,-12,1,10,10,-18,3,-21
18,7,1,4,20,8,12,6,0,-18,-1,14
-2,-6,8,15,11,-12,13,2,-5,-11,17,-8
-5,-6,20,12,3,-12,17,-11,2,2,16,16
0,9,7,14,-1,11,-5,-1,4,-16,19,-9
0,13,-1,-13,19,-12,8,9,6,-9,1,-9
3,14,16,18,14,-6,-2,14,0,-10,-1,-3
3,2,-3,-16,-1,1,6,10,10,12,0,-16
-4,14,5,-7,14,11,14,8,2,-5,-3,8
-3,6,0,20,1,-10,-6,2,1,-8,9,-14
-3,5,-5,20,16,20,6,-7,15,14,-5,8
2,16,-1,19,-6,23,-2,8,-2,22,6,24
0,10,13,19,12,24,8,17,13,-9,19,17
3,5,18,13,-6,22,-4,3,9,-1,-2,-7
0,11,8,23,0,5,11,25,8,0,18,15
1,19,1,8,7,22,10,-5,20,16,19,-8
-3,10,4,7,5,-7,-4,-1,16,19,-5,-3
18,-1,7,30,-2,-4,16,15,9,-2,-3,7
2,24,-5,1,6,18,8,29,9,5,4,20
-2,16,2,12,-5,5,7,2,-1,-3,5,31
1,25,-4,30,15,2,11,2,-1,19,12,33
0,27,5,15,12,28,4,19,7,13,19,31
-6,14,17,34,6,11,11,19,14,23,-2,16
3,30,-6,27,13,34,-3,15,-4,1,3,18
4,-7,-2,-13,13,-10,20,-27,11,-33,-1,-24
0,-6,2,-3,5,-10,13,-23,0,-28,4,-7
4,-6,21,-18,5,-7,2,-30,2,-10,2,-21
13,-19,-2,-25,4,0,16,-10,2,-23,12,-26
17,-19,-5,-2,12,-14,9,0,2,-1,5,-4
4,-4,-3,-26,-3,-10,6,3,0,2,-1,-31
4,-8,0,-24,5,0,15,-12,0,-6,-5,4
4,-3,3,-27,-1,-2,21,-26,16,-1,-5,-19
-1,5,-3,-18,13,-15,19,-22,5,-1,-3,5
18,-20,17,-23,15,-8,10,8,1,-6,1,-13
15,-8,5,-21,5,5,18,5,3,8,4,3
13,-13,-2,-5,12,-6,8,-1,3,-1,4,-3
21,0,0,-6,2,-10,9,7,14,7,-5,-17
21,3,1,-14,15,-21,-3,10,-4,0,3,-1
-1,10,17,-7,17,-10,-1,-17,8,4,9,-2
19,-19,7,1,14,2,17,9,17,-14,10,14
3,3,19,9,13,-10,-4,5,-1,6,-5,10
18,2,15,-2,-5,6,1,8,9,-1,11,0
17,5,-2,12,21,3,3,14,-2,17,10,4
3,9,0,-1,8,17,3,3,-2,-6,15,2
-2,3,1,-11,18,-3,7,-5,7,6,-1,-10
0,9,13,11,10,3,5,19,8,-12,11,0
0,6,17,-5,19,21,15,2,-2,-5,15,19
0,13,-5,3,21,-4,9,23,20,16,11,-5
-2,-2,20,4,3,17,-5,10,9,-9,18,9
-4,-5,-3,-7,21,-10,11,20,11,24,17,13
14,-9,10,1,0,-9,17,-8,21,10,12,25
-2,3,-4,12,-4,-9,11,19,20,11,11,22
18,22,11,-1,15,28,14,-5,11,-4,13,-4
-2,27,11,16,17,28,10,16,9,-7,3,-4
-1,10,9,-4,3,-1,7,1,-2,28,14,3
13,12,16,7,19,15,-5,0,13,31,20,20
-5,8,8,6,6,23,-2,-1,3,14,13,31
-2,13,8,23,7,-3,-2,9,8,20,-1,10
21,17,12,3,2,19,14,12,8,11,13,21
4,19,21,6,15,7,2,12,19,30,19,25
4,19,13,6,8,18,15,14,9,21,1,24
-1,-12,-4,-31,-4,-27,-2,-21,14,-30,-1,-21
-1,-4,11,-25,8,-20,9,-9,21,-16,-1,-24
1,1,19,-2,10,-9,18,-6,5,-8,5,-31
-3,-7,12,3,2,-16,18,-29,3,-19,17,-32
14,-5,18,-30,9,-25,2,-21,12,-30,16,-8
22,-2,4,-30,18,-17,10,-14,6,3,-1,-6
17,-9,15,-28,-2,-15,2,-21,16,-9,6,-21
18,-15,-4,-12,-4,-12,11,-27,4,-20,20,-19
-2,-6,2,-25,18,-24,6,-19,7,-9,5,-23
17,-9,0,9,11,-8,5,0,5,-25,2,-12
19,-12,1,-15,12,-21,20,-14,16,-9,14,-16
-2,3,22,-22,16,-16,10,-22,9,-6,4,-6
3,-2,2,-22,13,-8,13,-24,17,-14,-1,-24
21,-21,13,-16,21,3,18,-20,5,-5,-3,6
3,12,6,0,-3,-18,-4,4,-4,-14,-3,-4
8,-2,11,-8,17,-21,6,8,6,3,18,-7
13,-14,18,-9,0,12,0,15,4,1,4,-20
14,-12,-2,-7,21,5,0,-3,20,6,-2,-6
19,8,15,17,16,3,1,-7,11,13,0,-13
21,11,22,1,5,15,-2,2,-4,-16,17,-12
22,-14,22,-12,19,-14,19,-8,12,-6,-3,-4
4,16,15,7,0,1,17,19,22,-3,22,-6
0,7,22,10,-1,1,0,-4,3,-12,18,8
14,7,17,2,-3,2,3,-11,13,9,3,-8
13,0,18,2,-1,11,3,-1,20,-10,-3,20
-2,24,12,-5,1,8,1,15,21,25,7,-11
15,17,5,25,1,-2,6,-4,21,-5,18,15
-2,-4,0,14,5,14,8,-7,17,3,7,1
17,15,21,21,6,-7,3,2,-4,-4,17,25
22,13,8,13,7,19,3,-4,5,8,18,13
16,16,7,27,8,2,16,13,0,8,-1,26
-3,8,14,14,6,5,-4,13,18,27,22,13
18,18,3,19,4,15,-2,-4,8,14,19,2
20,23,3,0,14,9,20,23,22,5,17,5
0,34,19,18,7,16,0,7,6,15,20,11
-2,17,9,10,15,34,14,28,22,28,17,15
18,10,13,11,12,28,20,3,14,16,18,28
-2,-17,17,-34,11,-32,5,-35,4,-27,7,-31
23,-18,14,-5,23,-21,17,-7,8,-27,4,-20
-3,-18,16,-27,22,-15,4,-25,4,-5,18,-21
3,0,0,-29,-1,2,19,-17,10,-31,17,-32
21,-12,20,-13,12,-15,19,-5,1,-12,10,-24
20,-22,14,-14,-1,-25,6,-11,1,-30,-2,-28
4,6,21,-15,3,-29,0,-17,16,4,2,-1
16,-5,19,-10,-1,-11,-1,-5,14,-13,12,-9
23,-3,1,-9,-1,-20,2,4,3,-12,23,3
0,-2,-2,-13,-1,-18,1,-10,10,6,6,-11
18,-4,11,-3,11,-6,22,-21,20,-26,16,-26
22,-3,21,0,-2,10,15,-23,21,8,13,-4
12,-6,20,0,5,-13,20,5,-1,9,3,11
21,8,1,-2,-1,4,17,-1,-1,-2,11,0
18,-17,2,-7,-1,-8,5,-22,6,2,9,-15
12,-4,1,6,0,0,9,-12,0,15,16,8
12,-6,7,-9,8,1,14,-16,6,16,-2,-12
11,-12,18,3,11,-6,3,-18,2,-10,6,-5
16,2,13,13,7,18,10,0,16,8,7,17
1,18,1,17,12,12,21,8,15,1,16,5
-1,4,-1,8,-1,15,16,-4,21,11,-1,16
-2,-5,3,17,3,7,3,3,20,10,21,13
3,10,0,-11,5,20,-2,14,4,21,14,15
22,11,20,-1,20,22,21,1,22,8,23,1
1,7,12,-9,9,12,2,21,4,-8,2,1
0,11,7,16,13,18,10,12,10,-10,12,22
1,7,5,20,12,22,23,-1,20,-2,18,13
15,9,-3,4,-2,-3,12,-3,16,16,11,13
7,18,18,5,-2,12,8,-2,12,14,8,16
-2,5,-1,10,6,7,1,-3,9,27,5,6
7,18,10,10,22,-1,18,-1,-1,22,11,13
-1,9,8,9,11,4,15,0,12,1,-1,12
2,15,22,9,18,14,16,32,2,25,-3,22
15,12,12,-3,0,19,16,16,1,32,21,0
2,34,23,21,9,8,0,29,9,27,2,8
6,16,5,14,1,0,10,29,20,19,4,35
-3,7,23,2,-2,31,22,27,0,10,12,29
23,-33,11,-22,21,-21,2,-2,3,-25,3,-17
21,-22,4,-31,22,-2,4,-29,15,-34,1,-4
24,-31,3,-24,3,-27,4,-12,5,-21,8,-2
23,-28,0,2,0,-26,11,-26,17,-26,11,-17
22,-26,3,-11,4,-32,17,-2,2,-21,6,-28
2,-4,18,0,-2,-10,23,1,16,-21,1,-9
17,-14,-2,-1,16,-2,0,-12,6,-13,18,-19
20,-17,8,-4,2,-5,17,-9,9,-9,23,-6
16,-15,18,-20,16,-10,13,-1,1,-15,20,-25
-2,-3,0,1,19,5,19,-25,11,7,16,-16
24,-17,18,-20,14,0,11,-24,15,6,22,-6
16,4,9,-6,2,-19,13,-4,23,-21,22,-19
4,-7,0,-11,16,-2,20,2,7,-8,18,3
12,-20,2,3,1,7,20,-22,12,-12,13,-13
15,12,11,-10,11,7,-1,10,0,-18,8,4
14,8,14,11,13,-20,17,-12,24,0,9,-13
-2,13,12,-7,2,-6,4,4,17,-19,24,-8
17,-14,17,-13,16,-19,24,17,1,8,0,9
8,2,-2,10,2,-8,9,-13,15,9,8,-7
7,16,14,4,7,-11,-2,3,19,13,5,-15
14,-5,13,-2,18,-10,15,-7,7,16,2,-7
24,-15,4,-15,20,-2,21,9,24,13,23,15
23,-13,0,-14,12,-3,3,-2,7,20,4,18
17,13,17,18,24,-13,7,-12,14,18,10,11
1,-1,12,18,14,23,-1,-2,2,19,22,11
2,12,12,10,19,19,0,6,4,25,12,23
16,18,24,10,7,7,16,17,19,9,1,-1
3,16,4,10,9,4,10,20,5,25,-2,15
-1,0,16,4,3,-8,16,1,1,-6,16,-1
3,11,15,18,9,18,5,20,0,23,10,5
1,0,10,12,7,18,4,-1,18,16,18,29
15,10,0,11,9,31,24,6,19,20,6,13
17,3,6,4,13,0,9,10,3,13,20,15
18,4,3,23,22,19,1,11,12,4,9,13
15,2,20,18,14,10,21,25,13,30,6,32
-2,13,16,17,17,18,18,23,21,10,9,26
-1,11,-1,20,10,28,22,8,10,13,24,33
17,-11,0,-25,0,-14,14,0,4,-22,4,-6
-1,-12,1,-29,2,-28,7,0,4,-35,4,-26
1,-7,8,-26,23,-4,0,-27,15,-26,2,0
17,-17,0,-16,16,-10,13,-20,10,1,16,-18
18,-7,24,-2,12,-17,23,1,20,-24,22,3
22,-19,23,-14,24,-24,19,-18,0,3,4,-20
2,0,13,-18,2,2,0,-4,0,-2,20,1
25,-19,0,-20,16,5,16,-17,22,-3,15,-13
7,-7,25,-18,0,-25,25,-14,19,-15,-1,-3
0,-9,0,-27,13,-26,21,-5,25,6,6,-21
8,-1,20,2,16,-2,18,-4,16,-14,9,-4
1,-15,11,-6,23,6,22,5,3,-18,25,-17
13,6,12,-24,8,11,8,-5,7,1,13,3
12,5,23,3,8,13,1,-7,2,-11,10,-11
21,10,8,14,17,12,17,12,0,-21,5,1
20,6,24,-10,4,15,1,7,5,7,8,-21
2,-16,4,3,1,6,16,15,3,7,21,-20
17,12,-1,-8,22,-9,6,13,12,17,13,12
25,0,18,-9,6,0,23,-18,12,14,24,1
2,18,22,10,13,-2,5,4,5,17,18,15
23,-15,6,8,7,10,4,-6,-1,19,17,-16
6,-10,11,-13,1,19,2,21,22,9,23,-11
20,-4,15,-2,2,-1,11,18,4,20,0,10
1,20,0,-11,11,17,14,-9,12,4,14,1
16,5,1,2,13,20,7,9,0,4,22,-2
2,-6,0,19,21,11,12,-11,14,-3,14,2
0,-5,12,17,16,19,25,-9,4,-6,11,-5
19,20,13,8,22,-5,16,14,10,0,16,4
19,11,3,-2,18,-1,20,19,14,4,14,8
3,-2,13,2,19,3,16,-1,-1,18,10,22
18,6,2,9,13,27,15,9,0,-3,24,0
2,31,2,9,10,10,1,21,15,11,21,1
8,9,17,16,10,31,5,31,19,30,-1,2
11,23,19,32,16,33,5,-1,19,13,24,8
16,0,9,27,13,33,7,23,7,1,12,32
19,12,7,13,-1,26,14,25,14,26,11,9
14,3,1,3,21,0,15,25,24,27,22,27
5,-6,18,-25,9,-8,20,-3,6,-7,13,-14
25,-31,17,-35,1,-24,5,-20,14,-13,10,-14
23,-28,8,-25,10,-23,16,-30,13,-3,14,-19
17,-13,11,-10,6,-29,9,-30,19,-16,15,-6
24,-23,21,-2,18,-15,2,0,21,-23,7,3
17,-13,10,-23,19,-19,12,-12,0,1,3,-5
18,-19,4,-14,14,-30,17,-6,26,0,21,-9
7,-6,16,-7,21,-14,3,-7,16,-16,5,-28
26,2,18,-12,15,-13,20,7,1,-26,15,-11
4,-3,18,3,1,5,25,7,6,-26,12,-2
6,-4,23,-12,3,-24,20,-9,20,-20,4,-1
26,-3,16,-25,5,-12,10,-13,21,1,19,8
18,-18,5,-12,3,2,26,-12,9,5,6,3
18,-22,21,-17,16,-7,15,10,6,2,16,2
3,-19,12,-12,7,-10,5,6,22,-12,23,-18
19,-19,19,2,9,-12,5,-4,9,10,18,-1
19,9,6,-8,17,0,20,16,10,-18,14,1
10,10,0,15,2,-17,12,5,1,7,9,17
21,-5,14,-4,5,-2,14,15,21,0,17,-12
22,-8,20,10,19,15,11,5,14,6,12,-11
17,12,18,-6,1,-8,17,17,10,14,16,7
14,2,1,4,20,-2,19,9,17,8,26,21
22,15,20,4,26,11,0,-4,17,21,1,3
0,14,21,1,15,-5,20,-7,7,-2,1,1
13,-5,16,12,18,15,20,17,10,-3,4,3
0,19,24,-10,3,25,12,-11,19,-5,15,4
24,22,15,20,19,0,22,-2,18,12,18,22
14,12,20,0,14,25,25,15,7,-9,19,-1
14,10,8,-5,11,23,25,22,19,3,5,16
18,12,22,18,2,23,26,-2,6,11,18,-6
16,-3,3,1,4,-1,24,21,1,25,12,23
18,18,16,24,24,18,20,6,0,17,25,2
12,2,1,22,14,17,20,4,11,32,14,6
13,18,16,27,0,27,11,21,6,29,24,6
24,28,10,5,7,3,18,19,23,1,20,28
8,8,11,26,25,19,21,23,15,24,16,10
21,30,4,33,16,34,6,26,23,21,15,26
