0,-36,-23,-13,-5,-30,-8,-24,-26,-34,-6,-3
-1,-23,-22,-19,0,1,-20,-21,-16,-28,-22,-13
-3,-2,-16,-9,-7,-27,0,-9,-1,-9,-24,-19
0,-4,-22,-26,-9,-2,-17,-6,-19,-31,-24,-20
0,3,-21,-12,-14,-7,-2,-32,-1,-20,-18,-8
-4,-26,-13,-4,-18,-11,-20,-15,-22,-27,-8,-8
-15,-1,-6,-16,-17,-4,-17,-21,0,-9,-17,-19
-5,-28,-3,-24,-5,-16,-18,-5,-18,-23,-16,-27
-1,4,-10,-6,-21,2,-12,3,-18,1,-5,3
-4,0,-17,-8,-8,-16,-18,-21,-15,-11,-10,1
-2,0,-12,-10,-25,-4,-10,3,-6,9,-25,4
0,-4,-3,0,-9,-16,-26,-20,-7,-23,-15,-13
-6,-12,-6,-22,-22,-7,-9,-12,-18,-8,0,-16
-4,7,-17,-2,-3,5,-4,13,-4,12,-22,3
-2,10,-26,-18,-17,6,0,6,-23,1,-19,1
-1,-18,-24,10,-26,-8,-3,-12,-17,9,-13,-8
-2,11,-20,-8,-21,-8,-10,-10,-22,4,-15,-5
-3,7,-16,16,-8,-10,-13,1,-19,7,-20,0
-5,-8,-13,-3,-15,-15,0,-15,-3,13,-25,10
-3,14,-25,-16,-9,-11,-2,13,-17,-6,-26,-13
0,6,-6,16,-2,8,-8,17,-4,-5,-25,-12
-10,-14,-16,7,-2,10,-14,-7,-13,10,-1,-4
-6,-12,-25,8,-26,-12,-15,-14,-14,-7,-25,-5
-10,-8,-1,23,-21,22,-12,-2,-6,20,-22,3
-6,17,-5,19,-8,0,-4,21,-6,7,-8,2
-6,4,-6,-6,-17,10,-22,25,-7,10,0,25
-12,0,-3,-4,-12,6,-20,0,-6,-4,-5,-4
-7,9,-11,6,-4,5,-3,11,-6,-5,-25,10
-13,0,-10,4,-10,8,-15,14,-15,26,-10,26
-9,27,-5,-3,-16,10,-19,-4,-21,4,-21,9
-10,30,-25,5,-9,-2,-18,27,-26,17,-5,17
-11,9,0,12,-20,0,-5,25,-24,13,-16,14
-6,-1,-7,1,-13,28,-2,2,-8,28,-4,18
-10,23,-24,20,-7,15,-1,0,-22,19,-20,33
-11,33,-13,32,-14,15,-4,17,-20,33,-5,26
-4,18,-21,25,-17,28,-20,33,-20,29,-6,33
-4,11,-5,7,-3,22,-4,27,-3,27,-2,14
-9,-26,-21,-36,-8,-34,-8,-7,-10,-20,-10,-5
-2,-33,-4,-33,-5,-11,-2,-7,-12,-2,-5,-35
-4,-2,-16,-28,-18,-34,-8,-10,-19,-10,-5,2
1,3,-21,-14,1,-18,0,-22,-7,-19,-23,-12
1,-4,-16,-14,-15,-12,-5,-26,-1,-12,-9,-11
-2,5,-18,-3,-2,-20,-19,-6,-3,-31,-11,-12
0,-17,-5,-1,-4,2,-12,-1,-16,2,-10,-14
-2,0,-19,-4,-14,-4,-12,6,1,-17,-13,-8
-4,2,-21,-27,-3,-15,-4,-20,-21,-28,-7,-18
0,-23,-21,-14,-9,5,-3,-5,-1,-16,-5,5
1,-17,-1,7,-11,3,-3,9,-18,-19,-23,9
1,-5,-1,-11,-8,-22,-2,5,-7,2,-12,-8
1,-5,-19,-6,-20,-10,-15,-1,-1,-11,-7,-20
0,-16,-23,4,-22,-8,-3,1,-7,-7,-11,-7
-3,-15,-13,9,-17,-9,-22,7,0,-7,0,3
-10,9,-24,-11,-22,14,-12,-19,-6,-9,-8,-4
-7,-10,1,2,-5,-5,-18,5,-15,-11,-11,-9
-2,6,-15,-10,-23,4,-8,13,-23,-6,-15,-1
1,-8,-17,-13,-3,13,-8,-13,-14,6,-11,13
1,0,1,19,-17,0,-2,19,-4,-13,-3,-6
0,-6,-20,-16,-6,-11,-25,4,-5,-11,-24,17
1,3,-6,13,-1,13,-1,14,-16,-1,1,18
-4,-3,-11,9,-2,10,-3,11,-24,-12,-8,8
-6,-2,-3,22,-4,6,-3,-5,-3,-6,-20,-13
-6,1,-3,-9,-7,-11,0,2,-3,-9,1,13
-4,-5,-12,13,-7,-9,-2,3,-25,10,-9,0
-12,19,-2,-6,-8,10,-20,15,-12,26,-11,23
1,16,-13,1,-13,15,-10,-8,-15,7,-1,-8
-1,-4,-2,25,-23,10,-15,14,-15,6,1,-3
-3,-6,-6,9,-22,9,-19,17,-10,24,-19,8
-1,1,-19,22,-15,4,1,3,-13,-3,-10,16
-12,-3,-23,4,-15,2,-10,15,-13,28,-16,18
-9,4,0,14,-7,30,-11,12,-8,26,0,0
-9,14,-6,1,-8,10,-14,25,-17,1,-13,2
-12,8,-20,7,-25,30,-22,26,0,27,-18,2
-8,5,-3,5,-23,16,-3,12,-17,23,1,30
-12,7,-10,26,-8,21,-22,11,-24,12,-10,35
0,-36,-17,-33,-1,-7,-1,-31,-11,-27,-2,-2
-10,-20,-23,-22,-2,-18,-16,-10,2,-1,-3,-14
-1,-30,-1,-26,-22,2,-1,-12,-21,-24,-21,-27
-1,-26,-20,-2,-9,-9,-10,-33,-24,-16,-13,-30
2,-31,-8,-16,-21,-29,-2,-30,-23,-19,-2,-19
-3,0,-15,-20,-11,-29,-8,-7,0,-27,-10,-23
2,0,-16,4,-1,-10,-23,4,-17,-13,-23,-27
-1,-24,1,-9,-2,-1,-9,7,-6,-16,-9,-20
2,-26,-6,-15,-21,-26,2,6,-9,-4,0,-28
1,-16,-4,9,-2,6,-16,-10,-21,-12,-9,-26
-4,-15,-18,-24,2,-17,-5,-11,-18,-18,1,-5
0,5,-1,-13,-9,-2,0,6,-8,-11,1,5
2,9,2,0,-22,-20,-8,-13,-11,10,-10,-11
-1,11,-21,-17,-10,8,-13,-3,2,-5,2,-6
-1,-19,-22,8,-8,-18,-21,-16,-8,-3,-3,13
-11,-17,-19,-7,0,12,-11,9,-4,-13,-16,0
-7,-10,-8,-10,-15,-19,-4,-11,-20,-18,-17,-14
-3,-7,-2,-9,1,-14,-4,15,-7,12,-24,16
-3,11,-9,11,-16,8,-17,16,-10,12,-20,-7
-1,10,-7,-3,-17,-2,-23,14,-18,-2,-6,18
-2,12,-22,-15,-4,14,-23,-10,-18,-15,-18,-14
2,1,-21,-8,-8,-3,-11,-4,-8,-11,-24,-5
-2,11,-23,-10,-4,-1,-17,0,-8,7,-23,-7
1,-11,-18,-13,-19,3,-21,-10,-11,-1,-17,21
-10,-3,-8,15,-18,-3,-3,2,-16,7,-22,13
-10,-3,-19,-10,-10,25,-2,12,-5,24,-17,4
-5,2,-1,16,-21,3,-16,-10,-21,-2,-19,23
2,-3,-22,16,-7,20,-10,5,-19,-8,-22,21
-4,2,2,-2,0,2,-22,13,-13,3,-10,20
1,29,-12,28,-2,9,-24,25,-23,9,-23,16
-2,20,-15,17,0,13,-6,8,-6,1,2,4
0,22,0,12,-1,20,-11,1,-7,-4,-8,10
-4,9,-1,11,-3,-3,-3,-3,-13,13,-5,1
-3,5,0,27,-21,6,-2,28,-19,12,-6,17
2,30,1,0,-20,14,2,3,-14,24,-5,24
-1,8,-1,10,-18,22,2,9,-2,35,-17,4
-12,28,-20,30,-2,15,-19,29,-8,18,-11,24
-3,-8,-14,0,-10,-33,-9,-2,-4,-28,-8,-4
-5,-28,3,-21,-17,-15,-3,-8,2,-33,-2,-25
-6,-8,0,-3,2,-11,-21,-16,-9,2,-21,-6
3,-6,-21,-13,-16,2,-9,3,-4,-16,-23,-19
-4,-13,-17,-26,-21,-25,-3,-21,-5,-17,-21,-13
1,-23,-20,5,-20,-17,-21,-27,-12,-4,1,-25
-2,-28,-10,-9,-16,-27,-2,3,-2,-22,0,-12
-1,-27,-21,-18,-20,-12,2,-14,-17,3,-18,-9
2,-10,0,-7,-7,-9,-1,2,-8,-19,-16,-14
-2,0,-1,-12,-16,4,-3,-10,-1,4,-6,-3
3,-13,-6,-9,-18,-2,-5,-25,-11,-22,-22,-18
3,-21,3,-12,1,-24,-14,3,-15,8,-10,7
1,-19,-23,1,-19,9,-17,-18,-11,-24,0,9
-6,-7,-7,-2,1,-14,2,-17,1,-23,-10,11
-15,7,-13,12,3,11,-3,-17,-4,-3,-1,-7
-7,1,-8,-13,-18,0,-18,14,-1,-9,3,11
0,-4,-11,-2,-19,2,-4,-4,1,15,-6,13
-8,-16,3,2,-13,15,-14,-1,-5,14,-10,-13
3,-6,-7,6,-2,2,-12,-3,3,12,3,3
-1,18,-6,-6,-15,16,-19,-12,-16,7,-5,-17
-9,18,3,3,-16,17,-1,-9,-1,-3,-10,-16
1,-2,1,9,-3,-9,-5,-12,1,2,2,1
-6,21,-22,-8,-22,-14,-18,8,-1,3,-4,-8
-2,-10,-1,-13,-19,12,3,10,-15,12,0,22
-6,-5,-22,14,-9,-7,-8,-3,-14,8,-9,-11
-9,20,-1,25,-14,21,-9,21,-12,3,2,21
-7,-3,-17,-6,-19,26,-6,24,-21,-7,2,-2
1,16,-3,13,2,-8,-1,23,-23,4,1,17
0,14,-20,3,0,15,-10,1,-17,13,2,11
2,14,-15,2,-1,25,3,25,-19,13,-3,12
-9,26,-6,27,2,12,-6,25,-15,12,-16,25
2,11,-16,-4,-15,20,-2,13,-23,4,-13,20
2,16,-20,26,-22,3,-22,5,-9,-1,-19,31
1,6,-9,18,-2,13,0,12,-14,25,-23,17
-9,31,3,29,-8,4,-18,1,-13,1,-23,19
-2,35,-14,-1,1,11,0,16,-10,5,-2,12
-13,4,-5,23,-17,34,0,11,-16,14,-13,31
-4,-5,-4,-12,-14,-13,-18,-21,0,-3,-19,-6
-7,-19,-8,-21,1,-25,0,-9,-7,-21,0,-6
-1,-19,-5,-16,4,-2,1,-32,-1,-9,-9,-30
1,-18,-22,-26,3,-12,-3,-5,-12,0,3,1
-5,-30,-8,-22,-16,-22,-21,-6,-13,-1,-7,-21
3,-9,3,-3,-14,-10,-7,-17,-22,-11,-13,-29
-9,-11,-18,-6,-8,-28,-2,-7,-2,-8,-9,6
0,-19,4,-26,-19,-4,1,2,-9,2,-11,-9
4,-21,-19,-9,0,-16,-13,-25,0,1,-17,-5
-5,4,-6,-4,-13,-11,-11,-17,-12,-26,-13,-8
3,-21,-21,-14,4,-18,-19,-22,-21,-26,4,-25
2,3,0,3,-15,-6,-10,11,-1,-25,-22,-8
3,-18,0,-1,-2,11,-9,7,-8,3,-6,-22
0,-17,-22,1,-4,3,-18,-12,-10,-12,-15,1
1,2,4,-14,-4,11,-7,3,-10,8,1,9
0,3,-16,0,-7,12,4,-15,4,7,3,3
-2,-19,-8,11,-22,-1,-3,6,3,-11,-4,-7
0,3,-18,1,4,-17,-14,4,-14,8,-6,7
4,8,-19,7,-22,3,-4,13,3,17,3,4
2,-5,-15,2,3,16,1,6,-6,15,-3,17
-3,-1,0,-15,-13,-8,-5,19,-2,14,-14,9
-8,-11,-9,18,-2,19,-20,2,-17,-7,-4,2
-2,19,0,-5,-3,-4,-9,-9,-2,11,2,20
-6,22,3,13,-13,17,-18,19,3,23,-22,23
-2,18,-22,18,-18,3,-12,-12,-7,14,-17,-3
-7,-9,-21,19,0,9,1,16,-8,22,-2,-6
-9,-5,1,-3,2,5,1,16,3,23,-6,-10
2,11,-11,17,0,20,-2,16,-13,15,-22,20
-1,-8,-22,13,-4,27,1,17,-4,17,-16,5
4,7,-3,4,-16,-6,2,-2,-20,-2,-14,5
-6,23,-7,7,-17,28,1,26,4,16,-22,-1
3,9,-17,13,-11,0,-4,3,1,21,-19,28
4,-1,-21,4,-15,3,-6,14,2,32,-9,3
-4,6,3,-2,2,10,-21,15,4,23,-6,4
2,15,2,16,-5,22,2,17,-6,26,-22,5
-6,26,-5,14,1,3,1,34,-4,34,-5,30
-9,21,-12,10,0,4,-17,21,-22,35,-16,10
-4,-15,4,-14,-13,-24,-19,-6,-14,-16,-5,-28
0,-28,-4,-19,-6,-5,-10,-19,2,-1,0,-17
3,-33,-14,0,-7,-21,-16,-30,1,-28,-2,1
-5,-31,-10,-18,-3,-8,-11,-29,-20,-1,1,-17
1,-23,-5,-24,1,-30,-17,-20,-9,-14,-1,-3
2,-25,-2,-12,-13,-25,-20,-26,4,-30,-17,-6
4,-29,-15,1,-1,-3,-6,-9,-20,-15,-12,-17
3,-13,0,-8,-20,1,-14,-27,-19,-18,-7,-14
-3,-17,-3,-22,-6,-7,-5,-6,-20,-21,-2,-16
1,-6,-6,-4,-1,-8,-19,1,-14,-17,-9,0
4,-18,-21,0,-6,-7,-14,2,3,5,-6,-13
1,6,-18,-5,-10,11,-9,-22,-7,-3,-4,-21
1,12,-9,0,-11,6,-16,0,-13,4,-11,-19
5,8,-9,13,-8,11,1,-8,-20,-3,-6,-5
3,7,-3,11,-8,-12,-5,-8,2,-20,-2,1
0,-12,-4,10,-19,-21,4,0,4,0,-9,7
3,-10,0,-12,-19,-11,3,13,3,-8,-1,-8
-4,-11,-12,-9,-4,13,-1,-11,-8,-14,-4,-17
-5,10,-11,9,-5,12,-5,16,5,1,-3,-2
-4,-17,-6,-1,-20,12,2,-13,2,19,2,19
-3,5,-1,17,-8,-1,-5,-16,-2,20,-1,8
-3,18,-16,21,-12,18,0,-6,3,1,-3,14
-3,3,-8,-11,-15,22,-15,-10,4,16,5,-12
-2,-5,-2,-1,3,4,3,0,-3,-12,5,17
-5,13,-8,7,-12,-3,5,4,-20,-11,-2,18
-1,-7,-16,22,-1,-1,-1,11,2,18,-11,12
3,25,-11,20,-16,15,-18,25,-11,11,-6,20
1,-9,-2,11,-4,-1,-2,-7,-20,20,-7,26
1,21,-2,1,-21,25,-21,-2,-5,15,-15,4
4,24,-7,25,-6,-7,-13,-5,-7,27,-20,14
4,24,-19,-1,-1,-4,-3,10,-4,3,-4,8
5,29,-16,5,-19,20,-15,26,-16,4,-14,2
4,15,-18,31,-5,30,-20,25,1,24,-7,20
4,32,-14,30,2,32,1,2,-3,28,-4,33
3,0,-21,32,-19,8,-5,29,-8,30,-18,10
-1,8,-17,22,-12,1,0,16,-13,0,3,31
-2,20,-9,28,-4,19,-20,11,3,7,-4,23
2,-20,-8,-15,-13,-11,-7,-4,-5,-31,-11,-18
-7,-2,-19,-30,-19,-23,-1,-14,5,-32,1,-31
1,-29,-16,1,-15,-31,-4,-7,-20,-9,-5,-1
6,-25,-19,-1,-16,-1,0,-31,4,-30,-5,-19
-3,-8,-1,-3,6,-16,-11,-21,-10,-8,-15,-11
6,-26,3,-9,-16,-18,-1,-12,-1,-7,0,-22
-2,-6,-9,4,-6,-20,2,-24,6,-26,-10,-8
-3,4,-10,-28,-1,4,-6,6,2,-15,-16,-15
-5,-24,2,6,-16,0,-20,-17,-16,-2,-8,-26
-5,7,-8,-12,1,7,5,-27,-14,-21,1,-2
5,-11,-10,3,5,5,-20,-8,-9,-19,-8,-12
3,10,-13,-10,-12,-1,-9,-14,-17,-16,-11,-9
5,-24,-9,-18,1,1,-18,2,-5,-11,-11,-3
3,-2,4,6,-11,-10,-4,-17,0,-13,-19,-11
5,7,6,-4,-9,12,-15,-2,-19,-13,3,3
-4,-12,-17,-7,-15,-17,-17,4,1,-20,4,-16
3,0,-5,0,-16,-11,-19,-10,-9,-1,-14,3
3,-6,3,-3,-6,-7,-2,-8,-4,-10,-6,-12
-3,0,-5,-7,-15,-5,0,17,-3,-5,-19,14
0,-10,2,-12,-7,11,-6,0,-15,4,-3,-9
-2,-12,-17,-14,-16,19,-15,-15,6,11,-6,-16
-6,3,-13,5,-3,0,4,0,-15,2,1,2
-7,10,-1,13,5,12,-6,-13,-15,6,-14,19
0,6,2,3,1,5,-3,1,-1,-3,-13,6
4,10,-3,24,-14,-8,-3,13,-15,-10,-10,1
-3,-2,-19,20,6,-6,-12,19,-12,1,-17,-11
3,20,-3,17,-7,2,-3,-7,-20,26,-16,10
3,19,-18,24,-7,18,5,23,-2,-1,-9,24
5,1,-11,16,-14,9,-1,26,-9,0,0,10
-4,17,-14,27,-5,18,-17,25,-5,28,-8,2
-6,8,-4,0,1,4,-3,24,-2,0,-17,16
-5,28,0,14,-8,22,4,6,1,1,-1,6
1,9,-5,31,1,5,-4,8,-2,0,5,-1
4,11,-12,19,5,29,4,14,-5,27,2,15
4,9,-6,11,-13,-1,5,34,3,7,-13,6
5,32,-3,19,-20,25,-14,34,-17,20,-15,5
3,19,-14,29,-10,36,-3,11,6,5,-18,32
3,-33,-6,-1,-7,-18,-19,-23,-13,-3,-17,-9
6,-18,-4,-32,-5,-15,-7,-33,-10,-28,-5,-3
6,0,3,-9,-13,-6,-12,-2,-17,-34,-11,-31
2,1,7,-18,1,-25,-3,-8,4,-5,3,-5
-6,-31,-17,-25,7,-4,5,-23,3,-17,3,-20
6,-8,-19,-3,-8,-2,7,-29,-19,-23,-7,-5
-1,-30,-9,-15,4,6,-11,-11,-6,-2,7,-27
1,-7,-10,-4,-3,-4,-12,-12,-15,-28,-11,-13
2,-14,-13,-9,-10,6,2,0,-17,8,-13,-12
0,-6,-18,6,-11,-13,-4,-24,-7,-8,-4,-10
-5,-15,2,-1,-12,-4,-3,-23,7,6,-9,-26
-6,-7,-15,-20,-8,8,-14,-7,-9,-20,-13,-1
3,-7,-7,2,3,-16,6,-15,2,-10,-2,2
2,-7,5,8,-3,-23,5,-2,1,-5,-6,-4
0,-13,-5,-20,-1,-3,3,-1,6,-18,0,-20
0,6,-1,-4,-3,-6,6,1,3,13,6,15
1,4,7,15,5,0,3,9,-5,0,-18,-9
3,-5,-9,13,-7,9,1,17,2,-2,-14,16
0,-16,-13,15,-12,18,6,6,-3,2,5,0
-5,-1,0,4,-10,-14,-9,-9,-2,12,-17,-13
1,18,-2,-7,5,6,3,-5,-19,-1,-19,10
-5,-2,4,19,-8,-14,-13,21,-7,21,1,7
7,10,2,14,6,-7,-6,13,-6,9,-18,3
7,10,-11,7,2,20,-11,18,7,18,3,19
4,21,-19,-2,-18,20,-17,19,6,2,-14,15
2,17,-5,4,-9,-11,-3,6,-4,-8,-2,23
4,-2,-12,12,-7,1,-6,9,-19,6,2,23
7,2,5,-6,-18,6,7,6,2,24,-11,19
2,18,-10,-6,-13,6,-12,-2,1,21,0,-7
-6,21,-8,28,-1,9,7,11,-7,2,-4,1
-4,30,-4,21,4,25,2,-3,4,15,-16,-2
-7,12,0,29,-16,14,-6,-1,-11,-5,-16,22
0,3,5,7,-14,18,0,29,6,18,4,9
-6,27,-18,32,1,0,-19,1,-12,20,0,29
2,15,-2,8,6,32,-9,26,-12,19,-11,5
-3,32,-11,6,-3,6,7,11,0,30,1,30
6,27,-10,8,5,7,-16,14,6,27,6,33
6,-33,-11,-19,-8,-5,3,-1,3,-24,-14,-19
8,-20,-7,-27,2,-13,-2,-22,8,-11,-6,-17
2,-18,-12,-26,-17,-15,8,-27,-17,-29,5,-7
-2,-17,-11,-7,-1,-33,1,-25,-1,-27,7,-32
0,-16,-17,-18,-14,-11,-10,-25,-5,-18,-1,-22
1,2,4,-9,3,-27,-2,5,-11,-22,-14,-31
-1,-5,-10,2,-18,0,-8,-16,-15,2,-4,-20
-5,-3,-14,4,8,0,-15,-9,8,-22,-5,-18
1,-6,5,0,-10,4,-16,-15,1,-17,6,1
0,-7,-7,-23,-17,-10,-2,-11,-18,-9,4,-18
-4,1,-17,-19,-5,-13,1,-17,-14,-11,-7,-3
-3,-4,-18,-2,0,-18,1,10,1,-21,-11,2
-6,11,-15,-23,-14,-5,1,5,0,-5,-11,-21
0,-5,-6,-1,-13,-15,-15,-23,5,-11,-9,12
1,6,-6,-13,6,4,2,-1,-6,12,-10,-5
-2,-3,-1,7,-7,-14,-15,-5,-8,2,4,-13
-5,-6,2,-8,-4,-2,-15,-1,2,7,-11,16
-5,-4,-8,17,-18,-16,-7,10,6,10,4,-2
-4,11,8,7,1,3,-1,-14,-15,2,3,-10
5,6,3,-1,-14,-10,-7,-12,-3,15,-10,17
3,-12,3,7,1,20,-4,-9,-4,2,-16,13
-1,2,1,-7,-12,-2,-9,4,-13,11,-15,-4
-1,22,1,-14,-11,2,-7,10,-7,8,5,3
-5,-1,-17,7,2,-4,-11,13,-5,-9,8,-2
0,2,-13,15,6,-1,-11,6,-3,5,2,9
-4,6,-7,3,-5,-7,0,8,-17,8,2,-8
0,3,-13,15,-10,12,-12,-7,-12,13,-3,-4
-2,2,5,8,4,-8,-10,5,7,-4,5,25
5,4,-3,-2,-8,7,-3,22,-18,4,-2,23
2,20,-18,-1,8,-1,-3,-5,8,22,4,-2
0,13,-6,11,-18,25,-7,25,6,13,-14,-5
0,27,7,-2,-17,3,-11,24,-17,18,6,26
0,-1,-11,14,-3,7,-5,4,-11,21,3,28
1,26,6,25,7,6,0,7,-11,2,-13,21
-4,17,-16,11,-15,28,-2,28,-11,16,-5,1
0,4,0,34,-15,5,-15,17,-8,24,4,30
-2,4,6,23,-13,6,-2,2,-15,36,-2,12
8,-11,2,-33,-12,-34,6,-24,-11,-33,8,-10
-2,-18,-16,-7,-13,-4,8,-1,8,-3,-12,-25
-1,-19,4,-29,-6,-7,8,-33,1,-34,-10,-21
0,-5,7,-20,-17,-18,0,-11,6,-16,-11,-19
-2,-22,-16,-23,5,3,-6,-2,-6,-17,-8,-23
5,-13,-12,-14,7,-26,4,-29,5,-8,5,-24
3,-25,-3,-2,5,-27,-15,-5,-10,-19,-8,-8
-2,-10,-11,1,-16,-20,3,-25,-2,5,-5,-14
-1,6,3,-24,1,1,-15,-1,7,-5,-3,-10
1,-25,-17,-19,-6,-23,-13,8,-12,9,1,0
0,-11,-5,-7,-13,-24,1,-9,2,8,-7,-14
-4,-8,2,-18,6,-17,-16,3,-8,9,-1,-16
2,10,-5,8,-14,-6,-10,-12,-3,-8,-10,5
-1,8,-10,8,-3,10,7,11,-3,-2,-6,2
0,-10,-5,-22,-12,14,-11,-13,-16,-16,-1,-3
7,12,-14,7,-11,0,-14,-12,-14,-2,9,2
4,13,-15,-10,-16,-9,-13,3,-5,-6,9,-8
8,9,-9,8,-15,2,0,1,-11,-17,-17,0
-3,-11,1,-14,1,9,-15,5,9,7,-1,-2
-4,-11,4,19,-11,18,-15,-6,-1,-12,5,19
1,14,0,-11,-17,13,-13,-8,7,-6,-9,-5
1,13,9,15,-15,16,-2,1,-14,16,0,1
0,9,7,5,7,13,4,-7,5,2,-3,-10
-7,16,-1,22,-17,7,-6,20,0,13,-4,15
7,24,5,0,8,16,4,-1,-17,-11,-16,8
-2,21,-4,9,8,-8,5,-11,-13,17,1,22
5,23,3,15,-11,-10,-17,-7,9,-8,6,-2
5,23,-14,20,4,27,-1,24,-8,17,8,26
1,19,-10,16,2,7,-10,-3,8,-8,-12,17
0,25,-1,-6,2,-4,-5,18,-3,21,6,7
7,15,8,26,-7,6,-17,1,7,-4,8,25
0,24,-9,14,-11,-3,2,7,2,4,9,23
1,2,8,26,-17,-3,-4,32,-12,20,-5,29
-1,16,-4,4,-14,7,-6,9,-3,-2,7,24
7,22,-7,12,0,12,-7,19,5,6,8,21
4,20,1,2,0,11,3,25,-3,28,6,11
-2,5,-12,35,-16,33,9,31,-1,31,7,35
-1,-29,-4,-34,3,-16,5,-23,-2,-36,-9,-16
7,-21,-10,-26,-6,-6,0,-34,-3,0,-14,-26
4,-17,-11,-2,-14,-19,-16,-17,8,-19,8,-11
2,-21,7,-1,4,-19,0,-13,9,-7,9,-6
5,3,-11,-30,-10,-20,-13,-25,-13,-14,3,-15
8,-8,-3,-18,0,0,-7,-17,-11,-3,8,-19
5,-12,-4,-10,-5,-6,10,-19,5,-8,8,3
5,-6,-7,-12,9,-14,0,-10,8,-4,0,-7
5,-4,-16,-13,-5,-10,-11,-17,-6,7,-12,-25
-1,-15,6,-3,-2,3,-12,-24,1,-15,10,-27
2,10,-6,-22,-9,1,-12,-24,-13,3,-5,-22
-3,2,2,-6,-16,-15,-13,-4,-12,-2,-9,1
6,-12,-10,0,8,5,-5,3,-14,-16,-14,-8
9,1,-4,-20,2,-23,-7,6,-13,-21,-13,-4
4,-22,-11,-14,-11,9,10,-3,-13,0,-2,14
-1,8,2,-7,7,-8,-8,-20,-13,7,-1,-11
4,-6,-2,6,-11,-20,7,-1,6,4,-9,-19
6,-15,4,-19,-13,-8,-10,2,-11,4,-6,16
8,1,-5,-11,-1,-1,10,2,-16,9,-12,-5
0,13,-2,13,-16,-1,-6,0,-3,10,-12,14
-2,-13,1,18,7,18,-1,-4,0,11,5,8
-4,14,3,-14,6,3,2,-15,7,-9,2,-8
-1,-8,7,13,-3,4,3,-13,5,4,5,-7
0,1,3,18,-5,-11,-2,16,1,6,3,0
-3,24,3,3,0,24,10,-11,5,-3,8,4
1,11,-12,-1,4,20,1,17,-9,17,4,-1
1,20,5,2,5,16,-2,-1,4,2,-6,14
1,4,-8,7,-15,-3,-3,3,-9,7,2,10
7,-8,1,24,-6,19,5,13,-2,2,-10,17
7,-6,0,8,0,3,2,22,-14,9,-14,3
6,28,1,-5,0,16,-2,9,-9,26,-12,9
8,13,-11,0,6,1,-3,-4,7,17,5,14
2,22,-11,8,7,15,1,23,2,30,-1,11
-2,-1,1,-1,-16,21,-5,18,4,33,-3,11
8,4,-1,20,5,27,10,28,4,29,2,0
6,7,7,35,0,27,-15,35,-15,17,-4,9
-2,5,-8,28,6,36,1,7,-8,15,4,7
5,-28,0,-36,11,-29,-14,-17,8,-29,-11,-28
-2,-32,4,1,-11,-35,9,-32,-1,-30,-5,-27
1,-31,10,-3,-1,-7,-11,-12,-7,-29,-6,-1
6,-8,10,-9,-13,2,-9,-32,9,-11,2,-1
-12,1,5,-1,8,-16,-11,-4,-9,-13,4,1
7,-16,-7,-8,-14,-11,4,-4,-10,3,-4,1
5,-10,0,-21,0,5,-2,-2,-12,-19,4,-11
-5,-24,0,-4,-2,4,-8,-5,-1,-23,0,-26
5,-7,10,-11,-8,-8,-12,-1,-8,-22,8,1
-3,7,-11,-15,-6,-13,-10,-1,3,-5,0,7
0,-2,-3,-12,-14,-22,-1,-1,-7,5,0,0
0,-14,-15,10,-3,1,-7,-22,-8,8,-10,3
4,-21,3,2,11,-6,-8,-2,-11,-7,-8,4
-1,1,-11,11,11,3,10,-21,9,-18,-14,-22
4,9,9,-14,6,-17,8,-19,-3,13,5,-8
-2,13,-7,-11,1,-7,-8,9,2,-10,-8,-12
4,-3,-13,6,1,6,9,2,-4,10,-8,-4
-1,-13,0,-12,11,6,-11,-10,-14,-16,8,3
2,9,-5,2,0,-13,3,-12,7,14,3,-15
9,17,-2,11,-11,-9,-12,17,-1,-5,-4,0
0,-8,-12,10,10,6,4,1,-13,-14,1,2
4,-14,6,15,1,12,4,-10,6,-2,2,3
0,-14,4,19,-10,-7,-4,-10,-8,20,8,-13
-2,3,-6,0,-15,-1,10,14,7,-12,10,16
3,22,-9,-9,0,3,-12,-4,-13,10,3,-6
4,24,5,23,8,-11,-13,3,1,-10,-7,-2
1,13,1,20,2,26,-3,18,6,25,11,6
7,11,7,24,4,17,9,9,6,6,4,-9
5,28,5,5,-15,-3,-12,22,-4,25,-10,-5
1,-7,7,23,-13,4,9,18,6,17,4,7
5,26,-12,4,0,28,-9,-4,-3,19,4,9
3,24,0,28,-15,2,-6,10,9,19,1,-1
5,27,9,31,4,15,2,6,-10,14,2,1
1,3,-8,8,8,29,-14,30,8,-2,3,33
2,2,-8,19,-2,28,-6,28,-1,11,6,25
8,10,9,15,11,19,10,22,-11,5,8,15
0,20,-4,24,-3,16,-9,0,-13,23,-1,20
-1,-23,-7,-32,-3,-4,-10,-7,-12,-6,-8,-36
3,-34,-14,-2,-9,-2,5,1,6,-35,-7,-23
2,-13,-4,-26,0,-17,8,-22,-12,-5,-8,-14
2,-13,-3,-13,-12,-7,-10,-16,9,-28,-2,-10
5,-2,-3,-5,0,-7,10,-30,1,-5,6,-17
-4,-30,4,-30,-6,-21,5,-28,-13,-3,-13,-6
-3,-6,-11,-18,-3,-20,8,-29,-5,-25,-8,-8
4,-6,-4,-18,-9,-19,-9,-29,9,-10,-6,2
10,-13,-11,-4,-4,-10,1,-2,-9,-22,-12,-16
4,-19,-6,2,-6,-19,-9,-18,-2,1,-4,0
7,-6,-3,-13,4,-9,7,-1,8,4,-11,-5
2,7,-14,-3,-7,9,-11,6,-3,6,-2,10
1,-11,-6,-10,6,-1,-3,-22,-9,-21,-4,2
6,2,-2,7,-6,-16,3,-14,2,12,4,2
1,5,12,-20,-8,-16,-13,0,9,13,12,13
9,-4,10,1,-1,-16,1,-21,10,0,-14,6
5,-6,-12,-1,-1,-19,-2,-16,-10,7,2,-19
1,-18,-7,-9,10,15,7,-19,-1,2,-13,3
5,-2,-2,9,2,-17,-11,-1,-12,7,-14,4
2,-5,-3,16,9,-8,3,1,-12,-3,7,-16
3,-11,-3,-5,-14,2,-8,17,1,-9,10,6
0,15,-10,17,-9,-4,-2,18,0,9,-11,5
0,22,11,-2,-5,10,2,12,-8,8,-9,17
6,5,3,0,-5,14,1,-6,3,3,10,12
3,-1,12,8,-12,7,-6,8,-13,-8,7,3
-5,18,9,-8,-13,10,1,11,-11,-6,12,23
-1,25,10,-1,8,24,11,25,9,10,-13,-4
4,26,6,21,10,5,10,11,0,-1,1,16
3,-5,9,1,5,24,9,-8,4,3,-6,-4
8,16,2,4,-5,0,1,3,8,12,-6,6
0,6,-10,11,5,11,1,26,2,0,-8,22
4,17,-13,24,2,19,7,14,0,-3,-1,21
-1,-4,0,2,3,-3,11,13,-1,3,9,2
-1,6,6,15,10,-3,-6,23,-9,13,8,18
6,33,5,15,1,12,12,33,-1,1,-8,9
2,12,-7,12,-13,33,-9,6,5,27,12,6
-2,8,-7,29,4,8,-14,10,-3,25,-5,0
0,-4,12,-17,-5,-8,1,-24,-9,-1,0,-24
2,-4,11,-9,4,0,11,-23,4,-21,9,-32
6,-34,-4,-31,9,-10,-5,-29,-5,2,8,-8
-3,-33,12,1,2,-30,-2,-27,-3,-15,6,-13
5,-31,8,-14,-5,-14,11,-4,2,-28,7,-5
5,-16,13,-15,7,-3,7,-19,-6,0,5,-30
-1,-15,-10,3,13,-11,8,-10,-3,-30,1,-8
-1,-28,5,-4,-6,-8,-12,3,6,-7,9,-9
6,-24,-5,7,-7,-13,-13,-6,6,2,-7,-19
-3,-24,4,-1,5,-12,-13,3,11,1,-2,0
-10,8,1,-1,3,-5,-4,-3,-2,-20,-4,2
0,0,7,1,-1,11,-9,-18,6,-5,-8,-10
-1,0,-4,4,-1,-15,-5,10,3,-22,13,-18
-3,-14,-2,8,-1,11,13,-2,5,-14,-1,-15
6,10,0,-5,-9,-12,3,1,-2,7,-2,-13
1,7,8,-7,-12,7,5,-1,-4,-11,6,4
2,-11,0,9,-4,-16,-13,-8,-3,-1,12,-7
1,16,5,12,-3,-18,7,-19,-1,13,2,10
10,0,-11,-10,3,5,-2,-5,0,1,-6,17
2,11,-7,-7,-8,9,7,14,-4,5,-6,8
10,-6,8,13,-5,-16,1,-14,-5,-8,-6,6
4,4,-1,18,-7,7,8,-10,8,19,13,11
0,17,-11,-11,-5,-3,-11,-11,-10,-1,7,21
1,-12,-1,-12,-4,23,0,-6,9,-4,-5,5
0,-1,-3,16,6,17,6,-8,-13,17,-3,-6
1,10,-3,-4,-6,18,-13,18,10,2,4,14
8,9,-11,25,6,1,0,14,-1,16,-4,15
6,1,-13,7,8,22,-13,-8,-3,2,-10,14
7,-2,4,22,-1,5,-12,5,3,2,1,-6
-1,14,-4,22,-9,23,-12,-7,-10,26,-12,7
-6,23,7,29,-1,-5,-10,27,10,9,-6,-6
2,10,13,5,-2,11,1,13,-7,24,2,18
6,1,-10,5,-4,1,-3,-1,-13,24,-9,19
5,22,-4,32,0,18,-2,14,-2,7,-11,14
0,20,6,4,-1,5,1,17,-5,0,-3,18
-1,5,-4,11,-1,2,-1,18,-4,11,-13,27
6,25,-6,6,7,25,-11,1,-1,16,-1,30
3,-14,-7,-2,-3,-30,2,-10,5,-11,-9,-33
-1,0,-6,1,-5,-23,-3,-4,4,-19,0,-24
3,-11,-2,-22,8,-14,6,-13,12,-7,-10,-14
-2,-31,-9,1,-1,-27,-7,-14,-3,-29,-1,-12
2,-32,8,-5,-2,-28,6,-5,-1,-27,10,-9
0,2,8,-8,-7,-16,13,-19,-4,1,0,-24
7,-7,-4,0,11,-23,2,-24,9,-27,4,-10
-2,-9,-2,-11,-12,-18,11,-13,-8,4,-5,1
-2,4,-7,-4,6,-23,-8,-28,-4,2,0,-3
-1,7,-1,-8,-11,9,-7,6,9,-20,-2,-17
-8,5,-3,-22,1,-10,-7,-3,3,10,-3,3
-2,-9,8,-14,2,-17,13,3,5,-23,-10,-11
-8,-17,-11,10,5,9,0,-11,-6,-4,7,3
2,-3,14,-23,3,-14,-8,-13,-5,-23,1,7
-2,-15,-1,-22,-10,0,8,2,4,7,8,3
8,2,3,-4,2,7,5,-2,-8,9,-1,-19
0,12,2,-1,8,-8,-4,-4,-2,-10,-12,-4
5,-5,1,11,5,11,-12,0,14,-10,0,-3
-3,-5,-1,18,2,16,-12,18,-3,-5,1,2
8,9,6,10,-11,-1,9,15,9,12,0,-4
7,-10,11,-16,1,6,5,-8,-9,14,-7,-14
0,3,-3,7,-4,20,-3,-14,8,-6,5,5
0,16,0,2,0,-14,3,13,0,-9,-4,0
0,23,-3,3,0,-9,2,11,-1,0,-9,16
0,10,0,-1,-8,-8,6,13,-3,9,-7,22
-7,-10,-1,14,-2,10,0,0,6,-1,-2,18
-1,-6,-2,-4,1,10,0,-3,-3,-9,-12,2
0,7,-4,22,-2,-6,3,-1,-8,25,-8,25
0,-4,4,20,6,14,-5,13,-9,26,2,18
-12,9,-3,7,5,27,8,13,14,9,-2,4
-4,28,14,17,11,-1,8,13,-6,-1,-11,21
-8,-1,6,17,-3,18,3,14,-1,7,-3,31
-4,20,2,4,-1,-4,-6,22,-1,16,-3,6
-8,3,-3,27,-8,2,-7,29,14,12,14,6
-10,20,11,11,6,28,-11,21,-12,8,-4,-2
-3,21,13,10,5,21,-10,-1,-2,29,10,9
-7,8,-4,11,-4,5,6,15,-11,17,2,34
-2,-24,4,-17,6,-10,-5,-31,-2,-19,1,-2
-1,-17,-1,-35,2,-11,-2,-1,-1,-23,-2,-31
1,-3,11,-26,15,-20,-2,-1,-1,-28,-2,-19
-6,-3,8,-8,0,-10,-7,1,-7,-1,2,-23
8,4,15,-25,-3,-17,-10,-24,12,-9,0,-8
0,-4,-2,2,13,-8,1,-25,4,-9,-2,-14
-1,0,3,-8,1,-10,-11,-3,15,-16,-2,0
3,-4,-7,-14,10,-15,-11,-8,-11,2,-5,5
3,-2,10,-8,2,-9,-7,5,2,-11,-9,-27
0,9,7,2,-5,-24,1,-17,-7,-15,-8,5
1,-19,10,0,-1,-21,7,-2,11,-1,7,5
1,-13,12,-2,10,-13,-4,-9,-9,1,0,10
-9,-13,-10,-1,7,8,-2,-19,-10,-14,2,-2
-2,7,15,-14,5,-6,-3,-11,-6,-18,0,-17
-3,-6,5,-22,15,-19,-6,-8,-6,-15,13,-11
4,4,6,-2,-9,-7,1,-9,1,10,-2,-1
-1,-12,6,1,-3,10,-11,-4,2,6,11,-14
11,-6,0,11,-4,-11,-6,17,-8,-5,5,6
-9,-8,15,-7,7,-15,4,0,4,11,0,-11
-2,-12,0,0,-1,18,-2,15,8,8,8,1
-1,15,13,-6,15,-16,-6,-4,15,-13,3,7
1,5,3,-3,15,-11,-8,0,-2,-12,-7,21
-3,1,0,2,1,8,-6,14,1,13,-6,16
-2,15,4,17,-5,12,13,22,-5,-13,0,6
-3,-3,5,14,7,19,9,6,6,11,8,-9
-7,-1,-10,-8,1,8,4,4,2,0,-1,19
-10,-2,10,3,-7,-9,13,6,1,2,9,3
-11,3,2,13,0,26,10,20,1,8,-11,16
0,23,2,6,8,1,-5,4,-4,22,3,1
1,-4,1,-3,-6,2,1,-6,0,-3,-5,24
0,15,-1,11,15,6,-9,23,9,17,5,23
-1,6,12,14,4,26,4,12,-2,14,-3,18
-2,12,9,13,-5,4,-3,0,2,11,9,7
-1,3,-9,18,3,19,0,32,0,29,-6,16
1,17,14,33,3,21,5,19,-9,30,4,18
-5,29,-1,23,7,12,-11,1,-1,30,-1,2
-1,34,6,0,9,29,-1,33,5,3,13,28
0,0,3,-10,7,-19,0,-1,-9,-15,1,-23
1,-13,1,-14,12,-30,8,-30,11,-4,11,-15
2,-32,6,-9,14,-28,0,-23,8,-14,2,-2
2,-22,10,-25,4,-9,2,-1,8,-21,-9,-28
0,-4,2,-20,-8,-29,0,-1,-8,1,7,-20
-7,-25,9,-21,11,-8,-8,-9,-1,4,-7,-23
-5,-23,0,1,2,-18,2,-25,-4,-13,1,-2
2,-20,11,4,1,-20,2,-20,-1,-14,2,-10
-4,-23,-4,-17,-6,1,-4,-11,9,-5,-10,3
-6,-22,3,-2,0,-1,16,9,8,-1,-1,4
-2,-3,15,-3,-9,-24,3,-3,0,-13,2,-6
-10,-1,4,-5,15,2,-9,-9,16,-24,1,9
0,-14,4,9,6,5,0,8,1,-3,2,-24
-1,-17,-5,-16,6,-10,-7,-11,0,4,10,3
-3,-11,14,14,5,-12,-4,-15,-3,14,-7,-16
0,12,-10,-9,2,-19,-8,-14,-2,14,-10,-10
-8,14,3,-9,12,3,-2,12,-2,-10,1,6
2,-5,0,-6,1,7,5,4,3,-3,2,-13
1,15,-8,-2,15,-4,11,9,10,16,-5,-4
-6,-9,12,4,6,-14,2,13,11,-7,5,7
-3,15,-10,16,11,12,12,-12,15,7,3,0
2,-15,-5,15,0,13,14,-5,7,-11,-9,20
5,12,-1,-13,15,22,0,-1,14,-8,2,15
7,7,9,10,-7,21,-6,-9,5,8,6,4
-6,18,4,-5,11,10,6,16,1,11,2,10
-4,20,-8,-9,2,-3,-2,-2,7,11,-2,18
-3,-3,-10,17,-3,13,2,21,2,-4,8,14
-2,10,-8,5,10,-8,13,-8,15,2,4,3
0,13,8,10,-7,24,1,24,0,-6,-7,6
-1,3,0,12,-2,-4,11,29,-1,26,6,6
-9,0,10,18,-6,17,13,23,14,8,5,-1
-2,30,-8,29,11,25,8,13,-4,23,-5,8
-4,12,-9,12,5,-2,9,10,-9,27,-5,32
-1,8,-5,16,-1,-3,1,15,6,30,8,19
1,21,-2,15,2,8,-6,17,-5,23,-1,32
-10,27,12,17,-1,34,9,31,6,-1,-10,22
-2,20,10,15,4,15,3,13,12,22,6,30
-7,-21,14,-1,14,-9,17,-12,11,-21,13,-12
-1,-34,-5,-26,11,-18,16,-9,-8,-11,5,-5
4,-14,8,-9,-6,-10,16,-26,-3,-3,1,-30
-1,-3,2,-21,5,-22,-7,-31,17,-27,5,-4
-9,-3,8,-9,3,1,10,-8,1,-12,-4,-3
-3,-10,14,-2,16,-27,10,-13,-9,-5,9,-26
-8,3,-2,-30,0,-20,16,-26,9,-27,-4,-18
-3,-29,-6,-2,-1,7,-8,1,-4,-19,6,-25
-2,-27,-1,-24,15,-24,12,-24,4,-20,13,7
2,-9,11,-24,-3,-8,4,-2,12,-1,-4,-1
-8,-21,16,-5,4,5,6,2,9,-3,6,10
-2,5,16,-19,2,6,14,-1,-7,-6,9,5
1,-2,6,-6,1,-2,0,-16,8,-4,8,-3
-5,-20,-8,-6,-8,-18,-1,-5,3,-2,3,-19
-4,-8,2,-12,17,5,2,-3,-9,-16,7,-8
0,4,6,15,2,-6,0,5,0,2,4,-3
1,-1,4,-8,-2,-7,-9,-12,8,-12,-9,12
-2,-9,1,2,-5,1,6,12,-4,12,-1,16
-8,-14,6,-4,16,11,17,8,2,10,6,3
-9,5,7,14,17,14,-5,8,1,-13,-4,5
-6,4,4,0,10,-3,-5,0,0,9,-8,-3
-5,14,-2,15,-1,1,-1,-7,-5,-12,-1,15
-6,-7,-1,12,-8,-13,-2,6,-5,-3,4,7
0,1,2,9,-9,10,-7,20,9,15,3,-10
-7,20,-7,17,9,12,-8,23,-3,24,-1,-2
-9,14,7,23,0,11,-9,23,1,25,11,-10
-4,1,-2,17,12,1,3,4,-6,-4,9,1
-2,4,-4,14,4,0,1,7,8,-2,11,14
1,15,4,-2,-4,20,14,0,11,5,12,28
-3,-6,9,25,5,-4,15,20,-2,-4,13,7
-6,-5,-4,0,-4,-1,-3,5,-9,1,-3,-1
-1,-1,3,2,12,12,9,25,11,6,0,0
-7,1,12,23,17,31,17,18,9,32,-6,6
-8,31,11,-2,-1,16,6,2,9,14,-2,30
0,0,10,0,-9,26,14,16,6,31,-3,16
-6,7,5,0,10,5,11,27,-2,34,10,30
-4,31,-4,3,-2,6,-4,27,12,16,16,2
-7,-15,14,-34,2,-3,13,-30,15,-4,9,-9
-4,-2,16,-14,11,-1,9,-34,10,-17,2,1
-7,-14,9,-5,5,-9,-8,-3,-4,-24,16,-25
-6,-5,12,-12,14,-12,-2,-15,-7,1,12,-27
-7,-20,14,-19,11,-31,-4,-31,7,-30,-3,-27
1,-8,4,-26,10,-21,6,-18,11,-16,3,-20
-1,-6,16,-10,16,-14,12,-14,12,-29,8,-27
-5,-8,4,-23,5,-18,18,4,18,-12,11,-1
-3,-4,-2,-23,6,-19,3,-25,13,-1,9,-19
-6,-10,7,-22,8,-18,7,2,9,-3,10,7
-8,-21,-3,-11,7,-6,10,-22,18,-26,0,1
-3,8,-8,11,-5,6,8,-20,11,-22,12,-17
-5,-9,-6,-18,17,-11,17,-6,17,7,15,-17
-7,1,13,-23,8,-12,2,-8,8,11,1,9
-5,8,12,-6,-4,-10,16,14,-6,-10,-2,-15
-8,2,0,4,13,0,-7,-9,13,11,4,10
1,11,11,2,-5,6,-2,7,-1,-7,14,5
2,7,15,-18,6,16,4,15,15,-1,17,1
3,1,8,2,18,-8,5,8,7,-7,15,-9
2,10,11,18,14,-17,-4,13,11,1,17,-3
2,-3,2,17,7,13,-1,-8,-3,-4,6,-2
0,16,16,-3,3,-3,5,6,1,3,3,14
3,-11,-7,7,11,8,12,16,0,6,6,11
-3,3,3,19,0,-11,11,18,7,-13,3,3
1,5,-8,-3,15,14,4,9,5,-12,1,-11
-3,4,18,-10,11,17,-3,6,6,6,-2,19
-8,0,2,-8,-3,9,-6,25,3,-8,13,4
3,23,-8,9,1,3,-3,-4,13,21,8,15
4,15,-1,6,-6,12,7,16,14,18,9,22
-4,2,0,17,3,7,2,18,9,20,-7,-5
1,-5,2,10,17,6,2,24,17,4,-2,29
0,17,6,13,13,2,-2,3,-5,-4,15,16
3,2,17,10,-6,20,11,16,12,-2,-8,9
-6,9,-4,3,5,11,6,2,1,26,18,1
-8,9,3,1,-1,7,14,12,-3,30,3,-1
3,8,16,5,-5,22,9,32,13,18,13,29
-1,8,10,36,15,3,4,29,15,24,-6,8
0,-30,-5,-12,-2,-9,9,-1,10,-4,-1,-10
-1,-21,-4,-18,1,-31,-5,-26,2,1,9,-29
-1,-26,12,-2,9,-1,13,-1,9,-4,-3,-32
-6,-8,-4,-28,17,-2,13,-1,10,-23,-6,1
-3,-31,11,-27,-1,1,0,4,17,-6,18,-26
-4,-13,-2,-3,12,-8,-6,-29,-4,4,16,-20
1,3,7,-21,-6,-16,5,-15,16,-30,-7,-27
-2,-7,16,-27,0,-11,-7,4,16,-18,14,-24
-1,5,17,-27,-7,-11,16,-22,17,2,18,-21
-4,-10,-2,-11,10,-16,-1,-7,-5,-23,3,-11
-1,6,1,-14,-2,3,-4,-13,16,-18,15,-7
0,8,4,-23,-5,-19,19,4,16,-22,15,8
-1,12,14,-7,15,-5,18,9,18,10,-5,-6
4,-22,15,-6,8,-10,4,-9,12,-17,8,4
0,-22,10,2,-6,13,0,9,-4,4,6,-17
0,-17,7,-4,19,1,1,6,-7,1,12,-12
-4,-7,8,-18,0,-3,0,-7,-1,-11,-1,-19
1,2,16,-9,10,4,8,14,5,-11,18,-9
-4,-16,18,-5,-6,7,2,-11,19,15,12,-8
2,17,-7,-16,-5,-1,15,1,-5,18,-6,1
4,-11,-6,-16,8,-4,-5,8,15,5,19,8
-3,-2,6,-14,-5,-10,11,19,19,-5,17,-7
-5,-7,12,-1,8,2,17,-10,4,12,9,22
2,-5,10,-9,10,-3,18,-8,-4,-13,-3,8
5,1,5,13,-3,22,5,6,5,12,3,5
18,15,4,17,7,8,-6,-8,10,17,10,-11
4,20,6,13,4,9,1,0,3,7,-3,19
5,17,-6,10,10,-2,3,3,-4,-2,-7,-3
4,0,14,11,15,-1,6,26,7,24,-3,4
-1,4,18,-7,7,-1,13,7,-6,23,14,27
-2,-1,11,28,8,22,5,10,-3,15,-3,12
0,7,14,1,7,27,0,10,9,17,-4,12
1,28,-7,13,12,27,-3,23,7,0,3,28
-1,12,0,6,4,25,17,-2,-7,2,-5,3
2,1,-7,9,-2,18,10,11,-1,11,3,-1
4,6,17,3,19,22,10,14,-5,5,-7,-1
0,9,-5,4,-1,7,12,13,13,26,18,0
-6,-10,3,-4,-3,-15,7,-19,7,-16,16,-32
2,-30,18,-35,2,-26,-3,-25,18,-17,18,-20
4,-20,12,-34,-4,-21,1,-11,-1,-12,-2,-10
-4,-27,9,-21,17,-15,0,-5,2,1,15,-24
1,2,17,-18,11,-5,7,-22,8,-21,-5,-17
-2,-4,12,-22,-2,-28,-5,-7,-2,-26,2,-23
1,-9,2,-28,-3,-26,-3,-29,5,-29,20,-17
5,-29,7,-25,2,0,18,-22,7,-19,18,1
5,-18,-6,-26,11,0,19,3,-5,-2,10,-5
-6,3,11,-19,0,0,12,-14,7,3,-6,7
4,-2,18,-11,9,6,0,-13,10,-1,2,-6
-3,-15,-2,-23,13,-1,-3,-3,11,10,12,3
-1,-24,16,-13,16,-14,8,3,8,1,18,-4
-4,-14,13,1,4,-7,6,4,-2,-7,14,-21
5,3,7,-14,4,-16,-4,-3,12,8,14,-2
7,2,8,6,6,0,7,1,10,15,-4,-16
8,3,19,-13,8,1,5,6,-4,8,2,-19
5,-2,-4,-2,-4,14,6,5,5,17,3,5
13,6,19,-13,-1,0,8,3,1,11,6,18
15,5,8,18,3,-6,4,7,8,-10,-2,-7
13,10,-1,13,6,-2,-1,-6,-3,1,6,8
9,3,14,5,5,5,-4,19,3,1,11,-12
5,14,11,-7,6,17,0,16,4,15,7,11
8,9,-2,-10,4,19,10,-6,6,9,0,16
4,23,-2,13,-3,21,12,14,15,-7,2,24
4,6,1,-4,6,-6,2,0,-5,16,8,6
1,6,-4,2,-6,-1,-4,-2,3,-8,13,-3
-4,-1,-1,4,1,23,9,26,-3,-6,-4,13
-3,-3,3,19,1,22,1,3,-3,16,8,19
-1,6,1,-5,-2,19,4,3,-5,15,7,8
-4,27,15,9,16,16,2,16,2,8,-4,5
-5,2,16,24,6,24,1,-5,20,18,18,16
-3,15,1,28,-4,8,-1,27,5,5,4,29
-2,15,17,27,-1,20,-4,9,19,17,-3,21
-2,32,19,14,7,34,-6,21,-3,23,16,28
-3,10,2,5,19,1,4,28,5,34,16,1
1,14,5,18,15,15,-2,26,16,20,18,17
0,-7,5,-31,21,-25,9,-8,15,-15,-2,-10
3,-29,16,-32,-3,-3,4,-14,18,-2,20,-17
0,-28,16,-23,6,-26,3,-21,18,-30,4,-8
1,-4,1,2,7,-3,4,-21,14,-6,1,-25
7,-27,-1,4,21,-19,1,-13,4,-26,17,-31
4,-16,15,-21,-5,-27,-5,-17,-1,-2,2,-20
0,-26,16,5,18,-24,5,4,16,-19,4,-3
0,-26,8,2,-2,-21,5,7,4,-20,13,3
5,-16,-2,-20,14,-12,5,-23,9,-9,12,7
4,-27,13,1,10,-1,-5,-1,7,-26,3,-1
6,-6,4,-11,7,-20,9,-22,11,-18,5,-5
4,10,17,-6,-4,-22,-2,-1,-1,-7,21,-3
0,-15,-1,-13,7,11,16,-9,12,-3,14,-16
7,-13,-1,-5,7,9,9,-1,5,-1,20,5
-2,-13,1,-5,4,-5,-1,-8,17,5,12,7
6,-8,16,3,5,-8,19,11,17,-16,13,-13
0,-10,-3,-2,16,7,4,-14,17,-18,21,-5
-1,-7,0,2,7,-4,0,15,6,-1,4,-16
6,-6,11,-16,20,-1,-4,-3,8,6,-2,10
0,-15,0,14,16,-14,5,-15,-1,-8,16,-17
-2,16,1,11,8,-16,14,7,20,1,18,3
-1,7,9,-11,19,3,2,4,3,-6,-1,13
0,20,-1,-6,15,4,-2,12,-5,-10,-3,20
-3,7,8,-4,18,-12,11,2,21,-5,21,6
-5,23,0,10,13,8,5,6,-3,-11,21,8
3,25,1,4,9,15,7,12,18,14,12,17
0,22,8,0,13,18,-5,-1,2,5,8,19
3,9,10,23,20,26,5,0,12,27,-1,18
4,12,2,15,-3,19,-3,12,18,8,-1,-4
4,20,-4,20,18,23,-5,-7,10,18,3,-5
4,13,21,26,16,-6,12,17,7,7,18,17
2,27,17,21,4,14,4,20,17,-1,6,13
-5,4,17,16,2,6,2,6,7,19,5,24
2,14,10,-2,4,12,12,14,15,17,8,6
-3,27,20,8,-3,32,0,14,-1,23,8,-1
-4,14,19,31,2,4,12,35,-5,32,3,18
6,11,2,8,20,25,12,6,1,14,-2,13
5,-32,12,-22,-4,-30,21,-20,22,-23,2,-4
8,-8,11,-4,-4,-13,22,-27,-4,-16,12,-8
7,-32,11,-6,13,-9,7,-33,17,-11,-3,-8
7,-17,12,-14,17,2,17,-17,10,-19,21,-24
5,-14,18,-1,15,-18,10,-24,0,-18,20,-28
5,-22,2,-5,15,-19,13,-31,13,-16,0,1
-2,-27,20,-5,11,6,11,-24,11,-11,10,-25
2,-16,19,-5,12,-24,16,0,18,-11,17,0
0,7,4,-13,1,-27,9,-12,3,-27,-4,-27
-3,-8,3,-11,20,3,17,-5,2,-1,17,-15
-3,2,9,6,6,-12,14,-19,6,-11,22,-12
-2,-6,6,-22,1,-8,10,-2,-1,-9,1,-17
0,4,5,-17,2,8,3,-15,1,11,16,-7
2,-14,2,-22,10,-9,12,-15,17,-2,14,-5
1,-1,12,-15,19,-1,6,5,2,-12,3,10
0,3,5,-12,14,0,15,-15,0,10,-1,-6
-4,11,13,2,2,-2,17,14,12,-5,14,-11
-2,-3,12,13,0,8,12,-10,12,-2,13,0
2,7,9,0,15,-18,-3,9,1,12,-1,-13
-4,-15,4,-16,10,-17,8,9,6,17,-1,1
3,4,7,-11,6,-14,5,0,-2,-1,-2,-14
-3,12,-2,7,9,2,6,-8,9,-14,-1,-6
-4,18,10,-9,-4,13,2,18,1,0,10,-11
5,19,-2,-13,16,-8,10,20,-4,21,22,14
-4,1,2,10,21,-6,14,24,15,17,9,15
-2,24,-4,-11,16,-4,10,-8,16,-4,14,15
2,0,22,18,3,4,5,7,22,10,20,-7
0,10,-1,13,-1,27,19,4,-2,25,20,-2
0,12,2,6,-1,21,15,22,1,21,19,7
-1,24,3,18,7,10,6,-1,17,21,-1,24
-4,28,22,23,4,-5,6,-5,21,22,12,26
5,28,-4,-2,16,27,13,16,-3,3,2,-2
2,15,22,8,21,-4,2,19,2,23,19,-4
7,12,10,33,5,17,21,4,21,10,7,2
-3,9,19,16,-2,-1,0,18,-3,31,5,10
2,3,12,17,-1,0,18,19,12,11,-2,22
-4,20,9,2,2,29,19,34,10,31,17,11
5,-28,15,-16,6,-5,19,-33,3,-25,22,-24
0,-31,0,-3,-2,-17,15,-26,-3,-24,-2,-4
-3,-27,12,-13,19,-9,9,-34,4,-12,21,-21
5,-30,9,1,13,-27,8,-24,-2,-19,16,-12
-2,-30,15,-17,-2,-5,21,-24,13,-21,1,-13
1,-8,17,-25,0,-9,12,3,8,-31,14,-25
6,-4,5,-30,12,-23,21,-7,4,-22,10,-22
-1,2,11,5,8,-16,10,4,2,-16,-3,-20
0,-3,6,-2,1,-22,-1,-23,5,-15,20,-8
0,-4,15,-20,10,-19,0,-25,13,-1,12,-8
5,1,14,9,21,9,15,-24,22,-10,1,-20
3,9,4,-13,-1,5,16,-18,1,11,7,-16
-3,-20,21,-17,21,-16,18,7,2,3,20,4
3,4,16,3,0,-23,17,-10,-3,-20,2,-6
3,-20,-3,-9,17,-1,4,13,20,8,-3,-7
-2,-5,17,-12,17,12,1,-8,5,-10,15,-9
5,5,22,7,15,-2,17,-10,-1,-13,9,-8
3,-2,1,3,22,11,16,-19,17,-3,23,10
-3,1,5,-15,4,-16,-1,-8,22,-11,21,1
-1,13,18,-7,23,4,7,3,10,5,8,-17
4,-14,21,11,13,-8,2,-10,17,8,20,-14
3,-12,0,-12,12,3,5,0,23,20,5,-10
0,-11,23,12,16,21,-3,11,3,-10,13,-4
3,15,9,0,22,-5,15,15,5,-10,-3,17
0,-12,10,-7,16,-4,5,9,3,22,16,-8
3,-4,13,2,1,13,20,22,21,21,23,7
4,17,23,17,2,22,22,20,9,-8,22,-5
-2,-8,22,16,23,15,23,4,-2,2,21,-7
3,27,18,24,7,3,6,-4,-1,1,12,-8
-3,-6,11,22,8,23,6,29,5,15,5,26
0,18,19,26,21,15,16,19,6,21,-2,18
4,30,12,19,19,4,-3,30,10,24,13,30
6,32,0,27,11,-3,4,29,14,-1,1,3
-1,11,1,18,23,31,18,21,4,1,1,27
-1,16,-3,29,-1,27,19,26,6,6,2,5
-3,13,0,15,22,19,2,1,3,6,18,21
-1,21,4,36,10,26,0,23,5,7,3,21
3,-24,19,-27,20,-6,19,-26,15,-31,5,-19
-1,1,14,-26,-2,0,20,-1,16,-30,17,-6
-1,-20,11,2,6,-3,16,1,17,-18,18,-18
7,-12,14,-28,20,-6,18,-26,13,-32,-2,-15
0,-31,16,-22,20,-6,24,-28,14,-25,2,-27
4,-9,4,-15,8,-12,-2,-3,1,-4,18,-27
3,6,9,-7,23,-20,7,-28,-1,6,-1,-20
5,7,7,-24,24,-28,17,-18,19,-27,6,3
4,-8,0,0,8,-5,13,-15,0,-1,1,8
0,-25,-2,-22,18,-27,5,0,10,-12,0,-1
9,-12,17,4,15,-10,0,-11,-2,6,21,-2
-1,-3,13,-21,21,-13,10,-5,19,-5,13,-18
-2,9,2,3,5,-13,10,11,17,2,9,12
1,6,-2,-3,18,-19,10,-1,-1,2,-2,-15
0,2,0,10,13,0,16,0,-2,-8,22,2
3,7,2,7,5,-17,9,-14,13,-11,11,-19
1,-4,14,13,0,-18,5,-13,11,-2,15,-5
3,8,14,-16,14,-1,16,4,21,-9,9,-9
-1,13,-1,6,9,4,24,-18,13,-10,1,17
7,7,14,19,13,10,19,-5,23,7,0,7
3,2,6,20,4,0,24,11,23,-10,13,12
6,-15,9,-14,8,10,21,-8,13,-9,7,-9
-2,-14,12,-3,16,9,15,-12,17,-13,9,-6
2,8,6,5,19,11,5,-9,2,-6,21,19
-1,-3,23,3,11,11,4,3,6,9,13,0
4,-5,16,0,11,24,10,6,0,10,11,12
2,6,3,1,4,20,9,-2,12,13,16,11
5,19,-1,27,17,16,3,6,4,9,12,-3
2,-6,3,-4,-2,0,0,28,11,-6,3,-7
6,21,16,1,5,21,-1,7,16,17,17,15
0,21,-2,8,13,-2,23,4,-2,24,23,11
4,7,0,31,1,15,20,4,12,30,9,26
1,8,14,0,16,0,19,22,24,7,-2,20
2,12,23,26,22,29,4,19,-1,32,20,-3
5,1,1,11,8,7,21,19,7,-2,10,15
4,23,16,20,16,5,23,28,23,18,15,10
4,26,7,31,22,3,1,36,2,8,9,22
1,-11,11,-7,24,-25,1,-30,19,-8,24,-21
4,0,1,-20,20,-33,8,-35,3,-22,2,-19
6,-15,14,0,0,-10,10,-9,14,-19,4,-30
5,-15,-1,-4,2,-26,14,-22,16,-16,0,-17
6,-9,2,-28,18,-2,3,-11,9,0,3,-23
4,-6,2,-16,23,-29,14,-27,1,-7,13,-10
7,-20,13,-27,21,-19,18,-8,17,-28,5,-13
1,-6,14,-19,11,-6,8,-7,11,0,22,1
9,-13,17,-12,22,5,21,-18,16,-28,1,3
-1,-24,11,-4,19,9,7,1,14,-4,5,-23
6,-4,24,7,24,-7,21,-10,16,8,-1,7
4,-6,5,-2,14,-24,8,-12,15,-12,-1,-23
1,12,21,-20,-1,10,13,-4,13,-9,4,-13
1,-23,15,-6,2,-11,-1,-8,23,11,2,2
2,4,5,-15,22,-20,3,9,9,6,6,-12
4,2,15,8,5,3,21,-4,14,-9,19,9
0,-10,18,-2,0,3,15,12,2,-16,12,13
-1,-1,20,15,17,17,0,-18,19,13,6,-17
-1,-1,3,11,22,-4,2,-13,23,-9,0,-18
4,3,7,4,13,-10,12,-3,21,-7,8,-9
2,6,17,-14,15,-14,3,8,6,3,22,-6
0,-12,12,-15,1,13,24,4,7,8,23,-5
0,18,25,19,9,-6,24,6,18,-14,0,22
5,10,19,15,23,23,1,19,24,5,20,3
0,6,24,-3,25,5,8,8,7,5,20,-9
7,-9,5,9,0,20,10,25,-1,-11,11,-10
3,1,17,2,16,8,23,16,25,26,22,-7
4,8,9,14,8,9,10,25,16,24,10,21
0,18,19,-1,18,-4,20,15,-1,16,2,26
0,28,3,19,0,3,9,19,24,1,7,8
-1,0,0,19,12,0,7,29,18,26,16,7
2,9,24,3,0,8,0,2,13,4,22,21
10,22,25,1,19,7,9,15,23,29,21,23
6,2,22,17,24,21,0,14,1,17,7,19
7,15,10,7,18,25,16,14,15,22,3,31
1,12,24,3,2,4,12,-1,6,11,9,14
3,17,10,29,10,11,25,17,14,20,21,26
4,-36,14,-36,13,-29,14,-6,6,-11,2,-33
0,-20,6,-22,25,-19,13,-17,7,-8,19,-19
3,-7,7,1,4,-23,11,-11,15,-16,13,1
3,3,21,-11,2,-25,19,-23,20,-30,8,-27
4,-7,4,-28,20,-6,6,-3,19,1,10,-25
1,-8,8,2,23,-14,24,-7,12,-11,9,-24
1,-17,4,-16,21,-22,14,-20,19,-16,21,-28
0,-8,22,-2,26,1,9,6,21,7,2,7
7,-10,3,-10,0,-3,20,-13,6,-16,6,-22
5,-1,3,-27,13,2,13,-24,18,-6,10,-13
8,-12,18,4,7,0,0,-2,2,-9,6,1
3,10,17,-22,23,-10,24,-11,19,-20,16,8
7,2,14,0,18,-10,13,-9,13,-11,19,12
8,-10,17,-17,3,5,8,13,24,-22,16,-18
8,-10,24,-20,4,-8,5,-14,17,-4,24,14
8,-10,24,-16,10,3,18,11,18,8,23,-16
7,5,21,-19,0,-6,4,-14,2,11,7,-2
1,-19,19,-5,8,15,9,-9,19,-12,5,13
2,8,26,16,1,8,7,-17,19,-5,20,10
8,9,1,-15,14,-13,20,-16,4,2,10,17
3,12,1,2,9,9,8,13,11,-13,2,-9
4,21,6,17,4,3,5,15,2,-5,1,14
4,12,8,-1,7,10,20,-11,20,0,19,10
4,19,24,21,16,22,1,-9,14,13,7,8
4,2,17,0,15,-4,2,4,20,5,5,6
0,16,3,10,11,10,1,14,5,22,2,22
12,15,8,-2,16,10,5,3,5,9,3,-8
9,-2,22,-2,0,27,1,12,5,-5,13,22
1,9,9,12,8,19,9,16,24,0,2,-8
0,2,12,1,6,24,26,7,15,21,9,7
7,9,0,13,17,-1,1,14,10,2,18,9
10,20,26,-1,6,21,25,20,5,-5,11,9
1,25,9,30,6,7,23,6,6,12,17,3
2,1,22,11,0,-3,4,15,8,23,17,-2
0,34,7,3,3,25,25,11,12,8,15,0
1,29,1,14,19,1,17,25,23,13,23,3
8,7,10,26,20,16,16,4,3,12,3,1
