-4,-29,-9,-1,-9,-5,-26,0,-26,-3,-5,-17
-11,-23,-12,-24,-26,1,-7,-22,-26,-6,-18,-20
-16,-16,-6,-2,-5,-28,-13,-25,-21,-5,-14,-24
-20,-21,-9,-19,-5,-25,0,-29,-17,-4,-14,-10
-19,-17,-25,-17,-19,-32,-11,2,-13,-23,-13,-31
-26,-19,-4,-21,-8,-19,-19,-12,-21,-25,-3,-24
-21,-5,-7,-16,-4,3,-11,3,-8,3,-18,-11
-15,4,-9,-17,-17,-11,-16,-7,-10,-10,-11,-2
-15,3,-5,-2,-15,4,-20,-6,-24,-23,-5,5
-4,-7,-1,-22,-19,-21,-16,-18,-12,-20,-14,2
-5,-4,-20,1,-1,-22,-25,-22,0,10,-5,-1
-2,-2,-11,-2,-23,8,-5,0,-7,-3,0,11
-2,9,-11,-2,0,-16,-16,-22,-8,-22,0,11
-2,5,-13,-13,-16,-10,-1,-1,-4,6,0,11
-2,8,0,14,-17,-19,-4,3,-4,6,0,11
-2,11,0,14,-5,-8,-4,2,0,14,0,11
-2,11,0,14,-8,-13,-4,2,0,14,0,11
-2,10,-5,4,-22,11,0,17,0,14,0,11
-2,9,-7,3,-16,-15,-26,9,0,14,0,11
-2,9,-3,5,-9,-16,-4,-6,-4,10,0,11
-2,9,-7,4,-10,-9,-5,6,-4,10,0,11
-2,19,0,18,-23,-8,-5,5,0,16,-23,9
-2,10,-5,14,-24,6,0,21,0,16,0,12
-3,19,-4,18,-24,5,-6,12,-5,11,-1,23
-5,12,-5,18,-26,-2,0,12,-6,13,-1,23
-1,14,-4,19,-25,2,0,23,-3,-9,-1,23
-6,12,-4,11,-25,14,-6,12,-6,13,-1,23
-6,12,-24,25,-5,13,-5,-8,-20,11,-1,23
0,17,-25,-1,-2,-4,-8,21,-6,6,-9,7
-7,16,0,25,-2,17,-7,16,-1,1,-15,1
-6,17,-17,26,-24,27,-2,4,-22,4,-1,25
-7,19,-4,17,-15,22,0,28,-7,18,-10,4
-6,20,-19,-3,-1,24,-16,7,-1,13,-13,12
-4,30,-10,33,-16,15,-4,13,-11,25,0,1
-11,14,-7,29,-13,0,-2,-2,-7,11,-14,28
-1,21,-14,23,-4,14,-19,24,0,7,-19,24
-25,22,-14,34,-25,7,-26,13,-3,21,-1,22
-18,-24,-4,-5,-12,-13,-2,-16,-10,-26,-18,-14
-22,-20,-3,-16,-1,-16,-18,-27,-10,-19,-22,1
-23,-30,-9,-25,-18,-9,0,-17,-11,-29,0,-4
-11,1,-6,-1,-16,3,-16,1,-7,-30,-14,-24
-19,-17,-10,-5,-17,-7,-23,-22,-23,-5,-15,-9
-19,1,-8,-4,-2,-13,-9,-28,-19,-10,-23,-15
-7,-10,-11,-5,-11,1,-9,-28,-12,-18,-11,3
-25,-8,0,-25,-11,3,-11,7,-15,1,-12,-10
-7,6,-11,-15,-9,-13,-10,4,-24,-7,-15,-8
-14,7,-11,1,-23,-26,-8,-23,-10,-9,-1,-8
-5,-1,-2,-20,-19,-18,-2,-22,-2,-15,0,3
-4,-5,-19,-20,-19,-5,-3,-4,1,4,0,-14
-4,-3,-19,-24,-9,-16,-3,0,-4,5,0,4
-4,0,-20,4,0,-12,1,9,-4,7,0,4
0,2,1,9,-13,4,-9,2,1,6,0,4
-2,7,-21,12,-25,4,-3,5,1,6,0,4
-1,15,-3,9,-19,-4,1,5,1,6,0,4
-1,17,-3,4,-23,-12,-10,1,-3,2,0,4
-4,7,-3,6,-18,15,-25,16,-3,4,0,0
-4,11,-3,8,-19,-5,-14,8,1,-4,-1,19
-4,13,1,14,-11,13,-13,-6,-2,-11,-1,19
-4,15,-3,13,-23,-13,1,16,-25,11,-1,19
-5,14,-15,10,-9,18,-6,17,-13,20,-4,2
-2,7,-13,-9,-8,9,-11,-8,-11,-4,-9,-5
-23,22,-7,12,-7,8,-9,-11,-8,8,0,-8
-3,7,-7,0,-6,8,0,-8,-6,-4,-8,-7
-17,25,-17,11,-11,9,1,11,-3,6,-17,-1
-3,12,-24,24,0,18,0,12,-24,14,-12,12
-6,11,-13,27,-10,-8,0,-3,-14,20,-13,11
-16,27,-12,0,-7,14,-7,18,-2,-3,-20,-2
-7,17,-7,6,-6,24,-1,7,-8,-1,-12,3
-3,17,-3,21,-15,7,-24,9,-25,27,-1,28
-6,18,-22,5,-7,-4,-2,12,0,0,-2,1
-7,18,0,19,-21,5,-13,28,-3,32,-15,22
-14,18,-15,9,0,3,-2,15,-4,12,-16,33
-25,32,-12,21,-15,35,1,6,-9,8,-10,3
-17,28,-16,8,-18,10,-6,36,-21,28,-5,26
-20,-31,-4,-16,-8,-14,2,-21,-7,-29,-13,-19
-9,-27,-3,-26,-19,-17,-3,-1,-8,-28,-3,1
-8,-24,-16,-21,-7,-32,-22,-27,-15,0,-11,-34
-14,-19,-3,-31,-13,-27,-2,0,-24,-12,-3,-28
-16,-14,-7,-9,-12,-14,2,-2,-7,-17,-3,-28
-5,-1,-10,-25,-7,-27,-9,-15,-4,2,-3,4
-23,-19,-15,0,-24,-10,-10,-24,-23,-30,-2,-21
-13,6,-10,4,-16,-1,-12,4,-1,-11,-12,-21
-3,3,-5,-11,-7,6,-10,-25,-6,-4,-10,-12
-22,6,-10,-19,-1,-27,-12,-5,-22,5,-5,1
-2,-3,-2,-12,-1,7,-2,-11,0,-10,-13,2
-2,-1,-17,-14,-5,2,-2,2,-22,-15,-2,-2
-2,1,-17,-22,-5,7,-2,4,-23,10,0,8
-2,3,-17,8,-23,-19,-2,-22,-21,10,-1,-13
-2,5,-8,3,1,-7,-23,6,1,14,0,9
-2,7,2,8,-18,9,-22,-15,1,14,-5,-7
-2,9,2,8,-6,6,-21,-19,1,14,0,10
-2,11,-2,8,-3,-18,-2,10,1,14,0,10
-2,13,-3,2,-24,11,2,11,-21,-13,0,10
-2,19,0,10,-19,19,-20,-4,1,15,-3,6
-1,6,-17,6,-11,-2,-18,17,1,15,0,11
-1,6,-13,5,-9,-3,-7,-5,2,7,-7,15
-18,4,-8,14,-6,-11,-16,-7,-6,20,-6,-10
-13,6,-17,8,-7,11,-21,-3,-5,23,2,-11
-8,19,-3,24,-9,17,-12,-8,-21,-5,-14,4
-24,-6,-9,24,-4,11,-2,3,-3,-5,-17,0
-23,-2,-14,-9,-3,-1,-10,3,-9,20,-17,17
-20,13,-16,15,-10,-4,-3,18,-8,17,-5,24
-4,28,-7,9,-4,28,-3,8,-10,25,-7,0
-22,11,-13,-6,-6,26,-16,20,-9,26,-13,-4
-14,30,-5,7,-21,6,-11,1,-1,14,-10,18
-4,15,-9,3,-7,5,-14,24,-17,19,-6,23
-1,19,-11,31,-2,7,-2,26,-10,19,-8,26
-17,25,1,13,2,18,-7,0,-4,27,-12,17
-7,15,-10,-1,-8,16,-15,19,-8,29,-9,27
-22,13,-10,20,-10,33,-7,23,-6,10,1,18
-20,17,-1,19,-2,35,-16,29,-9,5,-1,19
-17,-22,-18,-27,-2,-4,-1,-28,-8,-22,-5,-21
-13,-25,1,-30,-13,-28,-1,-33,-5,-22,-14,-5
-8,-33,-14,-17,-17,0,-14,-34,3,-27,-12,-29
-19,-24,-10,0,-15,-7,-7,-27,-8,-33,-14,-7
-21,-19,2,-13,0,-28,-13,3,-9,-7,1,-16
-7,-16,-7,-15,-4,-2,3,-15,-7,-9,-14,-4
1,-30,-8,-6,-12,-27,-1,-17,3,-5,-18,-22
-8,-16,0,-17,-5,5,-7,-16,-6,5,-10,-19
-12,-6,-14,-23,-8,-4,-5,-25,-3,-10,-8,8
-6,-8,-6,-7,-13,-13,3,1,-5,5,-12,-27
3,10,3,1,-23,4,3,1,2,4,1,0
3,10,-16,-13,3,-12,3,1,2,4,1,0
3,10,-16,-19,-1,-11,2,12,2,4,1,0
3,10,-16,-19,-20,7,2,12,-18,-21,1,0
0,2,-17,-13,-20,-22,-1,9,2,1,-16,-10
0,4,-17,-11,-23,2,-9,-9,2,6,0,15
2,6,-18,8,-19,1,-10,-6,-17,-19,0,15
0,7,-18,-5,-19,6,-16,11,-17,-10,-17,-11
-4,7,-15,-13,-18,-15,-12,-7,2,8,0,16
0,10,-22,-17,-20,18,3,1,-15,-13,-6,-10
-1,16,-6,15,-14,3,-8,9,1,5,-11,19
-23,-1,-2,-8,-8,-1,-17,9,-6,1,-13,18
-11,9,0,7,-8,-4,-13,-4,-16,-4,-14,-13
-22,-4,0,-12,-14,-7,-2,-2,-10,3,-5,-6
-20,1,-13,23,-8,11,-18,15,-15,15,3,-4
-7,3,-15,1,-9,-4,3,-11,-10,13,-17,11
-7,23,3,5,-18,-6,3,-1,-4,21,-5,14
2,12,-12,16,-20,1,-18,15,-17,15,-7,27
-21,2,-12,23,-23,19,2,-6,-13,13,3,11
-22,5,-4,-5,-5,22,-19,-2,-7,3,-14,26
-11,30,-2,12,-13,27,-8,18,-7,11,0,14
-3,21,-2,27,-15,22,-17,20,-11,23,-20,21
-2,22,-3,23,-3,28,-1,3,-9,24,-1,8
-8,28,-5,31,-2,33,-8,1,-5,32,-20,15
-23,1,-14,21,-22,23,0,1,-8,1,-11,23
3,19,-7,23,-23,1,-19,15,0,13,-1,3
-14,23,-12,14,-4,11,-17,23,-6,28,-4,17
-10,-21,0,-18,-4,-35,-20,-33,-11,-23,-13,-17
-4,-23,-18,-14,-21,0,-7,-34,-8,-15,-21,-19
-8,-34,-9,-9,-1,-20,-1,-27,2,-34,-11,-30
-1,-18,-20,-30,-21,-21,-3,-7,-1,1,-15,1
-6,-19,-4,-5,2,-21,-2,-27,-7,-1,2,-19
-17,-16,4,-30,-11,3,2,-27,-21,-12,-13,-27
-5,6,-10,-21,-15,-15,-11,-21,-5,-1,-16,-2
-18,-9,-14,-25,-7,-21,-8,-8,2,-18,-11,-17
4,-5,-10,-20,-6,-17,-5,-2,2,-21,-10,-11
1,6,-3,9,-18,-21,-13,4,-2,-22,2,-18
4,6,-18,-18,-8,-16,3,8,3,-1,1,7
4,6,-21,-1,-9,-25,3,8,3,-1,1,7
4,6,-22,0,-10,-18,3,8,2,12,1,7
4,6,4,2,-15,9,3,8,2,12,1,7
-4,0,4,-6,-10,-15,3,8,-12,-21,1,7
-3,0,-18,-12,-3,-20,-10,-3,-12,-19,-1,0
1,9,-4,-13,-11,5,-9,-12,-9,3,1,8
1,11,-17,0,-17,1,-8,-4,-8,-6,1,8
1,13,-6,4,-18,-15,-7,1,-6,-3,1,8
-12,17,-7,11,-7,17,-22,-10,-7,-15,0,18
-6,20,-10,14,4,-12,-3,14,-10,19,-1,1
-12,15,-17,1,-22,-8,-5,-7,-2,12,-13,-7
4,5,-20,4,-12,7,-6,21,0,4,-1,-11
-9,-6,-4,-7,-6,7,-19,5,-13,-10,-8,-9
-20,-11,3,13,-10,-7,-12,2,-3,4,4,5
-19,-5,-21,8,-6,24,-5,16,-1,-6,-13,17
-9,18,-3,25,-7,-6,-9,20,-18,-6,-13,-7
-15,13,-5,-2,-9,24,-2,2,-16,26,-16,18
-1,9,-14,6,-2,6,-11,-2,-1,-8,-5,6
-22,-1,-3,22,-4,20,-3,5,-21,4,-6,14
-21,11,3,12,-3,29,-22,23,-19,14,-6,1
-12,28,-20,17,-16,18,-4,19,-1,22,-17,21
-16,19,-10,19,-20,30,-17,14,2,-3,-12,5
-11,18,-7,8,-11,1,-6,20,-6,11,-11,17
-11,16,-12,-2,-15,12,1,12,-22,28,-5,30
2,18,-5,25,-22,8,-12,19,-1,9,-8,30
-19,1,-9,13,0,0,-11,7,2,34,-8,9
-11,-17,-4,-6,1,-18,2,-17,-3,-16,1,-21
0,-19,4,-18,-12,0,-3,-17,-9,-2,-4,-9
-19,-25,-6,-19,-8,-31,-6,-31,-6,-5,-1,1
-14,-12,-4,-5,-9,-23,-4,-20,1,-13,-7,-16
-19,-30,-10,-5,-1,-31,5,-20,-21,-31,-8,2
-10,-2,-5,-4,-12,-31,-2,-27,-3,-19,0,-4
-21,2,1,4,-10,-1,-3,-10,-7,2,-21,-14
-5,-7,-13,-6,-8,6,-1,-27,-13,-10,-3,-3
-17,-3,-2,-2,-2,-23,-6,0,-1,-9,-2,-2
-2,-7,-10,1,-6,-21,4,-21,-4,-6,1,6
5,2,-13,-18,-15,3,4,3,3,7,2,-1
5,2,-15,-7,-16,-12,4,3,3,7,2,-1
5,2,-16,-1,-16,-12,4,3,3,7,2,-1
4,13,-17,3,-17,-3,4,3,3,7,2,-1
4,13,-17,-9,-17,-9,4,3,3,7,1,14
4,13,-18,-9,-18,5,4,3,3,7,1,10
5,4,-7,16,-11,2,-2,-1,-1,16,-3,0
-1,11,-1,-2,-7,-18,-14,-12,-7,5,4,-7
-1,11,-6,11,-5,16,-14,-15,5,5,-1,-4
3,5,-7,15,-1,11,-7,-1,-5,11,1,1
-15,10,-17,-12,-16,-11,-14,-6,5,-15,-12,9
-12,-2,-15,8,-6,-13,-17,13,-14,-2,-8,-8
-9,3,5,0,4,7,-1,-4,5,-3,-19,4
-19,-7,-5,21,-4,2,-10,-3,-12,-5,-12,23
-19,-9,-11,-6,-18,12,-17,-6,-9,17,-3,-11
-3,0,-18,21,-2,5,4,0,-11,1,3,1
-9,8,-12,25,-8,22,-16,22,-5,-7,3,-5
-11,6,-12,11,2,7,0,-9,-14,-4,-13,19
-13,6,5,-8,-10,27,-19,3,-17,27,-11,-7
1,10,4,4,-19,28,5,1,2,5,-13,-1
-4,22,-8,26,1,1,4,12,1,0,-5,-3
-20,-4,4,-5,-9,18,-1,-4,-2,24,-17,24
-7,29,-10,3,3,-1,1,32,-4,19,-2,0
-16,17,-10,-3,-5,2,-21,13,-14,17,-4,16
-18,15,0,4,-10,19,-5,9,0,33,-2,32
4,17,-4,15,-9,12,-6,29,-7,-1,-2,2
-14,0,-13,28,2,8,-10,17,-14,12,-7,36
-5,-3,-12,-14,0,-31,-1,-8,-8,-6,-3,-35
-11,-18,-18,-35,-4,-9,-5,-17,-2,-7,-20,-8
-14,-28,-15,-2,0,-21,-4,-1,-13,-28,5,-20
0,-18,-13,3,2,3,-12,-3,0,-16,-4,-17
-6,4,-9,-3,-11,-1,-6,-12,-4,-32,-11,-14
-18,4,-17,-10,-3,-23,3,-13,-12,-13,-4,-19
-20,-15,0,6,-4,-11,1,-28,-2,-20,-4,-29
-11,0,-3,-11,2,-21,-4,-21,-11,-18,-5,-19
-19,-10,6,-20,-3,-8,-6,2,-5,-11,6,-16
-1,-1,0,3,3,-15,4,-7,-7,2,-8,-5
5,7,-17,-16,2,-25,5,-3,4,1,2,4
5,7,-18,-10,-1,-13,4,11,4,1,-10,-21
5,7,-19,12,-3,-24,4,11,4,1,-20,-19
5,7,-19,0,-14,5,4,11,4,1,-14,-11
3,12,-4,-12,-18,4,-15,-9,-1,6,-2,-4
-9,9,0,-2,-6,-4,-13,-1,4,2,-7,3
-7,13,-16,-2,-13,-12,1,-14,-3,-7,2,-12
-11,13,-12,-16,6,8,1,-16,-7,13,4,-18
-20,-7,-11,3,1,-2,3,-17,3,-2,-15,7
-19,2,-13,9,-6,-15,-9,18,-20,-12,-5,-3
-1,-11,-8,6,-5,1,-14,15,-18,-9,0,-15
-4,-4,-17,12,-13,-10,4,18,2,-15,-1,12
-7,17,-2,3,-7,15,-19,7,-10,-9,2,0
-6,12,1,-12,-18,17,-10,14,4,-4,1,-7
-7,17,-16,19,0,14,-8,4,-18,10,-5,-3
-11,8,-2,17,-18,20,2,-1,-18,-10,-5,24
-1,4,-8,6,6,-1,-5,13,-7,21,2,-9
-1,-3,-12,17,-20,24,-1,20,-8,11,-12,-7
-13,8,-7,0,-13,21,-8,16,-7,-8,1,-8
-2,6,-7,24,-7,1,3,8,-8,10,-16,23
-16,10,-6,28,-12,25,-20,-6,-3,12,-8,21
-18,10,-9,8,3,4,-11,24,3,-2,-7,27
-18,18,4,6,6,-4,-4,14,-9,18,-2,25
-12,21,-4,26,-7,3,-17,14,-7,16,-10,4
-20,6,-20,14,-6,19,-6,-1,-1,30,-3,32
-19,2,2,5,-13,3,2,18,6,18,-5,14
-8,5,5,20,-5,35,4,22,-11,0,-12,12
-7,-14,-8,-18,0,-2,-3,-26,-6,-19,-6,-3
-13,-25,-5,-31,7,-30,-5,-28,-1,-4,-15,-9
-13,-26,-10,-12,-9,-17,7,-23,-1,-7,5,-34
5,-26,4,-33,-8,-20,5,-12,-17,-27,2,-7
-12,-8,1,-22,-1,-30,-7,-17,-10,-13,-3,-30
7,-10,-10,-19,2,-26,3,-31,-17,-18,-13,-29
-6,-6,-6,4,-19,-12,-3,-10,-5,-26,-9,1
-16,0,7,-23,-2,-12,-1,3,-6,-23,-9,5
-8,8,-7,-9,-12,-12,-12,-27,1,-18,-12,5
4,8,-5,-4,-13,-18,5,5,-3,-4,-16,-4
6,3,-18,-9,-14,9,5,5,5,-8,-17,7
6,3,-18,-19,-14,-1,5,5,4,11,-15,8
6,3,-19,12,-14,-13,5,5,4,11,-17,-2
-1,2,3,-6,-6,13,-10,0,-3,-18,-18,-20
-2,0,6,-9,-4,-7,-3,-6,5,-19,-3,4
-17,-14,-15,4,-14,9,4,0,-4,-6,-8,13
-11,-8,-8,13,-2,8,-7,-6,-7,-4,-10,11
3,-10,-12,-5,-19,9,5,9,0,-1,-16,-19
-15,-6,-19,-12,5,-13,-16,-10,1,-11,-11,4
-5,12,-14,13,-15,-3,5,-11,3,-9,-11,9
-9,6,-3,14,-8,-11,-7,-11,2,15,-10,7
-6,20,3,-12,-18,-10,1,2,1,13,-4,18
-1,3,-4,-10,-15,-5,0,1,-16,-2,-15,11
-4,15,5,5,-3,17,-16,3,-2,6,-18,21
-15,-5,-15,-5,-2,14,-14,-12,-4,12,-18,-7
6,-10,6,12,-5,24,2,-1,-12,4,-11,-8
-14,-3,-19,8,-8,14,-13,16,2,9,-6,3
-1,6,-10,18,-10,16,1,7,3,4,6,-6
7,10,4,3,-14,14,-19,24,-18,7,-16,12
-11,9,-18,-2,-10,2,-5,2,-10,13,-8,6
-19,-2,0,4,-12,1,2,7,-9,25,-3,19
-15,14,-10,19,-10,22,-5,-1,-3,11,-17,0
-19,12,3,29,-2,28,-12,-2,-9,7,-1,27
4,15,-12,20,-12,-1,-6,8,3,-1,7,18
-16,1,3,14,-8,-1,-7,11,2,11,-19,7
-14,-1,-4,32,-16,19,-17,27,-3,33,-19,23
-5,1,2,34,7,3,2,5,-1,9,-5,18
6,-21,-9,-30,-7,-22,-11,-4,-10,-27,-18,-26
-12,-13,2,-1,8,-15,-1,-19,-8,0,-3,-18
-12,-27,-13,-29,-16,-26,-18,-30,2,-8,-17,-21
-10,-30,-15,-10,2,-29,-16,-13,1,-7,0,-22
-10,-17,-18,-29,-10,-8,-10,-32,-1,-23,3,-31
5,-14,1,-22,-1,-2,-16,-5,2,4,-8,-2
-17,-25,-9,-16,-6,-1,-3,-17,-18,-16,-10,-5
-6,3,0,-9,5,-22,-1,6,-10,-18,5,-11
-13,2,-5,-19,-8,-9,-11,-2,-12,-9,-7,-6
-8,-2,-2,-4,8,-25,-4,-10,-15,-8,2,2
3,1,-2,-9,-4,0,-13,-3,-1,-12,-8,1
4,10,-2,1,-11,-13,0,5,-5,9,0,-12
5,12,-18,1,-13,-18,5,-18,-1,2,-16,1
2,12,-8,10,8,-4,-6,5,4,-4,-7,7
-4,-17,-16,-14,-7,-10,-2,3,1,-21,-9,-12
7,-4,1,13,-14,3,-15,-6,-7,-15,8,-3
-8,-7,2,-16,-3,7,-6,-8,7,-13,3,-10
-4,-17,-15,1,-10,10,6,8,-3,-6,2,-15
0,-2,-10,12,-16,-8,-17,17,-4,-8,-4,-17
-14,-7,0,15,1,-13,-1,15,-18,-17,-17,-10
-2,12,1,-11,0,19,-1,-4,-2,-14,-4,-14
-4,-11,-11,2,-14,14,-7,-1,7,6,-1,-12
-9,4,-7,5,3,-7,-16,-1,-7,22,6,0
7,6,-16,16,4,12,-2,19,-1,-13,7,-3
-10,10,5,5,2,9,5,-1,8,-10,8,4
-15,-7,-12,-4,-12,8,5,-11,-18,0,-13,11
-5,-6,0,12,0,5,-10,26,-15,-4,-18,3
-7,2,-13,-9,7,-1,-9,23,1,-7,6,11
4,-3,-10,1,-17,26,-4,26,-5,22,-15,25
7,9,-12,4,-13,14,-14,4,-17,1,-14,15
-18,4,0,13,3,25,-11,8,-6,0,2,-4
-15,3,1,13,-9,15,7,11,2,6,0,25
-13,6,-12,17,5,7,3,27,8,2,5,2
-4,25,6,14,8,3,-13,31,7,12,4,8
1,7,-6,25,1,26,5,3,4,15,1,3
-2,8,4,7,-4,22,-8,20,0,-1,6,9
-7,16,-14,3,-2,28,-14,19,-11,28,-7,36
-6,-30,-12,-7,-16,-27,-7,-32,6,-2,7,-34
-2,-25,7,-19,-9,-25,-11,-1,-1,1,-2,-33
-1,-31,7,-1,8,-34,7,-16,5,-1,7,-12
-11,-33,-12,1,-7,-23,3,-20,-6,-28,8,-13
-11,-31,8,-22,1,-21,-1,-1,-4,-14,2,-22
2,-21,-6,-15,-17,0,2,3,-14,-1,-10,-12
-12,-9,-6,4,-6,-23,-3,-2,-9,4,-2,-24
-1,-11,-9,-12,3,-20,-6,-27,8,-10,5,-19
2,1,-10,-3,9,-27,-10,-1,-3,-27,-1,-13
-16,-4,-10,-3,-3,-15,-3,-8,8,-24,-6,-4
-12,-7,9,-5,-3,-10,2,-10,-8,7,0,-17
-3,7,-4,3,4,8,-2,-23,-12,-14,-6,4
8,-1,-2,-23,-13,-5,-12,-22,-10,1,-7,12
-11,-7,-3,-8,-17,-19,-2,4,0,-15,-3,-16
-13,-21,3,-6,7,-15,8,-10,4,-7,-9,-1
3,-7,7,-7,7,-15,0,-14,-5,4,-2,11
-4,-3,7,-14,-14,-16,4,15,5,-16,0,-3
3,-15,-9,-18,4,15,-15,13,-9,-16,-13,-18
-12,-5,-2,2,6,-15,-6,16,-6,-11,-3,-15
-12,-13,-13,19,-16,13,-3,-6,-17,-1,1,-14
1,-7,3,15,-10,-7,9,7,-11,7,-7,1
-13,-15,-1,16,8,8,-15,-11,4,21,1,4
-2,-5,7,-7,-16,12,-14,16,-5,-11,9,-8
-6,-4,-4,-13,-17,-12,1,-13,0,-7,-1,18
7,-11,-5,9,-9,-12,-14,-10,5,-7,-10,3
-11,-2,-6,11,9,0,5,-5,-8,1,-14,4
1,4,7,-2,0,20,6,12,-12,15,-10,0
5,6,-17,6,-12,18,-8,0,-2,2,2,22
8,-8,-15,-6,8,18,-4,8,-15,-4,3,0
0,-3,-10,12,-11,29,7,19,-1,14,-8,2
-2,28,6,3,-12,20,-6,22,-13,5,-5,26
7,15,-2,29,-5,25,-16,0,-6,29,-8,12
9,-4,-4,12,-14,11,-2,25,7,-2,8,-2
-6,10,-9,22,-4,10,3,11,7,11,-10,20
-11,3,3,5,-7,30,-5,18,-14,12,4,18
-9,7,-16,31,1,21,3,25,8,11,-5,4
-6,12,4,15,-6,26,-11,20,-5,23,2,32
-10,-23,-3,-16,-9,-16,-5,-4,9,-23,10,-14
4,-28,-11,-17,-10,-8,-12,-17,-7,-13,6,-35
-7,-27,-8,-19,-16,0,10,-17,-3,-1,-13,-32
9,-31,-5,-28,-1,-13,-5,-18,-13,-9,3,-27
-3,-20,-3,-6,5,-11,4,-13,-7,-8,-6,-6
-11,-17,-4,-3,-10,-21,0,-9,-8,-8,-13,-14
-1,-11,5,-27,1,-21,3,-27,4,1,-1,-4
-6,-2,2,-29,0,2,1,-9,9,-7,-1,-17
1,5,-4,-8,-1,-3,-10,-16,0,-27,-4,-14
-5,-12,-14,0,2,9,-2,6,-6,-17,-8,-4
-4,9,-1,-21,-3,8,5,0,-2,-15,-4,-26
2,-1,-1,-7,-5,-9,-1,6,-1,-18,2,-4
5,-5,3,-5,0,9,9,-24,-1,8,-8,12
-11,-11,-9,-3,-14,-19,-7,-21,7,-4,3,12
-1,-22,-1,8,-4,12,4,-10,-8,-1,-9,4
-1,14,4,5,-7,-7,-1,-6,5,-4,1,6
-3,2,5,-16,4,3,10,-15,-6,-14,-2,6
-7,-15,6,-14,5,-19,9,-12,-6,-2,5,12
5,-9,-12,-17,1,-7,1,1,-3,2,-6,-3
-1,-15,-2,-3,-2,5,-10,13,-7,-2,1,3
3,-1,-11,-10,-3,-7,9,-8,-6,10,-10,5
6,-5,1,-9,-7,8,-4,10,-9,6,7,-12
-8,5,-5,-2,-10,0,9,0,-1,-10,-4,7
-4,3,-10,2,-13,-2,-7,3,-2,6,-12,19
6,-8,6,8,-5,-3,-2,13,-4,-12,-9,9
10,-1,8,19,8,1,-4,10,-12,-5,-8,-10
-7,-1,-14,23,-6,15,0,-6,-7,3,-2,5
5,-4,8,-8,-11,23,-16,19,-15,26,-11,2
-2,12,-8,2,-3,19,-14,14,-14,23,-9,12
-2,17,-12,-2,1,18,-8,5,8,13,-2,28
-14,-6,-6,25,-11,1,-10,26,-3,19,4,7
3,27,5,11,8,16,2,31,8,14,-8,27
-3,28,-3,20,8,14,9,15,5,-1,-2,1
8,10,6,-1,-3,2,-10,26,1,27,-14,27
-8,4,7,3,0,27,3,-1,8,2,-10,2
-5,7,-11,2,4,23,8,15,-4,0,-2,31
9,5,-16,27,-4,28,-12,30,3,3,-2,29
-1,-1,-4,-12,4,0,-1,-9,-4,-16,0,-33
7,-23,-2,-17,-3,-18,10,-22,3,-29,-4,-34
-5,-22,6,1,-13,-7,3,0,3,-8,-2,-8
6,-27,2,-8,-10,-5,-8,-2,-15,2,-13,-29
-6,-21,7,0,-3,-31,-7,-27,5,-30,-1,-20
-11,-25,7,-16,-14,-4,-6,-9,-4,2,2,-6
-8,-17,-8,3,-5,1,7,-13,-7,1,3,6
11,-21,-6,7,-12,2,-5,3,6,-20,-9,-19
-9,-25,-1,-26,0,-15,-2,-5,-4,-28,-4,-2
4,-9,-4,-18,-10,7,4,-13,-8,-10,-14,-23
-11,1,4,-18,11,-4,4,9,11,-6,2,3
5,6,1,-10,11,5,-13,4,6,-7,1,3
-7,-11,9,-3,-1,-4,-9,-6,-4,7,4,5
-6,-1,0,9,-4,-1,7,-5,-8,0,0,7
1,-18,-8,-4,-7,-20,-15,3,9,0,6,-4
-2,-3,9,1,-14,10,5,12,-10,9,-4,-5
11,-11,2,-16,-13,-15,-2,15,-2,-13,-2,-14
-2,-19,-13,-8,3,-3,-9,-17,-7,-14,11,-10
-6,-10,11,-8,-6,-16,4,15,-9,0,-4,-16
6,-5,-11,10,6,-13,-5,-9,-2,-16,4,-17
-3,-4,-13,20,-12,-7,-3,19,11,1,1,3
4,2,-2,12,10,-2,-14,1,8,-6,-2,10
4,-3,-14,-5,-14,7,-12,-14,-8,12,-15,15
2,-8,-7,-7,-9,19,11,0,2,-10,-8,-4
-1,-4,-8,23,6,6,1,14,-7,-11,7,4
8,3,-1,-2,8,24,9,14,-6,7,-15,22
-7,0,-10,25,-4,-10,11,10,8,23,10,6
-3,4,-1,26,-11,26,-13,25,4,24,2,15
10,-1,-7,24,-5,-2,3,8,9,7,1,-3
9,7,4,8,-3,-4,1,14,4,-7,10,2
-2,-1,-5,4,3,0,10,9,-8,21,-4,26
-9,14,-7,14,3,27,9,2,7,4,8,8
-13,12,-5,26,2,14,11,18,5,4,-14,25
-9,-1,-5,12,-15,16,-7,6,2,22,-6,2
5,0,-9,20,-12,4,-5,32,2,8,-14,23
-4,13,3,24,2,5,-2,18,11,17,-7,23
-4,7,-4,8,4,8,1,7,3,7,-6,14
-2,-36,7,-26,2,-35,12,-17,-2,-21,11,-19
12,-20,8,-28,6,-32,-5,-2,-2,-17,-13,-12
-6,-33,4,2,5,-1,12,-24,-5,-17,7,-26
-1,-23,-14,-20,7,-10,-10,-9,9,-1,6,-18
-4,-23,3,-27,-6,1,-6,-9,8,-29,-1,4
0,-10,2,4,-13,-17,-14,-25,-6,-14,6,-7
10,-14,0,-8,10,-21,-10,3,-3,-27,-14,2
8,-15,-12,-17,-7,-26,-2,0,5,-25,-8,-24
-7,-27,-5,-12,10,-28,-6,-3,0,-12,1,-17
3,-13,9,-11,0,3,-6,-19,11,-26,-2,-23
-14,-9,5,-20,-5,8,-4,4,-11,-26,12,-21
-11,-6,-3,5,-6,10,10,-14,-12,-10,5,-18
5,-11,-4,-20,9,-7,2,-19,1,-18,-6,-11
-9,-12,8,12,0,-23,2,6,4,13,3,0
-8,-18,6,11,3,5,4,-5,7,-10,3,14
5,-17,-4,-5,-12,1,7,-3,12,-21,10,-10
-3,-16,-14,8,-1,-4,-6,0,-4,-6,-7,4
3,-13,-8,5,-9,6,-3,-16,12,-7,-6,-9
2,-17,-13,-5,11,-2,-10,-16,6,-6,-1,13
4,-12,6,-3,-7,5,-2,-17,-5,-7,12,-10
5,-9,4,-14,9,3,1,-7,5,19,4,18
3,1,-4,5,12,16,-10,2,-1,-5,-4,-1
6,-2,1,-11,-4,21,-1,1,3,21,-4,5
3,-11,-1,1,2,10,-9,9,4,1,-3,-3
12,-5,-11,5,10,-11,5,-5,5,7,3,4
7,-7,1,-2,-9,-9,-10,11,10,-1,-5,13
10,-2,5,17,12,15,12,4,-8,-10,-14,13
7,4,12,8,-13,23,12,-3,-3,18,-6,-9
9,4,-4,14,11,-2,-8,27,-6,21,10,13
0,16,-1,-3,-2,18,9,6,-11,15,1,-6
-1,15,-9,1,-4,5,-8,2,3,-4,10,-3
7,3,2,14,4,5,-6,29,11,0,1,-5
-9,14,2,10,7,23,0,18,-1,4,4,-2
-9,3,6,15,0,12,-4,15,12,1,7,9
-5,-2,1,23,12,22,-8,1,5,18,-1,21
3,10,3,33,4,8,3,27,-11,34,-3,17
10,4,9,20,-12,21,10,3,-2,2,6,23
5,-35,-4,-29,-5,-25,-8,-25,7,-33,0,-33
-1,-25,6,-24,3,-11,-2,-11,-4,0,-1,-22
11,-24,13,-11,-10,-11,-5,-23,-4,-20,0,-7
13,-22,3,-27,0,-12,13,-32,11,-27,-6,-20
-1,-23,-7,-19,12,-25,4,-32,-1,-8,11,-26
13,-25,-12,-21,-10,-4,5,-24,2,-8,-2,-16
-4,-14,12,-22,4,-25,-5,1,11,-22,-6,-13
-13,-29,2,-27,-5,-13,-6,-29,-11,-21,-11,-28
7,-15,6,2,6,-5,-7,-14,-3,0,8,-21
-12,-12,-1,5,-5,-21,4,6,1,-12,5,0
-11,3,12,10,-1,7,7,5,-2,-10,-5,-9
-10,-23,8,2,-3,9,-5,-9,6,-8,11,-21
1,-8,7,5,7,-5,-5,-2,-3,-21,11,-6
8,-16,13,-3,-5,-8,4,11,-1,-1,2,-15
-3,-15,-9,-7,6,-20,-3,-6,-12,-6,2,-4
-3,-18,-1,-16,-6,-3,-2,-5,-13,15,-7,14
-2,-20,1,6,-9,14,6,7,-12,-15,7,-4
4,-18,13,-16,-10,-17,-12,0,-3,0,1,6
0,-9,-12,-17,-12,-3,7,17,2,17,-3,-18
-4,-11,-12,8,3,4,6,-7,13,-7,-6,-3
-5,-16,-1,-9,-12,0,2,-6,5,9,7,4
10,-6,-3,2,-9,3,11,-14,8,17,-10,-3
13,-2,-3,-9,-7,-12,5,-9,-12,18,3,-10
10,-6,8,12,-8,-12,12,-3,11,-8,5,-4
0,7,9,-8,-10,16,-13,-9,6,-2,8,-10
12,1,13,-2,10,4,0,11,6,16,4,10
11,-8,-1,2,-4,19,1,0,7,24,1,24
11,-6,-11,0,-7,24,-4,-3,-5,-3,-4,-3
12,3,9,-8,6,13,1,6,-2,6,9,-6
-1,-6,3,0,5,-3,-2,29,5,9,6,29
13,8,12,15,-3,22,3,21,-8,6,-11,4
-5,-1,-4,29,6,12,-11,22,8,3,9,29
-1,24,4,29,0,15,10,4,4,27,7,26
-7,18,8,30,-1,33,3,14,3,32,10,14
3,4,4,19,3,8,4,27,5,19,7,30
7,4,10,24,7,11,5,11,-13,24,-1,23
4,7,-11,24,-8,15,8,36,-11,25,12,21
7,-35,-12,-26,-12,-21,-8,-28,11,-5,6,-28
9,-33,14,-23,-11,-18,6,-13,4,-5,0,-23
2,-21,4,-14,-9,-16,9,-17,2,-26,-7,2
-2,-31,12,-20,7,-30,13,-29,6,-10,-7,-14
6,-24,3,-6,9,-15,11,-30,8,-31,1,-18
-3,-11,9,-31,8,-13,-7,-19,-2,3,7,-12
-9,-25,3,-13,9,5,-3,5,-3,-7,-1,-3
0,-8,2,-11,-6,-7,-5,-11,5,7,11,-28
8,-10,2,-11,13,-10,-5,-19,6,-11,-11,-13
-8,6,8,-18,-2,-22,6,6,2,-1,4,0
-10,-7,14,-7,-2,4,1,-16,5,6,5,5
-9,-16,9,-8,9,-10,2,6,-5,-9,9,-14
1,-21,13,-17,7,-14,-10,1,5,0,-3,-24
2,-5,5,-1,4,-21,-2,1,3,3,4,-5
11,-16,6,-14,-2,-2,-1,-14,-4,-7,-7,9
8,-21,5,-10,7,-14,11,2,-9,7,8,-9
-4,-15,5,-5,10,-14,0,-18,6,-1,-11,-1
-1,-18,-4,-8,-11,14,12,-4,-2,14,7,-10
0,-10,11,-14,14,0,5,-3,-10,16,-4,9
12,-11,-9,14,8,-15,-11,-14,-9,4,-6,-8
11,-12,-4,11,-5,8,-3,-5,-12,-1,0,-7
-2,-4,2,-5,8,15,-10,18,-7,21,-3,-4
1,-13,-12,-3,10,-5,-7,-13,3,5,-9,7
6,-9,0,12,-11,15,-1,-12,0,6,-5,-5
11,-1,-10,18,7,20,-9,12,1,24,5,-2
-2,-7,-11,16,13,-9,10,-8,12,1,0,4
6,-3,2,-10,-6,16,1,17,-4,15,3,9
0,5,3,10,12,23,-8,3,-4,19,11,12
7,-5,-2,5,-2,-8,-8,6,11,-1,7,-6
1,1,7,21,4,-7,-9,21,-7,24,3,27
-2,-1,5,23,1,20,5,5,-5,28,13,-6
-3,-4,0,21,-6,26,10,29,2,25,8,28
-10,17,12,16,5,17,-7,22,2,25,14,16
-11,10,4,2,1,28,5,14,11,14,3,10
-7,14,13,4,8,27,6,19,3,23,-1,12
8,10,-5,31,9,25,-1,32,0,13,-1,34
-8,3,10,11,8,35,-5,6,-1,2,6,35
12,-35,-4,-21,-4,-2,2,-31,3,-30,-8,-31
-2,-33,3,-6,9,-8,1,-28,10,-33,2,-33
8,-34,3,-7,-8,-13,-1,-17,0,-19,-10,-7
11,-33,6,-1,8,-9,0,-29,8,-27,-8,-23
12,-32,-5,-1,-4,-6,-5,-26,14,-14,-6,-8
12,-18,6,-30,12,-30,-2,-17,-11,-13,-2,-16
7,-27,7,-7,15,-15,10,-15,-3,-10,2,-13
2,1,14,5,9,2,7,-10,-4,-7,9,-23
-6,-23,9,-27,3,-19,2,-27,14,-28,4,3
3,-5,5,-9,3,-21,0,3,1,-22,6,-21
1,-22,-6,-13,7,-1,6,-25,-1,1,0,-19
2,-19,2,11,-4,-24,7,-19,1,-18,13,-18
-6,-21,-1,-22,-5,-11,0,-19,11,8,1,-8
3,-8,-10,-5,1,12,10,9,-2,-16,10,-8
3,-12,-8,7,5,-16,4,-16,9,-16,-7,13
-1,-21,7,-11,-3,-16,-4,-4,11,-14,1,-19
2,-5,0,-14,4,12,-1,11,4,-19,7,5
2,-8,0,7,5,-16,2,-17,-10,-18,4,9
8,-2,7,15,6,15,-3,14,-2,-2,2,2
5,15,13,-15,-2,11,5,-3,15,-8,8,-2
-10,4,8,-13,14,-7,15,-13,12,14,9,20
3,-9,-2,18,9,-15,-7,12,1,21,1,11
3,0,5,-6,-3,0,11,21,9,18,13,3
8,-11,-2,16,-8,-12,9,19,-2,23,2,9
3,0,5,9,-3,18,-11,21,-11,-2,2,23
10,-10,5,21,1,3,-7,25,6,16,7,-11
6,-10,-11,7,-7,-9,11,2,6,23,-9,-3
-2,-6,8,24,8,-3,-3,-7,0,21,-4,9
6,4,-7,3,-11,24,8,24,10,-1,-8,19
5,0,-6,3,-1,8,7,16,5,13,15,7
2,-4,14,26,10,19,2,18,11,-5,10,7
6,4,-11,3,-2,21,-8,4,3,9,8,6
8,8,-11,16,7,26,2,32,0,25,9,21
10,8,-5,14,0,14,14,-2,10,23,-2,18
1,1,8,14,-3,30,7,8,-7,34,-6,25
10,2,13,25,1,21,3,-1,-9,13,-1,23
14,9,-5,29,9,7,5,30,-5,29,-11,7
12,-34,3,-21,7,-23,-8,0,-7,-27,13,-20
0,-34,3,-33,-4,0,3,-14,-9,-15,-7,-24
12,-33,2,-19,-9,-24,11,-30,12,-23,13,-19
13,-31,0,-12,1,-22,-3,-22,-6,-33,-1,1
14,-23,15,-1,9,-14,7,-9,-3,-25,12,-12
8,-29,-10,-19,8,-14,-10,-19,-9,-1,2,-28
15,-20,9,-23,-4,-27,8,-28,4,4,12,-24
14,-24,5,-29,-4,-5,8,-15,10,-9,14,-14
15,-15,11,-15,3,-4,-5,-24,1,-11,10,-17
-2,-18,2,-26,-8,-10,-3,-4,9,-12,-8,-3
1,-21,8,-12,-5,3,5,9,10,3,7,2
4,-6,-10,9,1,-23,-6,1,16,-20,13,-16
4,-17,4,-8,-8,-8,13,-17,12,10,3,-6
-9,-13,16,-21,8,-18,-2,1,16,-7,12,-4
-3,-14,10,-17,-7,-3,-8,-20,16,-8,5,1
-2,-4,-2,-5,8,7,14,-19,3,5,6,-10
-3,-10,6,-18,-1,2,7,11,4,2,16,3
-1,-9,-9,-11,1,11,3,13,8,11,0,-7
2,-12,-1,-8,12,-8,1,0,13,-5,15,-10
-6,-13,-5,-5,9,5,-9,-16,2,-13,-5,-8
-2,-5,10,-16,5,-7,8,15,9,-11,-3,13
10,-6,0,10,15,4,10,-9,-9,-12,-1,1
3,2,4,10,-2,7,5,8,1,-3,-4,20
14,-2,9,-12,8,10,-7,22,8,9,-5,-10
6,-12,15,-10,-1,-11,6,16,13,17,-3,-9
3,3,-6,1,0,15,9,-9,0,5,10,10
8,-10,13,3,12,21,-9,-1,3,-5,9,-9
11,-9,9,13,11,15,0,-4,1,17,3,6
6,0,-4,27,16,6,1,13,11,-4,15,-7
10,-6,10,-1,-2,-4,6,2,-1,19,12,6
12,-3,0,22,10,4,8,21,11,10,1,18
7,5,-7,28,12,9,0,7,-1,-1,12,12
13,4,-7,20,-8,8,3,25,1,20,-6,19
7,5,-5,14,-3,28,-2,12,1,20,8,3
9,6,0,30,1,34,-9,4,9,7,-5,-2
-5,0,15,26,-3,29,-1,17,-2,11,8,4
1,10,5,10,13,5,11,19,-9,2,8,32
13,-25,1,-24,15,-10,11,-28,14,-26,0,-23
9,-29,1,-27,1,-11,0,-27,16,-21,14,-23
0,-29,-8,-5,-5,-19,-9,-32,-6,-16,3,-1
5,-24,-2,-20,15,-23,-1,-5,10,-22,-2,-27
16,-17,2,-15,-9,-19,-1,-22,6,-23,1,-29
3,-29,5,-28,6,0,11,-1,7,-2,8,2
16,-16,-6,6,-3,-23,6,-4,6,-3,8,-8
6,-23,6,-13,8,-15,6,7,1,-4,8,-16
5,3,1,-5,0,-18,-3,-28,17,-25,2,-3
13,-11,-6,-19,-2,-8,0,9,-1,-13,7,6
-4,-24,8,10,9,-7,8,-8,14,-18,9,-9
1,-8,16,-11,3,6,-2,-1,10,9,-4,9
-4,-7,2,-13,6,-23,-5,1,5,11,9,-1
6,9,-6,-4,6,13,-8,-13,-5,-16,3,5
1,7,-3,3,-1,-18,9,6,-4,0,-3,-9
-6,-5,12,-7,13,-2,-1,-20,7,-17,-5,3
17,-19,16,-19,8,16,8,1,-4,7,0,0
7,10,3,17,3,-8,-7,16,16,-13,2,2
-2,-4,-3,-15,-6,7,5,14,-3,7,-4,-5
-7,-12,1,-10,16,3,1,19,14,-16,-7,-9
-1,4,-2,-6,6,0,5,13,-5,-1,-6,-12
16,5,6,-8,13,-12,1,0,-3,18,11,7
-1,-7,3,-4,-6,-1,-6,20,-1,-7,-5,13
2,-10,-1,23,3,8,2,13,7,0,-5,-11
1,-6,-6,-6,-7,-12,1,-6,-3,3,-7,24
14,-1,-5,3,13,-7,-5,-7,-2,-3,-3,14
11,-7,5,2,0,2,8,-4,-9,17,-3,16
11,1,16,3,7,5,-1,10,-5,16,-2,-5
16,-4,9,23,7,8,15,6,8,-4,7,15
7,-5,-3,25,0,8,0,-2,17,8,-9,21
-2,-3,-9,3,-6,8,0,11,0,26,2,0
-6,-5,-6,-5,-5,7,-5,2,15,12,13,24
-4,4,13,8,-3,0,2,23,6,18,-3,13
17,14,5,27,-7,10,6,9,-3,33,-4,25
8,11,4,-1,-1,10,-6,19,14,26,-8,12
-2,19,6,11,2,27,14,23,-3,16,-2,6
-2,2,-2,27,-1,9,0,1,-3,27,6,20
14,-23,15,-18,0,-28,2,-17,4,-5,-5,-4
16,-23,-7,-1,10,-17,-7,-12,13,-2,-8,-4
5,-21,1,-9,16,-6,16,-29,10,-16,3,-15
18,-20,1,-29,0,1,-7,-2,10,-25,-2,-30
15,-27,-4,-32,16,-16,-2,-11,-3,-16,11,-24
5,-11,7,-25,-1,-10,12,-13,12,-22,2,1
-1,-7,10,-12,3,-10,6,-12,5,-2,18,-20
-4,-15,4,0,6,-11,16,-12,-2,-15,8,-12
3,-5,18,-23,-5,1,11,-28,8,-10,18,-27
0,-2,-6,4,16,-25,10,-26,-2,-19,12,-24
11,10,8,-23,5,-1,16,-7,-3,-18,11,-13
2,1,15,-18,4,-10,2,8,-2,-9,14,-22
0,10,16,-15,0,-17,9,-2,6,-12,14,-19
10,3,11,0,15,-13,4,13,2,-15,-7,10
13,-4,5,7,16,0,-7,14,6,14,-2,-3
10,6,-1,-15,-3,12,1,-9,0,5,11,3
-2,16,1,-18,1,-4,-7,-7,17,-4,6,0
-2,16,4,-8,1,-15,-7,-12,-4,12,-1,17
5,9,3,5,16,-1,10,-7,4,8,10,15
-1,15,-3,5,1,-4,9,19,2,7,-8,-17
-5,9,4,-2,17,6,6,10,-1,13,11,7
-8,7,-2,-3,5,5,-1,-11,-1,20,-2,8
-8,5,0,21,7,19,7,0,2,-5,14,13
-7,1,-3,7,0,6,-1,-8,1,-11,9,22
11,23,11,12,0,6,11,-6,9,0,11,18
7,-8,15,-8,9,24,6,13,2,12,-8,14
7,19,-5,1,5,18,7,-3,-6,8,14,14
2,23,1,0,-8,7,17,0,-5,-7,2,12
8,4,0,-6,-7,11,11,12,15,19,3,3
0,16,-7,13,13,21,-4,13,-6,13,12,-7
-2,5,-6,-5,6,18,-4,4,-4,10,-6,5
2,11,0,2,13,-3,10,3,2,2,2,5
18,1,2,23,6,23,10,0,-7,2,-3,2
0,18,-3,-1,-4,28,-8,7,5,10,14,19
7,5,11,23,-4,21,11,19,-2,5,14,19
-1,3,15,13,0,35,5,24,-2,12,-1,1
15,16,12,21,13,29,-5,12,-7,22,-4,10
3,-5,17,-33,17,-16,6,-2,2,-9,-5,-21
-4,-28,8,-22,4,-16,2,-25,7,-32,-7,-20
16,-31,19,-12,-5,-11,8,-17,-1,-4,4,-3
13,-27,17,-14,6,-15,8,-25,9,-27,9,-23
-7,-25,11,-6,-3,0,0,-16,5,-20,3,3
8,-8,18,-28,12,-18,4,0,7,-14,-7,-19
9,-13,1,-10,11,-6,15,-21,8,-22,14,-21
3,-9,13,-7,2,3,12,-24,9,-18,13,2
8,-13,9,-16,13,-8,5,-27,4,-10,6,1
14,5,-7,-20,16,-4,17,-18,-6,1,3,-21
10,-3,1,-26,16,4,0,2,-1,-14,14,4
15,-6,13,-2,19,7,13,-16,1,-17,-3,9
8,-7,-7,-2,13,1,9,10,11,5,5,-13
14,13,15,-22,18,1,10,-14,-2,-4,0,-23
10,4,-6,-20,12,-2,6,-19,-1,-12,6,-18
10,3,-6,-10,14,-1,5,-18,10,-20,-1,9
15,14,-7,12,17,-7,-6,5,1,-7,-1,-13
13,8,0,10,-2,-2,3,-19,15,-5,12,3
0,18,4,-16,3,-14,2,-14,-1,10,14,11
11,19,-1,11,8,2,17,7,13,-17,19,7
-3,18,14,-8,-3,1,0,19,-3,11,11,0
11,14,6,-12,-1,-10,16,10,0,-12,7,-1
-4,17,2,1,-5,14,-2,-6,6,-3,12,7
-7,22,16,2,12,-4,1,0,-4,-2,16,1
-5,8,14,7,19,-2,16,-3,-2,-7,-6,16
-6,-7,3,-2,1,12,12,0,9,1,-1,-5
-7,-9,12,2,9,7,-6,-8,-3,20,-6,2
5,21,2,10,2,-1,8,-4,16,6,-6,-9
8,3,13,5,0,20,11,7,16,18,12,12
15,-1,-6,19,19,9,9,-7,-6,2,-2,13
15,2,10,-4,19,1,4,17,-2,11,9,18
2,10,0,4,0,30,15,-1,10,17,18,8
5,15,-2,32,16,17,9,11,3,9,-3,2
2,11,2,-3,2,4,11,23,8,18,5,-2
0,5,-4,16,7,23,14,7,9,30,-2,31
6,22,-3,18,0,16,7,22,-3,28,1,10
0,18,7,7,8,30,7,8,4,10,-3,31
13,-9,7,-30,14,-3,-5,-28,10,-3,-2,-24
3,1,20,-28,10,-23,14,-7,16,-25,-4,-23
19,-26,10,-30,7,-17,0,-29,5,-26,14,-7
2,-3,4,-4,6,-1,9,-33,5,-24,5,0
-1,3,-1,-21,3,-21,-3,-29,3,-27,16,0
10,-8,-1,-23,4,-15,-4,-14,-5,-17,4,-18
14,-11,0,-4,1,-17,3,-17,8,-9,4,-22
10,-10,11,-26,-3,-7,-5,0,17,-4,20,-26
-1,8,18,0,5,-13,17,-2,13,-20,-2,-8
2,-1,-3,-1,-3,5,13,-5,13,-6,0,-16
11,-1,-1,7,16,-10,7,-20,0,-4,12,-4
13,3,-4,7,7,-21,-1,-15,7,-11,1,-20
10,0,12,-15,19,-14,17,-12,5,-20,-6,-2
10,2,0,7,0,-12,-5,10,-3,-22,-1,-5
10,-1,18,-7,13,-22,-1,-19,5,10,4,0
18,0,15,3,-5,-13,14,-14,-3,-17,8,-8
-1,14,18,14,12,-7,4,8,3,11,12,-8
5,13,-2,13,11,-16,-1,-10,17,5,9,6
2,9,-4,7,13,7,-6,8,20,6,11,-7
15,18,18,7,6,-1,-3,-13,-1,-17,-5,-7
2,20,-5,-4,5,7,7,1,-5,13,0,16
9,7,11,-15,-1,-7,-4,8,-1,3,10,5
11,13,-3,21,15,-4,-3,15,17,9,13,11
-2,23,-1,12,-1,18,1,8,13,11,10,22
0,22,1,16,19,5,0,-2,10,15,-1,4
0,22,-3,14,10,2,-5,7,-2,-8,-3,-10
0,19,6,-4,16,2,-6,11,-4,20,-6,25
11,21,-2,26,16,11,4,14,5,16,-2,7
15,25,0,0,8,25,8,-6,3,22,-2,-1
13,24,13,-3,8,29,1,8,19,3,-5,11
3,20,-2,4,13,9,14,28,-3,7,-1,-2
-5,20,5,31,20,12,13,4,0,27,-6,-2
2,29,14,20,14,11,17,6,14,17,8,4
-6,24,14,22,5,7,3,25,0,-1,7,8
1,29,18,21,-5,20,18,21,8,25,-2,7
11,28,-5,27,-4,28,4,2,-2,13,0,13
-1,24,3,28,5,33,0,36,-2,32,-6,30
2,-1,13,-1,-3,0,6,-23,-3,-13,-4,-16
2,-1,0,-11,10,-32,18,1,18,-13,8,-30
16,-20,6,1,16,-22,18,-7,15,-19,9,-6
-4,-2,18,-23,11,-29,1,-20,4,-32,7,1
9,-6,0,-1,15,-16,-2,-18,-2,-22,1,-32
2,2,-3,-8,8,-30,7,-22,17,5,-2,-1
-4,3,16,-9,5,-1,8,-10,-2,-27,4,2
6,-5,16,-7,-1,-18,0,-24,-3,4,0,-27
5,-4,19,7,5,-27,17,-23,-2,4,0,-14
-1,4,21,-16,-1,-25,-3,-18,-3,-16,-2,-8
11,0,7,-9,5,-24,0,-1,3,-10,-4,10
13,7,19,11,-5,10,0,-6,7,2,3,-21
-1,11,16,5,-1,9,8,7,-5,4,-1,-20
9,4,1,13,18,-10,-1,-8,-3,-2,0,-11
-4,12,6,10,8,8,6,0,0,2,-3,-20
10,3,18,2,4,-16,18,7,5,-17,-3,-8
10,1,-1,-18,15,14,-4,12,-4,7,-2,-7
-1,13,12,5,-1,7,-5,4,15,5,-2,10
10,2,-2,16,8,-8,0,2,16,-7,-2,17
10,8,17,19,15,-9,7,13,0,-3,-4,-15
13,12,20,8,-4,-16,7,-8,0,-6,-4,16
-2,21,8,15,10,6,14,9,-2,16,16,13
0,19,2,-7,16,16,8,-2,2,4,-2,-5
0,19,9,7,18,-11,-2,7,2,18,-3,15
7,22,-5,17,19,2,0,18,-3,5,21,13
11,9,19,-7,-3,8,14,14,1,15,15,23
-2,23,18,26,19,19,-2,1,16,10,-2,24
1,21,-5,22,20,24,1,19,-4,27,-2,5
-4,27,-2,-3,-1,14,5,5,11,16,0,7
0,22,1,13,1,-7,9,28,1,-3,-2,21
-4,30,18,18,18,23,2,30,18,0,11,8
-4,22,3,13,18,27,-5,17,-3,30,-3,12
-5,22,-3,12,18,27,8,9,1,-1,2,31
11,24,3,28,18,31,6,-3,16,19,-1,10
-4,24,16,10,19,21,2,31,-2,32,-3,32
-1,25,-4,13,1,24,0,30,-3,-1,18,7
2,27,19,0,20,32,5,25,-3,2,-3,35
-4,-2,16,-24,1,-17,3,-24,9,-33,-3,-14
-2,-18,14,-22,18,-1,4,-9,6,-13,16,-26
17,-24,14,-13,21,-20,16,-13,21,-32,22,-34
2,-13,5,-15,10,-30,8,-1,9,-29,16,-15
-1,-14,8,1,5,-11,5,-29,0,-24,4,-14
4,-2,12,-20,4,-11,4,-17,3,-12,-1,0
6,-9,9,-9,3,-19,14,5,-1,-5,-4,-11
0,-11,-1,-13,10,-21,22,-27,-4,-16,19,-25
14,-10,2,6,10,-24,8,-22,1,-15,0,-7
2,-10,4,2,7,4,12,-15,11,-15,4,7
-1,-12,11,10,21,-23,17,-14,-2,-14,-2,6
9,11,13,-6,11,-7,5,-10,4,-15,-2,-19
-2,-13,0,0,6,-1,7,-5,14,-19,-3,-13
3,-12,3,7,21,-22,13,2,2,-18,4,-7
-2,-10,5,-11,18,10,4,-16,12,-14,-4,-1
-4,-8,8,-3,14,10,9,7,18,-9,4,10
13,0,-4,15,15,6,-1,5,10,-18,-4,-2
-1,16,9,-8,9,-7,0,-18,-2,5,12,-6
-2,18,-1,-17,2,-12,-2,-10,-1,-1,-4,2
19,2,-3,13,19,19,0,-8,-4,17,15,-5
5,11,19,10,20,9,2,-7,1,16,22,-3
1,16,19,-7,-2,0,1,0,17,8,10,7
2,17,21,14,3,22,5,13,4,-12,10,5
8,18,14,-12,-1,-10,20,-5,0,9,9,17
8,21,0,16,20,3,-3,18,4,20,-4,2
8,13,19,22,12,16,-1,2,0,13,8,20
8,15,19,22,22,25,7,19,-1,26,0,9
14,22,21,20,8,18,-1,23,17,19,16,10
0,22,-2,-3,9,-1,0,15,-2,21,4,-3
14,28,1,19,19,19,-4,2,15,18,-4,27
13,26,13,3,19,21,7,6,-3,11,2,-5
-1,22,7,16,5,19,16,24,21,15,-4,31
8,22,7,6,14,4,-2,8,3,26,16,24
3,22,-2,3,20,24,19,32,-1,20,1,7
2,22,3,1,11,20,16,21,1,19,2,13
22,3,9,22,1,13,16,23,2,10,0,35
-2,25,-2,17,-3,29,8,26,15,14,15,16
1,-34,23,-32,18,-17,-1,-35,-2,-11,1,-21
9,-24,15,-19,-1,-29,-1,-19,7,-6,-2,0
7,-26,21,-22,2,-25,2,-18,1,-14,10,-26
8,-31,-1,-7,16,-19,14,-19,-2,-9,13,1
5,-30,11,-27,14,-9,8,-12,15,-17,7,-14
17,-15,1,-1,11,-18,-3,-1,7,-13,2,-1
6,-18,7,-11,-1,-21,6,-11,7,-30,15,-20
15,-19,-1,-1,14,-10,13,-10,2,6,17,-22
17,-20,1,6,8,-20,17,-24,0,-1,15,-14
23,-11,-2,-6,21,3,3,-12,1,-14,1,-24
9,-19,3,-22,0,-21,9,-7,1,-7,22,-20
14,-10,-2,-9,7,2,5,-22,19,6,2,-24
21,-7,7,-21,19,-7,1,7,23,-3,9,-6
4,-4,7,11,21,8,-1,-8,2,3,3,-7
-2,-22,14,-14,7,-14,10,-4,4,-13,2,1
-3,-19,22,-12,19,-19,6,-14,1,-16,-1,10
7,3,17,15,9,4,9,14,5,13,21,-12
17,13,14,-9,21,-11,5,16,11,-1,7,-17
0,16,23,6,12,10,-1,0,-1,18,0,-15
23,5,0,-14,20,11,18,4,-1,2,2,12
6,8,8,-13,15,-2,20,18,1,10,-2,5
9,12,20,19,-1,-4,1,17,1,18,-1,-12
8,13,3,5,3,1,6,16,19,16,-1,-14
12,14,-3,1,1,14,2,16,9,-3,18,19
3,16,15,-7,-3,12,0,24,1,-10,1,-12
8,14,2,10,21,22,6,14,4,-10,4,21
-2,19,-1,-6,13,15,20,23,12,10,17,0
0,17,15,21,23,25,-3,5,18,12,-3,17
-1,22,-2,23,9,-8,7,-7,-2,25,11,19
-3,17,20,28,14,0,4,27,-2,5,-2,17
5,26,23,7,-1,19,9,21,17,16,-1,20
0,19,21,24,21,29,0,21,1,12,10,23
1,20,5,30,9,-2,3,12,2,0,13,25
5,28,18,8,21,32,0,19,5,27,6,4
0,19,12,29,2,8,3,-1,8,10,9,34
-1,23,20,29,21,35,-1,23,3,30,6,21
14,31,3,14,22,25,12,11,2,7,11,0
23,-30,-2,-10,13,-10,-1,-19,7,-15,2,-18
21,-20,-1,-31,18,-29,3,-28,1,-6,13,-19
12,-23,15,-21,1,-17,-2,-33,7,-9,18,-17
15,-30,7,-7,21,-27,13,-12,11,-6,8,-22
12,-15,2,-16,24,-9,10,-15,8,-17,-1,-1
-1,-29,18,-20,12,-3,15,-1,-2,-11,21,-29
7,1,8,6,1,-14,18,-3,10,-21,17,-12
14,6,5,-13,-1,-23,1,-22,2,-17,15,-17
1,-16,11,-23,7,2,6,-10,10,-20,-1,-20
14,7,6,6,11,-5,17,-10,0,-11,6,-19
10,3,10,-24,23,3,3,7,-1,-16,0,-7
18,-8,7,6,24,8,3,-4,5,-14,2,-14
2,-16,10,-24,20,5,2,10,9,11,0,5
7,7,4,-22,23,7,7,3,9,-22,-2,-12
5,-13,8,-8,24,4,21,10,6,0,5,-21
14,9,18,-18,14,15,18,-1,15,-10,1,-5
11,6,10,-7,6,-7,6,1,15,-3,6,0
-1,13,-2,0,-2,-7,1,4,-2,-2,24,-8
17,15,16,-14,24,-6,15,-16,6,17,0,2
1,15,5,-17,20,9,19,6,5,-13,12,13
15,2,24,2,1,20,4,-9,-1,15,15,2
0,16,3,-11,4,-14,-1,11,9,6,13,6
1,16,3,1,0,18,16,-5,10,18,3,7
1,15,2,9,18,-2,1,20,23,-2,1,-7
5,18,17,-12,-1,-9,17,-4,6,24,0,2
9,15,5,-3,2,25,4,0,7,-2,2,-6
0,17,4,-8,19,1,19,14,13,24,23,-3
13,21,23,24,23,3,-2,-4,5,-7,14,23
4,17,21,21,5,19,3,6,3,26,4,23
-2,29,2,10,2,0,-1,-7,-2,0,2,10
-2,23,21,22,-1,5,18,30,3,9,11,6
16,28,4,11,23,26,0,-5,11,10,3,12
15,31,14,9,1,30,3,32,-2,5,-1,13
14,2,11,9,23,31,-2,28,3,30,14,-3
8,33,22,29,10,7,10,21,10,19,20,5
11,24,16,14,2,15,-2,17,23,8,15,-1
-2,20,22,32,2,4,1,31,-1,4,4,18
3,-25,-1,-34,7,-35,1,-17,19,-32,0,-27
1,-27,-1,-14,4,-35,1,-14,-1,-32,5,1
2,-24,3,-11,10,-16,21,-2,19,-18,8,-22
3,-18,21,-24,3,-33,18,-15,4,-13,11,-27
25,-29,10,-17,11,-13,24,-12,19,-19,2,-7
12,3,20,-26,14,-20,0,-9,9,-11,2,-9
13,0,21,-17,-1,-4,20,-22,4,-21,13,-24
-1,-20,14,-15,9,-20,4,-1,17,-25,24,-24
8,-7,1,-7,11,-8,9,-21,22,-28,5,1
17,-8,2,-14,22,-7,6,2,5,-21,9,1
25,-24,17,-23,11,-14,-1,-6,-1,-3,16,-21
6,-20,1,-15,16,-9,0,-10,0,-12,4,10
23,-6,1,-10,11,-20,21,-4,20,1,6,-8
10,-6,12,-4,1,-20,19,-8,21,-8,13,-13
17,8,17,7,5,-1,3,-1,6,-8,7,-15
6,5,1,-2,22,-7,2,-15,1,5,5,-1
19,14,15,13,12,-9,20,8,21,3,7,15
1,13,15,-19,8,14,4,-2,-1,12,2,-12
14,0,3,2,24,17,3,-15,2,-2,9,-13
4,11,19,11,24,19,20,-3,0,9,5,7
3,12,3,-10,21,5,12,-16,12,5,4,16
3,14,23,-4,14,-8,15,21,6,21,13,-4
0,14,0,8,1,10,0,13,17,-13,3,14
16,8,24,2,3,-3,20,20,18,-1,4,-6
6,17,22,15,21,10,22,19,0,6,13,9
0,19,24,15,25,17,-1,24,23,2,20,11
10,18,23,15,3,18,20,19,11,1,14,-3
-1,19,2,6,21,21,6,4,21,15,14,15
4,14,0,-5,5,10,5,-4,4,-5,20,16
3,16,1,6,25,22,20,23,20,-6,22,4
8,27,-1,17,25,30,22,24,13,25,-1,2
8,30,1,2,2,3,3,24,6,28,25,10
-1,14,19,4,8,13,12,29,10,15,14,1
2,19,19,-1,16,9,4,32,8,25,15,3
8,26,2,0,13,9,0,22,-1,20,5,31
3,20,2,6,-1,21,7,32,21,24,1,8
14,14,2,14,14,5,4,6,-1,2,3,14
7,-19,12,-5,1,-34,8,-32,13,-34,15,-14
7,-29,10,-9,4,-30,2,-30,5,-12,8,-21
4,-21,3,-4,22,-10,1,-22,13,-12,2,-11
12,-13,4,-4,1,-13,6,-6,4,1,1,-32
1,-26,3,-28,12,-24,1,-21,2,-23,16,-10
1,-24,1,4,21,-28,4,4,19,-1,8,-1
15,6,7,4,1,-7,1,4,2,-27,7,0
15,-24,25,1,8,-7,2,2,7,3,9,0
16,-12,14,-9,0,-23,18,-15,5,0,20,-23
3,-16,11,-23,5,-11,17,-22,15,9,0,-26
5,-17,2,-6,0,-15,9,-6,3,-18,0,-9
25,-22,3,3,2,-11,12,-14,4,-4,7,6
14,-21,20,-9,7,-1,8,-7,8,0,21,-10
15,-19,9,-22,22,-18,0,-8,10,13,1,3
0,9,25,13,6,-5,13,4,0,-10,2,5
21,13,10,-3,22,7,7,1,8,-21,8,12
5,6,23,11,8,-3,6,-1,1,-13,22,5
9,6,13,-2,0,-13,3,0,16,6,22,7
5,9,5,-17,1,-17,4,-18,13,17,7,10
6,10,0,13,1,19,13,-13,3,-2,1,13
10,12,12,-13,0,-13,6,1,2,12,2,5
0,15,2,20,22,12,3,-10,10,17,10,15
0,11,9,-11,22,9,1,6,9,-8,23,-14
5,10,3,9,16,-4,23,16,3,13,22,15
20,21,0,-7,5,11,24,0,4,11,4,-4
2,17,14,20,0,3,0,6,0,-7,8,18
15,16,6,-4,23,12,20,-10,6,24,25,5
19,25,16,-8,1,9,2,21,4,0,9,-7
2,18,26,18,14,6,9,16,4,10,14,15
0,16,0,-3,20,10,20,-4,5,-6,0,-5
1,18,23,-4,0,11,3,21,4,-5,3,2
3,15,0,-5,0,-5,10,21,0,14,21,29
17,30,15,17,23,20,0,15,7,-4,12,3
1,18,6,30,0,5,2,11,0,21,0,3
3,21,9,11,23,23,0,22,12,11,17,0
2,22,0,0,13,14,0,7,0,7,1,5
1,16,0,33,0,21,0,11,0,6,0,4
