-6,-35,-6,-10,-19,-18,-17,-29,-21,-33,-11,-32
-6,-28,-9,-16,-15,-28,-12,-11,-13,-3,-13,-13
-19,-33,0,-1,-13,-11,-2,0,-22,0,-3,-10
-14,-16,-1,-11,-20,-16,-8,-21,-10,0,-17,-9
-18,-7,-23,-19,-12,-11,-5,-3,-6,4,-13,2
-6,-11,0,-8,-15,-4,-22,-1,-17,-26,-20,-4
-24,-5,-7,-21,-6,-7,0,-28,-26,1,-6,-7
-25,-18,-19,-27,-4,-7,-25,-11,0,-2,0,-29
-25,-6,-16,-6,0,-23,0,-4,-12,-7,-14,-11
-23,-14,-10,6,-12,-22,0,-27,-2,8,-5,-22
-15,-14,-24,-19,-26,-2,-10,-12,-6,7,-24,-4
-8,-7,-2,-6,-20,0,-2,-7,-25,-2,-2,-6
-14,-11,-4,-10,-16,-18,-26,2,-5,3,-2,-6
-7,-11,-26,-21,-2,-23,-5,-5,-8,-10,-19,-21
-25,-18,-17,11,-2,-21,-3,-5,-1,-5,-18,5
-26,-17,-8,-4,-10,7,-2,-5,-22,-17,-1,-2
-14,-9,-13,-8,-13,-4,-6,9,-20,1,-1,-6
-2,4,-20,-3,-4,14,-25,-13,-17,2,-2,-4
-26,-13,-19,-2,-8,-16,0,-1,-18,9,-22,-6
-25,-12,-24,3,-25,-14,-13,2,0,4,-5,18
-15,-5,-5,-4,-20,19,-5,-2,-8,0,-2,19
-16,-3,-1,4,-21,-3,-10,15,-9,8,-25,0
-14,-2,-17,11,-17,21,-14,-9,-19,-5,-13,0
-3,10,-14,16,-3,17,-23,-6,0,21,-13,20
-8,0,-18,9,-14,16,-6,1,-1,4,-16,3
-1,2,-16,-9,-25,-7,-15,1,-25,-8,-2,6
-7,8,-3,-5,-15,6,-11,1,-15,26,0,19
-8,8,-20,25,0,9,-23,8,-13,-4,-4,9
-25,-2,-22,22,-5,-3,-7,3,-3,-6,-1,15
0,14,0,14,-4,11,-7,10,-24,-2,-15,20
0,14,-25,16,-21,19,-4,24,-26,1,-26,7
0,14,-22,7,-20,26,-15,8,-8,10,-6,20
0,14,-6,3,-15,9,-13,0,-7,25,-11,3
-24,10,-14,30,-8,16,-9,6,-17,9,-12,12
-23,5,-14,30,-8,19,-13,32,-4,9,-12,14
-22,13,-25,0,-15,21,-12,0,-18,7,-3,8
-11,13,-20,7,-22,14,-24,33,-5,2,-3,22
-3,-34,-1,-11,-21,-2,-16,-27,-11,-36,-13,-31
-20,-13,-15,-26,-3,-29,-24,0,-3,-35,-15,-8
-9,-16,0,-24,-4,-23,-14,-14,-11,-19,-3,-19
-7,-29,-13,-30,-11,-30,-5,-1,-3,-20,-9,-26
-11,-20,-1,-21,-13,-19,-21,-26,-15,-21,-5,-6
-25,-5,-5,-11,0,-30,-7,-21,-7,5,-10,1
0,-22,-3,-21,-16,-6,-3,-1,-1,2,-11,-2
1,-27,-5,-10,-12,-22,-9,-28,-16,-6,-25,-29
-2,-17,0,-7,-21,-25,-5,-7,-5,-20,-8,2
-24,-19,-13,-11,-20,-1,0,-25,-11,0,-1,-25
1,-9,-23,-20,-14,-20,-4,-7,-10,-15,-21,-15
-7,-11,-3,-7,-11,-5,-20,-9,-9,-11,-21,-10
-14,-9,-24,-10,-23,3,-4,-8,1,-11,1,0
0,-2,-5,-6,-14,-6,0,-23,-1,-7,-17,-11
-1,-9,-7,-9,-20,-19,-11,-9,-25,6,-2,-8
-4,-9,-5,-9,-24,3,-10,-7,-25,12,1,-8
0,2,-24,-1,-20,-16,-14,12,-19,-7,1,-2
-15,-6,-12,2,-24,-4,-19,-11,0,-1,-8,7
-15,-4,-13,17,-11,7,-20,0,0,-3,-2,-1
-15,-2,-21,16,-4,-16,-14,18,-14,-4,-22,5
-2,3,1,4,-24,-7,-19,8,-1,1,-20,-8
-4,-2,-24,-10,-2,17,-12,3,1,5,0,2
-23,-2,-11,11,-1,-9,-15,10,-12,13,-9,3
-25,1,-15,20,-2,14,-21,10,-9,5,-18,13
-13,-2,-2,-5,-4,9,-4,24,1,19,-7,9
-17,6,-2,1,-6,17,-16,15,1,19,-16,23
-25,10,-17,-3,-2,-7,-6,-6,-5,20,-9,-5
1,13,-7,27,-4,7,-24,1,0,-4,-23,7
-23,-4,-1,4,-17,21,-3,28,-15,0,-22,-5
-23,7,-14,13,-21,21,-16,11,-17,22,-9,18
-22,6,-10,10,-4,-6,-10,18,-17,14,-11,16
1,11,-16,24,-13,2,-4,10,-1,4,-6,29
1,11,-6,26,-10,32,-7,23,-24,22,-21,-4
-15,8,-17,5,-22,15,-20,33,-6,25,-2,31
-18,16,-7,23,-15,30,-22,32,-20,3,-4,18
-24,25,-9,29,-9,6,-3,9,-2,6,-15,22
-3,6,-18,10,-4,3,-12,11,-11,10,-6,20
-13,-11,-8,-24,-22,-20,-19,-29,-7,-30,-9,-6
-16,-14,-5,-1,-16,-21,-17,-33,-13,-2,-7,-13
-1,2,-10,-24,-14,-9,-4,-15,-8,-19,-9,-14
-7,-10,-21,-29,-11,-1,-17,3,-8,-21,-6,-9
-22,3,-7,-9,-7,-4,1,-12,-10,-4,-15,-23
-24,-23,-2,-31,-24,-2,-20,-31,-15,-9,-13,-14
-22,3,-15,-26,-20,-8,-2,-25,-4,-24,2,-21
-2,-20,-10,-2,-2,-10,-3,-18,-4,-1,-15,-8
-21,-12,-9,-17,-22,-24,-4,-19,-16,-11,-8,0
-18,-10,-3,-5,-8,-11,-11,-4,-24,-9,-22,-25
2,-12,-24,-17,1,-7,-3,-25,-20,-15,-18,-25
2,-12,-14,-11,-23,1,-22,-1,-22,-5,-12,-11
1,-5,1,-13,-14,-24,-17,-12,-24,-16,-23,7
1,-5,-21,-21,-7,4,-24,-16,-12,-5,-1,-16
-6,-9,1,-17,-9,12,2,-2,-12,-11,1,-4
-13,-8,1,-4,-12,1,-4,-5,-7,15,-19,2
1,0,1,-6,-17,16,-6,-7,-13,-4,2,-3
-1,-5,-19,3,-2,13,-19,-2,-2,-1,-17,13
-6,-3,-20,0,1,12,-12,-18,-1,0,-20,-17
-6,-1,-16,-4,-11,-16,1,-2,-22,-1,-16,5
-13,-2,-17,8,-21,3,-2,2,-12,11,-6,-3
-22,-10,-22,-12,-12,9,-6,19,0,21,-7,16
-8,-3,-5,-9,-14,-2,-4,14,-12,2,-20,-9
-16,-9,-16,-4,-10,-3,-5,-13,-13,-8,-3,16
-19,22,-14,-2,-8,14,-9,4,-20,10,-22,19
-1,-10,-16,-7,2,6,-23,13,-11,22,-17,-3
-18,-8,-7,24,-6,10,-8,-10,0,-7,-9,4
0,0,-9,-9,-7,7,-5,14,-16,-2,-3,10
-7,9,-11,2,-11,14,2,1,-5,13,2,15
-11,3,-3,17,2,24,-14,-4,-2,25,-10,22
-22,2,-15,11,-2,2,-1,13,-11,18,-7,26
2,7,-3,16,-21,-5,-7,14,-5,26,1,22
1,13,-7,1,-12,1,-24,-3,-11,18,-13,-3
-21,0,-1,10,-15,22,-20,19,-1,-2,-12,19
-16,4,-4,1,-11,34,0,30,1,9,-1,19
0,0,-18,23,-2,4,-11,29,-6,10,-14,25
-18,20,-17,7,-10,8,-24,9,-23,2,-3,22
-16,-13,-21,-31,-6,-16,-10,-16,-9,-14,-13,-5
-9,-17,-7,-19,-3,-9,-17,-24,-16,-28,-12,-9
-17,0,-6,-34,-13,-17,-23,-7,0,-28,-13,-33
-2,-32,-7,-6,-15,-15,-5,-12,-14,-23,-1,1
-17,-11,-10,-16,1,3,0,-2,-23,-2,-13,-32
-20,1,-2,-11,3,-19,-5,-31,-21,-21,-4,5
3,-2,-18,-9,-8,-18,-23,-11,-19,-21,-15,-25
-4,-23,-22,3,0,-9,-15,4,-13,-1,-1,0
-16,-22,-9,-22,-12,-25,3,4,-17,-21,-4,3
-22,-13,-13,-11,-13,-14,-11,0,-7,5,-2,-18
2,-10,1,-10,-17,4,-5,-12,1,-7,1,-12
2,-10,1,-8,-21,-18,-4,-12,-4,-12,0,-7
2,-10,-12,-24,-3,7,3,-6,2,-10,2,-9
1,-4,2,-5,-8,-23,-15,-9,-5,-6,-12,-10
1,-4,-11,-14,-11,9,-7,-14,-15,4,-4,8
1,-4,-4,-4,-8,5,-21,2,-11,-16,1,-5
1,-4,-5,-5,-16,-19,-23,-3,2,-1,3,5
1,-4,-5,-3,-8,2,-1,-3,3,0,-23,-17
1,-4,-12,-3,-21,17,2,-4,-22,4,-5,-3
-3,-4,-11,11,-21,-8,-10,-11,-8,7,-8,-17
-20,-11,2,-8,3,7,-13,-5,-4,3,-10,11
-20,-15,-3,-5,-6,2,-10,1,-11,-7,-13,9
-22,15,-6,-2,-20,19,-23,19,3,10,2,10
-18,-13,-3,20,-11,20,-23,-11,-1,-12,0,-9
-7,-2,-21,-11,1,-4,-12,-4,-1,-6,-7,3
-9,15,-20,25,-23,9,-8,-9,-9,22,-5,-10
-5,-8,-11,24,-7,22,-16,16,-22,-10,-17,-3
-2,-2,-4,-1,-19,6,-4,-2,-19,-3,2,17
-2,-5,-6,10,2,27,-18,4,-1,-1,-9,26
3,-1,-1,-2,-7,11,-8,-4,-1,17,-1,1
-1,13,-2,-4,-19,20,-23,22,-13,19,-13,23
-19,7,0,20,-8,11,-12,17,3,18,-11,15
-23,8,3,5,-2,-2,-6,12,-10,19,-4,6
-15,2,-1,10,-2,24,2,28,-6,31,-19,31
2,3,-9,32,0,17,-11,6,-13,28,-5,29
-2,5,-20,14,-12,1,-5,7,-4,5,-4,4
-16,25,1,7,-9,28,-9,30,-18,27,-9,1
0,0,-18,-31,-14,-30,-10,-33,-21,-23,-22,0
-3,-35,-19,0,-22,-12,-18,-14,-8,-26,4,-3
-8,-10,-4,-25,3,-8,-20,-33,0,-26,1,-26
-8,-33,-9,2,-7,-32,0,-29,-2,-33,-22,-12
-13,-8,-3,-4,-20,-11,-19,-22,-1,-27,-1,-21
-7,-21,-5,-29,-3,-10,1,-27,-18,-21,-19,-8
-19,-5,2,-10,-13,-27,-21,6,-17,3,-1,-2
-7,-15,-11,-5,2,-26,-19,-26,-6,-5,-8,-27
-22,-22,-13,-12,-2,-18,4,-2,3,2,-12,-23
-1,-8,0,-2,-12,-19,-8,-8,-6,-19,-14,-3
1,-8,3,-11,-15,-7,2,-12,2,-8,0,-9
1,-8,3,-9,-11,-14,-4,-8,-3,-11,4,-9
1,-8,-7,12,-11,-3,1,-10,-3,-9,-4,-10
1,-8,4,-1,-4,8,4,-1,-3,-7,-3,-9
0,-4,-3,-6,-20,-16,-8,-8,-4,-8,-22,-18
0,-4,-18,8,-13,13,-16,1,4,-5,0,1
0,-4,-2,-6,-22,-19,-2,-6,4,2,-3,-5
0,-4,1,-1,-10,-1,2,-2,-3,-2,-4,-16
0,-4,-2,-3,-15,-16,3,-1,-2,-4,-10,-5
-22,-14,-12,8,-8,-2,-16,10,-3,15,2,-7
-14,-9,0,-14,-12,6,0,12,-1,6,-13,17
4,11,-13,-8,-20,3,-20,10,-1,4,-17,21
-7,-10,-20,-6,-19,-4,-19,-14,-7,1,1,9
-9,6,-7,-8,-15,15,-10,7,2,0,-17,7
1,-7,-16,19,-9,-4,1,-2,2,-4,-21,6
-5,-4,-8,20,-22,19,-12,7,-13,-5,-3,-7
-2,-4,-7,17,-10,22,-15,-7,-17,20,-1,-6
-2,26,-19,25,-8,25,-3,-4,-22,2,-16,2
-6,-8,-3,11,-5,-3,-17,16,-10,6,0,4
-6,10,-13,8,-22,2,-13,26,-15,6,-15,22
-20,24,-17,14,-1,27,-15,22,3,1,0,1
-17,4,-22,26,-10,10,-12,10,-13,3,-17,9
-20,30,-12,17,-6,2,0,-3,-5,12,-3,29
-7,12,-1,27,-3,24,0,14,-4,28,0,10
-3,5,-19,25,2,30,-17,8,0,23,-3,22
-16,26,-4,23,-18,16,-5,1,-4,5,-9,22
-2,5,-3,29,3,4,-16,35,-16,1,-9,4
-11,-19,3,-4,-17,-31,-15,-16,3,-32,-20,-16
-6,-29,-8,-32,-8,-22,-11,-21,2,-12,4,-24
4,-28,-5,-3,-6,-10,2,-9,-2,-31,3,-33
-9,-15,-11,-21,2,-29,-11,-16,-3,-15,-1,-28
1,-32,-10,-3,4,4,-12,-2,-1,-9,4,1
-7,-15,-6,-6,-4,-6,4,-3,-18,-23,-2,1
-17,-26,3,-7,1,-27,-4,-17,1,-25,0,-22
-21,-14,5,-21,3,4,-12,-29,-7,-5,-6,-27
-20,5,-5,-27,1,-5,-12,-3,-11,-5,-7,-1
-19,-21,2,-6,-5,2,-2,-21,5,-17,-19,-24
0,-8,-21,-16,-10,-16,5,-5,-1,-11,-2,-10
0,-8,5,-6,4,-19,5,-9,-1,-9,-2,-8
0,-8,5,2,-11,-19,2,-6,-1,-7,-1,-10
0,-8,-15,-15,-7,-4,-2,-9,-1,-5,-1,-8
0,-8,-17,-7,-16,-15,-1,-4,0,-8,-1,-6
-1,-3,-7,7,-8,12,5,-6,0,-6,-1,-4
-20,-10,1,13,0,-14,2,-7,3,-9,-16,-9
2,-6,-2,8,0,1,-17,-17,-11,15,-16,-15
-18,-12,5,17,-6,-12,-17,6,1,15,-19,3
-18,0,2,-14,-11,2,-11,-5,0,19,-1,11
-21,13,-7,17,-18,-7,-1,11,1,-14,-6,-8
-11,9,2,-13,2,14,-16,-2,3,11,-5,18
-5,6,-14,-10,-10,11,0,-7,-10,15,2,-8
2,-13,-17,4,-13,4,-15,-6,1,23,-6,-7
3,15,1,-8,0,-4,-8,5,-19,-4,-8,23
5,22,-14,15,2,22,-9,12,-4,-2,4,17
-5,20,-18,0,-21,15,-11,-9,5,-2,-4,8
-5,23,-11,-2,-13,-6,-21,5,-2,14,0,15
3,-8,-8,23,-7,23,-5,28,2,0,-19,25
-2,25,-16,2,-6,20,0,16,-6,26,-16,2
-18,29,-18,12,-7,-5,-10,-3,-18,13,-1,5
-13,14,-17,16,1,21,-8,30,-5,26,-19,22
-7,9,5,21,-19,10,-15,21,1,5,-12,3
-19,25,-14,16,-20,30,-6,31,-2,30,3,29
-3,7,1,-1,-7,34,2,-2,-13,12,3,3
2,1,-6,28,-17,15,-8,14,1,29,-9,28
-5,21,-17,0,-19,29,-14,5,-2,35,0,36
-12,-16,-19,-7,-10,-12,-17,-35,-19,-35,4,-3
-9,-18,0,-19,-5,-27,1,-13,-16,-30,-2,-6
-7,-30,-5,-30,-17,-27,-17,-2,-14,-10,2,-29
-10,-27,-14,-33,3,-17,-4,-7,-4,2,-4,-33
-11,-25,-9,-15,5,-23,2,-11,-1,-8,-12,-12
4,-11,-12,4,-5,-26,5,2,3,-9,5,1
-17,0,-17,-27,-10,-20,4,-3,-1,-23,-3,4
-16,3,6,0,-16,-6,-20,-9,4,-19,3,2
-14,-24,2,-8,3,-4,4,0,6,-24,3,-1
-19,-15,4,-23,-18,-16,2,-7,4,-15,-13,-20
0,-9,-17,-5,-14,-13,4,-11,1,-10,0,-8
0,-9,-3,2,-20,-14,-1,-10,1,-8,1,-11
0,-9,-17,9,-19,5,2,-10,1,-6,1,-9
0,-9,-20,-19,-19,-7,-2,-7,2,-9,1,-7
0,-10,-9,-15,3,-13,-17,11,-11,-5,1,-21
0,-11,0,6,-3,-6,-16,8,-5,-9,4,15
-15,6,-11,11,-7,4,-7,4,-4,8,-11,10
-13,2,-11,-1,-3,11,-20,11,3,-7,-17,-18
-13,-15,-11,17,-2,10,-13,-3,1,8,-14,8
-18,12,2,6,-5,-14,-15,-15,-5,2,3,-7
4,-8,4,-13,0,3,-3,-9,-18,-5,4,12
-6,7,2,13,-11,7,-9,19,6,10,0,-13
4,-8,-7,11,-7,7,-12,-13,-19,19,-16,10
-4,-10,-12,20,-5,-2,-15,-10,-6,12,-1,5
0,10,-13,-12,-9,20,2,19,-13,-12,1,20
-5,-8,-11,-6,-4,-11,-18,-8,-6,7,-15,-5
-5,-3,0,-2,-15,-10,4,3,-18,21,-6,1
4,27,-15,10,-18,14,5,-3,-14,10,-18,-4
-1,14,-16,8,1,24,-6,23,-11,21,-16,14
-5,10,-6,13,-15,-6,-19,14,-19,22,-13,-7
-13,-1,2,21,-16,7,-12,28,-3,6,0,29
-18,26,-1,1,-4,16,3,3,-5,-2,2,-2
-18,23,-6,-4,-10,14,-16,7,-4,1,-10,5
-15,8,1,-2,-1,-3,5,-2,-10,2,6,25
-8,7,0,33,-5,2,-3,12,-8,29,-11,6
1,1,-3,27,-1,6,-2,35,2,26,3,34
-13,34,-11,3,-16,6,-1,26,-13,12,1,13
-5,-26,-9,-28,-13,-17,1,-31,3,-16,4,-33
6,-8,-14,-27,-8,-11,5,-32,-3,-5,-5,-23
-4,-32,-11,-10,-6,-5,6,0,-16,-8,-2,-9
3,-5,4,-22,-6,-30,-19,2,-16,2,6,-30
-14,-2,-1,-24,-10,-6,-6,4,-4,-22,1,-2
4,-24,3,-9,-1,5,-9,4,4,-7,4,-3
-1,-22,4,-6,-10,-2,-12,4,-17,-4,-10,5
1,-18,-13,0,-15,-28,7,6,-12,-3,-3,-17
-16,-17,-9,-4,-14,2,-9,-19,6,-19,-4,-5
0,-10,-2,8,-13,0,6,-4,7,-10,-3,-14
0,-10,-19,-2,-6,-20,6,-7,3,-11,2,-9
0,-10,-14,-23,3,4,-1,-10,3,-9,2,-7
0,-10,3,-7,-19,-12,7,-10,3,-7,3,-10
-7,-9,-5,-14,-1,-17,-1,-12,-13,-17,-14,4
-19,-12,2,14,7,-11,-9,5,6,-1,-4,7
-1,-15,-9,-21,-9,-5,-13,-3,-1,-1,4,-16
0,-15,0,-13,-2,-1,-13,-7,-10,13,-18,-13
-12,7,-3,-14,-6,0,-10,-2,-13,8,1,-10
-13,-12,-1,8,6,15,1,2,-13,0,-11,1
4,-11,-19,5,3,10,-9,2,-18,17,-15,1
-14,19,-9,-5,-5,-9,-6,12,-16,8,-1,-5
6,-15,-3,-12,4,16,-18,-11,0,-3,-5,4
3,-13,4,-8,-16,13,-13,-12,0,13,-10,-1
4,19,-17,5,3,12,-14,12,-4,16,-18,15
-9,7,-3,10,-9,-5,-7,14,-8,15,7,9
2,12,-13,-6,-14,-3,-1,-2,-8,6,4,-10
-4,9,-19,6,-9,24,2,-7,-3,13,-2,-5
-10,-7,-5,12,-16,6,-16,27,-6,5,-18,-7
7,21,-17,24,-16,3,5,2,-8,12,-13,-4
3,18,-4,21,-14,2,-11,13,-10,24,-10,-5
-11,-3,-7,20,7,-3,-12,14,-2,26,7,27
4,-1,-9,13,-6,29,-14,29,-3,-5,0,17
-18,-4,5,-2,4,9,-18,30,-8,15,-6,5
-10,5,2,8,0,26,-3,6,5,3,4,-1
-9,25,5,32,-19,13,-12,33,-18,25,-13,11
-7,24,-15,24,-2,33,-6,11,-8,7,-7,31
4,26,6,30,-19,8,-13,19,-11,12,-18,13
6,-7,-4,-18,-10,-14,-16,-6,8,-35,-13,-14
-13,-7,-18,-5,2,-14,3,-10,-16,-32,-18,-5
5,-7,8,-30,1,-10,-7,-10,-11,-23,-2,-26
-4,-4,-10,-33,4,-31,-14,-21,-15,-32,-9,-23
-3,-14,4,-8,-18,-10,3,-1,-8,0,-12,-32
-1,-26,-3,-8,-8,2,-2,-28,-9,-5,8,-23
-2,-21,0,-9,-7,-4,4,-27,3,-22,-12,-10
-16,-12,-18,-29,-12,-22,-2,-27,-15,-6,-8,-13
-18,2,-4,-2,6,-8,-9,-5,-8,-16,-12,-22
7,-4,3,-24,-14,-2,-13,0,-16,9,8,8
-18,-13,5,-4,-14,-2,8,5,-16,-24,0,4
-17,-18,7,-2,3,-16,3,-20,5,-22,6,-2
1,-11,5,-8,-8,3,-3,-11,-12,-10,-9,-19
-1,-8,-7,2,-6,13,-4,-20,8,-20,5,9
-3,-13,-4,1,1,10,1,7,-18,-1,-8,-16
-9,-17,-8,-18,3,9,-12,-16,-6,-17,-15,12
-10,6,-15,5,-2,-15,-17,-3,6,-19,-1,-19
8,5,8,-14,1,-16,2,16,7,5,1,10
0,-18,0,13,-11,-11,-5,13,1,-13,3,13
-11,10,3,-12,5,-9,-4,15,2,4,0,10
-3,-11,-5,4,6,-7,-10,20,-4,16,-12,13
-13,21,-9,-9,0,-14,-12,18,-9,-14,-16,-14
-10,9,-6,22,0,18,8,-4,-7,-13,3,-12
-1,-11,-4,-1,-3,5,-11,10,-18,-13,-13,11
-2,19,5,-11,8,2,-16,1,-13,16,6,15
-10,13,-13,20,-16,1,-14,2,-18,23,-9,-7
3,16,-9,-2,8,-4,-18,-10,-7,12,-4,-2
-9,14,-10,21,-17,1,-17,2,-5,10,-2,10
-11,28,-2,21,-12,-7,-9,13,-1,-3,-4,25
-3,25,-3,25,-17,-1,2,24,-8,6,-5,-5
-15,27,-8,11,-4,-6,1,15,-17,19,4,15
0,0,7,-1,-2,14,-16,29,-7,-1,1,3
2,0,-17,12,-12,18,-18,1,0,20,-3,13
-11,25,-12,6,6,10,-5,29,-14,33,4,13
6,30,-18,1,-13,17,-2,19,-12,26,5,-2
3,34,-3,19,8,20,-10,28,6,30,7,5
-9,26,-10,16,-15,16,4,0,-2,4,-4,4
-2,-7,-5,-31,-3,-32,-13,-3,-17,-19,8,-35
-4,0,7,-27,-12,-25,0,-11,-9,-16,5,-11
5,-5,-8,-20,6,-34,4,-10,-9,-30,9,-31
6,-4,8,-20,8,-8,-6,-12,-10,-23,-8,-4
7,-1,5,-17,6,-6,-8,0,9,-4,-14,-6
-2,-10,5,1,-3,-17,-1,-26,-8,3,7,-31
-4,-17,8,-28,6,-28,5,2,-14,-15,8,4
-16,-20,4,-20,2,5,0,-21,-11,-9,6,7
-15,-19,-8,6,8,-18,-6,-9,-7,-25,3,-21
-14,-25,7,-3,6,-26,-12,1,4,-6,5,-16
-2,-14,5,10,9,-16,-12,-26,7,-6,-9,-26
-16,-9,-6,-9,-8,11,5,1,-4,-17,-2,-6
-14,-10,-1,-24,-13,-12,-16,-11,-7,5,8,-12
-12,-19,-7,6,-10,-17,-14,-3,-3,0,1,-17
0,0,-5,-21,-3,8,-17,-9,-15,8,-11,11
5,9,6,-6,-2,-6,-17,4,-1,-12,-15,11
2,15,4,11,0,-11,8,-17,-2,-19,-2,-2
-5,-15,-10,11,-4,7,-7,13,6,17,-5,11
1,-17,2,-17,-9,17,-14,-16,0,-15,5,-14
8,11,0,16,-14,-5,1,1,-8,10,-10,2
3,12,7,17,-12,-11,-3,2,8,16,0,5
7,11,-4,-14,-10,18,-8,-14,-16,16,-12,13
-4,10,-3,15,-16,8,-5,21,-12,4,7,17
-4,14,-16,13,-5,6,4,-3,-11,9,4,20
-9,17,-6,-4,3,13,-13,-5,-12,5,-15,1
-3,-2,2,0,0,-5,-17,-7,-2,-5,1,17
8,19,-5,5,3,12,-8,-2,-4,24,-10,5
4,18,-15,21,1,25,0,11,1,24,-2,19
3,25,-14,23,-15,20,-10,13,-1,2,-1,15
4,24,-1,27,-16,1,-9,21,2,27,-14,8
8,18,0,4,-8,17,7,3,-6,20,-4,11
-3,10,-15,21,7,19,-9,0,6,5,-12,24
-11,21,2,20,-17,30,-15,7,7,-4,-12,17
-2,27,-3,5,-10,27,-17,19,-2,6,-1,26
-7,27,-5,22,-17,17,-2,5,8,6,-6,13
-2,24,-11,31,7,14,-17,22,3,6,-5,3
-5,22,-13,6,-16,18,-2,25,-15,13,4,0
-7,-31,6,-26,-8,-16,-4,-22,-6,-17,0,-5
2,-6,-15,-25,1,-24,3,-10,3,-26,-15,-30
1,-6,-15,-10,-5,0,-2,-34,-13,-27,-5,-2
-5,-32,6,-30,-2,-21,-7,-2,-10,-10,8,-27
-6,-12,-1,1,10,-17,-8,-23,-7,3,-1,1
5,-26,6,-12,-15,-19,-10,3,7,-18,-13,-11
8,-8,3,-10,-7,-24,4,-23,10,-25,-8,-23
-8,-16,-4,-8,7,-4,-6,-19,7,3,3,-22
-11,4,8,-19,9,-25,8,3,0,-11,-7,-5
3,-23,8,-26,-16,-6,-10,-23,7,-18,-8,-14
10,-19,-6,-7,-16,2,-7,-4,-3,-5,0,-10
-14,-18,2,-2,4,-16,9,-14,9,-2,8,-14
4,-5,8,-2,2,-13,-11,2,-4,1,-9,9
-10,3,9,1,5,1,-11,9,6,-20,9,-21
-1,1,-7,-13,-7,-6,1,7,7,-22,2,1
-12,14,2,-2,9,2,10,-18,1,6,-4,-5
-7,-17,-3,-16,3,-3,-4,9,-4,10,2,-10
-5,14,0,7,0,4,1,8,1,3,-7,8
9,12,2,14,2,11,-5,15,6,1,-4,16
10,15,9,11,-2,-11,-13,9,-5,-11,-15,-3
9,9,9,-10,0,18,3,11,3,9,-1,-5
2,9,-4,15,-2,2,-9,7,8,6,1,18
-8,8,-11,-2,4,16,-7,-12,-6,4,0,-11
7,21,3,-11,-13,-5,5,17,8,17,2,-4
3,12,1,3,-6,17,9,9,-10,18,-10,-3
0,15,10,20,-10,0,-3,-10,-4,2,-12,12
-5,-2,-15,18,-9,3,6,12,-11,9,-7,16
-5,15,-9,-1,-1,26,-8,21,-3,9,-7,19
-3,15,4,22,-1,1,-2,2,4,26,8,26
-1,17,1,18,0,5,7,-6,-12,16,1,-5
0,-5,-7,21,-12,30,-6,23,-11,29,6,3
-13,19,-15,-3,8,22,-2,21,-15,25,6,20
9,3,6,7,-2,23,1,27,9,22,4,30
-3,22,7,26,0,6,-1,29,-1,28,0,31
9,34,10,12,0,6,10,-1,-15,33,-9,34
3,25,7,32,9,13,2,31,7,30,1,28
-5,20,7,36,-10,5,-2,8,10,0,9,5
1,-30,10,-27,-1,-27,10,-11,-5,-27,2,-28
0,-9,6,-3,-4,-15,-11,-25,-15,-13,4,0
-1,1,9,-34,1,-12,7,-26,10,-32,-4,0
-2,-3,5,-31,-12,-4,-4,-33,-1,-16,10,-8
8,-2,-1,-17,-5,-11,-7,-19,5,-13,7,-22
2,-31,-5,0,-14,-17,5,-23,8,-11,-6,-14
-1,-19,10,-30,7,4,-6,-26,6,4,10,-26
-2,-8,5,-25,-13,-9,-11,7,-8,-21,-7,7
9,2,-4,-18,-1,-26,-12,-9,0,-26,-10,-28
9,-20,5,5,8,-4,-13,-20,3,-26,-2,5
-6,-15,1,-15,-10,7,10,-22,-1,-20,4,2
-14,-7,8,-21,-9,-15,1,9,8,-21,-6,6
2,-15,-2,-15,-11,5,-11,10,9,3,6,-21
-6,-5,-13,6,8,11,11,-18,7,12,6,-2
-5,1,-8,0,-7,-14,5,11,0,1,-5,-5
5,9,5,10,-2,10,-11,-6,2,4,5,-11
-2,8,5,14,-12,5,-3,16,7,-8,-6,-9
-5,2,-12,11,-4,-19,-9,9,-12,-3,-12,-17
4,12,-5,2,-2,7,-11,-10,-12,-5,0,-3
2,16,4,-7,10,-5,-15,17,-15,19,-6,-11
-3,7,11,-13,-7,-7,0,15,10,-4,-4,5
-2,3,6,20,-13,11,-11,-6,10,5,0,16
-1,-8,8,5,4,21,1,19,0,2,-11,17
3,9,-14,-10,-4,-9,-5,23,-7,22,-10,19
6,18,-9,-2,6,-5,-4,3,3,-4,-8,-2
9,17,-1,8,7,4,-8,-2,4,15,0,25
10,24,-9,13,0,13,-5,-8,-14,1,2,25
-7,24,-10,-9,-3,11,5,-5,5,16,0,17
-3,0,-14,3,-1,24,8,-5,-7,23,4,18
-1,-5,-6,12,11,25,0,1,-6,6,0,-2
-6,16,-5,28,-11,25,4,16,0,30,-9,17
-12,31,4,-2,-12,-3,0,10,4,-1,5,15
2,6,8,6,-10,27,0,2,-10,16,0,6
11,32,2,29,-13,30,-14,28,6,32,-2,28
-1,5,-14,6,-6,16,8,4,-7,32,-3,16
7,32,-4,5,-2,27,3,34,-1,29,5,32
4,29,1,21,4,8,8,33,-15,26,-2,20
-2,-35,12,-8,1,-5,-9,-21,-8,-3,1,-20
0,-4,-3,-8,5,-25,8,-22,-10,-6,-11,-10
-2,2,5,-22,7,-30,4,-11,9,-29,0,-13
-2,-1,-6,-19,-12,-18,-9,-29,4,2,-11,-33
5,-7,-6,-15,-12,-30,-11,-2,-1,-15,7,2
-5,-11,12,-30,9,-14,-3,-27,-3,4,-14,-25
6,4,-3,-8,-8,-1,0,-1,-1,-29,6,-8
8,5,0,-18,-11,5,-7,-18,-4,-27,-14,-28
6,8,9,2,12,-26,-10,-3,2,-25,-4,-9
2,-23,-3,-24,3,-24,-1,-1,-14,2,-9,7
-9,3,10,1,10,-5,-5,1,-1,3,-2,-1
6,-16,-2,-16,5,-2,-2,8,-11,9,5,-23
3,-20,-7,1,0,5,-2,-2,7,-18,6,0
-8,6,9,-23,4,10,-13,-22,11,-22,-14,-1
12,14,-8,3,4,-14,9,0,7,3,8,9
0,7,8,9,-8,2,12,13,1,-14,-5,-1
-3,-13,5,-16,-5,-13,-1,-11,12,15,10,5
-4,-19,-5,-7,2,-5,-4,12,1,2,-5,13
-2,15,-11,11,1,4,-7,-18,-10,-18,10,-10
10,16,-5,5,-7,-17,0,11,-13,1,8,19
2,9,2,2,5,9,-13,16,8,15,8,-16
-8,17,-9,14,-7,0,-9,-14,-9,-4,4,19
6,12,-5,-4,7,14,-10,13,-1,-11,-6,4
-1,-8,-9,13,8,-12,-6,-11,-1,7,-2,-4
2,15,-14,3,7,13,9,14,11,-6,8,8
9,22,8,15,-6,-7,-13,-11,-9,11,-3,12
-1,24,-6,10,6,2,-2,18,-8,26,0,-1
4,22,-14,25,-3,24,0,7,-12,5,-14,-4
-4,25,-7,9,-13,15,-1,5,-5,-6,1,17
-2,-1,-14,22,1,13,10,-3,-10,1,-10,12
-2,29,-12,-6,2,-4,-8,17,9,13,-9,-3
11,27,9,27,2,15,-12,5,11,-1,-1,1
6,4,10,27,12,-3,-5,25,-1,12,1,5
12,28,-1,20,-10,27,-9,26,6,17,10,17
3,29,8,10,-8,24,-3,27,-14,1,-8,12
-3,18,-5,27,0,17,9,15,-7,24,12,35
8,32,-1,18,-13,11,-10,16,-8,25,-7,23
4,-1,4,-22,-6,-19,-12,-8,10,-15,-7,-6
1,-1,-10,-28,5,-17,-10,-31,12,-10,-7,-23
0,-33,13,-2,9,-34,-1,-10,-4,-6,5,-22
-1,-28,-6,-15,12,-6,10,3,7,-11,12,-3
4,-7,-2,1,-12,4,-8,-10,-8,-28,8,-2
-1,-7,-7,-5,-6,-28,-12,-22,4,-2,13,-19
7,2,10,-3,-12,0,2,-26,-2,4,-12,-5
8,-20,-12,1,1,-3,-9,-24,-12,-22,12,2
10,3,3,-19,5,-13,-10,-14,0,-13,13,-1
9,-6,2,-21,9,-16,7,-24,6,-5,13,-17
-9,-1,-10,-14,-4,-24,6,-23,11,-3,-1,0
4,-24,7,-14,-6,10,2,-3,11,-1,7,-4
2,-2,-4,-4,3,7,-9,-5,-4,-4,-3,4
0,13,-9,1,7,4,-1,-10,5,6,-1,-15
-1,6,-10,4,2,8,3,-6,-4,-18,-13,-4
-1,8,-11,-10,7,-19,6,-1,-6,-5,1,-21
3,9,0,7,-3,16,10,7,-7,-15,10,0
-2,12,13,-13,-6,5,-6,5,12,9,0,9
4,8,-9,5,7,15,1,7,-4,-7,-1,-17
-1,-17,5,5,10,-7,-13,1,-1,5,2,-5
10,12,7,8,-6,-12,13,14,4,-3,3,-7
-4,4,7,-14,-10,13,-13,21,1,-11,10,4
1,22,-12,19,12,18,11,12,7,18,10,16
1,-12,4,7,-6,8,-5,-3,-6,5,-9,16
8,17,4,-3,13,24,2,16,4,9,9,15
2,17,3,-1,6,1,-13,-3,1,18,10,2
0,-3,0,3,-12,11,-1,22,-3,0,-2,19
12,26,-9,25,12,12,1,25,-7,-9,0,-6
-2,19,1,8,5,5,8,26,6,10,-13,8
-2,21,13,23,-3,-4,13,-1,5,18,10,26
8,27,-2,13,11,16,-10,25,-3,-6,4,6
-4,26,8,14,-3,26,-8,1,-6,1,1,20
-8,27,3,31,-4,0,-8,26,9,25,-2,5
11,-1,-13,23,4,29,-6,22,4,23,0,13
6,21,-4,21,-4,7,6,0,6,18,11,7
-3,33,0,-1,13,26,12,11,-13,26,9,0
0,32,4,31,6,5,6,28,7,5,11,3
-2,-1,-5,-33,-1,-18,5,-21,-8,-20,-4,-8
-2,-4,12,-5,-7,-17,7,-19,-4,-12,-4,-4
-3,2,13,-7,-6,-30,-10,-2,11,-9,7,-34
-2,-1,2,-30,7,-24,-7,-2,3,-1,0,-14
0,-13,12,-11,9,-13,-8,0,10,-22,6,-12
6,-28,-3,-7,13,3,-6,-31,-3,-15,9,-24
7,-28,6,4,-2,-21,3,-4,7,-29,14,-29
3,-13,11,-3,10,-8,-11,1,3,-29,2,-24
-7,-1,7,4,1,-19,0,-13,-12,-3,-4,-3
-5,-14,7,-5,7,9,-2,-1,8,-3,11,-2
-6,-4,3,-18,-2,-15,13,-17,9,-26,-2,8
-4,-24,12,-19,-4,-18,6,3,-9,0,5,-5
9,8,-3,-13,4,6,9,-22,10,10,7,1
2,-15,-12,-11,-9,0,4,-8,12,-18,2,-6
0,4,3,-5,3,-9,10,-10,-4,-7,3,12
-3,12,3,-9,7,10,0,-17,7,-19,6,14
1,-14,-9,3,7,-1,14,5,5,13,12,-16
-1,-19,3,11,-3,11,2,2,8,-10,6,-19
0,9,-10,10,9,5,9,15,-10,-6,12,3
1,16,1,-2,7,3,5,9,6,-13,4,15
-3,11,-11,11,11,-11,-4,16,5,19,7,-15
3,16,6,-14,2,7,-5,-8,-9,15,9,11
-1,-10,-7,-7,9,12,5,19,-7,10,-9,17
-3,22,6,17,-6,-11,3,6,-12,1,10,13
-1,20,-4,17,-3,2,11,-7,-9,-3,-1,16
5,25,1,11,13,17,0,19,-5,19,0,-11
-1,26,13,15,0,20,4,-4,9,23,5,13
-1,26,-4,-6,12,27,10,-2,1,-7,-7,10
4,25,-1,13,-5,21,-12,24,8,2,7,11
1,24,10,1,4,20,0,12,-11,5,11,4
-2,30,7,-6,-6,14,-10,11,9,26,10,-4
-1,16,10,24,-11,8,7,14,6,0,5,-1
-10,-3,0,6,-8,0,13,1,12,29,8,32
-7,30,2,14,9,28,10,31,5,-3,8,-3
-6,21,-3,28,-9,33,-8,-1,-11,2,-1,18
-6,35,-7,13,4,10,2,26,-3,17,7,10
6,23,-5,9,-9,1,-8,4,-8,17,-1,16
6,-9,10,-7,7,-12,7,-29,4,-11,-8,-25
-1,-32,4,-26,0,0,6,-30,-2,-35,11,-12
4,0,8,-3,10,-12,10,-30,-10,-2,13,-27
4,3,1,-11,15,-14,13,0,15,-21,0,-28
13,3,-7,-12,6,3,7,-8,15,0,-4,-4
-3,3,3,4,7,-24,-3,-6,2,-27,9,0
7,0,1,-3,15,-22,6,-2,1,4,-3,5
13,-4,-10,-6,-7,-2,-1,-21,-7,-5,14,-8
0,-10,-3,-9,15,-2,-8,-16,1,-4,2,-3
3,-23,-5,-21,-10,8,-10,-4,-4,-13,-8,8
-3,2,6,-25,13,5,15,3,-7,-1,-11,5
-4,8,-1,-20,0,-24,7,-6,-4,9,7,7
5,-2,-2,-11,15,1,5,8,10,0,5,-18
6,6,0,9,11,-16,11,1,-7,7,-1,-1
-2,8,-4,5,-9,-19,-9,-20,13,7,6,-5
5,7,4,0,-2,-21,-7,10,-8,10,-9,15
7,7,11,-14,11,-7,5,11,10,-17,-11,-3
1,11,11,12,-7,2,-2,5,-5,10,8,-10
11,13,-1,10,3,-2,1,-16,-1,8,0,1
-7,17,-7,19,4,15,13,5,-6,15,-4,-14
13,-12,7,-14,13,-6,5,1,-3,8,-6,-11
3,6,-6,-9,12,3,5,3,-1,7,9,-11
0,-12,7,21,-6,22,1,-5,-1,21,-3,7
7,19,4,2,-3,-11,15,-6,4,15,9,14
2,-10,-5,-9,8,-10,-8,-1,2,1,7,6
-2,18,9,17,13,12,7,18,-7,-8,-7,24
-2,22,-3,15,9,-5,-1,10,14,23,-8,20
1,-7,5,11,1,18,12,11,-7,22,13,13
7,26,-6,9,-5,16,10,19,7,14,0,10
2,19,6,29,12,29,-2,-1,0,24,-4,-1
0,16,-9,30,-6,11,12,17,0,15,-10,10
5,19,-11,23,-11,1,4,22,-6,24,-3,-4
2,18,6,9,5,6,6,26,13,3,-9,19
9,28,-5,9,-9,21,4,14,-6,18,-7,11
1,5,-8,-1,1,23,4,27,-10,17,-2,1
1,19,-5,34,-3,25,8,32,15,28,-2,-1
0,6,-4,23,-3,30,8,30,6,10,-8,16
2,-5,4,-23,8,-10,13,-34,6,-15,-8,-22
-1,-7,14,-30,2,-35,-9,-10,4,-19,-10,-20
6,1,-7,-26,-9,-27,12,-28,10,-22,7,-24
1,-3,6,-16,14,-5,3,-8,4,1,-3,-16
3,-32,5,-13,-9,-15,-9,-3,-10,3,16,-21
1,3,-2,-30,-10,-28,11,4,-7,-27,5,-10
4,2,10,-5,-2,2,6,-3,-5,-24,-3,-3
5,4,0,-14,-8,3,-8,-7,3,-4,-9,-29
5,-1,2,-8,2,-14,4,-13,4,8,-2,-20
8,-1,9,-1,-3,0,9,-3,15,-17,4,-24
8,-1,7,-5,2,-23,9,9,5,-9,10,-20
15,6,-6,2,8,-16,14,10,8,-2,15,-18
9,9,-7,0,-2,-19,5,-24,4,2,4,2
12,0,7,-15,2,-21,-7,0,5,-15,10,-4
7,-16,-6,-14,-8,-3,2,-12,6,-15,3,-17
6,-2,2,-2,15,1,3,1,3,5,14,-8
-5,5,6,-13,3,7,14,10,13,-9,16,6
-1,2,14,-6,5,10,7,-19,4,-14,6,1
15,8,2,0,8,4,-2,-7,-8,6,0,-15
11,19,4,-3,14,-1,14,-11,-5,-16,-10,17
16,11,7,0,-9,4,2,-10,2,7,4,-3
8,18,1,-4,6,-2,15,21,7,-14,2,-9
3,-11,-1,12,16,10,1,-3,-2,16,-3,4
7,21,4,-6,0,2,-4,1,11,-3,0,22
0,-10,-9,5,4,-1,-8,-7,13,3,6,14
6,23,-6,24,8,19,5,10,-3,-8,-2,-9
5,25,11,4,15,10,0,-4,-3,12,-9,13
-2,27,-2,23,14,8,-3,5,0,-8,-9,1
8,27,2,5,-4,26,4,25,1,20,10,21
1,22,12,0,-6,11,14,0,2,-5,-3,24
3,2,9,19,-6,29,15,26,-9,22,-7,3
1,18,7,19,1,18,10,18,4,-2,2,7
11,24,7,22,-1,13,5,31,-2,-1,-5,-3
0,1,-10,11,12,28,-3,3,-5,11,-10,9
12,25,11,6,-6,18,-9,5,0,12,9,25
0,7,3,31,-3,19,5,19,11,22,-7,33
3,20,4,24,12,20,8,6,8,21,3,10
10,-5,11,-31,14,-21,14,-8,7,-35,2,-3
1,-5,7,-31,10,-31,8,-1,-2,-16,7,-11
7,2,3,-22,3,-23,1,-12,8,-4,16,-26
2,-30,17,-6,1,-29,-5,-13,16,-33,-6,-28
1,-25,9,-22,15,-7,-3,0,6,-28,12,-9
3,3,5,1,13,-19,11,-30,12,-11,-8,2
2,-4,-5,-17,2,-2,2,-7,7,-28,3,3
8,-9,11,7,0,-28,8,3,3,-12,3,-19
9,-21,16,-16,13,2,-7,0,15,-26,5,2
-3,8,-4,-24,-4,8,16,-17,14,8,0,-5
1,2,1,1,-5,-24,0,2,10,-15,17,-19
0,-19,12,-21,-4,7,4,-15,14,2,-7,4
-3,-21,-1,-13,-9,-24,-6,-3,17,-22,16,-24
7,-15,6,-10,-4,-17,9,8,-4,-16,-3,-7
-4,-21,-3,-8,0,-12,0,-19,-3,-10,-3,-17
-3,-20,-8,14,-1,4,9,-18,6,5,0,-6
0,-3,-9,-3,10,13,-5,-3,0,-13,8,4
-2,-12,9,-15,0,14,-9,-7,6,15,-6,-12
12,-10,-9,2,16,11,-7,0,8,6,-9,-8
12,-13,9,12,-4,-3,1,-1,8,11,13,16
6,-16,14,-8,-6,4,0,19,-7,11,16,13
5,8,4,21,-1,4,-3,-6,-7,0,-3,6
0,-14,16,-11,-1,14,-3,15,3,18,4,22
0,21,16,18,0,-1,-7,13,-8,-3,-5,17
3,9,3,11,3,5,-7,23,10,-4,-6,1
15,23,11,11,4,4,-1,13,2,12,-8,15
-1,21,-4,26,-7,15,16,14,8,-2,8,-4
0,-8,-4,14,-8,23,1,-2,-5,-8,-4,-7
7,15,-7,16,-9,25,13,15,14,18,-3,14
-2,28,-3,-3,2,2,12,1,12,-6,17,24
1,-1,-3,9,-1,15,-5,12,-4,20,-4,4
4,12,2,25,-6,25,8,16,14,24,-3,31
13,22,-9,17,8,-4,7,3,-2,31,-7,2
-1,24,-8,10,-8,22,2,-1,7,10,-9,11
5,3,-1,13,-1,29,-6,22,11,33,10,4
5,19,-2,31,4,10,15,7,5,13,-7,10
11,0,3,14,4,14,9,25,-4,15,5,23
4,-33,3,-13,13,-1,14,-17,-8,-13,-2,-17
11,-8,5,-18,11,-24,-5,-26,4,-6,-6,-35
2,-33,-7,-13,3,-19,-3,-23,18,-1,13,-28
9,-3,18,-9,-8,-2,2,1,13,-2,-5,-15
5,-3,7,-1,17,-27,12,-32,7,-10,2,-11
1,-6,-2,-12,1,1,13,-25,1,-7,9,-24
2,-4,4,-5,4,-14,-2,-24,-5,-27,10,3
9,-21,13,-23,9,-15,9,-17,-6,-25,8,1
5,-13,11,-7,8,5,15,-16,6,3,12,-25
-5,-12,-4,-5,13,-17,4,-26,1,9,14,-21
6,-12,10,-15,2,-25,12,10,3,-26,6,-2
9,-12,-4,7,1,-5,14,-14,8,9,3,-3
-4,-3,8,-1,0,12,0,7,6,-23,4,-3
-4,-7,13,4,-4,-12,-6,-9,-4,-16,9,-12
-8,-15,-3,11,0,1,7,-21,5,13,-8,11
-4,-4,-2,0,12,14,14,12,-8,-2,3,-18
-6,-9,-3,-16,12,-13,4,-9,6,-8,3,-10
-7,2,2,-18,9,12,15,12,-4,2,9,-16
-8,6,-5,2,1,13,18,5,-5,15,0,-15
-2,-9,-3,1,-3,10,18,-5,-1,-16,5,7
-2,3,18,-5,-5,8,4,0,-8,4,-8,10
-4,14,-4,4,6,9,-3,18,4,6,4,20
14,-9,18,-7,-3,20,-3,21,8,5,8,13
11,-5,1,-11,-3,15,16,-2,1,1,17,22
-5,17,-8,-5,-8,15,9,5,15,18,2,-10
-1,8,15,20,18,-2,1,25,12,-10,6,-4
18,-9,-3,17,12,26,10,12,18,26,3,1
0,-7,12,-3,12,23,9,16,9,-7,-3,4
8,-3,5,-6,11,18,16,11,11,-8,6,27
17,26,-6,27,7,26,4,10,17,27,18,-1
11,-5,13,7,8,-3,-7,-3,10,24,4,30
13,17,16,9,8,-1,1,10,4,7,17,15
-1,26,-3,1,-2,11,-2,27,4,11,-6,21
18,27,16,25,18,-3,3,13,14,23,-4,33
12,19,-7,13,-3,0,3,7,-8,22,5,19
13,-1,-6,16,-6,12,0,5,-2,7,12,0
-1,31,10,3,-7,19,17,8,2,20,1,18
0,-14,1,-10,-6,-5,10,-35,6,-26,18,0
1,-35,5,-24,-3,-35,16,-28,18,-13,11,-27
4,-29,14,-24,14,0,15,-25,11,-27,18,-25
10,-9,5,-16,17,-29,14,-5,14,-24,-4,-25
-3,1,3,-26,5,3,19,4,-5,0,4,-7
-3,-13,19,-21,-6,3,16,1,17,-9,-6,-1
-6,-13,-4,-30,6,-10,7,-13,17,4,-6,-21
0,-25,-2,-14,5,-20,-3,-26,14,-22,10,-2
16,-16,18,5,8,-14,7,-24,6,-19,15,4
-5,-17,9,-19,10,6,-5,-8,-7,-18,16,-12
-4,-6,0,5,18,-10,-2,-17,-4,-24,5,-15
-7,-16,10,-19,6,-25,1,2,-4,-25,-3,-5
-7,-13,-6,-18,12,-10,-4,-2,16,-7,4,6
-3,-8,8,12,13,-22,-5,4,16,5,9,-2
-4,-1,-3,-18,13,-9,0,-21,-5,-4,-7,3
-6,-6,-6,-12,9,-20,11,5,-6,-13,16,-5
15,-8,4,16,-5,-10,-4,-4,0,11,3,-12
-5,1,-7,-1,-5,-2,9,4,7,-12,14,8
-3,-5,-2,-7,-4,-14,15,9,4,-7,-5,10
-3,3,-6,-10,-1,-3,1,-14,-1,-6,1,17
-5,-1,-1,14,0,-5,7,6,-5,-15,-1,1
0,0,-5,4,-5,15,9,-4,13,-4,4,16
17,-2,5,-10,18,17,7,6,-1,-5,1,2
17,-2,3,-9,-4,9,16,22,3,-9,4,-5
17,-9,11,0,5,22,-1,-9,-6,2,9,6
0,-9,7,-7,19,17,-7,20,13,20,-7,9
19,-10,7,20,13,18,6,4,10,-6,4,-10
10,23,-5,7,5,3,17,11,10,2,4,-7
9,-6,1,-3,19,27,10,-4,0,12,-5,7
15,17,-1,4,-1,1,9,22,5,26,6,1
-1,24,1,-4,1,28,5,1,3,30,-5,13
13,24,-3,-3,5,21,11,15,-7,7,10,11
7,23,13,14,1,20,-7,20,4,26,11,22
11,18,16,6,-7,29,1,32,1,10,0,31
13,21,-3,26,11,21,14,18,14,2,-1,1
-1,27,-5,30,13,28,15,34,5,0,7,19
12,3,8,22,-2,29,18,27,18,36,-3,8
-4,-15,7,-22,3,-28,14,-25,-3,-7,-6,-4
-6,-16,19,-28,-2,-25,4,-12,15,-5,-2,-3
2,1,16,-13,19,-23,18,-29,14,-30,18,-10
10,-17,17,-13,-5,-32,13,-24,-3,-6,16,-14
-4,-10,13,-9,11,-24,2,-11,8,-12,12,-27
-5,-28,10,-3,16,-22,18,-29,2,-29,6,0
-3,-21,6,-28,4,5,0,-29,-2,-15,1,-25
-5,-6,10,7,10,7,10,-5,19,2,-5,3
-2,-17,8,-26,19,-21,-5,-20,2,-17,-1,-10
-6,-25,19,-7,11,-5,20,-8,17,-11,9,8
-5,-13,15,-9,7,-24,1,4,1,-24,1,-6
-5,-6,11,-3,12,-21,11,-14,4,2,1,-16
-3,-2,19,5,20,6,3,-5,1,0,-4,10
-3,-5,-6,10,17,-12,11,13,8,-12,20,-8
-3,-18,1,-10,6,1,5,8,0,13,7,-10
-5,-1,4,14,-4,1,14,-19,-3,0,0,-13
-4,-1,5,-2,-4,-15,-1,-12,-3,-2,10,-18
20,-9,-2,-10,2,-9,1,8,7,-12,8,-5
-6,-1,13,-4,20,-5,2,0,-3,-7,-2,-9
-3,2,18,12,2,-6,18,-16,20,-11,18,13
-6,0,14,-3,9,12,18,-4,8,3,2,7
-2,-5,1,13,1,-6,1,14,-2,-2,6,13
-2,5,10,10,1,-2,17,15,10,12,11,-1
-4,10,15,-13,1,19,14,11,11,2,-5,-7
5,-2,-5,6,2,4,3,1,2,-12,4,2
-2,-3,0,16,14,6,3,-6,2,11,11,4
1,4,-3,6,-6,-8,13,-9,-4,11,-4,0
0,0,-4,24,2,-8,7,-2,0,7,-4,-5
-2,-3,11,21,14,-5,5,23,0,7,7,21
-2,-5,4,6,-2,26,-6,22,11,12,7,4
19,4,12,8,10,19,4,7,20,20,0,19
-6,31,4,31,7,5,6,7,-4,14,10,9
12,7,1,32,11,-3,2,13,18,11,8,32
-6,24,1,11,3,12,18,-3,3,16,-3,14
-2,1,-2,29,0,31,-5,25,5,1,10,8
2,9,19,35,4,25,0,16,1,14,-6,34
19,11,-4,10,-3,36,5,10,-2,18,-6,9
-5,-18,16,-8,12,-29,-4,-17,-5,-23,7,-13
7,-20,-3,-20,7,-34,9,-30,8,-23,6,-23
16,0,6,-25,10,-9,2,-3,5,-17,5,-9
18,-11,13,-15,15,-33,7,1,15,-31,14,-21
-4,-8,6,-4,-5,-15,11,-20,0,-22,-1,-4
0,-15,18,-14,13,-4,7,-6,-2,-19,21,-27
0,-13,-3,-9,-2,-4,-5,-20,13,-30,2,-17
-5,-4,-5,-24,17,-1,14,3,0,-6,13,-13
-5,-7,6,3,7,-22,20,-15,0,-28,2,-7
-1,-20,14,-14,-5,-23,0,-8,3,1,-5,-8
-1,-20,14,9,12,-3,8,-21,4,6,-2,-20
-2,-17,-1,-18,6,-17,2,-17,16,4,4,-24
-5,-23,16,-1,-3,-16,-4,2,0,-16,21,-10
17,-10,-2,9,19,6,4,-3,5,1,7,-8
-5,0,-3,-18,7,-1,12,-12,18,12,-5,-15
-3,-3,-5,-2,5,-1,21,-10,-2,-1,8,-21
-1,-11,3,-10,18,8,15,-8,3,12,-5,9
-3,-3,16,-1,0,3,11,-9,6,-4,-2,17
12,-2,6,-16,20,-16,20,8,13,10,4,18
1,-4,1,-16,13,8,18,4,-1,11,7,-15
-2,-6,-5,20,9,7,14,-6,20,-3,0,-9
20,-3,21,-2,-2,17,6,-1,19,13,-3,-8
19,-4,-4,20,16,-2,5,-14,1,-12,0,3
1,-1,-4,18,16,0,-4,-1,4,-10,12,1
1,2,13,16,2,14,-4,2,7,-12,6,2
0,2,17,24,5,19,20,5,6,7,2,1
0,2,0,14,2,24,16,-1,11,1,-3,10
1,6,-1,2,21,13,6,-2,-5,-7,1,9
1,2,2,-3,11,16,4,2,-2,6,16,2
3,8,1,26,-3,-7,6,-6,10,7,4,12
14,4,10,28,21,10,9,6,-5,4,10,7
-5,26,16,10,17,12,2,13,5,28,-4,24
-1,20,2,7,17,10,1,6,0,12,-4,0
17,0,14,12,16,15,20,26,21,15,8,10
3,7,7,-2,19,17,9,4,15,1,3,2
16,20,-4,11,8,29,12,5,10,29,-1,25
21,3,-1,14,19,12,-3,16,0,9,0,12
0,-36,21,-35,6,-22,1,-15,21,-33,17,-24
-3,-7,-2,-33,18,-11,15,-1,8,1,2,-7
14,2,22,-22,13,-13,16,-19,18,-11,14,-12
1,-12,-1,-5,-1,-30,6,-28,-2,-4,11,-11
-1,-6,18,2,16,-8,22,-5,9,-21,14,-28
18,-24,11,-24,11,-24,-3,2,4,-30,4,-16
1,-25,14,-23,22,3,17,2,-1,-25,14,-5
21,-27,8,2,18,-25,19,-5,14,3,3,-15
-1,6,22,6,13,-10,5,-12,9,2,0,-15
-1,4,13,-20,13,-14,12,-5,21,2,1,6
14,-6,7,8,19,-4,15,-14,4,7,6,-16
18,-17,0,-22,13,-13,0,3,16,2,3,0
18,-2,2,-4,20,-13,14,9,4,-6,6,-20
18,-3,2,-21,-3,-23,20,1,10,12,20,-11
-2,14,19,1,11,-20,-2,-7,13,-4,2,13
15,-1,-4,2,12,-4,-3,-19,3,8,-2,14
1,-1,-3,5,13,16,14,-19,15,16,14,-13
3,-3,19,9,-1,12,16,6,14,7,-3,-11
2,-2,-2,-5,2,14,12,17,4,-13,1,13
6,-1,7,-5,17,0,17,-5,18,5,22,-12
-3,9,-3,20,20,-2,17,-3,8,-13,19,10
0,7,12,-13,13,-5,3,-2,22,-8,14,2
-1,9,-1,8,2,-11,2,-2,-2,-8,4,15
2,-2,11,-3,7,23,-1,2,9,-13,8,14
-2,12,5,24,21,1,3,7,-2,-12,0,21
1,-4,20,24,-1,-5,3,-1,12,14,22,8
5,4,2,12,5,19,20,13,13,4,1,5
4,5,20,1,1,4,9,24,-2,26,2,25
1,2,1,27,8,21,8,10,3,19,10,-2
5,6,16,-7,20,-5,4,-3,6,24,9,8
5,9,9,5,7,25,11,12,-4,9,6,14
-3,29,-1,6,7,25,20,20,14,4,3,-4
15,7,3,11,-4,3,6,0,4,32,0,13
21,6,11,-2,14,14,11,33,0,32,9,23
18,2,20,16,20,4,19,13,7,7,0,23
0,27,19,34,16,19,17,16,4,20,-3,18
22,4,14,5,4,13,4,26,0,14,-3,35
10,-27,7,-4,15,-26,15,-34,7,-29,20,-7
19,0,23,1,-3,-17,3,1,8,-33,-1,-5
15,-6,10,-8,7,-6,2,-14,7,-19,22,-12
11,0,10,-4,12,-14,16,-2,12,-13,11,-15
5,0,21,4,13,-17,5,-25,8,-7,-3,-5
18,-6,0,-12,14,-27,13,-27,4,5,22,-15
20,5,5,1,5,-3,8,-4,13,-8,15,-11
23,5,6,-29,18,7,20,5,17,0,6,-15
17,-3,12,-26,-3,-2,16,-20,-1,-5,0,-18
11,-2,10,-22,19,-11,10,-27,13,-11,3,-12
16,8,23,-8,9,-16,22,4,-2,-10,14,-7
12,-5,5,-2,-2,-20,8,0,3,-15,8,-19
7,-6,-3,-11,8,5,5,-16,12,3,5,9
23,2,-2,-23,17,-9,17,-1,15,-4,-2,1
4,2,2,8,4,-12,10,-19,6,-13,4,-18
13,-14,-1,-9,4,4,1,-7,13,15,0,-17
2,3,17,-11,10,-16,11,3,-1,-11,-2,-19
6,-3,23,-17,23,-15,17,11,9,1,16,-16
-3,5,2,-17,1,14,-1,2,4,14,0,14
18,-6,5,5,2,7,23,-4,1,9,9,-10
2,-2,22,19,23,18,13,-3,12,19,-2,-5
23,8,22,19,1,4,0,13,0,7,-2,6
2,4,13,1,7,-12,-1,-10,8,-4,23,6
3,5,12,11,0,1,6,1,1,20,-3,15
5,4,15,-12,14,14,21,17,-1,22,7,6
5,0,3,17,15,3,14,12,2,2,1,-9
-3,25,4,10,17,24,22,-3,-2,-1,3,-8
1,-8,9,-3,3,7,-3,6,21,5,-2,13
-2,28,-3,0,3,1,10,-6,-2,-2,-2,26
21,14,22,19,16,-6,3,9,14,13,7,4
15,13,5,6,15,29,-1,0,8,8,5,0
20,-2,18,20,17,10,14,-2,12,8,-1,19
23,1,0,5,16,18,3,11,15,30,0,8
-1,23,12,23,22,15,8,25,1,9,10,4
22,2,9,5,2,19,0,11,8,10,2,24
8,8,8,4,16,12,0,26,15,1,1,6
0,1,10,28,21,18,14,35,4,21,21,26
18,-9,5,-1,20,0,6,-24,12,-28,20,-8
6,-5,-2,-34,22,-1,-2,-32,0,-10,6,-18
12,-31,18,-11,5,-18,8,-9,14,-7,8,-27
12,-3,6,-15,2,-24,16,-29,10,-7,14,-29
17,4,6,4,-2,3,5,0,20,-4,0,-14
8,-9,7,1,3,-11,5,-27,4,-27,9,5
4,-6,3,2,7,-3,1,-24,4,4,15,-30
2,7,8,1,2,-21,13,-6,-1,-9,12,-19
11,-12,9,7,-2,8,-2,-7,1,0,18,-20
23,-26,15,-24,18,-21,18,-1,-2,-23,23,-17
5,6,16,7,9,-14,14,2,8,-5,6,-17
4,8,2,1,5,-20,9,11,-2,-20,14,-14
4,7,6,3,4,4,9,-19,6,-14,14,-2
15,-20,24,-6,17,-8,15,-5,10,-17,1,-2
18,2,11,8,0,-21,10,-1,4,-19,8,11
4,-21,14,11,-1,6,22,15,16,6,18,11
2,7,12,16,2,-13,1,9,17,10,6,-6
6,-7,0,4,5,12,23,16,-1,-2,14,16
5,-7,1,-4,15,-16,21,-9,1,14,24,4
5,-5,24,-17,3,6,13,-7,5,6,12,14
5,1,22,10,11,19,22,5,11,-10,3,14
9,1,24,1,-2,-2,-1,-10,13,-10,0,-6
3,-6,11,-8,4,-14,1,11,15,3,7,-2
17,6,21,1,-2,3,0,-13,14,7,18,-1
20,-1,19,-5,8,11,20,-10,7,13,10,-9
-2,22,15,0,0,20,13,-2,16,1,3,24
2,16,8,16,4,8,20,5,10,25,12,22
15,9,5,4,18,-5,17,27,-1,15,7,7
21,17,7,13,18,3,1,-3,14,-2,3,17
-1,25,20,9,22,0,6,16,20,14,4,25
3,14,17,12,21,29,11,15,3,28,8,6
21,5,14,9,17,11,14,15,14,24,2,-2
14,11,7,-3,19,25,18,6,9,20,6,26
14,11,15,1,24,17,6,16,3,28,11,-2
11,12,0,12,23,6,6,13,18,11,9,22
8,8,2,9,23,-1,-1,14,22,24,1,18
11,12,6,28,23,24,1,18,9,32,6,26
23,-31,6,-35,13,-1,10,-30,2,-30,1,-19
13,-18,-1,0,17,-35,10,-18,12,-7,2,-6
23,-10,4,0,0,-32,19,0,3,-14,6,-23
4,-30,7,1,2,-12,1,-25,9,-27,21,2
1,0,15,-26,8,-11,12,-24,24,-5,24,-19
4,-7,6,-25,23,-5,1,-19,12,0,8,-6
4,-28,15,-11,7,-18,19,-24,5,-13,2,-6
22,-20,17,-23,12,-17,7,-7,6,-12,0,-2
24,-25,12,-4,8,-15,12,1,22,5,6,7
6,-27,4,-17,4,-12,-1,-16,2,-17,16,-18
14,-25,14,-23,14,-9,0,-4,16,5,9,6
13,-6,10,-24,16,4,4,-2,2,-8,6,5
19,-22,-1,-18,6,-16,14,-19,6,-19,17,-22
18,5,13,-1,10,-4,22,-12,8,7,10,-16
3,9,10,4,19,-14,12,5,17,-12,18,-9
-1,13,19,8,18,-15,15,-2,13,-19,3,-15
3,3,-1,12,5,1,19,-3,11,-10,10,15
1,-16,1,8,6,4,13,-8,1,14,16,17
0,-16,23,-3,24,-1,8,-7,7,-9,9,-5
4,-2,14,1,24,-2,5,13,4,-15,3,-1
9,-6,20,0,22,-9,-1,-10,-1,0,-1,7
6,-5,20,11,1,21,14,18,1,7,-1,-4
-1,18,16,16,17,-2,6,3,1,14,16,14
22,11,18,23,4,3,13,-6,-1,-12,0,-1
0,23,1,23,7,21,18,6,11,7,5,-2
17,-1,13,-6,20,4,9,19,6,-7,3,-1
0,21,5,26,11,-2,24,8,21,-6,6,12
-1,-9,-1,16,12,-4,20,17,25,6,5,22
0,19,4,17,2,9,7,8,6,20,3,-4
0,23,4,9,12,10,4,7,5,25,12,23
0,-5,10,7,17,10,6,10,3,13,18,15
7,3,15,8,14,5,1,24,5,21,3,16
1,-4,22,30,17,1,1,27,24,31,0,13
25,5,5,15,17,0,3,32,18,7,25,-1
18,7,-1,25,4,9,25,6,5,29,20,23
12,10,18,32,-1,4,2,34,22,13,3,26
1,2,4,28,25,7,20,21,25,14,7,11
15,-28,16,-11,3,-31,26,-8,21,-24,15,-12
7,-6,25,-3,11,-30,18,-5,20,-9,16,-34
20,-31,11,-30,6,-22,21,-34,4,-7,13,-16
23,-25,21,1,7,-19,11,-15,1,-12,12,-9
8,-14,15,-18,22,3,22,-7,9,-17,8,0
7,-11,17,-14,9,-20,6,-10,12,-3,6,-7
23,-9,14,-29,0,-20,5,-25,18,-27,0,-27
6,-24,10,-6,22,-19,1,-13,21,-16,13,-10
15,-17,1,-8,24,2,14,-26,5,8,15,-27
10,-2,21,6,19,3,26,-23,4,5,1,9
17,-5,13,7,13,-8,15,4,14,-13,22,4
21,-1,7,-4,6,-19,12,6,8,-19,3,2
17,-5,18,-4,9,-19,11,3,26,-15,0,-16
4,7,2,2,9,-4,4,3,26,-12,7,-7
9,-10,4,-21,2,12,9,-10,8,-6,24,7
26,-10,6,-8,20,-5,8,-21,0,-15,2,-9
17,-6,13,-1,1,8,17,2,1,-15,5,-4
23,1,7,10,6,17,10,14,5,-7,20,-6
7,-9,6,-1,23,3,10,10,15,0,10,18
7,-9,5,-4,17,7,14,-8,3,19,3,-3
0,12,13,-9,14,-3,10,5,13,20,2,-8
12,1,0,-4,16,20,18,-10,21,-4,15,-12
22,-4,8,-8,23,0,16,11,10,2,10,16
9,-3,7,20,23,-7,15,-1,2,-6,11,-9
17,0,7,22,7,10,7,21,1,24,7,12
6,-4,18,16,0,3,0,5,21,17,8,-1
5,-4,3,-5,21,4,26,23,17,-3,16,26
26,0,3,8,3,4,14,27,4,-7,26,21
9,1,3,-2,14,25,6,18,5,17,3,20
16,6,11,7,8,8,2,2,11,0,19,16
17,5,2,3,12,-2,3,2,12,1,18,30
3,22,20,16,26,24,14,30,7,28,23,7
21,16,13,30,8,-4,9,30,8,21,2,22
19,18,1,1,19,15,25,19,12,6,26,31
16,10,13,6,20,16,2,34,1,13,0,22
3,27,2,21,23,11,2,20,2,16,15,26
21,10,26,15,11,14,1,20,0,32,1,3
