-26,-4,0,-16,-21,-22,0,-22,0,-22,0,-16
0,-22,0,-21,-22,-24,0,-22,0,-22,0,-21
0,-22,0,-21,-23,-6,0,-22,0,-22,0,-21
0,-22,0,-21,-5,-26,0,-22,0,-22,0,-21
0,-29,0,-21,-6,-2,0,-26,0,-29,0,-21
-1,-18,0,-27,-12,-11,0,-27,-1,-18,0,-28
0,-12,-13,-26,-21,-28,-7,5,-22,-29,-4,-3
-26,-23,-15,-7,-19,-19,-12,-24,-8,-7,-8,-2
-18,-17,0,-20,0,7,-1,-23,-10,-25,-8,-3
-22,-21,-22,-20,-22,-15,-6,7,-13,1,-17,-22
-22,-3,-22,-22,-23,-7,-22,-6,-20,5,-24,1
-22,-15,-9,-2,-19,-25,-14,-20,-23,-1,-20,-16
-23,-5,-1,-20,-15,-19,-19,3,-1,-16,-6,-2
-22,-15,0,-17,-7,-2,-4,4,-19,-8,-1,12
-22,-8,-18,-20,-18,-12,-23,-11,-5,4,0,-1
-1,-12,-16,-12,-4,3,-22,9,0,-17,-14,6
-25,4,-20,-6,-21,-4,-14,-4,-11,-9,-1,-7
-24,17,-16,-14,-17,10,0,-10,-22,-8,-12,3
-1,-8,-6,0,0,15,-4,14,-6,11,-2,-13
-25,17,-7,3,-12,-9,-18,12,-19,0,-26,13
-25,9,-4,3,-26,-11,0,-13,-6,-15,-14,0
-1,-12,-23,11,-10,-12,-1,-2,-9,21,-24,19
-1,-12,-2,-3,-7,17,-24,-14,-16,-11,-13,13
-26,-10,-2,-1,-10,21,-8,9,-19,5,-11,-7
-18,5,-11,15,-18,10,-11,22,-4,-7,-2,3
-3,-8,0,18,-2,1,-16,-3,-2,-2,-10,25
-2,18,-24,11,-2,17,-9,16,-1,-7,-2,21
-8,17,-14,1,-17,-8,-18,7,-17,21,-21,-6
-16,11,-12,-1,-22,2,-18,18,-14,23,-9,18
-2,9,-17,13,-6,6,-19,14,0,23,-3,3
-6,11,-11,22,-17,-3,-15,7,-25,17,-1,16
-8,22,-7,21,-19,10,0,2,-12,4,-11,8
-9,25,-12,29,-6,22,0,1,-17,15,-1,7
-12,25,-25,21,-11,24,-13,13,-6,20,-2,14
-14,18,-12,24,-18,4,-15,7,-13,1,-12,24
-3,22,-5,8,-17,13,-23,34,-6,13,-8,28
-9,31,-2,18,-16,19,-5,7,-3,2,-7,9
-1,-23,1,-33,-25,-2,-1,-23,-1,-11,-1,-23
-24,-4,0,-22,-3,-9,-3,-5,-1,-22,-2,-17
-25,-3,-1,-21,-1,-34,-7,-17,-2,-31,-3,-24
-25,-3,-4,-1,-2,-18,-11,-4,-6,-11,-5,-15
-25,-3,-4,-31,-11,-13,-11,-14,-7,-16,-7,-32
1,-24,-13,3,-14,-11,-9,3,-14,-31,-5,-5
-14,-3,-25,-13,1,-4,-6,4,-23,-25,-13,-22
-20,-12,-9,4,-14,-19,-3,-20,1,-27,-16,-11
-21,-21,-15,-8,-25,-18,-16,-15,-6,8,-9,-15
-21,-23,-4,9,-3,-15,-23,-24,-4,-24,-23,-16
-21,-11,-21,4,-11,-4,-11,-22,-10,7,-16,-10
-22,-8,-9,10,-6,11,-1,-8,-16,10,-10,-21
-23,-23,-2,-1,-10,-2,-25,-6,-14,5,-13,-22
0,-18,-25,13,-18,-1,-21,-4,1,4,-12,-14
-20,-19,-17,-3,0,9,-19,4,-21,4,-8,-10
-22,-12,-18,4,-18,-7,1,9,-5,-4,-10,15
-22,-9,-8,-3,-25,-16,-18,6,-23,-6,-4,-11
-13,3,-6,-12,-7,-4,-3,7,-20,-13,-17,-11
1,-10,-4,-15,0,17,0,15,0,4,-25,-11
-14,9,-20,-1,-16,6,-21,10,-18,14,-21,14
1,-15,-3,-13,-5,3,1,-1,-14,18,-4,11
-1,-13,-22,4,-17,9,-4,17,-21,-9,-5,-9
-25,14,-11,4,-11,4,-14,2,-8,7,-8,3
-17,-8,-16,6,-21,9,-9,-7,-9,-6,-2,-11
-3,-12,-24,15,-19,21,-20,18,-3,4,-11,-9
-12,4,-14,15,-9,-9,-17,11,-6,12,-24,25
-3,2,-4,-3,-11,18,-10,22,-3,1,-15,-2
-21,13,-3,3,-22,13,-15,16,-8,10,-22,7
-12,23,-11,1,-12,28,-2,21,-24,12,-4,14
-14,26,1,15,-15,6,-15,0,-1,17,-21,19
1,29,-16,9,1,15,-25,10,-16,30,-10,4
1,23,-11,23,-13,19,-12,14,-19,16,-19,25
-3,11,-1,6,-7,17,-3,8,-4,7,-11,28
-3,8,-2,30,-12,2,-6,13,-10,24,-8,3
-8,25,-2,12,-11,14,-13,29,-1,8,-8,9
-16,12,-2,21,1,24,-15,10,-4,18,0,5
-2,20,-2,28,-5,27,-25,1,-16,32,-25,14
2,-22,-10,-20,-18,-6,-13,-24,-9,-17,-21,-29
-24,-2,-11,-24,-21,-32,-14,-11,-10,-13,-22,-19
-23,-4,-12,-1,0,-8,-15,-12,-12,-20,-23,-11
2,-29,-16,-22,-3,-18,-19,-26,-14,-9,-22,-21
-24,-5,-17,2,-14,-11,-24,1,-15,-31,-4,1
2,-26,0,-12,-6,2,-22,-22,-23,-5,-20,-29
-11,-8,-8,-24,-18,-13,-8,-18,-2,2,-6,-15
-18,-29,-11,-3,2,-7,-3,-14,-17,-10,-9,-5
-6,-9,-9,5,2,-26,1,-19,-22,1,-15,-8
-21,-11,-23,-24,-11,-1,-22,-1,-7,-12,-9,2
1,-25,-20,-5,-1,9,-3,-1,-17,-4,-2,10
-21,-13,-19,-2,-23,-5,0,9,-3,-4,-12,-13
-18,-15,-5,-2,-3,0,-14,-15,-6,2,-16,9
-12,1,-13,8,-8,-4,0,-8,-15,-7,-2,-17
-21,-12,-12,0,2,10,-14,4,-7,-11,-4,-1
-20,-5,-20,-16,-21,-20,-16,10,-16,7,-13,-4
-20,-9,-2,5,-18,-18,-16,8,-16,-18,-16,-20
-11,0,-21,11,-10,-18,-18,-9,-18,-13,-2,15
1,-14,-23,-3,-12,2,-20,-9,-24,2,-21,-14
-13,12,-6,16,-14,6,-19,-11,-3,13,-8,4
-24,20,-20,8,-7,20,-5,16,-19,13,-6,3
2,-9,-17,-7,-21,17,-24,17,-16,5,-7,1
-21,-6,1,18,-14,13,-12,8,2,11,-6,6
2,-13,-9,-4,-11,12,-11,-9,0,23,1,11
-7,7,-15,16,-8,17,-22,20,1,6,-3,-1
0,-5,-22,7,-14,-11,-5,2,-8,-3,-12,23
-11,19,2,-8,-8,1,-13,7,-24,-10,-2,25
-7,-1,-2,26,-22,17,-12,23,-13,12,-4,-4
1,20,-10,-4,-9,-2,-15,10,-9,-2,-3,-1
-5,17,-16,26,-1,-5,2,26,2,21,-23,1
-18,13,-4,27,-10,9,-11,21,-10,2,1,17
1,28,-8,10,-13,18,-8,12,-3,12,0,19
-3,-4,-14,6,-24,18,-4,16,-13,0,0,2
-14,25,-6,0,-19,12,-12,26,-5,32,-4,9
-10,25,1,-2,-7,7,-11,12,-10,14,-16,18
-1,10,-14,33,-3,19,-14,11,1,18,-17,19
-1,18,1,2,-24,2,-18,5,-6,8,-5,19
-22,-7,-14,-30,-21,-13,-17,-35,-16,-34,-7,-10
-22,-7,-15,-23,-19,-16,-23,-5,-17,-24,-7,-31
-23,-11,-15,-29,-23,-2,0,-8,-17,-31,-9,-23
-23,-8,-15,-30,0,1,-3,-27,-19,0,-11,-23
-23,3,-13,-31,-7,-8,-16,-21,3,-22,-12,4
-20,-6,2,-14,-14,2,2,-13,1,-29,-3,-17
-3,-12,-3,-18,-21,-14,-14,-16,2,-16,-4,-20
3,7,-13,-22,-7,4,-17,-10,-3,1,2,-2
0,-24,-2,7,-19,0,-7,3,2,-2,2,-18
-9,-13,-18,-3,-23,-7,-7,0,-22,5,1,-18
-20,-24,-6,-18,-13,4,-16,-8,-12,-9,-10,0
-9,1,-18,-6,-12,9,-19,8,-11,-25,-3,-10
1,10,0,12,1,-9,-6,9,-3,0,-10,8
-16,-7,-23,-12,-14,8,-10,-20,-23,-1,-4,-17
-19,-13,-12,-17,0,-8,-9,-9,-15,0,-3,-3
-19,-18,2,3,-16,14,2,-14,-10,-7,-22,-3
-15,-6,-17,13,-21,16,-6,-19,-10,5,-10,-3
-12,9,-7,9,-22,-13,-19,13,-11,-16,-10,-16
-23,16,-16,-16,1,-1,-5,13,-19,-1,-12,0
-23,7,-19,2,-19,-10,-7,3,-20,0,-12,-16
-23,10,-20,-4,-22,12,-20,0,-20,-8,-12,-16
-22,20,-17,8,1,-9,-9,21,-15,8,-4,20
-6,9,-17,5,-4,4,-19,-14,-20,8,-8,18
-14,10,0,-8,-10,8,-13,1,-13,6,-2,6
-8,15,3,-12,-5,10,-5,-7,-1,5,-6,20
-6,19,-17,-2,-17,-11,2,12,-5,-6,-7,21
0,-5,-6,26,-5,15,-22,22,-2,-9,-13,-1
-6,5,-7,3,-8,4,-14,-5,-18,-6,-8,19
-6,5,-14,6,-22,15,-22,14,-11,21,-13,-1
-20,13,-20,15,-10,24,-8,-7,-1,-1,1,26
-5,7,2,-3,-17,20,-20,28,2,17,-9,19
-9,19,1,-4,-15,13,-12,20,-6,-5,-17,18
-13,23,-12,26,-11,-2,-15,-1,-4,1,1,31
3,18,-12,17,1,5,-8,3,-13,20,-9,32
1,19,-15,29,3,-2,-4,23,-13,23,0,6
-4,28,-12,20,-17,18,-17,21,-17,33,3,29
-10,30,-10,22,-6,19,-1,18,-9,10,-10,31
4,-34,-21,-2,-8,-3,-4,-32,-21,-5,-12,-22
4,-25,0,-6,-21,-4,-10,-25,-21,-5,-12,-29
4,-19,-4,-15,3,-21,-3,-8,-21,-5,-13,-28
-19,-28,3,-23,2,-29,-20,-3,4,-17,-9,-26
-10,-9,2,-27,-13,-22,-21,-32,1,-10,2,-25
-18,-14,-4,-26,-13,5,-3,-9,-6,-26,3,-11
-17,-15,-17,-9,2,-29,-11,-4,0,-26,-4,-6
-18,-2,-12,-7,-11,3,-21,-2,4,3,-5,-5
3,3,3,-5,-22,-16,-1,-14,4,-7,2,-24
-5,-9,-4,9,-3,8,-11,6,3,6,-3,-2
-3,-4,-19,-17,-5,-2,-6,10,3,-14,-2,-9
-9,-1,-2,-8,2,-23,1,3,3,-20,-18,-5
1,-14,-7,8,-8,8,-16,3,-21,3,-6,11
-7,-9,3,-11,-2,-20,-1,1,-16,-19,-9,-13
-2,-2,1,-11,1,-16,-7,6,-22,-6,-13,1
-12,10,-1,-5,-18,14,-12,6,1,-17,-21,-1
-12,12,-2,-10,-20,-2,-18,-9,-17,14,-22,-7
-21,7,-12,-4,-9,8,-20,-17,4,-13,-10,4
-21,14,-10,8,-11,0,-15,-10,-15,-2,-16,8
3,-3,-5,-1,-7,15,-21,13,-21,0,-14,9
3,-4,-17,1,-19,-9,-7,-11,-19,5,-18,9
-13,-3,-21,7,4,14,2,-14,3,9,-12,6
-6,15,-9,2,-7,10,-14,1,3,13,0,-14
0,-3,-10,-9,-7,-1,-5,14,-19,19,-9,23
-3,1,-18,2,-21,6,-14,-7,-11,23,3,-11
-7,22,-9,6,-2,12,-1,16,-7,-8,-4,25
-14,9,-10,19,-3,15,-20,2,-9,11,-12,10
2,24,-1,6,-13,-5,-5,4,-19,9,-10,6
-15,12,2,-5,-8,3,-11,22,3,9,-15,11
-2,8,3,26,-8,0,-3,-6,3,25,-3,17
-20,23,0,1,-19,14,1,-6,4,1,-6,12
-5,17,-8,10,-3,11,-9,17,-7,3,-1,7
-1,11,-18,4,2,17,-3,26,4,-3,-4,10
-4,26,-4,17,-13,19,-10,22,0,16,-8,5
-8,27,-4,9,-21,28,-8,26,-10,33,3,32
-13,35,-17,25,-12,17,-6,24,4,23,0,7
-11,4,-21,5,1,16,-19,28,2,18,-7,23
3,-33,-11,-25,-10,-3,-12,-19,-12,-27,-16,-25
-20,-2,-13,-11,-1,-2,2,-14,-10,-11,-11,-34
4,-23,-19,-23,-14,-14,-1,-32,-14,-2,-2,-8
-18,-30,-9,-12,-10,-4,4,-29,3,-14,-11,-6
-6,-22,-16,-1,-7,-20,4,-4,-7,-27,0,-19
-11,3,-18,-8,-8,-11,0,-13,-19,-3,2,-27
-3,-10,-2,-29,-3,0,-13,-18,-8,-26,2,-14
-4,-9,-2,-18,-12,3,3,3,4,-18,3,-15
2,-16,0,-11,1,3,-20,-24,4,7,-6,7
3,-19,3,-13,-5,-4,-4,-12,-2,-16,-5,-2
3,9,-8,-13,-2,-12,-11,9,-18,8,-15,6
0,-3,5,-16,-13,-2,4,-9,-1,-3,-7,-13
-2,-13,4,-9,-17,-10,4,12,1,6,-3,-8
-5,3,-8,0,3,8,-1,7,2,0,3,-1
-2,-3,-3,3,-5,-16,0,1,-21,-16,-17,5
-18,-14,5,0,-2,-1,-2,0,3,10,-8,-16
-17,-8,-17,9,-1,12,-17,-19,1,14,-4,1
-19,0,-6,4,-8,-6,-18,0,-2,-4,1,12
3,-6,-17,-9,-11,7,0,-7,-18,-5,-14,-6
-20,10,-20,-7,-15,-10,-11,-14,4,-11,-5,0
5,-7,-15,-15,-6,17,2,1,1,13,-9,17
0,-1,-1,0,4,3,-13,5,-16,5,-8,5
-11,-7,-3,20,-3,12,0,5,5,9,-10,6
1,6,-15,-13,-6,2,-20,4,-15,-13,-20,12
-6,16,-17,14,0,9,-7,-1,1,15,5,17
4,11,-5,0,1,-10,0,2,-10,12,5,5
0,6,4,17,-14,6,3,-2,3,22,-15,-2
-8,7,3,15,-4,21,3,26,3,-5,-1,27
-11,17,2,22,4,21,-2,10,-2,-7,4,1
-10,25,3,21,-19,26,-15,-5,5,29,-3,4
-5,14,-12,20,1,17,-1,23,-3,4,5,20
-2,12,5,13,-16,19,-7,11,3,-4,3,15
-16,5,2,20,-16,19,-2,10,-2,8,-6,11
-6,5,-2,31,-7,-1,-8,27,0,13,-3,30
-5,32,0,6,5,17,0,34,-8,8,-3,0
0,31,-3,17,-16,5,-16,35,-14,33,-16,33
0,28,2,13,-1,10,3,28,-9,24,-8,24
-11,-26,-16,-4,3,-7,-18,-12,0,-16,-8,-27
-12,-20,-4,-22,2,-27,-10,-17,-15,-26,-15,-29
-17,-16,-4,-7,5,-9,-1,-17,2,-11,-15,-1
-11,-27,-5,-18,-4,-5,-17,3,-15,-11,-3,-18
4,-1,-7,-24,-1,-2,-10,-13,5,-30,-19,-5
-1,4,-7,4,-3,-23,0,-30,1,1,-2,-3
-11,-10,-3,-11,-17,-15,-15,-11,-2,-5,0,5
-12,-11,4,-8,-12,-9,3,-6,2,-29,-1,-9
0,-7,5,3,-1,-4,0,-11,0,6,-9,-21
-9,7,-12,-7,4,5,-11,-24,-9,3,-9,7
-10,-4,-18,7,3,-15,2,-24,-1,-12,-10,-4
-2,-16,-5,-14,0,-25,-1,-10,-2,7,-11,3
2,-21,-7,4,3,-5,-7,-16,-8,1,-17,2
0,-7,-2,-10,-1,-1,-8,-19,-18,8,-11,-2
-2,-8,-19,-2,-20,-6,-1,6,-15,14,-7,-8
-15,-16,3,-3,-2,-2,-20,-12,6,8,6,-6
-19,-20,-4,4,-9,6,4,-13,-1,9,-5,10
-17,7,-10,16,-13,-15,-16,4,-12,-18,-5,-5
6,-1,-1,9,-9,-9,2,15,-18,-11,-15,4
4,-3,-11,12,-11,2,-5,6,-6,-15,-4,-7
-20,2,-1,5,-7,-14,-9,16,-19,6,-9,-11
-2,13,1,-9,-17,16,-17,12,-19,-7,-12,16
4,-9,-10,7,-3,19,2,11,-5,-2,-9,2
-16,7,-1,0,-1,6,-17,-5,3,2,-10,10
1,7,-1,24,-5,-1,-8,-6,-13,21,-8,-7
2,11,-18,5,-10,11,-8,-10,3,-4,0,12
1,11,-10,2,5,2,-19,16,-17,0,3,-3
2,8,-14,22,-17,21,0,12,3,5,4,9
-16,20,-2,21,-10,0,-10,22,-8,13,-14,12
-7,18,-7,13,-1,-2,-18,26,-5,2,6,2
-9,25,-18,26,-10,3,-5,24,4,8,-4,17
-17,10,-13,15,-1,21,-9,17,6,17,2,-1
-18,5,-10,15,4,31,-7,9,-15,19,-6,26
-2,5,-9,25,2,0,0,8,3,-2,-12,26
-9,16,-12,11,5,-1,-17,16,-6,10,-2,28
-8,17,-3,30,4,2,-11,6,-18,20,-17,24
3,24,-7,25,-17,17,-8,17,-18,13,-7,34
-16,-22,-12,-15,-19,-21,6,-36,3,-24,-15,-2
-9,-2,7,-20,-4,-34,-3,0,-5,1,-8,-8
-17,-17,-18,-33,-8,1,-18,1,-10,-21,-12,1
-7,-5,0,-3,6,-16,-19,-12,0,-12,-14,-13
1,-20,0,-4,-14,2,-14,-22,-7,1,-4,-12
5,-7,7,-3,-4,-10,-9,-16,-6,-13,1,-15
3,-12,-19,-27,6,-9,-7,4,-16,-16,-5,-2
2,7,-17,-20,-1,6,-3,-21,3,-21,-3,-23
-16,4,-9,-1,-17,-7,-10,-27,-15,-1,4,-16
-7,7,-18,5,-17,-24,4,-14,-1,9,-10,-2
7,7,7,-16,4,10,0,-6,7,-21,0,-12
1,-21,5,0,-14,-15,3,-17,4,-17,-10,-22
-3,0,-7,11,-2,-7,-13,-11,2,-1,-13,5
-3,-13,6,-3,-3,-19,-19,-1,1,-7,-9,7
4,-20,7,-3,4,-19,3,-18,6,8,-4,5
-16,9,-5,-15,-15,12,3,-16,0,-4,7,10
7,3,-6,1,-3,-10,-13,-12,5,14,-18,12
-18,-13,6,11,-14,0,-5,6,6,-18,6,2
-17,17,-4,-8,7,-13,1,1,-13,4,3,-15
-15,-12,-10,5,-7,-7,-8,14,-4,14,6,-12
-14,8,6,-8,5,12,-12,20,1,-4,-8,5
4,-7,-3,-11,-10,20,4,-1,2,16,-12,21
-2,-2,-6,4,-2,13,-5,1,-1,21,1,-14
4,3,-7,-2,-19,6,7,-3,-3,19,-3,2
-9,-1,-5,12,-6,-4,-3,21,-5,-8,3,-1
-1,24,5,19,-6,24,-2,10,-14,-3,0,6
-7,-5,-8,14,-18,24,-12,25,6,26,-16,12
5,11,-11,8,7,14,-14,20,-11,10,-2,16
-3,5,-17,12,-5,-5,4,25,5,13,-4,17
-3,15,4,28,6,2,7,22,5,16,-3,-5
-11,4,-13,15,-5,-1,-6,12,-19,-2,-18,20
6,10,-18,6,-18,27,-3,14,-9,2,-9,-5
4,10,-19,18,-8,2,-6,13,7,30,3,9
3,5,6,23,-2,1,4,19,-7,3,7,32
0,32,-17,15,-14,16,4,17,2,23,-11,19
0,3,4,0,5,28,-1,31,-19,10,6,24
2,34,-2,25,-10,9,-9,4,4,16,-10,0
-13,-18,-17,-30,-6,-6,2,0,1,-10,-13,-29
-15,-31,-14,-22,3,-9,-6,-20,-2,-33,-2,-28
-13,-26,4,-7,-10,-4,-8,-29,-4,-27,5,1
4,-29,1,-16,-14,-13,7,-16,6,2,6,-22
-3,-23,7,3,4,-23,-6,-9,3,-3,3,-9
3,-8,6,-23,-6,-31,7,-19,8,-22,6,-15
2,-5,-9,2,6,-23,-2,-20,-16,-6,-7,-8
1,7,-18,-23,-10,-3,7,-19,6,-3,0,-26
4,0,-5,-18,8,-15,8,-6,-11,-4,5,-25
-3,4,-17,-9,-18,-21,-9,8,8,-27,3,6
0,-16,0,-16,-12,-21,8,2,-18,0,-1,5
-1,-20,-8,-19,-4,2,-6,-14,-17,-24,4,-2
-8,-12,-10,-8,-14,-19,-16,-11,3,-24,-5,-8
-9,9,8,-7,-6,-12,6,10,-7,10,-9,-13
-6,-1,5,-5,-2,14,-5,10,7,12,-3,-11
-5,-16,-4,6,-16,-1,-5,-19,7,-5,3,-7
0,4,2,16,8,4,-5,11,8,13,1,3
-3,-6,8,13,3,-14,-2,9,7,1,-6,1
-18,1,-18,1,-3,17,2,13,-12,14,-2,-10
-16,-13,0,11,6,-7,3,-8,-8,0,-10,6
6,6,2,-16,2,6,-7,5,-1,-6,-12,2
1,-3,-1,-9,-12,10,-2,-4,2,11,7,18
-3,10,8,10,7,-6,4,20,-8,18,-9,17
-2,3,-9,10,-10,3,-16,3,-13,-13,6,15
8,22,5,0,-3,19,5,23,-6,10,-8,7
-8,-8,3,11,7,16,-7,-8,0,22,3,-3
3,3,-3,14,8,-9,5,-8,7,11,-12,9
4,27,2,22,-5,15,-4,12,8,22,-5,-7
-2,-8,3,19,8,3,-10,0,6,9,5,17
0,29,8,18,1,0,-9,26,5,11,-10,25
-1,18,-14,14,-8,22,8,19,5,5,-18,15
1,18,-11,18,-2,4,2,0,8,14,-6,16
2,31,-2,13,4,21,7,-1,-1,9,-8,13
-7,16,-2,27,-18,10,-8,17,-12,27,-7,20
3,4,-11,-2,-16,26,-13,2,-14,2,7,12
7,24,4,1,8,8,7,24,3,6,8,4
4,30,0,4,-8,17,7,15,6,5,5,19
7,-21,0,-15,6,-23,-4,-16,-8,-32,2,-23
-1,-17,-5,-23,-13,-4,-15,-6,-7,-2,-3,1
-15,-31,-11,-8,-11,-23,0,-30,8,-6,9,-2
8,3,2,-9,8,0,8,-27,4,-21,5,-13
3,-8,-17,-11,-1,-19,-16,-13,-13,-20,-2,-25
-9,-8,-4,-16,3,-23,-17,-27,-5,-24,4,-26
-7,5,-12,-1,-6,-3,3,-16,-10,5,2,-23
-13,2,9,-24,5,-1,6,-24,6,-8,-3,-5
3,-23,5,-2,-5,-27,4,-26,3,-13,-12,8
-10,-6,2,-25,-14,-16,-4,-26,5,-24,0,-14
-8,9,6,1,0,-19,-14,4,3,-24,5,-21
8,4,4,-20,-11,6,-7,-25,8,0,-5,10
-6,-19,-9,12,4,6,9,-22,-2,-6,-15,-20
6,-22,-9,-23,-5,-10,-14,-22,-17,8,-10,11
-3,-21,-16,13,-16,-15,1,-15,-7,-11,-6,7
6,0,-3,11,6,-4,-3,-21,-1,-2,4,-5
5,0,8,-19,6,-10,-11,-11,-10,-6,7,12
9,1,-3,11,-4,-19,-4,-10,2,15,-4,-13
-13,-5,9,9,3,-16,-17,-11,-2,2,8,-11
-16,19,-12,19,-5,-13,4,5,-1,-7,-4,11
-10,1,-6,18,-7,-9,3,11,6,18,8,20
-7,6,7,7,-2,-6,8,12,-8,3,-5,-8
6,5,9,-13,-10,-3,-16,19,-6,6,0,20
-1,6,-4,19,-4,-3,-5,6,-3,0,5,15
-1,-1,9,11,-6,18,-17,5,-15,20,5,-3
-7,-2,3,11,-14,-6,3,-2,-15,15,8,15
8,-10,-4,-3,-7,2,-4,-5,-17,9,-9,9
6,8,3,12,-12,18,7,-7,8,1,2,2
0,25,3,17,-12,22,-16,26,2,10,6,-8
5,6,-5,-7,-1,23,0,21,2,23,-9,-6
0,4,6,13,5,24,1,17,6,26,1,6
-7,-4,2,-5,-5,22,7,7,-5,29,3,19
3,3,6,12,2,13,3,6,-7,23,3,16
6,26,-2,22,0,23,-11,25,-2,11,-7,15
6,30,4,23,-12,3,-3,24,-16,5,-2,17
3,0,4,23,1,19,5,28,5,34,-3,4
0,0,-11,27,-10,18,6,25,-4,22,-4,22
-10,-12,-3,-6,-7,-20,-14,-5,-3,-1,2,-13
-3,-8,-13,-15,9,-29,-9,-29,4,-24,6,-28
-11,-22,-5,-30,10,-26,8,-3,-4,-15,-2,-19
-11,-8,2,-2,9,-29,-2,-14,8,-21,-13,-6
5,-15,-2,-19,-4,-20,-4,-30,-8,-16,4,-4
-12,-1,-16,-19,5,-22,2,4,-15,-10,-6,1
-5,-22,2,-23,7,-5,-6,-14,2,-19,-16,-15
-10,-8,2,-14,-2,-29,-13,3,-5,2,1,-11
9,-2,-14,3,-2,-18,-2,-21,-5,-10,-13,-28
-8,8,-4,-14,4,-10,2,-9,-7,-15,-6,-2
-4,-10,8,7,7,6,-6,-5,8,3,-12,-10
-1,-19,2,2,-14,-10,-9,-1,-16,5,-13,-23
-3,-21,10,9,-4,-19,-15,-4,3,-11,-8,-9
-4,6,-13,6,1,12,4,-11,5,4,-4,-22
-4,10,-11,-19,-3,-15,0,-21,5,-17,1,-3
10,4,7,-21,4,10,7,9,8,-10,7,0
0,8,-5,3,-11,11,-8,-3,-1,-10,2,-15
8,8,-2,-19,-5,-3,-16,-19,-10,5,9,9
9,2,6,-4,-5,7,-10,-2,-5,4,1,17
-14,17,10,18,-7,17,-1,-3,7,-11,-3,-16
-16,-11,4,-14,-11,-15,-13,-7,8,11,9,3
-14,3,4,-1,1,-1,-3,11,-7,5,-13,5
-12,15,-8,8,3,-2,4,8,-7,17,5,1
9,22,3,6,9,-2,-1,-4,-3,-8,-4,11
-7,-9,8,-3,7,10,6,-9,1,16,7,16
-13,20,7,-9,-15,25,-13,11,8,4,3,10
7,12,10,-3,9,16,1,9,-15,14,9,21
0,18,-8,23,0,23,-16,3,2,-7,-14,12
6,15,4,-3,2,10,3,0,-11,5,-4,21
7,27,8,-7,5,10,10,14,3,12,-12,11
3,1,-14,-6,-15,13,-10,14,10,12,0,21
1,-1,-12,-5,1,10,0,11,9,2,2,-4
-4,-1,5,8,-16,4,-7,32,-9,8,-8,-1
-7,15,-6,29,6,30,-15,3,4,30,1,30
3,29,9,9,-13,8,2,14,-9,18,6,-1
-9,23,4,2,8,33,-14,7,-1,22,-13,23
-4,8,6,10,1,0,4,7,-2,31,-14,14
10,-2,11,-6,-15,-27,9,-15,-13,-24,-7,-14
1,-28,-12,-28,1,-27,-3,-7,4,-8,-6,-2
8,-27,-6,-29,-15,-20,2,-10,4,-18,11,-6
-5,-29,-5,0,-14,-12,0,-11,0,-1,-7,-8
4,-24,6,-12,6,-28,0,-12,5,-32,-8,-26
-4,-29,-13,-23,8,-5,0,-16,2,1,10,-29
-1,6,9,-26,-9,2,-1,4,-8,-9,-15,-29
5,2,-9,-5,-8,-12,-14,2,6,4,-8,-21
7,1,-2,-28,4,-27,2,-25,-14,-23,-6,-11
-2,5,8,7,4,7,3,-3,-2,-11,6,8
6,1,3,6,3,-21,-7,-24,2,5,9,-3
-6,-8,-15,-5,3,3,3,1,11,-10,-14,8
-1,-17,-7,-6,1,2,7,-17,-12,-4,-9,-23
-3,12,6,-5,-9,-19,-8,6,-1,-4,4,-15
4,-12,-6,-18,-6,-11,-12,-22,10,-13,-7,13
0,8,-2,13,-1,-8,-5,8,-8,-8,4,13
-2,13,2,8,-9,-8,11,7,7,-2,11,3
7,-12,-1,-14,7,-6,5,-19,-12,16,0,-11
8,18,4,-15,10,1,10,14,1,-7,0,-6
-4,4,-5,6,6,-15,8,19,3,7,4,13
-6,-2,-3,3,-2,1,-15,19,-10,3,10,-4
11,14,5,-6,3,16,0,-2,3,-6,5,-2
7,21,10,4,-4,0,4,13,-1,-13,-1,-10
5,10,3,-5,9,10,10,-12,-8,-8,-4,12
-6,7,4,-6,11,19,7,5,-2,3,9,7
5,2,-2,22,-2,7,2,18,2,-5,-15,8
-6,24,8,0,-2,-6,-4,14,6,26,-12,19
-2,5,7,24,5,16,9,18,2,24,10,-1
-9,18,10,13,6,11,11,18,-6,13,-1,15
4,19,8,22,5,17,-4,-2,9,1,-8,-4
6,3,9,-4,9,16,-2,19,-12,23,9,30
4,-2,6,29,-9,19,8,19,-12,20,8,12
7,21,-12,30,-12,30,11,19,2,1,-6,9
5,30,-15,15,0,17,-9,14,11,17,-8,7
-7,28,7,29,-9,11,9,14,-7,28,-10,10
-7,28,6,27,-14,15,-13,14,-4,13,1,30
-9,31,-8,33,1,0,2,5,2,35,-11,32
2,-6,-13,-32,-6,-24,-1,-3,-4,-22,-7,-11
-6,-13,-3,-2,4,-26,-13,-22,-5,-6,-4,-1
8,-25,-6,-26,-7,-9,-2,2,11,-19,-9,-32
5,-6,5,-15,0,1,-5,-10,10,-33,-12,-25
7,3,-1,-20,9,-12,-4,-31,-7,-4,-8,-32
7,-5,-5,0,-3,-14,-13,-19,-1,-22,-12,-29
8,1,-12,-8,-11,-9,-9,-28,4,-10,2,-6
-7,0,9,-14,0,-23,12,5,1,7,-5,-25
-1,-20,5,-18,1,-2,10,1,-1,-9,-7,3
-3,-20,6,-7,12,-15,9,-18,-1,-21,7,-3
-1,-16,-2,-9,7,8,4,-13,4,-7,1,-21
-5,2,-6,-19,-8,-9,-6,-2,-4,-3,-2,6
5,-23,-6,-10,-12,-19,-4,8,3,-6,5,-20
2,13,-2,-18,4,-21,-2,-5,-9,4,4,-2
9,5,8,-17,12,-2,0,-20,1,4,-5,10
7,-18,6,-15,-8,-1,-2,0,1,-14,8,0
3,15,3,-10,7,-17,-6,-9,6,-11,-10,15
9,-19,-8,6,9,-10,-13,-18,-3,-9,-1,-19
-9,2,1,-15,-9,4,-13,-8,4,-1,-11,13
-4,-12,8,-16,-4,-13,5,-8,5,8,-13,-3
2,-8,3,16,-6,-12,-9,-13,4,7,-11,17
-4,-15,9,-7,1,8,-5,17,-10,16,12,10
6,-5,11,11,-12,-1,-5,-14,0,16,12,-13
3,-4,-4,-9,2,18,2,11,-10,7,-7,-8
-4,14,-11,9,12,22,-7,-2,9,0,1,14
-3,-5,6,-7,-10,21,-11,9,8,9,7,-9
3,-7,6,1,12,4,0,10,7,-1,1,-10
8,24,-9,3,7,20,-3,2,9,21,3,-2
-8,20,-7,11,-4,25,-7,22,-9,17,2,-5
3,-1,-2,0,-11,-1,4,8,10,-4,5,22
10,24,4,18,-12,29,-9,9,-14,23,7,4
-5,21,-11,-2,7,9,5,6,10,23,7,23
-4,32,3,29,5,29,-7,-1,1,1,1,13
-7,32,-3,8,-11,30,-1,20,5,3,11,13
-2,28,-2,21,-13,-1,9,29,2,4,-12,7
-10,34,1,21,-2,16,3,21,-5,27,3,1
10,25,10,32,10,24,6,3,2,13,-5,34
8,-31,-6,-8,-4,-28,11,-6,9,-12,-11,-4
-5,-14,-3,-4,-6,-14,-11,-29,4,-28,-5,-7
8,-1,-3,-4,-4,-4,10,-31,-8,-30,3,-29
-1,-33,-4,-26,-11,-27,-1,-30,-2,-24,3,-33
-2,-32,1,-18,8,4,-6,-27,3,-3,9,-8
-3,-17,2,-5,2,-14,-2,-30,-2,-18,6,-26
2,-28,-3,-28,-8,-17,12,-1,-3,-28,-4,-21
7,1,11,-3,8,-2,5,-29,-4,-26,-11,-12
0,-15,9,0,10,-21,0,-16,4,-26,-4,-1
-5,6,4,-24,-2,-26,-6,-8,-2,-12,1,-18
-6,-1,-8,-26,-11,-16,-12,-18,10,3,-5,8
1,-23,-5,-2,-7,-10,-6,9,-11,-8,-11,8
-2,-21,10,-21,-1,-3,4,-8,-11,-8,13,-7
-1,-9,-6,-18,4,2,-6,-22,-5,-12,-10,-2
1,10,1,-21,-10,-13,-13,-16,9,-12,-12,-9
-7,-1,-2,11,6,8,-6,-1,-4,-14,-7,4
3,-16,-2,-8,-1,16,-10,-17,-6,7,-9,-8
6,-19,-10,-11,9,-3,3,10,-11,-1,-1,-13
0,-16,-13,-11,1,6,11,5,-5,11,1,9
4,-6,11,6,-5,-4,1,10,5,-3,12,-17
-2,7,9,-16,4,12,3,-11,8,-2,0,9
10,0,-11,14,-13,-14,-2,14,-5,-5,4,14
5,-7,1,8,-5,13,-7,22,-5,1,2,2
3,-8,-12,3,-11,-12,5,7,7,-10,-2,0
-1,3,-7,5,-5,9,-7,6,-1,1,4,-3
-1,-4,-7,-8,5,-3,10,-7,9,-4,-1,11
-2,5,3,0,-9,-9,2,11,1,1,-4,-8
7,23,-11,21,4,1,-9,13,-9,13,10,24
-8,25,12,14,-9,0,-5,13,6,20,11,17
3,-6,3,1,-12,7,5,27,-5,11,6,29
4,30,-12,27,-8,15,5,3,-3,28,-6,3
8,19,7,19,-5,3,-9,-3,12,24,-2,1
-7,32,0,-2,-8,28,-2,3,-7,-2,8,-3
3,-1,8,26,-4,22,10,15,-13,15,-1,16
-6,26,-6,33,3,5,-7,5,6,22,7,29
-8,31,4,34,10,-1,-11,0,-3,7,1,9
-7,27,-1,8,-11,11,12,31,-13,8,10,20
-8,-4,5,-6,5,-34,7,-3,-8,0,13,-19
0,-18,-7,-3,-4,-4,11,-15,0,-3,7,-13
3,0,4,-29,10,-27,0,-7,-6,-19,13,-5
-5,3,4,-7,-1,-26,14,-15,-1,3,6,2
-1,-31,0,-2,-7,1,1,-25,-4,-24,10,-10
-1,5,-5,-20,12,-11,13,-1,-7,-30,-9,-19
1,-21,12,-23,2,-9,-9,-24,-3,-20,-7,-12
-6,1,7,-25,-7,-12,-6,6,-7,-3,4,-15
-7,1,-1,8,-3,-23,2,-6,-8,-14,6,-2
-6,7,8,-19,-8,-6,-8,-3,4,0,-2,-17
-5,0,4,-3,6,-16,14,-6,5,1,8,-15
-5,5,3,9,14,3,7,-25,-12,3,1,-14
6,9,-6,-19,-11,-7,-2,-11,-3,-18,4,-8
-8,10,-4,-8,-5,8,-9,-8,5,-1,1,-15
-5,5,-11,-3,-6,12,0,-8,-3,-14,7,-7
-1,14,-7,-16,1,7,-7,-4,0,-5,-8,-17
6,11,6,2,-9,7,-8,-6,-9,-11,-2,9
9,10,-9,12,13,-9,7,-17,-2,2,10,6
11,15,-11,8,-10,-14,10,2,2,-3,8,14
9,-15,13,-3,10,-12,6,16,-7,15,2,12
0,-10,3,14,-8,18,-1,11,9,18,6,-7
8,14,1,21,-11,-2,5,10,-7,3,-6,-12
9,-10,-11,22,-11,21,13,7,12,-7,6,-8
-4,21,-6,-2,8,5,6,-3,11,0,-3,16
5,-11,-8,-1,8,2,0,-3,-6,13,3,-10
10,-5,2,6,6,-8,-3,10,-2,-10,-12,5
6,22,-5,3,-6,12,-3,2,8,-2,-6,6
0,-7,10,4,-4,27,-9,20,-8,6,-5,13
3,24,0,8,4,9,-11,28,-7,23,-6,-6
12,22,-9,10,-5,19,9,26,8,25,14,17
1,1,0,-4,-5,28,-1,-4,-8,15,-10,22
-3,23,5,2,2,24,5,1,-10,28,4,7
0,32,6,2,-2,1,-3,1,-6,9,11,9
1,31,2,28,8,31,-1,1,-2,3,12,-2
10,24,-2,23,7,7,-9,3,12,20,5,21
0,8,-1,14,3,7,6,35,0,25,-5,28
0,10,-11,2,3,16,2,6,-8,5,4,9
4,0,2,-27,4,-32,-5,-36,6,-12,0,-17
4,-32,1,-21,-9,-21,1,-27,-3,-11,11,-33
11,-10,1,-28,10,-28,-8,-1,-5,-25,11,-5
-4,-11,0,2,11,-18,0,3,-1,2,13,-33
-9,-11,-3,3,-5,4,-6,-6,-11,-30,-10,-25
11,1,4,-31,6,-30,-3,-24,12,-26,13,-19
-4,4,12,-23,-8,-4,15,5,2,-7,3,-10
0,-16,5,-9,12,-8,7,-26,5,-20,-9,-23
-6,3,11,-11,2,4,4,-24,0,-25,7,-10
0,-18,2,-22,8,-4,-4,-15,-3,7,-5,-13
-3,-2,-7,-8,-8,-14,-11,-21,-1,-10,4,-17
-1,-8,-8,11,1,10,11,-25,1,-20,-1,1
3,10,-5,6,0,4,-2,-4,4,10,0,0
-4,8,8,-18,1,-8,13,3,5,0,-2,7
0,-8,10,-12,8,-18,-10,-15,11,3,12,-8
-7,15,-6,4,-11,-10,-6,-9,-5,2,12,-20
8,-18,15,-3,5,-19,9,15,12,0,12,-11
-11,2,10,4,14,13,7,-7,1,4,-3,17
11,9,-1,-2,6,-6,-9,5,10,-16,15,16
2,-13,11,-13,-2,10,-8,-10,-6,7,2,-13
2,-16,8,-7,-8,0,-5,8,0,-8,4,17
7,-13,9,12,5,20,11,20,6,14,-5,9
3,-8,4,-6,2,0,-6,20,2,19,5,15
-2,17,12,18,14,-13,-4,1,6,-1,-2,9
12,14,14,-3,-5,6,8,-5,-10,-8,3,1
-5,11,-4,25,7,-4,15,25,9,24,4,-10
6,-8,-6,12,-7,-1,4,-9,-5,6,-10,-7
8,23,6,-8,0,-7,5,17,12,18,-4,6
-7,26,-4,14,6,-5,3,0,7,23,1,17
-5,26,-4,24,-8,7,11,8,-6,26,10,29
10,19,8,2,-9,3,10,22,10,12,-8,-1
-2,19,1,4,9,1,10,24,3,23,3,29
12,24,9,9,11,10,-7,21,-7,14,10,30
-3,28,-7,28,8,-3,0,15,-9,24,-11,8
2,34,3,6,9,19,-4,-2,0,25,10,15
-11,19,1,30,-3,18,-6,23,-8,22,3,32
9,2,-1,28,7,27,13,9,14,31,-6,24
8,-33,-1,-35,-2,-19,-10,-22,-3,-13,16,-36
-2,-10,11,-31,5,-28,11,-1,-1,-13,-6,-13
-5,-12,-9,-27,-6,-31,-2,-28,-5,-6,10,-25
9,0,-4,-15,11,-17,-4,0,-8,1,0,-5
-2,-4,2,-4,12,0,3,2,6,2,8,-19
2,-19,5,-2,1,-16,-8,-13,-2,-24,7,-27
1,-20,-9,-9,13,-18,10,-7,4,-4,-3,-13
1,-17,-5,-2,3,1,-6,7,-10,-8,-4,-8
-4,1,12,-6,11,-15,-5,-6,-2,-1,-3,-7
1,-16,10,3,-1,-6,6,-25,6,1,-3,-26
-7,-5,12,10,-7,-13,-4,-3,-4,1,13,8
2,-14,4,4,8,11,-9,-7,10,-7,14,-17
0,-8,-7,-24,-6,-9,9,12,-4,-23,1,-20
-5,13,9,-7,5,11,-5,-10,6,1,-1,1
-5,12,-2,-21,-8,3,-8,-3,-2,-16,-5,-5
-3,11,-2,-11,-3,-19,15,5,-6,3,16,15
-7,14,10,-1,-7,9,12,-1,6,13,7,-6
-3,4,14,12,13,-11,-9,5,-1,6,14,15
0,5,8,8,-8,11,7,-9,-6,10,-3,-2
9,-11,11,-17,12,2,16,-1,12,5,1,18
11,-15,12,7,-5,4,8,-5,-4,4,10,18
6,-6,11,-2,0,1,14,4,4,-9,3,18
0,-1,2,10,-10,22,11,-14,7,-5,8,20
0,5,-8,0,-4,10,15,-11,3,16,-2,0
6,-9,2,-9,10,0,11,4,13,7,1,18
8,-10,13,-7,13,16,13,23,11,13,-10,-8
-1,15,15,9,15,14,10,22,13,25,15,-7
-9,12,11,17,-8,18,2,26,-6,-7,14,17
-5,27,6,24,15,6,-2,19,-5,-3,4,-2
-4,25,10,21,9,25,9,-3,-8,-1,-7,21
0,9,16,25,0,-4,-6,22,12,15,15,-2
-2,22,-5,6,-1,-3,-5,6,-9,28,3,30
1,12,14,2,0,2,-1,11,2,6,11,16
-1,26,1,-1,-6,26,4,7,6,27,8,4
-1,20,-5,18,3,-1,10,23,8,11,7,-2
10,-1,4,34,15,6,-7,20,8,6,-8,25
13,30,5,7,0,32,14,20,3,2,14,21
12,-29,13,-27,14,-13,16,-14,-3,-7,16,-6
-1,-9,-2,-32,5,-31,6,-18,-5,-25,-1,-5
11,0,9,-20,12,-11,-7,-6,8,-11,-2,-23
-4,-3,12,-19,-8,0,5,-19,-9,-16,3,-16
4,-21,10,-1,13,-30,6,-3,-1,-19,13,-20
-5,-10,-4,-13,11,-11,14,1,4,-18,5,-17
-3,5,-9,-14,0,-17,13,-24,17,5,2,-22
6,-28,12,-18,1,7,-7,-12,4,-12,0,-18
9,-24,12,2,6,-25,12,2,6,-15,11,-24
4,-15,13,5,3,6,-7,-17,14,1,-4,-22
6,-21,15,9,16,-24,0,-20,14,10,-8,-26
12,6,-4,-16,9,-13,13,11,14,-1,-4,-25
-4,-3,-9,8,12,-6,7,-10,-4,6,17,-2
-2,10,14,3,1,12,-6,8,-8,-20,-5,-10
9,12,17,4,3,3,13,-1,4,-21,-4,-6
1,3,13,-3,8,11,7,11,12,-15,9,10
9,-9,12,-1,0,-8,8,-12,15,13,-8,2
5,12,16,9,1,15,14,-18,1,1,5,12
-2,1,11,11,3,11,12,-1,2,-11,12,11
8,4,-5,0,-2,10,2,6,-2,-10,2,15
15,1,7,9,3,-2,3,17,-6,-10,10,17
10,5,4,-14,11,-11,2,-9,10,16,2,-13
-7,6,-7,11,-5,12,15,-9,1,15,15,13
7,10,3,14,2,18,9,12,7,9,13,4
15,-5,13,22,-4,16,10,12,11,9,10,15
10,14,-1,23,0,4,-5,15,-9,-2,-4,14
17,22,7,9,11,1,5,-1,0,1,-3,-5
5,-6,-5,13,5,14,-7,18,4,22,16,23
14,23,10,17,8,5,12,13,2,-3,7,20
11,21,7,7,3,12,-9,12,10,1,12,19
14,19,7,3,1,25,10,23,-3,8,-7,23
3,-4,-1,-1,4,4,4,-5,-2,21,9,12
9,-4,7,18,2,4,10,15,10,3,11,4
3,10,-2,15,13,14,-3,29,10,6,6,18
-1,30,11,-1,4,20,9,26,1,3,2,24
2,16,-9,-1,4,33,-3,29,-1,2,-9,5
-1,36,-1,30,-5,4,15,18,14,17,-1,14
18,-10,10,-34,4,-13,1,-5,5,-6,5,-15
12,-13,-1,-9,3,-32,9,-33,14,-26,-7,-20
14,-33,7,-30,14,-16,-5,-30,-5,-18,-7,-24
-3,-6,1,-15,10,-10,17,-9,13,-18,10,-23
11,-4,1,-7,10,-15,10,-18,-8,3,-7,-28
2,-29,16,-16,5,-20,17,3,1,-8,15,-2
2,-20,6,-7,16,3,8,-8,-7,-28,-8,-22
6,-21,7,-17,1,-9,0,-28,12,-24,11,-1
18,2,11,7,17,-13,9,2,9,-2,9,2
18,-5,18,9,14,-23,5,-3,-2,9,-7,-26
8,9,12,-10,16,-12,5,-5,12,-1,-2,-20
3,-5,3,2,17,5,12,1,-4,-18,5,-12
6,-19,1,-3,4,-2,2,-18,18,-7,-3,-5
17,9,15,-2,5,-8,4,1,-7,-5,4,-23
8,-1,6,-11,15,-21,6,-10,8,-8,2,-9
10,4,16,6,18,-5,5,8,-4,-13,-8,1
-8,-5,12,14,-1,-1,15,-10,1,-5,16,-18
7,-4,1,-6,14,-13,17,16,10,2,-6,12
-6,-8,12,5,1,6,8,-3,-1,7,-1,-11
-3,-15,10,-1,9,-11,-8,-6,-8,7,4,-3
-2,-6,9,-4,14,18,16,8,11,-14,8,-5
-2,-13,-4,-13,8,12,-5,10,10,13,-7,-3
11,0,3,-11,17,-11,14,14,-4,-5,-4,-14
4,14,3,3,3,11,2,20,5,14,-4,-4
1,9,-5,23,5,4,15,-6,8,3,4,-8
17,16,3,14,2,18,5,4,2,25,8,8
7,25,5,4,11,1,-7,13,15,-10,16,19
13,21,11,24,1,8,-1,24,-3,5,18,18
10,22,12,18,4,23,-1,15,0,-4,-4,16
7,-3,4,29,1,-7,6,17,3,9,2,-2
6,-2,4,19,7,-6,11,4,8,30,-7,23
6,30,0,22,4,-2,14,-4,3,-3,-3,22
13,4,-6,30,5,29,6,19,-3,7,0,0
11,27,-8,10,-8,21,-1,-1,10,24,-1,29
9,32,-4,1,16,16,12,16,-2,16,9,26
10,4,-6,1,16,15,6,2,-1,5,2,35
12,3,8,34,15,33,-4,21,9,8,4,36
10,-19,-1,-30,10,-13,-2,-16,8,-11,5,-33
14,-17,17,-18,6,-29,10,-15,7,-2,-3,-18
-4,2,10,-19,17,-25,8,-22,12,-24,-1,-12
13,-7,-1,-4,16,-28,14,-13,15,-19,4,-30
6,3,-5,-8,-5,-15,18,-12,0,-21,13,-5
17,-5,2,-19,0,-2,13,-3,16,-21,-7,-14
-1,-5,4,-21,9,-25,10,4,3,-12,16,-24
11,-23,-3,-2,18,5,10,-22,11,-23,-5,-10
12,-23,2,-19,8,-23,17,-22,0,-20,-1,7
8,3,-3,1,17,-16,4,8,5,0,7,-20
5,-7,-7,-22,18,2,-3,-11,5,-8,6,3
13,-15,-2,-11,9,-13,19,-17,7,4,19,-6
14,-14,10,-11,3,-21,11,-18,13,-17,4,-10
6,-22,11,7,-2,-23,13,-15,-3,2,-5,-23
2,9,8,13,18,1,0,6,-5,-19,6,-10
10,-14,14,0,14,-20,-3,8,8,-6,-4,-18
14,-9,9,16,3,6,2,5,2,14,3,-18
2,14,4,-11,6,-16,19,5,3,12,15,13
9,-4,6,-15,17,-13,15,-2,15,-16,-6,-13
9,-5,18,-10,-4,1,1,8,16,16,9,13
19,8,-6,-2,-4,-14,-3,-10,0,14,10,4
4,9,-7,11,13,1,-5,20,9,6,19,-9
6,14,-5,12,1,1,1,20,5,-10,-3,-7
13,1,12,10,19,23,-7,23,13,-7,15,1
14,8,8,-7,-7,5,17,-2,8,-12,-5,23
12,10,-3,25,3,0,10,20,9,20,3,20
13,9,10,-5,-5,21,4,0,10,10,13,-8
13,2,2,24,8,1,-2,14,11,6,-3,6
7,22,1,20,-2,21,14,4,10,22,11,-4
6,-1,4,12,-6,-2,9,6,-3,22,1,20
2,10,13,1,9,19,14,-2,5,22,-1,-2
5,26,4,13,-7,30,4,14,8,16,-3,18
7,29,8,13,9,18,2,26,9,22,-6,2
9,30,-7,24,13,26,-5,33,-7,33,9,30
10,30,0,28,10,3,-3,10,-3,14,14,19
15,1,-7,14,14,21,0,14,15,27,16,25
15,34,15,20,12,15,12,3,0,29,12,3
12,-24,16,-25,5,0,3,-17,15,-23,11,-33
18,-17,0,-22,17,-5,0,-6,0,-30,0,-23
19,-10,9,-20,-2,2,-1,-7,3,-10,17,-12
14,-6,1,-6,-2,-3,8,-3,8,-19,20,-25
6,-28,1,-3,-4,2,11,-9,5,-7,14,-3
9,-31,3,-1,16,-10,20,0,-3,-19,-4,-28
-1,-2,0,-28,8,-13,-3,-18,-3,-11,4,-27
14,-21,9,-11,-1,-18,-5,-27,-4,-20,0,-1
9,-21,0,4,0,1,0,-3,13,5,8,-10
17,-21,4,9,1,5,11,-13,2,-6,3,-13
15,-14,3,-9,4,-6,15,5,-5,-12,17,10
10,6,5,-18,16,-15,18,-21,14,6,4,-14
-5,-4,-5,1,20,-17,11,-24,7,-4,7,-6
14,13,0,12,-5,-14,3,6,-4,13,9,-20
10,-16,19,12,15,-14,7,-11,6,-2,13,10
14,-15,1,-11,-2,-3,10,-14,4,-21,-1,-17
10,12,4,-7,11,9,5,-5,11,14,6,6
13,-10,10,-3,9,6,15,-13,2,12,0,14
16,-13,10,-17,17,-14,4,10,8,9,2,-9
-3,18,13,12,19,19,14,-2,6,-16,-1,12
11,10,19,20,15,-16,20,3,4,-4,11,-15
19,8,-1,0,11,-4,12,14,16,11,3,-14
-5,2,0,-10,9,15,9,19,-3,-13,5,-5
9,3,18,7,4,2,12,-5,-3,-11,11,-8
-5,0,5,17,10,4,3,-1,-5,16,-6,0
1,-8,8,8,5,-11,12,8,-4,12,11,25
1,0,9,-9,12,24,-1,-5,13,-10,3,25
-6,13,-1,-2,16,11,-2,1,9,19,3,3
-6,0,7,11,0,-7,6,5,-4,3,2,-3
13,8,7,17,4,7,19,1,-3,24,7,16
12,12,-3,8,-5,18,7,22,10,-6,5,6
16,9,-6,0,-4,27,-1,26,-5,14,-3,30
17,31,4,14,11,27,11,28,14,9,1,23
20,24,-5,20,14,25,4,33,-3,25,2,21
16,19,-6,29,11,32,16,21,0,17,9,32
5,21,-6,13,12,28,3,27,11,0,-1,14
-3,33,5,13,8,30,-4,11,7,26,8,0
13,-19,16,-34,11,-22,11,-18,13,-32,4,-29
13,-19,0,-1,4,-17,5,-18,-2,-28,-3,-22
12,-6,-3,-15,14,-24,1,-30,14,-30,-1,-1
17,-17,20,-27,7,-1,1,-2,6,-1,-2,-27
19,4,1,-16,7,-26,-3,-11,16,-10,-1,-4
4,-16,21,3,-3,-1,9,-14,19,-25,21,-29
3,-10,13,-18,-4,-5,12,5,0,-15,15,-27
5,-23,-2,-11,-4,-3,14,-17,11,-28,1,-14
18,-19,11,-25,5,-18,15,-4,10,-4,2,5
19,5,5,-19,11,-12,0,-2,20,-27,-2,-18
0,-3,9,-23,7,2,18,-11,-3,-4,0,-13
7,8,13,-24,-5,-4,10,-18,9,10,0,5
9,-24,4,3,13,-13,11,-15,1,11,2,-11
0,3,18,2,13,-10,12,-12,0,-21,20,-5
20,8,17,2,15,-17,21,10,8,-11,3,-16
1,2,12,-10,-4,6,-5,-6,-3,-19,0,-12
20,1,0,8,-1,7,7,6,17,13,10,11
5,-11,20,-14,-2,17,6,1,21,-11,16,12
21,13,4,-2,-5,0,-4,7,17,-5,-5,14
12,8,1,5,-2,18,5,17,16,18,-1,12
9,-3,17,5,14,12,21,1,10,14,1,18
3,-9,2,-14,10,13,13,-13,7,-6,-4,6
9,7,-2,-3,18,17,2,3,-1,21,-4,2
9,2,-5,17,17,14,16,-10,10,3,16,19
-4,-7,9,-10,9,24,11,9,1,5,0,11
-5,-7,6,6,-4,-7,-5,17,-3,-1,5,22
8,8,12,17,-2,15,11,20,3,4,2,14
-4,-6,-2,-5,2,-6,-2,1,-4,4,1,8
2,7,-5,21,10,6,18,4,9,-8,3,-6
0,7,13,2,3,7,2,18,10,22,0,21
-4,1,3,19,17,23,10,30,0,6,-4,24
-3,25,18,1,2,18,6,9,8,3,21,28
1,8,18,5,-4,-2,7,-4,13,25,6,27
-3,8,-5,22,2,21,14,3,-1,29,1,24
-4,12,12,12,15,13,16,24,3,15,-1,19
8,19,19,15,6,20,5,21,9,23,-3,19
10,26,16,33,7,26,10,8,-4,36,-2,14
13,-20,16,-4,16,-1,7,-36,8,-25,4,-18
6,-6,3,-3,12,-14,11,-8,22,-9,1,-25
13,-19,-1,-9,11,-16,18,-3,-3,-25,16,-24
9,-7,4,-24,11,-14,11,-9,7,-27,-1,-3
12,-15,1,-30,4,-32,8,-2,6,-6,0,-2
-4,-17,1,-21,11,-29,2,-25,9,-19,8,-20
20,-7,11,-14,17,5,14,-3,6,0,12,-29
11,-18,13,-3,4,-24,0,-25,1,-12,5,-14
5,-26,7,-28,19,-10,20,-25,15,4,14,-20
6,-7,-4,-3,17,5,12,-24,-1,9,4,-17
0,0,3,-14,0,-13,2,-23,12,-6,1,-12
8,1,12,4,8,9,21,-6,20,-5,14,-3
14,-9,-2,-21,14,0,5,-22,14,-6,14,8
14,-1,18,7,1,2,6,8,3,-23,19,0
11,-4,9,5,6,-21,20,-8,2,11,19,9
4,-17,13,-17,7,1,-2,13,8,9,2,-11
10,5,0,15,4,12,8,-13,1,-10,0,-6
10,0,18,-11,1,-10,18,3,9,13,17,11
-3,-9,15,-3,6,6,13,-6,7,10,-2,7
5,-8,6,7,18,19,9,19,4,-12,3,-3
4,-3,13,4,-3,-6,11,-6,-4,17,-2,14
0,10,6,-15,1,-3,20,7,4,-6,17,-11
1,-10,1,-1,0,3,5,13,-4,-13,-4,4
-2,18,2,21,3,23,15,18,13,4,2,-6
0,-10,9,-6,4,-1,16,21,2,0,-4,23
0,8,0,23,2,10,17,-1,15,9,16,14
-1,-9,9,21,2,-4,-3,-1,8,-8,-1,-2
0,9,1,-3,15,4,1,-1,4,23,10,8
21,-2,6,21,1,28,0,23,-4,4,3,-4
-4,0,0,5,15,1,11,12,5,7,0,-4
2,12,14,29,0,-4,-2,14,19,20,2,25
-3,-1,3,10,7,8,-4,-2,13,11,-4,20
5,4,-2,1,14,12,9,2,0,-1,1,4
-4,-1,-1,25,-4,4,11,0,4,-3,22,15
0,22,-2,34,2,6,10,33,10,1,9,17
10,9,-3,11,7,11,4,3,8,7,19,14
-1,24,-2,28,15,6,0,5,5,5,7,28
16,-20,-1,-21,-2,-14,3,-24,-3,-13,-1,-35
11,-23,5,-9,13,-17,12,-9,7,-31,6,-9
23,-15,14,-34,17,-25,5,-1,0,-19,0,-17
12,-10,2,0,11,-2,11,-32,10,3,0,-18
6,-31,13,-25,2,-24,11,0,6,-30,11,-13
22,-15,14,-7,3,-22,4,-9,0,2,3,-18
21,-26,3,6,6,-2,18,-29,-1,-30,9,-12
15,-8,1,-19,3,-1,20,-21,20,-20,-1,-5
6,-28,14,1,10,1,-3,-20,8,-17,4,-28
5,-11,4,-10,14,-6,15,-26,-1,-7,0,-8
12,-7,9,-25,23,-20,1,-23,20,-1,5,-15
6,-21,19,-9,19,-14,5,-15,14,0,4,-7
23,-8,20,-4,18,-14,6,-14,-1,-9,-3,0
1,-23,-2,8,10,-11,22,-9,1,-10,1,13
-1,11,21,14,18,11,14,-4,11,-2,6,-3
5,-9,-2,-21,4,7,-2,0,19,-20,23,-11
3,-9,4,-13,17,-13,15,10,11,1,9,12
-1,-14,0,-9,11,6,14,17,3,-9,5,-12
3,-12,3,-10,-2,-3,0,5,13,-2,1,-10
20,-4,1,8,23,-13,11,14,12,0,9,-4
4,-4,18,15,-1,-4,5,14,6,11,11,5
11,1,22,1,3,-5,2,13,11,8,-3,13
2,-7,21,20,4,-5,11,19,-1,21,7,2
-1,9,3,-1,9,-4,4,18,2,22,14,-3
-3,-12,6,-10,23,6,1,-4,19,3,14,10
1,-10,-2,18,-3,22,20,0,4,-1,4,17
11,12,3,-3,4,3,18,25,12,25,5,6
0,-3,11,12,5,16,-1,-2,2,-2,3,2
2,2,-1,19,1,16,6,1,2,13,19,18
9,18,-3,26,1,-7,12,11,-3,-4,0,11
-1,8,15,-6,15,-2,23,-5,9,9,16,25
-1,11,13,13,-2,-5,-1,20,19,26,16,13
4,10,3,16,3,10,2,10,13,0,2,-3
22,5,-1,9,4,-2,-3,24,7,7,-3,6
0,11,9,16,10,21,20,14,10,5,-2,26
6,10,12,20,18,27,9,11,-2,34,19,18
6,7,-2,8,-1,8,12,16,-1,8,3,36
23,-19,7,-26,-1,-28,6,0,4,-28,14,-2
14,-10,9,-21,9,-16,6,-21,16,-35,0,-17
13,-22,6,-27,18,2,10,-14,6,2,-1,-23
8,-3,17,-19,20,2,19,-28,13,-11,2,-22
12,-9,1,-31,1,-9,-1,-4,10,4,20,-2
-1,-9,1,-4,6,2,3,-22,0,-6,3,1
0,2,3,-29,5,-25,3,2,0,-26,24,-23
-2,-17,1,-27,10,-22,-1,-14,12,3,-2,-2
-1,-11,17,-16,13,8,18,-15,0,2,22,-25
0,0,13,-8,1,-27,0,-13,13,-26,9,-16
-2,-9,1,7,12,-17,20,-16,-2,-13,13,-4
0,1,15,-7,22,-6,22,-25,2,5,-2,4
23,-5,2,9,17,-21,6,-24,2,10,19,-21
0,1,15,-21,0,-21,2,12,0,-4,-2,3
-1,-11,7,14,-2,-22,5,-18,-2,5,-1,13
-2,-20,0,-17,22,-8,21,6,19,7,11,-6
5,-7,8,-3,17,7,9,-12,8,-11,1,-19
0,-12,20,-13,16,-5,14,4,1,11,24,-15
3,-7,1,-5,7,-11,1,-1,19,2,2,-12
4,-12,3,-9,20,-17,2,0,5,-13,-2,19
4,-12,-2,-7,16,-15,18,-12,13,-12,6,-4
5,-15,-2,13,22,10,1,-1,8,0,0,8
1,-14,2,2,3,21,3,-13,22,16,21,-3
0,-7,5,-7,3,-6,3,3,0,-12,0,23
4,-11,3,18,10,-4,-2,13,14,5,8,23
5,0,8,-8,5,1,8,-9,20,25,0,11
12,10,16,11,23,-5,-2,16,18,9,0,-3
4,-1,13,-7,5,-3,2,7,10,8,19,-3
4,-1,2,15,6,21,3,-8,12,17,1,3
0,8,0,-1,16,-7,4,7,1,19,8,17
4,9,3,-2,0,1,14,-2,9,20,7,30
12,12,3,30,19,26,22,20,8,8,-2,26
5,14,-1,24,15,16,6,20,-1,11,15,23
3,-3,13,17,3,1,-2,10,16,0,8,9
1,25,2,4,5,31,13,29,14,16,19,-2
-1,7,10,14,15,17,6,18,18,35,18,29
3,6,-1,30,24,17,20,14,16,1,1,34
12,-19,17,-13,25,-26,3,-29,10,-24,2,-23
-1,-19,1,0,3,-19,10,-1,12,-35,3,-34
12,-11,11,-2,18,-32,-1,-32,17,-4,-1,-1
14,-12,8,-9,4,-30,10,-5,20,-29,0,-14
23,-23,1,-22,15,-12,12,-22,18,-29,23,-22
23,-20,13,3,20,-19,21,-20,4,-15,6,-29
23,-11,7,-1,25,0,24,-19,19,-2,2,6
-1,-16,6,-5,0,-17,25,-29,9,-1,24,-14
4,-9,15,3,20,-3,3,6,6,-25,0,3
0,-9,8,-19,6,3,14,8,22,4,22,5
6,-21,23,3,3,-3,3,-13,13,-9,22,4
14,-8,7,-4,25,-22,1,-21,24,-21,13,-23
7,-24,6,-10,-1,3,5,-9,8,-24,10,-9
7,-20,14,8,10,-19,6,9,2,-23,15,-3
1,-22,1,-21,6,-14,23,-11,16,-18,21,11
7,-19,3,-6,6,-14,8,13,19,-11,20,4
1,-8,2,-14,3,5,7,-2,3,-1,0,-11
5,-5,6,-10,7,-12,4,14,7,7,6,11
1,5,8,-18,23,18,14,-7,15,17,22,6
0,-15,1,-3,7,17,5,17,5,11,6,9
0,-15,13,4,0,-13,1,6,19,-12,10,-6
24,-8,11,5,11,3,0,14,7,20,18,-3
-1,-5,14,-8,25,13,14,-12,20,-4,19,-7
7,-5,8,-10,21,9,0,1,16,-10,3,-8
1,13,0,1,7,-11,-1,17,17,0,18,-11
1,2,6,-7,7,-9,16,6,2,-6,16,-3
1,-8,10,0,-1,19,15,-10,3,13,3,0
4,7,18,23,7,19,21,15,-1,1,19,-8
7,1,14,5,-1,23,7,24,7,4,8,0
5,9,15,-5,13,19,22,0,15,18,20,11
0,17,8,29,11,10,19,10,6,30,7,11
5,-2,0,12,7,-2,7,8,0,7,22,0
5,13,2,28,8,22,6,3,7,21,11,24
6,5,17,14,14,27,0,13,0,22,12,27
4,-1,10,4,10,9,12,33,8,24,0,32
13,17,13,9,2,7,20,7,10,0,10,32
6,9,19,35,20,11,6,13,0,6,4,31
24,-36,10,-22,9,-30,10,-13,15,-34,22,-21
15,-13,1,-26,20,-34,5,-14,14,-1,12,-5
15,-14,6,-19,25,-12,8,-25,3,-30,10,-19
2,-5,23,-1,4,-27,8,2,9,-16,22,-17
14,-21,14,-20,0,-7,5,3,6,-6,1,-8
16,-16,14,-6,5,-5,3,-5,24,-15,5,-10
18,-7,9,4,14,-16,24,6,9,3,2,-20
3,0,0,5,13,-10,0,2,13,5,14,-13
19,-10,6,0,3,-4,6,-17,13,-4,0,6
0,-17,0,-25,14,8,17,-17,3,0,16,-5
24,-16,2,-3,0,-23,15,-1,7,-17,19,-26
0,-14,0,-15,3,-21,7,-16,20,2,0,-5
1,-5,0,11,24,6,4,-6,14,-6,7,-1
1,-8,3,1,2,-23,22,-10,0,9,23,4
24,-21,3,-7,17,0,2,-17,8,11,0,-12
15,4,7,-5,2,1,9,3,1,13,5,5
7,-18,2,-13,1,9,3,-18,16,-8,19,-18
3,3,17,15,18,13,6,2,1,-8,4,0
1,-5,9,-7,18,-12,0,5,1,-18,24,12
7,-11,0,6,23,11,0,-7,4,-17,10,-13
1,-6,15,20,0,10,3,8,18,18,0,-11
8,-8,6,-5,0,15,10,-5,0,0,1,2
11,16,25,15,1,-3,19,-9,3,-11,3,9
7,-9,17,9,8,22,18,8,0,21,2,2
25,6,14,24,8,-3,9,-4,7,-11,15,6
7,-10,0,-10,6,24,3,2,1,5,1,-9
8,-9,16,-10,25,10,9,6,11,9,0,-6
13,12,13,20,0,14,19,14,6,-2,5,26
2,0,3,8,25,8,0,26,12,4,14,-7
7,0,11,-6,2,12,1,-4,17,7,0,16
11,19,16,15,26,9,1,5,0,19,0,-4
14,4,0,3,0,23,1,0,1,5,22,13
3,24,3,1,6,-1,5,14,0,3,19,12
9,2,4,-2,17,13,9,23,0,2,3,7
5,11,22,13,6,25,7,14,21,6,3,30
3,22,10,25,2,23,0,19,3,10,0,-1
6,13,17,9,23,24,0,24,0,14,2,5
