0,-19,0,-19,-22,-5,0,-19,0,-19,0,-19
0,-19,0,-19,0,-19,0,-19,0,-19,0,-19
0,-19,0,-19,0,-19,0,-19,0,-19,0,-19
0,-19,0,-19,0,-19,0,-19,0,-19,0,-19
0,-19,0,-19,0,-19,0,-19,0,-19,0,-19
0,-19,0,-19,0,-19,0,-19,0,-19,0,-19
0,-19,0,-19,0,-19,0,-19,0,-19,0,-19
0,-19,0,-19,0,-19,0,-19,0,-19,0,-19
0,-19,0,-19,0,-19,0,-19,0,-19,0,-19
0,-19,0,-19,0,-19,0,-19,0,-19,0,-19
0,-19,0,-19,0,-19,0,-19,0,-19,0,-19
0,-19,0,-19,0,-19,0,-19,0,-19,0,-19
0,-19,0,-19,0,-19,0,-19,0,-19,0,-19
0,-19,0,-19,0,-19,0,-19,0,-19,0,-19
0,-19,0,-19,0,-19,0,-19,0,-19,0,-19
0,-19,0,-19,0,-19,0,-19,0,-19,0,-19
0,-19,0,-19,0,-19,0,-19,0,-19,0,-19
0,-19,0,-19,0,-19,0,-19,0,-19,0,-19
-9,-8,-18,7,-19,-9,-26,2,-4,16,-10,-4
0,6,-10,18,0,17,-9,6,-7,5,-10,0
-4,2,-5,-1,-1,11,-12,3,-9,-10,-4,-15
-11,7,-4,10,-4,5,-15,9,0,16,-6,4
-21,18,-21,-3,-20,-14,-7,21,-26,-9,-13,4
-24,23,-12,-3,-13,12,-16,-8,-12,0,-24,-13
-19,15,0,21,-24,-11,-10,14,-4,9,-23,9
-11,10,-3,20,-10,11,-16,-5,-7,13,-7,6
-7,11,-14,9,-9,10,-5,11,-2,21,-15,25
-3,12,-17,12,-23,-5,-21,21,-13,13,-25,0
-1,8,-1,8,-1,8,-1,8,-1,8,-1,8
-1,8,-1,8,-1,8,-1,8,-1,8,-1,8
-1,8,-1,8,-1,8,-1,8,-1,8,-1,8
-1,8,-1,8,-1,8,-1,8,-1,8,-1,8
-1,8,-1,8,-1,8,-1,8,-1,8,-1,8
-1,8,-1,8,-1,8,-1,8,-1,8,-1,8
-1,8,-1,8,-1,8,-1,8,-1,8,-1,8
-1,8,-1,8,-1,8,-1,8,-1,8,-1,8
-1,8,-1,8,-1,8,-1,8,-1,8,-1,8
0,-29,0,-29,0,-29,0,-29,0,-29,0,-29
0,-29,0,-29,0,-29,0,-29,0,-29,0,-29
0,-29,0,-29,0,-29,0,-29,0,-29,0,-29
0,-29,0,-29,0,-29,0,-29,0,-29,0,-29
0,-29,0,-29,0,-29,0,-29,0,-29,0,-29
0,-29,0,-29,0,-29,0,-29,0,-29,0,-29
0,-29,0,-29,0,-29,0,-29,0,-29,0,-29
0,-29,0,-29,0,-29,0,-29,0,-29,0,-29
-1,-13,-1,-13,-1,-13,-1,-13,-1,-13,-1,-2
-1,-15,-1,-15,-1,-15,-1,-15,-1,-15,-1,-12
-1,-15,-1,-15,-1,-15,-1,-15,-1,-15,-1,-14
-1,-15,-1,-15,-1,-15,-1,-15,-1,-15,-1,-14
-1,-15,-1,-15,-1,-15,-1,-15,-1,-15,-1,-14
-1,-15,-1,-15,-1,-15,-1,-15,-1,-15,-1,-14
-1,-15,-1,-15,-1,-15,-1,-15,-1,-15,-1,-14
-1,-15,-1,-15,-1,-15,-1,-15,-1,-15,-1,-14
-1,-15,-1,-15,-1,-15,-1,-15,-1,-15,-1,-14
-1,-15,-1,-15,-1,-15,-1,-15,-1,-15,-1,-14
-3,-1,-7,-8,-11,11,-25,-17,-5,1,-11,2
-15,15,-4,-9,-13,-1,-14,-10,-4,-2,-17,18
-20,15,-7,18,-18,-13,-8,4,-10,-1,-24,13
-8,18,-25,-13,-5,-2,-11,3,0,19,-18,-3
-12,13,-13,14,-17,12,-8,-1,-11,-8,0,20
-1,19,-15,-10,-7,5,-1,-10,-21,-12,-21,6
-6,-6,-20,5,0,21,-3,11,-22,-10,-21,-1
-4,10,-12,8,-13,2,-12,-8,-12,-5,-16,24
-18,1,-2,19,-12,12,-3,19,-1,17,-8,3
-6,11,-22,8,-3,21,-5,-9,-12,19,-25,9
-15,-1,-22,1,-2,23,-14,1,-15,-8,-4,7
-4,12,-12,24,-13,0,-19,-3,0,22,1,23
-12,11,-3,8,-7,14,-10,24,-7,13,-13,13
-1,-2,-1,-2,-1,-2,-1,-3,-1,-2,-1,-1
-1,-2,-1,-2,-1,-2,-1,-3,-1,-2,-1,-1
-1,-2,-1,-2,-1,-2,-1,-3,-1,-2,-1,-1
-1,-2,-1,-2,-1,-2,-2,31,-1,-2,-1,-1
-2,11,-2,11,-2,11,-2,13,-2,11,-1,-1
-2,11,-2,11,-2,11,-2,12,-2,11,-2,12
-1,-26,-1,-26,-1,-26,-1,-25,-1,-26,-1,-25
-1,-26,-1,-26,-1,-26,-1,-25,-1,-26,-1,-25
-1,-26,-1,-26,-1,-26,-1,-25,-1,-26,-1,-25
-1,-26,-1,-26,-1,-26,-1,-25,-1,-26,-1,-25
-1,-26,-1,-26,-1,-26,-1,-25,-1,-26,-1,-25
-1,-26,-1,-26,-1,-26,-1,-25,-1,-26,-1,-25
-1,-26,-1,-26,-1,-26,-1,-25,-1,-26,-1,-25
-1,-26,-1,-26,-1,-26,-1,-25,-1,-26,-1,-25
-1,-26,-1,-26,-1,-26,-1,-25,-1,-26,-1,-25
-1,-26,-1,-26,-1,-26,-1,-25,-1,-26,-1,-25
-1,-26,-2,7,-1,-26,-1,-25,-2,-16,-1,-25
-2,-15,-2,-15,-2,-15,-1,-25,-2,-16,-1,-25
-2,-15,-2,-15,-2,-15,-2,-14,-2,-16,-2,-14
-2,-15,-2,-15,-2,-15,-2,-14,-2,-16,-2,-14
-2,-15,-2,-15,-2,-15,-2,-14,-2,-16,-2,-14
-2,-15,-2,-15,-2,-15,-2,-14,-2,-16,-2,-14
-2,-15,-2,-15,-2,-15,-2,-14,-2,-16,-2,-14
-14,-8,-6,-10,-1,-4,-12,-1,2,2,-12,-4
-13,-10,-3,-1,-23,-16,-7,4,-10,13,0,6
-12,5,-4,5,1,1,-5,-17,-19,-13,-15,6
-3,4,-17,-12,-5,1,-17,-10,-12,7,-23,1
-24,7,-20,-9,-9,-13,-10,17,-6,-2,-1,7
-19,19,-9,9,-12,0,1,4,-8,6,-24,8
-11,1,-20,-11,-13,15,-3,-5,-19,18,-5,12
1,20,-6,13,-16,12,-5,15,-8,-12,-24,15
-12,21,-9,-4,-12,-1,-6,6,-6,-4,-21,12
-18,26,-19,5,2,16,-19,8,-22,19,-1,5
-21,25,-2,6,-8,-2,-20,9,-19,2,-1,20
-4,-6,-10,28,-5,1,-10,27,-20,7,-21,-5
-23,-6,0,29,-7,14,-14,10,-4,2,0,12
-22,26,-7,25,0,19,-13,14,-10,18,-6,21
-14,4,-1,31,-23,16,-6,9,-9,27,0,18
-2,0,-2,0,-2,0,-2,1,-3,6,-2,1
-3,7,-3,7,-3,7,-2,1,-3,6,-2,1
-3,7,-3,7,-3,7,-3,8,-4,9,-3,8
-4,10,-4,10,-4,10,-3,8,-5,29,-3,8
-4,10,-4,3,-4,10,-3,4,-5,25,-4,11
1,-15,-19,-20,-20,-3,0,-4,-14,-14,-21,-12
-10,-16,-4,-24,-21,-10,-15,-29,-4,-24,-3,-25
0,-18,-8,-33,-17,-12,-1,-15,-7,-9,-3,-31
3,-6,-15,-1,-4,3,-3,-22,-7,-22,-4,-22
-2,-21,-15,-1,-4,-21,-3,-22,-7,-30,-6,2
1,-18,-15,-10,-6,-12,-4,3,-10,-4,-6,-3
1,-16,-17,-10,-7,-20,-4,-19,-10,-23,-7,-4
-1,-26,-17,-22,-14,-2,-7,-9,-11,-3,-8,-27
-3,-16,-17,-25,-19,-5,-8,-28,-13,-16,-9,-11
0,-1,-18,4,-13,8,-12,7,-13,-21,-9,-23
3,-7,-18,4,-15,-23,-13,-16,-14,2,-11,0
3,1,-18,-6,-21,-20,-16,-25,-15,5,-11,-12
3,-4,-18,-21,-16,-10,-17,4,-16,-20,-11,-23
-1,-12,-20,6,-16,3,-17,-20,-16,-23,-12,11
3,-4,-22,3,-14,4,-18,-8,-18,6,-12,-2
2,-4,-23,-8,-13,-11,-18,-10,-21,3,-12,-3
-1,-1,-5,0,-9,5,-8,-19,0,-4,-5,14
-21,10,-8,1,-3,-12,-12,-6,-1,9,-1,9
-13,6,-12,11,-5,-18,3,2,-8,10,-20,6
3,17,-14,1,-23,-8,-5,4,-23,1,-20,19
-12,13,-22,17,-12,19,-5,-15,-10,2,-9,9
-1,21,-18,-7,-21,15,-15,14,-7,6,-22,16
-3,17,-8,17,-6,-10,-12,7,-6,-7,-5,6
-8,0,-21,4,-3,16,-9,-4,-3,2,-23,-12
-7,21,-22,15,-4,2,0,11,-2,6,-9,-6
-4,-9,-7,8,-9,2,2,8,2,10,-21,25
2,26,-21,25,-22,-9,3,25,-4,22,-22,-5
-11,22,-8,4,-3,26,-20,23,-8,-7,-8,0
-8,10,-23,0,-20,15,-1,6,-8,0,-18,7
-5,26,-21,20,-3,-4,-7,15,-3,13,-16,-5
-7,9,-5,24,-12,-4,-11,21,-6,28,3,21
-14,9,1,22,0,22,-2,14,-23,17,-2,30
-10,17,-4,12,-6,9,-11,15,3,21,-22,8
3,26,-22,8,-13,31,-20,33,-22,15,-12,10
2,16,-17,24,3,15,-20,20,-23,32,-13,23
-4,10,-13,24,-23,25,-17,0,-21,22,-13,22
-2,12,-11,10,-18,3,-18,26,-21,26,-13,11
-1,-31,-8,-32,-16,-26,-7,-32,-8,0,-17,-23
2,-17,-19,-8,-7,1,-20,-3,-16,-14,-10,-32
3,-14,-9,-25,-5,-19,-7,-18,-17,-8,2,-20
1,-14,-18,-29,4,-15,-22,-14,-22,0,-6,-29
-3,-20,-9,-21,-7,-24,-16,-26,-19,-29,-12,-26
4,-3,-8,-23,-16,-13,-14,-29,-19,4,-13,-18
3,-7,-6,-3,-16,-9,-2,-28,-22,-1,-13,-24
2,-4,-6,-1,-14,-25,-2,-24,-22,3,-14,-9
-2,-15,-2,-18,-14,4,2,4,-17,-7,-16,-11
3,-3,1,-27,-13,4,-20,-14,-18,-8,-16,-11
-2,-17,-20,10,-7,-13,-15,-11,-17,4,-17,0
-3,-12,-17,2,-6,-9,-14,-17,-16,-21,-17,-24
2,2,-17,8,-3,-19,-9,9,-16,8,-18,-1
3,5,-16,-21,-2,5,-8,-15,-15,-17,-19,-19
-8,-2,-16,-5,-18,-5,-6,-8,-14,-15,-20,-5
3,4,-15,8,-17,6,-6,11,-16,-3,-19,-4
-8,10,-8,-1,-8,8,-20,2,-22,-10,0,6
-9,-13,-21,-18,-6,2,-3,12,-16,6,-15,5
-12,18,-19,7,-22,-7,-10,-4,-6,1,-7,14
-12,6,-11,10,-19,17,-12,8,2,18,-2,-10
0,11,-16,-8,-18,-5,-1,14,0,11,-19,11
-5,17,-22,8,-3,16,-4,20,-8,5,-20,6
-8,4,-6,-7,-4,18,-2,-13,-14,3,-19,-4
-7,20,1,11,-21,-8,-7,-8,-8,-11,-2,-8
0,22,-18,19,-1,9,-21,17,0,7,1,15
-3,16,-15,23,-8,5,-14,-7,-10,25,-4,2
-5,20,-15,14,-4,-5,-2,26,-16,10,-22,15
4,27,-18,16,-16,18,-18,0,-13,12,-12,27
-1,26,-6,-4,4,27,1,14,2,8,-4,6
-6,24,-1,-4,-10,-2,-10,26,-21,6,0,-5
-2,28,-22,13,-19,22,-2,1,-3,28,4,15
-7,4,1,25,-4,11,0,22,2,15,-13,13
-8,18,3,26,-6,22,-6,7,0,21,1,27
1,10,-13,-3,-15,20,-5,16,-15,9,-15,-2
3,27,-13,-1,-1,9,-4,31,-15,22,-18,33
0,11,-13,5,-14,28,-2,21,-13,2,-17,11
2,16,-18,14,-13,30,-1,26,-15,27,-16,3
3,-13,-15,-14,-13,-15,-17,-1,-12,-20,-19,-24
-4,-13,5,-6,-10,-5,-14,-1,2,-13,-15,-31
-19,-32,-7,-9,-18,-28,3,-18,-17,0,-15,-6
-20,-30,4,-16,-12,-21,-7,-19,-3,-9,-1,-33
-19,-31,3,-10,-14,-2,-8,-5,-9,-10,-18,-21
-21,-27,-18,-7,-18,-28,0,0,-6,3,-14,-10
-3,-20,-19,-11,-19,-21,-11,-22,-10,4,-14,-8
1,-16,-12,-21,-16,-23,2,-1,-13,-29,-13,-26
0,-20,-12,-19,-8,-28,-7,8,-13,-19,-12,-25
-1,-13,-11,-16,0,0,-6,-18,-12,-27,-12,-22
2,-11,-12,-19,-15,-19,-10,-21,-14,-1,-20,-16
3,2,1,-22,-18,-16,-12,4,-15,-1,-16,-17
3,-2,0,2,-17,-12,-20,6,-1,-20,-17,-23
-7,-2,-9,7,2,-9,-5,-5,-11,4,-12,-8
-3,-11,-7,-17,3,-9,0,-17,-10,-17,-12,-5
2,-7,-17,-6,-6,6,0,-10,-10,12,-10,-15
-4,3,4,7,2,-1,-1,-7,2,1,3,5
-1,-16,-2,11,-13,12,-20,16,0,-12,-1,3
-15,17,1,4,-18,-13,-21,7,-17,-16,3,3
-4,-3,-3,-3,-17,-1,-14,14,4,19,-18,17
-8,20,-20,18,-20,-10,1,1,3,7,1,-13
-2,14,-8,-10,-21,-15,-6,-13,2,-1,-1,-14
-5,-1,-9,-8,-10,3,-8,12,-8,20,-19,19
-7,-3,-9,-6,-10,-7,-11,14,-4,12,-2,14
-7,-1,-8,11,-9,9,5,20,-8,23,-1,1
-9,-6,2,3,-13,3,-14,17,-2,22,1,13
-7,22,-8,3,-12,-6,-5,6,-8,6,1,5
2,24,-6,20,0,17,-21,-3,-13,13,-18,5
0,28,-4,14,-8,28,-1,6,-3,0,-18,-3
-6,8,-2,28,-18,28,-2,8,-18,3,-5,11
1,26,-13,10,-8,-5,0,16,-5,11,-19,26
-11,16,-19,21,-21,1,-20,28,2,13,-4,-2
-16,0,-7,27,-4,5,0,-1,4,23,-7,31
-18,-3,-17,-2,-17,31,-1,9,-21,0,-21,12
-2,8,-8,8,-2,25,-7,31,-12,6,-10,9
5,20,-6,-1,-12,4,-4,30,-9,13,-13,1
-1,16,-7,17,-12,36,-17,12,-12,9,-9,25
5,-6,-18,-26,-18,-17,-12,-27,-16,-31,-1,-12
0,-17,2,-17,2,-18,-3,0,-9,-28,-19,-10
-2,-12,-4,-12,-16,-16,-14,2,-15,-25,-17,-3
6,-9,2,1,-3,-25,-1,-10,-5,-19,-10,-11
4,-15,-14,-2,-9,-10,-18,-18,-15,-8,-6,-19
6,-6,-20,-5,-11,4,-10,-19,-10,-17,-3,-13
2,-15,-20,6,-19,-18,-10,5,-11,-5,-6,-22
1,-25,0,-2,-4,-14,-16,-1,-10,3,-16,-27
-7,-8,3,-8,3,-7,-5,7,4,-11,3,-3
3,0,-1,2,-5,-16,-7,-21,2,5,2,-13
-11,-21,2,-5,-2,-13,-14,-8,-3,-3,1,-5
-9,-12,-4,-12,-4,-2,-7,-1,5,-2,2,-3
3,4,-1,0,-2,11,-1,9,-16,-17,-4,-23
5,-4,1,-12,-11,6,-15,-17,-8,1,-16,-14
2,-20,1,-2,-1,-22,-1,7,-8,10,-13,-11
-1,-5,-5,-4,-19,4,0,3,-6,-13,-13,6
-9,-8,4,15,-8,13,-7,-1,2,-4,-1,-5
-1,13,-2,12,-6,-18,-6,-15,-3,-7,-5,16
-1,-14,6,6,1,1,-16,-7,-18,-15,-6,-2
-18,13,-20,-16,2,2,-2,-6,4,13,-3,12
-9,20,-4,2,-1,7,6,18,2,7,-4,-9
-4,5,-20,-6,-13,-9,-2,11,3,18,-17,-14
-1,21,6,12,1,9,-10,5,2,1,-5,10
-10,5,-1,-11,-16,-12,-19,-3,-20,-7,-11,15
1,21,-1,20,-2,21,-5,-2,6,17,-20,21
-7,22,-20,0,-7,4,-19,-7,1,18,-1,-8
0,17,-12,5,0,15,6,23,-19,0,-20,9
-7,22,-5,9,-10,18,-11,3,-3,-1,-18,9
-10,11,3,7,0,7,-5,-1,-7,28,-18,-6
-6,8,5,26,-2,27,-12,-4,-7,-6,-17,-1
-4,21,-12,-6,4,22,-6,1,-5,7,-6,28
-3,13,5,20,2,27,-5,13,-19,24,-3,1
-12,4,3,23,6,17,-13,15,-9,14,-7,25
6,19,-6,20,-18,28,0,26,-1,12,-14,6
-1,13,-5,25,-17,27,2,11,-9,9,-13,-2
3,28,4,12,-13,10,2,32,-9,12,-12,13
1,18,4,14,-15,18,3,34,0,6,-11,2
0,-22,-1,-35,-12,-15,-14,-1,1,-26,-10,-11
3,-34,-8,-26,2,1,-2,-5,-8,-6,-17,-1
4,-9,-6,-16,-8,-5,-10,-28,-19,-13,-8,-20
2,-16,4,1,-7,-4,-12,-31,-16,3,-6,-32
3,-16,-6,-32,-6,2,-10,-5,-10,-19,-19,-15
-1,-18,-10,-12,-9,-25,-14,1,-13,-17,-10,-22
-7,-12,-6,-3,-17,-7,3,-19,-11,4,-6,-2
-1,-8,-10,6,-7,-29,-19,-12,-11,7,-7,-5
3,2,3,-28,-7,-5,5,-11,4,0,4,7
-8,-17,-2,-25,5,-9,-4,-4,4,2,-3,-17
-9,-22,4,-7,-1,-9,-3,-17,-1,2,-7,-10
-9,-20,0,-3,4,10,-1,-21,-3,-13,2,4
3,-24,5,-1,7,7,1,-6,0,-24,5,-4
-1,-11,6,12,-12,4,2,-7,4,-23,-4,-2
2,-15,-19,5,-14,6,5,-9,-8,-5,-9,-19
2,-7,-19,13,-13,11,-10,0,-7,-11,-9,7
-11,-13,0,-10,-5,-2,-3,-12,-17,12,2,-12
-6,-4,-1,9,-9,-3,-12,-3,-17,-19,-12,15
2,-15,-2,-5,-7,12,-8,-12,3,6,-14,16
0,-9,4,18,-9,6,-5,-7,-16,-1,2,0
-5,1,-8,-1,-15,11,-16,-8,-7,11,-11,18
-8,4,-7,11,1,15,-7,-14,1,9,-18,18
6,20,-19,4,-3,5,-14,3,-6,1,-3,-1
-1,13,1,22,6,4,-12,-6,6,20,-7,-3
-1,19,-3,17,-5,20,-18,24,-11,13,-10,24
-2,-10,-18,-1,-8,-3,3,21,2,11,-1,8
-9,12,-2,22,2,2,-9,8,-18,-8,-7,1
2,17,-2,8,-18,5,-18,16,-11,3,4,24
-2,9,2,-6,-9,9,0,-1,-5,15,-17,2
-4,-5,-7,11,0,26,7,22,-17,-3,-1,0
-7,-2,-10,-3,-16,19,-11,25,3,27,-18,15
-2,30,3,31,0,-1,-11,15,-10,31,-17,18
-11,5,5,27,4,18,-3,-4,-3,14,3,31
5,17,4,14,-14,33,-11,11,-14,24,-17,19
5,27,-18,5,0,26,-10,31,-10,3,-8,1
6,26,-12,16,-10,32,-9,25,3,17,-8,24
3,14,-18,18,3,16,-9,34,-9,7,-6,14
-8,-28,0,-13,4,-7,-1,-26,-3,-1,1,-26
5,-13,-4,-13,8,-10,-12,-4,-5,-16,-4,-2
3,-19,-17,-10,4,-9,-4,-28,-3,-31,1,-3
-1,-24,-8,-1,-17,0,5,-20,8,-6,-1,-23
2,-15,-17,4,-13,-18,-18,-8,-5,-22,-5,-5
4,-5,-7,-21,-9,-7,-12,4,-15,-13,-10,-10
6,-11,-4,-14,5,4,-18,-14,-11,-8,-10,-20
8,1,7,-1,3,-11,-16,-24,-15,-25,-6,2
-8,-16,6,-3,-11,6,3,-13,1,-7,0,-28
-9,-18,-7,-24,-6,4,-3,4,-1,-3,-15,-18
-17,-15,-4,2,8,-7,-12,-14,0,-22,-2,-2
-18,-4,-9,11,-3,-13,0,-22,7,0,2,8
-7,-10,4,2,-4,-13,-18,-9,5,-5,4,1
6,7,-11,0,0,8,-16,12,-1,-21,-2,5
2,-7,-14,-14,-15,2,-14,-20,-8,9,-1,-22
3,-8,-10,6,-10,1,-13,7,-7,15,-1,-12
-9,-12,-1,-13,-4,4,-4,9,1,-3,2,-5
2,3,-4,-1,-1,-19,-14,-14,-13,16,1,11
6,17,1,8,-1,-13,-12,-10,1,-12,0,18
-10,19,4,-16,-11,19,2,13,-16,-5,2,-1
1,14,-7,-12,-2,-4,-2,1,-16,-8,-14,12
-3,-11,2,3,-7,17,-3,11,-10,-2,-6,-11
-3,-11,-9,9,-17,1,-8,-12,-12,-12,-18,-4
-2,21,3,17,0,16,-14,-10,8,15,-14,14
-4,2,-10,0,-4,0,-4,-1,-12,-4,-10,-1
-1,-9,0,10,1,2,-4,-9,0,-9,-11,3
-1,9,6,18,-1,-8,-16,9,8,25,-1,-8
-1,27,1,6,-2,21,-6,-7,-1,26,-3,-5
0,16,2,21,-11,24,-16,18,-11,23,3,24
-6,23,-8,23,-5,-3,-9,28,7,15,-16,1
-7,22,-4,23,6,14,0,16,-14,19,-1,10
-2,19,7,21,-6,30,5,11,-11,30,2,27
-2,17,2,30,-11,-3,-6,21,5,19,2,30
-9,-3,4,28,3,1,-9,16,6,18,-6,27
-1,6,-13,10,-15,15,7,29,0,14,1,32
7,20,-13,22,-9,27,-12,4,1,7,3,10
-5,18,-12,34,-14,29,-12,13,-17,21,-17,24
-8,0,2,-22,-3,-26,-12,-7,5,-19,-9,-14
0,-15,1,-22,6,-7,-6,-16,1,-8,2,-2
-7,-28,7,-13,7,-5,-11,0,-3,-8,-2,-9
3,-14,-9,-11,5,-7,8,-5,-3,-24,0,-21
2,-13,-15,-29,5,-31,9,-7,-2,-22,-1,3
0,-19,-1,-20,-4,-10,-4,-20,7,-3,0,-27
8,-8,-13,-3,7,-14,6,-11,-15,-19,7,-3
4,-13,2,-20,-3,7,1,-20,-13,-1,-15,-24
-9,-27,9,-3,5,-1,8,-8,3,-14,-15,-3
6,-10,-14,-24,-8,5,-4,2,0,-24,4,-22
-14,-14,-4,-20,8,-7,-7,-10,4,9,3,-9
-7,-10,4,-20,3,-6,-4,-17,4,1,7,4
-7,-11,-2,1,-17,3,-4,-7,8,6,8,-2
2,-5,6,-1,-17,-20,5,-3,7,13,-4,-7
0,-11,-4,4,-3,-13,-11,-11,-16,-2,9,12
0,0,4,-17,2,-11,-2,8,6,10,-4,-15
-13,15,0,1,-1,12,2,-19,6,10,9,5
0,8,-4,10,3,4,-9,16,9,3,-9,17
-7,-1,-4,12,-7,4,-15,12,0,-5,-14,12
6,15,1,2,-7,15,-11,10,-2,-11,-4,17
6,19,-17,12,-16,10,2,-14,3,-11,-17,-9
7,18,-5,16,-11,13,4,-8,-8,8,-3,-5
-2,13,-2,14,-16,16,-15,4,-3,18,-3,22
-1,12,-15,16,1,-3,-10,19,-2,14,-12,5
-3,-4,-11,20,2,22,1,13,-9,-6,-11,0
-2,23,-5,23,-5,8,-2,23,-5,-10,2,25
-2,22,-9,-6,5,4,-16,-5,-12,13,5,22
-3,4,-1,0,-5,-7,-9,-8,-1,-2,1,26
2,-3,-17,-8,-4,27,-15,-2,-2,4,-9,-3
-5,18,-17,-3,-9,-5,-10,-2,-1,9,-3,25
3,27,-3,28,2,29,-8,28,-5,22,3,0
-1,14,5,24,-9,12,-12,26,-14,20,7,29
0,-4,-7,-4,-4,1,-14,30,0,28,2,17
-7,22,4,13,8,20,-9,30,-5,26,-17,3
-6,9,3,17,-4,18,-3,19,-14,30,0,33
8,25,2,11,-5,21,1,-1,-17,34,9,32
4,6,-11,36,3,26,-10,14,3,22,-3,3
10,-1,2,-31,10,-6,10,-15,-9,-26,7,-23
-2,-28,8,-1,-1,-17,1,-8,5,-23,0,-14
0,-16,2,-10,-2,-13,-3,-9,-1,-12,3,-32
-9,2,-1,-3,-6,-18,1,-5,-10,-28,0,1
-4,-26,5,3,-9,-30,-8,-9,5,0,1,-17
-9,-1,5,1,-14,-31,2,5,-13,3,-14,-4
-7,-9,-5,5,2,-16,5,-16,-13,-30,-2,-8
-8,-26,-15,-25,1,-5,1,-18,4,-16,0,-17
7,2,-16,-25,-3,-18,-16,-19,-2,-6,4,-3
-7,-1,-2,-7,-9,-15,7,-2,3,-8,-2,-1
-11,4,-14,-24,-1,-6,-1,-23,-1,-3,4,-18
-14,-13,-2,5,-6,-21,1,-13,9,-1,-4,3
-6,-21,2,-2,-15,-24,6,-22,8,1,10,2
7,-3,-6,12,4,-15,2,-16,1,-3,-2,5
-6,-12,4,-14,-2,-2,8,9,1,-1,7,-8
-7,-9,6,-19,-2,6,9,8,9,5,-6,14
-5,10,1,15,1,16,-4,9,-13,-19,7,-4
-16,-10,9,12,-14,-3,-3,1,1,11,5,15
-15,16,8,11,-5,-8,-3,17,-15,-15,-1,5
-4,12,-14,-6,-3,-14,-15,-3,-1,-6,-12,4
-3,18,4,15,-15,20,6,15,5,18,1,5
4,13,-9,18,0,13,-3,-3,-16,1,3,5
0,-12,2,-12,-16,-7,2,-12,0,-10,3,15
0,16,-5,4,-4,5,-11,-3,1,3,-4,23
-2,23,-4,-4,-7,11,8,8,7,22,-4,-7
0,19,-6,-3,10,16,-9,1,-13,22,4,-2
2,20,0,16,-16,13,-4,-1,1,16,-16,6
1,-5,2,3,-6,-4,0,16,-16,18,-3,12
5,15,-12,14,-6,18,-9,-5,2,23,5,19
3,27,4,21,-2,27,-11,9,-9,13,-5,5
2,19,7,27,1,11,-3,22,10,27,0,24
-1,30,-2,2,8,25,-5,-2,4,3,3,-1
3,29,1,24,-6,-1,0,9,-15,13,1,7
-16,0,10,29,8,21,10,20,3,7,-1,9
-7,9,-15,0,2,10,-7,13,6,28,8,29
-7,2,1,10,1,11,-3,14,2,22,1,19
-13,1,1,24,2,15,9,24,8,18,6,16
5,-10,-12,-14,-7,-31,6,-24,-8,-25,6,-10
1,-29,-6,-4,0,-18,-11,-25,-9,-25,0,-15
-3,-10,-4,2,-5,-21,-2,-29,-9,-15,-6,-18
3,3,1,-2,8,-16,-14,-22,-12,-3,-5,0
-14,4,5,1,2,0,-7,-14,-2,-30,1,-9
3,-15,9,-1,1,-17,7,-6,7,4,1,2
3,4,-13,-9,1,-5,-3,-22,3,-16,-8,1
-7,-6,8,-16,6,1,5,-14,-1,-1,0,-21
-7,-15,1,-18,3,-21,2,-25,7,3,9,-10
-12,8,-11,-27,-15,-22,-11,-3,2,0,-2,-24
-15,1,0,10,1,1,-2,-4,0,-6,0,-16
11,7,5,11,4,-4,0,0,9,-3,9,5
-5,-22,10,-5,-1,-16,10,3,0,-23,6,12
-15,-23,-5,-4,-2,8,2,-19,-1,2,5,7
-8,-19,-12,14,7,-20,10,-1,-1,-11,-8,3
7,0,9,-2,2,-15,-1,3,-14,-17,2,-16
-11,14,-13,-19,3,3,7,2,0,-2,-2,-11
2,6,10,1,0,11,-1,4,-6,-1,11,9
5,3,-10,2,6,10,-4,-10,6,6,-14,4
-2,18,-5,6,-3,-13,-9,-7,-10,-11,-13,-11
0,-16,-1,17,0,-16,-10,5,-14,20,-5,-1
-3,11,-4,-15,-14,14,-8,5,-8,1,6,8
0,12,-3,2,-7,-7,-14,20,-1,21,-3,3
2,18,5,0,8,13,-3,10,8,0,10,6
1,-9,6,6,-5,12,-6,-2,8,20,-12,3
0,17,-8,-6,4,-3,-12,8,-4,10,11,11
2,-7,-5,6,-9,9,-4,-10,2,-1,-15,-7
2,19,4,19,-5,-8,-1,4,6,-4,-3,18
0,28,-1,24,8,15,9,10,-11,10,-13,21
1,2,0,9,3,23,1,21,-4,28,10,21
-4,14,-1,29,-13,0,-15,16,6,-5,6,27
-1,11,-12,-3,-14,5,6,28,2,24,-9,0
-8,21,2,19,1,7,4,6,-11,-4,5,22
-9,18,-1,21,-3,29,1,7,-1,15,6,16
-2,6,2,25,-12,8,1,28,1,25,-12,-2
7,30,-1,20,-3,23,8,23,7,1,-14,29
-11,0,-4,23,4,16,9,23,8,25,1,36
-2,-36,-2,-25,-13,-23,-6,-11,-3,-10,-2,-30
-1,-30,6,-23,-14,-17,-6,-24,-12,-29,-4,-18
0,-33,-9,-24,2,-5,12,2,7,-13,-11,-14
-1,-5,-4,3,1,-23,-4,-32,6,-16,9,3
-14,-4,-12,-32,5,-14,4,-19,10,-13,-13,-16
12,2,-14,-15,-5,-9,2,-19,-3,-28,11,-1
1,-22,-11,5,3,-2,-4,0,7,-13,5,-8
4,3,8,3,-7,2,6,-13,10,0,10,6
-7,-24,6,-2,8,-28,8,-13,8,-8,-2,7
-9,-14,-11,-27,3,-5,3,-6,4,-17,6,-9
-9,1,11,-5,-2,0,10,-5,12,0,11,0
-8,0,-8,0,8,3,4,-17,7,8,8,6
-7,-2,-6,-16,-4,-3,1,-4,-4,-13,2,-5
-2,-15,0,4,-1,-15,10,5,-7,3,-2,-15
-8,5,-12,-16,4,0,0,3,-4,1,-14,8
7,-19,5,-3,11,4,9,9,-8,14,-3,5
-9,-3,3,9,-3,6,11,6,9,16,3,5
-10,5,1,-4,-1,-6,1,2,-4,-6,-3,-3
5,-11,-1,-2,9,6,8,-18,7,-10,7,-2
0,-8,6,6,-2,10,-2,-14,2,-12,-8,12
4,13,0,-4,-11,14,-8,1,9,19,7,-3
2,-15,-4,6,-10,18,5,4,5,13,11,17
5,22,0,-13,-3,13,7,14,-1,3,5,-8
0,-1,-11,-7,-12,8,-2,-7,2,-12,7,11
2,4,2,3,2,-7,3,14,-1,-9,-9,23
11,22,6,3,-2,1,-5,5,-11,20,1,15
3,19,4,16,0,-5,-2,-5,7,6,5,6
2,23,-11,14,9,27,-10,22,7,11,-10,15
6,16,5,-7,-10,18,4,16,5,18,-4,2
-3,19,-13,9,1,-1,4,5,0,26,-3,24
1,0,-2,26,-5,-4,4,13,-4,28,7,1
1,9,3,7,-2,4,-6,-5,8,17,-7,2
7,25,3,2,-2,24,9,27,-14,32,7,24
-13,24,-3,29,-5,12,8,15,4,31,5,10
-14,23,12,19,7,-1,4,27,-12,0,-2,7
-6,29,2,13,-2,24,3,5,-10,23,-13,33
-7,28,-13,23,1,35,-10,20,-11,17,1,13
0,-35,-4,-19,-1,-21,-12,-28,-13,-22,-3,-20
1,-30,7,-31,-10,-8,2,-20,-1,-16,1,-6
-2,-9,7,-19,-6,-15,-9,-30,-2,-11,6,-27
1,-31,13,-13,-6,-29,-9,-33,7,-32,-5,-16
-1,4,-13,-10,4,1,8,-5,-3,-10,-6,-17
7,-8,-2,-13,4,-8,-4,-6,6,-8,0,2
-9,-11,3,-24,2,-1,2,-19,6,5,4,-7
-11,-23,-6,-11,5,-21,13,-10,-9,-21,7,0
-7,-12,3,-4,2,-6,-4,-4,7,-12,-12,-28
-2,-18,-2,-5,8,-14,-12,-20,2,-2,0,5
-9,-17,-3,-17,5,-17,-2,-8,10,-11,-9,-4
1,-6,-10,-24,0,-14,7,-4,1,5,12,-5
-4,-18,6,9,0,-1,10,-4,-5,-5,5,-15
-4,-13,6,-2,8,-15,5,-17,-11,-16,5,9
-1,-11,11,-2,-10,-21,0,-13,-11,-21,4,-15
-1,-2,9,14,-5,-9,-5,-8,0,9,7,-1
-9,-7,13,14,8,-14,-10,-10,9,-7,5,2
-2,-16,6,8,2,-18,4,-14,12,12,-2,4
-1,5,-1,-1,-10,-5,-5,16,-9,8,-8,-16
6,7,6,19,-3,2,-1,-13,2,19,11,-1
8,12,-1,-15,0,17,-1,1,9,-2,5,-1
3,-8,8,14,-13,-11,-10,-1,-11,0,5,14
2,5,3,-2,12,15,3,5,-13,16,1,-13
-3,7,-9,-4,-7,0,-3,20,1,4,0,-9
3,-11,0,9,-11,21,5,-2,0,8,-11,-11
10,23,-7,-6,5,-9,-7,12,4,3,1,13
2,-9,-7,14,-11,26,-4,7,1,17,5,13
6,17,-8,-9,-3,-1,4,16,12,23,6,-9
6,-5,4,18,13,15,-8,26,-9,-4,9,5
11,27,9,4,2,-4,-8,2,-7,10,13,24
-2,12,7,14,-11,26,-1,26,7,-3,-7,25
8,30,7,16,-2,6,3,24,3,18,9,22
-1,16,8,3,6,11,-10,24,9,-4,-10,18
11,33,8,31,-11,23,-10,-2,4,-2,7,21
-10,27,13,29,5,19,-8,20,-4,17,-9,23
8,30,-7,14,2,13,-13,3,0,23,-9,14
-13,11,1,0,-8,32,-3,22,-9,30,-7,8
0,-9,-5,-21,-7,-23,-9,-29,-11,-4,6,-35
0,-33,7,-32,-12,-1,4,-30,-1,-16,-2,-30
-1,-13,-11,-17,-9,-22,-12,-11,-2,-9,-3,-5
0,-32,7,-26,-3,-32,-6,-8,-12,-24,2,-22
9,-7,8,-16,-11,-15,-11,-12,5,-14,-3,-11
4,-23,11,-15,-8,-22,5,2,8,-3,12,-9
-2,-29,-7,3,10,-18,1,-20,-7,-14,9,-24
0,-13,-2,-27,12,-3,7,-12,2,-22,-10,1
-1,-12,13,-10,11,-12,1,-21,-5,-25,9,-3
-11,-23,8,-21,13,3,-1,-11,-4,0,1,-1
-4,-16,-4,9,1,-2,7,-4,-12,-7,-11,-6
11,-2,-9,-9,-1,-6,7,-5,7,-16,-4,-17
-6,-24,14,-2,8,-15,6,-19,1,-1,-1,-19
6,-15,1,12,13,1,9,-5,-6,-23,1,12
-4,3,-7,3,10,-9,11,5,0,-10,8,-18
-2,13,1,-4,12,-4,9,-15,13,-2,2,-12
8,-19,-2,-15,5,10,-8,14,-10,-3,2,-8
8,11,0,-14,-10,3,-5,2,2,-19,6,-13
6,1,-9,-5,-8,4,-3,2,3,13,3,0
3,3,-10,14,-11,-14,5,0,4,11,-1,2
5,10,-4,12,3,7,14,10,6,2,14,13
5,1,-5,5,-1,-12,-5,15,6,-10,11,8
4,-9,-12,-2,-1,1,4,1,-10,16,13,9
4,23,3,11,2,20,-1,15,8,-13,4,7
4,2,1,20,-3,7,9,12,3,-8,5,12
8,21,12,21,13,23,2,9,1,22,-8,25
-1,12,-1,21,0,-7,-3,-1,9,21,6,15
4,19,-7,27,-1,-4,-7,-4,-6,0,-11,5
3,9,0,28,8,13,-7,-7,-5,-7,-11,15
2,-4,3,26,12,28,-7,1,4,3,11,23
7,22,-1,-1,-3,15,-6,14,8,19,3,25
6,30,-2,10,10,18,7,25,-7,-4,10,25
9,20,7,27,-1,10,1,0,6,11,-12,31
5,2,9,10,-12,-2,-8,18,-9,20,-7,8
-1,-2,11,30,7,28,6,32,14,30,7,17
-6,33,3,20,9,1,-9,-1,8,26,10,35
1,13,5,25,5,1,7,26,12,33,-7,25
2,-32,-1,-12,6,-18,-5,-15,4,-19,13,-8
1,-7,6,-5,1,-29,9,-32,9,-5,3,-30
2,-34,-9,-4,-3,-26,-10,-16,5,-31,2,-17
3,-29,-3,-10,9,-21,-6,-31,-4,3,7,-22
5,-6,7,4,13,-10,-6,-17,8,4,8,-14
11,4,3,-18,-7,4,6,-30,-5,-25,9,-10
-5,-6,9,-13,0,-21,11,-9,2,1,11,-10
-4,-27,15,6,13,-2,13,0,5,2,14,-8
-4,-28,6,-13,4,-3,14,-3,10,-17,-11,-23
11,2,4,-21,12,2,3,0,-6,-19,-3,-9
8,-9,8,-21,4,-5,8,-12,7,-14,-11,-22
-2,-24,0,3,3,-6,2,-7,15,11,-3,-19
7,-15,9,-15,-1,-6,2,-8,7,-4,3,-5
2,-1,2,13,-7,-23,3,5,6,-12,15,9
8,-22,11,-10,-5,4,-5,-6,-11,-15,5,3
-2,-6,-9,3,8,-1,10,13,-3,10,3,2
-7,-14,10,-14,4,4,-8,9,0,-4,2,16
3,17,14,17,10,6,7,-4,-5,3,-6,12
9,-18,10,4,-1,-11,11,12,1,-12,-11,18
6,17,-5,4,-5,19,-7,-16,-5,19,2,-17
7,2,-4,19,-10,-12,12,19,1,-1,4,-13
-10,17,-10,-2,15,7,1,0,-10,0,15,4
0,18,10,0,13,17,13,5,-9,-1,10,8
0,10,10,-1,9,11,-8,-7,9,21,8,-5
-10,3,8,13,2,4,2,1,1,-10,-8,-5
-10,-3,6,-2,2,6,13,15,-10,-10,5,4
-7,20,6,10,7,-4,13,17,7,12,-8,-2
5,8,-8,9,-3,18,-2,19,7,-9,-7,23
4,8,9,17,15,28,-2,18,-3,15,12,16
3,-1,-5,4,-6,-5,-4,26,0,1,-5,18
9,30,5,24,9,-1,-8,7,-6,1,9,29
-4,31,-7,27,12,28,1,-5,10,-1,11,24
3,30,-5,24,-4,18,-2,7,-4,10,-11,8
8,28,9,29,5,0,13,27,-7,26,6,27
9,33,-10,33,-3,-1,-1,13,7,4,2,23
11,27,4,10,0,12,-7,5,-7,10,-7,19
2,30,9,24,6,14,-2,3,2,14,9,36
3,-33,-5,-22,1,-13,3,-15,14,-2,-8,-29
3,-33,-2,-24,0,-26,-4,-28,-1,-8,3,-13
1,-10,9,-30,11,0,-5,2,12,-22,9,-33
3,-4,6,3,-1,-19,6,-2,4,-28,-2,-7
9,-7,14,-8,-10,-1,-10,0,-9,-26,-8,-4
6,-27,5,-9,7,-28,8,-1,-3,-1,3,0
15,1,13,-5,-8,-12,0,-10,-2,-12,16,-7
8,-24,16,1,7,-4,-1,-27,-7,-8,11,-11
8,-8,-1,-3,15,7,-5,-3,-4,-21,14,8
14,1,7,9,-5,4,10,4,-2,-6,-2,-27
-9,-24,0,2,15,6,-6,6,-10,-9,1,-25
-10,-20,-1,-12,-2,-5,-5,-21,-2,-21,6,2
-4,8,13,4,10,3,-3,-23,-1,10,13,-4
-8,-5,11,-4,-5,10,2,3,8,6,13,-6
11,-22,4,4,-8,7,4,4,-6,5,15,-4
7,-14,2,-18,12,12,-7,-4,-1,14,11,9
-1,-13,7,-10,2,-9,0,-9,-4,11,3,10
6,-7,2,6,5,12,10,16,7,-15,7,3
-7,18,1,-2,9,4,-5,1,7,-8,11,-14
-3,12,-1,-12,-7,15,10,6,-4,-16,-3,19
-9,-10,12,14,7,-6,2,14,7,12,-4,8
4,14,-8,-8,1,5,4,15,1,16,12,3
-2,1,3,19,15,6,12,2,15,21,10,13
9,10,14,3,8,-10,15,4,0,-8,13,8
1,3,2,11,-7,-4,9,4,3,-12,12,11
-3,-10,-8,1,10,22,-3,7,-7,3,10,1
-2,-5,12,18,16,10,0,-1,-2,1,13,18
7,6,1,16,16,19,6,-2,-5,-4,-3,-5
1,19,-6,26,-5,21,-8,28,-2,-7,0,11
12,26,-8,16,-3,17,-8,5,-2,25,3,4
10,19,3,8,6,30,-7,15,14,8,2,14
5,0,6,3,-9,13,-1,9,3,-1,6,24
8,23,-1,0,2,32,5,13,2,16,0,0
6,32,-3,29,3,26,-10,23,10,33,6,29
8,26,12,11,-2,7,9,22,12,34,8,26
5,9,0,16,8,18,-8,30,9,30,-5,16
15,35,-5,29,-4,8,-6,36,11,3,4,30
5,-3,6,-27,4,-27,-6,-34,17,-6,8,-3
12,-8,15,-18,-7,-33,7,-1,10,-34,10,-3
4,-2,-3,-21,-4,-27,-3,-25,11,-13,14,-15
3,-30,-5,-21,6,-14,10,-25,-8,-5,-2,-15
5,-32,-8,-29,-4,-27,7,-11,-7,-23,-4,-9
6,-24,12,2,1,-31,9,-4,7,-7,5,0
0,-28,6,-20,12,-16,14,-1,15,-6,8,-3
-1,-25,-9,-24,15,-8,17,-5,6,-5,6,7
-1,-28,-5,-8,12,-25,10,-10,13,-25,0,-9
-1,-25,-4,-23,4,3,15,-5,4,-6,7,-22
14,-8,7,-5,12,-19,5,-4,-3,1,7,-18
0,-21,6,9,12,-20,-7,-23,5,-15,13,-25
1,-10,15,-6,15,-1,10,-3,-8,-24,10,-10
15,8,13,4,9,-12,3,-7,12,-10,14,3
-5,-2,17,1,4,-16,11,-5,5,-3,12,-2
0,-8,9,11,8,-14,12,-8,8,-16,9,3
-1,-14,3,4,8,-9,4,3,4,9,-8,7
-4,-5,-9,16,-6,-3,-3,-4,-8,14,-6,6
-2,-3,-4,6,-9,-8,-1,-2,10,-4,-7,-9
-3,3,-5,-14,15,19,-8,-1,9,18,-5,-5
-3,7,-6,5,16,6,2,7,5,18,4,-3
-5,-5,6,11,4,3,-2,-2,11,-13,11,-13
-3,5,8,4,2,-14,-5,19,10,-1,-4,22
0,5,-4,-7,8,13,-2,22,1,2,10,22
-2,2,0,21,1,-10,-1,18,17,12,-4,-12
4,-4,-1,13,2,-4,-8,-9,-6,13,6,11
-3,2,-2,17,11,12,3,12,2,18,-7,16
-4,9,-9,20,-6,-7,-5,-1,-8,7,16,20
-1,16,1,14,4,6,3,2,14,18,1,4
0,21,-5,29,4,5,2,20,0,10,-5,27
-3,22,-6,9,2,19,14,15,-1,2,8,25
-6,14,-6,5,13,10,13,21,4,7,10,23
3,3,-4,-3,1,16,4,10,-2,-2,6,15
-1,24,11,-1,5,23,2,14,-4,0,15,10
-5,21,-6,9,16,24,11,7,-2,19,9,16
0,31,8,33,11,15,8,8,14,23,13,11
9,14,17,19,4,7,16,30,-1,24,16,35
-7,-17,-2,-32,3,-20,6,-5,-2,-33,3,-12
12,-28,10,-27,3,-34,3,-24,8,-13,-7,-7
-5,-23,1,-32,15,-21,4,-3,-7,-22,12,-11
4,-19,13,-10,-3,2,14,-32,-4,-24,2,-15
-1,-14,-2,-5,4,-12,15,-17,-8,-32,-5,-30
-5,-13,-2,2,0,-25,-5,-22,1,-20,8,-25
-5,-22,1,-19,9,-14,1,-29,3,-8,-4,-4
-4,-17,10,4,-6,-15,-7,-7,-2,1,-4,-12
-4,-27,-8,-13,10,-4,3,3,2,-7,10,-12
-7,-10,-4,-6,17,9,-6,-11,-6,-17,-4,-13
-2,-12,15,0,8,-22,-7,-7,-1,8,10,-22
-2,-14,-3,-3,0,-9,12,3,1,-5,-8,3
-3,-15,10,-9,-5,-9,-7,-18,11,3,-2,8
-2,-6,-7,-11,-8,-2,14,1,-3,-4,-4,-13
14,-2,-4,13,-7,13,2,-9,7,-1,7,-22
8,1,-1,-12,-2,13,6,-4,-6,-3,7,-5
-1,-11,0,-17,-8,12,1,10,0,-5,7,-9
0,0,12,11,13,10,-7,7,2,7,5,5
0,-2,-2,11,16,15,11,-12,-3,-3,-2,18
-6,-14,-6,-1,3,-13,2,15,-1,15,0,-10
-3,-16,6,-1,15,14,2,20,1,-15,-4,15
1,2,3,-1,-5,7,-4,-2,-8,-7,6,-1
5,9,8,20,11,-2,2,0,4,16,13,-13
7,10,-3,-8,-2,-8,-3,0,-5,-8,-2,9
5,4,2,-6,1,6,-4,14,4,-12,-6,1
-2,-4,3,15,-6,24,0,8,4,-3,18,7
0,10,-7,22,-3,13,9,-3,-7,17,-3,6
-1,3,-5,10,-5,22,-1,20,7,-4,6,-9
-1,13,2,25,-6,-5,2,-5,0,-3,5,15
-1,16,-2,16,8,2,-7,8,13,20,9,7
6,22,-6,28,2,19,-5,5,1,8,-4,23
2,11,7,27,-7,22,7,1,-4,15,2,3
-4,-1,17,25,0,30,8,-1,13,10,11,19
-3,7,-4,21,1,6,-6,7,-4,3,15,31
-1,17,-1,12,0,13,-8,29,0,27,6,16
-1,12,2,26,-3,23,-6,6,9,30,1,31
-2,10,18,36,-3,22,-7,13,3,15,0,15
-4,-27,0,-29,9,-36,8,-14,3,-20,-1,-1
-6,-23,3,-6,-2,-20,-4,-31,-6,-30,-2,-30
-2,-18,7,-28,-3,-30,4,-12,-1,-11,10,-2
-4,-29,-6,-4,1,-33,18,2,-1,-20,-4,0
5,-19,18,0,3,-2,4,3,1,-22,16,0
2,-12,6,-23,12,-29,3,-7,-4,-3,14,0
-4,-24,3,-4,7,-7,12,-27,13,1,-5,-11
-1,-11,3,-17,0,-11,-4,-11,3,-26,1,-17
-2,-21,4,-22,7,-22,19,0,12,-23,2,-17
-7,-21,4,3,-1,4,-7,-22,8,-20,18,4
-1,-17,-2,-24,15,5,1,-11,-2,-8,0,6
-1,-20,0,-17,15,-22,5,-12,0,-12,18,8
-2,-23,-3,-14,-7,-4,6,10,-5,-2,8,9
8,1,-5,-8,-1,-9,8,1,-3,0,5,-21
7,2,-1,-13,12,7,7,-19,4,-13,8,5
-5,-21,11,-4,-2,-9,1,0,14,-21,17,11
3,-20,-1,-6,15,2,-7,7,4,10,-2,10
-1,-16,6,1,-6,-3,-5,6,3,9,2,-15
15,7,-4,-13,-7,-6,-5,16,5,17,-3,-13
1,-5,12,-11,12,-10,-7,11,-7,9,6,-9
0,-11,5,-4,8,17,17,18,5,-11,14,-2
0,-9,3,5,-1,-14,17,20,6,-6,8,13
12,8,-4,-6,9,19,17,10,-6,8,-2,5
2,3,2,17,-1,-2,13,14,8,3,1,-4
0,-4,-1,6,0,1,10,20,4,-11,-3,-6
-2,-5,15,5,11,25,-3,-4,4,3,2,20
0,-3,17,16,2,3,12,22,-1,24,4,5
-2,-1,14,19,7,6,2,13,8,-9,2,15
-2,4,10,6,1,25,2,-1,11,3,19,16
4,0,5,6,-5,0,11,16,4,25,2,3
0,10,12,17,14,18,8,8,11,24,4,-6
13,3,4,7,2,2,1,23,1,28,4,17
-3,0,14,17,9,14,-4,29,14,-2,7,-2
-1,-1,1,31,7,-1,0,14,-7,-1,12,6
-2,3,11,4,14,31,4,23,13,27,18,34
1,10,11,34,8,8,16,17,12,6,11,7
-1,15,-6,21,-7,35,-2,7,18,28,19,35
4,-3,11,-31,1,-8,20,-14,10,-22,11,-19
3,-6,-2,-30,10,-22,11,-11,-5,-10,4,-11
-1,-13,10,-1,-6,-15,10,-33,-3,-23,17,-16
-2,-15,-5,-2,1,-26,-4,-30,16,-7,1,-7
12,-30,0,-1,1,-27,16,2,6,-7,9,-2
-1,-20,17,-10,0,-19,2,-24,17,-14,18,2
-2,-13,14,-23,-3,-12,15,-28,9,-21,1,-10
-1,-10,5,-18,-5,-21,1,-3,-2,-8,0,-15
2,-2,-1,-12,-5,-6,6,-17,2,7,1,0
16,-3,14,-22,14,-21,14,-7,10,7,-1,5
3,-6,5,-13,0,-24,-6,-12,18,6,1,-10
9,0,11,-21,16,11,-2,-8,14,8,16,-14
1,9,2,2,3,-8,-3,-9,12,-7,1,-16
-6,-21,-5,-9,15,-23,2,13,-1,9,0,-17
-4,-18,16,2,1,11,7,9,0,11,9,-17
-4,-2,11,-5,-5,-14,11,-3,-5,2,1,-18
-1,2,-3,0,-4,-16,-3,15,-1,0,0,13
1,5,3,3,-5,13,2,8,2,7,4,10
2,4,6,11,19,3,2,-8,-4,15,15,-18
2,4,4,-4,-3,19,12,-1,8,-2,6,-10
-2,-8,-3,14,9,18,3,15,-6,-1,-2,-3
13,-6,20,12,3,-9,19,7,-2,-5,-4,16
7,10,10,-11,-3,7,-5,10,-2,19,1,-5
-1,-10,9,1,-1,-12,19,23,1,-5,8,-6
2,5,11,7,1,-12,-4,11,3,-5,6,9
2,7,-4,-2,10,9,-3,12,5,-11,-3,1
10,13,-1,24,0,23,-6,-8,8,2,2,9
6,0,9,26,-5,2,0,21,11,13,5,21
-4,3,9,4,-6,7,9,24,-1,14,10,8
-5,11,12,-3,4,7,15,13,6,24,5,0
-5,7,10,17,2,19,14,26,10,0,-4,-3
-2,0,7,23,8,2,6,29,10,25,14,9
-2,3,-3,0,10,30,-5,17,-2,12,-1,29
18,21,7,9,10,21,-2,27,-4,22,-6,21
0,-1,15,-2,7,24,8,14,8,27,4,12
8,24,6,20,14,31,1,21,6,15,9,16
-1,15,19,24,8,4,2,22,9,30,10,11
-2,-9,10,-32,8,-9,10,0,4,-32,11,-14
-4,-11,7,-13,21,-3,7,-23,-2,-15,5,-34
1,-4,2,-18,15,-32,6,-30,3,-31,-2,-18
21,-2,14,-20,16,-1,2,-9,3,-19,6,-16
5,-2,2,-1,-1,-27,12,-3,1,-20,3,-5
-1,-4,3,-13,-5,-6,6,-30,0,5,4,-24
1,1,-1,3,5,-18,9,-18,12,-11,5,-4
13,-29,10,-21,15,-25,14,-25,-2,0,5,-8
6,5,14,-11,15,3,18,-2,10,-2,5,6
-1,-12,14,-8,15,-10,17,1,17,2,13,4
5,5,-4,2,0,-1,-4,5,20,-8,4,1
4,-3,9,-11,16,-10,16,0,8,-12,20,2
-4,-3,8,10,3,-6,16,8,5,-22,3,-8
0,3,18,-5,-5,7,-1,-7,-5,1,-3,-7
-3,-15,5,-15,1,-7,10,11,11,10,14,-10
4,4,1,-15,13,5,2,2,2,12,2,14
-1,-18,13,-4,13,5,21,7,13,16,2,-3
-4,-12,7,-15,15,15,10,-11,8,-11,1,-17
-1,-2,2,12,11,17,10,-6,6,2,8,-8
-1,-3,6,16,14,15,-5,16,0,16,12,2
3,16,12,-16,-2,-9,11,20,2,2,-1,-13
-2,5,2,-14,8,4,1,7,7,-8,4,-3
6,-8,-5,11,8,-12,14,-5,5,-13,4,20
-5,-5,-2,15,19,6,17,23,4,-11,1,21
2,20,8,-5,3,-1,-3,21,19,14,6,-3
-2,10,3,-10,-3,1,12,25,19,2,4,3
3,21,-2,-3,2,25,15,16,5,14,-2,8
17,13,13,2,5,22,0,-6,0,25,11,-7
18,16,14,26,15,10,20,25,11,27,-5,15
7,3,-3,26,0,-7,6,3,16,18,-2,19
1,0,2,4,-1,2,15,-2,2,23,7,28
3,9,0,16,-1,27,-5,6,21,15,4,15
18,27,14,-4,7,4,20,19,13,22,4,-3
7,14,7,24,1,22,12,31,7,0,12,33
1,2,16,29,6,10,5,2,12,34,1,25
1,12,20,33,-5,15,5,30,15,25,-5,25
9,26,-4,19,15,36,-3,8,6,6,5,20
18,-13,4,-31,-3,-17,6,-15,3,-21,1,-30
-2,-2,-3,-9,6,-7,12,-11,16,-3,-4,-1
-3,-5,-3,-25,11,-19,-1,-29,12,-25,5,-4
1,3,-4,-26,3,-8,2,-7,5,-21,5,-25
-3,-12,17,-8,14,-4,-1,-20,15,-12,5,-10
6,-3,3,-6,10,-1,21,1,5,-16,7,-4
-4,-4,4,-1,2,-27,6,-1,3,-25,-3,-23
9,-17,14,-11,5,5,-4,6,6,-10,1,0
-2,-4,18,-8,19,4,20,8,17,-9,6,-21
-2,-11,14,-24,5,-10,3,-19,22,-9,2,-1
-3,-3,10,-23,-3,5,16,-1,6,3,5,0
7,-20,4,-8,2,-5,7,5,8,-12,21,0
14,-9,4,-18,2,-8,-4,5,16,-1,20,-7
-3,-1,8,-9,10,-20,11,5,15,-19,6,-14
-4,2,6,12,17,0,-2,-18,8,-5,14,-10
16,8,5,8,-4,-7,20,12,3,2,3,-2
-4,-6,9,5,16,-19,13,-4,13,-20,7,8
3,12,2,-9,12,12,18,16,21,-2,7,10
-2,-4,10,-7,15,7,15,18,18,-7,3,-12
10,10,8,-17,8,0,9,-17,-2,10,-3,-13
4,12,4,-2,-4,6,1,7,6,-12,6,-14
-4,-14,4,-13,10,20,-2,5,-1,-3,2,-5
7,20,5,13,22,10,19,22,-1,5,-1,21
9,12,4,6,7,20,0,1,12,0,9,-11
0,13,8,-10,-3,8,13,-12,3,16,7,-2
-1,6,-2,21,4,8,0,8,9,-6,6,21
4,19,8,25,14,17,2,14,-1,-4,11,24
2,-1,1,19,13,20,2,10,-1,0,4,-8
-1,-1,22,20,22,21,15,20,7,-4,11,-1
8,5,5,7,6,26,2,25,-3,2,8,25
3,11,7,18,11,22,8,15,-2,25,8,17
10,26,-4,9,14,-4,4,27,17,18,4,28
3,6,-2,21,15,15,-2,25,0,31,4,25
1,-1,5,31,-2,31,1,-3,0,29,18,30
3,18,12,3,15,22,-1,28,3,17,22,34
13,5,13,7,20,13,-4,11,8,10,4,12
-1,2,6,4,5,3,17,23,-2,14,7,2
9,-3,5,-29,21,-4,-3,-2,6,-12,3,-25
-1,-4,5,-26,1,-21,13,-33,9,-14,4,-5
-3,-4,8,-15,2,-17,1,-9,-3,-9,7,-34
15,-16,6,-18,5,2,21,-8,0,-25,11,-18
0,-8,9,-12,11,-18,22,2,14,-15,18,-30
0,-3,4,5,6,-23,7,-8,2,-14,2,-4
8,-29,2,-4,5,-20,4,-20,3,-14,12,-29
-1,-3,-2,-29,3,-6,1,-6,17,-11,-2,7
4,6,13,-12,0,-17,12,-15,-1,-7,1,-20
6,7,4,-15,18,-7,10,-26,6,6,15,-25
0,-11,3,-26,18,9,14,-18,18,2,5,5
1,1,6,-5,3,-19,8,-11,6,-19,4,-2
-3,-11,10,-21,1,-4,0,1,15,1,-3,8
-1,-2,10,-8,13,-6,17,-17,7,-15,5,7
3,7,-1,-17,19,12,4,3,9,-18,9,-8
2,13,6,-9,-2,-12,15,7,23,13,8,12
17,0,13,12,4,0,14,-6,-2,6,4,-15
6,12,4,-8,7,17,2,1,12,10,0,13
0,7,4,-12,17,2,6,-18,10,7,3,12
15,-11,21,16,5,13,6,-13,6,14,2,5
1,12,5,14,19,-5,8,-1,1,6,7,14
6,15,-2,-10,4,-7,-3,-8,0,-8,8,21
0,-1,2,-1,-2,20,20,3,14,1,14,12
-3,4,4,13,19,5,5,13,22,7,6,-13
18,18,4,-12,3,23,16,1,1,0,19,22
-1,2,15,16,13,-3,9,13,15,21,8,-7
-1,-2,10,-9,1,3,13,17,-2,-2,17,18
1,12,13,16,16,-8,16,-4,-2,2,10,11
15,-4,6,24,-1,20,7,-8,16,10,12,-2
-1,10,15,0,19,17,-2,10,3,22,16,19
1,16,2,12,-1,18,6,17,16,-4,12,8
0,0,3,30,-2,23,3,28,12,14,17,26
-1,1,11,5,16,-1,0,16,18,26,4,29
15,0,18,-2,10,25,0,28,14,30,9,19
15,21,8,0,4,27,14,0,0,24,9,16
-2,4,-2,14,18,16,-3,9,-1,18,3,19
15,1,11,2,5,28,-1,17,11,4,10,15
-2,-4,7,-8,2,-12,1,-9,9,-26,5,-26
0,0,5,-13,4,-6,7,-30,10,-26,3,-7
6,1,10,-25,23,-3,9,-32,8,-1,10,-5
3,2,4,-21,14,-32,8,-26,8,-3,14,-24
13,-3,1,-1,3,-28,19,-31,21,-5,19,-20
19,-9,6,-18,9,0,24,0,3,-19,14,-28
21,6,16,-1,4,-26,22,-16,17,-14,9,-9
18,-25,18,-28,-2,-21,1,-5,-2,-1,15,-28
9,-26,9,-21,12,-6,6,-4,5,-21,3,-4
8,0,15,6,15,7,11,5,8,8,9,5
2,5,6,10,9,10,14,-20,12,-12,15,-18
-2,4,-2,8,2,11,4,-11,18,-13,8,2
2,12,6,9,13,2,7,-16,3,-22,4,-17
15,1,2,-5,0,-8,10,5,24,-4,11,-16
9,-18,15,-21,4,-5,12,-21,0,-17,9,-14
12,2,3,-12,15,6,12,-6,19,15,4,-6
7,15,17,-12,1,-6,9,12,7,-10,5,-7
18,-13,8,-9,0,-2,18,14,2,-5,11,0
1,12,24,0,1,2,-1,5,18,-11,19,-15
9,0,19,8,4,-8,12,-12,9,10,4,1
0,-7,7,8,21,2,3,-4,21,4,16,-13
0,0,0,7,21,5,19,14,0,1,2,-11
-2,6,4,5,0,-1,8,14,-2,9,10,-2
-2,2,-2,18,24,20,9,13,18,22,3,-6
13,18,19,15,12,-12,10,8,19,-6,-2,-4
1,11,11,-9,2,-1,20,1,5,-2,12,16
0,0,-1,-4,7,1,16,21,8,7,-1,-7
7,15,18,-9,0,-1,0,6,1,6,2,9
10,7,2,21,5,9,1,-5,3,17,0,6
-1,-7,14,-6,10,27,9,22,13,26,1,12
3,18,14,14,0,4,14,17,4,5,3,15
3,15,5,23,4,19,24,25,8,15,6,18
16,3,7,22,3,26,0,7,14,32,-1,15
-2,13,0,25,-2,21,10,32,1,10,4,18
4,24,13,17,6,34,6,3,4,24,0,9
-1,8,2,25,15,30,7,35,7,29,16,29
-1,16,11,22,7,10,12,34,1,22,6,28
11,-15,5,-35,10,-15,10,-3,7,-34,5,-13
-1,-1,1,-21,4,-19,12,1,17,-14,11,-35
10,-3,2,0,20,-3,15,1,21,-33,24,-17
-1,-10,3,-14,14,-28,-1,-33,11,0,4,-19
1,-5,14,-30,4,-23,-1,4,15,-3,3,-16
10,4,9,-13,8,-11,8,-13,13,-15,12,-19
9,5,24,-7,3,-23,3,-3,15,-22,0,-4
1,-6,3,-12,13,2,0,-26,4,-29,17,-24
9,-2,2,-14,3,-25,20,8,5,-13,5,-28
18,-26,1,-7,22,-2,20,-10,17,6,24,-3
11,9,2,-14,3,-1,0,2,12,-15,17,-16
0,1,6,-12,-1,8,11,11,1,-5,1,10
2,8,7,-14,16,11,1,0,1,11,-1,-22
2,10,6,-20,3,-4,14,4,0,12,2,5
1,3,-1,-2,14,10,0,-10,13,-21,4,-13
3,-10,9,-20,4,-13,12,-19,5,7,2,8
12,-9,3,3,5,10,1,1,-1,11,-1,-6
7,15,15,-19,21,2,19,15,9,-9,5,-6
8,5,2,14,18,-12,1,10,4,11,-1,-5
7,16,5,-1,13,0,4,16,7,3,4,3
3,13,7,4,1,4,5,-16,0,18,9,-3
2,11,14,-10,0,9,1,-14,0,-8,25,5
2,-4,2,12,10,10,20,21,15,19,1,6
20,-12,21,6,20,3,14,6,1,23,4,-9
2,4,9,2,4,-1,15,21,12,14,9,19
2,3,10,23,19,3,7,1,18,-8,8,22
5,23,6,9,-1,3,19,9,9,-1,3,23
2,14,2,24,9,20,18,3,17,-6,0,2
4,15,4,-1,0,15,6,3,-1,-4,0,10
2,-4,21,16,2,-7,17,25,3,10,6,22
12,3,-1,26,14,10,10,6,17,3,15,25
15,6,8,5,9,6,0,-5,8,24,17,12
-1,14,3,3,24,24,6,32,2,23,18,1
14,28,1,15,2,16,12,27,1,31,3,-3
4,26,8,14,4,18,17,16,13,1,4,1
-1,11,11,32,15,5,10,35,4,9,14,28
5,22,-1,6,6,16,20,0,17,1,14,15
4,-3,5,-1,15,-32,4,-14,2,-8,4,-29
0,-2,4,-5,11,-1,2,-8,19,-23,1,-29
1,-6,2,-26,5,-24,17,-19,16,-19,8,-9
2,-11,17,-30,16,-31,6,-31,0,-13,1,-18
20,-27,11,-11,19,-6,1,-23,11,-20,16,-32
15,-19,11,-30,4,-16,14,-31,11,-6,18,-5
21,2,12,-15,0,-2,5,-6,4,6,8,2
1,1,4,-1,7,-19,6,0,1,-10,4,1
2,6,13,-24,4,2,0,2,16,-2,18,-7
15,-16,10,4,4,-21,2,-18,4,-24,22,-6
0,5,1,-4,5,-7,7,-22,10,10,1,-18
13,1,19,-5,11,-7,7,-16,8,-9,8,-21
1,11,23,-1,8,-1,19,1,9,2,3,-11
3,8,16,-21,15,-16,22,-20,19,6,6,-4
0,14,0,-1,7,-7,12,-15,4,-9,8,2
1,4,22,-4,4,7,1,6,0,-9,6,-20
5,9,2,-16,2,7,26,-2,7,-3,13,-15
17,-6,21,17,0,17,5,8,9,13,0,2
12,16,11,2,0,11,0,-10,12,16,22,1
0,-7,15,-14,20,-17,20,-9,13,15,2,-13
0,19,7,-14,13,16,16,-12,12,2,1,-3
16,-5,16,2,4,6,8,2,1,9,22,2
1,-4,0,-4,9,11,9,18,1,16,0,-3
9,20,4,0,3,13,9,0,11,-11,1,-12
5,13,1,8,5,9,2,-12,0,-1,0,17
9,16,25,11,22,24,1,21,26,12,14,10
1,4,2,3,18,-6,4,19,0,3,1,25
0,-2,4,2,0,8,0,-6,11,15,18,24
2,12,11,0,8,5,0,10,0,-7,1,-6
4,25,1,23,24,27,0,14,5,7,0,24
1,25,13,18,4,-4,1,-5,14,15,0,14
2,23,0,12,0,-3,3,21,10,13,2,10
13,6,0,26,5,30,7,23,4,27,0,-4
10,26,1,5,9,-3,4,12,8,25,5,7
1,31,7,19,5,24,18,18,5,11,12,31
0,18,18,-1,2,10,0,12,1,13,0,8
7,26,0,24,12,1,3,16,1,31,1,32
