-4,-19,-21,-8,-9,-33,-20,-30,-9,-13,-8,-29
-17,-22,-19,-19,-17,-30,-21,-12,-8,-15,-8,-17
-2,-14,-3,-14,-5,-22,0,-4,-3,-7,-1,1
-3,-11,-1,0,-2,-3,-2,-11,-3,-2,-5,-20
0,-14,-22,-20,0,-14,-24,-29,0,-14,0,-14
0,-14,0,-14,0,-14,0,-14,0,-14,0,-14
0,-14,0,-14,0,-14,0,-14,0,-14,0,-14
0,-14,0,-14,0,-14,0,-14,0,-14,0,-14
0,-14,0,-14,0,-14,0,-14,0,-14,0,-14
0,-14,0,-14,0,-14,0,-14,0,-14,0,-14
0,-14,0,-14,0,-14,0,-14,0,-14,0,-14
0,-14,0,-14,0,-14,0,-14,0,-14,0,-14
0,-14,0,-14,0,-14,0,-14,0,-14,0,-14
0,-14,0,-14,0,-14,0,-14,0,-14,0,-14
0,-14,0,-14,0,-14,0,-14,0,-14,0,-14
0,-14,0,-14,0,-14,0,-14,0,-14,0,-14
0,-14,0,-14,0,-14,0,-14,0,-14,0,-14
0,-14,0,-14,0,-14,0,-14,0,-14,0,-14
0,-14,0,-14,0,-14,0,-14,0,-14,0,-14
0,-14,0,-14,0,-14,0,-14,0,-14,0,-14
0,-14,0,-14,0,-14,0,-14,0,-14,0,-14
0,-14,0,-14,0,-14,0,-14,0,-14,0,-14
0,-14,0,-14,0,-14,0,-14,0,-14,0,-14
-1,4,-1,4,-1,4,-1,4,-1,6,-1,18
-1,4,-1,4,-1,4,-1,4,-1,5,-1,5
-1,4,-1,4,-1,4,-1,4,-1,5,-1,5
-1,4,-1,4,-1,4,-1,4,-1,5,-1,5
-1,4,-1,4,-1,4,-1,4,-1,5,-1,5
-1,4,-1,4,-1,4,-1,4,-1,5,-1,5
-1,4,-1,4,-1,4,-1,4,-1,5,-1,5
-1,4,-1,4,-1,4,-1,4,-1,5,-1,5
-1,4,-1,4,-1,4,-1,4,-1,5,-1,5
-1,4,-1,4,-1,4,-1,4,-1,5,-1,5
-3,16,-5,25,-10,2,-23,10,-5,23,-12,17
-1,23,-10,28,-6,6,-4,27,-8,32,-26,0
-6,3,-4,30,0,31,-20,16,-4,14,-9,9
-5,16,-11,14,-8,27,-10,22,-25,12,-22,3
-12,-14,-14,-9,-5,-24,-16,-28,-8,-32,-25,-22
-16,-30,-13,-27,-8,-14,-6,-20,-22,-5,-3,-3
-8,-21,-4,-26,-10,-2,-25,-31,-23,-4,-9,-1
-24,-32,-16,-10,-6,-33,-21,1,-24,-27,-15,-17
-1,-10,0,-8,-12,-3,0,-3,-1,-3,-24,-31
-13,-13,-22,-26,-6,1,-10,-30,-21,-20,-25,-20
0,-23,0,-23,0,-23,0,-23,0,-22,0,-22
0,-23,0,-23,0,-23,0,-23,0,-22,0,-22
0,-23,0,-23,0,-23,0,-23,0,-22,0,-22
0,-23,0,-23,0,-23,0,-23,0,-22,0,-22
0,-23,0,-23,0,-23,0,-23,0,-22,0,-22
0,-23,0,-23,0,-23,0,-23,0,-22,0,-22
0,-23,0,-23,0,-23,0,-23,0,-22,0,-22
0,-23,0,-23,0,-23,0,-23,0,-22,0,-22
-1,-7,-1,-7,-1,-7,-1,-7,0,-22,0,-22
-1,-7,-1,-7,-1,-7,-1,-7,-1,-6,-1,-6
-1,-7,-1,-7,-1,-7,-1,-7,-1,-6,-1,-6
-1,-7,-1,-7,-1,-7,-1,-7,-1,-6,-1,-6
-1,-7,-1,-7,-1,-7,-1,-7,-1,-6,-1,-6
-1,-7,-1,-7,-1,-7,-1,-7,-1,-6,-1,-6
-1,-7,-1,-7,-1,-7,-1,-7,-1,-6,-1,-6
-1,-7,-1,-7,-1,-7,-1,-7,-1,-6,-1,-6
-1,-7,-1,-7,-1,-7,-1,-7,-1,-6,-1,-6
-1,-7,-1,-7,-1,-7,-1,-7,-1,-6,-1,-6
-1,-7,-1,-7,-1,-7,-1,-7,-1,-6,-1,-6
-1,-7,-1,-7,-1,-7,-1,-7,-1,-6,-1,-6
-1,-7,-1,-7,-1,-7,-1,-7,-1,-6,-1,-6
-1,-7,-1,-7,-1,-7,-1,-7,-1,-6,-1,-6
-1,-7,-1,-7,-1,-7,-1,-7,-1,-6,-1,-6
-1,-7,-1,-7,-1,-7,-1,-7,-1,-6,-1,-6
-9,2,-5,8,-1,17,-15,-5,-9,17,-6,24
-5,1,-16,20,-3,22,-12,23,-23,24,-5,18
0,20,-14,2,-9,5,-9,8,-23,-4,-13,30
-5,13,-9,18,1,18,-13,13,-9,17,-20,22
-7,19,-2,28,-15,22,-13,15,1,26,-2,19
-9,10,-11,9,-7,9,0,21,-14,15,-14,34
-9,21,-9,10,-19,35,-7,18,-13,28,-12,33
-6,-18,-1,-24,-17,0,-4,-3,-20,-35,-1,-9
-12,-14,-16,-10,-3,-13,-12,-9,-17,-28,-8,-13
-13,-16,0,-14,-13,-21,1,-4,-2,-8,-7,2
-2,-6,-23,-2,-24,-6,1,-8,-6,-23,-4,-11
1,-9,-3,-6,-17,-20,-2,-18,-24,4,-21,-16
-5,-13,-9,-30,-8,-19,-3,-10,1,-10,-4,4
-3,-28,-18,-25,-9,-30,-2,4,-6,-24,-8,-2
-1,-17,-1,-18,-1,-17,-1,-17,0,-29,0,-29
-1,-17,-1,-18,-1,-17,-1,-17,-1,-16,-1,-16
-1,-17,-1,-18,-1,-17,-1,-17,-1,-16,-1,-16
-1,-17,-1,-18,-1,-17,-1,-17,-1,-16,-1,-16
-1,-17,-1,-18,-1,-17,-1,-17,-1,-16,-1,-16
-1,-17,-1,-18,-1,-17,-1,-17,-1,-16,-1,-16
-1,-17,-1,-18,-1,-17,-1,-17,-1,-16,-1,-16
-1,-17,-1,-18,-1,-17,-1,-17,-1,-16,-1,-16
-1,-17,-1,-18,-1,-17,-1,-17,-1,-16,-1,-16
-1,-17,-1,-18,-1,-17,-1,-17,-1,-16,-1,-16
-1,-17,-1,-18,-1,-17,-1,-17,-1,-16,-1,-16
-2,-2,-10,-9,-13,5,-19,-9,0,18,2,6
-1,-16,-1,-17,-1,-16,-1,-16,-1,-15,-1,-15
-1,-16,-2,-4,-1,-16,-1,-16,-1,-15,-1,-15
2,14,-23,-14,-8,-4,-11,19,0,9,-2,12
-5,1,-12,12,-20,3,-6,20,-19,-14,-23,0
-2,-1,-2,-2,-2,-1,-2,-1,-1,-13,-1,-13
-2,-1,-2,-2,-2,-1,-2,-1,-2,22,-2,0
-2,-1,-2,-2,-2,-1,-2,-1,-2,1,-2,0
-1,17,-17,-10,-5,1,-2,-1,-21,14,2,15
-6,5,-16,-6,-21,26,-3,11,-2,2,-2,1
-2,1,-2,0,-2,1,-2,0,-2,2,-2,1
-4,8,-5,8,-15,6,-1,7,-12,27,-24,16
-23,-4,-7,21,-8,0,-5,28,-20,7,-1,28
-16,9,-3,-3,-17,6,-18,13,-3,20,-7,22
-13,7,-22,14,-2,15,-6,5,-13,3,-5,12
-15,-3,1,22,-2,18,-24,11,-3,25,-3,18
-1,22,-12,28,-9,20,-3,10,-24,26,-11,19
-24,0,-8,32,-11,30,-9,29,-12,4,-22,28
-8,24,-19,2,-10,11,-20,12,-8,14,-22,10
-6,-16,-10,-32,-16,-2,-1,-21,-11,-15,-12,0
-15,-24,-12,-13,-7,1,-6,-9,-22,-9,-8,-10
-2,-16,-12,-16,-11,-7,-8,-28,-9,0,-9,-26
0,-15,-7,-2,-13,-13,-4,2,-18,-1,0,-3
-3,-13,-5,-3,-5,3,2,-9,-17,-13,-8,-31
-17,-29,-1,4,-20,-10,-15,-13,-19,-6,-4,-14
-13,-20,1,-11,-4,-21,1,-1,-9,-6,-10,-18
-6,-8,-1,0,-7,-8,-5,-12,-1,1,-9,-29
-1,-20,-1,-21,-1,-20,-1,-21,-1,-19,-1,-20
-1,-20,-1,-21,-1,-20,-1,-21,-1,-19,-1,-20
-1,-20,-1,-21,-1,-20,-1,-21,-1,-19,-1,-20
-1,-20,-1,-21,-1,-20,-1,-21,-1,-19,-1,-20
-1,-20,-1,-21,-5,12,-1,-21,-1,-19,-1,-20
-1,-20,-1,-21,-9,11,-1,-21,-1,-19,-1,-20
-1,-20,-20,-4,-10,13,-1,-21,-1,-19,-1,-20
-1,-20,-22,15,-1,-17,-2,-11,-1,-19,-1,-20
-2,-10,-22,-14,-14,10,-2,-11,-1,-19,-2,-10
2,11,-5,13,1,14,-2,11,-17,-12,3,2
-21,-18,-10,2,-21,16,-12,10,-6,3,-17,-1
-23,-14,-7,11,-5,-1,-6,10,-6,11,-1,3
-2,-7,-23,13,-17,-3,-2,-8,-2,-6,-2,-7
-16,-15,2,19,-17,17,-6,-1,0,5,-2,10
-6,-4,2,18,-13,4,-12,11,-7,12,2,18
-2,-5,-23,9,-18,5,-2,-6,-2,-4,-2,-5
-2,-5,-15,18,-19,16,-2,-6,-2,-4,-2,-5
-2,-5,-16,-2,-20,14,-2,-7,-2,-4,-2,-5
-2,-6,-16,-5,-22,6,-3,26,-2,-4,-2,-6
-3,2,-17,14,3,10,-3,2,-2,-5,-3,2
-3,2,-17,9,-10,7,-3,2,-2,-5,-3,2
1,20,-5,23,-13,14,-13,11,-4,-5,-6,-1
-12,4,-21,11,2,25,-14,-4,-17,29,-3,10
-15,17,-10,3,-13,31,-20,6,-5,16,-4,13
-20,28,-14,13,-11,8,-8,23,-18,1,-6,29
-16,12,-9,25,-12,28,-11,19,-7,18,-10,6
-21,22,-17,23,0,11,-22,2,-1,26,-18,3
-5,22,-13,26,-4,29,-17,11,-5,25,-5,12
-5,29,-20,10,-23,20,-4,24,-3,29,-21,20
-13,-29,-10,-1,0,-3,-20,-16,-15,0,-21,-14
-3,-16,-4,-31,-8,-35,-14,1,-2,-24,-3,-2
-13,-26,-5,-27,-14,-23,-7,-5,-18,-29,-7,-16
-12,-21,-9,-26,-14,-3,-12,-25,-17,1,3,-7
-4,-12,2,-6,-14,4,-1,-8,-17,-1,-2,-29
-16,-27,-2,-27,-16,-29,-22,0,-15,-1,-1,-11
-16,-7,-6,-22,0,5,-21,-11,-7,-2,-8,0
-2,-26,2,-4,-9,-17,-6,-29,-3,-3,-16,1
1,-7,-12,-10,-9,-20,-14,-12,1,5,-6,-4
-2,-18,-20,2,-21,-19,-2,-18,-2,-17,-2,-18
-3,-15,-21,9,-5,0,-3,-15,-2,-17,-3,-15
4,0,-21,-7,-16,-7,-4,-14,-3,-14,-3,-23
1,-9,-4,-18,-18,-15,-5,-6,-4,-13,-4,-13
2,-7,-19,-9,-18,-15,-6,-21,-6,8,-6,-5
-1,-17,-7,-10,2,6,-9,11,-6,-3,-7,6
-3,-11,-14,-4,-12,12,-10,7,-9,-8,-7,6
3,9,-14,-11,-21,-3,-10,7,-9,-19,-8,-3
0,0,3,7,-8,-1,-2,-3,-7,-1,-11,-15
-20,-17,-1,-18,-14,-12,-21,-16,-19,8,-9,8
-14,-2,-1,14,-17,7,0,14,-3,3,4,10
4,12,-21,-9,-3,-8,0,-3,-17,-9,-6,-11
-15,-11,-6,5,1,10,-4,-13,-2,-14,0,20
1,15,0,22,-17,9,-15,-10,-8,-11,-4,-4
4,6,-14,-7,-19,13,-15,-13,-11,1,-10,13
-4,-1,-16,17,-16,9,-16,18,-11,-4,-10,13
0,-11,-17,23,-22,14,-17,-4,-13,0,-10,13
3,17,-17,8,3,17,-18,11,-13,-9,-10,13
-3,3,-17,-2,-22,27,-19,15,-14,0,-10,9
3,12,-18,7,-15,7,-21,13,-15,21,-11,14
-8,15,-10,-1,1,11,0,10,-10,24,1,13
-5,-2,-7,21,-13,19,-18,1,-3,16,3,22
-18,0,1,13,-2,8,-17,25,-1,26,-6,24
-22,8,-3,19,-11,22,-19,19,-11,25,-22,26
-19,26,-8,18,-22,10,-14,9,-5,10,-7,18
-21,30,-9,23,-20,6,-13,4,-22,15,-4,12
-6,17,-1,6,-20,34,-9,7,-6,0,-2,24
-6,14,-12,25,-15,22,-7,11,-4,18,-4,30
1,-18,-4,-15,-20,-18,-4,-19,-9,-28,-19,-31
-14,-29,-17,-32,-13,-34,5,-17,-18,-16,-15,-1
-13,-25,-7,1,5,-3,-4,-11,-6,-33,-3,-7
-14,-32,3,-5,-2,-15,-13,-8,-21,-12,3,2
-11,-21,-2,-19,-3,-21,3,-11,-15,-21,0,-21
-8,0,-8,-13,-3,-8,-4,-18,-6,-23,2,-7
-10,-21,-21,-13,-20,2,-19,-17,-19,5,-6,-30
-19,-23,-17,-29,-21,2,-17,-25,-14,-19,-20,-29
1,-7,2,-7,-11,-14,-20,-6,-15,-15,-9,-22
0,-16,5,-9,-4,3,-20,-2,-15,-27,-10,-6
2,-13,-17,1,-12,10,-21,-9,-17,1,-10,-26
1,1,-15,-7,-3,-20,-14,-9,-18,-14,-11,8
4,-6,-15,-4,-3,2,-14,10,-20,4,-11,-2
2,-9,-15,-1,-6,-7,-19,-17,-20,-16,-11,-5
5,4,-15,5,-4,9,-13,-20,-20,-13,-11,-10
4,-2,-14,10,-4,15,-18,-16,-20,3,-11,-10
-1,-13,-4,10,-1,-19,-16,13,-11,3,-17,14
0,0,2,16,-15,-14,-19,5,-9,14,-8,16
-13,-10,1,1,3,11,5,5,-1,-6,3,10
-9,5,-6,-6,-7,18,-17,10,3,8,0,10
-1,1,-19,15,2,20,1,0,-6,-9,2,9
-16,-3,-4,9,-12,-3,-1,-13,-7,-14,-2,5
-5,-4,-8,17,-5,20,0,13,0,1,1,0
3,12,-13,15,0,4,-13,-10,-20,17,-12,-7
-1,0,-10,-12,-13,15,-11,21,-19,-6,-13,19
4,17,-12,18,-17,25,-15,0,-19,1,-13,18
0,-7,-12,20,-14,22,-8,-7,-19,8,-13,-4
2,21,-7,25,-18,18,-13,12,-7,3,-2,-3
0,6,-11,16,-3,21,-15,12,-3,21,-18,20
-15,10,-2,10,-4,-5,-2,13,-8,21,0,10
-14,15,1,27,-16,-5,-10,10,-7,29,-2,30
-17,7,0,-4,-9,18,-8,20,3,21,-8,27
-13,26,-4,-3,-18,-3,-6,3,-8,-4,-3,19
-16,13,4,18,-8,20,-14,27,-4,7,-2,11
-17,19,2,27,-9,8,-2,5,3,33,-11,7
-9,14,-17,33,-19,15,-11,8,-5,1,2,16
-17,16,5,31,-1,14,-4,22,-18,12,-8,34
-11,-21,-7,-31,-19,0,-17,-19,-7,-1,-8,-20
-6,-11,-15,-26,-16,-23,-18,-17,-18,-9,-8,-3
-10,-21,-2,-25,-16,-32,3,-21,-4,-2,-18,-34
3,-2,-3,-2,-4,-2,-11,-10,-14,-27,-19,-6
-12,-30,-2,-17,-8,-13,-4,2,2,-16,-20,3
2,-7,0,-13,-4,-14,-6,-3,3,-13,1,-3
-17,-21,-17,-19,-10,5,-20,-10,-7,-5,-15,0
-17,-25,1,-9,-12,-24,-19,-6,-10,-10,-8,-1
-1,-11,-4,-17,-12,-28,-14,7,-17,-11,-7,2
4,-10,-10,-27,-12,-23,-6,7,-15,-9,-13,-9
-2,-14,-9,-15,-13,4,-12,-26,-15,10,-13,-12
4,-7,-9,-12,-15,-21,-14,-20,-14,-24,-13,-18
-1,-11,-8,1,-12,4,-12,10,-13,-4,-14,5
4,0,-12,-10,-11,-14,-11,-20,-12,6,-14,-22
6,-1,-19,-13,-13,-18,-11,-10,-11,9,-16,5
5,5,-18,-11,-8,8,-17,7,-11,15,-17,-20
3,3,6,4,-3,-1,2,5,-13,14,-7,-5
-17,-19,-6,1,1,-3,6,2,-6,-9,-9,9
-13,5,-10,11,0,-8,1,-3,-4,-9,-19,3
-16,-4,-6,15,3,9,-1,6,-15,5,2,12
0,-11,-8,16,-8,5,-10,1,-9,-10,3,3
-19,-15,-7,20,-18,-12,-5,-15,6,14,-3,-8
-11,-4,5,16,1,6,-19,14,4,9,6,21
3,13,-17,2,-11,22,-7,-4,-15,0,-17,-13
2,1,-17,24,-6,-8,-7,24,-15,21,-18,19
3,14,-14,-4,-5,22,-20,17,-14,3,-18,15
-2,3,-12,-9,-19,-1,-6,17,-14,6,-19,1
2,16,0,-1,-9,18,-18,24,-20,-7,-2,0
3,20,-2,15,1,-5,-7,16,-19,-6,-2,7
-17,23,-9,-2,-14,-4,3,13,-5,14,-18,1
-20,21,-4,7,-3,28,-16,-3,-10,22,-2,-6
-15,2,-13,2,-7,28,-6,24,-1,31,3,18
-16,31,0,-2,-2,-1,-15,16,0,23,-20,1
-19,10,5,28,-18,25,-14,4,-6,23,-20,19
-17,32,-14,30,-7,1,-5,31,-20,2,-19,23
-3,33,0,31,0,15,-15,3,-4,26,6,19
-19,33,-4,27,-7,30,-9,32,-5,0,4,26
-14,-32,-7,-33,1,0,2,-33,-6,-9,-10,-1
-6,-11,-19,-7,4,-2,0,-21,-14,-10,-1,-27
-19,-30,-8,-6,-16,-12,-3,1,-6,2,-17,-4
3,-3,-5,-4,1,-10,-2,-12,-9,-2,-5,-24
2,-7,-3,-3,4,-10,-7,-22,-6,-9,5,-16
-16,-16,-1,-13,-15,-24,-19,-21,-9,-4,-5,-21
-19,-11,-4,-21,-15,5,-12,-17,-13,-2,-6,-13
-14,-10,-2,-15,-12,-3,-6,-27,-12,-4,-5,-14
-7,-9,3,-15,-5,-25,-3,3,-3,-16,0,-13
5,2,-10,-25,-18,0,-4,-2,-8,-3,-8,-7
5,2,-10,2,-17,-9,4,7,-11,-25,-8,-13
2,-13,-7,-23,-12,-22,-13,-2,-11,-18,-8,1
-6,-4,-6,3,-14,6,1,-5,-8,-20,0,-21
7,-1,-7,11,-11,6,5,0,-7,-16,0,9
7,2,-5,-22,-8,-16,3,14,-7,-2,2,-3
5,0,1,8,1,1,-13,10,-4,2,-4,-19
2,6,7,13,-3,-13,-3,-9,-2,-8,3,16
-11,-7,3,11,-11,-3,-17,-5,-6,-16,-19,-16
-12,16,7,3,-3,-16,4,12,2,4,-7,11
-15,0,-4,-9,-19,-9,-17,-13,3,19,5,7
0,-8,7,18,4,1,-3,8,-18,-2,2,20
-18,-12,-19,-1,6,7,-2,-12,0,-2,6,8
4,3,4,17,-10,8,-13,-5,-2,6,4,21
7,7,-5,4,-8,2,6,21,-5,14,2,16
7,15,-1,22,1,9,-16,-2,-4,1,6,22
5,13,-2,-6,1,9,-15,12,-3,5,-15,15
4,6,1,-9,-15,15,5,24,-1,-3,-6,17
3,19,-1,1,2,15,-14,10,-5,-9,-1,20
-11,-3,-2,12,-4,-5,-16,18,-5,10,4,23
-1,-6,-6,17,0,-3,-16,14,2,6,-6,21
-10,16,-10,10,3,20,-17,16,-18,13,-16,9
-6,18,2,25,6,18,3,25,1,1,-16,0
-4,4,-12,24,-8,29,-19,7,-19,6,-13,20
-11,16,-8,16,0,12,7,21,1,12,4,19
2,28,5,22,-6,17,-5,28,-1,30,0,23
-5,20,1,5,-5,20,-4,18,5,32,5,18
-1,22,-19,23,-5,25,1,18,-7,29,-5,18
-10,-29,-3,-1,-1,-13,6,-19,-15,-26,-6,0
-9,-23,2,-2,3,-20,-8,-8,3,-15,0,-34
-10,-30,5,-1,-11,-7,-6,-3,5,2,-5,-14
-9,-27,3,2,-11,-19,-8,-23,-7,-31,-9,-14
-13,-12,2,2,-3,-17,-11,-13,-18,-27,2,1
-13,-1,-17,-8,-5,-30,1,-29,-16,-11,-6,-22
-15,-7,5,-17,-13,-11,-10,-26,-7,-25,-2,-30
-4,2,-17,-8,3,-6,8,-4,-10,-6,8,1
6,-2,-16,-27,-3,-11,-17,-22,-9,-25,-3,-11
4,2,-17,-5,-10,-8,-11,-25,-6,-3,-17,-19
1,-10,5,0,-10,7,-5,-22,-3,-24,-17,-9
7,-4,-15,-17,-8,9,5,7,4,10,-8,-22
1,-15,-15,-7,-16,9,-14,-2,5,8,-14,-24
3,-10,-17,-15,-16,-19,7,4,-18,12,-14,9
-5,-1,-10,-22,-10,9,-3,2,-2,-5,-13,-12
3,-6,-8,1,-5,3,-9,3,8,14,2,15
-7,-6,-8,-13,3,-6,-18,-13,3,-3,1,-11
-16,-15,4,-3,-5,1,-4,-17,-5,2,0,0
-8,12,-12,10,3,17,-12,-17,-9,-10,-11,-13
1,-14,1,-15,-13,16,-14,18,-18,-4,-18,-17
-6,-10,-8,0,-7,12,5,8,-1,-7,3,-14
-6,-7,-1,8,4,1,-17,-10,-1,-10,4,7
-2,-2,5,2,7,11,6,12,6,14,3,18
1,1,-11,-5,-16,13,2,13,-6,-4,7,7
4,2,-14,5,6,20,2,8,-16,22,-11,-2
-1,0,-14,19,-15,19,0,24,-16,25,-11,9
0,5,-10,11,-11,15,-6,-5,-7,17,-7,1
-1,0,2,8,-1,-4,-1,-1,-4,13,2,-1
-11,-3,-5,11,2,21,4,19,-14,16,-1,-3
-3,10,-11,4,-17,21,-15,-5,-7,25,-13,13
7,27,-16,26,-8,16,-5,26,8,27,-9,16
-11,-2,0,9,-14,19,2,23,-16,-4,2,24
-11,7,8,19,0,24,-7,27,8,17,5,25
-12,-3,2,16,8,26,-13,28,-5,28,-2,4
3,-1,-18,0,4,26,-7,16,1,17,-16,25
0,16,-16,-1,3,1,-6,5,5,27,8,18
-4,25,1,26,2,4,-6,30,-1,22,3,14
-9,-26,-2,-18,8,-4,-11,-32,-14,0,5,-20
-8,-26,4,-22,-6,-11,-15,-4,-7,-19,-14,-16
5,-12,7,-3,-6,-12,5,1,-4,-1,3,-13
-8,-31,2,-24,-10,-23,1,-27,1,-31,9,-5
2,-9,-1,-23,2,-6,7,-7,-2,1,-15,2
-17,-3,2,-27,-9,-17,-4,-18,-6,-11,-9,-23
-10,5,-14,2,-4,-25,-10,-2,-2,-26,-15,-13
-12,3,3,-16,8,-11,-10,2,-4,5,-10,0
-1,-6,-12,7,3,-23,-1,-18,3,-12,8,2
-1,-4,-13,4,6,2,-3,-6,-15,-10,-3,-2
-7,-12,2,-2,3,-20,-3,-6,6,-1,2,-18
-5,-8,6,-2,5,6,4,-12,9,-2,-2,-12
3,-16,-12,-16,2,3,2,-12,-11,8,-12,11
1,-13,-8,-19,-15,9,5,-5,-10,-12,-11,-16
3,-8,-6,12,-15,-10,-17,10,-8,3,-9,10
-8,-10,5,7,3,-14,-10,-1,-17,12,7,10
-11,-11,4,-5,-3,-8,2,-2,-13,-10,-3,-8
-11,0,4,10,-6,-16,-10,-10,8,7,-6,0
-2,-9,-4,14,-2,9,4,-1,-12,-15,-17,15
-5,17,-3,14,-13,-12,4,16,-16,16,-6,-11
8,19,-11,19,-2,10,-17,-1,5,11,-8,20
-7,13,-6,0,-13,17,-8,19,-9,6,-14,18
-9,3,5,13,-12,-8,-8,-10,-12,-8,1,3
3,0,-5,-2,-14,7,7,22,0,-12,-8,5
7,7,-11,-1,-15,3,-11,-10,-7,-4,-8,13
8,11,-11,25,-14,21,5,13,-8,1,-8,17
3,8,-10,17,-13,-6,-15,19,-16,24,-7,-3
-9,-9,6,16,-10,-8,-1,-8,5,16,5,12
0,0,-1,-1,-7,11,-10,7,-5,11,4,18
-7,11,0,12,-13,4,-6,2,2,28,-16,16
-2,13,4,8,6,13,-4,29,-5,11,7,11
9,25,-16,-2,-7,26,-10,24,8,27,-14,27
-9,-1,-2,6,-5,27,-17,22,6,17,-2,8
-14,28,-3,15,0,11,4,26,-3,20,0,25
0,31,2,26,4,19,-1,18,8,20,1,31
-2,13,-16,4,-9,8,-1,27,-5,9,6,13
-6,4,-7,21,-17,29,-1,4,-7,29,-8,24
-8,-30,1,-26,-10,-2,7,0,3,-15,-1,-16
5,-18,10,-15,-10,-4,-1,-1,-1,-23,2,-31
-10,-33,-7,2,-3,-20,-13,-25,0,1,2,-12
-11,-23,3,-11,8,-16,-2,-9,-3,-14,-1,-9
-15,-6,-3,-19,-12,-17,-4,-18,5,4,0,3
10,2,2,-28,-4,-3,2,-19,2,-17,8,5
-4,-16,8,-12,-9,-7,6,-11,-14,-8,5,-27
-1,-17,-9,-16,-13,-1,6,-9,-7,-10,-11,7
-4,-19,-5,7,-5,-14,-8,3,9,7,8,-3
-4,-2,-14,8,-13,-15,-15,-26,1,-2,-5,-18
4,-25,-15,-2,-1,-16,-7,-10,-15,-3,-11,-5
-13,-17,-15,-23,-4,5,5,-24,6,-4,-5,-22
8,6,-2,1,2,-10,-2,7,9,1,10,2
-9,-21,5,2,5,-22,4,-19,-6,7,-1,-13
-3,-3,7,5,8,5,1,-7,5,8,8,12
-12,-12,7,-2,4,9,-4,-12,-2,-16,9,4
-6,11,3,1,5,10,10,9,6,9,-15,8
-5,11,-12,-12,9,1,9,16,-3,3,-4,12
-1,10,-9,1,-9,6,-8,8,-6,4,-11,-16
-7,2,-12,8,-8,15,-7,9,2,-1,-3,-12
1,12,-7,2,-11,11,-8,-2,-7,-6,-16,-12
7,17,-12,6,6,-1,-11,-12,-9,16,-6,13
-6,-7,8,16,-15,-2,-3,6,-6,4,4,4
10,10,3,-6,-4,-13,-10,0,1,16,-6,7
0,-3,5,9,8,7,-16,-6,-16,-9,-2,19
6,4,4,4,10,12,-4,-3,10,9,-14,21
2,6,0,16,-1,15,-10,-7,3,6,-15,-8
5,22,2,11,7,15,-1,1,-1,21,0,6
-7,9,-2,22,-5,9,3,23,-15,5,-12,27
0,24,-11,4,-1,2,-8,16,-10,-4,-9,28
-2,12,3,29,-1,-1,2,1,-13,29,1,10
-12,14,10,27,6,27,-2,8,2,14,8,16
-9,3,-14,0,-15,-3,3,5,8,16,1,18
-1,17,6,21,-4,-2,7,20,4,-1,-2,32
9,32,-15,8,-1,5,-12,12,0,5,3,3
1,23,-15,32,-15,-1,3,32,-13,8,3,3
2,34,-5,26,5,36,0,32,1,14,-6,1
-9,-21,-4,-19,-7,-21,5,-21,9,-14,5,-31
-7,-34,4,-19,2,-6,-14,1,-1,-15,11,-12
-8,-15,3,-34,1,-24,-14,-23,4,-25,-15,-13
-15,-3,4,-14,-12,-24,8,-15,1,-25,-11,-3
4,2,9,-11,-2,-7,-1,-16,-5,-23,9,-12
3,4,-6,-19,7,-31,-11,-23,-11,-17,-7,-9
1,-25,-7,-3,-15,-14,-8,5,-5,-30,-7,-16
-10,7,-5,-15,0,7,9,7,-5,3,7,-5
-4,-6,6,-6,2,-10,-13,-26,3,-24,-12,-8
3,-25,-15,-26,3,4,-5,9,-14,-27,-15,-18
5,-1,3,-9,6,-1,-11,-21,-7,-12,5,-24
4,7,-4,-2,10,-6,-14,6,-6,10,5,-5
-13,11,2,12,-3,2,-1,2,-5,-3,0,-20
-1,-11,-4,-15,-9,-4,10,5,-8,9,-13,-2
-1,-11,3,11,-6,1,5,10,-11,14,0,4
-3,15,-5,-13,3,-15,0,14,-1,-13,-5,-2
1,16,-14,5,4,5,-4,2,3,10,-15,-13
5,17,2,10,-11,12,-5,11,0,-5,11,10
0,16,-14,-6,-8,-13,-9,11,10,10,-11,3
0,-14,-5,15,0,-11,10,1,-12,-15,11,17
0,-10,5,5,-6,-2,6,-5,0,-7,1,-12
0,-8,-10,1,-10,10,-15,19,-1,18,11,7
-11,-13,3,2,-7,-7,-4,19,5,-6,-9,-6
2,-1,-2,10,5,-4,0,-10,-13,19,6,2
2,10,-2,18,-3,-5,-5,20,-2,20,-3,18
-3,9,11,19,-1,12,2,25,-11,-9,7,6
8,10,-3,6,11,14,5,24,8,20,3,22
-15,26,9,18,2,2,-2,3,-3,21,4,10
1,-5,-1,19,-14,18,-15,10,-15,12,-9,-4
0,29,-9,24,1,7,-8,-6,10,16,8,21
2,29,-2,20,0,25,-12,6,5,28,-15,11
-1,29,0,14,2,-1,-15,20,4,23,-13,-3
-2,10,7,16,-3,21,2,2,3,13,1,16
3,25,0,33,-2,6,9,28,4,26,-7,13
-8,34,-11,9,-1,13,-2,-1,0,3,-3,13
10,35,-3,11,3,33,11,27,-2,13,-1,6
-1,19,-6,21,-14,21,-1,10,-4,10,-14,29
-6,0,-14,-9,-5,-25,-2,-1,-5,-22,4,-33
11,-4,2,-18,-14,-33,-1,-12,-5,-6,12,-3
-4,-5,-2,-17,9,-20,2,-28,3,-2,6,-28
4,-33,9,3,-8,-33,-3,-20,2,-33,8,-18
-4,-6,8,0,-4,-17,-12,-5,-7,-28,-2,1
6,-8,1,-1,0,-21,-12,-1,2,-6,-3,-13
-3,6,1,-5,-7,-17,-11,3,-9,-16,-6,-30
-5,-11,3,-12,-5,3,-4,-4,-12,-1,-6,-20
5,8,-9,-2,-3,-8,-12,-5,-14,-5,-1,-12
-5,-7,-8,-13,5,-8,-2,-24,4,-18,-6,7
1,9,-9,10,7,7,-5,3,0,-15,0,7
2,-23,0,-14,-1,-21,5,0,-4,-8,6,7
5,11,5,-4,10,10,5,-19,4,12,-13,-19
-3,6,-11,11,-10,-17,7,12,7,11,-7,-1
-1,12,-7,14,-6,-5,-10,-11,-9,-3,3,3
4,9,-14,0,-2,-4,-10,4,-11,-8,10,6
0,-6,-7,14,-6,6,0,-12,7,3,2,-18
-8,17,-6,-14,-5,-13,-10,14,-9,-17,-8,6
-1,-10,-9,7,5,-1,-10,-8,-3,-18,11,6
-1,-11,-4,-15,12,19,-11,-2,-11,-16,-5,-12
0,16,10,13,5,4,3,18,-6,10,-7,15
7,12,-7,11,5,8,3,-14,-12,-10,-7,8
-13,8,11,21,-3,2,1,17,2,10,8,5
-14,-11,7,21,7,13,9,15,1,18,-12,-7
-4,3,-8,-10,-2,8,0,-6,4,-12,7,-11
-10,-11,4,11,7,-11,-6,4,6,-6,6,4
-1,20,8,15,5,-3,-14,12,9,14,10,20
1,20,3,23,-8,-3,-5,21,-8,1,-12,5
0,-4,-4,3,-5,21,-8,-8,-9,16,11,13
1,-5,-4,2,0,1,-9,29,3,23,2,18
1,-2,3,12,-1,-6,-12,-5,4,21,4,30
-1,11,2,-1,5,29,2,20,1,31,5,23
-1,0,-6,30,-9,-1,3,21,12,21,-9,4
-3,-3,1,10,-14,15,8,23,4,22,-10,12
9,31,-3,34,-12,7,-3,21,2,9,-10,5
-12,21,-5,4,11,27,-2,14,-11,21,3,33
5,30,5,34,-2,14,5,26,2,3,6,13
3,-20,-10,-35,-9,-20,5,-13,2,-17,9,-6
2,-22,-8,-5,6,-6,-13,-27,-6,-11,4,-16
4,2,1,-10,2,-16,-13,-25,4,0,7,-30
5,-28,4,-20,-8,-11,6,-25,-2,-3,6,-11
1,1,-1,-1,-9,-32,0,-32,-9,-28,0,-1
2,0,-1,-4,-9,-28,-3,-18,2,-4,10,-18
9,5,-4,4,-9,-4,0,-23,-7,-9,-7,-24
-3,7,-8,-9,11,-13,-8,-28,-1,-14,-3,-27
1,0,-3,5,-6,-28,-8,-1,-12,8,0,-3
-1,1,8,9,-3,-23,8,-1,6,-9,-10,9
-4,8,9,-12,4,-19,11,2,10,-4,8,-8
-11,5,6,6,9,4,-10,-5,4,2,4,-12
13,12,-9,-19,-6,-8,-5,-13,11,7,-9,-16
3,-6,3,-7,-13,-14,-10,7,0,-3,9,-10
2,8,1,-6,-13,0,8,-17,6,-18,8,-6
3,-20,4,14,-9,-20,-7,-11,-2,-8,2,-15
2,7,-8,13,1,-14,-7,-5,7,11,-5,16
1,-4,-2,14,-5,6,7,3,-13,-19,4,5
0,-7,4,8,7,-7,1,-15,-8,9,-2,5
-2,-16,-2,8,-11,13,-5,-10,-5,14,-7,1
9,17,3,2,4,17,-13,-14,8,-4,-1,-2
9,19,-10,-2,9,8,2,-2,-10,8,0,14
2,11,-1,1,-10,15,-6,10,6,-13,-1,3
2,9,2,11,11,5,5,6,-7,2,-11,2
10,24,5,-4,-6,-4,4,8,-2,-9,4,19
-1,16,-10,20,-6,-2,6,21,-5,5,-9,14
2,8,3,-4,-2,9,11,10,0,14,4,10
1,-9,9,14,-1,27,-9,20,2,13,-5,17
6,18,0,-7,-7,0,-12,4,-1,15,-10,27
1,-1,-11,-2,9,13,6,-3,8,-6,-11,15
-2,20,-4,18,-13,20,9,17,9,12,12,16
0,-5,-7,25,-6,15,0,0,-10,2,-9,0
-3,20,-4,-1,4,31,13,31,9,18,-10,23
-1,-2,-10,3,-1,-1,-7,18,-12,32,5,9
-1,27,3,32,-10,4,-6,5,4,24,2,32
-4,35,0,15,4,16,5,-1,-11,6,-13,27
8,28,-3,6,-7,33,4,16,-13,11,8,30
6,-33,-2,0,-9,-29,-4,-30,-8,-28,4,-33
1,1,-3,-27,-10,-12,7,-8,-8,-29,-10,-11
6,-30,1,-1,-10,-10,-11,-24,11,-11,4,-22
14,-1,10,-11,-6,-22,11,-7,6,-2,12,-1
6,-1,6,-20,-1,-25,6,-29,11,-15,3,-9
5,0,-5,-21,-7,-26,-11,-7,-8,-28,7,-24
8,-4,-1,0,9,-23,-6,-22,0,-17,3,2
12,7,-5,1,-4,-11,-7,-7,0,-11,-8,-27
2,-25,1,-14,-12,-9,2,5,1,-24,7,-2
4,-8,8,-11,4,-4,3,-10,-3,0,12,-5
9,-26,-5,9,-11,5,-2,-15,7,-9,7,5
-7,-20,0,8,4,0,-9,-18,3,-8,4,-2
-1,0,-8,-11,2,-19,-4,-14,3,5,12,9
2,-21,-7,-13,3,-21,6,9,-11,-15,1,-1
-2,1,-8,-16,-6,-15,-11,-5,0,-18,-8,9
3,11,-12,5,6,-19,-12,-17,-3,-16,-4,-3
-2,5,-8,15,-2,-19,-10,-15,-3,3,1,-19
3,-3,-1,12,-10,-1,8,12,-4,-8,5,11
2,-11,-1,-9,11,3,9,18,4,-3,-8,-14
1,-5,-9,-5,-1,-17,7,-4,-3,16,6,3
1,1,-4,10,-9,1,2,3,0,-15,1,20
0,18,-3,-15,1,19,-9,-14,-6,-10,10,16
-1,-12,5,-6,-7,7,3,14,-1,12,0,-7
6,19,11,11,11,19,7,15,1,3,10,13
8,12,-9,-9,-8,21,-2,0,1,-4,-6,-10
0,19,-8,8,4,4,0,22,10,20,2,10
12,23,9,13,7,-4,-4,18,-3,12,1,-2
9,25,7,-9,-8,11,-9,10,-2,-8,-12,6
1,-5,-9,15,-8,14,2,24,-4,28,6,26
0,-4,-6,-7,-9,26,1,7,-3,13,-6,-7
-2,15,-7,17,-10,8,-1,18,-5,3,-12,20
1,0,-9,15,7,26,12,11,-11,13,-4,22
-1,24,-10,26,7,31,-3,9,0,-2,-1,30
0,2,-11,29,-9,1,4,4,-12,16,-10,-2
3,3,-10,0,-7,6,-12,21,-9,29,7,27
1,17,2,22,-6,9,-5,17,12,17,-4,3
3,33,2,4,0,5,-1,34,-6,12,-1,25
2,-1,-1,-13,4,-35,5,-9,13,-20,2,-17
2,-3,-9,1,0,-27,7,-4,0,-4,-9,-12
8,-32,5,1,6,-6,9,-34,11,-2,9,0
9,-33,9,-28,-1,-3,-1,-13,6,-33,-11,-4
3,-19,6,-32,6,-32,5,-17,-3,-15,-4,-20
3,-15,-6,-12,-3,-19,-3,-26,4,3,-7,-9
4,-30,15,-5,-10,-6,-1,-8,-11,-1,-10,-18
8,-2,14,-2,4,-16,-6,0,14,-2,0,-21
9,5,2,-7,0,-24,4,-12,8,-14,7,-3
-6,-14,9,-15,1,-18,15,-5,-4,-21,5,0
0,-9,-4,-1,10,3,3,-3,6,-20,4,-7
0,-10,2,3,7,-8,7,-12,7,-2,12,-9
3,11,14,-2,8,-12,4,-6,9,-2,-3,11
3,13,5,-8,8,-1,5,-2,2,6,-6,-8
1,9,1,-18,10,10,3,-11,-11,10,14,7
2,-11,3,-13,-7,-11,-1,10,-5,1,-10,-15
4,-19,-9,2,-2,4,3,-19,-7,6,-9,8
5,10,-10,-2,11,-2,-6,15,-8,-13,-3,0
6,7,-8,4,2,10,13,15,-2,0,-10,-14
7,8,4,3,-10,3,10,-15,0,16,6,6
2,-14,-9,4,13,20,3,-7,5,-11,5,16
-1,4,4,2,-2,16,-4,-7,-1,5,-8,7
3,-13,5,10,13,17,10,9,5,-8,-1,9
9,19,1,-8,-2,3,-4,13,9,12,9,15
10,20,8,13,-4,5,-4,-9,-4,1,5,1
7,25,-9,3,5,7,-1,17,15,23,10,22
2,23,7,1,7,22,-7,3,0,25,-11,21
3,17,7,17,-8,22,9,21,-6,19,1,11
2,-7,7,27,-8,8,-8,-8,9,13,1,14
-1,13,-9,19,10,1,-2,8,7,1,-4,6
1,-6,-3,1,-6,4,9,-5,-2,15,-1,-6
1,-1,1,23,-9,8,-4,18,1,11,8,29
1,-2,1,3,13,17,9,-1,-2,13,-10,5
0,24,5,-3,-6,25,5,33,7,10,-9,0
3,25,-3,30,-10,11,6,26,-10,-1,10,20
6,25,2,14,11,35,10,30,-4,32,8,20
1,32,-4,12,10,27,-7,26,0,25,8,10
10,-9,-2,-5,13,-6,-5,-12,8,-24,16,-5
3,-22,9,-3,10,-9,1,-31,-4,-15,-5,-3
14,0,7,0,4,-17,7,-2,16,-4,1,-10
7,-3,-7,-12,16,-6,-6,-1,-9,-6,10,-16
11,4,1,-16,-9,-30,16,-6,-5,-21,7,-23
9,-3,2,-30,7,-21,12,-9,-6,-13,9,-18
5,-6,3,-20,2,-19,3,1,2,-3,-9,6
4,-24,4,-22,0,-13,9,-29,-3,-27,4,-1
8,-1,13,6,8,-19,-2,-19,4,0,-3,-2
9,-6,3,-5,16,-1,16,4,-8,-25,2,-8
-7,-13,14,7,0,-17,0,-24,1,-3,1,-25
-4,-15,-2,-9,7,-3,6,-17,8,8,-9,-22
-5,-18,16,11,16,10,8,-3,-6,-17,7,-20
-3,-10,-1,-17,2,-15,15,-2,5,-20,5,-12
-3,-12,-5,2,11,-4,8,-2,8,-19,-7,-16
-3,-5,-4,12,-10,-17,0,-5,3,-6,7,-3
-8,-18,9,-14,14,6,7,-16,-2,-8,15,13
-4,16,-10,-6,1,-17,-9,-6,-2,15,2,-15
1,-13,14,17,-9,12,-3,-13,12,5,10,-4
0,10,5,-12,7,10,-1,5,-5,18,12,6
8,8,7,9,16,6,4,6,-9,-13,12,9
13,19,-6,1,-5,21,5,8,14,17,7,-15
7,4,4,22,0,15,13,8,12,-1,5,-7
1,-1,2,6,-5,16,4,23,12,6,-6,6
-7,8,16,17,-8,-11,3,4,7,-4,14,11
6,4,-10,-7,15,24,-9,19,13,8,-5,1
-5,11,3,2,4,14,-2,10,3,-3,0,22
6,25,-9,-9,7,-3,7,-2,6,4,-6,11
8,18,9,28,0,2,0,16,12,6,-6,16
1,18,10,0,10,8,6,6,16,17,11,24
9,19,3,28,12,7,8,2,10,-2,4,17
0,-5,-7,-5,7,4,3,16,15,28,12,29
1,-1,8,24,8,-3,-6,-3,-6,29,5,32
8,4,7,25,13,28,10,18,1,12,7,0
-1,28,10,33,12,28,6,21,1,17,4,30
-4,26,1,31,4,19,10,26,7,15,1,30
2,26,-6,4,7,8,-7,3,2,3,11,24
6,-10,11,0,-2,-5,0,-29,0,-23,8,-4
4,-28,3,-6,5,-19,6,-23,2,-18,-3,0
8,-5,5,-31,1,-22,-7,1,1,2,8,-32
7,-5,12,-1,-4,2,11,-19,-3,3,17,0
-1,1,10,-24,1,-29,-1,1,-3,-7,2,-2
0,-7,-3,-15,0,-4,10,-21,6,-7,6,2
8,-14,-4,-30,-6,-15,5,-13,3,-5,-9,-10
-8,-15,7,-17,-8,-26,16,-3,8,-10,10,6
-2,-10,3,-8,0,-27,3,-9,6,-8,14,4
-3,-16,13,-12,9,3,5,-13,2,-9,5,2
-1,2,5,7,14,-3,13,2,4,-8,-6,-1
-5,4,-7,-2,12,-6,-7,9,2,-16,12,-25
-5,6,0,-5,2,1,9,-14,1,-11,1,-11
-9,2,-5,-1,8,-8,6,-1,-4,-14,7,-6
0,13,12,-19,11,2,11,-9,11,-19,7,-14
2,-15,5,-20,-3,-20,-9,0,9,3,9,-15
9,-14,4,-3,14,14,6,6,1,6,-2,-19
10,-19,15,4,1,9,10,-18,10,12,5,5
13,14,2,-15,1,-10,7,-2,8,-11,2,-4
7,-17,-3,-14,5,14,1,-12,-4,-1,-3,-8
9,-8,10,13,2,-11,-6,13,-3,2,0,-16
7,18,-1,-7,9,6,15,12,13,-15,4,-1
11,14,-9,20,0,-11,-1,21,-1,8,-5,3
10,-8,0,0,15,12,1,8,8,18,5,-2
10,-11,7,10,10,12,17,7,7,17,4,-9
7,16,7,25,3,24,11,13,16,19,1,-3
-7,24,10,17,-3,19,4,0,-4,16,-4,23
-6,24,7,10,8,3,4,13,1,2,0,23
5,2,17,18,16,22,1,11,12,21,10,-7
11,28,6,0,0,19,8,4,12,12,2,10
7,26,8,16,8,-5,14,13,4,24,11,6
-6,21,5,7,8,8,17,22,5,27,-6,4
8,15,15,30,-8,10,4,2,-4,4,12,31
4,25,5,10,3,19,-9,21,-5,9,-3,9
0,21,9,-1,10,11,5,16,11,34,11,17
0,15,17,26,11,17,6,4,-1,32,5,25
-4,0,-8,14,-7,20,8,33,-5,9,11,0
9,-9,6,-14,11,-31,4,0,-6,-21,8,-25
12,-1,8,-33,-3,-24,8,-2,6,-29,5,-25
13,-1,12,-12,-6,-28,10,-1,-5,-13,-3,-33
6,-25,4,-11,-1,-14,1,-22,15,-18,7,-25
-1,-8,9,-23,-7,-3,-8,3,11,-29,2,-26
-6,2,15,1,11,-3,1,-6,3,-20,-6,-22
-6,1,-8,6,11,6,4,-29,7,-20,5,-24
-5,6,12,1,10,-14,1,-8,7,-18,-3,-11
-4,-5,1,3,13,-15,4,-17,15,1,10,-7
-2,-5,3,-6,10,-9,16,-3,1,-27,1,-18
12,4,16,-4,-1,3,8,4,13,6,2,9
-6,-20,8,-2,0,-5,3,-19,13,-4,11,2
3,-8,12,0,-5,-14,7,-22,4,-12,9,2
-6,-11,17,0,5,-13,13,2,-6,-14,-5,-12
3,-9,11,-8,13,-13,9,-22,6,8,-1,14
-3,-4,14,0,12,10,8,-12,13,-19,3,-6
-6,-5,7,1,-8,-19,15,1,16,10,-1,10
8,1,-8,-19,12,-17,9,-14,-3,4,-1,-3
15,17,-2,1,-3,-16,-6,-10,-8,-6,-3,16
11,14,-3,5,6,19,4,7,-3,-2,-1,10
-2,14,-8,-6,6,3,0,-3,10,-1,6,-12
7,6,-5,18,11,-13,9,15,1,11,9,-14
12,15,0,22,13,17,3,3,16,3,15,4
-1,4,-4,20,5,-7,5,14,-7,7,-8,-5
-3,10,-1,10,12,5,5,7,9,-9,5,12
4,1,7,15,13,-5,10,3,-7,-6,7,24
-3,-1,12,15,6,20,3,20,-6,-2,-7,16
-2,12,17,19,15,18,7,0,1,23,0,-8
-3,6,7,24,1,10,14,24,3,-7,-2,25
-4,8,0,-3,2,19,-8,9,15,28,-2,13
-6,5,6,-1,12,13,3,1,-2,2,10,18
-3,24,-8,25,3,27,2,1,-5,13,5,18
13,19,12,-1,2,2,-6,7,7,12,9,25
16,29,13,13,8,26,-4,15,-3,1,-1,12
16,33,9,1,7,6,-4,-2,6,19,9,10
-3,34,-3,28,10,11,12,24,7,14,1,6
-7,35,-1,17,10,19,4,2,6,19,1,3
6,-21,1,-13,0,-18,4,-25,10,-25,8,-6
6,-26,10,-31,9,-11,3,-20,9,-17,-3,-34
7,-17,11,-7,9,1,4,-7,-5,-10,10,-19
12,0,3,2,11,-25,-4,-27,4,-5,7,3
-5,-25,11,-13,1,-8,-2,-30,19,-1,6,-30
5,-18,12,-13,-5,-12,16,-6,18,-7,15,-3
9,-5,-3,-21,17,-6,5,-17,-3,-13,3,-3
14,6,6,-29,18,-3,13,-22,13,4,2,-27
4,-5,11,8,3,-21,-5,-18,12,6,9,-27
1,7,2,8,4,3,-4,-5,19,-1,6,-20
-1,-8,15,8,15,-25,-5,-11,-3,-6,16,10
1,-4,5,-16,15,-10,17,7,6,-13,1,0
-5,8,14,-6,9,-16,19,9,3,11,9,12
12,-1,-5,-10,19,10,-5,-23,11,12,-2,-4
-6,12,13,-22,11,2,-7,5,14,-22,7,-21
2,11,8,-6,-3,9,5,-14,15,-1,-1,-6
4,12,17,-4,7,12,14,-6,12,5,4,7
-6,17,0,-15,4,-10,-1,0,13,13,7,-5
-7,16,4,-14,6,-2,-7,-6,10,17,0,10
13,4,6,-11,15,7,10,14,13,13,-1,-12
4,5,15,10,6,6,-6,16,17,5,-2,6
2,13,19,7,2,6,11,21,-5,-5,-5,1
-2,-6,11,17,3,11,13,-9,8,12,-1,13
-3,-10,11,12,7,9,2,5,10,-11,1,-1
-1,-5,-1,12,18,9,17,7,9,22,16,21
-4,-4,-2,20,2,-9,5,7,13,7,-1,12
-3,-4,-5,-3,8,11,4,19,3,-3,3,24
-2,9,7,-3,13,16,18,10,-3,26,-4,1
1,10,3,-5,6,24,8,13,0,27,3,28
8,4,-2,20,7,-5,17,23,-3,25,-2,-4
3,26,2,3,11,1,9,12,11,-1,4,26
3,30,-2,10,-2,9,2,12,-1,29,5,3
-6,19,1,29,4,8,2,24,-5,15,-1,15
-2,30,3,17,16,17,-1,11,3,-1,3,26
10,12,13,26,13,33,-6,7,17,25,8,20
-5,25,-1,5,1,22,-3,15,1,9,9,18
0,27,0,24,15,34,-6,20,5,6,3,14
10,-1,0,-2,-4,-34,15,-8,-3,-20,18,-18
6,0,15,-24,3,-18,20,-15,11,-2,1,-31
10,-8,-6,1,-5,-11,5,-15,12,-12,1,-9
12,0,15,-9,10,-20,17,2,15,-19,2,-13
13,-8,13,-2,19,2,14,-15,4,-22,4,-28
10,-27,7,5,12,-9,15,-31,8,-6,9,-2
0,4,4,-13,3,-30,2,-3,-5,-20,-5,-20
7,-2,6,7,6,-23,4,-3,15,6,-1,-12
0,-16,2,7,3,-20,3,-27,-4,-14,3,-8
11,-22,-4,-24,2,-19,2,-5,16,6,19,9
11,-9,15,-9,16,-4,1,6,0,4,9,-12
9,-10,-6,-6,0,-2,11,-16,18,-6,3,-11
3,-3,-2,-23,10,-21,5,2,-1,-14,14,7
8,-14,11,-17,7,13,19,8,2,-17,-5,9
3,3,3,-12,3,-18,6,-22,-4,-1,-1,-8
-2,11,15,6,5,-20,11,8,12,7,11,0
4,-15,20,8,3,-1,1,-8,8,-18,12,-18
7,7,11,-7,7,-1,8,-19,1,4,6,-7
0,-12,-4,16,7,9,7,11,13,14,4,6
3,-14,13,16,9,-6,18,1,-5,4,3,12
3,-12,0,5,15,-11,17,11,3,0,10,14
1,-3,-4,6,5,6,-3,1,-3,0,17,11
-1,-12,18,22,14,-11,-1,-1,14,-14,11,-3
0,1,9,-7,15,15,-5,-5,13,-5,-2,10
11,-9,-4,-1,-3,-7,11,23,7,-2,3,9
-2,13,6,-11,10,22,-3,14,13,-5,0,5
-1,14,2,1,-1,7,2,20,13,20,2,-3
4,24,2,-7,-5,-5,17,7,1,-1,9,22
-5,20,4,23,-3,28,0,16,-4,-4,-4,3
3,20,-2,25,16,11,6,18,7,-1,3,5
-5,18,0,3,1,27,-3,26,6,20,2,5
11,-5,16,13,-6,16,20,29,2,25,-2,1
2,25,2,6,-1,30,-5,30,0,-2,13,-4
-5,5,-6,21,-4,24,4,1,-5,1,-6,16
8,18,6,21,0,12,6,2,8,15,4,15
11,1,-5,28,6,3,-3,33,14,18,3,33
-2,22,-1,17,6,13,8,15,1,0,4,30
12,-4,20,0,8,-25,6,-33,7,-25,-5,-4
11,-5,11,-10,10,-7,-2,-17,-2,-35,7,-25
5,-12,16,-22,21,-4,-3,-2,15,1,7,-32
21,2,7,-12,7,-17,1,-11,15,-16,17,0
1,-6,13,-30,21,-4,8,-2,20,4,4,-2
1,-15,8,-2,11,-5,2,5,15,-17,1,-20
1,-22,8,-28,-1,-1,3,-22,-1,-15,7,-29
-2,-23,-2,-1,-5,-23,3,0,8,-24,13,-13
2,3,0,-14,8,-15,8,-17,21,4,-2,-24
14,-21,11,5,10,-15,14,-8,19,7,4,-4
0,8,18,-4,14,-10,7,-3,17,-2,7,-23
16,-5,-5,-5,4,-5,13,-24,10,-19,1,-12
9,6,3,-9,9,5,0,-24,5,-9,3,0
12,-16,4,-8,-2,-23,17,-2,21,13,1,-13
5,-13,-4,5,5,5,18,7,21,0,0,-16
4,-7,15,-1,3,-8,-1,9,9,10,0,10
13,-1,1,-10,14,-6,16,-4,-4,9,3,-7
7,-12,5,-14,11,3,13,-15,12,-4,4,-9
0,-3,4,-11,10,5,18,13,4,12,6,-2
-1,-10,10,-14,0,-17,6,-15,9,12,-1,-4
1,8,15,-7,-3,5,1,18,4,-14,7,-11
-5,-10,-3,-6,15,12,9,-3,10,17,5,11
2,16,8,-3,2,7,14,-8,3,1,10,-9
9,16,4,14,-3,16,2,1,5,20,10,-4
-1,14,0,1,-2,-4,5,23,5,-7,1,20
4,18,11,3,0,9,-5,8,-5,14,1,11
-3,15,-5,6,1,16,6,25,4,18,-2,8
16,15,13,4,3,13,7,12,20,11,-1,7
-3,11,15,18,-5,-5,-5,22,3,16,-3,10
-1,4,-3,26,19,15,-4,11,-2,25,2,17
2,23,5,9,1,6,0,26,-5,25,-3,13
2,27,16,1,2,1,20,31,1,22,9,14
10,19,1,8,10,31,18,13,15,19,2,28
-3,18,5,7,14,-2,14,13,1,23,-4,21
-5,13,-3,22,7,1,2,19,6,32,4,6
-4,5,12,15,-3,21,-1,19,9,6,8,3
-5,6,18,28,-1,18,13,24,-1,0,3,10
7,-5,11,-5,19,-8,9,-18,17,-12,-1,-24
14,-26,18,-18,14,-15,15,-18,12,-25,6,-4
18,-3,4,-12,9,-8,16,-22,12,-30,14,-8
3,-13,10,-7,-3,-11,14,-17,12,-5,1,-24
9,-7,-1,-28,12,-4,-1,-1,6,-26,0,1
6,-15,3,-8,10,-5,12,-2,6,-7,5,-27
2,-25,-3,-15,14,-30,5,2,12,0,4,-15
18,-6,3,4,-4,-29,5,-15,9,-20,2,2
8,-12,7,-26,6,-23,21,-8,15,-13,8,-15
12,-20,15,-15,16,1,2,1,-1,1,22,9
4,-13,3,-11,22,-1,22,6,10,-22,8,1
18,-5,18,-25,10,-24,-3,2,16,-18,2,1
1,-21,11,-2,22,-4,9,2,-3,-2,9,-24
2,-10,-3,11,7,-5,-1,13,15,-18,17,0
0,-12,-4,11,12,-2,1,-14,13,2,7,-10
-1,-7,11,2,16,-21,0,-6,16,3,14,14
-4,-7,7,4,0,7,11,0,15,-8,11,-17
3,9,0,4,10,-6,5,-14,19,15,-2,14
0,9,2,8,7,-7,3,-1,0,3,-4,6
7,-10,-3,2,7,12,6,12,4,-4,16,7
4,10,15,-15,11,18,12,-13,-1,13,3,-7
-2,-12,21,4,20,20,6,19,1,2,0,-1
2,11,0,4,-2,22,-3,-14,7,7,15,-2
6,21,-4,5,7,22,4,4,-1,-10,-2,0
21,20,0,14,17,-2,-2,7,-1,22,5,-1
-3,5,2,-7,11,3,-1,-7,6,-7,16,16
4,17,20,22,-2,0,1,18,16,16,2,11
-1,3,7,-8,5,6,3,13,3,-4,-4,9
-3,-3,17,25,2,28,8,26,4,24,1,5
1,16,5,7,-3,3,-2,9,-3,8,-1,-5
1,5,-1,21,8,27,3,27,3,13,6,15
-4,-5,-4,20,-3,0,3,5,2,28,21,13
-3,14,9,5,-3,21,3,23,-1,0,5,12
-3,4,1,18,11,26,6,-3,4,15,-1,27
8,9,11,26,2,2,1,19,0,29,-2,10
-1,20,15,10,-1,33,8,28,2,28,0,8
-4,8,0,28,1,26,-3,3,1,30,0,29
11,-13,11,-22,0,-13,6,-17,14,0,2,-9
6,-34,-1,-29,-3,-30,3,-9,18,-24,1,-23
18,-5,4,-13,3,-19,22,-1,22,0,1,-24
3,-30,22,-13,8,1,1,-27,6,-18,-2,-2
18,-11,18,-27,-2,-26,8,-18,-2,0,2,-3
7,-23,7,-30,7,-20,16,-1,-3,-24,8,2
8,-11,-2,-14,13,-29,9,-18,10,-4,-2,-10
2,-28,6,-28,22,4,13,-3,8,-17,0,-3
4,-14,-3,3,14,-8,9,4,3,-4,-2,-9
1,-23,20,-10,-1,-27,18,-9,12,8,14,-10
4,-4,-3,6,-3,7,1,-7,20,-13,2,-15
-3,-11,3,-24,6,8,1,6,23,-6,0,-11
18,-2,17,7,13,-20,16,-21,11,-8,0,-17
0,2,2,9,13,-7,17,0,-2,-12,9,-12
9,2,4,-8,9,-7,17,13,7,12,22,5
23,10,2,-9,0,-2,2,-7,3,-4,4,-10
-2,-11,-1,7,-3,-8,10,-3,0,-12,17,-13
1,9,20,-4,5,-17,22,13,4,-3,2,-15
-1,5,4,-12,17,14,22,6,3,5,2,10
-3,4,4,-14,8,-7,1,-8,11,-3,5,-12
5,16,11,3,11,-2,-3,13,18,-11,10,2
0,21,7,11,15,-2,16,14,4,-3,16,8
7,-13,9,0,13,5,-2,2,1,20,1,22
3,18,2,-8,0,-2,14,6,1,6,1,5
5,8,7,1,-1,-7,0,2,4,10,-2,18
5,14,-1,1,7,-11,6,-11,-1,14,-2,23
4,15,18,-6,13,20,2,1,2,19,15,21
6,24,8,3,3,15,15,16,23,18,14,5
21,23,-1,0,0,-5,8,-8,17,20,0,9
-2,10,21,10,7,-5,15,19,16,26,6,20
-1,12,6,16,-1,19,18,28,4,-3,5,-3
0,14,0,25,11,4,3,11,-3,-4,8,5
-2,7,6,22,0,9,14,6,5,16,-2,31
-2,1,2,0,3,22,23,33,5,-3,6,30
14,-1,12,27,-2,13,8,13,-3,13,11,3
0,9,7,11,6,6,2,5,2,19,-2,15
0,1,1,20,4,2,15,29,3,31,14,8
5,-28,1,-12,15,-4,3,-11,1,-11,-2,0
5,-26,6,-17,24,0,1,-8,7,-29,21,-20
11,-5,1,-25,17,-31,4,-2,18,-21,20,-16
2,-25,10,-15,10,-9,0,-12,14,-11,-2,-17
2,-30,-1,-4,15,-16,8,-25,0,-9,-2,-19
15,-8,7,2,13,-7,3,-15,10,4,3,-8
15,-24,18,-20,2,4,3,-20,15,-12,12,-14
4,4,-2,-18,11,-12,0,7,2,-6,17,-5
1,-6,2,1,4,-19,9,-18,2,0,22,1
8,-24,13,6,3,-14,16,1,0,6,-1,-12
0,1,21,-12,6,-16,-1,-19,17,-16,-1,7
1,-1,4,-17,8,-8,9,-20,21,-11,-2,-19
0,-14,1,11,16,-20,0,2,5,-7,6,6
2,11,-1,-12,15,1,12,-18,9,13,14,-7
-2,11,5,-2,3,-13,12,-18,0,5,14,-13
-2,3,13,-19,-2,-7,21,-6,12,-12,16,7
0,16,3,-19,4,2,7,0,8,-17,9,-18
8,-2,24,17,16,6,21,15,5,9,19,-7
7,8,2,6,3,-2,9,-6,6,1,-1,-5
2,14,-2,-14,10,1,3,-5,6,-9,-2,17
-1,14,14,-13,2,3,20,17,10,-2,1,18
3,16,12,-13,3,-8,3,2,6,-12,9,14
-1,6,-1,12,4,3,4,13,5,-13,5,-14
4,15,5,19,4,17,-1,22,7,11,6,10
18,-10,2,-10,-2,20,0,5,0,19,7,19
-1,8,15,22,12,16,16,-6,6,24,5,-9
-2,8,9,19,12,23,11,5,11,-8,1,13
0,8,14,-8,14,18,8,14,19,9,13,6
-1,4,23,21,2,13,7,23,16,-7,12,19
2,13,24,12,10,25,13,7,4,-3,20,-7
1,12,16,15,12,22,16,21,3,-5,14,8
10,5,10,8,13,-1,2,23,5,21,14,26
2,10,9,3,23,32,0,3,-2,10,12,-2
3,24,15,8,3,12,-1,26,1,24,18,-2
9,6,6,12,19,2,7,8,0,14,1,29
1,1,5,0,21,34,9,7,1,19,12,2
1,28,8,30,22,20,12,25,17,7,0,7
7,-20,18,-31,21,-11,19,-28,24,-5,9,-31
3,-17,3,1,15,-35,10,1,18,-8,6,-32
-1,-17,7,-10,22,-19,15,-17,-1,-4,12,-21
2,-17,2,-14,20,-22,5,0,7,-5,6,1
5,-12,21,-31,18,-22,15,-27,11,-32,8,-17
2,-14,6,-13,1,-20,19,-25,16,-14,7,-29
25,4,18,-20,2,-28,4,-15,3,-1,15,-24
7,2,8,-9,4,2,21,-29,2,4,1,-4
2,-17,7,-9,4,-16,17,2,8,-19,2,-15
10,6,1,1,24,-3,5,-2,24,2,6,-8
0,3,14,-10,6,2,18,-4,-1,8,1,-22
1,-11,15,-20,18,-4,17,-3,20,8,1,11
-1,-4,7,-4,1,7,0,2,11,12,2,0
9,-21,20,-13,10,13,7,-4,5,-14,5,5
1,6,9,12,0,11,1,3,10,0,16,13
-1,15,18,-18,5,7,-1,-16,18,2,6,12
15,-7,6,9,9,3,18,16,3,10,7,13
16,-4,1,-3,7,-16,13,16,7,-17,4,-3
18,-14,2,-11,20,16,1,-6,6,3,8,-5
1,12,20,2,6,18,8,-8,6,10,5,19
-1,7,7,-4,19,17,7,8,4,5,20,-11
18,5,17,-8,8,-5,3,21,8,-11,7,2
-1,-3,1,11,8,20,9,0,6,1,5,0
-1,3,0,17,9,0,14,23,14,12,1,22
-1,10,11,-2,6,-5,16,-10,22,14,2,-4
1,5,2,18,18,22,6,-5,0,6,0,7
18,-3,19,13,7,11,14,-6,12,1,3,1
6,17,8,23,19,25,7,23,22,7,3,19
1,1,2,17,5,8,10,-7,6,6,6,-2
4,21,0,6,-1,4,13,0,-1,11,2,-4
14,4,2,20,3,8,16,6,11,16,5,-3
4,20,1,14,22,11,4,0,15,28,24,14
0,17,14,-4,13,3,4,14,9,21,19,22
1,5,-1,5,-1,4,1,6,20,13,2,26
7,22,10,12,-1,26,15,17,13,34,4,-2
4,25,3,7,12,20,8,34,4,11,9,9
6,33,1,15,14,20,17,15,13,15,4,7
8,-13,12,-12,10,-4,5,-10,21,-9,7,-15
0,-28,7,-33,1,-1,7,-10,4,-13,8,-7
11,0,3,-32,0,-4,1,-1,0,-7,8,-13
6,-4,21,-24,5,-1,15,-25,8,-28,9,-16
11,3,15,-28,18,1,7,-21,0,-24,14,-10
4,5,6,-18,2,-24,15,-16,3,-17,10,-16
16,-24,0,-15,4,-7,11,-9,2,-27,0,-20
11,-9,1,-9,3,-15,16,-15,25,-11,3,-8
0,1,18,-4,17,-3,9,5,19,-4,11,-21
20,4,0,-21,25,2,6,9,10,-13,16,7
4,7,5,-22,1,9,8,-25,10,-14,12,-5
0,1,9,-14,13,-23,3,-17,1,0,7,-8
0,8,8,5,0,-1,0,12,12,8,13,-13
22,13,10,-4,13,-16,21,-1,16,13,11,-18
1,5,11,-2,0,13,4,2,0,0,10,3
20,-1,25,-3,6,6,11,-1,8,-17,9,5
1,11,13,-17,6,0,10,-17,9,-13,12,15
20,3,4,-5,8,15,9,8,22,-2,5,7
8,17,6,-3,12,16,2,10,19,-18,0,-6
19,12,11,-7,22,-15,9,19,7,1,15,-1
3,11,20,-5,3,2,1,-2,2,-5,18,-11
1,10,0,-10,3,9,17,9,3,-10,12,-15
0,-4,0,-5,1,-3,5,21,8,11,7,-6
10,-9,10,-9,0,-3,21,19,1,18,0,14
1,3,1,-8,1,-5,1,3,0,-3,16,9
2,9,15,23,16,21,12,9,1,5,14,-5
2,3,17,5,22,-7,15,22,9,24,5,14
6,23,18,-4,1,10,3,26,20,11,16,1
3,-3,0,4,0,26,4,-6,13,9,14,26
1,3,0,0,9,21,4,10,2,6,9,-6
9,25,14,9,8,29,0,-5,0,20,0,19
0,4,17,-3,0,19,19,16,4,11,21,29
10,2,3,12,15,15,20,25,8,23,0,-3
12,20,10,25,15,27,21,16,0,13,14,10
3,1,20,25,0,15,0,-2,14,11,16,24
4,24,4,9,0,14,0,12,0,23,20,29
0,31,5,6,4,13,0,33,0,6,1,7
