0,-12,0,-19,0,-12,0,-32,-5,-14,0,-28
0,-12,-10,-17,-20,-26,0,-28,-8,-34,0,-18
0,-12,-14,2,-7,-22,-23,-32,-13,-30,0,-27
0,-12,-15,-15,0,-12,0,-23,-21,-13,0,-23
0,-12,-19,2,0,-12,-8,-24,-12,-11,-21,-14
0,-12,-18,-23,0,-12,0,-20,-24,4,0,-27
0,-12,-24,4,0,-13,0,-18,-21,-9,0,-12
0,-12,-9,-25,-4,-7,-6,-29,-9,-11,-13,-8
0,-12,-21,-27,-14,-28,-1,-6,-6,-11,0,-19
0,-15,-14,-21,0,-9,0,-3,-7,-15,-23,-9
0,-15,-21,6,0,-15,-23,-22,-13,-18,-20,-2
0,-15,-13,-17,-18,4,-1,-8,-18,-18,0,-3
0,-15,-5,-24,0,-8,-15,-22,-14,-20,0,0
0,-15,-13,-22,-18,12,0,-20,-5,-16,-9,13
0,-15,-21,-22,-15,3,0,-13,-14,11,-26,14
0,-17,-22,-1,-20,8,-2,3,-19,-13,-1,4
-1,-10,-5,-18,-2,0,-1,1,-2,-1,-7,-13
-26,3,-11,-12,-9,-9,-17,-1,-23,4,-13,-2
-26,3,-25,6,-26,-17,-19,4,-12,-17,-20,-11
-25,19,-24,4,-11,0,-19,-7,-9,-8,-25,-10
-24,15,-1,14,-3,18,-10,7,-15,-14,-1,5
-24,14,-14,8,-13,-2,-26,0,-5,15,-18,17
-26,18,-1,-4,-7,13,-11,8,-24,-8,-18,-14
-25,-12,-17,-3,-13,23,-11,8,-19,-2,-14,6
-10,22,-13,-8,-4,-8,-11,1,-24,6,-14,0
-16,24,-22,-9,-2,0,-24,15,-25,-11,-20,16
-16,26,-20,-10,-10,21,-25,25,-22,15,-21,13
-6,3,-3,25,-15,17,-13,3,-13,23,-21,-4
-5,25,-5,10,-21,7,-2,2,-16,-6,0,-2
-13,12,-15,10,-14,17,-16,25,-8,13,-19,20
-11,15,-5,21,-10,24,-22,3,-7,29,-16,28
-10,22,-22,27,-20,23,0,12,-4,19,-13,5
-15,23,0,27,-26,9,-7,1,-3,3,-10,23
-8,21,-15,4,-20,8,-8,18,-16,13,-8,3
-11,6,-6,26,-1,27,-13,-1,-4,32,-3,3
-18,21,-25,9,-23,-1,-14,16,-6,12,-18,33
-23,31,-23,7,-18,18,-12,5,0,8,-14,34
0,-12,1,-24,-19,-23,0,-12,-23,-16,-20,-25
0,-12,-11,-16,-1,-2,-8,-17,-5,-33,0,-27
0,-12,0,-17,-24,-34,-16,-8,-19,-19,-25,-15
0,-12,1,-10,1,-20,-12,-22,-24,-15,-1,-14
0,-12,-21,-2,-16,-27,0,-14,1,-14,0,-15
0,-12,1,-21,-16,-4,0,-12,-19,-28,-10,-30
0,-12,-1,-6,-3,-2,-4,-30,1,-19,1,-18
0,-12,-1,-6,-18,6,-14,-28,-14,-13,0,-9
0,-20,1,-6,-22,-3,-7,-14,-21,1,0,-9
-1,-3,1,-18,-7,5,0,-4,-11,9,-3,-7
-1,-3,0,-7,-11,-14,-12,-19,-24,-22,-24,-11
-1,-3,-3,-3,-8,-1,-1,-2,-2,-7,0,-7
-1,-3,1,-17,0,-24,1,-5,-1,-1,1,-21
-1,-3,-12,-8,-12,-20,-3,-9,1,-11,0,-1
-1,-3,0,-1,-24,10,-16,11,1,-13,0,2
-1,-3,1,15,-7,-13,-9,15,1,-11,-1,2
-25,-7,-15,11,-8,-2,-25,-1,-22,-3,-16,-5
-2,1,-6,15,-13,-6,1,-11,-22,-3,-6,-13
-2,-10,1,-3,-3,15,-23,3,-10,-13,-8,0
-24,1,-20,-10,-25,5,-6,-6,-11,-14,-20,13
-12,-8,-5,-9,-22,1,-18,3,-9,20,-11,-15
-6,5,-14,10,-21,10,-23,-3,-13,1,-9,6
-16,10,-12,9,-5,-10,-4,0,-15,-6,-23,-3
-22,-13,-3,7,-3,-6,-7,-4,-8,21,-14,-1
-4,19,-14,-9,-16,-4,-14,-2,-12,16,-18,-1
-11,15,-12,22,-8,-6,-3,-10,-7,10,-3,-1
-4,19,0,-9,-20,-6,-2,-10,1,-5,-2,19
-11,16,-17,9,-12,20,-1,25,-24,-4,0,17
-14,5,-24,17,-9,16,-5,2,-1,17,-18,13
-24,17,0,26,-3,-7,-22,16,-23,17,-14,18
-10,10,-12,22,-14,23,-11,8,-22,18,-1,-5
-11,14,-11,18,-22,23,-15,30,0,5,-6,16
-6,3,-9,25,-8,19,1,-2,-6,12,-4,-2
-3,28,0,1,-5,31,-19,27,-17,6,-25,4
-15,30,-6,26,-14,3,-13,14,-25,11,-3,29
-18,-1,-5,28,-1,29,-25,19,-24,21,-24,21
-20,33,-25,9,-24,35,-13,0,-16,7,-10,6
0,-20,1,-28,-18,-22,0,-28,2,-12,-10,0
-1,-12,1,-13,-12,-2,-15,-15,2,-13,1,-12
-1,-12,2,-26,-19,-34,-6,-16,2,-13,2,-14
-1,-12,2,-29,-20,-21,-19,-1,-20,2,0,-9
-1,-15,2,-29,-10,-4,-15,-31,-7,-22,0,-12
0,-14,1,-7,-6,-19,-15,4,1,-13,2,-12
1,-5,1,-7,-19,2,-17,-21,1,-10,-6,-5
2,-26,1,-4,-11,-12,-6,-10,1,-8,0,-8
-2,-6,2,-9,-8,6,-7,-18,-15,-7,-21,-5
-1,-9,-6,-21,-5,-10,-5,-25,2,-11,2,-4
0,-18,2,-15,-12,6,-1,-8,-20,-13,-23,4
1,-9,2,-5,-18,-10,-12,-20,-12,-22,2,-14
-22,12,-11,-19,2,10,1,-16,2,-7,0,-2
1,-16,-9,-21,-21,-3,-5,-7,-7,-21,-21,-11
-1,2,-6,-7,0,0,-6,7,-10,-10,-19,14
-22,13,-4,-8,-22,0,-22,-18,-20,0,-20,-3
-23,15,-19,-14,-6,6,-18,-3,-21,2,-8,-2
-24,14,-8,7,-4,13,-19,-15,-12,-5,-4,-17
-1,-11,-24,10,-17,-16,-22,-12,-18,15,-2,4
-13,-12,-11,-1,0,8,2,16,-11,-11,-13,-11
0,-7,-19,14,-22,-5,2,-16,2,20,-11,-11
-13,-14,-2,9,0,-9,-14,3,-11,9,-11,-3
-14,-2,-4,0,-16,9,-9,3,-2,-6,-3,2
-2,-8,1,1,-24,18,0,14,-23,14,-3,-2
0,-10,-10,16,-23,6,1,-6,-10,8,-19,-9
-18,11,-19,-6,-20,-4,-18,16,-22,20,0,15
-6,2,-7,5,-7,-3,-6,7,-4,16,-12,-10
-11,9,-20,24,-18,23,-14,18,-23,-3,-11,26
-12,18,1,5,-9,19,-13,21,-16,13,-22,14
-12,22,-4,27,-12,27,-4,5,-16,17,-23,17
-13,8,-1,6,-15,18,-17,2,-15,-1,-6,23
-12,10,-8,25,-8,9,-22,11,-3,12,-7,18
-5,31,-5,27,-21,27,-11,9,-14,-1,-11,24
-7,15,-15,11,-12,28,-13,0,-6,11,-16,18
-14,19,-12,7,-21,3,-6,2,-3,6,2,0
-17,23,-4,-1,-23,1,-22,21,0,15,-23,35
-4,5,-19,18,-19,27,-8,26,-3,27,-5,24
-23,-21,0,-15,0,-19,2,-10,1,-28,-6,-22
3,-20,-11,-30,-17,-30,-18,-29,3,-15,-19,-12
3,-21,3,-13,-19,-17,3,-11,3,-11,3,-18
2,-29,-13,-13,1,-17,-13,-7,1,-15,0,-15
-21,3,-16,-1,2,-15,-21,-15,-17,3,-5,-28
-23,-12,1,-15,1,-13,-11,-1,-11,-14,1,-14
3,-3,-13,-15,0,-9,-6,-4,2,-8,0,-13
1,-4,3,-5,-17,-19,-6,-5,-22,-20,-7,7
2,-19,-6,-20,-18,-21,-17,-21,-8,-19,-11,-23
3,-2,3,-9,-20,3,3,-9,3,-8,-8,-17
-23,-8,3,-10,-3,-2,2,-1,-9,-20,-11,-23
-23,-11,-9,-16,-22,8,3,-5,-23,-21,-17,-8
-1,-5,-5,-5,-11,-14,-22,-10,-20,2,0,6
-15,-7,-2,-12,-10,11,-19,13,-19,-20,1,-21
2,-11,-8,-11,-2,-3,2,-10,-13,2,-10,-3
-22,7,-6,11,0,-10,-14,-2,-22,14,-19,-9
-23,-9,-21,-14,-21,-2,-9,16,-19,12,-22,11
-10,-15,-5,16,-17,11,-3,-13,-5,4,-15,-1
-12,-14,2,14,0,5,-3,-11,-12,13,-3,0
-11,-16,-17,7,-10,-9,-11,17,-12,-13,-4,1
-10,-13,-18,15,-20,3,-9,6,-16,12,0,7
-9,18,2,12,-4,4,-15,-10,-17,5,0,-11
-12,-6,-8,21,-7,13,-1,4,-6,3,-1,14
-7,-7,-11,1,-7,-3,-12,-6,-2,2,-14,12
-7,-1,-5,-10,2,10,-4,7,3,15,-12,6
-4,-9,-19,-11,-10,17,-12,25,1,4,-1,-4
-4,19,-18,-2,-1,-8,-6,-5,-7,-5,-15,7
-9,9,-13,-8,-20,24,-4,18,-8,7,-10,24
-11,6,-8,7,-18,9,-17,20,0,-4,-14,1
-4,-1,3,27,-1,14,-8,9,-7,-1,-15,19
-16,20,-16,21,-1,14,3,20,-18,11,-11,14
-11,26,-18,7,-19,18,-8,7,-19,22,-15,2
-11,14,-9,9,-6,13,-9,-4,-5,-2,-2,0
-8,11,-13,8,-3,26,-16,11,-20,4,-12,19
-13,27,-4,3,-19,11,-15,13,-15,28,-10,16
-14,32,-3,34,-4,27,-20,17,-15,0,-16,34
-16,36,-21,16,3,33,-3,19,3,30,-18,17
-21,-6,-19,-15,-3,-36,-4,-11,3,-13,0,-36
1,-19,-16,-27,-11,-34,-21,-27,-14,-33,-17,-19
3,-21,2,-16,-17,-24,-10,-33,3,-10,2,-26
-20,0,0,3,3,-25,0,-11,-13,-16,-22,-18
4,-30,-7,-11,-21,-27,4,-10,1,-9,-8,-26
-21,2,-19,-16,-16,-29,-1,-30,-1,-25,-15,-29
0,-7,-21,1,-5,-22,-7,-12,-4,-12,-7,-26
-21,-7,-21,6,-18,-14,-16,-24,-2,-11,-7,-27
3,-25,-14,3,0,-27,-15,4,-18,-6,-20,-25
-21,2,-13,-12,-15,-26,-22,-10,1,1,1,-5
4,2,-1,-20,-17,4,-11,-10,-19,-13,-11,-21
-10,-19,-18,0,3,-13,-13,-18,1,-17,0,-16
-3,-19,-1,-4,-13,-18,0,-1,-20,2,-11,-11
-1,-18,0,-14,-6,-18,2,-19,-13,-14,2,11
-18,-16,0,3,2,-9,-5,-18,-2,-17,-1,-1
3,-16,1,-20,-7,-13,-7,-11,-18,-16,-3,4
-9,-15,0,-14,-22,-2,4,1,-18,-3,-2,-12
-10,-17,-5,17,4,-16,-2,-6,-8,-11,-13,7
-11,-15,-19,7,-20,18,-19,-10,-12,17,-18,-14
-1,-13,4,-11,-7,-8,3,-2,-7,11,2,-2
-15,-8,3,-16,-10,-8,-14,7,-16,10,-2,11
-20,-7,-10,-5,-18,-13,-12,-2,-3,21,4,16
-20,11,0,-12,-4,14,-22,20,-6,11,-9,-14
-4,12,-3,2,-17,13,-11,18,-3,-9,-22,-13
-5,2,-15,21,-22,4,-7,17,-11,1,-11,12
-9,6,-9,3,-22,21,-18,10,-22,22,-6,15
-8,6,-18,12,-20,-1,-21,3,0,9,-22,0
-11,19,3,11,-2,14,-6,3,-22,2,-6,8
-11,24,-19,-7,-10,27,-18,10,-17,5,-1,18
-22,17,-5,9,-14,-2,-11,17,-20,25,1,12
-11,24,-22,26,-20,8,-13,10,-13,10,-12,6
-11,29,1,12,-2,21,-10,16,-11,1,-12,-4
-10,17,1,21,-10,22,-18,23,-21,29,-6,1
-9,29,-11,27,-5,9,-15,12,-8,15,-12,0
-12,8,1,7,-20,1,-9,19,-15,22,-7,20
-17,35,-14,12,-15,28,-16,18,-22,0,0,34
-19,34,2,20,-18,34,-21,31,-22,19,-17,0
1,-19,-14,-19,-5,-11,-16,-7,3,-19,-13,-3
-21,-19,-20,-27,-20,-27,3,-3,-5,-31,-12,1
2,-15,-10,-30,-2,-20,-6,-7,-19,-31,-6,-26
-20,-2,-12,-14,-14,-33,-9,-6,-15,-3,-1,-11
-20,-11,-2,0,-18,-24,-8,-1,-10,2,1,-20
5,-17,-1,-9,3,-2,-17,-21,-4,-19,2,0
-21,-13,-14,-2,-19,-28,-1,-21,-15,6,-12,-19
1,-8,-15,5,-19,5,-19,-25,-15,-6,-11,4
4,-14,-14,1,-15,3,-21,-28,-2,-10,-20,4
4,-12,-19,8,-10,-23,-11,-5,-12,7,-3,5
-21,9,-13,0,1,-11,-1,-10,3,-26,4,-21
-16,-14,-9,-13,0,-10,-5,9,5,-25,-4,-3
-12,7,-2,-15,-11,2,-4,-18,3,-17,-10,-13
-12,2,-1,-12,-7,-7,-13,3,-11,-17,4,-21
4,6,-19,-5,-5,10,-9,-12,1,-18,-3,4
-11,-17,-20,5,-4,13,-19,8,0,10,0,-18
3,-6,-3,1,3,-16,-19,-20,4,6,-12,-12
-20,-3,-8,-17,0,12,-9,13,-12,16,-10,12
-10,-16,-10,-16,-15,16,-16,18,-15,-13,-18,-9
-16,-1,-6,6,-11,2,-11,2,3,10,-4,13
0,1,0,1,-19,13,-6,-16,-19,11,-17,9
-4,6,-15,-14,0,7,-6,-14,-6,-4,-21,8
-3,-8,-21,-13,-9,5,-21,-9,2,22,-2,9
-2,5,-12,11,2,2,0,12,-18,21,4,21
-8,4,-1,3,-12,11,5,3,-1,-9,-4,17
-15,12,-2,6,-15,1,-14,24,-13,1,-3,11
-16,15,-21,23,-12,21,-7,-9,-5,5,-15,13
-9,24,-3,20,-5,10,-18,-4,-16,17,-10,12
-10,27,0,28,-4,18,2,24,-16,-2,4,7
-10,8,5,28,-20,5,-21,-4,1,28,2,28
-9,21,-19,23,3,11,-5,27,4,24,-8,9
-10,26,-6,5,-9,24,-14,20,-3,-5,-14,23
0,30,-6,8,-5,22,-17,27,1,1,-9,23
-8,28,-5,9,-2,8,-20,3,-19,10,-1,8
-6,33,0,17,3,17,-3,24,-8,33,-8,7
-17,30,-12,16,-12,28,-17,10,-4,26,-18,13
-15,28,-11,14,-10,34,-5,28,-21,30,-19,14
-10,-12,-20,-12,-8,-11,-2,0,2,-27,-2,-21
-10,-29,-15,-13,-7,-3,-10,-26,-3,-16,-9,-27
-18,-2,-1,-21,-6,-17,1,-27,4,-13,-16,0
-19,-13,-13,-12,-6,-19,-14,-27,-3,-32,0,-27
6,-32,-1,-25,3,-18,-1,-18,-15,-24,-16,-12
5,-5,-4,5,-17,-15,-11,-1,-14,-13,-9,-30
-19,-5,-14,-15,-19,-2,-7,-26,-7,-29,-2,4
3,-4,-3,-26,-16,-26,5,-25,-12,-21,-14,-11
6,-22,-16,-1,-19,-17,-9,-17,0,7,-20,-19
-9,-20,-11,-18,-18,-1,-8,-3,-4,-9,-18,-4
-10,-21,-1,3,-17,0,-17,2,-9,-18,-7,-6
-11,5,1,6,3,5,-18,-11,-3,-4,-12,3
3,-11,-12,12,2,-18,-19,-8,-16,-18,5,-11
-11,-14,-1,2,-5,-12,-11,-13,-6,5,2,-15
-15,0,2,-14,-1,1,-5,10,1,-6,3,-13
1,2,4,5,-2,-5,-5,-16,-9,-11,-7,9
-7,-18,-4,5,-15,-9,-16,-6,-8,1,-13,-7
1,3,-19,3,-15,-3,-15,8,-3,-5,-13,-9
4,8,-9,-12,2,-15,-15,-1,-14,13,-17,-3
3,-13,-14,9,-12,9,-10,16,2,8,-2,-12
-18,-13,3,4,-7,17,-19,-13,-6,-14,-3,-5
-2,2,-1,21,-8,-6,-18,-10,-11,18,-4,-15
1,-3,5,20,6,1,3,-2,-11,-11,-2,-3
-3,20,3,18,-11,-4,1,0,-15,15,-5,19
-6,2,-14,6,-6,23,-7,18,-19,16,-12,-7
-3,20,-5,11,-4,0,-10,25,3,-5,-6,-7
-9,9,-9,-1,-8,-5,-1,24,-17,-7,-16,-5
-6,20,-13,3,3,0,-11,14,-14,3,-4,2
-6,16,1,-1,3,-6,-6,5,-2,2,-3,-6
-14,17,1,8,-12,27,-15,5,-18,14,-4,6
-8,17,-8,16,3,1,-9,2,-8,0,-17,10
-9,24,3,19,-11,16,-1,-5,-19,-2,-3,22
-10,12,-8,21,-5,14,-20,19,2,32,-5,11
-4,32,-3,23,-1,-1,-11,18,3,21,-20,17
-2,20,-14,2,-1,16,-8,2,-12,31,6,24
-16,26,0,1,-18,7,-7,27,-5,-1,1,7
-11,34,-6,34,-2,2,3,16,-15,1,-5,21
5,-8,-7,-32,-16,-2,-4,-1,0,-29,-12,-22
-14,-28,1,-30,-3,-32,-1,-30,2,-16,-17,-8
5,-19,6,-18,6,-25,1,-6,-14,-22,-1,-27
5,-23,3,-32,-17,-13,0,-12,5,-11,-4,-14
6,-20,-16,-16,4,-16,-17,-24,5,-8,5,-16
-19,-3,-8,2,-17,-26,-13,-18,-17,-16,-19,3
-19,1,-13,1,-2,-3,-14,-12,2,6,-7,-24
-17,-1,-5,-24,1,-14,-18,-6,-2,-25,-18,-9
-19,2,-6,-10,-17,-9,-17,6,4,7,-16,4
-7,-23,2,1,-4,-23,-5,-23,-3,1,-12,-1
-18,-18,-6,6,2,-8,-4,-12,-13,-22,-16,-2
-14,-24,4,2,3,-20,-2,11,0,-10,0,-20
1,0,5,-22,7,-16,-3,-22,1,12,7,-11
-3,-5,-9,-15,-6,-13,2,3,7,10,-5,7
-11,-1,0,-11,-5,5,-9,12,6,-11,7,-21
-5,-17,3,6,-4,8,-5,10,6,-8,-4,9
-19,7,-6,0,-6,11,-18,0,4,-6,-3,-18
-14,-2,-6,-8,6,-8,-8,11,-5,4,3,10
6,-12,-4,1,-11,18,-16,-1,-15,-9,-14,17
-11,-12,-19,10,-9,-16,-3,-9,-6,6,-4,7
-1,-5,3,7,-14,7,-1,0,2,4,-18,-15
-15,21,-6,11,-9,10,-10,-6,-8,-6,5,-5
-3,2,-7,10,-19,20,-8,7,5,15,3,2
3,15,-12,7,-13,11,-1,14,-18,-6,-3,18
-5,1,5,1,-8,11,2,24,-16,-2,5,1
-6,17,-18,2,-17,2,6,24,2,24,-18,23
2,-4,-7,11,-4,26,4,5,-10,20,3,16
-1,23,-10,3,-10,-5,-14,13,-8,12,3,2
5,23,2,21,4,4,-19,16,3,-8,-19,-4
-8,9,-14,26,-11,-5,-12,24,-1,5,-1,1
-5,11,-8,14,5,-1,-2,8,-3,28,-15,11
-7,30,-12,3,-15,-4,-6,17,-5,29,-17,23
1,26,-1,19,6,-3,-14,-4,-1,9,0,28
7,30,-11,4,-2,19,-16,22,-12,0,0,10
-3,-2,-4,11,0,29,-14,31,-10,10,-14,17
-15,33,-2,24,-5,29,0,9,-1,2,-11,35
-10,26,-3,32,-15,30,-7,2,-14,32,-6,36
-12,-3,-14,-12,-9,-29,1,-10,-3,-7,8,-2
0,-25,-13,-21,-17,-1,-13,-4,-12,-22,-16,1
-6,-29,-11,-21,7,-15,-5,-20,-4,-30,-9,-21
7,-6,-2,-9,7,-15,-17,-29,8,-19,-4,-16
-18,-22,-13,-15,-17,4,-17,-3,1,-19,-12,-23
-5,-24,-6,-28,-14,-23,-4,-22,1,-22,-2,-22
-5,-24,-11,-15,-2,-8,-6,-27,-12,-16,-8,1
7,-29,-8,-8,-9,-11,-14,-6,-15,-4,6,-11
-18,-19,5,-20,6,-26,-17,-7,3,-10,-10,-24
-5,-26,-14,-16,4,-2,-18,-1,-15,-27,-12,1
-12,-14,6,1,1,-23,5,-25,-5,0,7,5
-8,1,-10,-2,0,-1,5,-18,0,-9,-3,4
-1,-14,0,3,-6,6,2,-16,-1,-24,-16,8
8,12,-10,4,-13,11,6,-12,-5,-8,-2,5
-2,-19,6,-22,-2,-5,-17,-7,-10,0,-16,-10
-8,13,-8,-21,4,-4,-18,-13,-17,-11,-5,2
-11,11,-2,15,1,16,-3,-5,5,-17,-1,-5
-11,-6,4,0,-7,-11,5,-10,-2,-8,2,-3
-18,-6,-13,6,-5,3,-4,-12,4,-4,-13,3
-17,17,2,7,-16,7,-7,-17,-1,-14,1,14
-14,-1,-7,-16,-5,14,7,16,-6,9,-17,10
-18,10,8,18,-7,9,-17,4,6,-9,-4,-3
-14,-3,-2,-14,-16,11,-5,13,-4,16,-3,-2
2,-2,6,-9,3,-10,-18,-7,-7,-2,-2,22
5,16,0,12,-3,3,-15,24,-3,22,4,2
-2,15,4,10,-11,12,-3,22,-14,25,2,-10
4,-9,-3,10,-14,10,4,-8,0,19,-3,24
-3,6,-13,-7,-9,3,-9,27,-6,14,-8,14
-7,15,-18,27,-10,12,3,9,-10,-3,2,-3
-7,11,-1,28,7,14,-13,3,0,15,-12,5
-15,18,-18,16,5,23,-17,5,-14,10,-12,25
-7,19,-15,31,8,31,-12,7,-9,20,-16,24
7,26,6,26,-15,6,-12,29,-13,31,1,29
-1,27,-4,18,-9,27,-12,-3,-11,22,-3,33
4,1,-14,16,-12,1,-13,24,-13,0,-17,7
-3,5,-17,8,-17,6,-11,6,-10,3,3,21
-1,16,-14,19,-16,0,-5,0,-15,15,2,13
-13,-7,9,-7,-2,-12,-17,-9,-11,-34,-3,-2
-6,-29,1,1,-3,-12,-5,0,6,-24,3,-11
-16,-17,1,-27,-11,-33,-9,-24,2,-26,-14,-29
7,-29,7,-11,3,-19,-11,-10,-14,-28,-10,1
5,-17,-14,-12,2,-16,-14,-20,3,-32,-1,-12
6,-16,-17,-2,-8,4,-10,3,6,-9,-12,-11
-17,4,7,-22,3,-17,-12,-14,-4,-25,-2,-21
9,-24,-3,7,-5,-8,-2,-22,-3,-13,-3,-8
-13,-19,5,-14,4,-24,5,-4,9,0,-5,1
-5,-27,-1,-21,-7,3,-3,6,7,1,8,1
-10,8,-12,-16,-1,9,7,-26,0,-3,6,-16
5,-14,-5,8,-16,-5,5,-22,-15,5,-2,10
5,-20,3,-1,-9,-2,-4,-15,-8,0,2,-5
5,4,-4,2,-13,-9,-7,-22,7,13,4,10
5,4,6,-19,7,6,-14,11,1,5,9,10
-1,-4,-9,14,-5,-4,-8,-9,-15,-16,-4,-5
-3,-20,3,-4,5,16,2,-5,5,-17,2,-9
-7,-12,-6,-8,4,-10,1,-4,-16,7,0,-13
9,8,9,-13,-2,-4,1,-7,7,-7,-16,7
-8,-5,-4,13,7,10,0,-14,6,3,1,-8
-13,14,-2,-16,-2,-6,-5,2,-11,11,-17,8
2,-4,2,-1,0,1,-7,6,-13,0,4,17
-10,-12,6,-12,1,-10,-5,-6,-16,9,-9,8
-8,5,7,-3,1,-10,-14,22,-4,12,0,6
1,16,-13,11,-9,-4,-4,20,5,4,-15,-10
-6,9,-12,23,6,-6,4,8,3,19,1,-9
2,26,-5,-2,5,1,0,25,-14,-4,6,10
-2,15,6,-4,-8,5,7,-6,5,17,4,9
7,28,-3,10,-4,16,-1,-8,-13,-7,3,23
1,26,5,-3,-10,25,-1,15,4,21,-13,14
-1,19,-3,-4,-2,15,-11,5,1,20,-16,-2
-6,16,-6,14,-15,17,4,3,5,12,-7,6
8,25,7,32,2,4,-3,30,-12,10,1,9
-5,9,4,13,-17,11,4,21,-5,25,-16,30
-7,7,3,6,-5,4,6,4,8,12,-16,10
-6,9,-2,32,-16,9,-1,30,-11,9,-2,22
-16,27,-7,34,-13,16,2,12,4,2,-13,14
4,-30,-10,-34,9,-8,4,-32,-4,-27,-1,-9
-7,-22,2,-24,8,-32,5,-24,6,-6,-16,0
-4,-27,8,-19,0,-22,-14,-2,4,-19,10,-4
-12,-21,-8,-28,-3,-6,-16,-22,3,-6,-3,-22
-4,-29,0,-1,9,-27,-9,-9,-9,-9,7,-16
-16,-2,-3,-25,-9,-15,-7,-31,-13,-12,-2,-28
-14,0,-14,-16,2,-10,-12,-23,7,-9,-7,-25
8,-22,-4,-16,-11,-1,-12,-7,-9,-13,-1,-11
-15,-9,-5,-6,-11,5,4,7,-13,-27,-12,-28
-9,-15,8,-20,6,-11,3,-3,-3,2,5,-3
-13,0,-9,-3,0,-25,6,10,1,-10,3,1
-4,0,-1,-24,2,8,-5,-2,-4,-13,4,7
7,3,-15,-5,8,-17,-10,-2,9,12,-1,-21
-3,-3,5,-1,4,12,0,7,7,-8,-14,3
-1,12,-13,11,-10,13,0,-15,-12,4,4,14
6,8,6,-18,2,-21,0,-4,-7,6,-13,-15
-12,6,3,-17,6,-1,-13,14,10,-19,3,-4
-10,12,-3,-7,-15,-3,1,-4,7,0,2,4
6,0,1,13,-9,8,-9,-13,-16,8,-2,5
-9,2,-11,9,3,3,8,-5,7,-12,-1,-12
10,13,-5,-8,-16,5,-14,-7,3,-13,3,14
0,-5,-8,-14,4,10,-14,16,0,17,-9,3
8,21,2,-2,-9,8,-11,20,-5,-14,4,6
1,-2,2,4,-2,18,8,-8,-13,-11,2,22
8,20,-8,7,10,15,9,-7,8,19,-5,-3
2,-4,10,15,10,-11,-6,1,-1,13,5,12
0,4,-3,21,-8,4,1,20,-12,-8,-9,-1
-3,25,-2,21,-1,-8,4,-8,-8,14,3,20
1,4,4,11,-3,-4,-16,14,10,18,-2,10
7,28,-10,18,-9,18,-15,25,-16,29,-14,3
6,-4,-8,24,3,-1,-3,10,8,20,-4,5
6,29,2,-4,-8,14,6,21,0,8,-15,22
-1,21,-7,22,9,-1,-7,1,7,6,-5,13
1,31,-1,13,-9,18,-2,15,0,5,-12,-1
5,25,4,10,-13,27,10,14,-10,4,-11,8
-6,19,-1,23,-12,4,-2,34,4,7,7,2
3,15,8,25,2,22,-8,36,-6,20,-15,28
5,-29,1,-13,2,-32,-2,-12,-2,-24,-1,-5
6,-20,9,-30,11,-34,-4,-3,1,-12,-5,-10
-1,-3,-14,-2,2,-15,6,-13,-6,-30,2,-18
-5,-14,4,-23,0,-28,5,-10,-3,-25,7,-8
-6,-12,-4,-20,7,-8,5,-12,6,-23,9,-28
7,-15,8,-20,8,-23,-6,-25,0,-17,3,-12
-14,2,-4,-29,-3,-7,5,-5,-8,0,-3,-28
-15,-9,1,-2,-10,-9,-11,5,9,4,-1,-21
-6,-26,-2,-18,-5,-11,6,-25,-12,8,5,6
-1,7,10,-25,-5,8,4,-23,-3,3,5,-17
-2,1,9,5,-15,-3,6,-14,5,7,-1,2
2,-21,5,-22,10,8,5,-1,3,10,8,8
4,-11,-3,2,8,9,-12,8,-4,-6,6,1
5,-9,-7,-19,-2,-12,-2,0,-8,-5,-15,-22
6,-8,9,11,4,12,3,10,-9,-3,-6,-19
10,12,-13,-2,-11,11,-10,-20,-2,6,1,12
-2,-8,8,-2,3,14,-4,0,-2,-10,-1,0
-7,13,-5,-6,-15,16,6,-3,3,-14,7,-13
-8,-15,-9,-1,2,-3,8,-10,-13,5,-9,4
-14,-8,-13,10,-13,-10,-6,10,11,-11,-4,-7
-12,12,-9,12,-14,8,10,12,-8,11,-9,9
5,5,0,10,-10,-12,10,-6,5,1,-7,8
-10,21,5,22,5,6,1,2,-13,2,5,0
5,6,-1,-13,-5,8,-2,20,8,16,-7,22
6,-11,-10,-8,-10,2,3,8,7,1,-5,2
5,24,3,22,-5,-11,-6,-9,10,22,0,22
-6,9,-12,14,-13,18,-6,1,3,26,-3,-1
-3,1,4,10,-1,1,-14,17,0,14,-5,1
6,4,-7,-5,-12,-2,-14,26,-2,14,-4,-8
3,19,-12,16,11,7,-5,10,0,14,-12,0
0,14,-13,16,-10,30,8,29,4,25,-6,13
8,31,8,1,-2,-5,-7,25,-6,17,3,12
1,24,-1,27,1,4,9,18,-1,23,-7,4
1,1,-13,-1,8,22,-13,27,-15,5,-1,16
5,7,4,25,6,14,2,-2,-5,21,-6,32
-2,22,11,-1,6,12,-7,2,6,10,-9,3
-12,32,-1,14,-15,20,-6,29,-4,7,-12,2
-2,-20,-13,-20,-9,-15,-2,-10,-9,-2,-1,-7
6,-7,1,-6,-10,0,-6,-21,4,-7,5,-25
1,-1,-4,-10,-3,2,-6,-16,-4,-25,0,-24
11,-1,-12,-8,-2,3,-6,-24,6,-21,-7,-16
-3,-23,-10,-20,7,-20,6,-1,11,-17,-11,-31
-7,1,5,-15,7,-17,6,-28,-4,-18,8,-8
-3,-30,-8,-3,-1,5,-11,0,3,2,-9,-15
-12,-25,-7,-25,7,-12,8,-25,6,-7,10,-18
8,-21,-2,7,8,-10,6,-7,-11,4,6,-25
3,8,-2,-7,4,-22,11,-27,1,-1,-8,-1
2,-19,2,2,-14,-15,-9,-3,11,6,9,-11
0,-2,8,9,-4,-12,1,-22,7,-2,-6,-14
4,-23,8,4,6,7,7,-14,-5,-9,10,7
0,5,3,7,-13,-10,3,-1,9,-22,11,-23
6,5,-4,-10,-12,9,-1,4,1,-2,-7,-18
3,-18,11,-10,-14,-9,-14,-17,-7,-1,10,-15
9,9,-3,-6,1,12,9,-18,-4,-3,-10,12
7,7,10,-10,0,-13,-1,17,-3,14,-5,4
-14,-18,-12,-18,10,18,3,2,12,-3,3,3
-7,12,-4,-8,4,10,3,2,-1,-1,-9,-15
5,9,3,12,9,10,-6,-14,-3,-4,4,8
2,-7,-11,-7,9,12,-1,14,-2,-4,-7,-12
7,-4,-12,-9,-14,3,11,-12,-11,17,-4,-12
2,20,6,12,-11,8,2,16,10,-4,1,0
11,19,0,10,-8,10,3,9,0,20,-9,-6
12,25,7,10,-8,14,-12,12,10,2,4,16
8,-4,4,6,3,10,5,-7,-14,14,9,26
1,-6,10,-3,8,0,2,6,-5,1,4,27
5,-8,-3,8,3,3,-11,2,11,1,-7,16
5,26,8,4,0,22,3,6,-12,29,9,25
-4,8,9,22,0,1,-13,-4,5,-1,2,19
3,18,-2,29,0,6,11,9,7,20,-8,15
3,22,-2,14,7,19,-6,9,3,7,-7,25
-2,27,-14,0,10,6,8,2,6,28,-6,-2
-2,32,-5,27,2,16,11,29,3,4,-6,10
4,22,4,4,4,28,-6,0,6,8,-2,25
7,25,10,12,10,32,7,30,-3,15,-6,6
-9,-11,-5,-7,-8,-18,-6,-8,1,-25,3,-4
4,-33,-10,-13,-4,-20,4,-28,10,-33,4,-34
2,-8,-9,-6,7,-18,-6,-8,5,-4,8,-15
3,-20,-4,-8,8,2,12,0,-5,-27,3,-4
0,-6,-9,-26,7,-4,-5,2,-5,-21,9,-13
-2,-19,10,1,12,-29,10,-1,9,-11,12,-27
-3,1,9,-14,-8,-22,-11,-15,-11,-18,12,0
4,7,6,-5,-5,-23,2,-4,10,4,1,-2
1,-7,-10,6,8,-26,0,-13,-13,-26,3,-27
-3,-9,3,-5,-13,3,9,2,6,-7,2,-1
9,4,7,-16,7,-4,1,-1,8,8,1,-17
3,-5,-10,-14,12,1,1,-1,6,-1,7,-6
5,6,9,11,-11,8,-8,-21,2,-7,-1,-7
7,-5,1,10,3,-8,6,-22,6,2,6,-9
4,0,-1,8,6,-1,2,-13,11,-18,5,-2
0,1,-11,5,-9,-15,2,-2,-3,-6,10,-13
3,4,0,-1,0,-2,-1,2,9,7,11,5
12,15,-4,1,-8,12,-4,5,-12,-2,3,5
3,-13,10,8,6,8,12,16,-3,-13,12,-8
5,4,12,-2,-12,-8,8,17,-9,-7,0,-4
-3,-3,-7,7,-8,9,10,20,9,2,-12,5
4,-9,11,20,6,-14,3,17,1,4,-2,14
12,22,-9,-10,-10,-1,4,-2,13,-12,10,13
-8,10,4,-12,-10,-6,8,22,4,20,11,17
-1,7,-6,12,8,-4,2,14,4,12,0,12
7,21,-13,-3,7,1,10,13,-7,21,1,24
-2,16,10,9,6,12,8,13,-11,1,10,-4
4,16,-13,2,1,-6,-5,19,12,25,11,27
9,-8,-3,21,-9,13,1,8,-2,22,13,17
-1,13,6,-7,0,9,-4,8,-12,5,10,27
9,29,9,1,2,0,-8,15,2,29,8,24
0,9,-3,-1,7,0,4,23,10,26,-9,21
-10,21,5,27,4,-1,10,29,-13,6,-7,17
-1,33,6,1,-2,29,-10,11,0,8,4,32
7,32,12,34,-7,19,-1,26,-13,18,-4,18
2,18,12,4,-4,32,-5,-1,-5,25,9,16
-3,33,-11,31,-2,7,6,25,-9,8,8,10
6,-34,-9,-17,11,-14,-5,-12,-3,-5,2,-10
7,-14,-11,-28,9,-14,-2,-30,3,-23,-3,-6
5,-25,1,-27,-12,-8,-1,1,-2,-15,11,-8
9,-31,2,-23,2,-12,10,-8,12,-21,5,-23
3,-4,-3,-5,-11,-9,-12,-25,8,-5,13,-23
1,2,10,-18,-3,-6,-6,-17,-9,-20,-9,-3
13,5,11,-14,9,-30,-1,-4,10,-23,0,-16
6,6,9,-19,5,-8,5,-13,13,-22,10,-2
9,-15,3,4,6,-3,-10,-3,7,-7,14,-28
8,9,8,5,-10,-15,-6,-7,11,3,0,4
8,-24,3,10,14,5,-7,-18,3,10,-5,-25
7,6,-8,1,2,-12,6,-12,-11,-17,8,10
7,-16,0,-5,12,-24,0,-5,3,7,-2,0
5,-15,-1,9,13,4,-8,-17,3,-5,5,10
5,-22,12,-5,-5,12,14,8,-12,0,14,-8
8,12,1,-8,11,-2,6,-14,3,-15,5,11
9,-13,10,-8,10,6,5,-3,-11,14,-1,10
7,9,-10,-1,-8,-1,-1,-10,7,11,4,11
14,12,9,-5,11,10,-4,-10,12,12,-3,-18
0,-8,6,3,0,1,-12,19,-10,-9,-7,-8
9,16,-12,-9,11,4,10,4,0,13,-10,-9
7,-1,-6,-10,-12,-13,5,12,4,-15,-2,3
5,-1,12,0,0,-7,-11,13,-8,17,2,11
-1,9,7,8,-2,-3,-5,-11,-5,-11,12,14
8,5,-5,7,2,-11,13,-9,12,22,-11,-12
9,-11,-2,11,2,11,-2,-11,0,7,14,17
4,19,7,16,5,-8,6,20,-2,0,-7,18
0,4,10,-4,-7,-4,5,16,0,17,7,-7
5,-7,-2,-3,-9,6,-10,19,11,8,9,-3
9,29,3,11,12,3,-8,17,11,2,4,15
5,21,11,27,11,-2,11,7,4,24,0,19
3,26,-3,-1,5,-4,2,15,-12,23,-4,22
6,27,-4,7,-10,12,7,4,-6,12,-8,-3
11,28,-12,22,8,14,13,17,-1,14,1,31
8,11,3,29,6,15,-6,34,-5,2,-4,11
1,20,1,26,9,23,-5,11,-3,28,11,23
11,1,-11,30,7,35,-4,29,8,6,-12,18
2,-21,-2,-31,-10,-14,15,-30,2,-36,10,-23
5,-13,-1,-32,10,-24,-2,-32,11,-25,4,-21
12,0,3,-22,10,-8,12,0,3,-25,11,2
-7,-9,-7,-32,3,-15,5,-6,7,-14,-7,-24
5,-1,-5,-22,-11,1,12,-22,-3,-7,1,-19
-1,-14,-2,3,-10,-1,4,-7,5,-9,4,0
5,0,0,-9,7,-23,3,0,14,-24,12,-30
15,5,15,3,13,-14,8,1,-2,-27,0,-3
8,-27,5,-13,6,5,2,-10,0,8,-5,2
12,5,4,7,11,2,-3,-16,14,1,9,-2
9,3,13,3,10,6,8,2,13,-24,-1,-13
8,7,15,2,11,-2,-1,4,4,0,10,2
-5,1,-9,4,1,-4,0,-6,-10,0,-6,-23
-6,1,3,12,3,-4,-2,5,-6,-7,-4,-23
4,0,-9,8,15,-16,9,4,-11,3,4,-11
1,-4,3,-17,14,9,8,14,11,9,-6,-7
0,16,-8,15,-8,4,3,1,8,-1,4,0
-9,5,8,14,-8,-1,3,8,11,-7,-8,-19
4,0,0,6,13,8,11,17,5,6,-5,-7
8,5,5,16,14,17,-11,11,8,5,1,5
4,11,-8,12,-6,3,-5,10,-9,-7,8,4
6,13,-11,2,10,-10,-1,8,-7,-3,-2,-13
4,9,-4,-3,-11,5,2,20,-11,-7,5,0
12,20,10,-10,3,-11,8,23,-3,5,6,15
9,19,-4,-12,12,-12,8,17,-9,-5,-5,-4
13,18,-1,25,-6,-9,11,-2,8,22,5,5
10,-1,12,0,15,20,7,-10,-10,6,10,-10
6,23,13,23,-3,6,11,4,10,15,-2,-5
5,24,10,22,0,7,11,13,-8,27,11,7
5,14,-11,13,15,19,-2,7,-5,18,15,-2
2,7,-4,20,0,13,-9,7,-2,0,14,21
8,29,-7,11,-7,22,-2,17,-10,15,15,22
3,26,-3,20,14,20,-3,28,-2,14,15,32
13,27,0,10,-3,13,0,2,-1,15,-4,17
6,5,5,1,6,12,1,34,-1,25,-7,29
2,29,10,22,12,35,-7,14,0,34,3,12
4,11,5,2,-5,17,-8,24,7,9,-6,8
1,-11,1,-2,15,-21,12,-6,-4,-25,-5,-5
5,-22,11,-9,3,-15,13,-10,-4,-26,-5,-11
9,-17,8,-34,7,-5,-2,-18,6,-18,-9,-21
1,-16,11,-19,-9,-6,14,-4,-9,-20,12,-3
-8,-6,8,-2,11,-7,16,-5,-9,-1,-7,-12
14,2,12,2,6,-3,-1,-14,14,-28,13,-17
8,-12,16,-28,-10,-2,-2,5,-8,3,-10,-25
10,-29,-4,-16,11,-28,-2,-7,-3,-19,11,-14
13,2,-8,-25,14,-7,-7,-27,9,-27,-5,-3
3,2,12,2,-10,-23,2,-4,7,3,14,-13
2,-4,15,0,5,-1,3,-16,2,-16,2,-2
9,5,-1,-9,0,-20,5,5,-8,-25,-6,-9
4,-9,-1,6,-10,-17,12,-9,-7,-12,9,4
8,-23,16,-22,1,-1,7,6,11,-20,12,-2
4,5,-3,-8,5,-9,15,14,10,1,-8,13
8,6,-10,-8,0,6,13,6,-2,-11,6,13
9,-8,12,-5,-5,2,8,-17,6,-8,13,-19
5,10,5,9,8,16,-10,14,-10,4,14,16
12,15,13,17,-10,-12,-2,-6,4,11,-8,12
6,-5,6,4,-10,-12,11,1,13,17,-1,-7
7,8,8,-12,-2,-7,9,4,15,-4,4,8
8,-7,-3,-13,-6,13,0,-9,-6,-8,14,14
7,-9,-8,-13,6,-1,13,-9,-8,-13,-5,13
10,-12,4,13,2,-1,4,16,-10,3,11,15
10,9,7,6,-2,0,7,22,-4,9,-3,13
11,19,7,0,12,3,-7,16,-6,0,11,24
10,12,-8,-1,5,24,5,-4,6,23,-9,0
5,21,-8,15,4,-5,10,-7,-6,15,4,5
14,26,0,11,-2,-1,-6,25,-3,23,-3,15
8,6,11,25,-7,-3,5,21,10,22,14,-4
6,17,-4,14,-7,-3,5,17,4,20,13,5
5,27,-1,2,7,8,10,24,12,6,-10,23
12,28,-7,2,2,0,6,0,9,7,2,4
-3,20,10,1,-2,27,16,2,-8,19,-1,14
8,12,-4,34,5,10,10,28,6,8,0,34
7,16,14,2,3,4,-9,27,3,35,4,32
9,10,15,29,15,13,14,33,-1,1,-6,22
3,-8,11,-10,12,-7,-6,-7,9,-4,5,-31
3,-11,7,-24,11,-32,-6,-9,3,-30,-9,-18
5,-12,5,-14,9,-23,-1,-9,6,-19,15,-1
12,2,14,-19,2,-12,1,-19,-4,-24,-9,-2
13,4,17,-7,12,-22,13,-4,-6,-2,-3,2
9,3,4,-10,7,-29,11,-9,1,-2,9,0
7,-15,-7,3,11,-11,7,-21,-9,4,-4,-8
7,-10,7,-22,1,-11,6,-27,11,-19,-2,3
8,1,-1,-3,-9,-18,15,-19,15,-14,4,-3
-9,-4,-8,-27,6,1,9,8,6,-20,16,-15
10,0,0,-26,9,-16,12,-6,16,9,2,2
10,-16,-4,-9,7,-18,3,-16,10,-25,11,-2
-1,2,12,-20,1,7,13,-24,-3,-23,1,-19
11,-8,-5,-16,1,1,7,-18,-1,-4,7,-8
9,-17,4,0,6,11,6,-2,2,5,17,11
-1,-1,8,1,10,-12,7,-20,6,-8,-7,-15
9,-16,-8,-14,6,-13,15,-18,6,-18,0,-19
-1,-1,0,4,5,-11,3,-4,14,7,11,14
-2,7,8,5,2,-8,-3,3,13,-16,10,18
7,19,-4,-4,-9,-8,-7,-16,2,9,4,-3
-1,9,-6,-12,-6,19,7,-3,8,-1,12,-2
9,4,11,12,-6,21,15,-9,8,-8,16,-9
-5,-13,7,2,9,1,1,11,-2,-2,3,7
-6,14,7,6,5,19,1,11,14,19,1,-5
13,12,-8,-9,-7,18,9,-2,10,20,13,-11
9,5,-2,-10,-2,4,14,-7,10,23,2,22
12,9,1,13,-2,0,-9,2,6,-9,16,-9
12,7,-4,20,0,4,17,19,11,12,-3,20
1,14,-6,-8,1,7,15,-7,7,27,-7,5
9,2,13,19,1,9,16,-6,-3,1,15,21
6,-6,16,1,1,2,-5,19,3,7,12,25
14,1,5,11,7,-1,7,9,2,23,-9,11
1,23,-9,15,2,5,-9,31,0,15,-3,9
12,21,3,24,5,31,13,3,17,31,1,25
4,33,5,13,1,2,14,27,-2,19,-2,5
1,27,-9,29,13,31,-5,31,0,7,-5,7
10,16,-1,32,-8,15,11,27,1,28,9,10
12,-28,10,-11,2,-27,8,-30,10,-2,4,-1
18,-3,-4,-26,2,-3,14,-28,5,-15,16,-3
1,2,16,-23,-8,-10,14,-26,1,-8,6,-12
-5,-29,-5,-31,7,-10,2,-30,-3,-8,18,-18
-5,3,-6,-28,-6,-5,14,-15,0,-16,4,-28
-5,-29,7,-23,12,-21,9,-30,10,-16,-6,-23
-1,-24,-4,-27,2,-23,1,-26,4,-23,12,-9
-6,-18,6,-22,0,-26,4,2,9,-4,-2,4
-3,3,-5,-2,14,-1,16,-2,1,4,12,2
8,-18,9,-10,-8,-2,18,7,10,-2,3,-8
7,-14,13,7,18,-24,3,-1,5,-9,-8,0
1,-9,17,3,-1,-16,2,-17,-8,-25,-6,-6
-2,-19,9,10,2,9,18,7,4,-5,15,4
1,0,-8,-17,-7,-6,7,-12,-1,-8,13,-3
-4,-17,-4,13,2,1,15,9,-7,10,0,8
16,-8,1,-20,11,-17,3,-4,10,-15,14,-18
15,-10,3,6,-7,6,-8,-10,8,-11,3,7
2,-17,-7,-14,2,-5,12,-4,15,6,-2,0
-7,-8,-1,-2,2,16,7,18,-4,-18,16,-11
1,-10,-3,6,-8,-9,10,17,10,14,-5,14
-6,-1,-8,-11,8,-7,9,17,-5,11,-7,1
-6,-5,-2,-9,-6,0,5,-12,13,-11,2,14
-5,-7,0,-8,2,-11,8,7,9,17,-6,20
2,-12,-7,4,9,-7,-2,16,-2,11,-1,3
-8,-7,0,-12,8,-6,15,5,3,-7,-3,-8
-8,15,5,18,12,7,16,4,2,1,-8,14
1,-10,9,17,-2,10,10,14,-1,9,4,20
-1,11,-8,12,16,-8,0,-3,15,18,-3,24
-1,20,-4,13,-6,2,-8,24,-3,10,1,14
14,2,-4,3,3,-4,17,6,-7,-6,-5,4
-7,-1,-4,11,3,-6,16,24,2,28,8,-3
-2,24,3,26,11,28,17,5,12,19,2,-5
2,21,-4,25,1,-4,9,-2,17,-4,2,22
1,11,-2,16,17,1,-5,4,-6,16,11,14
16,-2,-6,13,16,29,10,20,14,4,-5,23
0,35,-2,31,17,15,-4,27,-3,9,-2,2
1,17,-7,29,-1,27,15,14,-7,2,-6,24
7,-24,12,-6,13,0,12,-14,10,-7,9,-29
10,-16,1,-20,3,-7,2,-1,14,-3,-3,0
-1,0,2,-26,-1,-8,4,-15,6,-1,-7,-1
-2,-31,12,2,-7,-30,17,-2,13,-14,17,-21
-5,-32,-6,-30,0,-12,14,-17,5,2,-1,-18
0,-26,2,-18,4,-13,10,1,-3,-8,-7,-20
-1,-29,-4,-20,-3,-11,0,-9,9,-27,-5,-10
0,-19,1,-9,12,1,15,-2,7,-16,14,-20
1,-4,5,-28,14,8,9,-10,13,-17,5,-18
3,3,-4,3,5,-26,-4,-7,8,-8,15,5
12,-3,11,8,2,6,18,-19,14,-13,8,-26
14,-4,-1,-3,3,-23,3,-21,18,2,4,-18
0,-10,2,4,18,12,1,3,7,-19,-7,-16
1,-12,3,-6,-6,-20,-2,-18,4,-20,6,-19
-2,-10,0,13,8,-6,16,6,12,-12,13,-10
7,-15,-7,-17,4,6,6,4,0,-21,18,12
-3,-1,17,1,14,10,11,13,18,-16,11,-19
-1,-6,12,-18,6,-10,0,-3,9,1,-3,-9
7,-10,15,12,-3,-14,-2,-9,-5,-4,16,-5
0,-2,-4,1,13,-8,-6,5,6,-3,3,5
-2,-8,8,10,-6,15,7,-8,-6,14,10,-9
-5,-6,-3,16,0,15,5,14,9,12,9,-5
1,-12,-2,14,19,18,2,-1,14,15,16,11
-3,-9,-7,-13,6,13,9,-10,18,3,5,2
-1,20,13,21,18,19,14,10,-2,11,0,0
0,22,10,-11,19,11,-7,20,0,25,0,-6
2,11,-5,3,0,-4,0,-7,-7,22,10,2
-2,-9,-6,9,2,11,-6,3,-5,20,-1,26
-6,-6,14,4,13,3,8,26,8,0,-1,-7
11,-4,12,15,11,23,14,-2,1,20,2,26
1,-6,-5,4,18,0,4,21,4,26,-1,0
2,24,-4,4,11,-4,0,15,-1,2,13,10
-3,29,-5,3,11,9,5,21,4,25,-3,25
1,30,2,19,2,25,-2,21,9,23,-4,5
2,6,11,1,12,11,16,1,-3,16,-4,32
-4,28,8,8,0,7,-6,6,11,23,13,3
14,18,1,12,15,10,17,21,0,9,19,35
-6,-35,8,-12,4,-30,8,-13,19,-33,2,-11
-2,-32,20,-7,9,0,18,1,-5,-21,12,-2
-6,-28,-3,-20,5,-3,-5,-9,20,-31,11,-34
18,-28,1,-23,8,3,9,-25,-2,1,8,-31
-6,-28,2,-18,11,-2,15,-3,3,-21,5,0
-4,-29,9,-14,18,-8,20,1,19,0,-2,-4
2,-20,5,-7,14,-29,14,3,6,2,14,-13
1,-11,13,-11,1,-18,-1,-27,7,2,-5,-11
19,-27,-5,-1,7,-16,5,-16,8,-3,1,-6
-5,-1,17,9,16,-19,18,-14,11,-7,17,-25
4,-11,1,-23,20,3,5,-4,-6,-11,-6,-23
14,-9,-6,1,-6,11,-4,3,12,8,8,7
8,-21,8,-7,15,3,-2,2,15,-12,15,-18
-1,-14,2,5,0,10,-2,7,-5,-12,0,-8
2,-10,-5,11,-3,-21,-5,-13,19,-17,5,-7
8,-14,-1,-6,1,-16,12,-9,-6,14,-2,-2
-2,-6,-5,-5,-6,-20,-3,2,-4,14,-3,1
-1,-4,14,2,5,-2,0,12,10,-12,5,1
-2,3,15,17,-4,17,6,-5,1,17,1,-3
0,-2,17,13,8,9,-6,-1,16,-16,12,-17
-6,20,-6,-4,2,1,-6,-3,20,13,-4,-16
2,-14,9,15,7,10,-5,3,16,0,16,18
0,-11,15,11,-3,18,16,20,10,15,15,15
-4,-6,-6,2,6,1,9,18,3,23,-4,-8
18,0,1,24,15,-6,15,20,11,-4,-1,22
3,11,5,18,18,13,-1,0,4,11,13,4
0,20,7,26,9,9,17,12,16,18,5,6
-4,-4,11,-3,3,8,1,-3,6,26,6,19
-2,-8,4,-1,12,6,6,4,-5,17,3,20
7,-7,14,13,12,11,18,18,2,21,-3,23
2,22,4,24,16,29,8,5,4,24,-5,0
1,30,3,28,17,1,-4,30,9,17,17,16
0,32,7,31,-6,25,-1,15,6,-3,-6,26
7,6,3,28,17,21,18,14,-3,15,-3,23
9,2,-5,19,19,21,10,17,19,0,8,5
14,9,12,25,18,7,14,17,1,13,19,13
9,7,12,8,-2,29,4,28,-6,6,4,35
-3,-20,1,-29,17,-23,-1,-35,0,-3,1,-20
2,-34,3,-14,9,-10,-5,-34,20,-27,-5,-3
-3,-22,16,-33,12,-2,8,-14,5,-27,8,-27
-2,-20,4,-22,13,-2,-5,-12,3,-16,-4,-31
9,3,12,-27,16,1,8,-15,0,-5,18,-20
-2,-13,9,-2,3,-4,20,-20,-1,-3,4,1
-5,-23,12,-17,0,-21,14,-17,5,-4,7,2
3,-22,4,-27,4,-27,9,-26,8,1,2,4
0,-23,6,-18,2,-9,7,-8,0,-4,-4,-5
10,-10,7,-16,13,9,16,-18,16,-6,17,-3
7,6,6,-21,2,-13,18,-5,0,5,-2,-22
16,3,8,-16,9,-20,19,-11,-2,3,13,-4
9,-23,1,-8,-4,-18,9,2,-5,-10,12,0
0,-4,11,-15,-1,-14,-3,-13,21,8,17,-21
-5,-14,7,-21,8,0,1,10,20,-3,5,8
9,-12,10,-15,4,-2,21,14,7,-1,16,-20
-2,3,-2,9,16,0,-3,13,14,-14,5,-13
-2,-7,19,15,11,2,1,-9,-1,1,-1,-4
19,-12,9,7,15,-18,17,13,9,17,7,5
1,-6,15,0,6,-5,12,-6,-2,-13,-2,-14
1,-8,12,13,4,20,15,1,15,18,-3,-12
-1,-7,-3,8,7,0,6,-1,14,-1,3,5
5,-14,8,10,1,13,5,-3,17,7,16,20
17,12,5,13,7,14,5,2,19,22,-5,16
3,18,0,7,13,11,16,-10,20,-11,4,6
2,19,20,20,16,17,3,22,18,-11,-2,18
1,-10,3,23,-2,5,-1,7,14,16,20,6
0,18,5,-7,14,-3,15,23,12,17,6,27
3,23,15,23,2,6,14,23,10,22,4,4
18,7,-1,27,8,0,12,16,16,26,3,2
3,29,9,-5,0,-5,0,1,6,-5,1,30
-4,-1,1,7,-1,26,9,5,2,28,6,-1
4,31,13,28,11,16,6,24,-5,27,3,6
18,9,13,25,1,33,21,22,9,21,8,23
8,23,-3,18,4,32,15,34,11,19,-4,1
18,1,11,4,4,10,20,29,-2,8,-3,16
-2,33,11,34,18,1,-5,9,7,31,-2,17
4,-28,7,-1,7,-25,-1,-5,17,-26,16,-7
8,-27,16,-34,12,1,1,0,-2,-33,10,-24
-3,-21,13,-24,5,-12,14,-3,6,-13,5,-27
2,-16,-2,-25,5,-7,9,-28,4,3,8,-32
4,-28,17,-24,21,-25,-4,-18,6,4,-3,-3
0,-8,15,-8,-3,-2,1,-16,1,-16,11,-6
0,-17,8,-13,10,-15,4,-10,-1,-1,4,1
2,-15,5,-26,9,-10,0,0,16,-28,2,-19
4,-9,14,-19,0,-17,-1,-17,-2,0,14,-12
10,-7,-3,-4,5,-17,-1,-18,15,2,6,-18
7,7,-1,6,-1,1,6,-10,14,-15,11,-9
15,2,17,-20,6,-5,11,-21,21,4,22,4
-2,-3,12,-14,13,1,2,-16,1,-24,12,-5
5,-19,1,12,4,9,4,-19,-2,-13,13,-6
-3,-8,13,-20,-2,-18,15,11,3,-17,6,-18
-2,6,2,0,13,14,12,-1,10,-4,4,-7
10,-18,3,-13,-2,-19,2,-2,16,-16,-1,15
3,-12,2,11,5,-3,20,-3,5,-6,12,-15
17,-15,20,-17,15,6,0,1,4,14,16,8
-1,2,18,0,2,-17,-2,7,5,-3,13,8
1,2,-3,18,3,15,-3,17,14,-8,5,8
2,-8,-1,16,1,14,-2,-13,15,13,9,7
-3,-7,6,-4,10,19,22,-13,6,19,13,-6
5,-3,6,15,20,-1,18,-2,-1,-5,-1,23
2,14,21,-9,21,-2,1,18,1,-7,3,-4
5,16,13,-2,9,-10,18,1,10,-1,-2,4
1,18,9,7,13,21,10,9,1,1,-1,17
5,6,13,11,13,19,22,4,-3,10,13,25
-3,-5,12,-7,22,-1,2,-4,17,-8,16,-1
3,14,10,-1,-3,18,16,27,-4,11,6,20
4,23,0,8,4,5,-4,12,7,16,20,3
1,25,1,16,-3,-4,-2,2,-2,12,21,31
15,20,1,-1,-2,19,-2,7,-2,0,-2,-3
18,11,13,9,2,20,1,25,3,19,17,4
18,6,4,8,8,26,12,23,1,5,17,15
16,25,-4,30,7,29,5,7,3,16,3,18
3,22,-3,11,20,34,7,33,21,17,13,20
23,-35,14,-3,22,-11,0,-33,-2,0,14,-27
-1,-15,4,-29,14,-26,20,-12,21,-15,4,-29
4,-23,-1,-23,5,-1,0,-15,12,-7,11,-18
-1,-10,4,-24,-3,-18,2,-8,9,-33,1,-26
6,-26,13,-12,20,-1,10,3,14,-19,-3,-11
2,-10,20,-9,1,-7,18,0,5,-17,8,-29
0,-20,3,5,5,-9,8,-26,5,-10,14,1
-1,-10,22,-17,23,-24,16,-20,23,-25,6,-13
7,-25,14,-9,22,-8,21,-21,15,-24,-1,-3
19,-17,-3,-4,3,-9,6,5,11,-20,5,-3
18,-18,7,-1,-2,-12,11,-19,12,-22,19,-8
4,-8,16,-13,12,-22,1,-12,10,-22,5,-9
5,-18,14,0,8,11,4,12,20,-7,17,4
4,-19,4,-5,4,-16,10,-21,0,-3,9,-7
19,-2,-2,14,20,-4,10,-14,6,-22,-2,-14
4,-12,-2,-17,23,-11,3,-5,2,-18,13,-15
3,-4,-3,16,-1,-14,1,-20,10,-2,-1,-4
0,1,0,-14,23,16,20,7,5,12,16,-19
3,-9,-3,0,13,5,3,-3,0,3,10,-15
2,-7,5,-15,16,8,7,13,5,-2,-2,2
-2,-1,18,8,17,-14,9,-5,5,-16,10,16
-2,-3,18,-6,16,-5,8,-2,8,5,17,-15
1,6,8,13,5,11,7,17,9,10,-3,13
3,-11,20,-9,-2,6,-2,11,3,15,15,17
5,22,5,5,5,1,19,21,2,-8,22,-9
5,16,9,-4,22,21,14,-3,-3,18,16,-2
-3,-8,6,22,8,-4,1,-2,14,25,6,-4
16,-5,-2,11,3,-2,5,-2,21,-4,14,-6
2,21,4,24,4,28,1,4,7,17,19,5
6,25,7,9,16,22,-1,12,8,7,7,-1
20,20,16,2,5,18,6,19,-3,-1,-2,29
6,23,9,11,19,25,11,27,11,-5,8,9
9,7,11,-1,16,11,22,25,13,15,19,1
1,32,-2,9,18,4,3,21,4,26,11,26
8,9,20,21,4,15,15,21,7,-1,8,32
17,22,-1,31,17,26,0,-1,17,31,1,27
11,32,22,9,11,20,22,27,1,14,14,13
1,-19,17,-30,15,0,5,-25,19,-22,15,-31
15,-15,16,-21,4,-19,2,-32,11,-33,17,0
18,-30,1,-21,23,-20,5,-21,5,0,4,-32
1,-24,21,-33,5,-15,1,-20,15,-11,6,-18
2,-10,20,-32,9,-18,2,-27,19,-31,15,-28
0,-18,22,-12,3,-18,19,-3,24,-24,7,-4
21,-25,1,-13,21,5,4,5,15,-25,-2,-16
6,-20,-1,-15,17,-22,16,-23,6,-26,11,-28
3,-24,11,-28,8,-6,14,-17,13,5,22,-23
22,0,5,-5,8,2,20,5,3,-5,3,-1
16,3,15,-5,13,-6,15,5,11,-17,2,-2
0,-19,24,-12,3,10,-1,-20,4,-3,7,6
6,-21,8,11,4,-5,19,-18,5,8,23,8
22,-12,5,2,10,-12,2,-7,8,-23,17,-11
-1,1,7,-4,5,-19,21,-2,11,-3,0,9
22,-18,2,15,4,-17,6,0,23,4,2,15
21,-11,20,12,9,-4,9,-5,14,-18,10,-2
5,-3,8,-13,18,-12,6,0,9,5,4,-14
6,-5,18,-12,6,-17,2,-16,14,-4,15,8
2,-1,13,-3,11,-2,15,-8,24,8,5,19
12,-11,2,-3,5,8,3,4,2,3,4,16
2,2,11,19,3,9,1,1,19,11,2,-12
1,-9,12,13,13,12,-1,-14,20,17,21,-7
3,0,24,17,2,13,8,-11,0,12,11,14
-2,-9,23,23,23,23,16,16,1,21,20,22
2,21,-2,5,2,22,17,6,6,2,18,-2
-1,-10,4,-7,16,-1,7,21,7,10,7,4
3,25,1,3,11,14,-1,1,5,-8,-1,5
11,3,7,-2,4,0,24,28,24,24,-1,8
3,25,21,22,11,7,18,4,10,-5,23,22
13,4,14,7,0,27,18,-1,-2,3,6,13
13,-3,9,10,1,-3,6,26,15,23,23,2
15,11,2,11,24,8,1,11,4,30,1,9
3,23,11,0,13,28,0,33,20,19,17,-2
8,6,10,29,6,-2,20,14,5,4,13,26
5,26,0,11,16,18,19,3,5,25,11,7
20,12,-2,2,20,12,0,20,1,14,3,7
24,-34,8,-1,15,-20,21,-26,25,-23,8,-15
13,-25,16,-28,2,-13,6,-31,19,-21,11,-2
19,-31,5,-23,11,-32,11,-1,23,-24,0,-29
3,-26,11,-18,17,-27,5,1,17,-26,17,-21
2,-24,3,-27,25,-28,23,-14,22,-20,9,-13
5,-11,9,-13,12,-25,6,-30,3,2,12,-29
18,-27,0,-29,8,-27,2,-9,4,-11,20,-18
8,-18,2,-26,2,-18,13,-1,9,-18,8,6
0,-22,19,-19,10,5,15,-18,11,8,18,-2
2,-24,2,0,13,-18,5,-2,11,0,1,-18
5,9,23,2,9,10,0,10,14,6,18,-23
1,-24,20,9,0,-4,9,-5,18,-23,2,8
1,-6,10,12,11,-2,1,-6,3,6,9,-8
1,-9,7,11,6,10,20,10,6,-16,-1,-21
2,-8,5,-8,15,7,20,5,23,-21,25,-1
17,-1,13,-13,-1,6,17,-19,10,4,7,-18
3,-18,5,-11,7,8,0,-19,4,16,17,-6
8,-14,4,1,16,-19,12,0,9,-5,17,-1
4,2,-1,-4,7,13,23,1,19,2,12,13
1,5,14,-12,8,-16,6,16,13,-3,12,-11
4,-2,9,11,5,-10,18,-9,18,1,1,17
3,3,24,3,21,16,4,-2,0,14,21,-11
5,7,19,16,19,16,13,3,13,1,0,-3
2,9,13,-2,23,1,6,-13,6,0,6,17
2,-11,24,-6,10,8,23,8,20,-7,10,11
20,9,21,-1,13,13,11,3,11,11,4,2
7,13,4,17,10,18,5,-1,8,13,7,19
9,2,6,21,11,-6,24,7,12,4,11,27
22,-5,0,20,6,20,13,-6,16,28,13,-8
2,23,7,2,14,-5,6,11,7,27,4,25
13,5,6,-1,13,-6,-1,19,17,11,2,4
23,-4,14,-2,2,4,3,15,13,17,2,14
22,-4,5,29,22,28,10,30,12,3,24,7
25,28,5,26,7,7,12,3,8,25,-1,3
19,23,11,27,25,7,22,17,21,31,17,26
9,22,15,8,3,9,2,5,14,2,15,22
5,27,13,32,19,8,15,35,25,35,17,3
1,-25,0,-2,3,-24,1,-6,20,-29,10,-16
6,-17,19,-15,15,-5,6,-34,8,-6,4,-24
6,-28,9,2,22,0,19,-16,10,-30,10,-13
5,-27,16,-29,10,-22,6,-31,5,-4,5,-4
18,-17,12,0,7,-28,4,3,13,-11,4,1
19,-12,2,5,11,-18,16,-7,4,-27,11,-28
5,-27,12,-28,23,-20,24,5,6,-30,15,-14
2,-12,10,3,21,5,19,-23,5,1,5,-17
9,-27,15,-24,19,4,22,-9,22,-5,4,-15
9,-24,10,6,15,-27,0,2,0,-10,10,-12
8,-11,23,-11,20,-20,19,-3,19,-3,9,4
13,-1,5,-16,26,0,8,-8,24,7,2,-7
3,-9,5,-13,4,-2,26,-10,1,-3,16,-16
6,-19,5,2,5,-11,24,5,10,9,24,-23
3,-6,5,14,7,-10,19,10,20,3,19,-18
13,-11,8,-5,11,-19,7,-4,0,0,19,-13
6,-1,18,-7,13,-18,12,-14,10,11,11,15
14,17,16,-5,26,4,7,11,20,9,4,-13
8,-4,16,-1,5,-12,12,-11,13,16,6,-18
4,-7,11,11,15,5,1,0,16,-16,3,5
3,5,18,-6,3,7,18,-15,6,1,10,16
6,-5,18,7,2,2,7,14,15,-5,12,-8
3,-3,4,-6,18,7,7,13,0,-2,16,-2
8,4,17,1,20,20,0,-11,11,6,8,-11
3,24,8,10,4,24,10,-5,0,15,25,23
3,-5,23,-4,16,-11,6,-8,16,6,19,23
23,1,19,-8,24,25,4,-6,12,5,4,20
4,19,26,5,12,7,8,15,22,23,2,12
15,1,22,10,4,-8,14,7,11,15,21,28
15,-2,22,24,16,26,11,-1,0,-4,15,0
15,-5,23,7,8,-2,10,4,6,23,19,16
15,31,15,22,23,-2,23,6,14,26,7,26
13,32,20,14,23,9,20,10,1,11,0,9
16,-2,12,25,26,25,14,9,14,30,14,12
22,11,18,16,10,10,0,28,8,33,0,10
16,1,0,9,1,3,26,28,23,12,10,16
18,36,9,21,20,21,5,14,16,31,0,22
