0,-21,-10,-11,-24,0,-8,-2,0,-21,0,-11
0,-2,-1,-19,-23,-17,-9,-23,-19,-11,-1,-19
0,-20,-18,-34,0,-17,-8,-29,0,-20,0,-19
0,-33,-20,-21,0,-20,-9,-24,0,-33,0,-19
-1,-17,-20,-27,-4,-19,-17,-13,-1,-16,0,-32
-2,-14,-22,-28,-4,-19,-19,-9,-1,-16,-1,-16
-2,-12,-1,-15,-5,-5,-19,6,-13,-25,0,3
-2,-10,-24,-5,-3,-13,-21,-17,-15,-5,0,-16
-4,4,-17,-18,-21,-20,-21,-9,-23,-22,0,-21
-4,-9,-26,-18,-5,-26,-18,-20,-2,-9,-26,-25
-9,-12,-13,5,-9,-23,-20,-15,-24,-15,-15,-1
-8,-6,-8,1,-17,-24,-15,10,-2,-24,-14,10
-4,-3,-10,5,-12,-21,-3,-21,0,-16,-6,-4
0,6,-5,-3,-19,-3,-24,-13,-19,-18,-5,-18
-2,5,0,4,-13,9,-2,-9,-11,12,-25,-17
-4,-10,-9,-16,-5,3,-8,-20,-17,-10,-1,-13
-25,-1,-25,10,-19,-16,-2,-3,-16,1,-2,-15
-4,-14,-7,0,-18,11,-21,9,-2,-2,-4,-19
-26,-13,-8,0,-12,17,-3,-3,-16,-16,-8,4
-9,-5,-8,-14,-25,0,-2,-2,-3,0,-2,-1
-19,14,-9,2,0,0,-25,-13,-4,-7,-2,1
-3,10,-9,2,-22,-11,-3,-15,-16,5,-2,0
-2,-8,-17,-5,-20,10,-22,16,-17,-7,-8,-9
-2,-2,-14,13,0,9,-23,4,-19,6,-8,18
-7,3,-13,23,-2,-5,-9,4,-11,-2,-8,1
-25,9,-7,24,-1,12,-19,23,-7,22,-1,9
-2,-7,-21,18,-11,16,-12,18,-3,9,-8,26
-26,-6,-14,-2,-23,12,-20,-3,-11,9,-7,-6
-18,12,-2,1,-4,-8,-14,24,-26,25,-21,-1
-16,5,-11,-7,-8,3,-16,26,0,12,-9,-1
-24,5,-13,26,-2,-2,-2,1,-21,-6,-5,7
-24,13,-3,23,-12,29,-21,6,-14,27,-7,25
-23,1,-20,27,-18,0,-8,31,-2,8,-14,15
-21,0,-13,4,-17,28,-17,28,-1,26,-26,28
-18,6,-5,1,-18,10,-7,22,-20,6,-7,-2
-16,2,-5,27,-1,17,-13,34,-11,32,-6,24
-21,13,-1,18,-20,35,-2,33,-20,31,-17,36
-3,-22,-10,-9,0,-27,-7,-34,-7,-28,-13,-27
1,-9,-18,-1,-1,-17,-5,-14,-7,-32,1,-5
-1,-2,-21,-5,-9,-15,-23,-27,-19,-34,-25,-34
1,3,-18,-29,1,-14,-8,-7,-11,-19,-9,-33
-1,-8,1,-18,-1,-10,-2,-20,-15,-17,-2,-13
-1,-6,-2,-28,-24,-8,-24,-24,-12,-3,-7,-31
1,4,-10,-20,-5,-15,-20,-28,-13,-25,-2,-22
-1,-15,-9,-8,0,3,-18,-12,-1,-13,-25,-22
-4,-15,-19,-20,-18,-13,-10,-19,-17,-13,-24,-8
-5,-27,-23,-23,-11,-2,-3,-26,0,-21,-16,7
-3,-6,-9,2,-11,-7,-21,1,-21,-16,0,-2
-6,-22,-14,-20,-19,-24,-22,6,-5,-17,-9,4
0,-19,-24,11,-16,-24,-14,9,-18,9,-13,-18
-3,10,1,-17,-8,13,-25,13,-17,-22,-8,-6
-7,-4,-7,5,-14,-8,-3,-5,-21,6,-7,13
-23,14,-9,12,-9,-4,-6,15,-10,6,-4,8
-25,13,-1,-14,-21,-2,-22,3,-5,-6,-3,5
0,-15,0,-16,-14,4,-1,6,-20,6,-4,7
-4,-15,-21,18,-18,7,-8,9,-9,-15,-2,-2
-7,4,-24,16,-7,2,-19,-8,-2,6,-6,19
0,12,-11,-4,-15,-13,1,17,0,-2,-17,14
-6,-13,-8,-4,-25,20,-11,-12,-16,-12,-2,-15
-23,10,-1,3,-17,-5,-24,-4,-15,-11,-7,15
-24,16,-8,-9,-24,11,-21,11,1,0,-3,-12
-17,19,-7,-1,-18,23,-9,20,-24,13,-24,-1
-24,-8,-11,-9,-8,7,-16,4,-10,25,-15,3
-14,11,-13,4,-24,22,-11,-3,-24,6,-4,12
0,-1,-19,21,-20,17,-3,15,-19,9,-11,-7
-22,4,-21,-4,-18,-1,-18,18,-9,23,-10,8
-16,4,-6,9,1,29,-22,-7,-12,10,-12,1
-5,16,-7,4,-17,26,-20,27,0,14,0,-3
-18,7,-10,23,-17,29,-15,20,-24,24,-13,-3
-20,2,-12,5,-12,30,-7,18,-23,16,-4,20
-14,12,0,24,0,-2,-23,25,-1,32,-8,10
-23,15,-23,1,-11,7,-11,10,-24,7,-23,-1
-19,17,-6,10,0,6,-22,33,-16,26,-13,-1
-25,17,-22,15,-10,10,-3,34,-14,5,-20,31
1,-22,-16,-34,-19,-36,-6,-27,0,-9,-7,-20
0,-35,-22,-18,-8,0,-16,-31,-15,0,2,-23
-1,-18,-20,-25,1,-13,-17,-20,-15,-14,-9,-8
-13,-4,-8,-16,0,-4,-24,-22,-4,-1,-2,-23
1,-6,-7,-3,-14,-20,-18,-28,-17,-25,-4,-4
-15,-2,-20,4,2,2,2,1,-16,-27,-24,-16
1,-5,-11,-1,1,-15,-3,-3,1,-27,-17,4
2,-4,-3,-24,-2,-7,-2,-24,-1,-27,-2,-10
2,-4,-13,-1,0,-13,0,2,-13,-2,-3,-28
2,-15,-18,8,0,-16,-24,-11,-9,-20,-6,-20
-15,2,-17,-12,-21,-25,-5,7,-24,8,-7,-24
-3,-5,-13,8,-20,2,1,1,-14,0,-17,-4
1,-14,-21,-24,0,-10,1,-12,-19,-19,2,-21
2,12,-9,13,-15,10,-7,0,0,-1,-5,-2
2,6,-7,14,-10,-11,-24,4,-4,4,-3,6
-7,-19,-18,-8,-16,5,-20,-6,0,-12,0,-12
-7,-2,-4,7,-23,8,-11,4,-15,-14,-14,10
-7,-15,-16,-6,-15,13,-9,5,0,-4,-6,-13
-7,-1,0,-13,-18,16,-7,-10,-23,8,-12,6
-7,-11,-8,-4,-12,6,-9,10,-12,5,-3,-8
-4,-15,2,-13,-5,2,-18,11,1,19,-18,-13
-6,2,-6,14,-2,14,-10,-14,-21,-2,2,-10
0,-7,-18,-8,2,9,-14,2,-1,20,-4,3
1,9,-23,-7,-24,19,-10,5,-16,15,-20,-11
-2,14,-2,-2,-5,0,-10,-2,-4,21,-1,6
-16,11,-24,16,1,-8,-1,11,-3,-2,-7,-1
-13,7,-10,24,-23,17,-5,8,-5,18,-10,19
-24,9,-6,12,-9,12,-21,17,-13,23,-20,27
-22,-5,-18,17,-7,-8,-23,16,2,14,-8,-2
-19,9,2,2,2,27,-7,12,-23,14,-1,13
-23,4,-1,6,-21,-6,-3,10,-15,12,-7,30
-19,15,0,15,-16,-3,-12,13,0,9,-5,27
-20,18,-22,16,2,28,-2,32,-3,17,-3,7
-13,17,-16,27,-6,13,-21,22,-9,10,-8,19
-1,8,-9,4,-13,1,-6,21,-20,25,1,9
-17,7,-2,17,-3,3,-9,6,-6,28,-2,10
-3,25,-2,29,-2,20,-5,12,-2,17,0,24
1,-23,-18,-2,-7,-10,-21,-19,0,-33,-6,-22
3,-8,-6,-35,-4,-35,-10,-34,-22,-12,-5,-31
-1,-21,-22,-19,-18,-3,-13,-25,-21,-17,-23,-26
3,-26,-19,-19,-16,-15,-8,3,-5,-19,-5,-31
-13,-4,-16,-16,-20,-23,3,-20,-14,-7,-7,-6
-3,-17,-13,-8,-19,-3,-18,-14,-22,-24,-22,-6
1,-14,-5,-5,-6,-3,-20,-15,-16,5,-6,-11
0,-28,-8,-17,0,-1,2,-15,-9,-28,-8,-20
2,-4,-10,-1,-18,-18,-6,0,-3,-24,1,-9
3,-18,-18,-14,-17,-15,-18,-23,-1,-4,-9,-2
3,-3,-20,-8,-10,-2,-11,-14,-16,-8,-4,-18
-2,-6,-4,9,-13,-5,2,-7,-18,-15,-13,1
-1,-22,-12,7,-4,-2,-5,-16,-21,-21,-6,-16
-6,-16,-22,-20,-15,-13,-15,-12,-6,-16,-12,9
-1,-6,-1,6,-3,0,-22,8,0,-22,-9,-12
3,-19,-19,7,-18,-7,-21,-18,-4,1,1,-7
-2,-20,-5,-15,-20,-9,-6,-19,-1,-6,-10,1
-4,-19,-14,1,-18,-1,-12,-1,-5,-19,-14,-4
0,-4,-8,-13,-5,18,3,7,-2,-4,-4,-13
2,-4,-4,16,-23,-16,-3,1,-1,15,-4,-10
2,-5,-13,-16,-17,-13,-13,6,-23,2,-2,-6
-15,13,-22,-4,-21,-14,0,-6,-10,17,-3,4
2,13,-8,-12,-2,-14,2,-8,-3,14,3,5
1,-9,-19,18,-4,15,1,-4,-3,9,3,7
2,17,-21,-3,-4,7,-17,-5,-3,24,-8,-5
-13,11,-21,-11,-16,19,2,13,-8,-7,-4,1
-15,5,0,12,-2,19,-3,25,3,0,2,0
-19,9,-23,21,-13,-5,-17,27,-2,2,-19,17
-18,13,-8,23,-16,-2,-12,23,-19,-2,-6,-8
-17,22,-23,16,3,20,-22,24,0,24,-8,11
-19,21,-3,25,-11,-4,-13,25,-17,14,-20,-1
0,25,-17,23,-17,26,3,15,-4,22,-3,17
-15,21,3,30,-21,11,0,31,-3,-4,-6,17
-13,1,-13,31,-5,29,-21,24,-10,20,3,24
-22,2,-13,31,-18,19,-17,26,-1,3,-4,31
-1,27,-1,13,-11,21,2,16,-22,10,-6,26
-15,14,-8,32,-10,7,-19,20,0,26,2,32
-4,-29,-11,-19,-7,0,-21,0,-22,-6,-9,-35
-5,-32,-4,-35,-22,-5,-3,-19,-1,0,-2,-2
3,-22,-13,-22,0,-30,-13,-6,-5,-26,1,-25
3,-2,-3,-8,2,-5,-12,-15,0,-27,-15,-20
-1,-31,4,-16,-19,-8,-3,-12,-8,-24,-7,-15
2,2,-10,-6,-5,-22,-20,-29,-4,-24,-5,-16
3,-29,-18,-28,4,-20,-13,-29,1,-29,-2,-30
4,-26,-19,-12,-4,-24,-13,-18,-3,-5,-11,-12
0,-13,-22,-13,-8,-8,-9,-6,-4,-11,-5,-24
4,-17,-5,-19,-12,-11,-19,-5,-22,-15,-6,-10
4,-7,3,-13,-7,-14,-17,-20,-13,-11,-15,6
2,-24,4,-25,0,2,-18,-24,-3,-6,-7,-10
4,-7,-13,-9,-17,-13,-14,6,4,-12,-20,-11
-1,-21,3,-9,-19,-21,4,-8,-1,9,-12,-2
3,-4,-21,-2,-21,12,-5,-15,-9,4,-3,5
4,-3,-6,-9,-12,-8,-2,5,-9,-12,-1,12
4,-9,-4,12,-21,15,-5,-16,-15,-3,-7,-1
4,-18,1,-19,-17,-17,1,-12,-1,9,-8,8
2,2,4,10,-7,10,-16,7,-14,-4,-14,-16
-2,-14,-10,-5,-3,4,0,-3,-5,3,-5,-10
-4,-12,-5,17,-7,6,-15,-8,-16,19,-6,17
-4,-13,-7,15,-1,-5,-18,-9,-14,8,-4,10
0,-2,-21,3,4,-9,-22,-4,-8,-4,-10,14
2,15,-11,12,-4,22,-12,1,-3,8,-6,5
-22,24,-17,-8,2,14,-4,6,-19,12,-19,1
1,25,-3,7,-10,6,-21,5,-6,19,-7,12
-15,-3,-3,-10,-4,7,-7,9,-3,16,-7,10
0,22,-6,5,-2,8,-22,0,-6,25,0,-4
4,14,0,-2,-14,21,-11,21,2,-8,-14,18
-22,-3,-4,26,-18,25,-18,28,0,24,0,10
-18,6,-2,-4,-18,28,-7,-6,0,16,-16,25
-11,23,-1,-4,-22,14,-9,21,-19,28,-21,-2
-3,20,2,-4,-2,16,0,28,-2,6,2,6
-16,3,-21,25,1,29,-3,8,2,21,2,-2
-18,17,-8,3,-9,33,-20,20,-3,30,0,11
-19,6,-2,33,3,11,-10,34,-2,22,-9,27
-6,14,-4,31,-1,30,-18,3,-1,12,-20,0
-1,-21,-11,-35,3,-12,-14,-5,-2,-24,-17,-8
-3,-30,-12,-16,-8,-34,-4,-30,-12,-14,-5,-14
-3,-25,-13,-18,-3,-27,-7,-19,1,-21,-3,-14
2,-1,-13,-4,-9,-29,-19,-24,-15,-19,4,-15
1,-13,-12,-15,5,-18,-8,-23,-6,-7,-21,3
-3,-31,-14,-11,-3,-1,-7,5,-12,-23,-7,-18
2,-17,-13,-19,-20,0,-14,-9,-18,-29,-7,-29
-11,0,-18,-25,-2,3,-12,-25,-9,-16,-10,-10
4,5,-16,-10,3,-9,-20,4,-9,-10,-3,-9
-1,-25,-7,-16,0,-13,-21,-10,-19,-5,4,-4
3,0,-20,8,0,-21,-8,-19,-12,-22,-11,-2
5,-17,1,-24,-8,-14,-2,-15,-8,-15,-12,-14
5,-19,-11,-5,-1,0,-1,-4,-3,-18,-3,-21
5,-7,-10,-2,-3,-17,-13,0,-7,11,-13,-1
4,-6,-11,-16,-14,2,-15,-1,-4,-19,-14,-5
-4,-6,-11,6,1,-4,-9,-20,2,-15,-8,5
-19,2,4,-1,-5,-18,-16,-17,-14,-19,-5,4
-11,1,-7,-15,-15,10,-18,14,-17,12,-8,-3
-21,-3,4,12,-21,-7,-2,-13,3,13,-10,18
-10,2,0,9,-5,-13,-5,-11,-15,13,2,-12
-17,18,-1,19,-5,-11,3,-10,0,15,1,-12
-15,-11,5,3,4,14,-9,2,-20,2,-2,-11
-15,8,-15,-7,-8,16,-21,-10,-21,18,-14,16
-20,10,-10,23,-4,10,-18,6,-14,7,-17,-1
-1,15,-5,14,2,2,-15,-2,0,17,-10,-7
-8,11,4,15,-9,13,-8,14,-19,-6,-21,22
-20,-8,-9,5,0,25,-14,25,-20,-2,-1,5
-18,12,4,3,-1,-4,-7,7,-10,22,-21,-8
-11,15,-7,-5,-13,20,0,12,4,22,-5,27
1,2,-10,17,1,3,-18,25,-7,26,-5,9
-17,17,3,-4,-14,22,0,24,-12,13,3,20
-21,17,-2,4,0,3,-2,20,0,1,0,20
-21,17,3,17,0,13,-9,21,-2,0,-20,27
-20,2,2,28,3,29,1,27,5,21,1,12
-7,26,-6,23,2,21,-12,1,2,3,3,23
-5,30,5,9,-20,4,-7,33,-6,15,3,6
-6,35,-12,3,-8,2,-9,2,2,22,-5,5
3,-34,-3,-22,-12,-17,-5,-16,-2,-4,-11,-12
-20,-10,2,-9,-13,1,-7,-32,-8,-27,-20,-7
-3,-18,1,-34,2,-10,-19,1,-12,-23,-8,-11
-10,-3,-16,-11,-3,-4,-7,-3,-1,-16,-13,-4
-2,-24,-7,-26,3,-2,-13,1,-7,-14,-15,-17
5,1,-6,-13,-4,-2,-11,-9,0,-2,-4,-28
6,2,-9,4,-18,-14,-14,4,-3,-25,-4,-23
3,-12,-16,-8,5,4,-8,-22,-3,-27,-3,5
5,-25,-9,4,-11,8,0,-4,-12,-2,4,-20
3,-12,6,-25,-15,-8,-12,-18,-12,-2,-10,-20
4,-11,-12,-7,-15,7,-17,-14,-11,-26,-7,-7
3,-25,-12,-10,-10,-17,-17,-17,-12,-3,-7,-19
2,-23,-12,-19,-10,8,-19,-1,-12,-3,-8,12
6,-10,-13,1,-7,-20,-17,-21,-14,-16,-9,-9
-2,-7,4,9,-20,-8,1,9,-19,6,2,10
-15,-4,1,-10,5,-11,-14,1,2,9,-6,12
-5,-8,3,1,4,-12,-7,11,1,-10,-3,-17
-5,1,-18,-1,3,-2,-1,-19,-2,-7,-16,-2
-7,-5,-14,16,-14,-4,-14,-2,-10,11,2,-11
-9,-5,1,12,-9,4,-9,-1,-5,3,-16,-14
-14,9,3,-7,-12,-5,5,-3,-13,0,-7,-13
-10,6,-20,16,2,21,-4,9,-20,11,-19,13
3,-8,-17,7,-20,-11,2,7,0,-13,-20,12
-14,4,-4,3,4,8,-10,13,-9,23,-7,-11
-18,-12,-4,-5,-9,-8,6,-11,-9,15,-17,10
-14,10,-12,20,-2,1,-6,2,-20,16,-2,12
-17,-1,-3,0,2,-7,-9,12,-2,23,5,15
-1,13,-19,5,-6,-7,-5,25,3,1,3,17
-3,19,-18,14,-11,9,-10,27,-6,18,-15,6
-17,23,-18,29,-8,19,-1,14,-6,11,-5,-4
-10,18,-7,-4,-11,-3,-17,-1,-5,26,-18,30
-10,-4,-1,-4,2,18,-8,5,-1,-5,6,19
3,30,-7,8,-2,5,-4,15,-20,-3,3,13
-18,-1,-11,24,-20,15,-20,0,3,8,-5,2
-12,32,-6,30,-8,23,-15,-1,-15,15,6,20
-15,30,-11,13,-18,7,-8,2,-14,20,1,26
-8,25,2,5,-11,15,5,28,-4,13,5,30
-11,-7,4,-1,-14,0,5,-20,-2,-20,-3,-9
-2,-16,6,-14,-9,-14,-12,-19,-14,-1,7,-7
-2,-33,-8,-5,-18,-12,-6,-21,5,-13,-5,-11
-2,-28,-4,-15,1,-15,-9,-32,-10,-9,-8,-10
4,-13,-3,-26,-13,-30,-14,2,-4,-17,-3,-31
7,-27,-9,-7,-1,-28,-10,-31,-1,-4,-4,3
6,-13,-7,-13,-10,-16,5,-8,0,5,-13,-17
7,-23,4,-15,-10,0,-5,-9,-5,-20,-11,-11
6,-28,-3,-17,-9,7,-1,-22,-4,-17,-5,-20
6,8,-17,-19,-5,-19,3,4,-4,-5,-9,5
7,5,-5,-1,4,1,-7,-21,-7,-23,-3,8
2,-10,-4,-5,1,7,4,-7,2,-5,-4,-17
0,-23,-5,9,-3,-23,-16,6,-16,-12,7,-22
-19,-17,-5,-22,-3,-20,-19,1,-10,10,-5,-8
-19,-21,-17,7,6,6,1,-12,7,7,4,14
3,-13,-16,4,1,-10,-2,3,2,6,-14,0
-5,-9,-11,-12,-10,-8,-8,3,-5,2,-3,-10
-1,10,0,8,-17,9,-11,1,-1,2,1,16
-5,7,-7,13,-8,-18,4,7,-14,2,-14,-9
1,-7,-7,12,-8,16,7,4,-7,-11,1,-5
-2,17,-12,-5,2,-3,-10,-6,-8,-13,-6,-1
-4,-9,1,-11,7,16,5,-10,-4,9,3,15
-2,-14,4,-12,2,-8,1,-11,-16,16,5,21
-19,17,0,-5,-8,-4,-17,12,2,13,1,10
-17,13,-13,14,-17,20,4,8,0,17,2,-6
-18,19,0,20,-3,23,-7,-7,6,20,4,-7
-19,2,-15,22,-18,-9,5,26,-2,18,4,23
3,-2,1,17,-19,-4,-1,12,-6,5,-17,20
-16,2,4,-2,-1,12,-5,15,-3,18,-10,24
0,13,7,16,-8,17,-19,11,-19,12,-1,25
0,29,-3,16,-17,-4,-18,21,4,9,5,-3
-3,14,-8,-5,-3,4,4,23,3,-3,2,2
-2,20,-17,1,-17,0,-17,26,6,28,-5,-4
-14,31,-10,23,1,26,2,9,1,22,4,25
-7,11,-6,3,-17,-2,-11,10,-19,3,-7,23
-16,34,-19,19,-4,13,-1,11,-3,28,-15,31
1,36,-3,1,-11,14,-1,19,3,34,-5,14
8,-16,2,-8,-8,-17,7,-3,-6,-12,-7,-18
0,-19,-16,-19,-15,-15,-1,-33,7,-2,-7,-23
1,-20,-9,-2,-15,-22,-18,-5,4,-9,3,-16
0,-30,6,-9,-11,0,-9,-4,-1,-11,5,-20
5,-14,-9,-4,-5,-5,6,-3,-15,-17,-6,-19
4,-31,-2,5,-5,-19,-11,-13,1,-22,1,-21
3,-16,-4,-21,-13,-24,-8,2,-3,-21,-8,-20
7,-27,-10,-23,-7,3,4,-9,3,-21,-3,-29
-11,1,-15,4,-2,-21,-1,4,-16,2,8,1
-13,6,-11,1,8,3,8,-25,-18,-19,-16,-12
-9,-14,4,7,-2,-18,-9,-1,-11,-14,-3,-13
-16,-12,4,-5,5,11,-15,10,5,-18,4,11
-14,0,-11,8,5,-9,8,-1,-8,10,1,-8
3,-12,-18,-22,-16,-12,-9,-18,-4,13,-15,0
-12,2,7,6,-8,-15,0,14,-6,-3,-2,-3
-3,-12,-14,4,-3,14,-5,-7,8,9,1,-12
-6,-18,-7,-9,-6,-8,4,9,-1,-2,-15,-3
-9,6,8,5,-10,5,-7,6,-13,8,0,-9
1,14,-2,-14,3,4,-11,-5,-13,6,-6,-10
-2,18,-7,18,-17,-13,-7,-7,0,-1,-10,-4
-4,-11,-10,4,6,-4,4,0,-2,16,-1,9
-4,-5,-1,11,-1,13,3,-14,7,19,-8,21
-13,5,1,-10,-1,1,-13,10,1,1,-17,-5
4,-10,-16,12,3,-2,5,14,-2,5,-6,8
-10,6,-3,1,7,23,3,-3,0,-1,1,-10
-14,10,6,18,8,15,-18,1,8,0,-12,21
-15,12,7,15,-12,18,7,-5,-4,-4,-17,9
-6,13,5,6,7,22,-6,5,-14,15,-17,1
3,2,8,-7,-1,13,-4,14,3,-7,-7,-5
-4,-6,2,1,6,24,-1,24,-5,4,0,11
-5,9,0,-5,-8,23,-14,-6,-1,29,8,4
-1,27,-14,5,-11,4,4,30,0,0,8,-4
-7,-1,1,16,-5,9,8,18,7,0,0,5
0,28,-8,10,0,20,-3,11,-13,29,5,32
-5,-1,-13,23,-7,0,-16,2,5,18,-4,14
2,11,3,26,5,17,-5,35,7,6,3,19
-3,24,-13,16,5,9,-8,34,-6,21,5,34
8,-13,4,-6,-11,-4,-3,-22,-16,-5,9,-28
0,-27,6,-11,-15,-28,1,-9,0,-23,-4,-28
8,2,0,-12,2,-32,7,-6,-12,-22,6,-28
0,-24,-14,3,-17,-21,-17,-10,-2,-5,9,-7
1,-26,-4,-32,3,-24,6,-6,2,-31,-16,-32
1,-30,8,-20,8,-1,3,0,3,-25,-12,-28
4,3,-15,-9,9,-27,4,-25,-6,-17,-2,-8
3,-10,7,3,-8,-16,-17,-9,0,-3,-2,7
-14,-28,8,-5,-17,-4,-6,-9,0,-15,-17,-25
-2,-24,8,-23,4,-24,-3,-27,6,5,-4,-7
-4,-15,-10,10,-4,-10,6,8,-12,10,7,-15
3,4,5,2,-3,-8,-8,-13,-5,-25,-16,-17
5,-14,-10,-21,-13,-10,9,-13,-5,6,4,-23
-10,2,9,-16,-13,-21,-10,0,6,-9,4,-9
-10,1,-6,-8,-8,1,5,1,-6,-8,4,1
-2,-3,-15,-2,-2,-6,-12,-1,-17,-6,-11,6
-3,4,-4,6,-7,-18,-4,-1,6,-11,-13,-5
-3,-10,8,-17,8,6,-17,13,7,-16,3,7
-1,-7,-7,8,-16,13,-7,-13,2,-12,-17,-13
-17,14,2,15,-6,-2,9,12,-15,16,3,14
-1,-6,0,-7,2,-11,1,13,-1,-2,3,-9
-10,1,8,14,-6,10,2,7,7,11,5,16
4,-9,5,7,3,13,-1,20,-12,2,8,-14
5,-9,7,-12,-11,-5,-7,-2,5,3,-15,19
-10,-8,4,19,-1,-1,-11,-11,-1,11,-12,-10
-8,10,9,8,6,13,6,19,-7,3,-6,18
-7,-8,9,-5,0,9,-3,21,-15,9,-2,14
2,10,-3,13,6,17,1,6,-10,17,-6,0
-5,16,-10,7,2,8,-8,6,-10,-4,-3,26
-13,24,-12,17,-3,15,5,20,2,16,-4,23
-6,30,-3,23,-12,21,2,-5,3,-1,3,24
-5,24,-7,15,-13,24,-15,7,-12,14,5,29
-12,25,-5,31,5,26,-9,23,-7,29,3,9
-4,7,8,17,-10,-1,4,1,-12,4,-6,-3
3,32,-15,5,-7,9,7,24,8,-1,-11,24
-6,-1,-5,23,9,14,-1,29,-9,8,-13,30
-5,26,9,35,-5,35,-11,15,-2,5,-4,25
-13,-25,4,-21,-11,-31,-10,-4,-1,-13,8,-24
9,-14,-2,-12,-3,-30,-4,-9,-12,-16,9,-30
7,-6,3,-31,10,-16,-8,-9,4,-27,5,-13
-5,-22,4,-26,3,-9,-9,-26,-3,3,9,-7
7,-5,-2,-11,3,2,-16,-25,-10,-6,5,-29
-6,-18,6,-18,9,-20,-2,-20,-3,3,-14,-4
-8,-6,-9,-9,-2,-15,3,-27,-7,6,1,-12
-12,-15,8,4,-1,-5,-15,-8,-7,3,9,-15
-16,-12,-5,-9,2,-10,6,-15,-1,2,2,6
-14,2,6,-3,-11,-7,1,2,0,-18,-3,-15
-3,2,-2,10,-11,2,-8,-12,-13,-9,-8,-7
0,5,6,-3,-12,-15,-6,-17,-1,-22,-6,-16
0,-8,-4,-11,2,7,-11,-3,-11,11,-9,-18
4,10,-10,4,1,-12,-12,-10,4,-6,-14,-13
3,1,-12,1,-6,1,-6,-18,1,10,-2,-2
0,1,-7,-16,-2,-17,9,10,-4,7,9,14
-13,5,10,-12,-8,-19,-1,13,-2,-4,6,-18
5,11,8,-1,-9,-16,7,-13,-14,-15,-10,-4
-11,6,5,-10,-13,-8,-3,-16,-9,4,-10,-10
-4,-9,-12,-16,-1,1,-12,-1,2,18,-1,18
-1,1,-9,-6,10,-5,8,8,8,-6,0,-8
0,-12,-9,8,-3,-11,7,-14,-5,-14,-1,12
-3,-8,-15,-5,7,21,-11,13,8,14,-14,-10
-11,22,7,7,4,21,6,-7,6,14,9,-6
3,-5,1,12,-1,8,-3,-12,-5,-1,-11,10
3,23,3,12,4,12,10,7,-4,-7,9,11
-1,15,-3,5,-10,-10,-11,6,1,24,-15,6
-3,0,-1,26,5,24,0,17,5,25,-5,1
-2,28,6,-8,4,2,10,9,-9,22,-4,26
-13,21,-5,8,-7,21,4,0,1,2,-8,7
-14,25,-9,-5,-7,10,9,30,-5,28,0,6
-4,30,-3,28,-2,31,-10,14,-2,8,4,24
-6,32,-15,12,6,24,-1,0,-12,25,-12,1
3,27,-15,24,-14,28,-14,31,10,31,10,32
1,33,-16,30,-7,7,-12,2,0,2,10,21
-3,34,-11,28,-3,16,-5,2,-3,32,0,29
-2,27,-15,21,-6,0,-15,18,-2,35,4,1
-14,-24,1,-4,7,-30,6,-23,7,-3,-6,-5
-13,-9,9,-9,4,-26,-15,-21,0,-29,-5,-22
8,-25,-14,-2,0,-29,6,-15,10,-13,-8,-31
-2,-31,2,-3,-14,-20,4,-24,11,-28,2,-28
-7,0,4,-10,11,-31,-7,-29,-3,-30,5,-8
-11,-28,3,-9,5,-24,8,-29,-7,0,-4,4
7,-3,-15,-8,9,-28,-11,6,-15,-2,11,-12
-10,-20,-4,-23,2,-12,0,-12,11,-4,-9,-11
-6,-5,-14,-23,5,7,5,-13,9,-23,-5,-8
-12,5,-14,-14,-3,7,11,-13,9,-2,-6,-11
1,-3,2,6,9,-9,-1,-2,-11,-14,9,6
-14,6,-5,-8,6,3,-6,5,4,-7,8,5
3,6,-3,9,-7,-2,6,-14,-15,-4,10,4
3,10,-8,-6,-4,12,-7,-4,-5,-10,-15,-1
3,12,-1,-12,-12,3,-15,13,8,-14,3,-7
1,-14,0,-10,-7,-3,6,-4,-14,13,11,0
5,-9,-12,13,-1,7,6,-13,10,-8,-4,-18
0,-11,-2,0,-9,7,0,-17,-1,1,9,-1
-1,-16,-12,-10,-15,9,5,5,8,10,5,-8
-10,9,8,17,3,12,-11,-5,-4,3,-11,6
1,-15,-15,-4,-7,4,-5,-13,8,2,2,16
-9,16,-15,-15,-10,1,-7,20,10,-2,-1,21
3,10,-6,-10,3,1,3,11,-12,12,-7,-9
-3,-4,9,0,-6,17,10,12,5,-11,6,2
1,16,-13,19,3,-8,-3,11,9,-8,-12,22
-2,-8,5,22,8,2,-15,4,4,-8,-12,16
3,22,11,7,7,24,-3,-1,-5,22,4,21
-7,27,3,7,-12,19,-6,9,-14,11,-2,25
-1,22,11,28,7,11,7,4,9,15,0,20
0,12,6,-3,-14,22,-4,17,7,8,7,26
-6,28,-11,6,-6,15,11,7,-6,-4,-9,-5
3,22,-6,19,-12,17,-9,8,6,18,3,6
-10,26,-12,7,2,20,-6,16,-5,14,0,17
-4,31,-15,15,-6,15,-14,30,-3,12,1,12
3,34,-4,8,2,11,-11,7,-15,7,-4,28
-6,34,-14,23,-6,6,5,18,-3,35,0,31
-3,34,-1,0,4,13,11,34,-1,5,-6,28
4,-26,10,-29,-13,-10,9,-23,-1,-5,-6,-5
12,-5,-3,-7,4,-22,5,-4,-11,1,-1,-2
-10,2,-7,-3,2,-19,4,-21,-2,-25,-12,-13
-13,-19,-2,-3,-7,-2,-1,1,-11,-1,2,3
-7,-14,7,-14,-3,-24,9,-13,11,-23,9,-5
-3,-17,0,-5,-3,-3,-10,2,-7,-3,-12,-23
10,0,-10,3,-10,-11,-12,-9,12,-12,1,-16
6,-5,5,-24,-14,-6,5,-25,2,-7,-9,1
-13,-19,-6,7,-3,1,2,-13,-11,-3,2,-17
-5,-3,-4,9,9,-17,5,8,9,6,11,6
0,0,-13,-7,0,-10,-14,-26,-1,-6,5,-25
1,8,6,-16,1,6,-5,-23,2,-18,-6,-14
2,12,10,-21,6,1,10,-12,6,11,-8,1
-8,5,6,1,-10,13,-12,-17,-12,11,9,-20
-1,-5,7,0,-5,-3,-8,13,-4,-22,-4,7
6,-3,2,10,1,-12,6,4,8,-1,-14,-4
-2,3,2,-15,-8,-4,-7,-16,6,11,3,11
0,-19,-2,-15,-7,-9,11,3,3,12,-10,-15
4,8,-13,-6,-4,-3,-7,-13,5,-16,-5,12
0,-4,-7,12,-12,7,-5,-4,4,14,12,-13
-2,4,-1,8,-6,-10,-6,17,-2,-6,10,4
0,-9,6,-12,-6,-12,-1,-11,7,-8,-2,16
1,-7,-9,1,11,-6,7,14,6,1,-6,9
-8,7,1,1,-14,-7,-2,-13,-4,-1,10,16
-4,-3,2,-12,-11,18,7,21,-6,0,4,12
-9,1,-10,13,-14,20,-8,19,7,11,-4,-6
-5,-3,0,-4,-10,23,-4,3,-12,15,-14,26
-14,10,-14,-7,3,5,10,1,7,-7,-2,23
-12,2,9,2,-1,6,-14,11,10,-2,2,-6
-6,5,-2,16,6,-6,-11,29,9,5,-9,9
2,2,7,7,-3,4,-10,20,-8,23,11,-4
-5,21,-14,-2,6,-5,12,22,2,6,-5,17
-1,30,-8,5,-7,8,-7,-4,-1,20,-4,14
-1,4,5,12,5,5,12,25,11,19,-9,5
-2,16,6,11,-6,33,3,31,7,31,6,2
-4,25,-1,24,1,18,-2,32,1,-1,-1,13
-2,28,-10,19,-1,0,-9,13,12,36,10,31
10,-16,2,-15,11,-6,1,-32,-12,-26,-11,-5
-7,-5,13,-13,3,-11,-1,-16,12,-8,12,-16
3,-22,0,0,-3,-10,-12,-23,6,-9,1,-28
2,-17,7,-19,12,-31,-12,-11,-9,3,3,-19
-8,-9,2,-25,6,-29,-12,-20,11,2,-7,-20
7,-25,5,-14,-10,1,3,-10,-1,-11,-3,-4
-9,-15,13,-19,8,1,2,-27,-5,-24,4,-21
-10,-9,11,-2,9,-22,3,-22,-2,-25,-11,-10
-6,-22,6,8,13,-21,-9,0,-2,7,0,1
11,-19,12,-3,6,-2,11,7,6,-13,-2,-16
-4,-6,2,-10,7,-17,8,-5,-9,7,-3,-26
-7,-15,-1,-7,-9,10,-11,-2,5,3,-7,-5
6,12,-11,10,-11,-21,3,12,7,3,0,8
4,13,2,3,-9,3,10,0,1,7,-5,-3
-2,-12,0,-14,8,4,-1,12,9,7,-2,9
2,1,-8,12,12,-2,-11,-20,9,-3,0,6
-7,13,2,-11,13,-16,9,-1,9,-12,1,-17
1,-11,4,1,-10,-12,-3,1,-2,-4,1,2
1,3,10,7,-9,-5,-9,-8,-6,9,10,-16
1,-14,4,8,7,14,2,14,-10,17,-8,-7
1,6,0,4,-7,20,-13,17,-13,-10,5,-2
-8,17,-1,-14,-11,-9,-3,14,9,6,3,-11
2,-3,-1,-14,-1,4,-11,1,6,-4,12,-2
-13,-11,12,-4,4,-1,-12,15,4,10,-13,1
-9,13,13,18,10,13,8,-9,9,24,-6,19
6,20,11,17,11,23,-12,-3,-2,18,9,13
-5,-3,12,-3,-11,19,9,-8,-9,22,8,25
-3,-4,12,13,0,20,11,-6,13,17,4,20
-9,0,-9,19,-12,25,-3,28,-12,27,5,4
-11,9,-12,22,12,20,7,20,1,20,13,4
-5,-5,1,9,0,13,-2,8,0,24,6,22
-9,1,6,12,-13,5,2,13,0,17,9,-2
9,20,-10,6,6,13,-5,-2,12,-4,7,28
9,14,2,14,9,5,4,8,-7,25,8,13
-7,17,9,15,-2,10,-9,29,1,13,10,9
-3,15,3,9,6,35,-11,23,9,34,7,1
-7,16,6,12,2,0,5,30,-1,1,7,5
-7,-29,1,-23,9,-18,-9,-29,-10,-9,9,-5
9,-3,9,-20,11,-33,3,-10,5,-11,5,-24
-12,-23,4,-4,13,-29,12,-14,-9,-26,2,-29
11,-26,9,-10,6,-6,-12,-25,-11,-27,3,-2
-2,-18,-10,0,3,-29,5,-11,-2,-4,12,-28
1,0,11,-1,11,-11,13,-28,1,-4,1,-14
2,2,3,3,10,-5,0,-2,1,-28,12,-30
1,-8,10,-10,1,-6,-1,-14,-2,-5,3,-17
-1,-24,-12,-23,-5,-2,-2,-5,8,-4,11,-3
-9,2,12,9,1,-19,8,-22,-10,-11,-1,-3
1,-22,11,-21,-3,-21,0,-10,12,-24,10,-20
4,-25,9,-4,2,-18,8,-9,13,3,-4,7
0,-24,-6,8,3,6,-7,12,10,-13,11,-14
5,7,10,12,6,1,-8,2,8,-12,-3,-3
4,-13,9,14,-11,-15,-5,7,8,-19,7,3
8,-12,3,2,2,0,6,-17,5,-21,-6,-10
9,-12,0,7,-2,-3,-7,6,-1,-2,8,-2
-10,13,-4,5,-9,-2,-4,2,13,0,-12,8
-11,9,-9,9,-3,6,3,12,6,-3,11,-3
3,-17,-2,-3,-10,18,-11,2,-3,13,2,9
8,12,12,-12,-6,-10,-9,-12,4,3,0,-1
6,8,-3,16,11,18,4,-12,-1,-9,8,-7
-3,-1,10,-10,-10,16,-12,-9,-1,14,-4,-6
8,10,1,-2,13,-13,8,-13,-6,20,-9,-6
-6,14,-3,17,3,15,11,20,8,1,4,8
3,2,1,-8,-11,3,8,-10,-3,20,11,21
10,13,-10,20,7,23,2,19,9,26,-11,7
-10,-3,13,8,-6,14,2,-3,-8,-8,-9,2
-10,-7,2,5,-2,14,14,22,-4,22,-6,2
-7,11,9,17,1,19,7,25,11,18,13,-3
-2,-6,4,-3,10,25,7,8,5,5,0,16
2,15,9,1,11,-1,-1,27,-12,5,-2,7
-4,15,9,29,-5,19,1,13,-2,27,10,8
-6,5,10,8,6,18,-5,29,12,17,5,25
-8,24,8,14,6,26,4,18,-10,22,10,20
-4,22,-5,25,3,22,0,28,13,23,-6,22
9,23,-1,23,3,13,13,34,-5,36,0,5
-8,-28,13,-11,6,-1,6,0,8,-25,-7,-28
12,-30,5,-20,10,-23,-11,-13,5,-27,-9,-5
8,-13,-7,-28,-11,-27,8,-26,14,-29,13,-21
-4,-9,-11,-23,1,-30,5,-24,-4,-1,12,-12
10,2,2,-16,-2,2,8,-2,-4,-1,-8,-2
4,-29,6,-18,0,-18,-2,-4,14,-20,8,-5
11,0,12,-23,0,-14,-10,-13,5,-30,-11,-18
6,-1,-2,7,-5,-18,7,3,8,-21,-6,3
1,-13,8,-2,8,2,7,-18,-6,-19,7,-1
-5,9,-4,0,-3,-2,-5,-27,-9,-18,11,-7
5,-8,15,1,14,-4,11,2,3,3,15,8
3,-10,7,-11,10,-6,10,9,-2,4,-3,-19
-2,3,-3,12,-11,2,0,-19,7,6,3,11
2,1,9,9,12,-18,14,-22,3,-6,0,-2
8,6,-7,-14,-1,-21,6,13,-3,10,-11,3
1,-2,9,-20,11,14,10,-13,-2,1,2,-8
9,10,-10,5,-9,-1,-3,-3,7,4,0,13
2,14,2,2,14,5,7,5,-7,1,-11,-3
5,8,1,4,-7,-1,9,18,6,11,3,12
2,3,-5,-3,3,-17,10,-11,-9,15,12,-10
4,-1,-2,6,2,6,0,-12,4,19,0,0
3,-8,13,19,-7,1,8,-8,-5,-9,-3,-11
12,21,0,-5,-1,14,-11,13,7,-4,-1,21
10,18,0,9,-1,17,12,23,1,1,11,14
-6,10,10,4,-10,9,-10,17,15,19,-2,15
-9,4,-3,15,9,-7,5,12,14,15,-10,16
-7,6,10,2,-10,-7,14,-3,-3,14,12,21
5,4,2,13,11,6,4,-4,-4,0,9,25
9,23,5,16,1,3,13,19,3,-6,0,19
-6,18,14,-6,4,22,11,-4,6,7,10,27
0,27,4,-3,-2,-4,-5,12,0,4,-1,9
-3,28,10,5,-7,7,15,14,7,20,2,30
3,8,10,3,13,5,6,21,-11,13,8,10
-8,20,8,10,13,20,-11,-1,10,2,12,21
-7,9,-1,3,0,28,5,-1,14,15,10,28
-8,2,13,13,-3,16,0,16,-6,10,2,30
3,14,13,11,-6,32,0,30,14,10,2,4
-3,0,-10,-12,6,-24,12,-29,5,-19,2,-3
12,-10,5,-20,11,-33,6,-21,11,-32,12,-14
10,-29,12,0,6,-34,6,-18,3,-27,15,-33
14,-23,-2,-12,-4,0,16,-25,1,-3,10,-27
13,-28,13,-13,8,-10,10,1,-7,-10,11,0
-9,-18,1,-19,9,-25,9,-12,12,-12,12,-13
7,-4,9,-2,-1,-8,2,-8,9,4,-3,-15
6,-14,-10,-13,2,-23,-2,-7,12,-19,15,-12
10,4,-7,-26,2,-9,15,-24,6,-13,5,-24
0,-2,3,-10,2,-27,-9,-18,0,-5,-2,7
5,-21,6,-6,-5,-9,-5,-21,6,-9,-6,-7
10,1,8,10,13,4,16,-25,16,7,5,5
-9,0,-4,-24,-7,10,-10,4,12,-20,-3,-8
-2,-7,-8,3,-6,8,5,-1,8,3,-10,-12
-8,-15,1,-4,2,-12,11,14,0,-13,2,-11
9,-8,13,11,7,-14,-1,3,4,-9,-3,4
-1,-15,9,-13,12,-11,-6,-13,-7,-13,7,0
-2,2,-1,15,2,17,5,9,6,1,-6,-12
-4,-3,-2,-8,-3,9,5,-10,-9,-4,2,9
-10,11,10,-5,-2,10,-3,-8,13,-1,4,14
3,3,2,-5,6,20,-9,-16,1,7,11,-14
2,12,4,20,-7,-12,1,-9,-9,12,-3,-15
-6,14,-5,-4,-5,9,3,-3,7,13,1,20
-5,15,7,-12,12,-12,-3,-12,7,8,-1,-11
7,22,12,4,2,-3,-3,7,-9,-8,0,19
9,-5,11,23,0,16,-4,3,10,19,3,25
11,7,9,4,5,1,15,-10,16,-9,0,1
1,23,8,-3,-1,-3,10,5,-2,26,-2,15
4,23,13,5,-7,6,4,13,-6,17,16,23
1,28,-10,0,8,27,3,22,2,19,9,15
2,26,-7,28,-5,-2,7,7,3,7,3,3
-3,22,15,29,-4,15,16,31,11,-5,-8,29
-7,27,2,17,-10,-4,0,11,8,-3,12,4
4,14,7,20,4,9,-5,20,4,21,4,4
-2,2,13,34,-9,17,-2,8,3,6,12,14
3,22,-10,16,5,0,-9,25,-5,30,10,26
5,4,9,2,10,16,10,13,9,7,-4,28
2,-18,-6,-6,-3,-23,2,-15,-6,-1,-1,-21
-9,-9,-6,-13,4,-15,7,-25,13,-23,-6,-6
12,-30,13,-25,12,-18,9,-17,16,-32,-8,-10
9,-21,-1,-6,13,-12,10,-6,17,-24,8,2
-9,-19,4,-2,-8,-12,-8,-19,15,-25,13,3
-2,-18,0,-30,7,-25,16,-23,14,-7,3,-17
0,-20,15,-18,3,-29,-3,-1,10,1,16,4
7,-4,16,-21,2,-2,7,-17,15,1,15,-8
12,-21,6,1,17,0,14,-11,11,-10,-6,-18
10,-19,17,-2,8,5,13,6,-5,-27,12,-10
-8,-20,11,-26,3,-11,9,5,3,-15,-7,-12
-6,9,10,4,-9,3,-7,8,-4,8,9,3
-1,-11,6,-5,14,-17,15,7,12,1,2,-9
11,-3,-4,-12,6,10,2,-3,-3,1,-1,-11
1,-3,-4,-8,9,4,8,-8,6,-14,10,-16
-3,-18,15,1,16,-15,5,-19,14,9,-2,15
1,-10,15,-4,10,-9,-3,4,-9,16,-6,-8
-1,-13,-3,-3,15,-6,17,-13,5,6,3,-3
-5,-8,5,10,2,-11,1,10,-3,-14,1,16
-7,-3,14,-9,-8,-6,8,-7,7,8,-2,1
-6,-15,14,2,17,13,7,19,7,-4,-6,-8
0,7,0,6,-7,7,17,16,17,6,5,4
-7,-2,-2,4,10,-4,3,13,13,-7,-8,20
-5,-4,11,12,-7,8,-2,-1,-5,8,6,-2
-3,11,-1,13,-6,17,12,14,5,19,8,0
-2,3,-4,19,2,-10,15,-7,-2,-9,6,18
14,19,-9,-4,13,-5,8,5,-5,24,-6,-10
5,7,-4,-3,13,9,13,16,-7,-2,14,5
10,8,-9,11,-9,13,11,24,7,2,8,15
-5,13,9,21,12,29,-9,-1,7,9,16,24
6,24,7,29,8,19,14,-1,4,-6,13,23
3,-1,-9,9,2,15,13,-1,-4,3,-2,17
2,22,11,18,5,22,11,24,17,19,7,24
4,22,0,5,-5,3,12,-3,1,24,10,26
-2,33,1,0,11,17,11,7,17,26,1,23
5,28,15,22,5,13,6,14,-9,22,2,27
3,7,-1,32,-2,34,17,9,-7,23,16,21
-5,-30,-7,-10,17,-32,4,-12,-7,-14,13,-28
-1,-13,17,1,9,-15,16,-12,13,-20,17,-29
14,0,5,-30,16,-24,9,-17,-5,-5,-8,-5
-7,-33,13,-16,13,-1,-7,-18,9,-3,-7,-4
9,-7,-2,-30,11,-1,5,-27,5,-11,11,-15
11,2,14,-19,9,-5,11,-18,5,-16,8,-18
4,-14,3,-14,-5,5,3,-28,7,-18,11,-19
0,-2,14,-27,-4,-26,7,-3,17,7,-3,-16
-2,6,12,1,10,-14,14,-13,-7,-10,11,-13
1,-19,10,-12,-1,-11,8,-23,16,-14,11,-3
5,-26,13,-12,3,-20,8,-21,12,-14,16,1
16,-16,-6,2,-7,-13,11,3,5,10,-1,3
-4,11,-5,-5,-6,-4,15,9,2,-8,7,-14
9,-13,-5,-7,-7,-7,8,-23,-7,-20,-1,-4
16,1,-2,0,15,9,-8,-9,3,-1,3,0
10,1,12,-10,3,-16,8,-8,8,-16,14,2
-6,1,-2,-3,12,-17,-7,5,-4,-13,-4,15
16,-14,-1,14,-7,6,4,2,-4,-2,-6,1
13,-12,-5,-4,13,-11,5,10,16,-10,4,0
13,10,7,7,7,15,3,-9,1,17,3,-4
10,-5,-6,-10,13,5,9,14,9,-1,2,3
13,21,-3,-3,-5,-11,-7,-10,2,-9,2,-11
-8,0,-3,-5,9,-13,-3,8,1,-9,3,-6
14,23,-2,11,4,-6,6,12,18,-10,6,-2
12,1,10,12,-2,-5,6,7,6,-1,10,9
0,-1,5,-10,12,-5,1,22,-8,-7,18,-2
11,1,1,-3,0,21,0,24,5,9,16,-8
-1,22,13,-7,-8,7,16,-1,-7,23,18,-3
-4,25,1,-2,-6,2,-5,16,3,11,5,16
3,16,-5,22,18,18,0,-6,-2,4,6,15
3,2,7,16,2,25,12,6,15,15,2,-5
12,11,17,26,11,30,5,27,15,31,2,11
4,29,12,1,2,10,0,12,11,1,0,25
8,29,15,20,4,2,13,19,13,16,3,3
5,25,14,21,-4,19,3,7,3,14,6,26
10,24,17,4,3,18,17,22,12,20,9,23
11,27,12,30,18,35,2,2,3,0,17,29
4,-6,11,-13,-4,-9,17,-35,5,-13,-2,-35
1,-9,14,-16,1,-2,-5,-15,-3,-31,-6,-3
-1,-2,16,-17,11,-23,15,-24,-7,-21,0,-7
7,-14,5,-31,8,-27,-2,-26,14,-17,18,-6
6,-24,9,-24,8,-7,12,-9,17,0,17,-26
12,-13,16,-15,-7,-29,9,-13,8,-10,0,4
4,-17,6,-2,-6,-15,14,5,-5,-1,12,-10
9,-23,-1,-14,12,-22,9,-21,-1,5,-3,-23
6,-14,-3,6,-5,5,-4,-1,19,5,2,-3
4,-18,3,5,15,-25,12,-21,18,-19,13,-24
14,-2,16,7,-7,-22,12,-24,6,-23,1,-19
-3,-20,-1,8,5,6,18,-6,13,-9,0,-5
0,4,16,3,7,-14,-5,2,5,11,13,-13
13,-19,-7,13,4,8,-5,-9,8,-22,4,-19
-7,2,16,-18,19,2,-5,-11,-3,8,-1,-20
17,-19,11,-17,17,6,-2,10,-5,-9,8,-20
10,-7,-4,-17,16,-17,14,4,-1,-15,3,-12
11,1,7,5,12,8,11,14,10,14,1,2
18,-12,7,2,15,14,11,-15,10,1,17,4
16,16,4,-14,6,-2,13,-6,2,-8,5,9
16,10,0,9,-7,-1,17,-16,-6,-16,1,-6
10,5,-3,2,9,10,19,9,5,-3,-1,19
18,5,-5,-1,9,17,19,-7,4,19,-6,9
18,21,1,-10,12,2,8,-7,-4,-3,7,4
17,0,0,-6,13,16,8,4,3,-5,1,13
15,24,14,21,-5,1,19,-8,14,7,16,1
16,-7,3,21,-4,26,16,14,15,16,9,13
11,5,12,1,1,7,0,19,-6,15,5,-6
10,13,10,13,17,8,10,26,-4,11,0,-7
2,23,19,24,-4,19,18,28,11,16,7,17
18,3,3,5,10,16,11,10,13,13,6,12
10,24,-2,26,-2,4,5,15,-6,0,16,17
9,29,17,4,2,6,11,23,3,19,13,5
13,5,-2,23,16,19,17,8,3,8,-2,21
10,21,10,33,7,28,16,19,-5,29,0,10
12,28,17,29,4,35,-6,33,14,3,-2,18
-6,28,7,8,17,20,2,23,12,36,-1,16
-4,-32,14,-13,16,-22,13,-21,-5,-3,7,-13
1,-1,9,-31,-6,-26,10,-7,14,-1,15,1
10,-10,14,-16,4,-25,3,-25,6,-9,13,-11
5,-9,-5,-2,6,-12,-3,-22,18,0,3,-21
17,-11,19,-32,7,-11,16,-21,17,3,1,-6
18,-10,10,-13,20,-25,8,-14,16,-3,0,-2
11,-8,20,-10,20,-18,12,-10,5,-5,8,2
18,5,9,5,20,-9,12,-18,7,-25,-5,7
-6,1,2,-27,11,-12,12,-14,20,-8,-1,-3
18,9,0,-4,4,6,14,3,-6,4,0,-20
12,-13,-2,-26,6,-10,8,1,11,10,0,-17
3,6,1,-12,10,-3,1,0,-2,-3,4,-3
17,-12,-5,-14,8,-23,-2,8,2,-5,0,-20
19,-3,20,-10,6,6,14,11,2,-16,4,5
-5,14,2,0,-3,-14,1,-2,2,-5,5,-2
15,-3,5,-13,1,-8,2,11,20,-5,-1,-10
-5,13,0,-2,3,0,19,-11,13,10,2,13
-6,-12,2,-12,-6,15,8,7,-2,-3,3,-11
-6,-9,-2,-7,18,18,17,-10,3,-4,2,-2
18,18,8,0,-4,1,14,0,0,19,2,-8
17,8,0,-5,6,17,6,15,2,-11,4,7
-4,21,-5,3,6,-2,4,-3,11,-11,4,18
-5,21,5,-10,0,3,1,10,3,-1,3,-10
-6,21,11,-6,-1,17,19,17,3,-1,-3,1
-5,22,-2,-5,16,-1,6,18,9,2,-3,-8
13,-7,-3,-4,17,-5,9,2,10,13,2,16
-6,0,15,25,1,1,10,21,1,11,-5,16
-6,-1,10,14,2,12,2,17,1,2,4,-3
-6,27,4,10,11,25,7,15,4,2,1,25
15,9,-6,21,7,25,10,18,0,20,16,21
7,10,-6,2,8,-1,16,20,6,11,0,0
5,20,11,10,-1,2,1,10,-6,16,-3,27
6,32,15,5,17,-4,13,25,14,5,18,26
-4,24,8,24,5,15,2,25,-1,23,12,23
1,18,20,27,6,25,-2,12,9,29,6,10
-5,31,19,9,10,27,6,5,-6,1,10,31
10,17,-6,26,-6,22,15,2,-2,35,14,16
5,-9,-3,-1,2,-4,15,-7,0,-30,19,0
6,-4,21,-23,11,-19,4,-27,9,-28,20,1
8,2,3,-11,14,-20,17,-12,20,-16,16,-30
15,-16,8,-15,-3,-8,6,-5,0,-29,7,-4
15,-25,7,-23,18,-13,-3,-1,16,-19,2,-9
6,-30,15,-12,21,-22,18,-17,1,1,8,-20
10,-7,1,-27,11,-16,7,-15,8,-24,4,-7
7,-8,20,6,21,-27,6,-29,9,-26,0,-2
10,-18,13,6,-2,5,-3,-28,2,1,0,-11
-3,3,-1,-1,19,8,14,7,5,-8,1,-27
14,-14,20,-20,-3,1,11,-4,15,-6,10,-1
18,-17,3,9,-5,-12,18,-15,5,5,4,-20
15,-3,9,7,16,-4,3,7,8,-8,0,-24
12,-12,15,-17,-4,-5,11,-6,-3,-15,17,-9
17,-16,-4,1,15,-9,18,-18,13,-4,4,13
-3,12,12,13,20,13,19,-19,4,5,0,12
-4,-3,21,1,-3,6,0,12,7,-4,13,13
18,-8,17,-4,1,11,11,-17,1,-9,-5,-10
-4,-2,5,3,21,-10,6,-17,-3,-8,0,-6
-3,6,5,11,10,0,18,-6,-2,-14,4,-7
3,14,2,19,8,-10,9,16,1,7,3,20
-3,19,4,20,20,-2,-2,-9,17,-15,4,4
-4,4,12,-11,15,19,-3,2,13,-10,-3,-12
19,18,-3,2,20,23,20,14,3,-11,4,-6
21,9,4,-1,12,-2,20,-10,2,-6,-4,3
20,-4,-3,-10,19,-8,16,18,4,5,4,10
-5,13,4,-8,8,15,10,11,1,-1,9,2
-4,6,5,-6,15,17,-2,20,4,1,1,27
16,13,5,7,21,13,12,12,12,-2,4,25
1,2,17,24,-5,18,10,5,21,28,10,-1
2,26,1,23,20,20,18,25,3,21,6,-5
9,28,15,16,6,17,13,2,-1,18,21,12
14,13,10,4,4,22,7,7,20,19,8,-4
2,30,18,23,5,33,8,3,13,10,4,0
15,33,-2,11,19,31,20,27,11,-1,19,32
7,0,13,11,8,35,-1,10,6,11,-1,21
2,21,6,30,18,1,0,18,7,7,17,9
6,-1,7,-16,4,-21,5,-15,7,-27,16,0
6,-1,8,-16,5,-31,8,-22,6,1,-4,-16
6,-1,8,-31,5,-26,19,-5,6,-8,-3,-1
6,-1,3,-21,2,-24,4,-20,9,-32,5,-32
0,-2,13,-26,14,-31,22,-16,7,-10,0,-31
1,-4,16,-11,5,-20,-1,-17,10,1,-2,-28
8,0,-1,-24,1,-18,1,-15,10,-2,-1,-2
11,2,6,-19,12,4,0,-10,-2,-8,5,-15
-4,-1,3,-6,3,-6,2,-25,-2,-13,1,-24
11,9,14,-18,-3,-27,-2,-14,7,-10,13,6
8,-16,9,-16,-2,-9,10,-17,3,-23,0,4
8,-8,-2,-14,13,-19,-1,-7,2,-24,5,-19
9,-6,9,-10,13,-20,2,-7,22,-7,-2,9
12,6,12,4,8,7,-1,-14,-1,0,2,-9
11,-8,1,-20,10,2,-3,-8,1,7,1,-17
2,14,12,-12,19,-10,5,11,14,-12,-2,5
3,-1,10,-13,21,-3,-2,15,1,-7,-1,4
2,-6,2,-9,10,14,4,5,-1,8,1,17
-1,18,-1,-13,13,-10,3,12,0,-16,4,-15
1,-3,1,18,10,14,2,-12,0,-14,2,7
19,6,3,-11,-2,-7,3,-13,1,5,-2,19
-3,6,1,8,10,13,21,6,2,7,-3,-1
6,-3,-4,19,16,7,2,-2,14,5,3,10
17,-1,9,23,4,10,9,7,7,-11,4,22
17,16,14,-5,12,-2,1,2,-1,-12,3,2
-3,15,1,-8,15,9,5,-5,19,2,0,-1
-2,10,2,9,7,16,3,17,3,13,-1,10
18,13,4,9,9,9,9,18,4,20,-3,12
-1,25,2,13,6,10,6,22,1,6,19,15
19,24,1,12,11,9,15,10,21,18,5,-7
4,-1,13,6,17,21,22,20,1,17,9,16
8,6,18,2,10,1,-2,14,17,12,-1,21
-1,20,-4,30,14,29,10,26,4,29,17,8
-1,-1,6,9,18,13,17,12,19,24,-4,29
0,30,20,17,9,26,8,34,13,8,15,11
-3,6,6,28,6,5,7,12,4,15,-1,0
2,7,18,30,9,9,12,29,-3,2,5,9
6,-3,0,-16,3,-26,1,-18,4,-23,23,-20
1,-6,0,-23,6,-10,18,-21,8,-28,-1,-19
6,2,6,-34,21,-34,2,-25,15,-12,3,-13
3,-6,-2,-29,2,-30,0,-13,19,-32,2,-4
11,2,14,-13,2,-19,21,-14,1,-21,9,-31
-1,-3,14,-29,7,3,19,-23,2,-3,4,-27
15,-2,2,-29,0,-25,2,-20,14,-13,1,-30
9,-24,4,1,1,-6,4,-18,3,-27,12,4
12,0,1,-10,9,4,2,1,5,8,5,-28
9,-13,20,2,2,-5,6,-11,11,-23,14,3
13,-6,-1,-12,12,-19,5,10,2,-4,15,-9
13,-21,19,-22,9,-5,8,9,-2,11,13,0
6,-18,11,-10,17,-22,14,-6,20,5,-1,-17
21,-1,1,-18,14,7,-1,-15,4,2,10,-18
20,1,2,-17,0,1,1,1,21,7,1,-4
16,-12,15,-8,15,4,10,-3,0,10,2,-3
4,-18,17,-3,5,-12,12,-19,23,-18,-2,10
7,12,5,-5,1,1,-3,12,5,-1,1,2
0,-3,-2,18,21,-13,21,14,13,10,-3,3
8,5,3,3,0,-4,21,-3,7,-12,1,12
7,1,-2,6,7,10,20,0,23,-9,-2,-10
-2,-4,-2,-13,16,8,3,11,7,20,-2,7
21,15,0,12,18,9,7,-7,0,6,0,-11
7,5,2,9,2,22,10,20,12,13,8,-6
-3,8,16,9,1,-4,7,15,-1,2,5,-11
17,14,4,-11,12,23,10,5,23,-7,3,11
-2,-9,9,10,7,0,18,13,0,-8,-1,7
1,-5,12,-8,13,23,12,20,6,8,1,4
18,21,2,13,0,-2,7,16,5,12,15,-7
7,8,8,6,10,26,7,14,12,12,-1,17
6,3,9,30,14,28,12,17,14,19,22,7
13,16,6,25,20,3,16,21,11,16,9,5
11,0,5,24,11,28,8,23,10,21,6,25
18,6,18,22,17,33,18,29,8,5,11,1
16,24,2,-2,9,6,17,6,7,15,-1,3
11,22,9,15,-3,16,0,9,-1,5,1,8
12,1,16,6,8,34,0,1,7,1,17,21
11,-10,20,-4,22,-30,6,-30,6,-2,0,-25
17,-10,7,-10,-2,-15,4,-2,4,-10,23,-26
5,-8,15,-3,14,-13,9,-8,-2,-10,1,-9
9,-26,17,-9,0,-10,11,-25,0,-32,15,-32
13,-5,15,-5,18,-18,1,-11,0,-30,4,-15
9,-25,12,-12,-2,-23,1,-18,-2,-31,8,-28
10,-18,5,-21,13,-26,20,-21,14,-24,21,-29
14,-2,0,-17,19,-14,14,-18,20,-26,8,-12
16,7,8,-3,9,-11,-2,-27,22,-9,10,-24
14,-22,8,3,9,-16,3,8,-1,3,-2,-7
3,10,1,-3,0,8,-1,-6,1,-21,1,-17
-2,-25,10,-17,14,-5,9,-18,-1,-13,-2,-21
2,-24,16,-16,19,10,11,-3,3,-9,7,-11
17,-18,10,11,1,-7,2,-2,1,-2,5,-16
3,-18,6,-10,1,-7,23,-6,8,-14,3,-16
5,-6,16,9,0,-16,1,7,14,6,0,2
4,-6,3,-3,12,-2,23,-10,17,-7,2,0
7,0,11,4,7,8,3,-11,5,15,2,-8
5,-15,1,17,3,-17,6,-3,0,10,-2,6
5,-16,3,19,2,13,7,-10,1,-6,1,16
6,-5,16,-14,10,-2,9,20,10,11,5,-6
4,-10,7,3,1,4,9,-4,2,11,1,-9
1,-10,8,-10,6,-1,2,-9,4,-1,2,13
-1,12,5,6,5,6,2,4,10,16,0,15
19,23,-2,23,8,13,15,-6,3,6,10,8
6,-2,7,5,4,16,0,-6,17,5,0,11
7,4,20,26,2,15,-1,-4,16,10,5,-1
3,-1,8,-2,2,13,7,8,2,0,1,26
1,19,4,28,2,16,8,2,1,6,12,1
17,3,20,18,14,6,2,1,0,-7,9,19
12,12,23,26,-1,0,22,15,16,30,10,24
9,-3,14,14,14,25,15,17,16,-3,-2,29
9,1,24,0,2,5,16,24,1,5,0,8
13,23,22,12,-2,30,19,8,0,10,1,12
10,1,0,21,6,3,12,31,6,8,-1,11
14,33,1,0,20,25,11,9,6,2,2,23
15,31,14,34,3,29,2,29,19,24,1,36
7,-19,4,-9,13,-7,2,-20,23,0,0,-1
2,-16,13,-19,6,-21,4,-35,5,-23,15,-26
24,-4,-1,-9,3,-27,9,-17,0,-19,2,-3
20,-11,10,-26,8,2,24,-1,3,-28,21,-7
2,-19,-1,-21,9,-27,19,-10,5,-29,-1,-22
6,-26,17,-12,17,-23,12,-16,11,0,13,-13
8,-26,16,-2,20,-21,25,-25,25,-24,18,5
2,-3,9,6,16,2,10,-17,2,-13,4,5
8,-10,2,3,18,-27,0,-24,2,-10,5,2
2,-10,13,3,15,-4,6,-25,5,-11,4,-1
4,-26,6,-18,6,-26,24,-11,4,-23,14,-24
1,-16,9,-9,3,-10,23,10,-1,10,7,3
6,-24,21,-16,6,-7,7,-24,-1,1,5,9
6,-13,23,-13,22,-2,6,-13,12,6,4,5
4,-20,2,2,5,-1,3,-20,9,-18,19,-8
3,-14,5,-20,17,-19,19,-15,14,8,12,-11
4,-10,19,16,3,-9,21,-20,13,-1,15,11
1,0,3,-3,6,-14,4,11,2,-15,8,-1
6,-7,0,-18,6,3,17,-18,25,9,2,0
9,-9,7,-13,4,-2,14,-7,1,9,18,17
14,5,15,-14,5,9,15,11,5,1,16,6
2,-1,3,5,23,10,11,-7,8,13,-1,8
6,3,16,2,3,-13,25,-10,4,16,3,0
4,-12,8,10,24,7,13,22,15,20,1,-4
2,6,19,-2,13,1,7,6,1,24,3,21
6,-2,0,-4,19,1,16,-8,1,24,11,-4
20,16,8,23,2,21,7,-5,6,-2,6,-2
3,-8,2,19,5,-4,1,23,2,19,6,-4
4,-3,25,25,7,-8,24,3,14,-6,1,10
0,1,4,25,7,29,5,24,23,4,18,12
12,-1,11,4,1,7,19,-4,-1,8,23,17
12,27,11,0,24,9,1,13,18,15,23,28
14,25,9,4,12,6,5,19,15,-2,3,12
12,27,11,25,16,-1,7,5,4,-2,22,26
7,33,4,6,6,27,24,18,3,12,5,17
12,28,8,12,15,17,25,34,6,14,0,11
11,31,9,9,11,28,25,10,7,8,5,35
5,-25,2,-8,20,-6,10,-30,0,-29,3,-17
8,-33,26,-20,19,-31,4,-13,16,-14,1,-34
4,-32,5,-14,6,-12,10,-34,2,-16,7,-32
8,-30,18,-13,8,-26,15,-22,7,-33,6,-28
11,-16,4,-19,1,-30,1,-31,16,4,2,-7
9,-29,12,-25,6,-12,6,-29,4,-23,0,-18
9,-15,1,-22,18,-30,14,-25,8,-17,26,6
16,-27,19,1,5,-4,21,-11,4,-14,17,-3
10,-21,0,-15,0,8,5,-3,12,6,1,-10
10,-21,18,9,4,-22,14,-19,14,-27,18,-11
22,3,23,-25,4,-26,15,9,18,8,3,-5
4,-12,12,7,26,-25,20,-21,1,-24,7,-14
9,-23,4,6,5,0,13,-12,4,-6,3,-22
9,-6,8,10,2,-9,9,3,5,-21,9,3
4,-5,23,-11,24,-21,2,7,21,8,3,-6
1,1,10,1,22,12,4,13,16,14,4,4
8,-20,3,-11,19,9,8,9,17,-19,18,-12
9,-3,7,-17,6,-4,0,6,23,-15,21,0
2,-10,25,15,19,8,7,-12,6,-3,2,-12
6,-17,7,-10,7,-9,9,17,6,2,19,1
9,-16,0,-12,6,-12,16,17,1,-3,0,2
6,-13,0,6,7,-14,17,-15,7,-1,8,2
6,-3,11,-13,23,20,10,5,9,-13,1,-12
5,2,26,19,1,-4,9,23,22,11,1,-9
6,0,11,-10,14,11,24,7,4,1,10,-10
9,-8,6,-7,23,1,9,24,0,5,12,6
6,-9,11,16,15,-2,3,-7,13,2,0,20
3,7,2,-7,6,9,2,27,1,10,5,14
2,-3,24,27,15,-6,0,26,12,25,5,12
13,5,2,26,1,3,0,14,0,-4,24,21
12,0,0,23,0,23,6,14,0,5,1,1
15,27,5,2,25,11,15,27,14,18,4,29
15,30,4,11,17,1,6,4,9,19,9,13
11,24,8,14,1,5,1,-1,7,7,0,3
9,30,8,7,5,32,21,23,0,20,26,30
14,34,2,9,1,35,0,29,0,28,5,34
0,32,1,1,16,27,22,18,8,0,18,30
