-9,-13,-8,-3,-2,-21,-15,-6,-16,-23,-17,-17
-9,-6,-23,-13,-6,-16,-1,-14,-11,-2,-1,-23
-10,-24,-12,-33,-19,-28,-25,-18,-25,-12,-13,-11
-26,-12,-18,-31,-5,-29,-15,-20,0,-17,-15,-25
-9,-28,-11,-11,-1,-16,-17,-6,-9,-7,-18,-5
-9,0,-1,5,-17,-3,-12,-1,-2,-20,-1,-4
-5,-16,-21,4,-5,-2,-11,-3,-25,-29,-2,-20
-7,-11,-2,-11,-8,-23,-19,-29,-26,-24,-4,-1
-6,-27,0,-26,-9,-24,-12,-23,-11,6,-21,2
-8,0,-4,-25,-17,-15,-19,-10,-17,9,-13,-10
-8,-16,-6,9,-14,-16,-5,9,-1,-2,-3,0
-26,7,-20,10,-15,-6,-2,-18,-6,-22,-18,6
0,-6,-16,-6,-2,-4,-6,-16,-3,11,-24,5
0,0,-16,-19,-24,2,-10,-21,-9,-11,-22,10
0,0,-11,-14,-16,-15,-14,3,-18,-11,-14,10
0,13,-17,-11,-15,-15,-13,9,-14,-19,-18,-1
0,16,-26,12,-16,-2,-16,4,-19,-2,-24,12
0,16,0,3,-1,-11,-4,3,-16,16,-12,-12
0,12,-23,0,-9,5,-17,-15,-18,-18,-22,14
-1,-7,0,17,-25,4,-24,-9,-14,12,-5,3
0,12,-10,-3,-8,-12,-21,-16,-7,13,-8,-6
-10,-15,-7,8,-23,-9,-24,-6,-10,-7,-4,15
-25,-10,-22,0,-20,14,-4,5,-19,8,-24,-10
-23,-8,-21,-5,-23,2,-23,23,-22,-7,-23,15
0,17,-22,-11,-17,-9,-23,-3,-13,19,-11,18
0,13,-26,-3,-16,12,-14,7,-17,-8,-15,-6
-1,-1,-20,11,-8,-1,-26,16,-5,16,-19,18
-22,-9,-23,22,-11,15,-21,19,-17,-2,0,14
-24,-4,-25,26,-8,2,-8,-7,-23,22,-20,-7
-24,-6,-13,-4,-18,-3,-1,18,-26,21,-18,5
-24,-4,-22,12,-23,-5,-15,-4,-18,1,-23,19
-22,-2,0,30,-8,18,-13,12,-15,1,-25,15
-24,-4,-26,7,-10,-4,-8,20,-11,24,-19,3
-21,4,-18,7,-21,30,-13,-1,-24,30,-4,17
-26,0,-14,30,-2,6,-18,1,-25,-2,-21,18
-2,4,-14,29,-23,26,-14,34,0,35,-25,7
-1,31,-17,7,-4,6,-1,32,-8,23,0,35
-21,0,-12,-17,-18,-28,-4,-16,-11,-8,0,0
-2,-15,-2,-2,-3,-15,-15,-7,-23,-25,-21,-6
-6,-14,-5,2,-17,-10,-18,-33,-5,2,-5,-8
-6,-21,0,2,-12,-8,-22,-12,-21,-1,-6,-9
-2,-24,-2,-13,-21,-7,-4,-25,-11,-8,-2,-22
-7,-24,-13,-29,-22,-23,-22,0,-22,5,1,-17
-19,-19,-3,4,-23,-17,-7,3,-9,5,-11,-18
-17,-6,-6,-4,-21,-27,-4,-27,-19,-4,-5,-22
-4,-15,-11,-9,-17,-15,-24,-26,0,6,-11,6
-12,-12,-11,-3,-10,-14,-24,-5,-1,-11,-1,5
-7,0,-2,6,-12,3,-12,-20,-14,-17,-16,-4
-23,-7,-20,-16,1,-5,-5,0,0,-10,-6,9
-25,-19,-4,-10,-2,-13,-11,5,-13,-15,1,-14
-2,-17,-13,8,-1,3,-1,-9,-11,0,0,8
-20,-18,-4,0,-13,6,-15,-5,-17,3,-22,-21
1,0,-21,-9,-20,-16,-21,-21,-9,-16,-4,3
-21,-19,-5,-7,-5,-18,-13,14,-19,12,1,14
-22,-16,-19,11,-14,-9,-22,-17,-21,2,-24,-14
-21,-16,-19,-10,-16,-12,-8,-15,-24,-7,-11,-12
-21,-11,1,13,-12,14,-16,-10,-19,19,1,5
-20,-14,-8,-6,-12,-1,-12,18,-8,16,-12,-3
-20,-12,-24,-4,-7,16,-7,0,-11,-8,-5,-15
-23,-7,-13,-6,-25,-12,-24,11,-25,-14,-19,20
0,21,-19,7,-25,23,-10,18,-21,7,-17,15
-1,-1,-7,-2,-13,18,-23,-9,-18,-8,-7,11
-21,-4,-17,2,-16,-6,-3,9,-21,-8,-19,6
-24,-10,-16,-4,-21,10,-14,-5,-18,1,-9,9
-23,-4,-4,22,-23,-8,-8,3,-24,6,-19,2
-20,-3,-12,-2,-10,24,-21,-2,1,26,-19,10
1,1,-10,4,-15,10,-20,-4,-24,16,-19,0
1,14,-1,26,-13,-5,-5,20,-4,10,-11,26
1,28,-25,18,-18,19,-25,23,-20,22,-23,-3
0,4,-20,6,-21,29,-14,0,-8,0,-21,30
0,19,-3,6,-20,18,-12,4,-7,19,-4,26
0,-2,-17,26,-20,33,-14,9,-18,8,-12,5
1,31,-17,34,-1,10,-16,9,-6,21,-14,5
0,6,-6,32,-25,7,-25,10,-19,30,-9,23
-9,-22,-21,-15,-16,-1,-16,-12,0,-5,-5,-11
-22,0,-18,-6,-1,-28,-18,-31,-1,-9,-9,-31
-12,0,-6,-28,-18,-20,-12,-24,-5,-16,-2,-24
0,-19,-12,-32,-8,-9,-18,-17,-2,2,-14,-24
-7,-2,-16,-18,-24,-23,-7,4,-16,-22,-6,-32
-6,-29,-4,0,-9,-14,-6,-31,-24,-25,-1,-9
-8,-16,-19,-18,-6,3,-8,0,-18,1,-15,-2
-6,0,-22,-22,-16,-27,-21,-12,0,4,-18,-3
-15,8,-16,6,-12,1,-24,-15,-7,-13,-3,-28
-13,3,-1,4,-11,1,-10,9,-11,-22,2,-7
-7,8,-4,-8,-18,-9,-16,7,-21,-7,-16,-8
-21,-9,-2,6,-1,4,-7,3,0,-11,-8,-4
-2,-2,-11,12,-1,0,1,-6,-11,12,-16,0
-18,-8,1,-1,-11,-11,-6,-4,-1,8,-6,7
-23,-21,-9,3,-6,2,0,12,-1,-6,-6,-2
-21,-15,-6,10,-11,9,-24,-20,-21,12,-15,-16
-21,-13,-20,5,-12,16,-22,-20,-18,8,-18,-6
-19,-9,-17,1,-13,-14,-15,-10,-15,-15,-18,-17
-20,-10,-18,-1,-24,9,-18,-12,-15,-12,-20,-17
-19,-16,-20,0,-16,-17,-24,2,-9,14,-9,-11
-21,-15,-9,10,0,13,-15,19,-4,-9,-3,3
-15,20,-21,-1,-20,0,-16,14,-11,-9,-19,12
-19,4,-3,11,-7,5,-23,9,-4,-2,-4,5
-11,-13,-14,19,-16,19,1,-9,-14,18,-3,-2
-22,-9,-12,-12,2,24,-14,23,-3,3,-23,23
-19,-3,-20,21,-15,20,-7,2,-5,1,-18,16
2,21,-3,-7,-16,-1,-6,12,-6,1,-7,-8
-23,-6,-15,18,-12,17,-16,-7,-15,21,-5,14
1,15,-5,5,-6,24,-20,20,-10,-4,-23,14
-19,-1,-23,10,-6,6,-13,-1,-6,2,-21,29
-24,-6,1,-2,-2,13,-15,6,-14,6,-21,-3
1,6,-10,0,-24,8,-15,0,-21,0,-21,1
0,6,-18,7,-24,6,-7,7,2,19,-12,2
-18,20,-21,33,-24,11,-7,6,-16,10,-22,33
-19,12,-6,27,-9,29,-24,12,2,28,-9,0
-19,12,-14,0,-6,4,-4,-1,-14,5,-17,4
-19,11,-11,28,-5,31,-6,13,-23,34,1,2
-2,-7,-8,-1,-13,-6,-10,-24,-14,-21,-11,-7
3,-31,-3,-16,0,-32,-22,-29,-6,0,-14,-10
-6,-17,-14,-6,-2,-1,-10,-23,-8,-27,-23,-34
-12,-33,3,-14,-2,-14,2,-33,-10,-33,-11,-14
-8,-4,1,1,-3,-4,1,-28,-2,-23,-4,-32
-13,-3,-4,-15,-22,-25,-5,-1,-18,-25,-9,-4
-10,-26,-16,-22,-19,0,-13,2,3,-30,-13,-20
-8,-8,-20,-21,-8,-13,-20,-24,2,-26,-1,3
-6,-23,-3,-11,-12,-26,0,0,-20,-27,-4,0
-20,6,-4,7,-17,6,1,-15,-7,-6,1,-10
-20,9,-5,-15,-8,0,0,8,-16,-3,-8,10
-22,0,-1,-12,-19,-2,-15,6,-6,-8,-8,-2
0,-22,-3,-24,1,-7,-16,-4,-22,9,-22,-18
-7,10,-14,-19,-11,-9,1,12,3,-13,2,0
-23,-19,1,-22,-15,6,-18,-18,-7,-13,-13,3
-19,-17,-19,7,-14,-13,1,-10,-22,-2,-8,-18
-22,-18,-5,3,-19,12,3,14,-11,-16,2,-10
1,-7,-21,-1,-14,-15,-19,-17,-17,-17,-3,13
-20,-14,3,18,-12,-17,-7,-18,-6,-11,-23,-15
-20,-15,-4,-7,-13,-13,-15,-16,-4,14,-17,-1
-20,-8,-22,2,-17,7,-10,-6,-16,9,-15,19
-18,0,-10,12,-2,-1,-19,6,-7,1,-3,6
1,-1,1,10,1,-4,-8,15,2,13,-17,11
1,-11,-19,-11,-7,7,-6,20,-1,-3,-21,13
-17,7,-22,17,1,-6,-23,-7,-1,-12,-23,17
1,-4,-7,3,-17,23,-11,-9,-15,-8,-2,3
-17,6,-8,26,2,13,-1,0,3,14,-10,2
-18,7,1,-8,-2,3,-8,7,-21,13,2,16
1,-7,2,24,0,2,-2,18,1,15,-23,7
2,23,-21,3,-15,14,2,20,-14,22,-5,26
0,9,-12,-6,1,-2,-1,24,-12,26,-21,2
-14,29,-6,27,-10,16,-13,-1,-16,2,-19,19
-18,15,0,31,-14,23,-18,-2,-15,1,-9,1
-17,10,-23,6,-13,29,-14,5,-1,18,-19,2
0,9,1,4,-14,27,-12,8,-2,23,-20,14
1,7,-17,33,-23,29,-3,23,-14,26,-13,12
2,29,-13,29,-20,26,-20,34,-23,17,-12,36
-2,-30,-13,-35,-9,-25,-3,-24,-6,-24,-6,-33
-15,-8,-20,-19,-2,-3,-8,-19,1,-18,2,-28
-2,-7,-18,-31,-15,-6,-8,-17,4,-19,2,-13
-6,-12,-18,-3,1,-17,-1,-6,-11,-12,-21,-23
2,-7,-7,-27,2,-10,-13,-4,-15,3,-8,-22
-10,-14,-8,-21,-9,-24,4,-26,1,-8,-19,-9
-2,-22,-14,-30,-16,-8,-16,-27,-8,-1,-16,3
-7,-13,-11,-6,-21,-11,-13,-25,3,-22,-9,1
-3,-26,-22,-1,-4,-13,0,-28,-22,5,-1,-24
-9,-3,-2,-17,-12,-17,0,-23,-5,-8,-5,7
-21,8,-12,-16,-15,-6,-22,-22,-21,-12,1,-22
-21,-6,-19,-16,-7,-10,4,6,0,8,-18,-16
2,-15,3,-9,-16,-18,-4,5,-12,-16,-14,-2
-16,-2,-22,-20,-16,6,2,-10,-21,-17,-22,10
-21,-16,-8,-1,-20,-3,-18,-10,-22,-2,-16,-7
-21,-16,-3,-16,-8,-1,-21,-6,-3,-10,-22,-16
1,-4,-9,-11,4,8,-19,-13,-16,-17,-21,-19
-20,-13,-18,-15,-14,-13,-9,5,-1,12,-10,-14
-18,-13,-20,-16,-18,-17,-22,-2,-4,-11,-14,-8
-22,-16,-15,5,-10,7,0,-1,-16,-2,-1,-15
0,2,-10,13,-4,10,1,7,-17,-2,4,0
-11,1,-3,-9,-6,19,-3,21,-17,-6,-12,20
-18,17,1,6,-6,2,-22,1,-8,19,-18,7
3,1,-12,9,-18,-3,-10,16,4,-1,-5,5
-6,15,-4,22,-6,-9,-3,-3,3,-1,-5,-11
2,4,-10,9,-10,-11,-8,8,-1,10,-8,18
1,7,2,13,2,8,-17,25,-6,13,-13,-1
-21,21,-20,2,2,0,-7,1,3,-8,-1,17
-17,16,-20,5,1,7,-20,10,-1,22,-14,21
-16,21,-1,8,-7,16,-6,-3,-14,-3,-19,11
-22,5,-19,18,-19,4,-11,16,0,7,1,28
1,-2,-11,27,-6,0,-5,13,0,14,2,7
-18,20,-7,-4,3,25,-8,-4,-14,23,-22,10
-16,30,-19,32,-11,-3,0,-1,-6,14,-9,-1
0,22,-11,23,-4,26,-22,22,-16,25,2,20
0,22,-19,31,-20,13,-4,5,-18,16,-5,12
-20,8,-5,19,-20,21,-20,1,2,35,-3,10
-7,-32,-1,-31,4,-8,-11,-22,1,-5,-12,0
-5,-29,-21,-33,-12,-18,-18,-20,-18,-26,-4,-9
-13,-31,2,-32,-18,-12,-20,-14,-12,-10,-14,-9
-12,-26,-19,1,-11,-4,-14,-20,5,-4,1,-9
-9,-29,-14,-25,-21,-1,-18,-7,-21,-6,-13,0
-1,5,-12,-1,-1,-27,2,-19,-20,-19,-3,-12
-1,-21,0,3,-20,-11,-1,1,-4,-27,-3,-18
-4,-10,-9,-22,-5,7,-16,0,4,-10,-3,-4
-4,-26,3,8,-11,-20,-1,-19,-16,-20,-3,-25
-3,-2,2,-11,0,7,-8,-13,3,-24,3,-1
-21,-2,-19,3,-13,3,-19,4,-4,7,-10,-26
-15,-24,-9,-2,-14,5,-17,10,-12,-16,3,9
4,-3,2,1,0,-15,-7,4,-2,-22,0,-7
-17,-13,0,-7,-18,-2,-20,7,-11,-22,-16,-1
-10,13,-8,-9,-3,14,-19,13,-21,10,0,9
4,-2,-15,5,-9,-3,-14,2,-11,-18,-2,11
-4,-20,5,6,-18,10,-11,-18,-18,-2,0,7
-15,-2,1,-8,-18,-1,2,-4,-21,-16,-14,-11
5,9,-11,15,-20,-16,4,-5,-21,18,0,3
-11,18,-11,13,-2,7,1,-8,-15,-17,-3,-15
-5,14,-7,-2,-7,16,-2,4,-10,-8,5,-16
-21,10,-12,20,-14,-2,-17,2,-7,2,-4,-4
-19,8,-7,-5,-4,6,-5,10,-7,2,-10,-1
-2,19,4,-6,5,-7,-10,7,-18,3,2,1
-19,22,-4,-3,0,4,1,24,-7,9,-21,14
-19,16,-4,-4,4,23,3,-1,-3,-10,-11,18
-21,17,-3,-1,1,18,0,-6,-9,-10,-7,-7
2,20,-13,-2,-2,18,-12,11,-3,26,-1,1
-12,21,-17,19,-2,20,-14,-1,-13,6,2,16
-20,22,-8,0,-16,0,-3,24,-11,10,-2,-1
-2,19,-18,-1,-3,23,-11,27,-7,12,3,-6
0,10,-13,19,1,28,-5,17,-21,-1,-7,23
-2,20,-10,15,0,2,-2,31,4,13,-4,31
-2,28,-13,26,0,7,-12,-3,-3,24,-13,22
-16,29,-4,-2,-9,7,-20,33,3,10,-12,24
1,18,-2,3,-21,2,-2,3,-17,17,0,4
1,5,-15,22,-18,28,-3,3,-15,17,-14,10
-10,-25,5,-11,-17,-19,-9,-22,-8,-9,0,-16
-8,-7,-19,-11,2,-4,0,-12,-12,-6,-14,1
-8,-21,-3,-11,6,-17,-7,-6,-17,-2,-18,-9
-4,-16,-5,-27,-7,-31,2,-4,-2,-17,2,-28
-7,-6,-19,4,-9,-7,-5,-4,-12,-2,0,4
-14,-22,-6,-23,-1,-31,5,-17,-2,0,-15,-28
-10,-29,-13,0,-12,-23,-2,-16,6,-13,-11,-7
-13,-4,-13,-24,2,-2,-8,7,-1,-5,5,-9
1,-28,2,-10,-20,-6,-17,-24,-14,-2,-2,-13
-1,-14,-9,7,-20,7,1,1,-4,-3,-1,-18
6,-19,0,2,-13,-17,0,-11,5,-16,-7,2
-18,-5,-2,-10,-3,2,0,-7,2,-14,-20,-8
-18,-9,0,-2,3,-11,-14,-17,-7,5,-7,2
3,-18,5,-22,-4,0,0,-19,3,-21,-16,0
-12,13,-8,-19,3,11,-19,-15,6,9,-13,-8
-15,-4,-19,-1,-3,-12,5,12,-1,11,-8,4
5,15,-15,6,6,10,-15,-13,-10,-1,-13,-14
6,0,-17,7,6,4,-12,-10,1,10,-18,4
-14,0,-9,-14,-3,-15,-11,1,-6,-8,-4,12
3,-10,-9,0,-11,4,-1,-16,-8,6,-12,-1
-18,16,-13,-2,-10,-7,-16,14,-10,16,5,3
-20,8,-12,15,3,-13,5,21,-15,16,-15,16
-6,2,5,9,3,5,-12,21,4,-10,-11,2
-8,16,-14,15,-5,14,-20,4,-10,9,-2,1
-9,5,5,-9,1,12,0,22,3,-5,-7,-12
-20,17,-6,7,5,25,-4,18,-4,7,-20,17
-2,3,-17,-10,5,12,5,18,-13,5,4,25
2,-5,-18,13,-7,17,-6,-7,-11,8,4,18
4,-4,-19,0,6,21,6,11,-5,5,-19,21
-18,26,-3,19,2,22,5,16,3,17,0,21
-6,18,0,24,-13,-1,6,-3,-4,27,-11,27
-11,27,-5,17,-9,9,-13,25,5,-1,-12,12
-1,11,-20,0,-4,23,-19,14,6,7,-19,7
-1,8,-15,1,-3,30,-4,20,-19,4,2,-2
-20,10,-11,16,3,2,4,34,-14,20,-4,24
6,15,1,31,-18,-1,5,28,-8,25,-5,26
-12,33,-17,15,-9,4,-10,18,-2,14,-20,32
-7,-29,-13,-32,1,-15,-15,-22,-17,-4,5,-13
-7,-16,-5,-33,1,-32,-9,-15,1,-21,6,-1
-9,-32,-16,-22,-16,-18,5,-14,2,-7,-14,-11
-7,-24,-3,-7,-17,-11,7,-1,2,3,-1,-9
-5,-26,-16,-28,-5,-17,-4,-6,4,-3,-19,-25
-5,-30,-6,-13,3,-26,-12,-23,-2,-10,-8,-22
-7,-5,-6,-6,-15,-4,7,-4,-11,-13,-10,-23
-8,-28,-3,-4,-2,-17,-8,-26,-4,3,-3,-4
1,-15,-4,-12,1,-17,-13,5,-18,-1,-2,-12
-3,-11,-18,-5,4,-10,-11,-10,-12,-27,-5,4
-2,-17,3,-22,-16,-15,-17,-22,1,8,-6,8
2,-18,6,-4,-4,-11,-8,4,0,-21,-19,-3
-6,-8,-2,-3,-6,-11,-18,2,7,-17,3,-10
-18,-1,0,4,1,-6,-6,8,-18,-18,-19,2
-9,-5,6,-4,7,-12,-7,-22,4,-13,-6,-3
6,-5,-9,-6,7,4,-4,-12,7,-20,-2,-17
6,-5,-8,-11,-14,-1,-3,5,4,13,-3,-15
6,-6,-2,1,6,5,-13,-1,-2,12,-10,-18
7,-5,-13,-5,-14,-6,-13,3,4,9,-10,-14
-15,9,-3,-13,7,15,-3,-7,-8,18,6,-8
-1,-2,-6,6,-12,-14,5,3,-9,-2,-14,-12
-5,-7,-3,15,-12,1,3,-1,-12,6,-17,-3
-12,-12,-4,6,-18,-4,-12,10,-14,-9,1,10
-12,-5,-16,12,5,20,7,2,0,23,-10,-7
-12,-8,1,-5,-1,2,-13,16,1,4,-12,14
-12,-5,-19,6,-7,21,1,-1,-16,10,-15,25
-8,22,-6,21,-9,18,-3,-4,4,22,0,1
-17,27,-18,17,5,4,-15,27,-4,-7,0,24
-4,27,-18,-7,-5,1,6,12,-18,17,-9,14
-2,18,-12,24,-7,4,-6,-6,2,-5,-6,3
0,8,-16,10,-14,19,-4,9,-2,21,-10,23
4,8,4,9,-4,23,7,7,-5,8,-16,27
-5,21,-6,17,5,20,4,18,-12,4,-1,4
-4,26,-2,14,-5,2,4,2,-15,33,-1,2
-17,12,-7,14,7,25,2,21,3,4,3,13
3,19,3,9,0,5,1,4,-11,0,-14,1
3,6,-12,26,-9,16,5,0,-13,8,-4,13
-5,-34,-3,-18,3,-7,3,-35,-11,-10,-9,-6
1,1,6,-18,-18,-14,-15,-13,5,-25,-3,-21
-7,-31,-2,-14,-18,-15,-14,-30,-10,-10,0,-28
-7,-5,-11,-12,-5,-27,-7,-12,-7,-8,-16,-22
-7,-30,0,-31,-9,-23,-10,-22,6,-31,-14,-20
-5,-21,-9,3,2,5,-8,0,-8,5,-8,2
1,-30,-2,-7,-9,-11,-15,-11,1,3,-10,-9
4,-28,-12,-2,-8,4,5,-26,2,6,-11,1
-11,-2,-15,-17,8,-15,8,-22,-3,-4,-1,-8
-4,4,2,0,-15,6,-16,-8,7,-15,1,-1
-3,7,-16,-12,-10,-8,-5,-8,-6,9,-1,-14
-2,-14,-12,-16,-6,-23,-2,-14,-7,11,-2,-19
4,9,-8,-15,-12,-16,-5,-19,5,-13,0,-20
-18,-17,4,4,0,7,-8,-8,-9,5,-15,-9
-6,13,-15,-9,-15,-2,-14,-14,3,0,-1,0
4,-13,-6,-7,-5,-12,5,5,-5,-13,7,0
-2,-11,6,-15,-9,6,-12,-20,-1,-4,4,9
2,15,-4,-8,-8,5,-9,5,7,-13,-14,11
-5,13,-2,-12,-11,18,-7,-1,-1,6,-2,13
1,16,7,-17,-4,10,4,18,1,-4,7,-4
5,-15,4,14,5,7,-4,-2,-9,3,5,1
-6,15,6,4,-15,-6,6,-14,-17,16,-10,-9
-10,5,-18,19,-6,3,8,13,-6,-9,4,-1
-7,8,-18,6,-9,9,-17,21,-6,3,7,9
-11,22,5,14,5,13,-10,-1,7,17,3,18
-10,9,2,3,5,23,-11,16,7,19,6,9
-3,-8,7,2,0,7,5,-8,-1,4,-6,12
0,3,2,-8,8,3,6,-4,-10,13,5,-4
1,2,-1,8,5,4,1,5,-14,1,2,-3
5,-7,-11,2,-18,1,-16,26,7,7,-9,20
-1,8,3,-5,-2,6,5,18,-13,13,-13,5
-4,10,2,19,-7,27,-7,26,-12,30,-12,18
3,24,2,17,-11,21,-4,-3,0,21,8,-2
-4,14,-14,8,5,18,2,32,-15,-3,-7,13
-15,7,6,6,-18,-1,-2,17,-16,6,-8,6
-8,21,6,8,-1,29,6,17,6,18,-3,27
-12,22,1,24,5,27,-5,13,-12,20,-3,25
4,0,1,-28,4,-34,-6,-28,1,-17,-2,-20
-5,-30,-1,-27,0,-22,-17,-12,-2,-8,-9,-26
-8,-23,-12,-15,-1,-16,5,-13,6,2,-17,-33
-2,-15,5,0,6,-1,-10,-8,1,-33,-3,-15
-9,-30,-4,-28,-4,-29,-6,-13,-17,2,4,-31
5,5,5,-30,-5,4,-4,-22,2,-8,7,-27
-3,-3,-16,-24,5,-21,-10,-19,-10,4,-8,-9
3,-17,5,-13,7,-22,6,1,9,-10,-6,-15
-3,-21,0,-6,6,-27,9,2,-3,-13,1,-19
3,-16,-14,-26,-15,-18,-16,-16,6,-12,6,-25
2,1,-8,-17,-17,0,5,-9,-10,-13,9,-23
4,-13,1,0,3,-11,-3,7,4,-6,3,0
-12,2,-13,-14,-6,-21,-7,-17,1,-4,-4,-8
-1,12,-14,4,0,-13,-2,9,9,-20,0,-17
-1,9,-5,-1,-17,2,-6,-21,-15,-9,-16,-9
-12,-9,7,8,-6,3,-6,-21,0,-1,2,-7
-14,14,-4,13,-4,-20,1,16,-10,4,-17,-1
3,0,-17,2,-2,-10,4,-4,-12,2,6,-6
-8,0,-5,18,-16,-9,-1,16,-6,-2,-8,6
-13,18,-17,-4,2,-16,-14,10,-15,-13,7,-3
-17,6,5,-2,3,-15,-11,-11,-11,8,-6,16
-7,-1,-5,12,1,-14,-15,-5,-17,6,-4,-9
8,18,-12,3,-10,21,-9,5,-12,6,-4,4
4,-5,6,-1,8,7,-11,10,-15,-4,9,-6
-15,12,2,16,0,-4,3,-5,8,-3,-5,23
-2,-3,0,-8,9,-10,4,1,8,17,3,3
-1,-6,-16,11,-14,4,0,19,-17,6,6,1
-10,-2,-5,-5,-16,7,9,-2,-5,25,3,9
-8,-6,-5,4,-7,-2,-3,23,-14,-6,-17,1
3,0,-5,19,-3,4,-1,25,8,24,-7,20
-15,24,-13,0,-11,7,4,8,7,-1,2,30
-16,10,-3,12,-11,-1,-13,24,-16,5,1,11
-4,29,4,8,4,23,0,2,-6,30,-5,23
3,19,9,1,-10,26,4,8,-15,20,-4,-2
-10,29,-10,4,-13,14,2,26,0,27,-8,13
-8,15,-7,35,6,13,-17,7,-16,12,8,27
-11,20,6,5,5,32,-8,36,-1,36,9,33
2,-2,-1,-29,-9,-3,-2,-24,-2,-14,3,-28
-4,-4,9,-7,7,-7,-14,-6,0,-21,-8,-2
-3,-6,3,-1,-2,-5,3,-23,-1,2,7,-5
4,-19,9,-22,-4,-20,-7,-1,-6,-24,6,-29
-9,-20,-6,-21,9,-17,4,-10,-5,-13,3,-27
5,4,8,-1,2,-23,-15,-14,-7,-29,9,-16
-1,-13,-6,-30,3,-18,-1,-10,0,1,-2,3
-8,-2,7,-16,4,-22,-1,1,4,-24,-11,-5
-1,-6,10,-12,-10,-1,0,5,-16,-18,-14,-19
-5,-18,0,-22,-15,-16,-9,-17,6,-26,-3,-23
4,6,10,-14,4,5,5,-13,10,-20,4,-14
-6,-7,-4,9,5,5,-11,0,-9,11,-16,6
-13,1,7,3,-1,9,4,-11,-1,-10,-15,-22
6,-8,10,6,6,-20,-6,-10,6,-16,-16,4
-5,12,1,-17,-12,-14,-11,-3,-2,3,-4,-9
-8,13,-16,-5,2,-14,2,-11,5,-16,2,-3
0,12,-7,-18,3,-7,9,10,-3,14,6,-9
-16,17,8,16,8,6,-12,-10,-5,11,7,-10
-16,13,10,-4,0,4,-15,-14,-3,4,10,6
0,-5,5,-17,-14,-1,-1,-3,9,15,8,2
-16,10,-5,14,-7,0,-13,-8,-14,-13,-6,2
3,-7,-3,0,-14,0,9,16,3,5,0,-6
8,4,9,6,-2,-1,-12,12,1,12,-9,-12
-10,-3,9,0,5,10,-2,9,7,6,8,23
5,-7,-9,20,6,-12,-11,0,-1,9,-5,12
4,22,-5,22,0,3,1,11,10,16,4,12
8,16,3,4,3,5,4,-8,1,18,9,-4
-9,4,-16,22,-13,26,-9,12,-7,9,-11,-9
-6,1,1,7,1,-6,-4,-4,-5,14,8,-7
-2,-4,9,-5,2,-7,-10,4,8,27,10,12
-1,30,-7,15,8,-4,0,3,9,-6,-10,3
-11,30,-12,31,-11,11,-14,23,0,10,-7,27
5,16,-3,25,6,0,-12,6,-2,-1,-13,3
-3,16,-7,28,3,4,-12,17,-16,20,1,16
-16,27,-5,34,-10,3,6,9,-14,33,-8,13
-16,7,-10,17,-12,11,0,4,-7,15,-11,14
-15,14,0,11,-7,30,-7,25,1,22,-10,8
6,-34,8,0,9,-1,4,-10,5,-18,2,-3
-1,-2,-7,-18,5,-25,11,-10,4,0,-10,-16
-2,-9,-1,-30,9,-3,11,-26,-13,-22,8,-22
6,-11,-15,-33,0,-14,-9,-32,8,-30,5,-30
-5,-24,1,-5,7,2,-3,-13,-2,3,0,-8
-3,-10,8,-13,-11,-20,6,-1,-14,4,-3,-3
4,-27,0,-29,-8,-13,2,-6,-3,-22,-9,5
-7,-12,-14,-10,9,5,-8,-1,2,-21,5,6
6,-17,-1,7,-8,-7,2,4,4,-25,-7,-24
3,1,-3,-9,0,-20,2,-19,-12,-24,0,-10
-13,-10,-9,-14,-8,8,-3,-23,1,-4,-2,7
-12,7,-4,1,8,5,-1,-4,2,9,7,-23
-9,-21,-8,-24,-14,-23,10,-16,-15,-16,8,-18
10,4,-8,11,4,13,-2,4,-4,-18,-13,-10
7,-5,-7,3,1,-21,-7,-22,4,-12,2,9
10,-4,-14,7,11,-6,-5,-18,-3,-6,4,-17
1,9,4,-13,-14,8,-3,12,-15,7,1,4
3,-11,-3,-2,-14,13,-1,4,-2,8,-13,12
-2,16,10,-12,-10,16,-12,5,1,11,5,-17
4,2,-10,-2,-5,-12,-12,-7,-13,8,-5,-17
-7,2,-10,-5,5,-11,-7,16,8,-12,-3,-16
-2,20,8,-12,11,-6,11,-5,-13,19,1,-14
-13,7,-4,21,0,-9,5,-8,-4,12,-15,7
9,23,-9,-8,11,21,-1,22,-11,16,-14,14
-4,17,8,22,10,20,-10,21,-3,7,1,3
-6,4,2,3,7,-3,-7,9,6,-8,-8,4
-6,7,1,0,1,16,1,16,6,25,10,25
-8,23,-7,-8,10,-4,-13,16,9,4,-5,8
4,-4,0,2,4,-6,11,9,8,14,-8,25
3,-7,-11,16,-5,5,-8,-4,9,21,-12,24
0,24,9,14,4,14,-14,6,7,30,11,11
7,16,8,3,-9,-4,3,21,-4,26,4,10
-9,20,-3,18,-9,7,9,25,10,29,8,14
9,26,-5,5,-9,-3,0,-2,11,10,8,18
9,15,9,14,-7,17,9,25,-14,2,-5,22
11,9,4,35,-4,28,-6,22,-5,20,9,30
-10,25,7,3,-6,10,3,8,-1,14,-4,28
-4,-30,-14,-24,5,-10,6,-24,-1,-24,3,-9
6,-20,12,-7,2,-22,6,-3,8,-31,7,0
-2,-7,-14,-5,7,2,-8,-26,-13,-31,-5,-32
3,3,11,-2,10,-1,-2,-22,4,0,12,-21
1,-27,8,-17,-6,-6,0,-12,-3,-8,9,0
10,1,-4,0,8,-18,-3,-3,6,-3,-3,-4
-7,-15,2,-6,11,-19,12,-26,-2,-8,5,-12
-14,1,3,-28,6,-7,10,-7,12,-25,6,-12
-14,-13,-11,1,5,-7,7,1,2,-24,-12,-11
-14,-11,5,2,-6,-10,-2,3,-2,-20,-14,3
10,-3,4,-24,2,-11,-5,8,-8,-22,2,-16
-13,-15,-6,-5,-12,-20,9,-12,8,-7,-6,5
9,-5,8,-4,-11,-1,-14,7,0,-4,-11,-7
8,8,7,-14,-12,-6,-13,1,1,-8,-4,-17
-10,-2,-6,-14,3,-4,-14,-22,4,-4,10,-16
8,5,-7,2,12,-5,6,15,-6,2,-7,-18
3,13,3,8,-14,8,-4,-14,6,11,7,-12
8,-6,12,-1,12,-19,2,9,11,3,8,4
2,-5,7,-14,-3,15,-2,8,-4,10,0,5
-14,16,-3,3,1,18,-6,11,-12,-3,-8,13
-9,4,-5,3,12,-2,2,0,3,-16,2,-12
2,11,-3,6,10,-14,-14,14,1,7,10,10
8,2,12,-7,-6,13,9,6,-5,7,-5,6
-8,-7,-5,16,-14,-7,9,-7,-3,10,10,17
-14,23,3,18,5,21,1,-6,10,3,-3,18
4,4,-10,22,-7,15,-13,-3,10,25,7,-5
-3,23,11,16,7,5,8,16,-3,19,12,21
2,9,8,26,-2,-3,-12,18,1,-9,-14,11
8,27,-10,18,10,-3,7,11,-12,22,8,1
-1,14,-12,-3,-11,18,0,0,-4,20,4,-6
0,28,-6,30,3,23,-9,8,11,-1,10,2
-4,29,-4,18,0,29,-14,28,9,13,-2,29
-11,-4,-8,19,-14,12,-10,11,-6,17,0,9
10,3,-3,7,4,9,-3,4,-14,15,3,7
11,34,12,22,-8,7,-11,9,12,6,3,7
11,32,-1,1,-5,19,-14,2,5,33,4,6
-2,0,-5,32,7,13,-8,19,-11,29,-3,34
-2,-10,1,-4,7,-10,-1,-8,-11,-10,-11,-31
8,-29,1,1,12,-23,13,-26,12,-17,0,-11
-5,-23,8,-32,-7,1,-5,-21,-9,-3,-12,-10
1,-22,1,-10,2,1,-4,-2,3,1,3,-16
4,-29,8,-9,9,-25,-12,-27,9,-15,8,-16
5,-22,6,-12,-1,-19,2,-14,-9,-4,4,1
-13,4,9,-9,5,-28,7,-16,0,0,6,-28
-3,2,-10,-10,4,-1,13,-27,-1,-12,-1,-27
5,-24,-7,3,12,-7,-7,-13,-10,-18,-6,-8
5,4,9,-15,-8,-9,3,-7,-10,-14,-2,-1
5,-4,3,-19,2,-26,4,-19,7,-6,1,-17
2,9,-8,-12,-8,-8,2,-20,12,-17,-5,-24
6,-2,6,2,1,-18,9,-19,11,1,-9,-20
1,5,-7,-21,9,7,2,10,-7,-4,13,7
7,4,-4,-2,0,5,9,6,8,-21,13,7
6,13,-13,-14,12,6,3,-13,-13,-8,13,-17
1,2,-2,-5,-8,-9,2,5,11,10,-10,-5
12,-12,11,12,3,-13,9,14,7,-18,6,11
-7,-13,13,-17,11,10,4,8,9,-9,6,-11
-13,-8,-12,-10,3,-10,7,0,-6,-1,5,18
3,12,5,-12,3,-12,10,9,-3,-16,-7,-16
-7,14,13,18,8,-7,2,-15,11,-7,10,0
-6,9,-4,3,-12,-9,4,21,-12,12,-9,3
7,-10,-11,6,-11,-6,-11,0,-1,15,4,1
10,11,-1,-3,-12,24,10,17,-10,-4,-10,-3
-5,11,11,-1,-1,-4,-5,25,4,12,1,5
2,-9,13,21,9,0,3,5,9,-8,5,7
7,-5,-4,15,0,-5,11,23,-12,0,-2,14
2,3,3,28,2,0,-6,25,13,-3,-13,26
-11,16,-1,8,-7,-4,7,9,9,18,-2,13
9,19,-3,15,6,2,-7,8,10,15,12,8
9,23,-3,19,13,21,-3,22,3,15,10,20
12,14,-9,5,-8,10,6,-2,-2,14,9,31
-8,-3,-9,-3,-1,17,0,19,4,2,-5,4
-7,12,6,28,11,19,2,32,1,0,-13,6
13,25,4,35,-6,11,-5,13,5,5,12,32
-12,28,-2,24,7,20,-11,17,6,6,0,8
3,-4,11,-19,10,-25,9,-20,2,-2,-2,-21
-6,-1,6,1,4,-4,3,0,-4,1,0,-11
-3,-6,10,-5,-7,-26,4,-3,7,-27,-5,-3
1,-10,-7,-12,2,-21,3,-11,1,-9,11,-25
0,-9,-4,-26,12,-13,1,-6,-10,-5,7,-3
10,-29,-11,-28,-12,-20,-4,-6,-12,-19,5,-31
8,-20,4,5,2,-27,3,-19,-2,-12,12,-2
-5,-19,-7,-7,-8,2,-8,-16,3,-3,-8,6
0,-16,7,-11,-7,1,2,-19,10,-25,-11,-12
-4,-17,-6,5,1,-9,2,7,9,-23,5,-12
-1,-6,10,-26,-1,-6,3,-2,-3,6,8,8
-5,4,14,-12,13,-22,-7,11,-10,6,-4,-2
7,-15,-7,1,1,11,1,-16,-9,7,3,2
3,-14,-7,10,13,-5,0,-8,0,-20,13,-7
0,-21,3,11,-5,-19,7,-4,9,10,5,2
0,-1,4,-3,-11,-6,5,-17,13,15,9,-14
-2,0,-4,-4,-1,-11,-8,-4,2,6,-2,0
7,9,12,-6,-8,9,-12,11,7,-18,5,17
-5,3,11,-7,-1,18,-10,5,14,0,-4,8
6,6,12,-3,2,-17,4,-10,-3,14,0,-3
1,-2,8,-5,9,-9,3,-14,-8,-11,-11,16
-9,16,-2,1,3,7,14,-15,-1,2,9,13
-11,19,-1,-6,-1,14,-7,-4,10,1,6,15
-5,15,5,20,-6,18,-6,19,0,11,6,13
11,22,2,3,5,-5,9,-9,-11,9,13,18
8,6,-10,-8,13,3,-1,22,6,-3,-7,5
3,16,4,11,4,0,3,-3,13,13,-5,9
-5,10,-1,-6,-2,16,11,18,-1,24,2,27
12,-8,12,20,4,13,7,11,-9,19,-10,2
-7,16,-4,25,11,1,-10,25,-2,26,2,8
-10,4,6,15,0,-2,13,-5,12,0,4,23
-2,22,3,14,-7,26,-2,18,6,24,-10,9
5,6,11,11,14,29,-9,31,-4,-2,11,26
-11,4,1,31,-7,12,12,0,2,28,0,13
-9,20,-3,12,3,23,-7,21,1,9,13,-1
-12,3,12,33,7,13,-8,10,4,2,2,23
14,9,11,22,4,28,-6,13,12,24,-7,25
6,-35,-9,-27,-10,-32,-11,-29,12,-6,1,0
12,-17,3,-13,6,-9,11,-1,4,-19,-6,-34
9,-34,15,-7,9,-9,5,-20,4,-33,-2,-17
-4,-33,12,-27,1,-10,-8,-1,-7,-33,-2,-30
-3,-27,-4,3,9,-26,15,-14,1,-31,-8,-24
1,-29,-7,-16,5,1,12,-24,12,-26,4,3
-1,-11,0,-19,0,-19,2,-7,-4,-25,-6,-23
2,-21,-7,-7,2,-5,15,-6,-11,-5,1,-28
2,-22,12,-28,11,8,2,4,-11,2,-7,-20
7,9,-2,-11,-6,-23,-8,-7,9,-12,1,-4
-1,-13,14,-12,14,-17,7,6,9,-18,1,7
2,-8,15,7,-1,11,3,-7,8,-9,1,-4
-3,2,10,-14,1,-2,13,7,-1,-13,8,-4
3,-9,12,7,15,-1,-7,4,-9,-6,0,-1
9,-2,14,5,0,-14,6,-8,6,-16,1,-19
2,-20,-2,-13,5,-4,-1,4,-4,11,12,-1
1,6,14,14,2,-12,-2,-14,-8,2,-11,3
4,8,15,-8,-9,-1,5,-16,0,-17,-6,10
9,12,-4,1,-6,10,7,-9,2,-15,14,8
7,4,-9,-9,9,-2,8,-9,5,-11,0,18
3,19,-2,-16,-5,-9,-5,8,0,4,12,-13
1,7,-6,-13,13,-3,7,12,-7,-8,0,3
-8,-4,15,1,-2,-13,14,-9,-10,22,8,13
14,13,2,4,1,20,-8,-12,5,-3,14,-2
9,4,8,-4,-4,-12,8,9,-6,4,-1,0
9,10,9,15,-10,1,3,-1,4,0,12,17
-4,14,1,23,5,9,12,-10,8,7,3,25
6,7,9,-7,9,9,1,-1,6,9,6,-1
5,26,2,15,3,-1,10,0,13,9,0,-6
-10,6,2,28,3,17,11,-6,14,19,0,8
-11,12,6,25,-4,26,-10,15,-5,7,4,-1
-9,14,10,15,0,12,11,3,2,-1,4,17
-9,21,3,-4,6,-4,12,14,-3,8,6,13
7,30,7,19,9,13,11,28,15,11,1,1
5,22,-10,0,-9,6,9,1,5,30,14,1
-7,33,8,34,5,34,-4,34,12,33,9,29
-11,19,-1,2,14,35,-9,14,4,9,-7,10
8,-16,1,-18,3,-26,14,-13,-5,-11,12,0
13,-5,7,-24,9,-18,-8,-24,-7,-21,3,0
4,-15,14,-8,-9,-34,16,-6,-3,-1,10,-19
-1,-28,8,-7,3,1,4,-29,1,-30,-3,-17
0,-25,9,-11,16,-28,-10,3,11,2,3,-3
0,-26,0,-6,-5,-7,-1,-18,-3,-25,3,-11
-1,-22,14,-23,12,-14,15,-4,6,-29,0,-11
3,-24,-5,-11,12,-4,0,-18,3,-19,-3,-2
3,-25,9,-17,7,-17,-2,-20,-7,7,10,5
4,-4,14,-24,11,-26,16,-3,2,6,-5,-18
-1,-7,8,-2,-7,-19,-2,-11,5,-18,16,-21
7,10,8,10,-2,-22,9,-15,-10,-24,0,-11
5,-1,-10,12,16,0,-2,-18,2,-14,1,-12
7,-11,3,3,-7,-4,-1,-1,9,-14,15,-6
4,-22,6,11,-5,-20,-5,-21,6,3,-8,-21
16,-16,10,-17,9,4,-7,-21,12,9,10,-17
13,1,-3,-5,9,9,-5,-2,5,-15,-8,2
9,4,-3,-6,-6,16,12,8,-6,-5,10,10
-1,5,-7,-12,-6,-9,9,15,-7,7,2,13
5,7,6,-1,-9,18,-7,-11,4,15,14,7
-7,14,-8,12,-6,6,5,3,-10,15,-6,10
-4,-8,15,18,14,21,5,-7,13,-1,1,6
2,0,-1,22,11,7,-5,-1,13,-8,3,22
5,-1,3,1,10,-1,8,-2,-8,15,8,9
12,-12,1,0,9,10,0,-12,4,-12,12,-12
-2,3,1,17,-8,17,9,19,-10,14,8,16
7,-3,-2,8,4,12,14,14,15,15,-2,-7
5,-9,-8,-9,9,21,0,27,7,1,5,0
-9,8,5,24,8,26,-9,20,12,24,7,13
1,17,0,21,10,27,4,4,-6,18,5,24
-2,23,-4,1,-8,6,11,12,14,23,14,10
-9,12,9,-3,4,12,2,7,-6,5,-3,13
16,21,4,30,1,18,1,5,5,26,1,25
14,16,1,11,12,18,15,3,-1,7,13,16
7,20,5,13,-6,-2,3,23,-2,6,13,33
7,7,-3,1,-5,26,7,4,15,12,-6,-1
16,15,-9,35,-2,11,-7,30,-2,32,6,35
17,-24,4,-20,-3,0,2,-9,-7,-18,4,-9
-9,-25,16,-6,8,-11,5,-10,3,-21,15,-6
12,-11,14,-25,5,-11,-9,-25,4,-13,1,-4
2,-28,9,-30,13,-9,17,-11,-1,0,7,-22
1,-28,9,-4,-9,-9,2,-6,0,-6,1,4
-1,-24,6,-29,6,-29,10,-28,2,-20,0,-13
1,-30,-4,-27,-7,-4,-1,-18,-3,-12,13,-9
9,6,0,-18,3,-14,4,-14,-9,-7,13,-11
3,-20,14,1,13,-5,-5,-4,2,-27,1,4
11,8,5,-11,-8,-5,17,8,13,-7,4,-12
2,-20,15,-15,1,8,-9,-15,3,-5,17,-1
5,7,12,9,-2,-24,17,11,6,-7,0,-11
11,-19,13,8,-9,-4,15,2,6,-18,-7,-5
6,-10,5,8,14,13,-6,-10,-5,-10,-6,-2
0,3,10,-4,16,-18,-5,-19,12,-11,1,-17
11,-3,17,-16,0,-21,1,8,1,-11,-5,-19
14,15,8,5,-8,-3,2,15,0,5,7,7
-2,14,-1,7,-1,-14,1,0,4,-6,-8,6
7,5,-8,5,16,8,-5,14,5,-13,17,-12
3,-2,10,-5,-4,13,0,1,4,-16,10,4
13,-13,0,17,3,5,0,-1,-3,-6,14,20
-2,1,5,18,0,10,11,-4,10,-7,0,-7
-5,-5,8,21,0,10,17,-13,-7,1,-3,-1
9,4,15,2,-1,17,8,18,0,-13,9,15
10,-6,15,15,5,16,12,-2,2,3,14,-11
5,15,15,14,-7,18,-6,-8,6,12,5,11
15,14,9,10,-9,2,16,0,7,3,17,5
-9,4,13,8,-6,25,9,-2,7,18,-7,24
-8,15,12,21,0,25,-8,2,4,25,5,12
-6,4,-3,18,4,-2,-4,9,14,6,-1,-2
-5,7,-2,10,-9,-1,7,7,-5,18,11,2
16,15,9,22,2,21,7,22,2,22,-1,9
16,24,7,11,8,27,13,28,17,29,4,10
-6,25,1,11,12,14,13,3,17,29,15,30
1,31,-3,22,12,23,13,10,12,22,6,9
8,23,8,3,7,32,13,17,-4,12,10,16
0,21,10,15,0,35,14,8,-8,24,17,11
0,-5,3,-20,-6,-25,-7,-17,10,-21,15,-36
0,-19,4,0,-5,-6,9,-12,2,-12,16,-30
3,-26,18,-24,-5,-29,11,0,4,-16,13,-1
1,-33,-3,-32,-7,-20,8,2,-1,-21,12,-20
1,-19,9,-3,2,-18,9,-32,5,-12,-7,1
4,-25,-1,-7,-4,3,-3,-22,-4,-3,-5,-26
5,-23,-4,-10,8,-1,-6,-10,-2,-7,14,-23
0,-28,9,-23,-3,3,17,6,9,-20,18,-11
-1,-27,2,-2,16,-28,3,-12,12,-2,13,-10
5,-14,-5,-7,6,-19,16,-11,-5,-10,8,1
5,-17,3,-21,4,-21,-1,10,14,1,8,7
6,-16,-7,-12,12,10,7,-4,12,2,7,7
1,3,-1,-7,-6,-20,-4,1,1,-12,-1,-3
3,8,0,0,10,-12,10,-7,-3,5,17,6
16,-1,-2,14,-8,-4,5,7,-5,-16,3,-19
2,11,17,-5,5,1,9,-19,18,1,13,-12
7,-16,7,9,-6,0,15,-19,4,10,7,-1
17,-15,8,3,-4,-13,-4,4,2,6,-1,-15
15,7,3,9,18,17,-1,4,-3,-18,7,-11
13,-14,1,-14,-3,5,12,16,14,5,-8,-11
13,-12,-1,20,8,14,3,20,16,2,3,1
16,16,3,7,-8,0,13,19,12,-2,16,3
9,-1,17,10,5,5,3,10,14,-9,2,17
6,23,2,4,9,12,-3,-2,1,9,2,15
13,9,4,12,0,24,-8,9,-5,12,17,6
15,15,11,-2,0,-3,2,-1,16,16,14,8
2,15,-4,14,0,6,-1,-1,-3,5,-8,-6
-7,22,8,-8,4,-6,9,-8,-2,24,18,18
-6,23,10,9,0,25,-2,28,-8,-6,5,14
-6,6,0,4,-8,-3,1,-5,14,27,2,14
16,24,16,6,10,13,-3,28,-3,5,4,12
-7,13,17,14,11,-2,0,11,-1,-3,17,-5
11,3,3,-2,13,14,14,11,-8,3,-1,32
13,15,-7,7,18,4,1,8,10,2,14,9
14,32,-6,30,7,1,-7,34,-2,3,-7,7
2,35,0,2,9,33,17,14,13,-1,-3,4
-4,30,12,34,0,22,8,18,17,2,-7,18
9,-31,16,-13,7,-35,-1,-24,8,-33,15,-28
9,-34,18,-30,7,-25,2,-8,10,-34,5,-9
6,-7,15,-12,10,-13,11,-6,1,0,-6,-20
4,-6,19,-12,12,-10,16,-23,-4,-29,19,-32
0,-23,13,-23,18,-22,8,-9,9,-25,0,3
5,1,-2,-31,6,-15,7,-4,5,1,-3,-9
7,-18,0,-20,16,-21,-5,-25,-5,-24,7,-13
2,-9,2,-7,-2,-6,-5,5,11,-8,-5,-29
0,-23,7,-15,3,-15,11,-24,-2,-5,18,-20
2,-26,17,-23,-5,9,17,-2,5,-2,13,4
6,6,-7,-25,-5,-24,15,-19,15,-3,-3,-6
9,-18,0,3,5,-6,5,8,19,0,-6,-22
13,1,1,-15,11,-6,10,-8,-5,-13,-7,11
0,-6,6,-22,-6,-3,-4,5,18,12,6,-2
2,9,-6,11,12,-13,18,-6,7,-13,12,0
13,-19,-5,-6,-1,9,-5,-5,-4,2,10,7
16,4,-3,-7,-6,-6,-5,-5,-7,-5,-4,-16
8,-13,-6,-3,6,-5,4,-1,5,-13,-1,0
13,5,0,-17,2,18,7,-3,19,10,2,-18
12,-1,17,4,12,-12,12,6,-1,-6,9,-17
0,6,4,-9,-4,-13,-4,-4,0,1,12,-4
8,16,11,15,-6,16,-1,12,13,4,15,-12
14,17,14,21,-2,12,-7,8,13,10,-7,4
9,-11,4,16,5,3,-4,11,12,17,3,-11
7,-2,13,-6,16,-12,5,2,0,2,-6,14
14,23,-7,23,13,16,-5,13,14,-1,10,14
13,14,19,-10,16,25,1,-5,11,-8,5,0
-1,-1,7,11,9,0,6,24,17,13,8,6
10,10,3,26,-1,16,-7,19,-6,20,14,28
-5,19,3,28,-6,1,-5,29,14,26,1,29
-6,6,1,15,-2,30,-7,30,-4,9,13,-4
5,11,13,24,2,29,0,26,19,15,3,18
11,7,9,13,4,12,16,17,17,6,19,17
4,20,10,21,8,9,8,0,1,3,19,10
4,12,8,15,15,10,19,14,16,6,18,5
-6,34,0,24,14,30,3,4,16,19,3,15
-5,28,3,3,16,22,0,32,15,14,5,15
4,-26,-5,-24,17,-16,1,-18,-1,-19,20,0
2,-35,9,-21,12,-13,-6,-33,7,-20,8,-16
2,-28,11,-22,3,-27,1,-8,6,-21,5,-27
2,-29,16,-9,4,-18,12,-15,4,-7,0,-5
3,-28,-5,-7,12,-5,5,-20,7,-30,2,-32
5,-27,15,-4,20,-12,15,-9,6,-11,-6,-19
5,-23,3,-25,1,-11,17,-16,15,-24,6,-23
3,-23,15,1,17,-23,2,1,7,-6,-6,-27
5,-15,1,5,-2,-21,4,2,14,-28,-5,-16
13,8,9,7,6,-19,15,-18,18,-6,-1,9
15,7,11,-8,15,-4,4,-18,10,4,15,-4
3,5,-1,2,19,5,11,-8,16,-17,18,-16
18,-2,17,-14,-1,-23,4,-2,8,11,17,7
8,-18,4,4,15,-3,-1,-17,-2,-22,14,-14
17,-18,1,-19,-5,-15,5,-7,6,14,6,-5
19,-20,12,-3,-4,-18,13,4,3,12,15,-6
2,5,8,5,-3,-7,6,7,17,-19,10,-8
17,14,10,12,4,7,16,6,6,-8,5,-9
8,11,13,-15,-3,13,12,-1,10,-7,16,16
15,7,7,-12,2,6,19,-15,3,18,10,-9
19,9,12,16,10,-5,12,-14,12,8,18,-13
17,17,15,4,-2,3,15,16,13,-1,16,2
19,-11,-4,17,12,21,18,16,13,7,-3,16
14,18,-4,23,5,22,20,8,4,16,9,16
10,7,14,0,5,11,11,18,14,21,9,0
20,-10,16,-3,11,-5,-1,4,5,17,-2,0
15,9,-1,6,9,10,7,-7,8,-9,9,-10
9,6,2,3,-2,27,-1,-1,13,18,12,22
20,-2,-4,-7,4,27,13,-1,9,12,-1,13
13,14,7,18,-5,27,4,-6,9,3,13,-6
18,22,11,28,1,21,12,14,2,12,3,25
-1,16,8,1,9,1,18,10,2,23,8,-3
16,25,-2,25,2,16,17,28,15,4,19,1
17,7,19,7,5,15,19,21,-4,2,19,29
10,34,-4,25,17,24,20,12,15,21,6,9
0,29,16,5,19,6,17,30,2,25,6,8
19,24,20,17,8,4,7,0,14,17,2,2
7,-26,2,-25,17,-35,11,-15,3,-16,4,-24
8,-15,14,-15,-5,0,8,1,13,-1,13,-22
3,-25,0,-4,10,-4,7,-3,2,-4,19,-19
6,-14,-1,-26,9,-14,0,-7,0,-7,10,-12
7,-21,-3,1,3,-20,16,4,8,-25,-4,-2
3,-23,5,-11,-5,2,-5,1,21,4,14,0
4,-21,15,-22,-1,-11,-3,1,5,4,-2,-11
2,-26,2,-2,0,-29,-3,-8,11,-3,15,-23
8,-17,11,1,-1,-23,19,-20,19,4,-1,3
11,-19,-2,-17,15,-4,2,-21,14,-27,5,-23
11,-4,0,9,20,-13,19,-5,0,-23,1,-21
6,-7,15,-22,6,2,8,-5,14,-6,18,-2
16,-8,8,-13,12,8,10,-20,20,-3,-1,-21
2,-9,9,7,1,-11,2,11,12,-10,-4,0
13,-6,13,-22,20,-21,3,-4,15,-18,-4,9
18,6,3,-16,16,-21,7,-16,2,-18,8,-10
13,12,14,2,-1,-3,2,-15,2,-19,4,14
13,-14,21,-11,10,-18,20,0,2,12,16,13
5,5,-5,-3,-3,-12,18,18,8,-2,21,-10
16,8,3,2,-3,15,2,-13,-1,2,5,-14
21,-13,1,-13,3,15,2,-14,-1,-5,-2,8
8,14,13,-2,-2,-15,3,-8,8,-1,-3,-8
10,6,15,1,17,12,-1,-9,1,15,-1,-8
13,-12,15,12,9,20,0,9,18,-1,2,-13
13,18,20,18,16,14,18,21,7,19,0,-2
1,1,13,1,17,-9,7,11,13,15,16,12
5,11,13,4,20,7,6,22,5,20,-1,8
3,6,0,19,21,-4,13,-4,1,5,3,25
21,3,11,1,8,15,19,-6,16,6,9,3
14,23,18,0,6,24,9,-1,20,13,2,27
-5,14,8,2,15,27,17,7,4,17,1,4
18,23,3,22,19,25,2,14,19,2,11,15
-2,15,-5,20,0,9,7,2,5,3,2,19
5,12,0,28,9,-1,4,27,3,32,15,8
-1,20,8,-2,16,9,-4,29,-1,20,10,31
17,26,16,17,19,22,2,28,13,3,3,12
0,32,9,27,15,24,12,21,15,9,-3,28
4,-23,2,-20,5,-25,14,-24,12,-36,5,-1
5,-25,11,-31,22,-32,-3,-6,11,0,12,-22
7,-23,17,-21,-2,-10,5,-17,-3,-4,22,-8
7,-23,8,-23,5,-31,0,-14,7,-33,13,-28
5,-20,11,-4,21,-13,15,-16,0,3,9,-27
6,-28,1,-2,7,-18,1,-7,9,1,3,-20
5,-27,-4,-10,22,-12,17,-6,14,-2,0,-23
3,-18,5,-17,-3,-5,8,-12,18,-5,19,4
3,2,12,-25,-3,5,4,6,12,0,22,0
13,-21,11,-24,5,-9,20,-21,17,-9,-1,-25
15,-21,12,6,2,6,19,-9,0,-14,1,-12
13,1,3,-13,-2,8,2,6,10,-6,3,-13
3,12,9,8,13,-7,-2,2,5,-23,-3,4
7,-8,1,-18,16,-23,15,-9,0,-7,-2,11
13,-11,10,7,6,9,7,3,5,-2,-3,-5
12,-6,-2,-1,-3,9,9,14,17,-9,1,-3
22,-18,18,8,22,1,2,-11,2,1,-4,16
7,17,-1,-2,6,-18,21,-16,16,13,2,12
13,9,10,-6,-3,9,6,3,-4,17,-1,8
13,4,-3,-3,13,5,10,9,12,2,-2,10
5,8,11,15,11,-12,-2,-9,-3,0,12,-2
19,-6,2,18,13,21,6,19,-2,-8,-1,-3
-1,15,17,22,11,-3,11,-1,11,3,-3,7
-3,23,-4,12,2,-3,11,23,10,-1,11,-5
20,21,6,7,20,15,17,-6,20,14,-2,3
-3,15,-2,6,16,19,15,16,20,-9,-1,23
-3,17,18,15,7,5,4,-6,14,26,19,17
21,-4,14,7,10,16,9,-5,1,1,-4,1
19,6,15,-8,19,-3,-1,8,19,-8,13,21
-1,10,5,16,7,27,19,9,19,18,22,2
19,6,11,21,7,15,2,14,10,30,-4,18
20,22,22,15,2,-3,17,0,19,23,-1,5
19,27,-3,23,22,7,2,6,9,21,7,7
1,6,16,17,19,28,21,14,2,6,5,10
-3,22,6,4,4,12,22,9,16,0,18,29
-3,8,6,6,11,20,10,7,16,10,12,33
-3,32,1,6,19,18,17,21,21,16,11,10
5,-24,12,-23,15,-33,18,-3,2,-29,2,-2
7,-23,10,-5,5,-34,3,-6,0,-1,12,-34
9,-30,-3,-12,-1,1,3,0,17,-9,-1,-18
6,-7,9,-8,4,-23,18,-1,6,-25,15,3
18,-2,4,-14,3,-13,5,-10,6,-21,1,-18
5,-3,-1,-6,22,-29,5,-4,7,-16,0,-8
10,0,19,6,14,5,5,-7,-1,-9,11,-9
13,-9,13,-17,22,-29,14,-4,8,-25,8,4
15,-9,0,-21,3,-10,3,-6,12,-24,16,-15
7,3,2,-20,22,-21,22,7,10,-10,-1,8
4,9,22,-18,4,-15,5,-5,3,-14,10,-23
9,8,0,-2,17,-17,1,-7,18,-5,2,-13
20,-2,21,-22,19,-7,10,-5,15,-7,11,-24
16,-22,12,-11,11,-5,1,-16,-3,-12,13,-5
11,-4,17,10,23,-20,6,-1,15,-10,2,11
15,-18,8,-20,5,4,1,13,4,-1,9,-1
11,1,1,14,14,-5,16,11,12,-8,19,7
14,1,-1,11,16,-15,-2,8,7,-15,11,7
21,2,22,-1,11,3,17,11,7,6,3,-14
18,-7,-3,9,7,5,-3,-5,-1,3,22,-13
-1,13,19,-11,13,-14,17,3,-2,13,3,-4
19,-4,12,8,19,0,6,-14,-2,3,3,-9
1,-2,15,-7,23,17,23,-1,11,-8,21,-3
-2,-5,11,-10,11,18,2,4,21,-13,19,13
14,20,4,17,3,13,16,10,1,-4,3,8
6,11,-1,13,21,3,22,-4,8,1,3,10
0,4,6,3,14,-9,10,11,1,23,11,-6
3,26,1,-1,1,20,11,-6,0,11,0,20
1,7,3,-2,10,25,-3,10,0,4,9,22
3,29,13,-7,-1,23,0,7,13,-5,22,17
0,6,13,28,-3,19,12,6,3,-5,18,7
8,17,20,23,9,26,13,7,2,30,19,11
2,30,-1,22,2,5,1,-3,-1,-4,9,8
2,33,18,8,-2,23,2,17,11,27,0,24
22,0,18,26,2,4,14,8,12,17,3,30
-2,20,-2,29,-1,26,1,30,3,6,4,28
-2,11,9,13,8,30,-3,6,19,26,7,1
9,-24,2,-5,19,-33,4,-34,15,-6,16,-15
10,-17,-2,0,6,-20,16,-14,7,-21,12,-21
18,-5,16,-15,4,-19,22,-6,3,-4,21,-18
21,3,18,-10,5,-26,19,-33,16,-30,5,-32
12,-19,20,-13,15,-16,18,-12,17,-7,11,-23
12,-29,21,-27,19,1,0,-19,8,-11,15,-28
16,-6,-1,-21,19,5,10,-21,0,-28,15,-23
19,-20,-2,-1,8,-29,-1,-16,22,-9,2,-16
16,-22,15,-20,14,-20,19,-11,6,-13,11,3
7,-13,3,-13,3,-7,18,-6,24,-25,2,-11
19,-25,1,-24,11,-25,10,-10,7,-21,2,-11
9,0,10,-19,20,-7,1,8,10,-13,1,8
17,5,11,-12,9,-12,5,-12,0,0,9,1
12,7,15,4,24,-15,5,-7,11,-4,-2,-7
10,2,1,11,12,8,1,7,-2,7,13,-2
16,-3,4,-7,4,5,10,-8,2,-6,0,0
11,16,23,-11,22,-4,18,7,9,-10,12,-12
-2,-5,-1,-14,13,-9,-1,14,9,-6,1,-6
-2,-1,1,10,12,8,4,8,2,5,19,-8
2,16,11,3,8,10,-1,-16,0,19,11,8
2,16,2,3,18,13,3,16,18,7,20,-10
1,3,8,-3,-1,8,23,-6,15,-13,19,19
8,15,24,-5,12,22,21,-10,4,2,24,18
1,2,19,-8,2,8,21,-2,3,5,0,-7
2,13,14,16,10,13,15,22,19,-5,7,-2
24,6,5,-7,1,-7,10,13,1,15,15,12
20,2,-2,0,17,9,17,22,11,-1,3,22
2,12,13,15,10,18,24,20,13,20,14,-7
1,15,6,25,6,2,-1,-8,19,5,-2,5
6,25,15,6,17,25,20,16,17,-2,-1,-3
23,6,10,5,7,7,2,16,18,16,2,19
20,27,18,11,17,11,18,-4,3,-4,13,13
20,26,-1,27,7,28,7,25,2,26,12,26
3,26,13,6,20,32,16,31,3,30,-1,31
3,25,0,10,10,32,9,21,6,29,10,6
1,19,-2,13,14,24,7,32,16,31,7,10
3,30,14,19,17,11,6,26,15,11,9,1
12,-24,-1,-6,5,-20,24,-24,0,-34,19,-9
12,-17,4,-11,17,-15,18,-29,16,1,9,-9
9,-8,21,-27,13,-20,9,-18,0,-14,17,-23
14,-14,4,-13,12,-13,11,-26,17,-3,18,-30
16,-4,10,-1,20,-27,1,-10,7,-13,6,-19
11,5,7,-9,8,-16,5,-14,25,-22,20,-6
6,-12,7,1,6,-12,24,-19,2,-19,2,-19
20,-2,22,-28,2,-5,5,6,6,-10,17,5
25,-28,3,7,5,-7,4,3,6,0,4,-2
14,-24,15,-25,9,-25,19,1,9,-25,2,-27
1,-17,1,-20,2,10,11,-6,7,-17,3,-7
13,-5,20,-4,3,-21,23,-8,1,4,6,7
18,2,0,-20,13,11,17,11,19,-18,18,11
1,-6,22,-2,6,-19,25,10,17,-10,23,-21
8,11,5,-3,6,-8,8,-8,1,-21,0,14
0,-1,13,7,24,12,9,5,4,-19,-1,-10
7,4,7,-16,6,3,-1,0,1,-1,5,-17
1,-8,4,17,21,3,20,6,18,7,1,-1
1,-6,13,8,3,6,16,-3,4,11,15,14
3,10,1,4,12,19,12,-1,17,-7,3,10
21,-2,20,1,17,5,23,17,13,11,5,6
12,7,18,16,2,17,8,1,4,-11,15,-8
7,7,25,9,9,-11,0,18,9,-9,15,2
21,-3,-1,-8,19,-4,14,5,0,4,6,4
3,16,0,20,23,-9,11,9,12,16,4,1
3,5,0,-11,3,-8,0,3,3,15,13,14
2,11,25,15,18,24,4,17,-1,-1,1,14
23,25,1,26,16,-4,18,-4,7,7,0,6
9,8,9,-3,8,15,19,22,25,13,0,11
3,10,20,19,8,7,9,2,4,29,7,4
4,27,21,20,4,4,2,20,10,8,15,30
4,23,20,3,6,26,22,14,9,11,2,15
5,0,20,20,18,14,21,-1,21,8,1,-1
3,20,14,27,1,31,11,20,18,25,21,22
3,17,5,13,3,25,13,31,13,6,4,15
5,1,25,2,6,21,4,20,12,17,10,18
5,25,-1,6,4,3,23,9,4,12,20,3
20,-8,9,-10,25,-5,17,-16,14,-25,7,-27
15,-28,0,-17,8,-1,17,-16,0,-21,15,0
24,1,12,-6,2,-3,17,-7,13,-8,22,-12
17,-18,20,0,22,-19,16,3,7,-4,18,-1
15,-22,18,-27,19,-22,6,-7,7,-23,1,-32
16,-28,24,-9,15,-2,23,-22,5,3,3,4
21,2,12,-25,20,-17,2,-28,5,-8,10,-19
21,-3,2,-24,1,-4,16,-28,11,-22,1,-22
15,-3,3,-25,13,4,2,-22,26,-2,20,-12
21,-10,12,-8,10,-7,19,2,6,-21,22,6
7,-6,5,6,0,-9,0,-1,4,-24,5,-20
26,-11,9,-10,15,-7,5,5,5,-1,13,7
8,6,19,-23,1,-21,25,-2,20,-3,10,-17
3,13,23,1,0,-23,18,2,4,11,6,6
3,5,26,-16,3,-10,26,-2,9,-9,19,-6
10,3,8,-6,10,-2,11,13,21,7,16,1
22,-13,6,-10,6,0,7,-5,22,9,19,-1
6,7,4,2,13,-2,1,-10,5,13,10,15
19,-1,3,12,7,-3,22,6,4,-14,14,-17
22,-8,4,-12,11,-10,12,-16,0,2,8,2
6,11,4,0,4,-2,10,-4,19,-1,23,-9
4,14,13,-5,17,-1,23,20,3,-8,24,-2
8,22,6,-13,2,-4,14,10,20,-4,2,16
4,1,11,0,14,3,6,17,6,21,4,15
16,13,21,-5,10,-1,1,-9,2,4,20,10
6,-11,14,-4,10,10,19,4,24,-2,21,1
3,16,5,13,4,3,3,8,20,20,5,25
6,23,6,-9,25,16,19,8,20,20,11,22
3,16,21,-2,19,27,16,9,9,26,6,16
3,6,11,-1,1,22,5,-2,15,18,7,17
6,25,22,17,15,30,19,-6,22,22,5,2
4,6,10,8,3,-3,14,8,1,27,2,15
5,18,9,21,0,25,0,30,3,24,11,0
24,13,17,-1,2,20,18,20,21,14,8,5
24,1,1,13,18,14,7,12,7,25,7,20
0,6,3,33,0,31,4,32,22,15,5,27
4,18,2,23,18,25,19,24,1,8,17,30
