0,-16,-1,-18,0,-20,0,-15,-25,-28,-4,-13
-1,-31,-13,-3,0,-21,-1,-24,-2,-10,-9,-26
0,-23,-6,-18,-1,-23,-11,-34,-10,-2,-10,-32
-1,-25,-6,-25,-8,-22,-18,-28,-7,-27,-6,-24
-3,4,-6,-17,-1,-5,-6,-23,-23,-31,-9,-1
-5,-25,-4,2,-3,1,-4,-27,-2,-23,-9,-13
-1,-1,-7,-21,-1,-23,-22,-22,-6,-5,-21,-17
-5,-17,-9,-6,-1,-23,-1,-21,-4,-27,0,-4
-1,-5,-4,-24,0,-10,-20,1,-7,4,-19,-15
-1,-8,-3,-1,-3,9,0,-3,0,-2,-2,4
-1,-9,-5,-24,0,-4,-18,-17,-7,4,-2,-12
-4,-22,-11,-10,-10,-14,-1,-12,-4,-21,0,-18
-1,-9,0,-3,-24,-21,-1,-1,-11,-14,-6,9
-5,-7,-4,8,-1,-4,-20,-16,-15,-20,-7,12
-4,-22,0,2,0,3,-8,-1,-1,-12,-6,-14
-4,-15,-22,-20,-23,2,0,2,-6,-21,-7,11
-3,-19,-3,-20,-8,-2,-12,16,-1,0,-8,-12
-4,-1,-5,-10,-18,-8,-19,8,-1,-16,-6,15
-2,-14,-2,-8,-13,-11,-17,3,-26,0,-1,-16
-2,12,-4,-8,-8,11,-10,-10,0,12,-13,-2
-2,15,-25,8,-1,-14,-1,-7,-10,10,-13,13
-2,15,-4,9,-1,13,-3,5,-8,-12,-4,16
-1,4,-9,18,0,7,-2,-2,0,0,-5,-12
-4,-11,-8,7,-25,-10,-4,2,-1,-7,0,10
-5,14,0,17,-1,8,-5,17,-9,22,0,3
-2,-8,-2,14,-1,5,-12,24,-21,21,-3,24
-5,17,-13,-5,-13,2,0,-6,-2,26,-1,11
-5,2,-18,-5,-2,15,-25,-5,-9,26,-7,3
-5,23,-2,1,-1,17,-3,7,-3,7,-4,10
-2,28,0,28,-17,-7,-9,21,-17,28,-1,-6
-5,27,0,6,-17,-5,-12,-6,-2,28,-4,21
-5,3,-7,30,-12,17,-1,21,-4,18,-20,21
-5,3,-11,23,-1,4,0,3,-9,32,-14,8
0,9,-7,2,0,-3,-9,21,-7,5,-1,26
0,34,0,3,-1,3,-8,16,-16,0,-10,30
0,15,-12,-1,-5,5,-1,9,-4,8,-15,18
0,17,-2,3,0,28,-4,34,-15,9,-17,1
0,-3,-1,-22,-16,0,-13,-21,-4,-31,0,-32
-4,-7,-4,-18,-10,0,-10,-27,-8,-21,0,-1
0,-9,-18,-33,-21,-29,-14,-28,-8,-7,-1,-19
0,-17,-7,1,-24,-29,-7,-5,-7,-17,-10,-27
-3,1,-1,-14,-14,-14,1,-12,-4,-12,-12,-19
-4,-14,-8,-7,1,-16,0,-13,1,-13,-5,-31
-1,-24,-9,2,1,-3,-12,4,0,-12,-12,-13
-1,-3,-8,-3,-1,-23,1,-15,-7,-22,-7,-12
-2,-24,-7,-15,-1,-28,-1,-10,-7,5,-25,8
-3,-7,-5,-14,0,-10,-9,-8,0,-5,-9,-8
-3,-12,-21,-13,-16,8,-24,-2,-2,-17,-2,8
-3,3,-10,-12,-1,-9,-22,-22,-6,-15,-4,-11
-1,-16,-8,-14,0,-24,-7,-4,-9,9,-11,-24
-3,2,-9,-13,-7,10,-10,1,-3,10,-3,-6
-1,-6,1,-13,0,-12,-9,-18,-2,12,-2,3
-1,-11,0,7,-20,4,-7,-19,-7,15,-6,-15
-1,-3,0,-5,-22,15,-10,-16,-5,6,-4,-15
-2,-11,1,8,-9,-7,-2,8,-8,9,-2,-2
-1,-4,-5,7,0,4,-4,6,-5,15,-1,10
-22,13,0,-3,-1,-8,-7,9,-7,12,-17,-5
-2,11,-21,-6,-1,2,-11,-3,-11,-16,-21,-6
-2,-3,0,-3,-25,4,-20,19,1,7,-1,-13
-1,-2,-11,18,-4,-13,-21,-8,-15,10,-10,-6
-1,2,-12,-5,-23,-11,-8,-6,-6,-10,0,-4
-3,12,-15,22,-7,14,-21,-9,-10,11,-10,21
-1,11,-6,-5,0,25,-23,6,-5,0,1,24
-3,1,-17,17,0,24,-4,-1,-4,3,-3,-8
-2,21,-13,-7,-1,-5,-8,21,-5,-1,1,27
-3,8,-5,26,1,15,0,22,-4,6,0,10
-3,1,-6,25,-15,24,-11,25,-1,9,-2,21
-3,3,-7,-5,-20,0,-25,-5,-10,26,-12,3
-3,27,-11,-3,-7,27,-19,27,-1,-5,-6,3
-3,0,-10,5,-1,24,0,-4,-18,6,-5,32
-3,33,-2,9,-12,13,-23,11,1,0,1,14
0,29,-2,20,-8,2,1,23,-9,1,-7,0
0,25,-7,16,-1,26,-6,15,-7,26,-8,32
-1,36,1,31,1,1,-16,10,-9,28,-1,22
0,-35,-2,-18,-8,-36,0,-7,2,-2,-19,-14
1,-11,-2,-34,-13,-35,-7,-9,-10,-34,-6,-7
-2,-27,-11,-6,2,-30,-16,-5,1,-10,-2,0
-3,-15,-19,-11,-1,-2,2,-23,0,-21,-15,-21
-1,-3,-8,-8,-10,-11,-1,0,2,-24,1,3
-1,-20,-17,-28,-8,3,-2,1,-3,-7,-5,2
-1,-15,-6,-18,-23,6,-23,-30,-8,-25,-9,-19
-1,-13,-4,-17,-1,-26,-9,-27,0,-5,1,-12
-1,-10,-2,-28,-9,-26,-12,-1,-18,-5,-16,-26
-1,-5,-8,-19,-8,1,-14,-6,2,-26,-11,3
-1,-7,0,1,-10,-25,-22,-23,0,-4,0,-2
-1,0,-6,11,-1,1,-15,-14,-14,4,-3,-25
-1,0,-7,-15,-6,-20,-16,-18,0,-7,0,5
-1,-3,2,-20,-22,-10,-10,8,1,-19,2,-15
-1,1,-4,-19,-3,-3,-18,-21,-8,-1,-13,-17
-1,0,-7,14,-12,-19,-24,0,-6,-10,-1,-1
-1,-6,-14,-7,-7,-7,-12,-6,-8,0,-2,5
0,-6,-20,1,-3,3,-13,11,-20,-4,0,2
0,-7,-4,-11,-5,7,-10,-1,-4,4,-12,-15
-1,-7,-4,3,-8,3,-22,-7,2,0,2,5
-1,-3,1,-5,-24,0,-15,0,-8,11,-1,-9
-1,11,-16,4,0,14,-2,1,-3,2,-6,10
-1,3,-8,20,-11,0,-16,-12,-1,17,-8,-3
-1,-4,-13,1,-23,11,-11,22,-9,-4,-5,3
-1,16,-8,11,-1,9,-11,17,-24,-10,-3,-3
0,7,1,-6,-16,8,-17,-5,-5,20,-9,-9
-2,17,1,0,-1,8,-21,-10,1,11,-9,-6
0,-2,0,-4,-23,-8,-6,23,2,17,-5,5
-2,14,0,0,-12,1,1,-7,-8,22,-4,8
0,18,0,14,-24,11,-15,-7,-11,29,-2,-7
0,13,-18,18,-3,3,-24,8,-12,-6,1,4
-1,2,-7,25,2,3,1,9,-4,5,-7,23
-2,22,0,7,-13,18,-8,9,-7,19,-8,5
0,20,-12,3,2,26,-23,4,-2,23,0,-2
-2,21,-9,-2,-19,9,-5,16,-2,3,-4,8
-2,9,1,5,-7,1,-11,12,-7,32,-5,10
-3,20,-8,31,2,26,-19,33,-6,24,-11,6
0,-30,2,-20,-8,-18,-2,-8,-8,-36,1,-13
2,-21,-5,-24,-7,-20,-10,-8,-3,-7,2,-4
0,-3,3,-16,-18,-3,2,-30,-5,-28,3,-20
-1,-4,-4,-17,-13,-20,-4,-12,-4,-24,3,1
0,-30,-2,-6,-11,-1,-11,-15,-4,-19,-1,-31
-1,-16,-18,-11,-4,-28,-2,-4,1,-22,-10,3
0,-25,-10,5,-8,-26,-21,5,-23,-26,-12,-19
1,-8,-23,0,-5,0,-13,7,-21,-5,-20,-4
-2,-7,-11,-25,-11,-21,-6,-12,-3,-4,-3,2
-2,-5,-5,-6,0,-14,-16,1,-4,-4,-7,-5
-2,-3,-2,2,-7,0,-1,1,-5,4,-22,-25
-1,-8,1,-3,3,5,-8,-15,1,-20,-1,7
-1,-5,-19,-9,-9,-13,-6,10,-8,-22,2,-10
-1,-11,-3,7,-23,-10,-11,-12,-4,-2,1,-16
0,-19,2,-3,-11,-17,-4,-17,-12,-5,2,-22
-1,9,-1,-19,-5,-21,-10,-17,-8,-17,-3,-18
-1,-15,-8,-10,-8,-5,-13,-17,0,-10,-7,-19
1,-14,-12,12,-13,-10,-9,-8,1,0,1,13
-1,13,-9,-9,-21,18,0,13,2,-5,-9,-13
-1,18,2,14,-4,3,-10,-3,-5,-8,-12,-5
-1,-3,3,-16,-13,-4,-8,-4,-3,5,-9,8
-2,10,-19,3,-8,-9,-9,-14,-7,14,-17,-7
-2,-10,2,-11,-22,21,2,-7,-6,11,-1,-7
1,21,-13,5,-20,-9,-1,-4,-14,-7,-3,13
-2,18,3,-1,-4,9,-1,-7,-14,-11,0,4
-20,20,-3,0,-6,-2,-7,-2,-3,23,-21,24
2,0,-3,-9,-21,17,-11,21,-14,11,3,-1
0,25,-5,14,-6,8,0,15,-5,12,0,17
-2,5,0,3,-7,27,1,0,-6,-1,-7,4
2,29,-7,29,-6,12,-18,-1,-6,12,0,17
2,26,-1,26,-14,19,0,-1,-18,1,0,17
2,7,-21,8,-2,22,-11,1,0,8,-12,22
1,29,1,24,-12,23,-1,-2,0,31,0,23
1,25,-3,-1,-23,9,-1,26,0,-3,-15,0
-1,19,-3,24,-14,19,-4,12,0,31,-5,29
1,19,-4,18,-5,5,-13,3,-1,9,1,26
1,24,-6,16,-4,36,-12,24,-8,12,2,24
2,-36,-5,-21,-10,-9,-7,-25,-10,-1,-1,-6
3,-7,-11,-28,-17,-1,0,0,3,1,-15,-17
-1,-33,-5,-15,-22,2,2,-15,-11,-11,-7,-3
-19,-5,1,-18,-1,3,-4,-30,1,-25,-8,-1
-1,0,4,-17,0,-3,-1,-16,-22,-27,-21,-2
3,-22,-1,5,-3,-20,0,-6,-3,4,-11,-14
-1,-28,-2,-30,-7,-30,3,-25,-7,-29,2,-18
-1,-15,-1,-23,0,-21,-3,-6,2,-11,-10,4
3,-6,2,2,-19,-23,-3,-8,-2,-1,2,5
3,7,-1,4,-6,-23,-6,-22,-5,3,-5,-8
3,-6,-4,-16,-4,-21,-11,-25,4,-3,4,7
2,7,-2,6,-14,-24,-4,11,-3,-6,4,-1
-1,0,-7,-7,-20,-20,-1,-20,0,7,-7,-10
0,11,-5,-11,-20,-4,-19,12,-4,3,-4,-18
0,-21,-8,-12,-1,-14,-9,-16,2,5,1,7
3,-10,-9,-10,-20,-1,-19,-20,-2,-2,-20,-17
-1,-17,4,14,1,-6,-11,2,-22,0,-4,-8
-1,-19,-7,-14,0,1,2,-12,-7,-16,2,-2
-18,12,-4,12,-1,17,-16,6,-1,0,-15,-3
-19,16,-4,-14,-10,15,-10,-13,-10,-7,-1,-14
-19,13,3,-12,-14,-16,-3,-16,1,12,-12,-16
-1,20,-12,-12,4,18,1,8,-15,-7,-5,0
4,-1,0,2,0,21,-6,8,-13,0,-5,13
4,2,2,-13,-12,2,-11,-11,-5,4,-2,-8
3,-7,-21,2,1,7,0,1,1,-5,-4,3
-1,23,-16,-10,-5,-5,-4,18,-6,23,-14,17
3,17,1,10,-14,18,3,12,-4,18,-2,1
3,21,-2,1,-12,13,-11,11,-2,-7,4,-4
1,25,4,9,-1,7,-7,28,-6,27,1,1
3,28,1,14,-6,-4,-18,8,3,10,-3,2
-1,9,2,20,-1,17,-12,27,-6,18,-6,24
1,27,4,18,-1,23,-13,9,-4,27,-10,0
2,-2,3,17,-9,32,-4,23,-1,28,-4,20
-1,2,4,16,-18,11,-1,3,-3,24,1,28
1,33,-17,8,-6,5,1,15,2,2,0,19
-1,28,-1,2,1,23,2,8,-8,35,-3,1
3,7,-21,7,-8,30,-4,0,-10,36,2,5
-20,-7,-2,-14,-1,-12,-17,-19,-5,-23,5,-17
-1,-10,0,-34,-1,-9,-16,-35,0,-16,-3,-13
-1,-8,-6,-2,-14,0,-18,-8,-13,-29,-16,-30
-1,-5,-3,0,-14,-26,-8,-33,-10,-21,-2,-13
-20,-2,-4,-5,-16,-3,-3,-17,-2,-4,1,-2
-19,4,-21,-29,-12,-25,-14,-11,5,-3,4,-6
-1,-10,3,4,-12,-8,-12,-2,-1,-25,-19,-23
-21,-27,1,5,-11,-28,-11,-5,0,-3,-4,-18
-20,6,-5,-26,-14,-25,5,-15,-7,-18,3,-20
-21,-22,0,6,-11,-19,-16,-6,-1,8,-8,0
-18,-24,-12,-10,-9,7,-15,-3,1,-18,-6,-25
-18,-24,5,-9,-10,11,-6,-11,-6,6,4,-22
-1,-17,-7,6,-14,-8,4,12,-8,-13,-10,-16
-1,-19,-9,11,0,-11,-9,-16,-16,-1,0,13
-1,-20,-17,-11,0,11,1,6,-13,13,-4,-17
-1,-18,-21,-13,1,-16,-19,-3,1,6,-15,-5
5,-20,-7,-15,-16,10,-8,16,-19,-16,-4,-16
-19,-6,1,2,-6,-10,0,-9,5,16,3,-8
-1,-18,0,2,-20,16,0,-6,-7,-1,-4,2
5,-13,-7,1,-2,0,-21,11,-3,2,-21,-2
5,13,-15,-6,-13,-11,-5,1,-6,6,3,-16
-19,14,5,-8,0,16,4,-3,-1,15,-8,-7
-19,16,-9,6,-9,21,-10,-9,5,-12,-1,-8
5,-7,-1,-8,-6,4,0,10,-6,15,-16,-7
0,-3,5,-6,-7,-4,3,21,-7,19,-6,18
5,-4,2,2,-12,-1,5,16,-8,-10,-6,2
5,-5,5,18,-7,14,3,25,-2,2,3,10
-17,22,-6,-3,-19,9,-4,6,3,-3,5,7
-1,-7,-12,-6,-4,-8,-11,7,1,16,-2,13
-19,4,-5,-2,-10,1,3,13,-7,0,-4,23
-1,0,-6,2,-16,-4,1,4,1,7,-12,9
-1,4,-12,-2,-11,24,-11,9,-3,30,5,21
-1,6,3,25,-17,15,-11,9,-7,15,-3,28
-19,24,-3,32,-1,33,-14,6,1,31,3,22
-20,3,0,19,-1,-2,-15,34,3,29,2,17
-1,14,-3,1,-1,0,-11,0,-11,21,-20,28
-1,16,-4,18,-21,34,-21,35,-8,30,0,22
-20,-10,-4,-30,1,-7,3,-34,5,-11,5,0
-1,-1,0,-21,-14,-35,-13,-6,0,1,-19,-28
-3,-7,-2,-5,-2,-31,-12,-27,5,-6,-4,-14
-6,-32,-1,-2,-16,-33,-12,-10,0,-1,-2,-15
-14,-13,6,1,-7,3,3,-4,-5,4,-1,-10
-19,-5,0,4,-13,4,2,-1,-2,-18,-7,-6
-5,-28,-6,-29,6,4,-11,-4,6,-30,-1,-6
-5,-29,-2,-2,-11,1,-7,-4,5,-24,-19,-27
-8,-13,-1,-27,1,2,4,-26,-7,6,1,-17
-2,-4,-1,6,-1,3,-11,-25,-3,5,1,-15
-18,-9,0,-17,1,-5,-8,-14,-1,-6,-3,9
-12,6,5,11,-13,-20,-3,-2,2,-19,-9,-10
-2,-23,5,-2,-15,-11,4,-7,2,-17,3,-9
-1,-6,3,2,-6,-20,-3,-12,2,6,-3,11
-19,3,-16,-15,-19,-2,-17,10,4,-12,-13,-11
-1,-5,-3,0,-16,-6,1,-1,6,-6,6,-21
-5,-9,-4,0,2,-17,-5,-5,-5,13,2,-8
-4,-11,-1,7,1,-8,-1,-11,-10,-2,-5,-4
-3,-7,-3,7,-9,-8,-4,14,-20,14,2,8
-18,6,3,19,-15,15,6,-5,-7,-7,0,-5
-3,-6,6,-14,-14,15,1,-15,0,-4,6,4
-10,14,2,5,-5,14,5,9,-15,-7,-2,8
0,19,5,-12,-11,5,-9,-11,6,10,4,16
-19,14,4,2,-13,-4,-5,-6,-9,-11,6,8
-16,21,-17,10,2,-6,-4,16,6,0,-4,15
-20,-5,-2,-6,-1,7,-9,3,-7,-3,-4,-3
-8,14,0,17,-1,12,-6,-7,1,18,2,18
-3,-4,-3,25,-9,17,-3,0,-3,-4,0,14
0,27,-1,-4,-1,15,-5,10,6,1,-5,-8
-19,24,2,12,-14,-6,-12,27,1,-6,0,0
-1,-1,2,20,4,30,-10,0,-4,-5,-10,-3
-13,25,0,17,-4,-4,-2,28,0,8,-2,28
-16,23,-2,5,-11,1,3,29,-1,21,-17,-2
-7,16,-1,10,-8,33,6,-2,5,28,-2,0
-8,21,-7,34,-20,31,-7,31,-1,0,5,25
-5,3,1,15,-3,35,-20,31,-6,27,6,27
-20,34,6,1,-6,10,-5,9,4,21,5,5
-5,-30,1,0,-12,-10,-6,-31,4,-4,5,-23
-11,-3,-1,-11,4,-7,4,0,-1,-17,-1,-28
-2,2,-13,-17,-18,-32,-13,-3,-13,-28,7,-33
-7,-24,-9,0,-8,-31,-7,-13,-6,0,-3,-28
-1,-5,4,-29,-12,-5,6,-17,-16,-15,-2,-7
-7,-20,-1,1,4,-21,-3,-7,-2,-9,1,4
-6,-10,-5,-27,-14,-18,-7,6,-3,-24,-7,-30
-4,-13,-11,-15,6,-3,-3,7,6,1,-18,2
-3,-9,0,-25,-7,-14,-6,-9,6,-1,0,6
-9,5,6,-19,2,-22,-4,-26,3,3,1,-3
-3,-3,-7,-17,-6,-15,5,-20,4,-8,5,-16
-17,-11,5,-6,-14,-2,-14,11,2,-22,3,8
-1,-15,0,-10,6,11,-7,10,6,-15,-3,-21
-7,-6,4,12,7,-18,-12,-5,2,-2,-9,-4
-2,-7,2,1,-7,-11,4,12,-6,-8,7,-12
-4,-12,-6,9,4,-20,-6,-6,-3,-2,-18,6
-18,3,-1,-2,6,-7,-18,-15,7,1,0,5
-2,-5,-4,-8,5,7,1,-12,-6,-13,2,1
1,13,-15,10,-10,0,1,-12,-17,2,1,-4
-15,-17,-7,-12,-12,0,-11,-17,-18,-17,-11,-10
1,11,7,10,-16,5,5,-16,-1,-12,3,-12
-19,-15,-4,16,-5,11,-10,-9,-6,17,6,-2
-2,-6,0,4,-13,0,-18,20,7,17,-17,-2
1,17,3,-8,-9,7,2,5,-7,-4,-9,-5
-16,1,0,11,-10,2,-3,23,1,-3,-1,-2
-16,-5,5,-4,-11,-5,-8,24,-10,-3,-2,13
0,0,-13,-3,-11,20,2,7,3,1,7,17
0,-1,-8,-6,-1,7,-12,2,-10,4,-3,16
0,-2,0,26,5,3,-18,22,-9,3,5,-4
-2,6,-4,-5,-11,17,-16,17,-2,3,6,4
1,26,-1,0,-14,29,4,4,1,25,-1,24
-10,24,-15,21,-10,-2,-9,18,4,31,-6,26
-4,4,-3,29,-18,3,-18,19,-2,22,-13,14
-4,9,6,4,-18,15,-18,9,-11,19,5,16
-1,3,3,8,-5,18,-17,27,5,9,-1,34
-3,23,7,7,2,2,-1,15,-14,22,5,25
-12,23,0,36,-12,20,4,30,7,6,0,3
-7,-25,-1,-14,-1,-8,-8,-26,0,-14,1,-10
-7,-30,-18,-4,-4,1,8,-33,4,-15,8,-6
-1,-2,2,-13,-9,-7,-7,-5,3,-1,-2,-19
-6,-13,-17,-28,-11,-14,1,-16,-2,-18,-15,-30
-11,-8,1,-21,-2,-7,3,-13,-9,-17,4,-26
1,-2,5,-3,5,-4,-2,-15,5,-10,3,3
-6,-20,-2,-26,-4,-1,-18,-13,7,-14,-6,-29
-6,-11,-1,-22,8,-17,-3,-24,1,-29,-8,-6
-6,-16,-5,-1,-4,3,-7,-13,-11,-1,5,4
-6,-2,1,-6,-3,6,-6,-17,0,-27,0,-13
-14,-23,-7,-20,-6,-3,7,-9,-15,-3,3,0
-1,-7,-8,-20,-6,-15,1,-6,-2,-7,4,-20
-13,12,-13,-3,7,-1,-1,1,-8,3,5,-20
-6,3,2,0,3,-23,5,-14,-4,12,-2,-17
-5,0,-17,8,8,-9,6,5,6,-15,0,-22
-10,9,1,9,5,-4,-18,-11,0,-11,4,-2
-8,11,5,9,-15,-17,5,-8,-14,-3,-14,-8
-17,-19,-1,-8,-2,13,-18,-16,5,-15,-9,-9
-16,-16,8,-5,5,-2,6,-2,-3,-11,-5,-8
-16,17,-2,-16,-18,-12,3,4,-4,10,2,1
-14,-14,1,-6,1,-6,5,5,4,-16,-11,-9
-15,-10,-6,-4,-2,6,6,11,-6,-13,1,21
-18,18,-2,-5,4,9,8,2,1,-7,-1,7
-7,16,6,7,-5,19,-4,16,4,8,-12,2
-16,-2,-9,-7,6,22,-1,6,-3,-1,-16,-9
-15,-8,0,-7,-16,-3,1,-9,5,6,7,11
-17,23,0,18,3,10,-6,14,0,24,-3,0
2,14,-2,6,4,18,-12,6,4,23,7,-1
2,11,4,-1,-5,12,-2,-7,5,-5,-13,1
-18,-3,6,16,-11,3,5,12,-2,16,2,12
-16,-2,5,28,4,-2,-7,22,-18,4,-2,18
2,19,6,-3,1,22,-12,29,5,21,4,9
-14,-3,5,6,6,31,-7,14,-11,10,-18,8
-17,32,-17,1,7,29,6,18,-11,2,1,25
-13,1,3,28,-15,27,-11,13,-10,1,-5,-2
-17,16,8,9,-7,20,2,14,4,15,-10,17
-5,17,-10,2,0,13,-15,18,-4,25,8,32
-7,-2,-16,-7,2,-30,9,-33,1,-22,8,-21
-17,-4,-1,-23,-5,-23,-5,-27,-8,-28,-9,-34
-9,-18,-4,-5,-9,0,-7,-25,3,-5,0,-24
-2,-12,-4,-11,-4,0,-1,-6,8,-26,8,-10
-1,-5,-6,-30,-1,-13,9,-3,4,-10,-3,-21
-15,-10,-1,-10,2,-17,-5,-28,-5,-23,7,-15
-1,6,1,-15,7,1,-10,-30,-8,-27,4,-29
-16,3,8,-4,-4,-21,0,-7,4,0,-8,-16
-17,-10,1,-28,5,-14,9,-19,-9,-7,1,-2
1,-1,-1,3,-1,0,-1,-9,-11,4,-4,8
-9,-1,8,0,-17,2,-2,8,6,-1,-1,10
2,-2,-1,4,2,-21,1,0,-3,-13,8,-19
1,-20,-6,3,-13,-8,-8,-17,-15,-19,-2,4
-15,-3,4,-18,-4,-23,6,13,8,10,-4,9
-5,-6,-12,9,-13,3,-3,-17,1,9,9,-11
-13,3,0,8,-1,-3,-13,-7,-9,-7,-12,-9
0,-13,9,12,5,-8,-15,-19,5,-17,-6,-7
0,-10,8,14,-8,9,-11,9,5,-2,0,-2
0,-15,-9,-11,-6,17,-15,-2,-7,-4,7,16
-7,13,5,13,0,16,-17,19,-12,14,-10,12
-16,-14,-1,-5,5,17,-9,-6,4,19,3,12
-11,0,-5,-7,0,8,-12,3,3,-9,9,-11
-13,22,1,0,-17,-11,4,-7,-1,-7,8,2
-17,-12,9,9,-1,-11,1,18,3,10,-5,-9
-13,13,2,-5,-8,17,-16,15,7,-9,9,-9
-16,-10,5,11,-1,-6,8,16,2,15,-1,-1
0,-6,-1,7,-2,-3,0,25,-4,3,8,16
0,-7,5,8,5,22,-16,24,-6,-4,1,10
-8,23,8,-7,-14,-7,-8,4,9,12,0,21
-1,3,5,1,-9,-4,1,28,2,-3,-3,28
-1,3,-3,25,6,14,8,22,3,14,-8,13
-1,0,-17,-1,-6,8,9,1,8,3,2,13
-9,22,-15,7,0,11,0,27,3,13,-9,13
2,12,-2,13,2,12,9,12,-1,13,-10,-3
-9,27,7,15,-2,6,0,8,8,13,6,20
-13,28,8,34,-11,10,-4,31,-10,30,6,12
-1,17,-6,32,-2,12,2,10,-15,35,5,24
-8,-25,7,-13,1,-6,-15,0,-4,-12,6,-7
-14,-2,-1,0,-11,-27,8,-11,-8,1,2,-22
-5,-25,8,-2,-1,-4,6,-27,2,-22,3,-7
-11,1,4,-1,-15,-17,-15,-8,-6,-23,1,-1
-8,-15,8,-26,7,-28,5,-7,0,-15,-8,-8
-4,-3,4,-27,-13,-22,-1,-2,-16,-1,10,-19
-16,-1,-11,-24,4,-8,-9,-7,8,-7,-2,-1
-5,-28,-5,-25,4,-1,-13,4,-3,6,2,5
-15,-9,9,-4,4,-17,-15,-25,9,4,-13,-4
-3,0,-9,-15,-1,-1,2,-5,-12,-17,4,0
-11,-19,-12,-12,-16,1,-4,-26,0,-17,-4,-6
-10,-13,-3,-16,-15,1,-2,-9,-12,-22,-8,-12
-7,8,-10,12,10,-17,5,-19,-3,4,-14,10
-13,-1,-13,-6,2,-2,-12,-5,10,-10,-15,10
-3,-8,-3,-22,-10,-10,-6,12,-10,-13,-5,-15
-13,-5,-15,10,-14,-5,-16,8,-16,-4,-7,11
-2,-9,-13,5,-1,-1,-9,-16,-13,5,-15,-7
3,8,-7,-1,-4,2,9,-13,-9,-15,-6,11
3,3,-10,-9,-6,-15,-15,-10,-13,-10,-9,-14
-10,-1,7,2,-3,-2,8,-4,8,-16,-2,-7
-12,7,9,7,-3,13,-2,-14,8,19,0,1
3,-3,7,3,3,-14,-3,-12,3,-4,10,15
0,-7,5,-14,3,-12,-2,20,4,0,3,-7
3,-13,-3,20,6,8,-2,20,8,1,4,9
-10,18,-11,2,3,-4,-16,-12,-4,18,9,0
0,-7,7,6,-11,10,-5,2,-1,3,-1,-6
0,-7,8,14,-16,25,10,-10,2,-9,1,6
0,-9,-3,25,5,15,7,5,-16,17,4,11
-10,23,2,14,-7,25,5,-5,1,21,7,28
-1,-2,6,-1,-1,-4,-1,25,5,-3,-15,9
2,0,7,1,3,28,3,5,-3,13,-2,-5
2,-2,-12,7,5,2,7,-5,10,0,9,28
3,16,1,32,6,28,-13,32,7,23,6,7
2,17,6,20,-11,24,-3,27,3,-2,1,0
-14,22,7,14,-5,3,6,34,7,18,10,16
3,24,8,3,7,24,1,26,-2,1,1,13
-2,0,7,33,-8,18,0,25,4,7,7,14
-1,-7,-10,0,1,-22,2,0,10,-1,9,-18
-10,0,2,-4,-5,-11,-13,-24,-13,-19,-1,1
-4,-9,-1,1,6,-17,10,-15,4,-16,-8,-7
-10,0,0,-21,-5,-10,4,3,-10,-19,-12,-28
-2,-21,5,-3,-15,-31,-15,-16,-11,-6,8,-31
-1,-16,-1,-3,9,-21,-9,-20,-5,2,-7,-11
-15,-18,-9,-12,-9,-25,-9,-20,8,-28,-2,-8
-6,-26,-2,-9,-1,-10,5,4,-2,-13,-12,-7
-10,-14,-3,-3,-8,-5,7,-8,-3,-5,-9,-22
-5,-18,-10,-8,9,-24,5,-4,-9,-20,-9,8
-11,-21,-13,-14,7,-11,5,2,-10,-11,-9,-15
-6,-6,-4,10,-5,11,-6,11,-12,-20,10,3
4,-5,-11,-5,10,-23,7,-7,-14,3,-13,8
3,11,6,-11,-11,6,11,-4,10,11,4,0
1,4,-9,3,-4,11,-9,-6,0,-4,-10,5
-4,-15,-6,-14,-15,11,-8,-8,2,-15,-11,14
2,11,-6,-9,-12,-3,6,15,-4,8,-8,12
-13,7,-8,-13,8,-13,-1,-7,-8,-3,11,-6
-5,8,6,6,-7,-8,-14,10,-15,-15,8,-8
-10,-1,2,-14,8,16,-6,-9,7,1,0,6
-2,-10,4,-14,-1,-4,-13,14,6,-8,1,7
-6,-1,-5,-13,2,-3,7,-12,9,-2,-12,2
-1,-6,7,-2,4,5,11,-3,5,-11,-15,20
1,9,11,17,7,-11,6,20,11,6,-5,-1
-15,5,0,24,-7,-10,-1,9,2,9,6,-6
0,6,8,-6,7,5,-14,0,-5,-7,-2,-6
3,7,-12,11,-9,17,6,26,-8,9,-3,18
-4,4,11,5,3,5,-5,-2,4,5,2,-7
3,4,6,21,-1,1,-10,23,5,8,-1,19
4,28,-8,7,7,21,-4,3,-4,12,6,14
2,28,-6,16,9,24,-13,26,4,9,-7,5
-2,20,8,27,-3,-1,5,30,10,9,-2,9
-3,1,-3,3,-9,28,-11,29,-3,18,6,0
-4,13,-9,20,-12,12,1,23,-2,2,-3,33
1,28,-15,-2,5,29,-5,16,-10,16,-12,-2
-7,13,4,23,-1,14,-6,31,9,14,2,7
-6,20,-7,33,-11,34,-13,0,-9,8,-1,21
1,-6,4,-10,1,-5,-2,-13,11,-24,12,-5
-6,-27,2,-13,7,-9,10,-32,12,-28,3,-23
-1,2,-14,-31,1,-33,1,-1,11,-5,7,-6
-13,-20,6,-5,8,-11,-10,-5,-6,-9,2,-12
2,-3,-4,-32,10,0,12,-6,5,-8,2,-19
1,5,5,-3,-13,-1,11,-28,-5,3,11,-12
-11,-7,3,-24,3,4,8,-6,10,0,-7,-29
-11,-14,-1,-8,-6,-22,-14,-2,-12,-11,-1,-10
4,-4,7,-1,-14,-22,-7,-14,-1,3,0,-10
-13,-16,10,8,-6,4,-11,-15,-11,0,-2,4
5,-17,11,-17,-8,-11,-7,8,-13,-9,-9,-24
5,-14,-9,3,-6,-3,-10,-6,1,10,-1,-2
5,-2,-5,7,11,-20,-14,-18,-10,-19,-8,-3
5,-21,-12,-5,-11,-23,12,11,-6,-5,-13,13
2,-16,10,-6,12,9,-5,-19,-6,8,-14,0
2,-8,-8,-2,1,2,-3,11,-7,-20,1,6
3,3,-5,1,-1,11,-2,6,5,-4,-5,14
3,16,10,-18,-8,6,-10,-12,-13,-7,-12,-1
2,-7,-2,-4,-5,-16,10,13,-5,-9,-8,14
-7,5,-4,18,-2,-16,-7,-10,-14,-9,-12,-1
-8,1,4,-8,-3,18,10,-12,-7,10,-9,7
-5,11,-12,-7,8,21,2,-1,-4,0,12,-9
2,6,-2,-13,8,-3,-3,3,-5,-12,-7,-8
4,2,-4,-6,2,18,-3,8,5,4,5,6
4,6,1,2,1,22,11,4,-5,-1,8,3
-13,13,-2,25,-14,-7,12,6,10,17,6,4
-12,9,2,-3,-6,19,10,22,-10,22,-13,-7
2,16,4,-2,0,-7,4,-8,-12,6,-7,-4
-3,22,12,17,4,-6,10,3,3,1,6,5
-6,27,-3,16,-6,-3,-6,-6,1,8,-6,-2
0,-1,8,19,-10,4,7,20,-1,6,8,-3
4,6,11,27,-8,25,9,-2,3,-3,-9,15
-8,1,-11,-4,2,9,-6,-1,9,25,-14,9
0,0,3,30,4,28,-4,13,6,-2,7,24
3,27,-2,31,-1,3,8,16,1,24,-8,3
-1,9,-13,1,10,11,10,9,-8,19,0,33
-14,36,3,14,-12,34,7,8,-4,3,-11,23
-6,-26,8,-17,-5,-24,2,-13,9,-11,6,-7
-1,0,8,0,-8,-18,-9,-34,-5,-16,-7,-32
-3,-7,8,-19,-11,-23,12,-1,0,-25,4,-34
-6,-13,-6,-13,9,-24,8,-11,0,-9,-3,-8
-9,-14,-4,-7,3,-10,3,1,-4,-14,-7,-12
-5,-21,-5,-8,-1,-13,7,-17,0,-4,-2,-1
1,3,-3,-13,-8,-21,3,-27,6,-1,-9,-16
5,-21,-10,-15,7,1,7,-19,0,-8,2,-26
5,2,-10,-23,-3,6,4,-22,-10,-8,-9,-19
-9,-1,-10,9,-4,-11,1,-4,-10,-8,-9,4
-10,1,-7,-15,5,-18,-6,5,-4,0,2,-1
-1,-22,-5,4,-4,6,8,-12,10,-20,9,10
-4,3,9,4,-4,2,-11,-9,-7,-12,7,8
-7,-19,1,-9,-4,1,-6,-2,-1,5,4,13
-4,12,-3,-3,7,3,1,-3,8,-16,-2,-22
-13,7,-5,-10,-11,-20,11,7,-4,8,8,4
4,4,-8,7,-9,-14,-11,8,-12,-5,-5,1
-10,17,-13,-14,-5,-2,-10,-10,-13,3,-11,-14
1,-16,0,-4,3,11,0,-17,5,-10,-6,-16
5,4,2,-14,-5,15,-8,6,-12,16,-1,18
5,-3,6,-4,7,16,4,-13,-4,3,-12,-4
-12,6,-3,-14,-7,20,0,5,-8,-12,12,15
-11,-14,6,6,8,2,-9,18,-2,6,-1,-8
-9,8,4,-13,-9,-5,-7,17,8,-2,7,4
4,-12,10,12,-12,3,-1,10,5,13,-3,1
-1,2,-9,5,0,10,1,-7,12,0,-6,3
1,-1,0,21,-3,6,0,18,3,2,7,-9
1,-5,10,-5,3,14,9,-9,4,9,5,-5
4,17,-2,4,-3,20,-5,27,6,26,11,-2
1,6,11,29,13,-4,10,-3,-13,9,7,18
6,22,5,25,-6,5,-3,13,13,-2,0,10
5,26,5,14,13,4,-12,11,2,29,10,13
-4,11,-7,28,1,21,-1,25,3,21,3,10
0,9,-2,33,2,18,4,11,10,16,-12,25
-4,11,6,-2,0,-1,-9,8,-9,26,3,32
-1,5,9,10,-7,1,-4,8,8,6,-7,6
5,28,-3,16,0,27,1,9,-12,5,10,3
-7,-23,-4,-23,11,-25,0,-1,-5,-30,-9,-2
-7,-17,-5,-35,-8,-32,8,-32,14,-5,-5,1
1,-2,-2,-8,12,-13,-4,-2,-7,-10,-12,-27
5,-5,-3,-13,0,-16,7,-32,-1,-20,-3,-29
-11,-29,-9,-24,-6,2,-1,-28,-5,-2,-10,-1
7,-7,-10,-21,0,-3,-2,-5,0,-2,2,-14
-3,5,12,-18,-5,-29,-9,-1,-4,-24,3,-6
2,-11,-6,4,-11,-4,-12,-24,-5,-22,-11,-10
-5,0,-10,-4,12,-6,-4,0,-12,-7,-7,-10
3,-20,-10,-23,-8,-26,2,-21,-8,4,-11,-17
2,4,5,-25,9,-8,10,-14,-3,-16,-5,-2
-12,-4,-9,-2,-8,-14,12,0,-6,0,-8,-24
-2,-4,11,3,12,-9,-4,-11,-8,-3,-8,-7
-11,-5,-9,-10,1,-10,7,8,7,13,0,-1
-6,-14,12,-9,14,-12,-10,-9,-8,-21,-11,10
-8,-4,-11,-2,13,3,-6,5,-9,-21,2,-19
3,15,-4,16,-4,0,-2,15,2,13,6,1
4,14,3,9,-5,-7,8,-11,4,12,-1,3
1,-16,14,18,11,-6,-5,-2,3,-10,2,-12
-2,-1,-6,-2,-7,-7,10,16,3,0,-5,-14
-10,2,7,-1,14,19,-8,19,0,-3,-12,4
-1,-11,-2,12,-12,-7,-10,-11,-5,21,3,-6
1,12,-12,12,2,-10,-6,-2,-2,-14,-5,21
-5,2,-8,12,7,16,-3,-9,13,6,9,0
-2,0,4,15,-1,4,14,21,-4,-11,-8,16
-2,7,-10,11,3,14,3,-5,1,-8,5,-4
-1,8,5,7,8,11,-4,8,-1,-3,-9,-3
-2,12,-8,-5,-11,18,-3,10,-10,23,2,-1
-4,7,8,-2,-7,-3,-8,1,2,22,4,10
-6,-1,1,5,10,-6,9,27,0,-6,-12,11
4,26,10,29,2,-1,-10,-4,2,14,-9,29
-1,26,8,19,8,29,-7,14,11,11,6,15
3,20,1,-3,-12,21,1,6,0,7,0,9
-4,10,11,11,8,32,-9,-1,-2,-2,4,1
-5,14,7,15,-3,21,0,14,6,13,0,7
1,-1,13,19,3,27,1,6,4,35,2,29
-2,24,-1,26,8,8,1,31,-6,35,-11,24
2,-12,-10,-9,-1,-25,-8,-6,2,-36,-5,-5
-5,-17,-3,-11,-9,-10,-7,-1,-9,-28,11,1
5,-20,12,-26,7,-27,9,-9,-6,-13,-6,-5
9,-15,-4,-22,-8,-7,6,-21,5,-25,-1,-5
15,-29,-3,-4,10,-19,-5,1,-7,-16,-3,2
3,5,-6,-31,8,4,-6,-15,-10,5,4,-12
-6,-3,-2,-29,-9,-25,2,-28,6,1,-8,-12
-7,-1,-10,-16,-7,6,-9,-20,-10,-19,11,-16
-7,-9,-4,-13,1,-8,-3,-14,0,4,-5,-15
3,-7,-10,-15,-11,-27,4,-8,5,-16,-1,-18
3,9,-3,-11,1,-2,-2,-3,-10,-25,1,4
0,-11,3,-5,-4,-4,-4,-15,-9,-8,-10,-25
-11,1,0,-14,-1,-7,2,2,-9,-16,-9,9
-1,2,-7,-17,10,-9,-11,11,-9,11,-3,-15
3,9,-4,-9,-4,-9,4,-2,-9,3,-4,-1
-4,0,-11,-10,1,-6,-1,7,-11,-2,-4,-1
-1,-5,10,14,12,-15,11,-1,-11,4,-10,-15
1,-19,12,-10,-2,16,-6,-5,8,-14,-7,-8
0,-16,-4,-1,1,-10,12,-11,-4,-5,-10,16
-6,-13,14,0,-7,-8,15,13,-5,-3,-2,11
0,10,3,3,-1,17,-11,8,-5,16,7,19
2,16,2,-8,-7,-2,1,-10,12,-4,-3,-6
0,7,-2,-2,1,-8,-6,15,4,-1,2,4
-3,11,-10,12,-9,8,12,3,0,8,-7,-11
-5,21,-10,-12,8,1,15,19,10,-10,10,4
-11,4,1,19,15,9,9,-11,12,13,-6,0
-6,2,-4,22,-3,6,1,15,-1,2,1,4
-5,0,9,8,-2,3,-4,27,3,23,-10,-5
-6,7,1,-8,-9,25,14,21,-5,5,10,27
-7,4,-11,3,2,12,0,27,11,15,-8,14
-2,19,13,25,0,14,-2,16,-11,8,10,27
-9,17,0,12,6,5,9,31,5,9,5,26
-5,6,-1,24,10,21,9,30,-8,9,-1,27
-5,33,5,0,-1,2,-1,26,3,12,5,13
-11,9,10,20,-1,2,-9,24,11,26,6,4
-5,34,-5,11,-10,27,6,18,-10,18,1,31
-3,1,0,19,12,29,13,36,-6,36,1,34
-8,0,-1,-4,7,-33,-4,-27,-6,-11,4,-21
8,-2,11,-31,-3,-20,5,-7,-5,-6,2,-11
-7,-23,-5,-4,13,-4,-8,-29,-3,-9,-2,-8
7,-32,5,-29,5,-11,1,-7,1,-11,15,-13
-7,-18,-5,-15,-8,3,6,-22,-5,-22,11,-24
-4,-4,-1,-18,7,-10,11,-1,-4,-21,1,5
-6,-18,-6,-30,-7,-5,5,5,16,-19,10,1
-10,4,-5,4,-9,3,12,2,-10,5,-7,4
-6,-22,12,-25,5,-8,10,-1,-8,-25,-5,-28
-6,-13,-8,-7,-2,6,0,-19,11,4,-1,-22
0,2,1,-26,9,5,-10,-15,-8,-15,1,-10
-3,-8,-6,5,4,8,16,-17,0,-7,4,8
0,-14,0,-13,5,-8,-10,-9,13,-10,9,7
-9,-17,-1,-6,2,2,-3,12,-3,11,-5,-13
-3,14,11,-14,6,2,16,6,-7,-20,12,-6
-10,14,4,4,4,-15,12,0,4,13,-1,9
5,-17,0,12,-7,11,-7,7,-4,-2,4,-7
5,3,1,-14,9,9,6,2,2,-16,-3,11
5,-3,2,13,5,-5,-3,14,10,-14,11,14
-4,12,11,15,7,9,-9,14,7,-5,-10,14
6,-14,2,-1,12,18,-10,7,-1,-12,13,-4
-1,2,-2,-3,13,-7,-3,-12,1,-1,9,-11
-9,22,-8,-11,-9,-14,16,22,-10,-14,5,22
-6,21,6,6,13,-13,-9,-7,2,8,-7,0
-3,7,2,17,14,11,2,-10,7,-4,9,1
-3,0,-10,1,14,3,-2,13,-10,2,13,0
-2,9,0,-1,-3,20,12,12,5,6,5,8
1,11,1,20,6,8,-2,-5,4,-4,5,7
4,16,-2,0,-8,4,13,10,-7,4,13,25
0,29,12,7,2,12,-6,4,9,26,0,-2
0,-4,5,19,1,22,15,14,-5,3,-9,5
-1,2,-10,-4,12,14,11,6,8,18,8,4
2,28,-2,6,6,32,7,4,-2,-2,3,24
-8,6,-4,5,9,4,-2,17,10,12,-4,-2
1,34,8,23,9,10,8,8,-5,10,-6,5
-4,22,-7,9,7,15,-2,11,0,15,16,1
-3,5,-2,31,-1,4,2,1,16,27,0,33
9,-20,-2,-9,-5,-29,8,-31,1,-2,-6,-21
-7,-10,4,-32,-2,-33,9,-24,-5,-26,4,-11
6,-28,8,-21,-3,-24,3,-4,-9,-27,-3,-32
10,-29,9,-17,0,-24,9,-3,-5,-27,4,0
11,-10,-1,-23,8,-25,-8,-23,5,-3,3,-6
0,-15,0,5,9,-14,11,-7,5,-22,-7,-8
-1,-12,-4,-28,15,-28,4,-8,6,-9,-6,-24
9,-10,-7,4,-2,-5,1,3,0,7,-1,0
8,-22,5,-2,2,1,-8,-27,3,3,-4,-27
4,-22,-5,-4,-6,-21,1,3,-5,8,-1,-27
6,-3,-8,-18,-3,-13,16,6,-3,0,3,-10
4,5,1,-11,16,8,11,-24,15,8,7,-18
-6,1,1,-20,-5,-6,13,-18,12,6,-4,8
-1,13,-8,-22,7,-13,-8,12,12,2,1,9
4,7,-1,-1,3,-9,10,4,2,4,4,-11
0,15,2,1,4,13,6,-18,10,1,-9,-5
-5,-13,-1,14,0,-13,-7,11,-1,14,-3,14
7,2,8,-17,5,-19,-1,17,-7,8,-4,17
-6,0,13,-5,-9,-1,12,-4,-7,4,-1,1
0,5,8,3,-9,4,0,18,-3,-15,-3,-8
2,18,0,-10,-9,-7,2,7,-1,-7,5,-7
0,-5,10,-7,-4,0,10,7,-2,-3,7,18
3,13,0,9,11,19,11,-1,5,12,1,15
1,4,-4,-2,-8,-3,3,0,8,11,-5,-8
2,-2,0,3,-8,9,-7,8,-7,-6,6,14
-9,8,-3,16,5,12,-5,1,1,-4,12,7
-5,6,-9,12,-7,4,1,10,13,25,-4,4
-8,0,7,-9,-9,6,10,15,-4,17,11,20
-2,6,3,5,14,14,-7,16,3,26,4,13
-4,3,4,19,15,6,9,-2,-9,4,7,19
-4,5,-2,22,1,0,-7,30,-6,22,-2,10
-4,17,6,2,5,8,7,-3,-8,18,10,-5
0,4,8,24,8,1,-1,12,8,12,0,18
-1,2,7,22,2,16,-9,17,12,31,0,13
-2,2,2,18,-2,30,10,27,13,-1,2,33
-2,25,-7,22,-1,7,7,29,17,35,1,15
1,22,-3,22,-6,34,-8,17,-6,21,-9,4
2,-31,3,-3,5,-6,11,-8,1,-9,-3,-12
10,-6,-2,-4,6,-17,7,-18,8,-31,3,-2
-2,-20,-3,-30,-5,-14,3,-25,0,-14,-2,-9
-5,-29,13,-20,5,-9,13,-1,-6,3,3,-8
11,-31,-6,-11,-8,-3,-7,-3,13,-5,-2,-32
5,-22,6,-10,8,-23,10,3,5,-2,3,-21
3,-7,-7,6,17,-9,2,-25,13,-14,-4,-22
1,-8,-8,-16,16,-10,10,-5,2,-23,7,-22
3,7,-6,-3,-5,8,12,-16,-3,-17,4,-3
0,6,1,-8,-3,-23,-6,-5,5,-9,3,-25
10,6,-3,-14,4,8,-3,-25,0,6,0,6
-3,-23,8,3,5,-15,-4,-1,-7,-3,-8,-20
7,-6,-1,-14,-5,-13,12,-2,6,-21,13,-14
10,12,1,-23,3,9,6,3,-4,-12,15,-15
-2,-1,-3,3,-8,-20,-5,3,4,-17,4,-14
5,7,-8,13,15,-14,-4,-8,6,1,-8,14
-3,5,6,-5,11,-15,-8,6,7,9,-1,-1
-5,2,6,3,6,16,0,8,2,4,-7,-1
8,-17,-8,-4,-5,-11,7,7,-5,15,11,-13
3,-5,-8,8,0,8,10,-3,-7,-3,6,14
-5,8,4,19,-2,20,11,17,-2,5,-3,9
5,20,2,-5,-5,-7,-8,-2,-1,6,2,9
3,8,0,2,16,-6,16,8,-5,22,3,4
-1,14,7,10,17,-10,-7,8,-1,-11,10,-12
7,17,-1,18,-3,12,11,20,1,21,11,18
0,-4,6,23,10,4,-3,-2,-5,0,16,24
-7,5,7,23,17,5,12,1,3,0,13,9
-6,6,0,11,-5,21,15,20,4,9,-8,-9
-4,-4,1,21,2,19,0,18,3,7,2,12
-2,15,-6,9,10,12,-3,18,9,-6,-6,6
-7,1,-8,9,10,4,5,11,13,-6,-3,-3
-6,3,5,1,9,17,1,24,7,22,-4,19
0,0,3,26,9,4,-3,6,14,15,0,29
-8,10,-6,27,7,11,1,12,-2,21,0,13
-4,18,-3,32,-2,14,5,9,-2,28,-3,17
-4,31,-8,29,15,33,4,18,-4,28,0,35
-7,14,-1,34,11,33,2,25,-1,23,-8,28
-2,-17,1,-4,17,-35,2,-6,4,0,-1,-22
12,-4,-5,0,8,-30,-5,-14,-2,-5,2,-6
10,-18,3,2,0,-26,-4,0,-6,-16,10,-21
13,-21,-2,-17,4,-8,-7,-31,-7,-27,-5,-6
-4,-25,3,-12,10,-8,9,-17,1,-4,3,-17
5,-17,0,-29,6,-3,12,4,15,-17,-5,-3
6,-9,9,-14,2,-22,-4,-2,18,-30,3,-9
3,-25,-6,-18,4,-14,4,-2,-3,-16,6,-17
-3,-18,-1,-7,6,-19,17,-27,2,3,7,-8
1,-6,9,-14,0,-23,2,-3,15,-12,7,-8
-2,-3,18,4,16,-11,-2,-14,2,-2,12,-25
1,-22,17,8,-2,-6,5,3,-5,-25,-5,-8
-1,1,-2,-6,17,-17,15,-16,-6,4,1,-20
3,-22,-6,0,-6,-12,13,6,-1,-7,2,-9
-2,-21,-4,-7,-3,-2,13,9,16,-16,15,-13
10,-2,-1,14,0,4,4,-21,-5,-12,1,2
19,6,-7,7,4,11,-3,5,3,6,-3,0
13,2,-3,16,13,4,10,-19,-6,2,-4,-3
8,-5,0,5,-1,2,0,-1,-5,10,16,3
5,-9,2,7,-7,5,-6,1,4,-11,-3,-4
5,-15,2,12,13,-6,-6,-3,0,8,9,19
-4,11,6,-2,-2,3,-2,-10,10,-4,-5,-1
3,-3,13,19,-1,5,-3,13,4,-6,16,-8
-2,18,-7,11,-6,-8,-1,-5,5,-9,5,10
8,15,4,1,-7,12,3,10,-1,21,7,11
-1,21,14,-4,-5,-4,13,15,10,9,13,10
12,8,1,12,13,-3,4,6,14,2,1,-4
6,9,16,21,13,5,-2,-6,-5,-8,11,2
9,4,-6,-5,-5,23,-7,23,16,-7,7,-4
-5,-2,9,11,-3,17,-4,6,-1,12,7,-4
0,23,6,11,-6,27,-3,24,-3,13,5,9
-4,29,6,13,-3,28,-1,13,-6,15,3,6
1,23,-1,22,-2,-4,-1,2,-7,21,10,19
0,9,0,1,-4,7,4,8,1,7,-6,12
3,31,-4,26,0,4,7,18,-5,0,5,27
-4,34,-6,32,-3,11,13,1,-2,15,-7,1
0,32,19,20,-4,14,0,24,0,3,-2,15
1,-27,16,-9,15,-4,6,-18,20,-3,11,-10
-5,-15,8,1,5,-23,20,-17,4,-22,-5,-15
-1,-2,4,-10,16,-4,20,-12,2,-5,12,-5
9,-13,-2,-6,16,-23,17,-22,19,-32,-1,-16
5,-24,6,-16,4,-32,-2,4,2,-1,8,-7
4,4,1,-2,8,1,11,-18,-2,5,-1,3
8,-14,-6,6,19,1,5,-5,8,-7,5,1
8,-7,5,-28,-2,-1,-2,-13,1,-7,9,-9
8,6,14,-10,-2,-26,14,2,-5,-3,5,-27
12,9,7,-4,0,-24,0,-23,-2,-9,3,-25
7,-23,2,-8,-2,4,-4,7,-2,-26,5,-17
6,-6,-3,-21,-2,2,1,0,7,-8,18,-22
7,-11,13,1,-1,-23,-3,-9,0,3,-1,-16
-2,12,5,-8,-3,5,-5,3,-2,7,3,-12
-2,-9,9,-1,5,-16,1,-20,10,0,-2,-18
6,8,6,6,-3,-19,2,-10,-1,-15,-3,-12
-3,-11,8,-8,-4,-20,7,3,-3,-10,16,-10
3,4,15,-9,-1,7,11,10,-1,0,3,1
7,16,19,16,7,8,-5,14,-5,12,15,6
-1,-9,8,16,3,-2,8,-7,18,9,12,-1
-1,12,-3,8,12,20,9,14,-6,-7,6,1
-1,9,6,8,5,-8,7,6,4,10,1,7
0,-3,6,-10,11,15,14,-9,2,-10,1,12
1,22,14,6,-6,1,19,8,-2,1,10,16
4,2,-4,-6,8,22,9,1,9,13,-1,-7
4,2,-4,18,5,3,9,15,8,10,0,1
8,9,17,-8,-5,4,5,-3,1,-1,6,1
-5,7,-4,-8,0,14,11,-5,20,1,5,5
-2,0,8,21,16,5,2,0,6,24,0,28
9,27,0,-2,0,11,14,25,7,16,-5,1
-5,22,-6,12,1,16,-4,13,-1,19,19,26
20,3,-1,8,12,15,-3,1,-2,-3,18,31
19,-4,0,0,13,22,4,7,6,16,11,-3
-3,-3,8,1,-6,20,-6,16,9,17,8,9
13,11,10,33,-1,20,14,19,6,24,7,18
10,15,19,28,2,34,14,19,-4,12,7,1
9,14,-2,34,15,2,1,30,12,20,19,7
-5,-14,8,-20,-1,-4,1,-22,12,-23,-1,-9
20,-29,-4,-19,-4,-13,-4,-13,-2,-26,-2,-16
20,-13,2,1,8,-12,1,-15,-2,-19,-4,-20
21,-1,-2,-2,13,-10,14,-30,8,-18,-3,-23
11,2,2,-1,1,-24,6,4,6,-32,-3,-7
8,-8,1,-11,6,-1,-2,-20,-2,-24,4,-14
15,-17,4,-16,0,-16,-1,1,5,-21,4,-24
-4,-25,16,-11,15,-17,-2,-19,4,1,-5,0
15,6,4,5,1,-7,3,-3,16,-19,-3,-4
13,-27,3,-26,-1,-6,1,-5,-3,-1,18,-27
10,-7,7,-7,12,5,5,-24,1,8,6,6
1,-18,0,-22,21,-19,19,-10,5,5,-5,-6
8,-20,8,0,-3,-15,-4,-14,1,-2,0,6
10,10,7,3,-4,-6,-1,-19,2,5,4,-14
10,10,8,-18,15,-20,1,-5,4,0,3,9
3,7,9,-10,6,-12,12,-19,18,2,5,-11
3,15,11,6,21,-9,-5,2,17,-8,-3,-18
6,-12,4,-9,20,11,-2,-5,8,-15,-1,-19
9,-8,5,-6,1,-14,-3,-12,-4,-14,7,-16
9,-10,-2,3,9,11,1,-12,3,-17,10,15
1,12,-5,-9,1,-9,1,5,-2,-13,3,-6
14,-1,2,3,-2,-3,2,7,9,-9,17,5
12,7,0,1,-2,-1,15,3,1,1,-1,1
13,-11,-2,-2,-3,4,-2,-6,7,3,-1,6
10,14,3,18,13,13,15,7,-5,16,6,22
10,14,3,15,4,21,-4,9,2,21,1,8
13,0,-3,7,1,7,20,21,2,23,6,13
-3,-6,7,19,8,16,1,4,-5,22,18,-7
-3,23,-3,24,13,14,-5,25,-1,12,-4,1
21,2,-5,13,19,13,10,14,16,29,2,16
21,4,-4,26,2,25,13,11,6,23,5,20
21,19,2,3,1,4,15,-1,-4,24,0,2
21,29,7,8,21,15,3,29,-3,19,-3,16
15,11,-1,18,-1,1,4,-2,2,-3,9,23
-2,8,18,4,1,27,-3,5,1,1,1,8
13,21,-4,21,6,23,21,34,-2,5,17,7
0,6,6,18,8,18,-2,17,4,5,10,17
-2,-8,-4,-13,-1,-9,2,-36,-1,-4,-2,-10
-1,-3,-1,-8,-2,-12,15,-22,-3,-29,-1,-4
22,-16,-1,-1,12,-4,17,-32,20,-32,-1,-4
20,-24,-4,-12,-4,-13,15,-8,-3,-30,-2,-12
17,-13,6,-1,2,-26,2,-12,-3,-19,-2,-3
22,4,0,-2,-4,-20,-2,-19,9,-6,11,-9
8,-28,2,-1,2,3,8,-21,-2,-20,-1,6
1,-20,0,3,8,0,-1,-7,-3,-20,4,-7
9,-12,18,8,6,7,21,6,2,-17,14,-1
13,3,10,0,14,7,13,-7,-1,-11,15,-12
1,-9,15,3,9,-24,19,0,10,-13,-2,-15
-3,-13,4,-25,-1,-1,7,-17,13,-22,-3,-19
-4,6,4,-18,6,2,-4,-12,0,-17,3,7
15,13,6,-1,3,-9,17,-8,4,-16,1,8
15,10,-1,-3,4,1,-2,5,4,-5,3,-13
12,7,-4,-2,1,15,-2,2,7,-3,15,-11
13,6,11,0,0,16,5,13,5,-3,8,-2
12,12,3,-12,5,1,-2,15,7,-18,-4,14
22,-17,-2,-4,6,-16,6,9,-4,15,-2,-10
22,4,3,2,-4,-7,8,4,6,3,1,18
21,-13,0,-7,-1,0,15,-1,10,-5,6,20
21,-13,21,12,21,-1,10,-8,4,-3,-1,5
22,11,-3,6,17,-4,10,0,6,22,-3,11
3,21,-4,22,6,6,11,18,7,21,2,16
5,-3,-3,23,16,6,-4,18,10,4,7,9
5,13,11,18,1,-8,-3,8,22,5,2,11
8,12,2,6,-2,12,3,-2,-4,26,4,5
14,16,13,-1,10,-2,0,-4,7,-5,0,-6
11,2,1,-3,8,18,1,-4,1,12,5,10
16,10,2,-7,14,20,6,-7,-3,9,3,1
22,22,7,10,11,30,3,-5,7,24,7,-2
22,-3,-2,14,16,14,9,19,-4,30,-2,-5
15,-1,2,9,-3,9,14,2,12,6,17,25
-4,0,2,31,18,21,0,19,-2,18,12,25
22,28,8,19,13,18,1,26,6,17,-3,15
16,10,-3,14,8,-1,9,17,-1,17,19,4
16,29,7,11,-1,32,3,19,10,8,-3,26
23,-13,20,-5,-1,-4,8,-24,2,-32,11,-22
23,-16,1,-18,-2,-23,3,-32,2,-7,-3,-10
18,2,6,1,5,-19,11,-9,2,-34,6,-3
23,-11,19,-4,11,-19,1,-33,15,-28,7,-15
20,-32,9,0,1,-9,0,-9,1,-8,6,1
18,-21,-2,-10,-1,-1,21,-8,1,2,0,-30
8,-6,0,4,11,-13,1,-1,9,-15,-1,6
11,-17,14,-24,6,-16,11,-5,5,-4,-1,1
14,-16,10,-3,4,5,3,-1,6,-12,8,1
-1,-11,-1,0,11,0,1,-6,0,-13,3,6
16,4,-2,-20,0,-4,0,-10,3,3,8,-2
4,6,5,0,20,10,3,10,4,-14,-1,-19
10,-17,0,2,17,-21,0,-5,0,10,-1,-2
2,6,7,-15,4,6,11,5,17,-5,4,-13
1,0,7,8,5,-1,5,0,12,-16,-3,10
17,15,1,-13,20,-12,20,4,-3,6,3,-4
6,-2,2,-19,7,10,13,11,11,4,18,-13
-2,-9,0,-18,8,-8,15,4,9,-5,6,2
12,-17,8,6,-1,11,16,-14,2,-1,7,-17
-1,-5,5,18,-1,11,8,16,9,2,-3,7
23,18,10,-6,17,-10,1,10,10,-9,13,-16
-1,17,1,16,17,-10,6,19,-1,-3,-3,11
15,0,-3,-5,17,1,-3,-5,0,16,6,13
3,13,2,16,7,-3,23,-8,7,18,7,22
6,-10,7,13,1,5,20,-4,20,18,0,-2
6,-11,13,3,22,1,14,21,2,16,7,11
-2,-2,3,-4,14,15,2,10,0,-6,5,25
8,24,5,8,17,7,22,-7,0,17,9,-2
9,-4,0,-1,-1,-2,0,-4,9,17,5,19
13,28,6,23,7,14,2,19,-2,0,9,12
0,14,4,15,16,10,-2,8,7,29,3,-2
8,-5,12,21,18,-1,2,12,-3,24,10,31
10,-3,11,3,7,28,15,0,3,0,3,23
3,17,0,29,9,27,7,9,5,13,12,18
22,11,4,31,17,2,6,16,5,24,4,32
23,30,-1,8,1,30,8,30,3,16,1,32
-3,20,3,30,23,36,17,16,11,18,6,3
15,-19,1,-30,20,-29,3,-12,9,-3,2,0
17,-9,2,1,11,-12,14,-24,3,-1,4,-5
18,-26,12,-26,17,-25,19,-3,12,-20,4,-11
1,-21,3,-9,13,-6,11,-24,-2,-10,19,-16
16,-25,4,-18,18,-23,3,-10,2,-24,9,-6
17,-24,11,-29,8,-17,16,-22,0,-2,1,-19
11,-22,4,-28,23,-21,17,-23,-1,2,9,-2
15,-9,1,6,9,-25,1,-24,19,-6,8,-2
10,-21,0,0,17,-4,14,-5,7,-16,1,-14
24,-13,-2,-21,16,-15,3,-19,-1,-1,7,-1
23,-25,1,3,0,0,3,-15,23,0,-2,4
7,-14,5,1,6,-12,-2,-7,3,-23,2,-2
8,-24,19,1,3,-4,7,3,21,-2,7,-24
10,-2,3,-16,12,-7,4,2,15,-19,2,-17
7,11,-2,6,23,-4,6,8,22,-2,18,-18
15,1,9,7,16,-20,20,-20,2,2,2,4
9,8,-2,-4,17,-20,21,-7,8,-15,20,2
-2,5,0,17,11,-16,-1,-4,10,-2,-1,4
6,5,8,11,5,18,12,12,13,1,-2,9
6,5,2,7,3,11,23,8,11,-15,11,-13
12,1,13,18,15,-2,17,14,10,17,-2,1
6,5,1,3,3,-8,14,5,-1,20,1,-7
9,13,0,-9,-2,-7,7,17,0,0,2,15
3,13,1,-4,4,9,19,-13,7,19,-2,10
12,15,17,15,3,21,-2,-8,1,10,-2,-9
12,17,1,1,20,-11,22,19,1,13,5,22
5,3,12,3,15,22,3,17,9,21,11,-9
4,25,5,13,6,0,-2,-2,5,6,2,13
8,-1,7,26,11,9,17,19,6,7,12,14
6,-1,7,2,8,18,5,-2,9,28,21,23
3,15,7,2,10,16,7,14,14,-4,6,8
10,31,12,11,-1,26,12,17,15,-5,8,2
8,19,11,15,20,22,12,14,5,16,13,25
6,6,7,1,24,14,6,28,1,28,7,32
-1,20,1,28,18,15,1,6,1,27,1,27
22,26,7,25,-2,25,3,1,9,10,7,22
2,15,6,3,1,18,3,35,9,24,-1,21
6,-33,6,-11,-1,-6,22,-30,1,-3,-1,-15
13,-14,0,-25,10,-18,-1,-27,2,0,3,-5
8,-30,4,-8,2,-1,2,-14,6,1,7,-4
10,-16,9,-12,5,-9,3,-10,-1,-21,2,-29
2,-13,11,-10,19,-5,15,2,7,-19,8,4
11,-1,20,-20,16,-30,5,-29,23,1,11,-10
4,-25,1,-28,7,-16,12,-14,5,-29,8,-23
-1,-15,5,-26,23,4,13,-2,3,-2,5,-1
8,0,6,-19,-1,3,19,-10,9,-20,13,-12
25,0,10,-2,1,-17,2,-6,5,-22,1,-8
19,-21,1,0,8,-9,8,-1,10,-1,-1,-17
9,-19,0,-7,23,-20,18,-13,8,0,4,3
10,-21,9,-18,24,5,10,-5,3,-2,12,2
16,10,21,-8,16,-5,15,-15,3,11,4,3
15,-7,2,-20,22,1,12,-14,6,-4,9,-20
13,-7,1,-21,10,-18,1,4,5,7,9,-7
9,-1,10,1,16,15,12,-8,22,-8,19,-18
14,9,3,14,15,14,21,7,20,-4,9,15
9,-15,8,9,11,-2,7,-3,0,-7,6,7
3,-8,3,-15,21,0,7,2,25,15,8,7
-1,0,4,-8,14,16,23,-11,-1,-15,17,-10
7,-13,6,-10,6,13,14,1,14,15,12,-12
10,18,14,8,22,-12,16,19,16,1,2,13
6,-7,-1,19,3,13,6,20,7,-2,8,12
-1,-5,16,-8,0,-3,8,5,24,-10,3,20
6,-9,13,-5,0,12,16,6,3,1,1,-10
7,-10,11,8,9,8,9,7,7,23,3,11
8,-8,4,0,19,20,16,12,14,-4,6,3
11,26,2,8,1,7,23,6,15,-8,12,-1
11,26,22,-6,17,17,18,-1,4,6,1,8
6,-6,14,12,25,26,15,6,8,17,10,14
13,21,9,18,7,21,13,3,11,22,6,23
9,4,11,20,4,12,17,3,8,-4,8,4
4,17,0,31,19,17,4,10,7,24,2,25
6,16,5,26,14,9,16,-1,4,-1,13,26
10,14,3,2,12,5,8,4,12,25,11,26
18,33,4,23,17,35,22,1,4,5,20,15
0,-9,2,-2,1,-28,16,-36,2,-5,7,-19
3,-27,7,-19,24,-10,5,-3,10,-3,3,-3
14,-2,26,-30,26,-32,18,-15,7,-17,0,-33
5,-3,5,2,15,-23,12,-1,9,-13,4,-7
0,-23,10,-17,17,-5,8,-11,4,-28,0,-22
9,-26,0,2,13,-27,7,-19,1,0,12,-21
7,-22,11,-22,6,-4,22,-7,18,-13,11,-24
7,-4,5,3,16,-20,16,-23,12,-22,4,5
9,-16,25,-28,26,-4,14,-13,13,-6,14,-21
0,-4,15,-8,22,-9,3,4,1,7,4,-9
9,4,11,-17,7,-8,5,-19,6,-26,5,-5
2,-24,15,5,6,3,12,8,5,10,10,-8
6,-11,2,7,24,-7,24,10,2,-5,15,-12
13,-8,2,-16,1,6,9,-10,24,6,0,-12
16,-4,1,-13,21,12,0,3,13,-2,0,-16
15,10,11,13,12,-18,16,8,12,-9,21,10
3,-3,8,-15,22,5,8,-3,18,-18,24,-11
8,-7,4,-14,8,8,2,-11,1,5,0,-5
7,-11,4,4,11,5,23,4,0,-3,10,-12
12,14,14,6,8,19,1,-15,9,11,17,5
11,3,12,-6,11,-15,26,16,21,-6,4,0
5,-15,15,-14,18,15,5,15,22,21,21,8
7,19,3,-11,10,-7,22,-3,11,2,5,19
9,-7,13,2,9,-2,19,21,8,10,2,-4
14,11,1,5,3,7,4,-10,5,21,3,14
0,-1,0,6,1,-5,4,9,6,25,15,24
6,-10,15,14,18,-1,19,-1,10,11,10,-6
6,-7,14,15,16,-3,22,5,25,14,5,7
2,-1,2,7,19,24,7,18,8,0,15,26
14,18,1,21,15,17,18,1,11,20,0,1
6,18,21,8,17,5,15,21,7,23,11,-3
6,-2,1,21,2,19,25,30,12,1,8,20
6,-3,25,9,7,-4,18,8,1,-2,3,7
0,5,7,33,16,13,5,12,15,21,6,21
7,-1,7,22,1,17,18,11,14,2,19,15
2,5,12,16,20,12,15,21,2,29,1,21
13,33,14,17,4,22,10,31,10,28,1,35
