-14,-30,-17,-24,-15,-24,-14,-11,-14,-18,-20,-9
-17,-12,-4,-1,-13,-23,-16,-11,-1,-7,-26,-23
-19,-27,-12,-30,-6,-15,-25,-6,-8,-24,-25,-16
-10,-31,-20,-27,-7,3,-11,-16,-22,-26,-15,-5
-8,1,-8,-20,-17,-1,-24,-22,-11,-20,-8,-19
-9,4,-25,-5,-19,-5,-21,-4,-11,-29,0,5
-22,-7,-26,-12,-7,-5,-15,-21,-20,3,-19,0
-18,-27,-4,-12,-11,2,-11,4,-10,-22,-21,-28
-26,5,-17,3,-13,-13,-2,-25,-8,-26,-26,-17
-19,-26,-12,0,-22,-6,-17,-10,-5,-3,-6,9
-18,-1,-22,0,0,-1,-2,-15,-25,-26,-20,10
-25,6,-9,-7,-22,-6,-18,-21,-24,-25,-12,8
-7,-20,-17,-1,0,0,-3,5,-8,5,0,11
-3,8,-16,9,-4,-2,-14,8,-10,-10,-20,8
-2,13,-11,-2,-8,-20,-1,0,-20,-3,-20,3
-3,-5,-23,-5,-17,8,-9,12,-9,12,-2,-8
-6,-2,-11,-19,-10,3,-22,-18,-26,9,-21,-7
0,17,0,16,0,17,0,17,0,17,0,15
0,17,0,16,0,17,0,17,0,17,0,15
0,17,0,16,0,17,0,17,0,17,0,15
0,17,0,16,0,17,0,17,0,17,0,15
-4,4,-13,21,-13,6,-4,2,-4,14,-7,8
-2,-12,-16,21,-9,-6,-25,5,-12,13,-9,-4
-23,12,-14,19,-5,18,-7,-4,-22,3,-22,-12
-25,13,-15,24,-5,22,-4,15,-12,-4,-18,8
-2,21,-15,23,-9,18,-23,12,-22,1,-4,-3
-3,25,-8,-1,-6,2,-7,5,-22,9,-5,18
-7,8,-7,27,-18,-5,-10,15,-5,5,-3,-2
-22,16,-6,28,-18,-1,-14,1,-15,28,-24,23
-17,23,-21,0,-18,-7,-2,3,-10,9,-1,21
-4,27,-4,12,-15,30,-8,14,-17,6,-26,25
-20,12,-16,13,-25,18,-11,7,-8,8,-17,7
-18,32,-25,17,-19,8,-1,17,-12,21,-9,7
-5,14,-13,19,-13,33,-10,5,-8,9,-17,33
0,30,0,29,0,30,0,30,0,30,0,28
0,30,0,29,0,30,0,30,0,30,0,28
0,30,0,29,0,30,0,30,0,30,0,21
-25,-32,-24,-19,-2,-23,0,-13,-6,-25,-24,-12
-15,-29,-10,-18,-18,0,-8,-13,-17,-29,-16,-4
-8,-22,-9,-5,-22,-33,-8,-27,-10,-3,-7,-9
-18,-33,-11,-14,-3,-5,-5,-6,-14,-21,-8,1
-21,-2,0,-6,-5,-7,-21,-31,-8,-14,-12,-27
-19,-1,-24,3,-2,-2,-17,-4,-15,-3,-22,-6
-17,0,-8,-23,-9,1,-13,6,-7,-15,-10,-25
-25,0,-24,-15,-3,-28,-15,-6,-17,-16,-8,-29
-24,0,-10,-21,-15,-24,-8,4,-12,-19,-21,-24
-5,-13,-10,-18,-17,-11,-16,-11,-3,4,-15,8
-18,-3,-17,9,-17,-11,-2,-13,-11,-2,-12,-3
-25,2,-15,4,-25,7,-9,-14,-23,-3,-22,-16
-21,-6,-14,1,-14,6,-11,4,-7,-19,-9,11
-9,-22,-25,10,-24,11,-19,-10,-20,-10,-14,-15
-9,-22,-17,5,-9,4,-10,13,-24,-9,-6,-6
-20,2,-21,-15,-22,6,-11,-11,-21,-11,-24,-15
-15,6,-24,-20,-10,12,-13,2,-23,12,-21,-10
-7,-17,-6,2,-14,-6,-16,0,-24,-8,-12,0
-18,14,-16,15,-14,-13,-16,2,-22,15,-14,1
-5,-12,-2,4,0,6,-12,-4,-2,-4,-11,6
1,13,1,5,1,13,1,13,1,13,1,4
-4,1,-19,14,-2,-7,-19,20,-25,21,-6,12
-5,5,0,10,-9,5,-4,-4,-1,7,1,12
-5,-5,-18,14,-11,-11,-17,9,-10,2,-12,9
-5,-8,-11,11,-13,-3,-22,17,-24,19,1,7
-2,3,-11,1,-22,8,-22,8,-21,6,-13,14
-1,26,-14,23,-6,22,-6,-3,-7,10,-5,15
-19,-7,-17,0,-7,10,-16,-7,-17,16,1,16
-20,28,-14,2,-8,15,-7,10,-1,1,-10,3
1,14,1,13,1,14,1,14,1,14,1,11
1,14,1,13,1,14,1,14,1,14,1,11
1,14,1,13,1,14,1,14,1,14,1,11
1,14,1,13,1,14,1,14,1,14,1,11
1,14,1,13,1,14,1,14,1,14,1,11
1,14,1,13,1,14,1,14,1,14,1,11
1,14,1,13,1,14,1,14,1,14,1,11
1,14,1,13,1,14,1,14,1,14,1,11
-6,-24,-20,-14,-5,-27,-2,-30,-18,-28,-10,-5
-13,0,-5,-9,-18,-9,-17,-28,-5,-4,-9,-29
-21,-5,0,-25,-17,-27,-24,1,-11,-26,-1,-20
-14,-2,-2,-2,-13,-16,-17,-1,-4,-26,-8,-23
-11,-24,-4,-14,-13,-17,-24,-22,-14,-2,-17,-27
-16,-30,1,-21,-17,1,-12,-23,-12,-14,-1,-18
-19,-9,-22,-28,-15,-19,-14,-4,-24,-30,-22,2
-17,-7,-7,-15,-5,-27,-11,6,-15,-21,1,-3
-3,2,-14,-21,-17,-7,-3,2,-5,-15,-21,4
-1,3,-5,8,-21,5,-9,-4,0,-16,-12,-1
-19,-25,-18,-16,-17,-23,-6,1,-16,-22,-12,-18
-4,-15,-18,10,1,-4,-6,7,-17,-6,-3,2
-4,-12,-11,-12,-15,2,-12,-18,-23,-12,-8,-9
-19,-17,-22,-22,-11,-1,-16,-12,-22,-9,-17,-1
-20,11,-12,-10,-14,-8,-14,-18,-21,8,-13,-12
-15,-11,0,14,-4,-4,-8,10,-4,-19,-18,-20
-7,-10,2,-8,-24,-14,-18,-16,-1,-20,-16,10
-20,10,-24,3,-6,12,-12,-14,-18,-4,-5,0
-4,17,-8,5,-6,15,-24,-18,-17,7,-1,5
-19,17,-6,-3,-7,-6,2,8,-12,15,-21,14
-3,-13,-24,16,-7,-12,-23,6,-22,19,-5,-4
-3,16,-10,17,-7,-10,-4,-7,-22,2,2,-5
-17,3,-20,-3,-3,19,-12,18,-2,-13,-24,-5
-2,23,-8,-11,-4,7,-17,23,-7,6,-14,8
2,1,2,-1,2,1,2,1,2,1,2,-3
2,1,2,-1,2,1,2,1,2,1,2,-3
-19,8,-4,25,-23,11,-20,8,2,14,-4,10
-23,25,-2,19,-5,-8,-15,4,-6,-2,-7,15
0,26,-12,-8,-13,17,-16,-2,-20,14,-2,-5
2,4,2,2,2,4,2,4,2,4,2,0
2,4,2,2,2,4,2,4,2,4,2,0
2,4,2,2,2,4,2,4,2,4,2,0
2,4,2,2,2,4,2,4,2,4,2,0
2,4,2,2,2,4,2,4,2,4,2,0
2,4,2,2,2,4,2,4,2,4,2,0
2,4,2,2,2,4,2,4,2,4,2,0
2,4,2,2,2,4,2,4,2,4,2,0
-4,-26,-4,-30,-2,-34,-4,-4,-8,-23,-5,-27
-12,-12,-18,-20,-5,-7,-12,1,-12,-26,-5,-31
-6,2,-22,-12,-3,-23,-20,-10,-6,-31,-3,-4
-3,-13,0,3,-22,-5,-8,-15,0,-27,-15,-14
-15,-10,-18,-18,-3,2,-11,-14,-16,1,-16,0
-14,-22,-11,-15,-10,1,-13,5,-2,-21,-14,-11
-8,-30,-9,-21,-12,-16,-21,4,-16,-27,1,-8
-23,-28,-13,-13,-19,-14,-20,-26,-7,-11,-12,5
-15,-24,-15,0,-11,1,-13,-27,-7,5,3,-1
-4,7,-18,-6,-12,-17,-23,-14,-15,-15,0,-3
-1,-13,1,-3,-14,-10,-9,-20,-10,-25,-5,-12
1,-18,-6,-12,-17,-19,-7,-3,-12,-5,-21,-18
-21,12,-18,8,-5,-23,1,-17,-17,-12,-4,-21
-18,-18,-16,-12,-17,-15,-6,-5,-6,-1,-16,-11
-15,12,-22,-11,-2,-16,-6,6,3,1,-7,-20
-20,-19,0,6,-20,-5,-2,10,-2,-10,-9,-6
-18,-18,1,-20,-11,4,-12,-19,-4,5,-11,0
-23,-14,-6,1,-22,-17,-21,10,-4,-2,0,2
-1,-14,-9,-5,-21,-8,-8,11,-14,-11,-9,-1
-20,18,-14,10,3,5,-2,19,-16,4,-23,10
-23,12,0,2,-19,19,1,14,-3,-12,-11,15
-19,20,-19,-8,-1,2,-13,3,-12,1,-16,-13
-20,14,-15,11,-10,12,-9,13,0,-6,2,22
-12,-5,-21,7,-16,-13,-7,12,-8,3,-11,20
3,-9,3,-11,3,-9,3,-9,3,-9,2,23
3,-9,3,-11,3,-9,3,-9,3,-9,2,23
-3,7,-20,-9,0,22,3,-9,-9,11,-6,6
-3,-7,-3,7,-15,14,-5,-7,-3,23,-14,-8
-1,12,-6,17,-5,4,-8,19,-11,3,-14,7
3,-6,2,29,3,-6,3,-7,3,-6,2,26
3,-6,2,29,3,-6,2,30,3,-6,2,26
2,31,2,29,2,31,2,30,2,31,2,26
2,31,2,29,2,31,2,30,2,31,2,26
2,31,2,29,2,31,2,30,2,31,2,26
2,31,2,29,2,31,2,30,2,31,2,18
2,31,2,29,2,31,2,30,2,31,2,18
2,31,2,29,2,31,2,30,2,31,2,18
-15,-1,-14,-23,-22,-5,-8,-18,-16,-11,-13,-36
-17,-6,-10,-22,-12,-29,-14,-22,-17,-27,-13,-21
-16,-5,-12,-7,-13,-20,-12,-6,-11,-1,1,-32
-21,-1,-6,-2,-19,0,-7,-2,-12,-30,0,-3
-15,-12,3,-4,-1,-11,-3,-3,-8,-13,-10,-27
4,-6,-7,-4,-18,-21,-3,-25,-12,-10,-14,-20
-3,2,0,-5,-11,-29,-10,3,-16,-7,-9,-15
-16,-11,1,1,-5,-13,-18,-4,-19,-4,-15,-12
3,-24,-20,-12,-5,-27,0,-2,-3,-16,-19,-14
1,-8,-7,-3,-4,-1,-5,-1,-20,-16,-1,-15
-16,-1,0,-2,-12,-23,-7,-2,-5,-18,-5,-7
-22,-4,-8,8,-5,-6,-1,-12,-14,-3,-12,2
-7,10,-1,5,-7,-22,-12,-3,-20,-17,-2,-20
-14,1,-18,7,-17,-15,-22,-18,-21,5,-16,12
-17,5,-19,-20,2,1,-6,-18,-13,11,-4,-20
-11,8,-5,11,-22,-1,-2,-16,-19,-4,-11,-16
-11,2,-7,-15,-14,8,-8,-18,-14,-10,3,2
-2,15,-16,3,-21,7,-14,-14,-10,8,-14,3
-21,-15,-9,15,-19,2,0,11,-7,4,-5,15
-8,-15,3,-16,-22,-5,-6,15,-8,11,-19,9
-12,-8,-17,14,-13,-11,-7,-3,-16,12,-20,-11
-12,7,2,21,-22,-6,-4,9,-5,-15,-21,1
1,-11,-7,4,3,16,-16,14,-19,1,-21,15
-4,-4,-21,-6,-6,23,-19,-1,-15,-9,-13,8
3,18,3,8,3,17,3,17,3,18,3,5
3,18,3,8,3,9,3,9,3,18,3,5
3,10,3,8,3,9,3,9,3,10,3,5
1,12,-13,-6,1,19,-5,18,-4,19,-18,14
-1,11,-2,17,1,-7,-10,27,-14,27,-10,10
3,12,3,10,3,11,3,11,3,12,3,7
-4,-5,-14,18,-18,16,-17,19,-4,5,-11,15
3,0,-4,18,-6,19,-3,18,-19,2,-4,-4
3,14,3,12,3,13,3,13,3,14,3,9
3,14,3,12,3,13,3,13,3,14,3,9
3,14,3,12,3,13,3,13,3,14,3,9
3,14,-15,-1,3,13,3,13,3,14,3,8
3,14,-22,8,3,13,3,13,3,14,3,8
-13,-15,0,-13,-20,-5,-14,-2,-5,-30,1,-15
-19,-11,-14,-22,-13,-30,-6,-31,-16,-9,-21,-35
-2,-28,-18,-34,-14,-14,-2,-10,-20,-10,-9,-4
-16,-30,-2,0,-13,0,-21,3,-6,-27,-10,-26
-20,-28,-8,-26,-12,-22,-9,2,2,-18,-7,-10
1,-9,5,-9,-10,2,-7,-30,-12,-7,-12,-23
-10,-3,-10,-27,-3,-13,-6,-30,-2,-30,-20,-13
-14,-23,-8,5,-9,5,5,-5,-4,-15,-8,5
2,6,-20,-12,-9,-18,-18,-1,-19,-27,-3,6
-2,-9,-8,-2,-1,5,-18,-19,-4,-7,-3,-9
-14,0,-18,-4,-9,-7,-7,-5,-9,-25,-10,-22
-9,-3,-15,-14,-20,-10,-13,-18,-6,-8,0,4
-6,-12,-5,-18,-1,-10,-3,2,-20,-9,-1,5
2,3,2,0,-14,-10,-1,-17,-11,-13,-5,3
-8,11,-3,-4,-16,-11,2,1,-2,-1,-5,11
1,2,3,-19,-15,2,-8,-4,-18,-13,-16,-2
-7,15,-9,-18,-6,-6,-13,5,-7,-11,-12,10
-18,-16,-18,6,-12,11,-10,-16,-1,5,-17,-5
-19,10,-15,5,-15,16,-7,7,-2,-8,-20,-5
-15,-2,-10,5,-6,5,-18,17,-8,11,-5,12
-6,1,-19,-2,-7,19,-21,4,-8,4,-7,18
-2,-2,-13,-7,-6,11,4,10,-7,-15,-13,1
-20,-9,-1,19,-17,22,-18,-13,-8,8,-21,19
-3,-3,2,-9,-5,-3,-12,23,-13,3,-14,5
0,21,-21,4,-2,7,-6,2,-21,0,-16,22
3,-11,-11,20,4,11,0,23,5,16,-21,15
4,11,-8,13,-1,6,0,23,-8,0,-13,8
3,20,-10,-3,-19,26,-2,8,-4,12,-11,22
4,5,-2,5,4,4,4,4,4,5,4,-1
0,8,-2,3,-17,13,-16,17,-9,-7,-10,4
-20,29,-13,5,-6,0,-15,23,-13,18,-9,4
5,23,-13,11,3,-3,-15,19,-19,13,-11,11
4,8,-5,1,4,7,4,7,4,8,4,2
4,8,-6,30,4,6,4,6,4,8,4,2
4,7,-11,17,4,6,4,6,4,7,4,1
4,7,-12,18,4,6,4,6,4,7,4,1
4,7,-14,31,4,6,4,6,4,7,4,1
3,-9,1,-15,-10,-13,0,-15,-1,-8,-7,-24
1,-24,4,-30,-7,-12,-11,-32,-1,-6,-3,-18
-13,-15,1,-22,-17,-28,-16,-20,-15,-16,-4,-30
-18,-3,1,-22,-1,-10,-7,-15,0,-17,-19,-19
-7,-29,-3,-17,-15,-23,-3,-2,-2,1,-5,-13
0,-4,-2,0,-15,-30,-8,-2,-10,4,-4,-12
-6,-9,-6,5,-4,0,-20,-28,1,-4,-3,-27
-11,4,-12,-28,2,-21,-5,-21,-3,0,4,-19
3,8,-6,6,-2,7,-13,-18,-6,3,-8,-9
0,-21,-12,-24,5,-24,1,-24,2,-22,-2,-20
-1,-12,-8,-3,-12,1,-18,-7,5,-2,-4,-21
-8,3,-13,-13,-11,-13,-6,10,-7,-23,-7,6
1,-1,-19,5,-1,-19,3,-2,-17,-22,3,-20
-7,2,-1,-5,-20,13,1,-15,-20,5,0,12
-2,-7,1,-12,-4,3,-4,-19,0,7,-3,9
-4,10,-5,-11,5,3,-20,-4,-17,7,-10,3
-3,1,-17,-12,-14,-2,5,6,-1,-4,-9,12
3,-11,-9,-10,-4,-4,-9,13,-6,-9,-9,-7
-1,-3,-8,3,-1,10,-8,-7,0,12,2,7
-2,2,-15,16,-14,12,-5,-2,-15,2,-7,15
-7,5,-12,-12,-5,20,-15,12,-11,11,-1,12
-10,18,-10,-13,-11,-11,-7,19,-11,8,-4,-12
-11,20,-2,2,-15,-1,-14,0,2,11,-10,-8
0,-6,5,9,-11,6,-6,17,-16,-12,1,21
-14,15,-2,7,-18,19,-11,18,-7,4,2,16
-19,18,3,8,-19,9,-5,-1,-5,-1,-19,25
-20,12,-14,20,-2,0,4,15,-8,10,1,7
-20,15,-13,20,-3,22,1,5,-6,-2,-14,-2
-13,-4,-7,20,-3,2,-7,-3,-7,-2,-15,2
-10,3,-6,19,0,21,-8,-3,-12,13,-11,6
-10,3,-11,18,-4,26,-17,-4,-14,14,-12,6
-19,22,-12,15,-1,16,-17,20,3,19,0,4
5,-4,-17,1,-3,29,-1,23,-14,22,5,-4
1,4,-14,18,4,2,-12,23,-7,29,-1,1
-9,5,-1,32,-9,0,-12,-1,4,8,-1,33
3,31,0,21,-12,19,-11,14,-3,5,-6,12
2,15,4,30,1,20,-20,3,3,31,-19,35
-13,-27,5,-15,-12,-14,-6,0,-1,-15,5,-24
6,-13,1,-1,-16,-35,2,0,-11,-2,-8,-26
2,-33,3,-15,5,-10,-7,-15,-16,-5,-7,-11
5,-6,-18,-10,6,-31,-2,-12,-8,-11,-8,-32
0,-1,-5,-31,-14,-12,2,-7,-12,-20,-1,1
-17,-18,3,-11,-11,1,-18,-30,-14,-26,-12,-2
-3,-6,1,-11,-13,-29,1,-10,-16,-9,-2,-21
-7,-29,4,-5,-11,7,3,1,-14,-22,-12,-14
5,-4,1,-1,-7,-26,-10,-10,-10,-9,-15,-4
-5,-23,-9,-13,5,1,-11,5,3,-13,-5,-2
-12,-10,-6,-22,-1,4,-11,4,2,8,-4,-25
-4,-12,-7,-3,-5,-5,2,-20,-12,-3,6,-1
-2,-2,3,-11,5,6,1,-10,-15,-4,-12,-20
-10,-20,-4,-19,-16,-1,-13,9,-14,13,-13,-9
-6,-10,4,0,-15,11,-18,-2,-12,-5,0,-17
-15,-16,-3,0,-11,-13,-11,14,-9,-21,-5,-3
-7,16,-8,8,2,-12,0,8,-3,-18,-6,-17
-10,5,-8,11,-6,-6,4,-9,-16,-16,0,5
-1,-7,-6,-17,-16,13,-2,17,-7,-4,3,6
-10,-5,-4,18,-9,-10,-17,-10,0,16,-17,-3
-3,11,-18,2,-14,3,-15,20,-15,-2,-17,-16
-6,-10,-8,-2,-5,3,-5,-1,-14,-3,1,4
-11,0,-12,-13,1,-8,6,-9,-5,-12,-1,9
2,7,-17,21,5,-9,-9,3,-10,-13,-2,1
-8,-6,-3,8,1,17,-7,9,1,22,-10,-7
-19,12,5,-8,-15,-8,6,-7,-16,-11,-14,20
-2,23,1,-1,-16,0,5,14,-16,4,-12,24
-8,24,-5,11,-14,17,-4,2,7,17,-19,16
-19,-8,-18,24,-2,10,-17,25,2,-2,5,21
-19,27,-12,12,-9,25,1,12,3,15,-13,22
1,3,0,23,-15,19,2,6,-9,0,2,-3
2,-5,-5,9,-8,11,-4,29,4,7,0,9
5,-3,0,15,-12,5,-17,16,-12,9,5,17
2,9,3,8,-17,5,-19,28,-1,-3,1,24
-7,7,-8,13,-13,5,-9,-2,-13,14,-19,17
-9,10,-3,32,-7,3,-10,20,-17,33,-2,7
2,34,-9,25,-3,3,-12,20,-1,35,0,2
8,-10,-8,-35,-4,-17,2,-35,-14,-34,-12,-14
-9,-7,-4,-27,3,-9,-9,-34,-12,1,-1,-15
6,-28,-2,-26,4,-5,-16,-10,-15,-30,-15,-22
-13,-14,-11,-19,-1,-19,-7,-28,-16,-20,3,-19
0,-1,-5,-19,-15,-9,5,-6,-1,-8,-9,1
-2,-5,-3,-28,3,-4,-3,-11,-14,1,-15,-26
0,-3,-8,6,4,-20,3,-4,3,-29,-7,-16
4,-3,0,0,-16,3,-10,-1,6,-6,0,-1
0,-6,-13,-22,1,3,-2,0,3,-21,-6,-7
3,0,0,-23,0,-21,-8,-19,8,-2,2,4
-2,-19,-16,-14,-11,-12,3,-3,-14,-5,-2,4
-17,-6,-2,-13,7,-24,4,-10,-16,-15,-18,-2
-7,-4,-12,-22,4,-12,5,-21,-17,-7,-18,-7
-3,-13,-3,-2,-4,-2,-16,0,2,5,-4,-18
-11,-11,0,-2,8,4,0,0,-9,-5,-5,-11
-2,15,5,4,-1,11,-9,12,-3,3,0,1
-7,8,-18,-8,-9,7,-4,-16,2,1,2,-18
6,-11,-2,-5,-18,-18,-14,-9,-7,-5,-10,-19
-9,4,-7,-14,-17,-14,-8,13,-4,12,-9,-15
-4,-9,5,9,-15,-5,4,-1,4,0,-2,11
-1,14,-7,10,-14,-15,-12,9,5,-15,-11,9
-3,17,-12,4,-12,10,-9,-11,-10,-1,1,6
-13,-5,-13,-5,-10,-2,-3,18,-5,-7,-12,2
0,19,-6,11,-8,9,-2,5,-4,5,-10,8
-6,-11,2,16,7,-12,2,22,-18,6,-3,11
-9,4,8,16,-14,12,5,10,2,24,3,-3
-10,-1,-15,-3,2,25,-5,13,-1,6,-2,-3
-18,-7,-8,3,-14,3,-2,11,-9,-7,-11,0
1,4,3,24,7,-3,-4,8,0,17,-3,7
-18,25,2,-1,-16,10,-17,0,-1,6,-1,21
-13,-2,-14,13,-7,3,-16,29,-15,14,-1,15
5,8,-3,26,-13,31,1,8,6,20,6,2
-14,32,-10,30,-16,15,-6,10,3,11,-14,9
-4,-3,-6,32,3,25,-16,2,6,-3,-3,15
-1,3,-11,16,-12,18,-18,21,-1,10,-12,18
-12,31,2,7,6,7,-2,22,-6,5,-2,16
-15,32,-11,36,-1,9,-7,14,-16,29,-2,25
-3,-14,7,-12,-4,-11,1,-5,-1,-22,-4,-30
0,-1,-14,-23,-17,-32,-10,-24,-4,-24,4,-4
-16,-11,-15,-2,0,-21,3,-4,5,-7,-2,1
-5,-4,-11,0,-2,0,3,-22,8,-8,-15,-31
-17,-12,-7,-17,-2,-19,-15,-28,-16,-29,-7,-32
-4,3,-4,4,-7,-29,-14,2,-6,-26,-4,-29
-4,-19,-7,-20,-15,-10,-5,-27,-2,-7,-2,1
5,-26,8,-23,-7,-24,1,-10,-2,-11,0,-7
4,-2,-13,-11,-8,-7,-15,-2,-16,-8,-11,4
-1,-2,7,-13,-6,-19,0,-11,-2,3,7,-26
-17,-13,-9,5,5,-20,3,-13,5,-8,-6,-26
-3,-15,-9,-3,5,-5,8,-22,8,-20,-13,-25
0,2,6,5,3,-9,8,4,-5,5,-15,9
-14,-9,-17,-17,-12,5,-10,10,8,-17,-11,-8
2,0,0,1,-4,13,7,-18,6,3,-3,-6
0,-6,-16,-17,-6,6,5,4,2,2,-1,-20
-1,-11,-1,-2,-12,-10,-3,0,0,12,9,8
-16,-19,-4,-11,7,6,-3,-7,-14,12,-15,3
4,-4,2,2,-2,6,-15,10,-7,-14,-7,-15
-15,-13,-1,15,-2,6,-6,5,7,-12,6,13
1,10,4,-11,-15,-14,-5,-15,-15,17,6,-15
1,21,4,5,4,-8,3,-8,-17,17,-14,1
-1,-8,3,12,-6,17,2,-12,-12,2,-9,-9
-8,0,-3,-10,-13,13,3,-3,-5,21,-16,8
-15,-3,-6,23,-11,4,6,12,0,13,4,-12
6,12,-4,20,1,12,-4,-11,-10,-6,0,15
-1,11,-11,24,3,13,-6,-10,-5,-8,-5,4
-7,-5,-6,12,-6,-9,-14,17,7,-5,-3,-1
-16,28,6,1,-3,5,-4,3,1,10,-15,18
5,14,-13,17,-1,9,7,5,-2,4,5,-2
3,10,-14,24,5,30,-13,-6,-5,22,1,18
-14,2,-5,9,-11,4,-16,4,4,-1,-17,15
-9,-4,4,30,-1,4,-2,32,8,22,-17,3
0,29,-13,22,-8,22,-6,18,9,19,-13,14
6,22,-1,11,5,30,-14,4,-7,29,-12,18
-5,31,-4,10,-15,14,-1,25,-2,20,-2,-1
9,27,-5,20,3,24,7,31,-11,30,-11,3
-11,-25,-10,-19,-5,-16,-15,-19,-14,-12,0,-14
-15,-9,-4,1,6,0,-3,-16,-7,1,-6,-13
-6,-9,-4,-16,0,-17,1,-10,-16,-30,-12,-22
-1,-14,6,-21,3,0,-10,1,-4,-10,4,-11
3,-12,-13,-6,-4,-11,4,-4,-13,-27,-9,-1
-10,-8,3,-26,-14,-18,8,-4,-8,-14,-10,-14
-6,-3,-8,-18,-8,-5,10,-4,-13,-11,6,1
-12,-29,-1,-13,8,-22,3,-9,-1,0,-15,-28
-14,4,9,-1,-1,-23,-4,-8,-5,-28,3,-11
4,-2,1,0,-6,-7,-8,-12,-15,-23,-11,3
-9,-12,-9,-17,-15,-21,-4,-13,4,-15,-7,-10
-3,-9,9,-4,-14,-25,2,10,7,-14,1,-7
-6,-7,-15,-23,-3,-23,2,6,-15,10,1,-9
-3,4,3,-16,-7,-21,8,-1,2,-20,-10,7
9,4,3,-7,-2,7,-1,6,0,13,-15,0
-3,-14,-7,-4,-4,-18,2,-6,-15,8,8,-18
-11,-6,-2,-4,0,2,7,-11,3,6,-16,-16
-1,-17,-4,-10,-15,6,-4,-3,-11,-4,-4,13
4,12,0,18,-16,16,8,-16,7,3,7,-8
-15,-10,7,-4,-7,-4,-12,5,4,14,0,-8
-2,11,-11,1,-2,-4,-11,6,-9,-15,3,-3
-11,10,-16,-8,-10,0,-13,16,-8,-10,4,-8
6,14,7,-8,-12,13,4,-2,-11,-13,6,-5
0,7,-2,-6,-11,8,6,-6,-8,-6,8,15
0,0,-7,-4,-4,21,0,15,-5,20,-4,0
-14,23,4,2,5,-6,3,25,-2,25,5,13
1,-1,-11,6,0,8,-16,14,7,17,-13,9
-4,17,2,2,-12,7,-3,-5,-4,-5,-13,-5
5,13,-7,27,-14,18,-3,-6,-5,7,7,19
-12,27,-10,0,-9,27,-16,15,1,2,-14,13
5,-1,-4,20,-10,7,7,-5,-1,30,-12,3
2,3,-2,16,-2,2,-12,7,5,28,-7,21
-9,4,2,6,6,30,-11,7,6,15,5,6
8,20,-13,12,-1,26,-15,-1,-1,32,-16,13
0,2,8,6,0,3,3,33,-3,28,7,26
6,26,-9,7,-14,0,-9,25,-9,10,-11,21
-5,34,-13,19,-2,17,4,23,6,20,-9,14
-5,-34,-1,-19,-1,-30,2,-28,-2,-31,-1,-29
9,-7,-2,-20,4,-21,7,-24,10,-14,-5,-34
-14,-32,0,-9,3,-10,0,-33,2,-3,-3,1
-6,-33,6,-30,-1,-19,-2,-19,-2,-18,4,-13
-10,-22,-3,-31,-8,-27,-1,-21,5,-5,-8,-21
8,-2,5,-31,0,-24,-10,-17,7,-22,-9,-7
-9,-4,-6,-19,1,-18,5,-28,6,-22,-6,2
7,-21,-13,-2,6,-4,-3,-12,-11,-18,-2,-29
-13,-2,9,-17,-7,-14,2,-18,-13,-16,10,-1
0,6,-10,-7,6,-16,-4,-7,4,-3,2,-14
2,2,7,6,-15,-2,-4,-9,-3,-2,-7,-13
-5,-4,6,-9,-12,-11,3,-2,-9,-22,-7,-10
-1,-12,-2,0,7,-19,8,-17,4,-21,-8,2
-3,4,-7,-16,-10,-8,-15,2,2,-6,6,2
-2,-21,1,-18,-1,2,6,6,-8,7,-2,13
-15,10,-1,15,4,-9,4,10,5,2,0,13
-3,0,5,12,-8,-18,-6,-15,-4,-16,5,12
5,14,-5,-14,3,-19,-2,8,-11,11,-14,1
-4,8,6,15,-1,8,-5,4,-1,4,-14,8
-8,-8,0,-5,3,8,7,1,-6,17,-5,-3
-6,4,7,11,0,-13,-7,-14,-5,0,9,-14
-4,-2,-5,-7,-13,-8,-2,-3,-11,8,-9,-4
1,4,-12,3,-3,4,-11,15,2,9,7,0
5,15,9,13,7,12,2,-12,3,4,4,-5
-2,19,-7,-10,-12,18,0,9,-1,2,-8,4
-15,25,0,11,-10,24,-10,23,8,-8,0,2
-13,-9,9,2,-9,9,8,-4,-9,3,3,-4
-2,26,-14,4,-12,27,-15,-5,0,-8,-10,-1
2,-8,5,-7,1,-6,-7,26,-6,23,7,5
0,8,7,28,-10,16,0,-1,-10,22,-11,19
4,29,6,2,3,-2,-7,-3,0,8,5,17
2,1,1,25,6,17,4,-2,-2,31,5,-5
-3,21,-3,21,-2,4,-4,6,-9,13,0,8
-2,25,-15,24,-14,16,-6,21,-14,33,0,1
-5,10,11,23,-11,7,2,27,-4,24,9,25
10,24,7,20,10,24,-1,14,7,20,4,30
-13,10,-11,13,-12,5,4,4,6,21,8,6
-6,-8,-11,0,9,-27,2,-21,-9,-36,10,-36
5,-28,-10,-20,-11,-9,2,-6,-14,-21,-10,-30
9,-29,-1,-5,-14,-27,-7,-26,6,-25,-5,-10
8,-23,-8,-1,-2,-7,2,-28,4,-6,-3,-16
-8,-28,-12,-8,-6,-3,-5,-25,-13,-30,7,4
-10,-4,1,-1,10,5,7,-16,-12,-12,-2,-14
-2,-17,-13,-21,-2,-25,0,-23,-8,-3,8,-7
9,-25,-2,-1,-13,-18,-6,-15,8,-21,0,-2
-12,-25,5,-24,6,-7,-7,-13,-6,-19,9,-17
-7,-3,-3,-19,-4,2,-7,-27,5,0,-14,8
-10,-23,-10,-22,0,-15,-11,6,-2,-16,-9,0
-10,7,-12,-7,-11,-17,7,-4,11,-15,9,-13
-10,7,3,-2,-4,1,10,4,3,-19,10,1
-2,7,10,-13,0,-7,-2,-21,-11,-11,6,-2
-3,2,-9,-14,-7,-12,9,-14,8,-9,0,-16
-4,-21,9,7,-5,-20,0,-12,-8,-12,-1,5
9,-13,-4,-7,0,-15,-5,3,7,0,-13,10
5,-11,5,-7,0,15,4,-7,1,6,0,-17
0,1,10,9,4,-13,-3,10,-7,-3,3,14
3,-6,11,-5,-5,16,6,-2,-4,-4,4,3
-7,-6,-6,-16,-4,19,-7,0,-8,-6,-2,-12
-4,21,1,11,-13,-8,4,-4,-7,9,5,-14
-3,18,9,-11,2,21,-4,-8,-12,17,1,18
2,21,-9,23,1,6,-6,23,2,10,-12,14
3,-9,8,-8,0,-12,10,-4,-13,21,7,14
-13,-10,-9,15,8,3,3,-2,-10,18,-7,2
-9,25,4,-5,-4,17,-1,11,-13,13,5,24
-3,-4,3,24,-5,8,4,8,10,18,5,17
-11,26,-1,22,10,-2,9,-3,-3,5,-4,25
-2,16,0,22,-1,3,-6,26,9,-5,-10,-1
-3,19,-6,15,-9,26,9,-4,-14,19,4,4
9,17,7,-3,1,7,9,22,0,-4,-11,28
0,-1,2,7,2,0,11,23,2,16,-7,2
-3,28,3,16,1,27,-1,23,5,32,4,8
-4,-1,-9,17,9,24,-3,2,2,-1,12,21
1,19,1,10,-4,11,-6,15,10,28,8,5
10,26,-1,9,-1,30,9,12,-2,33,-2,1
5,-36,-7,-36,-11,-15,5,-36,-8,-6,-11,-7
8,-26,-1,-6,-11,-1,9,-34,-8,-33,-6,1
10,-24,1,-10,2,-7,3,-22,-13,-10,-2,-31
-7,0,-9,-13,0,-31,2,-30,-12,-11,11,-22
-7,-10,-9,-23,12,-4,5,-16,9,-25,-12,-28
1,-24,6,-22,13,-8,-4,-5,1,-19,6,-16
3,-20,-1,-20,11,-9,-5,-21,0,-6,-7,4
-7,-22,4,-23,2,5,-1,-3,1,-6,4,-17
6,2,-7,-16,6,-11,3,-26,11,-21,3,8
-4,-19,7,-23,4,-21,-2,-14,-3,-13,-11,-21
-7,-23,-1,7,-2,-20,-8,-14,5,-25,5,-5
-7,11,12,-2,5,-11,-2,4,-12,0,-11,-4
-4,-13,6,-23,-4,-15,-7,-14,0,-3,12,-20
-1,-19,5,-21,-7,10,-5,8,2,-14,-6,1
-3,10,9,7,-12,5,-4,-8,-9,14,3,-4
4,-14,7,-14,4,7,4,-18,11,3,8,-6
9,-19,-10,-16,1,-16,-4,8,0,-17,-4,-9
-6,-14,8,-5,8,-5,11,-18,3,-15,10,12
5,11,2,-4,3,2,8,9,-7,-11,3,16
-9,-13,-4,-1,-5,1,11,-12,10,-12,2,0
-3,13,-4,6,6,0,4,3,9,7,2,20
3,20,-3,13,5,-7,-1,12,7,0,0,-2
-2,-13,9,-6,5,18,1,5,-9,11,-2,6
-5,7,4,8,-4,5,6,5,-1,8,6,17
11,21,2,20,6,-4,-7,-4,0,-12,2,12
11,10,9,22,-4,25,2,5,9,21,-7,-2
11,7,4,2,8,14,5,-6,5,6,-13,3
12,-3,-3,21,7,-6,12,-7,9,-6,-7,19
11,10,8,7,6,26,5,13,1,-3,-9,3
5,0,3,18,-1,18,4,8,9,23,7,5
-4,30,6,17,4,11,-5,12,1,20,8,24
-9,15,-6,10,-1,27,1,8,-5,21,-7,3
10,21,0,-4,-5,22,4,19,-2,7,4,-2
-10,16,4,8,7,4,-2,3,-13,30,-8,4
-2,10,5,23,-2,21,-5,21,-2,32,6,31
-1,10,8,0,-1,26,9,9,-5,10,-9,15
7,15,0,18,-9,31,-3,12,5,4,-13,34
9,-30,12,-21,-9,-29,3,-11,-8,-1,13,-15
7,-26,-12,-14,-5,-4,-7,-20,10,1,-6,-31
9,-26,4,-18,8,-4,6,-20,6,-3,9,-30
1,-7,1,-19,-5,-18,-2,-30,-1,-12,6,-33
3,-16,-10,-17,-2,-13,-2,-15,-12,-19,7,-14
-8,-20,-7,-4,-5,-1,13,-30,-8,-16,-7,1
6,-13,-7,-12,-5,-13,10,-18,-4,-12,2,-1
7,-6,-1,3,0,7,-4,-5,-3,-8,4,-21
3,-20,-12,-26,11,3,-8,-17,-10,-24,-9,2
6,1,-9,0,11,-12,13,-27,-10,-21,-10,-17
7,2,6,-18,11,1,-9,4,13,-3,-8,-7
-9,-7,-3,-20,10,-25,-6,8,12,-24,0,-9
-10,-4,5,2,11,-8,-6,12,-2,3,3,-17
-6,-13,10,-18,0,-3,-6,-22,-1,2,-2,-6
10,8,4,0,-5,-18,-8,4,2,13,-3,-12
0,-19,-5,-11,-3,-13,-5,14,12,-18,2,3
-11,4,8,-9,-4,14,-2,9,0,-7,-9,-7
6,-6,-3,15,-9,-2,-8,0,-3,11,8,-13
2,0,5,16,-8,12,4,3,-1,-15,11,11
-10,12,6,-2,3,18,2,-9,-11,9,-4,-7
-1,20,-2,6,7,13,12,10,12,12,-1,-14
-10,-7,9,7,0,16,-1,0,-2,-6,-5,4
-4,17,8,6,1,4,-7,-1,-9,10,0,-8
12,18,6,0,12,13,-8,-9,8,9,-5,15
10,6,-7,-7,11,-12,-7,-9,-2,24,12,18
10,5,-3,7,11,6,-6,6,-12,8,9,7
9,8,-5,12,-4,-4,-11,17,-7,21,-1,19
14,14,-8,20,-9,15,-5,10,-6,22,-9,-1
10,26,-6,20,-7,21,-10,5,-2,-1,-10,20
12,-2,11,24,-3,15,-5,-5,4,5,5,-3
-6,-6,-11,9,5,21,-5,17,-12,-4,-9,16
0,3,0,25,-7,19,5,6,-10,21,-2,25
2,13,-8,10,4,29,-1,8,-2,20,-6,8
-8,19,11,4,9,-3,14,20,10,9,8,25
2,9,0,32,-10,21,0,-2,4,20,-7,27
6,19,1,18,8,4,-11,22,13,26,-2,10
-8,17,5,3,9,4,-10,18,-3,9,-11,3
-1,-13,3,-6,-4,-13,-10,-10,-10,-1,0,-5
11,-21,-11,-5,10,-5,10,-11,-10,-8,8,-10
-9,-29,-9,-15,-1,-26,13,-13,-9,-9,14,-11
6,-16,-5,-30,3,-23,0,-7,14,-29,-5,-27
-6,-19,-11,-32,-7,-24,0,-8,4,-32,-1,-6
4,-17,-7,3,-2,-8,-10,-16,-6,-3,10,-12
6,-16,5,-15,-4,-12,15,-8,-6,3,3,2
-2,-12,13,2,-11,0,5,-19,-7,-23,-7,3
5,-14,14,-23,12,-25,-10,-14,-2,-22,13,8
2,-9,-3,9,-11,-10,2,3,13,-14,4,6
0,-8,5,-25,10,-13,-10,-2,-6,9,-11,-18
6,-5,4,-19,-9,-20,-5,-6,13,-23,1,-23
11,1,-5,-6,3,6,0,-8,10,-11,-7,-3
-1,7,15,0,13,-22,11,-20,1,-4,2,10
-6,9,13,12,3,1,9,-6,5,2,-9,-19
-3,-10,-11,-11,-8,14,-4,9,-5,-16,4,9
8,16,15,6,7,9,-10,-15,-1,-19,4,6
5,14,-3,-5,-8,-10,-5,-3,-3,10,-9,15
-2,0,11,-17,1,-2,0,16,-1,-10,1,16
-10,13,6,-9,-6,8,-4,-5,-6,-3,9,7
11,13,7,16,8,4,-11,2,1,-11,13,-7
3,18,-2,-13,-7,-4,6,2,2,-1,10,-13
15,10,-2,0,-11,-14,3,17,3,19,11,-4
-2,13,-8,-10,-9,5,-6,22,11,15,-8,4
-3,7,7,5,5,-1,2,4,9,24,6,23
-6,6,10,2,7,0,1,12,-2,15,0,15
8,-9,14,-2,7,8,6,-6,-11,21,-10,18
2,-7,8,5,-5,23,6,-4,1,16,-8,9
14,-7,0,6,-5,23,-10,25,-5,-8,0,19
9,-7,-3,10,7,6,-11,5,-2,3,8,-1
11,0,-10,27,-7,-6,-5,25,5,15,-1,12
-8,25,-1,-2,6,-3,-1,10,8,13,-1,10
-8,32,11,22,1,19,-9,32,-3,32,-8,-4
-4,9,-5,12,11,20,-2,29,3,14,-9,22
4,16,15,34,-6,5,5,31,7,30,13,6
1,20,4,28,4,19,-8,35,-11,34,-8,23
-8,1,-6,13,-1,15,-4,22,1,35,-3,7
8,-30,1,-25,9,-14,2,-6,-2,-6,-7,-35
-7,-4,15,-31,5,-27,-10,-1,-1,-22,-9,-3
15,-11,2,-30,-5,-22,8,-28,8,-4,-2,-10
-10,-17,4,-31,13,-15,14,3,-5,-1,-5,-5
-10,-15,5,-4,7,-7,-8,-2,1,-14,12,-20
5,-5,14,-6,7,-9,12,-12,6,-2,0,-12
0,-10,14,-14,-10,-4,13,-26,13,-15,-9,-15
5,-5,-3,-25,-4,-5,7,-27,-7,-19,12,-28
6,0,-4,3,-8,8,0,7,0,-23,14,7
-4,-14,-2,-17,6,0,12,-7,1,-26,-9,0
4,0,10,-3,0,4,0,-13,-9,-16,10,7
3,5,12,-25,12,-16,-7,10,-6,-25,-9,-13
-5,-8,-5,-23,-5,3,6,6,10,-11,-10,-2
0,-9,11,-16,6,-14,12,-9,-3,13,-6,-1
13,-10,0,-22,2,0,8,6,3,-5,9,-15
-8,-15,10,-19,-1,13,6,-8,7,-11,3,-12
-4,8,8,16,2,-12,7,16,-2,-12,12,7
4,-14,7,12,6,2,6,-5,-6,8,12,3
11,4,-4,-4,-2,1,-7,-9,-8,-9,13,4
15,7,11,-8,9,1,8,17,-2,-2,6,3
8,0,12,7,2,14,7,15,-2,-13,5,11
2,16,3,-12,5,3,-5,21,7,-4,11,-10
11,10,12,-4,3,-14,-9,20,10,19,13,-5
-5,20,9,15,14,16,-8,12,11,15,-8,17
9,-7,-8,9,-5,5,8,-5,-7,20,1,18
14,19,9,11,3,-2,7,23,14,11,-5,4
14,6,7,26,-2,21,-1,24,-3,22,6,-4
14,5,0,2,-3,10,-1,18,-8,27,10,5
9,25,8,22,7,4,-2,4,10,12,3,8
12,-2,-9,12,8,9,-6,16,2,23,2,6
-4,14,-1,26,7,1,12,15,0,17,-7,0
13,-3,14,-1,8,2,-2,12,-4,19,11,15
10,9,-3,20,-2,-1,9,29,13,24,4,16
-4,28,-1,27,12,27,-2,26,9,31,4,32
-3,34,9,22,2,4,-1,27,6,1,0,32
-6,6,-1,28,1,3,11,31,2,2,0,8
-7,24,3,2,14,27,8,3,10,25,7,7
15,-25,0,-15,0,-33,-4,-28,0,-32,12,-3
15,-23,7,-35,13,-11,8,-22,1,-1,6,-33
-9,-4,13,-20,4,-28,14,-34,4,0,1,-26
-5,-12,7,2,-8,-11,5,-33,11,-19,0,-6
-8,-24,-2,-27,2,-3,10,-2,-2,-32,5,-11
-3,-17,16,-20,-6,-2,13,1,-6,-18,12,-15
6,-1,-9,-6,15,5,0,5,1,-12,-5,-27
2,-14,10,-2,-3,-24,13,4,-7,-8,-1,-2
-9,-13,2,1,14,-21,-2,-4,-5,-25,13,-13
-2,-14,8,-26,10,-20,1,-2,7,-22,15,-1
-1,7,2,-24,11,-16,-3,1,1,-14,13,-26
6,6,4,-5,6,-24,15,10,0,-14,8,-20
-8,-2,8,-7,-3,12,13,-19,6,3,6,4
5,5,-1,9,-7,10,15,11,8,7,-4,4
0,-8,7,12,13,0,11,13,13,-20,12,-1
-5,-15,-3,3,3,14,-7,6,14,8,-7,-8
14,-9,0,-11,10,6,-6,1,15,11,12,-13
8,-6,1,1,-5,9,-7,-19,12,-14,1,10
8,13,-2,-15,-3,-7,10,-7,2,5,-6,16
9,7,16,-4,7,17,6,-10,-2,3,5,-14
8,7,9,6,10,-5,2,2,-2,-10,-4,1
11,7,10,-7,8,15,-3,-10,5,-2,-2,6
6,16,13,-11,-9,11,12,-7,8,13,-5,-6
4,2,8,-11,3,-12,-6,1,13,-3,-1,10
14,-11,-5,-4,9,15,-2,6,-1,9,7,15
15,2,-6,0,-8,6,13,23,12,18,-8,14
13,25,0,26,-9,20,-3,-8,16,-7,1,-3
13,23,-9,14,17,19,-4,21,-9,13,13,17
9,-3,14,3,15,14,-7,23,12,14,-6,-5
10,4,-6,6,2,21,0,15,14,15,5,-3
-6,17,15,7,-1,15,13,29,9,28,-1,19
5,-4,-7,4,-3,7,1,22,7,25,-5,-3
-3,-3,10,-4,15,6,-3,16,10,32,6,10
15,1,5,12,-7,19,-5,0,8,25,6,22
-1,27,-8,4,15,7,-2,29,-8,7,5,10
13,8,-6,9,5,30,0,30,7,9,-4,24
-1,27,-4,28,12,23,-3,21,4,33,-8,9
1,-9,-8,-5,13,-35,9,-36,-6,-34,14,-20
1,-29,12,-14,-8,-2,13,-24,10,1,4,-35
2,-27,-1,-13,-4,-29,2,-14,9,-8,18,-10
-3,-3,11,-16,11,-33,14,-5,-5,-24,5,-15
-6,-20,10,1,13,-23,-6,-11,3,-8,2,-12
-5,-16,-7,-23,-3,-9,-4,-25,-2,-10,-7,-8
-7,-20,-5,3,15,-11,-1,-1,-2,-28,-7,-25
4,-13,7,-27,-8,-15,-4,6,13,-13,-6,-13
-5,-12,-6,5,16,6,3,3,16,2,1,-24
4,-8,10,-24,17,-1,13,-27,4,-15,-5,0
10,-12,14,-4,10,-23,16,3,10,-7,2,-16
4,-1,8,-1,6,-3,8,-9,-6,-2,-7,-6
0,-11,1,1,14,-20,-8,2,6,10,2,-11
6,0,4,4,13,-13,-2,7,2,6,13,9
2,13,-4,-4,0,-21,11,-3,14,-7,13,1
-7,12,13,-17,-1,-5,11,-21,-6,-13,0,-7
-5,-15,7,-12,14,-9,5,9,1,-4,7,-4
6,15,-3,5,-1,-18,-1,-10,14,-3,11,3
5,4,-5,3,-3,-12,14,13,11,2,-1,-10
6,12,5,15,2,17,6,9,15,-10,-2,-15
7,12,-3,-6,9,4,13,-10,-1,-14,1,2
11,10,12,16,-7,17,-1,-10,7,17,4,-12
7,-3,9,-9,12,-10,11,2,-3,-11,2,-2
4,-1,-1,7,7,3,11,12,13,22,16,10
11,-12,15,-4,17,-2,2,-10,3,-5,17,-2
16,9,-3,-9,-3,-7,16,22,8,4,7,18
15,8,-2,16,15,10,-3,11,-3,1,-5,1
14,8,-4,-9,-8,6,0,11,6,-3,-6,15
14,23,3,-8,3,24,5,16,1,14,16,-4
-2,-2,4,4,11,-1,5,-6,3,21,7,14
16,19,-4,4,-1,27,4,1,-7,-1,1,0
-6,14,-1,18,8,-5,-1,16,12,0,12,12
9,-2,-6,21,15,26,-1,2,11,3,-5,11
0,3,1,7,-7,7,15,11,13,28,10,27
13,30,15,-1,-4,32,16,-2,6,9,6,8
13,3,-8,8,14,26,-4,20,5,30,14,16
1,31,7,15,9,0,10,5,8,8,4,27
-1,-17,6,-15,9,-35,-7,-35,-1,-7,-5,-1
12,-33,1,-16,9,-6,4,-5,16,-12,8,-27
2,-2,-7,-15,-6,-31,-4,-27,8,-15,-2,-18
-3,-7,4,-13,-6,-9,-2,-4,-2,-9,11,-1
8,-27,3,-26,10,-6,2,-20,13,-32,12,-23
7,-17,10,-2,11,5,-3,3,8,-3,2,-12
-4,-10,-4,-21,16,3,-2,-29,-4,-14,-4,-28
-5,-8,14,6,-1,-2,9,5,10,7,-5,-14
10,-9,-7,8,-1,-6,6,-19,0,-1,-4,-18
10,0,5,-10,4,-20,2,-21,16,-8,-3,1
6,-16,-5,-22,8,-26,3,-15,0,2,-1,-26
6,-8,-6,-15,3,-4,18,-15,3,8,-7,-22
11,-1,-7,-21,-1,-10,-3,9,12,-9,11,11
6,-10,10,1,12,-10,17,0,17,-11,13,-22
-7,-15,11,-21,10,-19,10,-10,13,4,10,1
8,14,-2,-10,4,0,10,4,7,-6,16,-16
-2,-20,11,-14,0,16,7,3,10,-19,8,2
2,0,-2,10,14,10,-7,2,6,6,6,11
9,12,9,-1,17,13,16,-3,2,-4,13,-5
4,-3,-5,9,16,17,17,15,3,3,1,16
-4,-7,18,-9,-7,0,-3,-1,-2,-6,-3,-9
-2,-3,-7,-2,13,-14,13,7,7,14,12,17
17,8,13,-4,1,16,12,-9,9,11,6,-4
-1,3,15,-11,3,11,3,1,-4,5,8,7
14,-10,8,7,13,10,-2,7,0,23,3,-7
18,-1,13,-6,3,6,-7,18,14,21,15,7
16,23,-7,-9,8,0,4,15,8,10,8,-1
16,8,5,22,3,9,-1,9,3,16,-6,-1
18,-6,-4,16,-6,28,6,0,-2,26,6,6
16,-1,14,18,15,26,16,24,2,25,-7,3
-2,1,-1,10,5,1,2,3,12,13,6,23
8,31,-1,20,-1,5,6,-2,3,21,15,14
8,-3,-3,-1,-4,30,1,-4,16,5,7,24
10,-2,11,31,6,14,0,0,1,-1,-3,26
-3,26,3,22,8,9,6,13,9,9,14,-1
11,3,13,16,0,26,-1,22,-1,3,1,35
17,3,1,33,-6,16,-3,28,4,10,11,12
18,-26,2,-7,-2,-7,-3,-32,3,-7,2,-28
0,-1,-4,-4,18,-23,5,-33,2,-34,14,-20
1,-1,4,0,9,-30,-4,-12,5,-32,-1,-13
5,-24,0,-24,7,1,-1,-15,8,-13,16,-4
-3,-22,4,-28,-3,-29,8,0,-3,2,14,-27
3,-15,17,-11,-1,-28,-1,-25,7,-19,0,-26
-2,-20,-1,-8,17,-5,7,-10,-5,-11,12,-4
14,-3,1,1,7,-24,14,7,2,3,9,-26
6,-14,16,-21,4,-2,18,-19,2,-5,-6,-26
-5,-10,10,-24,15,-15,14,2,-3,-1,3,-2
-6,-14,5,-21,-6,-3,1,-9,-2,-13,2,2
-5,-13,-1,0,-2,7,10,-16,5,5,3,4
4,-8,14,-21,18,9,-3,-14,12,0,-4,-16
8,-7,15,-5,13,-19,-2,-16,16,1,-1,-9
13,2,2,1,-4,2,18,-2,17,8,12,9
-2,-20,-4,1,3,14,16,3,3,-16,2,-15
2,-2,13,-17,10,8,11,-6,8,-4,-5,11
-1,-11,8,12,14,14,13,3,15,4,5,-13
-2,-2,16,-2,17,-7,9,-13,8,14,-5,-7
10,-1,1,18,11,19,2,-7,7,12,-6,11
9,11,1,-10,18,16,17,0,13,6,-2,14
-3,7,18,2,14,-13,7,10,13,-1,10,8
-1,14,-4,-1,2,8,1,-10,11,-12,7,-13
2,13,15,13,4,18,1,14,1,10,3,-4
14,-11,-2,0,-4,-9,12,24,4,-1,-1,-1
20,11,20,17,-3,2,-1,-6,0,23,5,5
19,-7,8,-10,-6,1,-4,-8,-2,8,12,5
18,6,12,26,-6,18,9,10,6,-2,3,25
17,12,15,20,17,27,-4,-7,12,18,0,11
3,0,0,1,6,10,4,2,-6,10,12,12
3,-5,19,19,3,1,18,0,7,7,11,23
13,11,14,10,6,-5,-4,1,4,-3,-4,14
4,1,-5,31,17,17,6,20,-4,1,2,27
-1,17,-5,22,7,11,15,26,3,17,-3,33
2,8,12,19,3,30,-1,7,15,-2,13,27
1,24,5,22,16,2,8,23,16,-1,4,35
18,9,17,17,5,35,6,10,11,4,1,20
4,-32,20,-36,12,-21,17,-14,17,-3,19,-2
17,-11,16,-5,10,-10,-4,-35,3,-4,16,-26
5,-10,9,-29,-1,-27,2,-6,18,-8,-4,-27
2,-6,19,-26,0,-15,18,-22,1,-11,9,-22
6,-13,-4,-5,5,-19,-2,-27,14,-24,11,-19
8,-7,-4,-28,6,-13,-5,-25,7,-15,11,-31
11,-8,9,-20,7,-2,-2,-10,16,-3,0,-28
2,-27,2,-22,9,-1,11,-23,9,-25,12,-28
-2,-22,8,-21,8,-9,18,0,12,7,3,-19
-4,-13,14,-25,8,-23,2,-2,4,-9,2,-24
-1,-11,-2,2,3,-16,21,2,1,-8,16,9
-4,-7,2,0,13,-5,14,-15,11,1,8,11
-4,-13,5,9,-2,-13,1,-13,20,-22,8,3
11,-6,-3,6,-4,-11,-4,-11,2,-13,-1,-5
9,3,13,4,15,5,18,-5,-4,-6,-5,8
2,-3,1,-1,5,15,8,7,9,-18,4,-19
-3,11,8,7,14,7,19,-1,5,-3,0,16
-5,6,-3,4,5,-8,-3,-8,-3,9,6,3
-4,-9,7,-11,1,10,-5,-3,11,18,2,17
-5,2,-1,11,0,-12,11,18,-2,10,1,1
-1,-4,-5,13,18,20,-2,12,6,1,-1,18
-1,-6,-3,-7,-2,-13,-3,-3,21,13,16,-2
-1,5,19,14,11,-1,-2,8,11,5,19,17
2,21,7,-8,16,5,-4,22,2,-5,15,-10
15,-9,10,1,18,2,15,20,-3,15,5,-8
16,25,13,13,-4,24,1,1,-5,16,8,14
19,9,2,6,15,-10,-1,6,4,25,-5,19
18,6,2,23,12,26,1,13,13,13,6,27
16,27,17,-2,13,1,0,-1,19,-2,18,-8
1,-1,12,3,-5,15,0,9,11,2,7,2
11,-3,2,28,4,22,14,15,20,-5,-3,-2
2,10,-5,-1,5,5,0,15,-5,1,-5,10
1,20,-2,30,19,-1,15,22,8,0,-2,16
-4,17,6,9,-4,5,4,22,3,-3,12,33
6,0,2,31,5,7,-4,9,-2,9,7,27
-3,22,19,17,-3,27,11,18,8,25,0,17
-1,2,1,13,11,7,5,10,13,8,-2,7
0,-11,0,0,10,-21,10,-3,-3,-22,-4,-15
9,1,16,-5,18,-4,-3,-22,11,-1,18,-33
3,-6,-2,-27,13,-13,9,-2,20,-8,16,-23
17,-20,12,-7,19,-10,18,-10,12,-33,19,-25
12,-13,5,-4,-4,-13,7,-25,-2,-17,2,1
7,-14,-4,-3,-2,-1,1,-8,8,-9,-2,-30
10,-15,15,-14,1,-14,12,-29,13,-15,0,5
16,-6,7,-13,20,-29,6,4,17,7,14,-2
12,-17,3,-11,9,-12,14,-19,-2,-8,8,-13
-2,-13,-4,7,10,-24,19,-9,18,7,0,9
-1,-13,20,-4,0,-12,5,-16,-4,-3,-3,7
-4,-15,17,-8,21,-21,4,-6,-3,-7,4,10
7,-21,8,-16,-2,-15,6,-19,6,-5,16,2
12,-10,19,12,19,-21,20,-5,9,12,-2,13
14,3,13,6,-2,-16,20,-5,19,10,2,-12
16,-10,5,-20,6,-21,15,13,6,1,15,-10
17,-10,14,8,14,-5,5,-20,3,-4,-2,-2
-2,-17,-1,4,20,-8,-2,-11,-3,-18,14,-16
13,0,6,-1,2,-18,20,-2,2,-17,10,12
10,7,21,-14,5,7,16,-17,21,-17,18,3
13,9,13,-16,12,-10,16,-7,5,9,6,9
7,6,15,10,4,9,20,0,9,12,22,7
16,15,-4,21,8,-2,0,6,17,16,13,11
4,19,13,-4,-3,-7,15,-5,-4,-8,18,-6
11,-9,19,-7,-1,6,7,21,7,-6,1,0
-2,22,12,-2,17,21,-4,22,5,-8,9,9
3,19,-1,19,0,7,12,-10,5,18,0,10
-2,-9,5,11,0,9,9,-3,20,-1,14,20
7,-8,17,19,8,6,14,25,3,6,4,-5
15,12,7,11,10,25,3,6,12,21,12,24
4,-1,21,3,9,5,9,27,7,2,19,20
-2,2,-3,25,19,7,8,23,16,3,-1,23
14,30,19,30,-2,25,2,5,16,8,18,28
1,29,5,4,3,8,6,29,9,15,7,32
3,29,7,5,7,24,5,6,-3,19,7,21
18,6,8,5,11,8,14,28,18,25,8,21
8,5,-3,2,9,3,9,10,13,34,3,33
15,-33,17,-12,17,-5,13,-19,-2,-29,21,-12
3,-24,19,-5,21,-15,-2,-32,18,-33,3,-22
0,-30,9,-31,2,0,17,-10,1,-26,19,-23
4,-12,1,-10,-2,-3,15,-25,10,-14,6,-26
-2,-19,-2,-1,17,-6,-3,-5,21,4,2,-23
-3,-13,-2,5,6,-25,18,-22,2,-8,21,2
14,-14,-1,6,-2,-16,-2,-26,8,-11,21,2
-1,-14,6,-3,-1,-25,12,-3,20,4,10,-5
8,-12,-1,7,16,-4,3,-22,20,6,7,0
7,-9,5,3,-3,-25,20,-8,9,-19,-3,-3
-1,-4,-3,-21,17,-13,2,5,19,9,10,-5
13,-10,3,11,3,-23,20,-5,6,-24,7,-2
10,5,-2,-19,0,-3,11,-2,18,-15,5,-23
5,-11,0,-17,10,4,13,-16,21,12,16,13
15,8,11,0,4,6,7,12,18,3,13,-11
16,0,2,2,-2,12,-2,11,-1,-5,10,-4
10,12,12,3,20,4,3,-20,22,2,21,-15
8,-9,16,13,17,17,21,-5,9,12,13,-7
9,-1,10,8,-1,-2,8,9,4,0,21,2
12,8,8,14,7,16,22,7,18,-5,-3,19
12,-7,4,-14,6,-16,18,3,4,15,21,3
17,9,8,2,18,21,3,-8,8,20,11,-6
22,14,-1,-11,-2,-5,11,3,-3,16,14,-8
0,20,18,-7,-3,-3,15,-3,2,12,20,-10
5,11,13,-2,9,-1,9,3,16,-11,18,-6
9,23,21,-5,8,13,1,20,5,17,11,8
10,-1,-1,0,4,-4,1,22,12,-3,14,17
18,20,-1,2,5,2,15,-8,3,-3,2,-4
10,-8,20,25,10,20,0,9,3,24,3,13
20,21,14,28,12,8,2,3,13,27,18,15
11,14,15,21,-3,29,10,1,9,20,1,9
11,27,1,-3,19,21,14,1,18,-2,6,30
9,6,20,12,5,-2,-2,6,4,3,-1,5
18,25,20,12,10,28,1,14,-1,27,21,15
13,30,0,33,15,20,17,1,2,4,8,31
2,23,18,-1,16,29,17,3,-2,5,8,17
9,7,13,7,6,20,16,12,-3,20,19,33
21,-36,5,-8,-1,-7,17,-10,10,0,-2,-35
18,-14,1,-17,6,-18,2,-30,13,-30,0,-12
7,-9,16,-27,8,-33,9,-26,20,-23,9,-21
7,-28,22,-4,19,-30,12,-30,3,-6,19,-22
1,-11,2,1,1,-28,21,4,19,-13,5,-31
0,-15,2,4,1,-3,4,-5,3,-9,20,3
0,-13,13,6,3,0,19,-29,21,5,22,-13
-2,-21,-2,-14,2,-16,15,-9,21,-25,11,-1
1,-11,22,-9,12,8,-2,0,8,-13,8,4
8,-8,14,0,21,-5,13,-25,0,-24,20,8
1,-14,0,-9,2,-22,21,9,2,-17,1,3
10,-7,15,-21,6,-12,18,-8,5,9,3,-2
13,-17,-2,-7,22,-10,-2,-8,1,-23,-2,-18
8,-8,0,-18,-1,-10,3,10,3,-14,20,13
19,3,20,-7,9,-11,18,11,16,-13,18,-6
13,2,-2,-7,4,14,20,-21,18,-15,12,-21
7,1,18,9,0,-6,18,-2,16,3,11,-13
10,14,-1,-7,19,-4,17,-18,4,-8,20,-15
2,-10,9,6,5,11,1,-7,21,-2,1,5
15,12,21,-5,3,16,19,5,-2,-6,22,-1
0,-5,16,-16,2,-14,11,15,21,20,18,18
10,20,6,0,12,-14,8,-8,-1,15,18,-7
20,-3,5,12,10,-1,5,-13,-2,7,7,14
6,22,14,15,11,20,-1,8,1,10,0,-2
9,18,20,-3,3,-10,13,18,1,23,-1,-2
15,-7,12,14,15,13,19,-7,22,3,13,-1
8,3,15,6,0,2,4,5,10,5,7,12
11,-3,24,15,19,10,2,15,4,5,12,5
-1,-2,0,-2,14,6,0,7,22,7,16,8
18,29,15,23,16,14,-2,25,14,20,10,21
-2,-3,2,26,22,7,13,16,17,-1,5,21
7,30,0,25,23,22,13,4,5,21,6,27
23,23,4,23,13,13,18,27,9,27,21,11
3,19,12,3,15,31,6,5,16,3,5,-3
4,10,17,28,16,32,12,3,2,31,21,14
16,34,-1,23,9,2,9,34,-2,8,2,32
8,34,3,3,6,35,6,21,21,10,6,29
21,-34,23,-35,9,-20,25,-9,7,-2,22,-19
14,-13,20,-4,6,-10,21,-27,18,-3,12,-27
5,1,12,-18,14,-6,19,-9,15,-17,15,-20
6,-3,8,-20,-1,-29,0,-4,14,-29,7,-31
0,-17,22,0,4,-32,-1,-13,23,-16,2,3
15,-2,10,-12,23,-12,20,-15,23,3,22,-13
3,-16,7,-12,6,-22,4,-13,0,-22,7,4
3,-16,10,-2,18,-14,21,-27,3,-5,0,-27
-1,-17,4,-28,21,-13,13,1,22,-11,11,-4
1,-9,2,-13,3,-21,21,-18,2,-21,4,-21
12,-3,5,-22,18,-16,3,-13,10,1,7,0
13,-16,11,-10,13,-16,3,-16,4,-21,22,0
2,-13,7,-18,23,-6,22,10,23,9,11,12
18,4,15,-4,5,-20,20,-6,20,-5,5,3
10,-11,22,-8,20,13,22,3,3,4,13,14
14,-15,22,-21,4,-7,2,-21,21,-17,5,2
7,-4,14,-20,14,1,22,13,3,14,1,-3
12,1,22,-9,1,-8,13,17,19,-18,13,-18
15,5,2,2,21,-2,0,0,20,-1,7,-14
0,4,9,6,13,16,1,-14,3,14,4,18
16,8,-1,10,5,-12,1,-7,8,-1,10,8
9,13,10,-14,19,-7,18,-1,3,13,15,17
21,-14,3,-13,2,11,2,4,-1,20,11,-3
7,4,18,-2,1,14,17,0,10,16,6,-6
5,-4,3,9,10,7,1,4,2,24,13,14
19,21,0,9,21,7,22,21,6,-2,15,5
7,-2,12,7,11,5,1,22,-1,-9,7,7
7,6,2,23,22,1,0,-1,14,-6,6,14
6,-5,4,27,5,22,0,28,3,-4,3,17
14,14,9,2,6,17,13,27,14,19,2,14
13,25,5,-5,10,16,10,5,4,14,1,6
12,9,23,15,7,4,20,15,15,27,19,5
13,32,20,32,18,31,0,26,9,28,4,-1
15,2,4,28,8,12,3,27,22,15,15,21
14,2,1,-2,9,26,20,0,7,25,22,17
12,3,13,17,1,24,6,13,22,19,8,22
5,21,24,2,12,7,8,11,21,6,22,20
9,-7,10,-15,26,-9,18,-11,19,-6,24,-21
18,-14,3,-4,0,-17,22,1,5,-14,18,-30
23,-25,13,-29,14,-7,4,-7,7,-4,13,-30
19,-30,23,-31,13,-13,1,-2,0,-17,16,-12
0,-18,8,-6,22,-13,2,-18,19,-26,5,1
1,-15,6,-26,5,0,0,-17,19,-29,20,-13
12,-27,9,-15,11,4,1,-14,20,-11,25,-5
14,-23,0,-9,4,-5,3,-16,17,-22,18,-21
0,-19,5,-16,23,-23,3,-13,24,-11,24,-14
5,-12,20,-15,0,-19,3,-11,6,8,1,7
14,-13,5,-22,20,-8,24,-13,20,-8,0,-8
3,-17,20,-11,22,-23,5,-25,3,-3,11,0
13,-5,12,-5,23,-18,5,-22,16,7,0,8
14,7,21,1,24,-6,16,13,24,-5,23,13
19,4,15,12,24,-6,5,-18,12,-13,19,-22
19,8,13,-11,0,7,4,-13,20,-4,18,-4
16,-12,9,-14,21,-4,21,-2,24,12,5,-20
8,-16,14,-8,13,10,6,-16,0,-16,9,-2
12,-3,5,16,21,-1,10,1,0,-3,7,-8
10,-14,14,11,24,-2,5,15,19,-8,12,-10
18,2,9,-12,20,-7,23,14,24,4,17,14
17,-7,9,-15,13,9,10,15,0,-5,19,-5
2,21,1,14,1,-14,5,12,18,0,1,-14
22,-1,0,-2,6,8,12,-1,5,4,4,18
11,-8,10,14,0,1,22,-8,1,20,24,-6
20,20,19,20,22,-4,13,11,24,8,18,25
3,-10,4,6,14,15,0,-3,20,0,10,-8
9,-7,8,-4,0,-4,2,8,4,-4,0,5
8,-1,2,20,23,-4,1,-2,0,18,5,16
2,20,4,20,22,6,0,2,15,1,23,28
0,0,24,26,6,11,0,5,20,-3,11,9
2,20,24,28,14,3,22,8,19,-1,4,22
0,31,22,32,19,-1,11,19,13,19,23,28
5,23,21,16,0,18,0,27,8,16,5,1
3,25,4,29,1,-1,11,17,15,31,0,3
3,25,0,24,3,14,1,24,0,7,23,32
0,26,4,5,1,18,0,8,0,7,23,34
