-8,-16,-19,-27,-6,-18,-8,-2,-21,-22,-22,-9
-7,-9,0,-22,-20,-16,-10,-35,-2,0,-17,-28
-6,2,-26,1,-7,-23,-15,-6,-19,-16,-5,-30
-4,-8,-17,-28,-3,-3,-15,-20,-6,0,-23,-17
0,-22,-23,-3,-12,1,-17,-26,-2,-32,-2,-4
-9,-9,-2,-31,-26,0,-2,-22,-24,-8,-14,-10
-8,-5,-26,-7,-2,0,-14,0,-19,-15,-1,6
-14,0,0,-17,-13,1,-19,-18,-3,-28,-12,-14
-10,-11,-7,2,-2,-16,-11,-6,-5,-26,-5,-20
-10,-6,-6,0,-8,1,-14,-3,-20,3,-1,6
-21,4,-1,-11,-2,-17,-17,-11,-22,-3,-2,3
-9,-15,-26,-22,-13,-15,-25,-21,-24,-9,-22,-1
-5,-11,0,-15,-25,12,-11,-9,-12,-3,-20,-17
-11,-5,-22,-13,-25,3,-13,4,-26,-23,-2,0
-9,-6,-19,3,-23,4,-25,-19,-15,-7,-13,1
-15,3,-11,4,-8,8,-1,2,-18,0,0,-8
-7,0,-25,1,-14,-1,-13,-6,-2,-13,0,9
-25,3,-24,-17,-14,7,-15,-9,-4,-17,-24,-1
-24,13,-25,-13,-23,-15,-1,-11,-7,6,-3,10
-18,10,-22,-2,-20,-5,-2,1,-17,9,-2,-2
-9,-7,-22,-7,-21,18,-25,20,-24,14,0,15
-6,-9,-23,5,-23,3,-18,-3,-9,6,-4,0
-11,5,-6,-1,-6,-4,-13,5,-9,19,-3,-9
-25,6,-15,1,-17,-13,-20,4,-7,4,-1,22
-26,23,-2,23,-3,-7,-25,13,-13,-8,-18,8
-2,-4,-5,6,-1,7,-23,19,-6,20,-22,-1
-22,1,-2,0,-18,-5,-20,0,-26,17,-6,-10
-23,11,-21,19,-21,21,-4,7,-16,2,-7,-9
-16,3,-24,25,-26,25,-11,-6,-1,-6,-23,16
-10,2,0,24,-6,19,-26,15,-23,5,-5,21
-24,-1,-13,25,-3,27,-10,23,-14,4,-5,20
-24,11,-10,-5,-4,21,-5,0,-2,5,-26,-5
-13,0,-23,29,-17,1,-22,0,-23,-3,-14,23
-3,-3,-15,14,-5,18,-23,28,-7,23,-20,33
-4,-2,-7,22,-18,21,-8,7,-11,11,-5,3
-25,-1,-7,15,-9,3,-9,6,-18,15,-18,21
-14,10,-17,22,-9,18,-4,0,-2,30,-16,32
-3,-7,-12,-7,-16,-25,-20,-20,-7,-15,-9,-7
0,-1,-10,-25,-23,-23,1,-20,-3,-9,-19,-3
-14,-4,0,-22,-9,-21,0,-17,1,-7,-13,-18
-2,-2,-24,-24,-8,-24,-20,-2,0,-7,-15,-28
-16,2,-17,-19,-11,-29,-17,-5,-16,-29,-3,-12
-18,-3,-1,-15,-5,5,-13,-2,-9,-2,-10,-24
-3,6,-10,-8,-21,-12,1,-14,-12,-23,-17,-20
-3,6,-1,0,-14,2,-19,1,-23,-23,-8,-1
-1,7,0,-7,-20,-25,-3,-23,0,-11,-2,-5
-15,4,-8,-23,-14,-5,-24,-3,-13,-26,-3,1
-24,1,-19,-16,-19,-6,-6,2,-13,-12,-16,-26
-6,-1,-24,-21,-4,-25,0,-16,-5,-8,-14,-21
-6,-18,-5,7,-14,-8,-10,-1,-24,-18,-6,1
-1,0,-15,11,-14,3,-21,4,-6,9,-23,12
-1,-7,-21,-14,-23,-5,-3,-4,-15,13,-8,-3
-17,11,-1,7,-1,10,-13,5,-8,-12,-17,6
1,0,-3,10,-18,-5,-14,-16,-14,-10,-8,9
-10,-10,-11,-18,1,1,-4,-1,-24,6,-21,-5
-24,5,-25,-6,-10,-12,-20,11,-20,-3,-1,9
-19,6,-1,-12,-1,6,-4,16,-3,11,1,-2
-15,0,1,-6,-1,-16,-11,-10,-8,-4,-10,15
-23,-7,-1,3,-25,5,-13,-8,-15,16,-15,-13
-25,-3,-17,18,-23,18,-15,-14,-7,-7,-17,-2
-8,4,-5,16,-2,16,-15,8,-3,14,-19,2
-7,-2,-13,0,-7,6,-14,-9,-12,7,-15,9
-14,11,-15,-3,-15,19,-14,18,-6,20,-25,-5
-14,-5,-3,23,-1,9,-5,10,-5,-7,-5,-3
-3,-3,-6,2,-7,21,-19,3,-8,15,-3,10
-13,-6,-1,26,-20,11,-11,-5,-13,0,-21,4
-23,2,-2,12,-22,12,-1,22,-4,8,-24,29
-22,4,-25,19,-16,29,-22,13,1,-6,-10,24
-25,-5,-1,28,1,-5,-17,17,-3,4,-5,4
-20,4,-2,4,-17,7,-16,23,-25,16,-20,24
-24,11,-21,13,1,3,-6,1,-18,-2,-5,18
-23,31,-3,1,-17,11,-4,-2,-17,24,1,7
-23,10,-17,-1,-23,14,-11,25,-14,1,-7,10
-23,7,-15,23,-15,17,-9,36,-3,22,-22,18
-3,-16,-15,-2,-11,-8,-2,-26,-2,-24,-10,-18
2,-20,-10,-29,-17,-32,-15,-33,-2,-5,2,-31
-3,0,-23,0,-14,-10,0,-14,-12,-18,-6,-20
-15,-1,-18,-20,-1,-26,-2,-4,1,-8,-4,-5
-19,3,-10,-7,-7,2,-1,-20,-1,-11,-19,-16
-3,5,-5,-19,-22,-23,-22,-29,-6,-6,-15,-28
-4,-7,1,1,-13,-26,-10,1,-11,-29,0,6
-1,-16,-18,-10,-15,-21,-5,-26,-1,3,-17,-24
-1,-22,-3,-19,-21,-13,-20,7,-24,-17,-20,-6
-11,0,-4,-23,-19,-15,2,3,-24,-20,1,-27
-8,0,-6,4,-23,8,-19,0,-9,-22,-12,-1
1,10,-19,-18,-7,-19,-14,1,-19,-1,-7,-11
-11,2,2,-8,-3,6,-2,9,-7,-9,-4,10
-2,-18,-18,-8,1,0,1,-18,-15,-23,2,9
1,8,-11,4,-13,5,-21,3,2,-12,-15,14
-8,2,0,-6,-17,12,-5,-15,-23,-6,-24,-12
2,-8,-14,15,-17,-6,1,13,-8,-10,-13,15
-12,-1,-7,-7,-18,10,-10,-5,-13,9,-21,0
-3,0,-22,-6,-6,4,-4,-2,-18,-1,-13,15
-20,16,1,-15,-22,16,-2,-16,-10,-11,-8,-7
-18,10,-15,-16,-24,-7,-14,-8,-4,11,-13,-14
-17,-1,-4,-7,-18,19,-20,-12,-8,19,-3,14
-13,0,-14,5,-23,-1,-5,-14,-23,17,-2,4
-3,8,-3,-11,-17,4,-6,1,-8,8,-10,-9
-6,7,-17,10,-23,9,-24,12,-5,-2,-16,19
-2,3,-20,-8,-6,0,-2,3,-2,2,-7,4
-12,3,-12,11,-24,26,-8,1,-20,24,-12,-9
-15,4,-6,3,-9,2,-8,-5,-15,-4,-19,18
-18,4,-5,6,2,2,-4,19,-17,18,-9,0
-8,-5,-12,12,1,-5,-24,18,2,24,-13,5
-8,-6,-18,8,2,28,-21,27,0,9,-6,-3
-21,16,1,13,0,27,-16,29,-14,31,-13,17
1,-3,-13,15,-15,10,-9,5,-16,23,-9,31
-19,-1,-2,9,-3,6,-10,21,-20,29,-7,20
-4,3,-18,-2,2,2,-17,31,-8,16,-14,25
-13,2,-1,12,-16,21,-12,27,2,15,-15,27
-19,5,-14,6,-23,0,-6,0,-22,32,-4,3
-15,-6,-20,-17,-3,-30,2,-20,-19,-30,0,-5
-11,-31,-18,-33,-1,-2,-22,-2,1,-4,-5,1
1,-7,2,-4,-22,-28,-5,-17,-21,-9,-21,-8
3,-8,-14,-20,-16,-1,-23,-6,-19,-4,-23,-20
-9,-1,-17,-25,-15,-28,-10,-12,-16,-12,-11,1
-1,-9,-2,-31,-8,4,-10,-19,-2,-2,-1,0
-4,-3,-3,-13,-19,-8,3,-10,-10,-16,-19,-17
3,-8,-3,-11,3,-21,-16,-2,-7,-29,1,-15
0,2,-7,-21,2,-7,-6,3,-1,-12,3,-8
-5,8,-23,-3,-15,-7,-17,-5,-6,-7,-20,3
1,-15,-16,-21,-4,5,3,3,-17,-25,-22,-6
-3,4,-3,-4,-17,-11,-10,10,-1,-15,-12,-7
0,10,-13,-6,-3,11,-6,-7,-21,5,-23,-4
3,-10,-20,-19,3,-22,-13,-1,-12,-17,-20,-21
-6,4,-4,-1,-16,-11,-18,-4,-17,12,0,-8
-1,9,-18,-5,-17,14,-1,-13,-16,-4,-5,-19
-2,4,-4,-3,-2,14,-22,10,-18,-2,-13,-19
-12,12,2,4,-21,4,-7,-10,-17,-12,2,-2
-9,11,-21,13,-10,7,-2,-2,-23,-10,-22,9
-7,1,-21,7,-8,-4,-22,-12,-2,15,-8,-15
-17,16,-8,-5,-13,-14,-20,13,-12,2,0,-5
-5,7,-11,17,-3,-14,-9,4,-7,-7,-11,14
3,5,-16,5,-2,-8,-4,-4,-8,18,-21,1
-17,18,2,6,-20,4,1,23,-17,9,-19,-8
-17,21,2,2,-11,11,3,21,-5,11,-10,22
-3,0,-14,9,-2,25,-8,-6,0,-5,1,2
2,-4,-4,9,-1,21,-13,-1,-5,26,-6,23
-11,8,-11,22,-2,8,-13,3,-1,10,-18,25
-23,17,-11,-2,-11,13,-23,6,-2,8,-8,18
-23,2,-20,-6,-7,27,3,12,-2,28,-19,25
-2,0,-2,29,-1,10,-17,21,-17,21,-11,-6
-19,-3,-22,21,1,22,-7,15,-13,18,-15,12
-18,-4,2,-4,-2,24,-11,14,-20,-4,-10,32
-21,-3,-20,2,-20,21,-13,15,-3,29,-23,24
-16,-2,-3,21,-4,3,-4,6,-4,25,-3,-1
-3,3,-5,17,-17,15,-22,33,0,1,-21,20
-22,1,-16,10,-3,4,3,27,-6,34,-5,25
-11,-3,-5,-16,-4,-23,-13,-32,-5,-11,-21,-17
-9,-6,-11,-5,0,-23,-21,-12,-7,-4,-4,-26
0,-6,-7,-14,-12,-6,-7,-8,-7,-5,-20,-28
-11,3,0,-19,3,-13,3,-31,-15,-2,-21,-7
1,-7,-4,-32,-9,-3,-6,-15,1,-10,-20,-23
-5,-2,-2,-6,-10,-6,-22,-12,-22,-17,-9,-18
-11,-15,-19,2,-15,-14,1,-26,-12,-6,-9,-15
-4,1,-8,-9,-8,-16,-12,-26,2,-15,-8,5
-3,3,1,-6,-4,-5,-22,-12,-3,-6,0,-5
4,4,-6,-12,-2,2,-16,-8,-12,5,-3,9
-4,1,-9,1,-7,-21,-1,-1,-21,-4,-18,-15
-3,11,-9,-4,-20,6,3,11,4,7,-10,-12
-4,5,-22,-22,-16,-17,-10,-24,-22,1,2,-7
4,4,-1,11,-3,-3,-20,2,3,-15,-16,11
-9,9,-12,-20,-5,1,-22,-20,-3,-13,-13,-16
1,-9,4,13,-1,-5,-2,-6,-12,6,-16,-19
-7,9,0,16,-16,13,-7,13,-19,-14,-5,-10
-12,6,-7,8,-3,17,-18,-1,-12,-18,-9,12
2,1,-6,3,0,18,-14,-18,-13,0,-6,-18
4,-6,1,17,-9,6,-13,14,4,-8,-1,7
3,-1,-14,-6,-1,11,-9,-1,-6,4,1,8
-8,11,-11,-11,2,14,0,6,-20,19,-15,-2
-20,13,-13,7,-12,-7,4,4,0,9,-6,17
2,3,-10,12,-16,9,-20,-9,-13,2,-21,4
-9,5,-21,21,-8,-5,1,21,-5,7,-11,12
-15,7,-19,4,-13,8,-10,0,-4,-3,-20,8
-1,4,-22,24,-2,5,-3,14,2,-1,-11,6
-11,8,-5,2,-5,-9,-21,11,-16,-5,1,-8
-20,13,1,-6,-1,12,-15,7,-13,-2,-18,22
-8,4,3,4,-18,-5,-12,8,-16,-4,-3,23
-16,14,-22,27,-9,8,2,7,4,20,-19,28
-19,2,1,-5,-22,30,-10,0,-8,29,-8,6
-16,-2,-3,3,4,32,-18,8,-16,5,-17,20
-12,-1,-6,2,-6,11,-16,18,-18,22,-5,29
-17,17,-9,9,-1,0,-2,21,1,31,-12,-2
-2,0,-10,21,-18,6,-9,17,-2,23,-17,32
-17,7,-19,13,-13,7,-20,19,1,25,-13,4
3,-8,-10,-9,-13,-4,-1,-36,-7,-13,-12,-28
4,-7,5,-12,-7,-17,-16,-14,-2,-24,-17,-28
0,-1,-19,-26,-4,-15,-6,-2,-21,-6,4,-8
-10,2,-7,-10,-1,0,0,-12,-16,-1,-11,-11
-7,3,-19,-5,-17,-5,-12,-13,-8,-23,-20,-14
-6,2,-7,2,-20,-11,-1,-25,-3,2,-9,-7
-7,4,2,5,-20,-22,4,-10,-9,6,-18,-22
-5,3,0,-24,5,-15,-7,-8,-12,-27,-4,-18
-4,8,-10,1,-14,7,-19,-25,-21,-25,-16,-11
-6,9,-8,8,3,-7,2,-3,-21,-10,-7,-2
2,-2,5,-26,-2,-10,-14,-3,-9,4,3,-22
-2,8,-11,4,-21,-14,3,-18,4,-9,2,-12
-8,6,1,-20,0,0,-2,3,4,3,4,4
-6,7,-17,-3,-1,11,-8,-6,2,1,-1,6
-5,2,-4,4,-16,6,-13,14,-12,14,-3,-22
4,6,-17,1,-6,-4,-13,9,4,1,-20,-18
0,6,-5,2,-5,-15,3,10,1,11,2,-10
-7,9,-21,-3,-15,13,-14,0,-5,-7,-16,16
-13,18,4,18,-8,1,-14,18,-5,10,-14,9
-10,15,-9,0,-18,18,-7,-8,-10,-3,-2,-13
-21,10,3,-3,2,19,-17,8,-13,4,-1,-10
5,3,-19,-11,5,12,-17,-5,-8,13,-17,-12
-9,18,-2,-14,1,16,-3,-7,-17,13,-15,13
3,8,4,-10,-5,-13,3,15,-17,9,-20,12
-12,24,0,11,-21,14,-16,12,-15,-4,2,-6
4,1,-15,14,-20,1,-2,3,-14,-6,-3,24
-6,14,-8,23,5,-7,-15,19,-20,19,0,21
-2,9,-17,12,-16,27,2,0,-15,-9,-7,4
1,5,0,6,5,-6,1,5,-17,4,-18,12
-7,17,-20,-4,5,17,2,20,-16,-6,-5,29
-21,1,-17,20,3,1,-4,19,-6,2,-16,12
-21,28,-6,30,-14,-4,-21,27,-4,12,0,10
-20,28,1,6,2,24,-17,21,-1,-3,-12,15
-15,14,-8,-1,2,20,-19,21,-7,13,-7,-1
-6,6,-3,21,-11,14,-20,27,-7,27,0,34
-11,5,-13,6,-14,9,5,31,-3,1,-19,29
5,5,2,28,-8,15,-13,23,-4,22,-11,28
4,-10,-16,-31,-15,-32,-20,-35,5,-13,-3,-23
-8,-1,-16,-11,5,-13,-10,-4,-6,-2,-4,-20
-3,-4,-4,-1,5,-26,-12,-19,-19,1,-18,-9
6,-3,-20,-26,-13,1,-6,-1,-10,-14,-18,-22
1,-1,-6,-19,-16,-24,-10,-15,-9,-28,0,-16
-3,0,-9,4,-11,0,6,-5,-8,-6,0,-8
4,6,-7,0,-10,-10,5,-20,4,-10,-3,-30
-12,2,2,-28,-5,4,-16,-20,6,-1,-19,2
-3,5,6,-1,-7,-8,-16,-6,2,5,-12,-28
-6,9,3,-16,-20,-11,-7,7,-10,-9,6,-2
-2,7,3,-22,4,10,-19,-10,-15,-17,2,-4
-3,3,5,-18,-19,-11,-6,-12,-8,-23,-15,-15
-4,3,-3,0,5,12,6,-2,-9,-23,-2,-18
4,1,-19,1,-10,-22,-3,13,6,-4,-9,-12
2,2,-19,-7,-8,-21,-13,-10,-15,3,-9,-19
-11,7,-12,-3,-2,-14,5,-10,-3,5,3,8
1,15,-9,16,-2,-16,-16,-9,-10,8,-17,7
4,14,-19,-5,-9,15,-10,-8,4,-14,-16,16
-2,10,5,-8,4,10,3,-17,-3,-4,-14,3
-14,13,-13,0,-6,-5,-17,3,6,-12,3,-9
-13,20,-18,14,-8,-9,-6,-4,-17,13,-1,-1
-6,8,-7,-15,1,-3,-12,-2,-2,-6,6,-1
-6,4,-2,15,-1,16,-19,-5,-12,8,-16,19
4,19,-17,4,-1,-1,-9,14,-1,-6,-20,8
-9,17,4,9,-16,21,-17,20,2,-5,4,-12
0,8,-11,-9,-3,19,-7,25,-10,-4,-2,-3
-13,23,-12,4,6,8,-15,3,-6,12,-17,23
0,5,-12,16,-2,24,-10,16,-4,-3,-4,-3
-20,19,-6,11,-16,2,-4,27,-2,7,0,0
-20,27,-10,20,-7,15,-8,18,1,-6,-16,10
-1,4,-8,2,-11,-5,4,-5,-8,-6,-8,25
5,5,1,27,-5,11,-4,22,-20,13,-20,9
-16,26,0,-2,-14,23,-15,15,2,0,-5,14
-5,13,-8,11,-11,14,-7,-2,6,-2,-15,18
-16,30,6,18,-16,2,-12,-1,-12,26,-10,21
-2,14,1,3,-18,33,4,3,-15,9,6,34
-14,18,-13,27,3,3,4,8,-20,4,1,33
1,-4,-15,-23,-14,-27,-12,-20,-6,-15,-7,0
3,-9,6,-29,-3,-10,-5,-28,-5,-25,-10,-13
7,-8,-17,-9,-5,-29,2,-12,5,0,-11,-21
4,-4,-6,3,6,-23,2,-6,-4,-24,1,-18
-12,-3,5,-21,-15,-8,-1,-26,-11,-13,-18,-23
-6,2,-5,-1,-13,-28,-17,-1,-18,-19,-13,-28
-3,0,-10,-20,-10,-28,-1,3,-16,-13,-19,-12
-6,3,2,-3,4,-12,-18,-23,-8,-4,-2,1
7,0,-2,-1,-3,-11,-3,-23,-18,-21,0,-5
7,7,-2,-14,6,-3,-4,-11,-17,-22,-1,-6
1,5,-13,-20,-7,10,-13,-3,-12,-22,-2,10
6,11,-10,0,-10,3,1,-6,-17,6,-6,-4
0,5,7,-10,-16,-2,-11,5,7,-2,-11,-6
0,0,7,-1,-8,-9,-9,-13,-6,1,6,-3
1,3,1,-12,-16,-17,-8,-2,-6,8,-5,-10
5,-3,-3,14,-16,-9,-6,9,-16,-7,-13,-8
-4,11,-13,-4,6,-11,-7,11,7,-6,2,-1
4,0,-13,-11,3,-2,1,-12,4,16,7,14
-7,15,-4,-17,7,13,-11,-12,-7,9,-7,16
2,12,-13,-12,-9,10,-1,19,1,-10,-13,-17
-3,-10,2,2,-12,-4,-16,-6,-7,17,-17,13
-2,12,3,7,-16,1,-5,1,-8,20,4,18
-3,8,-15,-3,-17,10,-14,18,-10,-13,-8,5
4,4,-5,4,-6,18,-10,22,-13,8,-18,9
-4,15,-1,-11,-2,15,-9,-10,-11,-6,-10,-2
0,14,2,0,7,19,-14,-3,-6,25,0,5
0,7,-8,3,-1,-7,6,-2,-19,14,-12,15
-16,20,-9,6,-19,3,-12,9,-2,18,0,11
-12,27,2,-1,-7,-5,-8,18,-19,26,-13,11
-13,20,7,-1,1,17,6,7,6,14,-8,20
-5,13,5,30,-9,13,-12,2,-11,3,-17,26
-16,10,5,18,6,10,-15,31,-15,30,-16,21
-8,15,-12,9,-6,17,5,17,-10,7,-4,10
-9,18,-12,11,4,33,-14,0,-17,30,-9,13
-8,24,1,-1,-19,23,-8,17,7,2,-9,15
5,13,5,7,-10,8,-8,21,1,33,-6,23
-11,28,5,24,-4,2,-1,2,0,3,-19,34
-1,-12,2,-2,-7,-26,-11,-29,5,-24,-2,-31
-8,-2,7,-27,6,-1,3,-7,-14,-19,4,-28
7,-10,0,-30,0,-29,-3,-16,-1,-33,1,1
-2,-5,-18,-15,2,-10,-13,-8,5,3,1,-1
5,4,7,0,-16,-3,0,-3,6,-21,-2,-13
-3,4,-18,-27,-15,-17,-6,-16,-14,-31,-10,-27
0,-4,7,-29,4,-5,4,-26,-13,-23,4,-21
-3,3,-15,-11,-17,-28,8,5,-15,-16,-3,-2
-2,6,8,-11,7,-25,-3,-20,-2,-23,3,-8
-1,8,4,4,-10,-20,-5,-5,-18,-15,-10,-26
1,9,-17,-6,-9,10,-1,8,-9,-19,-4,-12
-2,4,-15,-16,1,-15,-11,-22,4,-24,2,2
-6,7,-12,8,4,-20,6,2,-12,-13,-17,-10
-9,2,7,-3,-2,8,-14,-8,-2,-9,4,-22
-8,14,-1,14,-16,-20,-15,6,-12,-9,-13,-2
-8,14,-13,-1,5,-19,-7,-5,7,-14,-5,-2
7,12,-15,15,-9,-5,-3,15,-2,4,-4,-12
8,17,-6,-19,-5,14,4,-2,3,11,-4,17
-6,7,-2,11,-2,2,-15,-10,-9,12,4,12
-3,9,7,-12,-13,1,-11,-4,-16,-16,-8,-8
1,5,-11,-5,1,5,3,-5,-15,-5,-2,11
3,15,-9,16,-7,-4,-11,17,-17,2,-14,8
-7,-2,-4,-6,-7,-5,-9,15,5,-11,7,4
6,17,-14,-9,-7,0,-1,1,-15,22,-8,-6
-12,16,-3,16,5,-11,-4,5,-14,-2,2,13
7,14,2,21,7,2,-12,-3,-9,3,1,0
-10,10,-15,12,-6,22,-11,25,-18,22,-15,-4
-1,9,-18,0,8,-4,-11,0,-6,-3,-7,19
-9,21,-6,27,-17,-6,-15,18,-15,25,7,1
-8,22,-11,-4,-8,2,-11,13,-12,28,3,11
-2,14,-13,7,6,10,-12,-5,1,19,-3,28
2,22,-6,-4,-16,21,-6,17,-5,6,-16,18
3,7,-18,25,-16,6,8,19,-12,-2,1,17
-2,13,-2,6,4,12,-10,16,8,21,-3,12
-7,14,-16,8,-6,16,-18,16,-16,17,-18,31
-2,4,-11,17,5,8,-13,35,-16,16,6,34
6,13,-17,22,7,31,-15,24,-10,29,-14,9
-16,-5,-5,-31,0,-10,5,-4,-9,-5,3,-6
6,-3,-7,-22,-13,-26,-7,-22,-7,-22,0,-33
5,-1,-7,2,-15,-9,7,-20,8,-22,-8,-25
-4,-5,-9,-7,-8,-20,-10,1,-4,-8,-1,1
2,-2,9,-3,-11,-31,-5,4,-9,-2,-17,-25
8,-5,-3,5,-6,-2,-3,-8,-10,-10,-14,-2
-1,3,-14,-28,-10,-28,-12,-10,-4,-10,0,1
3,5,5,-2,7,-11,6,-22,1,-5,7,-13
5,-1,-2,6,5,7,-4,5,-12,3,1,0
2,5,-10,-4,2,5,5,-4,-16,-18,-11,-4
-4,10,-4,-9,-2,-5,-14,-11,5,-12,-8,-2
1,7,-6,-7,0,7,-15,4,-9,-15,-15,-20
-3,9,-8,6,-2,-9,2,-2,4,1,6,10
4,5,-10,-16,1,9,-5,-4,7,1,-6,-3
9,13,-10,-6,0,-15,-17,-14,-8,-12,1,-10
6,6,-2,11,0,-7,2,10,-10,3,-10,-19
7,5,-5,-2,7,13,-12,3,8,-6,-3,3
7,15,5,-13,8,-7,-7,14,-10,17,-9,5
0,7,-15,-13,1,-17,3,-4,-7,-13,4,-5
2,11,3,11,6,-13,-11,-15,-16,1,8,17
-8,11,1,-1,-5,18,0,-7,-7,-2,-5,-1
6,20,3,4,-12,8,-14,-6,-10,-6,6,11
0,9,-9,6,-4,12,9,-4,-13,14,-6,-6
9,4,6,4,-7,2,4,-6,2,17,8,16
-9,22,-2,11,6,6,-14,-10,-12,10,4,18
-6,16,9,-7,-2,-2,-9,24,9,14,-11,24
1,26,-17,20,-9,18,8,12,-5,3,5,3
-7,23,-6,-3,-1,23,4,10,-6,14,-16,7
6,7,-2,-1,-8,14,-2,12,4,6,1,22
7,1,-1,1,-16,10,-13,0,4,2,-15,15
8,10,-3,26,-14,0,-4,5,-3,-5,-5,5
-3,15,-15,4,4,21,4,7,-13,3,2,2
-10,21,-7,24,-5,4,-8,19,4,3,-2,17
2,8,-6,2,5,10,7,0,8,15,-5,5
-12,26,8,11,-4,4,-6,33,-5,29,0,4
-10,18,0,8,-2,6,-9,32,-10,21,-2,3
-8,15,2,9,-4,16,-16,7,-5,9,-11,5
-6,-9,5,-17,-6,-15,-6,-30,1,-5,-7,-19
10,-13,-4,-31,1,-4,5,-1,-5,-26,-8,-10
10,-20,6,-29,-3,-23,6,-27,-1,-13,1,-8
2,-2,-5,-21,1,3,8,-6,5,-13,2,-18
3,2,-7,-5,-11,-12,-7,1,-5,-32,6,-8
10,-2,2,-11,9,-3,-13,3,-13,-11,-3,-1
0,1,5,-1,9,-4,3,-17,10,-10,-14,-16
6,3,-14,-3,-3,-5,10,-16,5,-1,-9,-19
9,1,1,-26,6,-23,10,-17,-7,3,-2,5
-8,-2,-13,-16,-6,-14,8,-4,-4,8,-3,8
-4,10,7,4,6,6,7,4,-6,-6,-6,9
4,8,1,-24,-1,9,-2,3,1,11,2,-8
5,8,4,9,7,2,-15,4,9,4,0,-11
-2,9,7,-11,3,-8,7,9,2,-3,3,1
-3,12,-3,10,-15,7,2,-11,3,-21,0,-14
7,2,2,5,3,2,-9,4,4,-10,-9,-9
4,8,-6,5,-1,10,-16,16,-11,8,-1,-11
4,11,5,17,3,-6,-1,10,-9,-12,-15,9
-2,9,10,12,-2,-12,9,1,-11,16,10,12
9,4,-4,-7,-6,-17,-7,0,-8,16,10,-10
9,17,-3,-15,-9,2,-10,9,-5,11,-15,-6
4,2,-3,-11,7,-7,-7,-3,2,19,6,-9
5,13,-16,-14,9,20,-1,22,-8,20,6,19
6,10,10,5,10,-4,-11,-2,9,-4,7,22
-1,16,6,6,4,-9,9,-8,8,16,-16,7
-1,11,-11,-6,-16,-4,10,6,9,23,9,-5
-4,14,3,17,1,5,0,20,-1,6,3,7
7,24,2,22,5,9,9,19,-3,8,2,9
8,14,-1,25,-15,-1,-1,22,10,21,10,13
0,12,2,4,4,13,-8,21,-15,6,-9,11
2,10,-2,21,-13,21,-16,-3,-2,29,-8,29
7,9,-5,16,-10,4,9,29,-8,-5,6,11
-2,8,6,21,10,19,-10,22,-1,21,2,0
2,20,3,26,8,22,-6,2,1,25,8,30
-10,17,-14,30,7,11,9,28,-15,21,-14,15
-1,24,-5,27,-5,23,9,31,2,27,4,13
-11,36,-16,20,-5,30,-6,30,-14,11,-13,10
3,-15,-3,-3,-3,-26,0,-5,-7,-32,1,-11
-2,-11,3,-8,4,-29,6,1,-15,-16,9,-24
-8,0,-15,-15,-3,-30,-1,-1,-3,-30,7,-29
7,-2,8,-26,-4,-21,11,-26,8,-20,3,-7
2,2,3,1,3,-12,-15,-6,10,-12,3,-5
3,3,8,-5,8,-25,-3,-27,3,-4,9,-6
1,6,-10,5,-7,-5,4,-9,1,-19,4,-8
11,3,10,0,-8,0,5,-4,-8,-13,-9,-9
-8,2,-6,0,1,-22,-6,-21,6,3,7,-1
0,7,1,-21,-15,-8,8,-8,-7,-2,-6,-7
2,6,6,1,10,3,-15,-19,-6,1,8,-14
-3,10,-8,5,-7,6,-4,-10,10,4,-7,5
-2,11,-6,11,7,3,7,3,-13,-16,-7,12
1,12,11,-16,1,5,-7,8,3,3,8,-21
8,4,-4,-7,6,10,-2,10,-1,2,-5,3
11,12,-8,8,1,9,-5,14,5,14,5,-8
8,2,-1,-20,8,-8,1,1,10,-10,-13,-10
-5,9,-7,9,-1,13,2,5,11,17,-15,-8
-1,7,9,13,9,-10,-2,3,1,-2,8,18
11,6,-14,-9,-10,8,-9,-6,-10,16,3,3
11,-7,-1,-6,4,-9,10,-10,6,20,1,-12
10,7,3,9,1,0,8,0,-2,17,-1,12
4,8,-13,3,8,6,11,21,6,5,-7,1
1,2,6,-12,-15,-5,-2,-7,6,5,-8,-5
2,8,-14,-12,-4,16,-7,-4,-15,11,4,-4
5,13,-1,7,-7,3,0,0,1,-8,2,7
7,9,1,13,-12,20,11,26,-8,9,-10,-8
7,12,-12,-9,-10,20,11,5,-15,17,-12,14
-8,16,3,-2,-9,15,-1,17,-6,15,-4,18
-7,11,0,12,-7,22,2,12,-14,14,5,-2
-5,18,-10,13,-9,0,5,25,-1,24,-1,0
-13,25,-7,11,4,21,-7,6,0,28,4,22
5,11,-10,-1,-1,16,-4,7,9,13,-1,25
8,6,-8,-1,-14,6,1,7,9,3,2,32
7,8,-14,9,-10,6,7,0,-9,12,8,5
-3,15,5,-1,0,27,2,17,-3,28,7,2
-5,23,-11,33,-12,0,-13,21,-11,21,2,9
6,-20,-2,-29,8,-28,-5,-28,-4,-33,-5,-15
-11,-9,-1,-13,8,-1,-13,-17,2,-31,-4,-5
3,-13,3,-20,-9,-20,11,-10,5,-22,6,-32
-7,-6,-9,0,3,-8,-11,-29,-1,-31,4,-28
9,-21,2,-19,-6,-24,6,-21,-11,-14,3,-15
1,-10,4,-15,8,-3,6,-27,-14,-26,0,-22
-7,2,1,-6,10,-25,1,-11,-4,-18,0,-11
-7,-3,-8,-28,4,-19,-4,-6,1,-1,12,-26
6,-16,10,2,-10,-8,1,0,-8,-5,12,-20
11,-14,-12,-5,-8,-1,9,-21,-3,-15,-2,-23
0,-4,-4,-21,1,0,-5,-1,2,-11,-9,4
-9,-5,-1,-6,-9,2,-4,3,0,-7,0,10
-10,11,-9,-13,2,-5,5,-7,-8,0,3,3
10,-14,1,7,4,12,9,-23,9,8,12,3
-5,-15,-4,-13,-5,8,2,0,-13,14,12,5
1,-14,5,-3,12,11,8,-9,-7,-7,9,0
6,-7,5,-17,-10,-17,5,-11,-5,8,-10,0
-5,5,2,17,-6,-4,-12,4,3,10,7,-8
-5,1,-6,12,6,-18,10,-8,5,1,-10,-12
-8,8,-9,0,-9,-6,4,-13,0,-17,12,-6
-10,8,-9,-10,-2,4,3,-11,-1,-10,11,5
-4,2,-12,-2,-14,-13,-8,-15,-1,-15,-11,-3
5,2,11,10,-5,-11,8,21,9,15,-7,1
-10,9,5,9,2,-5,-5,15,-11,15,0,15
-10,17,-13,5,0,11,-13,3,11,24,-2,18
-1,14,-3,-1,4,5,-3,20,10,7,4,22
-2,11,8,-1,12,18,3,18,6,-5,3,12
-6,17,5,11,11,-4,-6,23,-3,-2,1,-4
9,2,-8,4,-1,27,0,22,-1,14,8,18
9,11,-1,16,5,15,-9,28,1,8,-13,-7
0,10,-8,27,-14,26,-13,-4,-9,5,5,-1
-7,16,9,10,0,-3,10,27,-11,20,12,0
10,13,-6,19,-9,12,4,-1,-11,22,11,18
-5,28,-3,22,-9,30,-11,0,-3,5,-10,23
-8,27,-9,10,-9,30,10,32,-10,1,-6,30
4,17,12,34,-11,19,2,30,-6,10,-2,5
6,22,-9,22,11,0,-10,26,5,0,-2,5
1,-15,5,-28,-13,-2,-7,-2,10,-17,-12,-25
11,-25,12,-26,-11,-22,5,-27,-9,-24,-10,-31
2,-11,-4,-2,8,-21,-8,-29,-6,-4,13,-22
-1,-7,-5,-2,5,-8,11,-17,1,-20,-7,-19
7,3,4,2,-4,-5,-13,-4,10,-25,-2,-3
12,-8,-5,-20,-4,-6,0,0,5,-28,6,-30
13,-14,-13,-19,0,-27,-13,-19,5,0,-13,-2
11,2,-3,4,11,-18,12,0,-6,-23,9,3
-3,-15,-2,-6,-3,-3,7,-18,2,-10,11,-19
-7,8,-5,7,-6,-6,-7,9,13,-19,-5,-19
9,8,6,-1,-3,9,0,-2,0,-8,0,3
11,4,-3,5,12,-9,5,2,-2,7,-1,7
13,-17,10,-3,1,-13,0,-20,-8,-20,0,-10
1,7,-4,-7,-3,-20,1,4,5,-10,4,-15
-4,11,-12,9,9,-1,-12,-3,2,-15,-6,-15
-13,-3,12,5,-11,14,5,-16,-7,-2,-2,10
-1,10,-9,-6,-11,7,9,16,-4,-3,3,12
9,-1,10,-16,5,17,-4,-3,-12,7,-10,16
8,5,-2,6,-12,15,6,17,7,7,8,-12
8,0,9,4,-12,18,4,16,6,3,-7,8
12,-2,0,4,10,5,-11,-7,5,-2,-2,9
9,5,-12,-9,2,21,10,-2,0,19,2,1
-13,5,-2,12,0,-14,1,-13,2,-8,-6,-3
-6,18,8,7,4,-8,10,16,-5,1,-8,19
-4,8,0,22,10,15,-11,15,4,-6,8,13
-12,4,-1,2,-2,7,10,23,-10,25,-2,3
-8,23,-6,10,-13,0,-11,3,10,5,6,4
-1,18,11,5,-7,12,-10,-4,11,17,-4,21
-12,9,0,-2,12,9,3,11,1,20,-2,-1
12,1,1,-5,2,-3,6,5,10,-2,-3,-1
-3,6,-5,23,7,10,4,-2,0,-3,-7,25
-13,24,-10,29,5,26,12,8,13,10,-9,3
2,13,6,9,-4,19,-13,19,7,8,-13,31
-8,11,-8,-2,-7,28,-11,19,2,2,5,-2
0,12,9,9,-12,28,-13,27,-1,32,8,33
3,13,11,21,-6,7,7,4,4,7,-5,22
-1,22,1,14,-13,29,11,25,-6,28,-12,6
-12,-21,-9,-5,-9,-15,-6,-4,1,-9,1,-20
6,-23,-6,-5,-11,-32,-5,-35,3,-35,11,-3
-8,-21,-1,-34,0,-5,-7,-25,9,-10,6,-24
-5,-11,6,-1,11,-2,4,0,-7,-13,-10,-25
-4,3,-10,-3,3,-12,1,-3,-8,-8,8,3
-9,-4,-11,-29,-8,-15,4,-16,10,1,-6,-13
-1,-12,10,2,9,-5,-4,-5,11,-4,-5,-1
11,-22,9,4,-12,-1,-4,-11,-12,-27,-7,-4
13,-8,2,3,6,-2,11,-8,8,-20,12,6
-3,8,7,-4,9,-5,-10,-19,0,1,-1,-12
-1,8,-6,-3,-12,4,-3,4,10,-21,6,8
11,3,-7,-21,-11,-21,-3,-3,14,-22,2,-9
-4,9,10,-5,-1,-21,-4,2,3,10,-4,9
6,1,5,10,-1,-2,-9,4,-2,-19,13,0
11,-1,-7,8,12,-5,3,-16,1,7,-11,2
-3,9,-9,-5,1,15,3,13,-10,6,-3,4
9,-1,2,4,14,9,0,-4,-9,-1,-7,6
-10,10,-2,2,-2,-9,10,-8,0,-8,14,-2
0,1,2,-9,7,16,5,-7,9,3,-5,8
3,3,3,-13,-4,18,-10,-1,-7,13,9,-8
4,9,-11,2,-5,-10,-10,12,12,-3,13,3
-8,16,2,-11,9,20,9,-14,-6,-9,-12,-14
14,10,1,2,9,17,-2,20,1,9,0,-4
13,-4,4,4,10,9,-3,0,6,18,-3,2
-2,10,5,20,-9,22,8,10,7,9,14,4
-3,15,0,0,-3,21,3,14,9,0,-6,6
-1,15,4,18,2,4,2,-6,-9,11,-7,1
7,5,4,11,-8,-3,3,5,4,17,4,7
5,4,-8,17,-11,10,-2,11,-8,22,-8,17
7,8,4,3,12,-3,14,21,2,1,-11,0
-8,28,6,22,-10,14,2,-4,10,11,9,8
11,3,-4,28,3,-5,-3,9,1,5,-10,-4
-7,30,-6,31,2,0,5,11,14,7,-11,29
2,14,11,21,5,30,-10,32,-1,26,-10,9
0,21,14,17,5,26,4,32,-5,32,-5,29
13,16,12,18,7,32,0,26,0,21,11,-1
-5,20,1,10,-4,26,11,16,-4,35,-2,4
5,-26,5,-9,-2,-30,-6,-24,-5,0,4,-24
-7,-10,10,-10,-11,-8,-1,-28,-1,-13,7,-6
-5,-33,9,-12,-8,-1,6,-18,-10,-24,-8,-12
-10,-28,15,-9,5,-31,-5,-2,13,-4,0,3
-1,-25,15,-7,-4,-4,-11,-2,-11,-22,8,-14
-8,-9,2,-17,-8,-2,8,2,-9,-21,11,5
-8,-28,-5,-26,15,5,5,-29,-1,-9,11,-5
-10,6,5,3,3,7,7,-6,-5,-17,-2,5
4,-26,-5,-7,-6,-6,-7,4,2,-13,0,-7
-5,-20,9,-16,-5,-10,-2,-27,14,4,11,-10
-4,-10,-11,2,-4,4,-4,3,-1,-1,-2,1
10,0,-3,11,7,2,5,-1,6,-15,-4,8
14,7,-5,5,7,10,-10,3,0,-8,5,-12
9,3,6,5,-10,-8,-1,-9,-4,6,8,-17
-1,12,10,9,9,6,-9,4,-7,-4,-8,-13
-5,15,15,-18,10,-16,1,-11,-2,-17,5,-10
-11,8,9,15,9,-8,0,-8,13,13,14,-6
12,1,5,6,-9,-10,-6,9,-3,-6,-4,17
13,2,-7,11,1,-6,-8,-4,0,16,2,10
3,-4,-1,15,10,-10,-9,16,-11,19,2,10
-5,18,-9,-16,-5,8,6,5,12,18,13,5
-1,15,-2,3,11,5,10,17,0,9,-5,-5
11,3,7,21,-5,11,7,-4,1,6,-11,1
1,15,-7,17,3,-5,13,20,-10,-13,-6,23
6,2,-4,24,5,0,3,3,7,5,-11,10
14,7,7,-6,-9,0,-2,10,11,-8,-5,15
10,12,15,16,-10,22,0,8,-9,-10,-2,-8
4,5,-2,-5,-10,1,0,27,-10,-8,4,14
-9,11,15,25,9,5,-3,13,-1,8,11,2
-6,18,-11,8,1,21,5,-5,14,-3,-9,21
9,14,-1,20,-7,11,9,-4,-9,-2,1,1
3,4,8,-3,11,9,7,10,1,14,15,14
2,17,8,27,1,-4,-11,30,-6,4,9,20
-3,21,-5,17,-9,0,-6,1,11,8,-8,8
-2,19,-3,17,15,5,4,10,-6,-2,5,15
0,27,15,10,10,13,-9,10,15,34,4,31
0,21,15,1,0,36,-9,18,9,13,2,1
-2,-19,-10,-31,6,-1,11,-26,-2,-21,15,-32
-3,-34,0,-35,10,-3,12,-32,12,-11,-1,-34
-8,-21,-5,-8,0,-22,-4,-6,-7,-12,4,-4
4,-33,2,-5,-10,-16,4,-4,8,-32,1,-16
-6,-5,10,-8,11,-31,9,2,3,-20,4,-31
6,-23,5,-18,-5,-26,2,-28,15,-12,11,-30
-4,-17,3,-22,4,-30,3,-28,15,-6,15,0
-7,5,5,-3,6,7,12,-14,2,-8,-1,-24
-8,-26,4,-23,0,-2,-4,-24,-8,8,12,1
-9,9,11,-3,14,-17,2,-19,-6,6,2,-5
-7,4,8,8,-4,4,9,-11,-2,-21,-3,-22
13,-21,14,-21,8,-13,2,-11,12,-19,0,-11
-2,-12,-1,5,11,-14,-8,8,15,-13,-1,8
3,0,12,-6,-1,-13,14,-1,6,-6,0,-5
10,-12,6,8,6,7,6,-16,6,8,-10,-6
-2,8,5,-19,4,-11,14,-10,11,-17,3,11
-4,2,-5,-6,4,14,8,0,8,12,0,-10
8,-5,3,-14,13,-5,13,7,3,14,5,1
-7,15,-4,0,-2,12,0,6,-1,7,-9,-3
-8,9,-4,0,-3,-12,6,-10,9,-15,0,-6
12,0,0,-9,-5,19,-3,-11,-2,-8,3,6
-5,16,-8,1,9,14,-2,1,4,-13,-8,9
14,-2,13,4,0,9,11,12,14,7,15,2
-1,-3,16,15,-7,-2,12,11,-4,12,2,-10
7,7,-10,24,-6,18,7,18,-4,-2,-5,-3
1,2,-1,1,4,10,-3,11,8,-11,-1,1
13,6,10,20,9,-7,-10,-10,1,12,15,1
-9,24,-10,23,1,24,-9,17,2,8,5,1
4,2,13,1,16,13,-6,12,-2,9,-2,11
-9,22,11,3,13,17,-5,27,-5,22,14,17
5,-2,6,5,13,19,14,18,-7,10,3,6
12,7,3,8,16,28,-7,18,-9,19,4,0
9,8,-1,22,-7,27,1,10,14,19,3,3
0,23,0,8,-2,30,14,12,10,6,-5,20
3,9,-2,6,14,22,1,32,-8,5,9,1
12,7,16,20,10,10,3,15,13,27,-10,1
3,19,7,15,6,24,11,24,-2,24,14,12
8,-33,13,-16,-1,-12,8,-30,-4,-23,15,-10
12,-34,10,-1,15,-29,5,-35,5,1,3,0
2,-11,-6,-22,-6,2,7,-11,-1,-16,15,-14
6,-27,0,-22,-9,-10,16,-12,14,-23,6,-14
12,-16,-3,-1,-5,-31,15,-1,9,-20,13,-28
2,-11,4,-6,7,-24,-8,-31,-7,-13,15,-1
6,-15,8,-23,16,2,8,-20,-6,-6,16,-20
2,-25,6,-23,11,-15,11,-3,-7,-16,4,-11
-2,-19,14,5,-4,-15,17,-28,10,-12,2,-5
-5,-12,-3,-5,0,-1,-6,-5,12,-5,-1,2
-8,-10,15,1,3,-11,-5,-21,1,-20,6,7
4,-19,-3,1,-8,-1,10,-2,9,-9,3,-6
-1,-16,-8,5,-1,-6,-3,-19,-2,-14,-3,-16
-3,-8,-6,0,10,-4,12,-15,6,-11,5,-1
-7,12,3,4,4,-18,9,0,0,-6,15,-15
17,-13,3,-5,16,-2,8,-21,-8,-19,7,-12
8,-7,1,0,-9,2,2,-15,-1,-18,17,3
9,-8,4,-16,9,-17,15,16,0,5,-9,-7
-6,-6,11,18,-7,-13,14,-10,6,8,-1,-9
-6,-4,9,5,1,-11,5,18,-5,14,10,-7
15,-14,-7,3,-6,-6,0,10,12,17,-2,16
-1,8,9,-12,8,9,8,-7,-5,11,6,9
-6,-9,8,16,2,6,-9,19,4,12,15,18
10,-12,-4,2,16,-12,7,15,4,-8,4,20
11,-10,2,8,8,-10,-4,-5,-6,-3,12,-5
16,-8,15,9,-1,-9,2,-3,14,3,-2,23
1,-7,12,-4,-7,12,-5,-10,11,18,7,13
5,-5,11,7,-8,22,12,14,4,-1,4,-3
17,-7,5,13,-5,17,10,11,-9,27,11,14
-9,-1,-1,28,9,12,14,14,0,14,2,-2
-5,8,8,11,6,8,4,22,3,12,10,28
15,-5,0,31,-1,29,9,8,2,21,13,-3
-7,19,2,12,3,5,2,26,-6,4,9,28
-2,0,-2,9,-9,-2,8,0,2,33,10,6
4,-1,3,0,4,32,17,1,-8,18,-9,1
-8,1,1,3,-3,-1,-2,9,-9,32,11,19
-1,6,2,7,-7,18,16,25,-3,33,17,10
-4,-18,14,-34,7,-26,16,-34,-8,-6,3,-2
10,-32,-6,-14,-2,-25,4,-22,13,-32,12,-23
-4,-30,1,-15,11,-25,4,-1,-3,-29,17,-10
-7,-30,14,-4,-6,-12,4,-24,-7,0,-2,-21
8,-31,16,-29,9,-24,6,-14,12,-2,13,-9
-1,-26,18,-23,7,-8,1,5,6,-5,5,-6
1,-14,8,-4,9,-18,-6,-24,-5,-3,2,-10
14,-18,-1,6,-2,-11,1,-24,18,-17,-5,-22
7,-15,-1,-4,0,8,-1,-26,11,5,-1,-19
-7,-6,8,-3,-1,4,2,-7,14,-27,11,-25
18,-22,-2,1,7,-8,3,-17,15,-15,12,-7
18,-22,0,-10,4,-1,18,-17,7,-8,10,-3
-3,-11,-2,4,3,-22,-4,6,9,-22,0,-21
-6,1,6,11,-8,1,-2,-16,16,-22,6,3
13,-14,-5,2,-3,2,0,-19,15,8,5,-5
16,-15,3,-10,14,2,17,5,14,8,-3,-8
1,-9,9,11,8,-16,-8,11,-4,-1,11,-1
-4,-14,1,-16,16,-16,14,0,6,-16,7,-2
4,-9,12,-3,18,-3,14,7,-2,8,8,4
-3,9,10,2,-2,11,2,15,-5,-15,13,0
5,-8,6,10,17,17,-1,-12,-6,5,9,-4
-1,8,-6,3,-1,11,6,7,13,-10,12,2
-5,5,-5,-8,-8,-10,4,6,0,-2,2,19
-7,21,14,22,-7,15,12,-1,11,1,-7,21
-1,-8,5,16,14,-11,11,-11,11,11,11,16
-4,25,10,6,-1,-11,18,-6,4,-8,8,-4
0,-6,-1,-10,17,17,14,24,8,21,18,26
5,-7,-7,10,18,16,-2,7,16,-5,5,-9
-8,-5,9,-3,-4,7,-5,-1,-1,4,9,26
7,-7,13,1,11,21,10,19,12,-7,2,8
-8,-4,0,-3,15,-6,10,29,16,26,-3,9
-5,19,15,22,1,24,-1,21,7,17,16,1
-6,10,-1,0,1,0,-3,-4,2,-2,-5,1
3,-1,3,-2,-4,2,12,18,9,32,15,13
0,8,16,23,9,8,11,18,12,12,7,11
5,21,-6,13,4,30,6,4,16,15,2,7
-1,8,1,17,16,14,12,35,15,9,0,34
2,-32,-1,-33,2,-2,12,-34,0,-13,14,-20
9,-31,5,-20,10,-6,16,-13,-2,-33,3,-4
10,-26,-2,-11,9,-25,18,1,13,-15,13,-23
-7,-10,-4,3,9,-30,19,-12,-3,3,9,-31
-5,-15,1,-11,8,-29,12,0,8,-13,6,-23
-2,-4,-1,-22,7,-5,10,-4,17,-23,17,-23
8,-18,14,-15,-7,-25,8,-6,19,4,0,-7
-7,1,0,-8,13,-8,-3,-21,7,3,3,0
-5,-3,0,-13,13,-26,-4,8,19,-7,6,-24
-2,5,10,-11,5,-14,8,0,-1,1,1,-20
-4,5,-5,10,14,-3,-5,-9,-1,-10,18,-1
10,-19,-2,6,14,-21,11,-6,-2,-22,16,-22
3,-10,1,-7,8,7,4,9,3,-9,15,-12
3,-3,8,13,-5,-4,13,6,13,-7,16,-5
12,-13,-2,10,11,-22,0,6,15,-14,-5,-2
3,-3,10,4,2,-5,15,1,12,-8,8,1
1,-6,-1,14,-1,16,14,-18,-3,0,7,-13
-4,16,5,10,4,-19,19,-17,4,-14,6,-9
2,0,19,14,1,-12,14,12,19,-11,-1,10
2,-11,16,3,7,2,13,-14,2,15,15,17
3,3,-4,-6,0,-3,16,-6,11,-12,10,-15
19,-9,-2,10,3,17,5,-13,-6,-12,2,-2
6,-7,13,0,7,2,17,3,11,-9,14,7
-4,23,-4,15,-3,1,18,2,4,0,0,8
-2,17,1,0,-5,2,-1,1,-4,18,-3,6
-3,17,7,11,-5,-11,-3,8,-6,8,16,-2
-1,-6,4,13,-7,-10,14,7,7,7,16,-6
1,-8,-4,18,18,16,-3,4,11,-3,-4,12
2,-5,3,9,8,0,-4,10,-2,9,5,4
-6,23,10,14,3,1,12,-2,13,14,7,13
13,3,-6,7,-2,20,15,24,3,11,9,-3
5,-4,19,-3,17,-4,16,13,7,26,15,9
6,5,-3,-4,-4,21,2,16,9,15,11,12
16,-1,-4,22,14,12,-5,12,14,9,18,10
0,13,-7,12,-6,14,15,18,12,13,8,9
-2,21,7,15,9,32,2,17,13,25,-5,1
-2,11,10,18,0,25,10,29,10,18,-3,19
-3,-11,-6,-15,1,-29,2,-31,4,-28,-1,-32
-2,-27,9,-32,-6,-21,2,-26,15,-18,-1,-23
19,-15,11,-5,5,-29,15,-14,-3,-30,-1,-27
-6,3,3,0,19,-27,1,-9,-3,1,-4,-17
7,-22,4,-1,19,-25,1,-11,-4,-6,0,-2
0,-7,14,-28,-2,-10,16,-25,18,-28,-3,-3
8,-27,-3,0,1,-6,14,0,8,-23,10,-10
19,-18,17,0,10,-7,8,5,14,-14,8,-26
-4,8,12,-21,-1,-7,1,-27,10,-3,-5,2
12,-10,-6,-19,3,6,14,7,12,-17,11,-2
2,-15,-5,-14,10,-3,2,-9,19,-20,6,-17
15,-13,13,3,5,-10,10,0,4,1,19,-20
-6,8,12,-10,14,3,5,-1,-2,-15,8,-14
12,-10,11,12,6,-1,12,1,17,0,-2,-8
-3,10,13,4,20,-3,4,-18,-6,9,19,-15
-1,3,12,15,8,-4,-1,-4,-6,-20,15,1
-4,8,14,-14,3,4,12,-19,-5,7,3,3
-2,2,2,3,-2,15,19,-18,10,-18,18,-16
3,5,1,-12,6,-2,-5,17,11,14,14,-14
13,-4,17,-16,11,-4,14,1,4,12,3,-3
8,-2,12,9,10,2,14,20,-1,19,1,12
-5,5,-5,1,8,-14,-1,12,6,-3,9,-14
-2,6,3,-8,18,-12,11,9,-2,-7,-3,22
10,-2,5,21,-2,13,-4,-12,10,20,9,-7
3,0,17,20,15,7,0,23,14,-2,11,-7
1,-9,-5,25,2,-11,9,10,9,-1,-3,4
6,-2,-2,-9,-5,-5,14,-1,-5,-2,-6,16
7,11,16,-9,1,-5,11,13,15,-9,-4,-2
9,-3,-3,13,8,23,13,28,11,3,13,4
5,4,9,5,15,1,20,18,9,20,13,26
11,-4,5,27,7,6,-4,8,-2,9,10,22
-2,12,13,0,-2,18,14,-4,19,25,5,25
-6,18,7,5,7,4,13,12,6,11,2,2
2,18,16,12,17,7,-3,18,13,25,-2,-3
-3,14,-5,21,12,19,7,7,-4,10,0,22
7,14,20,35,2,20,-5,21,-5,33,19,1
5,8,20,5,12,24,-3,0,6,26,6,17
1,-15,4,-12,6,-1,21,-30,19,-14,0,-14
15,-28,20,-10,9,-8,-1,-1,10,-24,-5,-6
14,-34,4,-20,3,-22,13,-18,20,1,0,-3
18,-30,12,-27,-1,-2,20,-30,10,2,-1,-4
1,-21,0,-32,5,-27,10,-32,6,-1,2,3
13,-23,11,-13,-1,-12,10,-30,5,-21,-1,-29
4,-8,-3,4,9,-21,6,-24,6,-13,-2,1
8,-11,8,-14,-1,3,13,2,18,-12,8,-24
-3,-6,3,-1,3,-25,20,-28,1,-8,2,-9
-3,-15,14,6,-2,1,13,1,2,-24,2,-10
7,-21,5,-23,8,1,19,-7,20,-23,7,-3
-4,0,6,-23,-1,11,-5,-8,-3,-23,17,-17
8,-8,4,-16,-2,-23,3,-10,21,-22,2,-18
9,-15,3,-14,17,-16,18,-6,-4,-12,16,-20
4,-20,20,-18,-3,6,4,-13,0,14,-2,10
-4,-9,15,-1,12,-20,4,-10,9,-1,14,8
2,-7,10,-11,5,13,13,-8,0,1,1,13
-2,9,16,9,16,14,2,12,3,-12,19,-1
17,-17,20,-2,13,-10,6,3,-2,-15,15,0
0,-14,14,-9,1,-13,2,0,14,-11,9,7
14,-13,18,-10,10,-4,15,12,-2,15,-3,17
2,2,13,-6,19,6,0,-13,12,-12,18,2
15,4,3,-13,11,-3,6,-14,19,-12,6,-8
13,-13,9,2,17,5,-5,-1,3,-12,3,-11
-2,-9,5,4,-3,-5,16,-3,0,-6,4,4
7,-11,16,5,10,11,18,-9,6,0,2,-11
11,2,20,25,15,9,-5,-4,-2,22,7,4
17,6,1,15,6,14,9,1,-1,8,19,13
15,13,18,28,1,-6,10,2,4,26,13,-1
7,-1,18,9,-1,22,-4,10,18,-3,16,-7
7,9,-1,12,14,21,8,4,-1,-4,-1,25
-2,3,3,19,7,30,11,8,4,14,4,30
10,6,7,23,15,4,16,9,17,21,13,20
-4,3,10,5,1,2,17,23,16,5,-3,28
3,14,15,5,-2,0,-2,10,8,14,21,22
-5,7,10,16,16,2,-4,7,2,-1,10,27
9,1,-4,35,0,17,0,14,15,18,8,2
14,-32,11,-20,10,-1,12,-28,21,-23,-2,-9
21,-31,15,-34,6,-1,17,-6,15,-1,12,-2
-1,-34,22,-19,11,-9,14,-2,22,-28,-1,-34
16,-33,15,-1,4,-24,4,-31,0,-28,-1,-16
9,-32,8,-23,8,-21,-2,4,5,3,3,-31
-4,-19,17,-1,1,-29,11,-14,13,-15,3,-1
-1,-29,13,-11,19,2,7,-23,19,-12,14,-7
6,-25,-3,3,15,-25,17,2,1,-2,6,-5
-3,-20,-2,-21,4,-18,17,-24,2,1,1,-23
6,-12,20,-25,15,-25,15,-2,3,-19,13,-20
22,-26,8,-2,4,1,-2,-6,4,10,8,-24
19,-24,19,6,1,-19,19,11,17,1,-3,-21
15,-22,3,-23,14,-15,1,-14,7,-5,12,-23
13,-16,5,-22,18,1,20,-23,8,9,2,-17
2,-13,4,-20,16,0,8,-1,19,-14,12,-4
-2,-1,19,-11,6,-17,21,-3,17,2,3,3
3,-14,-2,-17,6,16,20,-14,14,-1,4,6
10,-12,0,4,18,-9,12,-7,12,4,-3,-6
4,1,14,-16,13,-1,-3,-4,10,-14,2,-7
0,-17,0,11,1,-16,6,19,2,1,22,11
5,-15,15,20,10,8,18,15,17,-3,-3,-15
13,-14,0,-13,0,-3,17,0,-1,-8,19,15
4,1,20,18,6,-3,-2,-14,16,8,8,6
1,-12,4,-9,10,17,22,-12,2,19,0,21
0,14,9,-5,20,10,15,14,14,17,6,22
17,-6,-2,-5,0,24,12,5,16,-7,12,24
3,-3,12,9,9,-5,16,-2,-4,12,19,17
14,-3,11,-4,13,13,2,6,12,-2,20,1
10,-2,19,17,-1,-4,7,-6,18,12,-4,15
-3,19,3,19,8,10,19,28,-4,14,0,29
1,6,11,25,0,-6,-4,7,-3,26,-1,7
19,0,1,4,16,25,8,29,11,-4,16,26
2,10,2,7,18,-2,-1,13,14,7,4,7
18,6,16,23,10,25,2,15,13,4,6,16
15,17,5,21,22,15,15,28,1,24,2,14
5,7,-1,7,18,-1,8,34,-4,12,18,34
1,15,-2,11,9,2,0,17,16,2,-3,35
0,-30,22,-2,23,-10,23,-24,-1,-33,8,-23
21,-34,19,-19,3,-27,21,-30,23,-18,13,-11
-2,-27,2,-16,15,-17,17,-10,19,-19,1,-30
-1,-30,6,-18,4,-13,18,-19,7,1,17,-1
19,-30,15,-22,9,1,12,-25,4,-5,13,-6
9,-17,22,2,3,-20,7,-4,16,-26,23,-29
3,-14,21,-4,11,-15,20,-2,22,2,2,-16
-1,-11,20,-6,12,0,9,-6,4,-27,-2,-27
13,-25,12,-7,23,-6,14,-15,5,4,9,-2
23,-25,12,-9,17,4,1,-4,7,3,0,-26
14,-21,-2,4,15,-20,6,-16,19,10,8,-17
2,-4,20,-11,16,10,3,-16,12,-2,10,-5
-3,-11,10,-12,-2,-1,10,-21,23,6,8,-14
1,-16,14,-1,16,-23,0,-17,0,0,-1,11
1,-10,8,-19,11,0,-3,-2,20,5,18,12
10,-8,2,6,21,-8,12,-17,15,1,23,-3
5,-15,15,1,12,12,13,-17,23,3,22,12
18,-12,7,-5,7,-5,23,5,11,6,18,-9
-3,2,9,16,21,17,1,3,-1,-4,21,-13
22,-12,8,15,7,12,20,-14,16,12,3,5
0,-7,11,-5,8,9,4,-2,13,19,20,9
18,0,-2,-8,8,4,5,5,-2,-10,9,13
15,-12,18,-1,10,4,16,-3,11,13,14,-10
9,7,7,11,-2,14,15,12,12,7,14,3
-2,1,1,20,22,18,12,-9,16,-8,-1,-12
-3,3,-3,2,0,2,0,0,8,22,8,21
16,-3,2,11,10,3,1,6,11,5,12,26
16,-4,16,-5,6,9,16,-2,-1,0,15,10
14,-8,1,-1,4,11,11,3,18,2,23,-2
6,-2,14,-7,20,15,-3,14,22,26,-3,18
3,4,13,-5,4,17,5,-2,12,18,13,8
8,1,7,7,4,4,1,26,20,15,8,-5
1,19,19,3,13,22,9,-3,-2,10,-3,13
0,20,21,14,1,10,9,14,1,1,22,0
19,5,13,10,8,5,3,18,13,34,22,-1
12,2,1,35,22,13,-3,14,21,35,2,18
19,4,19,26,16,14,11,20,7,0,16,13
0,-26,20,-2,3,-21,24,-5,2,-35,0,-33
-2,-30,13,-20,3,-25,24,-31,24,-22,24,-1
5,-24,2,-28,5,2,4,-20,17,-26,13,-5
22,-28,19,-11,14,-12,2,0,12,-14,21,-14
8,-23,9,-23,8,-10,4,-26,1,-22,7,-21
2,-12,2,-12,2,-20,-2,4,11,0,17,0
20,-27,2,-13,19,-19,17,-12,0,-2,23,-22
4,-23,2,-2,24,-17,15,3,21,-29,4,0
6,-15,10,2,15,-25,-1,-7,0,-4,6,-12
2,-21,5,7,-2,-6,22,-15,14,-5,4,-18
19,-24,14,5,13,-25,3,-20,7,-18,20,-26
6,-22,0,-24,20,-6,-1,-15,2,-11,3,-17
1,-10,20,-16,8,7,23,-12,-2,-9,8,-11
22,-20,9,8,17,-15,7,11,22,-4,7,-5
15,-11,23,6,15,-6,12,14,13,-20,22,9
8,-16,-1,7,1,-12,2,-19,0,14,20,0
17,-12,15,-10,3,-20,18,-3,-2,-4,24,2
16,-14,13,-19,0,-18,6,-12,7,3,14,2
1,-1,1,-11,6,1,14,-4,16,0,21,2
15,-13,17,18,8,1,9,8,23,-16,5,3
1,-5,2,15,22,-1,3,17,18,-10,12,15
7,-6,3,9,0,21,3,-14,18,8,6,6
3,4,-1,-13,-1,8,9,-13,5,-1,-2,-9
18,-5,18,-4,23,-2,6,-3,22,12,23,2
17,-8,14,-10,11,5,24,-3,2,1,19,-10
16,-4,5,22,2,17,0,-4,20,24,0,2
23,-3,5,18,16,4,0,0,9,10,5,-7
6,-2,20,19,0,21,2,20,18,11,18,24
2,-7,19,4,9,9,20,20,23,-3,11,-5
3,-3,-1,3,-1,18,9,10,12,2,24,-6
3,0,1,8,24,7,0,28,4,25,-2,4
0,10,9,3,24,6,17,24,13,9,-2,25
12,11,8,-3,21,11,11,9,3,8,8,8
8,-2,12,25,0,3,7,21,16,32,19,29
3,21,13,12,7,10,18,31,11,33,19,25
13,0,2,33,23,34,11,4,13,29,2,15
22,4,12,12,10,5,15,1,4,15,7,26
9,-28,1,-13,7,-35,17,-18,0,-32,10,-35
5,-30,6,-27,-1,-17,6,-29,-1,-29,16,-15
11,-22,23,-27,16,-13,0,-33,8,-22,9,2
12,-30,13,-30,12,-32,3,-19,23,-6,23,-14
8,-32,16,-29,-1,-19,4,-2,15,-23,25,-32
9,-31,-1,0,10,-25,3,-30,0,-1,22,-16
17,-29,21,-17,13,-1,24,1,2,-15,17,1
10,-19,4,-19,4,-22,5,-26,13,-15,-1,2
15,-21,11,8,18,-27,-1,-23,6,7,24,3
20,-24,15,7,5,-14,10,5,21,-9,23,-25
4,-17,2,-23,22,-15,8,-23,16,-22,24,-14
10,-25,12,-1,7,-8,11,-19,15,7,0,-13
0,-14,18,-18,24,-20,16,-12,12,-11,23,-23
13,-18,18,-8,10,9,9,6,1,-8,1,-19
20,-13,13,7,17,-7,20,-19,4,-6,0,-17
14,-10,23,-9,6,6,22,-16,4,2,-1,3
9,-10,24,-3,19,-11,12,-20,15,7,5,-16
5,-11,5,17,14,5,16,-17,18,17,15,11
5,-18,15,-15,8,2,24,9,20,-12,18,8
4,-1,4,17,12,-8,12,6,4,2,12,9
1,19,13,-9,13,9,15,2,10,-13,7,-2
7,7,6,17,1,1,10,9,25,3,20,-3
0,14,11,9,19,11,13,-6,9,-5,6,2
2,-9,22,-8,16,22,2,0,13,-2,4,16
17,-3,1,3,15,-11,7,12,8,21,4,-6
3,5,-1,16,25,5,12,14,10,19,16,10
-1,0,20,11,18,14,17,20,14,-7,11,8
11,-2,15,-5,14,18,22,2,8,0,0,20
6,3,16,15,19,-3,21,1,20,26,8,21
-1,9,23,2,2,25,8,-6,6,18,13,25
12,-1,4,30,11,-4,1,-1,15,-4,7,-1
12,7,14,24,15,11,8,27,19,24,14,20
16,11,9,18,12,3,2,31,5,1,21,7
0,21,0,22,14,16,5,21,7,0,13,18
1,30,5,0,19,15,22,29,24,-2,19,34
7,8,1,34,18,24,0,31,25,32,17,12
11,3,12,18,16,20,3,6,20,27,16,24
8,-36,25,-9,12,-9,21,-30,8,-13,8,-8
11,-34,7,-4,16,-25,12,-3,9,-22,10,-32
2,-28,25,-12,3,-11,3,-18,19,-16,14,-17
2,-32,18,-20,3,-25,20,-20,23,-17,0,-29
21,-28,22,-9,0,-17,23,-7,17,-19,5,-31
6,-28,16,-15,22,-28,13,-24,12,-8,3,-6
25,-30,14,5,13,2,16,-4,24,-18,15,-27
8,-27,22,-5,11,-21,13,-3,15,7,13,-21
21,-28,20,-16,3,-21,23,-5,19,7,5,-28
5,-10,5,2,22,-18,17,8,17,-22,10,-1
21,-16,8,-21,12,-20,0,-16,22,8,0,10
0,-24,3,1,22,4,13,-17,3,-20,17,-22
20,-21,24,-18,20,-17,21,11,2,-2,7,-2
4,-20,9,-14,19,-5,3,-22,1,5,14,-23
3,-4,17,-14,24,4,1,-10,12,-15,1,-1
4,-11,9,-14,5,10,0,-12,20,15,1,11
9,-6,20,-15,9,1,5,2,16,-7,25,7
2,-15,19,-9,12,11,12,-7,7,14,4,-18
25,-16,0,-8,23,1,1,13,14,-6,3,-4
9,0,2,3,11,-16,20,15,9,3,4,11
7,-4,4,19,23,18,16,16,17,7,20,10
1,-6,2,13,6,0,17,5,0,-6,1,-7
11,-7,1,13,23,2,15,-1,17,-14,13,-3
12,-2,12,-10,12,1,5,2,17,17,0,-5
11,-3,10,-2,21,17,1,1,7,20,23,10
0,20,8,-5,1,8,18,10,0,18,1,12
14,-8,24,-9,2,-6,10,-9,22,11,20,0
4,0,4,3,22,-3,7,21,7,2,9,24
5,2,12,12,16,19,23,6,25,7,4,13
0,10,0,19,0,-1,2,24,12,-2,15,-7
0,-2,21,-3,0,-3,0,-2,14,-1,6,-5
16,8,16,9,7,17,1,6,2,15,5,-2
0,17,0,18,19,13,4,24,9,25,7,10
1,15,5,5,17,8,10,13,12,21,3,0
1,2,0,-1,22,9,2,10,11,19,0,30
1,10,0,16,8,15,6,32,10,32,9,30
0,24,0,6,1,11,17,26,1,16,2,36
