-19,-17,-19,-7,-3,-25,-25,-28,-15,-13,-5,-28
-22,-20,-22,-10,0,-15,-26,-32,-20,-1,-22,-20
-20,-15,0,-20,-24,-5,-18,-25,-11,-6,-21,-12
-19,-20,-23,-2,-19,-17,-2,-22,-14,-11,-22,-8
-21,-21,-19,-16,-22,-17,0,-26,-2,-27,-19,-15
-21,-11,-1,3,0,-4,-16,-6,-15,-7,-22,-13
-15,-16,0,-28,-3,-12,-24,-13,-21,-21,0,-16
-19,-20,-2,-18,-26,2,-18,-17,-26,5,-26,7
-23,-17,0,0,-25,-6,-18,-3,-23,-18,-4,-14
-19,-19,0,-21,-26,3,-10,-17,-21,0,-22,-11
-23,-13,-15,1,-2,-14,-12,-17,-4,-12,-5,-7
-18,-7,-19,-21,-2,1,-26,-9,0,-15,0,-7
-22,-12,0,9,-3,-16,0,-4,-5,-9,-25,-20
-18,-6,0,13,-4,-12,-16,-6,-17,-14,0,-11
-19,-8,-20,0,-9,-22,-22,-11,-17,-20,-1,-5
-22,-7,-10,1,0,-3,-26,-11,0,-2,-2,5
-21,-3,-22,-18,-25,-10,0,-12,-19,-16,-8,15
-20,-4,-6,15,-21,1,-14,-12,-18,-3,-15,3
-19,-2,-6,-13,-9,15,-11,-8,-2,-12,-2,-4
-20,-1,-23,18,-1,7,-16,-2,-23,16,-19,-9
-20,1,-1,-14,-24,17,-26,12,-18,3,-5,-9
-21,1,-5,21,-26,-10,-2,-11,-20,20,-5,18
-22,3,-10,-14,-13,-9,-18,10,-23,9,-20,11
-16,1,-24,19,-22,20,-10,7,-3,-11,-24,-7
-10,4,-6,-2,0,0,-6,-7,-22,19,-4,3
-24,4,-18,11,-4,-6,0,15,-19,-10,0,18
-17,-2,-3,0,-2,14,-17,13,-26,8,-11,25
-21,12,-23,23,0,-2,-10,-5,-1,3,-23,18
-16,0,-22,8,-20,15,-20,-3,-25,12,-25,1
-11,-2,-5,11,-9,23,-23,28,-3,5,-1,23
-20,18,0,10,-14,2,-5,2,-7,21,-18,-3
-25,9,-20,11,-1,2,-1,19,-1,-1,0,1
-12,10,0,6,0,-2,-4,2,-26,-3,-20,17
-26,8,-5,14,-18,25,-19,20,-1,14,-1,32
-23,-2,-25,4,-10,2,-3,9,-22,27,0,9
-16,17,-21,13,-18,4,-5,21,-25,12,-7,16
-22,3,-23,33,-21,34,0,16,-24,33,-18,6
-19,-26,-22,-15,-10,-28,-13,-9,-18,-30,-20,0
-12,-21,-16,-19,-1,-6,-13,-10,-14,-18,-18,-6
-17,-18,-2,0,-11,0,-18,-30,-22,-8,-25,-29
-16,-19,-14,-16,-9,-18,-22,-27,-17,-31,-25,-31
-18,-30,-6,-28,-25,-30,-17,-5,-22,-12,-23,-32
-17,-26,-20,5,-13,1,-9,3,-19,-24,-1,-12
-16,-13,-1,-22,-18,2,-4,-5,-17,-5,0,-1
-17,-26,-24,-9,-14,4,-16,-11,-22,-29,-23,-13
-18,-8,-22,-12,-12,-22,-24,-17,-22,3,-12,2
-14,-12,1,-14,-18,-6,-23,-20,-5,-1,-25,-19
-22,-11,-4,-7,-10,-22,-21,7,-9,10,-3,-24
-22,-13,-14,-10,-5,-1,-18,10,-10,-3,-23,-22
-20,-5,-2,-22,-14,-9,-13,5,-24,-22,0,10
-20,-11,-22,-23,-9,-10,-24,1,-3,-21,-1,-22
-20,-4,-5,-11,-14,-4,-12,-10,-25,-18,-1,-16
-19,-7,-20,12,-12,-8,-22,-20,-18,10,-11,12
-20,-5,-21,16,-22,-14,-15,-17,-25,-9,-22,-19
-18,-2,-25,16,-25,-16,-20,-8,-22,-15,-2,-15
-18,-3,-14,4,-16,17,-2,-16,-8,8,-17,5
-17,2,-16,11,-5,13,0,18,-4,-10,-1,-13
-19,-7,-25,-6,-16,18,-23,-7,-25,-16,-24,19
-18,-10,0,2,-11,7,-14,13,-16,14,-23,14
-17,-12,-9,4,-10,18,-5,20,-23,15,-20,-12
-9,2,-17,22,-1,10,-1,0,0,17,-20,-1
-23,-1,-24,12,-3,19,-21,3,-1,-3,1,-3
-10,5,-2,6,-16,-8,-1,11,-9,10,0,14
-19,11,-10,21,-17,16,-14,20,-18,9,-21,16
-22,9,-23,3,-14,-2,-1,18,-19,17,1,21
-16,-6,-3,9,-17,-2,1,14,-20,9,-9,11
-13,-3,-1,-7,-20,16,-21,25,-4,-5,-19,-7
-24,5,1,-3,-18,-5,-23,-2,1,19,-19,12
-23,5,-4,24,-16,3,1,29,-12,4,-21,24
-19,25,-19,11,-1,17,-4,14,-20,25,-20,-1
-23,16,-2,2,-24,-2,-24,27,-24,28,-24,26
-15,-1,1,15,-1,11,-20,27,1,33,-1,0
-9,4,-22,33,-1,15,-19,17,0,33,-21,7
-16,23,-24,4,-1,20,1,9,-20,1,-4,36
-15,-23,-19,-35,-19,-36,-1,-26,-20,-2,-1,-16
-20,-16,0,-29,-20,-16,1,-16,-18,-33,-19,-22
-16,-30,1,-3,-11,-27,2,-9,-20,-2,1,-28
-17,-29,-17,-33,-12,3,-15,-22,-23,-22,1,-29
-18,-20,-15,-6,-19,-16,-24,2,-21,4,-19,-32
-18,-11,-19,-29,1,-6,-1,-9,0,-5,-22,-23
-20,-19,2,-8,-9,-7,-19,-16,-24,-3,-24,-1
-16,-15,2,-11,-13,-3,-23,-29,-18,-12,-18,-26
-9,-13,-6,-18,-1,-22,-10,-4,-19,-16,2,-23
-17,-24,1,2,-3,-17,-2,-24,-23,-12,-10,-19
-16,-13,-10,-9,2,-2,-21,-5,-16,1,-12,10
-20,-9,-10,6,1,-9,-8,-3,-17,-12,1,-15
-20,-11,1,4,1,-10,-2,-16,2,5,-20,3
-19,-10,-14,-6,-22,-23,-19,-20,-21,-17,-10,5
-18,-4,-22,-17,2,-5,-20,-8,-21,-7,-1,-12
-17,-3,-13,4,-24,-7,2,15,2,-21,0,0
-19,-6,-22,-3,-20,0,-17,-3,-15,0,1,-18
-16,-4,-5,-19,-19,-10,-22,-5,2,14,-2,-11
-17,-12,-20,-9,-22,13,-7,7,-15,-6,-1,-10
-18,-17,-19,6,-16,-13,-14,-1,-12,-8,-16,7
-17,-5,1,16,-13,-10,-2,16,1,7,-3,-4
-17,-3,-22,21,-19,-5,-2,8,-10,-13,-3,3
-23,-1,-10,2,2,17,-9,20,-9,13,-2,-1
-20,9,-21,13,-17,-11,1,-4,-6,0,-18,6
-18,10,-2,9,2,-11,-17,-7,-20,-2,-19,7
-17,-1,-1,9,-19,16,-21,1,-21,23,-20,19
-18,-9,0,5,-1,-9,0,-5,2,22,2,11
-14,-5,-16,9,-1,10,-3,-3,-1,14,-20,5
-23,4,-16,8,-3,-3,2,13,-16,-3,-1,13
-14,-1,-7,20,-20,0,-22,26,-10,-1,-3,22
-13,11,-2,-1,-4,27,-19,14,-1,16,-21,16
-10,0,-1,28,2,27,0,12,-3,9,-1,0
-14,1,-18,19,-17,26,-17,16,0,7,-20,27
-14,16,-12,-1,-9,23,-18,6,-1,7,-22,-1
-8,5,-1,13,-18,12,-24,16,1,18,-14,18
2,-1,1,14,-2,9,2,31,-20,15,0,26
-21,27,-22,27,-24,25,-1,24,-1,4,2,8
-16,-12,-19,-33,-23,-27,-10,-2,-18,-28,2,-9
-19,-25,-20,-16,-19,-1,-20,-26,2,-33,-17,-20
-18,-10,-13,-3,-21,-21,-2,-30,-14,-31,-2,-24
-10,-17,-23,-28,-22,-1,-18,-11,3,-17,-8,-17
-17,-30,-16,-27,-20,-32,-16,-16,-17,-18,-22,-12
-14,-27,-9,5,2,1,-3,-29,2,-12,-21,-10
-9,-15,3,-29,-18,-12,-19,-2,-19,-11,1,-14
-16,-22,-20,7,-20,-19,-2,-19,0,-8,2,-1
-20,-11,3,4,-2,-9,3,1,3,-15,2,-16
-14,-12,-18,-2,3,8,-14,-24,1,2,-16,-26
-21,-14,-21,-25,3,-3,2,6,-13,-6,3,-11
-13,-10,-19,-7,-11,-5,-14,-1,-14,-1,0,-7
-19,-6,-17,-6,-19,-7,-8,12,-21,10,-3,-20
-20,-9,-19,0,-18,-4,-21,-13,-22,-13,-2,-7
-17,-9,0,-4,-19,14,1,-12,-8,-12,-1,-4
-20,-5,-16,-12,-19,-7,-10,-16,-21,-12,-2,-6
-11,-6,2,-20,-12,-15,-16,6,-21,10,2,-19
-14,-3,-18,-4,-2,13,-20,-16,-15,1,-20,10
-21,-5,-11,-10,-13,-8,-17,17,-9,-8,-7,-9
-15,-11,-18,1,-22,-10,-15,-12,-16,-1,-16,-12
-17,-5,-11,17,-9,-9,-18,5,-16,13,-12,14
-18,-5,-22,19,-8,-6,-8,3,-10,10,-15,10
-12,2,-4,15,3,-14,-9,15,-16,10,-23,-7
-15,-12,0,9,-17,17,-7,-8,1,-3,-17,3
-11,3,-15,-8,1,-5,-10,-5,-21,24,-9,4
-14,-6,-3,-8,1,-1,-15,5,-16,-8,-16,-11
-15,-2,2,2,0,6,-2,9,-1,13,-1,2
-18,-8,-1,6,2,4,2,-3,-21,1,3,26
-13,8,-19,24,2,1,-22,8,-19,9,-23,-5
-15,0,-21,26,-12,1,-11,1,1,14,-23,28
-18,21,-7,26,-22,-3,-9,11,-9,29,-17,26
-9,11,-20,17,2,5,-18,-4,0,13,-21,8
-10,4,-3,8,1,10,3,7,-18,28,2,-4
-11,2,-18,31,3,27,2,17,1,10,-22,-3
-19,26,-2,10,-7,34,-19,22,-19,1,0,27
-16,27,-19,32,-10,16,3,14,-23,21,0,22
-16,27,3,15,-17,22,-19,31,-18,28,2,11
-9,-24,-16,-35,-21,-25,-21,-31,2,-19,4,-14
-13,-28,3,-17,3,-1,-14,-6,3,-8,2,-10
2,-33,-21,-23,0,-28,-21,-12,-5,-9,-1,-10
-10,-24,-15,-21,-15,-25,-12,-7,0,-22,-18,3
-18,-23,4,-11,-18,-6,0,-27,4,-4,-17,-2
-18,-7,3,5,-19,-10,-18,-18,-16,-23,-19,-19
-14,-7,2,-5,-1,-1,-20,-2,4,-9,2,-22
-17,-6,-8,0,-19,-26,-22,-14,-21,-13,-16,5
-19,-18,0,0,-21,5,-9,-3,-1,-22,2,1
-16,-23,3,-7,-18,-9,-13,-23,-22,3,-19,-18
-16,-23,0,-6,-20,-24,-13,5,-16,2,-19,-3
-20,-11,1,-18,-10,-18,2,-9,-17,5,4,-6
-15,-23,0,-15,-20,8,2,1,-19,-7,-16,-18
-14,-3,4,0,-19,-3,3,-2,-21,-23,2,-10
-13,-19,-16,-15,-22,4,3,3,0,10,3,-14
-15,0,-15,2,1,-11,-2,10,-8,-4,-3,3
-8,-13,-2,-5,4,16,-13,-13,4,-9,-17,-9
-6,-10,-14,-10,4,-3,0,9,3,12,-1,15
-7,-10,0,-4,-10,-4,1,15,-12,7,-20,12
-12,4,-17,-8,-20,-16,-13,-1,1,18,-11,12
-9,-10,-16,-16,-10,11,-20,5,-9,7,-22,-10
-19,-13,-20,1,-5,13,-14,7,4,-13,-21,2
-16,11,-21,-9,-18,11,-20,-13,-12,15,-22,20
-19,8,-20,17,-19,18,-20,3,-10,2,4,-11
-14,9,-1,20,-1,-4,-2,-6,-19,1,-18,-3
-16,-5,-21,3,-11,21,4,16,-17,15,-16,3
-17,-10,-17,20,3,1,2,-8,-19,-9,1,25
-14,-9,1,2,-16,7,-21,16,2,9,-19,19
-17,-6,-22,20,-16,7,-22,4,2,-5,-22,-4
-20,9,2,5,-1,4,-1,0,3,8,1,15
-18,-5,-12,21,-16,15,-9,23,-22,4,-17,9
-18,22,-16,31,-9,11,-22,4,3,27,1,-2
-13,5,-14,-1,-8,19,0,5,3,12,-17,21
-21,-3,-16,3,2,14,4,20,3,10,3,16
-7,15,-10,27,-17,31,1,17,-19,1,-20,32
-6,16,-15,1,-17,31,-15,2,1,4,-18,9
-18,30,4,9,4,33,-17,26,-18,30,2,28
-19,-14,-21,-7,1,-29,4,-9,-15,-14,3,-26
-12,-7,4,-14,-16,-6,-17,-19,5,-17,-15,-30
-6,-30,3,-33,-9,-10,-10,-23,4,2,-17,-23
-4,-27,5,-3,-20,-24,-14,-1,-21,-14,-1,3
-14,0,1,-13,-8,-7,1,-19,-19,-29,5,4
-18,0,-14,-16,-17,1,-20,5,-9,-3,-18,-17
-5,-12,-16,-3,-21,-19,-18,-10,-21,-22,-18,-10
-7,-11,-19,0,-16,-28,-20,-27,1,-22,0,2
-9,-18,2,-15,-1,-3,-1,4,-19,-27,-15,-11
-17,5,-18,-21,-21,6,-16,-18,3,-2,4,-5
-12,-14,-6,-26,-17,-17,-14,-12,-17,-24,-20,-12
-14,0,-1,3,-20,-12,3,-1,-15,-19,-19,-14
-8,-7,-18,-11,-18,-12,1,-9,-17,4,5,-7
-13,-11,-16,-1,-18,10,-21,-12,3,-15,5,-7
-9,-14,0,-15,-8,-19,-16,-18,-12,4,2,2
-15,7,0,-7,-8,10,-18,13,-19,10,-20,12
-21,-7,-5,-11,-15,-17,-8,2,-14,10,-16,-12
-16,9,-7,-4,-20,-11,-20,1,-17,7,-19,3
-19,-1,-20,15,-19,3,-19,8,5,-13,-13,-16
-15,17,-7,6,-5,16,-18,12,-20,4,3,3
-19,18,-20,9,-7,1,-19,7,-15,20,1,-12
-19,-12,-4,-8,-19,-10,-13,0,-14,-5,-16,3
-8,-5,-16,-10,-5,-13,-6,-7,-11,17,-13,1
-5,-5,-18,5,-11,-5,1,21,-19,19,2,3
-10,-6,1,18,-15,17,3,-3,-18,12,1,-1
-16,15,-15,-6,-1,25,-7,9,-11,-9,-4,5
-13,-1,-13,-8,4,-6,-18,-6,5,5,4,6
-10,-1,1,14,3,-7,3,-1,-13,-5,-18,9
-12,11,1,21,1,11,-21,5,1,0,3,7
-15,19,3,21,-15,10,4,11,-15,11,2,6
-17,20,5,29,-19,-3,-21,2,-12,29,2,9
-14,21,-15,26,-18,0,-15,21,3,17,-14,11
-11,8,-13,27,3,14,4,24,-20,10,-12,-1
-16,5,-15,8,4,12,-17,-3,-2,-3,-16,28
5,2,-6,27,-17,9,-19,1,4,31,-18,29
-18,33,-14,17,5,4,2,17,-15,4,3,16
-7,8,-12,8,-14,15,4,8,2,16,-14,27
-9,-15,4,-9,-6,-18,2,-19,-15,-13,4,-14
2,-27,-14,-10,6,-25,5,-5,-19,0,3,-33
-18,-8,2,-21,-17,-33,-16,-32,5,-23,4,-16
6,-27,-18,-20,-17,-1,6,-28,-15,-30,6,-20
-10,-21,-13,-10,-16,-8,-9,-18,1,-21,4,-8
-8,-18,3,-15,-3,5,3,-11,5,-9,-16,-14
-17,0,-15,-6,5,-12,-14,-28,-12,1,-17,-6
-19,-21,4,-25,-14,-27,-14,-9,5,-8,0,-24
-5,-9,-18,-9,-16,3,-18,8,-10,-18,-2,2
-18,5,-14,-23,-18,-16,3,-14,3,-7,5,-4
-19,-24,-13,7,-5,10,-11,-20,-4,-21,-14,-18
-20,-21,-13,-19,-17,-16,1,6,3,-8,-16,-1
-20,-22,-14,-21,-5,6,-9,-19,6,-4,-13,-4
-14,12,-19,13,6,-10,-19,-14,-19,-20,3,-4
-7,1,1,-16,-15,-5,-13,2,5,13,-15,6
3,-14,-10,-19,-16,-8,-16,-20,6,10,5,-8
-10,6,4,6,-17,16,-19,13,-15,16,5,-6
-10,4,5,-10,-16,-19,-18,0,-14,-18,5,-1
-18,-16,4,-15,-18,17,-4,-12,2,-2,6,13
-18,16,-8,0,1,-2,-14,-14,-14,-13,-15,15
-8,7,-11,-11,2,7,-13,-5,-20,17,-3,11
-16,-11,-2,19,2,3,1,0,-17,17,-20,-15
6,-11,-12,-6,-20,-6,-20,19,-18,12,-13,4
-15,21,4,-3,4,-12,-19,-9,-19,-1,-17,19
-15,-9,-1,16,1,-8,-14,-8,5,2,-17,14
-11,7,1,-7,5,-3,-19,16,6,3,6,14
-15,15,-20,-3,-19,20,-16,17,1,8,-1,19
-9,-5,6,10,-11,16,6,3,4,-9,-11,22
-14,19,3,6,6,26,-16,1,-15,-8,1,3
-11,13,-16,-7,1,0,-15,12,2,-3,5,14
-19,4,-15,20,-18,2,-17,21,-15,25,-17,7
-15,24,1,0,-19,1,-17,12,-18,1,6,22
-14,28,-1,16,6,4,-15,-2,-16,14,0,11
5,-2,2,29,-13,4,-5,10,-5,32,-10,24
-9,17,-7,10,-4,29,4,-1,-15,14,-16,30
-14,32,4,21,-11,11,-17,10,-15,24,5,14
-11,26,2,8,-14,13,-14,8,-14,9,4,5
3,-24,-7,-30,5,0,0,-5,-1,-28,-2,-4
-18,-4,1,-3,4,-6,4,-5,3,-26,3,-8
-2,-29,1,-4,0,-18,0,-13,-14,-1,-4,-25
6,1,-4,-10,0,-21,-4,-3,-6,-28,-7,-6
4,-12,-3,-1,-1,-11,5,-1,-19,-16,-7,-14
-18,-14,-7,-27,-9,-31,-7,-28,-8,-15,-5,-9
6,5,-1,-24,0,-19,-2,-21,-1,-20,-4,-18
6,7,-17,-6,-1,-9,-2,-10,1,-27,-3,-12
4,-12,-11,-28,5,5,5,4,3,8,-9,-3
5,-16,-1,-22,3,-3,-1,-10,-9,-5,-8,0
5,-12,-8,-24,0,-11,-5,-23,-3,-16,-11,0
5,-13,-14,-15,4,5,5,8,1,-20,-3,-19
-10,6,-16,-23,-6,-22,-1,-8,-4,-12,1,2
2,-14,-4,-22,4,12,-2,-17,2,-1,-5,8
7,-1,2,12,-17,-3,-3,-1,-11,11,-17,-3
2,-15,-9,14,-17,9,1,6,-19,-8,-13,-14
-19,-12,5,1,-18,8,2,-8,3,13,-16,13
4,-10,6,4,-19,-6,-12,-19,3,-14,7,15
3,-9,6,-15,-18,-6,5,1,2,-8,-11,-9
-3,-13,6,7,-4,-11,-18,-16,7,-16,2,0
-5,7,-19,15,3,1,-13,20,-7,3,3,17
-2,-7,-18,-15,4,5,-13,4,-19,-6,5,-6
-19,-13,7,11,6,7,-17,11,5,5,-18,-11
-6,-9,-11,-7,-14,15,-5,0,3,-7,5,-10
-8,6,-19,-12,-13,-11,-17,3,-18,22,-17,0
-15,12,6,-3,3,2,-5,3,-19,18,-13,-7
-9,-7,-16,15,3,4,-17,21,-7,22,-3,-10
-11,1,-15,4,4,3,-15,10,5,18,-11,5
-17,-8,4,-4,2,20,7,5,4,-5,-10,22
-16,2,3,-3,-9,21,-18,27,4,12,-18,5
-7,6,6,29,6,-5,-15,15,3,6,5,5
-15,29,6,8,5,-5,-14,20,-14,13,3,12
-15,31,7,25,5,18,5,11,7,18,-13,9
-8,2,7,21,-10,14,-9,20,6,23,3,13
-13,28,2,6,-9,31,-15,33,4,12,2,12
-9,9,6,9,-5,7,7,23,4,12,7,22
6,0,3,22,-4,24,-7,12,-12,8,6,32
-1,-5,0,-13,-17,-19,0,-35,-4,-16,-7,-16
-2,-3,-4,-30,-15,-24,5,-35,-1,1,-7,-33
-2,-13,-12,-25,-17,-14,3,-5,-3,-26,1,-3
-6,1,-5,-30,-15,-10,6,2,-2,1,-3,-23
3,-12,-10,-21,4,2,-1,-11,-3,-9,-5,-8
-7,-31,-1,1,-15,-2,-12,-6,-4,-1,-16,-21
1,-3,-5,-19,0,-4,-18,-8,1,-11,-8,-21
-2,-28,-13,2,-9,-15,-12,0,-5,-19,3,-20
1,4,-15,-13,-13,-26,-11,8,4,6,2,-17
1,-26,0,-8,5,-24,-7,4,-2,-12,-14,-20
-2,-23,1,0,-5,-6,-1,-11,-4,-21,-14,-5
2,-6,-6,0,-8,-10,-3,-10,0,-1,-12,8
1,-22,-18,6,-3,-8,-9,6,-7,-10,-16,1
0,2,-18,4,7,6,-17,5,-13,-10,-10,-10
0,12,-1,-12,2,-16,0,-14,1,-20,-5,-9
-10,13,-14,-13,1,-19,1,4,-4,8,-6,-21
1,-2,2,0,3,0,2,-1,2,3,6,14
4,-5,-2,11,4,-19,1,5,0,10,-3,-8
-6,-7,-7,-13,6,17,0,16,-4,8,3,5
6,-1,-2,-3,1,-14,0,-2,6,16,-18,-8
8,12,-9,18,-4,-12,-4,-15,1,-2,-2,0
-17,4,-14,9,2,14,7,-13,4,-2,2,-9
4,-11,-5,13,2,12,7,-2,-12,-1,4,11
-6,-6,-17,9,6,12,-18,-13,-18,15,-12,9
-13,23,-13,-9,-5,10,-12,4,-13,-5,4,-9
-10,13,-14,11,4,5,5,5,5,-4,-13,18
-18,4,6,-5,3,7,-9,-5,-15,11,8,22
-13,22,3,4,4,3,8,22,-16,3,-16,19
-8,1,4,3,3,-6,-14,4,6,8,-15,-8
-18,3,3,23,-9,3,7,-3,7,22,-15,14
-12,25,8,28,-1,28,-14,0,-16,5,-10,-2
-3,9,-12,-3,-13,19,-15,23,-12,26,4,18
-10,7,-17,-2,-11,1,7,32,-9,27,-10,1
-4,6,5,16,5,20,-15,11,-14,19,7,30
-16,-1,-9,29,5,20,5,3,-18,33,-11,21
-18,-1,1,5,-6,3,8,29,-16,1,-11,18
-15,25,-14,26,6,11,8,10,-12,23,4,7
2,-8,-6,-26,6,0,-6,-36,-13,-13,-5,-30
-6,-34,-2,-8,-16,1,4,-34,-5,-23,1,-13
0,-1,0,-25,-14,0,-11,-4,-6,1,-1,-32
1,-6,-12,-20,-3,-18,-2,-5,-3,-1,-8,3
0,-11,-1,-13,-9,-2,-4,-22,2,-11,-16,-26
-3,5,8,-6,0,-21,0,-9,-8,-18,-15,-27
7,3,-15,-21,-6,5,-16,-11,0,-23,-9,-23
1,-23,-11,-15,1,-6,-4,-18,-2,-11,-3,-5
1,1,1,-11,1,-22,-1,3,9,-16,-7,-16
1,-12,-1,2,0,-23,-3,8,-16,-2,-2,-21
-1,7,-15,-18,1,2,-7,5,-4,-15,-9,10
1,-11,-3,-13,0,-14,-6,11,-2,-5,2,-7
2,9,-7,-16,9,-2,-3,6,-15,-7,3,-4
7,13,-1,-8,-6,-9,6,12,4,-11,5,7
1,-10,-14,7,-12,-11,-2,2,-3,-7,1,2
6,7,3,-14,-5,-2,-9,-11,-1,1,-6,4
1,3,-2,12,-3,10,-13,-12,2,-13,-10,1
1,13,-8,-1,-15,-12,6,-4,4,13,-17,-4
-17,1,-9,12,4,-2,-1,-7,-10,-13,2,-11
-17,9,4,4,-1,-5,-10,16,-9,-4,-7,-14
-2,4,-5,-16,8,20,0,11,-8,-1,-8,16
7,5,-1,-2,3,-10,-7,20,-6,5,-5,11
-13,-9,-1,11,-12,-9,1,11,-9,16,-8,0
3,-9,3,10,-15,2,5,14,-1,22,2,3
4,-4,-9,20,-12,-8,-15,12,-3,6,-7,24
8,-7,4,-1,-11,-2,-5,6,-10,15,1,8
-15,11,-7,19,-17,18,4,4,-12,14,9,18
-17,6,7,11,8,26,8,1,9,-2,-10,-6
-12,28,-13,13,-10,-4,8,3,7,15,-8,0
8,-5,9,19,8,20,-4,24,-15,14,-16,9
-13,23,7,13,8,24,-14,16,7,14,8,30
-16,-4,5,7,6,0,-11,8,-11,14,-13,-2
0,14,3,13,-13,-3,6,17,-17,3,9,3
-3,9,8,4,-6,21,5,16,6,3,-12,14
-2,4,-15,4,9,19,-10,11,-14,17,-12,5
6,5,-17,1,8,27,-9,5,3,11,-12,19
-17,9,-16,12,-14,14,-6,25,-8,18,-16,21
5,-13,-12,-19,-7,-10,-9,-27,-9,0,2,-7
6,-35,8,-5,-14,-15,-6,-22,-5,-28,-15,-16
2,-14,-10,-7,-13,-8,7,2,-8,-20,-13,-9
2,-17,-9,-32,4,-16,8,-3,-4,-27,-16,-17
-5,-29,-1,-8,-11,-24,-7,-32,-9,-25,-8,-24
2,2,10,-26,-16,1,-1,-9,-14,-15,-3,-8
-5,2,1,-7,-14,-5,-1,-16,-4,-9,-16,-6
2,-1,2,7,-10,-24,-6,-17,-13,-20,-4,-8
2,8,-10,-9,-5,1,4,-13,4,-1,5,-1
-1,-24,0,-20,-2,-13,3,6,0,-26,2,-2
-16,-9,7,-17,-6,-1,3,4,-5,-20,2,-26
-5,8,-7,-23,1,-16,3,1,0,-16,-7,-15
1,8,-6,4,3,3,3,-2,-1,-7,-5,-16
0,11,7,5,3,10,3,0,-13,-15,-10,1
4,-8,-3,2,1,-21,-1,-21,-12,-13,-3,7
-1,15,4,8,3,11,2,8,-13,-5,-15,15
-1,15,-5,-13,3,16,3,8,-7,-1,6,2
-3,12,-4,5,2,-5,2,-8,0,-1,-9,9
1,-4,-6,-13,2,-2,6,7,1,14,3,-4
-16,5,-2,-8,3,5,4,-16,2,2,-15,7
6,-15,-4,-7,3,19,7,18,-4,15,-6,8
10,20,1,2,1,-9,0,20,-6,-14,-5,-8
-15,18,0,-9,-12,-10,-16,-7,1,3,4,13
9,9,-2,7,-13,11,0,-5,-6,2,2,2
10,2,-16,3,-2,24,-7,3,-5,22,-9,13
0,8,-2,14,-12,11,10,7,-8,6,5,15
-2,9,4,17,4,-3,-8,23,5,17,-16,11
-13,20,-15,4,-10,-5,-15,22,-2,24,4,-9
-14,28,7,-5,-2,25,-7,6,-15,0,-1,20
-5,16,6,28,-2,22,-2,21,-1,-1,-15,27
-2,4,-13,6,-13,13,-11,-1,-14,22,8,17
-7,24,9,0,6,3,-8,-2,0,28,-8,26
-2,20,-7,18,-7,5,-7,13,-10,11,9,22
-3,16,-13,21,4,24,1,33,10,24,-8,24
7,3,8,16,0,7,4,34,-14,12,10,18
-15,15,-9,12,-1,14,-13,12,8,14,5,2
-11,7,-16,8,9,22,-12,22,6,3,-11,9
-2,-34,4,-13,-12,-32,-8,-21,-12,-22,0,-3
4,-5,3,-31,2,-10,-15,-33,-6,-13,3,-28
4,1,8,1,2,-21,-1,-19,-4,-13,1,-5
0,-31,1,-29,-9,-15,3,-30,10,-28,7,-14
5,-11,3,-2,10,-15,-13,-27,3,2,-7,-4
7,-4,7,-4,-12,-3,-1,-20,-8,-20,-6,-16
8,-19,-4,-27,4,0,4,-20,-2,-28,2,-12
9,-16,-5,-7,3,-22,3,-15,-13,-22,1,-1
8,-10,3,7,3,-24,2,-26,2,-13,0,4
9,-9,4,-8,2,-7,-4,-25,-3,6,0,-13
9,-7,-4,2,4,2,3,-8,2,4,-3,2
10,5,-2,10,1,-22,4,-19,6,0,9,10
10,2,0,-20,-5,-6,-5,8,-5,-10,1,-19
9,-2,-5,-3,5,-4,-1,-16,-4,-13,10,-14
-14,6,2,14,3,14,6,12,1,6,-1,-20
10,3,2,-6,-4,-21,9,5,-4,-8,2,-14
8,-3,4,10,4,4,5,-3,1,10,-1,15
2,10,-12,-11,2,-11,6,17,2,-3,9,11
-3,3,0,-12,-2,-14,3,10,-10,3,-5,-10
11,13,-6,15,7,18,3,-11,-3,1,-15,15
7,-9,3,17,-9,-4,4,3,1,1,2,-16
7,-9,-4,4,-1,20,-1,16,6,19,-8,11
1,10,-10,-6,-5,6,-14,-2,7,12,7,-4
11,13,8,14,1,-8,-4,14,4,23,5,-10
10,-4,3,13,-3,4,-5,-5,-6,-2,4,15
-6,14,10,16,2,4,5,22,-15,4,5,17
-4,14,-12,10,1,10,-3,12,1,-4,-1,20
-14,24,-6,5,-5,4,11,-5,-5,19,4,3
6,-4,6,14,3,-6,-6,-6,11,1,-11,20
-13,1,-13,-4,-1,9,-15,24,-3,-2,-1,5
-7,25,-11,24,1,12,10,7,9,1,-12,29
-14,-1,-14,30,-8,30,-2,11,-10,15,-15,6
6,-2,6,5,-3,11,6,13,-4,8,-11,15
2,14,0,-1,-5,11,-4,3,0,23,-8,31
-12,26,-14,29,-6,22,-4,18,1,29,-8,13
7,3,2,4,-10,30,-6,19,1,18,-5,31
-7,27,-11,28,10,12,-11,7,-5,6,-5,33
9,-4,0,-6,-4,-30,-8,-26,-14,-34,-2,-4
9,-1,8,-2,-13,-30,2,-32,9,-11,-11,-29
7,-9,-7,-27,-14,1,-8,-2,-4,-16,-1,-8
6,-2,1,-16,11,-13,10,-19,-6,-22,-1,-15
7,4,5,0,2,-21,-5,-7,-5,-25,7,-19
8,-7,0,-31,-6,-10,0,-19,-1,3,0,-31
12,2,-13,-9,12,-16,-5,-2,2,2,4,-13
0,-9,2,-13,-9,1,-5,-16,1,-20,2,5
10,-13,2,-11,-1,2,-2,-23,-3,-17,1,-7
12,7,-2,-8,-12,7,-5,-19,-1,9,-2,4
-12,-21,0,9,-5,-7,-7,4,-4,10,0,-12
-13,-4,-2,10,-3,-13,7,1,0,-3,-2,-21
10,-14,-1,-7,-5,-6,-14,3,-7,8,7,-3
-14,-16,5,-1,1,10,-5,9,7,-4,5,-12
12,7,3,-6,-2,-17,-8,-7,-1,5,4,-12
-1,5,-1,-7,11,-21,-8,7,7,-12,-2,14
12,-7,6,1,-1,13,-7,7,-10,-19,-6,2
11,1,3,-17,-3,-15,-2,-13,-2,7,3,-14
2,2,4,4,7,13,-1,-10,7,3,-4,-1
11,-10,0,1,8,-15,-6,-3,-7,11,4,-5
-10,15,-13,-1,-9,9,12,12,-4,3,-6,3
-13,-6,7,20,-7,-3,7,-4,2,-4,2,18
12,-5,-8,19,-9,-1,-13,7,5,17,-12,4
1,10,-6,14,-7,12,-5,13,-3,9,3,15
-4,17,5,12,11,-10,2,-5,-6,24,5,8
10,-9,-7,19,12,14,8,-4,-11,-4,-5,-2
-5,11,9,22,12,19,-10,8,8,0,2,15
9,-8,7,24,-7,27,-12,-9,-8,2,9,23
-11,27,-6,11,-13,21,8,6,-10,25,-6,26
-1,0,8,-4,-8,13,-9,9,12,-4,7,-3
-10,2,-1,0,7,7,12,1,-13,-1,4,8
-13,15,6,31,10,23,0,22,1,8,4,-1
10,1,3,9,10,15,12,-2,6,-3,8,17
-10,30,-5,24,-3,8,-9,4,-10,3,7,27
-9,2,-14,7,1,17,-14,33,5,15,5,34
11,5,1,14,-7,12,-12,31,-14,30,-3,17
9,8,-9,19,-14,4,-9,31,10,14,2,20
9,-5,-11,-14,-4,-32,-2,-14,12,-26,0,-8
8,-35,-12,-6,-12,-21,2,0,-3,-19,-2,-3
10,-3,-10,-25,-4,-32,8,-6,-4,0,-7,-14
7,-7,-4,-4,8,-33,-12,-10,-1,-29,-1,-4
10,4,7,-26,-7,-7,-10,-13,-8,-30,3,-14
6,-10,1,-28,4,-7,0,-22,9,-4,2,-29
12,-7,-4,-6,-11,-21,-8,-7,-2,-1,5,-9
-2,-27,-8,-18,0,-3,9,4,5,-24,6,-19
4,-1,2,-6,10,-19,2,-24,-1,-21,-3,-22
-13,-21,-6,1,8,-2,-7,4,0,8,-3,-4
12,-16,1,-25,-4,-3,0,1,6,4,3,-15
-1,1,-5,8,-3,9,5,-25,8,10,-5,7
7,-17,-4,12,-3,-8,-8,0,-2,-19,-2,-13
2,-13,-1,-18,-4,-3,2,3,-8,12,7,9
-13,12,-13,4,1,4,10,-5,-4,-1,8,6
12,-3,-13,0,4,5,-1,-7,-11,-13,1,13
-3,2,-1,-2,-12,4,-2,-8,-2,-2,11,11
13,-7,6,14,-12,4,12,-19,0,-11,11,-7
13,-10,1,6,1,7,9,-14,4,-10,-7,-7
13,-2,6,-14,-13,17,-3,-6,12,-8,0,17
-2,4,-5,9,-8,5,-12,-13,3,-8,7,-6
-4,9,-1,16,-3,-11,9,1,11,-13,-13,11
13,6,-13,22,-6,13,11,14,-6,20,2,-1
7,-11,-5,4,0,8,7,-9,-7,14,1,4
-4,10,-10,-7,-2,19,-6,16,-6,3,-1,-3
0,-1,0,11,-3,6,-2,5,-12,11,-13,11
-3,-3,5,3,-1,2,-6,-9,-10,20,-12,8
-5,13,0,1,2,1,12,24,-12,15,2,-4
12,-5,8,20,-8,14,-7,9,-6,17,-11,25
-4,3,-9,3,4,24,12,7,-11,-2,-7,-6
-12,0,6,25,-6,20,-11,24,8,-1,7,28
-11,30,-9,22,-1,1,-10,10,13,25,-12,25
10,-2,-7,31,-11,0,10,-3,-10,14,2,15
-10,0,-10,-1,9,12,-5,28,-5,3,13,-3
-6,21,-9,-1,-8,24,-8,16,-10,20,8,4
-2,8,-1,35,-7,23,-11,10,11,0,-1,16
11,7,8,2,3,14,-11,13,5,26,9,5
8,-3,0,-24,5,-9,-2,-30,0,-28,7,-17
7,-6,3,-7,-2,-14,-2,-15,10,-7,-1,-4
8,-12,6,-14,-2,-15,1,2,-4,-25,6,-7
7,-10,-11,-26,2,-13,2,1,-4,-9,-5,-9
11,-2,0,-11,7,-32,7,-29,-11,-4,-2,-18
10,-9,12,5,0,-30,-2,-27,6,-16,2,-24
7,-24,1,-21,1,-7,0,-20,8,-10,5,-21
11,-19,0,-1,-3,-13,1,-9,11,3,0,-7
14,3,2,4,-9,-20,-10,1,-2,6,6,-19
13,-6,0,-4,-5,1,-12,-10,14,-21,6,-14
4,-12,1,-7,-9,1,3,7,0,-6,5,-2
-1,-14,7,0,7,-7,-11,4,-8,-10,5,11
13,-13,8,-22,6,-24,13,-1,4,2,3,-16
13,-14,5,-5,-4,-13,-9,-18,2,0,3,11
-5,14,-4,14,-12,1,-9,-14,-8,2,-9,-3
13,-4,3,12,-4,-10,-7,-6,2,13,-1,7
14,2,9,6,-2,-15,-7,12,-6,-10,8,10
14,4,4,9,0,6,9,-16,-4,-18,-3,14
-10,-12,3,-5,-7,18,-2,-16,-11,8,7,14
14,1,7,18,-6,11,-3,10,8,-2,-12,-5
-9,16,-11,7,-4,13,1,16,-2,-11,-1,3
-7,17,-12,9,-8,-5,-8,-12,-5,2,-3,10
-10,-7,-5,22,-3,-9,10,16,-5,6,1,6
9,-10,-11,14,10,20,-12,17,-11,-4,-11,10
13,-7,0,4,-4,-10,0,3,0,13,-5,10
-5,19,-6,1,-5,-5,8,-8,13,17,9,14
-9,13,-11,-2,-11,-6,-5,21,-6,-7,-10,-9
-2,4,7,-1,-5,5,-2,19,-5,5,-2,-5
-8,28,-2,17,14,20,-9,28,-2,4,-8,27
-2,13,-7,5,12,-3,12,14,-10,8,6,-2
1,18,12,17,12,0,-5,2,-12,-3,-11,20
-1,8,-11,5,2,19,14,14,-4,-2,11,21
12,-4,3,17,9,30,11,5,14,13,-9,-2
14,-2,4,7,9,30,-10,17,-7,19,-1,33
-5,20,9,9,12,6,1,13,-4,19,-10,13
2,16,6,14,6,0,-7,33,-6,11,3,35
-7,5,-7,6,-6,32,-10,34,11,9,-3,4
7,-34,4,0,-2,-35,-1,-6,7,-16,9,-29
8,-1,9,-4,-1,-11,0,-3,11,-6,8,-9
8,-24,5,-32,3,-33,-8,-9,2,-4,8,-26
6,-21,4,-24,6,-28,-7,-10,5,-13,-8,-16
-11,-9,-9,-22,6,-13,5,-18,7,3,-6,-26
-9,-2,1,3,-3,-23,4,-4,5,-8,6,-30
-9,-5,5,-19,-3,-17,3,-7,-7,-25,-11,-11
14,-10,0,-29,-2,-18,-6,-16,-4,4,-7,-6
14,-12,0,-19,12,-7,12,-21,-9,-9,4,-4
15,-16,13,7,6,-13,-2,7,6,-7,-6,-11
15,-2,-10,-17,2,1,-11,-21,8,-20,9,-5
-11,8,8,9,-2,11,3,-4,-7,-11,1,0
14,-9,6,-4,-2,-3,-4,10,0,8,1,-13
15,-13,-10,-7,4,-12,3,3,0,-8,2,9
-10,-15,4,-3,-3,-21,-6,-16,-9,1,1,2
8,-13,15,-13,-3,-6,9,7,-8,-9,0,3
-10,15,-1,12,3,7,10,-18,-7,-12,-2,-20
0,10,11,-1,2,-5,-2,-9,6,3,9,10
9,-15,9,-18,-5,-7,-6,-10,-7,-14,12,15
-10,-12,-4,15,-3,18,5,-1,-7,-5,-7,-11
1,8,2,15,2,16,4,3,-5,8,-6,-6
-9,3,-6,13,-1,17,-10,-1,-4,7,10,-13
-3,16,-2,-13,-5,17,13,-14,10,3,8,-9
-11,-10,-9,12,1,21,9,17,12,-12,-11,20
12,-9,12,-6,-4,6,14,3,-8,-10,-2,12
-8,15,15,0,-6,1,15,3,1,25,-4,0
-8,12,11,6,-1,13,13,-7,1,17,-8,-3
5,-3,3,12,-5,17,14,17,-6,1,-9,11
-6,25,12,0,-2,14,14,-5,14,0,15,18
-8,-6,-9,19,0,10,12,-1,8,17,12,23
0,4,-7,8,-6,29,-6,24,14,0,15,27
-9,4,-11,7,4,0,13,13,-11,0,0,11
-3,22,6,20,-1,3,-9,-2,-11,2,-9,31
-5,20,-3,18,-7,3,-6,-3,4,31,14,2
-5,3,-4,19,14,4,-5,-1,-10,34,-4,5
-2,0,-4,34,10,35,-7,19,7,8,-11,26
-7,25,-6,0,-3,19,-5,23,-9,20,14,31
8,-23,0,-15,-10,-36,2,-18,7,-12,6,-23
11,-13,5,-5,2,-7,0,-17,7,-24,2,-19
-1,-2,5,-16,10,-13,-2,-23,-9,-17,3,2
-2,3,6,-9,8,1,0,-24,10,2,12,-9
4,-6,-10,0,0,-10,7,1,13,-4,6,-8
14,-9,6,-8,6,-9,-5,-14,5,2,1,-19
12,-20,8,-18,4,-18,-5,-2,4,-21,6,5
7,-20,-3,-4,12,-20,4,4,1,-3,-3,2
-2,4,-4,6,4,-19,0,-18,2,-11,10,-5
16,-11,-2,1,0,2,15,-10,1,-8,-3,-23
16,-9,-1,-19,9,-7,15,3,-2,-16,4,3
7,3,-10,0,7,-3,-9,-12,1,-17,4,-6
-9,12,2,8,7,11,3,0,12,-7,10,-8
-5,-17,-10,-3,4,5,-7,-13,-2,6,9,-19
11,-17,0,-11,-1,7,1,-7,-10,2,1,13
16,-14,8,0,-2,4,6,6,-10,2,1,5
16,-1,10,-11,7,3,-2,-19,11,9,5,-13
6,8,3,10,2,12,-4,-5,13,-4,2,-12
-7,6,-1,2,-2,-4,-3,4,6,9,9,15
2,-11,16,3,3,18,-4,17,0,6,9,-11
-5,14,16,-16,-1,-10,-2,20,10,1,11,4
-8,5,-3,-12,13,2,13,-1,14,13,5,0
13,-10,2,-4,-6,-2,-9,1,-2,1,-1,-2
1,-6,5,-5,0,-1,-8,22,0,0,-6,7
0,12,-9,18,3,16,13,11,9,21,-9,3
-9,4,14,-9,-3,8,12,7,11,-3,13,1
0,-8,13,-9,13,3,15,24,11,-7,-8,22
3,-4,-6,26,11,0,16,8,15,16,-5,14
-7,12,-1,9,16,-4,-3,13,-6,-8,-3,-2
-10,5,14,17,-1,8,16,26,6,22,-6,-3
5,1,14,11,-4,21,-3,13,-7,29,16,-2
-6,-5,-10,8,-3,26,-9,5,11,11,-9,27
-1,2,11,23,15,1,13,8,-3,-4,-6,18
7,13,-10,31,0,6,-6,26,-2,4,15,0
3,13,-6,13,-2,34,1,5,-9,2,-9,29
-3,-1,9,17,-10,0,14,11,-6,26,16,23
-5,9,8,14,-3,17,12,2,15,18,7,11
8,-33,5,-9,4,-28,1,-2,-9,-16,-3,-9
3,-3,8,-1,2,-33,-4,1,-7,-13,-3,-23
15,-11,9,-6,14,-34,12,-7,10,-8,14,-3
14,-14,-6,-3,13,-29,-6,-10,8,-5,1,-14
11,-27,4,0,6,-12,1,-8,8,-23,5,-14
-6,-24,7,-25,3,-9,12,1,-7,-6,5,-22
16,-1,5,-20,6,-13,-8,5,-8,-7,5,-3
-2,5,8,-25,3,-6,6,-21,9,-6,13,3
1,0,-9,-6,11,-27,2,-20,-3,-12,4,-19
-7,0,-3,-17,7,-20,-6,-20,11,-23,-3,-1
15,-23,-2,-9,13,3,-9,3,12,5,1,-24
2,-13,-4,-18,-3,8,-1,-8,4,-3,-5,-24
3,-7,11,11,-1,7,-5,1,1,-3,-4,11
15,-17,2,-2,2,-14,17,12,-4,-4,-2,7
15,-18,6,-17,1,13,-6,4,6,10,-7,9
-6,-13,15,-5,0,11,-8,-15,6,9,11,4
6,-2,-4,9,-1,3,16,2,-8,7,-4,-19
5,-13,0,-4,0,-6,-4,16,15,-15,2,14
-2,11,-3,12,13,2,16,-13,-7,-14,-6,-10
8,-2,-8,-14,-3,-17,13,-6,16,-16,13,3
-1,12,1,7,12,-4,12,-11,10,-13,4,17
6,9,-7,-13,14,9,-8,-8,13,4,-1,6
-6,19,6,-4,3,-5,-6,-14,0,13,1,2
4,5,-7,2,-3,-3,14,-9,9,15,-9,-12
0,-1,0,-9,-5,15,14,-9,6,-1,-9,16
-6,25,-6,16,-7,25,-4,1,-5,25,-8,-6
17,-8,13,0,16,23,5,9,-9,2,-5,24
6,0,-9,-6,2,13,-6,-7,-7,4,-3,22
-5,-6,-4,12,16,18,16,-1,17,0,16,16
3,9,-9,7,-2,-4,-9,29,-3,14,2,8
-4,16,14,17,-8,-6,-5,11,-3,26,11,6
-3,2,12,20,-1,-2,15,18,13,10,-2,31
-6,15,-7,14,17,2,-3,20,13,14,-5,29
-5,17,-7,1,17,23,15,4,8,26,-8,5
-3,6,-7,12,6,11,-1,2,14,9,-5,10
1,16,-4,15,7,15,13,19,17,23,-3,1
-5,21,16,19,-8,2,12,9,-6,25,16,7
15,-7,0,-2,4,-36,4,-23,1,-11,6,-15
15,-14,9,-4,-6,-29,6,-19,14,-4,8,-5
15,-21,2,-15,4,-4,3,-11,5,-22,-6,-10
15,-11,2,-26,12,-21,7,-13,12,-25,14,-33
11,-12,8,4,12,-23,12,-25,16,3,8,-17
15,-16,9,-19,-5,-15,1,4,9,-4,5,4
17,2,-8,-13,0,-14,4,-28,-3,-26,2,-23
17,-16,-1,5,0,-5,13,4,17,-26,4,-15
-6,0,3,-14,18,-25,18,-25,-4,-3,-1,5
-8,-22,7,-11,17,-4,13,-14,-7,2,-8,-4
18,-21,-2,-2,-5,-4,16,-6,8,-13,14,5
0,4,11,11,-8,-18,-2,-3,2,-21,4,-6
4,-5,-7,-5,6,-18,-8,-18,-1,-3,17,-4
-7,-20,18,-16,-8,13,-6,-11,-4,12,11,7
4,-2,16,-8,-7,-7,-4,8,15,-14,-3,-1
-6,-17,-2,5,-4,8,-2,0,-7,-20,-7,-11
-5,-16,-6,0,-4,-4,-2,-20,13,-16,15,-9
14,-14,-6,-19,14,9,15,-11,18,-15,6,17
14,-16,-4,2,18,-3,-6,9,17,-11,-4,-16
-1,14,17,-16,-5,-15,-4,19,-8,19,1,-15
4,2,-4,-5,-1,-7,-8,8,-1,7,14,12
0,10,12,-11,-1,7,-5,17,0,3,-5,19
17,-2,6,-10,11,-13,2,-6,5,-11,2,4
11,-6,3,13,16,17,14,22,9,-12,1,3
16,-4,9,14,3,11,-5,6,-5,16,1,9
-6,20,17,3,-4,17,9,-11,2,13,0,18
13,-3,3,1,-6,6,9,-6,8,2,14,16
-7,25,4,21,8,20,5,26,1,-8,-7,4
3,18,9,6,7,27,4,1,7,16,15,-1
-2,29,2,2,4,14,11,1,7,-3,10,4
17,8,8,29,11,-2,15,20,11,10,2,9
17,20,6,3,11,5,6,-3,3,-2,5,17
17,29,16,27,11,5,5,17,13,16,9,18
15,11,1,-3,9,-1,3,1,9,9,7,0
17,26,8,-1,12,11,4,26,4,-2,13,20
18,32,11,1,11,4,12,11,15,29,10,0
9,4,5,5,15,28,11,29,12,34,12,35
5,0,7,-34,8,-33,6,-22,-5,-36,2,-13
15,-17,9,-27,-6,-4,1,-3,6,-16,3,0
-4,-28,7,-15,-5,-7,9,-11,-2,-20,4,-25
-7,-5,4,-13,1,-21,5,-7,7,-9,2,-11
4,-10,-3,-27,7,-11,13,-9,8,-16,4,2
18,0,7,-24,-4,-16,2,-10,12,4,5,-8
17,-13,6,-5,1,-3,-6,-12,15,-9,10,4
10,-22,4,-11,-3,-21,1,-22,15,-7,-4,-14
17,-19,-2,-7,4,-3,2,1,2,-11,1,2
19,-2,-5,-20,11,6,15,-26,1,1,16,-26
6,-6,3,-11,6,3,-5,-18,5,-3,6,-9
0,8,2,10,-7,-1,-3,-21,1,7,-6,-3
19,3,6,2,-7,-7,11,11,4,-24,10,-14
19,13,6,-22,6,-23,10,-3,7,-22,16,2
4,6,3,-12,11,-5,8,-22,16,3,11,-20
3,10,9,5,11,-3,15,3,-7,11,10,-4
2,11,10,8,6,-19,17,14,12,-16,4,-17
8,-6,10,-19,13,-5,16,6,11,-17,6,-17
15,-1,6,16,11,1,3,-18,12,5,5,-17
-6,12,4,16,12,-11,13,1,16,16,12,-15
8,-4,11,-15,-6,2,9,-15,15,-15,9,-15
10,5,6,3,14,7,12,12,6,0,6,-1
12,10,12,2,-7,6,7,-14,3,-14,13,-13
8,20,8,22,-3,-8,2,20,4,-11,5,-11
4,18,9,22,13,-2,6,21,1,-12,10,3
18,16,7,22,9,17,9,18,8,-4,-5,6
10,25,8,4,13,18,12,26,8,26,3,-10
2,24,6,-9,14,15,8,7,13,0,12,-8
16,4,18,-2,17,26,8,-5,7,13,7,3
9,6,17,28,17,24,10,10,12,11,12,27
3,27,10,-3,-5,16,18,10,10,-4,6,-3
14,26,5,-4,-5,21,5,19,4,-1,16,23
15,22,8,30,-4,26,9,13,-4,25,6,17
17,32,11,0,-7,16,13,18,15,21,10,-1
8,30,12,11,17,30,14,22,5,-1,4,2
7,2,12,0,14,22,11,30,8,2,8,-1
9,2,4,32,13,23,11,32,-2,34,11,34
18,-5,-6,-20,15,-10,11,-24,14,-5,12,-5
6,-10,17,-4,17,-8,-3,-11,11,-16,12,-17
13,-30,6,-12,16,-33,11,-8,3,-28,13,-12
16,-17,10,-6,12,-24,12,-31,14,-12,4,-20
18,-8,2,-18,-2,-29,14,-18,13,-7,2,-20
16,-12,3,2,12,-28,12,-19,18,0,18,1
18,-5,7,-23,14,-30,12,-23,15,-30,14,-11
-6,6,1,-2,-4,-5,13,-12,7,-9,9,-3
15,-13,10,-25,6,7,14,-12,14,-4,8,-24
14,-4,14,-2,17,5,14,-17,4,0,-5,0
15,-16,13,-17,4,-25,11,-18,13,-17,5,-26
14,-17,0,-8,3,-18,13,-16,4,10,8,-19
16,-9,5,-23,-4,-6,12,12,4,9,6,-12
7,-23,9,-3,17,-21,8,-18,8,-20,9,8
-6,5,16,2,-2,-1,7,-19,7,-22,11,8
14,13,3,-8,9,0,7,-17,15,5,9,2
16,14,5,3,-6,-8,5,-7,14,-20,9,5
14,-6,4,-18,12,3,5,-16,14,0,7,-13
8,-17,14,1,14,14,2,10,6,-15,11,-15
4,17,16,14,9,-16,11,15,14,19,4,13
6,19,10,-4,16,9,17,16,13,-15,11,-8
14,14,9,-8,19,16,-3,15,4,-4,7,4
6,-12,-2,-10,15,4,5,-5,8,0,1,18
15,20,12,3,7,-2,13,-13,8,-2,13,8
9,-12,4,6,15,-11,5,-11,9,17,14,1
13,4,1,-3,17,14,13,-9,17,16,15,21
12,-9,11,25,7,26,14,12,14,20,13,-7
15,26,-1,26,-2,21,12,-4,14,20,10,3
15,24,-6,3,-6,21,13,7,13,21,7,-1
16,29,-6,26,12,1,14,13,5,20,-6,24
12,20,13,9,10,-6,10,-4,12,16,3,7
14,19,2,5,3,-5,13,29,15,31,7,0
12,6,9,21,12,7,13,9,18,30,10,4
13,33,4,30,13,31,14,8,5,-2,13,10
13,12,2,5,12,11,2,6,9,23,11,2
9,0,7,7,12,29,14,34,14,10,10,35
14,18,8,34,12,15,6,31,11,34,12,8
19,-4,3,-16,15,-32,16,-16,-5,-19,5,-26
13,-11,13,-33,-5,-19,6,-17,13,-17,18,-8
17,-2,6,-18,8,0,14,1,10,-20,9,-14
6,1,13,-25,12,-30,6,0,13,0,8,-33
-5,-8,13,0,18,-6,6,-3,18,4,8,-16
9,2,-2,-24,14,-18,4,-30,7,-21,11,-24
13,-27,14,-3,18,1,3,5,13,-3,3,5
-5,-11,7,-18,14,-15,5,-10,5,-12,11,-25
16,-2,15,-14,15,-12,8,-26,11,-25,7,-20
13,-27,-5,-9,1,-19,2,-25,4,-13,9,-2
18,9,9,-13,-5,-8,15,-17,16,4,11,0
15,-25,17,1,9,-22,13,-21,8,-9,8,0
7,-24,5,-11,11,-16,16,-3,18,5,15,-15
11,-23,11,-3,-3,-6,9,-15,13,-16,11,0
15,6,8,11,15,-7,14,-17,18,-22,6,-5
14,-21,12,12,12,-9,9,-17,14,-11,2,-8
12,-20,4,-9,-2,-13,-3,-14,8,-2,4,-19
15,13,3,-7,21,-8,15,-6,6,-10,12,7
17,15,3,11,13,13,14,2,15,14,1,17
15,8,4,-7,18,16,18,12,12,-13,16,-12
13,-5,21,-12,9,-14,5,-2,10,-15,4,-9
14,1,17,-9,14,16,8,2,17,5,5,11
14,-1,16,2,14,9,7,18,15,4,17,20
17,12,13,18,7,-10,10,-7,14,-2,8,2
14,-3,2,12,14,9,10,-10,19,24,4,16
8,21,4,19,11,-1,9,21,6,20,10,6
-4,15,15,12,-5,12,3,8,3,-2,4,1
18,-9,-1,10,15,9,3,25,1,-9,-2,-4
12,3,20,3,6,28,10,-3,19,16,2,2
-4,15,4,-3,11,28,11,17,-2,-2,5,15
-5,25,1,2,12,10,10,15,2,-4,15,25
5,25,0,12,3,15,11,31,12,26,18,1
12,6,-2,19,11,13,1,29,-1,17,21,6
8,22,8,33,7,23,1,9,-2,24,5,2
-5,28,5,4,10,5,-4,24,0,4,0,2
12,33,8,12,1,34,10,16,16,32,14,14
5,36,15,13,-3,23,12,1,7,30,18,0
17,-2,3,-17,15,-19,8,-35,15,-8,13,-30
8,-34,7,-31,6,-4,15,-17,10,-23,13,-21
9,-33,13,-4,11,-34,12,-22,5,-34,5,0
17,-3,10,-5,19,-19,15,-19,9,-29,9,-6
16,-2,18,2,15,-3,14,-2,9,-4,13,-7
16,5,16,-13,-2,-17,11,1,6,1,11,-27
18,-1,4,-6,15,-4,21,1,13,-7,5,-12
16,-9,10,-23,14,-17,21,-28,18,1,5,-12
15,-16,7,-20,7,-27,10,-3,1,-23,17,7
14,-19,16,-11,7,-24,19,0,22,9,6,2
9,10,-4,-3,15,-1,13,-8,5,-22,20,-19
16,-9,18,11,14,4,13,-18,16,3,5,2
17,-3,18,-24,16,-4,9,-11,10,-11,10,-19
18,7,14,-5,14,-18,7,-4,13,-2,14,3
17,6,15,-11,4,10,9,4,7,11,9,-14
16,-20,16,-20,8,-4,8,12,13,12,14,-18
15,11,19,10,18,16,11,-9,12,-16,10,12
13,6,1,-14,17,16,7,2,-3,-12,3,-10
5,16,18,-16,11,11,9,5,9,13,20,-18
13,9,-2,11,7,-4,8,18,16,16,12,4
11,10,6,-12,5,15,10,6,21,-16,-1,-6
18,8,7,14,7,1,9,-9,10,-7,-2,12
11,15,-1,-4,16,20,13,15,12,10,-4,-1
6,14,4,-8,3,16,4,6,0,-6,2,23
16,-3,2,9,17,-9,11,13,17,16,-3,-11
17,6,-1,3,-3,24,20,-5,3,1,19,-2
-2,13,15,-3,16,-7,17,25,2,15,2,13
13,27,21,24,16,22,-1,7,-3,21,-1,-6
-4,13,8,6,18,24,12,25,5,24,-4,9
-1,-2,17,8,9,2,14,26,13,-2,13,28
10,24,12,27,2,1,18,23,16,-3,14,14
12,20,2,8,12,-3,-4,21,14,20,8,15
11,17,14,25,12,23,15,12,15,4,13,17
11,24,20,26,0,20,13,0,3,15,1,2
11,23,6,14,1,1,12,-2,10,26,15,7
7,34,7,30,-1,16,12,18,14,31,17,0
9,33,15,5,2,6,-4,32,5,11,6,11
8,0,18,-5,14,-18,8,-1,18,-13,9,-2
13,1,23,-23,5,-13,13,-22,4,0,12,-6
16,-9,9,-31,5,-1,3,-27,6,-1,10,-24
16,-11,18,-13,16,-13,14,-10,10,-16,19,-32
13,-10,12,-6,19,-10,11,4,18,-31,8,-26
19,-3,10,-27,15,4,19,5,11,-27,13,-9
14,-28,16,-18,1,-28,15,-6,21,0,13,-3
9,0,22,-25,17,6,7,0,23,-3,1,-24
9,-6,16,-11,7,-2,13,2,8,-3,-2,-3
-2,-1,1,2,-2,7,16,-23,12,-6,17,6
13,-3,3,-6,1,9,7,-5,17,-10,9,4
13,-14,5,-12,7,2,-3,-6,12,-10,5,-14
13,11,15,3,5,-6,17,-16,15,-12,10,-13
15,-2,7,-11,4,10,15,0,-3,-2,10,-19
15,13,7,12,14,-5,11,-12,12,-20,6,-17
15,-14,8,-8,5,-21,10,-3,15,-4,5,-11
10,15,9,-13,7,16,11,-2,16,-7,6,-1
10,8,22,3,-3,-13,4,-13,11,-19,23,-18
20,7,4,-8,-2,9,7,18,7,-10,20,18
11,8,20,19,8,3,12,6,14,-7,7,17
13,10,-2,2,8,-6,15,-7,17,-10,7,5
16,4,14,-4,3,21,15,-2,9,-4,-1,21
16,-11,10,2,12,8,14,21,-2,19,15,2
11,15,23,14,9,-2,15,8,10,1,6,16
12,18,10,3,11,7,9,9,9,2,8,-7
7,14,20,13,7,-8,-1,7,13,14,-3,-1
14,13,-1,25,3,24,5,3,12,9,-2,-3
-2,9,18,14,9,20,5,21,13,-2,16,26
21,19,1,-1,8,20,4,2,6,28,-1,6
11,6,5,16,19,23,2,20,11,12,17,10
18,6,20,6,11,25,8,28,7,-3,5,10
12,6,3,24,13,18,14,26,19,30,9,10
8,21,-3,2,4,16,1,30,-1,14,1,-4
10,27,-1,28,4,20,2,30,13,13,-1,23
21,28,7,1,13,24,6,10,-2,4,6,18
17,9,1,11,6,29,13,31,9,28,6,5
13,31,10,28,15,10,10,19,12,5,9,33
-2,-16,4,-4,3,-22,15,-20,8,-6,3,-22
12,-13,15,-16,11,-23,15,-7,4,-5,14,-32
8,1,12,-8,16,-7,20,-12,16,-4,15,-21
16,-14,9,-3,7,-6,10,-29,20,-33,-2,-13
21,-6,20,-31,7,1,10,-16,4,-3,16,4
15,-30,13,-19,18,-23,15,-18,16,-15,13,-9
16,0,13,-19,10,-12,7,-11,21,-4,15,-10
-2,-4,7,-23,16,-4,10,5,11,-3,18,-5
-1,-4,16,-4,4,-9,10,-28,15,-28,7,7
12,4,18,-1,5,-16,17,5,24,7,9,-14
16,-9,8,-12,9,-7,20,5,6,-3,3,8
0,-1,23,1,6,-8,14,-10,18,-3,1,11
12,-22,7,-12,10,9,20,-24,18,-11,9,-23
18,-11,19,1,6,-14,13,8,6,11,4,-14
12,5,-1,-5,10,-9,10,-3,2,-2,-2,-8
21,6,9,15,13,-9,9,5,7,-13,-1,7
6,13,15,5,14,10,11,10,17,14,6,-3
19,0,11,-17,14,6,0,3,22,-7,15,10
22,11,15,11,8,-16,7,4,19,6,4,-8
19,-6,0,-6,14,17,22,12,0,10,12,-2
20,-3,0,5,12,-5,6,5,0,8,5,-2
22,11,11,8,19,15,5,-3,2,-2,21,2
2,-7,1,-3,9,13,18,10,12,22,21,0
20,7,22,-6,11,11,14,-4,18,-6,1,17
18,-6,7,-3,11,-2,1,19,-2,2,16,16
9,16,16,-11,-1,15,18,-11,14,-9,17,17
17,7,8,14,18,12,16,9,16,-9,9,0
12,20,0,25,22,-6,8,13,19,4,3,15
11,5,4,20,1,27,6,-6,0,27,4,20
-2,29,5,7,-2,20,-2,7,3,4,5,-5
0,24,5,20,0,4,3,4,7,17,13,12
19,13,1,12,0,23,11,23,23,19,1,11
-1,26,-1,28,22,23,2,1,11,28,3,29
19,13,11,18,-2,7,7,6,11,4,-2,22
20,19,5,29,23,1,5,27,1,9,0,7
19,0,21,24,11,17,19,-1,6,25,14,9
15,30,-1,28,18,11,15,10,17,32,2,13
3,-30,-1,-32,13,-31,-1,-32,12,-7,21,-7
13,-14,16,-13,13,-22,7,-15,11,-19,9,-4
11,-3,17,-8,15,-15,9,-33,9,-25,1,-29
0,-10,8,-8,19,-31,7,-7,5,0,21,-24
13,3,18,-18,14,-1,-1,-12,12,-8,13,-29
20,-4,19,2,6,3,16,-26,0,-13,18,-8
11,3,13,-19,7,-23,17,-3,18,-25,12,1
7,6,6,-9,20,-15,-1,-6,7,-7,1,-6
14,-6,0,-2,21,-25,7,-5,8,0,6,7
14,1,11,0,2,-2,7,-27,16,-14,22,7
12,3,19,-18,13,6,3,0,10,10,4,1
19,-14,11,-12,12,-10,5,-19,21,0,19,-11
19,11,10,10,10,10,16,6,11,0,11,-21
8,13,2,5,10,7,5,-12,5,-3,7,-5
11,8,16,-14,13,-12,-1,3,6,-13,11,-17
-1,11,10,-15,2,-8,10,-4,8,9,17,11
19,-3,17,-11,21,6,5,7,23,12,8,6
23,9,17,-12,24,0,21,2,17,-5,19,3
21,-7,24,-2,20,-12,20,-2,0,1,-1,12
22,6,3,17,1,-5,25,-16,22,17,10,6
16,-3,16,-15,0,0,15,2,17,5,14,-15
15,14,3,16,2,3,20,8,8,1,10,6
20,0,19,10,14,4,10,10,6,13,14,16
12,8,20,-10,14,15,19,16,3,-2,7,-12
18,-7,22,-12,0,9,10,-2,17,-9,13,-11
18,15,11,15,4,4,18,0,12,-10,19,7
9,-10,21,15,7,24,12,-10,17,1,23,26
-1,20,22,12,16,23,9,-4,8,-4,25,-6
22,16,25,23,15,24,21,4,14,-8,1,-1
16,17,7,-6,25,12,21,3,13,18,4,19
0,21,24,24,22,9,18,-5,18,6,-1,12
6,30,7,21,25,4,14,7,11,8,12,7
16,15,11,16,9,26,6,3,16,10,16,27
19,12,1,21,18,5,16,8,16,3,16,9
14,32,9,34,-1,19,17,8,0,30,13,21
17,30,9,25,12,18,17,21,9,25,7,32
12,3,20,0,16,29,22,28,10,30,16,33
13,-25,14,-14,10,-25,0,-35,11,-8,14,-23
16,-7,8,-20,7,-25,1,-18,13,-14,3,-24
11,-3,9,-13,16,-10,26,-34,16,-20,8,-14
14,-29,1,-32,7,-9,17,1,5,-18,1,-31
14,2,14,-18,15,2,22,-6,14,-25,11,-18
22,4,23,-2,18,1,7,-6,23,0,13,-30
18,-8,11,-6,17,-23,13,-29,18,-26,12,-17
23,4,15,-26,18,-5,24,7,17,-11,15,-2
14,4,23,-2,16,-22,18,-8,18,-22,12,-18
17,-5,19,-6,15,-13,15,2,19,-12,16,4
21,-13,24,-17,24,-21,20,0,12,8,3,-22
18,-20,21,-24,23,9,12,-5,8,-13,17,-2
21,5,24,8,12,-22,12,-13,17,11,21,-24
12,5,3,-19,24,-14,3,10,26,0,6,6
16,-12,22,-15,7,-22,9,14,12,13,20,-14
10,11,0,-2,15,6,18,5,13,12,18,2
16,-8,11,-8,21,7,16,6,12,-18,10,-19
0,-3,13,11,9,9,12,17,18,17,22,17
9,9,5,14,11,3,4,-8,15,13,6,12
14,-6,3,-14,23,-10,7,1,19,5,19,8
24,18,24,17,22,5,23,15,13,-3,18,17
9,20,16,6,12,-5,16,13,18,16,16,17
13,14,17,-8,23,-10,12,9,17,-11,18,-8
13,9,0,-12,24,2,10,14,19,7,22,-7
18,-8,10,-12,0,3,19,0,18,-12,16,2
18,-2,12,4,17,10,17,13,8,24,24,22
9,-10,10,20,15,15,15,-1,10,-3,15,10
18,9,19,1,19,-2,20,16,14,22,7,3
16,22,17,13,21,13,19,-1,20,17,1,3
12,20,24,6,5,-1,17,7,14,9,17,12
13,28,7,5,22,21,16,19,14,21,20,-4
15,26,13,15,14,-5,0,16,16,-5,8,-5
19,7,18,7,15,-2,14,2,20,10,19,-4
14,-3,9,16,1,22,21,27,20,7,14,23
12,1,11,33,1,17,1,30,0,24,14,8
20,26,9,22,16,20,10,32,0,24,22,34
21,24,4,6,5,7,12,30,13,6,10,28
