-14,-34,-22,-1,-11,-20,-16,-12,-13,-6,0,-23
-16,-27,-4,-9,-26,-28,-8,-26,-20,-35,-5,-7
-2,-25,-10,-24,-7,-29,-6,-33,-5,-15,-18,-33
-2,-22,-12,-23,0,-26,-1,-4,-10,-28,0,-29
-15,-28,-23,-21,-6,-30,-18,-31,-20,-18,-17,-29
-10,-30,-25,-28,-1,-14,-4,4,-11,-18,0,-4
-1,-17,-1,-15,-1,-10,0,-14,-7,-24,-10,-24
-11,-23,-10,-12,-3,-28,-14,-14,0,0,-19,-24
-25,-25,-20,-28,-9,-20,-25,-4,-13,-20,-22,-28
-1,-19,-16,-10,-11,-9,-17,8,-12,-7,-18,-16
-11,-22,-7,10,-4,-25,-5,-26,-12,-3,-5,-20
-1,-16,-8,8,-13,-23,-2,-19,-15,-22,-16,-13
0,-13,-20,-18,-14,-16,-15,-15,-11,-18,-9,-18
-13,-15,-14,-6,-4,-18,-6,13,-5,-21,-3,-18
-13,-15,-16,-12,-6,4,-18,-12,-16,-20,-9,-21
-13,-12,-17,-7,-17,-14,-1,-2,-25,-12,-5,-1
-14,-11,-9,12,-16,-19,-13,-5,-4,12,-12,-12
-25,-19,-6,-2,0,-11,-3,6,-18,-14,-5,-6
-26,-18,-25,-11,-6,2,-1,-9,-25,-8,-8,-11
0,-16,-25,-9,-8,0,-3,7,-10,-17,-8,-15
-14,-5,-1,7,-9,-1,-18,-9,-5,2,-18,-11
-14,-7,-17,-14,-8,5,-3,19,-4,7,-19,11
-13,-8,-11,-4,-25,11,-26,-7,-5,18,-5,15
-14,-3,-20,-5,-26,-7,-5,-10,-22,-11,-17,-1
-12,-6,-9,-6,-26,-9,-3,-4,-9,7,-23,4
-15,-2,-3,25,-2,13,0,7,-5,-8,-13,-5
-14,-3,-13,16,-25,-3,-2,-10,-3,3,-21,12
-13,1,-5,20,-10,-8,-19,-3,-12,-8,-16,-5
-14,-2,-3,1,-12,-4,-6,10,-13,9,-15,24
-1,-6,-7,3,-19,24,-1,1,-11,-5,-24,-4
-14,-1,-3,17,-8,-2,-10,-6,-8,3,0,-4
-13,-2,-11,2,-12,-2,0,22,0,22,-13,2
-15,8,-19,1,-6,11,0,4,-26,-3,-6,-3
-12,5,-7,29,-6,19,-2,2,-6,5,-6,31
-13,2,-9,7,0,16,-1,20,-19,6,-10,6
-11,1,-1,3,-9,-1,-8,17,-15,8,-2,4
-11,1,-7,14,-21,28,-1,24,-15,25,-7,9
1,-30,-23,-17,-10,-35,-12,-8,1,-1,-3,-31
1,-28,-23,-35,-6,-12,-13,-17,-25,-23,-18,-19
-8,-33,0,-17,-24,-28,-2,-23,0,1,-8,-14
-15,-22,-7,-32,-4,-32,-16,-22,-1,-5,-2,-8
-13,-31,-13,-11,-23,-27,-17,-32,-14,-17,-10,-21
-1,-19,-24,-3,-24,-18,-2,-17,1,-22,-10,-14
0,-24,-3,-22,-7,-17,1,-27,-18,2,-5,-17
-1,-28,-22,-28,1,-27,0,-12,-5,-26,-3,-5
-5,-27,-6,-22,-13,-17,-13,3,-9,-11,-6,-22
-25,-24,-24,-9,-22,-24,-24,-22,-10,-1,-2,4
-12,-24,-16,-13,1,-20,-10,-26,-11,-13,-8,-21
-14,-17,-15,-9,-6,-10,-5,5,-10,-21,-11,-25
-14,-17,-18,8,-5,-12,-2,-20,-11,-15,-14,-21
1,-21,0,5,-14,-23,-25,-12,0,7,-2,-20
-14,-11,-2,-20,-14,-2,-22,-22,-12,-2,0,3
-24,-20,-10,-12,1,-6,-18,-19,-1,11,-4,-12
-13,-7,-25,4,-6,-7,-15,-13,-13,-13,-17,8
1,-10,-8,-11,-3,2,-6,-16,0,10,-14,-12
-11,-13,-2,14,-1,17,-1,6,-3,-8,-16,4
1,-5,-5,8,0,13,-3,14,-8,-5,-18,-5
0,-16,-20,-4,-15,5,1,4,1,-2,-21,3
-11,-11,-7,-9,0,14,-6,0,-3,0,-3,10
-11,-7,-6,9,-2,22,-24,2,0,-11,-14,-9
-14,-3,-21,13,-17,-9,-10,-3,-22,-12,-1,11
-11,-9,-17,-5,-24,-12,-6,-5,-4,2,-6,-5
0,1,0,19,1,11,-4,18,-12,-7,0,3
-12,1,-5,23,-12,-9,-23,-5,-5,6,-1,5
0,2,-17,8,-5,-1,-6,3,-1,20,-4,26
-12,6,-3,-1,-13,-8,-20,-5,-10,15,-15,17
-15,2,-7,0,-15,8,-17,-4,-12,3,-13,2
-12,6,-2,-1,0,8,-4,4,-2,11,-7,-3
-9,-5,-4,12,0,8,-25,13,-23,-4,-13,-5
-11,6,-22,-4,-3,22,-2,19,-14,0,-8,32
1,23,-7,1,-14,3,0,24,-18,28,-3,-1
-10,7,-1,14,-16,9,-11,8,-21,-1,-21,11
-1,12,-12,13,-24,17,-16,0,1,3,0,3
-1,2,-6,13,-1,3,-8,21,0,13,-14,4
-11,-21,2,-22,-18,-18,2,-26,-15,-20,-23,-8
-14,-28,-15,-18,-18,-1,-10,-23,-7,-33,-13,-34
1,-20,-3,-28,-2,-15,2,-8,-19,-31,-5,-31
-4,-29,-19,-30,2,-12,-17,-22,-1,-25,2,-10
-4,-32,-24,-32,2,2,-3,-9,-17,-31,-4,-18
-3,-29,-5,-19,-9,-26,-4,-11,-20,-18,2,-20
-3,-29,1,-17,-5,-13,-14,-20,-12,-16,-9,-30
2,-25,-23,-27,-9,-26,-1,-22,1,-11,-4,4
-22,-27,-7,-18,-4,-23,-3,4,-12,-18,-3,-9
-13,-14,-5,-22,-9,-13,2,-10,-12,-15,-11,-27
-13,-21,-3,-3,-17,7,-3,-13,-5,-25,-11,-13
-8,-22,-23,-20,2,-1,-12,1,-21,-11,-11,-13
-10,-22,-5,4,-12,-12,2,5,0,-23,-20,-12
-12,-19,-20,0,-9,-21,0,-10,0,3,-12,-2
2,-14,-7,-19,-13,-1,-2,-8,-2,2,-23,-22
-23,-19,-5,-14,-9,-11,-24,-9,1,-16,2,-3
-9,-17,-4,11,-11,-6,-9,-9,-11,-8,-1,-3
-9,-14,-4,8,2,1,-2,5,2,-12,0,9
-24,-17,2,-6,-12,-15,-10,15,-16,-9,-9,-15
-14,-7,-6,2,-15,1,0,-3,-3,-17,-24,-17
-7,-14,-24,11,-10,-14,-11,-15,-1,-6,-23,16
-9,-8,1,16,0,3,-18,-11,-3,9,2,14
1,-7,-19,-12,-13,-13,-10,-11,-16,-2,-16,-5
-8,-11,0,18,-1,0,-1,-4,2,-8,-1,-1
-12,-9,-9,-7,-1,3,1,16,2,4,1,12
-13,-5,-20,-5,-5,3,1,5,-6,0,-10,-9
0,-10,-13,1,-15,-8,-1,7,1,4,2,0
0,1,-5,-6,-12,9,-16,3,-6,-8,-4,-2
1,-5,-15,3,-15,8,-1,10,-10,-1,-10,-2
1,-3,-14,18,2,-6,2,-2,-12,-7,-4,-5
-1,-5,-7,-6,-15,6,0,21,-1,28,-6,11
-6,-1,1,22,-13,5,-19,5,-18,-2,-16,1
-11,-4,0,24,2,6,-21,0,-7,-1,1,15
-3,-3,-14,9,-14,24,-14,9,-5,9,-1,25
0,12,-16,2,-16,9,-15,2,-15,16,-2,12
-23,3,-17,14,-5,20,-12,20,-14,3,-8,2
2,34,-7,18,-16,13,-4,5,-20,23,-2,18
-13,-23,-4,-16,-3,-35,-7,-28,-7,-27,-16,-27
-12,-33,-18,-31,-23,-30,-3,-1,-1,-8,-4,-33
3,-10,-2,-3,-23,-32,2,-30,-5,-27,-11,-22
-7,-28,-1,-28,3,-17,-13,-30,1,-19,-9,-22
3,-2,-17,2,-11,-19,-11,-29,0,-16,-16,-22
-5,-28,-11,-15,0,-17,-13,-18,-22,-28,-11,-26
3,-1,-3,-7,-17,-25,-10,-9,-12,-18,-1,-23
-5,-28,-7,-20,3,0,-1,-18,-20,-27,-15,-17
-12,-25,-17,-10,-12,-16,2,-27,-2,-27,-1,2
-4,-25,-23,-19,-12,-12,3,-25,1,-18,2,6
-10,-25,-3,-13,-22,-18,2,-6,0,-4,3,-21
-9,-24,-1,-6,-6,-21,-4,-23,-10,-20,0,8
3,-19,-1,-21,-16,8,-16,1,-9,-19,-1,-20
-9,-14,-3,3,-4,-1,-10,-17,-14,-20,-18,-22
-21,-22,-9,-3,-11,8,-1,-16,-10,-15,-10,-2
-8,-13,-10,-9,-10,-18,-8,-8,1,1,-13,-20
2,-18,3,-3,-11,-16,-3,-20,-6,8,-2,-9
-10,-6,-22,-9,-3,-19,-12,-16,2,-11,-1,3
3,-4,-17,12,-18,-13,2,0,-13,4,1,9
3,8,-1,-2,-7,-13,2,-14,2,17,-9,-7
3,-13,-16,17,3,20,-2,-1,1,11,2,20
2,-10,2,1,-8,8,-4,9,-4,10,3,-6
-5,-12,-18,2,2,-14,-2,-13,0,0,-20,-14
3,9,0,6,-19,11,3,1,1,-9,-6,-11
-4,-9,-11,3,-14,-6,-8,-11,-16,-8,-12,8
-4,-6,-15,8,-13,12,-21,6,-2,18,2,-3
3,17,-1,18,-14,-10,0,-5,-7,6,-2,20
-4,-9,2,17,1,24,3,4,-20,-9,-10,5
3,28,-1,16,-22,-7,-23,-3,-16,8,-1,20
3,21,1,23,-11,26,-12,16,2,0,-4,18
-21,-4,3,24,-4,19,-3,29,-14,0,-11,-5
-13,1,1,-2,-11,9,-4,20,-15,-5,-11,6
-6,2,2,-1,-13,12,-9,12,-3,15,1,26
2,20,1,12,-13,8,-13,12,-17,24,-11,1
3,31,-5,11,-1,16,-1,-1,-21,4,-21,0
-8,13,-4,24,-21,5,-12,9,-15,2,1,10
-14,7,-15,1,-13,14,-21,14,1,21,-15,13
-8,-24,-7,-22,-11,-23,-9,-32,-14,-17,-7,-29
-13,-24,-12,-15,0,-15,3,-1,-16,-24,-16,-24
3,-19,0,-16,0,-18,-10,-32,-21,-33,-8,-30
-2,-28,4,-7,2,-3,-4,-20,-2,-1,4,-7
2,-28,-22,-23,3,-21,-4,-25,-7,-25,4,-12
-1,-28,-2,-3,-5,3,-11,-31,-8,-25,-6,-31
-8,-16,-18,-9,-4,-25,-5,-24,-7,-29,-1,-16
-7,-19,0,-12,3,-20,2,-4,-14,-22,-13,-13
-13,-18,-14,5,4,-5,-5,-19,0,0,4,3
-12,-15,-9,-3,0,-16,-11,-14,-11,-27,-8,-22
-22,-22,4,6,-16,-23,-9,-4,-11,-13,-21,-24
4,-10,-7,-8,3,-17,-9,-13,-13,-25,-22,-23
2,-16,-18,-24,-10,-23,0,-11,4,-21,4,6
-11,-9,-20,-21,3,-13,-8,-12,0,-5,-12,-13
-5,-18,-3,-4,1,-4,-8,0,-11,-11,-2,-16
-4,-21,2,-7,-9,-17,3,-16,-15,-9,-10,-18
-10,-6,-18,8,-4,10,-3,-19,-1,1,-19,-17
-6,-15,4,-4,2,4,3,-5,0,-14,-15,-6
-3,-17,0,13,-16,-14,-10,-2,2,-12,-16,-10
-3,-13,4,10,-3,-17,-5,-14,-1,11,-4,-17
4,15,-2,-13,-11,-14,4,12,-12,-16,-2,19
4,8,2,-15,4,-1,-7,-12,-4,-13,-12,0
-8,-3,2,4,-1,-4,-1,4,0,-8,-8,16
4,19,-4,-1,-15,-13,4,6,-5,-6,-6,-9
-6,-5,-5,1,-7,13,-7,-6,-2,-2,-2,12
3,9,-15,-7,-9,-5,4,-7,-12,1,3,17
-6,-2,-13,23,-2,6,4,-3,-10,-7,-15,-4
-12,-5,-19,-7,-7,0,-14,0,0,4,0,20
1,-8,2,21,-7,9,-8,24,-20,6,-13,-8
-13,6,-12,-5,-3,11,-11,-3,0,9,1,3
-9,10,3,16,-16,-5,-13,0,-1,25,3,29
3,13,-3,-4,-2,5,-12,-5,-9,-3,2,-4
2,17,4,-3,-7,23,-10,13,-15,-4,3,8
3,33,-10,6,4,14,-5,1,3,19,-21,20
-19,-1,-16,7,-12,15,-8,24,-9,-1,2,2
3,27,-3,23,-1,8,-8,6,-22,2,-11,10
-13,6,-9,7,-18,23,-6,2,2,7,-16,0
-12,-22,-4,-32,-9,-34,-9,-23,-8,-36,-1,-26
4,-8,-8,-16,-4,-26,-1,-3,-16,-35,-6,-25
-5,-24,1,-11,0,-23,-11,-30,-1,-23,4,-31
-6,-22,-4,-17,-11,-30,-8,3,-14,-30,3,-24
-11,-17,-17,-28,2,-21,-17,-31,-6,-18,3,-14
4,-7,-11,-26,-21,-22,2,-11,3,-11,5,1
4,-14,3,-5,-10,-23,-1,-16,-10,-20,-16,-28
5,-9,-21,-22,4,-13,5,3,-1,5,-15,3
3,-13,-2,-9,3,-9,-18,6,4,-27,-4,-9
-4,-22,0,-22,-9,-22,-13,-11,-4,-12,-18,-18
5,-5,-19,-19,4,-11,3,-9,-11,-18,-14,-23
-11,-20,-12,-2,-16,2,-10,-8,5,-10,2,-17
3,-18,-5,-20,0,-1,-14,-21,-13,-18,1,-14
3,-18,-7,3,3,-9,-12,-21,-15,-19,-11,-2
1,-20,2,0,3,-21,-1,-9,-11,-2,5,-8
3,-14,2,-3,-2,-5,-21,-21,-2,-5,-13,-2
5,15,1,-7,-9,-3,4,-14,-12,-10,-10,-10
-7,-19,-1,10,-12,-6,1,-10,-7,2,1,17
-5,-12,1,18,-11,-11,-3,-15,-2,-15,-5,-16
3,-14,1,15,0,-10,2,-1,-9,-15,5,-2
-6,-16,5,0,2,0,-7,-12,-1,8,-11,1
5,1,-1,19,1,13,1,1,-21,-10,-9,3
-10,-14,4,-13,-10,-11,1,-14,-1,-10,-21,-13
-12,-4,-6,-9,5,-10,-13,-9,-19,-2,-2,-13
-12,0,2,2,4,-5,-8,5,-21,8,5,-6
4,15,0,2,-13,3,3,8,2,-6,-6,-9
5,7,-14,21,4,9,-3,7,4,-8,0,26
2,5,-1,21,2,-9,-16,8,-14,5,-15,-6
-4,-1,-10,2,-12,-7,-10,6,5,25,5,11
3,10,-20,20,4,-6,-10,-1,2,4,4,16
1,-3,-3,-3,3,-1,0,20,2,17,-8,-1
-17,-5,-12,2,-11,17,2,22,-13,9,2,29
-12,-1,-19,-3,-4,3,-8,6,-11,10,-13,11
-3,7,-14,27,-11,6,3,27,4,8,-12,10
1,12,-14,5,-7,32,2,0,-8,7,2,13
-13,10,-13,15,-20,22,3,0,-1,1,3,15
-8,19,4,18,2,35,-2,16,-2,0,-3,6
-6,-21,6,-23,-13,-32,-5,-31,4,-25,5,-9
-3,-26,5,-21,6,-7,-12,-33,1,0,6,-14
-11,-32,-17,1,-13,-16,-11,-21,6,-10,1,-19
3,-23,-16,-22,0,-19,5,2,-14,-25,-7,-32
-11,-28,-4,-7,6,-6,-7,-23,-13,-15,-3,-23
-3,-23,-6,-13,4,-31,6,3,-13,-21,3,-9
3,-15,-13,-9,-10,-18,-1,-24,-11,-19,-18,-24
3,-18,-10,-15,6,-2,-9,-13,-5,-26,4,-8
5,-9,-18,-22,4,-21,4,-25,-10,-22,-6,-27
-8,-10,-20,-21,-4,1,-5,-9,2,-25,-5,-23
-11,-18,-5,4,1,-8,-12,-11,-15,-9,3,-7
-9,-9,1,-7,-9,-16,6,-10,0,-25,4,-12
-1,-18,-20,-19,-14,-22,-7,-19,5,8,5,-17
-9,-8,-10,12,-7,-18,-19,-17,-9,-22,-2,-22
-17,-22,-5,-10,-1,-19,-7,-9,2,7,-2,-14
5,4,-8,-7,0,-4,-1,0,-3,15,2,-6
5,1,-7,-9,4,-3,0,3,-11,-19,5,-18
1,-15,-13,-13,1,-11,-2,-13,-5,1,3,-17
-10,-17,-16,-6,5,-14,-8,4,5,-6,-10,8
-6,-4,1,-5,1,-1,-13,-2,0,-3,2,-1
-4,-7,3,-12,-11,-2,3,-4,-6,16,0,9
4,1,4,-14,-19,-13,-15,-15,-6,-12,5,-14
6,5,4,8,-12,1,-8,-4,-2,4,3,-14
6,5,-15,-12,-9,3,5,13,-5,-3,0,3
2,-12,-8,-1,-1,-1,1,21,3,9,4,-10
-11,-6,3,5,-11,4,-18,-11,5,15,-14,-7
-11,-9,-4,-3,5,2,-1,-5,4,-10,-10,8
-5,3,4,-4,2,1,-10,8,-7,-3,-5,0
5,23,0,8,-19,21,-15,3,-7,16,-4,25
2,4,-5,15,-3,29,-19,26,-2,25,-19,27
-13,-6,-16,1,-1,22,-20,22,-15,23,-11,26
-12,-3,-20,13,-3,30,-20,25,-12,31,-6,20
4,19,3,9,0,9,0,12,0,26,5,18
-17,1,-17,15,-20,11,-20,26,-7,33,-16,0
4,25,-6,33,-20,31,-1,26,-18,29,-6,33
-1,9,-17,30,-20,23,-1,28,-17,29,-18,30
-6,29,-11,26,-1,36,-15,34,-17,29,-5,31
-18,-31,-9,-21,-19,-28,-11,-31,-18,-22,2,-33
0,-28,-2,-16,-8,-24,-19,-29,-9,-22,-12,-33
-7,-11,-10,-19,0,-14,-7,-23,-11,-23,5,-17
-1,-25,-9,-14,5,-11,-10,-25,-14,-29,5,3
-9,-16,-16,4,-8,-15,7,-10,-10,1,-6,-23
6,3,-16,-25,-11,-29,-12,-13,-1,-14,-4,-17
-7,-6,-8,-7,0,-6,1,-27,-15,-30,-12,-23
4,-20,-18,-10,-10,-21,-1,-21,-9,-26,-9,-15
6,7,4,-2,-3,4,5,-8,-11,-24,5,7
-11,-15,-13,-22,-11,-24,-9,-16,-7,-12,-17,-16
-11,-12,-8,-14,7,-17,-4,-12,-13,-8,6,-13
-10,-25,-6,-8,3,-11,-19,-2,2,5,4,-19
3,-12,-8,-9,-19,-13,2,-3,-9,-17,-12,-7
5,-3,7,13,3,8,0,-6,-10,-15,7,5
-1,-15,2,-7,-12,-17,-2,-20,5,-14,-13,-13
6,8,-4,-5,-17,14,-12,3,-13,-1,-17,5
-3,-9,-17,-17,5,16,-11,-1,2,6,-8,-18
6,-2,-8,-5,3,-2,0,-6,-3,-17,0,-3
5,4,-17,11,-11,-17,-13,-18,-9,-8,-9,-9
-17,-14,-9,-6,1,-8,-4,-1,-13,-12,6,-2
5,2,5,-3,2,-4,4,-15,0,-14,-1,-3
-6,2,-15,10,5,-2,-17,-11,5,3,7,1
-17,-10,-19,-12,6,13,-2,-13,-13,-5,-10,-10
6,17,2,-10,3,16,-6,11,-5,-1,-10,-11
-11,1,-8,-7,4,8,5,10,-13,-11,-5,-3
-16,-8,-12,-8,-2,6,-3,23,6,14,1,10
2,2,-14,11,-16,13,-9,23,-15,25,-10,16
-9,8,-14,27,-1,16,-6,26,-18,15,-4,17
-9,14,-14,23,-16,11,2,19,-19,22,-5,19
-10,23,-16,18,-8,28,-18,24,-9,18,-17,-2
-16,11,-18,-2,-8,30,-2,30,-15,24,-17,24
-13,21,-6,29,-15,25,-12,21,-18,18,-16,26
3,28,-2,29,0,29,-15,27,-12,5,-5,22
-12,30,-18,31,-9,22,-15,20,-2,31,-16,26
0,34,-15,7,4,10,-18,15,-6,16,-4,18
-2,24,6,-1,-12,13,-2,11,6,8,-7,18
-19,21,2,25,2,17,-19,1,-4,18,-8,33
5,-18,3,-34,-8,-31,-11,-29,2,-35,7,-2
-10,-25,-5,-17,4,-23,4,-20,6,-23,3,-10
5,-28,2,-25,-8,-24,3,-32,0,-34,-6,-27
-2,-21,-16,-29,7,-11,3,-11,-4,-29,-8,-20
-14,-31,-11,-30,8,-1,4,-22,4,2,3,1
5,-26,3,-1,-12,-2,8,-10,5,0,8,-24
-10,-15,1,-4,-6,-15,-4,-25,8,-22,-10,-23
-1,-19,-7,-3,-11,-27,-8,-20,7,-19,-11,-25
-5,-10,-3,-13,4,4,-3,-16,-1,-11,-9,-18
5,-23,-16,-14,8,3,4,-10,8,-21,-15,-23
-6,-8,-5,7,-6,-1,-5,-19,-3,-21,-14,-24
2,-19,5,-5,7,3,-2,-24,-6,-21,-10,-15
4,-11,-13,-7,-3,0,7,-11,5,-9,5,-10
6,-4,-8,0,-13,-16,-8,-7,-4,-15,0,-9
-10,-22,-9,13,-16,12,-18,2,-15,-2,-7,-13
4,-6,7,3,1,6,-16,4,6,15,-2,7
-16,-15,-4,0,-18,15,1,15,-15,8,-13,8
-11,-18,-4,-6,-15,14,-9,5,-15,17,-1,4
4,-12,-3,13,-15,14,-17,-18,-10,-8,3,-6
2,-8,-18,-13,1,18,-12,-6,-9,-2,1,17
-5,15,-13,-7,1,16,-1,7,-9,7,-18,18
-15,7,8,-15,1,14,-1,16,-13,-1,6,5
-15,4,-13,0,1,16,-1,16,-11,14,-5,12
-17,17,-2,18,-15,18,-1,16,-1,11,-3,23
-18,14,-1,10,-13,20,-1,16,0,12,-18,10
-12,23,-17,19,-9,22,-7,23,1,-7,-7,4
-17,7,-16,4,-10,25,-7,11,-18,8,-2,9
1,23,-7,16,2,15,-16,-1,-10,-1,-14,21
-16,13,0,0,3,11,7,3,5,10,-11,17
-14,29,8,12,-12,2,3,28,-16,3,-9,12
-11,26,8,19,-3,0,-13,22,1,27,-1,19
-13,31,-8,2,-18,-1,-4,26,-12,21,-3,29
0,21,-6,23,-15,12,0,24,-9,0,-1,24
0,24,-10,25,-2,33,-1,13,-16,6,-3,3
-18,17,7,31,1,24,6,29,6,8,-12,15
0,27,-4,2,4,22,-5,33,-6,17,-16,16
-1,34,-13,30,-10,10,1,11,-3,12,-1,13
-9,-35,-9,0,-15,-10,-17,-2,-15,-9,-17,-5
-2,-22,3,-30,-7,-15,-17,-31,3,-7,4,-3
4,-29,-16,-8,-8,-4,-17,-7,-7,-8,-6,2
-12,-33,-17,-17,-12,-18,-14,-9,-1,-3,2,-5
-4,-9,-14,-19,-10,-20,7,-23,-4,-6,-17,3
-13,-28,-5,5,-12,-11,-14,4,1,5,-9,-2
-11,-30,-2,-3,-9,-2,-1,-4,-13,-15,-1,-17
-3,-12,7,-12,1,-2,-17,-4,0,-28,-15,-2
-5,-3,6,2,-17,-5,-11,-3,9,8,2,-7
-9,-21,6,2,-17,4,-6,-2,-15,-3,-13,5
-4,-2,4,10,-16,-5,0,0,-15,-24,-7,-4
4,-16,9,-3,-12,8,1,10,-6,10,6,-2
1,-4,6,0,-7,8,-3,12,5,2,-6,-7
2,-2,-3,-22,-15,-4,-17,-2,-15,-10,-3,-10
-11,-2,-12,11,-1,-15,-13,-7,-10,8,8,7
-3,5,-13,-7,-3,-10,-2,12,-5,-8,7,12
-12,4,-16,4,-3,-4,-1,12,7,-5,-1,4
-13,12,1,9,9,-7,-12,10,-12,-1,5,-18
-16,18,-16,4,3,1,-3,7,-14,6,-12,-12
-9,15,2,14,-6,6,-6,16,4,8,1,15
-16,9,1,15,-14,-2,-1,14,-17,6,-12,-9
-15,8,-13,0,-1,8,-7,13,4,21,-11,4
0,10,7,20,-14,-6,-13,21,-7,4,4,-4
-11,20,-14,-6,-3,18,-11,22,3,-7,-8,18
-17,18,-15,6,0,19,1,20,-15,23,-1,14
-15,5,-5,-10,0,16,0,16,-14,16,-2,19
-7,16,-5,15,-16,24,-10,18,-12,21,-5,17
-12,13,-1,19,0,20,-9,14,-17,25,-13,24
-10,2,-9,13,-16,25,-5,-2,-4,21,-11,20
3,18,-17,12,-15,23,-13,10,-7,28,-2,28
6,29,-17,23,-15,25,0,29,-15,28,-1,26
-14,31,-4,17,-10,30,-8,28,-16,15,-1,29
0,22,-10,8,-13,27,-9,32,-11,6,1,19
0,25,3,7,-13,31,-1,10,-17,21,-12,28
-17,18,-2,21,-15,11,9,34,-16,13,-14,13
0,29,1,16,-8,24,-10,22,-4,31,-12,7
-17,22,-2,26,-5,28,5,28,-8,25,1,22
-12,-7,-5,-5,-13,-18,1,-2,-9,-9,1,-2
-15,-19,-3,-7,-13,-15,-14,-4,1,-9,1,-4
-15,-19,-6,0,-9,-10,-14,-11,0,-7,-6,-23
-6,-4,-10,-11,-8,1,-16,0,-5,-14,-16,-26
3,-5,-6,-14,-4,-8,-7,-7,10,-22,1,-14
-1,-6,3,-20,-6,-23,-2,-17,8,2,9,-25
1,-9,-13,-2,7,-24,-8,-1,-3,-19,-10,4
-6,-1,1,-12,7,-7,-6,-10,-15,-22,7,6
-11,-16,-8,2,-15,-9,6,-2,10,-26,-13,-26
3,-4,-16,9,-7,-4,-10,-9,-2,-17,5,-1
-14,-16,-8,-14,2,3,-14,-6,6,-9,7,-17
3,0,-12,-17,-6,6,-13,-22,7,-6,8,-2
-6,0,-2,-1,-5,-5,-4,1,-13,-15,4,-5
-11,-6,-15,12,7,-19,3,10,-1,-7,-10,-1
-10,-12,-9,-11,-5,11,6,0,-7,-8,-7,8
-13,3,-1,-20,8,6,-7,0,-16,-19,-16,15
-11,10,-3,1,-11,-7,-10,8,0,-5,-3,13
-14,5,-16,-6,4,11,-5,0,1,16,-6,5
-11,9,-10,-1,-12,14,-11,-17,-12,-2,-2,1
-11,9,2,7,-12,11,1,-17,2,6,-15,-16
5,6,-14,14,-15,15,0,2,-14,20,-16,7
-2,4,-12,9,1,17,-8,18,-16,16,-3,4
-13,13,-16,11,1,16,2,19,-16,12,-15,22
-7,19,-11,15,0,12,-13,19,3,18,-3,22
0,2,-1,22,-8,11,-8,8,-12,20,-8,24
-16,-6,-5,23,3,-1,-5,15,-3,14,-1,18
7,2,-11,10,2,22,-14,17,-8,16,-5,25
2,-4,1,20,-1,12,-1,20,-2,6,2,25
9,25,-14,4,-1,5,5,12,-15,-3,-11,5
-5,10,-12,9,-2,8,-13,-2,-3,20,-14,11
8,30,-13,26,-14,14,4,1,-1,24,-13,14
0,19,2,29,0,4,-10,8,-14,24,-13,25
-16,28,-12,14,-10,12,-3,16,4,9,-1,21
-13,26,-9,21,-8,4,-15,31,0,29,2,24
-16,16,9,27,0,29,-13,24,4,20,-9,25
1,32,-12,21,-6,32,-16,1,-10,5,-1,15
2,26,-6,24,0,35,6,25,-6,17,-11,32
-8,-5,-10,-11,-11,-19,8,-7,-10,-11,-15,-27
-9,0,-14,-4,-8,-20,5,-27,-11,-10,-7,-2
-15,-6,5,-12,-12,-9,7,-29,4,-20,-14,-3
-7,-7,-10,-1,-9,-22,1,2,-8,-8,-1,-26
-1,-2,-11,0,-15,-15,2,-14,4,-21,-15,-8
0,0,10,-12,2,-13,10,-10,-7,-11,8,-7
1,3,6,-3,-11,-4,8,-11,-3,-29,-5,-22
-5,5,-6,-19,-8,-13,-8,4,-3,-12,11,-12
-11,0,-1,-13,-9,-3,-6,-25,-15,-14,-6,-27
-11,-12,3,-7,9,-17,6,-22,11,-6,2,5
-11,0,-13,-10,5,-23,-14,-24,-1,-8,-8,10
-11,-9,-1,-1,3,-18,-9,-17,1,11,9,1
2,-2,11,11,9,2,0,-20,-5,-13,-10,-14
-11,-1,-3,8,-7,-3,3,-18,2,-19,-2,-8
-8,2,1,-17,-8,-11,10,1,-3,-2,-11,7
-12,2,-11,-8,-14,-5,-7,0,-3,3,11,-18
-14,8,1,-1,-2,-5,0,15,-1,13,1,-5
-6,17,-15,13,-14,-9,5,3,-9,0,-13,16
-2,14,6,-7,-8,2,-13,-12,8,-15,-2,18
5,-6,-12,12,-10,9,-11,4,-11,-11,-2,10
-1,0,-12,14,-8,13,-1,12,5,20,-11,10
10,7,-7,7,1,14,11,-4,10,1,-12,-5
3,-8,-4,-11,-3,22,-14,-4,-14,12,-15,6
-5,-13,-13,4,1,13,-3,22,-13,17,4,18
10,-2,-7,3,1,9,-13,3,10,7,-12,13
11,2,10,-5,-2,7,-14,4,-8,13,3,5
2,-7,2,-8,8,15,-7,8,-4,11,5,8
11,-9,6,17,5,20,8,4,3,10,-11,-4
-3,8,-14,6,-7,11,-1,16,-15,20,7,15
8,0,-15,16,-1,11,-2,1,-10,20,-10,4
9,29,-13,17,1,14,7,-3,-5,21,1,16
-12,9,-13,29,-12,16,4,22,-9,20,-4,29
-15,13,-12,16,6,22,11,31,11,14,7,13
-12,27,-14,33,7,31,8,25,-10,31,-7,21
3,27,8,32,9,14,-10,4,8,-2,-3,32
-12,30,-3,29,-10,3,2,4,-10,34,-10,34
-13,33,-5,33,-6,5,3,2,11,1,-3,28
-13,-4,-6,-16,-13,-32,-5,-13,-9,-23,-13,-16
-14,-10,-5,-6,4,-33,-4,-4,11,-8,-6,-12
-14,-3,-13,-19,9,-29,3,-26,2,-15,-2,-24
4,-9,5,-29,-9,-24,-10,-9,-8,-10,2,-10
-10,1,-12,-22,7,3,9,-11,3,-24,-7,2
-10,-4,2,3,-6,2,-13,-4,-5,4,-6,-23
1,-8,-3,-21,2,4,-4,4,-6,-28,12,-8
-7,-23,-8,-10,-7,-1,-7,-2,-11,-18,9,7
-7,-21,12,-18,4,6,-7,-8,4,-16,-4,-22
9,5,7,-23,-8,3,-3,0,2,-13,0,-15
4,-13,-13,-20,0,10,-13,4,-14,-3,-3,-4
-14,-17,0,-20,-10,11,-9,-2,-1,-3,-5,-4
8,9,2,-23,-8,8,-8,6,6,-4,4,-3
6,1,-10,-4,-14,4,-6,1,-2,-2,-12,-22
0,3,-7,-9,4,11,4,4,-9,-11,2,5
-2,14,-4,0,-10,-14,-8,-5,3,10,1,3
-3,14,-5,4,-2,6,8,-16,8,1,-10,-19
-12,-7,4,4,7,-14,0,0,8,16,-10,16
-9,-13,-12,-7,-14,11,-10,-13,2,8,-5,2
-14,-11,-13,15,-10,-9,1,-9,3,-6,-12,5
9,-14,-1,9,-12,-14,11,15,-5,15,0,2
12,-5,7,4,3,-13,9,21,-10,-4,-4,18
-2,-2,-5,-8,11,18,11,-14,-10,4,0,-11
-14,-11,6,2,-9,8,-2,-13,12,4,-7,-2
8,-11,-14,-2,9,18,-10,-12,0,18,-1,18
6,-8,-3,-11,-2,10,-2,1,4,5,-1,12
-2,-10,6,26,7,23,-14,0,-10,10,-13,-6
-4,-7,-6,16,4,27,-8,20,-11,26,-3,20
-3,-7,2,14,-3,19,2,14,-9,-2,-10,28
7,4,-11,26,4,16,2,17,-11,26,2,24
-12,30,2,24,5,25,2,-2,5,21,-11,26
-11,27,-11,9,-14,10,-9,14,-9,17,-6,30
4,26,-6,28,-12,24,10,8,-14,4,-8,6
0,32,-12,6,-4,3,7,16,-11,4,-11,19
4,32,3,12,8,13,1,20,3,19,-13,23
4,35,-6,23,-13,13,-11,8,-7,10,-14,29
2,36,-2,23,1,29,6,28,-5,19,5,17
-10,-3,-8,-28,1,-14,12,-3,-2,-4,-12,-29
-5,-1,-7,-12,-1,-6,7,-16,9,-32,-13,-18
-12,-11,-4,-22,-10,-29,-2,-2,13,-3,-8,0
-5,-3,1,-8,-2,1,-12,-8,5,-5,-5,1
-1,4,-12,-15,4,-10,-7,-11,4,0,-6,-32
-8,-8,-3,5,4,2,2,5,-9,-21,-11,-31
8,-13,4,4,2,5,13,3,5,3,6,-3
-6,-11,-4,-8,12,-8,7,-3,4,0,2,-16
0,-6,-9,-1,13,-9,11,1,-5,-11,12,4
-6,-13,9,-7,-1,-21,-1,1,6,-5,11,-19
2,-8,-8,9,10,-5,-1,-6,-9,-12,-4,-19
-5,-22,-3,-24,-13,1,-8,-17,-5,-7,-9,-8
-11,-18,11,-3,13,-11,6,-15,-8,8,-2,-6
8,-5,-5,-13,2,-3,-12,-10,10,-22,11,-20
6,-14,13,-17,-4,0,4,-9,3,1,0,-20
-6,-2,4,10,-1,11,-11,-20,-9,10,10,-5
6,-9,-2,13,1,9,13,-19,8,3,-13,13
9,0,-8,-12,-10,-13,7,10,-1,-8,1,17
11,8,-6,10,0,12,-12,2,-9,16,-4,16
-3,-14,5,10,0,9,10,13,3,14,0,17
0,-11,-4,3,12,-13,-12,-13,13,-3,0,6
4,-15,9,-9,-10,2,-8,-1,-2,-13,-8,1
10,-11,-13,12,-1,9,-8,-1,-12,15,-5,13
10,3,-6,9,-10,13,-7,10,-8,-3,5,-2
-3,2,-8,10,-6,-9,-7,2,-6,-6,-4,-7
10,-3,-10,6,-13,11,4,8,-1,24,-9,17
5,-1,-10,24,-7,25,-8,15,3,25,-7,19
-2,11,-3,19,5,15,6,22,-4,18,-5,17
-9,6,3,27,-13,26,5,17,5,23,1,26
-11,12,-13,26,-5,22,5,23,0,28,-11,25
5,27,13,2,-9,23,-7,4,-13,-6,7,11
5,27,-11,31,-7,-5,-12,7,-10,20,-13,23
1,32,0,11,4,10,7,21,-2,26,3,17
4,32,-7,33,5,32,-3,24,-4,17,-6,21
-12,31,6,33,-11,13,13,23,-1,34,-12,17
4,31,-4,29,2,27,-9,9,-11,22,-9,30
3,35,-2,30,3,30,1,21,-4,30,-12,18
-6,-5,-3,-11,1,-1,-6,-19,-5,-13,-10,-7
4,-3,2,1,5,-9,-10,-1,-7,-33,-5,-15
-10,-21,-10,-12,4,-10,2,-7,-7,-10,12,-20
9,-8,7,0,1,-4,-10,-9,-7,-18,-6,-17
-5,-28,-11,-23,11,2,-11,-18,-9,-6,5,-2
12,-2,1,1,-12,-6,-4,-14,-12,-14,-1,-7
-11,-24,-7,-24,6,-4,-8,-3,-11,6,-5,-8
0,-7,4,-5,-5,-20,3,3,-12,-16,-7,1
-5,-13,-7,-9,7,-9,-11,1,-1,5,-2,-9
5,-12,6,-5,1,-8,-3,-11,6,-7,7,-19
8,-13,11,-1,1,-5,-5,-16,-10,-4,12,8
-6,-24,11,6,-10,4,12,-21,11,-5,11,5
8,-12,-6,-3,-3,-5,9,1,-2,-23,3,-19
-4,-19,-3,4,-7,0,0,-19,-8,-19,2,-6
9,-6,-10,-14,1,6,13,-20,-2,-6,10,-16
3,-5,-6,-19,2,-2,0,13,7,2,-12,-5
-4,-11,1,7,6,11,-10,16,-5,0,-11,-8
12,5,5,9,-6,-13,-12,17,-5,7,8,1
11,-1,-5,17,-11,2,-11,3,-8,9,4,2
11,-4,-10,18,-4,14,-7,7,-8,-9,1,4
0,-1,-3,4,-4,14,8,11,7,-1,0,9
8,-13,10,7,-12,21,-8,19,-3,14,-2,19
-3,1,1,16,-3,15,3,5,-11,5,7,19
13,19,4,-10,4,1,6,23,-6,19,-8,1
-9,-10,2,18,-6,-4,-12,1,-6,17,5,12
4,2,-9,12,7,23,-12,24,6,19,-9,22
-9,24,-10,22,-9,20,-12,22,-3,16,-9,26
-12,24,-2,22,10,-3,-1,26,-11,7,5,-5
-11,13,12,-2,2,25,-3,6,1,25,0,0
7,27,-12,8,1,17,0,20,-10,19,0,7
-12,10,10,-5,0,21,-9,-5,-9,-1,-6,1
5,22,2,28,1,7,-11,3,-9,17,0,21
5,32,4,11,-2,31,4,24,6,6,-6,19
6,32,-10,23,2,-2,2,10,-10,5,5,11
-10,29,-11,-1,10,33,-8,10,-3,30,-9,17
3,34,-8,35,-6,11,-7,6,-8,11,4,9
3,36,3,25,2,17,-7,9,11,9,-7,25
9,-6,3,-7,2,-5,4,-12,-11,-11,-10,-20
10,-4,0,-29,-7,-22,-9,-7,8,1,-6,-21
2,-8,-5,-1,-5,-7,11,-4,5,-14,5,-22
-11,-26,3,-2,3,-25,1,-9,12,-3,7,-18
0,-10,6,-2,9,-11,13,-14,0,-8,9,-20
5,-16,-1,-2,-4,-1,-9,-24,12,-3,8,-21
11,-20,-9,-2,4,3,-5,4,11,-23,-7,-20
11,-20,6,-14,-5,-3,-6,-24,0,-9,1,-6
9,-13,9,7,-6,-26,-7,-20,15,-3,-9,-21
7,-9,8,-5,3,-13,7,-4,-10,-21,-3,-10
7,-9,-3,-8,-8,-26,-2,2,-11,-17,-11,-15
9,-9,2,-15,11,-12,-11,-5,10,8,10,-3
6,-12,9,-18,12,7,4,-9,9,-12,9,6
12,-2,13,12,-5,-9,-5,-17,-5,12,10,-7
-3,-5,-10,7,0,8,9,-12,0,-8,13,9
13,7,8,-19,-4,-13,15,-12,15,9,-11,-9
1,-1,1,-16,-11,-1,-7,8,-5,14,15,-8
11,-14,11,11,-6,3,2,4,14,-2,4,-1
-7,-14,2,-18,-3,18,10,-14,-7,8,-3,12
8,-2,8,10,-3,15,-9,-1,-3,11,-5,-12
-3,-9,4,16,-4,9,-9,-5,-1,12,12,-9
4,0,-5,11,-6,16,-2,19,-11,0,14,3
11,4,9,-6,-9,4,-8,-1,15,8,-2,11
11,-9,6,7,-10,9,-8,5,11,12,-1,7
11,8,-8,9,15,-7,7,19,-8,19,-6,21
-9,6,-8,13,6,12,-3,16,2,4,4,21
-10,12,-1,16,-10,22,-9,12,14,21,0,16
-1,27,-10,3,-3,16,-9,12,4,12,-8,18
2,27,-10,12,-5,25,-7,25,-5,20,11,24
8,26,-7,22,5,12,6,18,6,11,-10,28
-11,18,10,-5,-9,-6,-8,16,6,24,-6,15
-4,31,-10,28,4,26,-6,15,-7,-2,-4,28
-11,19,-3,27,-4,15,-6,14,8,30,7,21
6,26,5,15,5,8,-4,5,4,21,-7,22
6,29,-6,8,-7,20,0,-1,-9,30,-1,21
7,30,10,8,-6,34,-6,35,6,21,4,27
-9,32,-5,25,-5,24,-7,25,3,36,7,36
-3,-24,-3,-9,0,-17,-7,-20,8,-14,-7,-1
3,-15,2,-11,-4,-4,-2,-13,-7,-17,9,-3
11,-15,6,-26,4,-4,-7,-13,4,1,-1,-5
14,-2,10,-26,-7,-22,-3,-1,-2,2,-8,-23
9,-23,1,-14,-2,-5,-6,-14,7,-12,15,-12
12,-23,13,-31,2,-11,-3,-10,4,-20,1,-1
2,-9,16,-1,-3,-20,-3,-17,-6,-21,-8,-17
4,-9,-4,-28,-8,-12,2,-28,2,-7,7,-22
6,-9,-3,8,-7,-16,3,-28,0,4,4,-14
10,-20,-7,-22,6,-19,1,-3,16,-1,3,-23
11,-16,-1,-10,14,-24,-2,-18,-7,-18,-2,-24
13,-3,-4,-10,-1,9,14,3,10,-2,16,-17
10,-10,14,12,-3,-18,-4,-17,11,10,9,0
14,11,10,-11,11,13,6,-20,8,-19,14,-13
9,-5,0,5,14,12,-4,14,12,-10,9,-18
8,-5,4,-15,10,10,7,-1,-1,-9,10,7
3,1,3,-15,-7,7,-9,8,0,-11,10,2
-3,-14,2,-12,11,-5,10,-7,0,2,-4,5
11,10,8,17,6,0,-1,0,-2,9,6,18
-8,-8,-10,14,7,4,-3,-8,7,6,10,-9
7,-3,2,3,13,3,0,-10,16,3,-10,-11
9,1,-4,-5,12,12,4,-6,13,-9,-2,16
2,6,15,-7,13,-5,15,-4,12,5,-9,-4
9,-1,10,1,11,11,16,18,-9,-9,8,-3
-4,-10,6,0,7,7,8,22,5,-4,10,3
-2,8,2,-8,-4,8,-4,1,11,4,8,17
0,11,3,-8,6,3,-1,12,6,0,-7,14
10,22,2,13,3,18,-5,12,-7,1,-4,27
-6,5,3,5,-3,19,-6,12,9,18,10,23
-6,23,0,23,-3,29,-9,29,4,24,6,7
-5,28,-8,27,0,30,-7,11,9,22,13,21
-4,31,11,28,7,8,-4,26,0,25,9,6
-8,26,4,-4,4,23,7,6,3,24,-1,10
-3,27,9,27,-5,9,-1,28,9,4,7,19
3,34,3,33,-8,10,3,24,0,22,-7,9
9,34,-3,16,3,35,-5,30,12,7,6,24
-3,35,0,6,13,29,8,21,-10,27,-5,27
13,-20,7,-4,-3,-26,-1,-11,-5,-15,-7,-16
5,-17,-9,-1,16,-1,-3,-2,-2,-33,16,-9
2,-11,9,-18,-5,-7,11,-10,-4,-29,10,-20
-2,-30,-2,-8,-6,-23,8,-18,17,-33,12,-16
-2,-30,2,-3,-9,-4,3,1,11,-3,2,-7
15,2,2,-29,7,-4,-8,-9,-8,-18,-9,-6
9,-16,-3,-10,12,-30,11,-9,-3,-9,-4,-26
-4,-26,3,-19,5,3,3,1,14,-4,2,-1
8,-14,3,0,-9,-27,2,-8,14,4,8,-16
11,-8,-3,4,-9,-17,12,-21,3,-1,1,-27
12,-19,7,3,3,-4,-3,-11,11,5,0,-9
2,-7,-2,-7,7,-23,15,-17,-9,-21,-5,9
10,-11,17,-18,-3,12,4,-13,3,7,4,-16
14,2,13,12,2,9,16,2,-4,-22,3,7
6,-3,2,10,0,-18,-5,-18,8,-6,13,9
10,-2,-4,-21,-1,-15,-4,-5,14,14,17,3
11,0,6,-17,-6,8,17,3,-8,-2,-6,-14
-6,-13,-9,-2,5,4,-3,7,11,-2,10,-1
14,18,7,18,-3,2,-6,-16,-3,-6,9,13
14,10,0,1,17,15,13,-5,15,2,-3,-3
-3,-13,5,-2,8,0,7,-5,13,-5,-1,2
1,3,1,-7,12,17,1,10,12,-10,-4,-15
-9,-5,10,-14,16,9,13,22,0,-1,12,-7
-6,-6,-3,-9,13,17,1,8,15,22,16,-2
6,11,-6,-2,6,14,0,0,-4,4,-1,-12
1,12,-6,4,-9,-11,17,19,14,22,12,16
-3,2,4,13,17,15,3,13,11,-3,12,21
8,11,6,27,-8,-6,-6,1,12,8,12,12
-4,13,10,21,-7,13,7,21,15,-6,11,24
5,25,-5,3,4,9,10,1,-5,17,9,22
0,20,12,4,-8,30,2,1,16,14,0,9
-5,27,2,22,7,17,4,26,4,8,-7,7
-1,31,-4,25,12,2,6,21,15,30,-6,17
-8,15,5,18,7,9,-8,29,6,33,14,18
-8,17,9,12,-4,4,12,10,12,2,-9,24
-8,19,-6,15,-9,19,9,26,7,23,0,35
-7,20,9,25,-6,15,-8,23,-7,15,-4,19
7,-19,3,-1,14,-14,-5,-7,-4,-17,2,-31
16,-5,3,-15,10,-13,-4,-16,7,-4,4,0
-3,-32,9,-27,-4,-30,7,-17,4,-15,-3,-10
12,-16,2,-20,11,-27,8,-13,1,3,10,-13
10,-21,-4,-30,-6,-10,1,-12,0,-16,10,1
1,-14,-4,0,3,-5,0,0,0,-1,7,-30
-1,-10,-4,4,7,-11,-1,-25,15,-26,-7,-1
10,-17,14,-25,16,-21,9,-18,8,-28,7,-10
9,-12,-1,-14,13,-7,13,-11,1,-21,2,-1
10,-8,15,-16,12,9,17,-20,-6,-23,18,9
7,-6,9,-15,1,-23,6,-18,17,-20,18,9
6,-4,-4,-8,13,-10,16,-18,18,9,-2,-4
-2,-7,6,-17,10,-6,4,-5,7,-13,-6,-10
-7,-16,6,5,-4,-2,15,-8,9,-18,14,-11
-3,-18,8,-16,12,-4,18,2,5,9,3,-1
15,8,14,-7,13,-18,-3,14,-3,-2,14,-13
14,2,5,-11,-5,16,-3,10,6,-6,1,-2
1,3,2,-10,9,-16,4,-12,3,4,13,-15
-2,-12,0,5,11,-16,6,-18,-8,11,18,16
-4,-11,-5,-9,10,2,4,-12,8,-11,8,-12
4,12,13,-8,-7,-4,6,-14,14,20,-3,-11
-6,-7,1,-15,1,13,-1,-3,1,-13,10,15
14,7,14,7,14,-14,7,12,12,11,7,1
5,12,2,9,0,3,15,22,2,20,5,12
-2,4,-4,-7,-1,22,17,24,11,17,5,-9
9,8,-1,-2,7,11,-1,6,4,21,18,-10
-8,0,9,-5,-4,6,3,18,14,-1,-6,-2
10,12,9,3,-3,-8,-1,-5,6,8,-7,-3
-2,1,15,27,10,-5,6,15,10,0,4,24
2,23,18,13,-7,-2,12,8,11,3,3,12
-5,20,1,16,8,-1,-5,5,16,-1,17,3
-5,11,-1,21,6,20,8,10,-6,-2,9,21
-8,23,-2,8,-2,17,14,29,8,17,13,1
-7,31,-1,31,-4,-3,11,17,4,24,-7,8
-6,32,10,13,7,28,16,8,-4,3,14,-2
-1,33,-2,23,-7,8,-3,32,1,16,-8,20
0,36,4,0,-6,11,13,30,-6,19,6,20
14,-21,4,0,-3,-24,-5,-23,-6,-1,10,-3
14,-21,16,-23,-3,-2,-3,-5,-1,-4,7,-4
1,-29,15,-25,11,-6,0,2,10,-9,7,-10
1,-25,5,-13,7,2,10,-1,5,-5,8,-12
1,-16,1,-18,-4,-3,12,-6,1,-9,6,-8
0,-22,8,-18,-6,-20,1,1,-2,-10,12,5
15,-3,12,-22,13,-7,2,2,18,3,5,-8
15,6,13,3,4,-5,11,-25,17,1,1,-7
15,1,9,-8,-3,-10,7,-13,12,-7,-1,-26
15,3,-4,-18,16,-4,-1,-25,12,5,15,-8
8,-5,6,3,1,-18,-5,-17,16,0,17,-4
16,3,9,-9,3,1,12,-2,8,-3,4,-2
15,1,14,11,15,12,13,7,-4,-12,-3,-2
-1,-10,-4,-11,1,-23,9,-18,9,-12,-4,0
0,-14,-1,-15,3,-18,19,-22,11,-17,-4,12
0,0,14,-5,15,-13,3,-7,18,15,10,-11
12,0,17,6,18,6,3,-18,1,-5,17,-14
-1,0,13,-15,12,-12,11,-19,3,12,13,-19
4,1,14,10,8,-10,1,-5,12,0,2,-10
14,4,2,17,9,-2,13,-15,13,18,12,2
-1,-12,7,11,11,-15,4,6,11,-1,0,-1
-1,-1,11,-13,4,-7,9,-9,-2,-6,-4,-7
9,7,11,-9,16,-4,1,-8,1,17,-6,12
15,13,13,8,6,9,17,20,10,0,6,16
15,12,8,8,13,-1,1,2,-5,13,10,-12
4,15,7,-3,18,14,2,-4,14,2,15,2
3,9,-3,-9,4,8,0,-9,16,26,0,-9
8,15,6,7,18,22,18,6,18,15,-3,-5
13,15,12,1,10,12,12,11,4,26,-1,10
7,24,1,4,11,7,3,13,13,11,5,24
2,22,3,-2,7,22,-4,0,15,-5,16,7
-2,26,11,21,-1,18,3,25,12,14,6,26
-7,25,7,18,7,16,8,17,2,1,-6,-1
4,33,-4,0,-5,13,16,30,4,4,-2,9
0,27,12,13,-3,7,4,0,4,6,15,33
-3,34,-1,31,-5,8,-4,7,8,26,-7,2
-2,35,10,26,7,24,-4,12,-6,31,14,2
1,-19,3,-8,5,-5,-3,0,6,-11,16,-9
17,-16,5,-14,-4,-2,19,-23,-6,-2,17,-6
16,-17,-6,-22,6,1,-1,-2,10,-6,8,-1
-2,-31,11,-8,1,-12,-3,-2,2,-8,4,-5
11,-21,-2,-2,-5,-8,11,1,2,-3,-5,-15
14,-13,9,-10,-1,-2,-3,-11,-2,-24,0,2
-1,-29,8,-19,-1,-22,-4,0,1,-9,9,-3
5,-5,9,4,1,-7,10,7,1,0,-4,-5
16,6,16,-26,12,-13,-6,-13,17,-16,12,-23
3,-4,-5,-27,17,0,5,-12,16,-13,-5,-6
5,2,3,-24,16,-2,18,9,6,-10,4,-24
3,-6,2,4,14,0,0,-20,5,-7,14,-22
16,7,19,-22,6,-8,18,-8,10,-12,5,3
6,7,17,-8,-2,-21,18,-21,10,-10,-6,4
0,-17,2,5,18,10,7,-4,18,-19,16,-19
5,0,7,-1,6,-12,-4,-3,14,-6,2,-18
-2,-15,11,16,5,-15,6,-11,19,-16,10,-3
15,8,9,9,14,16,14,-13,10,3,13,3
3,2,19,3,1,-5,10,-11,-2,10,2,14
5,12,1,3,17,16,9,3,2,-16,16,3
16,20,10,5,14,16,7,0,15,4,3,-5
16,13,16,18,20,20,13,-5,6,-9,15,8
14,7,10,-12,12,-5,12,-3,15,-5,0,-1
8,11,20,21,-2,-12,5,17,-6,-2,9,-1
5,19,-1,14,2,5,11,5,15,15,-5,3
0,0,3,20,-2,-8,-2,-8,14,16,0,1
-1,6,2,-4,7,24,9,24,13,3,19,21
14,26,-5,14,3,0,8,8,1,26,-6,6
13,18,1,-7,3,13,5,0,19,7,19,-8
6,26,-6,-4,19,17,8,-1,15,9,-4,29
-3,19,6,-1,11,4,18,17,8,21,14,3
-4,20,19,15,-6,7,13,13,6,25,8,23
-3,16,17,-3,20,29,2,31,4,19,7,12
0,29,0,10,9,9,-4,7,0,10,-3,10
-2,32,19,32,11,-1,13,-2,8,14,-1,1
-5,23,15,23,8,5,16,33,20,31,0,34
-6,34,2,8,18,6,7,2,12,13,1,35
4,-20,9,-2,-3,-9,-1,-29,-3,-16,2,-6
18,-15,3,0,-4,-8,5,1,13,0,14,-5
19,-9,11,-7,-4,1,18,-28,13,-9,13,-10
-2,-28,18,-23,2,-10,-2,-3,14,-3,4,-9
-3,-25,8,-1,-3,-9,-5,-10,-4,0,-1,-9
16,-23,0,-4,-4,-14,11,-17,6,-5,18,-27
15,-22,21,-27,4,5,-3,5,14,-6,5,6
18,2,-2,-7,-2,-16,9,6,1,4,15,7
2,-17,8,-22,-1,7,11,-11,-2,-15,-5,1
7,4,19,-17,3,-6,5,-9,-2,5,-1,-21
16,-3,16,-5,8,6,4,-9,13,0,9,-5
3,-4,20,-15,9,-25,11,-13,10,3,18,1
6,6,-5,-10,3,-6,-2,3,7,9,6,-8
7,4,16,-3,-2,-16,-1,-9,11,10,4,0
16,2,18,6,16,-2,18,-22,6,9,-1,-11
15,1,7,-3,17,4,21,-15,4,-12,-4,-16
0,-2,20,-15,18,-12,0,-18,15,13,21,5
13,3,16,-19,20,16,17,-17,15,2,16,-11
-4,-6,21,15,19,-9,1,9,0,2,7,-2
0,-2,-1,-14,17,-10,7,15,13,12,0,-8
-4,-5,11,10,-2,-12,2,18,-4,1,0,20
8,15,19,8,8,-7,12,-1,10,19,-1,0
16,20,1,2,6,8,17,7,11,-11,-4,13
16,20,-2,-9,18,13,-1,-11,3,21,14,-8
16,24,13,-1,18,5,6,-7,8,-9,2,-4
3,11,6,13,17,22,15,0,0,17,10,-3
6,22,17,-10,19,11,11,6,13,4,3,-6
11,17,21,14,5,-9,-3,-7,6,13,-3,-5
1,15,17,8,-3,-4,-4,18,11,-1,7,-2
-2,4,21,21,13,-7,12,0,-5,12,1,-6
-3,20,15,13,-3,-3,2,8,4,16,1,19
9,29,6,2,20,13,9,-4,18,2,7,19
-2,15,10,-2,19,11,16,10,1,12,-3,21
-3,19,8,1,-1,2,11,6,11,1,9,12
0,27,13,-2,10,32,6,9,-5,4,5,14
-3,17,6,12,11,9,-2,27,17,22,19,-1
-4,31,14,17,0,34,18,10,2,36,9,23
12,-16,10,-4,9,-3,-4,-17,-2,-3,-2,-27
17,-22,13,-11,1,1,12,-10,12,-1,-4,-29
3,-18,5,2,5,2,15,0,0,-5,-3,-1
14,-18,0,0,5,-7,8,3,-3,-5,-2,-18
12,-15,2,-3,5,-8,6,3,2,4,3,-3
3,-18,8,-29,10,-5,-1,2,-3,2,5,-4
12,-14,-2,-3,1,-20,0,-14,-2,-2,8,3
19,4,3,-21,1,-11,-4,-15,6,0,13,-2
12,-6,16,-17,0,-3,6,4,3,-23,3,-9
-4,-16,22,-6,-4,-14,4,-16,8,-4,7,-14
2,-8,14,-5,-4,-10,1,1,9,-10,-3,-4
7,2,22,-16,-1,-1,-4,-16,5,-4,1,-7
8,5,11,0,-4,6,20,12,19,5,14,-6
17,-3,8,9,1,-6,5,3,14,-17,-4,-4
-3,-13,11,-4,14,-11,3,-22,6,12,1,4
2,-14,16,-3,0,-11,9,-7,3,-2,16,-17
-4,-8,3,-10,14,-14,19,11,7,16,0,7
16,15,12,-8,17,10,19,3,3,-12,10,-3
16,18,17,4,15,-14,8,-10,15,-13,15,2
5,7,22,-15,21,-12,17,-6,2,0,20,-10
9,13,-4,4,9,-5,-3,-7,12,13,-4,16
17,20,10,-3,10,6,0,-6,10,13,17,3
6,17,6,-14,11,22,20,1,20,2,16,9
1,-6,18,-1,12,-10,18,16,-3,8,-3,1
10,15,20,15,17,18,11,-10,7,17,9,-2
-1,-1,20,0,16,17,5,-11,-2,-11,13,4
11,18,8,2,17,21,3,20,18,23,21,20
3,16,18,20,20,16,6,14,7,19,-1,-8
1,1,22,-4,16,19,18,-1,16,1,0,1
12,24,4,-2,2,8,19,19,18,24,5,2
0,5,20,6,11,26,6,2,6,-1,15,-5
11,24,19,28,13,0,17,31,9,29,14,7
5,29,4,30,10,5,14,10,22,19,12,3
-1,32,20,1,5,17,17,25,19,-1,18,23
15,28,14,28,11,5,21,28,22,18,20,23
4,27,20,7,16,5,2,0,18,-1,13,7
4,31,7,22,6,18,17,9,20,31,13,3
16,-18,-3,-8,10,-16,13,-13,11,-34,5,-15
5,-17,21,-11,-1,-11,1,-6,7,1,-1,-14
14,-16,15,2,2,-23,6,2,6,-6,22,-29
13,-15,9,-4,18,-29,-3,-25,-3,-1,1,-15
20,-2,21,-30,2,-8,19,-24,11,-6,21,0
11,-9,9,2,8,-2,3,-12,0,-10,13,-22
20,-7,12,-11,7,0,-2,-12,13,-5,-2,-6
19,-6,2,-16,8,-25,6,-2,21,-5,12,-7
20,6,12,-17,5,-6,10,-3,2,-2,7,-25
18,3,9,7,20,-20,21,-1,2,-4,0,-15
6,1,-1,-2,16,-14,11,-6,20,1,7,3
10,8,0,-6,22,8,-3,-8,21,-12,16,4
12,2,9,2,-1,-17,3,-15,18,-17,6,9
17,6,16,-2,7,5,4,6,12,10,19,10
11,6,11,-20,9,-3,4,9,3,-15,17,5
2,-10,6,-17,3,7,-1,-9,3,-6,10,-4
1,4,8,-16,20,12,18,14,1,2,8,-6
7,8,12,-11,7,-6,6,-14,15,-16,7,-12
2,-4,-2,-7,9,-8,12,9,19,-14,20,2
7,15,17,-15,12,-6,21,15,5,-4,1,-1
1,3,-3,14,10,1,1,6,-1,-9,-1,7
3,-7,5,-15,21,13,-2,4,5,17,3,0
17,12,6,-5,-2,14,6,16,11,11,14,3
-3,0,17,-12,21,-1,8,16,18,-7,14,3
11,21,15,-2,0,10,17,5,11,22,19,22
2,-1,-3,0,21,-7,7,18,14,-11,7,21
-1,1,9,3,1,1,13,23,10,11,5,15
5,16,15,0,13,-3,18,15,-2,-7,10,19
6,23,22,28,11,5,15,-7,9,1,19,1
0,6,22,25,6,3,0,0,0,-3,15,-3
2,19,2,18,18,16,19,26,16,2,4,22
3,22,17,-5,18,29,4,11,14,9,4,26
2,24,6,4,20,-2,16,10,11,15,0,10
4,25,21,17,0,-1,21,18,21,22,14,18
5,25,11,2,15,14,18,5,9,3,10,9
3,29,17,23,12,3,8,30,17,25,16,22
-2,26,22,25,14,12,7,26,14,6,22,21
1,-28,0,-11,3,-20,1,-13,1,-17,4,-10
2,-15,16,-6,24,-35,11,-3,13,-6,9,-4
17,-12,5,-11,4,-12,2,-21,-2,-24,24,-1
18,-23,6,-7,0,3,17,-3,-1,-3,20,-12
22,0,17,2,17,-24,15,-8,-2,4,12,-3
10,-5,7,1,0,1,6,-3,0,-10,18,-2
7,-12,0,-9,2,-10,2,-4,17,-13,-1,0
6,-6,13,-29,17,-20,17,-7,0,-11,4,-23
21,-2,5,1,16,-16,0,-2,9,-11,0,6
9,-2,5,-8,3,-13,14,-6,23,-4,2,-6
2,-8,22,7,19,-1,22,8,8,-7,14,-8
18,7,24,6,9,-11,18,-21,12,-25,4,-5
6,-4,15,-1,18,-17,2,8,9,3,16,11
7,-2,4,-12,9,5,23,9,0,-7,-2,-5
11,6,15,5,6,-17,-2,9,-2,-15,4,9
6,3,23,-12,19,-8,4,3,16,0,19,13
3,-7,5,-20,-1,10,1,-1,3,16,17,-7
-1,-9,-2,2,-1,7,11,8,4,5,0,14
19,14,4,17,7,9,12,12,3,-11,2,6
11,10,20,17,12,-5,7,2,12,5,17,-5
1,-7,6,-7,11,-3,5,6,7,8,19,-15
2,8,12,1,2,4,18,-6,19,-3,6,-1
14,14,6,-11,13,-14,16,6,14,4,21,18
3,-5,12,-4,5,-6,7,-3,5,0,22,-1
2,-4,23,0,18,21,11,18,11,7,9,0
5,15,19,-4,22,18,4,21,19,-1,1,-6
-1,4,20,17,11,-3,7,5,24,18,19,14
13,23,22,-2,24,2,0,-6,20,11,18,-4
2,4,21,19,16,2,5,11,17,1,21,10
5,20,9,21,15,4,6,27,23,-7,10,13
14,23,21,1,12,4,19,10,-1,21,15,23
-2,31,19,9,5,12,2,6,15,28,-2,9
0,24,24,14,14,-4,10,25,20,26,21,7
8,32,22,29,1,-2,9,15,18,2,10,-1
-1,27,23,33,21,1,11,17,22,21,14,9
-1,34,9,7,11,8,0,28,8,14,2,6
14,34,-2,1,24,4,9,12,13,19,6,16
5,-15,-1,-1,15,-19,-1,-20,17,-9,14,-3
0,-22,11,-29,5,-28,5,-32,4,-27,2,-28
14,-7,20,-2,6,-33,23,-23,18,-14,10,-34
19,-5,1,-2,22,-5,19,0,-1,2,15,-4
18,-18,15,1,1,-7,1,1,0,2,0,-23
9,-11,5,-3,8,0,8,-2,3,5,17,-5
19,-3,1,-10,16,-24,14,-23,10,-14,13,-8
4,-10,0,-13,7,-3,22,3,5,1,9,6
19,5,4,-17,4,-25,10,8,20,-17,15,-27
3,-10,7,-14,2,7,4,-12,20,-5,6,-6
3,-5,10,-7,-1,-5,25,-14,2,-11,25,-26
9,0,0,-4,7,-1,5,-5,2,-9,4,-2
5,0,12,12,21,-22,14,-15,13,5,8,11
20,3,4,-8,-1,9,2,-9,1,-6,8,5
3,3,0,-9,-1,-4,5,0,1,-10,20,-22
1,-7,18,-5,7,-12,0,-14,11,8,16,14
3,-10,4,3,12,-20,9,2,7,4,0,-12
3,-10,23,-10,8,13,17,-4,1,-14,17,-10
9,15,19,2,19,16,22,-15,6,-3,6,5
5,5,1,-2,4,2,0,18,16,10,14,6
15,11,22,-10,11,18,17,13,-1,5,11,1
15,10,10,1,18,-14,21,3,0,-15,22,-14
1,1,13,3,11,-7,20,-6,11,-6,4,3
18,15,10,4,5,0,21,10,14,2,23,6
2,0,8,-7,24,-10,18,-8,10,-7,17,7
5,14,22,10,1,3,21,9,20,-3,24,-1
16,13,15,4,20,18,2,5,25,2,7,10
1,18,21,1,5,8,7,21,22,15,0,4
-1,6,9,-5,24,-2,4,4,6,26,18,7
2,8,9,25,23,4,1,12,4,26,9,24
14,28,17,26,9,23,14,24,16,3,23,23
-1,30,7,-3,17,16,4,17,23,12,5,25
10,31,6,12,21,5,9,1,12,10,9,26
0,24,24,8,23,28,11,11,15,5,24,13
8,32,11,6,14,13,17,17,2,32,19,9
7,28,12,2,11,30,7,25,6,17,21,10
18,31,22,8,13,5,15,10,24,21,6,14
1,-28,17,-1,3,-27,2,-4,8,-3,14,-4
16,-12,15,-6,5,-10,3,-10,19,0,9,-29
17,-17,6,-7,17,-6,19,2,1,-22,16,-18
6,-18,0,-11,17,-8,4,3,12,1,19,2
5,-26,12,3,13,-7,15,-1,5,-2,16,3
21,-25,15,4,17,-7,16,-12,8,-9,5,-11
23,-6,22,-5,4,-16,19,2,1,-8,13,2
14,-6,4,-9,7,-3,0,-3,15,-4,5,0
4,-21,22,-17,23,-4,16,-1,1,-17,2,0
7,-5,5,-22,16,-11,17,-5,3,-21,2,-8
22,-19,16,-3,2,-18,18,-14,15,9,3,-8
21,4,1,0,10,9,18,-1,3,-8,4,-5
19,0,24,-5,5,-24,7,11,15,8,6,3
5,-3,5,11,9,-6,16,8,4,-6,5,-8
7,1,13,-14,4,-7,14,-4,13,1,20,4
12,11,26,3,2,-11,13,12,4,12,19,5
11,13,6,-6,4,-14,18,2,3,-17,2,-4
6,9,5,-1,13,-9,1,-18,18,15,4,-11
13,16,23,-1,22,-14,18,-8,8,3,12,-3
3,11,3,9,1,-2,14,17,15,-8,12,-4
9,9,23,-13,25,20,22,3,15,-16,12,20
9,14,26,-4,24,5,15,8,26,-4,12,14
6,15,18,4,18,-6,1,-3,1,-6,7,18
15,17,21,21,21,-11,18,3,17,-3,13,5
12,22,17,9,13,11,14,17,0,4,3,16
18,12,9,-8,3,24,5,15,9,23,16,19
15,23,15,-4,2,-9,13,19,5,2,0,3
3,12,25,-1,16,24,13,-6,3,14,25,8
16,22,11,-7,10,16,15,20,7,25,3,9
5,25,2,-2,21,20,4,-1,6,15,11,-1
2,23,6,-3,5,24,0,-3,1,19,0,2
19,24,13,-4,11,20,21,26,7,17,11,3
0,11,16,9,14,3,22,23,15,13,0,0
2,32,17,-2,8,9,1,1,6,-1,0,7
9,33,16,-2,20,2,9,7,25,26,7,16
5,32,3,26,10,1,10,0,14,23,3,25
8,33,26,7,22,3,5,4,11,6,17,11
