-3,-7,-26,-23,-26,-35,-24,-34,0,-2,0,-8
0,-22,0,-14,0,1,-21,-21,0,-2,-26,-34
-10,-24,0,-3,0,0,0,2,0,-5,0,-8
-9,-29,-21,-9,-26,-29,-1,-5,-26,-30,0,1
-6,-22,0,-2,0,3,-21,-21,-7,-16,0,1
-7,-25,0,-2,0,2,-1,-17,0,1,-10,-14
-4,-16,0,-2,-4,6,0,4,-11,-14,-26,-5
-3,-1,0,-18,0,2,0,3,0,2,-10,-13
-7,5,0,8,0,0,0,3,0,2,0,4
-2,-9,0,-1,0,-3,0,3,0,1,0,3
-6,-20,0,-2,0,-14,0,9,0,1,0,-2
-3,-17,0,-2,0,7,0,0,0,-4,0,4
-10,1,0,-21,0,-2,-2,-2,0,2,0,-3
-1,3,-26,-23,0,7,0,10,0,-5,0,-3
-9,-16,0,0,-7,-8,0,7,0,-7,0,1
-4,10,0,14,0,8,-3,-4,0,3,0,-3
-7,-16,0,-19,-7,-1,-3,-20,0,15,0,11
-13,0,-1,2,0,8,0,8,0,4,0,3
-5,8,-1,5,0,8,0,6,0,2,0,1
0,0,0,17,0,8,0,6,0,2,-1,-2
-3,4,0,2,0,7,-26,-1,0,-2,0,0
-8,8,-1,5,0,5,0,6,0,-2,0,12
-10,8,0,1,0,7,-25,-7,0,3,0,11
-11,10,-1,-4,0,6,0,7,0,-1,0,4
-9,10,0,1,0,-8,-4,20,0,4,0,1
-4,23,-1,5,-1,21,0,8,0,-1,0,1
-5,11,0,23,0,-8,-4,20,0,1,0,-3
0,13,0,3,-1,20,-25,19,0,-3,0,6
0,15,-1,-7,0,10,0,10,0,1,0,6
-14,10,0,0,-1,14,-4,22,0,1,0,2
-5,0,-2,28,-1,12,0,8,0,1,0,5
-9,26,-2,24,0,12,0,7,-1,14,0,5
-3,18,0,28,0,12,0,6,0,-1,0,2
-4,23,0,3,0,10,0,3,0,19,0,0
-4,31,-1,33,-1,28,-4,18,0,0,0,6
-2,1,-2,34,0,10,0,21,0,0,0,4
-9,28,-1,33,-1,17,0,5,-1,35,0,2
-5,-7,1,-11,0,-31,1,-19,1,-31,0,-2
1,-26,0,-3,0,-7,-3,-18,1,-31,0,-2
1,0,0,-3,1,-24,1,-30,1,-34,1,-30
0,-14,1,-13,1,-24,1,-30,0,3,0,-7
-5,-9,0,-2,-1,3,1,-16,0,-22,1,-31
-3,-4,-1,-10,1,-23,1,-16,0,3,1,-31
-4,-22,-1,-14,1,-23,1,-28,0,1,0,-10
-4,-24,1,-10,0,-3,1,-16,0,0,0,3
-4,8,0,-1,0,-4,1,-28,0,5,0,8
-1,-15,-1,0,-1,6,0,8,0,5,-6,-21
-10,3,1,-9,-1,6,-23,-11,0,4,0,9
1,-20,0,1,-1,6,1,-14,0,1,0,6
-9,5,0,1,1,-18,1,-15,-1,10,0,-6
-3,-1,-2,-2,1,-18,-9,-8,0,2,0,7
1,2,0,2,0,-9,1,-14,0,2,0,1
1,-14,0,1,1,-18,0,10,0,7,0,0
-7,-11,0,-3,-4,-3,1,-13,0,7,0,-9
0,-6,0,-4,-1,6,0,11,0,4,0,-3
-11,9,1,-2,-1,2,0,11,0,4,0,11
-11,8,0,-3,0,-8,0,1,-1,4,0,-4
-6,-6,-3,6,-1,0,-23,6,0,2,0,12
-2,3,1,-1,-1,-7,0,12,0,6,0,-3
-3,-1,1,-4,1,-13,-3,1,0,6,0,-6
1,6,-1,0,-5,5,0,13,0,4,0,14
-2,7,0,1,1,-12,0,10,0,2,0,-8
-10,1,1,-3,0,-9,0,10,0,2,0,14
-9,16,-2,20,-1,-5,0,10,-1,-3,0,-8
-4,0,0,2,-5,6,0,8,0,7,-1,20
-11,14,0,2,0,28,0,8,-2,27,0,16
-4,21,0,1,0,28,-3,6,0,5,0,15
-2,25,0,-1,0,28,0,7,0,3,0,13
-2,22,0,-1,0,28,0,7,0,2,0,12
-9,28,0,-2,-1,-2,1,-3,0,11,-1,29
-9,32,1,2,0,28,-4,13,-2,16,-1,29
-8,24,-3,33,-1,-2,0,5,0,4,-1,26
-3,8,1,3,0,26,0,35,-1,11,-1,18
-3,28,0,0,-6,20,-4,13,0,11,-7,18
-2,-35,0,0,-1,0,1,-30,1,-28,0,-12
-7,-30,0,-2,-1,-2,1,-1,-1,-17,0,-13
-2,-14,2,-32,1,-34,1,-24,1,-30,0,-13
-2,-3,2,-33,0,1,1,0,1,-28,0,-18
-2,-24,-2,-13,-1,-3,1,0,-5,-28,0,-18
-3,1,1,5,1,-6,1,-27,1,-30,1,-17
-9,-4,1,4,1,-7,1,-28,0,2,1,-20
-8,7,0,2,0,-1,0,-28,0,1,1,-20
-11,-15,0,2,1,-6,-21,3,1,-25,0,-16
-10,1,1,2,-1,-3,1,-2,0,1,1,-20
-10,10,-2,-12,0,-2,1,-25,0,1,0,-23
-11,-14,0,3,1,-5,1,-25,0,-5,0,-20
-5,1,-3,-9,0,-2,1,0,1,-22,1,-18
-7,9,-3,-9,-1,0,1,0,-6,9,-1,12
-1,12,-3,-12,1,-3,1,-3,0,-4,1,-17
1,0,0,1,1,-5,0,15,0,-4,1,-18
-11,-5,0,-1,2,-6,-2,7,0,-5,1,-19
-1,17,1,9,1,-4,1,-4,-1,-4,1,-19
2,10,1,1,-1,4,0,17,0,-5,0,18
-1,4,1,1,1,-3,1,-6,1,-17,0,18
1,2,1,-4,-1,5,0,18,0,20,-1,16
1,2,-3,8,-6,4,-2,-11,0,20,0,19
-2,7,-21,-12,-1,5,-3,4,-2,7,0,17
-9,8,-4,18,0,8,0,17,0,20,0,17
-4,-3,0,6,0,5,0,17,0,-3,-1,19
-2,25,-4,4,-6,0,0,17,0,-3,-1,17
-1,0,-4,2,1,2,0,16,0,21,0,17
0,6,0,5,0,6,0,15,-2,2,0,17
-7,22,0,3,-1,5,-3,-2,0,-2,-1,18
-7,27,0,3,1,4,0,14,0,-3,0,18
-1,26,0,3,1,2,0,14,-1,27,-1,21
-6,-2,1,2,0,4,0,14,-1,19,0,18
-6,27,-4,6,1,3,0,14,-2,5,0,16
-5,-1,1,3,1,3,0,13,0,26,-1,20
-13,14,-4,5,1,2,-4,31,0,24,0,7
-3,-1,1,2,1,2,1,8,-3,17,0,1
-4,32,0,8,-1,11,1,8,-1,23,-1,19
3,-18,-2,-36,0,-28,-2,-36,0,-14,0,-19
-2,-28,-20,-27,0,-28,-3,0,0,-15,0,-19
2,-24,1,-2,2,-33,2,-29,1,-9,1,-16
2,-17,1,-26,0,-29,-3,-4,0,-17,0,-19
-8,-21,-3,-13,1,4,-3,-4,1,-8,1,-15
-1,-2,1,-25,-1,3,2,-28,1,-8,0,-26
-1,-20,1,-4,1,0,1,3,-5,-5,0,-29
-5,-5,-3,-24,1,0,1,-15,1,-7,0,5
-4,-4,-4,-14,-1,5,1,-15,1,-9,-1,6
2,-12,1,-2,1,-24,1,5,-6,5,1,-11
-5,0,1,-22,-6,-7,1,5,-6,4,1,-13
0,8,1,-1,-9,-3,1,-13,-2,-8,-1,-25
0,-13,1,-22,-1,5,-3,-9,-6,-10,1,-13
-4,-15,1,0,-1,5,1,-13,0,-9,1,-13
-2,13,1,-22,1,5,1,-14,0,-9,-3,5
0,-9,1,-1,1,5,-3,6,-6,-8,-1,7
-6,-12,0,13,1,-19,-3,0,-2,-10,-1,5
-1,-7,-4,-6,-15,-19,1,-12,0,-7,1,-11
-7,6,1,-1,-10,4,1,9,1,-2,1,-11
-2,6,0,15,1,6,1,-11,-2,-17,0,4
-1,-5,-3,2,1,3,1,-12,0,-5,1,-10
0,-1,-3,-14,-1,9,-3,4,1,-1,1,-11
1,2,-4,-6,1,4,1,11,1,-3,1,-13
-2,-1,1,2,-1,10,1,-10,-3,19,0,-4
-2,1,1,0,-1,10,-3,4,0,-3,-6,2
0,2,1,-6,1,3,1,-9,0,-3,0,-11
-8,12,-4,-9,-11,-10,1,13,-3,13,-3,-7
-8,16,1,-6,0,19,-3,5,1,1,-1,7
3,0,0,23,-1,13,-3,-6,0,-3,-1,7
0,17,0,22,0,13,0,28,1,-2,1,-7
0,19,0,22,1,7,1,11,0,-3,-4,11
1,-1,1,-4,1,7,-3,6,1,-2,0,31
-9,7,-5,28,1,7,1,11,0,-2,-1,31
0,-2,0,22,-1,17,0,30,-6,8,-1,27
-2,1,0,21,-1,17,0,30,-1,34,-4,9
0,25,-3,-1,-15,27,-4,33,-1,34,0,32
0,2,0,22,-1,17,0,31,1,2,-1,11
1,-6,1,-16,2,-26,2,-25,0,-4,1,-6
-9,-4,1,1,2,-28,2,-26,0,-5,0,-8
-1,-9,1,-15,1,-25,1,-7,-2,-15,0,-24
1,2,1,-17,1,-27,1,-7,0,-5,1,-4
-7,-2,1,3,2,-26,-3,1,0,-6,1,-7
-6,-3,1,3,1,-26,1,-6,2,-30,0,-25
1,-30,1,-3,1,-27,1,-7,0,-7,1,-6
-1,-2,1,-16,-14,-4,2,-24,0,-7,1,-7
3,6,1,-2,2,-24,-3,-11,-7,-10,1,-8
-7,0,1,-3,1,8,1,-5,-2,-24,1,-9
3,9,1,-8,3,-16,-4,-12,0,-7,0,-24
2,-11,1,-14,1,9,1,-4,2,-25,-4,5
-6,-17,1,-14,1,-22,1,-6,1,12,1,-9
-5,4,1,-6,1,9,1,-9,-5,-23,0,-19
-4,-18,1,-7,0,4,1,-9,1,12,-1,11
-4,-13,1,-7,0,-5,2,-21,0,-3,1,-8
1,3,1,-11,-1,15,1,-8,0,-3,1,-8
-1,1,1,-7,-1,15,1,17,-6,0,-1,4
0,1,1,-11,-1,11,-3,-15,1,14,-1,2
-6,-5,1,-9,1,14,1,-7,0,-1,-4,-1
4,16,1,-16,1,14,-3,-15,0,-1,1,-5
0,3,1,-9,0,0,1,19,0,-2,-1,3
1,3,-4,15,1,13,1,-5,0,-4,1,-4
-3,-6,0,19,0,1,1,-6,-2,-13,-1,1
-2,-4,0,19,-1,15,1,-6,0,-5,-1,1
-1,22,1,-6,-1,12,-4,14,-3,17,-1,1
3,1,0,19,1,16,1,-6,0,-4,1,-2
3,3,0,19,0,3,1,21,1,22,1,-2
-1,26,1,-4,0,-1,1,-5,0,-5,1,-2
-9,13,-4,20,1,11,1,-5,1,23,-1,-2
-1,-4,0,20,0,0,-4,18,1,23,-1,-4
2,14,1,-2,0,-2,-4,17,1,23,-1,25
-5,32,1,-2,0,-2,-4,6,1,23,1,0
0,4,-4,9,1,14,-4,1,1,23,1,0
1,7,0,19,1,14,1,27,0,0,1,0
-2,26,0,19,1,14,-5,33,1,24,-2,35
-9,32,-4,11,1,14,1,28,1,17,-2,35
3,-25,1,-19,1,-35,2,-35,-2,-19,0,-8
3,-27,2,-34,2,-23,2,-11,2,-25,-20,-35
5,-5,-2,-15,1,-34,1,2,1,-33,1,2
3,-24,1,3,0,0,-2,-7,2,-26,1,0
3,-22,1,-16,-20,-10,2,-12,0,2,1,0
1,4,1,-16,0,-9,-2,-10,2,-25,0,-16
4,-21,1,-17,0,0,1,4,0,-1,-1,4
4,-4,1,5,0,-11,1,4,2,-25,-1,-6
4,0,1,-17,0,-7,-3,7,2,-27,-1,5
5,-12,1,-17,0,-12,2,-8,0,0,1,4
-4,-1,1,7,2,-16,-4,-15,2,-26,1,3
5,8,1,-17,2,-24,-6,7,1,9,1,1
-5,-13,1,6,0,-12,2,-8,1,9,1,0
-2,0,1,4,-1,-3,2,-8,0,3,1,0
5,-11,1,3,2,-22,2,-11,0,2,1,0
-1,-8,1,-17,-1,-2,2,-13,-2,-21,1,0
-5,3,1,-19,-21,1,-4,15,0,3,-3,-12
-3,-8,1,-19,-1,-5,1,6,0,1,-1,10
-6,2,1,6,-20,-7,2,-13,1,13,-1,-6
0,-3,1,6,1,18,1,18,1,12,1,3
-1,4,0,20,1,16,1,6,-3,8,-4,19
0,4,-2,16,-1,-2,-4,9,-3,7,-4,-4
1,2,-17,-8,-1,-3,-4,0,1,13,-1,12
-2,-2,-2,4,-1,-13,1,18,0,6,1,6
-6,12,-4,14,-2,10,-4,1,0,4,-4,-11
5,1,-2,13,-2,2,1,10,1,14,1,7
0,1,1,8,2,15,1,18,0,5,1,7
5,17,1,3,-2,3,-4,3,0,4,1,5
-7,13,0,27,1,23,1,18,1,16,-1,16
3,25,0,27,-2,3,1,9,0,5,1,6
4,-5,0,23,-2,3,1,8,1,14,-1,5
3,12,1,4,-2,3,-4,1,0,3,1,7
-2,-1,1,3,0,10,1,20,0,1,1,5
-8,31,1,3,-2,4,-4,-1,0,0,1,5
-7,2,0,24,-3,31,-5,32,-1,34,-1,19
-10,16,0,24,1,29,-5,29,1,13,-1,14
1,5,1,5,-3,32,-5,29,-5,4,1,7
5,-16,2,-33,-2,-10,-4,-10,2,-24,2,-31
-5,-4,1,-18,1,-22,2,-24,2,-27,-5,-3
6,-14,2,-32,2,-7,2,-11,2,-29,0,-34
-4,-27,1,0,1,-24,2,-24,-2,-14,0,-23
-4,-24,1,-25,1,-29,-17,2,-3,3,2,-29
-1,4,1,1,-15,-25,-16,-28,2,-27,0,-26
1,-29,1,1,2,-5,-5,-5,2,-30,0,-26
-6,-3,-2,-9,-2,-4,2,-21,-3,-24,2,-28
5,-14,1,-24,-2,-5,2,-22,1,8,1,8
0,-16,1,-24,-2,-5,2,-24,0,3,1,8
1,-4,0,10,-2,-6,2,-7,1,9,-1,10
2,-8,-3,-2,0,9,2,-7,1,8,-1,3
-6,-12,0,11,-2,-11,2,-12,0,4,-1,2
-1,-1,1,7,-2,-11,2,-21,1,9,-1,8
-3,-13,0,10,-2,-12,2,-12,0,5,-1,3
-6,-7,0,8,-2,-13,-4,1,1,10,-1,1
-1,-8,0,7,-2,-13,-4,0,-4,15,-6,-1
0,-4,0,6,2,-1,1,15,1,11,-6,-2
1,0,-4,5,2,-5,2,-11,-4,-5,-1,5
0,2,1,11,-20,-7,2,-12,0,7,-1,4
-3,-4,1,11,2,-5,1,16,1,12,-1,4
2,0,1,9,-2,-10,1,16,-4,-12,-1,4
-2,-4,-3,-3,-3,12,1,16,1,11,1,20
-3,10,-16,-3,-3,8,-5,0,-4,-13,-2,15
-7,2,-3,-2,2,-2,1,17,0,8,-1,4
2,13,-4,20,2,-2,-4,7,1,11,1,21
6,4,-4,2,-3,0,-4,-1,0,6,-1,5
5,-2,-4,1,2,-1,-5,26,1,12,-1,3
0,16,1,14,0,22,2,-7,3,13,-1,1
-6,3,-15,-2,0,22,-5,26,1,2,-1,1
4,16,0,18,2,-1,-5,5,-5,24,-2,13
-7,25,-5,8,2,-1,-5,-1,0,10,-2,10
-1,23,-4,17,1,32,2,-4,-5,31,-1,-2
5,21,1,18,1,29,1,33,0,11,-1,-2
-7,27,1,18,1,29,1,33,1,5,1,29
2,-1,1,18,0,27,-6,23,1,5,-6,1
2,3,0,21,-3,3,1,33,-5,27,1,29
-5,-12,2,-18,2,-8,-4,-27,2,-32,2,-9
3,-31,2,-19,-3,0,-5,-2,-4,-21,-1,-26
7,-34,-4,-28,-3,-2,2,-9,-5,-1,-2,-1
1,-3,2,-20,2,-8,2,-9,2,-31,-1,0
1,-1,2,-20,1,-6,2,-4,1,-22,-1,0
1,4,2,-20,2,-7,-15,3,-5,-10,2,-5
-7,-16,2,-21,2,-10,2,-10,-5,4,2,-5
7,6,1,-12,2,-10,2,-2,2,-28,2,-5
4,-21,1,-17,2,-12,2,-9,1,-19,-1,3
6,4,2,-19,-3,4,-5,-1,1,-19,-1,-1
6,-3,2,-20,2,-15,-4,-8,1,9,-1,-1
3,-2,-4,-5,-3,4,2,-8,1,-21,2,-3
-2,11,2,-19,2,-16,2,2,1,-23,2,-3
1,-11,2,-21,-3,-17,-5,-6,1,11,2,-4
0,-9,0,13,-19,-11,2,1,0,9,2,-5
-1,-9,0,1,-19,-7,2,-9,-5,-11,2,-5
-1,0,2,-19,-4,12,-5,3,0,7,-1,4
-4,-5,0,2,-18,-18,2,2,0,7,2,-8
-5,-2,-4,-14,1,-2,2,-3,0,5,-6,-18
-1,-4,-3,-4,-16,12,2,-3,-5,1,-2,3
-5,2,0,-7,-18,-14,2,-6,1,17,-11,-6
1,-1,-5,21,-4,13,2,-4,1,16,-2,4
-6,4,-4,-12,-18,-9,2,-6,-6,16,-2,-2
-6,3,0,-11,-4,14,2,-9,-7,21,-1,9
-5,8,-5,20,-4,14,-5,-3,-7,7,-1,9
0,-2,1,23,2,-4,-5,9,0,3,2,-1
3,15,1,23,2,-4,-8,8,1,19,-2,-4
-1,24,-5,12,2,-4,-5,7,1,17,2,0
0,24,1,22,-18,0,2,1,-7,2,-19,21
-1,-7,0,-7,-4,18,2,-4,-5,9,-3,28
5,17,-1,30,-4,18,-5,9,0,7,-3,23
5,28,-5,15,-4,5,2,2,-5,1,-1,12
5,30,1,24,2,0,-6,16,-6,23,-1,3
6,1,-1,32,2,-1,-6,15,0,9,-3,16
-7,16,-1,31,2,-1,1,34,1,23,-1,4
1,33,1,25,2,-1,1,31,0,9,2,7
1,36,1,23,1,36,2,5,0,9,2,7
-5,-15,0,-5,2,-24,2,-6,1,-28,-2,-22
6,-11,2,-13,2,-25,-8,-3,1,-29,0,-31
6,-27,2,-14,2,-25,3,-32,2,-12,0,-31
6,-20,2,-17,2,2,3,-32,2,-12,0,-31
1,-1,0,-6,2,-24,2,2,2,-14,-3,-14
1,3,2,-17,-14,-28,2,-8,2,-14,3,-25
6,-10,-4,-15,2,-23,2,-13,2,-17,3,-26
6,-23,0,-5,2,4,2,-22,1,-24,3,-26
1,1,2,-15,2,-26,2,-23,1,-27,0,-27
2,-26,0,-4,1,9,2,4,2,-15,-1,7
7,-4,0,-4,1,8,2,0,2,-15,-1,6
2,-3,-4,-7,-15,2,2,0,0,6,-1,4
-2,-15,2,-15,-4,11,2,-20,0,5,-3,-18
-2,-2,2,-15,2,9,-5,-6,-5,1,3,-22
3,-6,-6,0,-4,12,2,2,-5,-5,-1,6
2,-5,-6,-17,-17,-11,-8,0,0,5,3,-21
1,-2,-2,0,0,-6,2,2,2,-13,-18,3
-3,-1,1,-1,1,-3,2,-16,-6,-10,-11,-10
0,0,-8,2,1,-1,1,14,-6,-15,-18,-7
-1,-3,-12,-7,-1,1,2,4,-6,16,-18,-1
-2,3,-1,-3,1,-1,2,-15,0,7,-1,10
1,-1,-12,4,2,16,2,3,0,-1,-1,7
-4,5,2,-8,2,13,2,-14,0,-2,-1,-6
-1,-2,-12,11,-4,20,-8,5,-7,0,-1,-6
0,10,-13,16,2,13,2,1,-8,8,-1,-10
3,-1,2,-7,-4,18,-8,1,0,-4,2,21
7,17,-4,4,1,20,-8,0,0,-5,-18,8
7,20,2,-6,2,15,1,22,2,-3,-1,-9
8,13,-8,5,2,15,-8,-5,2,-3,-2,28
-4,22,-4,4,1,21,-9,12,0,-4,-2,21
1,24,2,-4,2,16,2,6,2,-4,2,25
7,0,1,31,2,16,1,20,0,-5,-2,22
6,23,1,30,2,2,-5,-4,1,32,2,26
6,-3,0,18,-16,27,2,7,-7,12,2,25
3,29,1,31,2,3,-7,21,-1,34,2,23
4,5,-5,33,1,23,2,8,1,34,-2,24
3,30,0,10,0,36,2,8,-1,28,-2,24
4,-32,2,-4,3,-32,3,-30,-8,-8,3,-14
4,-6,1,-29,3,-32,2,-11,0,-12,-3,-4
-2,-24,2,-4,3,-33,2,2,-8,-7,-3,-14
8,-27,1,-33,-3,-5,2,-10,0,-12,-1,-21
1,-30,0,2,2,3,2,3,0,-12,-3,-16
8,-1,2,-2,1,-1,2,-1,2,3,3,-11
-5,-11,2,-2,-3,-4,-8,-12,0,-21,3,-11
3,-1,0,3,1,-29,2,0,0,-25,3,-11
8,-20,-16,-20,-3,-5,2,0,2,5,-1,-17
9,-2,0,4,2,6,2,-7,0,-24,-4,9
9,5,0,3,-3,-5,2,-11,-1,8,-17,1
6,-10,2,2,-3,-20,2,-11,-10,8,-1,-20
0,-17,0,4,2,7,2,-11,2,6,-4,-8
-4,-6,0,4,-15,3,-9,7,-1,10,3,-6
0,-1,2,4,-16,5,2,5,-8,1,-4,-15
-3,-4,-4,-2,-16,-4,2,-10,-1,11,3,-5
0,-1,-1,-1,3,-3,-6,-17,4,-6,-5,7
-1,-1,1,-1,0,-4,-6,-19,0,-2,-5,6
1,-2,-1,0,1,-2,1,-2,1,-1,0,-1
0,-2,-1,-2,1,0,1,0,0,-2,-1,-13
1,-1,1,-1,1,-1,2,-10,-2,1,3,-2
-1,-1,-1,-1,0,-1,2,7,-1,14,3,-2
3,3,-10,8,-16,7,-9,9,-1,11,3,-5
2,7,-4,-3,-16,10,2,-9,-1,10,3,-5
2,9,2,13,0,24,2,7,-1,10,-5,12
3,10,0,1,-3,-10,-12,11,-1,9,-5,-6
0,14,2,13,2,19,2,-8,2,19,3,-3
4,15,2,11,-16,4,-16,15,-8,1,-6,15
8,24,2,4,-16,-4,2,10,-1,4,3,-2
8,26,-5,28,-17,27,-16,18,2,18,-1,-7
6,-3,-5,17,0,27,2,6,2,18,3,-4
1,0,2,6,2,22,2,5,2,17,3,-4
6,0,2,6,0,27,2,5,-1,6,-2,31
1,25,-16,13,-4,20,2,5,2,18,2,32
1,27,-6,15,2,24,-11,0,-1,7,2,32
1,29,-10,35,2,24,2,6,-1,5,-2,32
1,32,0,8,2,23,2,0,2,20,-2,31
10,-33,-15,-17,1,-13,3,-31,3,-17,-5,-15
2,-1,1,-28,3,-14,2,1,3,-20,-5,-15
2,2,3,-27,1,-12,2,0,3,-23,3,-1
-2,-2,3,-27,3,-22,2,-2,3,-26,-1,-3
10,-2,1,-27,3,-26,2,-3,3,-29,3,0
3,-5,3,-26,3,-26,2,-3,0,-26,-1,-2
-1,-2,1,-27,-3,-10,2,3,-1,4,3,0
-4,-13,3,-25,1,-9,-15,-3,-1,4,-16,4
-2,2,0,7,3,-24,-15,1,3,-26,-5,-13
6,5,3,-24,3,-24,2,-1,-1,4,3,2
7,-10,0,1,3,-24,-15,5,-9,-15,3,1
10,-15,-14,10,-3,-16,-15,9,-8,-2,-1,3
-1,-11,0,1,3,-23,2,-3,-1,5,3,0
5,-6,0,-1,-3,-15,2,-3,-9,9,3,-5
4,-4,10,-13,-3,-15,-15,13,-9,9,3,-8
3,-6,1,-1,3,-21,2,-12,-10,10,-1,6
-1,-3,1,-1,1,-12,5,2,-9,8,-6,-9
2,-2,1,-1,2,-1,1,-1,1,-1,0,-4
1,-2,1,-1,1,-2,1,-2,1,-2,1,-2
1,0,1,-1,1,0,1,0,0,0,1,-2
1,2,1,-1,3,2,1,-1,2,-1,-1,-1
3,1,1,-1,1,-14,1,4,-1,13,-7,19
2,5,-1,0,-3,-9,-11,21,-1,12,3,-1
1,7,-8,-3,-15,15,2,-5,5,-2,3,-3
5,3,-6,5,2,23,2,20,-1,13,-1,4
1,-1,-6,-10,2,23,2,-4,-9,15,-1,13
10,6,-15,5,-15,19,2,-4,2,26,3,-3
8,12,2,25,-4,22,-15,27,2,26,-7,18
8,22,0,0,-4,18,2,22,-1,16,3,-3
8,29,-15,10,0,26,-15,7,-9,11,-1,6
-2,27,2,24,0,15,-14,-5,2,28,-1,-4
-1,4,2,23,-15,25,2,22,-14,28,-16,30
-1,28,-15,14,0,8,-11,12,2,29,-1,-4
-1,30,2,22,2,28,1,30,-1,20,-2,31
-1,32,0,5,0,8,1,30,-1,19,3,2
-1,35,-15,19,2,28,-14,16,-1,18,3,2
4,4,-8,17,2,28,-14,3,-16,2,-2,33
1,-31,1,-32,1,-27,2,-5,0,-25,4,-36
1,-8,3,-22,1,-27,-13,-31,3,-5,-1,-3
1,-4,3,-25,3,-7,3,-11,3,-6,3,2
4,-28,3,-25,1,-28,3,-14,3,-6,3,2
8,-27,3,-25,3,-8,3,-14,3,-11,3,2
10,5,3,-26,1,-27,2,-2,3,-11,3,-2
11,-28,3,-26,3,-9,2,-2,0,-20,-6,-8
11,-25,3,-26,-15,4,-8,-13,3,-16,-1,1
9,-23,-14,-7,1,-26,-13,-23,3,-17,3,-1
3,-21,1,-24,1,-26,-13,-21,0,-24,-6,-27
11,10,3,-24,3,-17,2,1,3,-16,-1,2
-1,-12,-15,-23,-3,-1,3,-12,3,-16,-1,0
3,-3,-15,-10,3,-18,2,2,-8,-9,-1,-2
0,-4,3,-22,3,-19,-13,-16,0,-8,-1,-12
-1,-7,0,14,1,-22,2,1,0,-21,-14,-19
1,-1,-14,1,-1,-3,2,0,-8,-11,3,2
3,-6,0,-2,0,-2,11,8,-15,10,-7,11
1,-4,3,-2,1,-4,4,-3,1,-1,1,-1
1,-2,1,-1,1,-2,1,-2,3,-2,-14,-12
1,0,1,-1,1,0,1,0,1,-1,2,1
0,0,3,0,1,2,-15,-8,1,-1,-13,-3
1,-2,0,0,-2,3,2,-5,3,-7,-1,-5
3,-7,0,21,4,18,-15,-3,-14,8,-1,-5
9,12,-7,16,-1,2,3,-1,0,-13,-14,-6
9,14,-15,4,1,2,3,-1,-1,24,3,8
9,17,2,25,1,0,2,-4,3,-5,3,3
1,21,0,24,0,26,-15,2,-10,23,-14,0
0,-1,2,26,0,22,3,-4,3,-5,3,4
-1,24,2,25,-15,22,3,-5,-1,24,-7,15
-1,16,-14,16,1,15,3,-5,-1,19,3,5
-4,13,2,24,-2,18,3,-5,-10,20,-7,16
-2,23,0,28,-1,9,3,-5,-1,20,-12,22
0,0,2,21,-1,15,2,1,3,-2,-2,28
-8,30,0,29,-15,26,-7,5,3,-2,-14,9
0,4,0,29,-15,24,-13,6,-15,-1,-2,27
-8,0,-14,23,11,14,2,2,-1,22,3,10
-9,10,2,24,-15,7,-15,14,-1,22,3,10
-6,-20,3,-14,1,-13,3,-36,3,-2,-1,-17
-6,-21,1,-5,-14,-17,2,1,3,-2,4,-30
1,1,1,-7,-14,-6,-12,-24,3,-3,4,-34
-5,-23,-13,-5,-14,-1,2,0,-10,-19,-6,-28
10,-3,1,-7,2,-12,2,-1,-10,-25,-1,-15
5,5,3,-10,1,-12,12,-5,0,-11,-7,5
9,-24,3,-21,-13,4,2,-2,0,-11,3,6
6,-3,1,-5,1,-7,3,7,0,-12,-7,6
6,-23,1,-6,1,-7,3,2,-11,8,3,3
10,4,-13,-1,1,-7,2,-2,0,-12,3,3
10,9,-14,-9,2,-13,2,-2,0,-13,3,1
4,0,-14,-6,3,5,2,-2,0,-13,3,0
4,3,-7,9,0,-7,-6,-13,-14,-9,3,0
11,-20,3,-17,0,-7,-14,-22,0,-12,-7,11
12,-21,-13,7,1,-8,-14,-1,5,-4,3,1
2,-21,1,0,-13,15,3,4,3,8,-13,-4
6,-13,1,-1,-12,12,-14,3,3,7,3,1
3,-6,1,-2,1,-4,4,-4,-14,-1,-10,-18
1,-3,0,1,1,-2,1,-2,3,8,3,-5
5,0,4,-3,1,0,1,0,4,1,-13,1
5,3,1,0,2,3,2,5,-11,19,3,-6
6,10,5,0,-12,21,3,7,-11,-3,-7,16
-3,0,-5,-14,-2,9,3,6,3,11,3,-5
-7,21,3,-9,1,-1,-14,-10,0,-10,-1,1
-3,6,3,-10,4,-9,-14,-8,3,12,3,-7
-1,-1,1,-1,4,-9,-14,13,3,11,-1,0
11,-8,3,-9,4,-9,3,-1,3,9,-1,-4
-1,-3,1,0,3,26,3,-1,3,3,-1,-6
-1,-4,-13,23,1,-2,-14,-3,-12,26,3,-4
-8,7,3,-7,3,27,2,12,0,-6,-1,-5
-13,3,-14,14,3,26,-14,0,3,4,-1,-5
-6,16,1,3,3,24,2,9,3,3,-2,30
-2,29,2,32,-2,15,2,7,3,3,3,-1
-6,19,2,31,-2,11,3,1,3,3,2,31
-6,24,2,31,1,-2,3,-1,3,0,2,31
-6,19,1,6,3,27,2,9,-14,30,-2,33
-6,28,1,5,3,27,2,8,3,1,2,32
0,-33,3,-4,4,-11,-13,-11,0,0,-12,-17
1,-28,2,-32,1,-4,3,0,-13,-19,-12,-14
1,-32,3,-4,4,-10,3,-2,3,2,-6,-5
0,-31,3,-4,4,-21,3,-26,3,-2,-1,0
-6,-27,1,-1,4,-21,3,-26,3,-2,3,-1
-6,-19,1,-2,4,-22,3,-4,0,1,-1,-12
-7,-13,1,-2,4,-23,3,-26,3,-2,3,0
1,6,1,-3,1,1,3,-16,0,2,-1,-12
-6,-14,3,0,-10,-13,3,-27,3,-1,3,-2
-1,-24,1,-2,-9,-23,3,-15,0,1,3,-4
-1,-19,3,0,1,1,3,-21,3,0,3,-4
-1,-15,3,-1,4,-19,3,-22,3,-1,3,-4
-1,-13,3,-13,4,-19,3,-24,3,-3,3,-4
0,-22,3,-14,4,-19,2,13,-13,3,-1,-10
-6,-7,1,2,4,-20,-13,-15,-13,-12,-1,-10
-1,-9,1,2,1,3,2,13,3,-10,-1,-11
-2,-7,1,2,4,-20,-13,-11,0,1,-12,3
-1,-4,5,0,1,-6,3,-17,-13,-2,3,-6
-1,2,-12,15,8,-8,-5,4,3,-10,3,-8
13,-11,-12,17,8,9,2,12,3,-10,-1,-15
13,11,-4,-11,-9,-9,2,10,13,9,-2,19
7,-13,-4,19,-9,-7,2,16,-4,19,3,-6
-5,1,3,-8,1,-3,2,16,3,0,-2,16
-1,0,3,-8,3,23,-13,-3,6,19,-2,14
-1,9,1,5,3,22,2,16,-13,7,3,-4
-1,18,3,-9,-1,-6,2,16,3,-9,-2,14
-8,9,3,-9,-2,14,-13,3,3,-9,-2,13
-8,8,3,-9,3,21,2,10,2,27,-12,15
-2,7,1,1,-2,15,2,7,-13,0,3,-1
-8,14,1,0,-2,12,2,17,2,25,-2,15
-8,16,1,0,3,22,2,6,2,16,-12,19
-5,12,-13,16,3,22,2,5,0,9,3,1
-5,9,1,1,3,22,2,19,0,1,3,-1
-4,1,-12,33,3,22,2,2,0,-2,-2,14
-4,3,2,27,3,22,2,20,-1,33,3,0
-5,9,2,27,1,5,2,20,2,19,3,0
-5,8,-13,22,3,23,1,36,-1,32,2,36
0,-5,3,-10,2,-33,-12,-20,3,-23,3,-2
0,-1,3,-12,2,-35,3,-15,3,-23,3,-9
0,1,3,-22,4,-27,-12,-16,0,-4,-1,-20
-7,-17,3,-22,1,2,3,-19,3,-24,-1,-20
1,-27,-12,-6,4,-29,-12,-15,0,-5,3,-7
4,3,3,-30,3,4,3,-23,0,-6,-1,-19
1,-23,-12,-3,-1,-16,2,4,-12,-8,-1,-19
-7,-6,2,-26,3,5,3,-22,-12,-6,-1,-19
13,-28,3,-28,3,5,3,-22,-12,-19,3,-5
12,-24,2,-25,1,7,2,3,3,-19,3,-5
-4,-19,1,10,-1,-20,3,-23,3,-19,-11,0
10,-23,1,3,1,7,-12,-6,3,-19,-1,-18
8,9,1,3,3,6,3,-22,3,-19,-5,0
8,-23,2,12,3,6,3,-22,-12,2,3,-2
1,-14,1,2,3,-9,3,-22,3,-18,-1,-16
-5,-5,1,2,3,-10,2,8,3,-19,3,-1
4,-17,2,14,1,10,2,15,2,15,3,-1
-1,-12,1,1,1,10,-12,7,0,4,3,-2
8,-15,1,0,3,-9,2,14,2,13,-1,-17
-5,19,1,-6,3,-9,2,8,0,4,3,-3
4,17,1,-7,-8,-7,2,6,0,4,3,-4
3,-10,-10,-15,3,-8,2,16,0,-1,-11,12
-5,3,2,19,3,-9,2,14,-12,-3,3,-3
-5,6,2,17,1,15,2,8,2,17,-2,18
1,24,-10,-11,3,-8,2,0,-12,0,3,-2
7,17,1,-3,-2,25,-12,16,0,1,3,-2
1,25,1,-3,3,-7,2,17,0,-3,-2,16
1,0,2,18,-2,22,2,10,2,20,3,-1
-7,24,2,8,1,17,-12,12,2,20,3,-1
7,-7,2,6,1,10,2,11,0,-1,-2,17
-6,-5,2,6,3,-4,2,5,0,-2,-2,10
-5,24,-12,31,-2,25,2,9,-1,31,-2,9
-6,-2,2,6,3,-3,2,9,2,23,3,1
-6,0,2,5,2,33,2,7,2,21,3,1
-3,5,-11,-2,2,30,2,6,2,12,3,1
-6,4,1,4,1,12,2,5,2,8,3,0
-6,6,0,32,2,25,2,5,-1,34,2,36
-5,-27,3,-32,2,-30,3,-29,3,-28,3,-1
-4,-9,1,-4,-7,-16,2,1,0,-2,3,-6
-5,-23,-9,-32,1,-4,-11,-2,0,-4,-1,-28
-4,-9,1,-3,-7,-12,2,2,0,-6,3,-6
-4,-10,-9,-28,1,-3,2,1,3,-25,-1,-29
-4,-11,1,-11,1,-3,-11,-9,-11,-18,3,-5
-4,-12,3,-29,3,-10,-11,5,0,-6,-1,-28
-4,-16,3,-29,1,-7,2,3,3,-24,3,-5
-9,5,1,-9,1,-10,3,-24,-11,-14,-2,5
-4,-16,15,0,1,-10,2,3,0,-5,-2,5
-4,-16,1,-9,3,-14,3,-23,0,-5,3,-3
-4,-16,2,10,3,-15,2,3,3,-21,3,-4
7,11,1,-8,-7,1,3,-22,3,-22,-2,5
-6,-9,1,-11,3,-14,2,4,3,-23,-2,5
-6,-10,2,11,3,-14,2,4,0,-4,3,-4
-6,-10,-11,-18,3,-14,2,4,0,-4,3,-6
2,-8,1,-10,1,-4,2,3,2,15,-2,4
3,15,1,-10,1,-7,-10,-17,0,-5,-2,4
-4,9,2,14,-7,9,-10,-15,2,16,2,4
-4,15,2,14,3,-13,2,5,0,-12,-4,-10
2,6,8,0,3,-14,3,-15,2,17,-2,2
2,8,2,15,2,21,-10,-9,2,14,-2,2
-6,-5,2,15,2,19,2,7,2,12,-2,2
-6,-12,1,-7,1,-2,3,-13,0,-10,3,1
-7,2,2,14,-7,17,2,4,0,-10,-2,3
7,-10,1,-6,1,-5,2,23,2,14,-4,-5
6,23,-11,-6,1,-6,2,5,0,-9,3,3
13,-8,-10,-8,2,22,2,22,0,-9,-2,5
-4,-1,-11,-3,-6,-7,2,21,-1,28,-2,5
-2,8,1,-5,1,-6,2,7,2,16,3,5
-4,0,2,19,0,30,2,18,2,16,3,2
-4,-1,1,-4,-1,1,2,14,2,15,-2,7
-2,13,-11,2,2,23,2,8,2,15,3,3
-11,14,2,19,-1,2,2,5,-1,31,3,3
-2,26,2,19,2,24,2,4,-1,29,-5,14
-1,8,2,16,2,20,2,12,-1,28,3,4
-1,12,2,16,0,35,2,11,-1,24,3,4
6,-34,3,-21,1,-2,3,-26,3,-18,4,-33
-10,-31,2,-35,3,-16,3,-30,0,-20,4,-34
5,-31,3,-20,1,-4,3,-30,3,-18,4,-34
5,-32,1,2,3,-18,2,2,-10,-13,3,2
9,-31,1,0,1,-3,2,2,0,-20,3,2
6,-27,1,-1,1,-13,-10,-3,0,-21,-1,-21
0,-16,1,-1,3,-16,2,1,3,-15,3,3
5,-29,1,-2,3,-17,3,-20,3,-16,-1,-22
6,-27,1,-2,3,-17,2,0,3,-16,-5,-21
0,-12,-10,-20,-5,-25,3,-20,3,-16,-2,9
0,-10,3,-13,1,-10,2,1,0,-18,-2,8
-3,-22,3,-13,-1,3,2,1,0,-18,3,6
-3,-24,3,-18,1,-9,2,0,3,-14,-5,-19
7,6,3,-19,1,-11,2,0,3,-14,-2,10
-4,11,1,3,3,-12,3,-19,3,-14,3,8
2,-12,1,2,3,-17,2,0,-10,0,-2,9
2,2,1,2,3,-17,-10,9,0,-14,-2,8
3,7,3,-16,-2,17,2,1,3,-12,3,9
7,-15,3,-16,3,-16,2,-1,3,-12,-5,-16
3,10,1,3,1,-6,2,-2,0,-12,-2,8
7,-14,1,2,3,-15,3,-14,-10,13,3,11
2,9,1,1,1,-6,3,-14,3,-11,3,11
7,-13,3,-13,-2,16,2,0,3,-11,3,11
2,12,3,-13,-5,-9,2,23,-10,20,-2,6
2,15,2,24,1,-4,2,21,3,-10,-2,6
-4,21,2,23,3,-11,2,2,3,-11,-2,4
-4,21,1,3,2,26,2,2,2,26,-2,4
7,-9,2,24,1,-4,2,2,-10,25,3,15
-4,22,-9,-4,-5,0,2,24,0,-5,3,15
0,10,2,22,2,28,2,3,2,24,-2,5
-4,19,1,5,-2,23,2,1,-1,30,-5,-5
-4,19,1,5,-2,21,2,25,2,24,3,16
5,3,2,24,1,0,2,2,2,24,3,16
0,15,2,24,2,31,-9,10,2,23,3,15
-4,21,1,6,1,0,2,2,-1,33,3,13
0,18,2,25,-2,22,2,2,2,23,-2,10
0,32,1,5,0,33,-10,30,-1,31,3,13
5,-35,3,-11,3,-3,3,-35,0,-6,-5,-16
3,-29,3,-11,3,-3,3,-6,3,-13,4,-23
2,-3,2,-31,3,-7,3,-34,0,-14,4,-24
2,-3,-9,-25,-1,-12,2,3,0,-17,4,-24
-5,-4,3,-11,3,-7,2,3,3,-14,-1,-23
2,-2,2,-29,3,-10,-9,0,3,-14,4,-23
5,-30,3,-12,3,-10,3,-5,0,-16,-5,-14
4,-29,3,-14,3,-14,3,-7,0,-17,4,-24
2,0,2,-27,3,-15,3,-9,0,-17,4,-24
3,1,1,8,1,-5,2,7,3,-11,3,9
3,0,3,-12,3,-16,2,5,0,-20,3,6
6,-23,1,9,1,-5,3,-7,0,-22,3,6
3,-1,3,-11,3,-15,2,4,-9,0,3,6
5,-14,1,10,1,-11,3,-7,0,-21,-1,-16
2,-18,3,-11,1,-11,3,-13,3,-7,3,7
-3,1,3,-13,0,13,3,-13,-1,12,3,7
5,-12,3,-13,3,-12,2,6,-1,12,-1,-14
2,-13,1,13,0,6,2,6,3,-6,-2,13
-3,3,1,12,4,-2,2,6,-8,-14,-2,8
3,13,1,11,0,7,3,-12,-1,13,3,9
-3,4,3,-13,0,7,2,6,-1,12,-2,9
3,17,-9,-6,0,7,-9,18,-1,7,-2,7
2,-5,1,13,0,7,2,7,-9,13,3,9
-3,6,1,11,-1,5,2,7,-1,8,3,9
5,-6,2,24,0,8,3,-10,-9,16,-2,6
2,1,2,23,0,1,2,22,-1,9,-2,4
-3,5,-9,0,3,-3,2,22,3,1,-2,2
2,11,1,13,3,-6,2,21,3,-1,3,12
2,13,1,7,3,-6,2,21,3,-3,3,12
2,15,2,26,-4,2,2,10,3,-5,3,11
5,-1,2,25,2,27,2,21,-1,13,3,10
2,31,1,7,-1,12,2,11,3,-4,-2,6
4,29,2,24,-1,30,2,15,3,-4,3,11
4,22,2,21,2,29,2,12,2,32,-2,1
3,0,2,19,2,29,-8,13,-1,15,-2,1
3,-1,1,10,-1,12,2,10,-1,11,3,13
3,4,2,19,-1,32,2,14,-9,32,-3,36
3,-10,3,-21,3,-8,3,-26,0,-27,4,-25
3,-10,3,-21,3,-8,3,-27,0,-28,-4,-21
3,-24,3,-22,3,-8,3,-21,0,-28,-2,1
3,-28,3,-24,3,-8,3,-21,0,-28,-2,0
4,-31,-8,-21,-5,-4,3,-25,-7,-27,4,-23
3,-29,3,-24,3,-9,3,-22,3,1,-2,-7
3,-29,3,-24,3,-9,3,-25,3,1,4,-22
5,-5,-7,-23,0,-7,3,-25,-7,-20,-6,-25
3,-28,3,-24,3,-8,2,7,3,1,4,-21
2,9,2,-17,0,-21,2,6,-8,8,-2,-5
-4,-24,2,-17,3,-9,2,5,0,-22,-2,-5
3,10,3,-25,-3,-8,3,-19,0,-22,4,-19
2,9,2,-16,0,-19,3,-22,3,4,4,-20
2,8,2,13,3,-10,3,-22,3,3,4,-20
3,12,2,-22,0,-10,2,8,3,3,4,-21
3,12,1,15,3,-11,2,8,0,-19,-6,4
3,12,1,10,0,-19,2,16,3,3,-2,-1
4,17,2,12,-1,14,2,8,3,1,4,-19
-3,12,2,11,-1,13,-7,-2,3,1,3,18
-3,14,2,9,3,-10,2,17,0,-16,3,17
-3,17,1,13,-1,9,-8,18,-8,20,-2,2
4,-10,2,10,-1,4,2,13,-1,21,3,18
3,13,1,14,-1,-1,2,12,3,2,-2,1
2,17,2,10,0,-3,2,12,-1,22,3,19
-3,22,2,9,-1,-3,2,11,-1,22,-2,1
4,-3,2,8,3,-8,2,13,-7,-11,-7,17
3,14,2,8,-1,-4,2,12,-1,20,-2,0
-3,26,-8,3,-1,-4,2,10,3,3,3,22
3,15,2,8,0,0,2,12,3,3,3,21
3,4,2,7,-1,-3,-8,29,-1,22,3,21
3,2,1,21,3,-5,2,10,3,4,3,20
3,-2,-7,20,0,2,-7,-5,3,4,3,14
2,23,1,21,3,-4,2,11,3,4,-2,5
2,32,1,21,0,0,2,6,3,4,3,15
2,23,1,20,2,33,2,5,3,4,3,14
2,33,1,19,-1,1,2,4,3,3,3,8
2,29,1,19,-2,36,2,1,-7,1,3,8
3,-13,-7,-21,3,-2,3,-19,-6,-34,4,-31
3,-14,3,-28,0,1,3,-21,0,-8,4,-31
3,-32,2,-17,3,-2,3,-21,0,-9,4,-31
3,-5,-7,-15,-1,0,3,-33,3,2,-1,-29
3,-32,2,-17,3,-3,3,-21,3,1,4,-30
2,2,3,-25,-1,0,2,5,3,1,4,-31
2,1,2,-18,3,-2,2,5,0,-6,3,6
-1,-29,-7,-6,0,1,3,-21,0,-6,-1,-28
3,-2,3,-23,3,-1,-6,-27,3,2,3,7
2,3,3,-23,3,-1,3,-21,0,-7,3,7
3,-2,2,-15,3,-1,2,8,3,2,3,7
2,4,2,-19,3,-1,3,-21,3,2,3,7
3,-2,3,-21,0,4,2,9,3,2,3,6
3,-3,2,-19,3,0,2,8,3,2,3,6
-1,-18,2,-19,-1,8,3,-20,-6,-11,-1,-22
3,-8,1,15,-1,8,2,11,0,-2,3,7
-1,-13,-7,4,0,6,2,10,3,3,-2,16
-1,-11,1,15,3,2,2,8,0,-6,-2,15
-1,-6,-7,7,3,1,2,11,-6,-15,3,9
3,-6,3,-15,3,1,2,9,3,5,-5,13
3,-6,1,17,0,6,2,12,0,-7,-2,17
3,-7,1,17,3,2,2,10,3,6,3,10
3,-7,2,21,0,2,2,9,0,-6,-2,15
-1,0,1,15,0,1,2,9,3,6,3,10
2,13,2,21,3,4,2,12,3,6,-5,23
-1,5,2,21,3,4,2,10,3,6,-2,16
3,-4,2,21,-1,17,2,10,-6,5,-2,15
3,-4,1,15,-1,25,2,8,3,7,-2,13
2,16,2,18,-1,12,2,7,0,-5,3,14
-4,23,-7,22,3,7,2,7,0,-6,-2,13
3,-2,-6,21,3,7,2,6,3,8,-2,12
2,18,1,18,-1,12,2,6,3,8,-2,8
3,-1,2,19,-1,2,2,5,3,7,3,17
2,19,2,18,3,7,2,13,3,6,-2,7
-1,16,2,16,-2,30,2,11,-6,4,-2,6
2,20,1,21,3,8,2,9,3,3,3,19
2,13,2,16,3,8,2,8,3,2,3,19
3,-34,3,-22,0,-14,3,-29,1,-36,4,-18
-3,-6,3,-22,4,-28,-5,-31,0,0,-1,-31
-3,-7,3,-24,0,-18,3,-28,0,0,4,-17
2,0,2,-13,4,-29,3,-29,4,-32,4,-18
2,-3,2,-16,-1,-4,3,-29,-5,-25,-2,2
-3,-7,3,-22,0,-18,3,-26,4,-31,-2,0
2,-3,3,-22,0,-19,2,5,3,3,4,-17
-3,-11,2,-14,4,-26,3,-27,0,0,4,-17
-3,-14,-5,2,4,-26,3,-27,0,-1,-2,-2
2,-3,2,-15,4,-26,3,-27,3,5,-2,-3
-4,5,2,-19,4,-26,2,6,-5,-18,-2,-3
2,-16,3,-18,0,-16,2,11,3,4,4,-15
1,6,2,-22,0,-16,2,10,0,1,4,-15
0,12,2,-23,3,13,2,10,0,-2,4,-15
-5,10,-6,8,0,-19,2,7,0,-4,-2,-5
0,13,1,14,3,14,2,7,0,-4,-2,-8
0,9,1,14,0,-20,2,6,0,-6,-2,-8
-1,17,1,10,-1,15,2,5,0,-9,-2,-16
-1,10,3,-16,3,15,2,13,3,8,4,-11
-2,18,1,10,3,15,-5,-12,0,-9,4,-12
4,-15,-6,15,-1,17,2,5,-5,-6,4,-12
-2,19,3,-14,-1,11,2,12,3,10,4,-14
-2,19,-5,18,-1,10,2,11,0,-9,-3,20
-2,19,2,22,-1,10,2,7,3,11,-3,20
-2,19,2,19,3,19,2,6,0,-8,4,-12
-2,19,2,19,3,19,2,8,0,-10,3,25
3,26,1,16,3,19,2,7,-1,26,3,25
3,26,1,16,-1,10,2,7,-5,10,-4,8
-2,21,1,16,3,19,2,5,-1,23,3,23
-2,20,1,16,-1,11,2,8,3,15,3,23
-2,19,2,21,-6,-6,2,8,3,15,-3,26
-6,27,1,16,3,21,2,5,-1,25,3,21
3,30,2,22,11,9,2,8,-1,25,3,21
-2,21,2,22,3,16,2,1,3,16,20,32
-2,21,1,18,-6,0,2,7,3,16,3,19
-2,20,2,18,-6,5,2,6,-1,26,-3,24
3,32,2,18,-6,8,2,1,3,17,3,20
-1,-16,2,-18,0,-29,-4,-28,4,-21,4,-17
-1,-17,2,-18,0,-35,3,-35,0,-10,4,-24
-1,-17,2,-18,-1,-6,3,-28,0,-12,4,-25
-1,-26,2,-18,-1,-9,3,-28,0,-13,4,-25
-1,-29,2,-18,4,-14,3,-29,4,-19,4,-26
-1,-30,3,-17,4,-14,3,-29,0,-12,4,-26
-1,-30,2,-17,-5,-21,2,6,4,-21,4,-26
-2,7,3,-16,4,-13,2,6,4,-21,4,-26
-2,7,2,-16,4,-13,2,6,4,-21,4,-26
-5,-14,3,-16,4,-13,2,4,4,-22,4,-26
-2,8,2,-17,4,-13,2,7,4,-22,3,9
-2,8,2,-20,4,-14,2,7,4,-24,-2,-3
-2,8,3,-15,-1,-23,2,6,4,-24,-5,-22
-2,5,3,-15,4,-13,2,6,3,13,-2,-7
-2,3,3,-16,-5,-10,2,5,0,-7,-2,-10
-2,2,3,-16,4,-12,2,5,3,14,3,11
-5,-18,2,-16,4,-12,2,5,0,-8,3,9
-2,2,3,-15,4,-12,-4,-10,0,-9,3,8
4,9,2,-16,4,-12,-4,9,0,-9,3,8
-2,3,2,-16,4,-12,2,11,3,17,-2,-7
4,10,1,19,4,-12,2,5,3,15,3,8
4,5,1,18,-5,-2,2,9,3,14,3,6
4,5,3,-11,4,-11,2,6,0,-8,3,6
-2,4,3,-12,4,-11,2,6,3,14,3,4
-2,1,2,20,4,-11,2,2,3,14,-2,-9
-2,0,1,20,4,-11,2,1,3,14,-3,23
4,8,2,21,-2,25,2,0,0,-6,3,6
4,7,2,21,3,26,2,0,-4,12,3,4
-5,-7,2,20,-2,26,2,15,0,-5,3,0
-2,3,2,12,3,26,2,1,3,17,3,-3
-2,2,1,23,-2,27,2,16,3,12,3,-3
-5,0,1,23,-2,26,2,2,-4,7,-3,27
-2,3,2,7,3,27,2,2,-4,9,3,-2
-2,3,1,23,-2,20,2,1,3,13,-5,0
4,12,2,8,3,25,-4,8,3,13,3,-1
-5,6,2,7,3,23,2,2,3,13,-3,27
4,12,1,21,3,20,2,1,3,13,3,0
-1,-32,3,-29,4,-17,-3,-25,1,-34,3,-3
-4,-27,2,-15,-4,-20,3,-17,4,-24,-2,-8
-1,-31,3,-28,4,-18,3,-17,0,-2,-2,-10
-1,-32,2,-15,4,-18,3,-18,4,-23,-2,-10
-1,-32,-3,3,-1,-10,3,-19,0,-1,3,-2
-4,-22,2,-14,4,-17,3,-20,4,-23,-2,-10
-4,-19,3,-27,4,-19,3,-30,0,0,3,-2
-2,7,2,-14,4,-20,2,7,4,-29,-4,-25
-4,-16,3,-28,-4,-12,2,7,0,0,3,-1
5,-16,2,9,4,-23,-3,-15,3,-5,-4,-22
-4,-12,-2,-23,4,-24,2,7,-3,-3,-2,-7
-2,9,2,9,3,10,2,7,3,-4,3,-2
-2,6,2,8,3,10,2,5,0,2,3,-3
-2,6,2,7,3,9,-3,-6,0,1,3,-3
-2,5,2,5,3,7,2,3,3,-5,-2,-6
-2,5,2,4,3,6,3,-16,3,-5,3,-2
5,-11,2,3,3,4,3,-18,0,3,-2,-6
-2,6,2,-5,3,4,2,5,0,0,-2,-9
5,-10,-4,14,3,3,2,5,0,-2,-2,-9
5,-11,2,-4,3,3,2,5,0,-9,-2,-9
-2,8,2,6,-4,1,2,18,3,-2,3,1
-2,8,2,1,-1,6,2,6,-3,9,-4,-8
5,-11,2,-3,3,4,2,6,3,-2,3,2
5,-12,2,-1,3,4,2,6,0,-10,-2,-7
5,-12,2,-3,-4,7,2,6,3,-5,-4,-3
4,25,2,-4,3,4,2,5,0,-9,-3,24
-2,8,2,-4,3,2,2,5,-1,24,3,4
-2,8,2,-5,-1,4,2,4,3,-3,-3,22
-2,8,2,-5,-4,12,2,4,-1,24,3,5
-2,7,2,-6,3,4,2,4,-1,23,-3,22
-2,7,2,-6,3,4,2,4,3,-1,3,4
-4,11,2,3,3,3,2,4,-1,24,-2,-3
-2,8,-4,29,3,3,2,4,3,0,3,4
-4,16,2,2,3,0,-3,15,-1,25,3,2
-2,9,2,0,-1,5,2,29,3,0,3,0
4,34,1,35,-1,5,2,5,-3,26,3,0
-2,10,1,35,3,1,2,0,-1,25,-4,10
-1,-27,2,-4,-3,-14,2,-2,0,-12,-1,-33
5,-1,2,-1,4,-35,2,-3,0,-12,-1,-30
-3,-14,2,-3,0,-30,3,-4,-2,-5,4,-34
5,-1,2,-3,3,2,2,-3,0,-11,3,1
-1,-24,2,-3,0,-31,-2,-13,3,4,-1,-25
-1,-26,2,-4,3,1,2,-2,3,2,-1,-20
-1,-27,2,-4,0,-30,2,-3,0,-13,-1,-18
-1,-27,2,4,3,-1,3,-1,3,3,-1,-14
-1,-27,2,-5,3,-2,-2,2,3,2,-3,-16
-1,-27,2,-2,3,-2,-2,5,3,1,3,5
-3,-4,2,-6,3,-2,3,1,-2,5,3,5
-2,10,2,-6,3,-2,3,1,3,1,3,5
-3,-1,2,-6,3,-3,2,2,3,0,3,5
5,8,2,-1,3,-4,2,2,0,-7,-1,-5
-2,11,2,-1,3,-4,2,2,0,-8,-3,-9
5,9,-1,-14,-3,2,2,0,-2,-7,3,7
-2,10,2,-3,3,-5,2,-1,0,-12,3,7
-3,5,2,-3,-1,4,3,-2,0,-13,3,7
-2,11,2,-10,3,-4,2,0,3,5,-1,2
5,8,2,-11,3,-5,2,-4,0,-12,3,8
-2,11,2,-14,3,-6,3,-2,3,6,-1,6
-3,11,2,-14,-3,9,3,-8,3,5,-1,11
-3,-11,2,1,3,-7,2,-2,0,-13,3,9
5,10,1,22,3,-8,2,-4,-1,23,3,7
1,-7,-3,22,3,-8,2,-5,-1,23,-3,2
1,-5,1,23,-1,10,2,-5,3,8,3,6
1,-2,2,4,3,-8,2,-5,-2,6,3,4
1,0,1,23,-1,10,3,-4,-1,22,3,3
5,11,2,5,3,-7,3,-4,-1,22,3,3
1,3,1,23,-1,-3,2,-3,-1,22,-1,22
1,5,1,22,2,30,3,-3,-1,19,3,2
1,7,1,20,2,30,2,-2,-2,27,3,2
1,9,2,8,-3,21,3,-3,-1,20,-1,27
1,12,1,21,2,28,2,-2,3,13,-3,12
5,16,2,9,-1,-2,2,-2,-1,21,3,4
1,15,2,9,2,29,1,35,-2,16,3,4
1,19,2,9,2,29,1,32,-2,18,-1,33
6,-24,2,-13,3,-9,3,0,0,-14,4,-33
2,-13,3,-28,-2,-8,2,-5,4,-20,-2,-18
-2,-7,3,-30,3,-9,2,-6,4,-21,4,-32
6,-22,2,-11,-2,-28,2,-6,4,-21,3,2
-2,-3,3,-29,3,-10,2,-6,4,-21,0,4
6,-25,3,-31,3,-10,2,-8,4,-22,1,-31
2,-4,2,6,3,-10,3,3,-1,-10,3,2
-2,1,2,4,3,-13,3,2,4,-22,3,2
-2,3,2,3,-2,3,2,-6,-1,7,3,2
-2,6,2,2,3,-12,2,-6,4,-21,3,1
2,10,2,-5,-2,9,2,-6,0,-5,1,-25
-2,10,2,-6,-1,1,3,3,4,-22,1,-23
3,-24,2,3,3,-10,3,-1,4,-22,3,2
3,-21,2,3,3,-10,3,-3,0,-4,1,-19
3,-19,2,-2,3,-10,3,-5,0,-4,3,2
-1,-19,2,-4,-2,15,3,-6,4,-21,1,-16
-1,-16,2,-2,3,-9,2,-5,0,-6,3,3
6,-14,2,-3,3,-9,2,-8,3,16,3,2
6,-14,2,-3,3,-13,-1,2,3,16,3,1
3,-13,2,-3,3,-14,3,-7,3,15,3,0
3,-11,2,-3,2,20,2,-6,3,12,3,0
3,-9,2,-3,2,20,2,-7,0,-6,3,0
3,-7,2,-3,-1,-14,3,-6,3,10,3,0
3,-5,2,-5,2,21,3,-11,0,-6,1,-7
3,-2,2,-8,2,21,2,23,0,-8,3,0
-1,-6,2,-2,2,21,2,-5,0,-10,3,0
3,3,2,-3,2,21,2,-5,-1,26,1,-3
3,6,2,-4,2,21,2,-7,3,14,1,-1
6,-5,2,-5,-1,-5,2,-7,3,13,-2,11
3,11,1,26,2,19,2,-7,-2,-3,1,2
3,14,1,21,2,17,1,29,3,12,24,30
6,-3,1,21,2,17,1,28,0,0,-2,15
3,20,2,-2,-1,2,2,29,3,13,-2,17
-1,3,1,21,-1,28,1,27,0,3,-2,19
3,23,2,-1,2,18,2,29,3,14,3,7
-1,6,1,21,2,17,1,28,0,7,-2,23
-1,11,1,20,2,17,2,29,3,14,3,6
7,-35,3,-36,3,-20,2,-8,4,-23,-1,-10
4,-9,2,1,0,-3,0,-14,0,-10,4,-32
4,-7,2,-16,3,-19,3,-9,0,-8,4,-34
13,-30,2,2,3,-19,2,-7,1,-23,3,3
-1,-26,2,2,0,1,2,-7,4,-21,3,3
5,-5,2,1,3,-18,2,-8,1,-20,3,2
7,-30,2,-13,0,-23,2,-8,0,-2,3,2
-1,-19,2,2,0,-20,2,-8,4,-21,-1,-1
-1,-13,1,-20,3,-16,3,-4,1,-16,3,2
-1,-9,2,3,3,-16,0,-5,1,-14,-1,3
-1,-5,2,3,0,-14,2,-10,1,-11,-1,5
-1,0,2,3,0,10,3,-6,4,-18,-1,7
6,11,2,1,3,-14,2,-12,1,-8,3,5
-1,5,2,-8,0,-9,2,-14,1,-6,-1,11
-1,12,2,-10,3,-16,3,-4,1,-2,3,6
-1,15,2,2,1,-20,2,-13,1,5,-1,15
0,-20,2,-10,3,-15,2,-15,1,7,3,7
0,-18,2,-14,3,-17,0,4,4,-14,3,6
0,-15,2,3,3,-18,2,-14,1,10,3,4
0,-9,2,-13,2,19,3,0,4,-16,3,4
6,15,2,3,1,-14,2,-13,1,16,3,3
0,-5,2,-12,2,17,3,1,2,-15,0,-14
6,14,-1,14,2,16,3,0,2,-12,3,4
0,-1,2,-13,2,13,3,0,4,-13,0,-11
0,1,1,24,2,13,3,0,2,-9,3,3
6,14,1,21,1,-8,2,-10,3,25,3,0
6,13,2,6,2,14,1,25,3,25,3,0
6,12,1,19,-1,-6,0,24,3,25,3,0
0,7,1,19,1,-3,3,1,3,25,0,-4
0,7,1,19,2,13,3,0,3,22,0,-2
6,2,2,8,2,13,1,28,2,-2,3,1
0,11,2,8,1,1,1,26,2,2,3,1
0,13,2,7,1,3,1,26,3,23,3,1
0,15,2,6,0,12,3,1,2,6,0,5
0,18,2,5,2,16,1,27,3,23,0,7
0,20,1,24,2,16,2,35,2,9,0,10
6,2,2,6,2,16,1,28,3,22,0,13
1,-13,3,-35,3,-22,2,-9,4,-15,4,-32
1,-10,2,-1,3,-23,3,-3,4,-15,1,-21
1,-6,2,-1,3,-23,3,-7,4,-16,1,-19
1,-2,2,-2,1,-17,3,-9,4,-16,4,-31
1,-13,2,-13,3,-22,2,-6,4,-17,4,-32
1,3,2,-13,3,-22,3,-11,4,-18,3,5
1,6,2,-13,3,-22,2,-30,3,-19,3,5
2,-25,2,1,3,-24,3,-10,3,-16,3,2
1,-6,2,-15,3,-25,2,-3,1,2,3,2
6,9,2,2,3,-25,3,-9,4,-15,1,-11
2,-20,0,9,1,-8,3,-9,3,-11,3,3
2,-18,2,-13,2,10,2,-14,1,8,1,-5
1,0,2,-14,2,10,2,0,4,-13,1,-2
2,-8,2,1,2,10,3,-8,4,-13,3,5
2,-3,2,-13,2,9,3,-8,26,14,1,8
6,7,1,-18,2,8,2,0,4,-12,3,5
2,0,1,-15,2,8,3,-7,1,14,1,12
2,2,2,4,2,8,2,1,2,-19,1,14
2,4,1,-11,2,7,2,1,4,-12,3,6
2,11,2,5,2,7,3,-6,4,-12,1,17
2,16,2,5,2,6,3,-6,2,-14,1,20
2,20,1,-6,2,5,2,3,4,-11,2,-15
3,-12,1,-12,2,4,3,-7,2,-11,3,9
3,-8,8,8,1,6,2,3,0,-8,2,-12
3,-3,2,8,2,-4,2,-3,4,-11,3,9
3,1,1,0,1,9,3,-5,0,-5,0,-5
3,5,2,6,2,-1,3,-8,4,-10,4,-2
3,7,2,6,2,8,2,5,3,24,3,11
6,19,1,2,1,16,2,5,3,23,3,11
3,12,2,7,1,18,3,-7,3,20,3,11
3,16,1,6,2,10,2,6,3,20,3,11
1,21,1,8,2,10,0,-5,3,16,3,10
3,22,2,7,2,6,2,32,0,3,3,10
3,28,0,-2,2,11,2,30,0,-3,3,10
4,2,2,4,2,11,2,30,3,18,0,6
5,28,1,13,2,11,2,22,3,18,3,10
0,0,2,5,2,11,0,2,3,18,0,0
