-18,-32,-5,-18,-2,-33,-26,-15,-6,-35,0,-1
0,-15,-5,-34,-7,-15,0,-2,0,-6,-23,-6
0,-18,-1,-10,-3,-17,0,-15,0,-3,0,-1
-1,-11,-18,-24,0,-21,-1,-10,0,-9,0,-1
-1,-14,-19,-10,0,-24,0,-10,0,2,0,-6
-19,-22,-19,-16,-9,-23,0,-13,0,-9,0,0
-4,-22,-3,-5,-9,-23,0,-18,0,-9,0,0
-16,-23,-3,-21,-11,2,0,-20,0,-9,0,-9
-18,-13,-4,-13,-9,-22,-1,-17,0,2,0,-9
-2,-8,-3,-21,0,-20,-1,-20,0,-9,0,-4
-3,-1,-4,8,-10,-23,0,-25,0,-10,0,-8
-19,-7,-17,-23,-11,5,-1,4,0,-8,0,-9
0,-17,-2,0,0,-23,-1,-4,0,-9,0,-20
-21,-9,-2,-8,-2,0,-2,8,0,-18,0,-6
-4,-9,-2,-18,-14,-10,-1,-7,0,-20,0,-7
-17,-2,-19,-7,-2,-17,-3,5,-1,15,0,-7
-21,-5,-1,1,-18,9,-1,-10,-1,0,0,-7
-16,-12,-1,-6,-24,1,-1,-13,0,-6,-1,16
-16,-7,-20,14,-8,-12,-14,-5,-1,-1,-25,1
-1,-12,-5,-17,-23,19,-8,-5,-1,-1,0,-5
-1,19,-12,19,-24,12,-15,-3,-1,-3,0,-5
-15,4,-19,1,0,0,-3,9,0,-9,0,-5
-21,-4,-21,9,-13,2,-3,9,-1,-2,0,-7
-4,-11,-20,1,-2,-4,-4,-12,0,-9,0,-7
-14,4,-3,7,-6,9,-19,19,-1,-6,0,-9
-5,-3,-10,0,-21,24,-1,-8,0,-10,0,-9
-2,-9,-4,17,-6,6,-2,22,-1,-5,0,-9
-1,27,-4,3,-1,-5,-2,19,0,-9,-1,25
-3,24,-4,0,-23,22,-7,24,-1,26,0,-8
-21,10,-22,14,-3,9,-7,-1,-1,25,-1,26
-13,1,-5,25,-26,19,-2,21,-1,-5,-1,23
-4,21,-6,31,-3,-3,-8,16,0,3,0,23
-6,4,-5,7,0,18,-2,15,-1,24,-1,27
-2,6,-5,6,-14,28,-2,12,-1,24,-1,27
-7,14,-22,1,-25,29,-2,12,-1,22,-1,26
-7,12,0,19,-5,0,-2,12,-1,22,0,24
-8,22,-5,8,-6,1,-3,22,-1,0,-1,25
-16,-31,1,-36,-2,-3,-2,-36,1,-3,0,-14
1,-13,-1,-24,1,-30,-3,-1,-1,-1,0,-9
-12,-29,-4,-19,-5,-19,-5,-24,-1,-6,0,-16
0,-5,-5,-14,-19,-9,-6,-9,-1,-6,0,-10
-1,-4,0,-26,1,-32,-6,-22,0,-18,0,-12
0,0,-4,-28,-10,-13,-7,-11,0,-21,0,-14
-16,-18,-5,1,-4,-27,-7,-2,1,2,0,-15
1,-21,-6,3,-5,-9,-7,-10,-1,-4,0,-13
-3,-18,-23,-6,-12,6,-15,4,0,-24,0,-14
-2,-6,0,-25,-6,7,-7,-9,-1,-19,0,-14
-1,5,-20,7,-22,-9,-7,-9,1,0,0,-14
-4,-1,-24,4,-19,-14,-7,-16,-1,-23,0,-15
-3,-13,1,-10,-19,11,-7,-9,0,-21,0,-16
-3,-11,-1,13,-18,-9,-7,-13,-1,8,1,-14
-3,-17,1,-21,-21,8,-7,-17,-2,4,0,-17
-17,-3,0,-6,-22,-1,-7,-15,-1,3,0,-17
-15,-10,-5,-4,-18,13,-7,-16,-1,1,0,-17
0,15,0,17,-4,15,-8,15,-1,-2,0,-17
-2,13,-1,8,-21,11,-8,-4,-2,6,0,-7
0,-17,-1,-10,-4,14,-8,12,1,2,0,-10
-1,-16,0,10,-3,-2,-8,-5,-2,-2,0,-15
-6,8,-2,11,-18,7,-8,-3,-1,-2,0,-15
-16,-1,0,11,-5,21,-18,2,-1,-3,-1,22
-12,-11,-23,-2,-18,18,-3,5,-2,-2,-1,21
-6,7,-1,23,1,4,-8,-2,-2,16,-1,23
-1,-1,-1,16,-1,25,-8,-5,-2,16,-1,22
-12,2,-1,-5,-4,-6,-8,-5,-2,-6,-1,20
-13,2,-1,-8,-6,24,1,25,-2,16,-1,20
-12,9,-2,12,-23,0,-8,-4,-2,13,-1,20
-14,1,-2,21,-6,25,-9,1,-2,10,-1,20
-6,11,-2,1,-7,6,-16,13,-2,6,-1,19
-3,22,-3,25,-5,14,-16,25,-2,2,-1,21
-13,8,-2,14,-25,30,-9,3,1,7,-1,17
-5,28,-3,23,-8,11,-9,3,-3,26,-1,16
-3,26,-3,15,-10,34,-9,2,-3,33,-1,16
-3,28,-4,23,-11,-1,-9,2,-3,27,-1,15
-20,7,-3,24,-21,36,-14,34,-3,34,-1,14
2,-9,-1,-25,-14,-31,-7,-27,2,-26,2,-31
2,-9,-1,-21,-11,0,-7,-27,-2,-24,0,-22
1,-7,-1,-31,-16,-26,-13,-8,-2,-3,0,-22
1,-17,-4,-18,-18,-12,-13,-15,-2,-3,1,-1
-15,-16,-4,0,-23,-3,-13,-20,2,-18,0,-9
1,-20,-4,-7,-19,2,-7,-24,2,-24,0,-21
-1,-8,-4,-12,-21,-5,-15,-18,-2,-25,0,-22
-19,-16,-4,-20,-22,-8,-14,-2,-2,-28,0,-22
0,-10,-4,-26,-2,-15,-16,0,-2,-2,0,-22
-2,-11,-4,-26,-1,5,-17,7,-2,-27,0,-22
-15,-9,-1,-24,0,-11,-14,-15,-2,-5,0,-22
-12,-19,-2,-6,0,6,-15,4,-3,11,0,-22
0,-7,2,7,-5,-10,-8,-13,-2,-12,0,-4
2,-20,-4,-11,1,-20,-15,-5,-2,-14,0,-21
0,-7,-2,10,2,-16,-17,10,-2,-15,-24,-18
-14,-9,-3,0,-14,10,-17,8,-2,-15,0,-4
-1,-20,-5,-3,-20,1,-18,9,-2,-16,0,-20
-2,5,2,11,-23,16,-17,9,-3,1,-1,15
0,-6,-5,15,-6,-8,-9,-4,-3,-1,-1,13
-13,0,-5,-16,-12,-8,-18,5,-3,-2,-1,13
0,-5,-5,-8,-20,18,-18,0,-3,-6,-1,13
-13,-5,-8,-10,-24,18,-18,-2,2,-3,0,-4
0,-12,-10,-4,-16,14,-20,17,-3,-12,1,13
-3,-1,-13,9,-24,17,-18,-1,-3,-13,-1,15
-2,-11,-3,5,-23,24,-20,4,-2,-10,-1,15
-5,1,-13,20,-1,13,-4,-11,-9,2,-10,17
-7,-2,-21,-7,-19,-6,-3,18,-18,-3,-11,-4
-16,-4,-10,10,-6,26,-9,-5,-20,4,-14,26
-6,-8,-24,-2,-7,13,-10,12,-16,-3,-9,4
-4,11,-21,6,-22,8,-8,24,-17,0,-20,5
0,-1,-15,8,2,-3,-19,29,-4,27,0,3
-4,16,-9,19,2,13,-19,24,-4,26,-1,20
-2,26,-17,30,-1,15,-8,5,-4,19,-1,18
-6,18,-5,32,-19,21,-19,21,-3,27,0,-2
-6,21,-19,32,-13,1,-19,10,-4,20,-1,19
-3,5,-13,-1,-14,16,-8,4,-3,22,-1,19
0,6,-5,7,-14,20,-19,11,-4,21,-1,19
3,-18,-2,-26,-19,-11,-19,0,-2,-15,0,-19
3,-5,0,-13,-19,-29,-19,-3,-2,-17,0,-20
-15,-23,0,-17,-10,-21,-8,-19,-3,-14,0,1
1,-13,0,-18,-7,-2,-19,-10,-3,-18,0,0
-14,-21,-2,-28,-2,-2,-9,-20,2,-7,0,-18
0,-14,-3,4,-16,3,-19,-14,-2,-15,0,-19
-10,-21,-3,-27,-15,-13,-11,-3,-2,-18,0,-4
2,4,-15,-8,3,-25,-20,5,-3,-20,0,-18
3,-27,-4,-5,3,-3,-11,-14,-2,-17,0,-5
3,-25,-18,-5,-10,-10,-20,4,-3,-19,0,-22
2,-18,-4,-6,3,-24,-20,4,-2,-17,0,-8
-1,-7,-21,-12,-14,6,-21,7,-3,-20,0,-22
-2,1,-15,-6,-18,12,-12,8,-3,-24,0,-23
0,7,2,-20,-17,-1,-12,-18,-2,-15,-1,13
-1,-18,-5,-3,-5,-3,-13,4,2,-1,0,-12
-17,-10,3,15,3,-7,3,11,-4,15,-1,14
-1,0,1,8,-7,-2,-21,16,3,-11,-19,-5
-1,-16,-5,-5,-17,17,3,9,-22,0,2,5
-11,-11,-4,-5,-22,2,-21,12,-3,14,2,3
-1,8,-5,4,-5,-13,-21,3,-4,11,-1,16
-13,2,-4,0,-13,14,-13,2,-3,0,2,-7
1,18,-7,-6,-3,21,-13,-9,-3,-4,0,-6
-2,-7,-1,11,-4,9,-22,22,-4,9,-1,18
-4,5,3,16,-20,8,-22,18,-3,-6,-1,18
1,-8,0,-11,1,7,-5,21,-19,15,-2,17
-12,9,-11,-7,-22,-3,-17,0,-14,17,-3,19
-6,24,-23,5,-7,13,-22,-6,-18,-4,-14,13
-9,17,-6,-8,-9,10,-6,22,-7,14,0,-2
-10,20,-21,12,-15,6,-22,-2,-14,-5,-18,10
-6,26,-16,12,-8,-1,-17,-3,-16,20,-11,4
-4,-6,-12,11,-20,1,-16,-5,-4,18,-9,18
-1,-5,3,-2,-5,-5,-22,29,-4,30,-1,25
1,4,-1,16,-10,7,-22,28,-4,28,-1,24
-3,9,-9,3,-8,11,1,15,-4,19,-1,23
-3,2,-3,32,-11,3,-22,24,-4,18,-1,23
1,33,3,1,-10,5,-23,32,-4,17,-1,21
-3,10,2,1,-5,18,-23,32,-4,17,-1,21
4,-7,-4,-24,-18,-3,-19,-12,-3,-21,0,-17
-12,-30,2,-10,-20,-3,-22,-4,-3,-16,0,-17
3,-17,1,-21,-17,-11,-10,-19,-3,-22,0,-20
1,-9,2,-23,-14,-29,-22,-3,-3,-22,0,-22
-9,-26,-4,-23,-14,-23,-13,-1,-3,-28,0,-23
1,-27,-1,2,-4,1,-16,-22,-3,-30,1,-25
-1,-9,-2,-17,-3,-14,-15,0,-3,-22,0,-24
-11,-22,-5,7,-6,-25,-15,6,-4,3,0,-26
-1,-8,-2,-18,-10,-5,-10,-23,-3,-23,0,-26
1,-25,-3,7,-13,-8,-3,-23,-4,-4,1,-25
4,-22,-6,-18,-21,-5,-21,-3,3,-7,0,-25
-17,-13,-6,-21,-6,-19,-10,-23,4,-22,3,-19
-16,-16,1,-15,-6,-17,-1,6,-4,4,0,-24
1,-13,1,-19,-10,-16,-19,2,-4,-1,2,8
-2,2,2,-10,-1,-5,-21,7,3,4,3,-3
-2,-6,-18,6,-8,-13,-18,-1,-16,-1,-4,4
-1,6,-9,-13,3,-7,1,-1,-10,-7,-7,-13
-4,1,-7,-10,-9,-19,-9,-10,-1,7,-14,5
-3,2,2,11,-8,14,-20,11,3,17,2,6
-2,-17,1,12,-6,-9,-4,-1,3,16,-1,19
-2,-15,-6,-13,-6,-7,-21,17,-4,5,-1,19
-2,-13,-7,4,-18,-7,0,-7,-4,3,-1,19
2,-11,-6,18,-6,-4,-20,0,-4,6,-1,19
-12,2,-10,-5,-15,-12,-1,1,-4,1,-1,19
0,23,-16,-10,-3,-9,-22,24,-4,24,-12,2
-15,-7,-22,24,-9,21,-13,9,-20,-8,-2,18
-8,-5,-14,20,-15,-3,-12,-2,3,20,-17,11
-8,4,-7,19,-17,17,-18,0,-2,15,-4,19
-20,9,-10,-6,1,-2,-21,9,-19,-7,-4,21
-12,-7,-8,4,-13,-1,4,24,-5,-6,-7,10
-8,8,-14,14,-8,19,-5,22,-22,-6,-14,-5
-2,6,1,25,3,2,-4,9,-4,1,-1,25
1,29,1,30,2,31,-20,22,-4,15,-1,19
-2,10,-21,25,-18,28,-20,28,-4,1,-1,18
-12,2,-7,14,-11,29,-3,34,-5,9,0,32
-11,17,-20,20,-10,5,-20,33,-4,16,-1,19
-3,10,-20,32,-11,4,-3,33,-4,16,-1,18
5,-22,-3,-28,-9,-11,-18,-20,-3,-21,1,-7
-13,-26,2,-35,-1,-33,-18,-14,-4,-26,3,-13
1,-27,-3,-30,-8,-22,-18,-6,-3,-21,0,-17
2,-7,1,-4,-19,0,-2,-13,-4,-25,0,-19
-9,-23,-4,-18,-20,1,-18,4,-4,-25,1,-9
5,-26,-18,5,-21,5,-17,-24,-5,-20,0,-18
2,-15,-4,-17,5,-20,-17,-6,-3,-18,0,-20
0,-14,-17,7,-15,-14,-3,-21,-3,-18,1,-9
2,1,1,-19,-10,-20,-3,-28,-5,-24,1,-15
3,-14,-16,0,-2,-16,-17,2,-8,-21,0,-19
3,6,-4,-19,-21,-7,-17,4,-3,-17,1,-14
4,-19,-16,3,0,10,-4,-12,-9,-10,2,11
1,-1,1,-20,0,12,-8,-20,-11,6,-21,5
-2,-18,-17,-18,-6,-18,-19,-13,-6,4,-18,-11
-9,-9,-12,-7,-1,7,-1,3,-11,-13,-11,7
-18,-5,-12,-17,-4,-1,-5,-8,-3,4,-9,-6
-5,-18,-15,-9,-16,-15,-1,10,-21,-12,-19,-3
-5,-15,-4,0,-4,3,-7,0,-15,-14,-6,3
-1,-1,-21,3,-2,-16,-6,-9,-15,-18,-16,17
-10,-5,-15,10,-16,-4,-8,-6,-8,-10,5,10
-1,-13,-19,-6,0,5,-10,3,-3,-8,0,-9
-2,0,-10,-1,-18,18,-12,-10,-4,-3,0,-9
-15,-7,-15,21,-3,3,-17,19,-4,-4,0,-9
-12,-4,-12,5,-3,7,-17,21,-4,-7,0,-9
-2,24,-14,-5,-18,-8,-4,13,-5,-12,-21,-5
-21,-6,-16,6,-17,6,-17,-6,-6,-6,-7,0
-10,-6,-13,5,-21,-5,-17,-8,-7,-2,-21,25
-3,26,-19,25,-17,7,-4,24,1,5,-5,10
-4,12,-5,19,-17,27,-7,27,-21,-7,-18,9
-5,9,-3,18,2,-2,-18,8,-20,0,-8,2
-18,12,-16,13,-16,-6,-12,7,-18,10,-14,-1
-1,11,-20,25,1,31,-16,4,-12,29,0,-3
1,32,5,31,-4,25,-16,9,-4,1,-1,32
-2,29,-13,7,-5,32,-13,28,-4,1,-1,32
-16,7,-4,10,-2,-2,-16,25,-5,34,-1,32
-1,32,-2,-1,-13,23,-13,10,4,17,2,31
1,33,4,31,-20,19,-14,9,4,22,2,16
5,-13,3,-15,4,-10,-14,-16,-12,-32,0,-3
-12,-27,2,-12,-3,-26,-14,-21,-4,-19,0,-3
5,-2,-1,-24,-3,-24,-15,0,-13,-21,3,-26
3,-6,3,-21,-3,-21,-15,-3,-4,-23,0,-2
6,-26,-4,-25,-13,-8,-15,-1,-13,-20,3,-28
-15,-15,-4,-25,-3,-18,-15,-8,-13,-21,6,-7
1,-11,-18,-29,-4,4,-16,-8,-4,-21,0,-7
2,-10,-12,-16,3,-28,-17,6,-4,-21,0,-9
-11,-10,-19,-21,-17,3,-15,-8,-4,-21,2,-18
5,-20,-8,-9,4,-5,-17,-9,-13,-18,3,-27
-7,-15,-5,-16,0,-3,-11,-12,-14,-11,2,1
2,-3,-11,-3,-18,10,-15,7,-15,11,0,-8
-16,-17,-9,-14,-17,-5,-8,8,-16,-18,-18,2
-18,-22,-11,-22,-8,-20,-10,-21,-3,-7,-16,1
-8,4,-7,3,-11,13,-9,-1,5,-20,-20,-1
-13,14,-4,-5,-16,2,-15,-17,0,7,-8,-9
-3,10,1,-15,4,-14,-1,10,-3,9,-18,5
-15,-17,-5,2,-18,-18,-5,-2,5,-4,-20,4
-18,-10,-14,1,0,8,-16,-18,-11,8,-10,-16
0,2,-18,9,5,11,6,-3,-6,15,-19,17
-2,3,-1,3,6,3,-18,17,-15,-1,0,-2
0,5,-1,-9,6,11,-18,8,-16,13,0,-2
-15,4,-5,19,-14,14,-14,-6,-4,-8,0,-3
-2,5,-6,-10,-4,6,-19,17,-4,-8,0,-3
-16,4,-1,18,-16,3,-17,-2,-16,5,-20,8
-5,13,-3,5,3,25,-1,7,-5,0,-5,-5
-3,-9,-17,18,-14,24,-9,-8,-20,-8,-2,20
-13,17,-16,5,-4,-7,-13,-6,-12,17,-5,-1
-2,28,-14,13,-14,25,2,16,-18,-7,-11,11
-17,-7,-8,8,-5,1,-20,10,-2,-5,-15,-4
-11,-5,-2,18,-15,0,-18,-5,-6,19,-8,-3
-7,5,-3,0,-14,9,-19,19,-17,25,0,4
-1,5,-2,1,-11,20,-14,19,-4,-1,0,3
2,31,-2,8,6,17,-19,16,-5,32,0,2
3,32,-2,30,-15,9,-19,10,-7,14,-1,30
4,35,-6,33,5,4,5,4,-8,16,-8,27
1,4,-15,24,-14,13,0,18,-18,31,-10,32
-12,-23,3,-20,0,-21,7,-15,-6,-23,0,-16
5,-14,3,-21,-7,-16,-12,-24,-6,-25,3,-30
3,-20,4,-18,-18,-4,-13,-24,-7,-24,3,-30
3,-16,-11,-29,-7,-13,-13,-18,-7,-26,0,-14
-9,-16,2,2,-17,-9,-13,0,-17,-8,3,-15
4,-22,0,-16,-6,-21,-9,-11,-8,-14,0,-13
4,-19,2,-7,-6,-1,5,4,-8,-17,0,-15
-8,-13,-1,-7,-6,-24,-8,-28,-8,-22,3,-14
-6,-12,-6,-14,-12,-15,-13,2,-8,-22,2,-3
2,-14,7,7,-12,-19,-13,8,-18,3,2,1
3,-5,-15,-2,-9,2,-5,4,-9,-6,0,-12
-6,-21,-1,-2,-1,-10,-14,-3,-11,-17,2,-3
-4,-15,-12,1,-4,-20,-18,-23,-11,-23,-10,-18
-18,-17,-11,11,-11,13,-4,-13,5,13,-11,7
-13,0,-9,0,-10,-21,-10,-22,-6,3,-10,3
-9,-13,-3,-9,-11,-14,-7,-17,-8,7,-16,-14
-17,-14,-16,-11,-13,-15,-7,-17,-5,11,-17,-5
-11,5,-6,16,-3,2,-5,3,-8,14,-8,16
-8,6,-9,-1,-16,-7,-19,10,-6,-15,-13,2
0,-9,-7,-11,-15,9,-14,16,-2,11,-2,-16
0,17,5,0,-8,9,-3,11,5,7,-5,17
-12,-12,-14,-6,-2,11,0,-13,-8,-5,5,17
2,16,-17,2,-16,-4,-8,17,-4,-4,-8,-14
0,21,-8,21,-18,-7,-7,16,5,9,-8,-2
-16,-5,-19,-3,5,1,-5,-12,-7,-12,-14,-10
-17,1,-5,25,-13,-7,-3,1,-4,-8,-9,25
-4,-8,0,17,-2,21,-4,12,-11,23,-7,22
-13,-3,-18,1,-17,8,-6,17,-17,8,-5,23
-17,-4,-5,7,-16,0,-4,28,-13,25,-18,25
-2,16,-7,-6,-7,9,-14,10,-18,19,-5,22
-4,-1,-7,15,-11,20,-13,28,2,22,-8,24
2,-5,0,0,-3,10,-18,13,5,15,2,19
0,3,-3,19,1,24,-1,25,5,31,-4,-2
0,32,7,10,-3,25,-16,2,5,11,7,19
-1,9,5,31,-5,22,-9,2,-8,21,2,14
-1,9,-15,10,-12,2,0,20,-6,10,-2,2
-9,13,-19,11,-16,6,-2,27,2,24,-9,1
-12,-22,8,-29,4,-25,6,-3,6,-18,1,-23
5,-12,4,0,4,-2,-11,-25,6,-26,3,-23
5,-6,8,-17,-3,-5,0,-27,-17,-10,5,-10
3,-19,5,-28,-13,-17,6,-8,-17,-29,1,-21
1,-10,-2,-11,-10,3,6,3,6,-25,3,-21
3,-22,7,-14,-13,-29,8,-20,-18,4,4,-7
-6,-20,-3,-13,0,-28,8,-6,8,5,1,-3
-9,-15,7,-1,-12,-21,6,-9,7,-18,2,-2
-14,-16,-10,1,-15,-2,8,-28,7,-19,8,-7
1,-16,1,9,-16,-13,-3,-14,5,8,1,-16
-5,-7,7,-17,-13,-9,-10,-18,-18,-1,3,-11
5,11,6,5,-9,9,6,-13,-12,10,3,-16
-11,-17,-8,-20,-8,-11,-2,0,-15,-22,0,7
-14,11,8,-17,-8,-5,-8,1,-18,-10,-14,6
-3,5,-1,8,-18,-6,1,5,-17,-19,-17,4
-16,-16,-4,7,-5,5,-4,-15,-3,-19,3,-20
-12,-1,-6,11,-14,-11,0,14,-4,-2,-18,4
-3,-3,-7,-18,-18,-7,-15,-13,-18,12,-2,-6
-17,-8,-9,-11,-15,-15,7,8,-9,9,-8,-15
3,14,-16,6,1,-5,-6,4,0,10,2,11
3,16,-8,14,-6,12,5,19,7,-9,1,-6
-14,-4,-17,21,-13,-6,5,16,-12,2,3,-12
0,18,8,9,-11,9,-11,22,7,17,1,-5
0,-5,8,13,-17,11,1,-8,-12,3,3,-13
0,19,-14,-6,0,18,-3,0,-18,-3,-7,-2
-12,-8,-7,13,-4,3,-3,16,-14,-3,-2,5
-18,-1,-11,-9,-7,24,-16,-5,-4,17,-14,-9
-3,13,-5,8,7,9,-14,26,-2,6,-15,2
-7,-7,-10,4,-11,20,-12,18,-1,9,-3,26
-16,-7,-8,28,-11,12,-7,21,-6,12,-2,29
-14,3,2,20,-6,30,-6,18,-5,16,-12,-3
-1,5,2,3,-10,-4,7,29,-12,8,8,3
-1,0,4,9,8,13,1,11,-17,17,-4,0
-7,12,2,30,-5,-1,0,20,-17,31,2,9
-1,13,-5,21,-4,21,-8,23,6,27,-2,30
-6,14,-1,10,8,26,-15,25,7,7,2,7
-5,18,-18,30,7,2,1,17,-7,18,2,22
8,-7,-9,-28,6,-26,7,-26,7,-3,3,-33
6,-16,7,-15,-6,-3,-13,-17,-12,-3,8,1
6,-20,-8,-11,-4,-16,-6,-30,6,-2,3,-34
8,-31,8,-28,-6,-20,-7,-32,7,-1,5,-25
3,-10,-11,-12,-9,-17,-4,-1,6,2,2,4
7,-24,-11,-1,5,-15,-1,-5,-3,5,-1,-10
5,2,9,-11,4,-30,-9,-4,-15,-3,2,-22
-11,-11,-10,-11,3,3,-4,1,7,-14,-3,-17
6,7,9,-3,-11,-11,7,-25,6,2,3,-7
-5,-19,-15,0,1,-20,-14,-18,7,3,2,8
1,-10,1,-20,-9,-4,-15,-15,6,5,2,-21
4,-23,7,-12,-10,-14,1,5,-15,8,-8,-7
0,-13,-7,1,-14,-22,-1,-6,-13,-17,-10,2
-5,5,-11,-18,-3,13,2,-7,-6,12,-14,-21
-17,-12,-12,-14,-3,-11,-3,-12,-14,-10,-14,3
-8,-18,2,8,-17,-4,-9,-18,-13,-19,-8,11
-17,-16,-5,-10,-17,-18,-3,-9,-1,9,-4,3
-2,7,-11,5,-8,-19,0,5,-3,-7,-17,-14
-4,7,-2,-7,-4,-10,-8,9,-14,-18,-6,-16
3,19,3,-10,8,-9,5,11,-17,19,2,5
1,-7,6,20,2,-12,-1,-6,7,3,3,2
-8,-9,4,-13,-2,5,8,-2,6,-12,5,-8
1,-9,-11,2,-9,20,-10,8,6,9,4,13
2,-10,5,15,8,7,-10,10,6,-11,-2,22
-3,-2,0,-10,-8,-8,5,15,0,10,-7,9
2,15,-5,0,-2,11,-3,2,-4,12,-8,16
-9,15,-3,8,0,-8,0,-10,-2,22,-1,7
-3,16,-15,27,9,27,-2,14,-12,-8,-4,15
-12,-8,-14,24,-13,3,-6,-5,-1,27,-2,21
-2,5,-6,6,8,10,-11,-2,-2,17,-6,0
-3,6,1,-5,-7,3,1,29,-17,-2,-12,13
2,-3,3,17,6,24,6,6,6,-5,3,11
-4,16,5,27,5,5,0,26,5,32,3,15
2,28,3,17,-12,9,6,27,7,-3,2,1
-1,1,-13,21,-5,12,6,5,-12,29,2,-2
-1,6,8,34,3,2,5,18,7,15,7,14
-6,14,1,35,-15,18,-14,22,-10,19,0,36
-8,-22,4,-19,-3,-16,-3,-14,6,-4,3,-20
-10,-18,5,-23,2,-19,-5,-21,-6,-22,4,-20
5,-12,6,-27,-9,-25,-1,-1,6,-12,-1,-25
8,-17,5,-13,2,-6,2,-7,6,-20,4,-31
-11,-21,2,-15,6,-31,-3,-30,-14,4,4,-26
4,-8,6,-28,5,-24,-12,-16,7,2,4,-27
5,-19,-11,1,5,-21,-7,-2,-5,-15,-2,6
-4,-12,-15,-12,-14,-13,5,-11,8,-3,4,-28
-4,-26,-1,4,5,-10,-12,-18,7,1,2,-5
4,5,6,6,-3,9,7,-22,-3,-22,-7,-12
-12,-13,-16,6,3,-13,-14,-23,-13,3,-1,-21
4,-19,6,-24,-9,4,-5,-17,7,-5,2,7
3,-20,0,-24,-1,-14,0,-23,3,2,1,-22
1,8,-1,7,-2,-3,-8,-17,-6,6,-14,-21
-14,-8,-3,-18,-11,-3,4,-20,-9,-19,7,-9
-13,-16,-9,2,1,-3,1,2,-16,-9,1,-3
-3,1,-13,-8,-8,-20,-7,-12,-10,-19,-5,-12
-8,-17,-12,3,-14,-15,-1,-1,-13,-1,2,3
-2,-17,-7,3,-2,-11,1,3,-10,0,-9,2
2,-5,8,-15,-7,8,-16,-16,7,-4,-3,-9
4,19,-4,13,-10,-16,6,5,-12,9,-1,20
5,14,10,7,-15,-14,-9,9,-1,5,4,9
1,0,9,9,-10,18,-5,13,6,5,2,7
1,-4,-6,1,7,8,6,-9,10,15,2,7
0,-1,0,10,9,7,-1,-4,10,15,-5,0
-14,-4,-16,-7,-12,-11,-15,10,-8,-4,-3,-11
-16,3,-11,-10,-5,-9,-10,-9,-16,16,-8,11
-10,-5,-3,19,-8,12,-1,2,5,18,-13,11
-4,17,3,10,-14,18,-13,-1,-5,-4,-2,6
-4,17,-3,22,-5,23,-9,-3,-1,-1,-9,22
2,22,-9,14,-15,5,-15,-6,-8,19,-3,11
-4,9,3,-3,-12,13,5,24,-9,-3,-16,3
-3,11,-12,29,-12,8,-9,29,1,30,-13,5
0,5,8,0,-4,24,-2,31,7,-2,6,13
1,1,2,31,6,20,-1,24,-2,-2,-3,16
-4,3,-6,10,10,32,-6,32,-13,21,-5,13
2,29,-9,0,0,0,-1,6,-4,1,1,17
10,-24,11,-18,7,-21,11,-32,-5,-4,4,-2
10,-20,11,-20,-6,-21,8,-20,7,-20,3,-2
8,-18,11,-23,-10,-6,5,-30,3,-31,-1,0
-7,-14,7,-33,7,-29,-11,-22,-11,-1,4,0
5,-25,2,-22,7,-25,-2,-17,7,-15,4,-9
5,-22,0,-8,-12,1,6,4,-7,-12,0,-1
-3,-11,1,3,-11,-23,4,-1,-15,-9,4,-9
6,-19,2,-12,-15,-28,-10,-21,-12,4,-11,-25
3,-11,0,8,-14,-26,3,3,8,-22,-4,-22
-2,-24,-2,6,-12,-9,5,-12,7,-17,2,-27
9,9,-10,-10,-5,-1,-1,-2,2,7,4,-9
6,-20,-13,-8,2,9,-4,4,7,0,6,6
6,-21,-14,-15,10,0,4,2,-11,-20,-10,-23
3,-19,-3,2,-15,-8,-5,-2,-14,-22,-12,-7
-10,-3,-5,-14,-2,-13,7,1,-6,-16,-3,-3
2,1,-7,-20,-9,-12,5,5,-13,-13,5,4
-14,-5,4,-9,0,-8,-1,-19,-5,-8,4,6
2,8,0,-1,-7,0,-5,9,1,6,-8,14
-2,-5,-9,8,-1,-6,3,7,-15,-12,-12,-13
4,-11,-4,13,10,-8,-2,8,1,-4,-6,16
3,-3,6,13,-5,-9,-13,-14,1,17,-6,-13
6,18,-1,-10,-8,21,7,5,-4,-14,-1,5
-5,0,-10,11,-1,19,-3,20,0,4,-2,21
-4,0,-1,3,8,9,8,-10,11,10,-7,20
-12,-1,-10,8,6,14,-13,-6,-14,3,-11,-6
0,18,-11,7,-14,-2,-14,-1,-15,-8,-6,-3
4,17,-2,0,-6,16,1,6,-6,26,-7,8
0,5,-13,5,-9,9,-9,19,4,-6,3,17
1,27,-9,1,8,15,-12,-6,-1,16,-14,20
-3,15,0,24,8,28,5,14,-4,7,-8,14
-2,21,-6,25,-3,20,-3,25,5,11,1,23
1,16,-10,-2,4,26,1,9,-5,30,0,23
-12,4,1,9,5,21,2,11,5,2,-4,15
2,10,-4,17,6,12,-13,12,-9,16,-9,8
6,32,4,10,-6,3,-2,6,-1,0,6,17
-12,13,-11,3,-9,5,-1,15,-2,-1,-10,3
-14,3,2,23,-2,28,-1,7,0,23,-9,1
-6,-33,4,-16,-5,-24,5,-14,3,-4,4,-21
12,-25,8,-30,-11,-6,10,-24,10,-23,4,-16
9,-28,-8,-22,5,-12,7,-22,6,-31,-1,-32
-4,-16,11,-6,9,1,10,-12,-4,-33,-4,-11
7,-15,-9,-18,0,-2,-2,-10,8,-9,-2,-5
-4,-12,11,-2,-8,-5,5,3,4,2,4,-13
12,5,3,-5,-3,-20,-6,-29,-3,-21,-8,-21
-5,-14,-14,-5,-6,2,-7,-15,-4,-2,-1,1
11,-25,9,-18,-3,-6,-2,-22,-2,2,-4,2
-3,-16,-13,-1,-3,-27,-6,0,-9,-16,4,-16
11,-22,-8,5,-8,-25,-3,9,1,-22,-12,-22
9,-17,10,7,-13,-21,-6,0,-5,-15,-4,9
-8,-8,-14,2,-13,-21,5,4,-3,-16,-12,-19
10,-9,-2,0,-10,5,3,3,2,-3,-3,3
2,-12,2,-20,-5,-13,2,-22,3,9,-12,-4
3,5,5,-18,-7,-1,-13,-8,0,-16,5,-14
-13,-6,-5,5,-10,-17,9,-18,-1,-3,-5,9
2,-4,-5,8,-12,-7,-11,-11,3,5,-6,6
2,-13,-3,-15,-12,-7,1,-11,5,11,-13,0
-2,1,-6,18,-10,7,-6,-3,-5,13,-1,-10
4,-9,-5,-4,8,-16,-13,0,0,-5,-4,-3
4,-9,-8,-14,-2,7,-11,8,-10,-1,-11,-14
1,-6,2,12,1,13,8,1,4,16,-2,2
-10,-5,-11,-9,-13,5,0,2,-4,-10,-14,14
2,10,0,-10,-13,-5,-11,-11,-7,13,-14,-2
-13,2,-4,18,-12,-9,-5,-9,-8,14,-6,5
-14,-7,2,14,-14,8,1,22,-2,17,3,10
-14,5,-3,7,-2,24,-8,-6,-4,9,-7,19
-11,11,8,-6,-3,6,1,26,-2,14,-11,28
-10,-7,1,28,6,1,1,23,-7,27,1,13
-3,29,-12,25,-14,29,-12,29,-7,20,4,2
-3,20,-5,11,-2,30,6,0,-1,28,-2,18
-5,-4,-4,23,-10,9,-6,13,0,31,-7,12
-9,1,-12,-1,3,13,-5,4,-11,16,-12,17
5,22,-1,25,-13,10,1,1,1,-2,5,22
1,27,-4,32,2,24,-7,5,-9,4,5,2
-12,3,7,14,-10,1,-14,5,-5,33,-11,18
13,-19,9,-15,-1,-26,-2,-20,-7,-28,6,-8
11,-12,11,-17,5,-24,-5,-5,11,-25,5,-18
10,-27,4,-6,2,-17,-11,-17,8,0,1,-8
-7,-21,-5,-16,0,-26,8,-18,0,1,0,-13
13,1,1,-15,8,-8,13,-2,10,-27,-5,2
12,-10,-11,-6,3,-30,-11,-27,-3,-10,-9,-4
-5,-13,13,-6,0,-16,7,-11,0,6,-2,-2
12,-20,6,-8,-4,-13,10,-2,-7,-19,1,-2
8,-5,13,-1,-2,5,-4,-6,11,-23,-5,-18
8,-11,2,-12,7,-14,-1,-9,-1,-1,5,-13
13,-14,-4,-13,-4,-16,9,-1,3,-7,-4,-22
13,3,8,1,-2,-14,8,-15,1,-15,6,-19
12,2,-12,-13,10,2,5,-22,1,10,-7,-16
6,-22,3,8,-7,-20,2,-18,-4,-2,-8,2
5,-19,2,-20,-5,-17,-12,-14,0,-21,-4,-20
2,4,-2,-10,-10,-21,-8,-14,11,-15,-6,3
3,9,-10,13,-11,-17,-3,-11,4,16,5,-15
-6,-18,2,1,12,17,-6,0,-10,-11,-9,-11
3,10,1,-6,8,10,-1,-18,6,13,-1,6
-3,4,-6,10,-12,-3,-5,-10,7,12,-3,1
3,-7,-6,-3,-8,-8,1,20,7,-14,-8,4
1,-4,11,6,9,-10,-7,-13,11,-11,-1,16
-8,-6,-2,1,4,-13,9,2,4,4,-11,-7
-10,-11,-5,-6,-4,-6,3,2,3,-1,-2,7
0,12,-3,9,-4,-10,-6,14,-3,24,-3,13
-9,-5,-6,-5,1,-7,2,17,-7,-7,-11,-5
-8,-9,-13,-8,-4,11,-13,-7,4,9,-1,-8
2,23,-1,7,0,13,10,3,6,25,-10,26
6,22,-8,7,11,-1,8,8,8,-2,-3,11
-9,19,12,13,2,12,13,29,-10,4,5,-3
-12,-1,-12,15,2,28,9,3,7,8,5,10
-2,29,1,4,12,17,8,-3,-12,13,5,8
3,27,2,4,-7,21,0,9,4,11,-4,13
-6,22,9,3,2,8,1,29,1,25,-11,29
-9,0,-4,26,7,25,2,-2,-4,33,-13,-2
-11,1,0,29,2,23,-9,0,-6,0,-3,3
3,26,-6,11,0,1,7,23,7,26,-11,9
14,-11,13,-25,-1,-34,13,-18,12,-35,5,-8
13,-22,-2,-17,-7,-3,1,-30,-6,-23,-5,1
-6,-24,-12,-3,-3,-23,9,-31,1,-2,-1,0
-5,-18,-11,-1,5,-29,1,0,6,-7,0,-4
14,4,0,3,12,-4,6,0,0,2,3,-14
-5,-19,-9,-7,6,-30,9,-30,12,-28,-4,-14
-5,-16,5,-24,6,-1,9,-8,3,-21,5,-16
10,-20,-7,0,-9,-1,10,-12,-1,-8,-6,5
10,-13,10,-18,-10,3,13,-9,11,8,-9,-18
9,-9,-9,7,6,-2,10,-20,-8,-17,0,-26
14,-5,0,8,-2,-11,10,4,11,-8,-4,9
14,7,4,-5,-1,3,-9,-13,5,1,-1,-12
4,-12,-2,-23,5,-5,7,1,-2,-17,-10,-13
3,-4,14,-11,10,0,-11,-16,-6,-21,-5,-22
3,-19,-11,3,-12,-8,7,9,-5,-22,3,-11
-4,-15,-8,-11,3,7,2,8,1,6,-12,4
-10,-11,-9,0,11,-12,-8,-12,-2,8,-8,-18
2,3,4,10,-9,-4,-12,-17,-7,6,2,-18
5,18,-4,8,10,2,14,-13,-6,-4,-2,5
3,1,4,2,-12,-11,1,-11,2,-8,5,-5
-4,4,-9,10,-2,-8,-5,-9,-9,-7,-2,12
9,12,1,-9,1,15,4,18,4,12,-12,2
4,-1,8,16,5,-14,7,0,-4,-12,3,12
-6,18,-4,11,6,-10,10,-7,0,15,-5,-7
2,17,3,-7,2,23,9,8,-4,-12,7,13
-1,-9,-10,-7,1,14,2,16,-7,-4,-6,15
-7,15,1,24,12,15,9,13,-2,1,5,24
-9,-6,2,20,-4,18,10,5,-3,-7,1,-4
2,26,3,5,-10,28,12,14,1,7,-8,25
-1,15,-5,29,3,25,10,5,-2,10,6,5
-2,17,4,4,9,27,13,-4,11,10,-5,7
0,26,14,3,6,9,13,25,11,5,-5,18
3,31,-11,11,9,2,-10,9,-2,27,5,23
-2,21,-9,3,-11,19,13,28,0,6,-4,5
-4,32,1,1,-10,25,8,14,-6,34,4,25
-9,3,3,5,-9,11,1,22,-10,9,-7,23
-12,11,2,32,-2,4,8,27,-1,16,6,0
15,-23,6,-32,7,-28,13,-19,-5,-6,-4,-24
14,-16,7,-25,-9,-1,9,0,-4,-24,-6,-18
-3,-21,-4,-26,-1,1,2,-24,1,-13,0,-7
15,1,12,-2,-9,-9,13,-3,1,-19,7,-23
13,-6,0,-4,-6,-2,-1,-22,0,-8,5,3
-4,-15,15,-15,13,-7,9,2,-5,-4,3,-6
1,-25,7,-17,-11,-6,-2,-7,-3,0,-4,-12
-2,-19,1,-10,13,-19,5,-12,6,-16,-3,3
12,-23,-11,0,1,-11,8,-16,1,7,-10,-13
12,-7,1,-24,-11,0,-8,-7,1,-21,-6,-16
15,-3,6,-17,-4,-9,14,-14,-6,-5,5,2
9,9,-6,-21,-3,-19,-11,2,1,-21,-9,-17
4,-7,-6,-14,-9,-5,6,11,0,2,6,-13
1,-2,-6,3,-11,-12,1,-16,6,12,1,7
-7,-8,9,6,-8,0,-5,-16,5,9,-4,5
9,9,-2,5,-1,12,-7,-18,6,0,2,7
9,5,-9,-20,11,10,-10,-6,4,-13,-8,-12
-1,17,-7,-12,-1,-13,8,-10,11,1,3,-11
8,10,-4,3,-3,12,12,-5,-9,3,-6,4
5,16,-7,18,1,7,14,-1,2,3,1,-11
-3,11,-6,-3,-5,3,4,-15,-6,-2,6,14
-2,-7,0,6,6,9,9,13,-9,-2,-9,12
4,1,9,15,4,-13,3,14,4,15,1,-10
-10,-13,0,14,2,-9,14,4,2,-11,7,21
-3,-11,9,13,-8,-7,0,-1,5,-11,2,-9
2,-10,-3,14,4,15,10,-3,7,18,5,-9
-8,16,0,2,-1,16,2,-10,1,-5,-4,5
2,27,-10,13,10,1,15,-7,0,16,-4,-1
5,26,6,24,7,16,2,4,-10,9,3,-5
0,16,-3,21,-9,6,2,7,-4,7,-6,16
-10,1,14,24,-6,4,-2,20,11,18,-6,23
-1,22,-9,28,4,10,8,18,-3,8,-8,29
-4,19,8,24,2,11,2,32,-6,13,5,11
-1,22,-5,10,14,28,15,22,6,24,6,7
-6,19,-7,10,-9,28,13,14,-4,30,6,33
8,28,-8,6,12,24,-1,22,-2,16,-3,27
-1,22,-2,20,-2,20,0,30,10,14,-8,6
16,-5,8,-18,-1,-9,15,-35,8,-36,7,-27
14,-10,9,-26,14,-19,12,-35,2,-6,7,-27
16,-19,7,-26,10,-10,16,-18,13,-12,7,-27
-2,-17,-7,-23,-4,-10,12,-28,13,-14,2,2
-4,-19,-1,-13,-7,-5,11,4,-3,1,5,-28
-3,-20,-5,-20,0,-28,1,5,13,-16,-1,-7
16,-19,8,-14,10,-16,5,5,8,-23,4,-24
14,0,-5,1,14,-11,12,-19,-2,-20,6,-6
-4,-19,5,-14,6,4,-7,-17,8,-18,-6,-7
-3,-10,-3,-10,6,-5,-9,-5,0,-3,-9,5
16,-7,14,5,9,10,12,3,0,-21,-4,4
5,-18,1,-21,-4,-23,-2,9,-1,-11,1,-9
7,4,8,10,2,-24,-1,10,4,-17,-2,-19
2,-20,0,0,-1,10,13,-15,3,1,-6,7
7,-4,0,-12,5,-19,7,-4,-3,7,-4,-22
4,-2,2,-4,4,5,-5,-15,4,-5,3,-7
-8,-2,-5,-14,9,10,-2,-18,8,14,-9,5
7,16,-8,-4,1,0,16,16,13,-11,1,12
-4,-16,-9,-10,11,2,10,4,-9,15,3,-17
9,8,9,8,-7,6,13,1,-6,1,7,15
2,14,-7,14,8,-11,0,13,-2,-4,0,1
3,11,-2,-15,0,8,12,7,8,9,9,15
5,16,9,17,-3,-9,16,6,-2,-8,5,-13
2,23,5,12,3,11,11,12,2,18,0,14
-7,5,3,9,5,13,3,20,6,2,0,8
-8,2,-1,-8,0,-11,10,-10,-2,13,10,15
4,21,8,5,3,9,12,21,1,17,-3,24
-2,12,-10,24,5,0,2,7,3,0,-6,0
1,25,-9,-2,3,15,13,6,0,18,-7,24
3,-7,-9,20,5,26,2,4,11,0,7,-3
-2,16,-10,7,9,-5,1,1,12,27,8,3
1,26,0,-2,6,24,-10,14,2,20,6,13
-8,15,-10,4,12,31,16,13,11,1,0,27
-4,20,-3,6,16,20,2,30,-1,10,-1,33
-8,20,10,9,-2,21,12,34,-2,27,7,3
-2,32,12,10,9,34,12,34,12,26,6,10
0,3,6,25,15,27,12,2,6,17,-10,9
16,-12,11,-31,-6,-1,11,0,2,-14,7,-26
-3,-20,16,-16,2,-17,14,-6,10,-35,7,-26
16,-4,16,-26,17,-23,0,-1,-1,-16,-3,-3
15,-3,-5,-4,-3,-17,15,-27,6,-3,0,-33
16,-18,4,-27,7,-15,-7,-4,2,-13,-4,-27
-1,-21,-5,-1,2,-22,14,5,4,-2,6,1
15,-3,16,-14,14,-16,-1,-6,-2,-22,-1,-27
16,-19,12,7,5,-20,0,-18,5,-16,-9,-10
14,-27,16,-10,10,-11,11,6,-9,-6,3,5
-2,-17,3,-22,1,-6,16,-3,4,-6,0,-15
0,-22,14,-2,10,-7,-3,1,-1,-5,-7,-12
-5,-6,-3,0,8,2,-1,-25,-4,-21,-1,-5
5,-18,9,3,5,-21,11,-21,3,-22,-6,-11
8,-7,-3,10,1,-22,9,1,3,-5,-7,5
5,-19,15,-5,-8,-22,6,-1,6,6,7,-22
-6,-6,8,-6,14,-14,5,-18,-4,-3,0,10
-8,-8,8,4,9,11,14,-11,-4,-1,5,-13
-1,-19,2,13,15,-7,14,2,6,15,-1,-5
1,8,4,-9,-6,-4,-1,4,-4,6,9,9
4,15,5,-13,-8,10,-3,8,-7,-6,7,-9
-8,-8,13,2,-2,-4,14,9,10,-10,9,-9
2,12,5,-2,13,11,15,-6,10,-8,7,-8
-7,14,3,13,12,2,15,-13,8,11,-3,-9
-5,-10,3,17,11,-2,3,-1,9,22,-5,19
8,-6,-2,-8,5,1,4,-5,-7,-10,4,9
6,9,9,-8,-6,-2,0,24,0,-7,-5,8
3,25,15,12,15,-9,-7,2,-2,18,-4,18
1,23,-8,25,3,25,-4,-6,10,5,-1,27
5,28,-9,9,13,16,-4,20,-2,9,6,19
-8,-5,12,12,3,22,-7,9,-8,5,5,24
7,30,-6,11,12,-4,2,11,3,5,5,24
-7,31,2,14,-4,9,16,30,0,10,1,28
-8,17,5,19,16,22,1,13,11,6,7,2
-6,20,13,33,-3,7,11,28,12,29,3,31
-5,18,11,4,14,9,12,29,-6,33,-3,26
-4,19,15,-1,-7,24,-4,4,13,2,9,5
2,26,-4,1,14,27,4,16,-7,12,-8,3
17,-11,-2,-36,-6,-26,-4,-8,-5,0,18,0
16,-11,5,1,14,-27,12,-26,-1,-11,-3,-27
-1,-26,-2,-6,-6,-12,0,-5,-3,-21,9,-21
14,-27,0,-11,-4,-1,-1,-15,7,0,3,-11
18,-23,-7,-28,-7,-7,11,-13,3,-20,8,-29
3,-26,17,-9,9,-28,16,-2,5,-19,7,-10
0,-18,-2,-20,9,-25,13,3,13,-29,-7,-23
18,-29,3,-11,13,-24,12,-22,6,-25,1,5
15,-25,-4,4,7,7,3,-8,-7,-20,-7,-12
18,-3,-4,-14,3,-10,-3,-27,0,-13,0,-27
12,-12,4,-26,12,4,11,-23,6,-25,-2,-7
-4,-21,0,2,5,-4,9,11,3,-22,10,-24
2,-4,0,12,1,4,-5,-5,8,10,-3,-18
7,-13,-1,10,-3,-3,-7,-8,15,-14,5,8
4,-2,9,-1,14,-16,-6,0,-3,-13,8,9
7,-10,-2,-14,6,1,-5,-17,2,-17,-4,-16
5,3,-4,0,13,-1,12,-12,-4,-17,8,14
3,-19,-3,16,14,-16,-7,9,-4,17,-6,10
-1,18,5,6,9,17,12,2,6,8,-2,-6
1,5,3,-10,12,-12,2,17,2,-3,4,-4
7,15,12,7,18,-3,13,3,-4,13,-6,5
4,8,12,-11,14,10,12,-9,1,17,-6,16
-6,12,-1,16,17,-13,-4,-1,-4,-3,-5,9
7,0,10,-11,9,19,10,-10,10,-12,-4,5
13,-11,13,13,15,6,-8,-4,3,18,-3,-12
5,19,-2,-8,-6,-4,-2,-11,4,-8,6,-11
4,23,-2,26,17,23,-7,25,-3,12,3,7
5,25,3,17,7,12,3,14,-2,0,6,0
5,25,-7,5,14,4,-6,13,-4,15,-3,26
1,18,2,-1,15,-4,2,9,3,29,-3,25
-3,25,1,29,17,29,-4,15,-7,21,5,10
-5,30,-2,29,9,6,11,30,0,-2,3,-4
-6,19,-3,1,10,17,8,30,-4,16,7,9
-3,27,18,2,-5,21,11,-3,-8,24,7,20
-2,28,-1,29,12,20,-3,8,-2,32,7,12
-5,19,16,22,-4,19,4,18,-4,33,-3,12
8,32,10,29,-6,9,-6,0,5,28,-1,19
18,-16,-3,-20,16,-24,-6,-9,-1,-14,7,-20
17,-13,12,-13,16,-31,-2,-21,0,-14,-3,0
4,-28,-7,-9,14,-11,19,-27,2,-29,7,-24
16,-15,2,-9,13,-33,14,-33,3,-8,3,-18
16,-19,7,1,-3,-30,7,-15,8,-20,8,-22
12,-10,19,-27,0,-6,2,-30,-7,-12,-4,-9
16,-18,4,3,-5,-30,7,-26,4,-1,2,-2
18,-28,-6,-5,-3,-15,3,-7,-6,-27,6,-14
12,-14,13,-14,10,-3,7,-23,7,1,7,-26
15,4,7,-5,-6,-14,-7,-17,8,-26,6,0
8,-20,10,5,10,-3,8,-2,-1,-20,-5,-23
10,-4,0,1,8,-18,7,6,-3,-6,-4,-21
7,-8,5,-17,10,9,-7,-8,-6,-18,-1,0
-4,-13,-3,11,3,-1,3,8,7,-20,0,-19
1,-15,2,-22,6,11,11,-21,5,2,1,-16
1,5,-4,-16,-3,-2,-5,-3,4,11,7,0
-6,-16,14,-4,19,10,0,-8,-2,-8,-1,2
7,16,-3,12,14,3,1,-10,-3,2,-4,9
-1,6,10,-15,17,-16,17,-10,-7,12,-4,15
-1,3,5,3,9,19,2,8,8,-2,0,13
4,13,-6,17,13,18,-5,-8,0,6,-3,12
3,13,-6,16,13,-9,7,8,0,20,-2,1
2,16,3,20,17,7,18,-14,-4,17,7,8
-5,3,-3,6,12,16,4,-3,8,9,-7,-1
-3,-2,8,-11,7,15,12,-4,9,16,5,9
8,22,1,20,15,8,1,21,-2,16,0,20
-1,11,8,12,11,23,19,3,2,2,4,13
7,24,-1,6,17,8,3,21,-2,-1,8,-9
0,19,-2,-6,-7,15,1,27,3,26,7,10
1,16,1,12,12,3,17,19,1,16,3,-2
-2,21,-6,29,12,3,5,19,4,-6,6,16
-6,29,3,-5,-2,17,15,8,-6,31,8,11
-4,20,13,23,19,20,17,32,-5,1,10,2
-4,26,18,7,5,18,17,2,-6,6,5,19
-7,20,16,21,1,9,9,28,-4,19,19,32
-6,23,1,10,0,31,13,23,-2,32,9,19
5,32,-4,23,3,27,6,21,-3,0,9,33
5,-27,8,-9,4,-4,3,-27,-4,-30,3,-23
7,-27,-5,-32,12,1,18,-35,11,-15,10,-30
11,-17,4,-22,-5,-19,15,-29,13,-32,7,-5
7,-19,19,-21,-5,-16,-3,-1,-3,-10,3,-22
5,4,8,-25,1,-5,3,-11,14,3,8,-17
7,-2,17,-4,5,-5,-6,-17,-2,0,-5,5
1,-30,5,-25,7,-3,-2,-24,3,-8,-1,-21
-6,-28,17,4,12,5,10,-6,4,-6,13,-28
-5,-17,20,5,9,-26,-6,-10,4,-9,0,-7
8,0,-3,-11,-3,-14,-6,-23,-3,-2,-1,-12
6,3,2,-3,17,2,10,9,3,-7,9,-11
10,-7,3,-19,10,2,-4,-18,4,-10,2,-23
8,-4,7,7,10,6,8,-3,-2,-9,4,-14
-3,-17,8,3,5,13,8,10,4,-21,3,-7
3,-2,0,-4,18,12,17,-16,-1,4,-6,-11
10,2,5,-19,8,8,-1,-2,4,1,-6,-20
1,2,-6,-1,20,15,17,-10,14,-1,13,-18
14,9,19,13,16,-17,18,-12,16,-1,-6,11
-3,14,18,1,19,-12,7,-15,-5,-5,5,-13
14,10,2,-3,0,10,20,-9,16,-1,2,6
5,16,-1,16,1,2,14,16,16,-8,-5,-10
3,19,15,20,5,-3,17,-14,2,19,-1,-8
-4,10,19,20,4,0,4,1,20,22,-1,19
11,-8,-2,13,8,2,-1,2,11,-11,5,8
-2,3,1,-10,3,24,9,17,7,-8,-1,14
7,20,4,25,16,17,-1,10,2,11,10,-7
1,21,-3,21,2,0,9,6,-6,-3,8,13
8,23,3,20,18,23,19,-5,1,27,-1,3
-1,14,-4,16,3,22,12,14,-5,17,-4,26
-2,15,-3,7,-3,27,-6,22,-4,18,10,18
3,23,5,23,-2,21,-2,8,-5,22,9,13
-6,28,8,25,-5,21,7,29,2,12,2,24
-1,29,9,25,13,4,13,9,-5,19,0,-2
-2,26,12,4,-1,0,4,10,-4,32,2,16
2,30,5,21,16,25,17,15,5,18,4,22
-1,35,13,13,0,30,4,34,6,19,8,18
-5,9,0,4,4,12,13,11,-1,35,11,29
-5,-24,3,-4,2,-32,1,-29,10,-28,-1,-14
1,-35,5,-30,7,-31,12,-13,14,-5,7,-9
11,-33,5,-18,4,-12,-5,-25,6,-32,10,-10
5,-31,5,-18,9,-5,-4,-30,-3,-33,-5,-30
-4,-3,4,-21,6,-17,15,-3,6,-21,8,-19
-2,-4,1,-23,15,0,8,-3,16,4,1,-17
-4,-2,-3,-18,3,-12,-2,-13,20,-1,-1,-10
4,2,5,2,17,0,16,3,-4,-15,0,1
4,5,8,-12,-1,-18,16,-21,-5,-18,-5,-6
6,3,-1,-12,7,5,-1,0,-3,2,1,8
1,10,7,7,20,-16,18,-6,-4,-15,1,10
11,2,14,-1,20,-9,4,11,5,-24,13,-1
-1,-6,2,0,-5,2,-2,9,-2,2,14,5
6,-2,-5,-9,0,-2,-4,-14,7,9,1,-5
-3,-11,12,-2,6,-16,1,-3,0,-22,-2,-8
4,15,10,-18,16,-10,7,-12,2,-3,11,9
3,11,-1,-12,11,13,20,1,15,-8,6,-5
0,5,2,9,5,-3,20,3,-1,16,2,-10
1,14,-2,17,14,-13,11,18,-4,11,-3,5
-2,13,-1,0,0,10,2,-9,-4,14,-1,17
7,18,9,-2,14,2,-2,11,-3,12,-4,15
4,12,21,-6,3,18,16,-2,-5,18,2,7
-5,17,-3,16,20,9,-2,-1,8,16,-3,10
13,1,7,0,16,19,15,-2,16,20,6,-4
-3,3,13,19,20,-1,20,24,3,16,5,-12
2,10,-2,10,4,6,-1,8,9,8,8,1
-5,13,1,7,-5,22,13,3,12,4,7,15
-4,-8,5,15,-4,19,13,2,-4,26,-4,12
0,15,11,27,-1,-3,17,3,16,17,9,5
-5,17,-3,-2,17,25,21,19,3,13,2,10
-5,20,18,26,1,24,0,-5,-5,14,3,16
-5,30,0,13,3,27,16,19,8,14,0,22
-5,32,4,32,8,-1,17,22,-5,30,-1,9
-4,16,8,-3,16,10,6,19,10,16,-4,11
-2,29,13,26,19,-2,17,1,3,34,-4,6
-3,31,13,-1,21,30,2,20,-2,6,-5,33
-5,17,-5,12,2,26,20,25,-3,30,9,5
5,-1,6,-17,15,-8,13,-34,0,-10,-4,-20
6,-1,-3,-35,6,-11,-1,-35,-4,-30,5,-26
-2,-24,3,-31,12,-22,3,-32,-3,-24,5,-20
10,-18,-1,-4,-4,-29,-4,-18,3,-29,13,-14
13,-25,-2,-29,10,-30,-4,-21,7,-1,2,-25
11,-27,19,4,10,-26,0,-27,-1,-25,12,-17
0,-13,-2,-24,-4,-17,11,-28,-1,-25,0,-27
13,-10,9,-14,5,-26,13,-13,3,-24,-2,-29
-1,-27,-2,0,5,-20,10,-14,10,-11,7,4
12,-8,14,3,10,-10,17,0,7,7,9,7
12,-26,14,0,10,-10,13,-9,17,3,13,-5
13,4,3,-20,18,-8,11,-5,0,-13,-1,-6
10,-20,11,-20,17,-12,5,0,11,-3,7,0
-4,-16,6,3,16,-11,1,-21,1,5,11,8
-1,-13,6,6,8,-14,8,-21,1,12,-2,-6
8,6,-2,-12,22,13,-1,8,15,6,12,-9
-2,10,13,15,19,11,2,1,17,2,8,16
-4,8,20,-13,4,-3,2,17,-3,13,-1,-4
3,14,10,6,8,-3,9,6,16,-14,7,0
4,13,9,9,12,-6,21,16,3,13,4,-2
11,18,-4,7,8,2,18,16,2,-5,9,17
3,5,-1,-4,5,17,9,2,-1,13,7,21
-3,18,1,-7,7,-9,8,9,12,18,8,-4
14,2,0,12,20,7,17,4,-1,7,-4,5
-4,-6,9,-11,21,0,8,18,14,-7,6,4
1,21,16,10,14,12,9,24,2,18,-1,-11
0,11,13,16,3,6,15,-9,15,-1,-3,25
5,15,10,16,3,21,6,-4,-2,5,5,13
3,26,1,4,20,3,-2,17,15,2,2,8
0,23,-3,-6,3,3,9,20,6,26,-2,3
3,22,17,22,17,23,13,13,0,-5,11,-3
-4,29,9,27,5,24,0,20,17,-1,-3,25
-3,16,7,5,21,28,21,10,5,20,4,5
6,26,1,18,17,22,21,29,13,-3,8,17
2,32,22,8,8,11,14,34,4,13,9,30
2,26,18,21,1,6,5,31,-1,33,8,4
6,1,10,31,12,20,4,19,13,3,0,17
17,-31,7,-29,3,-29,13,-8,17,-11,7,-29
18,0,12,-28,5,-33,-3,-23,11,-14,6,-9
14,-9,1,-34,-2,-18,-2,-29,17,-4,-2,-14
4,-27,7,-20,8,-6,11,-15,3,-7,8,-30
11,-24,-2,-30,11,-14,13,-30,7,-24,-2,-30
18,-3,12,-4,11,-25,14,1,16,-6,13,-7
15,-4,9,-21,13,-16,11,-22,2,-28,9,-13
1,-24,16,-3,14,-12,-3,-16,-3,-15,5,-2
11,0,14,5,4,-28,0,-25,5,4,13,-27
3,-22,13,7,17,-17,3,-9,16,-14,14,-12
-2,-9,-3,8,6,-3,13,-4,16,-10,10,-7
13,-8,-1,-6,2,-7,4,2,10,6,8,-21
11,-17,15,12,5,-12,2,1,-1,-9,9,-16
14,-23,11,-23,14,7,9,13,18,-20,8,6
15,-21,1,-13,15,-13,18,-1,5,5,-2,-5
10,1,8,4,-2,11,10,-2,-1,13,10,-10
2,14,10,-2,17,-3,3,-3,13,1,-2,9
1,9,12,15,2,15,3,12,1,-10,-2,8
3,11,4,-6,22,12,16,-11,17,-5,6,-8
2,12,0,-15,-3,12,18,-6,4,14,7,9
6,-14,17,-16,16,-10,4,-1,12,9,23,13
6,8,10,7,16,-8,22,12,12,21,3,0
1,9,13,16,8,9,4,3,13,4,5,-7
18,23,0,-5,14,23,22,-5,1,20,15,-10
2,-7,5,-10,22,3,2,24,11,2,-3,-10
2,-8,9,3,23,-2,23,-5,16,10,-2,11
3,15,18,-3,21,20,-1,17,17,8,5,-6
15,21,18,13,4,6,21,15,16,24,9,9
1,24,9,28,7,3,9,12,0,2,-2,4
-3,14,14,15,21,-2,9,28,13,19,3,22
-1,28,22,-2,19,15,4,19,9,6,4,8
-2,28,13,31,3,24,3,19,3,19,14,19
-2,22,5,12,7,15,20,28,6,27,14,22
1,28,21,11,13,2,9,5,-1,6,7,8
0,23,18,30,20,28,5,34,1,3,-3,26
-1,30,3,22,2,30,23,26,12,16,-3,31
3,1,9,26,19,18,8,24,0,4,9,9
5,-34,2,-34,14,-23,12,-27,1,-33,0,-35
15,-33,0,-28,8,-33,15,-32,0,-17,6,-9
12,-11,10,-10,10,-32,-2,-27,-1,-29,-1,-30
13,-33,11,-20,2,-29,13,-8,12,-18,15,-2
16,-7,1,-13,-1,-22,12,-6,0,-16,5,-29
15,-19,7,-23,-2,-21,12,-6,12,-1,2,-5
15,2,11,-28,8,-1,8,-27,0,-23,12,5
15,-5,14,-12,-2,-26,8,-22,0,-25,4,4
13,-7,8,-26,-2,-19,5,-23,7,-28,2,-12
13,-4,13,-15,13,-4,7,-21,3,-4,19,-1
-1,-10,7,7,6,-6,9,-26,18,10,16,9
7,-4,1,-25,13,-9,13,-6,13,1,10,-25
8,-15,14,-6,9,-17,9,9,-2,0,-1,-14
12,-6,9,-17,9,1,-1,-12,13,-9,8,-11
16,-20,2,-21,14,2,5,-2,-2,7,3,-12
6,15,1,1,23,-21,6,-9,10,12,8,-12
0,0,13,6,13,-7,-1,0,2,4,0,-8
2,5,15,15,18,-1,5,-6,18,15,7,-12
3,17,7,-8,22,9,23,-9,3,-2,-2,8
0,4,7,0,8,-7,21,-1,1,15,10,-10
9,12,4,13,5,19,6,-12,19,-3,4,-3
5,15,0,20,24,13,6,3,15,15,7,20
11,21,-2,-7,9,2,2,12,5,1,1,-11
16,20,15,14,0,-7,7,4,10,3,7,-12
12,12,8,-3,4,0,24,-9,7,-4,16,24
-2,18,23,22,10,0,6,9,1,13,15,11
-1,13,22,-2,23,19,23,18,9,-5,2,-10
-2,9,3,27,21,6,-2,15,4,14,7,-4
13,28,-1,4,23,26,6,25,11,27,4,19
2,28,14,7,21,13,21,26,1,8,-1,17
0,29,23,-6,18,27,19,28,4,26,11,30
-2,15,-1,9,22,24,6,5,8,11,11,21
3,24,1,11,14,12,9,21,13,27,6,27
5,30,-1,20,22,30,6,10,7,20,1,28
6,27,5,8,-2,29,21,32,1,11,1,28
-2,31,23,6,24,28,16,26,7,10,-2,30
-2,15,12,20,12,10,15,20,4,3,6,13
-1,-20,1,-28,14,-36,16,-35,13,-3,6,-29
9,0,-1,-13,16,-20,8,-32,13,-29,8,-5
9,-1,15,-19,6,-28,25,-24,19,-7,16,-1
13,-33,8,-28,8,-18,15,-14,1,-14,13,-16
13,-30,9,-12,18,-6,21,1,8,-23,2,-6
10,-28,12,-20,6,-29,12,-30,6,-11,6,-29
-1,-22,15,-29,16,-2,19,-13,8,-29,3,-7
13,-8,8,5,-1,-9,0,-27,8,-13,-1,4
-1,-26,10,7,7,-3,8,-12,9,-18,-1,-15
15,-3,12,-19,25,5,25,2,3,-11,4,9
15,-1,-1,-21,1,-21,3,-14,12,-8,10,-1
6,-20,13,-4,8,-12,7,-9,8,-5,6,0
6,-5,10,-16,19,-20,11,-14,-1,-8,2,3
15,-17,11,9,17,-1,12,-5,0,-7,17,-21
13,-13,7,-19,19,-15,12,-2,12,4,18,9
7,14,0,-1,4,4,11,5,13,2,14,4
-1,8,11,8,-1,2,-1,2,5,8,7,-8
5,16,5,3,18,2,5,14,6,-3,10,14
0,7,6,11,-1,3,25,-3,4,-15,4,13
1,12,-1,-1,17,-4,-1,8,14,-1,16,6
9,15,20,14,0,18,7,7,2,11,1,6
7,13,9,17,23,-1,25,8,4,-5,1,-2
-1,-14,7,-9,13,20,9,-14,9,-8,12,-10
4,-7,11,-1,4,2,10,-7,13,9,6,22
4,14,5,-6,21,22,7,3,-1,20,5,13
2,10,1,18,10,10,19,1,5,10,6,0
2,18,23,24,-1,18,8,0,4,10,0,1
6,15,23,0,24,5,7,12,-1,2,1,21
9,22,20,-2,24,17,1,16,11,28,6,2
2,29,10,29,0,-2,19,6,-1,21,14,26
2,27,11,16,22,-6,22,-2,11,2,1,29
0,30,25,23,19,4,9,7,0,15,9,1
3,29,2,-3,10,16,11,13,0,18,6,28
6,26,7,3,7,10,0,22,12,5,5,29
5,26,25,19,23,6,11,26,20,29,5,15
1,24,-1,9,4,28,22,27,3,29,1,32
13,30,14,0,20,27,6,0,11,23,6,0
16,-16,3,-9,16,-10,9,-32,16,-14,6,-30
9,-9,9,-3,23,-26,16,-15,16,-5,2,-16
20,-8,3,-16,11,-5,16,-13,16,-10,9,-13
20,-4,0,-13,8,-30,21,-7,0,-16,9,-13
18,2,1,-14,12,-31,16,-7,7,-26,10,-24
18,-4,14,-30,19,-4,20,-17,1,-31,4,-20
1,-12,13,-18,19,-5,24,-7,18,1,0,-16
6,-3,19,-25,6,-9,8,-24,6,2,4,-19
15,-27,4,0,26,-7,0,6,16,-26,17,-3
9,-20,21,0,10,7,24,-25,13,-13,13,-2
16,-12,0,-25,0,-18,16,6,8,-16,8,-15
18,-1,17,-25,13,6,24,-21,0,-10,4,-18
3,-11,1,-8,21,-16,14,-22,3,-10,12,-10
3,-11,16,5,18,3,3,-9,3,-6,4,8
12,-21,17,-4,14,9,10,14,2,1,16,4
1,1,0,15,1,2,0,5,5,8,1,-20
1,11,0,-20,12,10,0,3,21,-1,2,16
4,6,8,14,11,16,9,-4,8,-3,1,-10
4,18,21,-5,23,-5,0,17,26,7,16,4
3,5,7,15,0,-10,13,12,8,14,1,-12
9,16,7,19,3,-15,5,0,8,19,5,-2
3,19,2,3,4,7,0,-15,7,8,6,-11
16,16,0,4,19,10,2,-5,9,-7,13,-4
14,5,13,6,5,-12,11,2,9,12,0,-7
12,-12,9,-3,3,4,16,17,0,6,17,4
1,16,17,18,21,3,0,9,4,11,4,14
2,17,1,-5,25,11,21,-1,2,16,1,13
9,19,9,21,9,9,2,10,9,9,4,27
0,17,26,24,10,28,5,18,0,15,0,28
4,20,0,20,22,24,21,-1,2,15,1,6
0,13,0,23,2,23,10,8,5,24,3,15
2,28,1,14,0,-5,21,-1,9,24,1,-5
6,29,14,4,7,17,15,27,2,16,0,11
1,27,0,0,18,25,0,3,8,8,6,20
1,34,25,12,22,8,10,17,2,30,6,8
0,29,13,19,14,20,11,8,14,19,3,23
4,1,3,25,14,1,5,18,17,23,4,14
