-20,-34,-15,-25,-16,-12,-23,-30,-13,-15,-4,-4
-19,-24,-3,-19,-7,-28,-15,-28,-19,-4,-1,-12
-7,-17,-25,-20,-22,-34,-16,-19,-24,-31,-13,-32
-21,-15,-21,-24,-9,-8,-7,-23,-4,-20,-6,-1
-19,-18,-15,-17,-14,-23,-16,-16,-17,-27,-23,-3
-19,-15,0,-28,-10,5,-20,-22,-23,-11,0,-11
-20,-13,-1,-1,-2,-21,-25,-6,-20,-27,-18,-12
-20,-11,-18,-17,-22,-8,-17,5,-18,-12,-3,-7
-19,-10,-5,6,-6,7,-15,-3,-8,-19,-23,5
-18,-11,-23,-17,-25,-27,-9,-4,-18,-11,-23,-17
-20,-12,-26,-12,-16,-4,-16,-2,-19,3,-11,-7
-19,-10,-26,1,-8,10,-23,-12,-22,-12,-18,-5
-19,-11,-24,4,-10,9,-24,-21,-13,-10,-22,-16
-20,-23,0,3,-1,-7,-11,9,-16,-4,-19,-4
-19,-14,-2,11,-12,2,-20,1,-3,-16,-20,-22
-19,-9,-11,6,-20,-21,-16,0,-15,2,-2,8
-20,-19,-13,13,-21,-11,-9,-12,-4,14,-7,14
-19,-2,-5,11,-22,-11,-24,1,-26,-18,-8,13
-21,-4,-13,4,-12,7,-17,8,-3,-6,-24,-17
-20,-4,-9,-4,-11,-5,-7,6,-5,6,-25,-9
-22,2,-3,-6,-9,11,-10,-7,-4,13,-26,15
-18,-10,-6,11,-16,13,-9,3,-9,-1,-2,-6
-18,-2,-5,5,-3,-2,-2,19,-18,8,-19,7
-18,4,-13,16,-19,3,-20,17,-24,5,-22,16
-21,4,-4,0,-4,21,-17,11,-12,3,-21,-9
-21,0,-2,19,-20,-7,-19,-7,-8,22,-26,23
-22,-1,-20,25,-8,5,-17,-1,-20,-8,-2,7
-26,-7,-19,10,-19,4,-14,14,-16,-3,-13,20
-19,-6,-20,-8,-11,23,-12,2,-23,18,-6,-3
-18,-1,-21,6,-21,17,-18,12,0,0,-24,24
-21,6,-5,27,-17,30,-25,7,-23,10,-19,22
-21,-1,-25,2,-18,5,-20,8,-23,9,-20,26
-22,9,-7,29,-19,1,-22,16,-26,26,-20,8
-23,-3,-16,17,-19,4,0,10,-21,-3,-4,26
-14,14,-22,8,-14,33,-22,16,-19,18,-24,15
-18,19,-22,4,-18,10,-8,22,-22,5,-23,17
-25,1,-3,30,-12,29,-17,29,-21,14,-4,35
-20,-35,-13,-12,-6,-25,-6,-8,-25,-19,-19,-35
-18,-28,-8,-2,-17,-12,-18,-28,-15,1,-6,-29
-19,-30,0,-4,-20,-29,-11,-23,-23,-25,-25,-25
-19,-28,-1,-28,-20,-16,-19,-29,-13,-11,-12,-1
-17,-21,-19,-22,-23,-25,-18,-5,-22,-3,-11,-2
-19,-24,-11,-1,-19,-19,-15,-8,-16,-7,-7,-15
-19,-11,-20,-14,-23,-17,-18,-15,-21,-19,-19,-14
-20,-16,-16,-11,-13,-19,-12,-23,-21,-29,-18,-24
-19,-16,-11,-16,-9,-15,-14,-11,-15,-16,-17,-7
-18,-21,-19,4,-21,7,-9,6,-15,-6,-22,-13
-20,-9,1,-13,-23,-24,-9,3,-25,-8,-24,3
-19,-22,-7,-18,-12,-2,-17,-18,-3,10,-20,-25
-19,-8,-20,-24,-6,1,-15,-12,-14,-12,-4,-7
-18,-18,-13,-15,-6,1,-14,-5,-7,4,-2,6
-18,-18,-5,7,-6,-20,-24,8,-2,11,-16,6
-17,-3,-8,8,-8,7,-15,8,-25,-13,-22,-5
-20,-1,0,-19,-9,-8,-17,9,-8,4,-4,13
-18,0,-13,11,-16,0,-10,-14,-16,11,-21,-2
-18,-8,-4,2,0,3,-19,-1,-21,13,-2,-11
-18,-14,1,-5,-8,-8,-20,18,-21,-12,-17,-11
-17,-6,-18,-11,-15,-4,-11,6,-13,17,-5,-3
-17,-8,-13,-12,-21,14,-9,4,-12,2,-16,4
-17,-1,-11,17,-7,10,-10,19,-15,20,-17,12
-20,-5,-17,8,-11,19,-8,3,-18,-3,-22,10
-15,-9,-2,21,-20,7,-24,-6,-18,14,-15,17
-16,-6,-21,2,-12,-4,-21,22,-20,19,-23,24
-13,11,-21,-3,-18,8,-14,-2,-8,26,-5,14
-20,-4,-6,11,-21,27,-25,8,-23,-3,-4,4
-14,0,-2,23,-18,4,-22,-7,-10,24,-16,1
-19,1,-10,16,-9,10,-24,1,-16,10,-24,29
-21,11,-18,-4,-16,-1,-9,8,-21,6,-1,21
-21,11,-25,2,-5,25,-23,3,-21,2,-4,13
-16,3,0,30,-15,1,-19,-1,-7,27,-8,29
-13,15,-16,-2,-13,5,-23,16,-11,5,-2,5
-15,9,-23,2,-8,29,1,5,-20,15,-17,29
-11,15,-22,6,-11,30,0,1,-20,0,-2,23
-14,6,0,33,-16,8,0,26,-17,10,1,4
-20,-22,-12,0,0,-25,-16,-28,2,-32,-4,-6
-14,-27,-8,0,-7,-1,-11,-5,-18,-27,-17,-4
-19,-24,-1,-27,-20,-33,-16,-17,-15,-20,-23,-3
-20,-21,-22,-21,-18,-15,-17,-21,-18,0,2,-8
-20,-31,-13,-22,-11,0,-9,-2,-22,-13,1,-1
-15,-22,-22,-9,-14,-11,-8,0,-8,3,-6,4
-19,-30,-16,-13,-1,-17,-12,-19,-23,3,-8,-1
-20,-10,-13,-17,-23,-17,-21,6,-7,-19,0,-8
-18,-19,-24,8,0,-1,-12,1,-19,-13,-24,8
-16,-18,2,-19,-8,8,-17,-18,-14,8,-12,5
-16,-18,-1,-11,-20,-8,-8,-15,-7,2,-20,-11
-19,-22,-8,6,-5,-10,-20,-2,-9,3,-22,-10
-17,-15,-6,-2,-1,-15,0,-22,-19,-22,-18,-22
-18,-17,1,-3,-4,11,1,10,1,11,-18,-13
-15,-4,-24,-12,-17,3,-23,-12,-5,-12,-5,9
-18,-10,2,-19,-2,-7,-12,-3,-10,-8,-11,-6
-15,-4,-1,9,-17,-12,-17,8,-22,9,-21,10
-18,-4,-6,-2,-18,-16,-13,4,-22,9,-2,7
-14,-2,0,5,-10,15,-15,-3,-14,-7,2,-15
-13,-1,-3,-5,-19,-11,-1,-4,-1,15,-12,-4
-15,-3,0,12,-17,14,-1,-6,-13,8,-22,-3
-21,4,-3,12,-17,2,-19,14,-10,-6,-7,5
-19,-8,-9,20,-9,-4,-7,-1,-10,8,-24,-1
-18,7,-18,2,-23,19,-4,-8,-24,-2,-13,20
-15,7,-10,12,-7,-4,-12,19,-21,18,-1,4
-13,-2,-1,-7,-16,-5,-14,2,-19,-7,-14,4
-21,7,-14,11,-10,10,-16,15,-7,25,-20,20
-20,6,-2,6,-18,-7,-15,15,-18,11,-21,8
-15,0,2,-4,-14,13,2,-8,-2,10,-24,22
-17,-6,-4,-6,-13,3,-24,14,-7,1,-16,1
-5,13,-18,7,-17,15,-3,18,-8,27,-3,8
-15,12,-20,12,-13,21,-16,4,-17,7,2,1
-17,16,-9,31,-3,17,-22,12,-7,26,-9,7
-12,19,-17,8,-8,17,-20,8,-20,7,-1,29
-14,15,-24,22,-9,4,-19,-1,-17,7,-18,12
-13,16,-5,5,-8,31,-19,3,-10,20,-19,17
-22,15,1,28,-18,19,-19,31,-5,13,-18,7
-12,-15,-21,-19,-16,-7,-2,-13,-7,-8,-22,-19
-13,-28,-5,1,-20,-27,-6,-8,-11,-28,-4,-31
-20,-20,-20,-11,-23,-17,-1,-9,-13,-17,1,-2
-18,-24,-19,-30,-23,-22,-23,-9,-14,-6,-21,-15
-10,-16,-15,-3,-19,-18,-10,-24,3,1,-10,3
-9,-25,-8,-24,3,-23,-13,-12,-11,-11,0,-18
-11,-21,-2,-7,-18,-9,-12,-10,1,0,-18,1
-20,-14,-14,-20,-2,-14,-5,-20,-17,2,-2,-6
-10,-19,-5,5,-16,8,-18,-13,-19,-27,-8,4
-14,-21,-1,-16,-12,8,3,-26,-4,5,-10,1
-18,-19,-22,3,-14,-6,-23,-6,-2,-10,-7,-14
-12,-7,-2,11,-12,-13,-17,-15,-15,-4,2,-1
-15,-5,-20,-13,-5,1,-21,-19,-11,-8,-1,-3
-19,-23,-23,4,-10,-15,-15,-5,-5,12,-16,4
-18,-20,-18,-14,-20,-15,-21,-7,-17,-13,-4,-14
-11,-13,-20,-4,-15,13,-8,-7,-22,-12,-16,-14
-18,-5,3,-9,-7,11,-14,-3,3,-19,-22,-8
-17,-9,-18,9,-5,17,-16,-1,-19,-16,-11,1
-13,0,-7,10,-15,3,-12,-5,-20,-9,-19,3
-19,3,0,10,-12,5,-8,8,-21,-10,-15,-12
-20,0,2,0,3,-2,1,12,-21,-5,-17,12
-12,7,-18,-1,-7,-1,-21,13,-20,3,-15,-6
-9,8,-22,-2,-22,-7,-16,10,-11,17,-15,-2
-13,-7,-17,11,-21,19,-7,10,-16,11,-2,11
-14,3,-9,-5,-14,4,-6,20,-8,18,1,16
-16,10,-8,1,-23,21,-15,0,3,1,-20,-2
-4,-3,-16,3,-8,18,0,26,-15,1,0,18
-18,11,-2,2,-14,14,-5,18,-8,25,-15,24
-14,2,-21,0,-16,7,-15,18,2,-5,-18,-2
-13,2,-15,-2,-12,11,-17,14,-16,12,-17,8
-14,5,-18,6,3,-1,-16,4,-16,-3,-19,8
-12,14,-23,3,3,-5,-20,26,3,0,-5,23
-10,14,-10,3,2,30,-19,1,-18,4,-21,12
-19,2,-16,9,-7,26,-20,13,-17,1,3,5
-9,16,1,24,-8,18,-20,16,-19,15,-17,22
-11,18,-11,19,-10,23,-16,22,-17,-1,-17,16
-6,6,-15,16,-1,12,-22,23,-22,14,-9,29
-14,-14,0,-11,-20,-26,-21,-18,-19,-23,1,0
-20,-19,0,-33,-9,-19,-17,-17,-9,-19,-18,-34
-12,-13,1,-14,0,-31,-17,-23,-19,-17,1,-25
-6,-27,-16,-15,-18,-7,-16,-27,-8,2,-4,-16
-22,-6,-1,-27,-16,-17,-18,-11,-14,1,-20,-5
-7,-14,3,-5,4,-25,-14,1,-21,-20,-18,-24
-19,-19,-22,-17,-15,-20,-17,-28,-13,-2,-7,-14
-14,-8,-6,0,-15,-20,2,-3,-3,4,-9,-22
-6,-5,-22,-22,-10,-22,-4,-16,-19,-17,4,-18
-10,-21,0,4,-7,-16,-20,3,-2,-6,4,-18
-19,-13,-18,-11,3,-24,-22,-15,-9,7,1,5
-12,-15,-7,0,-3,-5,-9,9,1,10,-5,10
-19,-6,-18,-10,-17,-11,-22,-5,-14,-17,-14,1
-18,-12,-2,-12,-21,-12,3,2,-22,11,-16,-5
-7,-16,-13,-2,3,0,4,-12,-16,4,-13,8
-13,0,-20,-7,-21,-12,-16,-9,-11,-4,-21,-7
-19,-8,-15,1,-21,10,-3,-9,-16,7,-21,-13
-16,2,-14,4,-7,15,3,0,-17,7,-5,-17
-12,-5,1,-18,-17,2,-14,-8,-17,5,-14,12
-18,-9,-16,11,-16,-7,-5,7,-7,6,-15,-7
-8,-8,-15,1,-16,-7,-12,6,-19,-6,-20,9
-21,-13,4,-9,-11,-9,-11,9,4,-7,-19,13
-15,8,-12,18,-10,19,-17,-4,-1,-6,-14,-4
-4,10,-10,21,-17,-3,-7,-2,-19,-10,0,9
-5,10,-2,23,-18,8,-12,21,-20,-7,-17,0
-19,9,-19,8,1,-3,3,-8,-15,-6,-18,-5
-9,12,-2,-1,-13,8,-11,18,0,1,-7,20
-3,7,2,15,-15,-3,-19,3,-19,18,-3,26
-14,7,-17,3,-12,15,-16,10,-13,8,-17,22
-9,1,0,21,-16,7,-18,12,-10,2,-7,18
-7,17,-4,6,-7,2,4,0,-13,29,-16,-3
-13,7,-11,3,-4,5,-13,3,-6,4,-16,3
-12,11,-19,4,-14,3,4,4,2,27,4,-3
-20,11,1,31,-12,16,-18,6,-8,17,2,20
-20,11,4,12,-14,18,-16,14,-20,13,4,-2
-8,8,3,31,-14,17,-12,9,-15,5,-15,14
-19,1,1,19,-14,9,3,29,-8,24,-16,4
-8,-13,2,-4,-4,-7,-7,-7,-20,-10,-14,-23
-11,-21,-13,-24,-20,-4,-14,-14,-9,-12,-19,-16
-15,-12,0,-19,-6,-4,-20,-15,-2,-7,-19,2
-4,-16,-14,3,-4,-10,-18,-18,-21,-24,-18,-18
-11,-12,-12,-21,2,-25,-20,-20,-15,-19,-15,-19
-10,-21,5,-24,-21,-19,-16,-25,5,-31,-19,-11
-3,-8,-15,-26,1,0,-12,-20,-20,-1,-5,-21
-18,-20,3,-15,-20,-21,-3,-4,-10,-21,4,5
-6,-19,-13,-4,-16,-17,-19,-2,-21,-4,-14,-22
-6,-5,2,-1,-3,1,-16,-11,-14,3,-19,-19
-4,-10,-18,-23,-15,-4,-20,6,-20,-7,-17,-26
-5,-17,-7,11,-16,-17,1,-20,-17,-11,-20,-5
-19,-24,2,1,-21,-11,-12,-12,-16,-19,-21,-9
-2,-5,-18,-5,-10,-2,-8,-7,-20,-3,3,-18
-8,-16,-17,-6,-18,-6,0,-7,-9,4,-18,-14
-3,-2,1,13,4,-18,-12,0,-16,-11,-17,-11
-19,-3,-16,7,4,-1,-14,-3,-20,-3,-16,-10
-4,4,-11,-2,-7,-8,-18,7,-19,11,-13,-8
-11,4,3,-6,-14,8,-10,-12,-5,-3,-14,-10
-4,1,-20,11,-19,-8,-15,-9,-17,4,-16,-13
-18,5,-14,-6,0,-4,-19,-4,3,-7,0,20
-19,-7,0,10,-20,-2,-20,0,-14,-4,-18,-3
-20,-4,-10,12,-10,-5,-18,5,-13,4,-17,9
-6,7,-14,-5,-8,9,-15,13,-1,23,-10,5
-20,-1,-13,-6,1,1,-19,19,-20,11,-17,6
-7,-7,-10,17,-4,-1,1,8,-11,2,-18,-5
-17,-4,-21,7,5,-3,-3,9,-5,22,-16,4
-17,1,-16,1,-6,5,-13,6,-16,2,-16,-7
-21,-7,-14,17,-5,20,-12,6,-15,3,-15,1
-17,-5,-19,11,5,-4,-20,2,-21,8,-16,20
-17,1,-19,4,-4,10,-16,3,-15,1,4,21
-3,11,-15,-2,-3,15,-15,9,-17,4,5,-3
-13,10,-18,11,1,7,-20,10,-4,13,4,-2
-12,17,-20,6,-7,12,-16,9,-16,6,-16,12
-6,6,-3,33,3,11,-19,27,-15,13,-6,26
-5,8,-13,13,-15,22,-15,10,1,24,-14,24
-20,12,2,12,-4,32,-11,28,-18,15,-6,34
-6,-23,-15,-34,-20,-15,6,-22,-3,-14,-20,-25
-8,-23,-6,-20,-4,-13,-3,-5,-8,-24,-17,-30
-12,-30,-5,-6,-19,-24,-14,-14,-18,-21,-11,-8
-1,-11,-14,-26,-13,-5,6,-28,1,-23,1,-21
-7,-25,-5,-21,4,-10,-17,2,-7,-14,3,3
-19,-31,-19,-12,4,-23,-1,-13,-4,-23,-19,-28
-3,-20,2,-9,-17,-20,-16,0,6,-16,-19,-20
-12,-5,-12,-19,-17,-17,-14,4,-15,-23,-15,-10
-2,-19,-20,-26,1,-9,-16,-15,-19,-16,-13,-16
-2,-7,-14,-13,-17,-16,-15,-5,-18,-7,-10,1
-4,-6,-18,-10,-17,-11,-13,-24,6,-16,-15,-19
-2,-19,-12,-17,-16,-12,1,-8,6,-19,-16,-14
-1,0,-13,-8,-3,-9,-15,-7,-14,-5,-16,0
-3,-3,-18,-10,5,3,-10,-5,-20,0,-19,-5
-6,-1,-6,6,5,2,-1,5,6,-13,-17,0
-7,-1,-17,10,-16,-5,-14,-16,-8,-4,-9,4
-5,-16,-18,1,-16,-9,-13,0,6,-18,-13,10
-18,-12,-20,-7,-16,-7,-13,-16,-4,-7,4,14
-19,-15,-16,-6,-17,3,-17,-10,-14,0,-17,2
-16,-14,5,14,2,-2,-6,1,-12,13,-18,-5
-3,-1,-10,0,-18,-8,-13,14,-1,12,-8,17
6,-3,-17,-3,-17,2,-19,1,3,13,4,-3
-17,8,-20,-3,-16,5,6,7,-16,16,-15,-1
-5,-3,-10,10,1,4,5,17,-14,1,-4,15
-7,3,-15,24,6,-10,-13,-1,2,0,-14,8
-7,10,-11,-3,-5,10,6,-9,-7,17,-19,5
-10,-5,-16,23,-9,10,-4,0,-19,12,-15,12
-15,12,-19,-1,-10,8,-14,-9,-8,15,6,2
-7,11,-15,-2,-14,3,6,-4,-16,12,-10,-1
-10,12,-14,2,-1,16,-15,0,-2,29,-10,19
-1,3,-15,-5,-3,20,-16,10,0,10,-13,14
-18,6,-2,8,6,-1,-13,14,-16,14,-8,26
-17,4,-3,32,-14,22,-16,2,6,7,-14,7
-6,20,-10,21,6,8,-6,27,-20,16,-15,32
-20,25,5,1,-8,5,-13,23,6,11,2,5
-5,17,6,-1,-13,19,-13,7,5,32,-15,8
-19,14,-9,31,-3,19,-5,24,-5,16,0,12
-11,-10,6,-17,-5,-18,-14,-36,-14,-20,-14,-8
-2,-14,-14,-32,-1,-27,-1,1,6,-24,-9,-16
-16,-10,4,-28,-3,-9,-6,-17,-4,-19,6,-9
-19,-24,-2,-12,-14,-31,-1,-5,2,-27,-16,-26
-8,-27,-12,-25,3,-24,-15,-17,-11,-8,-14,-16
-18,-14,-17,-12,-5,-25,-2,-3,-12,-27,2,3
-17,-24,-14,-25,-3,0,-14,-27,-10,-5,6,-27
6,-26,-14,-22,-13,-21,7,-20,-17,-17,-8,3
-18,-10,1,6,-16,-8,-15,-21,-12,-14,-14,-17
-5,-12,5,4,-17,-16,-6,9,-11,-22,-15,-7
-1,-2,-12,4,-13,-10,-14,1,-2,6,-6,4
7,-22,-18,-12,-9,-17,-15,-15,-15,-10,7,-13
7,-18,3,-17,-15,-2,-16,-14,-12,1,-19,-14
-12,2,-16,-9,-14,-22,-19,3,-18,-17,-14,-22
7,-15,-13,-17,-14,-22,-8,-12,-14,-19,-13,-1
-6,-7,-18,-10,5,9,7,-10,-19,6,-15,-12
-18,-1,7,-11,-2,15,-6,-10,4,6,-15,-1
7,-15,-11,-10,-8,-15,-19,-4,2,1,-10,-11
-6,-5,-9,-10,-16,-15,-17,-5,-7,-3,-12,16
-17,6,-15,11,6,3,-13,7,-10,-6,-8,6
-3,-5,-15,-7,-2,6,3,-10,-5,2,-19,-8
-5,-8,1,7,4,-5,-4,14,-10,-7,-10,-8
-13,12,-17,-3,-5,8,-15,-12,-18,-4,-11,1
-4,2,4,9,-16,-4,-17,-3,-16,-8,-4,-4
-19,-2,-9,10,-1,20,-15,2,0,0,0,20
-19,-8,-7,1,-11,5,4,1,-16,17,1,4
-8,1,-3,26,-13,-9,-1,-3,6,-4,-8,3
-18,4,-15,21,-13,-4,3,22,-18,6,-14,8
-8,7,-19,11,-10,26,-11,-2,-12,0,-8,3
-7,16,-14,11,-9,8,3,13,6,-5,-11,12
-8,1,5,4,7,7,-13,13,-3,10,-6,25
-16,1,2,17,-13,16,-19,8,-17,21,4,14
0,19,-11,32,-1,8,7,-1,-16,4,-12,20
-7,17,-17,-2,-6,30,2,8,4,22,-12,8
-4,17,-12,27,-6,7,-16,15,-14,19,-19,12
-3,17,-16,28,-9,5,-14,12,-11,8,-19,31
-17,18,-15,18,-9,16,-11,20,-15,28,-17,11
-2,-11,-5,-24,7,-9,-10,-13,-10,-17,-12,-7
1,-14,-7,-34,-15,-3,-11,-34,3,-33,-1,-31
-16,-10,-2,-24,-17,-15,-8,1,4,-20,-1,-9
-6,-8,-1,-1,-16,-13,-17,-11,0,-26,2,-8
2,-25,-1,-16,-5,-31,-5,-7,-17,-27,6,-24
-4,-5,0,-6,8,-1,4,-8,-8,0,8,-12
-18,-10,2,-2,0,-26,2,-17,-3,-8,0,-17
-11,-29,-17,-12,8,7,7,-24,-18,-7,8,-3
-16,-25,-7,2,-15,8,1,-24,8,1,-4,-24
-4,-3,-8,1,1,-8,3,5,-7,-24,-18,1
-18,-22,-13,-5,2,-23,8,1,1,-11,-9,-13
1,-13,-1,-18,-1,-21,-1,-22,-18,10,-5,-12
-16,-19,-3,-9,2,-24,4,9,-3,-14,-17,-18
-7,2,-17,-17,-18,2,5,6,4,4,6,-5
-15,-19,-2,-4,8,-5,-4,-20,4,-6,3,-3
1,-8,-5,2,-8,-19,7,-13,-2,-2,-10,-8
0,-9,7,-10,8,-2,-9,-16,4,2,-7,6
-5,6,1,-8,6,-15,8,12,1,-16,1,-8
-18,0,2,-1,7,-13,8,16,-4,16,-6,-6
0,-5,-5,-11,8,3,-1,-15,-3,-12,-2,5
-8,-12,-8,14,2,-12,8,8,6,-16,1,13
-10,12,-2,7,5,-15,8,0,3,2,8,12
-14,8,3,-6,3,21,-10,8,-5,17,-16,7
-18,-5,5,23,-6,3,-14,14,-9,8,5,-3
-7,12,3,17,-10,-4,1,-3,-12,-2,-17,-1
-9,13,4,-8,-5,15,4,-8,2,23,-13,13
-16,-1,-17,25,-15,3,-14,-9,-9,16,2,18
-16,-8,3,1,-10,15,-6,13,-3,2,-6,13
-15,-3,0,26,1,24,-2,4,-12,22,-13,0
1,-1,-6,3,-17,-2,-5,17,-9,2,-12,23
-6,9,7,0,-16,25,-12,25,-7,9,0,2
-17,4,8,-4,7,18,-9,17,-14,13,3,10
-18,24,-14,-4,-1,9,-13,24,-1,21,-15,27
-18,9,-17,12,-7,28,-16,6,-11,14,-17,6
-7,10,8,3,-2,8,-14,-2,0,17,2,18
-14,3,-8,25,-13,15,-2,20,-13,30,8,12
0,7,-12,30,-6,26,-15,20,5,16,-11,26
9,-3,-6,-16,9,-12,-9,-35,-6,0,-10,-22
9,-14,9,-8,0,-32,9,-10,-5,-30,-13,-7
9,1,-3,-15,-4,-30,8,-17,-2,-31,4,-33
-15,-7,7,-33,9,-11,1,-12,-9,-33,7,-30
4,1,-8,3,-11,2,-16,-11,5,-28,5,-26
-9,-31,6,-13,-12,-27,-1,-13,1,-3,2,-19
6,4,-10,-12,2,-13,7,-12,9,-11,-12,3
-7,2,4,-22,-2,7,-4,-1,-9,-15,-3,-12
-6,-27,-11,-12,6,-5,-6,-9,1,-12,3,-25
-14,5,3,-19,-17,-24,-2,-21,5,-1,5,-11
0,-24,5,-3,5,1,-9,4,-9,2,0,-8
4,-2,5,1,0,-24,1,8,-6,-3,-3,0
-6,5,2,8,-17,3,6,11,1,-18,-16,1
5,11,-7,-8,-2,-16,-11,2,-7,-3,-14,-4
7,-9,7,14,6,-18,-13,10,3,-13,8,13
-9,15,-8,8,3,-20,-14,15,-6,-7,-16,2
8,-4,5,-16,8,9,9,-8,-4,-9,-6,10
-6,11,-8,-7,4,7,3,14,-3,13,-3,-12
5,13,-13,1,-13,14,-17,-9,3,-7,-12,2
4,13,-7,19,7,15,-5,19,-8,-4,-6,12
4,-11,3,17,5,0,5,0,-5,-4,2,3
6,-12,-16,8,5,-6,-4,5,3,4,2,13
8,-5,8,13,8,-2,-7,-14,-5,22,-3,6
-11,11,-16,20,-5,1,7,-7,4,23,7,22
-8,-8,-6,17,-17,6,-2,8,6,-9,0,-4
-14,-7,-16,-8,4,2,0,23,0,0,3,8
-2,4,-5,16,7,15,-6,23,-1,-3,-17,-6
0,15,2,18,-12,22,0,-3,-10,13,5,-4
2,7,-11,24,0,25,-1,8,1,5,-7,28
9,-2,-15,-4,3,21,-3,12,-7,11,-13,20
9,-6,-6,15,-15,15,-6,16,-7,22,7,30
9,9,4,4,-14,9,-15,16,-12,30,3,5
-2,1,5,10,-12,11,-6,10,5,32,-14,28
-14,20,-15,6,-9,19,-16,17,-16,5,-5,20
-15,20,-16,32,-1,14,9,24,1,19,8,27
-16,7,0,27,-2,8,-7,25,-15,13,7,14
-9,23,-8,26,-11,24,-8,20,-17,14,-2,1
-9,0,5,-20,-12,-21,5,-14,-15,-29,9,-10
9,-3,-9,-29,-7,-24,1,-21,-12,-19,-5,-26
5,-18,-2,-34,-12,1,7,-34,3,-17,-13,2
8,-12,-5,0,-12,-24,-8,-5,-16,-23,-7,-9
4,-1,0,-20,-11,-29,-10,-10,-3,-6,-15,-11
6,-14,-14,-25,-14,-12,5,-12,4,-5,-6,-7
4,4,-15,-9,-13,-12,3,6,7,-21,-14,-27
7,-2,-1,-29,-14,-13,7,-22,7,-16,5,-20
7,7,-8,-13,7,-22,-6,-21,3,-4,7,-22
7,-22,-4,-18,4,6,8,4,2,2,-5,7
9,-16,-10,8,-12,-21,-16,10,-2,-19,7,8
9,-11,-3,-17,6,-19,-10,-18,8,-6,6,-22
-8,-22,4,-4,-14,12,3,-7,7,-5,-12,12
10,2,8,-14,-7,10,5,-7,3,-14,-3,-9
10,10,4,8,7,6,2,0,-10,3,6,14
-3,-16,-2,12,7,10,6,-9,-9,-21,-4,8
-4,8,4,-5,4,-13,8,-4,-4,8,-2,-8
1,-14,-16,-3,-16,11,7,3,-12,8,-16,7
5,13,-3,-4,4,-8,1,15,-5,17,4,18
4,-14,-7,0,9,13,-15,-13,2,6,-16,-14
-14,18,4,0,-13,-16,-11,14,-12,-8,-12,17
5,21,-8,-8,-5,-8,-11,8,-15,15,7,-1
7,19,-7,5,2,-3,-9,20,8,19,6,6
-10,19,8,-9,-5,0,3,20,6,-4,9,-9
-15,14,-1,5,-4,-1,3,7,-7,-6,6,2
-6,15,-1,22,-14,3,3,9,3,20,8,-1
10,6,8,7,3,-1,-2,4,-6,23,-6,0
-15,-5,-9,18,-15,6,-15,27,7,9,5,17
-6,17,-11,14,0,26,1,9,9,18,5,14
-16,0,8,22,-5,17,-11,26,-12,19,-5,24
-1,1,-15,14,-12,22,-6,24,-14,15,9,15
-15,20,-11,30,-15,24,-8,26,8,0,-9,-3
10,5,-15,6,5,29,-1,24,-13,3,-7,6
-6,21,8,24,7,13,-4,22,1,6,-7,14
-15,5,-2,3,-3,19,-2,30,7,27,-3,16
-5,22,-1,21,-4,21,-14,33,-7,19,-12,4
-2,19,10,10,10,9,0,25,-9,32,6,30
8,-24,1,-6,-6,-11,7,-8,-4,-27,-6,-2
5,-6,-3,-21,-2,-23,1,-28,-2,-15,-5,-17
6,-17,-6,-20,-6,-22,11,-12,-7,-19,-11,-32
1,-32,7,-32,1,-12,-2,-11,8,1,-8,-4
0,1,-3,0,-14,-18,-6,-16,-1,-7,-4,4
3,-1,3,-11,-13,-1,9,-1,9,-18,-13,-21
10,-4,-6,-6,-8,-19,-12,-3,7,-28,-6,1
1,6,-14,-2,9,-5,5,-21,0,-16,2,5
-4,4,-9,-1,7,-23,3,1,4,6,-15,-22
-11,8,-10,-8,9,-1,-2,-16,-4,-16,-8,-10
7,2,7,-18,-1,9,-9,6,-11,-3,7,-17
7,7,-5,-14,-14,-4,-1,-12,1,5,8,-21
-4,-20,11,1,-10,4,4,0,1,-10,7,1
11,7,-7,5,-15,-15,9,4,-5,2,8,-22
-6,5,7,-9,-5,8,10,14,6,-10,-8,1
-15,1,0,3,6,-16,6,-14,-2,13,-7,1
11,14,1,13,-7,-18,5,5,6,-19,-14,2
5,-14,10,-5,1,-15,-2,8,5,9,1,-4
-5,9,4,4,5,1,4,-15,-4,-12,-15,-16
-13,8,4,-10,5,6,2,8,1,0,-9,19
-7,-13,-3,6,5,4,11,2,-15,12,2,-4
-4,-13,3,9,5,7,-10,21,-10,4,11,1
-8,18,-8,-5,5,7,1,-14,5,15,9,0
-15,-8,-5,14,8,8,8,19,-9,10,5,20
3,-8,7,8,-3,0,5,18,5,20,3,24
-9,14,-15,4,-7,1,-8,-11,4,-4,5,3
1,4,4,2,7,10,11,25,-14,-7,8,-7
11,-8,5,27,0,18,-13,13,2,24,9,15
-14,12,5,13,-7,11,8,-6,-8,7,-1,18
0,5,1,27,-2,22,1,6,-1,16,-15,5
-3,18,-13,9,4,29,-2,3,6,7,-13,8
0,8,5,14,-3,29,9,5,0,30,-13,4
10,-2,9,14,-1,10,-2,19,1,7,8,17
1,12,4,7,4,33,3,13,-13,-1,-10,18
0,19,11,29,-12,28,-14,29,-9,27,-10,3
-2,10,-9,10,-3,31,-14,2,-10,19,-14,3
-4,13,0,21,-7,29,7,34,-10,7,-1,32
-3,-36,4,-9,-9,-24,-7,-22,-6,-4,10,-23
10,-19,-5,-22,4,-35,-14,-21,-10,-2,1,-15
-8,2,-5,-29,0,2,-6,-29,6,-21,-8,1
5,0,0,-1,-8,3,-13,-32,-14,-21,-2,-22
5,4,7,-31,-4,4,-13,-27,-7,-25,-11,-5
11,-1,11,-6,-8,-1,-10,3,0,-31,0,-3
7,-28,6,-7,9,-15,11,-9,-4,-15,10,-26
4,2,0,-20,-12,-5,4,-9,7,-5,10,-18
10,-2,-10,4,8,7,11,-4,7,1,-11,-26
9,-13,-3,-4,5,-17,8,-26,-7,-25,-13,-26
8,-13,9,-13,7,-16,6,5,0,-10,-10,6
9,-6,7,-21,0,5,5,-10,5,-6,1,-7
11,-2,-1,1,5,-8,6,-10,1,-12,5,-9
-3,5,-3,-20,9,4,4,1,12,1,12,6
4,-1,-5,-1,2,-11,-14,-21,-8,0,1,-22
5,-10,8,-12,1,12,-1,-3,-2,-7,-1,-20
0,-17,3,10,-5,-16,-3,10,4,12,5,10
-7,8,11,16,6,7,4,-19,-14,-15,-12,5
-7,6,6,-11,-8,-5,8,8,11,1,11,0
12,1,4,4,-2,-17,-11,-13,-9,17,-7,16
-5,10,3,9,-2,4,5,6,4,1,-5,-10
0,-1,-1,-4,-1,5,6,11,5,-15,-13,11
-1,10,3,5,-1,-3,0,-7,10,-8,2,-10
12,2,-10,-2,7,21,-4,-4,4,-1,11,15
5,-2,9,-10,-9,21,-8,-10,-2,-8,-4,9
-9,11,-10,16,1,24,-8,17,0,22,6,-2
-5,4,-1,18,-13,-9,-14,-8,5,4,-3,9
-2,4,2,23,-2,9,-6,4,9,18,4,3
-7,18,7,-2,7,6,-12,-1,1,10,-1,11
3,0,-11,23,-1,24,-2,1,7,27,-1,4
12,4,11,-2,-7,8,9,3,9,4,9,21
-13,10,0,6,-1,14,9,9,-5,17,12,0
0,16,-6,16,2,20,-9,17,11,16,11,29
-1,7,10,16,0,5,-7,13,3,17,-6,26
-11,5,8,14,-7,2,-7,3,0,8,11,18
-12,9,-12,24,-4,10,-9,13,5,35,-7,3
-1,17,-11,5,-8,32,1,34,-12,16,-7,16
0,-35,2,-31,5,-23,6,-1,-1,-30,5,-3
12,-1,-7,-27,3,-17,-5,-2,4,-4,7,-1
12,-11,5,-15,1,-18,10,-19,-11,-17,8,-29
8,-21,10,-24,1,-7,11,-14,-2,-4,2,-31
7,0,-3,-18,-12,-4,-13,-10,5,-28,-12,-5
-4,3,-3,3,-2,-3,-2,5,9,-26,-7,-26
5,4,1,-22,-10,-11,-6,1,-4,-20,1,1
11,2,6,-10,-5,-16,-4,-2,10,-14,-5,-5
11,-3,-5,-15,-7,-11,-4,-17,-2,-8,-3,-20
10,-21,7,0,9,7,4,-5,4,2,8,0
10,-2,-2,-4,4,-5,-3,-6,7,-4,13,-3
5,10,9,11,4,5,1,-9,-3,-2,-5,9
0,-24,-3,-6,-10,5,-5,-8,0,8,8,-13
3,3,5,3,1,-14,5,11,11,2,11,-23
-12,-1,-4,-6,13,-12,11,2,2,-14,3,-21
3,-9,-7,-15,-4,-11,-7,-6,-1,-8,-3,-16
-13,-14,10,-12,-13,-4,-9,-8,-10,-1,-1,6
2,6,4,-13,-7,-12,8,-18,0,6,5,0
6,-4,-6,-4,-11,10,-7,-17,-6,9,2,-6
-13,12,-13,5,5,6,-11,-15,-2,17,6,-17
-6,7,-1,9,-13,10,-13,0,4,-1,-1,14
-12,-9,-1,13,-5,2,-3,21,8,6,5,12
4,-3,6,3,0,4,-1,16,4,-9,-12,-14
3,0,5,17,-13,-12,-9,18,-9,9,6,-4
-10,-10,5,-8,-3,2,-10,-7,-12,1,8,19
13,0,6,3,-13,12,-2,1,-13,-9,3,5
-3,13,-7,9,-3,16,-5,11,-10,23,-11,13
5,-1,9,20,3,-1,-11,18,-9,26,-1,-4
-11,-6,8,23,-2,28,-5,16,3,14,5,26
13,6,-13,13,-2,27,-12,0,5,4,9,26
-11,15,10,11,-4,15,-8,2,-5,2,13,18
1,12,-12,13,-5,20,5,-4,-13,11,-7,22
-11,16,3,3,2,21,-6,25,-10,17,2,23
-2,17,-7,9,-12,3,-13,15,1,26,7,32
-3,10,8,12,4,9,-10,9,-6,16,-11,26
2,15,11,24,7,35,-8,23,12,24,13,13
-1,10,-7,29,-2,8,-5,12,10,11,1,34
13,-16,4,-12,4,-30,6,-28,5,-9,2,-14
-3,-2,2,-12,-4,1,4,-3,1,-27,3,-12
-12,0,5,-20,7,-21,1,-21,-9,-32,0,-25
13,-12,-9,-24,6,-19,-9,-4,-3,1,-6,-14
11,-31,0,1,6,-10,-2,2,-5,1,2,4
10,-21,-5,4,2,3,13,-8,-8,-2,9,1
11,-21,-1,-14,1,-24,2,1,-6,-14,-3,-12
10,-23,-11,3,-4,-15,-10,-4,2,2,-9,6
6,5,-9,-27,1,-15,6,4,-1,-2,-10,2
12,-10,4,-12,11,-16,7,-14,12,-3,-5,-9
8,2,4,-13,-8,-16,6,-12,-11,-25,5,10
0,5,3,7,-2,8,4,9,8,10,8,-4
-2,11,-4,-24,10,-5,8,-23,1,-11,11,-22
-5,6,-3,-20,4,-20,-2,4,11,-1,-3,-19
-12,-5,6,-14,3,0,2,-14,-1,5,-10,4
-10,-17,-10,2,11,-3,6,14,-10,1,-12,6
-7,5,-6,1,-11,-18,-6,7,-12,13,-4,-6
6,6,-8,5,4,-4,8,15,14,17,-10,15
5,-6,-8,-10,9,-9,5,17,-6,-13,12,-12
-1,9,-4,15,-3,-10,-9,-3,3,14,2,6
1,-4,-12,5,7,13,0,1,-1,5,-9,-5
-12,-15,-8,21,14,-14,-8,-7,7,15,-1,9
0,-9,2,3,-5,21,-3,19,-1,-7,6,-13
13,-9,-12,-12,-6,7,-2,-2,5,0,-4,4
-12,3,12,3,8,19,-3,13,-3,3,-1,23
-4,14,-9,-11,-9,17,-9,-8,-6,1,12,20
4,12,-5,-7,4,9,3,11,-10,17,8,17
-10,10,1,6,9,16,-10,8,5,7,-11,4
-12,6,-3,7,-3,5,-9,16,-1,11,8,3
4,14,11,14,-10,22,-2,1,2,23,13,25
4,10,-7,9,5,1,-11,-4,-6,0,10,13
6,13,13,31,-2,2,-8,12,-6,12,-12,24
-3,18,6,25,6,-3,-3,9,-4,2,10,11
4,16,-1,21,-2,10,-7,2,10,25,-3,8
0,15,11,21,-1,14,-10,12,4,27,0,33
6,16,1,30,-10,-1,-1,20,9,18,-2,10
5,9,3,36,7,31,7,14,4,10,11,12
8,-10,-7,-34,-2,-1,13,-28,10,-31,3,-27
-1,-34,5,-9,10,-33,5,-13,9,-8,5,-14
-9,-2,-4,-3,12,-1,0,-5,2,-27,7,-32
13,2,7,-10,5,-24,4,-14,-9,-25,6,-12
1,-3,-6,-3,13,1,-6,2,11,-22,8,-25
-3,4,5,-10,13,-2,11,-21,2,5,9,-9
11,-25,-1,-25,-4,-27,-8,-9,4,-5,1,-2
14,2,2,-3,12,-10,11,-8,0,-4,-11,-7
11,-21,-2,-3,-7,-1,3,-5,-9,-5,12,2
12,-9,-11,5,-2,-12,4,-4,0,1,-4,-24
14,9,10,-26,3,-19,4,-18,8,-6,-5,-4
-5,8,12,-20,10,-21,10,-25,3,-20,-8,-24
-7,6,14,-13,10,-17,2,5,5,-4,-9,-18
1,3,0,4,0,-20,-8,-23,1,-22,1,-17
3,3,1,-11,4,2,4,-6,3,6,15,14
-11,-5,-6,11,10,-5,0,5,-10,13,-2,8
7,-5,-8,1,7,1,-7,4,7,2,-7,6
-2,6,9,-1,-7,4,3,5,12,1,7,-13
6,-4,-3,9,-9,17,8,16,13,-10,14,-2
4,7,4,-7,0,0,-8,13,12,-9,-11,0
1,-2,-10,-15,8,18,8,5,1,-6,-3,0
6,-2,6,0,-11,-13,1,-6,8,7,-5,8
7,-4,-4,18,-1,-4,-11,16,-1,16,4,-4
5,-6,1,8,-2,9,13,12,2,11,5,19
5,-2,0,5,-3,3,0,15,12,2,-8,-8
-2,12,-11,-2,3,2,-3,3,-6,1,6,0
6,-2,-7,-4,12,-5,-2,8,-1,16,0,-2
1,2,-11,-4,4,20,4,-2,4,8,15,-2
-11,5,3,13,-10,25,-8,14,7,16,11,16
3,4,-8,20,-1,28,-2,28,-7,25,1,-6
-11,5,0,26,-7,11,-10,5,-9,19,9,20
6,14,-3,29,11,31,-8,2,2,5,-4,-4
8,16,7,6,-4,27,-1,2,-8,28,11,0
-7,18,8,6,4,10,6,17,-3,9,11,-3
8,6,13,30,6,4,-9,9,-1,30,-7,11
-8,9,-5,1,8,29,-9,5,15,2,-11,6
-9,12,-8,6,4,26,-6,19,-4,13,13,16
11,-14,11,-23,-10,-14,4,-30,7,-15,-5,-7
15,-18,5,-22,-9,-12,-9,-6,1,-17,5,-4
-1,2,10,-24,-7,-30,-3,-21,6,-11,13,-17
13,-22,14,2,15,-27,10,-1,2,-15,-10,-13
15,-4,-1,4,8,-30,-4,-3,-4,-11,7,0
11,-17,15,-8,3,-17,6,-1,-5,-7,-5,-6
1,1,-4,-10,1,-7,7,1,-2,-5,-6,-5
10,-2,-5,-12,15,-4,0,-24,-2,-9,-8,0
13,4,15,-4,15,-24,9,1,0,1,-1,7
12,0,5,-25,-10,4,14,-18,10,-19,8,-1
-5,-2,-6,9,11,-18,5,9,10,-6,5,-4
-3,5,6,0,-5,9,14,-13,-9,-7,13,-7
9,1,4,-2,0,-24,5,-7,9,-3,15,-18
-3,5,16,7,-2,3,-1,-18,16,-2,8,-1
4,-10,3,-19,7,2,15,10,1,-12,-5,4
6,3,13,-10,-8,4,-10,-9,14,2,-6,-9
15,-14,-7,2,-8,-8,13,-14,14,2,0,-3
4,-9,4,-18,-1,9,14,13,0,-15,1,1
16,-10,12,-12,-2,-17,3,-4,15,4,11,-16
7,8,16,15,8,0,10,-1,10,-14,1,-15
-9,0,6,-10,6,7,-1,15,11,14,2,5
2,-8,3,-11,10,-7,7,-4,0,-8,6,-12
-10,11,6,-3,-3,18,7,12,12,7,2,-4
16,-11,2,0,2,10,2,11,8,-12,6,10
15,-11,15,-4,10,-7,15,-5,15,23,6,14
5,0,9,-3,14,-4,16,25,2,10,0,11
16,7,15,3,15,5,10,10,13,-6,0,-8
6,8,2,22,-9,13,12,9,0,15,6,16
-10,13,-1,-1,15,3,16,9,7,-2,0,-7
-6,18,16,22,16,28,16,9,15,8,4,3
8,7,2,12,15,4,16,14,15,10,11,15
-3,26,-10,-5,16,22,8,-3,13,-3,-1,11
-6,20,-3,20,14,31,13,27,-1,-1,3,5
-10,16,16,15,16,29,-2,-3,15,4,2,24
1,12,-1,8,15,-1,11,34,-2,21,9,12
10,11,-9,23,15,8,-1,0,15,28,1,2
-2,28,-2,33,16,26,10,11,-7,31,13,25
13,0,17,-21,6,-17,3,-22,17,-21,8,-5
1,-3,8,-12,14,-11,3,-25,5,-16,12,-15
13,-33,13,-2,-4,-27,3,-28,12,-12,0,-22
13,-25,5,-29,8,-16,2,-2,-6,-33,1,-1
16,-3,13,-13,-9,-17,9,-14,11,1,4,-16
14,-5,3,-4,-9,3,15,-14,-1,-27,8,-4
16,6,-1,-28,11,-16,11,-20,17,-13,16,-19
11,-3,3,-6,2,-2,7,-12,10,-18,8,0
15,-23,5,6,-1,-23,5,5,-5,-4,11,3
-8,3,5,0,14,-24,3,-22,0,-23,12,-24
-8,-21,8,-16,-6,-2,11,-9,0,-19,8,-4
11,-16,-1,-24,4,-22,8,-24,13,5,7,-1
-8,5,8,-15,17,-3,15,5,15,11,3,-20
11,-17,-4,3,16,-10,10,-7,11,-9,7,-17
-1,7,16,-15,17,9,1,-21,8,-18,3,-19
-4,5,16,-6,-9,-15,2,-17,15,-18,6,3
-1,10,11,5,-2,4,9,6,-7,-19,5,-15
7,-14,8,-14,15,-16,15,17,17,8,8,7
16,-13,2,-14,16,-4,5,16,3,-15,6,8
-7,14,-6,8,10,5,4,16,-4,16,8,2
-3,14,4,-15,17,3,12,-12,4,-14,4,8
-3,12,16,-6,16,3,12,-10,6,18,9,-10
9,0,0,-10,17,9,10,12,-1,-11,4,8
6,13,8,-11,15,-11,3,20,2,-8,3,-13
3,24,12,9,17,16,15,-8,-8,12,-8,23
12,-4,16,6,5,-6,16,9,9,23,10,15
3,-8,3,25,-1,23,-3,25,14,-5,9,19
12,1,9,2,17,7,12,16,-8,18,8,-2
-3,26,3,-2,5,4,-6,25,8,11,0,-8
6,-7,4,-7,-6,-2,12,28,0,26,-1,-7
5,-4,17,11,10,21,3,10,16,-2,4,21
-7,23,1,-2,-7,18,-9,23,7,-2,4,-1
13,8,3,1,-6,29,14,26,15,-2,16,6
1,-3,-4,31,8,15,12,10,16,-3,9,1
1,27,-8,20,16,-2,-2,34,1,-2,15,28
8,30,-7,4,15,17,10,-1,17,29,7,26
4,28,-3,36,-5,31,13,32,11,4,1,27
2,-2,-4,-2,16,-5,1,-30,11,-18,7,-30
16,-2,12,-29,3,-21,8,-32,12,-25,18,-1
7,0,11,-34,-4,-9,11,-2,7,-14,6,-19
-1,2,-5,-7,14,-16,-8,-30,12,-31,-8,-33
7,4,11,-28,15,3,-1,1,7,-23,18,-1
0,3,9,-5,5,-6,4,-31,-2,5,5,-19
18,-4,18,-11,13,-1,12,6,18,-14,7,-1
3,4,13,-26,1,-15,5,-3,17,1,17,-22
11,6,9,-17,-1,-6,6,-11,10,-20,12,-27
5,4,14,6,11,-9,12,-24,17,-22,0,-24
18,3,-1,7,16,-20,11,-20,-6,9,1,-24
-4,11,8,-21,-3,5,4,-10,14,-18,8,-12
10,3,18,4,-8,-10,-1,2,-5,-20,13,5
9,7,-5,13,15,7,1,-4,6,-21,16,-22
16,-12,3,-22,-2,13,-8,13,18,1,5,-17
13,-18,-8,10,1,-18,17,-11,16,-9,17,-6
16,3,-8,13,15,-19,6,-15,3,-16,1,-17
13,-10,2,-17,16,-2,4,-15,1,-18,8,-9
-7,18,6,7,-3,4,1,18,12,-11,3,-4
13,17,17,5,-1,6,11,8,17,1,11,-16
5,-14,3,-10,16,-15,16,-15,14,16,0,-14
-8,9,3,20,18,0,5,-3,13,-11,0,-11
-7,20,10,4,-6,8,-7,13,1,-12,7,0
6,17,0,13,17,18,7,13,5,-13,18,9
7,20,18,24,0,19,7,24,-1,24,2,23
4,-10,1,17,5,19,-8,-6,-3,14,6,13
9,19,13,18,6,17,13,-2,-7,-6,-7,22
5,23,-6,23,-7,25,11,-8,13,9,10,12
13,-7,7,-4,1,9,3,27,14,25,4,-1
16,23,2,24,4,23,9,-7,14,1,8,-7
6,23,-6,28,-6,11,11,1,8,7,11,14
8,25,-3,28,4,31,17,30,11,21,6,22
5,26,10,27,12,7,-7,24,10,-4,11,17
16,31,11,13,7,-1,13,18,7,-3,-5,23
16,13,-4,27,10,24,8,3,6,4,4,16
11,30,-6,34,7,-1,1,2,10,14,10,17
15,15,-3,25,4,1,9,10,17,12,2,33
12,-36,-3,-14,5,-23,5,-10,15,-36,15,-8
9,-35,-6,-5,15,-11,15,-35,14,-8,11,-32
12,-7,-5,-1,-4,-9,13,-7,1,0,6,0
17,-9,17,-25,17,-33,5,-30,13,-3,4,-26
10,2,9,-9,-2,0,18,-14,6,-28,12,-16
8,-1,8,-11,-7,-26,6,-27,12,-26,7,-31
12,-27,0,-4,12,3,-6,-4,14,-2,16,-7
8,-27,-6,7,4,0,10,-24,5,-4,6,-4
6,6,-5,3,18,7,-6,6,12,-26,7,-9
10,8,11,-25,-5,-26,13,-3,14,-18,6,-19
13,9,13,-22,16,6,-1,8,5,8,13,-3
3,8,12,-7,5,2,13,-4,6,2,8,-21
10,9,7,-4,8,-21,18,-11,8,-3,14,-14
17,-1,-7,12,14,-17,19,6,19,8,-1,11
16,-1,-4,-6,18,14,-3,0,6,-13,5,-7
14,-3,11,-16,15,-21,15,-8,18,-20,12,-16
2,12,12,-5,8,-19,19,13,6,-5,19,15
15,-16,8,7,11,-12,12,-14,8,-18,4,-15
9,18,12,13,2,9,-2,2,13,-18,10,12
16,12,-7,8,-6,10,10,12,18,0,17,-15
4,20,9,-8,8,-12,13,-9,11,10,13,-10
1,17,4,3,-4,7,6,-12,7,2,10,-2
5,17,4,-9,-4,12,15,-10,10,12,13,2
15,7,3,-7,3,-12,16,21,17,19,18,-5
15,9,-1,10,1,-8,6,-11,6,23,2,3
-4,18,0,9,3,20,16,-7,-2,18,17,9
13,10,6,8,15,13,5,24,14,4,8,-7
12,-5,16,26,4,-8,16,11,5,10,-1,24
19,11,13,6,10,-6,8,19,15,-2,-5,14
3,23,15,17,-6,19,16,10,9,20,4,20
10,21,5,-2,-6,19,16,-1,-4,19,19,24
8,23,8,25,0,-5,17,30,-5,31,4,12
14,23,0,19,13,12,15,32,6,-1,16,16
6,1,13,-3,-4,20,9,33,14,28,18,19
19,29,-2,22,1,25,-4,26,10,5,-5,3
19,23,10,34,3,31,4,2,-4,5,-7,15
-3,33,8,6,13,13,4,9,-4,24,13,4
15,-32,-1,-5,10,-36,17,-9,-5,0,9,-29
1,-2,8,-25,7,-8,-5,-10,17,-18,5,-29
-3,-7,12,-34,-6,-5,17,-13,17,-4,16,-26
-1,-6,-2,-10,5,-28,-6,-2,-5,-8,0,-27
14,-17,14,-8,3,0,8,-6,13,3,2,3
18,-28,16,-4,6,-29,15,-3,18,-5,10,0
-2,1,17,-27,14,-18,-6,-3,-5,-28,-6,-7
-5,-1,18,-9,0,4,16,-22,18,-2,-5,-14
14,-17,2,2,4,1,-4,-4,3,-9,-5,-26
-1,3,14,5,16,-9,19,-21,1,1,18,7
-3,4,-1,-3,7,9,11,-7,12,4,13,7
15,-19,14,-23,7,-20,8,0,6,10,7,-22
3,6,-4,6,1,-23,12,-13,-6,-17,-5,10
-1,8,2,-5,3,-17,17,-22,0,-22,-2,-1
-3,3,-1,8,6,3,6,-9,4,-12,-5,-17
-2,7,15,-3,7,-11,16,8,20,11,6,-4
-3,8,6,9,18,1,-1,12,6,-20,14,-20
15,13,6,-19,16,7,17,-16,4,8,11,5
18,-14,2,13,-6,17,14,-6,16,-3,12,-4
6,-14,7,-8,18,-1,-1,8,17,4,6,7
18,3,7,-11,-6,12,9,-15,14,9,10,-2
20,12,7,4,12,4,5,-15,13,14,20,3
15,7,1,-14,-2,10,8,-10,18,6,7,-14
14,1,10,6,15,-12,9,-3,18,-2,5,15
14,1,-5,-10,0,19,-6,11,6,-4,4,-3
0,18,13,25,6,13,4,20,7,18,15,24
-1,13,12,18,-5,-6,16,-1,18,6,-6,11
14,7,0,14,-6,-5,2,-7,2,22,11,-4
18,-6,13,27,-5,27,8,19,12,-3,2,15
5,20,-3,-3,13,-1,-3,-5,15,18,-1,27
19,7,12,9,14,9,12,7,15,29,4,8
12,0,6,12,6,24,15,1,-6,15,3,0
-2,23,3,18,2,28,19,8,5,9,8,31
11,1,13,25,13,2,11,33,7,-2,4,3
6,25,18,0,16,0,15,25,10,3,10,3
-2,28,16,16,17,24,7,6,18,16,18,24
-5,27,19,12,13,12,-1,26,14,15,7,6
-4,-12,-3,0,-2,-30,-3,-18,18,-5,2,-36
20,-35,19,-34,2,-8,6,-20,11,-33,-2,-32
15,-24,-4,-9,-4,2,9,-19,0,-16,11,1
20,-26,-3,-13,2,-14,-4,-16,-5,-4,4,-12
0,0,4,-9,16,-10,10,-10,8,-10,20,-2
3,0,12,3,21,-19,20,-4,19,-2,-3,-31
4,-1,-5,-12,4,-1,-4,5,-3,-20,-1,1
-5,1,4,3,4,-5,9,-9,2,-13,17,-19
13,-25,2,6,16,-17,20,-12,-4,4,13,-8
5,1,17,-9,9,-6,-4,6,10,2,-5,-8
-1,6,-3,3,14,-12,2,-20,20,-12,8,-9
20,-1,6,-6,12,-25,18,8,19,11,5,0
-3,3,7,-5,16,7,11,3,-2,10,-2,0
-2,8,16,12,16,-5,8,9,11,-5,14,1
15,-5,10,7,16,14,7,10,6,-6,-3,10
17,5,10,-7,-1,-14,5,-7,6,-21,18,-21
-2,13,5,-1,-2,14,16,-8,7,7,-4,10
15,-15,6,-12,19,-5,7,16,7,10,14,6
15,6,14,11,10,-13,16,11,10,6,11,15
18,13,2,5,-1,-15,16,13,-5,8,2,5
4,-16,15,-11,9,-13,12,-9,-5,10,20,3
15,6,-5,13,8,-15,11,9,4,16,13,16
20,1,12,-14,15,13,6,18,21,8,14,13
10,-10,9,3,-3,21,11,13,13,12,12,-7
-4,19,15,1,4,-12,-1,17,-5,-12,4,24
6,-8,3,24,19,25,17,6,19,23,19,11
19,26,4,-10,20,-2,-1,-7,16,-10,2,25
4,-8,-2,15,-5,-2,4,23,21,17,-2,25
12,-5,10,11,11,-7,11,12,0,24,16,8
15,1,8,3,18,10,-5,1,15,-6,8,13
1,22,14,-1,13,12,19,5,0,22,5,24
21,23,6,29,20,2,16,26,5,3,14,18
14,1,9,9,5,21,8,31,2,31,13,5
18,1,13,0,2,30,19,12,17,17,-3,-1
0,32,11,-2,19,8,6,9,20,22,11,17
4,27,13,15,16,27,14,29,12,-1,5,2
16,13,19,3,0,36,16,2,-5,31,5,31
1,-7,15,-11,-4,-27,5,-6,7,-6,16,-34
-1,-9,15,-11,14,-19,0,1,-2,-2,21,-18
22,-14,22,-1,-3,-18,11,-30,16,-11,9,-24
2,-10,10,-7,13,-21,13,-18,3,-12,0,-17
21,-24,1,-28,17,-8,21,-10,8,-2,-1,-19
2,0,7,5,12,-5,15,-19,-2,1,0,-27
10,-25,0,-26,6,4,3,-8,18,-7,16,-1
-2,0,21,-24,20,5,19,-21,18,2,1,-6
16,-5,22,-6,13,8,14,-24,15,-5,0,6
-1,7,-1,6,-2,-9,20,-6,11,-13,12,-20
21,-8,12,-12,-3,-6,16,-11,21,-17,16,-19
19,11,-4,9,17,-22,20,-11,2,7,17,-17
17,-16,6,-23,-3,-6,14,-7,-2,10,14,-13
8,9,10,-9,3,-21,4,12,18,-20,-3,1
10,-22,9,-1,10,-18,11,-13,12,4,4,14
12,-18,9,9,-2,-16,9,0,14,-3,17,-17
12,-16,5,7,4,8,4,16,15,-14,11,-7
20,8,9,5,20,-14,6,6,-2,-19,21,-19
-4,18,12,2,-4,1,15,13,16,13,14,5
18,-1,6,-4,17,-17,10,18,19,-17,20,2
15,13,12,11,12,11,21,15,12,19,6,18
7,20,11,16,16,-9,17,-5,9,15,4,13
15,16,14,0,16,-5,11,1,16,-9,7,7
20,15,4,12,14,21,0,13,5,16,19,20
15,23,8,-5,17,8,20,10,-4,9,6,-12
14,21,12,-8,21,21,14,19,10,25,-4,13
5,-7,4,-7,16,14,0,15,12,-10,0,-7
9,17,15,17,8,-6,13,-5,2,26,15,4
-3,24,11,-5,19,14,17,18,9,-3,13,9
18,28,8,-5,-3,10,12,-3,3,27,-4,-2
-4,26,12,10,-3,18,11,12,20,8,10,15
21,22,16,-2,9,29,-2,-5,22,30,21,7
6,32,2,-3,2,2,-3,-4,4,32,21,-3
8,1,13,1,1,11,9,28,9,20,15,19
21,9,21,16,14,28,14,13,20,5,22,26
-4,30,19,0,19,13,-4,33,21,27,13,22
18,22,7,2,19,34,16,0,1,36,10,13
2,-3,23,-12,11,-13,0,-13,19,-12,11,-33
14,-9,8,-26,15,-29,9,-15,23,-7,6,-10
17,-15,-1,-8,2,1,-3,-5,14,-31,8,-33
7,-31,10,-20,15,-4,11,3,15,-19,11,-31
-2,-10,5,-13,1,-2,11,-20,23,-12,12,3
1,-5,3,-6,21,-11,21,-11,18,-20,15,-24
23,-8,21,4,2,-3,21,4,16,-26,9,-5
20,-7,0,-27,1,-25,7,3,8,-27,13,-12
22,5,1,-8,3,0,17,-26,12,-22,15,-18
17,-27,10,-11,7,-9,-1,-26,20,-20,23,5
17,4,23,-6,13,-19,-3,-26,0,9,23,-9
19,-10,21,-19,13,-23,18,-7,19,-6,10,11
3,11,14,3,5,-24,21,-1,17,0,8,-9
21,-14,9,-7,-1,4,19,-1,-3,-18,14,-22
16,6,6,11,2,1,21,-19,12,-15,14,6
17,-20,20,7,20,-19,19,-10,13,15,13,15
10,13,-2,-16,21,-1,6,-20,18,-5,12,-3
-1,17,1,-18,9,2,17,4,23,-1,8,-19
16,14,12,-9,14,-13,8,16,7,-17,14,-4
14,-16,3,0,17,12,6,-10,12,19,8,-5
12,-15,6,18,-1,-1,10,-11,20,8,6,16
21,14,17,16,6,-13,22,19,2,12,6,-14
21,18,14,3,10,14,14,-5,11,-10,15,1
-1,22,-2,18,9,2,8,-11,22,14,6,10
13,-10,13,-10,8,3,1,-8,-1,12,12,21
16,-9,21,0,21,12,22,17,5,15,19,2
19,15,10,17,6,-9,22,-10,13,-6,17,-2
1,14,20,5,23,20,8,-8,12,-5,3,17
19,16,6,-6,16,13,22,7,18,-5,7,-4
19,-5,23,9,2,22,11,2,11,20,9,9
10,29,21,15,5,24,17,0,16,10,18,1
22,20,14,7,0,30,12,26,18,28,18,20
21,10,-2,-4,3,23,10,-4,6,28,14,-4
20,-3,19,2,15,2,1,25,-3,3,19,9
19,12,7,10,16,1,9,19,13,29,10,21
19,10,7,3,17,31,19,26,21,0,19,0
20,17,23,35,-3,10,7,2,21,28,7,16
22,-30,5,-35,17,-8,10,-35,2,-34,12,-30
0,-2,8,-28,2,-2,0,-2,23,-27,6,-34
18,-9,17,-33,13,-11,20,-32,21,-11,10,-15
23,-21,8,-4,8,-24,18,-5,16,-31,23,-19
18,-10,22,-19,17,-32,21,-4,12,-18,21,-21
22,-30,21,-7,23,2,-2,-21,8,-17,13,-10
11,-3,11,5,4,-1,6,-3,3,-17,1,-5
19,-1,9,-15,1,-2,21,-13,5,-6,24,-14
21,-26,17,6,-2,5,14,0,1,-16,7,5
12,0,9,-14,3,-2,8,-10,6,-14,8,-14
1,9,9,-1,16,1,22,-21,6,1,11,-5
12,8,1,-12,1,6,24,3,10,7,13,11
14,8,-2,6,12,-7,16,-21,4,4,-2,-6
18,10,7,8,9,-4,18,-14,18,-6,-2,2
12,12,19,-20,13,-7,19,12,16,-19,10,-8
13,8,10,-20,22,-9,23,-20,-1,10,17,-19
15,-20,5,-5,22,-5,14,-18,1,-19,23,-11
15,9,12,16,3,7,17,-11,17,6,17,-9
-1,17,17,-15,19,14,6,-14,18,-6,21,8
13,10,11,0,10,0,11,-15,15,-5,12,-9
16,-15,19,1,11,-14,15,5,-2,20,22,10
16,-13,17,8,16,16,21,-4,-1,20,13,-10
16,-14,1,6,17,-13,22,-1,8,-11,9,-4
21,0,24,8,9,-13,13,-11,-1,15,16,17
15,20,24,11,20,10,10,7,23,9,15,-3
17,-10,20,-1,20,-7,-2,-5,15,23,23,2
22,-3,15,-7,11,7,11,5,16,10,14,24
24,14,12,-3,4,16,13,4,15,9,-2,24
3,20,6,-4,21,21,5,27,12,-5,14,12
20,16,23,14,6,-4,23,7,12,5,12,26
7,25,17,24,17,-2,18,-2,9,25,9,10
20,-1,11,27,18,20,10,-3,24,29,1,16
22,7,0,-2,16,-1,11,15,17,4,9,1
19,17,17,10,18,15,6,31,6,26,19,25
10,-2,11,0,9,0,14,33,21,-1,8,21
11,35,15,19,10,3,-2,24,22,20,15,2
21,10,10,15,21,26,10,7,23,32,2,35
22,-16,12,-16,21,-35,-1,-3,15,-35,25,-3
13,-34,-1,-32,21,-6,14,-23,19,-17,15,-17
21,-4,24,-34,22,2,20,-14,16,-33,18,-31
12,-30,13,-4,8,-2,21,-25,16,-10,9,-13
20,-6,15,-23,13,-22,11,-5,2,-10,13,-16
0,2,14,-30,19,-29,21,-1,20,-5,20,-31
19,6,12,6,3,-24,23,-23,8,-7,21,-19
17,0,7,-7,8,-20,25,-10,15,-5,12,4
21,-10,9,7,21,-18,15,-22,20,4,21,-1
15,7,9,6,20,3,-1,5,9,-22,23,-20
21,-17,3,0,10,-15,17,5,5,8,24,10
12,4,0,1,12,11,17,-15,9,-16,15,5
19,-22,-1,5,24,4,-1,-17,23,-20,21,7
13,13,3,-2,10,10,20,-14,3,11,16,-13
11,12,21,-22,23,6,2,-13,6,-21,10,0
20,-6,23,-14,18,-13,19,1,17,-11,4,15
4,15,16,-19,4,-2,22,4,3,5,0,8
13,9,19,-7,0,-16,8,-17,8,17,19,-1
13,13,2,10,18,8,7,-15,11,-16,7,-11
15,14,23,-1,8,13,25,6,24,-4,0,2
15,12,9,9,11,3,22,2,12,3,-1,19
15,14,12,19,10,10,13,-15,24,21,8,12
16,22,2,21,-1,10,23,-14,20,-7,15,-12
23,-13,8,17,20,14,17,-8,7,-11,5,19
22,4,25,22,1,21,9,-8,21,-11,11,-10
20,-11,1,-4,16,9,13,-8,24,-1,21,6
21,-10,21,12,2,-9,19,9,22,26,17,-10
22,-1,21,21,3,-6,22,16,12,3,4,23
20,27,24,-6,25,26,6,24,16,-6,7,24
21,22,0,9,25,18,13,-6,14,20,0,26
21,27,6,-2,25,27,24,5,4,16,8,16
22,23,16,3,24,12,20,-2,8,-5,16,11
20,15,2,28,21,24,14,-4,10,29,20,2
6,31,13,0,7,32,20,30,18,-2,22,12
23,16,9,7,21,30,17,4,21,15,2,-2
8,34,20,25,11,4,10,4,0,-1,7,26
11,35,1,0,9,4,25,32,9,2,21,18
8,-3,17,-18,22,-11,10,-33,8,-35,19,-19
23,-10,21,-3,21,-12,23,-16,10,-13,16,-24
21,-5,19,-32,18,-25,3,-9,14,-8,6,-9
25,-14,6,-7,15,-17,0,-29,13,-27,18,-8
24,-20,9,-26,10,-29,16,-24,8,3,7,-23
0,4,10,-31,2,-25,2,5,4,-27,20,-14
21,-19,1,-25,3,-28,12,-18,11,2,12,4
23,-22,10,-19,10,-2,4,6,6,-5,22,-27
18,8,15,-12,0,-28,9,0,15,-26,19,-10
24,-7,3,7,15,-9,22,-3,3,-4,7,5
5,10,16,-25,11,6,25,-22,0,-23,9,-12
11,9,0,-2,2,-22,16,-10,26,0,7,11
14,11,14,-6,22,-17,2,-1,4,12,16,-16
3,13,14,-21,18,10,16,-22,1,-7,15,-15
14,10,17,0,7,12,19,-20,11,-21,25,-17
22,-2,18,-12,16,-16,2,14,16,4,14,-10
18,6,15,-12,11,10,6,16,2,-16,22,14
21,6,2,8,23,1,25,-10,25,12,2,14
21,6,21,6,14,-16,20,0,24,0,19,18
0,16,7,11,20,0,23,6,15,2,0,-16
4,18,0,-12,12,12,23,10,9,-4,10,-4
0,8,24,7,14,4,20,20,14,-4,9,5
8,-13,15,4,0,22,22,1,3,22,12,22
24,-5,18,19,12,18,12,15,24,2,22,10
15,19,16,5,14,-11,22,23,2,19,15,3
18,17,2,13,14,17,15,-8,25,12,14,3
16,17,17,21,2,-6,14,18,20,-4,26,11
23,14,17,15,0,11,21,5,16,-3,2,-2
12,25,18,-2,13,7,17,4,24,2,14,-7
15,28,4,18,14,-7,22,7,15,19,23,-2
16,27,16,-1,22,15,20,23,14,-5,17,9
23,26,6,28,22,26,3,27,0,8,13,21
20,14,5,16,9,22,2,28,16,17,12,4
26,33,4,28,15,29,2,1,0,29,18,21
1,21,19,19,17,12,26,28,9,16,2,2
9,1,22,34,2,25,11,15,1,20,21,29
2,30,18,1,15,17,14,21,10,16,14,18
