-13,-4,-6,-33,-5,-23,-6,-5,-10,-3,0,-3
-8,-8,-6,-33,0,-26,-14,0,0,0,0,-3
-4,-2,-3,-16,-1,-17,0,-32,0,0,0,-4
-12,-7,-11,-8,0,-25,0,3,0,0,-15,2
-10,3,-11,-10,0,-25,0,3,0,0,0,-9
-14,1,-12,-6,0,-26,0,-31,0,0,0,-2
-4,1,-7,-13,-1,-24,0,4,0,-1,-7,-5
-5,-1,-7,-13,-1,-11,0,4,0,1,0,-1
-7,7,-3,-4,-1,-16,-5,-14,0,0,0,-1
-11,5,-7,-17,-1,-16,-5,-11,0,0,0,-5
-12,7,-7,-18,0,-14,-5,-8,0,-2,0,-12
-10,9,-7,-19,0,-3,-5,-6,0,-3,0,-4
-10,9,-8,10,0,-8,-1,10,0,-3,0,-6
-13,10,-1,-18,0,-8,-1,3,0,3,0,-7
-4,7,-8,6,0,-9,-8,-20,0,-2,0,-7
-10,6,-8,-4,0,-15,-8,1,0,4,0,-8
-15,7,-9,14,0,-18,-1,0,0,-1,0,-9
-6,15,-6,-15,0,-19,-8,4,0,-1,0,-10
-13,9,-6,-10,-1,2,-1,-8,0,5,0,-10
-10,14,-12,7,0,-6,0,15,0,-1,0,-10
-11,17,-18,4,-1,3,0,14,0,1,0,-10
-11,19,-18,-2,-1,1,-1,-6,0,0,0,-10
-6,21,-18,-13,-1,-4,-5,6,0,-1,0,-12
-6,14,-20,-7,-1,2,-5,8,0,1,0,-12
-12,23,0,4,-1,-3,-5,10,0,0,0,0
-15,14,-9,-8,-1,-3,-5,12,0,-1,0,-11
-1,16,-26,-5,-1,4,-1,-10,0,-1,-1,25
-1,21,-21,-4,0,1,-8,15,0,2,-1,25
-2,24,-22,13,-12,26,-2,25,0,-1,-1,25
0,20,-6,-2,-2,14,-5,17,0,1,0,3
-1,21,-11,21,0,-2,-5,19,0,0,-2,8
-10,21,-5,19,-1,2,0,24,-5,16,-1,27
-3,24,-5,12,-6,-4,-5,25,0,1,-2,11
-10,27,-2,4,-2,13,0,25,0,1,-13,25
-8,30,-5,8,-13,33,0,24,0,0,-1,29
-9,30,-4,18,-2,14,0,24,0,-1,-1,26
-8,34,-7,2,-2,20,-2,31,0,3,-13,30
-2,-5,1,-11,-6,-25,1,-12,0,0,-6,-10
-1,-9,1,-21,-20,-6,1,-12,0,-5,-12,-4
-5,2,-3,-17,-7,-18,1,-13,0,-5,0,-8
-13,-8,1,-26,-1,-15,1,-13,0,-6,0,-11
-2,1,-4,-23,-1,-15,1,-13,0,-9,0,-11
-1,-3,1,-26,-1,-18,-4,-1,0,-10,0,-13
-2,-3,-4,-3,-1,-18,1,-12,1,-29,0,-13
-6,-3,1,-26,-1,-28,-1,1,0,6,0,-16
-3,6,1,-27,-2,-10,-1,-2,0,5,0,-16
-10,-1,-4,-19,-1,-24,-1,-2,0,5,0,-16
-7,0,-4,-22,-1,-26,1,-9,0,2,0,-17
-4,10,0,-10,-2,-9,-1,-1,0,-5,0,-17
-13,2,-1,8,-2,-7,-1,-2,0,-7,0,-18
-4,10,-1,3,-2,-8,1,-7,0,3,0,-18
-4,12,-4,4,-2,-9,-1,-3,0,-6,-6,7
-6,6,-4,-3,-2,-10,1,-6,0,3,0,-17
-8,14,-4,-6,0,-15,1,-6,0,-5,0,-17
-2,10,-4,-8,-1,0,1,-7,0,-5,0,-17
-10,17,-4,-5,-2,-12,1,-7,0,-8,0,-17
-6,19,-4,-11,-2,-13,1,-7,0,5,0,-17
-12,18,-5,8,-2,-13,1,-7,0,-7,-1,17
-3,18,-6,10,-3,1,1,-7,0,4,-1,17
-13,21,-8,-12,-1,0,-2,20,0,-6,-12,19
0,16,-9,10,-1,-11,1,-6,0,5,-1,18
1,16,-6,12,1,-9,-7,13,0,-5,-1,17
1,15,-9,-4,-2,9,-2,17,0,2,-1,17
-12,14,-6,11,-2,9,-2,16,0,2,-1,17
1,25,-6,3,-2,5,-2,15,0,2,-1,16
-9,16,-9,16,-3,10,-2,15,0,-7,-1,16
-10,16,-4,22,-4,3,1,-4,0,-1,-1,16
0,28,-10,18,-4,14,1,-5,0,-1,-1,15
-1,29,-4,0,-13,8,-4,30,0,-1,-1,14
-1,26,-3,-4,-1,6,-5,20,0,-1,-1,14
-1,24,-6,23,-1,6,-4,33,0,-3,-11,20
-11,30,-10,21,-1,6,0,29,-1,33,-6,29
-7,35,-11,26,0,3,0,29,-1,32,-1,15
-4,27,-6,22,-6,9,-7,27,-1,32,-11,28
-10,-13,-4,-9,-1,-28,1,-7,0,-5,0,-23
2,-3,-4,-9,0,-31,-1,-14,1,-33,0,-23
1,1,-4,-18,-1,-24,1,-6,0,-4,0,-23
-7,-9,-4,-19,-1,-24,1,-6,0,-6,0,-23
1,-8,-4,-21,0,-27,1,-7,0,-6,0,-23
-12,-7,-4,-22,0,-24,1,-7,0,5,0,-23
-2,-6,2,-4,-1,-29,1,-8,0,-5,0,-24
-3,-5,-2,-28,-2,-16,1,-8,0,-5,0,-24
1,3,-23,-17,-2,-23,-1,-8,0,6,0,-24
0,4,-7,-2,-2,-23,-1,-8,0,1,0,-24
-1,-1,-8,-1,-2,-26,1,-7,0,-3,0,-24
-6,0,-8,-19,-3,-18,-1,-7,0,-5,-10,4
-11,11,-11,1,-3,-23,-2,-23,0,-7,0,-24
-3,13,2,-1,-3,-23,1,-5,0,-1,-1,13
-11,3,-20,-14,-6,-20,-5,-10,0,-9,-1,13
-2,5,-12,6,-5,-15,-5,-10,0,-2,-1,13
-11,16,-1,2,-4,-10,1,-3,0,-2,-10,11
-1,13,-12,7,-5,0,-5,-12,0,-3,-1,11
-4,8,0,2,-2,-6,1,-2,0,-3,-1,11
-1,17,-12,8,-5,-7,1,-2,0,-3,-1,11
0,17,1,6,-2,-9,-6,5,0,-4,-1,11
-3,10,-14,-15,-3,3,-7,20,0,-5,-1,11
1,11,-9,-14,-3,0,-7,-6,0,-5,-1,11
-1,11,1,10,-3,-2,-6,19,0,-2,-1,9
2,21,-10,11,-1,-7,-8,23,-4,-9,-1,9
-8,12,1,14,-2,6,-4,3,0,-3,-1,9
1,26,1,22,-2,5,-6,23,0,-4,-10,22
0,13,2,6,-2,5,-9,23,0,-7,-10,24
1,12,2,9,-3,-3,-8,25,-1,28,-1,9
-6,15,-2,-4,-2,3,1,7,-1,26,-9,19
-9,16,-15,14,-2,3,-2,-1,0,1,-5,26
1,18,-10,21,-17,19,-4,20,0,0,-1,10
-2,32,-2,0,-14,0,-4,23,0,0,-9,28
-4,22,0,8,-6,16,-2,3,-4,3,-9,30
-7,24,-16,1,-6,18,1,11,0,1,-5,34
-9,35,-2,4,2,0,-2,6,-1,29,-1,12
0,29,-4,20,-3,4,-2,9,-1,26,-1,12
-18,-18,-23,-21,-13,-12,-13,-4,-19,-32,-14,-33
-16,-18,-11,-19,-16,-1,-22,-14,-16,-1,-16,-16
-1,-21,-15,-15,-9,-16,-12,-21,-16,-19,3,-30
0,-15,-18,-16,-11,-24,-15,-31,-17,-14,-11,-8
1,-23,-12,-22,-5,-25,-18,-16,-5,-18,-14,-6
-4,-29,-17,-6,-14,-26,-12,0,-17,-29,-13,-1
-4,-11,-21,-8,-17,5,-20,-5,-14,-19,-23,-17
-2,-14,-12,-3,-18,-10,-7,-18,-7,-22,-19,1
-5,-10,-3,-7,-15,-16,-23,-7,-7,-4,-4,-13
2,-20,-22,-1,-8,-19,-12,-18,-21,-27,-16,-12
-4,-3,2,-20,1,-20,-6,1,-4,-8,-4,-14
-2,-2,1,0,-3,-21,2,-13,1,-24,0,-14
-1,-1,-19,-8,-19,-12,-3,5,-7,4,-8,3
2,-1,-10,9,-11,-3,-12,-12,-12,-14,-10,13
0,-3,-8,-16,-18,13,-23,14,-11,-21,-11,-4
0,-19,-22,-18,-7,-19,-17,14,-21,10,-8,-19
3,16,1,-6,-15,9,-13,-16,-8,-16,-3,-20
3,6,3,0,-5,-1,-4,-3,0,16,0,-10
-6,5,-4,10,-22,-13,-11,-16,-6,0,-7,-14
-2,2,-12,-3,-5,-12,-8,-2,-18,12,-16,11
3,-7,-21,10,-15,11,-9,-2,-20,10,-13,-13
1,6,-5,-2,-16,0,-21,-5,-22,-10,-12,10
1,0,-6,12,-18,1,-9,4,-8,-1,-7,-12
0,-1,-11,-4,-9,3,-13,6,-8,-8,-14,0
2,-11,-18,20,-18,16,-19,16,-19,10,-15,22
-3,0,-11,-4,-20,12,-12,3,-23,12,-17,11
-4,11,3,10,-12,17,2,1,0,13,0,-2
-5,12,3,12,-3,-1,-1,1,0,25,-8,25
1,10,2,11,-3,3,-1,6,0,23,0,-1
-2,13,-1,-1,-15,7,2,1,0,13,0,-1
-8,15,1,13,0,6,-1,13,0,23,0,-1
1,15,-3,-5,-1,-4,2,2,0,22,0,-1
-6,18,-1,3,0,3,2,2,0,13,-8,31
-3,20,2,23,1,8,-1,17,0,13,0,-1
-4,23,-1,8,-7,19,2,3,-7,27,-3,0
-12,27,1,15,-2,1,2,3,-4,11,-8,35
-3,24,-5,22,-3,18,-1,22,0,25,-3,29
-21,-31,-7,-18,-17,-27,-18,-20,-11,-3,-21,-36
-21,-26,-20,-6,-20,-28,-7,-24,-18,-22,-7,-18
-21,-2,-18,-28,-16,-18,-14,-9,-11,-33,-22,-30
-11,-20,-20,-14,-7,-26,-12,-27,-14,-26,-22,-13
-20,-18,-22,-12,-7,-31,-11,-10,-12,-31,-19,-29
-16,-22,4,2,-9,-19,1,-14,-20,-29,-2,-28
-15,5,-6,-26,-17,4,-11,-20,-20,-12,-18,-27
-15,0,-3,-2,-19,7,-7,-28,-22,7,-16,-16
-15,-28,4,-22,-18,-22,0,-4,1,-13,-2,-17
-10,-17,-9,0,-15,-1,-15,-11,-22,-25,-6,-6
-21,-8,-12,-7,-11,-23,-7,-8,-6,-10,-7,-4
-11,-9,-3,-10,-11,-2,-12,5,-4,3,-16,-23
-9,-8,-10,-14,-21,-2,-22,-7,-12,-3,-18,-18
-6,-23,-15,-18,-8,-17,-16,-8,-14,-11,-2,-16
-22,5,-10,-7,-21,-8,-7,-16,-13,4,0,7
-10,-3,3,3,-4,-12,-15,-19,1,-7,-9,-6
-10,-4,2,-7,-15,-6,-15,-8,-15,-3,-22,10
-11,-16,-18,11,-12,10,-21,5,-4,4,-11,-6
-13,-11,-15,-14,-14,7,-13,1,-20,4,-9,-10
-22,11,-19,2,-9,-7,-13,19,-8,-7,-6,-9
-14,-9,-16,-4,-12,7,-10,4,-13,6,-22,-7
-16,18,-12,1,-11,14,-12,-6,-12,-5,-14,1
-20,3,2,22,-19,16,-6,-12,-14,22,3,-4
-14,11,-3,-10,-21,0,-20,9,-13,-5,-21,2
-13,-9,-21,1,-4,-1,-11,-4,-6,5,-6,14
-17,24,3,9,-22,14,-8,-8,-18,16,-1,19
-18,10,-8,-5,-9,9,-14,24,-18,24,-14,-7
-9,5,-11,-7,-4,4,-12,27,-18,8,-9,-8
-16,27,1,0,-6,7,-12,23,-1,-1,-6,8
-13,10,-20,7,-18,27,-6,-7,-21,12,-12,24
-1,4,-11,-1,-20,22,-8,16,-14,25,-16,4
-5,6,-14,7,-5,9,-17,22,-14,20,-15,31
-4,4,-20,0,-6,7,-13,7,-20,17,-13,8
-11,33,-5,30,-13,-1,-14,26,-22,7,-18,21
-1,4,-13,3,-10,20,-16,32,-9,10,-14,4
-2,18,-16,28,-19,23,-16,31,-14,27,-16,7
4,12,-4,10,-7,0,-6,16,-21,35,-12,19
-4,-22,3,-3,-4,-34,-7,-31,-14,-11,-10,-9
-10,-13,4,-17,-13,-13,3,1,-17,-33,4,-6
-15,2,-17,-25,1,2,-7,-15,-11,-17,-21,-3
-10,-18,-9,-28,-19,2,-3,-20,-5,-25,-13,-5
-7,-20,-10,-11,-15,-3,-12,-4,-17,-12,-11,-12
-9,-20,-15,-12,2,-4,-10,3,-21,-25,-17,-21
-9,-28,-11,-8,-21,-21,-12,-3,-18,-18,-12,-21
-12,-29,-11,-28,-14,-1,-6,-16,-13,-8,-7,-23
-13,-18,-21,5,-1,-11,-10,5,-12,-15,-11,-13
-19,-8,-15,-24,-21,-7,-11,-5,-18,4,-11,-3
-21,3,-13,-15,-6,-13,-2,-13,-10,3,5,-6
-17,-8,-8,1,-3,4,3,10,-4,-15,-2,-1
-18,-7,-4,-4,-18,-14,-4,6,-9,-19,-5,-10
-17,-13,-16,-14,-15,9,0,11,-19,6,-14,-17
-12,1,-17,3,-7,-5,-4,2,-3,4,-20,-14
-18,-13,-7,12,-4,-18,0,-20,-16,-3,-16,-3
-20,-12,-19,-8,-7,4,-4,6,-19,-9,1,12
-20,-6,-2,-8,-8,5,-1,-13,-6,6,-10,3
-21,-15,1,-10,-14,-12,-16,-16,-2,14,-5,2
-21,-9,-6,18,-18,-14,-11,-6,-14,-10,-21,10
-16,20,2,-9,-4,-12,-1,-9,-16,-6,-4,6
-10,-5,-2,-8,-7,4,-19,5,2,9,-8,12
-16,-7,-3,2,-2,11,-3,-3,-19,-2,-2,-6
-21,-4,-3,11,-10,-7,-14,16,-14,14,0,-7
-12,-6,-9,20,-1,4,-21,-11,-3,12,-3,9
-17,-4,-5,5,-2,20,-12,1,-7,3,5,14
-20,6,-6,-6,-4,24,-8,10,-18,13,-2,-6
-13,23,-15,4,-7,27,-17,23,-3,-6,-2,-2
-17,28,-6,28,1,22,0,-6,-2,5,-19,-8
-15,25,-13,-7,-7,28,-16,4,-13,-3,-12,18
-5,-4,-21,25,-7,-1,-16,12,-21,12,-12,28
-16,12,-7,10,-9,7,2,-3,2,7,-20,-2
-15,11,2,32,-19,1,-2,17,-18,7,-3,7
-9,0,4,28,-21,20,0,0,-21,10,-1,25
-13,16,-10,31,-14,16,-6,26,2,9,2,-1
-12,11,-14,19,-14,0,-6,3,-12,14,-18,34
-3,1,-11,36,-19,10,-16,33,-11,14,-5,10
-19,-34,6,-18,-20,-5,-2,-31,-3,-8,0,-27
-14,-28,-20,-19,-7,-24,-11,-32,-9,-22,-8,-21
-19,-30,4,-26,-10,-33,-19,-17,-15,1,-1,-29
-15,-5,-14,-7,-10,-21,-13,-1,-9,-3,4,-16
-9,-28,-20,-19,-15,-18,-6,-23,-4,4,-5,-14
-18,-23,-14,-27,5,-3,-10,-31,-6,-22,-16,1
-12,-7,-7,-27,-4,-26,-18,-24,-1,-11,-4,-3
-10,-7,-2,-15,-11,-3,-19,-15,-2,-22,-6,-16
-11,4,-18,-25,-3,2,-5,-21,-5,-21,-3,-12
-10,5,-18,-17,-20,-5,-17,9,-20,-22,-18,6
-19,1,6,-26,-11,-12,-18,-3,1,-17,-5,5
-20,-12,-1,-20,-4,-19,-15,-11,-2,-9,-16,11
-14,-21,-12,-2,-11,-6,-13,-3,0,-16,-17,-5
-13,4,5,12,-14,-11,-10,-15,-8,-23,0,0
-20,-11,5,6,-15,-12,-17,1,0,-12,-6,-8
-19,-7,-17,-11,-12,-17,-18,15,-15,-17,0,-13
-18,-13,5,-20,-19,-10,-10,-10,-4,1,-9,14
-17,-9,-15,-11,-7,-14,-8,-14,-1,2,2,17
-17,-2,5,-10,-20,-3,-11,-12,-17,-18,-4,7
-16,-6,-7,19,-18,3,-14,-12,-19,6,-4,11
-13,10,3,5,5,20,-5,3,-2,3,-4,14
-16,-7,2,8,1,6,-19,-4,-19,16,-8,-8
-20,-12,-5,12,-10,-3,-3,-1,-11,-13,-10,-5
-14,-1,-3,15,-4,-5,-12,-2,-17,-6,3,19
-15,-2,-2,-9,-4,-3,-8,4,0,-1,2,6
-18,5,3,12,-20,-7,-13,20,-16,21,-4,13
-14,-8,-11,17,-15,2,-15,0,-1,15,-18,24
-17,26,-1,10,-17,8,-19,26,-16,21,2,3
-16,-5,-4,0,5,15,-4,-4,-19,17,-5,15
-13,4,-13,22,-20,26,5,-4,1,3,2,2
-13,22,-16,1,5,16,-4,-3,-10,27,-17,10
-12,24,-13,11,-3,6,-3,27,-15,17,1,29
-16,8,-8,14,-16,-2,3,29,-1,0,4,18
-6,5,4,12,-20,33,-8,-2,-19,31,-4,29
-10,8,-15,31,-12,24,6,11,-1,20,-3,2
-7,18,-19,35,1,7,-18,14,-11,3,6,23
-5,13,-5,17,-15,31,4,4,3,10,-7,34
-18,-29,0,-27,-10,-16,-5,-19,0,-13,3,-1
-13,-8,-5,-22,-8,-26,-16,-32,-10,-15,-6,0
-13,-3,-3,-16,-3,-29,-10,-2,-12,-13,-9,-8
-8,-12,-2,-9,-12,3,2,-6,-11,-3,1,-19
-12,-29,0,-19,-7,-15,-16,-31,-16,-22,-3,2
-13,-1,-8,5,6,-31,-15,-21,-11,-21,-19,-29
-16,-16,-9,-3,4,-4,0,-8,-1,0,1,2
-9,7,4,-10,2,-12,-15,6,-1,0,-10,-28
-9,-8,2,-3,4,0,-5,-20,-4,-4,-2,-11
-16,-9,6,0,-15,-2,-1,-9,-8,-25,3,7
-10,0,-17,-8,-10,-9,-1,-17,-13,-22,-3,-25
-9,-6,5,2,-3,3,-13,4,0,10,0,-4
-9,7,5,-6,-12,1,-16,7,7,12,5,6
-8,-11,-2,-5,-15,-20,-18,-22,2,-17,1,-10
-19,-1,-3,-9,3,2,-16,-22,0,2,3,11
-16,-9,7,-19,-1,9,-12,-13,2,-10,-3,14
-3,-19,-6,13,1,13,-16,1,0,6,-2,3
-12,-9,-12,5,-14,14,-13,8,2,-6,-8,9
-12,-10,-10,-2,-19,-13,-17,-5,1,-6,-11,4
-7,3,-6,2,-3,-10,-10,18,-18,-2,-9,8
-9,7,3,-3,-16,-2,2,17,4,5,1,1
-6,-13,-17,6,7,9,3,-13,-13,1,-4,-15
-5,-12,-12,7,-14,-7,-17,11,-1,-2,0,-12
-9,22,3,2,-15,-12,-15,0,-17,-12,4,11
-12,11,-5,-12,-5,-8,-2,7,-15,14,-18,24
-19,7,-18,-7,-13,7,-15,8,-18,-11,-7,13
-17,1,-13,6,0,4,-11,21,-9,-3,-2,14
-12,22,-1,17,-5,-9,-7,0,1,24,-5,17
-9,-5,-2,21,7,18,1,1,-5,16,-3,-2
-16,-4,6,23,-3,22,0,-7,-8,20,-11,13
-12,1,-13,12,-6,21,-5,6,-1,-1,5,-5
-6,8,-5,-2,-13,-4,-3,5,-17,11,-2,13
-9,17,-7,29,-15,14,-3,5,1,11,-5,32
-12,16,-17,27,0,-1,4,9,-10,3,-8,-3
-14,17,-2,11,-3,17,-10,13,0,25,-2,1
-3,2,5,20,-9,2,3,28,-9,17,3,22
-4,5,-15,4,-17,32,5,0,4,9,-5,35
-16,-12,3,-29,5,-11,-3,-24,-11,-33,-4,-32
-13,-24,4,-4,-4,-7,-5,-34,-12,-3,0,-12
-6,-28,5,-5,-10,-13,-13,-28,-5,-10,3,2
-8,-31,5,-2,-15,-32,-16,-30,1,-17,-1,-8
-13,-26,-7,-13,-3,-1,-1,-4,-6,-14,-2,-27
-18,3,-8,-26,-6,-12,-15,-5,-17,-14,-8,-24
-18,3,5,-16,3,-27,7,-28,1,3,3,2
-15,-16,2,-12,-1,-20,4,-4,5,-10,0,6
-8,-15,5,-17,0,-24,-4,-26,0,-6,2,-9
-18,3,-4,1,8,5,-18,-14,-12,-19,2,-7
-3,-23,-8,3,1,-13,-12,-14,-12,-12,-14,-8
-9,-11,2,-7,-9,-4,-17,-13,-16,-2,-16,-1
-12,10,-2,9,-14,-16,-15,3,-15,9,-1,2
-6,-10,-15,-18,-3,-14,-3,-14,-7,11,-16,4
-6,0,-8,-8,-10,-9,1,-20,2,-17,-16,9
-10,15,-15,-19,-7,-20,-8,-6,1,13,-10,-16
-17,13,-5,9,-7,8,-2,-12,-1,13,-10,-10
-2,-4,-2,3,1,-15,-16,-14,-13,-19,2,7
-16,-5,4,-16,-17,14,0,1,-18,8,2,13
-5,-12,8,-13,-14,0,-13,6,-18,17,-13,14
-8,11,8,11,-4,-2,-6,-16,-14,12,-1,12
-9,-10,-15,1,-14,5,0,-11,2,1,5,4
-17,14,-3,5,-10,3,-5,-7,-13,18,-5,6
-15,-2,8,-2,-4,-10,-7,-13,-9,10,0,20
-17,14,-13,6,7,-11,-17,20,-14,11,-1,15
-12,17,6,-8,0,-10,-12,25,3,12,-12,16
-16,-9,-9,16,3,21,-3,-8,6,11,7,6
-13,-6,4,27,-18,25,-3,18,-15,26,4,21
-17,13,-1,22,2,28,-2,20,-6,-5,-11,-4
-14,6,2,15,-8,15,-11,6,-5,0,-16,28
-15,14,8,3,-3,4,-9,10,-11,-2,-10,-5
-6,16,-16,4,-14,30,-10,11,1,15,0,-4
-10,4,2,27,-5,27,-13,8,2,3,4,24
-18,19,-16,24,8,11,-3,-3,-14,22,-17,22
-3,13,0,34,-16,16,-3,19,2,7,0,13
-5,9,-14,13,-10,32,4,-1,-3,8,-3,28
-4,6,-13,0,-16,14,-2,12,5,4,4,26
-15,-2,-7,-33,-13,-8,-15,-6,0,-31,-6,-28
-6,-26,8,-32,-12,-12,-2,-27,4,-5,-3,-5
-16,-34,4,1,-6,-16,-14,-22,-12,-26,1,-10
-16,-27,5,-3,1,-30,-17,1,-5,-27,-13,-22
-13,-18,7,-10,-16,-17,5,-15,-10,-12,-9,-30
-10,-9,-10,-29,3,-28,-14,-17,2,-2,-6,-24
-8,-28,-4,-6,-11,-9,-9,5,0,4,-17,6
-5,-10,3,0,-17,-1,-5,-23,-16,-27,1,-12
-8,-27,0,8,-16,-9,-12,-4,-1,-23,5,-6
-6,-7,-11,-19,-15,4,-14,-7,-15,-19,-11,-6
-17,-21,-16,2,-4,-10,-8,-6,-2,-8,-10,-21
-7,-7,-2,-11,-9,10,-10,-15,-6,-10,4,6
-16,5,-5,-24,-2,-19,-5,-17,-12,-22,-10,-7
-6,-9,-4,12,-16,-21,-11,-3,-16,-19,-16,-11
-9,8,-6,12,-2,-18,-16,5,-7,-7,-3,-5
-7,-7,7,9,3,-6,-8,-7,-3,-3,1,-18
-15,-2,7,3,-7,-14,-17,-2,-16,-9,-6,12
-8,-9,-2,2,-17,-6,-7,16,-12,11,1,8
-8,11,9,-6,-7,17,-7,8,-4,-1,0,-11
-16,19,-12,8,-16,10,-15,17,5,-8,6,1
-7,18,-2,12,-7,18,-7,-9,-13,2,-1,2
-5,-11,1,10,-16,14,-7,13,-12,-9,-17,18
-13,4,-5,5,-7,19,-7,-2,-2,-8,-3,11
-12,3,-4,15,-7,23,-3,-3,-7,14,3,11
-4,3,-14,-12,-7,5,-5,-9,3,1,6,4
-7,13,-10,0,-16,17,-3,4,-15,16,0,23
-7,7,8,1,-8,17,-14,3,-8,17,5,11
-9,26,3,21,-10,10,-8,22,-6,23,-1,0
-7,7,-6,17,-8,5,-7,12,-12,19,-11,11
-4,11,5,2,-17,12,-8,22,-4,-4,-3,17
-12,28,-2,28,-8,28,-8,18,0,3,-1,16
-4,16,-17,29,-7,5,-9,7,-10,-4,3,28
-9,30,1,15,-16,26,-10,10,-3,7,1,26
-3,6,-14,8,-9,-1,-2,11,-2,-1,-6,12
-9,11,8,0,-11,24,-17,18,-2,-2,2,11
-2,5,-2,29,-6,18,-8,1,-1,13,4,12
-1,8,-12,4,-4,2,-13,29,3,20,7,36
-14,-7,8,-19,6,-5,5,-19,7,-34,5,-36
-14,-14,2,-3,-15,-31,4,-25,-14,-31,1,-23
-14,-6,-13,-5,4,-4,-16,-9,-4,-13,2,-6
-13,3,-9,-25,-13,-18,-11,-11,7,-32,-7,-22
-12,-2,-6,-14,-4,-26,-4,-14,4,-18,-13,-3
-5,-29,4,-8,-4,-13,-8,-14,-12,-25,6,-15
-10,-4,-2,-26,0,-14,-3,-22,-1,-8,-2,-29
-9,-4,-11,0,5,-20,1,-13,-11,-6,-3,-20
-13,5,-12,-6,-16,-2,2,-22,4,-9,4,-3
-11,-1,-8,0,-1,-7,-5,-15,-7,-6,-10,-22
-15,-9,-15,-10,2,9,-12,-19,-15,-25,2,-4
-12,-23,6,7,-10,2,1,-5,7,7,-16,-24
-16,-4,-6,-12,-16,-14,-16,-5,-7,6,-8,5
-8,-7,-13,-9,-6,-3,-15,7,-8,-7,-9,-14
5,-18,-11,0,-7,-6,2,-8,5,-7,1,8
3,-15,0,-16,-7,2,-8,9,-6,-15,-9,1
-1,-10,5,3,-7,5,-4,-8,5,-4,-3,-14
3,-8,-11,9,-8,-1,-10,-15,-4,-15,-2,8
3,-6,1,-12,-1,-3,-5,11,-11,2,2,-4
2,-7,-11,-15,-8,17,-11,17,-4,5,-3,-5
4,-14,-6,5,-1,-4,-7,-15,1,-1,-4,4
1,1,-4,2,-5,1,-5,5,-3,7,-7,12
1,-8,-2,5,0,-14,-16,-8,4,8,5,-12
2,1,6,8,1,4,1,-12,-4,-1,5,-9
1,6,-13,-11,9,13,-12,3,-11,-1,-6,24
2,2,-1,20,-3,-7,-15,17,3,-10,-9,24
-8,5,2,-8,-6,9,-1,20,-4,-1,5,-5
2,3,-10,21,-16,12,-8,-1,-10,22,-10,3
2,9,6,19,-13,17,2,0,-4,8,-9,26
2,-2,-10,7,-8,-4,-15,19,-3,11,-10,23
-8,27,-13,2,-6,25,-15,19,-1,2,-1,-1
-7,6,0,12,-6,-5,-6,24,-2,3,0,7
-7,27,-10,6,-8,-4,1,8,-16,31,1,29
0,2,-7,20,-8,-2,-12,-3,-3,12,1,7
-7,33,-8,4,-16,10,-9,13,4,22,2,16
-7,27,5,16,-11,21,-7,12,1,30,-12,-1
-1,8,2,29,-7,24,-7,7,-5,7,-2,16
-5,-35,2,-27,-1,-4,6,-23,7,0,2,0
-5,-27,-9,-11,8,-11,-7,-12,-15,-7,-4,-34
-13,-12,6,-19,11,-6,3,-14,-12,-33,3,-9
-14,-9,2,-33,4,-12,-10,-30,3,-18,11,1
-8,-8,5,-17,-4,-17,2,-3,-1,-28,-5,-27
-11,-9,6,-11,-12,-23,-7,-30,5,-14,6,-17
-8,0,5,6,-10,2,-15,2,-3,-28,3,4
-12,-20,-11,7,2,-23,-11,-23,8,-11,-9,-6
-12,-3,-6,-15,-15,-22,-8,-24,6,-8,-8,-4
-10,-22,-11,-24,-14,-15,-11,-15,2,-21,2,-18
-15,-16,-12,-9,-10,-8,6,-22,7,9,-14,-20
-11,-25,11,-2,6,-10,2,6,2,7,7,-10
-4,-13,-9,-4,-6,4,-9,4,-9,-13,-1,-12
7,-17,9,12,-8,-20,-11,-12,-12,-5,-4,1
10,-17,-4,-14,6,3,4,6,3,-12,0,-15
9,-16,-15,1,2,5,6,-16,-12,-2,-10,-18
2,-11,5,15,2,-15,-13,-1,-9,-3,-8,10
10,2,-14,4,-8,-9,9,15,-3,-12,0,-18
11,-15,-7,-13,-8,-13,-9,-9,-14,-2,-10,-8
7,-3,-5,-6,2,18,-9,-17,-9,-16,-13,-14
-4,14,-8,-7,4,-13,-13,11,-11,15,-6,5
7,-7,-6,10,-8,16,-5,-10,-13,13,-10,1
-8,20,11,16,-7,6,-2,8,8,-1,-10,8
0,6,0,7,-15,-13,-9,11,3,-4,6,-6
1,-2,1,20,-12,7,6,-6,1,-8,-5,9
7,-10,-12,-4,-1,16,9,18,8,-4,-12,-2
9,0,6,24,-14,23,11,-5,2,13,10,-3
8,5,-12,24,-10,16,-14,-4,-12,-6,1,4
8,13,-15,3,-15,24,8,28,-7,6,-15,7
8,3,5,0,-15,22,-13,4,0,22,-15,28
5,1,8,21,-3,26,-1,20,2,30,-10,2
9,7,-8,17,4,19,0,29,3,15,-14,-4
5,12,-15,6,-1,21,-3,25,6,18,-11,12
5,3,-2,17,-9,8,-11,28,-14,6,-5,-1
5,1,-13,0,6,10,3,-2,-10,13,-7,9
6,17,-6,0,-12,12,-14,14,4,35,-8,17
1,21,-2,21,-2,33,6,12,-9,34,-10,23
-12,0,-6,-34,3,-7,-2,-5,-4,0,-2,-31
-2,-27,-14,-35,11,-4,1,-18,-2,-25,-13,-1
-9,-30,1,-33,-2,-32,8,-11,-12,-20,-12,-4
-8,-33,5,-33,6,-4,-12,-19,8,1,-6,-7
-9,-19,5,-31,-10,-1,-1,-21,0,-9,-3,-30
-8,-17,-6,-7,3,-3,-12,-31,6,-6,3,-10
-5,-9,11,4,11,-28,-14,-15,3,-6,0,-23
-8,-16,-8,7,-13,-18,-9,1,-3,-7,8,-15
-10,-27,-13,-23,7,-12,-5,-11,-2,4,4,-12
-12,-23,0,-15,-12,-16,10,1,9,-21,7,-7
-6,-7,-14,10,5,-6,1,10,-3,-22,4,6
-6,-4,12,11,9,7,8,8,-3,3,-12,-3
-5,9,-3,-8,-9,-19,-8,1,1,-12,-12,-5
9,-14,1,-15,-4,7,4,3,6,-2,4,-14
8,-5,3,-21,2,10,-11,-7,8,9,-12,-18
10,-13,6,4,0,-6,-12,-17,-6,-15,0,-16
7,-17,-9,-10,-2,-19,-7,0,6,-20,-8,11
8,0,4,-12,3,3,6,15,5,-5,-11,14
7,-6,-10,-17,-1,-17,5,17,0,-18,-6,5
4,2,-13,1,6,9,-8,6,8,12,-8,-1
10,-12,-3,13,3,9,-8,-15,-12,-13,-3,2
7,-10,11,18,3,12,-3,-10,0,4,-3,4
3,-9,-13,-14,-2,2,-1,-14,9,-9,-6,-14
-3,20,-4,22,-11,-7,-12,-5,-4,-9,8,-2
2,-3,0,17,-2,14,0,16,5,16,-9,24
6,-1,2,15,3,25,6,0,1,19,-10,3
9,-4,11,4,4,11,-3,14,9,-7,3,-4
7,-1,-9,17,-10,15,6,6,1,11,-1,23
12,-4,-10,18,-1,14,7,-1,-14,13,-8,28
10,-4,-11,-4,12,29,-10,29,9,-7,-2,16
-3,26,2,21,2,17,10,21,-13,7,-4,5
12,5,4,0,-9,22,-14,25,6,-3,7,3
9,9,-13,17,12,26,4,24,-11,20,-10,0
5,4,-5,19,6,19,1,20,2,20,-9,24
5,11,-14,10,-13,14,-2,6,-8,13,-5,22
12,30,6,31,6,26,-9,24,-8,23,3,18
12,16,4,21,-8,0,8,4,4,18,-10,17
-10,-6,5,-32,-4,-28,10,-26,-6,-27,-7,-36
2,-34,-8,-21,-8,-34,11,-32,-10,-31,-7,-31
-8,-34,-11,-26,6,-19,-1,-12,2,-7,12,-10
-8,-6,11,-21,5,-2,-8,-7,5,2,-5,-12
-7,-9,10,-19,-8,-15,-7,-26,4,-3,0,-3
-7,-2,-8,-8,13,-8,4,-9,-13,-1,-12,-1
-2,-13,0,-30,8,-11,3,-24,-3,-11,-9,-3
-6,3,-12,-22,5,4,4,-4,7,-25,0,-3
-11,-18,8,-6,7,-15,6,8,5,-20,-10,-13
-10,-22,3,-24,9,-19,-3,-9,-7,-24,5,-8
-6,-14,12,-14,5,8,7,-22,-11,6,1,8
-2,-7,2,-14,-10,1,0,-8,-6,-3,2,-14
1,-3,-11,12,-11,-21,-13,-21,-8,-23,-12,-19
6,-9,6,6,5,2,-13,-11,7,-5,-2,-14
12,-13,-6,-9,8,4,-6,2,-8,-5,2,-14
12,-18,4,-2,0,5,1,11,-10,15,8,0
9,-13,10,13,6,15,7,-19,-3,-18,-9,15
11,-4,5,-18,0,-11,5,10,3,-16,8,-10
10,-18,7,-8,-12,-1,4,16,6,-3,-10,-6
8,-1,12,-16,6,16,-5,4,6,13,-13,4
9,0,-5,-9,-7,9,-5,11,3,6,-6,-2
8,-15,11,9,-6,-13,-3,-12,5,17,-8,13
4,-6,5,19,-13,2,-2,12,5,7,-10,12
7,-12,-6,23,10,9,-5,6,2,-10,-12,4
5,-1,-12,10,-11,13,5,22,6,-5,-11,20
6,6,8,19,7,8,-13,0,7,17,5,2
7,-1,13,25,6,8,-13,23,-7,12,5,16
9,-4,-10,9,-1,-2,-6,24,9,24,5,1
10,0,-7,13,-11,25,4,15,-4,-5,-4,2
10,-6,-5,21,-1,26,5,3,-13,5,-2,10
8,8,0,-2,-6,14,-7,1,5,-6,-6,17
10,17,-11,20,12,19,2,30,-7,1,-1,-5
9,11,-2,14,8,23,3,3,-2,4,-6,-1
2,17,1,31,-9,13,-10,7,-2,33,-2,20
12,0,-2,33,11,31,9,24,-1,11,-5,2
7,21,4,26,-13,29,8,7,3,30,-9,4
7,21,-1,35,-9,5,-12,8,-9,15,-13,0
-9,-32,-1,-21,-1,-34,-1,-29,0,-17,6,-34
-1,-29,-3,-29,6,-12,8,-30,7,-25,10,-25
-9,-33,4,-20,5,-1,7,0,5,-12,-9,-7
-8,-18,11,-8,7,-6,7,-29,9,-8,-2,1
-12,-15,5,-15,7,-32,-12,-10,7,-23,-11,-28
-7,-2,8,-19,7,-19,10,-4,0,-7,-3,-26
-10,-25,-10,2,-12,-29,4,-13,-4,-27,-9,0
-1,-24,-4,-3,7,-3,7,-3,7,-23,-11,-15
-9,0,-6,-26,8,-23,14,-6,5,-20,9,-10
-3,-7,5,-17,9,-3,5,9,8,3,10,-3
-3,-7,-3,-17,6,6,8,6,10,6,-4,-12
3,-13,-8,-5,-12,-18,-1,-4,-12,8,-3,7
4,-8,-5,-18,6,-9,-5,-15,-9,-9,-10,-9
9,-14,-10,12,9,-1,-8,2,7,-23,-1,-13
12,13,4,-20,9,12,2,-22,-12,5,-7,-9
9,-8,-2,12,8,-20,5,-12,7,-16,11,12
7,-2,-4,3,6,4,-8,4,11,8,-7,-16
14,-17,4,-9,-10,-4,1,-5,-12,-12,9,-9
8,-6,-7,9,-1,-11,-4,-8,-1,13,-8,-11
6,3,9,11,-6,-13,-9,1,10,10,-5,-4
5,4,-6,-7,0,-16,-2,-14,9,11,-5,-15
7,-6,-10,-9,5,4,5,-8,-3,4,4,-8
3,4,-3,-10,5,17,-7,18,-4,12,-9,0
7,-13,-7,-12,8,15,6,17,-2,3,-8,2
-1,17,6,0,8,0,7,21,0,2,6,17
10,0,2,19,-9,10,0,14,-5,-6,-8,15
6,6,9,21,-7,20,-6,12,5,10,-2,2
11,-4,0,2,1,20,-6,24,13,25,6,-1
6,7,-5,9,-3,11,7,17,10,13,-11,12
2,12,-4,27,8,7,-12,0,-11,-4,-6,18
8,7,2,8,5,1,12,17,-9,2,-7,-4
13,23,-12,16,8,-3,13,28,6,31,5,30
12,-3,-9,22,12,28,12,17,-4,11,4,-1
11,12,-1,29,11,-3,5,2,-3,11,-2,-2
12,4,2,6,4,18,-7,7,10,28,-4,11
14,22,7,19,10,32,12,19,-10,24,-6,23
13,15,0,36,4,36,-5,25,8,31,-9,24
-10,-14,-4,-11,4,-12,-9,-15,-9,-1,1,-17
-4,-31,6,-27,4,-14,-7,-17,-11,-35,1,-1
-10,-9,6,-13,-8,-18,6,-19,-3,-7,-2,-32
-6,-24,-6,-30,-5,-3,6,0,9,-32,-11,-15
-9,-20,0,-32,-5,-27,12,-32,0,-20,-4,-32
-11,-30,11,-15,-5,-21,5,-6,4,-14,10,-20
-7,-24,12,-26,-5,-6,15,-24,0,-9,7,6
-6,-6,-10,4,14,-26,10,-1,-3,-27,7,-24
-8,-1,11,-4,9,-7,9,-16,9,-5,8,-22
-10,-4,15,-19,-8,-22,7,4,-9,-7,-7,7
-3,-20,4,-17,-9,-13,3,9,11,2,15,-9
-3,3,5,-14,-4,-4,1,-4,-11,-11,1,-14
3,-4,-7,11,14,9,7,-21,-7,5,-6,11
11,-20,7,-17,10,0,-7,-19,-6,3,-5,-14
11,13,-2,-11,10,-16,2,-12,7,11,-9,-2
14,-17,-11,-12,5,10,-4,-4,6,9,-6,9
10,-3,5,1,-11,15,-10,13,6,7,-1,-10
13,4,-9,-19,-5,-11,-10,-17,-1,-19,-11,4
10,-7,12,8,13,6,13,0,10,10,-11,-7
15,-9,5,11,13,9,1,-6,10,12,-10,18
13,-3,2,6,-1,16,6,-14,-4,8,-1,17
5,3,2,15,1,15,-7,5,-4,1,8,-14
8,-6,-4,9,-10,-11,9,19,-9,16,-10,5
5,4,1,0,-6,-11,5,23,-7,-8,-1,15
9,5,0,16,-9,-3,-8,7,-4,-2,-5,8
14,0,15,21,1,-6,11,5,2,-5,-11,-8
15,-9,-8,15,-8,1,5,24,7,7,5,23
2,14,1,12,4,24,-6,-2,7,-3,8,0
13,-6,0,5,-8,-8,13,9,-6,17,-2,6
12,0,-5,8,6,13,-5,9,6,14,-7,24
11,3,-8,-2,1,15,9,7,-1,-3,8,10
1,31,-7,5,8,0,10,21,9,27,8,5
9,10,-5,3,-4,3,-3,22,-8,21,15,15
15,-3,-7,12,-7,27,11,25,10,28,-6,8
13,9,0,25,14,33,4,22,13,-2,-9,26
8,23,4,31,7,26,13,31,8,10,0,19
15,7,5,31,12,36,-2,30,5,10,4,3
-2,-35,15,-7,5,-34,-5,-15,-3,-17,-6,-17
-8,-35,13,-30,-7,-4,6,-22,6,-23,0,-35
-10,-3,-6,-7,-4,2,13,-21,-3,-3,1,-31
0,-24,5,-30,0,-31,10,-25,-3,-7,9,-16
-4,-24,-6,-3,-5,-21,6,-14,4,-30,9,-32
-3,-30,-6,1,2,-3,-10,-31,7,-31,5,-19
2,-21,16,1,-8,-8,6,1,-2,-30,11,-15
-8,-3,-6,-11,1,-19,-10,-3,-1,-29,3,-6
-6,7,-9,-16,-9,-3,3,-12,-6,-20,9,-17
-1,-9,15,-11,-2,-4,-6,-18,0,-5,-9,6
0,3,-5,-5,-1,6,8,9,-10,-23,9,-12
-3,8,-2,-7,2,-10,8,11,-10,-14,-7,-25
1,11,-2,5,-8,-16,1,-18,11,8,3,-2
1,8,15,13,15,7,-3,-22,-4,2,-3,-11
7,11,9,1,8,-5,3,-16,3,-9,-9,0
16,-6,0,-1,-6,-14,8,-4,5,-2,3,-18
14,-4,13,-14,14,11,8,-19,7,15,-5,-20
9,3,13,11,9,17,-9,12,-8,-9,9,0
16,-5,2,13,12,10,-4,-1,12,1,-8,-12
15,1,7,15,-3,16,-7,17,-1,-12,-10,-7
13,-5,-9,3,11,12,4,18,-8,-10,-6,-14
11,-14,-8,0,15,6,1,12,13,7,-1,4
9,-4,1,-3,10,11,10,-14,3,-14,-7,7
9,-8,-3,-6,10,10,4,-6,1,6,2,-4
12,6,2,-4,-6,-1,-10,23,-4,-12,3,-8
16,7,-9,-5,5,8,5,5,-5,20,-10,8
16,11,6,2,5,20,-9,0,8,-6,11,7
10,9,-2,8,9,20,6,12,10,17,-3,-1
6,12,-6,-8,10,23,-2,6,2,9,0,15
15,3,4,10,12,12,16,24,7,-4,-8,-5
16,-1,-5,24,16,25,-9,0,4,11,2,-4
7,24,-8,0,15,8,-4,26,10,22,10,13
15,2,13,24,-4,3,-10,0,10,31,2,25
15,9,1,27,15,24,-7,3,12,11,-5,26
13,15,8,-2,5,26,13,-1,-6,-1,15,18
6,24,-10,18,6,32,12,29,12,25,-9,25
13,36,8,8,10,24,8,16,15,31,-4,28
-6,-21,1,-6,-8,-18,3,-19,10,-28,15,-16
-6,-3,-7,-24,7,0,-5,-9,-5,-11,-4,-26
-7,-28,10,-30,6,-2,7,-8,-3,-27,-1,2
-1,-11,14,2,2,-8,11,-14,10,-16,3,-6
-5,-3,17,2,17,-7,15,-16,-8,-5,0,-28
-3,-27,-8,-2,14,4,-2,-4,1,-11,4,-6
-1,-3,-9,-22,6,-13,-6,-13,7,0,-5,-1
5,-13,-3,-2,0,-17,7,-6,5,-16,7,2
6,-24,-8,-11,6,-14,-2,-23,1,-3,-1,-4
-9,-3,2,-7,0,-5,-6,-25,2,-7,15,-20
-4,-14,9,1,1,-11,6,0,-3,-16,6,-22
-3,-9,-2,6,3,-14,-6,-3,1,5,3,-19
10,-21,9,-13,11,-18,7,0,-5,-24,-6,-11
13,-19,3,1,8,9,1,-9,12,11,1,-6
5,2,14,10,7,5,-6,-11,13,-12,-8,-11
13,1,0,13,5,8,8,-10,8,-2,6,3
16,-4,3,8,13,-14,10,-15,12,15,-9,-12
14,16,2,-2,13,1,12,-10,6,7,7,10
13,2,15,-8,3,13,12,-3,-2,-12,6,-3
14,9,1,11,3,18,10,-9,6,4,-6,19
11,4,5,-5,13,11,3,20,2,-16,10,6
11,-10,-4,-8,10,15,-7,1,8,2,1,3
11,-6,-5,-2,-5,0,-8,-7,-9,-5,0,-14
6,4,-9,16,14,10,15,2,-7,11,5,-10
16,5,15,-12,15,22,-3,14,13,-10,1,2
15,14,-4,5,13,0,-6,-7,-6,6,6,14
5,24,15,-5,16,24,15,3,3,21,2,23
17,10,-7,15,12,24,11,11,9,-7,13,-1
16,0,-3,-7,-7,-6,7,21,9,26,3,8
13,14,1,16,9,19,13,24,-6,7,-2,18
10,14,1,19,-3,0,8,-6,12,-2,-3,20
8,27,5,-4,14,-3,13,27,13,-1,1,22
14,12,4,30,7,22,11,32,-2,24,2,22
15,4,11,3,3,21,14,13,-8,19,-1,5
15,34,15,7,3,25,10,7,-5,5,-4,23
6,26,2,8,6,28,15,11,9,30,-8,12
16,33,10,33,-1,10,11,22,7,18,14,10
-6,-6,0,-32,16,-13,17,0,-3,-24,15,-5
-3,-27,-6,-4,-5,-3,3,-7,10,-22,-4,-7
-8,-28,9,-27,-8,-31,-7,0,6,-22,-6,-18
2,-5,16,-4,0,-27,11,-23,4,-25,15,-30
-8,-16,1,-18,18,1,18,-28,10,-31,8,-13
5,-22,-5,-22,-3,-27,14,3,8,-25,3,0
1,-3,0,-22,3,-4,14,-9,8,-11,-8,-4
5,-7,-8,-1,0,-10,18,-2,13,-5,9,-21
9,-27,-3,-15,6,-16,12,-5,14,-3,13,-9
6,-24,8,-27,-6,-6,-6,-26,14,-3,4,4
6,-11,1,4,-2,-24,10,-11,12,10,5,-12
7,-18,-3,-5,-1,4,8,-20,-7,-4,-1,4
11,-20,12,-23,16,11,-4,-23,10,3,-7,4
13,-16,-1,3,13,9,7,-18,1,1,4,7
8,0,16,6,6,11,14,13,1,3,7,8
18,-1,8,-12,8,1,16,-10,4,5,12,0
9,1,16,11,9,1,12,-2,14,3,-1,-18
10,5,4,11,-7,17,-3,-4,2,-14,2,-6
18,11,-6,-2,-7,-18,14,18,6,-15,10,-6
7,13,-5,4,5,17,-6,1,4,8,18,18
16,8,3,-15,16,9,3,9,4,11,11,11
14,-5,14,18,14,6,8,4,-7,13,14,-8
6,3,5,-2,-4,22,-8,-5,4,19,13,8
14,-13,14,21,-5,-11,4,11,-7,13,-5,18
10,11,14,-1,7,23,15,-9,12,17,-6,-3
18,19,6,21,15,18,6,14,3,7,0,14
8,26,12,23,16,18,13,-10,10,15,14,10
18,13,0,5,16,21,13,22,14,13,-1,12
17,11,-5,14,18,19,-6,4,12,26,1,21
5,19,1,0,12,27,12,10,-7,26,-2,10
6,19,8,23,5,-3,12,10,15,2,-4,15
12,28,-2,23,18,30,9,1,4,25,-8,29
15,16,15,-4,15,27,11,14,13,-3,3,32
16,16,7,26,8,31,1,5,0,10,-4,5
18,15,-8,15,-2,26,-6,7,11,29,8,-2
4,26,14,11,-3,-1,11,13,4,27,-6,9
9,36,14,29,14,32,4,26,3,25,6,9
-5,-34,11,-27,8,-10,12,-30,-6,-18,12,-8
6,-24,-3,-16,11,-35,-4,-6,-4,-15,8,-21
2,-10,4,-22,6,-4,-2,1,7,-27,-3,-12
-7,-7,-6,2,1,-26,-7,-17,-4,-20,13,3
-6,-13,10,3,-5,-32,2,-11,-6,-26,6,-19
2,-22,2,-29,7,-20,4,-16,4,-5,11,-27
-2,-10,-4,-6,7,-21,-4,0,-1,-4,5,-2
3,-13,-1,-24,5,-26,2,-24,1,-24,-4,-25
7,-18,-2,-9,1,-23,17,-18,10,-2,-2,-4
-1,-9,2,8,1,-12,12,-12,-4,-22,19,4
9,-15,-6,-18,-5,-25,-7,2,-4,-20,11,-20
2,9,7,-15,-4,-7,17,-17,-7,-24,6,-18
13,-24,13,-11,10,-1,16,-15,17,5,5,-16
15,-11,-4,13,-4,-1,5,4,-7,-6,12,-5
19,-16,-3,-20,-4,13,-7,-17,-2,-17,8,-3
14,0,8,-8,12,-13,-5,-19,5,-1,15,-15
19,-6,16,-17,10,4,16,-16,5,9,-3,5
5,15,12,17,4,-7,-2,-14,5,15,14,5
7,18,9,-17,5,18,12,-1,2,15,11,-11
7,10,-7,-3,8,17,8,8,18,8,11,3
16,14,6,-3,6,12,6,-14,4,19,5,19
16,8,17,19,0,2,15,-12,9,5,11,16
10,11,9,21,-6,-13,-2,-6,3,12,-6,-5
18,1,16,21,7,-3,12,6,-7,-9,-3,10
15,16,13,7,16,21,6,13,15,-7,-5,13
10,24,9,19,-2,15,14,-1,5,24,2,-5
7,21,14,-10,19,8,13,11,5,26,-4,-8
14,23,9,10,7,17,6,17,6,16,10,22
12,20,12,24,7,22,10,2,10,17,15,19
13,25,-2,27,17,22,-2,-6,7,24,5,29
13,22,14,13,17,21,-1,7,15,1,6,-6
10,23,5,1,-6,2,6,22,14,0,15,20
15,21,14,17,12,24,-2,0,15,4,8,17
19,32,1,7,15,32,17,6,-3,0,12,20
10,25,12,33,8,23,7,21,-4,7,8,18
14,28,0,2,5,33,-3,1,6,30,12,29
5,29,17,6,-1,23,17,14,15,6,15,19
-2,-8,19,-29,-2,-4,7,-6,3,-4,-3,-25
-1,-20,-5,-15,-2,-20,3,-31,2,0,-6,-28
5,-11,2,-9,4,-29,6,-19,-3,-12,-5,-5
8,-28,8,-2,-6,-31,-2,-25,-1,-20,19,-5
7,-29,4,-6,-6,-21,2,-32,-2,-13,2,-13
2,-14,14,3,-2,-4,13,-11,13,-29,7,-7
10,-26,-2,-6,-2,-11,7,3,6,-15,14,-14
1,-14,3,7,9,-11,16,-17,7,-10,11,0
11,-21,3,-18,12,0,-5,-12,-5,8,5,-16
4,-16,7,-26,0,-14,-1,-10,9,-17,0,-24
10,-19,3,-26,4,-19,4,-2,0,10,17,-26
8,-7,20,4,10,-15,15,-14,1,-23,4,-21
16,-22,19,-3,17,10,-6,-16,16,-21,15,-12
19,-23,10,11,13,-16,-3,-18,7,9,-1,-8
18,-5,19,-9,9,5,13,1,7,-21,14,13
15,1,20,-8,8,10,-6,3,-1,-12,18,13
20,4,13,-2,0,2,2,0,16,-19,17,3
12,14,7,12,11,-11,18,-17,16,1,5,-5
10,14,4,-10,18,4,6,10,7,18,16,-13
11,13,1,11,20,2,13,7,7,9,6,-5
12,12,17,-7,9,20,6,14,16,-5,13,4
15,15,19,-6,15,20,6,17,16,-15,19,4
13,15,18,-10,19,15,18,-9,15,-14,19,16
13,21,-2,-8,20,16,13,14,8,12,15,3
13,21,-4,22,13,11,7,22,15,-10,16,-8
12,24,16,15,16,11,16,2,15,25,2,4
9,21,20,14,9,13,6,24,15,-7,13,23
13,23,14,19,15,20,18,-2,15,9,13,25
12,21,-6,16,8,15,18,-7,8,19,15,15
13,23,-3,20,13,25,14,19,15,26,19,29
7,25,11,10,20,14,7,30,9,8,3,9
12,26,8,1,20,16,17,30,8,25,15,20
16,26,15,-3,20,13,17,28,7,23,20,-1
16,24,17,7,16,20,8,-2,-4,14,3,19
8,28,20,26,-2,-2,8,22,8,31,16,1
8,27,19,16,14,31,17,30,7,28,6,31
13,31,17,12,1,27,17,30,7,30,13,35
2,-15,7,-24,8,0,12,-33,1,-18,16,-9
-5,0,8,-28,-3,-31,15,-7,1,-7,15,-34
-1,0,-2,-4,2,-30,11,-14,10,1,-3,-29
1,-16,-5,-27,-4,-25,19,-27,9,3,0,-16
10,-18,6,-25,-3,-15,14,-3,10,-4,15,-28
10,-15,-3,-8,-1,-8,11,-9,3,-22,21,-5
3,-16,5,-28,21,4,8,-6,1,0,17,-28
12,-19,1,4,11,-11,8,-1,10,2,-3,-6
11,-22,2,-1,1,-19,18,1,17,-10,19,7
12,-12,16,-15,12,-11,8,2,8,6,6,3
12,-7,-4,1,7,-18,20,-25,10,6,15,-20
15,-10,9,10,0,-12,20,10,-3,1,16,1
11,-5,4,-16,2,-16,5,-11,9,-4,-4,-8
1,-4,-1,8,10,-17,2,-20,3,-3,4,0
21,-11,4,-1,-3,-16,14,8,4,14,15,-10
10,4,13,2,16,9,20,2,10,13,17,-20
10,4,9,16,15,15,16,12,3,-1,20,-5
11,10,18,-17,11,5,8,12,4,16,17,-6
20,14,-2,-3,-1,-14,13,-6,2,12,-2,5
7,14,4,0,-3,12,1,1,0,17,4,18
6,8,2,3,9,5,1,-14,3,17,-3,20
8,13,20,-11,15,5,8,17,16,-7,12,-2
15,17,17,11,-1,-5,8,21,16,12,11,22
8,16,12,10,14,3,9,14,17,4,15,2
10,17,13,3,6,10,18,15,10,24,17,-12
18,-7,10,-9,-1,22,5,12,2,3,-4,20
16,21,10,23,12,8,2,26,13,1,3,17
10,19,18,6,17,16,9,20,11,25,15,13
8,22,18,8,7,17,9,22,8,26,15,19
15,23,17,11,0,1,14,24,17,9,16,21
13,24,13,14,17,23,9,25,11,3,15,-1
15,24,3,16,9,-4,18,20,17,10,12,27
6,22,18,-3,8,28,17,14,12,12,-4,17
7,27,16,33,11,27,18,19,1,10,18,11
7,26,17,18,17,1,9,31,17,11,-2,4
9,28,3,8,12,9,20,31,6,5,21,35
11,28,3,31,-4,34,8,12,2,12,17,17
-2,-27,18,-22,18,-2,4,-31,1,-17,16,-6
3,1,8,-15,3,-12,2,-27,0,0,-3,-28
6,-9,1,1,8,-5,10,2,1,-10,-4,-10
10,-29,7,-29,15,-16,6,-16,2,-10,18,-2
3,-18,18,-4,0,-22,4,-23,5,-23,8,-15
13,-27,20,-29,10,-29,-2,-14,13,-27,1,-26
3,-14,-1,-7,-1,4,11,-8,0,-9,9,-25
13,-26,6,-22,8,-19,16,1,-3,-17,6,0
14,-28,20,-27,3,-16,19,-13,17,-16,-2,-27
10,-13,7,-3,-3,-6,2,-8,8,-4,8,-12
0,-7,0,8,5,7,6,-1,2,-6,9,-10
7,9,9,-17,3,10,9,-12,11,-24,1,-18
2,-14,9,-22,6,2,7,-22,6,-15,3,8
6,10,0,-6,7,7,13,-9,3,13,1,-17
14,-20,6,-18,13,-10,-2,4,6,7,4,8
13,-19,3,-6,5,15,10,0,13,-14,-2,-7
14,-11,4,16,13,-20,-3,-1,9,-4,0,-11
14,-15,11,-3,1,-3,7,0,4,15,0,14
13,-18,5,13,8,5,4,-3,3,5,9,-1
5,19,11,-12,3,-4,6,-1,5,17,10,-15
5,-1,5,3,7,8,2,-5,4,2,5,-8
17,11,1,-9,8,-11,-1,9,3,3,3,-4
8,19,13,-9,1,6,-3,-10,6,-6,8,19
21,0,6,11,5,-3,6,8,5,4,1,13
14,-5,9,11,7,24,0,21,10,3,-3,15
9,-4,10,5,7,22,7,12,4,21,9,0
-4,26,3,25,5,-10,5,8,6,13,2,24
9,11,6,8,6,16,9,0,6,3,1,5
14,-5,1,16,7,26,10,-2,4,9,8,13
20,-7,14,11,9,14,7,28,10,19,7,14
16,-2,8,16,10,16,7,26,-2,13,0,14
10,17,-3,26,6,22,5,20,9,15,12,6
15,12,1,7,7,27,-3,25,7,1,11,24
19,0,-2,30,12,-2,4,3,-3,4,-2,18
15,13,8,1,9,7,5,-2,13,9,-1,26
10,12,8,1,5,34,-3,-1,12,0,2,5
5,16,1,12,10,13,3,18,-1,21,1,19
0,-29,11,-16,-1,-9,11,-16,12,-20,6,-6
10,-29,3,0,13,-18,6,-13,6,-7,13,-12
-3,-2,6,-31,3,-20,10,-19,0,-18,-2,-10
5,-22,19,-11,1,-4,-1,-9,11,-5,0,-25
-3,-7,10,-18,5,-1,17,3,11,-3,7,-16
2,-1,-1,-14,8,1,1,-1,7,3,10,-13
-2,4,7,1,6,-24,-2,-7,5,-19,5,-23
3,-9,11,-20,11,-9,-3,-15,10,-18,11,-14
6,2,18,-26,8,-24,13,-13,8,-14,14,-13
4,-14,-2,5,16,-5,3,-6,1,6,8,-21
8,-7,12,-11,-3,-2,10,-3,8,-10,11,-15
0,-19,4,7,8,10,7,8,3,8,0,-3
2,0,-2,-14,-3,-10,14,-3,6,5,10,-22
9,-22,1,10,-2,-3,-1,-16,8,-12,2,10
13,-10,10,-4,5,10,10,-4,7,-11,9,-9
14,-9,0,14,3,-2,4,2,18,-2,18,8
12,-18,14,-9,6,-9,15,-13,18,-6,3,-6
6,-11,6,13,2,2,9,-5,3,16,2,15
5,-15,9,-4,10,-3,-1,17,4,15,9,-14
10,0,6,11,-3,10,2,3,7,15,0,-10
0,3,12,-6,-2,19,20,-2,8,1,12,-3
4,3,10,0,-1,9,5,9,-1,19,6,1
9,9,4,-14,10,0,6,20,-2,0,6,14
15,-7,0,0,14,-12,-2,7,10,10,4,-6
14,5,15,23,2,24,11,-1,-1,-3,11,-2
10,-3,10,-2,-2,15,11,2,4,18,3,22
7,16,6,14,8,3,-3,13,10,25,14,1
-3,14,14,5,3,11,8,27,11,-3,10,1
0,26,14,-4,3,-5,12,-5,10,-3,18,25
16,-6,4,-6,22,25,6,3,3,2,21,19
5,6,3,26,22,20,3,4,-3,26,12,10
9,7,4,29,13,9,1,0,13,30,0,0
18,-2,-2,11,5,32,8,-3,4,7,8,7
-2,27,5,29,6,0,-1,28,1,11,4,30
12,7,6,16,6,2,4,20,8,21,-1,24
4,5,-3,31,4,8,2,28,6,9,-1,16
-2,1,10,10,6,7,6,33,6,31,-1,29
0,-16,10,-35,5,-36,5,-25,5,-1,10,-14
2,-14,0,-34,9,-14,5,-35,0,-2,9,-6
-1,-22,-2,-11,9,-20,15,-30,1,-6,18,0
8,-26,17,-19,10,-19,13,-2,15,-20,4,-15
4,-7,12,-11,6,-8,-1,-23,-1,-24,4,3
4,-25,21,-14,13,-28,6,5,11,-22,9,-26
-1,-27,5,3,2,-9,6,-23,0,-25,2,-29
2,-20,8,-14,8,-13,17,3,12,-13,12,-29
5,-19,12,-21,8,-7,1,-19,13,-17,6,-10
7,-14,2,1,17,7,6,-5,5,-14,7,-9
1,3,7,-14,8,-12,-1,-23,3,-23,1,6
4,-3,8,7,6,-16,17,-22,11,-21,3,-24
-1,-13,7,5,1,-15,10,-20,6,-23,4,8
1,8,-1,7,0,0,0,10,9,-13,6,-14
2,2,8,-16,9,-5,-1,0,1,5,4,-21
8,-17,10,13,13,-10,15,-4,-2,-6,1,-11
6,-18,17,14,0,-1,-1,-7,1,14,14,-3
11,-15,6,14,6,-8,3,17,14,-19,15,-18
8,12,1,10,11,-11,9,12,7,-2,-1,0
7,-13,10,6,12,-10,12,-1,14,-6,1,3
2,17,13,-9,8,12,7,7,12,-11,6,15
12,-8,9,7,11,8,15,3,4,12,1,2
10,0,-1,11,0,16,11,-10,11,14,3,18
8,-1,8,-3,16,-1,6,20,12,8,1,12
6,-3,2,-1,7,18,8,-11,1,18,2,0
6,15,16,19,5,21,2,6,13,4,1,-10
3,-8,19,22,16,-4,10,3,5,-10,4,1
7,16,-2,26,8,-1,10,1,14,-7,9,7
8,-8,-1,1,15,5,13,2,12,24,15,-6
10,8,8,6,7,2,2,27,-2,17,-1,25
11,6,19,27,16,2,5,0,15,8,11,13
-1,30,8,29,11,20,17,-4,9,19,0,3
4,7,9,19,7,27,7,22,6,18,-2,28
8,2,19,0,4,31,21,3,13,30,23,11
10,5,7,31,7,-1,0,26,15,10,13,4
1,21,6,29,13,21,1,15,1,28,3,11
4,1,11,5,11,13,11,19,14,13,4,15
-1,-17,18,-5,20,0,6,-8,15,-21,9,-1
11,-30,13,-13,21,-9,0,1,7,-27,17,-35
3,-29,15,-14,0,-10,6,0,21,-22,-1,-6
2,-7,21,2,3,-20,6,-7,-1,-14,19,-23
4,-18,5,-32,17,4,5,-18,12,-11,13,-24
-1,-31,0,-17,1,5,2,4,7,-7,3,-18
2,-7,14,-18,6,-19,12,-27,9,5,1,-18
12,-29,2,5,17,-19,7,-26,0,-19,7,-12
-1,-24,2,-8,7,2,14,5,9,-15,9,-22
1,-2,4,9,5,6,21,-12,5,2,8,6
6,-24,6,-14,6,4,4,-26,3,-14,8,-19
0,-15,2,-13,15,-22,7,-21,9,6,5,4
13,-13,5,10,10,-4,-1,-14,1,-9,16,-10
4,10,17,8,10,-23,15,4,1,-10,6,8
1,1,9,-13,2,-2,19,-20,4,6,15,-7
1,12,3,-8,10,-13,7,11,-1,10,6,-1
3,7,1,8,18,-19,21,-12,-1,-12,0,3
7,-19,6,-5,12,1,15,11,5,2,-1,3
0,13,12,-2,14,-2,4,10,8,-11,2,16
1,18,4,-2,5,0,3,-3,5,-12,12,4
4,16,11,13,1,-4,10,-12,15,9,6,10
2,6,11,-11,16,0,1,17,16,-13,14,-5
2,-12,0,-13,13,-6,6,16,3,2,7,21
7,7,8,2,6,9,13,-9,11,-2,7,-1
14,-1,2,-6,3,14,3,15,-1,8,11,-11
10,-10,16,11,12,6,9,23,10,-8,20,-10
4,-9,16,2,10,-5,1,19,12,0,7,22
1,-6,13,-7,5,6,7,4,3,1,2,9
3,17,10,-2,5,23,4,23,9,20,6,2
7,-2,-1,0,12,11,22,1,20,10,11,-4
0,14,13,12,6,10,6,1,13,29,4,14
7,20,12,6,15,8,2,2,13,17,16,-5
7,0,6,14,15,8,10,12,15,23,13,17
10,-3,16,28,23,33,15,29,15,23,11,7
11,-2,-1,28,7,6,2,30,8,0,16,18
3,22,15,35,19,8,14,28,15,31,24,24
15,14,1,20,2,12,7,18,16,1,13,19
16,-23,1,-12,20,-29,9,-27,5,0,21,-33
6,-14,3,-3,18,-13,0,-8,5,-14,12,-9
14,-34,19,-4,16,-9,5,-21,14,-33,10,-26
2,-1,25,-23,23,-12,6,-3,6,-21,7,-17
15,-32,0,-30,1,-1,23,-27,4,-21,19,-29
5,0,7,-1,5,-25,5,-12,1,-2,0,-25
0,-15,6,-19,8,-2,11,-13,15,-7,15,-21
0,-15,8,-13,3,-1,8,-1,9,-11,25,-6
3,-28,6,-11,13,-28,22,-17,7,4,10,4
12,-10,0,-1,11,-16,7,8,4,-18,10,-5
6,-2,4,-3,10,-8,10,1,5,7,14,-4
4,7,13,-8,10,-16,6,-22,13,-23,0,-8
1,-9,2,-11,23,6,13,-3,9,-12,5,-3
9,-1,1,11,1,0,3,10,3,9,8,10
5,-1,0,3,22,-20,0,7,7,-14,7,5
2,6,2,-14,2,-5,4,2,13,-7,9,15
13,-19,0,7,3,7,4,2,0,9,0,-6
5,6,17,-4,5,5,0,12,0,3,2,-12
3,6,6,13,18,-4,4,3,5,-4,0,-13
17,-4,13,-11,3,-10,23,-10,13,-9,2,-4
4,15,0,-13,1,-7,12,17,3,-14,21,19
10,-9,26,-5,4,7,13,-10,1,17,0,14
0,-2,1,-12,9,15,12,9,19,-11,0,11
4,-9,11,-10,3,20,11,5,4,23,9,7
4,4,0,6,10,1,11,-9,1,12,1,-10
5,11,6,11,2,15,23,0,5,-4,0,1
11,-2,0,-6,2,24,1,8,8,13,17,-5
2,22,5,22,13,-3,15,11,0,16,11,-5
7,12,6,15,8,8,3,20,14,26,2,3
2,8,23,13,3,22,16,7,2,29,14,11
0,1,7,4,3,-2,0,-4,0,10,9,25
8,26,16,10,0,12,12,14,10,19,6,2
7,1,0,-3,0,14,16,-3,2,3,2,14
6,2,11,28,5,0,7,16,1,17,9,14
11,5,8,33,9,13,20,1,1,28,14,18
4,25,8,14,1,5,3,7,8,28,1,9
14,1,3,31,0,8,4,3,5,16,0,16
