-3,-4,-1,0,-2,-20,0,0,-7,-4,0,0
-2,-4,-18,-29,-14,-6,0,0,-26,-8,-8,1
-2,-5,-14,-12,-4,-5,0,-3,-1,-30,0,0
0,-23,0,0,-24,-12,-21,-23,0,3,0,0
-2,-12,-6,-6,-22,-27,-25,-15,-5,-24,0,0
0,5,-25,-7,0,-4,-17,2,-5,-29,-26,-20
-1,-5,-23,2,0,4,0,2,-22,-12,-25,-18
0,-11,-1,5,-23,-7,-5,0,0,6,-8,1
0,-5,0,-25,0,8,-23,-2,-6,-15,0,-4
0,-1,0,7,0,5,0,-3,0,3,0,-6
0,-2,0,6,-16,8,0,4,0,7,0,5
0,0,0,6,0,-4,0,-2,0,6,0,5
-1,2,-1,-17,0,11,0,5,0,8,0,-5
-1,-8,0,3,-23,3,0,-1,-3,-1,0,6
0,-8,-2,-21,-26,14,0,6,0,7,0,6
0,12,0,9,-24,-21,0,6,0,7,0,6
-1,4,-5,-2,-26,-2,0,6,0,3,0,6
0,-4,-3,-19,-19,14,0,2,0,7,-8,-7
0,10,-1,12,-1,-7,0,2,0,7,0,5
0,3,-26,16,-1,-10,0,1,0,3,0,-5
0,15,-6,2,0,7,-6,-7,0,-7,0,-10
0,6,-6,-14,-1,-12,0,10,-5,-11,-5,-14
0,15,0,11,0,15,-26,18,0,13,0,-4
0,17,0,11,0,5,-1,6,0,5,0,-13
0,15,0,8,-1,-3,0,4,0,5,0,-10
-1,9,-4,8,0,8,-19,-4,-5,-8,-2,20
0,24,-8,3,-10,-4,-6,-2,0,14,-6,22
0,10,0,5,0,21,-6,-7,0,13,0,13
-1,25,0,0,-4,7,-7,24,-20,1,-1,28
-2,25,-2,29,-6,6,-8,-7,-4,28,-1,23
-3,20,-6,10,-15,19,-1,2,-4,28,-1,23
-3,12,0,-3,-9,11,-1,-1,-5,4,-1,20
0,1,0,24,-1,1,0,9,-9,-2,-1,17
-1,7,-1,30,0,25,0,14,0,18,0,17
-3,13,0,21,-1,2,0,10,0,14,0,16
0,0,0,21,-9,4,0,8,0,14,-1,18
-3,36,0,16,-1,1,0,15,0,19,0,17
0,-33,-5,-21,-2,-5,1,-22,1,-23,0,-18
-3,-2,1,-16,-15,-6,-11,-19,1,-27,1,-19
0,-27,1,-7,-15,-13,-17,-12,0,2,-2,-21
-2,-21,-9,-33,-18,-16,-1,-6,-5,2,1,-18
1,-26,-11,-2,-6,-22,-6,-10,-3,0,0,-16
-1,-16,-6,1,-3,-20,1,-26,1,-17,-2,-29
0,-16,1,-9,-2,-2,-1,-18,1,-18,-8,4
-1,-10,1,-11,-3,-19,-1,6,0,-18,1,-15
-1,-1,1,-22,-6,-28,1,-17,-5,5,1,-15
0,0,-2,-26,1,-12,-6,-9,0,-21,-8,4
0,-4,-1,-13,1,5,0,10,-5,-18,1,-15
0,-9,1,-24,1,-11,-2,-13,1,-15,1,-16
1,11,-2,12,-12,3,-1,-21,1,-17,-8,3
0,0,-7,-22,-4,-4,-4,1,1,-12,-6,5
1,0,1,-10,-1,-13,1,-22,1,-16,-8,-2
1,11,0,14,-1,-13,-4,-7,1,-18,1,-13
1,-3,1,-5,-3,-13,-3,-1,1,-15,1,-13
1,-3,-2,-10,-25,13,-4,-6,-2,-6,-9,16
0,1,0,1,0,-18,-1,-9,1,-14,1,-13
0,4,0,14,1,-17,0,14,1,-15,1,-13
-1,8,1,-5,-16,11,-1,-8,1,-16,-25,20
1,-3,1,21,-12,-7,-2,2,0,-14,0,-1
0,14,0,15,-24,10,-2,-1,-6,7,1,-11
1,0,0,15,-1,0,0,22,-1,17,-4,1
0,17,1,1,1,0,0,12,1,-11,1,-11
0,20,1,-4,-21,1,0,3,0,24,-5,-8
0,25,-1,6,-23,16,-6,4,-1,-10,0,2
-1,24,-1,3,-2,25,-3,-1,0,21,0,26
-1,6,1,-3,-1,23,0,26,-5,-4,0,26
-2,18,-5,1,-3,6,0,6,-6,-6,0,-3
-2,12,0,21,-1,14,-2,0,0,28,0,-6
-1,8,1,-1,-1,1,-2,-4,-5,-2,-1,25
1,-4,0,22,-1,15,-3,9,-2,26,0,29
-2,11,-6,14,-1,2,0,8,0,30,0,29
-3,26,-1,12,-3,-2,-6,9,0,21,-1,26
-2,12,0,23,-14,26,0,32,0,31,0,30
-3,27,0,25,-1,18,-3,10,0,31,0,28
-1,-27,1,-30,0,-26,-10,-35,-4,-34,0,-15
-3,-6,0,-27,-19,-18,-15,-5,-5,1,1,-8
-1,-30,0,-27,-20,-5,-19,-6,1,-5,-4,-34
-2,3,-11,-21,-15,-4,0,-5,1,-5,1,-7
-2,-16,-5,-29,-4,-4,0,-17,-2,-20,0,-12
-2,-9,-13,-23,0,-14,-5,-26,1,-14,0,-20
2,-23,1,-7,2,-25,0,-17,-9,0,-5,-3
2,-21,-2,7,-7,-25,0,-19,-5,5,1,-5
2,-19,-2,4,0,-4,-3,-19,1,-1,1,-5
-1,-6,1,-22,-1,6,0,-20,-1,-13,1,-5
0,9,1,-6,-4,-16,-2,-17,1,-14,-8,-9
1,-13,1,-24,-19,9,-2,-18,1,-15,0,-19
1,12,1,-2,-2,-6,-11,7,2,10,0,-19
0,-1,-2,-21,0,-16,-2,-23,-14,8,0,-23
1,-5,0,12,2,4,1,10,1,4,-1,13
0,5,0,-16,-2,-20,1,9,-8,5,1,-1
2,-9,0,10,-16,7,-3,3,-11,-12,-5,-5
1,11,1,-1,-15,3,0,-14,-2,7,-1,2
1,0,1,3,0,-14,0,-14,1,7,-8,-11
1,15,1,0,-2,-9,-5,-16,1,7,1,0
1,18,1,-12,-2,-14,0,-14,1,6,2,19
0,10,-1,-8,-2,8,-3,7,-7,4,-1,5
0,7,0,15,2,11,1,14,1,7,-1,1
1,0,1,-10,-2,11,-3,8,-7,11,1,2
0,18,-5,-4,2,12,-3,-5,1,8,-1,2
-1,11,0,-7,-13,21,-12,24,-6,-10,-5,12
-1,14,0,21,0,15,-3,-4,-6,21,1,3
-1,19,-6,25,-14,22,-4,14,1,10,1,2
-1,23,0,-5,-10,25,-10,1,1,10,1,2
2,-4,-1,27,-22,18,-5,19,1,-4,1,2
0,6,0,22,-2,19,1,21,0,29,1,2
-2,14,-1,9,2,17,1,21,1,11,1,2
-2,21,0,23,-1,-1,-1,32,0,28,-5,12
-2,14,-7,16,-4,-2,-1,32,1,12,-5,-3
-2,30,-1,4,-3,0,1,23,0,23,1,4
0,8,1,13,2,16,-6,33,-6,35,-1,8
1,5,-1,5,2,16,1,23,0,23,1,5
0,-35,-1,-11,-23,-9,0,-14,1,-15,2,-33
-2,-13,1,-9,0,-15,-8,-15,-8,-18,0,-27
-1,-21,0,-31,-3,-25,-5,-2,2,-20,2,-32
-1,-21,-1,-5,3,-20,-17,-6,-5,0,0,-27
0,-25,-2,4,3,-21,2,-10,-4,-29,0,-27
-2,-14,1,-9,-5,0,2,-10,2,-18,2,-30
2,-24,1,-11,3,-24,-5,0,1,-14,1,4
2,-28,-6,4,-5,1,3,-10,2,-21,1,4
-1,2,0,7,3,-27,3,-18,-5,6,1,4
2,-27,0,4,2,1,-7,-18,2,-22,1,2
-1,-3,1,-1,-11,-12,2,-6,2,-24,1,1
3,-21,-2,10,-10,3,0,-5,1,-11,0,-25
1,12,-7,-3,1,2,2,-6,2,-24,1,2
0,-4,-2,-20,-9,-15,0,-4,-4,-11,1,2
0,-2,1,2,-3,-14,0,-15,-5,13,1,2
1,-4,0,9,1,7,0,-16,1,-8,1,2
1,3,-3,16,2,6,-1,16,1,-10,1,2
1,-1,1,1,-11,8,2,-2,1,17,1,0
1,10,2,-5,-8,7,-9,6,1,16,-1,14
1,17,2,-15,2,18,-2,-9,1,-10,-1,10
1,0,1,17,2,7,-9,-2,1,17,-1,9
0,8,-1,12,1,14,-16,8,-4,2,-1,9
2,-3,-1,9,1,16,-18,19,-4,4,1,4
0,14,-7,11,-1,22,-19,18,-4,7,1,4
0,18,1,6,-2,20,-19,9,1,-8,-22,20
0,23,1,12,-3,-4,2,5,1,20,1,5
-1,14,1,1,3,-6,-9,1,1,19,1,5
-1,12,-1,9,1,24,2,6,1,-8,-22,21
-1,10,-1,8,-5,26,-9,4,1,20,-18,16
1,-7,-8,22,-3,-4,2,5,1,20,-17,17
0,5,1,0,-3,-2,-7,-6,1,20,-16,11
1,3,-1,10,3,-3,2,5,-4,17,-5,18
2,-2,1,17,1,30,-19,-4,1,20,-16,24
0,7,1,14,2,19,2,6,0,33,-14,3
-2,22,-9,16,2,31,-22,-1,0,31,1,12
-2,17,-1,7,2,20,2,4,1,21,1,12
1,3,-2,29,2,18,-23,33,0,32,1,12
-1,0,1,-11,-1,-12,-6,-35,2,-16,2,-26
-1,-34,1,-11,0,1,-6,-17,-3,-35,-13,-4
-1,-21,-10,-6,3,-2,-9,-4,-3,-32,2,-25
-1,-22,2,-31,-19,-4,-1,-29,-3,-19,2,-25
0,-28,1,1,-17,-32,-4,3,-2,-26,2,-25
0,-24,1,1,4,-11,-9,-3,1,0,2,-27
0,-21,-2,5,1,-9,-6,-6,-8,-17,2,-27
-2,-9,-4,-8,3,2,-9,-3,-3,-13,2,-27
0,-27,-2,-23,-21,-28,-10,1,-2,-17,2,-27
2,-26,-2,-23,-3,-10,-4,9,-21,-25,1,9
0,9,-8,-2,-3,-10,-3,-13,2,-7,1,8
3,-21,-3,8,-3,-11,3,-22,-13,2,-12,-19
3,-16,-3,-18,3,6,3,-22,-2,-9,1,9
0,6,-3,-18,-3,-10,-3,-7,2,-5,1,9
4,-20,-3,-22,-1,-9,3,-21,2,-5,1,9
1,12,1,-1,-10,7,-6,10,2,-6,1,9
1,-4,1,-18,-6,-19,3,-20,-12,0,1,8
1,10,1,10,-2,17,-3,-2,2,-7,1,8
1,17,-1,5,-3,-10,-3,2,2,-7,1,8
2,-6,-9,1,3,7,-4,14,-12,13,-12,0
3,-7,1,12,3,-4,2,20,2,-7,-12,2
0,5,-8,-11,-3,-13,2,19,-10,-6,1,10
2,-4,-6,1,-2,18,2,19,-10,-1,-5,5
0,13,-6,3,-2,-8,-3,-9,-10,2,-12,17
0,19,-4,3,1,10,-9,3,2,-4,1,12
0,4,-4,20,3,6,-3,-3,2,-5,-11,6
1,-10,-3,-9,-2,-4,-3,-1,2,-5,1,13
0,25,-3,-7,-1,-8,2,23,2,-6,1,13
-1,15,-3,2,-3,14,-3,23,2,-6,1,10
2,-1,-1,12,-2,-7,2,24,-10,10,1,10
2,-4,-1,9,-1,-1,-3,29,1,29,1,10
1,1,-3,10,-1,1,-10,5,1,29,1,7
-1,11,-1,8,0,24,2,26,-2,12,-10,27
-2,16,0,32,-1,8,2,26,-10,29,-9,27
-1,14,-7,17,-1,10,-9,10,-2,18,-8,25
-2,17,-3,20,1,26,-3,35,-9,26,-5,15
-1,35,1,27,-6,17,-2,0,1,29,-7,14
-1,-22,-3,0,-1,-20,3,-10,-5,-26,2,-25
0,-31,2,-9,2,-10,3,-10,2,-7,2,-25
-2,-14,2,-11,1,-28,-2,-22,-5,-7,2,-27
-1,2,-14,-3,-8,-18,-2,-6,-5,-4,-9,-17
-2,-1,-13,-17,-4,-26,-4,2,-16,-21,-17,4
-1,-15,1,2,2,-18,-2,-12,2,-4,-5,-11
-1,0,-2,0,1,-21,-2,-9,-3,0,2,-26
0,-27,-3,4,-1,-17,-11,-6,0,0,-4,-25
-1,-11,2,-6,-3,8,-8,-19,-2,3,-4,-20
0,-15,-2,4,1,-15,-2,3,-1,-5,2,-24
2,-24,-9,-12,-1,-9,3,-2,2,0,-4,-13
0,7,2,-4,-1,-7,3,-2,-1,-2,2,-24
-7,9,1,7,-3,8,3,-2,2,1,-3,7
2,-15,1,7,-1,-12,-2,10,2,-2,-3,10
2,-19,-8,-20,-4,-20,-9,5,-14,-3,-18,-10
-9,-12,-21,-4,-12,-11,-3,2,-12,-16,-16,7
-4,-19,-21,9,0,6,-14,-4,-8,10,-5,-6
-2,-14,-16,17,-4,10,-3,-6,-6,16,-19,2
0,3,-10,-1,-18,2,1,-2,-7,6,-3,16
0,2,-1,-17,-1,2,-10,10,2,3,1,19
3,-9,2,1,-11,16,3,5,2,3,1,19
1,-1,0,-4,2,-3,3,5,2,3,1,19
1,-14,-1,-12,2,-8,-2,20,2,3,1,19
3,-8,2,3,1,1,-1,-6,2,3,1,18
3,-8,0,-2,-1,8,3,7,-1,18,1,18
0,19,2,1,1,8,3,7,-3,21,1,18
0,21,-1,-4,-1,11,3,7,2,5,1,18
2,-4,0,0,1,23,-1,3,2,1,1,17
1,2,0,-1,1,22,3,8,-1,23,1,15
-1,16,-1,12,-2,2,3,7,2,2,1,14
1,2,5,23,-2,-1,3,5,-2,-1,1,14
-1,26,-19,23,0,26,-12,22,-2,3,-3,30
-1,28,-1,3,-1,18,-12,16,-2,5,1,12
-1,-2,-11,13,4,26,3,-2,2,5,1,10
0,8,-10,13,-12,26,-1,1,2,5,1,10
-1,1,2,7,0,19,-1,3,2,5,-5,35
0,9,-17,9,4,16,-1,10,2,4,1,11
-1,-12,-3,-5,-1,-35,4,-36,-1,-26,-1,-34
-1,-34,2,-28,-6,-33,0,-22,3,-32,2,-25
0,2,3,-30,-14,-3,0,-20,2,-3,2,-26
-1,-33,2,1,2,-17,0,-18,2,-3,2,-27
0,-22,2,-28,-4,-17,3,2,-1,-21,2,-27
0,-18,2,-31,-4,-31,3,2,2,-2,-1,-28
0,-19,1,3,-5,-7,3,2,2,-2,2,-26
1,-22,2,0,-20,-14,3,2,2,-2,2,-26
-1,-5,2,-2,-1,-1,0,-12,-1,-15,2,-26
1,-19,-3,-6,-1,-24,3,3,2,-2,1,8
0,-11,-4,-14,6,-23,3,2,2,-2,1,8
0,-1,1,7,1,5,0,-8,2,-2,1,8
0,-24,1,7,2,2,0,-6,2,-2,-1,-20
-1,-9,-12,10,-11,-4,-20,-17,-14,-22,-5,5
-13,-16,-5,4,1,6,-4,10,-18,-8,-11,11
-20,3,-20,-8,-12,-20,-15,2,-8,-7,-1,-16
-7,-14,-10,-3,-4,-17,-5,8,2,0,1,11
1,8,-5,-15,-13,-17,0,6,-15,-12,-13,-4
-20,-15,-12,8,-16,-4,-16,-2,-19,-10,-5,14
1,-11,-15,17,-6,-12,-18,-14,-3,11,-15,19
0,6,1,4,-1,-5,0,4,2,5,1,14
1,19,0,-3,1,8,3,12,-1,4,1,9
1,0,2,10,2,19,0,7,2,4,1,9
2,-11,0,7,1,22,3,13,2,4,-1,-5
2,-9,-10,18,2,15,3,13,2,4,1,10
2,-5,-10,24,3,-4,0,11,2,4,1,10
2,-5,-5,22,0,5,0,20,2,3,1,10
1,-6,-4,26,0,21,0,23,2,2,1,10
0,25,0,14,0,23,0,26,2,0,1,10
0,27,-10,-2,3,-2,3,17,-1,23,1,9
-1,12,-11,21,3,2,0,29,2,1,-1,3
0,-2,0,18,0,18,0,31,2,0,1,10
-1,13,0,26,0,30,3,19,0,28,-4,12
1,2,-16,9,3,6,1,-2,1,9,-1,7
-1,17,0,29,2,18,0,17,-1,31,1,11
-1,21,1,4,2,20,1,9,2,3,1,10
-1,21,1,4,5,15,3,21,-1,35,1,10
-6,-3,5,-4,-6,-1,-12,-23,-3,-33,-4,-15
-1,-2,3,-18,-19,-30,-2,-8,-10,-6,2,-27
-2,-1,-13,1,-7,-14,-7,-1,-8,-5,-4,-8
-5,-23,-18,-5,-8,-24,-10,2,-13,-2,-5,1
-5,-23,-14,3,-2,-10,-19,-21,-18,1,-3,-27
2,-6,-13,-27,-7,-10,-11,5,2,-18,-16,-24
0,-26,-3,-16,-7,-23,-16,-22,-8,-13,-13,4
-1,5,-14,-22,-10,-21,-4,3,-17,-24,-5,-28
-6,-18,-18,-6,-12,-17,-6,-21,-13,-15,-10,-5
-1,-25,-11,-25,-1,-21,-1,-7,-6,6,-8,-6
-10,-23,-11,-21,-1,-16,-6,-15,2,-12,1,4
-11,-22,-17,-4,-5,-18,-8,10,-15,-23,-1,-23
-14,-9,2,-16,-15,-8,-9,-7,-8,12,4,5
-3,-8,-7,10,-1,-6,-5,-20,-12,-12,-5,-21
-18,11,-17,5,-15,-21,-3,-20,-2,-21,-4,1
-7,6,-4,-10,-19,3,-18,4,-17,-13,-7,-9
-8,6,-11,4,-8,-3,-3,-10,-14,15,-17,-16
-10,13,-9,-13,-17,14,-15,-9,-18,-2,-16,-1
-14,-14,-13,-9,-2,14,-18,-5,-16,11,-2,3
-1,-1,-16,-17,1,12,2,9,-16,-4,1,-8
-11,-4,-13,16,-11,-3,-9,-7,-9,18,-16,13
-4,-7,-19,-5,-1,-10,-9,0,-16,17,-18,-2
-19,-7,6,-14,-6,-11,-9,-4,-14,-8,-10,21
-3,-10,-13,11,-4,-9,-9,-2,-16,5,1,15
-1,12,-12,11,-1,1,-4,-1,-10,-5,-19,-7
-1,2,-3,21,-1,0,-9,7,-4,18,-5,1
-12,-2,-2,2,-1,4,-9,-2,-15,11,-4,9
-4,25,-10,25,-6,-8,-1,6,-9,2,-3,3
-19,-6,-4,-2,-1,1,-13,-3,-4,13,-2,6
-1,-3,-9,16,-1,17,-5,-2,-12,10,-17,-5
-4,26,-16,25,-1,2,-17,10,-2,11,-17,7
-1,7,1,27,-1,7,-17,10,-3,12,-6,-4
-11,-3,-16,25,2,23,-3,1,-11,32,-17,11
-8,6,-18,3,-15,12,-7,19,-10,12,-9,33
0,30,0,5,-16,26,-15,-1,-7,34,-16,7
0,12,-2,5,-5,2,-10,9,-15,24,-11,20
1,8,-1,2,-17,17,-14,3,-13,34,-11,20
-12,-20,1,-27,-2,-23,-4,-14,2,-35,0,-31
-11,-31,-3,-35,-1,-28,-15,-4,4,-16,-10,-22
-3,-28,-3,-17,-11,-25,-7,-19,-12,-5,-1,-19
-11,-28,1,1,0,-5,-8,-26,-13,1,2,-6
-3,-22,4,-19,5,-32,-8,1,0,-20,3,-25
-3,-28,-1,-7,-5,-22,-1,-18,-9,2,0,-20
-9,-20,-10,-9,-13,0,-2,0,-17,-19,-4,3
-13,-15,-13,-7,-11,-24,-16,-16,-13,-12,-16,3
-1,-15,-15,-17,-11,-5,-6,-19,-18,-11,2,-27
-11,-15,-18,-7,-5,-25,-12,-6,-7,-12,1,-16
-1,-7,3,-24,-2,-6,-9,6,-11,-4,1,-13
-5,-6,-1,-25,-7,-1,-9,-4,-10,-5,-18,-21
-1,-17,-14,-14,4,-2,-3,-3,-5,11,-11,-8
-5,1,-4,-17,-18,10,-6,-22,-17,-4,-7,11
-6,6,0,-8,-10,-16,-9,2,-12,-20,-5,7
-18,10,-17,-17,-7,13,3,7,-18,9,-18,-9
-17,-8,7,-9,4,-17,-10,-6,-18,-20,-10,-17
-14,-16,-9,-12,-17,7,-10,-11,-11,-7,-10,17
-7,6,-5,-7,2,8,-13,-6,-18,-4,-6,-14
-4,15,-6,-2,-3,-2,-7,-12,-17,-16,-17,1
-2,-7,-1,9,-18,4,-4,1,-2,7,-1,-14
-2,20,-13,3,-13,7,-5,5,-10,20,-1,-3
0,-6,-15,22,-4,4,-11,20,-8,-5,-3,-14
-4,-2,-5,-8,-1,18,-8,0,0,-8,-5,-9
-11,3,-5,-3,-8,-11,2,17,-16,14,1,9
-13,2,-1,25,-3,10,-7,3,4,-8,0,-3
-18,4,-6,26,-18,0,-5,11,-13,22,3,-4
-1,8,-13,18,-13,-7,-7,7,-14,0,1,10
-1,0,-3,10,-10,20,-7,4,-4,-8,-14,13
-15,8,3,10,-12,23,-10,-3,-9,14,-8,4
-5,8,-5,10,-15,28,-8,20,-12,13,-2,13
-4,9,3,-5,-2,16,-3,7,-9,25,-5,19
-18,8,-5,16,4,0,-10,-2,-16,6,3,1
-6,30,-10,6,0,-3,4,15,-6,-3,-17,30
-9,11,1,21,-3,12,-13,-2,-16,32,-16,15
-2,-1,-4,1,-17,29,5,17,-2,21,-9,26
-3,2,-8,15,-5,13,-12,31,-7,28,-11,10
-4,-34,3,-2,-4,-11,-11,-11,4,0,-17,-19
1,-3,-11,-28,-16,-23,-10,-32,-13,-29,-4,-13
2,-18,-7,-5,-11,-14,-3,-34,-4,-33,-2,-18
3,-21,0,-15,-8,-20,-13,-13,-4,-10,-6,-33
2,-30,5,-21,-5,-17,5,-31,-10,-29,-2,2
0,0,-10,-10,-17,-22,-16,-22,-12,-15,1,-2
-7,-27,4,-2,-2,-30,-9,-27,-17,4,-8,-12
-6,-22,-1,-9,-5,-5,-8,5,4,6,-14,-19
-9,-18,-13,-2,2,-2,-5,8,-9,-17,-3,-18
-8,-21,-2,-12,-7,-4,2,-21,-1,-16,-3,-4
0,-11,-16,-8,-14,-21,6,-10,0,-20,-4,-3
-13,-9,5,-3,-7,0,-1,-2,3,-25,-6,10
0,-3,-13,5,-13,-2,-4,11,-5,-19,-12,-22
-17,-23,-17,-22,-3,-14,-2,-1,-4,-5,-9,-19
-5,-22,-17,-11,-6,-7,0,2,-16,-12,-12,-10
-6,13,-11,2,-4,-14,-4,3,0,-17,-7,4
-10,-9,-4,12,-15,-14,-12,16,-15,5,-10,-6
-2,-14,0,-9,-2,-17,-12,1,3,8,-5,14
-14,-15,-17,-2,4,-11,2,-8,0,-18,-10,6
-17,-6,-7,-6,-5,-8,-2,13,-1,-2,-15,19
-4,18,0,11,-13,12,-16,15,0,-4,-7,-1
-4,-14,-9,-2,-8,18,-2,0,-13,12,5,-1
-16,-10,-17,0,-16,20,-17,10,4,20,2,0
-9,1,-1,-4,-9,7,-15,-9,-5,14,-6,20
-10,1,-6,19,4,3,-5,9,-15,17,2,-5
-8,-9,-16,21,-8,4,-12,-7,-4,13,-2,22
-1,-6,1,20,-1,22,-4,-5,0,25,-6,6
1,0,-3,3,-15,10,-12,7,-11,3,-12,1
1,21,-9,22,-16,8,0,24,1,20,4,-4
-1,0,-7,0,-3,19,-2,17,-15,0,-14,23
-15,0,3,21,3,27,-5,14,-4,23,2,14
-3,7,-2,22,6,-3,-10,30,8,2,2,13
-5,12,-14,16,8,4,4,1,-16,28,-1,6
-7,-1,-7,16,-15,11,6,12,-15,30,-12,28
-4,9,-6,24,-17,11,-2,3,-13,18,-1,27
3,28,-8,29,-9,13,3,25,-9,8,-8,20
-5,11,-11,19,6,26,4,16,-13,30,-16,25
5,-3,6,-15,3,0,6,-7,-1,-12,3,-14
6,-24,4,-2,-8,-3,5,-18,4,-30,3,-5
5,-14,-3,-21,-14,-22,0,-12,4,0,-6,1
5,-33,-5,-1,-9,-7,-12,-11,7,-21,1,-27
4,-11,-15,-22,5,-16,-11,-23,-11,-27,-15,-8
2,-11,-14,3,1,-8,2,-5,-7,-19,-3,-16
-15,-27,-9,-30,0,0,5,-19,-3,2,-9,-25
-1,-16,-4,-16,-4,6,-1,-12,1,-26,-4,-2
-9,-28,3,-9,-6,-1,-2,1,-3,-16,-6,-19
-3,-24,1,-7,-6,-22,7,2,-7,-4,-5,-9
-5,-7,-12,-5,4,9,-5,-6,-1,-19,3,-9
-2,-19,1,-16,-7,-14,-13,-6,4,-18,-4,-16
-5,-8,0,10,-6,4,-12,-13,5,-23,-10,7
-14,-1,-5,-16,-11,-16,-2,3,-13,10,-14,3
-16,-14,-15,-13,-7,1,-14,11,2,-8,-8,-21
-6,-17,6,-11,1,-4,2,-16,6,-7,1,-11
-2,-1,-12,-16,-4,11,-6,14,-7,6,2,-2
-6,-3,-13,4,-4,-19,-3,-9,-4,-13,-12,1
-13,4,-1,17,-14,-15,-14,17,-5,2,-10,7
-11,-8,-15,16,5,-9,-8,9,-5,10,-13,-12
-4,-4,-1,-2,-14,18,-2,9,5,-6,6,-7
1,1,1,-8,-2,-1,1,3,2,-2,-10,-7
-10,-4,-3,1,-12,-11,-1,-8,-15,-2,-7,14
-15,2,-5,23,0,20,-2,15,-12,21,-6,-10
5,16,-8,-4,-5,4,6,18,-7,-11,-15,-7
2,10,3,0,-1,-4,-9,-7,-1,4,-6,5
1,-10,-6,26,-16,-8,-7,-4,1,11,-11,25
2,-9,9,-1,-13,5,-11,6,-5,2,-2,6
-1,-8,8,-8,-6,3,-15,-3,-1,0,2,13
1,23,1,4,-5,-4,-5,2,-3,29,1,16
-5,5,3,-2,-6,1,-13,8,4,3,-6,15
-2,29,-12,10,-6,7,-6,19,-11,13,0,-3
0,-3,2,6,-15,-1,-6,0,6,5,-14,18
1,-1,-14,16,-13,10,-16,32,-5,2,2,25
2,-1,-7,1,-9,20,-11,16,-4,29,-15,17
1,35,6,19,-3,17,-11,5,-16,23,-7,19
2,19,1,13,-3,20,-15,32,-3,13,6,7
5,-27,1,-7,-15,-10,0,-36,-14,-9,-5,-7
4,-32,-15,1,-13,-7,-3,-16,-15,-23,-6,-5
4,-4,-9,-18,-10,-23,-5,-32,-4,-8,-11,-24
-6,-21,-5,-9,-15,-29,-8,-28,-5,-33,-14,-11
3,-14,3,-24,-8,-31,-12,-26,-14,-17,-12,-7
-7,-23,-15,-13,7,0,-6,-17,-7,-23,-7,4
-15,-17,0,-21,-4,-11,2,-16,-3,4,0,-1
1,-15,0,-22,-8,-8,-5,3,3,-8,6,-26
-3,-10,2,-11,-3,-20,4,-28,-7,4,-4,-27
1,-7,-9,3,4,-7,8,-13,8,-27,7,-26
-3,-9,-13,5,-5,-4,-2,-12,1,-25,-8,-25
-10,-13,-15,-1,4,8,-1,-17,-15,0,-8,10
-2,-3,-8,8,-10,-20,-3,6,4,4,4,-18
-7,-23,-9,-15,-9,-8,-4,-17,-4,0,-8,13
-14,-12,-10,9,4,-4,2,13,2,-8,-10,8
-13,-18,11,-12,-4,-17,0,6,-9,0,-12,6
-5,5,0,1,0,12,1,-12,-3,9,-6,12
-13,-7,-4,9,-7,-1,-10,-14,-13,17,-12,-17
-8,7,-14,-5,-3,-1,-5,-12,-9,2,-11,16
-6,-12,2,-2,8,-1,-5,12,3,-17,-10,1
3,9,-1,5,8,13,-15,3,-2,15,-6,-13
-7,10,5,6,8,-11,-4,-15,-11,20,-1,13
-12,0,-4,10,11,-6,6,-11,0,-12,-4,14
-14,-4,7,-1,10,1,-14,17,3,16,-2,-10
3,-9,-3,22,-8,-9,6,3,-2,-1,5,17
4,-3,9,-2,8,21,-6,17,-11,1,0,-10
-1,-2,4,2,-12,-3,1,19,2,23,-7,-3
-1,-7,-4,9,-1,16,6,-7,-6,13,3,1
4,27,-13,25,-4,23,5,19,-1,9,-12,12
2,28,-1,2,-6,25,-7,24,0,21,1,16
-4,2,-9,21,-3,13,5,0,2,19,-15,-6
3,30,4,21,-1,14,7,27,0,9,6,-5
4,7,-1,-4,4,8,7,30,0,12,-11,14
-1,-3,-5,29,-1,12,-7,27,1,15,2,29
5,5,-12,24,-7,32,6,10,-1,0,3,-2
5,5,-3,20,4,23,6,17,5,9,2,4
4,36,-8,17,-11,2,-8,20,4,7,2,18
1,-35,6,-19,-5,-12,-9,-14,0,-13,-6,-7
4,-13,-2,-19,-3,-33,-14,-30,-10,-7,0,-27
-9,-18,4,-18,-12,-29,1,-1,-11,-17,2,-21
-6,-18,-13,-19,-3,-20,-5,-25,-12,-22,5,0
4,-26,6,-29,-11,0,-7,-23,-14,-27,-11,-10
-6,-24,4,4,10,5,-1,-30,-6,-12,-3,-17
-8,-16,3,-4,-10,0,-10,3,-3,-20,-2,-17
-8,-20,-10,-1,-8,-1,1,6,-5,-29,-10,-15
-1,-8,0,0,-4,-2,2,0,6,0,-6,-1
0,-7,2,0,-2,-11,-11,-14,0,-11,1,-7
-3,-9,-14,9,-11,-16,-7,5,9,-15,2,-18
-7,-18,-1,10,-9,6,4,8,-7,-16,-3,-22
2,-13,-13,-7,11,-14,3,9,0,-4,-7,-21
4,-8,-12,-19,-11,2,-11,-14,3,3,1,13
-14,14,-9,-6,-10,-14,9,-11,-7,1,-10,-14
-3,0,-13,-6,-13,12,-1,-3,-7,13,-7,6
-6,4,3,3,-6,-5,-11,13,-1,0,4,12
-10,-6,-1,-2,-12,-1,-3,3,-6,-3,-2,2
-7,-8,-2,0,-8,-2,-14,-9,1,-5,1,-15
2,1,3,18,-4,2,-3,12,1,-17,-9,10
2,3,-7,-10,5,-1,7,3,-8,6,-10,-14
3,3,7,-9,-2,-5,-8,-1,-6,-5,-1,16
-13,22,2,5,1,13,7,18,2,11,1,16
0,2,-13,8,-8,-1,-6,-2,6,13,0,-13
-3,-2,-2,14,2,-1,-12,16,-2,-1,4,2
5,1,11,1,-13,17,0,2,7,22,-14,17
4,21,5,3,-7,19,-12,16,-6,17,3,18
5,-3,11,1,-10,10,5,16,-5,22,-12,-9
-2,0,-8,7,0,-8,3,-6,-7,21,-3,11
3,25,1,23,-1,7,-9,23,-10,25,6,28
3,28,-10,2,-3,24,5,9,-4,30,-8,12
5,29,-3,-4,-5,-3,9,5,-13,31,0,19
5,3,-10,26,3,-3,-2,21,3,32,-8,25
5,7,-10,32,10,-1,3,14,0,7,1,7
6,2,-5,18,7,15,7,18,6,10,0,14
5,14,-8,4,11,5,-6,20,-4,9,2,32
6,5,6,13,-10,0,7,33,-14,32,3,9
-6,-33,6,-12,4,-18,-11,-5,-10,-25,-8,-28
5,-25,-4,-34,-13,-13,-1,-3,0,-32,-7,-21
-8,-23,-4,2,-5,-24,0,-28,10,-29,0,-14
-12,-19,-3,-30,-6,-21,5,-27,-8,-3,-9,-32
-7,-21,-8,-26,1,-8,5,-23,-3,-29,0,2
-5,-25,-1,-25,12,-18,4,-24,-6,-11,-7,-21
5,-16,-8,-19,-5,5,0,-13,-7,2,-11,-20
-8,-24,-9,-29,-6,-5,2,-16,2,-20,-5,-5
2,-17,-1,-9,-2,-22,-5,-28,0,-22,-10,6
0,-10,4,-11,2,4,-11,-4,5,-21,-8,7
-10,-10,13,9,-9,10,3,-11,4,-8,-9,4
-7,11,-4,-10,5,-10,6,-2,1,-21,-6,-13
-3,-16,0,1,-13,-24,-2,-16,3,-12,8,1
-10,-16,4,7,-10,-17,9,12,-12,-7,5,-1
-8,-21,-8,2,-9,5,-4,-9,0,-3,-6,-14
-12,-13,-1,6,-6,-5,9,-10,-10,-1,-8,4
1,-4,-5,-1,-1,-8,-7,-14,-1,-16,9,-5
5,7,4,10,-11,16,2,-3,-12,2,-12,-18
-10,3,-13,10,3,4,-5,-17,-6,-14,-5,1
-7,-14,-3,3,-11,-10,-12,11,6,9,7,17
-9,-5,2,0,-7,-13,10,-8,-1,-13,-11,18
2,6,-11,2,9,19,10,-11,-10,11,-3,4
-9,-6,-1,-12,0,9,-1,-8,-8,6,7,19
-7,4,-12,10,-6,17,-13,-12,-4,1,-13,-6
4,-8,-13,22,5,4,-8,7,-8,21,-2,-5
0,-3,-13,4,-10,19,-2,-8,0,-4,-5,12
6,23,10,9,1,6,2,-8,9,-4,-1,0
1,-8,2,14,1,14,-5,0,-9,1,-1,9
0,1,-1,-1,-2,3,4,4,-6,2,-1,-6
-6,10,-3,15,-4,2,8,18,-10,5,-3,19
1,1,-7,20,-9,29,13,-2,-11,26,-11,18
4,-2,-6,-2,1,29,3,30,-7,11,-4,21
6,5,-6,30,11,-1,8,-4,-3,31,7,22
-1,7,-11,11,-3,17,4,-2,8,29,-4,31
5,34,-3,6,-5,2,-7,11,2,3,-12,19
5,29,3,2,3,4,-13,14,-8,22,-2,4
-4,11,-5,7,5,23,1,7,7,25,5,7
3,-5,-3,-4,-11,-30,4,-33,-6,-31,-11,-25
-6,-11,-5,-19,2,-3,-11,-21,-11,-31,-11,-28
-1,-33,6,-31,3,-10,-3,-30,-2,-1,3,-19
-1,-13,-10,-4,6,0,1,0,-7,-8,7,-9
-2,-14,-10,-27,-10,-16,-3,-20,-11,-9,3,-5
0,-18,-2,-27,-8,3,5,-8,-4,-25,6,-30
-6,-18,-4,2,-1,-22,-12,-22,6,-19,4,-9
-8,-27,0,-24,-1,-6,-10,-4,-6,-19,1,-3
-2,-11,-9,-13,-7,-19,-9,-11,-5,-21,-3,-17
-10,-26,-7,-24,-5,4,5,-7,1,1,-9,-8
-12,-25,3,2,1,-4,4,0,-4,-12,-12,0
-1,0,4,-12,11,-15,-9,-25,-4,-8,6,-19
-12,-5,3,1,5,-24,-4,-18,5,-14,-11,12
2,-1,-10,-14,7,9,5,-23,3,4,-6,-7
3,13,-4,14,-8,-15,-10,-21,-11,-19,-7,-5
-5,-19,5,11,4,-14,-8,4,-11,14,0,9
0,-13,2,-7,-12,-14,8,13,-12,-18,2,-2
5,9,-2,14,1,-15,8,-8,-6,17,-11,-11
1,5,-5,11,12,17,-4,14,1,-1,-10,12
-8,7,7,19,4,-15,5,19,3,8,0,-16
-6,-11,0,7,5,3,14,-9,-8,8,1,20
-4,2,-12,-11,2,7,3,19,-8,-2,-8,2
-6,-1,1,-7,2,-1,0,12,8,15,-4,-4
-11,-8,5,-8,-12,-6,-11,10,1,21,-5,-13
-7,21,-8,12,8,15,8,12,3,-6,-3,-2
6,-6,2,-8,1,19,-5,13,-4,-10,4,15
6,13,-6,24,4,16,1,-7,-7,-1,-8,6
0,5,4,2,2,-3,2,-3,-9,12,1,-2
-4,3,-10,-7,-4,-3,14,-7,6,14,-2,-7
3,9,-6,5,6,-6,7,17,-5,-5,-9,29
-12,9,-1,28,7,1,14,0,-5,10,-11,0
-3,11,1,25,-10,26,-10,13,2,29,-7,1
0,11,1,2,-6,22,5,25,-3,0,-9,20
-6,5,9,22,-6,1,-1,31,2,19,8,22
7,27,6,27,-5,13,-6,2,-11,12,0,3
4,1,-8,16,-11,8,-1,16,-12,2,5,29
-11,2,7,29,-6,2,-10,9,-3,36,0,34
-2,-28,-8,-8,-8,-21,-9,-6,5,-36,-1,-8
-6,-27,1,-3,-1,-25,-10,-14,-9,-20,-1,-22
-9,-27,0,-12,-1,-25,-8,-2,5,-32,13,2
-8,2,-5,-2,-1,-25,-1,3,-8,-23,0,-25
-8,-28,-8,-24,-8,-21,5,-18,7,-13,-9,-31
9,-6,-3,-2,-2,4,4,5,6,-16,-10,-8
6,-3,0,0,0,5,-4,-19,1,-14,2,-11
1,-28,1,-25,-11,0,-10,-25,-1,-24,-1,3
-3,-19,8,-12,-5,-17,-6,-7,-2,-4,2,-7
-1,-13,-1,-2,4,-21,-7,-3,-8,0,-2,-15
3,-13,-6,7,13,6,-4,-12,10,0,3,0
-3,-5,-7,9,-10,6,1,-21,-1,-4,5,-1
-6,-6,5,-7,12,6,-11,-22,-10,0,3,-15
5,5,0,-7,-10,0,-4,4,-5,-9,4,-12
-3,-9,5,-17,-6,13,-1,9,-7,-14,0,-20
-3,-5,2,-17,3,-20,-11,-18,-3,-9,-6,12
-2,-6,-4,-18,14,14,-6,-12,-11,9,-11,-4
-9,-2,7,13,13,8,5,-6,4,-7,7,8
5,4,15,-18,-6,10,10,16,10,-7,6,6
2,19,3,-16,8,14,15,-9,11,-15,9,4
-11,14,-4,-15,6,12,-10,6,-11,17,-7,-5
-4,1,-4,-6,12,-4,1,-1,-11,-8,-7,10
-10,-8,0,-10,1,-9,4,-6,6,2,-11,16
7,-6,6,9,0,-1,-2,12,0,17,-5,4
1,8,-3,-1,-8,4,3,9,2,9,2,-10
6,-1,-2,-9,-9,12,5,22,3,24,-1,9
7,1,2,-9,-6,4,0,26,0,-9,-5,-6
-11,17,-8,9,-7,-3,7,-1,-9,7,-10,1
-5,-1,-2,-8,7,14,-11,26,0,-5,7,18
-7,-2,-5,-5,-1,8,-2,4,0,17,-6,12
-7,6,-3,22,-5,4,-10,-3,-5,20,-1,1
-1,2,0,-2,3,25,-6,2,10,20,1,3
-9,6,-10,-3,5,25,-6,13,-3,19,3,-1
-2,22,-8,13,-5,33,-8,-1,-7,2,-4,23
-7,4,0,31,9,23,-10,9,7,2,-3,32
5,4,3,10,7,17,-7,11,6,29,2,10
-7,25,-11,2,-11,12,7,3,3,26,4,5
6,-4,-1,-10,7,-23,5,-7,-3,-1,-7,-15
7,-23,-2,-31,-4,-30,-2,-23,2,-14,-1,-27
5,-1,3,-3,3,-18,-10,-24,1,-2,7,-33
5,-26,-7,-21,8,-14,5,-7,-7,-8,-6,-4
-1,-23,-4,-18,16,-25,-8,-25,-5,-20,-2,-10
-6,-17,5,-21,7,-7,-8,-10,-1,-22,0,-7
1,-12,-1,1,-3,-23,8,-13,-1,-12,-4,-18
7,-9,1,-19,5,-26,-8,-17,2,-17,1,-3
-9,-15,-5,2,8,-1,2,-17,0,4,1,-3
3,-27,-3,-3,-4,-27,-7,-4,-8,-5,6,-18
-6,9,-6,-10,-4,-17,-2,-8,-4,-3,7,-19
-8,8,-1,-3,-2,-22,13,-22,9,-2,3,-20
-9,-6,12,-19,-8,-4,6,-5,10,-10,5,-12
-6,-19,-4,-20,7,-15,-2,-16,0,1,7,6
6,11,-3,9,5,0,7,3,-5,-19,-10,-1
-1,-17,0,-11,4,15,-3,-11,-3,11,-7,-7
5,-1,0,-18,6,15,-4,-17,7,12,-1,-19
-2,2,6,-15,11,-19,-4,9,10,-2,13,0
-3,8,16,-1,11,-4,6,-2,12,-17,-7,8
-6,14,-10,10,3,14,-4,2,1,-8,-6,10
-3,3,8,1,10,-14,2,15,2,12,10,4
-8,-10,-1,-11,4,-3,4,-5,4,-6,-9,1
-7,-1,-1,9,6,17,-1,22,7,-3,1,-3
-9,22,1,10,8,7,-7,16,1,9,-1,9
6,19,4,2,-9,24,7,-4,-4,5,-3,11
6,10,7,3,8,10,5,-10,-6,6,-4,-4
3,5,-6,1,7,10,15,19,-10,0,8,14
-9,-2,-9,27,7,25,10,19,-10,-5,-10,25
2,11,7,-7,-9,3,-7,12,0,4,4,11
6,27,-10,2,5,22,-3,5,-1,-1,8,9
9,19,-7,28,5,4,5,25,10,12,4,-1
0,5,-7,9,-8,31,-8,24,4,2,-10,1
-2,0,-9,3,-1,21,-6,22,-6,3,-2,4
-8,8,-5,-3,5,-2,1,7,-7,-1,-7,14
-7,0,-8,4,0,14,-6,27,-7,12,-3,27
-5,22,4,19,0,1,-6,3,0,6,-1,8
0,12,-3,14,-1,36,-4,1,-10,18,-8,20
6,-16,12,-2,-4,-13,2,-3,-6,-29,12,-10
-3,-20,-5,-3,7,-11,-4,-24,-4,-11,3,-9
2,-22,-7,-4,7,-30,8,-24,-6,-11,2,-30
0,-16,-8,-31,0,-19,1,-11,9,-7,-9,-2
3,-30,4,-18,0,-1,-3,-16,12,-1,5,-11
-3,-27,-2,-19,2,-5,-7,5,6,2,-5,-7
-8,-14,9,-6,3,3,2,-7,-7,-9,15,5
0,5,5,-14,9,-27,-2,-23,2,-22,-5,6
-5,-18,9,-24,12,-24,-9,2,4,-28,1,-14
1,-3,-5,-22,-3,-3,-3,-10,-9,4,-3,1
5,4,-4,-6,-3,-7,-9,-14,2,9,-9,9
7,-1,5,-8,-5,-21,-8,-25,1,2,-9,0
4,6,-9,-3,12,-21,-2,-7,6,-5,2,6
3,0,10,2,-5,8,-9,-10,6,11,-4,-20
0,-21,5,7,7,-14,1,-1,-2,2,2,-2
6,-12,0,-7,1,-18,7,-10,0,-18,6,-13
0,16,6,-15,-8,-10,-2,8,-3,-20,-5,2
7,7,-1,-3,15,-19,17,15,-2,8,7,13
-9,0,10,0,12,-9,14,-16,1,10,7,10
-5,13,-7,1,16,2,-9,10,-1,5,4,-9
-8,8,-7,8,16,4,17,17,14,-15,12,20
-4,-12,-4,-13,12,-5,3,2,9,-13,3,0
-1,9,-8,11,2,-13,-4,0,7,16,-9,9
-7,12,8,-9,-6,4,8,17,-2,-5,-4,1
3,9,-2,7,6,16,16,-6,-3,-4,2,10
-9,5,-8,-3,7,8,12,16,-1,-6,-2,19
-6,24,3,-9,3,15,-9,21,-1,-6,-2,11
-5,-2,3,-9,-2,10,-7,5,7,23,-1,24
-2,28,9,10,-1,1,-3,14,2,4,6,10
8,15,-4,2,-3,16,-6,0,-5,4,4,-7
5,30,0,19,7,22,-8,29,7,22,6,11
6,7,-4,9,-2,-5,14,-5,4,9,-7,24
-4,30,-2,3,-4,9,-6,20,3,15,2,19
-4,21,4,20,0,17,-8,3,4,19,-6,20
6,15,2,23,-1,31,-8,31,5,26,4,25
4,17,-6,32,3,0,-2,21,-1,24,-8,30
-6,5,-4,8,4,17,-2,25,8,5,9,13
10,-19,-4,-23,13,-15,5,-32,2,-17,-1,-17
13,-9,-8,-12,8,-12,-5,1,-4,-4,5,-26
6,1,-6,2,1,-31,0,1,8,0,0,-8
0,-28,-3,-28,-5,-2,4,-25,1,-8,1,-8
1,-14,6,-5,-2,-14,-4,-30,5,-27,-8,-23
-1,-13,14,-22,-6,-21,-6,-26,6,1,-4,-28
6,-27,13,-29,9,-3,-1,-9,0,-6,-4,-30
-8,6,-6,-6,-5,-21,5,-27,-7,-20,9,-4
6,-7,2,-16,-3,-27,3,0,5,-2,2,-16
1,-1,6,5,4,-25,-2,-15,-1,-2,10,-2
-3,-26,5,-5,11,8,13,5,13,4,4,-1
1,5,1,3,17,0,1,6,11,-10,-1,-16
5,-19,10,-18,-5,3,-6,3,-6,0,5,11
2,-17,5,11,5,-18,1,-5,-3,-4,0,-6
7,14,2,-21,-8,-21,7,3,-6,-3,6,-15
0,-19,-8,4,2,-15,7,2,6,12,-2,-8
-2,13,-4,-13,2,10,6,-2,5,-16,13,8
-8,10,0,1,-1,1,8,1,12,0,11,-18
7,4,15,-5,3,10,14,15,-7,10,7,-16
7,6,10,-6,-7,15,13,18,8,3,-3,-13
-3,3,3,-5,8,-4,1,10,9,15,11,18
-7,-4,12,10,2,-15,8,19,-3,-1,-5,-15
-1,10,-2,11,0,17,0,-9,11,13,-8,-6
-1,10,1,0,8,-4,0,0,8,20,-6,-10
3,-6,7,21,6,8,-4,1,-3,3,-1,1
-2,8,8,-3,0,6,-6,0,11,14,11,1
6,18,7,-8,-1,22,-5,-6,2,-2,1,-6
-5,-9,2,22,8,16,11,19,2,4,-7,18
-6,12,-6,5,8,2,7,10,10,15,10,11
-5,16,2,27,7,27,5,-7,4,3,7,15
2,3,8,30,4,30,7,4,-4,13,5,0
5,11,-5,8,-6,22,3,2,4,2,6,26
2,18,10,18,3,1,-3,31,-2,21,-3,16
-5,17,-3,29,1,4,-2,8,11,21,-8,-2
-3,4,2,11,3,8,6,25,10,16,2,-2
3,21,4,30,-8,15,-8,16,7,9,1,35
-5,24,-3,15,-2,22,-7,36,3,16,-1,4
9,0,7,0,-1,-30,5,-36,1,-34,5,-12
2,-28,11,-8,7,-4,-5,-13,7,-30,2,-22
4,-20,-6,-23,0,-9,2,-27,-7,-8,-1,-13
9,-23,-6,-13,1,-11,10,-2,-5,-29,4,3
0,-18,-6,-3,-6,-10,3,-29,8,-12,-5,1
4,-29,1,-19,10,-20,-5,-25,-7,-8,11,-27
10,-21,2,-22,10,-5,7,-7,2,-13,-5,-22
-1,-4,-3,4,0,7,-4,-1,-4,-23,-2,-14
5,-4,-2,-5,4,-21,11,-27,-3,1,7,7
5,8,6,-27,-6,-12,-1,-3,5,-5,9,-24
5,6,14,1,-5,-13,-3,-8,8,-8,0,8
-5,4,18,-9,0,2,15,6,5,1,10,-22
-1,4,7,-1,-3,-6,0,-5,2,-4,4,-15
10,3,-7,-15,6,11,1,-4,14,-8,-1,-20
6,-15,12,13,-2,-2,12,7,14,2,-2,4
0,-20,9,4,-2,12,4,3,-2,10,0,-3
9,5,-2,-8,16,-6,0,16,14,3,4,-8
-7,14,5,-10,12,0,-2,13,-2,10,3,8
-3,1,9,-11,-5,14,1,-3,-7,-5,-3,-5
2,14,-4,18,19,-7,7,13,-3,-2,0,16
-6,16,-3,2,12,14,16,-7,-5,-14,10,-16
4,21,11,11,13,9,10,-4,-5,2,5,13
9,16,-4,11,1,2,2,-14,0,-1,-4,18
-3,8,1,-3,-6,22,4,5,6,12,-7,7
0,16,3,-12,10,0,-5,-10,-5,15,10,-1
6,2,-1,-10,8,-2,0,15,9,-6,10,22
-5,26,-4,-9,10,25,-4,5,14,18,5,7
13,18,6,24,1,10,1,7,8,2,-7,18
7,-3,14,22,-5,0,5,-5,3,-4,12,21
-3,13,0,11,0,-1,11,9,8,29,2,17
-7,-1,-1,30,9,30,11,-4,7,30,-1,3
6,17,2,6,7,24,-3,30,13,19,-5,1
3,15,-1,18,1,4,11,21,-3,12,-1,7
-2,19,-3,0,6,16,6,33,2,-1,-4,3
-7,23,11,5,-1,33,0,6,4,-2,9,2
7,28,11,-1,8,12,6,21,10,7,-7,17
-5,34,-4,6,-1,1,2,2,-4,16,1,9
-2,-2,0,-30,17,-35,3,-13,10,-17,-2,-30
5,-22,8,-9,11,1,2,-6,2,-9,0,-29
-1,1,0,-6,3,-29,12,-27,6,-14,-1,-29
6,-11,9,-9,0,-16,9,-29,-6,-27,-1,-12
10,-19,3,-26,7,-20,4,-4,-5,-26,11,3
2,-13,10,-30,-1,-6,5,-30,5,-10,3,-29
4,-17,6,-18,-3,-7,-1,1,-3,-29,3,-15
7,-17,0,-16,2,-17,19,-22,17,-5,14,-10
9,-24,7,8,2,-28,-2,0,0,-25,10,-10
-2,-18,-1,1,4,-13,-1,2,6,-25,10,-21
-5,-9,2,5,18,-4,-3,-8,15,-4,-4,-8
-3,2,8,-17,13,10,-5,-5,-5,-5,1,-5
-1,8,19,-9,18,-1,16,4,15,-4,14,-6
3,-3,8,11,-6,0,6,-5,2,-20,2,-7
5,-7,-3,-15,7,4,11,-3,2,-15,10,0
-4,-17,17,-6,-3,-3,6,-6,6,9,-3,-6
6,-16,0,1,17,-3,-3,15,8,11,0,-19
-2,13,0,-9,15,-1,-5,10,15,2,-2,-12
-6,9,14,-8,13,3,16,9,-4,12,5,11
0,15,1,10,17,1,-4,0,10,18,-5,3
7,11,12,-11,-2,16,0,4,4,0,8,1
-3,-3,6,-4,2,8,-6,13,15,4,-4,12
10,-8,-2,-12,8,-3,-6,11,12,2,0,22
4,-2,14,15,-3,22,6,3,1,1,8,23
-5,8,15,12,5,2,1,-11,15,5,4,-8
-6,23,10,19,-5,2,6,-9,-6,-2,2,0
-5,19,7,18,1,24,5,15,-1,16,12,5
7,19,-5,22,3,7,2,15,7,-7,2,-3
-4,11,8,27,0,24,-4,11,-3,0,-1,24
-2,11,1,18,11,7,4,18,4,11,-2,21
8,19,5,6,11,3,-3,16,0,12,0,26
7,26,19,4,7,-5,4,9,8,22,1,6
4,17,3,14,5,18,11,22,5,29,-4,3
0,18,3,30,-4,8,8,32,-6,-2,5,24
-2,26,2,32,0,27,0,21,8,4,6,33
-3,28,6,19,4,23,1,28,0,32,-2,22
-5,1,7,24,1,14,0,34,11,13,0,2
-5,-27,-3,-16,-3,-27,13,-25,2,-15,0,-36
8,0,6,-22,9,-8,-4,-23,-3,-35,-4,-31
6,-29,8,-15,13,-30,-4,-18,-4,-27,11,-4
-1,-18,2,-20,7,-11,8,-4,12,-24,-4,2
2,3,13,-12,0,-11,8,0,6,-26,-2,-28
12,-20,2,2,9,-21,-4,-21,-2,-31,4,-17
7,4,3,5,-2,3,3,-20,7,-7,10,-21
1,6,8,-3,4,-8,13,-7,-2,-14,11,-29
11,-20,-4,-9,12,2,-2,-12,5,-22,9,-14
-3,-12,10,9,0,-21,19,-21,13,-7,6,-21
0,3,8,-18,18,-11,2,6,13,-23,15,-9
-1,1,-2,-20,19,-24,16,11,3,6,11,-10
-3,4,4,-3,18,-5,14,-21,2,12,7,5
-2,-4,10,-20,14,5,-5,-5,13,-6,4,-7
10,-7,1,7,1,12,-5,-1,5,-5,1,-22
12,-7,-2,-11,9,-4,12,-17,12,-14,6,-11
7,-15,7,-3,16,2,17,6,9,-2,13,-3
6,10,2,3,19,2,17,-16,11,-5,5,-11
5,9,11,15,17,-1,17,-14,11,3,16,-16
1,14,6,-3,3,4,13,12,9,13,-1,15
7,14,7,13,1,11,-5,-9,1,11,-2,12
4,6,18,-5,11,1,-5,7,2,-9,-1,16
2,-5,2,12,11,13,-3,-6,3,4,-2,17
12,-8,-4,-13,2,5,1,19,-5,-5,7,-13
9,6,10,19,3,17,9,22,4,-4,-3,13
9,15,2,-7,4,23,9,25,3,4,1,-6
-1,23,11,16,12,11,-2,1,0,11,-4,5
0,22,5,0,4,21,5,26,-2,-4,10,15
4,20,3,14,2,27,7,4,-1,-5,-5,6
7,-4,2,3,-5,1,-2,18,9,4,11,4
1,17,3,17,5,11,9,27,4,4,-3,22
3,28,11,13,5,-1,6,8,3,29,8,20
5,29,3,-1,7,9,7,1,5,-3,5,30
5,20,-1,3,6,30,8,16,4,13,3,11
-5,19,2,9,-3,-1,-1,15,-3,16,3,26
5,35,-2,26,4,16,10,2,-1,13,4,6
9,27,-1,22,-3,4,1,10,7,1,9,29
6,-36,1,-32,15,-7,6,-9,-1,-12,-1,-23
16,-7,7,-29,7,-15,12,-8,-3,-10,7,-20
-3,-8,-2,-27,-1,-25,1,-9,-2,1,8,-23
-2,-25,13,1,14,-7,14,-29,14,-9,22,-8
-3,-7,14,-13,1,-17,2,-23,-4,-12,6,-9
6,-11,12,-9,13,-21,10,-16,6,-2,-2,-19
-3,4,6,-12,9,-6,-2,2,-3,0,17,-3
6,6,7,-8,5,-25,13,-20,5,3,14,-9
-1,-20,-1,-7,6,-15,0,2,-1,-19,2,2
7,-24,6,-13,3,-17,1,7,-4,9,7,-14
8,5,8,4,0,-3,10,-24,-2,5,-2,-3
11,0,8,-17,2,-11,-4,-2,-1,10,11,0
6,5,13,-22,17,9,0,8,16,-3,1,5
0,6,-2,-20,13,10,4,5,4,5,0,-14
12,-6,7,-2,18,-17,22,-19,9,-13,3,-15
-4,-15,14,7,8,-17,18,-19,9,-6,6,-19
-2,10,5,-11,-2,2,18,-5,12,-7,1,3
5,10,0,1,16,-5,18,-14,10,-16,16,5
1,12,6,3,-1,-18,12,-1,3,10,9,0
7,11,12,6,-1,2,18,8,5,-6,2,18
2,14,1,5,14,19,2,17,10,3,10,-12
13,14,-4,-15,-3,-11,13,-9,7,4,6,7
5,21,12,17,-4,16,7,5,3,4,15,21
7,20,12,-11,1,6,5,2,7,0,12,-12
10,19,4,-12,-3,8,0,-7,8,-4,4,19
-3,12,-4,-8,20,0,13,17,3,-10,0,1
11,18,-2,1,-1,-6,1,16,10,4,12,15
7,26,-1,10,1,-6,-3,25,-3,25,-2,-4
-1,9,5,8,-1,28,2,0,2,16,10,17
15,21,-4,12,8,4,-3,17,14,18,13,15
3,15,18,-3,17,19,8,17,1,22,-2,5
-1,5,-3,21,17,29,6,14,13,24,2,21
-4,18,-1,18,8,-1,1,20,5,15,-3,25
9,26,13,25,0,18,0,4,12,1,2,20
-1,-1,18,-1,12,32,0,13,5,11,-2,12
7,3,5,34,14,24,14,18,3,14,0,25
-4,23,0,25,9,36,6,16,-3,29,16,16
2,-34,15,-13,3,-11,-2,-18,4,-31,11,-23
-1,-21,19,-21,-3,-7,8,-24,2,-13,4,-10
5,0,0,-30,14,-8,19,-28,-3,-13,6,-17
12,-3,5,-32,7,2,-2,-26,7,-31,-1,-14
-3,-22,11,-13,1,1,15,-20,1,-10,2,-31
5,-9,10,-4,16,-6,11,-12,13,-22,2,-20
2,-10,18,-14,6,-12,14,-14,-1,-7,5,-15
15,-2,2,-10,9,5,12,-22,5,0,5,-27
9,-3,11,-6,9,2,15,-1,6,7,11,2
14,-21,15,-18,-1,-12,4,3,1,9,-3,2
4,7,16,1,-2,-9,14,-21,2,10,3,-6
13,-2,20,-7,22,-23,1,-6,-2,6,17,-11
7,4,11,-8,2,8,19,-12,12,2,-3,-5
4,7,12,-10,20,0,0,-2,9,1,10,-11
12,-4,10,0,10,-12,0,5,7,-7,9,10
-3,-17,20,-10,10,-15,6,-2,10,-5,4,10
-3,-3,-3,-14,13,-6,6,2,-1,-8,9,-13
4,13,18,-6,23,14,0,-18,10,-9,10,-3
5,12,9,6,12,1,8,13,11,-3,4,14
-1,15,8,18,20,19,19,-3,16,-13,17,-4
3,4,-1,6,11,-12,17,-15,17,20,14,1
-2,7,-3,11,11,20,10,19,12,17,1,0
3,-8,9,11,5,-7,15,7,12,17,8,17
4,21,3,5,8,8,-3,1,12,-9,-2,13
11,5,2,13,2,4,0,-7,8,-10,4,10
14,14,0,-9,1,13,11,21,5,2,12,-7
4,10,2,19,10,22,15,0,12,12,18,19
9,27,-2,7,2,3,7,-4,14,14,1,-4
-1,18,21,27,12,4,3,27,8,23,1,25
5,21,13,-1,16,-1,2,-6,5,23,0,28
5,21,14,-3,9,26,13,-2,13,0,-2,-3
0,23,16,23,6,-5,3,-5,0,29,0,3
-2,24,-3,28,0,-3,9,30,13,20,16,28
4,26,12,31,0,18,0,9,8,1,9,19
14,22,-1,6,4,26,9,5,12,1,9,4
3,17,3,16,6,11,-2,14,4,-1,4,5
0,25,11,5,6,6,8,2,0,22,5,12
8,-2,5,-8,-1,-15,8,-36,10,-1,8,-5
2,-13,2,-8,2,-22,11,-22,4,-28,11,-2
7,-1,-2,-4,17,-11,15,-12,9,-26,2,-30
3,-7,2,-10,2,-23,17,-31,6,-12,0,-17
5,-1,18,-23,8,1,2,-9,4,-17,17,4
16,-3,13,-23,-1,-4,12,-27,0,-28,16,-28
2,-30,2,1,-2,-27,24,-28,-2,-8,17,-4
12,-6,1,-26,16,0,7,-20,3,-27,17,2
9,-1,0,-26,8,8,2,8,16,-18,4,-6
8,3,0,-1,16,-24,15,-12,10,6,18,-15
13,1,3,-25,15,-11,7,-9,3,1,6,-8
9,6,20,-19,21,-1,6,-2,12,0,18,-2
13,0,7,5,0,-22,-2,-4,2,2,8,-14
3,4,3,-10,2,-14,20,1,19,-18,18,-8
0,13,3,-5,4,-1,12,9,8,-8,12,-11
7,-6,6,-7,19,15,18,-16,19,-21,9,3
1,-11,9,-18,1,-17,10,8,1,8,17,5
6,10,9,-14,-1,6,5,14,5,7,18,3
12,-14,19,-4,19,11,18,13,20,-18,18,-7
10,9,17,3,22,-2,6,10,0,3,10,-3
15,7,7,-4,4,-3,7,0,-1,10,0,19
1,18,18,9,-2,4,3,-2,15,12,1,1
2,9,5,22,13,3,-2,-10,0,-8,5,-12
0,0,10,22,6,13,7,-12,16,-5,19,4
8,3,22,-2,-1,17,9,14,5,21,4,3
1,-5,13,1,6,0,2,-3,17,18,7,-11
3,-3,7,-5,5,3,4,20,9,15,1,23
3,12,4,11,9,9,-2,27,13,-8,8,-4
3,17,0,-8,13,0,1,22,3,-4,18,23
8,-6,-1,28,-1,0,16,11,19,11,7,22
10,23,4,-6,1,6,15,-3,8,19,11,22
4,22,17,9,13,15,15,16,14,2,18,31
-1,23,18,10,2,22,10,9,-1,9,20,18
5,24,12,30,10,23,4,-1,16,12,-2,12
6,24,16,23,13,14,2,25,-1,16,3,5
5,21,0,9,4,6,10,23,2,22,13,6
-2,28,16,12,16,7,7,5,10,25,14,31
15,-9,5,-3,14,-25,18,-29,9,-10,-1,-4
1,-4,9,-7,7,-10,15,1,1,-22,13,-15
2,-3,6,-19,4,-16,7,0,20,-28,5,-15
7,-1,11,-30,7,-31,3,-19,17,-6,12,-16
18,-6,10,-3,0,-14,0,-5,13,-3,7,-7
18,-4,2,-1,0,-26,3,-28,16,-9,0,-17
5,-4,6,-10,11,-24,6,-30,4,-30,5,-3
5,-27,9,-3,14,-11,0,-21,-1,-18,-1,-16
7,8,13,-21,0,-26,1,-28,5,-17,19,-18
4,1,10,-18,-1,-16,0,-1,5,8,14,8
0,-26,9,1,7,-2,14,-17,10,-12,16,0
0,5,20,-3,23,-13,7,8,14,-2,2,-22
2,6,20,-3,11,-6,21,-7,20,-17,20,-15
13,1,13,2,13,-2,21,0,4,-10,3,-4
14,4,12,-19,8,4,12,1,2,9,8,-17
4,-4,0,-16,1,3,14,-7,-1,-2,2,-20
0,1,0,14,1,9,6,-2,4,-12,4,-4
1,-1,13,-9,23,-5,21,1,21,-9,12,-6
-1,14,19,-7,24,9,15,3,1,10,7,14
10,15,0,13,24,19,20,13,16,17,1,14
7,3,20,10,1,14,13,4,13,-8,4,6
9,11,19,14,4,21,8,-12,16,5,13,17
-1,6,10,5,0,-13,17,0,13,7,12,0
7,18,12,-3,4,14,3,21,5,-9,-1,-3
1,9,2,-3,2,12,5,-5,13,-11,20,0
8,12,8,6,13,17,14,8,6,20,15,16
10,13,13,21,12,23,10,20,2,-6,19,-8
4,1,10,-9,3,2,4,18,10,9,20,23
14,6,-1,14,15,10,2,-5,21,25,15,26
15,5,3,7,6,1,12,18,1,2,11,29
1,-4,1,9,2,-4,5,30,15,10,13,0
1,4,10,22,9,13,5,21,7,28,21,-5
1,19,1,21,14,29,2,30,7,-4,14,9
9,29,11,7,11,20,4,-1,1,-2,-1,21
8,25,18,20,4,8,0,0,17,7,-1,0
2,31,6,34,5,32,21,21,20,15,19,7
1,27,25,10,0,19,10,4,5,28,19,4
10,-5,5,-10,6,-28,0,-10,5,-35,10,-3
6,-1,8,-18,4,-18,18,-11,19,-29,12,-12
3,-16,9,-24,5,-26,6,-16,18,-27,15,-3
13,-8,3,-16,15,-7,11,-1,0,2,20,-26
2,-16,15,-12,1,-18,4,-26,6,-26,8,-2
6,-30,16,-21,7,-27,8,-6,9,-3,3,-20
5,6,17,-22,15,0,11,-9,7,0,12,-11
16,0,15,-28,11,-29,3,-19,0,-13,12,-26
4,8,5,-18,13,-7,13,-12,16,8,1,6
3,-16,6,-16,0,4,7,-12,14,-15,14,-5
8,9,8,-1,15,-21,7,-24,9,8,12,-6
3,1,2,7,23,10,0,-25,23,-2,15,-19
11,6,13,5,5,5,22,-3,25,-15,22,-7
20,3,4,-4,0,11,9,6,12,-5,20,-18
13,10,8,-4,15,14,10,-10,4,-21,6,11
15,8,1,-18,5,5,8,-4,4,-17,8,-21
13,-16,8,7,17,-17,13,-12,23,-18,0,13
1,12,0,-7,13,10,13,8,4,-19,11,13
6,11,2,17,26,-9,8,2,16,-10,22,1
4,10,7,-9,19,-13,1,2,1,5,13,-7
13,10,0,-9,11,13,2,18,3,3,1,-14
12,-9,2,1,13,-4,6,14,3,-12,0,7
2,10,9,5,4,11,10,6,11,20,13,18
4,-12,4,-12,4,7,16,-6,6,17,1,-4
1,7,1,0,0,5,10,-11,16,19,2,-3
6,11,0,-6,5,13,4,-2,3,25,5,2
2,-10,15,12,15,25,18,18,10,13,1,18
9,10,7,-4,8,21,16,3,0,19,17,27
3,28,2,4,0,13,10,22,4,25,1,-8
16,10,0,24,0,18,16,18,5,3,1,10
4,11,16,22,0,8,0,10,0,9,9,13
9,-5,4,31,1,3,2,15,1,0,18,4
9,20,3,20,8,32,6,11,21,23,20,2
10,2,9,21,5,2,2,7,3,27,22,15
11,-2,24,13,0,33,16,4,10,20,8,3
6,-1,1,26,9,0,2,23,1,-1,0,2
9,22,25,32,11,36,0,29,22,36,5,9
