-22,-31,-20,-27,-25,-15,-22,-15,-16,-1,-17,-2
-17,-34,-24,-27,-25,-35,-10,-18,-25,-2,-16,-15
-18,-28,-2,-23,-3,-31,-18,-1,-11,2,-9,-27
-22,-1,-25,-23,-12,-12,-21,-9,-15,-17,-17,-9
-25,-7,-22,-1,-26,-18,-11,-17,-18,-17,-6,-28
-26,-2,-4,-31,-13,-30,-4,4,-21,3,-1,-10
-18,-27,-2,-27,-22,-18,-17,-11,-25,-18,-8,-15
-11,-26,-8,7,-21,-8,-3,-22,-3,-27,-5,-23
-26,5,-24,-28,0,-14,-15,6,-20,-21,-24,-3
-10,-9,-14,-23,-14,-19,-25,-27,-19,-13,-2,-19
-26,9,-23,5,-17,-5,-11,-8,-2,-26,-7,-19
-25,-9,-2,1,-26,-23,-6,-13,-13,-10,-13,-21
-15,-12,-20,-2,-24,-16,-26,-24,-25,-18,-23,-22
-26,11,-8,-1,-21,-5,-11,9,0,7,-2,10
-25,-1,-26,-14,-25,13,-1,-10,-4,-16,-26,-1
-22,14,-10,-5,-20,9,-2,12,-26,-9,-13,6
-15,-19,0,4,-23,16,-4,3,-18,1,-15,-16
-26,6,-4,3,-25,5,-26,-8,-11,-11,-5,-3
-23,-11,-15,-14,-19,-7,-6,-5,-22,2,-21,15
-17,-1,0,12,-15,-15,-19,-9,-12,-12,-24,-17
-26,8,-3,15,0,2,-3,6,-4,10,-18,5
-20,-10,-24,7,0,-7,-15,-11,-25,3,-12,-5
-20,-11,-3,-6,-7,11,-20,19,-25,7,-17,3
-21,-9,0,-6,-1,23,-17,15,-14,-13,-25,-11
-17,19,-2,15,-26,1,0,-11,-17,0,-18,14
-12,-5,-3,23,-7,3,-8,0,-1,3,-2,25
-21,-3,-2,-5,-11,-10,-25,-6,-20,-10,-24,3
-10,25,-14,9,-18,-1,0,7,-10,-5,-2,-4
-13,5,0,22,-20,-1,-26,15,-10,25,-9,6
-19,8,-14,1,-13,4,-12,21,-24,-3,-25,12
-24,19,-2,-4,-26,5,-17,-4,-2,-1,-13,9
-15,14,0,6,-26,3,-22,31,-25,27,-9,21
-16,15,-5,-2,-3,2,-23,1,-12,2,-23,32
-18,6,-14,19,-24,3,-11,30,-12,22,-1,30
-23,19,-26,4,-2,3,-24,0,-9,17,-16,4
-19,3,-8,34,-13,30,-25,13,-24,1,-16,7
-21,14,-7,16,0,0,-12,2,-14,28,-6,8
-20,-5,0,-22,-12,-11,-9,-21,-14,-3,-14,-16
-22,-22,-14,-10,-18,-27,-21,-12,-8,-7,-6,-14
-13,-21,-12,-11,1,-9,-18,-22,-1,-19,-11,-5
-9,-16,-11,-1,-5,-29,-14,-9,-5,-1,-18,-19
-18,-22,-4,-21,-24,-20,-22,-11,-21,-11,-17,1
-10,-13,-24,-4,-3,-28,-25,-30,-5,-9,-22,-2
-11,-18,-24,-17,-11,-30,-11,-19,1,-5,-24,-19
-22,-11,-2,-23,1,-25,-19,-3,1,-13,-23,-14
-20,-20,-25,8,-25,-2,-14,2,-13,-11,-18,-8
-18,-11,-18,-15,-12,-8,-25,9,-19,2,-15,-18
-21,-10,-9,10,-12,2,-9,-15,-16,-10,0,-24
-23,-7,-20,-24,1,-18,1,-21,-24,-22,-25,-14
-19,7,-5,-20,-9,1,-21,3,-21,-18,-9,-15
-24,7,-16,-3,1,-17,-20,8,-25,5,-15,-19
-24,0,-6,-10,-13,-10,-24,0,-10,-8,-23,9
-23,-1,-24,-13,-20,1,-4,-10,1,-18,-4,15
-25,0,-3,5,-22,-9,-11,10,0,-12,-8,-20
-17,-3,-22,-15,-17,-14,-4,-17,-1,-7,1,-9
-18,-16,-21,-18,-23,-14,-3,-18,-25,-16,-13,-14
-20,-1,0,-11,-19,-6,-1,-8,-17,-10,-20,-11
-24,3,-13,-15,-21,-9,-16,15,-9,0,-4,10
-20,5,-3,2,-23,-6,-24,1,-24,-8,-23,-7
-15,-3,-1,1,-5,-3,-14,-5,-10,20,-3,11
-20,2,0,-6,-13,2,-21,12,-9,22,-24,16
-19,23,-1,-6,-6,1,-14,-11,-22,24,-17,-5
-24,17,-25,3,-15,1,-23,21,-22,-9,-25,12
-19,23,-25,10,-4,8,-4,-7,-2,-10,1,11
-20,24,-23,-5,-14,25,-20,-2,-3,0,1,3
-16,-4,1,4,-6,23,-23,21,-9,7,0,-5
-19,16,-2,15,0,-3,-8,0,-24,6,-4,-7
-15,27,1,-2,-9,22,-24,-4,-25,21,-2,-3
-18,21,-1,-1,-11,17,-5,10,-3,17,-2,24
-9,25,-24,-2,-5,20,-19,24,-23,7,-23,10
-22,33,1,18,-19,10,-17,27,-3,17,-17,16
-12,16,-4,34,-17,7,-21,17,-12,0,-24,24
-12,31,-24,5,-13,1,-25,31,-23,6,1,5
-17,7,-25,24,-11,4,1,25,-12,14,-5,34
-19,-17,-3,-6,-19,-29,-19,-36,-17,-20,-4,-15
-12,-30,-3,-31,-3,-33,-11,-20,0,-18,-2,-1
-10,-30,-7,-26,-9,-15,-13,-13,-15,-13,-2,-32
-9,-2,-4,-5,-20,-4,-13,-33,-22,-25,-22,-14
-19,-6,-1,-30,-6,3,0,-5,-18,-15,-4,-7
-15,-12,-11,-12,-12,-31,-15,-11,-14,-18,-5,-22
-11,-26,2,1,-21,-12,1,-15,-24,-5,0,-20
-19,-11,-14,-15,-10,-28,-1,-20,-10,-25,-24,-24
-20,-7,-12,5,-14,-20,-21,-3,-3,-13,-1,-15
-7,8,-5,-9,-3,-8,-12,-17,-9,8,2,-5
-19,-15,2,-23,-10,-12,2,-18,-14,-14,-17,-13
-18,-9,-17,-18,-18,1,-21,-6,-3,3,-18,-3
-21,-9,-9,-23,-2,0,1,-17,-10,-24,0,-17
-18,-4,-13,1,-10,-13,-13,12,2,-3,-16,-14
-13,9,2,-17,-23,0,-16,-1,-21,-10,-13,-16
-16,-8,-17,8,-17,5,-2,-17,-22,-20,-21,2
-23,4,-5,-3,-17,-15,-24,-18,-3,14,-1,14
-23,13,-24,-10,-22,2,-23,15,-3,-15,-18,-12
-22,1,-3,-15,-16,-17,-4,-12,-23,12,-23,5
-15,-11,-1,-10,-19,15,-11,-12,-19,3,2,-8
-21,3,2,-16,-10,8,-3,4,-6,10,-11,19
-21,1,-24,8,-15,5,-11,-15,-21,8,-22,9
-13,-11,-24,5,-22,-9,-8,4,-1,20,-22,-8
-21,17,-3,-12,-22,6,-19,-9,-1,-6,-1,14
-20,-2,1,-9,2,-1,-16,-10,-23,-11,-24,6
-18,15,-10,16,-19,0,-5,9,-22,17,-3,17
-16,0,-2,-9,-13,-4,-2,-7,-24,1,-10,15
-20,5,-18,8,-14,-7,-21,-5,-16,16,-23,12
-16,22,-12,-8,1,5,-9,15,-19,4,-24,18
-10,13,-15,-6,-23,4,-18,-6,-2,-5,-1,-1
-17,16,1,-1,2,22,2,8,-23,23,-23,-3
-18,9,-4,25,0,6,-10,19,-13,14,-24,7
-9,25,-2,28,-23,-2,-24,24,-20,3,-20,11
-17,29,2,7,-24,18,-10,10,-8,19,-8,24
-15,20,-3,-2,-9,8,-10,14,-1,34,0,7
-19,35,-1,4,-5,10,2,-1,0,1,-1,17
-12,8,-24,2,-14,1,-11,27,2,18,-15,28
-10,-5,3,-35,0,-31,-13,-36,-23,-29,-5,-29
-8,-23,-4,-5,2,-29,-21,-29,-12,-9,-9,-20
-12,1,-10,-16,-22,-3,-23,-9,-11,-10,-8,-21
-16,-15,-5,-20,-14,-10,-11,-22,-9,-5,-8,-12
-9,-1,0,-31,1,-30,-15,-15,-12,-32,-4,-6
-15,-11,-11,-12,-23,-13,-17,-27,-4,-5,-14,-16
-14,-23,-19,-29,-13,-6,-15,-19,0,1,-11,6
-17,-16,-20,-5,-20,-20,-20,-3,-12,-27,3,-29
-19,5,-20,-21,-19,2,-10,-6,-18,-28,0,-7
-17,5,-23,-10,-20,5,-19,1,-2,6,-10,-8
-16,-7,-23,-5,-22,-25,-7,-2,-23,9,-16,-14
-21,-3,2,6,-23,-9,-20,-13,-22,-20,-22,3
-15,-19,-21,-10,-18,-9,-20,-8,-10,-23,-21,-23
-10,-12,1,-15,-20,-23,-20,10,-3,1,2,-1
-13,-17,-12,9,-18,-2,-8,5,-12,-11,3,3
-22,-4,-20,-21,-22,13,-17,-2,2,-20,3,13
-10,-14,-7,-17,-17,3,-23,1,-21,-1,-12,-3
-19,-4,3,-17,-11,-6,2,-9,-6,-17,-18,-5
-16,-7,-14,-11,-20,12,-19,12,3,16,-5,-12
-16,-12,-22,6,-8,3,-14,4,-23,14,-1,3
-17,18,-18,-16,-21,-9,-23,-8,2,-7,-1,1
-23,21,-10,5,-21,-4,-17,21,-21,19,-4,-1
-19,-6,-1,6,-19,-8,-6,12,-23,18,-21,-9
-13,7,-3,0,-20,-11,1,-13,-1,0,-14,-4
-12,-7,2,-1,-17,15,-23,1,-21,19,-21,16
-15,22,-22,8,-21,5,-15,3,-20,2,-5,-3
-12,-2,0,0,3,16,-21,-9,-6,4,3,-8
-15,-1,-5,24,-4,21,-1,-7,-1,14,-19,-6
-17,22,-10,19,-20,19,-7,24,-19,23,-6,19
-13,7,-20,-5,-22,-2,0,10,3,15,-2,-6
-10,27,-11,6,-9,17,0,7,-16,6,-10,1
-11,27,-7,30,-17,19,1,2,-18,21,-9,9
-7,2,-6,16,-7,14,1,20,-2,15,-15,28
-11,23,3,15,-8,12,-16,6,-10,31,1,12
-15,21,3,4,-12,25,-22,31,-23,19,2,-1
-6,17,0,8,-13,33,-10,25,-7,19,-5,10
-8,22,2,10,-15,29,-12,23,-23,9,2,18
-8,-26,-15,-3,2,-32,-16,-27,-19,-32,-17,-27
-20,-6,-17,-6,-7,-18,-13,-27,3,-22,-7,-33
-12,-19,-11,-7,-3,-18,-21,-19,-9,-10,2,-30
-6,-17,-11,-26,-22,-11,1,-4,-16,-15,-21,-13
-17,-2,-12,-28,-22,-23,-16,3,-20,-12,-4,-7
-10,-24,-11,-12,-20,3,-1,-26,-15,-3,-4,0
-10,-11,1,-18,-18,-15,-16,-5,1,-21,-21,-15
-16,-11,-8,-4,4,1,-15,-16,4,-24,-4,3
-20,-2,-14,-28,4,-16,-10,-19,4,-27,4,-9
-8,-22,-7,-8,1,-25,-14,-22,4,-1,-21,-23
-20,1,-10,-23,-16,-4,-16,-2,-9,-7,3,-12
-18,-5,-20,-1,-15,-18,-15,-15,-12,-5,0,-1
-13,-11,-22,-12,-20,-6,-17,12,-20,-11,-6,12
-6,-4,-20,2,-22,5,3,-21,-12,-15,-5,0
-20,-6,1,-11,-22,8,-8,-2,-18,-5,4,6
-15,14,-8,-18,-17,14,-15,-20,-12,-15,-7,-1
-18,-9,-19,-15,-20,8,-14,15,-18,6,-20,-10
-19,16,-13,0,-11,-14,-8,-1,-19,0,-6,2
-21,5,-21,10,-7,-2,-18,-14,-14,8,-11,17
-19,17,-19,13,-12,8,-22,-11,-19,18,-10,16
-17,-3,-11,5,-5,12,-21,-8,-22,6,-16,-12
-10,-4,0,6,-13,-14,-19,9,-13,-15,-7,-4
-16,-7,-9,-2,2,-11,-10,-1,-16,-2,3,1
-8,6,-4,13,1,-3,-20,17,-16,13,-3,9
-15,9,-14,-5,-22,11,-22,18,-3,9,2,-1
-16,11,-18,21,-9,23,-10,-7,-1,13,-16,20
-12,-2,-3,23,-11,-7,-20,7,-13,-6,-18,-5
-8,9,-5,0,-11,22,-21,9,-15,16,-4,-8
-18,9,-4,9,-16,28,-20,-5,-14,9,-15,22
-15,10,-5,3,2,8,-7,14,3,10,-22,13
-13,8,-19,13,4,-3,-7,4,-3,30,-22,-6
-16,24,-4,20,4,4,1,26,1,20,2,19
-12,24,-3,5,-1,0,-20,10,-14,2,-2,32
-16,22,3,5,-1,21,-12,9,-2,11,-16,14
-17,27,-6,9,-15,-2,-15,16,-1,14,3,9
-6,21,0,1,-17,7,-2,35,1,5,-5,3
-5,1,2,0,-9,0,-18,12,-18,13,2,2
-14,-29,-19,-4,-12,-28,2,-10,3,-22,-18,-14
-8,-18,1,-28,-5,-9,2,-11,-16,-28,-12,-32
-14,-4,-21,-16,-15,-34,5,-11,-16,-30,1,-4
-5,-22,-1,-17,1,-28,-5,-10,2,-10,2,-2
-11,0,-4,-18,1,-28,-20,-8,-6,-3,-18,-28
-9,-16,2,-6,-17,-21,-14,-28,5,-25,-9,-9
-6,4,-8,-29,-17,-16,5,-25,-11,-30,-3,-11
-5,6,-13,4,3,-21,-6,-1,-11,-6,-4,-4
-14,5,-20,-4,-21,-24,-21,1,-4,-2,-8,-20
-15,-17,3,2,-5,-4,-6,-23,-15,-4,1,1
-19,7,-19,8,-16,-25,-9,-14,-8,1,3,-4
-11,-15,-15,-15,-20,-7,-19,-6,-10,-22,-19,-18
-7,-13,-16,-20,-21,11,-6,0,-4,-1,-21,-14
-18,-14,-7,-21,-8,9,-18,6,4,-8,5,-9
-8,-19,-5,-22,-17,5,-13,-9,-7,8,-11,0
-4,11,-1,2,-19,5,-11,-5,-18,13,-21,-14
-11,-14,2,-7,-18,-15,-16,2,-2,4,-21,-14
-11,-3,2,4,-6,16,-7,17,-1,2,-18,7
-19,-9,4,-6,-12,15,5,-15,-11,-17,-10,-16
-14,14,-13,-2,-13,9,-19,-5,-18,3,-18,-14
-14,18,-5,11,-15,-4,-18,20,-5,-16,1,19
-15,-11,-18,20,-12,-3,2,5,-21,2,0,-7
-16,-4,-17,22,-8,19,-18,-4,-12,14,-18,17
-12,8,-4,-6,-8,13,-21,3,-5,12,-18,2
-5,8,-6,15,-20,7,-4,23,-4,0,0,6
-12,-3,1,2,-9,7,2,-10,-9,-5,-2,-7
-9,-1,-11,5,-19,3,-14,20,5,-10,-2,21
-12,11,-1,23,-12,22,-15,-6,-17,27,-20,7
-11,-1,-7,7,-5,7,-14,9,-17,6,-16,18
-8,1,1,24,2,-7,-19,18,-12,2,-6,25
-10,17,-13,13,0,11,-12,6,-17,16,-15,26
-9,17,-8,-5,-12,24,-9,17,-8,5,-14,13
-8,26,4,29,-16,22,-18,27,-2,-1,-21,-1
-6,6,-21,29,-2,29,-20,8,3,1,-7,16
-13,25,-20,12,-16,12,-19,6,4,4,4,4
-7,24,-21,3,-15,19,-14,25,1,31,-21,7
-7,24,5,17,-15,2,-7,6,2,26,4,19
-17,-11,-9,-4,-9,-24,2,-30,-19,-17,-20,-6
-7,0,5,-33,0,-3,5,-18,-17,-30,-6,-35
-11,-16,-2,-29,1,-31,-6,-29,-8,-1,-19,-4
-5,2,-19,-32,4,-19,0,-17,-15,-28,-7,-10
-8,1,-4,-19,2,-32,3,-24,-20,-6,-14,-14
-12,4,-2,-16,-8,5,6,-12,-16,3,6,-26
-9,-15,-1,-11,4,-24,6,-10,-17,-1,-19,-3
-5,3,-4,1,6,-9,-12,-20,-6,0,3,-19
-11,-19,-5,2,5,-12,0,-24,2,2,3,8
-14,-12,-7,-21,-15,-10,-13,-21,-9,-4,1,-10
-14,-18,-1,-12,-18,-16,-18,-26,-5,-8,-9,-7
-17,-3,-5,-5,-2,-22,0,-1,-11,-8,-5,3
-11,-14,1,-9,0,-2,-20,-15,-11,-22,4,-10
-18,0,1,11,-12,-17,1,-22,-20,-9,-16,-1
-17,-12,-19,-17,-16,1,-18,11,-3,-14,-15,-20
-8,-15,-1,7,-11,-3,-15,-1,-16,9,0,-21
-20,-1,5,-5,-11,-7,5,-12,-9,2,6,-7
-7,-18,-20,14,-9,1,5,-1,-11,0,-10,-18
-19,8,2,-14,-12,-11,-9,4,-20,11,-13,-16
-16,-4,-10,-16,-14,8,-19,8,4,15,-13,9
-14,5,6,-2,-4,-13,4,12,-6,6,-16,-3
-5,4,-11,10,-6,20,-6,8,-17,0,-2,1
-15,8,-20,16,-19,3,4,1,-9,-2,1,-2
-7,6,-4,5,-12,12,6,0,2,3,-20,22
-12,7,-14,9,0,3,3,-12,-16,21,-20,21
-13,25,2,24,-10,-1,3,0,-17,19,-7,1
-13,10,5,22,-16,22,0,24,-8,24,-2,19
-12,12,0,-4,-10,18,-17,-8,-6,12,6,9
-15,19,-14,12,1,-2,6,-1,-19,27,-4,0
-13,18,-6,2,-20,5,-20,-3,-18,11,-19,-6
-11,30,-1,7,-9,-6,-16,11,-14,24,6,17
-7,23,-19,26,-20,5,-6,-2,-18,12,-6,7
-11,20,-17,29,2,-3,0,-4,-2,8,-13,-4
6,15,0,33,-12,20,-14,20,-10,15,-3,16
-4,5,-9,31,-7,14,4,3,2,5,-1,14
5,18,-18,9,3,13,3,13,5,18,-2,20
6,13,1,5,-17,33,-17,6,5,12,-17,19
-5,-22,-17,-30,7,-21,-16,-33,5,-5,5,-30
-13,-7,-18,-18,-19,-16,-13,-30,0,-10,7,-19
-4,-24,-10,-10,-14,-25,6,-21,-11,-20,-5,-11
-10,-10,-13,2,6,-24,-6,-27,-8,-32,-18,-25
-10,-4,-14,-19,-18,-22,3,-27,6,-21,-8,-9
-10,-1,0,-24,5,-31,-16,-22,4,-21,-8,0
-4,3,7,-4,5,-17,-9,-19,-19,-10,0,-20
-4,-25,-15,-20,5,-17,6,-23,7,-20,0,7
-7,-10,-4,-10,7,-7,-18,4,0,-23,5,-15
-13,-18,-13,-14,-14,-2,-10,-18,-19,-12,-3,-17
-18,3,-2,-8,7,-13,-11,-10,-5,0,-6,-13
-9,-12,-15,-19,-6,-2,-13,7,-17,-13,3,-7
-18,11,-18,2,2,-8,-11,-21,-6,-24,-19,-20
-15,11,-10,-6,6,-22,-17,1,-18,0,-6,-12
-17,13,0,-17,3,-1,-13,-11,5,6,-4,-4
-19,9,-6,-18,-5,-15,-10,-21,-4,-19,-14,10
-7,-17,5,16,-9,12,6,-9,-6,-13,1,6
-12,-13,-19,15,4,8,-4,11,-15,-8,-10,11
-14,-13,-19,-11,2,18,-17,4,-12,9,-14,2
-7,-1,1,1,-11,11,-4,-6,2,1,-13,-16
-17,15,1,15,-6,14,2,6,5,18,-17,11
-19,12,-13,-15,-5,-6,0,9,4,3,-18,7
-19,14,1,20,-13,15,0,9,-10,0,2,10
-12,0,6,6,0,23,-5,-12,-2,-3,-3,-2
-13,8,3,14,-4,-7,-16,6,-12,24,-7,-5
-17,13,5,-4,-9,19,4,-6,5,18,-11,12
-4,3,0,16,-5,15,-19,0,-18,10,5,-9
-12,0,-9,-4,-13,19,-16,25,-11,1,-12,-8
-8,10,-2,5,-14,-4,-4,12,-7,1,6,2
-12,17,-10,-2,6,10,-13,24,7,22,-7,14
-7,17,0,19,7,17,2,27,5,1,-10,15
-3,5,2,3,5,2,-16,2,7,7,-2,3
7,12,1,23,6,-2,-19,11,7,24,5,28
6,13,1,12,6,8,-19,4,-10,33,5,20
0,1,-15,0,3,5,2,-2,5,8,2,12
6,12,-18,14,3,5,-11,7,-14,1,2,20
7,10,1,3,-5,36,-3,20,-2,6,6,0
0,-30,-1,-35,-13,-26,-15,-22,-15,-15,-12,-3
-6,1,8,-22,-10,-2,-7,-28,-12,-10,-15,-35
-11,-6,-5,-29,-13,-34,7,-31,-4,-25,4,-3
-1,-4,-12,-26,6,-7,-3,-25,-2,-9,7,-26
-5,-18,5,-29,-11,-1,8,-8,-15,-22,-9,-25
-2,-16,-8,-19,-7,2,-16,0,5,-11,8,-20
-1,0,3,1,-2,3,6,-18,1,-11,2,0
-13,-5,4,-15,-2,-5,-8,1,-8,1,-1,-24
-6,3,-5,5,-3,3,-10,-6,-12,-6,5,-28
-14,9,-13,7,-16,-24,-7,-2,0,8,7,-18
-8,-22,-8,-13,-11,-4,-17,3,3,-15,-14,-18
-7,-16,-1,-4,7,-17,-10,-5,5,-1,3,5
-12,-13,-16,5,4,6,8,-3,-5,-16,-16,11
-13,-14,-2,10,-12,-6,-16,4,-3,2,-6,4
-14,-15,0,-11,-17,-14,-7,-8,5,-1,-13,2
-17,-3,3,-4,-5,-19,-16,5,1,12,4,15
-16,-7,8,3,-7,-13,-9,-7,4,-16,-17,-8
-16,-4,2,2,3,16,8,3,1,-1,-6,-16
-4,-17,1,-8,-2,-8,-11,16,8,3,-8,3
-4,-17,-9,-13,-4,10,-3,12,-8,7,-8,-3
-17,-2,4,-10,-7,7,-16,-9,-15,16,-15,-6
-18,16,0,5,-16,14,-17,12,4,13,-16,15
-6,-13,-6,22,-17,22,-13,-9,0,-14,-14,5
-9,-11,-4,3,-7,11,-11,9,-16,-10,-10,-1
-4,-9,5,6,-3,-3,-12,9,-9,-11,0,14
-4,5,-15,18,-15,8,-4,20,-2,-10,-16,-8
-5,-5,-3,25,-17,5,2,18,8,23,-14,7
-17,27,-12,24,-17,14,-14,1,6,-1,-2,-8
-12,9,-11,10,-13,5,-17,4,-13,25,-16,10
-6,21,-8,10,-15,9,2,25,-18,27,-3,0
-5,18,-5,20,-12,27,2,1,-11,0,8,-3
8,12,-8,3,-16,22,-18,19,-18,0,2,17
7,11,-8,-4,-7,17,4,6,2,31,-12,8
8,0,-4,21,-9,32,-11,-3,8,-1,8,17
8,5,-16,16,5,26,-13,7,-16,19,7,18
-3,24,6,34,-18,35,-14,25,-1,6,-11,3
8,26,7,0,7,22,-18,20,-16,15,7,12
1,-29,-10,-36,-3,-4,-6,0,-9,-33,-12,-13
-8,-6,6,-21,-1,0,-8,-31,-15,-29,0,-26
-1,-29,-13,-12,4,-6,-5,-6,0,-2,-14,-26
-1,3,-12,-9,5,-16,-2,2,5,-16,2,-3
-4,-6,8,-5,6,-7,-6,-6,-15,4,2,-29
-1,-10,3,-20,-3,-19,-4,-20,-9,4,-13,-13
0,3,8,-13,-8,-24,-4,-5,-10,-20,-6,6
0,7,-5,-6,-13,6,-15,-13,4,7,7,-3
-4,-7,-8,-15,-17,-23,7,-27,-4,-25,-6,-6
-6,-7,-1,4,3,0,5,-8,-13,-9,8,8
-2,-11,-2,5,-4,-11,-9,-11,-10,-3,-6,-25
-12,-2,-14,-16,-14,-2,-15,-14,3,2,-7,-12
-13,-6,-17,-19,0,11,7,-4,5,3,-7,0
-6,-12,-14,-17,-16,-16,-13,-16,-14,-23,3,-8
-9,9,4,-10,-3,9,-15,14,-11,9,7,3
-15,-7,-1,0,-11,13,-10,8,-4,2,4,-8
-15,12,-17,7,-16,6,-1,2,7,15,-17,4
-16,-8,-13,-12,-14,-11,6,-17,-16,-11,-13,-18
-13,-12,4,14,4,7,-12,11,1,16,8,12
-17,-2,3,8,-4,-9,-13,-16,-12,5,-5,-5
-14,-15,-13,-2,-14,-6,-14,6,9,-12,0,-14
-11,-3,7,-2,-1,1,-16,8,3,-5,-8,-9
-17,-7,-16,11,-7,1,3,11,-5,15,0,14
-11,-11,-15,22,-14,16,4,-1,0,22,-10,21
-12,-9,-14,0,-13,-1,-16,-7,-6,18,-6,1
-17,21,-13,8,-6,0,-1,2,6,2,-17,-2
-12,24,-4,14,-2,3,-13,6,-14,-4,2,3
-15,19,-15,19,-10,-3,7,5,-5,-7,-2,14
-8,27,-10,24,-8,8,-5,10,5,-8,0,-5
-6,21,-7,11,6,-3,-13,17,-5,5,-7,23
-5,19,-11,26,-11,13,4,25,-9,7,-12,16
0,19,3,-4,-9,14,6,28,-17,3,-8,28
9,2,-10,1,-9,8,-6,24,-12,-1,-12,23
9,2,-1,14,-4,15,-7,7,0,31,-13,31
7,12,1,27,7,14,1,24,0,2,1,33
7,14,2,35,-2,6,1,29,-8,33,-6,20
8,2,-14,11,3,16,-8,11,-10,19,4,31
10,-11,6,-2,-9,-2,-14,-13,-1,-15,-7,-31
10,-35,-9,-4,7,-17,-9,-4,-1,-29,-13,-8
10,-32,-1,-5,-5,-17,8,-5,7,-2,-12,-3
10,-29,1,-11,0,-4,-6,-25,1,-22,-10,-33
10,-23,-5,-21,-8,-18,-1,-7,-5,-5,-5,-21
-5,-4,-13,-17,-14,5,0,5,-12,-22,-1,-30
9,-13,2,-3,-6,-27,-4,5,-14,-3,5,-19
-5,-5,6,-19,4,-3,9,-2,4,-12,2,-25
-9,-1,4,-20,7,-9,3,-28,1,-11,-14,6
-6,2,3,-16,-12,-7,-8,1,-15,4,0,5
-13,-9,6,-15,9,-12,-12,-26,-5,8,4,-8
-3,-15,-8,-13,7,-1,-10,-19,-11,7,10,-21
-5,-14,1,2,1,1,1,-16,-12,-22,-16,10
-13,4,-7,-11,-1,10,-4,-15,9,-21,5,4
-7,-17,-10,-20,-12,-13,-3,1,-14,2,-10,-2
-5,-5,-3,-8,-13,-7,-7,-5,-14,-16,-12,6
-1,-18,-11,2,0,-20,10,-9,-3,10,-15,11
-11,-19,-10,0,-1,7,-9,17,-6,9,-12,-15
-13,-12,-1,-4,-11,12,-13,12,6,11,9,-5
-16,-14,-2,-16,-6,14,10,-2,-6,14,-15,16
-15,-13,7,-12,-8,-16,-12,15,10,-6,-16,-3
-13,-3,9,3,-7,-12,-12,0,-13,-8,7,15
-2,-12,6,22,-7,16,-10,15,4,14,-13,-2
0,-12,3,8,-13,15,1,-13,-9,20,-10,-5
-14,-1,-2,10,-12,16,10,6,9,-5,9,22
-15,9,2,17,-12,11,-13,-9,10,3,9,5
-3,-1,-4,16,-3,12,6,17,4,24,8,24
-8,9,0,6,-11,10,-3,15,-8,0,6,-9
-6,28,-11,10,-10,13,5,13,-13,17,-8,27
-4,17,-11,8,-3,20,-11,-1,-1,-2,-12,17
10,2,-8,4,5,27,-3,4,-9,29,-6,-3
9,2,-6,20,1,27,-7,28,-10,-4,7,27
9,-4,7,26,7,31,4,15,-10,10,-12,29
9,5,-8,22,2,33,-11,31,-1,17,5,31
8,11,-14,24,0,2,5,32,4,6,-14,9
8,11,3,5,2,0,6,10,-15,16,-11,12
8,11,-9,10,2,26,6,12,0,13,-3,34
11,-15,-6,-3,3,-18,-12,-28,-4,-11,1,-36
11,-15,-9,-4,5,-27,-8,-21,0,-12,6,-15
-7,-9,-5,-27,1,-29,4,-13,-4,-24,-13,-18
2,-6,-12,-32,3,-17,3,-1,-7,-2,-12,0
11,-17,3,-13,3,-15,-9,-2,-7,-5,11,-5
-1,-8,-11,-7,2,-12,2,-27,-5,-9,-15,5
-5,-5,-5,-21,3,-5,4,-18,2,-21,-6,-1
-7,0,-11,5,2,-18,11,-1,-6,3,2,7
0,-21,0,-2,3,-7,-7,1,-1,4,-12,7
-7,5,11,5,2,-5,0,-5,4,-11,-4,-15
-1,6,1,-24,8,5,-10,-7,10,7,-11,6
0,-8,0,8,-14,-9,-8,-6,-13,-16,6,-21
-3,-14,-14,-15,-3,1,-9,-22,-6,-1,8,-15
0,-12,-11,-13,-7,-13,-2,-16,4,-8,-15,4
-15,-1,-9,2,-9,-16,10,-3,-14,-13,-3,-11
-15,-12,5,-14,5,7,-3,15,1,-15,8,2
-7,-20,-4,3,0,-16,-15,14,0,11,9,8
-11,-18,1,0,-15,10,-5,-5,-15,17,-12,-14
-10,-17,4,-3,-9,-3,-11,2,-1,15,-15,14
-12,-17,8,-17,-8,10,9,-11,3,19,-1,17
-12,-11,-15,12,-2,19,-14,-10,9,10,-12,-9
-8,-15,-13,-13,-12,10,-8,1,7,3,4,12
-14,-8,-10,0,-14,15,11,12,-9,-8,7,-9
-3,-13,9,11,8,8,-15,13,-14,-9,3,-1
-8,0,-8,-10,-3,-8,7,-4,-10,13,-12,-6
-9,-5,1,11,-2,-6,9,-7,3,6,-11,17
-5,21,1,-5,-8,20,-10,6,0,12,-5,0
-11,18,0,19,-14,18,-13,25,-6,18,-11,26
0,13,-11,12,-3,14,6,16,-7,0,4,27
10,5,-11,-2,2,5,-2,26,-10,11,-4,23
10,4,-4,-5,3,1,4,30,1,28,-11,17
11,19,-4,5,6,27,-7,27,5,-4,-9,25
10,0,10,30,1,27,10,30,-2,29,-10,7
11,25,0,6,4,1,1,1,9,-2,7,0
9,7,-1,5,10,25,0,0,-6,31,-15,13
9,6,-6,15,4,2,2,32,-7,29,1,18
9,8,9,28,10,21,2,3,-11,0,2,1
-2,-6,1,0,1,0,-11,-1,-9,0,0,-23
-8,-8,-5,-5,-10,-2,0,-25,-10,-16,-3,-2
-2,-5,-6,-14,-5,-12,-4,-11,9,-15,-6,-3
-3,-3,1,-10,-8,-2,2,-23,-11,-5,-5,-11
-6,-15,2,-4,-7,-16,-3,-29,6,-12,3,-19
0,4,9,-2,-13,-1,-1,-1,-4,-14,-2,-21
-3,-23,-6,-6,8,-4,0,-4,11,-2,-11,-14
1,-15,-1,-25,1,-6,9,-23,-8,-2,6,-16
-6,-6,-12,-23,-12,-4,-12,7,-14,-10,-9,-24
-2,7,-8,0,-6,-3,-6,4,2,-9,-3,-1
3,8,-5,-3,-3,-18,-3,-24,-7,-2,10,9
-11,-2,3,-25,-11,-21,-13,-22,-4,-9,-3,2
-5,-21,-2,-15,-12,-9,-10,11,4,-1,-10,1
-3,-17,12,10,0,-18,-11,-8,11,-19,3,-12
-11,9,-7,-1,2,-9,-14,-5,7,-19,3,-1
1,-20,-2,-10,2,1,-6,5,2,-2,1,-2
-14,-18,5,3,-13,8,11,-15,-8,-5,-9,-15
-13,-18,7,-12,-6,-6,3,15,-10,-11,9,-18
-14,-18,-11,3,3,-5,-13,-8,-12,4,-2,11
-12,-12,8,7,-2,-1,-8,-17,-3,19,0,-14
-13,-12,-7,3,0,-14,-14,3,-13,8,0,11
-11,-13,7,12,-3,13,-14,16,-10,14,-4,11
-10,-11,-2,-12,7,13,5,14,7,-12,-9,20
-4,-12,-13,-10,8,7,-2,21,-9,22,11,-5
-1,-10,7,11,-3,24,-3,-1,-12,18,10,15
-10,20,-11,12,-14,20,0,8,-14,19,8,-1
-12,24,1,5,7,19,-1,19,-1,1,-7,21
-1,25,-8,21,2,25,-7,-5,-5,9,-8,1
3,-8,-9,0,3,9,-4,9,0,-1,1,9
-2,28,-7,29,6,2,3,15,2,-2,-7,25
-1,16,-9,14,-5,30,-7,14,-6,10,-9,4
12,7,0,0,3,13,-4,10,10,22,-5,9
1,26,-11,12,3,16,3,19,-3,24,1,5
11,8,2,7,4,30,4,16,10,19,2,26
2,7,5,0,4,29,10,15,3,-1,-5,34
10,15,1,-1,4,9,-3,30,-7,28,-7,26
9,9,11,24,9,16,-3,20,1,28,2,33
1,-7,8,-23,3,-22,-11,-26,3,-8,10,-19
-8,-7,3,-3,-10,-28,-1,-16,7,-29,-11,-18
2,-26,-4,-12,-10,-12,0,-30,2,-7,3,-3
-6,-4,-5,-31,3,-22,-1,-27,-10,-7,-3,-15
-2,-10,2,2,-6,-15,-13,-27,-9,-17,-8,-20
1,-22,1,-17,-4,-29,-10,-3,-12,-4,1,-27
-3,-8,-1,4,2,-28,3,0,10,-3,5,-12
-2,3,-3,3,10,-6,10,-26,-6,-20,-7,7
3,-15,1,-8,-6,4,-9,-23,-7,-9,1,-27
3,-23,1,6,-7,8,-5,-9,1,-16,2,-17
-8,-9,8,-16,-6,-14,8,-12,11,-20,-12,10
-10,8,-3,-19,-7,-22,7,-8,13,-17,8,-18
0,-8,-10,1,2,-3,11,-14,10,-23,9,-5
-9,-19,12,13,1,3,-9,-20,-13,-4,-1,-4
-3,-10,-1,-16,12,10,7,-20,-12,-12,-13,6
-13,-15,5,-7,-5,14,-8,7,-2,8,-13,10
-9,-18,9,9,-3,8,9,12,0,15,9,1
-13,-18,-7,10,-9,-16,11,-11,-11,-3,7,-3
-12,-13,1,0,-13,9,-10,-7,7,15,-8,-10
-11,-13,3,7,-9,17,-7,-2,-13,-16,12,0
-9,-16,13,12,-11,4,13,-4,2,-9,9,7
-11,-13,3,10,-10,16,11,-13,8,-10,-4,4
-12,-12,8,21,11,-5,-4,4,10,3,-8,16
-12,18,12,0,-12,7,-1,8,-8,1,7,6
-12,-3,-10,8,-3,-3,9,-5,11,18,-9,0
-11,10,4,21,10,18,-8,-9,-13,13,-5,13
-5,-6,-2,-5,-9,26,13,-1,1,2,9,6
-1,11,11,23,2,19,11,21,2,-9,4,25
1,25,1,3,0,-4,12,25,-1,23,7,-7
-9,22,13,13,-5,-3,-12,12,-6,24,1,9
-9,19,-9,5,-9,18,3,19,-7,26,0,24
0,31,13,31,-3,24,-2,1,2,4,11,16
1,18,0,31,-3,0,0,-2,9,7,-4,12
12,3,-5,27,0,26,4,-2,5,5,5,2
6,7,-4,33,-7,12,4,8,7,5,13,33
9,8,7,18,-9,18,-9,13,5,23,-5,16
9,3,-8,12,1,11,10,32,-6,34,-8,35
0,-15,-4,0,-4,-21,2,-19,8,-20,7,-34
-3,-9,10,-12,5,1,-4,-25,10,-4,8,-32
-2,-11,-4,-18,-7,-18,10,-18,-5,-2,5,-14
-1,-7,-8,-30,-7,3,11,-5,6,-22,7,-22
-6,-8,2,2,5,-17,-5,-5,0,-18,-10,4
4,-17,12,0,1,-25,3,-25,-5,-16,-4,5
-3,2,5,6,0,-21,6,-21,-2,-26,-9,-10
-3,-14,-11,0,5,0,-6,-16,-9,-26,5,-23
-4,-13,0,-15,-1,-27,14,-26,0,7,2,4
-8,-1,-5,-26,-3,-18,-12,-24,13,7,-1,-20
-8,-17,1,3,7,7,-8,-18,13,-10,11,-4
-7,7,6,-4,2,-10,-10,-12,1,-8,5,-15
-12,-2,-2,5,-8,-19,-6,-17,14,-7,0,6
-5,-22,3,9,3,11,6,-11,2,-15,11,-3
-6,-22,-9,14,-7,-19,3,-9,8,-20,11,-15
-11,-14,-3,-7,0,-4,6,-21,-5,1,9,8
1,-20,-4,-16,1,-10,-4,-20,13,-10,-1,14
-12,-14,4,4,2,14,13,-15,11,-16,-1,9
-9,-15,12,5,14,-13,11,-14,12,-9,7,-6
-10,-14,7,14,-12,-17,-7,-4,11,-12,8,-11
-10,-16,-12,-16,-12,1,-3,18,-7,-3,10,-9
-11,-15,-2,-4,8,-2,-3,10,-1,16,7,10
-4,-13,-10,5,8,16,-3,9,-9,13,-11,-8
-12,0,10,-5,0,7,-2,19,2,10,9,9
-3,-12,4,0,-12,21,14,5,-3,-4,-11,-5
-9,-3,9,8,0,19,13,11,-7,8,-12,5
0,-6,-6,-2,-12,15,-9,-10,0,1,12,6
-3,25,14,6,8,24,-2,9,-4,27,-6,18
-8,16,-4,18,2,11,-3,2,7,-8,3,18
5,18,-3,19,11,8,6,10,4,-5,8,2
14,23,-5,20,10,7,4,2,9,14,-9,15
12,5,-12,-4,13,21,6,24,6,-2,13,24
4,23,-5,26,12,16,7,4,5,-4,12,13
11,-3,-6,23,10,9,13,25,11,30,10,10
11,1,-7,14,-3,26,12,20,-7,15,2,33
10,6,1,21,0,5,7,24,12,17,-3,34
4,26,-8,25,6,28,11,16,5,15,0,34
-3,-22,9,-30,-8,-12,-11,-9,-10,-10,8,-12
1,-18,-8,-18,1,-1,9,-14,10,-6,3,-24
4,2,10,-5,12,-12,9,-11,13,-11,-3,-20
-1,-7,1,-26,12,1,-8,-10,6,-28,5,-28
2,-12,-2,-23,3,-24,10,-5,6,-5,-9,-11
-3,-5,10,-3,-3,-4,5,3,14,-28,6,-7
-2,3,12,-9,0,-17,1,-15,-5,-27,10,-11
3,-12,-3,-7,-10,-4,-8,-16,5,-26,7,-16
-7,2,-11,-12,8,-16,15,-22,-2,1,7,6
-9,-10,6,4,-4,-2,14,-27,-8,-16,-1,1
-7,-7,5,-20,-1,-10,3,-5,4,-25,2,-23
-1,-22,4,0,-5,-24,-5,-17,-11,-25,-7,-25
-6,-18,-4,-2,-4,9,-5,-12,-5,-13,-5,-22
-10,-13,9,-6,5,-6,-10,-3,15,-10,11,-22
-2,-10,0,12,-2,-8,-6,-10,-9,-8,11,4
-11,-9,13,-5,14,-3,9,8,15,-10,-5,5
-6,-8,13,-10,-6,11,-6,-19,7,-14,-7,-14
-11,-3,-8,-16,-2,-19,6,2,-9,6,10,16
-9,-17,-2,11,-11,2,-10,17,2,11,1,-18
-11,-13,-6,-14,-10,16,4,-12,11,-16,10,6
-8,-12,-9,-13,-6,8,-1,-12,-7,16,-3,2
-9,-9,7,17,0,-11,-3,-3,1,3,10,-13
0,-14,15,2,14,5,-11,-2,6,22,8,1
1,-1,4,4,7,21,-6,20,12,-5,-4,10
1,-10,-3,-9,15,5,-5,5,-1,7,-3,-7
-10,22,10,5,-9,-10,5,18,3,-1,15,4
3,3,-2,18,11,12,-6,15,-6,13,-5,15
15,14,3,1,11,1,6,15,6,21,2,0
5,17,4,2,6,-3,-3,-4,8,-7,3,25
12,7,-3,16,8,0,6,-2,8,-1,-6,14
1,21,-6,19,7,24,6,6,8,8,-6,30
12,-1,4,6,1,0,10,23,9,24,-3,24
14,16,1,13,13,30,5,-2,13,12,-1,32
11,3,7,4,13,30,9,5,11,33,4,0
12,5,10,22,1,26,7,16,-8,7,3,24
0,24,0,16,-3,19,6,1,10,24,-4,32
11,8,-6,33,0,9,6,27,-7,5,0,16
2,-22,3,-20,7,-9,2,-36,11,-19,-6,-27
8,-30,4,1,-8,-2,-1,-34,13,-31,11,-32
8,-26,7,1,5,-22,15,-33,2,-18,1,-9
-2,3,11,-27,-5,-21,-3,2,-3,-29,16,-2
6,-2,-1,-29,0,-13,4,-17,10,-29,13,-16
3,-16,-3,3,-5,-25,11,4,-3,-13,3,-31
0,-12,11,-9,-6,-22,0,3,11,-9,-4,-7
-7,-5,-2,-8,-8,2,11,7,-9,-29,10,6
-7,-2,-8,5,11,-2,11,-21,-2,-24,-8,-26
-1,-16,3,4,-8,3,0,-5,9,-10,12,-23
6,-24,-3,-23,5,-1,-10,-12,0,-11,5,-18
3,-13,12,-6,-9,-11,-8,-16,14,-1,12,4
-10,-1,1,-8,-9,-11,-8,-19,-1,-19,3,-2
-8,-15,0,-3,4,-10,-8,-5,5,-19,-6,-16
-10,-12,15,4,16,-12,5,-21,-9,12,-9,-4
5,-21,13,-2,-10,3,-9,-12,12,-16,-6,-1
-9,-8,-9,-13,15,-13,-8,-5,-5,-14,2,8
-9,-4,-5,-13,-5,-14,2,-17,-9,-17,8,-9
-8,-6,7,1,-6,13,-5,-7,11,12,9,1
-6,-5,-10,-6,-3,2,13,10,16,6,4,-8
-10,-5,-8,-4,15,-11,-5,-13,9,-3,6,-9
-10,-1,0,18,10,16,-10,7,1,-2,-2,-12
-10,-6,14,19,1,2,-10,21,-7,-13,12,-5
-9,0,10,-1,11,7,12,-4,16,2,-5,3
1,-10,10,12,-7,-9,-6,21,12,-9,4,-10
4,25,14,10,8,0,8,3,14,9,0,5
14,-10,9,-9,7,-8,7,26,13,5,15,15
13,-3,1,26,14,22,-4,13,8,1,12,18
16,23,7,26,11,13,2,24,8,25,1,1
9,-1,-6,11,-1,10,11,23,11,2,-4,4
11,0,8,18,0,29,14,12,3,22,7,16
7,15,-1,26,11,29,-2,1,0,4,1,0
6,4,8,8,10,-1,9,0,12,29,3,14
15,18,-4,2,-3,17,4,11,5,0,2,-1
3,25,-8,15,-2,15,-1,3,8,-1,6,11
11,1,0,9,9,28,9,25,2,18,3,24
11,3,2,31,6,2,-9,28,1,24,2,16
5,-21,-5,-24,-7,-13,2,-28,-1,-31,1,-3
2,-21,-1,0,17,-34,7,-8,4,-30,6,-29
-4,-9,-5,-4,-6,1,17,-4,-3,-6,16,-2
6,-7,-5,-18,-1,-31,15,-10,-1,0,4,-9
16,-18,-7,-16,2,-14,2,-13,2,-14,-3,-19
9,-28,16,-8,14,-11,-1,-12,7,-17,7,-17
1,0,-1,4,3,-4,-6,-3,-4,-14,-3,-2
1,6,-2,-2,14,-20,-3,-19,5,-5,17,-28
-7,8,0,-22,17,-9,14,-18,-4,-7,14,-14
2,-14,-7,9,4,-3,15,-24,15,-14,4,-6
6,-10,5,0,4,-6,-5,-20,-9,-13,-8,-26
-7,5,7,-17,-5,-4,3,8,14,-11,16,11
-4,-3,-5,-7,-7,-7,15,12,5,-7,-7,8
-9,-5,2,-23,-9,-8,4,-6,-1,0,-9,-6
-6,-11,8,-10,6,-8,-7,-1,17,-3,11,6
-1,-9,-8,-1,-4,12,-2,12,6,12,-3,-12
-7,-10,16,2,11,-3,-4,-5,4,-4,7,-8
1,-19,6,-6,17,10,-5,15,10,4,-1,-19
-3,-17,4,7,16,-6,16,-9,-6,0,-4,0
-7,-10,4,4,16,-2,1,-11,-1,2,0,-15
-8,-8,-9,6,15,11,-4,14,-1,16,9,17
-4,-13,2,7,7,6,5,-8,1,-13,2,0
-1,-12,10,21,11,15,4,-1,17,22,0,-13
4,16,4,-3,10,-11,8,18,17,19,1,21
15,-6,17,23,12,-3,8,3,8,21,-1,16
13,-6,8,4,13,4,12,2,15,10,15,9
8,-8,6,12,1,8,9,-3,6,22,8,7
17,18,-2,15,8,22,7,3,3,6,4,8
10,-1,7,-1,8,2,6,-8,-4,16,6,23
12,-3,10,-3,9,8,5,25,-4,20,6,28
12,-1,8,-3,6,24,14,19,13,28,-7,23
6,22,-2,10,2,14,14,18,-1,19,12,4
7,24,8,26,-2,11,13,11,10,8,-4,3
11,-2,9,5,-8,29,7,28,-1,31,7,14
8,20,-4,25,11,10,10,11,1,34,-8,15
6,27,3,15,11,35,14,20,10,33,12,31
8,17,-9,26,-1,11,3,27,-2,20,-3,16
6,-29,-3,-4,7,-9,-7,-35,1,-16,15,-31
-2,1,14,-5,7,-11,7,-28,-1,-27,15,-24
0,-10,4,-9,8,-7,8,-25,3,1,-8,-20
18,-11,-4,0,15,-3,3,-6,2,-7,4,2
18,-18,-1,-28,8,-26,7,-6,6,-19,17,-6
8,-7,13,-22,-2,-26,0,-4,-2,-29,3,-2
3,-9,16,-13,6,-2,4,-5,4,-7,12,-3
2,-12,9,-27,-2,-21,0,-22,12,-3,8,-1
-1,-20,-7,5,-4,-26,-2,-12,-5,-4,15,-26
6,7,-4,-6,14,-2,18,-17,17,-9,15,-23
-5,-6,-6,-13,3,0,3,3,13,-25,13,-21
3,9,-5,-12,2,-18,-7,-4,5,-5,14,-3
-1,-21,-2,-18,-8,-17,-4,-13,-8,-1,10,-2
-7,11,17,-14,4,-2,0,0,2,-13,-1,5
9,9,11,7,14,-13,4,8,12,-17,1,-9
8,-18,-7,-21,-5,-1,3,-5,8,9,15,-13
-5,12,3,-18,17,-10,-1,-5,5,1,12,12
8,-19,9,-13,13,-19,13,-13,-6,4,12,1
-8,-1,17,-2,16,-8,17,-2,18,-11,-8,7
-8,9,15,7,6,0,14,-16,-8,-1,18,12
2,-14,4,-2,1,-9,5,2,16,-5,-7,-11
-4,13,9,14,13,-7,9,17,17,9,2,20
16,-10,10,-12,16,3,4,0,10,14,6,3
14,-9,0,5,9,-5,14,17,9,8,6,17
13,-11,8,-11,13,3,8,-6,7,-1,9,4
13,-11,11,-11,16,-10,4,-10,1,19,11,21
11,-5,0,3,18,12,1,14,10,-6,8,12
11,-1,15,7,1,1,10,-1,-7,7,2,23
11,-6,-8,27,8,22,8,11,2,19,5,-2
12,0,0,21,16,23,17,25,-3,23,15,28
9,17,2,29,10,0,10,-4,10,16,1,2
9,-1,2,11,0,31,9,13,8,5,12,24
15,11,3,10,14,24,11,-1,3,28,7,23
12,-3,-7,9,9,27,17,21,6,-2,17,21
7,21,17,18,17,33,4,27,6,18,15,23
9,27,11,33,10,23,18,34,14,23,1,22
9,21,-7,35,-4,4,3,15,11,28,3,32
7,-15,1,-35,0,-34,17,-23,9,-4,17,-6
3,-11,6,-18,17,-10,5,-32,15,-21,-5,-15
2,-9,2,-19,9,2,7,-30,6,-22,2,-23
11,-23,14,-7,11,-31,7,-24,-7,-30,-2,-1
6,-9,10,-8,16,-21,5,-16,11,-17,10,-1
4,-2,17,-9,2,-27,14,-5,0,-26,11,5
9,-18,11,-20,-1,-26,2,-23,-3,-20,-4,-21
3,-8,9,-25,1,2,5,-24,-7,-19,12,-24
4,5,17,-3,18,-28,5,-5,6,-15,3,-13
4,-23,7,-6,-7,-26,15,-10,-7,-21,-7,-5
1,8,-5,-19,-6,-17,-7,-8,2,-13,5,-12
3,-16,-6,11,16,-24,-1,-7,-6,-11,5,-24
8,-19,11,-24,-4,-9,3,-21,-6,4,19,-16
9,8,-6,-1,-7,-17,11,-10,11,-5,-1,-18
-4,-8,7,-3,13,-4,-2,13,1,-20,7,6
9,11,-2,-4,14,-20,9,0,-3,-9,-2,-20
-2,15,15,-15,14,-7,17,-9,13,-11,2,-16
-6,8,17,-10,-6,-13,-7,14,4,-13,6,17
-4,10,5,10,12,-13,10,12,12,-16,3,-11
18,-16,-3,11,19,15,14,-9,10,14,-6,18
17,-11,5,19,15,-2,13,-6,11,14,6,17
16,-13,5,-5,9,17,19,18,18,8,12,-14
10,5,4,-1,2,1,15,0,16,15,3,15
15,-12,4,-10,17,15,11,18,11,1,1,21
9,11,6,16,5,-9,13,-11,6,-8,-3,24
13,-6,4,15,12,-1,14,4,10,9,9,23
11,16,-1,24,17,22,10,-1,4,-1,10,5
13,-7,8,-2,13,1,16,6,5,1,5,15
7,19,3,11,10,16,2,14,12,23,-1,13
18,16,-2,19,9,-6,9,28,7,-5,19,17
11,18,4,6,6,30,18,24,3,8,3,19
17,13,9,15,12,13,11,28,-1,31,6,15
13,4,-2,6,5,27,12,2,10,20,17,15
11,33,13,23,0,21,15,22,5,4,0,18
17,17,10,26,2,22,18,24,14,21,9,14
13,2,13,28,11,12,10,13,4,6,9,5
11,13,2,10,15,32,10,17,3,34,-4,14
4,-9,2,-25,8,-29,4,-2,-3,-14,1,-12
20,-34,19,0,-5,-31,7,-14,12,-4,3,-17
19,-16,17,-19,15,-11,10,-6,19,-8,-6,-5
9,-9,0,-21,11,-19,8,-8,5,-13,20,0
8,-2,8,-1,14,-27,8,-32,0,-22,14,-1
5,5,8,-27,14,-25,15,-27,13,-4,13,-13
4,4,20,4,17,6,13,-14,6,-25,16,-16
9,-9,0,-6,11,-13,7,5,-6,4,9,0
1,-14,0,-24,11,-2,-1,-2,15,-2,-2,-17
-2,-4,16,-18,-2,-1,-5,4,2,-7,10,8
3,-9,9,-22,13,-2,3,-9,-1,3,0,3
-2,-3,14,8,15,-14,18,6,-2,10,1,-14
9,-18,-2,5,14,-1,5,-14,-1,-13,10,-9
5,-6,1,5,16,-12,10,-18,3,-16,-1,2
7,3,0,6,19,1,12,-6,19,8,9,11
19,-18,5,7,19,8,12,0,11,-3,5,-21
20,10,10,9,18,-2,13,10,1,10,2,-4
17,-6,8,9,18,3,16,-6,13,16,12,1
17,-13,18,0,11,-11,14,-7,19,7,1,18
17,-5,4,5,13,10,0,17,14,-4,-3,8
16,-16,15,9,11,-15,12,19,1,5,11,16
13,-5,0,21,9,7,12,-9,14,10,3,11
15,-6,8,21,18,22,13,-5,12,18,-3,-1
11,-4,1,7,2,17,12,-12,19,14,8,11
12,5,5,3,10,0,4,1,11,17,-3,12
11,-3,19,18,15,3,18,10,15,16,16,22
17,6,12,24,1,-1,-2,3,14,8,-3,1
18,15,1,26,17,17,9,22,15,-2,5,9
14,5,7,26,18,21,13,-7,15,6,11,10
14,2,18,13,0,9,20,25,-5,8,13,13
19,23,8,0,3,28,3,23,19,-6,12,21
12,25,11,22,1,31,1,2,6,-1,11,7
11,11,4,20,-3,9,7,15,-3,10,7,12
12,25,7,33,12,20,13,7,-2,-2,16,8
12,0,7,0,12,3,9,12,4,1,9,12
12,30,-2,26,12,18,13,34,0,12,20,31
11,14,20,27,3,27,6,31,15,8,3,0
14,-32,6,-27,12,-36,4,-4,5,-11,1,-2
4,-8,1,-34,15,-34,17,-13,11,-18,5,-24
9,-8,12,-30,12,-13,4,-4,-3,-34,21,-8
13,-24,0,-24,13,-29,15,2,7,-25,11,-10
-2,-3,8,-23,5,-26,9,2,10,-15,18,-13
2,-8,0,0,2,4,-1,-22,11,-5,21,-14
8,-23,3,-16,-5,2,20,-16,17,-22,-2,0
3,-18,10,-24,-1,-28,13,-1,13,-4,7,-23
3,0,-1,-2,14,-22,13,-5,20,-7,13,-4
21,-16,7,5,20,-3,13,-12,1,-7,2,-20
20,-4,1,-8,20,4,19,-7,10,4,-2,-25
19,-23,5,1,14,-24,18,-13,15,-13,4,6
18,-14,0,-19,20,4,14,-17,13,-17,5,-12
12,-20,8,-8,13,9,16,-5,21,12,6,-9
17,-20,7,8,21,5,20,1,9,5,13,-19
16,-14,7,-16,21,13,13,6,19,-18,1,14
15,-14,4,-9,16,-10,5,8,14,10,10,5
13,16,14,5,12,-13,4,17,3,10,7,-2
13,-6,0,17,13,-6,11,-15,2,-16,10,-13
13,2,-3,-8,20,14,17,14,16,-7,13,0
13,13,-4,16,13,-7,13,-6,6,-12,-2,16
13,3,8,-7,0,13,5,6,9,3,5,8
12,-9,15,8,20,6,5,22,4,-8,10,20
21,19,0,17,4,19,15,18,-2,20,7,7
19,11,9,5,7,2,14,-1,1,12,2,13
16,10,-2,7,7,12,20,20,15,8,11,-7
19,20,1,4,5,13,15,-1,10,6,18,14
15,21,-4,7,3,13,2,19,11,14,15,-4
14,24,19,11,8,9,8,4,-1,8,17,0
17,10,2,9,-2,-1,12,22,21,17,18,8
12,1,-1,10,9,23,3,19,14,14,-4,18
13,17,18,15,13,3,12,20,17,10,16,20
12,9,8,10,14,4,20,16,-2,4,4,8
12,13,-1,20,14,23,11,4,-1,25,6,7
13,18,-3,9,20,1,13,2,14,27,10,13
13,10,1,15,2,3,13,23,7,2,15,13
17,10,20,28,8,9,11,16,7,27,10,22
14,-32,19,-9,-4,-33,6,-34,15,-29,21,-5
10,-27,22,-16,19,-27,18,-17,5,-13,-3,-25
12,-1,7,-4,14,-5,22,-7,15,-23,22,-4
22,-14,14,-30,20,-12,14,-13,9,-8,3,-17
21,-23,1,-4,22,4,14,-10,14,-19,0,-11
21,-26,-1,-16,20,-12,14,-26,1,-3,1,-31
20,-27,13,-13,13,-27,13,-17,3,-27,17,3
19,-28,2,-14,15,-29,13,-10,18,-19,8,-6
13,-2,6,2,18,5,11,-9,11,-9,4,-13
14,-2,0,-19,18,8,6,8,18,-15,21,-23
14,-3,7,-18,15,-3,18,8,10,8,5,-6
22,11,15,-5,6,-14,0,7,2,9,-2,-16
16,-14,14,-15,-1,-12,17,1,7,-9,1,4
14,-22,21,-19,15,-6,-3,-6,10,-7,11,-19
14,-22,20,-10,5,-17,7,10,14,-6,0,-20
17,-7,8,-1,13,12,17,8,6,11,9,-19
21,7,21,1,15,0,14,5,1,-5,3,-14
15,-7,-2,11,-2,3,15,-2,12,8,15,14
15,3,-2,-3,9,-15,2,-4,12,18,5,-8
17,15,1,6,7,18,4,19,1,-8,-3,8
16,12,5,18,4,18,22,13,5,19,4,-3
17,-4,8,14,-3,-12,1,-7,7,2,6,4
18,-1,-3,-3,15,21,2,6,10,1,4,8
14,19,3,-4,14,1,9,18,6,-8,-1,5
15,-11,13,-1,12,-4,1,15,13,4,8,-7
15,-11,16,9,14,11,15,20,18,8,12,7
17,3,-4,3,16,-8,17,22,-3,15,3,-2
17,1,6,12,15,25,16,-6,-3,2,9,1
20,13,22,14,12,-1,4,26,13,5,-3,1
17,9,14,-6,16,0,9,25,8,19,14,16
21,18,10,23,21,28,21,23,10,25,-1,22
21,26,8,22,19,28,11,4,-2,30,9,27
18,11,15,18,7,18,13,7,5,22,7,4
18,8,3,10,-2,-3,16,23,5,22,12,27
14,25,1,34,6,34,5,4,6,5,4,2
13,11,-3,29,14,19,16,26,4,-1,16,16
21,30,17,33,9,12,21,35,12,21,15,34
21,-35,12,-24,22,-11,11,-3,20,-20,2,-19
20,-27,6,-17,23,-2,14,-19,15,-33,7,-4
20,-23,7,-6,14,-30,15,0,14,-12,11,-12
11,-5,0,-5,23,2,15,3,10,-24,19,-18
17,-28,7,4,17,-7,16,2,13,-3,-1,1
15,3,5,-14,17,-12,16,-29,5,-13,11,-25
15,-14,10,2,19,-28,20,-12,5,-29,21,-18
15,-15,18,-9,4,0,5,-28,4,-12,23,7
15,5,5,-20,5,-25,20,7,9,-27,16,1
19,-15,18,-5,4,-14,1,-9,15,-7,16,1
22,-1,-2,-22,3,6,7,1,4,-25,10,0
20,-8,23,0,11,-7,2,-2,3,8,21,-7
20,-6,8,-6,9,-14,12,-12,18,-11,16,-16
16,13,12,-2,4,-20,22,-2,16,-13,14,7
16,-8,4,1,4,1,17,-8,1,2,22,6
22,15,20,5,22,12,21,5,5,1,20,5
22,13,6,-20,13,-11,18,-4,6,-10,16,-20
17,-5,12,-16,8,6,11,16,12,-9,17,-9
16,17,-2,0,7,3,6,9,-1,8,10,-13
18,8,5,-11,17,-17,17,16,8,-9,15,13
19,2,7,-13,1,-3,17,4,11,19,6,16
17,-3,4,10,0,11,16,0,18,16,2,4
17,13,19,19,21,9,12,22,3,21,6,13
21,12,13,-4,16,6,1,9,22,22,4,9
22,14,0,15,9,7,13,2,19,9,11,19
19,3,12,5,3,7,2,7,9,14,20,17
17,5,12,-8,-1,25,13,-10,22,26,11,11
18,15,9,12,5,23,8,3,16,23,16,-3
19,14,2,3,9,21,-2,18,6,3,7,-3
20,21,9,17,4,7,19,17,12,17,7,-5
20,17,16,2,8,26,22,19,18,6,3,18
20,29,11,-5,6,6,4,19,6,26,15,-5
16,22,4,2,19,14,11,18,12,11,13,-2
18,19,18,15,17,32,6,23,17,-3,11,33
18,29,21,12,23,29,7,22,17,29,18,8
18,22,12,5,16,8,23,35,7,10,4,28
21,17,22,30,16,15,18,9,19,35,17,7
15,-26,22,-2,9,-6,19,-26,17,-28,18,-34
15,-24,9,-29,20,-12,18,-17,24,-8,3,-6
16,-13,1,-8,5,-6,8,-3,5,-8,14,-10
24,0,4,-22,7,-8,7,-30,11,-27,21,-21
16,-17,13,-24,8,1,20,-3,19,-26,10,-23
17,-20,23,-6,18,-11,5,1,16,-26,5,4
18,-19,15,-14,14,-10,10,-6,4,-14,16,-21
19,-12,20,-17,14,-10,17,4,23,0,10,-11
19,8,15,-23,8,-2,6,-4,8,-7,4,-13
24,7,15,-4,19,3,21,7,10,-14,17,-4
19,-6,5,-15,19,-4,3,6,21,-14,21,7
21,7,20,2,10,-18,11,3,23,-20,6,-5
17,4,0,-3,0,-22,1,-7,19,-24,4,-18
17,4,14,3,6,-2,10,3,4,-15,15,6
20,13,-2,-7,18,12,3,-5,-2,-18,0,4
21,8,-2,10,9,-7,19,-4,18,2,10,11
20,8,17,-17,12,14,12,-12,17,-16,1,14
20,11,9,17,20,8,5,-14,16,0,10,-4
17,-3,9,11,11,3,12,-6,2,-15,-1,-4
18,-1,18,-7,13,1,3,-7,17,5,5,0
17,-3,3,-9,17,6,9,-3,16,13,6,14
20,17,24,-6,19,-10,11,-1,8,18,12,-10
20,5,1,-6,17,7,8,15,9,7,-1,-1
17,5,8,18,10,14,20,15,19,19,7,12
19,16,17,20,3,-10,14,-11,18,-8,15,23
21,13,20,4,16,16,7,3,1,6,5,-1
18,9,16,-6,10,1,15,10,22,15,24,-3
22,19,-1,12,20,10,22,25,15,-6,13,7
23,26,14,6,3,26,9,9,3,23,5,7
22,22,16,-1,8,7,20,13,18,23,15,26
21,16,11,5,5,15,3,15,7,18,18,5
18,30,18,-5,18,16,8,4,5,-5,6,-4
20,19,3,15,21,8,17,14,10,26,6,21
19,26,14,31,20,26,7,12,10,19,22,0
18,15,0,-1,13,27,8,-1,19,33,19,13
21,25,12,11,3,28,15,27,23,31,10,30
18,20,11,7,11,14,5,23,11,26,12,20
20,-27,5,-11,7,-18,18,-31,15,-28,15,-10
16,-29,19,-26,16,-12,17,-32,24,-15,17,-7
20,-22,13,-26,22,-27,9,-8,1,-1,10,-10
25,2,1,-6,9,-20,1,-29,15,-24,14,-3
24,-4,8,0,3,-16,10,1,18,-23,3,-6
18,-14,5,-28,22,-18,0,-24,19,-20,7,-20
23,-3,12,0,8,-11,8,5,20,-8,4,-15
18,4,9,-6,14,-26,0,7,3,-4,14,-29
21,3,9,-26,16,6,14,6,4,-18,1,-16
19,-2,6,-10,13,-11,18,0,7,-16,11,-14
23,5,7,1,14,-20,5,1,11,-6,19,7
19,11,17,-2,13,-5,18,-3,14,1,9,2
21,-3,22,9,9,-2,19,-19,23,-5,21,-18
18,6,10,-3,6,-13,22,7,6,-12,13,-16
22,-2,16,11,2,-5,1,6,15,-11,12,-8
22,10,22,15,22,11,2,-1,22,1,5,-18
21,13,25,-12,25,-18,1,0,5,1,15,0
21,8,3,16,17,-19,10,-14,22,9,5,-5
21,8,11,-3,20,13,22,1,5,-13,24,5
23,18,0,17,25,-1,11,0,15,-10,24,-12
23,16,17,2,2,-15,23,19,16,9,-1,-15
19,19,7,-6,9,-15,19,7,12,17,1,7
20,13,16,11,2,20,21,12,9,15,1,-10
23,13,7,19,21,21,15,13,1,-3,14,-1
18,4,13,11,9,-7,14,5,0,10,15,-9
22,10,8,-9,10,4,21,10,5,-7,6,-2
18,12,17,21,9,10,20,9,6,3,6,9
19,14,19,5,21,22,14,-6,8,6,17,5
24,27,22,20,23,27,16,-2,8,-5,11,18
24,25,22,28,8,19,19,23,17,20,6,-4
21,14,7,25,11,27,25,25,25,25,3,8
21,19,23,-4,10,24,21,31,15,7,23,26
23,30,1,16,12,3,18,28,1,25,18,13
21,33,22,14,3,22,23,29,24,28,10,0
18,22,4,0,13,1,13,27,12,29,5,17
21,28,2,9,14,31,11,19,24,21,3,9
19,31,2,32,6,18,6,11,17,21,19,23
24,-14,24,-6,21,-24,13,-35,18,-27,13,-35
22,-19,10,-1,2,-21,1,-5,3,-4,8,-8
24,-14,2,-3,26,-10,21,-11,8,-6,25,-7
23,-14,14,-3,2,-1,7,-31,11,-19,8,-27
21,-17,8,-3,6,-22,10,-25,22,-7,15,4
22,-6,4,-18,6,-22,15,-15,23,-1,15,-7
19,-11,7,-22,4,-30,13,6,5,-22,22,-18
23,-4,3,5,22,-21,4,0,4,-2,24,0
21,-9,0,-3,5,-1,13,-25,4,-5,22,4
24,9,18,-11,5,-4,13,-11,15,-15,12,-19
20,7,14,-13,4,-9,24,-1,2,6,12,-1
20,4,18,5,2,0,13,-17,12,-4,13,3
19,10,9,12,15,-23,4,-22,11,-19,4,-8
21,10,9,-2,13,-10,19,-9,8,-11,0,-21
23,8,10,5,21,-15,24,-6,5,-21,20,-10
23,14,0,-18,2,-9,23,15,6,-12,13,10
20,6,23,12,15,-9,10,-1,20,-5,14,-2
20,5,8,-14,12,13,10,-14,13,3,13,10
20,0,20,17,24,6,3,14,14,18,3,-1
21,9,0,-7,7,-16,7,8,24,16,10,0
22,18,21,-2,8,0,22,17,14,3,18,-14
23,12,22,13,3,6,10,5,20,21,14,-7
19,11,15,10,10,3,13,-5,12,22,1,20
19,7,5,8,15,-5,25,23,3,3,4,17
19,18,0,17,0,22,11,6,23,-1,4,17
21,23,2,12,23,6,5,3,24,25,5,-8
19,13,9,17,12,14,26,24,4,-6,8,-2
20,23,25,-8,12,-8,14,18,12,23,7,-4
20,13,22,8,20,6,12,-1,13,10,20,16
23,29,19,20,22,29,19,12,16,24,0,12
21,12,22,-3,11,4,10,19,23,29,2,17
20,17,20,-3,4,13,1,8,14,9,8,5
21,31,7,10,12,31,13,16,13,32,24,-4
23,30,4,1,19,25,16,30,1,33,8,-1
24,31,22,16,14,28,7,19,14,1,16,23
21,29,3,21,22,15,19,28,15,12,10,-1
19,31,9,8,17,9,13,35,7,7,1,32
