-15,-25,0,-6,-1,-7,0,-23,-8,-12,-16,-15
-16,-24,0,-19,0,-3,0,-23,0,-22,0,-12
-15,-22,0,-22,-5,-7,0,-23,0,-26,0,-21
-17,-22,0,-23,0,-31,-24,-15,0,-19,0,-22
-14,-21,-24,3,-2,-27,0,-22,0,-25,0,-23
-17,-21,0,-22,-7,-23,0,-27,0,-19,0,-24
-14,-21,0,-22,-17,-24,0,-27,0,-19,0,-25
-16,-17,0,-22,-8,3,0,-2,0,-19,0,-25
-17,-16,0,-22,-9,-10,0,-26,0,-19,0,-25
-18,-17,0,-22,-3,9,-1,-3,0,-21,0,-15
-17,-17,-1,9,-9,-16,-4,9,0,-23,0,-24
-13,-15,0,-14,-18,-17,-4,9,0,-20,-1,6
-16,-11,-1,4,-10,-1,-4,4,0,-20,-26,-6
-18,-12,-1,-13,-18,-16,-17,-11,-1,1,0,-13
-14,-12,-4,-14,-20,6,-7,-13,-1,-11,-2,3
-18,-13,0,-18,-17,2,-5,13,0,-19,-2,-9
-17,-7,-6,13,-20,3,-8,-13,-7,-8,-3,-8
-12,-9,-24,7,-11,-1,-23,-2,-9,7,0,-11
-15,-2,-2,-15,-15,-17,-5,15,-11,2,-6,14
-18,-11,-4,0,0,16,-9,-1,-12,11,0,-11
-20,-6,-13,10,-21,8,-9,-7,-12,9,-9,-1
-15,12,-13,15,-6,15,-26,2,-13,-3,-26,-6
-15,12,-1,16,-3,14,-17,16,-14,14,-1,-4
-13,2,-1,-2,-21,-11,-6,10,-1,-3,-11,13
-16,12,-8,21,-17,-1,-5,20,-14,6,-12,22
-14,-8,-10,0,-12,4,0,17,-14,3,-1,-6
-13,-8,-2,22,-6,18,-1,8,-8,1,-12,16
-17,22,-19,-2,-20,15,-11,8,-4,11,-2,19
-12,11,-6,-6,-14,2,-11,0,-6,18,-2,11
-14,11,-14,27,-21,3,-2,6,-14,-3,-3,13
-16,17,-7,20,-7,25,-11,-3,-15,16,-3,12
-17,15,-13,31,-3,-5,-12,27,-12,11,-4,19
-17,18,-14,32,-14,5,-4,19,-6,1,-12,9
-19,11,-7,10,-8,3,-12,19,-15,17,-8,8
-7,9,-21,2,-5,29,-12,14,-15,6,-12,6
-14,3,-14,8,-6,18,-12,9,-15,1,-13,33
-17,30,-23,33,-8,17,-12,8,-16,33,-9,27
-13,-24,-13,-16,-16,-14,-12,-6,-8,-13,-10,-17
-17,-26,-14,-1,-16,-15,-15,-33,-15,-6,-12,-23
-12,-23,-14,-10,-4,2,-3,-25,-8,-18,-11,-19
-16,-25,-14,-30,-18,-16,-12,-30,-15,-6,-13,-12
-12,-20,-3,-16,-18,-1,-12,-30,-15,-8,0,1
-11,-20,-13,-28,-18,-6,-13,-5,-15,-12,-13,-27
-15,-20,-14,-28,-20,-7,-13,-5,-9,-14,-11,-27
-14,-16,-15,4,-21,-2,-13,-9,-10,1,-13,-26
-14,-19,-14,-2,-17,7,-4,-14,-15,-10,-12,-9
-14,-12,-15,-6,-17,1,-13,-9,-10,-3,-13,-25
-14,-12,-15,-15,-17,-10,-13,-12,-15,-10,-13,-25
-13,-10,-15,4,-17,-16,-13,-12,-15,-10,-14,1
-12,-15,-16,-13,-20,-3,-13,-23,-11,0,-12,-11
-10,-13,-21,-19,-20,-12,-4,-13,-15,-17,-14,2
-17,-9,-15,-3,-16,-4,-14,12,-16,12,-12,-12
-16,-6,-21,-18,-16,12,-14,2,-11,-16,-12,-18
-18,-9,-1,0,-25,-19,-14,-3,-3,11,-1,14
-19,-10,-17,-15,-18,3,-25,-18,-11,4,-14,-6
-13,-11,-17,2,-22,-14,-5,0,-16,15,-14,-16
-17,1,-21,-15,-4,-12,-5,-11,-16,10,-14,-16
-10,-12,-15,2,-12,-13,-6,17,-16,10,-14,-16
-16,17,-15,16,-20,-7,-7,-1,-8,19,-1,9
-15,11,-15,-1,-7,5,-14,-4,-16,7,-15,21
-15,18,-15,1,-9,-7,-4,-2,-12,11,-15,21
-14,13,-22,15,-13,-11,-14,-8,-16,7,-15,17
-20,-6,-20,15,-10,-6,-4,-2,-16,3,-1,22
-15,16,-13,-8,-10,18,-14,-10,-16,-5,-15,17
-14,21,-22,17,-21,10,-15,27,-16,-5,-3,-8
-16,19,-14,17,-10,25,-4,-1,-17,23,-15,17
-15,-7,-14,13,-13,-7,-5,1,-12,13,-15,17
-21,3,-14,11,-16,29,-15,29,-17,24,-15,14
-20,5,-23,-1,-23,0,-8,31,-17,24,-12,-4
-10,8,-14,-4,-22,14,-8,19,-17,22,-15,15
-17,26,-21,21,1,9,-8,14,-17,22,-13,3
-19,2,-25,6,1,9,-8,2,-17,19,-15,16
-12,3,-15,0,-13,18,-9,34,-13,14,-15,14
-20,9,-22,23,1,9,-15,33,-13,3,-15,13
-15,-20,-15,-2,-15,-22,-14,-11,-16,-16,-14,-24
-6,-25,-16,-17,-17,-1,-14,-11,-16,-16,-14,-34
-9,-25,-13,-6,-21,-31,-5,-10,-12,-33,-14,-34
-4,-23,-19,-15,-17,-5,-5,-31,-10,2,-17,-13
-11,-13,-20,1,-22,-32,-6,-20,-16,-14,-15,-8
-13,-13,-17,-14,-20,-23,-7,0,-16,-15,-13,5
-8,-20,-20,-23,-15,-6,-14,-12,-16,-16,-15,-10
-15,-12,-21,-22,-17,-2,-14,-13,-10,0,-15,-10
-6,-19,-23,-5,-16,-24,-8,-1,-16,-17,-15,-10
-15,-22,-20,-13,-22,-8,-14,-16,-16,-17,-15,-10
-11,-18,-23,-20,-18,10,-9,-24,-17,3,-15,-11
-18,-19,-24,-16,-23,9,-14,-25,-12,-25,-13,8
-12,-3,-14,3,-16,-12,-15,12,-11,10,-15,-12
-17,-8,-14,-21,-24,12,-9,-2,-13,6,-15,-18
-14,-19,2,-8,-24,10,-10,-10,-12,13,-15,-18
-15,-17,-22,-12,-18,-13,-15,14,-17,7,-15,-20
-16,-15,-21,-19,-21,-15,-4,-20,-13,4,-16,14
-16,8,2,-17,-6,7,-5,9,-12,-12,-16,8
-11,0,-14,14,-18,17,-2,11,-17,9,-16,8
-14,-16,-14,3,-20,-10,-15,15,-13,11,-13,7
-10,-12,-6,-5,-19,-9,-15,-6,-13,7,-16,5
-14,-13,-14,-8,-17,17,-15,-6,-13,0,-16,5
-12,9,-15,10,-20,-11,-15,14,-17,12,-16,3
-16,6,-15,10,-20,13,-15,14,-13,-12,-13,3
-15,12,-16,10,-9,-6,-13,18,-17,12,-13,3
-18,4,-13,21,-19,-7,-10,-7,-17,12,-16,4
-16,11,-17,5,-19,-7,-15,15,-17,7,-13,-6
-17,8,-7,2,-21,0,-15,14,-17,0,-14,22
-5,4,-20,8,2,0,-11,25,-18,27,-16,-2
-10,1,-17,26,-22,26,-15,15,-14,21,-14,15
-21,0,-17,7,-24,27,-13,5,-18,27,-16,-4
-11,2,-17,25,-24,25,-15,14,-14,-4,0,9
-11,28,-17,10,-17,3,-13,-1,-14,22,-17,31
-12,23,-24,28,2,10,-11,24,-18,27,-17,29
-16,24,-17,21,-9,12,-11,17,-18,27,-17,28
-10,15,-1,31,-21,11,-12,31,-22,8,-17,28
-21,3,-7,10,-5,30,-12,19,-2,10,-15,6
-6,-24,-16,-16,-6,-6,-11,-21,-11,-12,-13,-22
-10,-15,-17,-5,-23,1,-4,-29,-13,-10,-9,-15
-17,-23,-2,-22,-15,-23,-14,-18,-14,-32,-13,-30
-19,-28,-16,-11,-19,-9,-14,-19,-17,-5,-13,-30
-1,-22,-21,-31,-17,-14,-11,-21,-17,-5,-16,-4
-6,-12,-20,-11,-19,-17,-14,-23,-17,-5,-16,-8
-8,-11,-17,-1,-21,-6,-14,-23,-17,-5,-14,6
-12,-1,-15,-21,-23,-10,-15,3,-17,-6,-16,-12
-1,-17,-2,-19,-3,5,-15,0,-13,-6,-14,7
-9,-20,-17,-2,-4,0,-19,4,-17,-5,-16,-12
-17,-10,-15,0,-16,-18,-15,1,-17,-16,-16,-16
-12,9,-19,10,-21,5,-15,-2,-17,-17,-16,-16
-8,-22,-18,-1,-20,10,-15,-2,-13,-4,-17,10
-5,-4,-6,2,-22,10,-15,-5,-17,-22,-14,8
-16,5,-6,-10,-17,7,-6,8,-18,11,-17,10
-4,-8,-15,6,-3,0,-15,-4,-18,7,-14,7
-16,3,1,13,-13,3,-11,-12,-18,5,-17,10
-10,7,-18,-11,3,-12,-6,-1,-18,5,-17,7
-5,-14,-19,5,-13,-13,-11,-16,-13,-1,-14,7
-9,7,-17,-7,-14,17,-6,-5,-13,-7,-17,5
-8,2,-19,6,-8,16,-11,-16,-18,7,-14,6
-11,14,-21,21,-13,3,-12,5,-2,20,-17,-1
-17,0,-1,21,-9,19,-15,2,-18,5,-14,0
-14,22,-22,15,-10,-3,-15,1,-14,23,-17,-3
-9,2,-20,-4,-10,-7,-15,-3,-14,20,-17,-3
-6,2,-22,14,-14,25,-15,-5,-18,-4,-17,-3
-19,-7,-19,-4,-14,7,-15,-9,-18,-4,-15,26
-16,-7,-19,18,-15,-8,-12,7,-18,-7,-14,4
-13,28,-14,19,-19,-4,-12,1,-19,23,-22,12
-2,12,-17,-7,-20,1,-21,-6,-18,28,-18,27
-16,22,-15,5,-16,27,-12,2,-14,23,-18,23
-16,24,-17,29,-21,21,-16,29,-19,25,-18,21
-7,1,-20,21,3,2,-13,28,-18,14,-18,21
-10,20,-18,28,-22,-2,-16,30,-19,26,-14,8
-17,0,-20,26,0,20,-16,30,-19,22,-14,6
-10,21,0,-1,-8,6,-7,31,-3,29,-11,32
-4,22,-21,34,-4,15,0,12,-11,20,-10,4
-16,-9,-21,-20,-16,-11,-20,-36,-2,-26,-13,-33
-16,-34,-17,-16,4,-30,-6,-17,-18,-12,-17,-13
-15,-10,3,2,-15,-8,-15,-3,-13,-6,-17,-17
-13,-32,-16,-2,3,-31,-12,-20,-13,-8,-17,-25
-20,-13,-2,-20,-7,-15,-15,-2,-17,-31,-18,-3
-4,-26,3,-26,-13,-4,-21,-19,-13,-8,-18,-5
-14,-28,-17,-30,-2,-15,-15,-1,-18,-25,-18,-5
-10,5,-20,0,-3,-6,-15,-1,-13,-7,-18,-6
-13,-26,-21,-23,-16,-2,-15,-2,-18,-24,-18,-6
-16,-1,-20,-3,-3,-9,-15,-2,-13,-7,-18,-12
-15,10,-16,-18,-13,-7,-15,-5,-18,8,-18,-22
-19,-6,2,1,-17,-3,-12,-15,-13,-10,-14,10
-16,-12,2,-3,-4,12,-12,-16,-13,-17,-18,-21
-17,5,-21,12,-22,-7,-15,-8,-14,10,-14,10
-16,3,-9,-15,-16,0,-16,-6,-14,5,-19,7
-1,1,-21,11,3,-21,-21,-15,-14,-6,-19,6
-3,-13,-21,9,-20,0,-22,7,-18,-17,-19,4
-17,-2,-16,14,-6,10,4,7,-19,15,-19,3
-16,4,-17,18,-20,13,-15,-4,-19,11,-19,3
-10,13,-15,-9,-1,7,-15,-5,-18,-15,-14,14
-6,-3,-16,16,-22,8,-15,-5,-19,12,-14,14
-8,10,-16,8,-18,7,-12,-10,-20,5,-14,14
-11,21,-20,9,4,-10,-15,-6,-19,10,-14,14
-2,0,-13,15,-17,-4,-12,-10,-15,23,-14,11
-8,20,-12,-4,-2,23,-15,-10,-19,-6,-14,10
-8,7,-14,-6,-8,6,-13,15,-20,19,-19,8
-4,8,4,14,-6,-1,-15,-10,-20,11,-14,9
-3,9,-10,1,-20,-5,3,12,-15,24,-14,9
-7,-2,-10,3,4,-5,-16,28,-20,-3,4,12
-16,23,-7,27,3,24,-16,24,-15,25,-19,-1
-10,27,-11,5,-11,4,-16,24,-20,-4,-20,0
-5,-1,-8,21,-1,18,-13,8,-5,2,-14,11
-14,31,-9,15,-11,21,-13,-1,-20,-3,-20,0
-11,30,-21,5,-10,9,1,12,-21,33,0,8
-15,2,-15,34,-19,19,-1,24,-21,15,-14,12
-17,1,-22,12,4,26,-5,28,-21,10,-20,2
-15,18,1,25,3,19,-6,8,-15,31,-2,16
-2,-32,0,-23,-7,-12,-15,-8,-19,-18,-13,-26
-15,0,-13,-23,-14,-25,-5,-26,-21,-19,4,-5
-16,-9,-6,-32,-20,-12,-6,-29,-5,-4,-20,-12
-16,-11,-8,-22,0,-1,-15,-6,-20,-23,4,-16
-6,2,-12,-13,-3,-9,-15,-6,-14,-7,4,-26
-16,-1,-7,-12,-21,0,-8,-7,-20,-26,-13,-24
-18,-29,0,5,2,-17,-15,-5,-20,-26,-20,-27
-15,-29,-19,-23,1,4,-15,-23,-13,-20,-21,5
-15,8,-17,0,-13,2,-15,-25,-13,-11,-21,5
-13,-26,-9,-1,-16,-15,-8,-15,-13,1,3,3
-1,-4,-12,7,-17,2,-12,-24,-12,4,-21,5
1,7,-21,-13,-10,-16,-15,-24,-14,-3,-21,5
-14,-23,-2,-8,-10,-24,-8,-23,-9,-7,3,-7
-6,-1,-17,3,-12,-8,-16,11,-14,-2,-13,-19
-6,-21,-16,-16,-13,-5,-10,14,-20,7,-21,7
-9,14,-17,-20,-14,3,-16,11,-8,-6,-13,-18
-2,-3,-10,-16,-14,-6,-13,15,-8,6,-21,3
-15,2,-9,11,-13,6,-13,15,-14,-9,-14,8
-2,-13,-18,17,1,10,-16,13,-14,-13,-21,-8
-19,1,-6,-5,-15,15,-16,13,-20,-3,-14,9
-15,16,-9,-12,-18,-10,-16,13,-19,6,-15,-10
-8,19,-10,4,-8,-8,-16,13,-19,17,-14,9
-15,-1,-9,10,-18,-1,-18,6,-15,20,-12,13
-15,10,-18,-11,-15,17,-16,12,-19,20,-14,9
-17,-12,-7,-2,-20,20,-20,24,-19,24,-14,4
-19,-8,-15,15,-17,-10,-21,13,-15,20,-14,23
-16,17,-12,19,-15,0,-10,14,-15,9,-19,12
-8,18,-10,18,-17,20,-10,-2,-7,11,3,-2
-15,9,-10,21,-20,16,-11,23,-18,-4,-14,5
-16,22,-10,2,-12,5,-21,18,-15,8,2,17
-4,8,-9,-5,-3,18,-11,14,-8,26,2,2
-4,0,-19,8,-17,15,-12,26,-18,2,-3,14
-9,2,-14,15,-3,9,-13,32,-18,18,-21,32
-9,14,-10,27,-9,10,5,6,-15,6,-4,17
-12,1,-4,24,-11,10,5,4,-16,34,-14,9
-5,6,-18,-1,4,21,-16,32,-18,29,-20,10
-2,19,-11,12,2,2,-18,15,-20,33,-16,27
-19,-28,-8,-5,-20,-2,-5,-25,6,-13,-7,-12
-19,-31,-10,0,-16,-35,2,-9,-16,-35,3,-35
-2,-18,-11,-3,-19,-34,-12,-1,-8,-15,-8,-8
-16,-11,3,-10,-16,-8,6,-28,-16,-27,-14,-9
-6,3,3,4,-13,3,-12,-2,-16,-23,-13,4
-2,-11,-19,-27,-12,-21,5,-5,-16,-9,-19,-7
1,-9,6,-26,-12,-12,-17,-17,-16,-3,-13,-24
-3,3,6,-16,-3,5,-18,5,-15,5,-19,5
-17,-28,5,-22,-5,3,5,-12,-15,-24,-19,7
-16,-4,-13,-6,-6,-13,-3,5,-15,2,-18,-7
-16,4,5,1,-17,-26,-3,-15,-15,1,-18,0
-19,-18,-12,5,-18,-24,-12,4,-15,-12,-14,6
-2,-7,-11,-4,-12,-5,-5,-8,-15,-4,-17,-16
-5,-6,2,4,-19,-14,-5,-19,-8,-12,-14,5
3,-8,-17,12,-19,7,0,-5,2,7,-9,-15
-2,13,-10,-16,-16,9,-6,-8,5,-13,-14,6
-14,-1,6,3,-15,11,6,4,-15,6,-17,3
-16,6,-10,11,-15,8,-12,-4,-15,11,-14,6
-16,6,-11,7,-17,-11,-18,3,-19,4,-17,8
-17,4,-7,-11,1,-16,5,-12,1,-12,1,13
-18,-16,2,-10,5,-10,2,4,3,1,-7,4
-4,10,2,6,-18,-4,4,18,5,13,-4,-10
-15,7,-8,-8,-20,-3,2,-1,2,-10,-5,13
-2,9,6,18,5,23,1,-10,4,23,-4,19
6,1,-19,-3,3,9,1,8,-14,4,-2,9
6,-2,-5,-1,-14,1,-3,-11,5,12,1,3
6,-5,-6,-1,5,-3,-2,-10,2,11,-12,-9
6,-5,-10,19,-19,2,6,27,-8,23,-9,-3
6,-2,-10,-2,-18,0,5,24,4,19,0,-2
-17,15,-3,20,-3,6,6,12,5,12,-2,1
0,14,-10,3,4,0,-1,28,0,13,3,11
-5,21,3,13,-19,1,-7,10,-20,-4,-1,20
-16,15,-19,9,-14,2,1,26,0,3,-12,28
-17,-1,-9,18,5,18,2,21,-15,28,-9,32
1,16,-9,34,0,8,-1,27,-20,-2,-5,9
-6,5,-4,27,-14,19,-5,9,-20,27,-16,33
-16,18,-18,8,-9,14,-12,7,-14,5,-5,3
-3,-19,-16,-12,-16,-9,-12,-12,-13,-30,-10,-13
-16,-8,-19,1,-16,-7,-6,-25,-14,-13,-10,-3
-18,-15,-2,-33,-14,2,-5,-10,-12,-33,-18,-8
-4,-6,-9,-33,-5,3,-7,-17,1,-31,-18,-6
-14,4,-7,-4,-11,0,-7,-25,-17,-13,-18,-2
-18,-28,-6,-21,-14,2,-7,3,-19,-8,-18,2
-3,-7,-16,-16,-14,2,3,6,-18,-9,-16,-2
2,-6,-1,-26,-12,-8,2,-12,-7,-19,-16,-11
-14,7,-14,-25,-13,5,1,-1,0,-20,-17,-26
-2,-21,7,-27,-15,-17,3,-10,5,-27,-3,1
2,8,6,-25,6,-13,1,-11,4,-24,3,-19
6,-16,-12,-20,5,-16,0,-24,7,-7,7,-11
-18,3,-4,-23,7,-8,5,2,-4,8,5,-22
-17,13,2,-17,4,-9,5,5,-3,-23,-1,-22
-17,-9,-1,-7,4,-6,5,-2,4,-22,6,-8
1,15,0,2,7,-3,7,11,4,4,-6,6
-2,9,-5,-12,5,-18,-5,-20,7,16,-4,-20
-17,-3,3,6,-9,-8,4,-9,-4,-19,5,-1
-3,10,-3,-2,-19,4,5,-1,2,-3,-14,-2
-4,13,6,-8,-9,-14,-5,-15,6,16,-19,0
-15,-4,-5,-3,-12,4,-6,19,-8,1,-16,17
1,10,-3,-10,-1,0,2,4,5,20,-16,-2
-18,-14,-2,0,-13,-11,0,22,0,21,-15,3
-2,13,-11,19,-13,2,0,18,7,19,-7,-1
-2,24,3,20,-13,7,-1,24,0,6,1,3
5,-6,-8,-6,-15,-2,1,25,-13,-11,-8,7
-5,19,-2,9,-3,25,7,-10,3,17,-17,20
-3,18,-19,20,-13,0,-6,20,-8,7,-9,2
2,-2,2,11,-18,13,-3,20,0,18,-1,5
7,0,-5,23,-15,10,-8,15,2,18,-4,14
-1,2,-3,9,-1,10,-17,25,0,16,4,15
3,30,-6,12,2,14,-8,21,-19,1,5,18
-3,2,-8,3,-12,1,-1,24,-12,7,-6,32
-15,-1,-9,19,-7,21,-17,8,-12,13,-17,11
-6,15,-18,-1,2,2,-19,24,-9,28,-6,13
0,14,-9,15,-5,15,-8,18,-12,29,-6,1
-8,31,6,31,-7,11,-19,22,-12,34,-15,6
2,-13,-11,-10,-17,-20,-8,-2,-11,-1,-14,-20
-14,-4,-3,-9,-18,-6,-7,-14,-13,-32,-16,-26
-17,-32,-7,-20,3,-25,-11,-28,-8,-27,-16,-10
-1,-13,-3,-3,-15,-9,0,2,4,-20,2,-21
-15,-8,3,-31,8,-17,5,0,1,-32,1,-3
4,-24,4,-1,0,-29,6,-20,-1,-6,-14,-19
4,-2,2,-2,3,-28,6,-5,2,-12,-4,0
4,-13,-2,-28,8,-12,5,-20,4,-27,4,-25
-18,3,-3,-11,-1,-28,5,-17,0,-22,6,-12
5,-3,-4,-12,5,-24,8,-9,5,-26,3,-23
4,1,-17,-6,1,-14,2,6,-8,-21,5,5
5,0,5,-24,-5,-9,-1,8,-16,-12,-8,-23
-2,-21,-7,-16,-6,-7,3,-20,-10,-23,-1,1
5,-12,-1,0,5,-15,4,8,5,-4,4,-15
-18,7,6,-8,7,-13,7,-21,-1,-22,-3,3
-17,-6,7,-8,0,-20,-2,-18,5,-8,1,0
6,-9,5,-12,6,-6,-17,5,6,13,3,6
-17,10,2,-14,0,-11,-15,-9,5,16,-7,15
-18,4,-6,17,5,5,-5,-12,7,0,-6,11
1,10,-5,-2,7,-16,7,-7,-12,4,-4,-8
-1,11,1,8,-5,19,3,15,-1,13,-8,-11
-16,12,5,11,-6,17,-12,8,-11,5,-8,-6
-18,-10,-10,-5,0,20,-2,16,1,1,-12,-7
-4,23,-7,-3,-2,19,4,-9,-10,-13,-6,4
-3,17,-9,1,-9,-3,-8,-3,-11,1,7,-1
-16,18,6,19,-7,11,0,8,5,15,-6,7
1,24,5,7,-11,5,1,0,0,16,-5,22
3,0,6,-3,-1,18,-2,13,2,26,-10,-4
0,15,1,2,-4,3,3,21,8,25,4,-3
8,-5,-9,14,4,25,7,8,6,17,-7,24
3,-1,0,19,-7,0,3,7,1,3,3,15
-13,14,2,29,3,12,3,18,-12,9,-14,22
2,5,-3,21,-3,19,-18,-4,-16,2,-7,18
-14,7,-8,21,-7,1,-5,23,-3,3,8,30
-10,31,-1,5,-5,21,-2,8,-5,21,-12,-2
-5,15,-6,26,-8,32,4,24,-11,3,7,8
0,12,-14,25,0,27,0,10,-13,16,-4,12
8,-25,3,-27,6,-21,6,-32,0,-33,5,-8
-14,-2,1,-34,2,-32,0,-9,1,-33,0,-2
5,-19,-14,-24,7,-24,7,-7,5,-33,3,0
8,-32,5,-31,8,-19,6,-25,-4,-33,0,-1
8,-6,-7,-15,4,2,1,-6,1,-23,8,-5
9,-1,-5,-8,-17,-5,1,-25,-13,-12,-7,5
9,-8,1,6,3,-22,-17,-24,-5,-7,-8,-30
2,-29,-4,-15,-10,0,5,-19,2,-16,-3,-19
8,6,6,-7,-14,1,4,-1,7,-11,4,1
6,-23,4,-25,5,-4,0,-25,-14,-10,8,-6
6,1,-5,-8,0,-9,-11,-4,3,-4,8,3
4,5,6,4,8,-1,-6,-20,9,1,-3,10
-17,6,7,-19,0,1,-16,-2,0,-12,-5,-10
-17,12,1,8,3,-1,8,-3,-14,-10,-7,-17
-17,11,-10,-4,5,-20,2,-17,1,-2,2,-4
7,-6,3,-6,3,-15,0,-13,-15,-7,-12,-10
-12,-7,-3,-3,-8,-7,-4,1,1,11,9,-20
-17,-9,-3,14,-5,17,0,16,1,8,8,0
-16,7,-17,-4,9,6,4,-2,-2,-4,4,-2
6,15,-1,2,-6,18,9,-2,-14,4,4,-10
-17,-13,-1,-4,-1,6,5,-16,-6,14,9,8
1,20,0,19,6,-3,6,10,5,13,3,-7
-4,-14,-14,-2,5,1,3,-11,1,2,8,14
-2,23,-12,-4,6,18,1,2,4,-7,-6,15
-16,-11,-5,-5,7,21,-1,3,-8,-3,-12,1
-12,1,-8,21,7,12,5,3,-15,12,-4,-5
-3,21,-5,-5,0,-8,-15,-3,-9,-2,9,-9
2,12,6,11,7,7,0,6,8,17,-1,14
-1,14,-5,17,9,27,1,8,-16,24,-13,5
0,9,2,12,-4,23,-1,14,-9,-2,-14,4
1,1,3,7,6,1,6,22,-3,9,-9,7
-6,27,-11,19,-7,5,-4,20,-10,14,-9,-5
-2,-1,-7,0,-1,11,-2,15,-10,11,7,27
-10,27,-8,7,0,6,2,13,0,3,5,33
-9,34,-10,29,-3,28,-11,9,-3,16,5,29
-3,14,-15,26,-2,8,-11,9,-1,20,-13,17
-6,24,-10,11,-4,2,-2,15,-14,31,-14,9
4,-33,-7,-33,-13,-17,8,-28,4,-3,7,-2
8,-13,1,-14,-2,-13,-3,-28,2,-18,6,-6
4,-33,-3,-16,-13,2,5,-9,0,-25,6,-14
10,-1,-11,-12,9,-8,1,-8,5,-3,7,-10
10,1,-2,-28,-6,3,-1,4,-1,-21,1,2
9,-4,-11,-7,3,-25,9,0,-15,-7,1,-3
10,4,1,-13,8,-13,7,-28,7,-16,-1,6
9,3,-13,-13,-2,-27,0,-28,-1,-21,-14,-21
9,8,-7,-10,4,-17,1,-22,-5,-21,3,7
8,-8,2,5,-13,-2,5,-19,8,-2,1,-13
5,3,4,-6,-10,-9,2,3,9,-4,-1,9
-15,8,2,-6,6,4,5,-10,4,9,6,-11
2,7,-7,-19,2,-3,2,3,-3,3,-4,-16
-16,3,5,-23,-15,13,-2,-4,7,-13,-2,6
-16,-6,-9,12,10,0,-1,6,-13,-17,-2,0
-14,14,8,6,-7,-21,6,-13,-15,-20,2,8
-12,16,5,-17,0,-18,6,1,10,-3,5,-19
-3,16,-11,-5,0,-18,8,-12,4,-18,7,-6
4,-11,2,-18,6,-14,8,-16,0,5,5,16
3,3,7,-13,-3,-17,6,-12,-4,14,5,0
-11,16,-1,-10,8,6,6,3,2,-4,-1,0
0,19,2,19,-1,-7,3,-12,8,11,-4,10
-14,-13,3,4,-12,7,-2,0,-3,4,-3,9
-2,9,-15,-1,-6,15,2,10,9,21,-14,-2
-14,-2,4,-11,-4,-4,-12,23,6,24,2,-3
-1,9,-13,-2,-1,24,-2,0,-3,22,8,18
-2,24,1,-5,1,11,-6,-6,-3,-3,-14,23
-11,14,5,19,3,11,-11,-1,-14,17,7,13
-4,14,6,10,0,20,-10,1,-13,-5,-16,-2
-10,-2,-7,5,-2,3,1,14,-4,22,-3,4
-5,-3,-8,15,5,7,-7,11,-2,-2,-12,24
-5,18,-11,23,3,23,-11,4,-3,14,-4,19
-13,5,-3,27,2,29,-11,9,-13,-4,-14,3
0,16,9,31,2,26,-2,6,-3,7,-4,20
-9,20,-7,2,10,24,-1,31,3,32,-4,26
3,8,-9,-1,-5,33,-10,7,-14,27,9,25
-12,6,9,23,-6,27,-16,33,8,3,9,12
-1,-8,9,-35,1,-33,9,-20,3,-35,4,-36
9,-4,5,-28,2,-2,0,-34,-14,-28,2,-27
10,1,4,-32,-1,1,9,-22,8,-16,-1,-30
10,-14,4,1,-14,-3,10,-27,-13,-8,5,-12
11,-13,0,-32,-11,-1,9,-32,7,1,8,3
10,-13,0,-12,-7,-4,11,-9,6,0,-1,1
9,-29,6,-1,6,-15,4,-10,8,-21,-2,-30
8,-20,9,-18,-6,2,10,-25,6,-17,5,6
10,1,-3,4,2,7,4,-11,-13,-4,8,-23
11,-4,0,-14,-11,-15,-9,-20,1,-21,-11,4
8,-16,-11,-14,5,-8,4,0,2,-21,6,-18
-14,10,2,-3,-15,0,-1,4,5,2,2,-22
-13,9,6,-13,-7,-4,2,-14,-14,-21,3,3
-14,-10,-2,-15,10,5,-1,4,-1,-2,-1,-16
-12,12,-2,-1,-12,0,1,9,-15,14,9,4
7,-7,10,-7,-2,1,-14,-10,3,-21,3,-18
-15,-20,-1,0,-2,4,-13,-18,7,-2,0,-19
-10,14,1,-16,-3,9,5,-12,4,12,2,12
1,3,2,15,-9,-13,-9,-18,2,2,4,12
-14,-11,6,-2,-10,8,-13,-14,-13,-2,-9,19
-11,4,-9,-3,-5,9,-3,8,-12,-15,0,-8
1,5,-13,-3,-2,-3,-13,-5,0,16,4,-2
-1,3,0,21,-13,21,-13,0,6,12,10,21
-11,-2,2,-5,-1,-6,-3,-3,-12,-4,9,-10
1,2,-11,18,-12,21,0,18,-12,2,-1,15
-10,-11,-5,25,4,18,10,16,-7,-7,-10,-11
5,9,11,23,2,12,-1,23,-15,21,8,-1
5,-5,-7,8,2,20,-13,17,-14,16,-9,12
-1,-5,10,12,2,-5,-10,19,6,15,7,11
-11,0,-8,25,-2,12,-13,26,5,18,-13,27
-4,-1,10,-2,6,15,-13,30,-14,3,-12,-4
-4,14,-10,24,-4,21,-12,2,-15,13,-14,26
-10,3,-6,3,1,20,-4,29,-15,20,-9,31
-4,3,9,15,-4,20,-4,29,-15,12,-12,1
-1,0,-10,33,0,24,-10,22,-2,-1,-12,5
-6,28,-9,17,-4,17,-12,26,-12,25,-3,8
-2,14,-9,20,-5,8,-10,19,-12,27,-9,19
-12,-12,3,-33,7,-33,10,-2,4,-33,1,-19
10,-15,4,-14,-14,-22,-13,-22,4,0,5,-7
11,-34,-9,-19,-7,-4,-1,2,2,-16,-1,-1
12,-4,-1,-28,-7,-21,-11,-21,-13,-21,9,-3
6,-32,-10,-21,-4,-31,0,-9,11,-23,1,-18
11,-8,-9,-15,-8,-20,-14,-23,-10,-5,1,1
11,-14,6,6,10,-10,9,-4,9,-27,8,4
12,-9,9,-22,-5,-21,-10,-19,8,-7,11,-21
12,-3,-9,4,-3,-1,6,-16,-9,-13,6,-11
12,-27,-1,-3,-2,-11,-10,-15,10,-9,11,-14
10,-18,1,1,4,-21,-3,5,-1,3,7,-15
10,-9,3,-1,-13,-8,-11,3,-2,11,9,-10
5,-21,7,3,-6,-11,-1,-6,-1,7,-8,-6
8,-21,-7,6,12,8,11,7,-7,-21,9,5
8,-17,1,-15,0,6,3,-17,-2,4,6,-8
5,9,5,-21,-11,-11,-1,-13,3,-2,7,-18
0,7,7,5,2,-3,8,10,4,-2,0,-19
-2,17,-7,-15,-11,-18,-9,7,11,1,4,9
6,-3,-11,-3,-1,3,-10,-17,-1,-9,5,14
-1,16,7,15,-4,-4,-10,-1,12,17,-7,-12
9,18,-7,8,0,-11,-9,-6,-2,-4,4,6
6,-7,-5,-15,-4,1,5,17,11,6,6,-8
-11,6,9,14,1,22,-10,-12,8,3,2,20
0,13,-10,-4,-11,7,-13,-6,-14,-6,2,23
5,2,5,3,1,3,11,10,-3,24,9,17
1,13,2,-9,-3,10,-10,16,11,-7,7,17
1,5,4,6,2,15,-3,17,-14,10,6,21
-2,-4,-2,6,-4,11,-1,2,-6,-2,8,0
3,3,-8,-5,-3,24,6,22,-6,5,2,19
-8,1,-9,27,-1,13,-10,-4,5,29,-8,-3
4,5,-6,18,-1,-5,-11,20,-8,-3,-9,-1
-4,15,6,16,1,14,-10,-1,-6,17,-14,14
-4,2,-7,21,1,8,-10,1,-8,20,-9,19
-4,24,-6,7,-7,1,-10,4,-7,-3,-8,14
-7,4,-11,3,5,-2,-10,7,-7,1,-9,18
-4,28,-10,35,1,24,-10,28,-6,5,-9,5
-3,4,-2,21,3,36,-11,22,-6,24,-10,36
11,-36,-5,-30,3,-6,7,-10,5,-32,0,-14
4,-33,-11,-21,-12,-20,7,-7,-13,-31,-6,-34
12,-13,9,-22,10,-10,5,-30,12,2,6,-25
7,-31,0,-30,4,-32,9,-6,-9,-16,13,-12
6,-31,5,-28,-5,-11,-13,-16,11,-22,-13,-20
5,-30,0,2,13,3,-12,-14,3,-17,7,-13
12,-13,9,-23,2,4,10,-24,-9,-20,0,-22
10,-27,6,-25,7,-27,6,-11,6,-5,-8,-17
13,7,5,-22,-13,-19,1,-7,4,-1,9,-5
11,9,0,8,-7,-6,3,-10,-13,-13,12,5
10,-6,-1,-18,3,-10,-10,-20,2,-1,7,-7
4,-22,3,-3,0,-16,0,7,5,-20,8,-23
-13,4,3,-11,8,6,1,12,-10,-6,7,0
-10,13,-7,-6,-4,-22,-1,6,-13,6,0,6
-10,-10,0,-20,4,-6,-10,-17,9,-19,13,6
9,-4,9,-18,-2,15,-9,9,-10,12,6,-20
-11,-18,7,4,8,-6,-8,-20,4,16,9,13
-11,-8,-1,-3,1,-10,-9,3,4,11,9,11
-9,-1,2,6,5,-8,-12,-4,6,2,2,12
8,-13,1,18,-3,0,3,-17,12,-17,4,0
4,-8,12,16,6,-11,-2,9,5,17,3,-13
-9,11,-13,19,4,-4,-8,-11,11,1,1,10
-11,-10,9,17,-7,-13,5,11,5,11,6,-7
2,-8,11,-13,-2,4,-8,4,-9,-12,-7,-1
7,6,9,3,4,11,-2,1,-12,-10,4,12
-7,13,4,18,-8,-5,13,23,-5,12,12,25
-3,24,11,0,-2,-7,12,15,-3,-7,13,6
3,3,12,10,3,9,-1,19,2,-7,-12,-9
-2,12,-7,19,-2,3,-8,-3,-9,-1,-9,3
-1,-6,-7,12,-5,-4,-2,-5,-9,1,-9,0
-3,12,-6,4,-2,9,11,26,-4,11,-7,-3
-2,16,5,21,-3,16,-2,-4,-1,0,12,29
-3,15,-5,19,-2,15,-3,22,-2,27,-10,10
-3,25,-5,-1,3,7,-8,4,-1,10,5,12
-1,17,12,16,-1,0,-7,0,2,3,-9,-1
-1,1,-1,18,7,25,-7,3,-4,23,-8,30
-2,1,-8,1,3,26,-8,35,-3,11,2,12
13,-8,7,-27,8,-7,13,-29,-10,-26,6,-4
10,-34,-4,-34,6,-31,8,-14,10,-28,5,1
13,-10,10,-6,-7,-17,10,-22,9,-26,10,-21
13,-3,9,-15,4,-33,11,-30,12,-26,4,-13
13,-7,11,-19,12,-7,-8,-9,6,-18,-9,-17
12,-10,11,-26,0,-6,8,-22,7,-30,6,-25
11,-24,4,-1,1,-22,0,-26,10,-19,6,4
9,-26,-9,-12,1,0,-6,-17,11,-14,1,2
12,0,-12,-18,-9,2,7,-24,0,5,9,-13
12,-3,-10,-11,-4,-5,1,-11,12,-14,5,2
12,6,3,-4,13,8,2,-11,-6,-14,1,-5
4,-23,4,2,9,0,0,10,-1,-7,7,-8
-10,-9,8,-16,4,-16,8,-5,5,0,7,10
-11,7,6,-10,12,6,8,-18,4,-18,12,-12
-11,2,4,11,11,7,-12,-2,6,-14,-9,-2
-8,11,14,-6,10,-21,-9,4,10,4,-7,-17
1,11,11,13,-7,10,-1,-2,4,0,12,12
11,-7,3,13,8,-12,14,4,-10,-8,6,-7
-5,15,6,9,5,1,-12,5,-2,14,10,3
-5,14,-3,18,8,17,-9,15,-11,1,11,16
10,7,12,13,3,4,-2,1,12,14,-9,0
-7,16,9,-11,-5,21,-9,21,-9,21,4,15
-3,22,3,19,10,12,12,-4,7,15,3,-9
9,-1,5,15,5,-8,-2,-6,3,21,-8,20
-4,11,7,-1,2,-8,-2,-11,-4,20,5,6
5,4,4,-1,1,25,-3,23,-1,2,12,-3
0,10,10,19,9,6,-9,4,-4,24,12,25
-5,7,11,6,1,8,-2,3,-1,-5,3,1
1,5,-4,11,1,3,-3,-4,-3,0,8,1
2,5,1,-6,2,1,-9,26,-3,24,9,3
-2,11,-5,22,-2,26,-3,27,7,5,-9,30
-1,12,13,-5,3,-3,-8,19,-2,4,-9,26
-2,18,-12,31,-7,-3,-8,2,-2,4,-7,5
-1,-1,11,7,7,13,-6,2,-1,-3,-7,29
-7,4,13,31,4,19,-8,24,-2,10,-8,-2
-4,16,2,2,-2,14,-8,24,-12,4,1,16
-5,13,-7,27,6,28,-6,15,-2,21,-8,19
13,-27,11,-35,12,-3,13,-5,15,-1,9,0
13,-5,10,-28,11,-18,5,-6,11,-35,15,-18
10,-33,8,1,12,-7,10,-33,6,-6,11,-16
4,-33,-11,-16,3,-2,4,-11,-6,-19,9,-4
12,-24,10,-18,-10,-9,15,-16,12,-28,5,1
13,3,8,-23,4,-4,12,-12,13,3,6,-22
7,-27,9,0,-10,-11,14,-7,14,-13,15,6
13,0,5,-6,4,-16,8,-29,12,-2,8,-19
14,-8,5,2,-2,2,14,0,9,-7,13,-8
6,-27,5,4,2,-12,15,2,-9,-20,2,-22
7,-24,5,9,3,-13,8,-13,13,-20,3,-9
9,6,7,-23,13,6,-11,-14,13,4,7,-1
14,-12,4,-4,11,-12,5,-4,10,10,9,6
14,-13,-10,11,5,-19,-5,-9,9,-11,7,2
6,8,3,6,1,13,4,-22,2,-16,-5,-17
10,14,15,-4,1,1,5,-8,6,11,8,-7
10,12,6,-7,-5,-18,0,15,6,-9,-8,-10
6,2,13,4,0,11,-2,1,5,10,14,-1
-5,11,6,-16,5,1,-6,5,4,-2,7,-18
-1,15,14,-10,8,-4,-5,12,2,-13,4,14
3,-11,3,-10,4,-5,-2,-15,5,6,-9,20
6,3,2,17,2,16,-4,-10,3,18,10,18
10,-1,3,-9,0,-9,-5,18,1,2,6,-9
-1,20,3,10,-9,19,4,19,4,-10,6,-6
3,9,5,22,-10,0,2,-3,12,0,5,-1
-2,12,0,24,9,16,-9,8,-8,8,9,9
9,1,13,14,-9,24,-5,23,-1,24,5,-3
-1,7,3,3,1,-4,-11,1,-9,7,6,26
-1,7,4,23,15,12,-2,3,0,-3,-5,5
-1,2,15,27,9,16,-3,12,1,2,8,20
-1,1,-5,-1,8,30,-8,-5,-1,17,-7,8
1,9,-3,23,-4,-3,-2,0,-1,9,15,21
0,-4,-5,24,1,10,10,1,-1,27,-7,-2
-1,27,-5,-1,6,21,-3,21,0,9,-9,32
5,9,-4,25,1,13,-3,29,-1,11,-9,27
0,21,4,10,15,24,-3,19,1,26,-8,33
1,16,-2,17,5,34,-3,11,10,14,-9,21
9,-5,5,-13,3,-3,8,-16,0,-32,4,-15
15,-22,6,-14,12,-29,-7,-11,2,-27,11,-3
9,-32,5,-13,4,-33,6,-32,-2,-31,2,-3
13,-26,-8,0,0,-4,-9,-15,6,-1,10,0
14,-6,12,-13,12,-1,14,-3,13,-4,3,-7
15,-9,6,-23,-9,-13,-6,-16,15,-24,16,-16
4,-30,-9,-8,-4,4,2,6,6,-5,-8,-15
13,-28,-8,1,16,1,15,4,3,6,7,-25
14,-10,4,-7,1,-21,13,-28,13,-22,2,2
6,-27,11,7,-8,-13,3,7,10,-3,7,-16
-6,-12,7,-26,14,8,13,-4,16,-6,12,-10
6,5,-2,6,-8,-10,-2,-20,0,-25,2,-10
14,-11,2,-2,-7,-13,10,11,-9,-4,5,0
12,8,8,-9,12,-5,11,5,3,-15,4,10
9,1,3,5,13,-13,15,-13,11,2,12,-5
9,11,6,3,12,-13,11,1,14,-20,-7,9
10,1,11,2,-5,-6,9,5,9,-1,15,-19
-3,1,15,10,0,15,-4,1,-10,-9,5,1
-1,10,-6,-5,-5,0,16,-17,7,4,2,-13
0,4,12,-12,16,12,-2,-14,11,11,5,-8
-3,-8,0,7,11,12,-3,20,3,14,-8,-11
6,-6,-1,7,9,-6,14,-6,1,12,-8,-14
-3,-4,-2,1,1,-1,-10,-2,0,22,-4,15
-3,-6,-6,8,11,7,8,19,3,15,-9,23
2,-12,4,-12,4,20,-8,0,-6,0,-7,-7
7,-2,-1,-3,-4,-11,-2,10,-1,-5,4,-9
9,0,12,24,-1,-3,-3,7,3,-7,-4,23
0,5,14,10,15,21,-3,-6,14,6,10,16
0,0,0,18,4,-2,-3,10,4,5,-3,-5
1,3,16,22,8,18,-3,15,15,9,-3,0
-1,1,8,4,11,4,-3,17,1,27,-6,-1
11,6,0,20,3,-1,-3,8,0,-3,-6,3
3,-3,-2,3,7,24,-3,23,-1,31,-6,5
-2,12,4,33,2,1,-4,31,4,11,-9,13
-1,16,-1,7,16,21,-3,33,-1,-1,6,29
-1,20,-1,25,-1,28,-5,35,1,18,-3,11
1,7,6,18,-7,17,-5,6,1,25,-6,24
-9,-19,5,-5,2,-28,-5,-17,5,-30,6,-3
-8,-7,13,-35,-1,-33,9,-11,5,-1,-8,-22
13,-30,6,-26,17,-6,11,-14,-1,1,-2,-20
15,0,10,-5,-5,3,16,-22,6,-21,11,-5
17,-4,13,-28,9,3,7,-20,13,-13,9,-15
16,2,-5,-16,13,-10,16,-14,5,-28,12,-25
17,-9,10,2,5,-3,-8,-3,12,-20,-6,-27
14,-24,17,-2,9,-29,-8,-27,7,-10,10,-25
17,-12,17,-7,15,-10,16,-16,14,6,2,-23
17,-26,4,2,14,-1,-1,-19,2,-1,12,0
-7,5,9,9,7,-12,11,-10,6,-4,15,-26
-8,-4,9,-1,3,-2,9,-8,2,9,10,-6
11,10,17,2,16,9,11,0,-4,-7,11,3
10,1,0,-8,-9,-18,-1,-13,6,-4,2,-13
-6,8,7,-5,-8,6,17,-2,15,-3,8,0
13,0,-7,4,-7,7,13,12,8,0,11,-18
10,-12,10,0,8,-14,3,11,17,2,10,-12
11,-5,9,1,5,10,-1,-7,4,6,16,3
1,-13,-5,-10,-1,8,-1,-5,5,-16,-9,17
5,-8,0,-3,8,-2,3,-8,7,-10,-5,11
0,-2,14,14,-5,7,3,-10,17,-16,-9,0
-2,-6,0,-14,0,-12,-4,-12,0,3,-6,-15
6,-3,8,18,-1,15,4,-9,10,7,-7,14
0,-7,-4,-6,-7,-10,2,1,3,-11,1,10
3,-4,3,-12,-1,11,1,-6,-4,-4,-2,9
-1,1,-4,22,11,25,4,2,4,25,6,4
-1,-3,-6,-7,0,-6,16,24,3,15,-2,-8
8,1,-2,-8,8,5,-4,-8,7,1,-2,-1
12,2,16,9,11,-4,-1,17,4,-6,-7,11
-1,7,-7,-5,0,21,-6,-4,10,16,-7,20
2,2,0,10,-4,23,-2,14,0,7,5,18
3,8,9,2,6,-2,-5,-5,3,25,-1,4
-3,3,12,6,1,15,-6,27,6,0,-7,19
1,1,7,23,7,9,-3,15,11,28,0,7
4,1,-4,3,12,33,-6,27,9,32,-2,23
-1,21,8,5,0,31,-2,8,11,10,-7,17
-1,32,-8,3,13,3,-2,16,11,23,-2,31
10,-7,-1,-34,11,-15,-8,-15,-7,-9,4,-1
-6,-3,10,-26,1,-19,16,-21,1,-35,2,-3
18,-17,13,-4,-8,-27,15,-11,-4,-18,12,-12
16,-6,10,-10,16,-32,15,-13,17,-4,9,-7
18,-8,0,2,4,-1,17,4,17,0,8,-16
17,-16,7,-2,16,-3,10,-29,16,-29,2,-21
16,-7,-8,-5,-8,-12,-5,5,13,-27,14,-27
15,-26,7,-1,16,-29,8,5,13,-16,12,-24
16,-26,14,5,-6,-1,10,-15,10,4,15,4
-8,-14,1,9,15,3,10,-6,8,8,14,-27
15,-11,11,-20,11,-19,18,4,15,-19,4,-19
10,11,2,9,9,-5,5,-11,14,-13,8,-7
14,-4,12,2,12,0,11,6,13,-6,7,-22
-8,-18,-6,-2,12,2,8,0,6,9,12,-10
8,11,12,7,10,-15,13,-22,5,0,13,1
10,11,11,-4,5,-3,15,15,0,15,8,-19
7,13,10,-8,3,11,-5,-2,15,-4,0,3
-4,-18,16,-6,5,15,-5,-10,14,13,-5,13
5,-13,-8,9,0,6,0,8,0,-6,-8,-3
3,12,0,12,0,17,-3,-6,7,6,0,8
2,19,-2,-2,-8,5,1,-16,10,7,1,0
-6,-9,-1,-12,-3,20,-5,6,10,15,1,19
10,1,-6,4,-7,13,-4,22,-2,4,2,-7
-2,21,8,-7,-6,5,7,22,7,14,13,11
7,11,12,13,18,7,13,9,8,-1,8,14
-4,-7,7,-7,10,11,13,7,13,-7,-6,-1
0,18,-6,-10,11,4,1,-4,-1,2,1,11
0,21,-5,23,14,18,-1,-8,4,12,-5,16
-1,4,1,22,2,-4,-6,21,15,13,3,-5
0,9,11,7,0,8,-6,21,12,9,1,22
-3,2,3,-5,-1,17,12,16,16,-2,4,21
1,14,0,28,-4,1,-2,30,3,27,1,25
-4,4,-6,-1,17,14,-6,19,-2,32,1,22
1,30,3,3,1,22,1,12,-1,4,-4,32
6,11,-5,16,7,2,1,16,-1,6,3,10
-1,25,-6,14,6,33,7,13,11,16,3,29
-6,9,1,6,18,10,-6,8,3,11,3,29
-6,-24,8,-22,12,-3,9,-20,17,-5,4,-9
15,-5,7,-19,-3,-17,6,-18,-3,-17,7,-4
-7,2,19,-33,13,-31,16,0,16,-23,10,-28
17,-23,13,-22,16,-23,17,-18,9,-16,11,-7
14,-30,-7,-17,15,-18,18,-24,18,-5,15,-26
16,-12,8,-16,17,-5,13,-21,17,-26,18,-8
19,6,6,-30,17,-3,16,-23,14,-9,17,-29
9,-28,13,-23,19,7,14,-17,9,-26,17,-25
-7,-5,16,3,15,-18,8,-16,6,-11,4,-5
-2,-13,-3,-17,17,-24,11,-16,14,-8,-6,-18
13,0,-2,-13,13,-6,-6,3,14,10,11,9
14,11,6,-3,5,-5,18,-6,2,-15,5,-14
-5,4,16,-18,5,6,6,7,14,-4,-1,-4
12,2,17,13,0,-20,-6,7,-6,12,16,-20
18,-20,-2,-10,6,10,12,-3,-7,-13,14,9
12,-15,9,-1,1,-16,12,-6,-4,11,5,13
9,4,-4,2,-6,6,12,-12,19,4,3,-4
-5,1,-6,12,-4,16,-5,-4,17,13,-6,-1
14,-4,18,-15,14,-6,-7,13,-4,7,3,-10
14,-2,13,6,-6,14,10,3,-3,-6,12,-2
12,0,18,8,-6,-6,6,12,18,-11,-6,-11
-3,12,-7,-9,-5,8,-1,6,18,-9,15,0
-1,6,16,13,16,-10,0,-7,16,18,-5,-2
-2,7,9,-6,13,-1,-1,4,-6,-7,-6,-11
11,-6,15,-1,0,-12,9,-6,18,23,-6,11
13,6,13,16,9,-4,11,-3,17,12,12,12
9,-2,4,5,-7,10,2,11,14,-3,18,6
8,23,-7,2,0,9,13,24,15,6,14,16
1,-4,13,9,14,-2,6,15,-5,-5,3,9
1,13,4,11,19,7,-1,17,-4,28,3,19
5,19,8,30,3,18,-6,-1,-3,19,3,27
13,7,11,13,2,21,2,19,7,12,-6,16
0,1,7,28,11,8,1,-2,-3,9,4,16
7,20,1,32,0,10,2,26,-2,8,-4,32
-5,3,14,22,12,33,5,31,-2,3,3,26
5,26,-6,17,-2,-1,8,24,4,8,4,10
9,18,3,15,0,1,0,10,-6,34,-5,16
-5,-22,-5,-17,19,-10,12,-6,12,-8,12,-16
-6,-10,4,-25,-6,-18,4,-21,-3,-12,5,-26
-6,-20,19,-12,14,-20,13,-27,-2,-20,-6,-2
16,-4,0,-32,14,-2,15,2,-3,-13,-4,-2
-6,2,-5,-17,6,-3,8,-2,10,-28,14,-21
17,-1,-6,-8,14,-26,11,-4,-4,-23,-4,1
20,-15,7,-2,18,-9,20,-5,19,-18,-3,-29
-4,-15,16,-3,16,-10,16,-7,-3,-14,10,-12
12,2,15,5,9,-6,11,-14,14,-8,14,-18
12,-1,11,-23,16,-7,11,7,15,2,17,9
15,7,15,0,17,-15,9,1,5,9,14,-22
8,5,13,-20,12,-11,17,10,9,8,-6,-18
16,-6,12,6,-5,-19,-2,-13,8,3,11,-11
14,12,14,-4,6,11,-5,12,-5,-10,8,13
12,2,20,-3,14,-9,5,-10,13,-12,7,-6
15,-1,2,-21,13,1,6,2,-2,-1,13,-9
-4,-3,19,1,-5,5,1,-16,-5,3,8,-4
-1,15,-2,13,-4,10,4,11,15,-10,5,-11
12,3,9,-2,-2,14,-3,1,-1,-18,13,15
-4,4,13,13,16,-10,10,7,-4,-13,6,5
7,12,-2,15,-6,-10,11,-3,-4,1,-1,-2
-2,6,14,16,13,10,4,4,14,-12,8,13
12,19,13,-7,5,15,10,12,10,19,-3,-2
-5,-4,19,2,8,-13,-6,-8,14,0,11,-3
16,22,10,20,16,22,11,10,16,2,19,3
20,0,6,3,19,5,10,8,20,10,7,-2
14,-5,14,0,-6,0,7,-6,12,9,1,8
0,9,11,6,1,2,-5,11,12,27,-2,11
9,-1,-6,10,-2,-6,4,13,-3,4,5,6
9,6,-6,21,2,29,6,20,-2,21,5,14
7,15,11,25,16,24,4,16,-4,23,-1,18
10,10,-4,12,-5,30,4,18,-4,26,5,14
-1,12,13,29,6,2,4,23,9,3,6,9
9,13,-4,28,4,6,6,14,-5,13,-4,22
7,23,7,2,5,18,4,26,-2,31,-5,30
7,23,8,1,12,30,4,28,-6,32,13,23
3,0,8,34,6,33,-5,26,-6,35,2,12
-5,-25,20,-10,-1,-31,12,-8,5,-1,14,-31
-5,-23,-5,-3,17,1,14,-8,4,-23,1,-34
-5,-19,13,-6,7,-16,10,-10,10,-8,-3,-17
18,-16,1,3,11,3,19,-14,-4,-18,13,-17
18,-6,20,-7,-2,-30,15,2,-3,2,14,-12
-2,-17,6,-15,14,-12,7,-19,10,-21,2,-31
-4,1,19,5,10,-29,15,-28,12,-20,0,-11
15,-2,15,-7,17,-24,11,7,15,7,14,-23
11,1,14,-16,3,-14,17,-12,18,-4,17,-1
20,-21,1,-6,18,-7,-5,-9,18,3,4,6
-2,5,16,-21,18,-21,14,-4,21,-11,21,-8
15,7,3,-12,5,-23,10,6,10,-8,0,-23
-3,-2,-3,-14,5,-24,15,1,-2,-16,0,-17
-3,3,-4,-21,1,-7,9,-3,-1,12,-4,-4
-5,-21,19,3,-2,10,9,-17,3,-20,18,4
-5,-15,6,1,-3,-4,0,-9,-5,4,7,-21
12,5,-1,-20,-4,0,9,-19,20,11,13,-10
11,7,7,-7,20,-9,15,10,20,-6,10,10
14,17,21,18,19,-5,1,1,18,5,-4,-14
17,-8,16,3,8,10,7,5,16,5,16,1
12,8,12,4,10,14,-3,8,8,-3,11,-7
-2,14,0,2,19,4,18,15,11,13,21,15
12,9,12,-5,20,-9,13,17,10,4,-3,-14
15,11,14,8,14,-9,-3,17,16,3,9,-2
15,-6,-5,-10,8,-6,-2,22,16,20,18,-11
21,-8,14,16,15,5,-3,21,21,17,19,2
-2,18,15,-6,16,-10,1,3,15,7,16,26
0,9,17,4,5,-3,9,17,13,4,6,8
0,7,17,16,3,25,6,7,1,-4,-4,9
7,24,19,24,1,24,18,20,4,9,9,-2
2,28,19,28,12,1,20,23,8,5,8,12
1,28,8,4,-4,-2,-2,-3,-4,26,-4,23
13,10,17,10,3,27,3,0,20,-1,12,-2
0,21,10,6,-5,0,-3,13,2,11,12,-2
2,30,18,12,6,0,-2,2,17,22,16,20
-2,3,-4,13,2,5,7,2,4,2,13,17
-2,18,20,8,9,21,-4,10,-1,36,7,20
-1,-21,13,-20,0,-20,-2,-30,7,-33,20,-31
-4,-8,-4,-16,10,-32,-1,-5,18,-12,8,-25
-4,-10,22,-9,8,-7,13,-15,12,0,1,-24
16,-4,10,-26,13,-29,13,-30,14,-23,15,-17
-2,2,10,-21,19,3,19,-3,19,-3,11,-25
15,-2,9,-6,-1,-8,1,-10,18,-1,12,-21
-3,-7,18,-21,0,3,12,-26,-4,0,13,-18
-3,-13,-1,-16,-1,2,11,-3,12,7,12,6
14,0,2,-6,5,-23,4,-28,21,-3,19,-3
17,4,21,-25,15,7,1,-7,-3,-1,1,8
12,5,17,10,5,-24,-2,-21,13,5,-3,-19
21,-18,1,-14,11,-15,-2,2,1,-13,21,0
13,11,20,-9,5,-3,-3,10,14,-3,12,-9
20,-17,-2,9,21,-3,-3,10,7,-13,17,-11
-4,-15,16,-6,21,13,-2,13,8,-16,20,5
18,-15,-3,-4,-4,-13,16,-10,16,7,-4,-13
0,15,-3,4,-2,-10,-1,-20,11,8,-3,-8
-3,-1,12,-5,-2,3,3,0,13,-10,19,0
11,13,2,-2,3,-9,21,-16,-2,9,22,4
18,2,-4,16,20,-5,14,16,19,5,-4,7
16,17,10,6,21,-4,0,17,17,17,9,14
14,10,-1,4,21,0,-1,-7,15,-8,5,-13
12,21,8,3,17,19,10,14,11,21,9,14
-3,-3,21,3,-2,-11,15,22,17,14,11,-9
9,24,-2,7,17,6,18,20,-3,-12,8,4
16,5,-1,20,16,21,0,23,12,16,1,25
13,23,14,-2,-3,-3,7,-4,16,5,18,0
17,15,19,15,19,-3,16,-5,-1,2,15,13
10,25,2,3,18,27,6,7,17,3,2,8
12,9,13,11,15,19,9,13,7,14,0,14
19,29,-2,-1,-4,17,15,15,8,28,1,22
-3,0,1,20,17,6,10,-2,5,6,14,2
0,25,13,32,1,16,-3,28,-1,-2,12,-4
19,10,10,22,8,0,10,28,-4,29,1,27
3,23,3,14,8,5,7,26,2,30,13,17
1,0,-1,35,15,23,10,5,-3,29,-4,10
3,35,-3,30,14,18,10,25,-4,22,1,33
21,-29,4,-30,18,-28,2,-18,9,-14,15,0
-2,-1,23,-13,-2,-21,11,0,11,-26,12,-29
0,-21,-2,-1,-2,-30,13,-1,12,-21,23,-3
20,-11,10,-17,19,-9,19,-32,17,-29,-3,-28
0,3,6,-30,2,-6,15,-27,12,-17,23,-3
-2,1,19,-11,12,-10,-2,-8,3,-20,23,1
14,-2,21,-18,2,-11,16,-16,20,-10,16,-4
-3,-10,-1,-7,11,-17,17,2,11,-18,0,-12
0,4,9,-15,16,4,12,-21,11,-18,10,-2
20,1,8,6,10,-1,1,-19,17,2,1,-17
1,7,17,9,16,-15,1,-12,11,-14,11,-7
19,11,-2,-14,-3,-11,1,7,22,-23,9,7
18,-17,1,-5,18,2,12,-1,3,-22,23,1
21,-9,20,-14,2,-7,-2,-19,22,-8,19,2
20,-6,19,-12,16,-5,-2,-6,20,14,22,-18
-3,-12,23,14,4,-2,-3,-2,14,-17,3,-10
-2,6,0,10,22,3,-2,-17,2,12,23,14
21,-15,0,-13,-1,2,0,4,13,-7,20,-13
22,-10,14,12,2,-5,2,-4,21,10,22,6
-3,-9,9,12,18,5,13,-6,11,13,20,10
12,12,22,-4,7,-2,16,-5,13,-3,11,-2
-1,15,16,21,-3,-11,12,19,14,-7,14,6
16,12,19,9,3,13,11,20,22,16,21,8
22,-10,12,-8,10,12,14,-12,10,3,13,1
19,0,2,-10,13,19,1,6,23,17,20,2
11,-10,-2,-11,13,22,9,-6,15,-4,-1,2
0,16,15,7,14,21,-3,-8,16,-4,-2,4
14,8,0,2,14,3,15,25,11,13,9,10
10,21,3,-4,11,10,13,6,19,0,11,10
14,15,2,3,8,17,14,0,13,-5,15,16
1,22,23,12,14,26,18,0,1,15,14,17
19,19,3,10,16,5,15,17,14,-4,13,14
2,22,-3,3,7,32,-2,5,17,2,-3,21
12,18,-2,7,7,4,-2,18,10,2,4,1
12,6,3,7,15,28,1,19,16,26,2,-1
5,33,1,28,-1,15,-3,27,16,24,18,19
5,25,2,30,15,9,23,7,13,15,2,3
-2,-4,21,-14,3,-21,16,-27,19,-36,13,-8
21,-14,18,-17,18,-34,20,-17,2,-20,14,-22
24,-16,19,-13,1,-18,22,-11,18,-34,22,-24
21,-4,17,-11,18,-24,22,-12,19,-31,18,-32
2,-19,-2,-8,20,-19,24,3,4,-12,23,-25
-2,-13,14,-31,21,3,19,-7,4,-18,4,-29
-2,-9,-2,0,20,-19,2,-13,15,-13,-2,-16
19,-1,19,2,22,7,17,-6,4,-12,14,-25
20,-2,21,-16,9,5,-2,1,22,-7,16,3
1,-11,-1,-20,23,5,0,-2,16,-5,2,5
21,5,4,9,13,3,24,5,0,-14,22,10
-2,-23,19,-8,21,0,17,-13,22,-3,16,5
21,9,0,-17,20,-23,0,-7,3,-14,13,-6
1,-12,-2,-7,22,1,23,12,11,-9,-1,-15
0,3,22,6,20,-6,14,-17,18,-14,-2,0
19,5,18,-21,22,-6,3,-5,11,0,18,5
2,-5,18,-6,11,8,19,16,15,-5,5,-1
-1,3,11,15,14,8,13,-13,17,14,21,-3
0,-6,12,9,-2,-18,16,0,13,-17,16,15
23,-12,22,-15,22,13,23,-4,23,-3,14,-5
20,17,-2,-15,21,16,23,-13,20,10,17,20
19,1,17,16,22,20,18,-14,14,9,21,-4
19,-6,11,-2,20,8,-2,1,24,16,16,-10
-1,7,11,0,13,11,13,16,-1,15,19,-8
22,-9,2,5,9,16,13,-3,15,1,23,8
15,23,17,-8,17,-10,-2,-2,14,-3,3,4
11,20,10,23,0,3,10,20,20,25,3,8
13,26,6,27,10,12,14,-2,-2,17,4,14
6,-8,2,26,10,18,13,10,9,6,13,26
14,-3,0,13,12,13,12,11,-2,5,-2,20
9,30,-2,16,14,14,12,11,3,3,3,15
13,20,2,13,19,24,24,12,19,12,22,10
1,13,3,18,16,7,24,4,18,5,20,28
5,18,-1,23,8,28,-2,33,3,18,-1,-2
10,30,5,33,15,6,2,26,-2,17,4,13
7,24,4,6,0,5,24,13,12,30,-2,12
1,7,0,28,0,25,3,2,4,7,-2,3
21,-33,19,-33,5,-23,21,-33,21,-2,15,-28
23,-10,22,-32,3,-20,22,-19,23,-21,20,-22
0,2,17,-12,1,-27,23,-29,23,-26,21,-12
20,-6,23,-25,22,-14,21,-18,18,-30,18,-2
22,-9,18,-7,2,-17,21,-26,23,-12,18,-21
0,-20,23,-27,9,-5,13,-24,0,-12,15,-2
1,-7,0,-3,2,-16,0,-22,25,-14,0,-24
18,7,2,-8,20,-22,19,-15,25,2,15,-8
0,-11,22,6,23,-17,22,3,25,-27,13,-22
19,1,13,-9,24,-16,22,-14,23,-16,15,-21
22,10,22,-10,5,-19,23,-20,17,-11,23,-17
20,0,21,-3,22,-8,22,8,15,-24,17,-11
18,4,13,-23,22,-23,23,11,25,-5,19,-24
19,7,23,-16,14,-23,22,-9,18,7,21,-21
17,5,5,-10,25,-21,23,-18,22,-17,19,-20
21,-13,3,-1,13,-2,22,-3,18,-7,20,-2
21,-7,2,9,15,-7,-1,-7,23,-11,21,6
24,-15,20,-11,18,-17,23,-16,0,-11,12,16
25,-4,21,18,15,-13,22,-17,2,-8,14,5
25,-9,17,-12,5,-3,16,7,18,10,22,-13
3,0,14,-13,4,18,-1,14,16,-2,23,5
25,-5,22,20,-1,-3,22,6,18,-10,22,-8
6,-14,20,2,3,21,23,-13,22,19,15,10
2,-3,23,9,13,10,12,-13,14,-4,22,-3
21,10,12,11,12,2,4,3,25,15,13,-12
14,3,25,9,13,15,21,0,6,-5,17,-6
1,-2,3,-5,12,3,0,9,13,26,6,23
5,22,10,22,19,8,0,-9,21,0,-1,19
13,12,10,15,5,-4,15,17,13,18,7,0
11,21,25,21,2,19,1,6,13,1,-1,-6
4,5,10,7,0,-4,12,16,14,30,7,5
6,-2,15,31,8,5,0,10,17,24,24,-3
7,-1,9,-1,0,9,25,17,-1,17,24,-1
7,21,0,18,15,8,0,21,14,18,8,4
8,32,6,7,9,28,0,29,18,14,-1,0
8,25,6,11,4,4,4,21,1,34,8,8
11,24,15,25,10,16,1,9,-1,13,-1,26
17,-35,19,-35,2,-27,24,-6,21,-35,23,-34
25,-4,20,-3,25,-18,15,-22,0,-1,19,-32
24,1,23,-23,24,-2,22,-32,22,-18,15,-12
24,-16,14,-4,24,-29,25,-19,14,-33,18,-31
0,-12,17,3,1,-24,18,-31,19,0,21,3
22,-6,3,-27,17,-5,0,1,15,-2,21,-31
17,1,0,-26,25,-22,24,6,20,-16,17,-30
25,-15,16,-25,24,-21,24,-11,17,6,22,-17
26,3,23,-26,18,-25,22,-21,19,-26,19,-26
26,0,2,-16,26,-6,24,-3,22,-21,16,-26
26,0,24,-17,4,-15,24,-4,22,-21,17,4
23,-25,8,-9,25,-21,23,-20,16,6,24,-19
22,-24,8,-10,26,-24,26,9,0,-7,17,-8
21,-23,21,0,4,11,2,-3,0,-12,14,0
18,-22,11,-10,25,-19,25,-22,25,-21,15,-9
23,-3,24,-5,24,-14,20,-8,19,-17,22,14
4,14,19,9,20,-20,21,-18,14,-19,16,5
16,17,5,1,0,-4,18,-16,17,14,13,-12
3,7,26,14,14,7,12,3,16,8,21,-9
3,6,14,-3,22,-8,23,7,14,-10,20,6
21,1,13,4,5,12,0,-13,23,-8,1,-6
19,18,0,-10,7,1,1,13,17,-13,12,21
24,-2,14,10,25,13,3,-3,23,17,25,-14
26,-1,18,16,23,5,23,4,24,-1,16,9
16,20,0,14,8,-12,2,-8,26,13,13,2
13,-5,24,6,0,-9,4,2,11,-5,26,24
3,-2,8,15,22,15,15,10,17,8,1,15
6,-6,15,9,2,3,2,13,4,23,0,11
6,20,23,11,18,12,0,26,0,19,10,22
7,12,1,29,2,29,3,9,0,1,1,8
18,7,6,0,8,0,1,-5,14,13,11,26
17,2,16,4,15,11,0,30,7,13,26,22
5,0,0,17,10,18,0,10,20,28,26,15
8,28,8,0,4,10,11,26,3,13,1,26
5,1,0,1,0,26,4,18,0,1,0,19
3,4,0,19,11,11,0,6,2,-1,0,3
2,7,0,0,0,27,0,4,0,2,0,0
