-14,-34,-6,-11,-8,-22,0,-4,0,-1,0,-9
-24,-34,0,-12,-25,-15,0,-9,0,1,0,0
-22,-27,0,1,-26,-32,-20,-4,0,0,0,-12
-22,-14,0,0,-2,-25,0,-18,-9,2,0,-13
-21,-28,-22,-28,-3,-10,-15,-31,-20,-15,0,2
-22,-23,0,-9,-2,-26,0,-13,-13,-20,0,5
-19,-29,0,1,-3,-9,0,-13,0,-2,0,3
-22,-29,0,-12,-24,-17,0,-27,0,3,0,3
-20,-26,0,-13,-3,-8,0,-27,0,-3,0,3
-21,-26,0,-8,-2,0,-1,1,0,-3,0,3
-23,-24,0,2,-3,-7,-1,1,0,-4,0,3
-22,-5,0,-17,-2,0,0,-15,0,5,0,3
-22,-21,0,-18,-4,-19,0,1,0,-5,-1,-1
-22,-22,-4,-1,-10,-3,-1,3,0,6,0,-10
-22,-20,0,-4,-12,13,0,0,0,-6,-1,-11
-23,-1,-8,13,-3,-9,0,-12,0,6,-9,15
-22,1,0,16,-3,-9,0,-12,0,-6,0,6
-24,-15,-8,14,-4,7,0,-3,0,14,0,6
-23,-7,0,16,-6,-14,-1,6,0,3,0,6
-12,-13,-12,1,-4,8,-1,6,0,-4,0,-16
-24,-9,-6,6,-13,17,-1,6,-16,7,0,7
-23,-5,0,1,-7,4,-14,4,0,-5,0,6
-23,-2,0,16,-13,5,-1,6,0,6,0,5
-24,-8,0,1,-1,20,-1,4,0,13,0,5
-21,-3,0,15,-18,17,-1,2,0,11,0,5
-24,10,0,18,-19,9,0,-11,0,7,0,-11
-21,-4,0,-9,-14,14,-1,3,0,7,0,6
-23,-8,-2,-6,-12,11,0,-3,0,0,-1,16
-20,-7,-11,-4,-18,27,-1,26,0,-6,0,7
-23,-7,0,19,-13,7,-1,5,0,-6,0,7
-20,-3,-2,-4,-13,23,-1,-6,0,9,0,6
-22,0,0,20,-15,3,-1,6,-1,31,-1,13
-21,-1,-1,29,-16,18,-1,2,-1,31,0,7
-21,-1,-1,29,-18,0,-1,2,-1,31,-1,1
-21,3,-1,23,-16,1,-1,-1,0,9,0,8
-23,20,-4,25,-17,33,-2,34,-1,31,-1,1
-23,3,-11,15,-18,2,-2,34,0,8,-1,15
-25,-19,0,-13,-14,-18,-18,-14,0,-5,0,-22
-10,-19,0,-14,-1,-13,-16,-17,1,-23,-2,-7
-19,-17,1,-13,0,-30,-14,0,-3,1,1,-25
-19,-18,0,-14,-23,-28,-1,3,0,-3,0,-20
-15,-31,-14,-28,-24,-13,-12,-12,0,-4,0,-20
-15,-26,-25,-23,-2,-2,-1,-8,1,-24,1,-23
-20,-20,-4,-3,-23,-21,-1,3,0,-3,1,-23
-22,-15,1,-9,-2,-1,-1,1,1,-29,0,-28
-21,-11,-7,-19,-1,-15,-1,-6,0,-3,-6,-11
-19,-21,0,-9,-2,-3,-1,2,0,-4,1,-21
-12,-23,1,-13,-11,-3,-1,1,0,7,1,-21
-20,-18,-6,-13,-12,-20,-1,-5,0,-3,1,-21
-23,-22,1,-12,-11,-9,-1,2,0,-3,-1,9
-22,-18,-7,-9,-12,9,-7,3,0,-4,-18,-11
-22,-18,1,-15,-3,-22,-1,3,0,-5,-1,4
-23,-18,-9,-20,-4,-5,-1,-4,0,-5,-12,1
-19,-13,1,-9,-5,-17,0,13,0,-5,1,-17
-21,-5,-17,-8,-6,-7,-1,0,0,7,-2,-3
-20,6,-14,-16,-16,10,-1,-2,0,6,1,-16
-25,5,-13,-1,-7,0,-1,-2,-14,2,0,19
-20,-5,-18,17,-18,13,-1,-2,1,-10,-11,-12
-13,-11,1,-6,-17,12,-1,3,0,-3,-20,11
-18,-10,1,-11,-8,-10,-1,-2,0,-4,0,21
-13,-10,1,-11,-14,-8,-1,-3,1,-10,0,21
-22,-5,-15,-10,-18,12,-1,-3,0,-3,-1,6
-15,-9,0,-7,-19,12,-1,-4,0,9,0,22
-23,10,-18,24,-20,-7,-1,-4,0,19,0,22
-19,-4,-21,6,-18,-8,-1,-6,0,-2,0,22
-21,1,-15,22,-20,7,-1,-6,0,-2,0,22
-23,15,0,28,-22,24,-1,6,0,-3,-19,15
-23,13,0,-3,-22,16,-1,-6,0,-3,-1,10
-19,-1,0,26,-22,14,-1,6,0,-4,0,24
-20,-4,0,26,-20,-2,-20,18,0,-4,0,24
-17,-1,1,2,-4,-2,-2,25,0,15,-24,28
-17,-1,-1,33,-6,9,-2,25,-1,34,0,25
-21,5,-18,0,-5,12,-1,3,0,13,0,25
-21,4,-20,16,-6,10,-2,26,-1,34,0,24
1,-5,1,-7,-6,-31,-1,-13,0,-3,-16,-33
-16,-9,1,-7,-9,0,-1,-15,0,-4,1,-13
-12,-28,-14,-30,-6,-31,-13,-34,0,-12,1,-13
-14,-21,0,1,-15,-28,-5,-15,-16,-11,0,-21
1,0,1,-5,-11,-5,-14,-22,0,-2,-4,1
1,-24,-18,-24,-16,2,1,-1,0,-2,0,-24
-9,-16,-20,2,-10,-16,1,-1,0,-3,1,-10
-17,-3,-19,-22,-17,-17,1,-4,1,-16,1,-12
-12,-28,-6,0,-10,-21,1,-7,0,-2,1,-12
-23,-14,0,6,-1,-11,-1,-2,0,-3,1,-17
-16,-26,0,3,1,-21,-14,-23,0,-3,1,-17
-22,1,0,1,-24,-8,1,-10,0,-4,1,-17
-22,-10,0,1,-24,-5,-16,-6,-19,-1,-11,5
-22,-10,1,3,-22,-3,-1,-6,1,-12,1,-16
-22,-5,-16,-3,-18,9,-13,-2,0,-2,-6,8
-14,-17,-8,-1,-1,-18,-18,-13,-15,15,-1,-2
-17,-4,2,-16,-17,10,-1,-4,0,-5,1,-14
-20,8,1,5,-21,-14,-1,5,0,0,1,-14
-23,-4,-19,-12,-11,7,-1,-3,0,0,1,-15
-24,-13,-21,9,-21,-16,-1,-6,0,-5,-24,-2
-19,1,-20,20,2,18,-1,-10,0,0,-1,2
-22,-5,1,7,-1,-13,-1,4,0,-1,-1,0
-9,-11,1,6,-1,-13,-1,-4,1,-9,1,-14
-14,-2,0,10,-2,8,-1,-8,1,-11,-9,-11
-20,4,0,10,-2,7,-1,-4,0,23,0,24
-21,5,0,10,-20,5,-3,22,0,2,-11,-3
-14,-7,2,-10,1,17,-1,-3,0,1,-2,25
-17,-2,1,8,-2,1,-1,-7,0,1,0,26
-23,15,-19,27,-20,-4,-1,-7,0,24,0,26
-23,17,0,13,-11,-3,-1,-7,0,21,0,25
-21,19,1,10,-20,-6,-2,19,0,1,-3,6
-23,0,0,14,1,20,-1,-1,0,0,0,26
-17,7,0,12,-21,20,-2,20,0,21,0,26
-15,1,1,12,-17,16,-1,0,0,14,0,26
-21,15,1,12,-21,2,-2,24,0,4,-3,4
-20,9,0,5,-2,5,-2,18,0,1,0,27
-20,18,-1,29,-2,4,-9,23,0,9,0,27
-1,-23,2,0,-17,-7,-1,-15,1,-32,1,-11
0,-28,0,-8,-21,-17,-13,-20,1,-32,1,-11
-1,-25,-18,-30,-1,-31,-9,-18,0,-10,1,-11
-22,-5,2,-24,2,-16,-21,-1,1,-32,-2,-30
-13,-22,0,-7,-3,-20,-13,2,0,-13,1,-10
0,-18,-17,4,-18,0,-1,-11,1,-31,-2,-29
3,-5,-19,1,-21,-11,-5,4,0,-2,-2,-30
1,-20,2,-21,-23,6,2,-19,0,-27,-10,-9
3,-7,0,-7,-23,-22,-15,-21,0,-27,1,-7
1,0,-20,-20,-9,-11,-16,-3,1,-19,1,-7
1,-25,-14,-24,-21,-24,-1,-16,-18,-4,-16,-3
2,5,-5,-10,-1,-24,-1,-16,0,4,-3,4
2,-22,-10,-9,-2,-9,-18,12,0,2,1,-5
-15,0,-21,8,-2,-9,2,-16,-1,3,1,-6
-17,-12,-21,-14,-11,0,-1,-4,-1,2,-3,-21
-23,-13,-19,-21,-22,1,2,-17,0,4,-3,-7
-11,4,2,14,2,-4,-1,-4,-18,-6,-4,-8
-21,9,2,-14,2,-4,-1,-11,0,4,-6,16
-16,-1,-21,-12,-11,12,2,-16,0,3,1,-3
-17,-5,-9,15,0,-12,1,15,-1,4,-6,15
-17,-8,2,-15,-2,-3,1,15,0,11,-4,-14
-23,-10,0,-11,-11,-5,-14,1,0,7,1,-1
-22,3,-10,-9,-12,6,-1,1,0,6,1,-1
-22,-4,1,23,-13,15,1,15,0,5,-9,20
-23,8,0,-10,-12,7,-1,1,0,5,1,-1
-22,14,2,2,-2,0,-1,1,0,5,1,-1
-15,-3,-1,11,1,16,-1,-5,0,5,-5,21
-21,7,-2,7,-11,17,-1,-5,-1,4,1,0
-19,18,1,24,-19,-6,-1,-7,0,1,1,0
-23,-4,-2,-3,-14,1,-1,-1,-1,5,-11,4
-16,-6,2,6,-2,4,-2,1,-1,2,-12,30
-9,0,-21,22,-4,3,-15,23,0,9,-13,-3
-19,19,1,27,-2,5,-15,-3,-3,5,-14,-4
-22,1,-21,23,-17,11,-2,3,0,5,-12,16
-19,20,1,28,-2,31,-2,0,0,11,1,4
-14,2,2,10,-17,5,-2,-1,-4,11,-15,4
-15,3,-2,1,3,8,-1,3,-4,11,-16,5
-11,-10,-11,-8,-2,-25,-18,-4,-6,-6,-15,-32
-15,-4,2,-7,-22,-21,-15,-20,-8,-16,2,-30
-1,-31,-13,-4,-22,-34,-18,-13,1,-27,2,-30
-7,-32,-14,-26,-20,-29,-19,3,-9,0,-16,-30
-5,-25,2,-5,2,-28,-16,-8,-14,-25,2,-29
-16,-9,-1,-13,2,-29,-16,-24,1,-25,-17,-1
-10,1,2,-6,-17,2,-14,4,-9,-4,-22,-20
-9,-16,2,-11,-13,-5,-14,-6,1,-24,-15,-10
-12,3,-2,-15,-21,-22,-13,3,-10,-4,-17,-8
-20,2,-20,-3,-20,-17,-8,0,1,-15,2,-25
-14,-7,-1,7,-21,-21,-14,9,1,-22,2,-25
1,4,-14,-9,-4,1,-2,-3,1,-22,-10,4
1,-14,-2,-18,-4,1,-2,-22,-3,4,-15,-10
1,-9,-3,-20,-7,0,-19,2,1,-12,-16,6
2,7,-17,14,-11,6,0,-22,-16,0,-12,-4
-7,5,-15,8,-19,-8,-14,12,-10,2,-17,11
-13,3,-3,-18,-1,-13,-1,-4,1,-20,-17,8
-14,-4,-21,0,-1,-13,-2,-18,-10,3,-17,-3
-16,9,-5,12,-11,-16,-3,9,0,7,2,-18
2,4,-21,1,-10,-1,-3,-11,-11,4,1,12
2,2,-8,-8,-1,-12,-13,4,1,-6,-2,14
-22,11,-19,-2,-1,-12,-3,-11,0,5,-18,19
-8,-8,-10,-8,-2,-6,-1,-3,0,5,-18,15
-16,5,2,4,-12,20,-3,-10,-1,-3,1,14
-10,-5,2,2,2,12,-15,-6,0,6,1,14
-17,16,4,-1,2,12,-21,24,0,6,-18,9
3,9,-5,23,-10,3,-17,14,0,6,-8,-7
-21,2,-18,17,-2,-2,-1,1,0,6,1,16
-11,-4,2,-1,-2,-2,-1,1,0,6,1,16
-11,0,-21,-4,-2,-2,-1,-4,-12,15,-18,9
-21,4,-20,1,1,-6,-1,-5,-4,19,1,17
-12,11,-21,2,-8,0,-3,-3,-12,6,-4,12
-21,-2,-10,-3,-15,7,-22,12,-1,3,1,18
-14,8,-2,28,-14,2,-17,3,-15,26,1,18
-19,7,-13,24,-18,25,-2,11,-1,4,-18,12
-18,23,-4,16,-14,17,-2,11,-1,1,-18,7
-17,21,-17,9,-16,25,-2,11,0,11,1,20
-4,-26,-14,-4,-3,-18,-6,-20,1,-26,-9,0
-2,-34,-12,-28,-21,-25,-7,-24,-1,-12,-9,-31
-9,-9,3,-29,-19,-27,-8,-11,-13,-24,-18,-7
-2,-27,-15,-31,-9,-22,-19,-21,-12,-3,2,-16
-12,-11,3,-28,5,-30,-2,-4,-4,-14,-18,-7
-8,-6,-21,-19,-9,-26,0,5,-1,-18,-10,-25
-12,-1,3,-29,-11,-9,-3,-5,1,-21,2,-16
-7,-19,4,-19,-1,-27,-14,-12,1,-22,-11,7
-2,-23,2,0,-20,-5,-8,2,-3,-7,-18,-5
-10,-9,-6,8,-13,7,-8,-2,1,-21,2,-14
-12,-4,-3,-6,-6,0,-11,6,-5,-11,-1,2
-2,-25,-6,5,-21,-13,-20,11,-8,-18,2,-13
-9,-2,-13,4,-21,-21,-21,-17,1,-19,2,-13
-1,-22,-9,2,-11,1,-15,9,-6,3,-13,1
-21,-11,-7,8,-11,14,-19,14,1,-18,-18,-1
2,-2,-16,-1,-17,-1,-1,-11,-18,12,-12,2
-11,-3,4,-13,-11,-11,-8,4,1,-17,-15,-10
5,10,2,7,-1,-18,-9,-7,1,-17,2,-10
-13,12,-1,-18,0,-16,3,3,1,-17,2,-10
4,17,-15,-14,-3,10,-7,5,-14,3,2,-10
-12,8,0,18,-14,-1,-1,-7,-4,-5,-14,-6
-14,0,-7,-4,-8,15,-1,-7,-6,3,2,-10
4,11,-5,-7,-12,6,-1,-7,-8,22,-16,19
4,-13,-2,18,-12,4,-5,23,-3,23,-18,2
4,-7,2,11,3,8,-6,-6,-1,-2,-4,21
3,3,-19,8,-12,-1,-1,-5,-8,17,-15,21
3,18,-2,-2,-12,-6,-11,19,-1,-4,0,16
4,13,-2,23,-8,7,-7,12,-2,-5,-3,2
-21,7,2,14,-14,20,-9,16,1,-8,-20,7
4,11,-2,10,-15,15,-20,24,0,20,2,-3
5,6,-4,21,-17,13,-1,-1,-3,0,-20,4
-21,20,-21,17,-3,5,-7,9,-7,19,-18,8
-13,12,2,16,-9,-3,0,30,0,12,2,-1
-20,5,-20,1,-10,7,-13,33,-11,29,2,-1
-12,9,2,16,1,31,-13,-2,-13,27,-18,6
-14,5,4,5,0,-1,-14,17,-8,34,2,0
-9,11,2,17,1,20,-1,4,0,15,2,0
-15,-4,5,-36,-17,-28,-1,-4,-7,-6,2,-11
-4,-9,-15,-35,-17,-24,0,-32,1,-21,2,-14
-14,-2,3,-18,2,2,-8,-18,-15,-16,-10,-10
-2,-22,-3,-2,-6,-29,-1,3,-9,-3,2,-13
-8,-11,-11,-26,-5,4,-9,4,-10,-17,-17,-31
-9,-10,-14,3,-18,-23,-13,-23,-9,-20,2,-12
-7,0,-20,-23,2,-8,0,-30,1,-17,-18,-1
-12,-1,-19,-16,-7,-28,-5,-25,-10,-22,2,-11
-5,-26,4,-13,-19,-11,-1,-17,-10,-26,-15,8
-8,2,-2,-3,4,-24,-9,2,1,-15,-13,-2
-9,-7,-6,-19,2,-15,-6,5,-8,10,1,8
-19,4,-2,-4,0,-15,-7,-3,1,-14,-2,9
-2,-16,-11,-8,-15,1,-1,-14,-5,0,-14,1
-10,7,-5,3,6,5,-9,1,-2,-4,-10,-19
-9,-12,-12,-10,0,-22,-14,11,1,-13,-8,-15
-14,8,-15,5,-12,-5,-10,15,-10,-21,2,-4
3,8,-14,5,-11,-20,-14,5,-6,-16,-14,-3
4,14,0,5,1,15,-9,3,-10,17,-14,17
4,-18,-1,9,-11,-2,-7,17,-11,11,-14,-14
-7,-11,-2,1,-15,9,-1,-8,-5,8,2,-1
-7,-9,-20,7,0,-7,-1,-8,1,-8,-15,7
5,-5,-20,2,2,-6,-1,-8,1,-10,-19,3
4,12,-1,15,2,-6,6,17,-16,7,-4,-2
-6,-2,-5,-8,-16,22,-1,-8,-11,15,2,2
-13,15,3,2,-1,-12,-10,0,-5,20,-19,14
4,-7,4,2,2,-4,-8,4,-11,-9,-8,21
4,-8,-15,21,6,9,-7,-9,-3,11,-6,-5
6,-4,-14,-3,-1,-3,-2,6,-6,23,-8,-4
6,-8,1,-6,2,-6,-10,8,-12,9,-9,12
-10,17,3,6,6,7,-14,15,1,-3,-12,23
-6,8,4,6,-11,20,-13,-2,-13,-1,-16,11
-12,1,1,3,-3,7,-5,25,-7,0,2,9
-13,19,1,6,-4,7,-14,9,-14,29,2,9
-13,21,3,8,-6,27,-16,33,-14,28,-17,7
-19,24,4,8,1,10,-15,26,-14,26,2,10
-13,12,1,14,-14,3,-1,0,1,2,-3,15
-12,13,-7,7,1,8,-1,0,-8,4,-17,9
-14,-2,4,-27,-17,-10,-15,-17,-9,-12,3,-25
-1,-25,5,-26,-17,-32,7,-7,2,-34,3,-25
-4,-25,-7,-21,-4,-7,-5,-8,-7,-19,-3,-29
-10,-1,-13,-13,-18,-29,-1,-1,-13,3,-2,-24
-3,-16,-6,-24,-18,-19,-14,-24,-12,4,-5,-19
4,3,-8,-24,-7,-14,-10,-19,-12,3,-18,3
-5,-10,-16,-8,-18,-18,-4,-11,-12,3,3,-21
-4,-29,1,-15,-16,4,-14,-27,2,-29,-19,-6
-1,-28,4,-20,-16,-16,-11,1,-13,-10,-14,-22
-4,-17,-2,-4,4,-10,-5,-12,-14,-23,3,-19
-6,-5,4,8,-5,0,-1,-12,-5,-18,3,-19
-16,5,-19,-9,-6,6,6,11,-14,-24,-7,-9
-2,-16,-9,-24,7,-1,-15,10,-8,2,2,0
3,0,-1,-15,-15,-2,-11,-10,-5,-14,-8,-15
3,-19,-15,13,2,-17,-4,11,1,11,-12,8
-11,6,-9,-1,-11,11,-4,6,-13,-2,-13,9
-10,-2,-9,-12,-13,-19,-15,7,-7,6,-8,-5
7,1,-15,3,-4,-18,6,13,-15,8,-13,-12
-5,6,-1,5,-15,-1,-5,-9,0,5,3,-12
5,-2,7,7,0,5,6,2,-15,-2,3,-12
-8,-15,-17,1,-6,10,6,-13,1,-4,3,-12
-6,-15,-12,15,0,-6,-15,10,1,-4,2,16
-15,16,-12,8,-18,-7,-5,14,-15,-9,-5,5
4,-1,5,-5,-14,17,5,-8,-6,-9,-16,16
3,0,5,-12,-8,14,-5,-8,-16,24,-19,12
4,-2,-15,10,7,-8,-4,4,1,-3,3,-8
-13,10,4,-3,0,-3,0,7,-16,10,-1,12
-12,0,-11,8,0,-4,-11,-5,-10,3,-12,-2
-18,19,-9,-5,-4,5,-8,18,1,-1,3,-6
-4,-1,4,17,-14,9,-8,-3,-16,12,-19,6
6,-5,-17,12,-6,15,-15,1,1,-1,3,-5
-5,-3,4,10,-18,3,-16,16,-16,11,-17,-5
5,12,-18,7,0,-1,-16,-1,-9,8,-15,7
6,1,-1,29,6,32,-12,23,-16,7,-17,23
6,11,-16,26,6,27,-12,-1,1,2,-15,20
-11,23,-15,17,-14,8,-10,26,1,2,6,18
-5,7,-10,11,7,5,-13,19,1,2,3,0
1,-16,5,-24,4,-9,-2,-32,-3,-21,-1,-34
1,-13,-5,-22,4,-7,3,-15,-3,-21,-5,-21
2,-12,-16,-4,-1,-33,-2,-8,1,-21,-7,-18
2,-12,-11,-31,3,-8,-2,-28,-15,-25,-2,-8
1,4,-18,0,-1,-30,5,3,4,-1,-7,-10
-1,-27,-1,-30,4,-2,-2,-25,1,-16,4,2
-1,-6,-3,-2,-2,-22,5,4,3,-8,4,0
-2,-21,-17,-15,2,-11,3,-10,-11,-6,-10,-1
-13,8,1,-27,6,-28,-12,-12,-11,-24,-14,-10
-2,2,-12,-10,-10,-15,-11,-6,-12,0,-1,0
-2,-11,-7,-1,0,-2,-11,-12,-7,-26,3,-10
5,5,-7,8,-8,2,-13,-13,-12,-12,-1,-11
2,-17,-17,6,0,-18,-3,-15,-7,-11,-17,-17
-11,-1,3,8,-7,-12,-5,5,2,-22,-17,5
3,-14,5,-12,8,4,-15,-20,-8,-12,-16,-13
-4,-6,-17,3,7,7,-9,7,-13,-8,3,-6
3,-6,-14,7,7,4,-2,1,-6,12,-12,-18
-5,-18,0,11,1,-17,-14,14,-6,12,-16,-8
-8,-12,1,-11,-14,-9,-12,-1,-13,8,3,-4
-10,-5,4,7,-2,-11,-2,-10,-17,18,3,-4
8,8,-17,-16,-5,-13,-14,-2,-6,3,-16,5
-6,-14,5,-10,-15,-9,-12,0,2,-15,3,-4
4,2,-12,8,-7,15,-13,7,2,22,3,-4
-8,10,-11,-6,8,3,-16,20,0,15,-16,22
5,11,4,7,-7,10,-3,-9,-14,22,-4,20
5,-3,-17,24,-4,8,-1,0,-6,1,-3,10
-9,7,-1,16,-6,-4,-10,17,1,7,-15,22
6,23,4,25,-7,12,-4,-9,-10,7,-15,25
-4,8,-4,-3,-3,23,-13,10,1,2,3,1
8,6,-16,6,-4,26,-2,27,-4,13,-14,-6
8,4,2,24,-12,4,-3,25,-11,19,-14,30
7,22,2,6,-8,27,-4,30,4,29,-11,29
8,14,5,-1,-6,19,-16,27,-4,9,-14,21
8,0,1,18,-6,15,-6,-3,-13,17,-8,0
8,9,5,-1,-8,27,-13,11,-12,22,-11,6
-18,12,-2,8,-1,9,-13,4,-18,35,3,7
8,16,-15,18,-4,32,-14,26,1,9,3,7
-5,0,-11,-23,2,-2,0,-7,-10,-26,1,-27
-3,0,-2,1,-1,-9,4,-9,-12,-2,-12,-22
-4,2,-5,-15,-17,-4,0,-3,1,-11,4,-11
-3,3,3,-15,-3,-31,0,-28,-5,1,-13,-2
-2,4,-15,-18,-10,3,1,-27,-6,-23,-15,1
-2,4,-17,-30,-11,-4,0,-21,-4,1,-5,-5
-5,5,-16,-3,4,-12,0,-22,3,1,-9,-4
-4,6,-5,-7,4,3,-1,-13,-3,2,-8,-3
3,1,-14,-20,0,-28,0,4,4,-10,-4,6
1,-8,5,5,4,-6,0,-9,0,-22,-6,1
-12,9,4,-7,3,-12,2,-11,-2,-25,0,-23
-3,-17,-5,-13,-9,0,-16,5,-4,-13,-7,-25
5,-24,-5,6,-7,-7,-4,-22,-13,7,-12,7
4,-13,6,-23,-3,-17,-3,9,2,-15,-12,-5
-3,-21,-2,-3,-3,-19,-10,-19,2,-15,-1,-5
-4,-6,2,-11,-7,-21,-11,2,2,-15,4,-16
-9,1,-12,8,0,-11,-13,4,-9,6,-4,5
5,-11,-14,-2,-4,1,-3,-17,-15,17,-12,-11
4,-7,5,7,-17,3,-2,-13,-11,-14,-8,-16
-6,-2,1,-1,3,6,-6,15,-2,11,-8,4
5,-6,-9,9,7,-4,-17,12,-6,1,4,2
5,-8,-16,11,-13,-8,-13,3,-5,-12,-9,-2
-8,-6,5,6,8,9,-13,9,1,10,-17,-3
7,-6,5,10,-11,15,-14,21,-5,-12,-7,-5
-12,16,-2,8,-12,-1,-6,16,5,24,4,-8
7,13,-11,5,-12,-7,-16,-1,-6,13,4,-10
-3,2,-1,2,-8,-9,-4,2,2,-5,-16,-7
7,21,5,8,-14,5,-6,22,-6,-3,-11,15
8,27,-13,-3,-9,6,-13,9,2,-5,3,27
7,10,-7,29,-12,-6,-6,16,2,-5,-3,19
-14,23,-3,13,-9,4,-10,10,-7,-3,-10,-3
-10,9,-7,28,-12,13,-13,11,2,-4,-11,9
-10,8,5,12,-5,24,-4,30,5,24,2,12
-8,10,-14,16,-9,4,-13,7,-14,29,-12,31
9,-1,-4,34,-13,16,-4,6,2,-2,-11,13
-12,21,-5,17,-2,1,-13,7,2,18,3,11
-6,14,-12,32,8,22,-8,15,0,30,3,11
0,0,-8,-36,3,-22,0,-7,-6,-30,4,-17
5,-1,-6,-11,0,-16,5,-3,0,-29,-4,-21
4,0,4,-5,1,-10,2,-34,2,-8,-9,-34
3,-6,-2,-31,1,-8,1,-7,3,-3,-4,-2
5,3,-3,-15,-1,-23,1,-17,1,-13,4,-16
-6,5,-10,-16,0,-31,1,-14,1,-9,-2,-11
-5,6,-11,-11,0,-6,1,-5,6,-8,-2,-20
0,6,1,-5,0,-27,1,-9,-3,2,-9,-23
-5,7,-16,0,0,-24,1,-12,-1,8,1,-22
-6,8,-7,8,0,-26,1,-4,-3,7,1,-14
-2,7,0,7,-1,6,1,-24,-4,7,-8,-17
3,-13,1,-22,-2,-8,-1,4,2,-24,-16,6
-6,-6,-16,-6,-11,-14,2,0,-7,-1,0,-16
-5,0,-9,-3,2,8,10,-3,-4,-13,3,11
3,-19,-5,-11,-4,11,-4,3,-7,-2,4,-12
-6,1,-15,8,1,15,-16,15,5,12,-6,9
-4,-11,-10,13,3,0,-4,-15,-1,-4,-3,-4
-2,-6,-4,-9,-14,10,-8,13,-2,-8,-6,13
-1,9,-13,15,-16,14,3,-5,-1,-8,-5,11
4,-13,-6,10,4,3,-4,-4,5,8,0,1
-8,6,-3,12,-2,12,4,18,2,-16,5,19
5,1,2,12,-5,19,3,20,-11,17,2,-13
5,-1,-8,-8,-8,-3,-7,8,5,6,0,-12
7,-7,4,13,9,-10,-16,-2,-5,2,1,7
8,-6,6,3,-15,20,-6,6,2,1,4,-3
8,20,-10,17,-16,23,-5,22,-7,5,4,-3
-6,3,4,24,-4,-3,-8,-4,-13,1,4,-3
-9,20,-8,-7,-10,15,-12,-3,-7,17,2,-3
-3,2,3,8,9,13,6,14,-7,0,2,13
10,0,-10,5,4,20,-13,6,-13,-1,-15,4
-10,19,3,30,-4,3,-13,2,-7,7,4,0
-6,2,3,6,2,18,-5,11,-2,31,4,0
-10,19,-5,1,-1,26,-9,31,-16,13,-6,2
-10,23,-11,-2,-9,30,-13,3,-8,30,-1,13
9,18,-13,34,3,19,-13,3,-16,9,3,33
9,27,4,20,9,19,-13,-1,-2,25,4,3
-1,12,7,33,-7,27,2,19,-16,5,4,3
6,0,-2,-2,2,-9,-4,-34,6,-17,0,-2
-8,1,-7,-11,6,-8,1,-15,1,-14,7,-6
7,-4,-1,-12,5,0,0,-9,-13,-25,-4,-7
8,3,-1,-4,-4,-1,1,0,0,-6,-5,1
8,1,0,-3,0,1,8,4,7,-3,-14,-2
2,-13,-8,4,0,-24,11,5,6,-1,-3,-30
2,-15,1,-3,1,-13,5,-14,5,-14,-5,-18
-5,5,-7,6,2,-7,1,-2,7,1,-6,-1
2,-28,-4,-18,2,-14,8,5,1,-8,-5,7
-15,2,-3,4,2,3,1,3,-15,5,7,-3
-2,-4,-1,-25,3,-19,-1,4,1,-25,8,10
5,-16,2,-5,-9,-6,0,-7,-4,6,-2,7
7,-2,11,8,-5,2,-5,11,-15,-11,-3,-14
-7,6,4,2,-2,-16,-13,6,-11,7,-11,-13
-1,9,6,-2,-6,-13,4,-3,-1,-8,-6,-6
4,-13,-2,9,1,2,3,15,-1,12,-9,6
-1,-3,0,4,5,12,-7,0,-1,-17,8,12
-3,-4,-6,-18,4,14,-3,7,-2,-17,-8,-10
-1,-9,0,-9,2,-5,0,-11,-2,-5,-1,0
-2,10,-15,12,1,16,-3,-13,3,10,2,0
-2,1,-6,20,2,-9,-13,8,-3,-3,6,13
8,0,-5,8,-8,19,-13,8,2,-14,-2,-2
6,-2,-12,7,-3,-11,5,13,5,16,0,-3
7,7,-5,21,-8,5,-8,7,3,3,-2,17
10,21,4,12,-5,13,-5,19,-3,6,2,-11
9,8,0,-5,-1,10,-8,-9,2,23,-14,-9
-2,2,-1,10,-2,-10,-9,0,-15,10,3,17
10,17,-10,5,6,19,-3,-3,-1,-7,-7,3
10,3,-12,17,-9,28,-5,-1,-15,18,5,18
-15,11,-2,-1,-4,10,0,5,-1,-6,2,5
-2,-4,5,-1,11,21,-5,-2,-15,22,4,16
-10,10,7,9,-1,26,-10,22,-14,3,5,-3
-15,3,-5,1,4,19,-13,17,-4,32,4,25
-2,2,-9,27,-1,10,-13,16,-4,20,5,-3
0,22,2,8,-2,33,-13,16,-4,1,4,28
11,29,-2,31,-7,8,-6,23,-14,35,5,23
9,8,-3,23,-7,4,-13,16,-6,3,3,36
6,-8,0,-2,-7,0,12,-2,-12,-2,7,-14
-13,-4,-7,-21,-1,-33,2,-21,7,-18,2,-12
-7,1,-2,-2,9,-24,-9,-24,-4,1,6,-17
2,-15,4,-4,-5,-3,-3,-6,1,-13,-2,-11
2,-19,8,-1,5,-31,-5,-3,-12,-28,0,-18
5,0,5,3,-4,-15,-12,-16,-12,-2,3,-26
-6,5,-5,-16,0,-22,-2,-8,9,3,7,-9
6,-13,1,-27,-9,6,-2,-11,-4,1,-13,3
-3,4,-1,-17,-1,-18,0,-4,1,1,1,5
2,4,-3,-19,9,-18,7,8,-12,-22,0,3
5,-15,-2,7,9,-18,-12,-12,-6,4,-5,-7
-5,-11,-11,-1,9,-18,-5,-23,-12,2,-11,6
8,-23,-3,-24,-10,-12,-12,-11,-12,4,5,12
6,-12,1,-15,-5,6,-12,-14,-1,-22,2,7
6,-8,8,-9,-8,13,0,-5,-9,9,-3,-5
7,-15,-14,-7,-6,-6,0,-11,-4,-5,-6,0
9,-15,-4,-14,-5,1,8,-18,-6,-11,1,2
7,-4,2,7,-5,-13,-6,-2,-3,-14,-5,-4
-6,-4,6,-15,-9,1,4,2,-4,13,-4,8
8,-2,6,-15,1,12,-7,-17,-6,7,5,-2
9,-15,2,8,-1,-8,-5,7,-2,-9,-10,-1
-5,-9,3,14,-5,-2,0,-7,1,-6,-5,18
12,14,-12,20,-3,-13,-12,-6,-5,-3,-11,-10
-3,4,3,-5,-7,-5,-1,-3,-5,-7,-5,11
-2,4,-2,23,-8,5,-8,9,-5,-11,-10,1
-8,8,8,1,-9,2,-12,-7,-13,20,-14,1
1,-5,-14,14,-4,-4,-8,-10,1,-3,-6,-8
-9,3,-8,2,-8,4,-2,19,-12,1,-7,24
-12,17,6,4,-9,13,-5,5,-12,6,5,3
-9,11,8,4,-6,17,-9,28,-9,4,-10,25
-7,-1,2,12,12,0,-5,-2,-6,-3,4,2
-11,10,-11,4,-6,25,-12,-3,-7,21,5,5
-14,2,5,24,-3,26,-12,-3,-12,16,-3,14
-13,13,6,33,-8,29,-9,31,-9,31,5,6
12,2,-4,9,-9,15,-13,12,-8,3,-14,12
-2,13,4,30,-6,18,-12,24,-7,0,-14,21
12,26,-9,13,-4,11,-12,0,-10,0,-9,22
9,-2,2,-2,3,-9,-12,-8,7,-19,-2,-2
3,-30,-2,-4,-5,-35,-13,-5,-7,0,-3,-10
3,-25,2,-3,-6,-31,-4,-29,-6,-34,-2,-22
0,0,-11,2,-11,-2,1,-13,10,1,-10,-3
-10,0,9,-3,-1,4,6,-3,-7,-2,3,-17
-13,2,-3,-21,5,-23,9,5,7,-7,3,-25
6,-17,-2,-9,-11,2,3,-6,4,-6,-11,2
3,-5,10,2,-3,-21,5,-1,-10,5,-3,-7
-13,3,-6,-18,1,-6,13,-15,1,0,1,-6
-5,-7,-9,7,-8,-19,13,-15,1,-2,-13,5
-3,1,2,6,10,-20,-11,4,-9,-19,-8,-22
0,1,-7,6,-6,-25,6,-3,-7,-9,-8,-6
9,-22,-5,5,-9,4,-12,1,-7,-22,0,-12
-3,-8,-3,-10,-9,-8,-11,12,-3,-19,-4,4
-1,-14,-10,-20,-6,-6,-12,1,-9,-9,8,-5
-5,-11,-12,10,-13,12,0,-21,1,-3,8,4
2,-9,-11,5,-9,13,-2,-2,-1,-4,4,-20
13,8,5,-15,-7,-4,-12,-1,-1,-5,-8,6
-2,-6,-2,17,-6,-4,-4,-15,-5,-17,-2,-11
13,0,3,-3,-3,-4,-10,-16,-9,-1,-9,18
12,-13,0,-12,6,16,-12,1,-8,12,4,-9
-13,9,-6,21,1,9,-5,6,-1,-10,-9,6
-13,2,-8,1,6,22,-12,-3,7,21,5,-9
13,-7,-9,-10,2,5,-6,15,-5,-5,-5,-7
-1,-7,1,-9,0,-1,-12,-4,5,21,6,-4
-13,8,5,-6,0,12,-12,-7,-13,24,0,6
-12,8,-3,-1,-8,24,6,11,4,5,1,13
-10,15,-9,-8,0,27,-13,13,-8,16,-9,15
-10,10,-8,-6,2,11,-8,-5,-8,-3,2,-4
-4,-6,-10,-7,-2,28,-13,14,-8,-7,6,0
-2,-3,-11,14,-8,18,-13,27,-5,19,6,0
-12,1,-12,4,-9,6,-12,11,-10,19,6,0
-9,11,5,7,-1,4,-13,23,1,17,6,0
-11,12,-12,2,-5,14,8,1,-9,29,-8,4
-11,25,-10,29,-8,31,-13,4,-9,17,-8,22
12,20,5,5,13,23,-12,14,-9,13,-8,28
0,24,-8,25,-9,14,-12,19,-9,20,6,3
6,-8,9,-15,4,-7,10,-5,2,-31,0,-2
4,-31,11,1,0,-15,-8,-30,-8,-23,0,-22
-1,-1,-5,-19,-4,-6,0,-1,-11,-4,7,-7
-8,3,7,-15,1,-24,-3,-12,3,-29,4,0
-1,-12,-1,-10,-6,-12,-5,-21,11,3,2,2
3,-3,-5,-26,5,0,-1,4,-1,-21,4,-20
1,-10,4,-7,8,-5,-8,-8,-10,0,2,-21
0,-1,4,7,-5,-24,-6,7,-8,-3,-2,4
6,-21,10,-18,3,-14,-10,-11,-6,-16,-2,-1
11,4,-3,-5,-1,9,-10,7,-7,-15,-2,-13
8,-23,-1,1,-6,-14,2,-8,4,0,8,5
8,-15,-1,-7,1,-1,10,9,7,6,-12,-16
10,-18,2,-20,-7,12,2,1,-8,-6,-7,-10
-1,-14,-1,0,14,-1,2,6,-7,-21,0,-20
-2,4,8,-18,14,-7,-1,-10,-6,1,7,-8
-3,-6,6,-18,8,9,-6,8,-7,-6,-6,-20
0,-8,-11,-10,8,9,-5,12,-2,8,0,13
14,-10,-8,-5,-3,-12,1,2,-7,5,-4,4
-3,-11,-11,16,-5,-14,-6,-12,-5,4,8,2
-3,-1,10,-9,-5,-11,-11,3,-4,17,-6,-5
-11,6,8,19,-1,8,-7,-15,3,7,8,-1
-10,-4,-12,-6,-9,8,-6,-13,-2,5,-10,21
-11,5,6,-12,1,4,-7,17,1,-14,-6,-8
-11,8,-11,-5,-2,-12,-7,6,-9,22,-5,11
-8,-1,6,-11,-2,7,-7,-12,14,-7,7,-11
-5,-8,5,23,-3,3,-8,17,-8,-3,7,-11
-5,-8,10,-4,14,7,-11,11,-7,19,5,13
-7,11,10,-4,-6,-9,-11,18,-8,-5,5,2
-8,5,3,10,1,4,-8,7,-7,9,4,14
-9,1,10,-3,13,24,-10,-4,-2,20,3,5
-11,-6,-12,15,-1,0,-10,-1,-8,-4,-6,12
-6,-5,-10,-4,14,6,-8,24,0,23,2,-4
1,0,10,-1,-11,27,-10,16,-9,22,-5,11
-10,9,2,6,-1,28,-7,8,2,24,-2,16
-6,11,1,1,-3,29,-1,5,-12,13,2,14
-9,27,8,14,4,31,-12,19,-7,35,1,9
-8,29,5,9,-2,2,-10,27,-9,12,1,6
-11,-1,7,-24,6,-8,-6,-16,6,-23,10,-16
4,-2,1,-21,8,-5,1,-25,5,-24,-6,-8
-7,1,9,-1,8,-3,-3,-15,7,-14,0,-8
-1,-13,1,-25,5,-11,-4,-23,-8,-11,4,-27
8,-22,0,-8,0,-17,0,-19,2,-15,3,-24
-2,-22,5,-12,7,-30,-1,-9,-1,3,8,-5
4,-17,-11,6,-1,5,2,-1,-3,-10,5,5
7,-28,2,-9,-1,-6,-1,-5,0,-15,9,-2
4,2,11,7,-4,-18,-8,-21,-6,-7,-2,8
8,-20,8,-7,0,-4,-8,-18,10,8,6,4
1,-9,3,-11,-3,-13,-7,-26,6,-19,1,-24
11,-4,6,-13,2,-19,-8,-15,4,-22,-2,-15
12,-13,8,11,-6,-18,7,-6,5,10,0,-22
11,-12,-1,9,-7,-13,-8,7,2,-5,10,7
11,-8,5,-18,-5,-19,2,-9,2,1,7,10
-1,-12,11,-19,8,5,1,6,-5,-20,-5,-1
-3,-12,5,-7,-8,14,-8,9,-3,7,-3,5
-5,11,2,16,13,-2,-8,-8,4,12,0,-15
-6,7,-11,15,-3,3,-8,-6,-4,-7,-5,1
-9,1,-6,-5,-1,-5,-8,9,4,-6,8,2
-9,7,11,-16,-3,-15,-8,8,-5,-7,4,10
-6,-2,11,3,1,6,-8,0,4,-2,-3,-7
-7,-2,5,21,15,-2,-6,1,-8,11,-2,16
-8,6,-11,22,-5,3,-8,14,-5,-6,6,2
0,-10,-7,-2,2,3,-6,18,-8,5,7,2
-2,-9,11,-2,14,23,-8,5,-8,-4,-5,2
-8,12,11,-3,3,26,-8,7,-8,-6,6,8
-6,-1,11,-8,11,7,-8,14,-8,-7,6,-1
-9,-2,10,28,-3,14,0,17,5,6,-6,-3
-8,6,-7,13,-4,18,-8,13,-3,5,-6,-6
-9,18,-3,16,1,21,-8,13,-2,1,7,27
-11,-3,10,4,-1,9,0,14,9,27,11,29
-5,5,-11,15,4,21,-8,24,-8,-3,8,19
-8,23,-7,25,-11,13,-6,13,-9,21,-7,25
-5,22,-2,32,7,-2,-7,-1,-9,19,8,29
0,15,-3,17,7,31,-8,17,-11,2,-7,11
-2,30,2,29,14,36,-4,23,-9,19,8,28
7,-19,4,-36,-9,-34,8,-25,3,-26,4,-7
12,-8,10,-19,6,-19,0,-29,6,-25,3,-4
1,-6,-1,-7,16,-5,-7,-20,-4,-20,5,-10
1,-8,-4,-19,14,-17,0,-31,-1,-11,-1,-29
13,0,9,-13,-3,-25,-1,-31,-4,2,-1,-21
5,-24,8,4,-3,-14,-1,4,2,-20,12,-9
4,0,7,-9,-10,-26,-3,3,-1,-26,3,-25
7,-17,1,7,-9,-28,-3,-4,5,-12,-6,-20
4,-1,-4,8,2,-3,-1,-18,-4,1,0,-7
1,0,10,-17,-7,2,-1,5,4,-27,-2,7
3,-3,6,-18,14,-12,-5,-1,-6,-23,-3,-13
-5,6,-1,4,-7,11,-4,6,0,-11,-3,11
4,2,1,-8,-10,1,-7,-20,3,5,-6,-17
12,-5,10,-16,-9,-5,8,-7,-8,-8,-1,-3
11,-21,5,-12,14,14,5,6,-8,-9,3,-15
1,8,3,-5,-8,4,4,2,7,-1,-6,-18
10,-15,-1,11,2,-8,-3,7,-1,13,5,-17
2,-6,-2,8,-6,11,-5,7,-3,2,1,-14
16,16,3,-17,-9,9,-4,-14,5,17,-7,17
-4,-1,-6,13,14,-6,-6,-15,-1,8,6,-14
-5,0,-5,13,-3,-14,2,-13,1,19,-10,13
5,-11,10,-6,16,-5,-8,13,16,16,-7,13
4,-11,-6,-5,16,-5,-8,12,-2,-9,-7,12
-8,-13,-10,0,-4,13,-6,-10,-8,-5,-9,-4
-7,-6,2,24,10,9,-6,-8,-8,-6,-7,10
-5,8,10,-3,16,20,-8,0,1,-4,-7,9
-7,13,-1,18,-7,16,-6,1,-8,-10,6,-6
-9,11,-1,-5,16,23,-10,-5,6,9,-7,10
-10,-8,10,-7,-3,5,-6,12,-9,19,-7,10
-8,2,-4,3,15,19,-10,8,-7,14,-7,9
1,-6,2,-4,-7,-4,-5,-2,7,-6,11,30
-2,0,-10,20,-3,27,-6,4,10,24,-7,9
-7,23,-4,1,15,14,-6,9,7,13,-7,8
-1,-3,-5,19,15,27,0,27,15,5,-7,8
-10,-1,-8,7,12,13,-6,33,-9,19,-7,5
15,16,-9,14,12,12,0,10,8,6,-7,5
16,36,-2,20,16,13,-5,7,9,20,-9,0
11,-19,8,-36,-5,-12,5,-29,11,-16,9,-24
6,-13,5,-7,11,-11,1,-8,-2,-21,9,-11
4,-15,-1,-31,-8,-24,12,-9,11,-13,-4,-31
6,-1,3,-29,3,-1,-8,-32,-1,-20,-6,-30
-5,1,-2,-4,-6,3,2,-22,-6,-4,5,-7
-4,2,3,-31,9,4,0,-5,-2,-16,4,-30
7,-10,-7,-2,2,-16,1,-25,17,-26,13,6
6,-9,10,-20,-2,-2,-3,6,-1,-14,0,0
-1,4,12,2,-7,-17,2,-7,-8,-8,13,0
3,-7,-3,-19,-8,-16,10,3,7,-15,4,-16
-5,8,-4,7,14,5,6,-26,-5,-9,9,-26
-2,-5,6,-8,7,-13,4,7,2,7,0,-3
1,5,2,-21,15,-15,3,-23,-8,-13,9,-9
10,-14,10,0,-9,1,4,-16,0,-14,-1,-7
3,-4,11,6,12,14,11,14,10,-1,13,9
4,-3,-2,2,3,8,0,-10,2,-13,0,-16
2,10,-1,13,-4,3,3,-12,-8,-8,1,-15
11,-11,0,0,-4,8,11,7,-8,6,-9,-3
14,-18,7,7,-4,-4,-6,14,-7,-7,-8,17
16,7,8,-13,-8,8,-4,16,-7,-14,-6,-15
-4,10,-3,-7,-5,-10,-9,9,-5,8,-2,-5
-7,-7,-2,-15,-5,-14,-4,14,5,0,-4,-15
-3,-3,-6,-2,-6,7,-3,-13,2,-13,-2,-12
-8,-10,9,23,13,1,-1,-5,11,14,-5,14
-8,-11,-8,8,14,-8,-3,-9,-8,5,-1,6
-8,-4,-2,0,-6,9,-8,1,-7,-4,-6,-11
0,-5,-6,-4,13,7,-3,-5,-6,4,-7,21
-9,12,-5,-7,13,9,-3,3,-8,-9,-3,-4
-9,15,-2,18,16,11,-8,18,-6,1,-1,-1
4,4,-6,3,-6,3,-3,20,-9,17,-7,20
2,-1,13,27,16,8,-2,7,-9,12,-7,18
-9,9,10,0,16,7,-7,5,-8,23,-3,3
-2,4,10,0,-6,13,-3,7,-9,10,-7,11
16,13,-6,-2,-6,13,-1,28,-9,9,-7,10
17,0,-7,8,-7,22,5,1,9,33,-7,10
4,15,-7,1,5,17,1,0,-9,18,-7,7
15,12,7,34,5,12,3,36,-6,30,-9,25
11,-20,13,-13,1,-18,1,-11,-6,-5,15,-2
10,-4,-1,-19,9,-27,12,-14,1,-16,-3,-14
13,-11,-2,-16,-4,-3,8,-23,-5,-7,1,-28
8,-30,2,2,-6,3,-2,-5,4,-6,1,-1
-5,3,1,-17,11,-5,3,-2,-1,-1,-6,-25
4,3,1,-11,11,-14,2,-6,4,-2,8,-22
8,-16,-1,1,-7,-1,10,5,4,-30,-2,-2
8,-4,5,-3,-1,2,10,4,10,-11,-6,-24
5,0,5,-5,-6,-27,1,2,8,-25,6,3
-8,7,2,-26,8,-17,11,7,10,2,10,-23
-6,5,3,-14,18,-22,10,-20,8,6,-8,-9
8,2,2,-4,-3,-20,10,-17,-1,2,4,-16
7,-16,-4,5,-8,-1,2,-5,-7,5,0,-13
-5,10,0,-8,5,-10,12,1,-7,-17,9,2
-1,10,11,-22,-5,-15,-1,-10,-5,-7,4,3
8,9,-1,3,-7,-7,9,-20,-5,8,-4,9
7,11,-1,-12,-7,4,0,10,-3,10,1,-19
-8,9,-4,-8,-7,2,-2,7,-4,10,0,14
12,-5,2,1,1,-7,17,-9,5,9,5,-3
15,8,5,-3,6,-16,2,0,-2,3,0,15
18,-8,6,-10,18,5,7,8,5,-1,2,7
-3,8,7,-15,17,17,-2,3,9,8,11,9
2,-14,10,-4,17,-3,17,4,1,-14,12,22
3,-2,-3,-8,2,-6,-2,7,-3,-3,-6,-9
-3,2,-4,5,11,-8,-1,22,-7,-8,-6,-11
-7,1,-7,21,-6,6,17,5,-3,-3,-7,14
-2,4,-2,22,16,-3,-8,14,-3,6,-7,13
5,5,-4,10,-5,0,-8,1,-7,-4,-7,13
-1,10,9,17,-7,1,5,-4,-5,15,-7,12
0,18,-1,11,-4,29,17,24,-2,-1,-8,-3
17,30,9,1,16,27,0,3,2,23,4,6
2,9,8,1,17,-5,-8,13,-6,12,-6,5
17,25,10,3,0,2,15,5,-5,27,0,31
16,19,-4,22,5,25,2,5,-6,20,-6,3
16,18,-2,24,4,29,17,33,-4,20,-6,1
16,12,16,10,4,1,5,25,-8,5,-7,20
16,25,17,2,6,29,3,6,-2,25,-7,19
12,-19,7,-12,11,-27,5,-19,15,-3,14,-17
14,-6,9,-25,13,-20,3,-22,-6,-17,12,-22
11,-5,14,-34,-4,-4,1,-19,8,-29,8,-7
10,-11,7,-7,-6,0,1,-17,-3,2,2,-24
10,2,-3,-9,-5,1,9,-14,5,-12,7,-11
10,-11,10,-14,4,-4,13,-6,9,-24,8,-6
10,0,3,-18,12,-2,3,-7,11,-13,11,-23
6,5,10,6,16,1,8,3,9,7,-7,-22
10,-23,7,-18,15,2,9,-11,9,-15,7,0
10,-11,6,-8,18,-21,19,-24,7,2,9,7
14,-4,6,1,14,9,8,-16,3,-18,6,-7
11,-21,7,2,13,-6,12,0,0,-7,7,-19
16,11,2,0,-5,11,13,8,10,8,8,8
-3,8,14,12,14,6,9,-8,12,3,8,13
9,1,10,-11,18,-14,0,8,-1,-11,8,13
8,-3,8,2,8,-1,1,-11,0,-5,5,6
6,9,9,-4,11,-18,-1,-11,4,-2,9,7
5,8,2,-19,6,15,9,13,3,-1,-5,6
17,18,-5,11,0,-9,14,0,-5,17,11,17
18,-3,0,-14,-2,3,-7,-9,-7,16,5,3
18,-1,-1,-15,8,5,1,-13,6,-10,8,-11
0,-5,1,19,9,19,19,-11,-1,0,15,11
8,1,-2,-6,19,-13,19,-9,1,-3,10,16
-3,15,16,-7,17,-12,19,-6,0,11,8,-5
19,3,10,7,17,3,19,-1,-3,-1,-5,2
0,19,8,-4,17,8,19,3,-5,15,-6,6
-7,2,4,20,14,21,19,17,1,11,-5,13
16,11,11,17,8,19,14,-4,7,26,10,13
5,2,-7,3,-5,13,8,-6,1,20,-5,10
2,24,-7,-2,2,-5,5,24,-3,16,-7,14
16,21,-3,0,-6,20,-4,16,5,0,12,26
16,21,-6,17,-3,0,14,10,0,1,13,29
16,12,-2,-1,19,-4,-6,-1,-4,1,13,17
2,7,-4,11,17,31,-7,2,-4,-3,-7,15
19,31,7,14,-4,-2,19,17,-6,20,-7,24
19,30,7,16,-3,33,-3,11,0,18,15,22
1,18,-6,21,12,24,11,21,12,36,-2,2
13,-11,-1,-6,-6,-31,10,-36,-1,-27,7,-10
12,-15,2,-31,17,-12,13,-15,-6,-14,5,-26
15,-4,6,-29,-4,-11,16,-27,9,-32,0,-11
13,-7,9,-6,18,-2,13,-21,-5,-9,-4,-13
13,-11,7,-11,10,-27,11,-5,-5,0,-6,-13
11,-2,3,-14,11,-15,-1,-17,14,3,-4,-9
3,5,15,-2,9,-26,10,1,10,-1,6,-13
-5,5,4,-13,9,-17,10,-20,4,-16,7,-11
15,-2,4,-2,13,7,14,-13,4,-19,4,-8
12,7,5,2,11,-4,7,0,11,-15,1,-9
11,-3,-3,8,11,6,8,-14,5,8,16,6
11,-23,-1,2,3,-3,7,-7,4,8,12,3
-4,10,5,-5,20,-17,12,-2,2,11,3,1
12,-14,16,5,14,5,14,-6,16,4,3,-10
4,-1,2,14,14,14,13,11,1,-14,9,8
15,-3,6,5,10,-3,-2,10,1,-9,2,1
5,-12,9,-4,3,13,2,2,-1,15,5,4
16,0,2,-10,3,4,2,-14,14,3,-6,8
0,13,16,18,-2,-10,9,-17,1,-9,-2,8
20,15,-4,6,10,-3,1,19,9,-5,2,19
-6,11,14,16,4,18,9,10,10,19,13,9
2,-6,15,-8,12,5,9,-2,-6,7,-5,21
1,5,-5,2,-6,-7,1,5,-6,11,-5,-10
-1,17,14,10,0,17,1,16,-6,14,-2,-8
17,-10,11,4,3,20,1,-7,12,20,-3,-7
16,-6,6,9,13,7,2,-9,12,19,14,21
5,21,9,3,9,6,15,-2,1,18,-5,-4
7,-1,-3,-4,6,5,8,-4,13,15,-3,8
9,9,15,-2,-5,20,12,9,1,5,-5,0
2,24,15,-2,-4,15,8,27,2,-3,-3,17
15,-1,12,-6,18,23,0,28,3,11,-3,30
15,4,11,17,19,-4,17,9,7,-2,-5,7
1,17,2,22,18,24,15,8,-5,3,-2,-4
16,14,8,33,19,-1,16,11,-5,11,-2,-1
5,4,-2,10,16,22,15,11,-5,11,-5,14
18,34,-1,33,17,17,-6,12,-2,27,-2,3
18,10,9,33,19,13,16,11,5,2,-6,3
13,-18,12,-8,10,-30,11,-23,4,-21,6,-13
16,-4,3,-4,11,-7,12,-26,10,-14,-5,0
14,-16,16,-31,11,-9,13,-30,0,-7,8,-6
12,0,9,-2,1,0,16,-16,18,-2,0,-24
14,3,3,-9,13,-19,17,1,11,-32,5,-16
13,-18,9,-10,-3,-15,12,4,9,3,3,-11
12,-4,18,-11,3,-7,12,-11,10,-30,11,-30
-4,7,5,-15,10,-12,10,-9,5,-12,6,3
-5,4,6,-27,10,-17,5,-8,6,-12,7,-28
16,-6,11,5,15,-1,11,-8,11,-3,14,6
-2,5,1,-7,13,-15,15,3,3,5,5,-13
17,4,4,-7,-5,6,12,-18,5,-4,0,-13
-3,9,7,-3,12,5,12,-3,8,0,4,11
15,-21,10,-11,21,12,2,8,7,-15,12,5
9,3,7,-11,20,-12,16,-8,1,-12,10,-7
1,7,3,0,4,-2,-5,14,10,-13,18,10
17,6,16,4,4,-17,8,-14,1,12,4,-2
7,7,-4,-2,-3,9,6,-16,4,-14,14,2
10,5,10,-17,9,7,8,-15,1,-10,15,5
6,-4,7,-10,19,18,21,13,-4,9,9,19
16,-12,12,16,13,12,8,-7,9,6,16,12
4,12,5,3,21,21,13,15,-3,1,16,17
2,14,-4,9,-5,4,11,21,2,-12,6,11
15,-13,-1,20,11,23,11,9,12,16,3,18
14,-10,3,18,-4,24,18,10,-1,21,2,9
-1,21,6,-2,13,11,7,-4,8,14,2,16
4,18,7,-7,-4,6,21,25,-3,12,13,9
7,21,1,18,-3,4,-4,25,8,13,3,8
9,15,5,21,13,11,14,15,-3,-7,-3,26
7,16,15,20,18,6,18,11,9,23,-5,13
8,25,2,6,19,26,20,2,-2,-3,7,2
16,-5,1,19,-1,-2,17,30,4,22,8,31
15,8,7,24,-1,9,-2,27,-4,6,13,14
17,21,16,26,5,1,-5,23,13,-1,6,32
18,1,9,12,6,10,17,15,-2,11,15,20
5,7,-3,10,2,22,-2,34,12,26,7,23
18,24,4,8,5,10,18,12,4,21,-1,6
16,-18,7,-19,5,-11,18,-7,13,-33,4,-17
15,-21,1,-12,-2,-8,-4,-6,0,-34,8,-16
15,-15,12,-3,2,-32,3,-25,11,-4,6,-19
13,2,-2,-33,11,-30,17,-5,7,-4,11,-2
15,1,6,-25,7,-25,5,2,14,-17,12,-6
14,-17,12,-1,12,4,13,2,-4,3,6,-14
14,-15,5,-5,-4,-21,14,-23,-4,-29,3,-10
18,2,17,-3,19,-14,12,-28,8,-12,8,-6
11,-9,0,-20,6,-23,0,2,12,-3,14,-25
12,-21,-2,6,16,6,14,-4,9,-8,3,2
5,7,12,-21,20,-20,14,-24,12,-3,13,-2
8,8,2,-4,17,-8,14,-24,12,-6,0,-6
12,4,-2,8,-3,10,18,8,11,9,4,3
3,11,10,-11,16,-6,16,7,14,-20,10,-16
10,-4,8,-5,18,13,17,8,4,-16,5,9
13,-10,7,-15,8,-6,4,-10,12,1,0,2
6,-1,4,-19,-2,-14,11,-9,10,-4,12,-13
15,-15,17,-8,2,-8,5,0,-3,15,2,15
16,-12,19,17,2,16,7,-1,-2,-6,16,0
5,2,-4,3,19,8,7,-8,9,3,5,-5
16,-1,9,2,21,-9,4,-2,-1,2,15,4
9,-6,7,17,-1,17,18,8,13,11,13,-11
10,18,8,1,13,-9,8,0,3,18,-2,14
14,-8,3,0,14,16,19,0,1,6,1,4
6,20,-3,-6,13,21,1,-3,0,-2,12,1
2,22,7,4,14,10,2,3,15,23,19,24
11,19,12,11,4,21,1,22,5,8,14,-9
10,12,1,12,-4,4,20,15,-3,7,13,25
5,12,5,-5,19,6,9,28,6,-7,14,18
10,-7,1,17,19,20,4,18,4,11,-4,-6
11,19,6,11,0,16,11,28,-3,9,17,27
17,2,-2,7,22,20,1,18,3,30,4,-5
18,0,-3,8,22,16,19,17,3,-1,11,13
-4,7,17,11,0,23,19,26,2,18,2,13
19,2,1,15,4,24,5,7,0,4,5,6
6,24,-2,20,7,24,1,16,0,8,2,10
20,34,10,35,10,11,20,1,7,4,3,28
16,-7,14,-30,20,0,13,-33,19,-4,10,-15
15,-8,0,-5,18,-9,9,-26,12,-1,7,-6
15,-11,6,-21,19,-22,18,-7,1,2,11,-22
17,-6,0,-6,-2,-18,14,-27,11,-26,11,-9
18,1,17,-12,21,-11,14,-19,10,-23,11,3
17,-7,10,-19,13,-10,18,0,9,-6,8,-17
16,0,14,-15,6,6,17,-16,15,4,14,-11
14,-2,4,-2,17,6,7,4,8,-17,4,-28
14,-27,8,-14,-1,-28,13,-16,17,-13,15,-12
-1,9,12,-24,15,-11,14,-13,13,0,5,-12
-1,4,10,7,-2,4,18,-5,16,-8,12,-12
18,-6,0,7,3,-17,12,-11,6,7,11,-8
13,-2,13,5,5,-16,13,-16,14,-10,7,-15
13,10,10,1,5,13,5,-11,5,9,15,-10
13,-3,14,-20,11,12,18,0,12,-3,4,13
15,-18,6,-16,5,-1,17,12,4,-4,12,-8
10,12,4,-1,19,3,14,-8,11,-8,6,-13
7,9,15,6,17,3,10,-5,8,9,7,-18
15,-12,7,10,15,16,23,11,8,7,4,13
9,2,0,-6,-1,-2,10,-2,13,0,14,-7
15,-14,6,-6,1,16,17,12,13,0,10,-14
11,4,5,-5,8,-2,11,18,15,-11,13,6
13,-7,-3,13,8,19,10,5,-2,-5,3,-14
13,4,0,7,8,-10,6,20,15,-5,20,20
3,23,13,-10,15,3,8,-7,8,8,4,14
13,-1,16,11,22,-2,21,-3,18,23,6,6
15,2,-2,-8,-1,4,23,13,-1,-8,5,-9
5,24,4,0,21,1,11,-8,-1,9,-3,19
18,12,-2,-7,9,-4,7,-8,10,13,10,-5
11,22,19,20,0,11,7,21,5,12,13,29
2,23,-1,-3,6,6,23,18,2,-3,15,19
6,21,4,-1,14,6,8,9,8,28,-3,28
20,13,1,12,12,6,7,10,2,2,10,0
20,15,-3,27,7,27,6,4,13,28,8,0
21,1,0,14,8,2,12,19,2,5,5,2
20,21,1,6,9,-1,11,5,-1,24,9,20
23,22,18,32,1,23,5,24,6,31,20,30
18,-6,19,-23,15,-33,9,-28,4,-33,20,-9
16,-11,17,-22,15,-1,13,0,7,-1,13,-25
16,-18,7,-1,15,-8,18,-16,17,1,11,1
13,1,13,-22,15,-14,20,-6,-2,-3,14,-19
18,-13,1,3,3,-20,18,-9,13,-10,5,-16
15,5,3,-20,22,-13,9,-16,7,-17,-1,-30
7,6,9,-4,4,-21,20,-2,14,-26,9,0
20,3,12,4,3,-7,18,6,16,-7,11,4
12,6,2,-4,16,5,10,1,10,7,11,-1
16,9,4,-27,8,4,13,-10,15,9,-2,9
-1,7,12,-1,-2,-18,-2,6,-1,-24,15,3
0,10,9,-12,19,-1,13,-3,11,-9,3,-15
15,8,12,-1,17,-11,12,-11,17,-10,10,11
-2,13,14,-20,21,12,14,-21,18,-4,6,6
16,13,3,-4,14,-15,17,9,19,7,9,-9
15,10,10,-12,18,-5,15,-21,9,6,9,10
19,4,1,-17,-1,15,15,10,18,-2,13,9
15,9,18,-2,16,11,15,9,16,-7,5,13
14,-16,8,-3,21,16,15,6,13,-12,10,10
0,15,-1,16,14,-8,10,18,8,8,12,-15
14,16,17,-2,0,18,21,16,20,7,9,-6
-1,17,11,-13,0,15,21,15,4,-15,10,3
15,-8,19,-2,19,16,21,17,6,9,-1,15
14,-1,4,-9,-2,7,16,18,10,-4,12,-13
-1,18,4,11,-2,14,8,9,17,10,9,-1
14,0,7,1,8,9,12,25,17,14,-1,-6
8,23,0,6,4,-3,24,11,15,6,2,23
13,12,15,9,12,-9,7,8,5,21,6,1
10,24,14,3,4,10,11,23,17,24,18,5
19,-5,8,24,18,24,7,7,15,-5,7,27
24,13,1,9,2,23,7,30,10,-4,8,5
22,6,2,8,7,10,-2,14,16,26,7,-2
22,19,0,11,1,23,10,-2,6,-4,5,18
23,3,0,19,12,24,11,13,15,1,16,26
23,6,-2,4,17,27,24,31,16,9,0,0
23,8,12,12,3,-1,-2,16,-2,28,11,-1
6,17,10,24,1,25,-2,2,7,10,13,9
19,-5,18,-10,9,-18,14,-28,16,-28,11,-21
17,-9,11,-1,15,-4,15,-25,22,-5,13,-24
16,-9,15,-17,6,-8,21,-4,20,-13,15,-10
15,-33,12,-2,14,-25,14,3,7,3,9,-5
7,4,4,-22,11,3,12,-21,15,-23,17,-22
0,4,-1,-21,16,-11,15,-8,15,-29,15,-11
16,-17,9,-8,5,-9,16,6,20,6,14,-2
16,-15,15,-14,8,6,17,-26,-1,-25,15,3
16,-9,16,-14,6,-6,20,-4,18,5,12,-5
17,3,12,-27,20,-4,6,-20,16,-18,15,-26
18,8,16,-21,21,5,11,8,9,0,16,-5
19,1,14,-11,16,-19,12,-20,-1,6,10,8
17,1,10,-4,20,-4,16,-2,9,-19,15,5
18,5,7,-9,-1,13,16,11,17,-14,0,10
20,10,14,-1,16,-5,19,-2,9,-3,-1,8
19,2,14,1,25,9,11,0,8,14,10,0
21,15,21,10,15,-7,17,-11,15,-12,19,5
17,2,2,-15,22,13,17,-6,20,7,13,8
18,14,8,3,5,-13,8,-18,16,13,9,13
18,-2,16,19,13,-7,-1,-16,6,-10,14,3
17,16,19,3,10,-16,8,-10,0,17,10,-15
15,6,6,-9,17,21,17,14,1,18,15,-5
2,22,0,14,16,1,12,3,7,0,16,12
8,21,15,-13,17,-1,19,6,17,-3,14,-13
5,24,6,13,12,5,18,12,8,12,6,5
-1,19,7,-3,2,-8,12,22,19,17,1,5
7,24,1,26,-1,-9,11,22,16,18,4,25
5,25,15,19,13,0,13,10,13,-3,1,8
16,1,22,22,15,7,16,-4,13,9,14,11
23,-2,-1,27,14,15,-1,-4,11,14,17,13
25,29,17,16,-1,9,-1,17,19,8,0,18
5,16,18,1,4,2,-1,7,-1,18,1,14
24,19,2,19,2,24,2,29,16,6,15,12
24,9,0,22,6,18,-1,11,7,-1,22,7
25,12,-1,-2,10,7,0,-2,0,17,15,17
6,24,-1,25,4,27,0,12,3,24,0,12
10,24,17,19,11,19,11,30,20,28,9,10
18,-14,19,-6,16,-33,21,-13,19,-20,13,-27
17,-14,17,-22,17,-14,0,-1,17,-29,16,-4
22,-6,1,2,15,-34,10,-8,20,-9,14,-19
16,-32,21,-16,13,-11,1,-26,17,-8,16,-5
17,-29,13,-10,17,3,0,-1,20,-6,11,-32
21,-4,8,1,21,-9,16,-3,14,-8,19,-13
21,-2,21,-5,23,3,12,-7,14,-20,12,0
22,4,21,-7,18,-25,18,-17,17,4,6,6
20,4,13,-19,22,4,18,-18,16,0,6,5
20,-2,0,-12,0,-16,19,-11,23,9,2,3
18,-9,19,-11,15,-21,10,-17,18,-12,5,-11
16,9,12,4,11,-9,19,-11,11,-3,1,2
20,12,15,1,1,-21,1,-19,16,9,0,10
20,10,13,-13,21,-4,1,-17,21,8,5,-12
22,14,9,-13,19,-6,9,-14,19,7,13,2
20,14,9,2,1,-21,16,4,13,-13,15,-3
19,4,18,-7,22,14,1,2,12,10,18,3
19,4,10,6,15,-4,19,7,0,-11,8,-5
20,2,11,16,19,-3,18,9,21,5,15,-11
18,16,7,4,0,5,12,-6,23,15,6,9
21,9,9,16,26,17,12,4,21,16,9,-2
11,19,0,16,15,9,21,14,13,-1,15,-14
14,14,19,19,19,11,20,17,0,2,15,9
3,21,12,14,0,14,1,-11,0,-6,1,1
11,10,6,17,16,18,1,20,16,-7,6,9
14,11,8,2,17,7,1,22,19,16,10,-4
7,23,7,7,15,24,17,-7,1,-7,12,-4
21,8,13,16,12,25,11,2,18,-4,21,18
22,17,23,24,26,10,1,21,6,18,6,1
23,14,0,-5,0,21,1,2,2,25,0,1
26,17,0,-3,24,24,2,0,21,18,3,27
9,7,16,17,23,21,2,2,0,5,6,26
9,21,2,0,3,11,1,20,1,-3,23,2
0,6,3,26,5,26,2,19,0,6,0,-3
1,13,2,3,4,23,8,24,1,21,0,4
4,24,8,4,10,14,0,8,0,1,0,1
8,4,0,4,0,29,0,0,0,0,0,5
