-23,-33,-3,-15,-11,-27,-14,-34,-12,-27,-19,-36
-21,-32,-5,-33,-12,-22,-10,-21,-1,-25,-2,-17
-24,-30,-4,-30,-21,-29,-19,-8,-21,-11,-22,-13
-26,-30,-12,-1,-4,-12,-5,-19,-4,-15,0,-17
-22,-28,-1,4,-24,-23,-10,-7,-25,-13,-21,-28
-22,-21,-25,-30,-22,1,-12,-21,-18,-25,-23,-16
-24,-25,-24,-18,-3,-19,-2,-8,-12,-15,-18,0
-25,-25,-25,-24,-21,-20,-9,-26,-21,-14,-26,-27
-25,-25,-18,-10,-26,4,-23,-28,-8,-11,-26,-27
-24,-27,-21,0,-24,2,-12,-23,-2,-24,-24,-5
-26,-25,-5,8,-21,6,-24,-5,-13,-18,-3,-22
-25,-24,-16,-6,-19,-7,-23,-1,-25,-16,-23,-20
-24,-22,-23,-5,-25,0,-22,5,-21,-24,-20,-15
-24,-22,-7,-18,-23,-16,-24,-1,-18,-18,-6,11
-23,-22,-26,4,-23,-14,-20,-22,-23,-5,0,-1
-22,-20,-2,14,-10,15,-16,2,-13,-20,0,-18
-21,-19,-2,4,-20,-12,-2,15,-9,15,-15,-18
-21,-17,-19,-1,-10,14,-21,-12,0,-18,-24,9
-23,-17,-10,1,-17,-7,-2,7,-13,-18,-21,15
-24,-14,-17,16,-21,12,-1,-15,-26,6,-26,10
-24,-2,-9,-9,-19,-4,-9,15,-7,4,-12,4
-20,-11,-21,9,-9,-12,-17,7,-20,13,-24,20
-19,-4,-20,-1,-9,-2,-22,18,-19,20,-26,-14
-23,9,-22,6,-19,1,-24,12,-10,-2,-20,-2
-24,12,-21,9,-15,-2,-16,-8,-25,20,-25,-8
-25,0,-12,7,-21,12,-4,22,-26,-11,-23,-7
-26,-4,-14,-3,-11,4,-15,21,-12,-4,-18,14
-20,-9,-26,24,-24,-2,-16,16,-25,-1,-17,2
-26,-6,-1,21,-16,-3,-15,17,-17,18,-2,-2
-26,-3,-14,-1,-9,4,-15,8,-2,27,-7,28
-25,9,-10,25,-8,14,-26,18,-2,24,-23,-5
-24,5,-6,31,-19,20,-19,5,-22,-3,-4,10
-15,7,-17,28,-18,21,-19,15,-23,12,-5,3
-26,12,-17,10,-9,-1,-24,26,-7,9,-5,28
-20,1,-15,20,-8,20,-22,25,-21,33,-20,-2
-20,9,-1,0,-24,25,-3,13,0,10,-6,19
-16,14,-4,21,-17,4,-22,35,-16,27,-17,29
-25,-9,0,-26,-1,-10,1,-9,-1,-18,-21,-20
-23,-20,-3,-1,-12,-34,-17,-34,-15,-6,-17,-18
-25,-25,-1,-15,-4,-2,-24,-16,-14,-9,-11,-31
-24,-8,-17,-6,-7,-5,-23,2,-3,-14,-1,0
-24,-14,-7,-24,-21,-2,-12,-15,-21,-26,-17,-26
-25,-6,-12,-3,-8,-13,-21,-5,-12,-20,-20,-7
-9,-30,-14,-24,-13,-30,0,-18,1,-20,-5,-26
-16,-11,-24,-4,-25,-8,-8,-2,-21,5,-23,0
-24,-22,-3,-18,-25,-2,-24,-2,-6,-9,-7,-16
-24,-13,-22,-10,-1,-23,-14,-23,-11,-5,-23,-14
-18,-12,-15,-10,-12,-17,-4,-16,-24,-1,-18,7
-21,-22,-20,-2,-25,-3,-7,10,0,-25,-20,2
-20,-24,-21,8,-14,6,-10,-14,-22,10,-1,4
-19,-22,-23,10,-23,8,-10,7,-7,11,1,0
-24,-20,-3,-8,1,-11,-11,-17,-2,13,-7,-15
-22,-19,-1,-15,1,-14,-1,-15,-21,-16,-2,14
-24,-20,-13,-17,-8,-10,-17,11,-18,-17,-2,-8
-21,-17,-14,-7,-20,-19,-18,3,-25,-2,-4,9
-25,-18,-22,-9,1,-13,-2,2,-20,-17,-23,1
-21,-17,-10,0,-21,-12,-2,-16,-8,15,-13,12
-25,-11,-4,-10,-4,18,-22,1,-10,0,-2,-9
-23,-4,-2,15,-23,-1,-16,-5,-25,17,-17,7
-22,0,-6,18,-21,-2,-19,19,-24,-14,-15,5
-17,-2,-21,-1,-13,2,-16,-9,-2,12,-1,12
-25,10,-12,15,-11,24,-19,1,-23,15,-20,-3
-25,2,-24,15,-25,20,0,17,-3,18,-13,-9
-24,3,1,16,-15,10,-7,-2,-7,4,0,1
-17,-9,-25,-4,-20,-3,-18,5,-17,-9,-15,-7
-20,-4,-1,28,-1,-5,-9,14,-16,-8,-25,-4
-24,9,1,-7,-25,27,1,7,-21,-4,-5,7
-24,4,-2,16,-15,10,-13,0,-20,8,-12,-5
-15,6,-12,4,-24,2,-14,5,-8,15,-24,30
-13,10,-11,18,-22,-2,-16,32,-2,-2,1,2
-25,11,-4,24,-21,1,-21,3,1,-1,-21,25
-23,21,-19,22,-23,-2,-17,7,0,2,-18,7
-23,20,-4,29,0,4,-24,29,0,20,1,10
-19,14,1,12,-11,19,1,9,-17,34,-25,35
-20,-4,-18,-28,-10,-1,-3,-12,-15,-27,2,-35
-11,-21,-3,-32,-13,1,-11,-6,-7,-12,-4,-20
-9,-33,-8,-33,-8,-6,-16,-11,-11,-6,-21,-24
-21,-21,-1,-30,-14,-22,-24,-24,-21,-26,-3,-12
-21,-24,-23,-28,1,3,-14,-16,-18,-20,-21,-23
-23,-4,-24,-4,2,-27,-7,-7,-17,-9,-2,-31
-24,-10,-22,-15,-23,3,-14,1,-17,-29,-22,1
-24,-22,-22,-19,-3,-1,-22,-3,1,-28,-23,-26
-22,1,-12,-1,-24,-25,-20,8,-22,5,-7,7
-16,-13,-22,-3,-24,-3,-17,-16,-12,-5,2,-15
-17,-15,-17,-21,-22,10,-23,-26,-21,1,-17,6
-17,-24,-13,-25,-9,-9,1,-22,2,-18,-18,-18
-22,-11,-6,4,2,-16,-14,-13,-1,9,-21,0
-18,-21,-23,1,-12,-21,-16,7,-23,8,-24,-7
-21,-4,-16,6,-13,-1,-16,-7,-21,6,-3,-2
-21,-17,-24,-5,0,-15,-24,4,-14,-13,-7,-15
-23,-15,-24,-16,-18,-10,-20,-20,-6,15,-21,-9
-17,-19,-1,6,0,-12,-21,13,-19,-15,-23,7
-21,-8,-20,-9,-24,0,-14,-12,-20,-18,-22,-6
-19,-7,-19,12,-2,-2,-19,-15,-14,8,2,-4
-19,-2,-11,19,-23,-7,-24,-12,-3,8,1,-8
-21,-2,-19,-15,-16,-5,-2,4,-21,-14,-1,-14
-20,0,-5,-3,1,-6,-12,8,0,-8,-3,20
-21,6,-23,20,1,8,-21,21,-12,0,-12,0
-22,14,2,-11,-2,2,-9,-10,-11,-6,-22,-7
-21,9,-17,16,-16,2,-23,18,-20,21,1,24
-15,0,-18,18,-24,15,-2,22,-8,20,-21,16
-23,12,2,-5,-23,-4,-14,-9,1,25,-21,16
-21,13,-24,12,-19,13,-24,15,-22,18,-19,-5
-17,-3,-9,1,-20,6,-19,27,2,1,-3,28
-15,8,-13,18,-2,6,-17,6,-15,21,-21,-4
-18,14,-9,4,-21,27,-9,11,-12,0,1,1
-23,22,-14,31,-11,15,-10,32,2,0,-20,9
-23,16,-18,17,0,12,-22,-1,-11,6,-2,10
-16,2,0,9,1,2,-24,13,-24,-1,1,18
-16,16,-21,35,1,-1,-14,32,-24,24,2,1
-17,3,-24,19,1,6,-18,31,-13,24,-24,6
-15,-28,2,-33,-17,-22,-16,-31,-23,-8,-22,-26
-8,-18,-3,-21,-9,-10,-9,-22,-21,-12,-21,-8
-7,-17,-14,-24,-13,-15,-5,-17,3,-9,-10,-29
-18,-13,-22,1,-19,-5,-13,-1,0,-5,-1,-32
-18,-7,-16,-25,-8,-32,-16,-7,-21,-31,-6,-9
-22,0,-16,-22,-10,-20,-8,-8,-8,-22,-11,-22
-20,1,-3,-12,-14,-25,-9,-9,-1,-13,-11,-30
-16,4,-15,-9,-21,-21,-8,-3,-21,-21,-19,-27
-23,0,1,-27,-15,-22,3,-23,-21,-10,-11,-25
-20,5,-15,5,-18,7,-17,3,-8,-1,3,7
-19,-9,-8,-2,-11,3,-6,3,-4,4,-1,6
-18,-17,-1,-14,-8,6,-14,-19,-18,5,-2,-23
-17,6,0,-18,1,-2,1,12,3,-21,-4,-1
-12,-13,-14,-11,-1,3,-15,6,-2,-5,-22,-4
-21,-2,-20,8,-21,10,-22,-7,-21,-6,-20,-10
-22,3,-17,-3,-14,-20,0,1,3,-15,-20,13
-22,3,-23,-9,-21,5,0,-2,-22,-7,-19,-12
-20,-10,-2,0,-20,2,-19,-10,-22,-15,-22,-5
-20,-2,-16,-15,-22,0,-16,-9,-21,-11,-22,0
-18,2,-13,-5,-17,-8,3,6,-10,-5,3,5
-23,2,1,-12,-1,17,-18,-3,-7,-9,-5,3
-20,14,-20,1,-9,-5,-9,-15,-23,5,-8,-12
-12,-14,-17,2,-23,-7,1,-7,-17,-14,-5,22
-13,-4,-21,10,-6,10,-22,-2,2,3,-9,1
-15,-9,-1,4,-20,-12,-21,-1,-21,-10,1,10
-10,-11,2,22,-16,18,-17,1,-2,21,-15,25
-10,0,-3,22,-14,5,-16,-4,-16,23,1,2
-13,-9,-18,9,0,9,-22,5,-13,1,2,0
-9,-8,-22,-5,-21,-4,-12,4,-22,6,-3,15
-21,12,2,-2,-10,28,-10,7,-16,17,-22,17
-16,11,-1,30,-9,5,-20,10,-5,21,-12,17
-10,4,-20,20,-11,18,-19,5,-21,30,-5,18
-15,14,-2,20,1,1,-15,2,-15,-2,-23,24
-23,5,-2,-2,-9,24,-2,29,0,14,-6,23
-14,-2,-19,-2,-16,3,-20,3,-17,0,1,-1
-19,5,-22,-1,-23,34,-13,20,0,28,-18,-1
-13,7,0,5,-16,31,0,19,-19,15,-21,23
-13,-21,-21,-7,-21,-15,-17,-6,-7,-9,-11,-22
-9,-19,-18,-31,-18,-26,-17,-10,-17,-11,-1,-24
-8,-26,-3,-1,-14,2,-1,-3,-5,-6,0,2
-12,-1,-4,-7,-14,-25,2,-7,-21,-28,3,-21
-11,-19,3,0,-15,-10,1,2,-7,-14,-16,-28
-17,-8,-21,-11,-12,-31,4,-16,-9,-13,-10,-23
-13,3,2,-13,-11,-6,-12,6,-6,4,-14,-26
-11,-17,-1,-3,-9,-5,-4,-10,-19,3,-3,-9
-15,-16,-1,-10,-4,-5,1,-3,-7,-9,-17,0
-15,4,-21,1,2,-4,3,-20,-21,-17,-1,-3
-9,-22,3,1,-11,-20,-15,8,-15,1,1,1
-17,8,-19,2,-22,3,-15,-21,-5,-11,-3,8
-20,9,-12,-17,-18,-17,-15,-3,-15,-12,-14,-14
-20,9,-22,9,3,2,-15,1,-2,3,0,4
-8,-11,-16,-15,-22,-20,-16,-19,-19,-10,-5,-5
-10,-12,-22,-7,-11,11,-19,8,-12,10,-1,15
-18,13,-16,-18,-19,14,-7,16,-22,-9,4,-11
-14,-18,-22,-9,-9,-17,-22,7,-18,1,-22,13
-8,-8,-21,-5,-22,-17,-9,4,2,7,-22,5
-18,-12,-11,18,-1,5,2,-14,-20,14,-7,11
-7,-7,-14,8,1,15,-21,-8,-20,-10,-18,8
-20,-9,-15,13,-21,-5,-22,14,-6,-15,-18,7
-11,-10,-20,15,-22,15,-10,5,-18,-13,4,-6
-20,15,-9,9,-21,13,1,-10,-16,5,-8,-12
-20,15,-9,6,-19,24,2,22,-7,2,-18,2
-22,18,0,20,4,2,-6,15,-4,-2,-12,7
-18,13,-22,18,-6,25,-8,16,-13,24,-15,-9
-7,-9,-7,-4,4,-9,-10,15,-20,23,-20,15
-13,-5,-10,20,4,1,-9,10,-18,28,3,8
-15,2,-19,11,2,-7,-4,-5,-8,6,-19,25
-16,11,3,14,-17,-3,-20,24,-16,18,0,16
-21,27,-2,28,-9,25,-21,-1,4,23,1,0
-22,27,-2,24,-22,15,-14,24,-17,13,1,17
-21,25,-19,17,-21,27,-19,1,-4,18,1,-1
-7,9,-7,28,-22,34,-21,26,2,0,-21,7
-15,17,-13,-1,-22,19,-9,1,-18,24,-4,32
-21,33,-18,21,-20,16,-17,0,-6,20,-17,20
-12,0,-6,-35,1,-5,-10,0,-19,-19,-15,-14
-10,-8,-8,-29,5,-12,-12,-9,-12,-13,-20,-7
-1,-31,-8,-27,-6,-19,4,-16,-2,-23,-3,-28
-13,-5,3,-2,-8,-16,-21,-19,2,-32,1,-30
-16,-6,-18,-8,0,-22,-18,-18,-10,-1,-2,-26
-13,-7,-12,-23,-7,-23,4,-21,-12,4,-11,-26
-13,-7,-10,-28,3,-28,-12,2,-15,0,-19,-5
-1,-23,-12,-8,-10,-4,-9,-25,-5,-1,-7,4
-15,-5,-21,-27,-16,7,-16,-20,-21,7,4,1
-6,-20,-6,-9,-8,-11,-9,-26,-11,8,-14,-20
-7,2,-18,-19,-18,-7,0,-9,-16,1,-16,-5
-4,-6,-9,10,-5,-19,-7,0,-10,-24,-17,0
-15,3,5,-13,-4,-11,2,-13,-20,12,-1,-22
-4,-14,0,-9,-13,6,1,4,-6,-15,-14,4
-7,-4,-13,0,-5,-22,-9,-10,-21,9,-11,4
-11,-16,-7,-8,-7,-3,2,14,-10,-8,-4,-19
-5,-9,-4,-8,-18,15,-6,13,4,-13,0,-10
-15,-13,-21,-17,-20,-18,-12,-10,-4,5,-11,-13
-14,-12,-21,-5,4,-11,-16,-6,-16,2,-20,9
-7,-15,-17,7,-18,-14,-17,13,-6,-6,3,-10
-17,15,-15,-10,5,-14,1,-12,-13,5,4,-9
-10,15,-12,0,-17,-14,1,0,-11,-15,2,7
-10,1,-18,1,-11,18,-6,5,3,7,0,8
-5,-4,2,11,-15,-13,2,-8,-2,-4,2,3
-21,21,-17,-11,-11,5,-4,5,-19,18,-14,-8
-9,6,-14,15,-16,9,-14,22,-9,0,4,-8
-12,-2,4,-6,-18,0,-19,17,-17,3,-20,12
-15,-2,-12,8,-8,16,-21,11,2,15,-19,-8
-15,13,-20,-6,-3,10,-17,-5,-4,14,-14,21
-10,-4,-9,2,-4,15,-4,14,-21,-4,-18,13
-9,1,-4,18,-17,8,-21,22,-8,26,-21,2
-19,26,-19,0,-12,3,3,15,-1,31,-6,-3
-20,26,-5,8,3,-3,-3,16,-6,1,-18,2
-17,13,-15,23,-7,-3,-14,28,-4,3,-19,7
-16,5,1,23,-20,30,-19,4,-12,9,-2,13
-9,18,-21,21,-14,7,-21,5,-14,4,-18,12
-4,18,0,31,-21,23,-7,7,-5,25,-18,23
-8,-13,-20,-7,-6,-35,-2,-6,-13,-25,-14,-31
-11,-11,3,-35,-2,1,-20,-27,3,-12,4,-9
-4,2,-2,-10,-4,-11,-7,-19,-19,-17,6,-6
-5,-7,-14,-6,-12,-2,-6,-21,-3,-32,-17,-16
-5,4,-17,-29,-9,-27,-7,-6,-14,-17,-18,-21
-5,-11,6,-22,-18,-21,-8,4,-13,-11,1,-13
-9,-6,1,-1,-15,-15,-20,-19,4,-20,-5,-29
-9,5,-19,-6,-6,-24,-9,-15,-6,-22,-18,7
-4,-7,-15,-27,-13,-17,1,-5,-17,-5,-7,-14
-6,-1,3,-18,-19,-11,-9,8,3,-15,-12,-7
-3,-6,-13,-2,-2,-9,-7,-19,0,-24,5,-8
-10,-2,0,-12,-12,-21,-3,1,-3,-13,5,-6
-4,-4,-4,4,-10,7,-15,11,-11,-18,0,3
-4,-17,-7,-12,-18,11,-5,-18,-11,-4,-2,-18
-8,9,-15,-15,-5,-9,-16,-11,-14,-8,0,2
-3,-10,-13,-5,-13,12,-6,7,-7,1,-16,-4
-18,16,5,-11,-14,-15,-15,0,-10,12,-16,-20
-4,-15,-17,-15,-14,-2,-5,-1,3,3,1,-13
-5,-16,-8,2,-11,-11,-14,-17,-17,-12,-6,-6
-9,2,-2,1,-17,3,-17,10,-18,-6,2,-1
-6,1,-15,4,5,-14,-7,-11,-13,14,-4,19
-12,0,-16,5,-17,14,-3,21,-15,-10,-16,21
-11,-12,0,21,-16,15,-2,2,-13,18,-5,9
-2,21,3,-12,-18,7,-1,16,-14,14,-12,10
-6,-6,-16,16,-19,8,-7,-1,-3,-2,4,-12
-7,1,3,6,-8,1,-17,0,-3,4,-16,8
-20,25,-19,7,-5,-2,3,6,-11,4,-5,16
-8,12,-13,12,-10,16,-8,24,-10,21,0,1
-12,17,1,0,1,23,-13,8,-7,12,-13,26
-7,8,-18,-6,-5,-5,-16,7,-14,19,-10,16
-10,25,-14,3,-17,3,-17,22,-16,3,-15,1
-12,8,-20,26,-18,-4,-5,20,-19,29,-19,26
-15,32,-17,31,-20,5,-15,28,-13,25,-11,17
-5,7,-14,30,-10,11,5,5,-5,33,-18,15
-17,33,2,17,-19,33,-15,7,-11,10,-16,4
-10,17,-16,35,-18,21,2,30,-19,28,3,33
-16,26,-20,15,-19,31,-11,5,-11,36,0,29
7,-23,-18,-20,-8,-32,-5,-22,-18,-10,-19,-29
-1,-13,-15,-6,4,-31,-9,-22,-13,-6,1,1
2,-26,-7,-2,-3,-3,-9,-17,-11,-12,-3,-15
7,-23,-11,-18,4,-31,-13,-31,-1,-5,-9,-6
-2,-25,0,-7,-19,-28,-11,-10,-1,-26,-15,-25
0,-7,-17,-17,-5,-15,5,-8,3,-15,4,-31
-1,-10,-6,-30,-17,-12,-19,-29,5,-3,0,-9
-1,-16,-17,-25,-11,-14,-14,4,-10,-21,-19,-4
-2,8,-19,-20,5,2,-5,-1,-7,1,-18,-13
-3,-1,7,-22,-14,-15,-18,9,6,-24,-17,3
-8,0,-15,7,-6,8,-4,-22,-3,-5,-15,-25
-2,-17,-17,-18,-13,7,-1,11,5,-5,-2,-5
-1,-14,-8,-5,-15,-3,-8,-4,-12,1,2,-11
-3,6,1,7,-13,10,2,-11,4,4,-14,-18
-5,-19,0,-8,-14,11,-15,-9,-11,3,-11,-15
-5,-2,-2,5,-13,10,-5,-15,4,-5,-8,-6
-10,-15,-19,15,-10,15,-10,-8,-16,-10,-4,-14
-14,15,-11,-18,-13,10,-14,5,-17,10,-15,-15
-2,-2,4,-4,-17,-16,-1,7,-18,-11,1,-2
-1,-1,6,-6,-14,0,-3,1,-15,13,-7,-16
-6,-9,7,-6,3,18,-13,-11,5,-11,-16,17
-15,0,-11,20,-2,19,-7,-10,1,5,-3,13
-10,6,6,-14,6,17,-7,9,-6,-9,-4,8
-11,-1,-16,18,-16,11,-10,0,1,20,-11,13
-4,6,-9,-7,-3,14,3,-7,-6,-9,-16,15
-15,16,-6,-6,-6,-1,-7,7,-3,4,-2,2
-16,-3,-15,12,-8,23,-7,-2,-15,21,6,12
-8,20,-1,6,-4,8,-15,19,-9,24,-10,15
-4,26,-17,-8,-15,27,3,21,-7,18,-5,8
-4,6,5,8,-8,21,-5,2,-12,3,-8,1
-2,8,5,-6,-7,3,-15,-1,-17,9,-19,14
-3,-3,-8,-2,-3,19,-12,15,-7,-5,-19,29
-9,29,-3,1,-6,10,-16,22,-6,29,-12,7
-4,2,-4,9,-10,20,-13,17,7,11,-7,23
-1,17,-16,20,-6,26,-9,12,-19,5,-12,1
-7,28,-17,17,-17,14,-19,1,-2,7,-11,24
-9,29,-16,13,4,29,-2,22,-3,19,-15,23
6,-36,-17,-15,3,-19,7,-35,7,-31,7,-32
3,-30,-17,-3,7,1,8,-23,-15,-11,-18,-30
5,-34,4,-7,-18,-28,-3,-2,-14,-8,5,-6
6,-29,4,-20,-8,-6,-15,-8,-16,-24,-9,-27
6,-29,7,-11,-10,-20,-8,-3,-7,-2,-18,-11
7,-20,-16,-10,-4,-8,-3,-14,-18,-26,-12,-1
-1,-8,-4,-21,3,6,-9,-22,-1,-1,3,-14
7,-25,-17,-10,-9,-20,-4,-28,-2,-15,1,-10
7,-20,-17,-18,-1,-9,6,-20,-7,-6,-17,-12
8,-24,1,8,-10,-11,3,9,7,-15,6,3
8,-22,8,-24,5,-23,-2,2,-15,-18,8,4
8,-13,-11,-2,-18,-9,-1,-21,-4,11,-2,7
-2,0,-2,-22,8,5,-15,-6,-4,-23,-15,-5
-13,-8,-10,-14,-17,-21,-3,-9,1,10,-6,0
-11,14,1,-19,-6,0,5,9,-10,-6,8,-22
-13,14,8,-14,-6,11,-5,-20,6,1,-11,-11
-8,14,-10,10,-10,-9,-12,-4,3,11,-12,15
-5,15,-18,5,-3,-15,3,10,3,-15,4,12
-5,13,-10,-8,5,-17,7,-2,-7,-8,-11,1
-9,18,7,13,-4,13,-12,15,-18,5,4,-13
0,13,-16,1,5,0,7,-2,5,-11,0,16
-10,6,1,0,-14,-12,8,-4,1,-12,7,11
-8,1,6,9,-6,-1,7,10,-7,-6,3,-9
-6,-10,-17,-2,-10,9,-9,8,-2,16,-3,-2
-1,19,-5,18,-18,-12,-17,7,8,1,6,4
-1,19,-16,9,8,15,-13,-1,8,15,6,-7
-9,11,2,-7,-17,19,-9,6,-12,7,5,-7
-11,6,-3,17,-12,-5,-10,-9,0,16,6,18
-4,24,-16,0,-1,-1,-11,7,-11,-6,2,-7
-4,27,1,22,-3,-6,0,19,6,5,-4,-2
-5,27,-18,17,-15,16,-15,13,-10,5,7,-5
-10,15,-8,26,-2,10,-15,30,-11,26,-2,-3
-2,27,-15,17,-7,27,-1,14,-14,12,-17,28
-12,22,-18,14,4,10,-12,5,-8,1,-14,2
-10,14,6,0,-8,10,-16,13,-12,30,-3,16
-4,14,-16,24,-7,6,-15,0,-15,30,4,16
-2,18,3,15,-14,25,-10,17,-12,5,-16,4
7,-12,-1,-27,9,-15,2,-18,7,-27,-8,-17
8,-6,2,-19,7,-23,4,-29,-1,-32,1,-10
4,-16,-13,-20,9,-16,5,-26,1,-32,0,-7
9,3,-3,-2,9,-13,2,-26,-1,-16,2,-31
5,-15,2,-1,2,-31,8,1,-1,-30,-2,-24
8,-5,0,-17,9,-15,-7,-9,-5,-3,-3,0
9,5,-12,-14,2,-28,3,-17,-3,-11,8,3
7,-7,-2,-6,4,-29,3,1,-8,-24,-2,-10
3,-5,-3,-13,9,-11,3,-11,9,-13,1,3
9,-9,-1,-11,9,-8,3,2,6,-17,-8,-23
2,-1,-6,-15,8,1,1,-16,5,8,-9,8
7,-19,-6,-5,-17,-10,1,-16,-15,-11,-1,11
1,0,0,9,4,3,-10,-1,-1,-1,5,-4
-8,5,-3,-3,-7,6,-2,-10,-12,-14,3,8
-2,-10,-5,-1,9,-10,-6,4,4,-10,-7,-12
-8,6,8,10,-9,-18,-9,-14,-15,-16,2,-4
-6,15,-11,-17,-16,-6,-17,14,-17,-5,-16,-12
-7,8,-8,1,-16,-4,-1,4,-11,15,-12,-3
0,-8,-15,8,-8,4,-7,-15,-16,15,3,8
-2,11,-4,-14,-14,-3,-16,-15,-15,11,4,13
-2,17,6,11,-11,20,-11,-5,6,14,9,17
-1,4,-13,12,0,-1,-9,3,1,-11,5,-4
-2,0,3,-9,-2,15,-15,0,-8,6,-10,16
-5,-7,-8,3,-8,0,-14,23,-7,13,4,-12
-1,4,-10,19,-14,19,-12,19,-3,16,-8,19
-10,24,-13,24,-2,-4,-2,-11,-6,-11,-12,24
-12,17,-4,7,4,20,-8,18,-6,-3,-10,10
-3,21,-12,3,6,12,0,14,5,16,0,0
0,26,-6,0,-10,27,-6,5,5,-6,8,-6
-2,-1,-1,11,-1,-6,-14,6,1,13,3,14
-9,29,1,27,-4,30,-12,8,-11,2,-12,25
-8,26,-6,-4,3,6,-15,0,4,17,-13,26
-11,8,-12,29,-17,4,6,-2,-9,5,-13,-1
-3,26,-17,6,6,12,-12,-2,-12,5,-5,18
-11,20,-3,6,-10,13,-10,30,-7,5,-10,6
-11,19,-8,22,-16,16,-12,2,4,7,-13,31
-5,18,-8,6,-9,5,6,12,-12,32,8,27
9,-2,7,-1,4,-11,4,-34,-6,-16,-6,-25
6,-5,4,-13,4,-12,2,-31,10,-17,7,-12
6,-14,-1,-21,4,-19,-3,2,-1,-28,-10,-19
5,3,0,-26,4,-9,3,-28,-4,-21,9,-1
5,-10,10,-14,4,-2,3,-20,7,-19,-5,-28
7,-6,-2,-17,3,5,9,4,9,-16,3,-7
9,5,-7,-23,-5,-22,-1,-15,0,-17,8,-16
5,4,2,-27,-7,1,0,-8,10,-2,-2,-27
9,3,-2,-3,5,-20,8,-19,2,-18,3,-10
9,6,-6,-6,-8,-10,5,-8,-4,-8,-5,-15
5,3,1,-1,3,-26,5,-25,5,-26,-4,9
5,6,8,-16,9,-11,5,-17,-5,7,10,-7
7,-22,-5,10,9,0,7,8,-2,10,8,-13
-3,1,-10,0,5,-2,-3,11,-16,-9,3,-10
-8,4,9,13,5,11,6,-19,4,-3,-1,10
-3,0,7,-17,-9,-12,8,9,-13,-8,-6,-13
-3,-12,-11,-3,-8,15,-8,-17,-15,0,-7,8
-9,5,8,-9,0,-8,-14,12,10,12,-2,4
-5,-2,-11,-15,8,6,-13,13,6,4,-14,8
-9,10,-13,12,-5,12,-4,9,-16,-13,1,2
-1,15,0,14,-9,-12,-7,2,-16,17,4,16
-7,-2,-15,12,-8,9,-12,6,-14,-12,-4,16
-8,17,1,6,-6,8,10,-7,-9,2,-6,21
-3,-10,7,7,8,12,-14,23,6,20,6,11
-7,0,-12,-6,-14,-7,-11,7,-3,18,-2,-12
-5,-5,7,-1,7,13,6,12,9,-5,8,-1
-12,25,-13,-10,-8,-10,9,17,-16,0,10,0
-11,15,10,20,-9,19,-11,27,-11,4,2,19
-2,23,5,5,-12,23,6,10,-3,6,4,14
0,26,-12,16,-12,11,-5,1,-15,20,8,14
-9,19,10,7,1,14,-3,-3,8,1,-6,-6
-5,0,-1,17,-1,18,-11,13,-6,6,-11,-3
1,25,-3,19,-3,19,7,19,2,18,-4,0
-5,28,3,16,-12,17,2,24,-11,30,-12,32
-6,6,-16,32,-10,17,7,27,8,2,-11,-1
-8,32,-5,12,-4,32,-14,17,-3,25,-7,1
-15,36,-9,13,-3,4,-15,7,-8,30,-10,32
8,-3,4,-19,4,-33,8,-28,11,-14,3,-34
8,-18,-6,-1,-3,-30,4,-32,4,-25,2,-32
10,-6,8,-6,5,-13,6,-27,5,-28,-3,-10
8,-6,2,-31,5,-5,4,-25,2,-17,3,-4
7,-16,5,-31,4,-2,4,-13,-9,-22,-1,-14
10,-1,4,-3,4,0,4,-14,6,-4,-2,-25
6,2,-6,-26,5,-12,6,-28,6,-2,7,-25
9,-1,11,1,5,-7,5,-25,-2,-5,-7,-20
8,6,-10,-20,4,1,11,-7,3,-13,2,6
7,4,-4,-10,4,5,9,-16,8,-24,-3,5
8,-10,3,-5,5,-12,-3,2,9,9,-12,5
8,-4,7,-18,5,-8,3,-18,5,-13,0,8
11,-16,3,-18,5,8,-9,-1,-4,-9,-8,12
3,-19,4,3,3,-17,-9,2,2,-16,2,-7
2,4,7,-7,-9,-2,-7,4,-7,-9,-2,-7
0,1,-9,13,-7,6,-4,13,-1,-16,-9,-8
-6,3,-2,-18,-7,-13,7,-19,-4,-9,-5,16
-3,1,-9,0,-8,15,0,-7,-10,-12,4,-19
1,-5,3,7,3,6,-3,3,10,11,-7,-18
3,-2,4,17,7,0,-3,-3,2,-8,2,-16
-7,11,9,18,-12,-3,3,5,6,-15,6,-4
-5,15,-2,21,-13,-9,1,9,-2,12,6,-11
-9,17,3,21,-1,15,-6,0,-4,22,4,-2
-4,-11,6,7,-12,-7,1,-1,11,-1,-15,17
1,-7,-4,-2,-5,1,1,-10,-1,13,-1,24
-8,12,-1,19,-3,-8,2,-11,-15,-3,-1,15
-9,14,-6,17,-2,-3,-1,1,-6,6,-9,23
-1,7,3,8,-12,24,10,14,-6,15,6,23
3,6,-7,-5,9,28,2,4,9,25,3,-5
0,20,3,-4,8,5,-6,-6,7,5,11,28
-8,14,-11,-1,8,29,11,30,-6,-2,0,10
-3,25,11,28,-4,-4,-15,30,-15,22,9,18
3,14,-9,6,-8,22,11,6,0,28,-5,17
-8,5,5,12,-9,-1,0,6,10,15,-11,23
-2,9,1,21,3,19,-9,27,7,5,-10,17
-9,7,-7,20,-7,1,-13,16,-4,13,11,4
-7,29,1,8,-5,28,11,1,-15,12,-15,22
9,-4,0,-19,9,-3,8,-8,2,-10,12,-5
8,-7,7,-26,6,-16,6,-23,-11,-9,5,-19
10,-25,-6,-22,-12,-6,3,-9,8,-34,-2,-9
9,3,-1,-2,-1,-25,-4,-23,7,-27,5,-4
12,-16,-6,-3,4,-6,12,0,-10,-9,2,-25
6,-15,7,-31,12,-6,10,2,5,-17,-9,-20
10,-9,9,-23,-8,-12,1,-8,6,2,-5,-5
8,-21,12,-8,-8,-26,-6,-13,-6,6,7,-6
5,-28,-1,-13,3,7,0,5,-2,-25,0,4
8,-25,-4,-4,2,-18,4,-26,2,5,2,-17
4,1,-1,-18,6,-22,6,-19,-4,-17,5,-16
3,-2,-6,0,5,-8,-3,-1,3,-22,-2,-18
0,-4,-9,-19,-9,-17,9,-9,-6,-10,-8,-14
-1,-10,0,-13,0,-2,-9,3,-5,-22,12,-6
6,-17,12,5,-6,10,-6,-18,0,8,8,-1
-4,3,11,-8,2,4,-2,-1,7,-5,-4,1
-4,0,-8,-8,11,13,8,-20,11,-9,9,4
-1,-13,1,13,-10,-4,3,-14,11,17,-6,-18
-3,-11,-4,2,2,3,2,15,1,-8,-4,11
3,16,-4,-7,1,16,7,-6,-4,-5,8,6
-5,16,-4,-15,11,16,4,-4,7,-14,-7,7
-13,19,8,-13,0,-8,9,13,-10,-5,-8,-9
-8,2,12,9,-7,-1,-12,14,-3,19,-6,-3
-7,21,9,5,-5,21,-10,-1,9,19,1,11
-10,0,-9,-2,2,8,6,-7,-7,9,1,24
-13,24,-9,-9,-2,8,-8,-1,0,12,4,16
-12,-3,4,20,4,1,9,14,12,23,10,22
-11,27,12,27,1,1,7,16,-9,19,2,8
-12,26,-8,23,6,-6,5,18,9,7,9,12
-9,14,11,16,5,18,4,7,-1,-5,4,10
-5,5,9,9,9,22,11,5,-1,29,9,25
-14,21,-11,-4,-8,29,-7,3,-7,18,-6,14
-9,13,0,23,-10,30,8,12,4,25,-11,31
-8,8,-14,18,-9,24,3,25,-11,18,2,20
0,7,-9,26,-4,24,-14,30,6,9,10,29
-11,14,-9,14,-5,17,-12,22,11,23,-13,33
-8,33,2,17,-2,26,0,18,-10,4,-14,18
12,0,-1,-25,-10,-31,-2,-14,-3,-15,1,-11
12,-10,13,-20,6,-7,2,0,13,-14,13,-15
7,-20,2,1,2,1,-4,-34,1,-16,-1,2
7,-33,1,-32,4,-29,-2,-4,6,2,-6,-18
6,-28,13,-16,6,-14,3,-1,-8,-10,4,-10
7,5,-1,-5,-2,-28,-5,2,11,-3,5,-9
10,-8,4,-11,-2,-30,3,-13,-7,1,1,5
7,1,-9,-18,-3,7,-3,5,-1,-27,-8,1
13,-13,-1,-26,2,-17,1,-8,7,0,-1,5
6,-26,6,-27,10,3,-6,-20,-3,-25,4,-19
6,2,6,-17,8,-2,-8,1,7,-21,-6,-5
-2,11,-2,-18,-9,-19,-1,5,8,11,-2,0
-3,-2,-4,7,-1,-10,-13,-5,-11,10,1,-13
-1,-10,2,-4,-11,-4,9,-12,3,-7,4,-9
2,-14,-13,-10,-6,-21,-9,-15,-10,-3,1,-18
-3,4,-7,-17,-8,15,12,15,3,-13,0,-9
0,7,4,-15,-8,-16,-7,2,6,1,11,-11
-4,-13,11,-3,-3,-18,-12,-16,0,-15,-8,6
-9,10,1,-7,-1,16,12,7,-8,8,10,0
-7,-4,-10,15,-3,-14,-9,7,-1,1,-13,-5
-10,12,-2,0,-10,-1,-4,9,-4,15,4,20
-8,16,-2,-10,-5,4,10,-2,4,11,7,-12
3,-13,-9,2,-1,3,13,-6,-2,-2,0,15
-5,-4,-12,-4,10,19,-8,10,-5,13,-6,-8
0,-10,7,9,1,5,11,-7,5,7,12,12
0,19,-10,-9,-3,23,-8,-6,2,22,1,17
-13,22,1,-8,5,17,0,21,-13,24,3,23
-7,-4,-6,23,2,-6,0,15,-1,-5,-7,-1
-9,13,8,24,5,27,-12,16,13,1,8,11
-3,3,-3,8,-6,12,-11,5,-5,1,-8,5
-4,-2,-8,24,9,21,1,10,-10,-2,6,30
-8,25,6,13,-9,18,13,-1,-13,-3,-8,12
-11,14,-1,-3,8,12,-8,7,4,17,13,10
-1,7,-5,-1,-10,8,-5,21,-9,9,9,23
4,-2,9,27,-7,10,-9,21,-11,22,-7,-1
-4,18,-5,25,-9,35,11,0,12,1,12,35
-10,33,-8,6,-6,36,8,20,-2,18,-12,29
9,-17,-4,-2,8,-20,7,-26,7,-20,3,-36
9,-18,13,-21,8,-1,5,-3,11,-27,9,-26
7,-26,0,-11,-2,-10,-2,-19,5,-17,1,-15
8,-21,-1,-15,4,-30,9,-17,2,-25,1,0
6,-24,-2,-3,5,-31,-4,-12,9,-17,-5,-14
8,-12,5,1,13,-2,2,-12,2,-15,2,-23
11,-18,-1,6,8,-30,-1,-23,12,1,13,1
10,-29,1,5,-9,-1,9,5,-11,-26,-2,-4
11,-27,-4,-20,-2,-10,-3,-5,5,3,-2,-12
14,-27,-5,7,1,-6,-3,-24,-9,9,4,-19
6,-5,8,-15,-1,-6,10,10,10,9,3,-19
5,-12,-11,-13,-8,-3,9,2,1,-9,5,-4
-1,8,-3,6,0,1,-11,-14,-9,5,-5,2
0,-7,-6,13,-8,4,-8,11,-12,-14,10,-17
-4,14,2,-18,4,-18,6,11,-6,13,-1,-17
4,-18,12,-14,5,10,13,-17,-4,-3,-1,-20
-5,8,-10,-9,-5,7,-12,-3,8,-5,-5,-4
0,-4,10,-10,-7,-5,6,3,2,-9,-5,-17
0,-16,-10,10,4,14,-5,18,-2,-13,7,12
-1,1,10,11,-6,-16,14,-14,9,-6,-9,-17
-4,3,-9,-4,0,4,-9,-10,-3,9,11,-2
4,0,-6,2,3,6,3,12,-8,13,-10,5
-10,16,14,17,-9,-2,-1,2,-9,19,5,14
-8,-5,9,9,5,-5,-6,22,9,-6,-8,21
-6,20,8,-8,-2,23,-8,-11,-3,-5,6,12
-8,13,-5,-3,6,5,-5,-8,-8,16,12,25
-8,8,-3,9,-3,-7,-9,-2,0,0,-4,-2
-10,16,1,11,-8,24,-8,6,-5,10,-11,16
-12,15,-3,18,-6,16,-11,4,-11,13,0,14
-10,9,-12,-7,3,19,-4,5,-6,-4,-10,26
-12,11,-7,30,1,27,-12,24,-11,6,6,20
-4,5,11,21,-1,7,-11,26,-10,15,2,4
-11,13,8,20,-9,-3,12,23,-11,2,8,13
-10,6,-10,28,5,29,-4,5,12,-3,8,9
-8,7,5,15,-6,21,-9,21,-10,17,-8,7
-5,18,4,-1,3,19,-11,15,5,24,10,34
-9,26,-4,33,0,8,14,34,-10,0,-7,22
11,-17,2,-17,9,-16,13,-23,9,-29,0,-5
15,-3,7,-31,6,-30,-1,-11,7,-3,5,-13
8,-12,-1,-7,11,1,-1,-25,12,-16,7,-33
11,-29,6,-33,8,-23,0,-12,-5,-10,3,-3
14,-30,7,-10,-2,-26,-11,1,9,-11,-5,-11
8,-8,2,-17,7,-26,5,-15,-1,-3,8,-5
8,2,7,4,8,5,8,-17,5,-21,6,3
9,-28,7,-10,7,-16,4,-28,13,-5,6,-18
10,-26,9,-22,8,-20,-1,-2,14,-2,3,-13
5,-19,6,-12,5,-22,5,5,-6,-25,2,5
7,-14,10,-21,7,3,5,-20,-6,-23,-2,8
2,-5,2,0,7,-13,7,-2,4,10,0,-7
2,-6,11,11,6,-18,11,0,12,-13,-11,-7
-1,-10,14,1,4,13,-2,-12,0,6,14,-10
-1,13,9,-6,-10,-16,5,-21,9,-19,6,-17
-4,1,1,9,0,-8,0,-20,-7,-3,-5,15
1,-12,-11,10,-6,6,2,-20,14,15,-5,-8
-1,-13,9,1,-1,11,-3,-9,-1,-13,-2,11
-6,10,10,-8,0,-16,-9,-11,0,1,3,-5
-2,13,-7,0,-3,-16,-10,16,0,-11,-3,1
-10,-9,10,1,-1,-8,-2,15,-9,6,-7,-1
-7,-8,15,-7,-8,3,-5,9,13,0,15,-8
-7,8,13,14,10,11,10,12,10,11,2,-11
0,-4,14,-6,6,-13,12,13,13,23,-11,13
1,-1,-3,-7,2,0,7,16,-10,11,11,-4
-7,19,-7,14,4,8,2,24,13,5,4,10
-11,1,15,22,-4,-3,4,18,-1,13,-9,-8
-10,3,12,20,1,7,15,4,-10,-8,2,11
-11,2,12,26,-6,5,13,-8,-11,8,-2,4
-10,15,6,28,-5,18,-4,11,-5,-1,-7,26
-8,11,-9,7,-10,6,-9,-5,0,21,2,15
-11,19,-9,22,10,18,-10,16,-6,29,-7,7
-6,7,-1,10,-5,22,-4,-4,1,21,12,9
-8,2,9,20,-9,30,-4,27,-1,33,0,0
-8,28,0,26,12,24,-10,7,12,2,-2,16
1,-1,7,6,-10,7,-11,6,5,5,10,25
1,4,-5,29,-5,11,0,19,-11,36,1,30
14,-19,2,-2,14,-19,10,-25,1,-19,2,-24
15,-18,1,-6,12,-13,10,-8,14,-22,8,-1
16,-13,9,-32,9,-22,11,-4,16,-14,1,-27
11,-32,3,0,1,1,3,0,4,-30,8,-29
6,0,2,-15,12,-32,16,-3,-4,-19,-1,-29
2,-9,11,4,12,-27,10,-23,7,-20,1,-2
5,-6,0,2,12,-29,8,-24,4,-19,-8,-16
3,-7,-5,-7,1,-12,2,3,10,-15,-1,-7
10,-26,-10,-3,-3,-4,11,-10,-6,-17,5,-15
3,9,9,0,-5,-2,4,-25,0,-14,6,-22
4,-5,-6,0,-4,2,-7,-16,10,-9,16,-7
4,8,7,-24,-1,11,16,-23,9,11,0,9
3,5,14,-4,-9,-13,-1,-7,-4,-17,-8,-8
-2,11,11,-11,-5,1,2,8,-1,-6,2,-17
7,-20,1,-8,-1,-3,12,-1,10,0,15,-5
6,13,4,-18,-1,0,6,9,12,-16,12,8
-4,6,-8,10,9,-14,3,7,8,-8,14,0
-4,17,-7,15,15,-8,12,6,11,2,12,-10
-2,-16,4,-18,2,-11,-4,16,-2,18,-8,-10
-1,-8,10,9,-3,13,8,7,13,-17,-4,12
7,-1,-3,3,8,9,-6,-8,-7,-16,6,10
-4,-6,4,8,2,21,0,-10,-2,9,10,-6
-7,9,6,-10,-3,-14,-9,11,-9,-3,7,-14
-8,9,-8,21,6,4,1,4,-7,-11,-6,-3
-10,4,15,-6,2,12,-10,-12,15,-3,15,9
-8,6,11,14,-9,-11,0,8,1,10,13,18
-6,9,-2,-10,2,11,-10,3,0,4,-4,-8
-9,0,-5,0,-6,10,-10,-4,0,13,-7,-6
-7,16,15,0,3,23,-6,8,1,1,-4,11
-1,10,-7,3,-1,3,-9,15,4,26,13,29
1,8,6,20,-7,-2,-5,23,-2,-2,-9,0
-10,16,2,0,-8,8,-7,16,8,21,15,0
-9,16,-6,4,3,16,-4,2,10,19,12,-2
2,-2,1,18,-9,25,-6,28,-1,0,-10,6
1,15,-1,1,4,4,-8,31,-10,27,-9,15
-3,6,-7,7,15,19,6,7,12,35,1,26
-9,8,5,34,-1,24,7,35,-4,21,11,14
12,-6,14,-28,6,-24,2,-8,10,-36,4,-10
17,-4,5,-28,10,-9,0,-2,10,-12,17,-20
13,2,5,-1,10,-12,3,-19,4,2,1,-2
10,0,-3,-19,17,-32,16,-24,7,-21,4,1
2,-10,-2,-10,3,-21,-8,-31,-7,-20,0,3
9,4,15,-6,15,-10,6,3,-3,-6,6,0
10,4,8,-1,16,-13,15,-28,0,-17,7,-19
5,-7,0,-7,2,-13,17,-29,-2,7,1,-1
11,-20,8,-15,11,-18,17,2,6,-3,10,-19
16,-21,-1,-23,12,-24,13,-13,1,-12,6,3
7,-19,-5,8,5,7,5,-2,-5,9,11,-8
6,-4,3,-25,16,-7,14,-4,13,-4,12,-22
1,12,2,-1,5,-12,8,-9,0,-1,-9,12
9,-21,17,-17,14,-4,0,-3,1,-6,-6,-9
5,3,-4,13,4,-4,14,-12,9,-11,16,6
3,3,6,8,-2,-1,8,-8,-2,5,3,6
16,-15,5,-4,2,3,1,10,-5,-12,4,-20
7,16,8,-15,13,0,8,-9,15,0,2,-9
5,-6,15,-5,5,-9,-9,-6,13,8,7,-4
-1,15,-5,14,-4,-15,-5,3,7,16,-8,-12
-4,-10,5,-10,-1,17,6,4,-9,14,-7,18
1,2,-6,-1,1,-5,7,-4,7,-5,14,15
-6,11,3,8,2,12,7,15,4,3,12,-14
-7,-1,8,21,0,4,-3,-4,10,12,16,21
-9,0,7,23,-4,-1,-6,-9,10,15,7,6
-4,-2,-8,25,8,6,-5,14,4,14,2,2
-5,19,-8,5,-7,1,-1,17,11,14,-7,-3
-3,9,-2,5,15,24,5,6,-1,24,14,23
-5,3,-5,7,-7,15,6,0,12,18,-7,24
-6,4,13,13,-3,9,-4,8,9,16,-7,-4
-8,23,1,18,-8,30,-9,10,-3,16,-6,12
9,25,-3,-5,-8,17,-1,31,16,15,-9,10
0,-3,-4,28,12,31,-9,-1,-7,17,-7,11
-2,29,17,22,-8,24,-4,25,-6,2,-8,8
-4,16,8,14,-2,8,-3,19,8,34,4,9
-4,31,-7,8,-3,34,-7,19,-2,-1,-9,9
0,7,3,24,3,18,-8,13,16,8,-2,17
18,-10,2,-2,12,-7,17,-16,11,-31,6,-12
14,-12,7,-20,14,-5,12,-11,1,-7,4,-18
11,-23,4,-18,6,-31,7,-27,4,-20,10,-20
12,-24,-8,-30,11,-20,18,-16,14,-1,1,3
17,-31,6,4,16,3,6,-24,2,-13,-1,-8
11,5,5,-21,6,3,-6,-23,-7,-1,0,-19
10,-23,2,-22,10,4,14,-10,6,-26,-4,-12
11,2,6,-3,16,-9,18,-3,11,3,4,-18
17,-14,4,-20,6,-13,4,-25,1,-18,4,-23
12,-16,7,-25,10,-12,-1,8,-7,-9,-1,1
11,-23,-3,-1,18,2,10,-15,9,1,12,-18
14,-20,0,-2,12,-17,3,-25,13,-2,1,-9
9,3,9,7,14,-13,8,-4,7,-12,10,-3
7,2,16,-11,3,12,0,-10,17,-6,5,-19
9,2,11,1,17,-3,4,-15,14,-2,14,3
10,5,7,-11,4,7,-5,9,6,11,7,-16
18,-15,13,16,-3,10,12,5,-1,-6,5,8
9,13,4,6,9,8,10,-19,-2,-8,-4,1
5,10,15,13,8,9,6,12,-1,-11,8,3
-1,-1,2,19,6,3,16,2,-1,18,11,-3
-3,0,-4,14,3,-2,5,-4,5,13,-8,3
-4,19,17,13,-6,20,1,-8,-5,15,0,16
2,-10,15,2,-7,20,-7,3,-5,11,16,5
-4,0,17,-11,5,-13,13,9,-5,22,11,-6
0,18,4,1,-6,-9,18,13,3,22,-8,2
-8,8,2,-5,-4,0,8,24,-3,20,15,8
-3,19,-6,26,18,-7,1,19,18,-5,-2,24
-1,21,-5,24,14,11,-6,-5,2,15,5,-7
10,-8,15,4,-3,0,16,20,-5,-5,10,2
-2,22,5,5,17,-4,5,13,16,-6,-8,4
-5,0,-7,16,-7,7,-7,-1,-5,3,-1,0
7,10,18,9,8,13,-7,22,18,-5,-6,12
7,0,-1,-4,7,24,17,1,3,31,1,5
9,1,9,0,-8,24,-8,15,-8,3,12,22
3,-1,12,5,-1,0,-3,20,-8,11,-7,-1
-3,21,-2,31,9,15,-5,19,13,9,17,9
6,1,16,26,16,18,6,29,0,32,-6,21
15,-11,13,-36,18,-23,17,-18,11,-29,10,-21
14,0,10,-14,-6,-31,6,-16,15,-7,-1,-10
16,-15,19,1,11,-3,6,-18,-4,-20,2,-34
15,1,11,-4,10,0,14,-18,14,-16,15,0
16,-17,9,-17,9,-2,3,-25,18,-2,12,2
13,3,15,-30,14,-30,5,3,6,-21,3,-30
17,-15,10,-21,9,-14,2,-15,18,2,5,-10
19,-10,3,-25,2,-9,7,5,13,-21,4,5
15,-25,-2,3,14,-22,12,6,2,-7,2,-8
12,-22,6,-1,15,9,12,8,0,1,5,-9
17,4,0,-15,-4,1,-1,-7,-6,-10,4,4
16,-15,17,2,8,-20,12,2,11,-1,8,-15
14,-21,11,7,17,-10,13,-10,10,-20,3,-7
19,-12,15,-6,17,5,11,-5,7,1,3,8
14,-16,12,0,16,5,-3,-5,-2,-11,1,-7
12,-4,13,-4,-5,6,7,1,15,-20,9,6
11,-14,7,4,9,-1,2,4,8,-18,19,7
4,4,17,13,1,1,-1,-2,7,12,6,8
13,-14,5,13,6,-3,18,1,12,6,-1,-15
8,-1,2,-16,15,-7,-6,17,-3,2,1,-4
5,-11,3,-5,10,9,-7,-6,-7,3,-6,4
11,13,12,-9,5,-9,1,10,4,-13,-6,8
-3,11,17,0,-7,19,9,-4,11,16,17,-9
-3,7,1,-7,-7,-3,-2,3,18,12,15,15
6,-11,14,4,-4,18,16,-12,-3,9,-1,15
11,6,3,17,14,18,6,-7,11,25,1,-8
-5,-2,-6,21,0,6,17,-6,-3,4,-2,-2
-7,21,18,8,-5,8,-3,13,16,11,-3,20
1,-1,7,20,0,24,-2,-4,-7,18,-6,4
6,10,13,20,-2,11,17,10,-2,3,18,16
-7,28,-5,10,10,24,6,17,-1,27,11,12
1,1,17,13,9,24,5,24,-3,2,-5,-5
9,26,14,0,10,24,-3,29,-6,20,-4,24
7,11,-3,7,5,24,-7,33,8,18,-7,10
3,1,11,11,10,22,-5,7,-4,20,10,16
0,28,-1,4,-7,16,10,19,7,19,10,31
3,19,-5,2,-7,30,10,2,10,19,-6,21
16,-18,6,-17,20,-1,11,-17,14,-9,2,-31
16,-14,4,-13,18,-3,14,-34,8,-33,10,-15
19,-14,20,-10,19,-11,10,-34,15,-20,2,-7
15,-19,16,-7,17,-20,3,-31,10,-6,11,-29
15,-4,17,-19,18,-24,11,-2,2,-1,5,-4
15,-16,12,-30,20,5,4,-4,20,1,8,-10
15,-3,13,-22,18,-14,-4,-6,-1,-18,0,-13
15,-13,0,-7,2,-3,16,-7,5,-24,-1,-11
19,-5,12,-8,17,-8,2,-9,13,6,16,-18
18,5,13,-23,15,-16,13,-11,10,9,12,-7
16,-16,2,-7,7,1,17,4,9,-9,3,0
20,2,1,10,16,3,0,1,12,-20,4,5
18,-10,6,-9,7,-11,8,-7,9,-23,20,5
14,2,16,-11,5,-1,5,10,18,3,15,-15
13,-2,8,-3,19,-13,5,1,2,6,6,12
18,-14,10,12,17,1,17,-15,16,-18,2,8
12,-9,5,7,1,1,19,-7,-1,1,-3,-12
11,2,6,-7,1,-2,13,11,13,7,0,12
6,17,5,15,4,-12,18,14,8,-18,11,12
8,-12,1,-13,-3,8,11,-3,6,-2,6,11
0,18,15,12,-1,-15,18,5,6,19,4,8
11,2,1,2,-1,13,4,-7,9,19,10,9
2,-9,18,-9,9,11,16,21,2,-2,2,18
11,-12,18,-10,-5,-10,0,5,-1,3,5,8
4,-11,16,21,17,11,-5,-6,15,18,14,-1
3,18,16,-8,8,13,3,8,-1,14,-5,22
1,3,9,21,15,3,5,1,-5,25,11,14
12,-8,1,1,7,23,10,-4,0,-8,3,-8
10,2,2,6,18,23,-6,19,8,19,18,16
11,-4,-6,11,19,9,-4,3,19,24,5,-7
8,7,-4,16,19,4,-6,15,0,-2,7,4
10,23,9,23,0,10,-5,18,-4,20,19,20
8,3,19,8,-6,9,-5,31,18,13,20,21
6,9,-3,20,20,7,1,26,6,17,-1,23
10,12,16,30,19,-1,18,27,-5,0,-3,20
8,3,0,0,-2,15,2,34,7,20,17,8
12,31,15,23,-6,11,-3,12,1,9,3,17
16,-25,12,0,1,-14,17,-34,10,-21,8,-6
16,-15,9,-14,13,-25,11,-32,20,-16,4,-28
17,-7,20,0,9,-3,10,-31,13,-18,17,-15
20,-9,3,-2,4,-5,21,2,6,-30,16,0
16,-9,17,-8,13,-30,21,-4,4,-3,6,3
16,3,5,-14,14,-10,15,-25,14,-27,13,-20
20,-8,4,-21,15,1,16,-30,10,-30,4,-22
18,6,-3,-10,15,-2,7,-4,15,-16,6,-10
20,4,13,-28,13,-28,6,-25,18,-7,11,-19
18,-7,17,-4,17,-19,13,2,13,6,19,-14
18,-3,11,-20,15,-14,11,-7,20,1,0,10
15,7,5,5,14,-6,9,7,16,8,6,-8
14,-14,10,-18,15,2,17,-12,15,7,18,-18
15,-6,21,-3,9,5,16,-14,14,6,7,-8
17,-15,6,9,1,8,6,5,10,-19,8,14
20,-8,10,12,9,-7,17,-4,4,12,-3,-15
13,-17,10,-17,1,-7,0,-3,21,9,14,-19
21,-12,12,-13,14,-5,17,-9,-1,10,1,-3
11,9,11,-7,12,-3,12,15,8,-5,5,-14
8,15,1,4,-1,-15,10,7,8,6,6,-8
5,0,-3,-10,18,-7,13,-1,10,12,3,12
7,17,-2,-9,10,17,-1,3,-5,3,10,-11
6,7,4,14,16,4,10,7,7,13,-1,16
10,16,18,-11,9,9,5,5,11,9,17,-1
4,4,16,-1,8,14,3,2,2,-4,-1,-1
10,21,7,-1,3,17,3,23,-4,11,17,3
12,2,18,26,21,12,10,19,7,11,20,-10
7,16,11,5,18,1,16,12,12,-4,14,-1
11,17,-4,10,5,7,13,23,17,-4,4,5
5,21,11,27,12,22,3,-5,6,19,19,28
10,29,0,-2,12,15,17,28,19,26,-4,7
7,23,7,-1,9,27,13,27,3,2,18,28
6,21,9,8,-4,15,3,28,19,19,-2,3
4,22,17,15,4,28,19,12,17,20,15,16
3,20,21,20,-2,21,-3,17,-1,22,2,33
5,11,21,2,18,24,-4,19,9,11,-2,20
5,2,15,2,0,31,8,10,4,32,4,32
18,-14,17,-15,16,-3,14,-31,9,-21,-2,-27
18,-20,13,-7,14,-27,13,-24,18,-4,10,-13
20,2,14,-25,18,-27,15,-28,16,-9,2,-16
20,-10,14,-6,8,2,21,-18,1,-27,2,-13
19,-8,18,-24,22,-2,15,-9,15,-17,12,-1
22,-7,-1,-3,7,-22,9,-18,19,-12,2,-8
20,-10,10,5,13,-4,15,-8,14,-12,15,-19
17,-4,9,-13,14,-25,11,-23,4,-26,12,0
20,-18,14,-18,18,-23,3,-11,19,-19,20,-11
15,-13,4,-11,11,7,16,-8,18,-16,8,-13
15,-7,11,-15,14,-7,16,7,20,-12,5,-21
19,-22,18,5,18,-1,3,3,6,-22,11,-13
21,-15,4,-17,6,-3,8,3,21,-1,12,-8
19,-19,6,3,13,-14,16,12,17,11,2,5
19,-17,4,-11,4,1,16,-4,11,-2,20,-7
22,-15,9,-17,17,-7,22,12,17,-2,17,6
11,3,1,-1,8,-16,2,7,9,-1,3,-6
14,17,3,-7,12,15,16,-10,11,-15,16,16
13,-13,13,0,1,1,17,10,4,-3,3,13
14,-8,12,-4,15,-10,16,6,11,-10,14,18
3,10,-4,20,17,10,21,5,19,18,17,1
13,-9,-2,20,4,3,6,13,1,4,20,-13
9,21,18,-8,22,-8,-1,8,21,8,4,21
5,13,13,9,18,12,12,2,22,22,4,8
8,24,8,17,17,-5,15,-12,15,16,6,0
14,14,10,23,18,21,2,-4,8,23,22,21
22,-8,17,23,19,4,-2,24,6,6,-4,23
21,-9,17,-2,14,23,5,18,3,9,21,6
21,4,13,22,22,19,4,3,11,22,19,17
6,19,2,23,22,7,-4,24,18,-1,19,4
7,22,9,-5,9,0,8,-6,8,26,10,4
9,18,19,14,-1,21,8,31,10,9,9,8
13,31,14,32,13,32,20,20,14,27,1,19
16,4,19,20,0,-3,22,3,-1,17,10,3
2,13,-2,1,9,27,3,25,-2,8,18,28
9,4,13,10,5,24,3,1,2,19,0,26
-2,35,-1,11,12,7,12,4,21,33,16,33
18,-15,-2,-6,19,-20,20,-19,4,-32,10,-29
23,-5,1,-33,17,-29,16,-21,14,-35,6,-12
21,-5,7,-16,23,-1,18,-30,12,-3,7,-1
23,-4,6,2,15,-3,23,-13,19,-25,11,1
20,-6,12,-12,-2,-7,14,-23,3,4,15,-32
18,-18,12,-27,17,-18,22,-14,18,4,10,-7
20,-17,10,-9,16,-3,23,-6,11,5,9,-20
18,-17,13,-9,19,-27,23,-10,19,-15,20,-3
21,-17,3,-17,6,-2,22,2,10,-21,3,-4
17,-9,2,7,19,-24,11,8,16,-10,15,-14
21,-14,10,3,17,9,13,-19,16,-13,12,3
17,3,6,-1,22,3,16,-5,9,8,15,-9
16,2,14,-16,12,0,19,-11,14,6,5,-8
18,-19,13,6,18,-11,22,-17,8,0,2,-17
18,-22,9,11,12,0,17,14,23,-5,17,6
16,-14,14,6,22,-6,16,4,-1,15,3,5
17,1,7,-11,23,4,22,2,13,-16,16,7
16,-6,8,13,21,0,16,5,9,-18,2,13
18,-9,22,7,18,-9,22,16,16,4,8,8
19,-16,2,-3,17,-8,7,18,5,-16,13,-16
23,-15,9,20,5,5,3,-1,17,13,2,18
15,8,17,16,3,-8,5,6,5,4,8,17
11,9,4,-8,20,3,9,-4,4,3,8,6
13,9,13,14,8,5,8,19,6,-11,17,-7
16,9,12,15,-3,2,3,2,-3,12,23,-8
16,19,7,-11,5,-2,23,11,7,7,12,24
16,-4,-2,-2,20,-5,13,3,12,14,16,15
16,3,4,-8,19,0,8,-7,2,9,7,11
18,-1,19,-8,13,-6,22,18,11,13,7,-1
16,9,8,-3,13,7,22,-7,12,15,0,23
15,26,15,5,7,17,19,20,9,10,-2,30
11,31,16,25,1,21,-2,27,14,13,0,24
4,17,3,21,1,20,6,31,-2,11,6,23
9,24,2,8,6,29,9,10,4,10,22,11
9,31,17,17,1,6,18,33,-1,2,-3,1
11,26,22,15,7,32,10,5,0,14,20,16
12,19,10,13,-1,12,14,16,23,34,2,15
20,-3,17,-35,18,0,19,-23,24,-20,9,-25
24,-7,7,-10,21,-1,17,-34,3,-6,11,-18
20,-21,9,-19,17,-19,14,-7,7,-4,11,-25
24,-10,17,-20,22,1,9,-15,9,-17,14,1
20,-23,17,-22,23,-6,17,-17,21,-1,14,-2
18,4,16,-15,20,-13,17,-3,10,5,11,-13
21,-21,17,-23,21,-30,1,-15,18,-20,7,-20
21,-21,7,-18,7,4,15,-21,22,0,18,-22
18,5,16,-23,5,-25,11,-19,19,-15,14,-3
24,-10,17,-7,12,-23,18,-1,17,-20,12,-10
17,-17,-2,-19,19,-21,22,-10,7,-11,20,-8
18,-15,24,9,18,-24,12,6,6,4,24,11
20,-18,24,-7,24,10,21,12,12,5,11,11
18,-10,5,2,12,-21,13,-12,16,-15,3,-13
18,2,-1,-15,14,-9,11,-14,21,-8,17,6
18,-6,5,-1,8,-14,3,0,17,-20,18,9
17,-5,2,-2,17,3,17,-16,19,9,15,11
16,-14,22,-11,19,1,23,13,10,5,9,-3
17,0,14,14,7,-4,1,-11,21,18,9,15
17,10,10,1,23,-5,18,14,19,-14,8,-3
22,-8,17,8,0,5,20,-10,10,14,12,3
22,-10,3,11,16,-8,17,16,20,12,11,1
24,-5,4,21,16,-5,6,-9,17,-6,9,22
17,-11,14,-10,9,6,9,-7,12,13,22,-10
21,-5,7,24,3,4,15,-11,19,8,13,13
21,-5,8,2,10,20,22,3,21,-5,17,-8
17,25,9,-1,18,-3,4,18,-1,18,12,17
23,1,6,27,16,5,15,-2,3,27,15,1
14,15,3,5,23,14,0,-5,15,5,3,6
14,5,13,29,21,29,2,-3,20,23,18,-2
9,27,17,30,9,21,20,24,18,10,17,-2
7,17,15,5,8,-3,9,4,18,13,9,17
13,26,18,5,23,26,7,26,5,2,19,11
9,5,8,0,14,7,11,22,13,10,18,10
-2,34,-1,12,13,25,14,7,1,9,19,23
11,18,7,1,8,3,24,30,8,0,1,15
1,27,1,26,5,23,16,34,18,30,14,3
20,-10,15,-12,12,-33,19,-8,14,-13,23,-2
23,-1,23,-2,13,-9,18,1,25,-11,4,-6
21,-10,13,-5,3,-24,21,-25,17,-31,16,-9
21,-7,5,-18,19,-30,18,-24,9,1,12,-8
24,-11,19,-3,17,-29,18,-11,7,-15,13,-3
22,-17,-1,-25,5,-25,18,1,19,-30,15,-31
25,3,3,-17,23,-1,9,-29,10,-26,5,-16
25,5,25,-1,25,2,12,-1,22,-3,12,2
19,3,17,-5,14,2,16,-22,15,-10,23,1
19,2,23,3,12,-5,8,7,12,7,12,-4
19,-6,6,7,2,-9,21,-19,20,-17,7,7
19,-3,17,-11,8,-25,22,2,11,-18,17,5
25,-4,2,-19,8,3,18,-13,15,-19,25,0
19,3,10,3,18,1,19,9,25,-4,17,-15
23,9,6,7,18,-17,19,-1,20,-17,15,-10
23,-3,14,-14,23,-10,2,-19,17,-21,14,13
22,-2,19,14,22,-13,20,-17,18,11,12,-12
23,14,14,-3,18,-15,9,-7,17,-6,8,-4
21,14,15,3,1,12,17,-5,22,-11,19,-18
22,13,24,2,11,-7,9,-15,6,-2,15,-11
25,9,24,-1,23,11,19,-16,16,-14,18,6
25,7,10,10,5,12,22,18,24,-1,16,-3
18,15,10,16,22,-6,19,-11,21,10,6,11
23,-12,7,0,10,2,13,-10,23,-5,22,2
23,-10,6,-10,17,-11,22,-3,3,10,9,1
24,-8,18,1,8,5,16,23,21,-1,12,11
25,4,7,7,14,8,-1,12,18,-4,7,4
11,17,17,3,14,-3,11,7,11,-1,9,0
13,27,6,28,24,26,1,5,12,23,14,19
8,27,14,-7,15,5,22,-3,25,29,14,13
5,29,14,15,6,0,11,11,21,9,14,8
17,28,16,18,10,6,3,-3,7,18,24,25
4,8,15,6,4,6,15,32,18,14,20,25
16,25,12,21,1,21,3,16,7,17,-1,26
5,26,24,20,7,12,5,34,2,16,10,4
6,4,22,31,8,28,13,22,15,34,0,-1
4,5,19,25,15,22,10,30,10,20,-1,24
23,-7,24,-14,16,-28,25,-7,20,-2,14,-29
22,0,23,-2,20,-30,24,-4,17,-2,12,-19
22,-23,20,-24,10,-25,20,-19,25,-6,19,-3
22,-19,20,-21,9,-21,15,-2,24,-22,12,-14
25,-16,9,-18,19,-12,23,-25,4,-15,7,-20
24,-15,19,-10,8,3,19,2,4,2,15,-16
23,-19,2,2,6,-9,20,-20,6,-21,23,-20
24,-16,9,-11,0,-24,20,-13,22,-16,8,-27
25,-13,15,-14,26,-13,20,-8,16,-27,9,-14
25,0,10,6,23,-21,21,-22,12,-21,18,-12
21,-16,9,3,24,-13,26,-8,26,-3,11,-2
24,-6,22,-20,21,-21,25,6,11,3,22,-18
24,11,25,2,19,-13,24,-14,18,-23,7,-2
22,6,12,-9,19,11,24,-11,22,-14,23,-15
21,2,18,10,19,11,13,-1,25,-9,24,-14
24,6,13,11,19,-12,11,-16,9,-3,16,-6
24,5,20,-12,3,-4,18,-17,12,-3,17,-13
23,9,22,3,19,-3,13,13,17,15,15,-2
25,1,25,0,24,-9,21,15,16,13,9,15
23,14,16,8,21,-15,20,5,20,-17,15,-8
24,10,16,20,24,-6,19,-14,19,-14,10,-1
25,3,24,14,26,17,20,19,20,-11,17,14
22,-2,4,-11,22,-8,12,-5,16,10,19,18
20,14,10,12,22,10,26,3,20,22,22,21
25,-5,15,13,18,21,3,-3,12,11,16,-8
17,14,16,11,12,-10,6,-7,0,10,19,-6
13,16,24,11,13,-5,16,24,8,17,10,-7
14,15,4,-2,5,13,7,-8,20,0,5,4
13,17,7,22,0,4,13,22,14,9,16,5
11,13,26,12,21,8,2,-7,26,23,26,19
10,15,14,-1,4,11,2,10,8,4,7,7
15,-2,9,0,1,18,5,1,12,26,0,26
12,30,1,31,22,25,3,29,6,15,18,5
4,33,23,8,12,27,7,10,2,10,3,33
5,11,1,4,8,28,10,18,15,27,1,5
3,33,10,1,21,18,12,10,12,8,1,1
7,2,7,15,9,2,2,32,6,16,1,30
