-20,-3,-13,-8,-16,-8,-26,-3,-2,-20,0,-10
-22,-10,0,-11,-24,-23,0,-13,-1,-10,-22,-12
-9,-19,-22,-23,-23,-21,-19,-25,-16,-31,-23,-30
-19,-4,-3,-17,-3,-7,-17,-31,-20,3,-19,-17
-22,-8,-2,-8,-23,-25,0,-30,0,4,-3,-14
-21,4,-20,-3,-23,-8,-24,3,-11,-11,-22,5
-22,-1,-19,-18,-15,-3,-8,-3,-13,-11,-18,-25
-13,-12,-24,-6,0,-25,-15,-7,-20,-12,-3,-20
-18,-3,0,-8,-2,-23,-23,-20,-11,-22,-19,-11
-19,1,-7,-22,-23,3,-17,-18,-24,-14,0,-13
-17,1,-20,8,-24,-5,-26,-17,-22,-12,-3,-15
-22,1,-15,-17,-20,-12,-25,10,0,-2,-17,-23
-24,-8,-14,-4,-25,-15,-20,-24,-21,2,-21,-13
-24,-9,-21,-13,-22,10,-23,-18,-2,-14,-1,-3
-12,-1,-20,0,-25,5,-19,-5,-20,-6,-26,-12
-20,15,-3,-12,-20,15,-16,-8,-18,-7,-3,-8
-24,-5,-21,9,-15,-7,-18,-19,-4,8,-5,6
-22,16,-1,-9,-4,8,-20,11,-20,10,-4,-8
-21,18,-6,8,-23,10,-2,-10,-22,14,-21,-1
-14,-8,-25,8,-21,6,-20,-16,-3,-12,-25,-5
-24,-10,-23,-10,-15,9,-22,12,-16,5,-23,14
-24,16,-7,4,-2,-7,-23,6,-3,15,-25,-6
-18,4,-15,-1,-24,-13,-1,-9,-4,-2,-23,14
-20,-12,-23,-2,-1,14,-2,11,-11,-3,-24,4
-24,0,-1,0,-25,20,-20,-7,-13,18,-2,-4
-21,12,0,17,-25,-3,-1,-3,-5,17,-26,-9
-17,7,-2,1,-25,24,-1,5,-21,-10,-23,25
-26,0,-20,24,-16,11,-26,23,-21,7,-2,0
-18,0,-16,25,0,-7,-5,12,-19,15,-24,26
-21,22,-25,1,-23,25,-12,-1,-1,10,-4,3
-22,17,-5,0,-1,14,-11,18,-25,15,-24,16
-20,27,-7,13,-11,15,-14,24,-1,19,-1,22
-22,30,0,23,-8,-4,-22,9,-19,2,-23,7
-22,19,-23,6,-18,10,-22,33,0,26,-4,25
-20,29,-19,-1,-7,24,0,19,-14,19,-22,29
-19,22,-17,2,-4,30,-21,33,-11,11,-21,14
-25,10,-3,14,-12,12,-24,3,-17,29,-23,34
1,-16,-18,-36,-7,-4,-3,-27,-22,-4,-11,-23
-11,-25,-7,-22,-21,-9,-2,-24,-20,-22,-23,-30
-24,-28,-21,-14,-22,-7,1,-6,-22,-15,-25,-8
-15,-15,0,-16,-2,-24,-20,-10,-3,-17,-3,-20
-16,-24,-24,3,-15,-11,-9,2,-1,-22,-20,-3
-16,-6,-19,-10,-7,-3,-11,-4,-18,0,-20,-18
-10,-9,-22,2,-16,-29,-17,-26,-19,0,-19,-3
-18,5,-18,6,-19,-5,-8,-19,-25,4,-18,-24
-21,-1,-13,2,-15,-2,-17,-23,-25,-14,1,-26
-13,-21,-15,-7,-16,2,-13,-8,-18,0,1,5
-13,-10,-17,-15,-18,2,-10,4,-25,-20,1,-1
-14,-18,-19,6,-17,-25,-19,-10,0,-2,-22,-16
-22,1,-3,1,-24,-13,-10,-11,-25,0,0,7
-14,-17,-1,11,-18,-3,-2,-13,-22,-7,-16,12
-7,4,-20,-11,-11,-4,-20,0,-3,-13,-22,10
-16,-3,-22,7,-9,1,-14,10,-22,4,-4,13
-23,15,-6,5,-1,-8,-11,-8,-3,16,1,16
-12,7,-5,10,-8,-12,-17,3,-22,11,-6,-11
-13,9,1,13,-25,12,-8,0,1,-5,-2,2
-14,10,-1,2,-1,2,-12,0,-20,-10,-6,-1
-18,17,-1,12,0,-2,-20,-15,-20,-5,1,4
-11,1,1,11,0,0,-21,5,-17,14,-24,13
-8,3,-2,9,-1,4,-2,0,-22,21,-20,18
-12,-7,1,19,-16,4,-17,-13,0,8,-22,-5
-16,11,0,-4,-13,-7,-17,-4,-8,-12,-18,-8
-11,4,-22,4,-11,-11,-15,1,-15,9,-22,5
-19,24,0,-3,-11,7,-18,15,-24,22,-18,-7
-19,18,-1,12,-17,19,-17,-7,-19,6,-25,23
-19,22,-23,24,0,-4,-24,-4,-21,16,-25,20
-18,18,-1,2,-7,-6,-14,14,-11,-1,-19,28
-20,25,-14,6,-1,-3,-25,28,0,25,-24,5
-20,29,-21,17,-11,24,-8,8,-24,31,-15,4
-11,10,-19,10,-9,28,-20,20,-20,28,-14,29
-15,2,-1,19,-14,13,-15,6,1,-3,-23,28
-24,7,-22,11,-8,9,-20,23,-19,22,-3,29
-20,20,1,16,-20,7,1,3,-15,5,-25,34
-15,2,-7,26,1,10,-1,20,-25,31,-19,24
-10,-12,-17,-22,-12,-2,-2,-10,2,-20,0,-2
-6,-11,-18,-12,-15,-26,-10,-30,2,-25,2,-17
2,-10,-21,0,-14,-17,-22,-10,-18,-29,2,-26
2,-16,-17,-29,2,-1,-11,-3,2,1,-15,-32
-22,-12,-1,-21,1,-27,-9,-20,-17,-6,-20,-4
-12,-13,2,5,-1,-27,-16,-8,-17,-23,-16,-29
-14,-11,-15,-2,-7,-4,-9,-12,1,-25,-22,-7
-13,-9,-16,-29,-23,-22,1,-18,1,-20,-17,-7
-12,-21,-1,-20,-21,-10,2,-1,2,-24,0,-22
-22,6,-15,-23,-3,-6,-19,-20,-18,-1,-22,3
-15,2,-24,-18,-9,0,-2,-15,1,-12,2,-10
-10,1,-4,-10,-2,-17,-14,-3,-16,-4,-18,-17
-24,-18,-8,-8,-2,-19,-12,-12,1,-24,-18,7
-24,-11,-3,-14,-1,-7,-15,3,-20,12,2,10
-16,9,0,-14,-11,-8,2,11,-17,14,0,-10
-22,5,-5,1,-18,-7,-21,-4,-21,5,1,0
-8,4,-1,-5,-16,16,-19,-14,-23,-6,-21,9
-22,6,-24,-16,-2,-8,-7,8,-11,-5,-12,15
-14,18,-20,12,2,-16,-19,-18,-16,15,-1,-3
-21,-13,2,-4,-18,-6,-18,14,1,-15,-3,5
-22,20,-12,-3,-21,18,-11,4,-22,-5,-15,-1
-21,6,-20,16,0,-5,-17,7,-16,7,-20,-1
-15,5,1,21,2,-11,-10,-6,-21,8,-13,5
-21,13,-21,23,-17,-7,-22,5,-18,-6,-21,-12
-24,8,-5,-8,-18,6,2,-4,-23,-1,-16,2
-19,-6,1,7,-20,17,-1,6,-17,-2,-19,12
-21,26,1,3,-24,-4,-15,24,0,11,-20,14
-17,27,-18,11,-20,3,-13,9,-19,21,2,-3
-22,22,-17,20,-23,5,-24,11,-23,15,-24,17
-23,12,-9,13,1,-6,-10,-5,-21,17,-19,-7
-7,15,-13,27,-20,10,-6,25,-18,28,-16,9
-21,19,-21,21,-2,-2,-8,30,-14,7,2,6
-12,13,-16,10,-10,23,-16,9,-21,27,-22,5
-17,17,-17,0,-2,29,-2,12,-18,0,-17,4
-24,6,-24,23,-16,18,2,7,-23,24,-4,13
-24,10,-14,3,1,15,-15,4,-7,33,-3,17
-20,18,-14,13,-2,28,-8,36,-19,28,-16,0
1,-23,2,-15,-1,-22,1,-21,-20,-24,2,-10
-13,0,-16,-27,-18,-18,1,-26,-17,-17,2,-22
-22,-31,1,-31,-11,-21,-16,-27,3,-7,1,-21
2,-12,-19,-23,-22,-4,-20,-18,-19,-18,-7,-19
-21,-11,1,-27,2,-32,-22,-8,3,0,-16,-3
-12,-13,3,-27,-19,-7,1,-24,-2,-4,2,-27
2,-11,-17,-18,-16,-28,1,6,1,-11,0,-18
3,-2,3,0,-22,7,-15,-4,-18,-9,-22,-9
-11,6,-21,3,-9,-9,2,-2,0,-16,-1,-23
-8,-3,-12,-16,-19,-8,-15,0,1,-22,-18,9
-12,-7,2,-11,-21,9,-15,-19,-19,-17,-22,-24
-22,1,-4,2,-18,-9,-16,1,-23,-15,-19,2
-11,-4,-12,-9,-23,-13,-14,-11,-5,6,-18,-12
-12,0,1,-13,-18,-2,-13,-5,1,-3,-2,12
-21,6,-17,3,3,1,-7,9,3,-10,-21,-14
-15,12,-5,-2,3,-8,-12,-14,-17,7,0,-11
-10,0,-21,-8,-14,14,-8,1,-17,12,2,-18
-22,6,-23,-10,-10,1,-17,-10,-22,16,3,-10
-8,-11,-1,-11,-14,-15,-1,4,2,-2,1,2
-12,17,-21,19,-9,14,0,12,0,-2,-18,9
-7,-11,0,-10,-10,18,-6,-8,1,-12,-21,-12
-22,18,-1,-10,-23,5,-2,9,-20,18,-18,6
-5,20,-14,-12,-17,12,-10,5,-8,22,-16,12
-17,-9,2,10,-6,15,-23,-2,3,-4,-17,-12
-21,11,-18,16,-23,-3,-16,-11,-1,22,-23,-1
-11,8,-2,23,0,7,-21,22,-19,12,-21,4
-18,-9,-19,17,2,-3,-17,16,-15,9,-19,12
-13,18,-21,26,-18,3,-1,26,3,9,-18,5
-16,27,-21,-7,-11,21,-7,13,1,14,-21,-1
-22,25,-17,2,3,21,-10,2,3,26,-19,22
-15,24,-18,2,3,28,-23,29,-14,7,2,18
-8,11,-8,25,-16,7,-20,9,-7,28,-14,6
-18,23,-2,1,-7,11,3,31,2,-1,-14,2
-14,18,3,7,2,5,-7,6,-15,28,-20,15
-16,20,-6,6,-19,28,-19,32,-18,27,-14,1
-19,19,-16,21,0,13,-20,23,-15,31,-23,30
-9,11,-1,26,2,9,0,16,-11,26,-22,13
-22,-7,-17,-14,1,-28,-8,-23,2,-19,4,-7
-4,-28,-1,-27,-7,-1,-13,-2,-18,-27,3,-10
1,-23,-18,-2,1,-29,-12,1,3,-30,-14,-31
-10,-25,-17,-3,-11,-21,-12,-28,-22,-8,-16,3
-21,-28,3,-13,-2,-32,-1,0,-20,-1,-16,-10
-19,-28,4,-19,-18,3,-16,-17,-22,5,-2,-9
1,-12,2,-12,3,-28,-18,-13,4,-8,-15,-24
1,-14,-18,-3,-8,-16,0,-25,-21,-14,-19,-12
3,-25,-19,-1,-1,-24,-19,-27,-17,-19,0,-21
2,-7,0,-15,-12,-16,-7,-5,1,-7,2,-6
-7,-8,-22,1,-12,-4,-5,10,1,-13,-8,-9
2,-7,-18,-1,3,-1,-10,0,3,-17,2,-6
4,4,3,1,-18,7,-11,-20,-8,-1,-16,-9
4,-16,2,-7,1,-4,4,-9,-3,4,-17,7
-5,-12,2,-7,-18,-13,-16,14,3,4,-6,7
3,-4,3,-10,-10,-6,2,-2,-19,8,3,-6
4,-18,3,0,-9,7,1,-16,-18,11,0,-4
-10,4,4,6,0,-4,-11,0,-19,-10,-21,8
4,7,-6,-10,-20,2,-12,-12,0,-5,4,5
4,-16,-22,14,-9,-5,-18,-8,-14,-17,-13,-3
-21,-15,-14,-15,-19,-7,2,1,-17,9,4,18
-4,-10,-8,15,-16,-3,-16,20,-20,19,-15,3
-22,17,-20,-10,-19,21,3,15,2,-6,3,4
-21,23,-8,22,-22,9,-7,-2,4,-11,-18,6
-4,15,-15,-5,-20,-12,4,20,-18,8,2,4
4,1,1,9,4,5,3,-9,-20,18,-20,17
-11,12,-17,2,-14,-7,-15,10,-20,-2,4,14
-21,5,-6,3,-15,5,2,7,-9,4,-16,19
-9,-1,-18,21,4,1,-5,26,-18,8,-8,0
-11,18,-19,22,4,1,-16,3,-14,-6,1,-1
-7,20,-12,2,2,8,4,23,0,-2,-19,8
-19,17,-2,22,-18,-3,-14,16,-13,27,-1,-2
-7,2,-19,29,-15,12,3,2,-11,-2,-18,-3
-11,14,0,12,3,20,-18,27,-21,24,-22,18
-12,5,3,28,-5,21,-20,8,-14,9,-16,0
-19,18,-18,20,0,25,-7,25,3,14,-11,14
-14,26,-1,22,-8,26,1,18,-22,2,-16,26
2,-27,4,-33,-3,-5,-17,-36,-17,-35,5,-23
2,-15,-14,-22,3,-28,4,-8,-18,-7,-13,-34
-4,-16,-8,-2,-21,-24,-12,-24,-6,-20,-8,-8
-9,3,-3,-8,0,2,-11,-19,-5,-23,-10,3
4,-1,3,-12,-21,-11,1,-18,2,-26,4,-29
2,-12,1,-17,-21,-27,-6,-22,2,-23,-18,5
2,-18,2,0,-6,5,-14,-6,-17,-11,3,-6
2,-12,2,-10,-15,-7,4,-19,5,2,-14,-28
3,-6,4,1,5,-1,-19,-19,-20,-4,5,-1
4,-1,-10,4,2,-20,5,-26,-19,6,-16,0
-21,7,3,-19,-13,-22,-11,-1,-13,1,-3,-11
-8,-3,-11,1,5,8,-18,3,3,-7,4,-6
-21,2,2,-19,-20,-12,-2,-24,-18,-3,5,11
3,-2,3,-11,5,3,1,6,2,-19,4,-11
-6,-17,5,-19,3,-7,-6,-17,5,-3,5,-15
4,-17,-21,14,3,-8,-5,-5,-19,4,3,-18
-10,8,3,-14,-15,-14,-11,-17,1,-6,-19,7
3,0,2,-6,4,-9,-19,-14,1,11,5,0
-5,-11,4,-2,-21,-13,-16,-13,-13,12,5,-15
3,-2,5,16,-9,3,-10,-15,-20,14,4,-11
-7,2,5,14,-15,14,-12,-13,1,-6,3,-1
-7,4,-19,9,-19,-12,5,-4,2,-6,-16,20
5,-4,5,21,-15,-4,-5,14,-16,17,-17,2
4,0,2,21,-15,-6,-5,-1,-16,5,4,-6
5,-8,-16,11,-15,13,-14,-7,5,-1,0,20
-4,5,-1,14,-14,14,-14,20,4,-4,5,1
-19,-7,-13,3,-21,-9,-6,0,-7,14,2,25
-4,17,-7,16,4,13,-13,17,1,-6,3,1
5,10,-17,0,4,21,-14,3,-17,20,2,0
5,9,-20,11,1,3,2,-4,-17,10,-13,19
5,16,4,20,-21,23,-6,25,-11,24,-16,12
-5,11,-1,27,-7,-4,3,1,-11,8,-14,31
-15,31,-15,9,-9,22,4,8,-2,6,-20,6
-18,2,-20,25,1,22,-19,24,0,12,-18,2
-6,12,4,26,-21,17,-15,23,-16,13,5,3
-20,11,2,28,-11,6,-15,15,-21,34,4,4
-16,32,2,31,-9,10,-17,29,-6,9,0,0
-5,-1,-13,-12,-4,-19,-6,-21,2,-35,-3,-6
-4,0,-4,-1,-1,-19,-2,-17,-3,-31,-9,-25
-10,-4,-3,-30,4,-3,4,-7,3,-32,-2,-31
-6,-4,-12,-12,5,2,1,2,1,-19,3,1
-19,-10,-5,-31,-18,-17,-9,-2,0,-26,-3,-14
3,-23,-7,-1,-9,-23,-11,-4,-2,-4,-11,-15
2,-21,-5,-14,3,-7,-2,-20,-10,-5,-8,-20
4,-5,-8,-17,6,-29,-19,-3,-13,-24,-20,-7
-16,-27,-1,-4,-20,7,-19,-27,-1,-8,-17,-26
-2,-6,5,-3,2,-4,6,-2,-18,-18,-19,3
-20,-8,-19,-25,-18,-3,-11,-26,-15,-24,-9,-1
-2,-19,-17,10,3,-8,-15,3,-19,-15,4,-18
4,-16,3,-14,3,-9,-12,-13,3,-21,-15,-19
-8,-1,6,-15,4,-2,-15,4,3,-16,2,-8
4,-12,-19,4,6,2,-18,-14,-20,5,-15,-12
5,4,-14,6,2,-9,-12,-1,-13,-20,5,-12
4,-9,4,-7,-16,-13,-20,5,-17,3,-16,-10
-5,8,3,-12,4,-15,-15,11,-11,-10,-18,10
-5,-10,2,-2,6,-3,6,-2,1,-11,6,-3
6,15,-19,-13,-4,2,-14,6,5,-7,3,-13
4,-4,2,-5,-15,11,-15,10,-14,-2,2,-4
5,-10,6,-4,-15,-9,-17,7,4,-12,-14,-5
-19,10,2,-8,-10,17,3,-9,-16,15,4,0
5,-5,-20,16,-14,3,-13,-5,-14,14,1,-12
5,-1,-13,14,3,1,5,5,0,15,2,-4
-7,8,-20,22,-7,-4,-13,25,-17,0,3,-6
6,9,-14,1,-15,24,-16,-2,-15,17,6,0
-19,20,2,19,6,-3,-3,21,-15,25,3,21
-20,-8,6,-7,-4,8,-18,3,-20,1,-2,1
6,-7,-15,20,-11,7,-16,20,3,3,-16,8
5,6,3,11,-8,18,-20,18,-11,-4,-12,21
-7,11,-3,4,-8,4,-14,12,1,21,-17,20
-2,8,-20,-2,-15,29,-17,25,5,23,-1,9
-17,17,-12,33,6,14,-16,16,-9,26,-9,19
-16,31,-16,14,-11,24,4,10,-3,8,2,28
-8,20,-20,23,-15,19,-16,24,-18,16,-14,24
-10,10,-13,27,4,16,-18,13,1,17,-19,33
-7,-6,-1,-5,2,-25,-2,-32,-1,-36,-9,-28
-3,-3,-4,-1,-6,-35,-2,-10,-19,-23,-2,-30
1,-14,-11,-11,-13,-7,-8,-11,-1,-28,2,-13
6,1,-5,-18,-7,-3,-4,-27,1,-25,-11,-11
-1,-1,-8,-27,1,-30,5,0,5,-32,-1,-20
-1,1,-5,0,3,-10,0,4,-8,1,-8,-3
-19,-15,-1,2,-19,-13,1,-20,1,-5,-9,0
-1,1,-2,-12,3,-27,1,5,5,0,3,-29
-4,2,-6,-19,3,-10,1,4,-15,-25,-4,-17
-7,-24,2,-4,6,9,0,-19,-6,4,-1,2
4,-24,-4,0,1,-16,0,8,-6,-9,2,-24
2,-17,3,-23,1,-18,5,3,-8,-14,-2,-5
2,-11,-10,-9,-2,-21,0,-15,-5,-7,0,-1
-1,0,5,-22,1,-20,1,-15,1,-20,-2,-13
-6,13,-7,-20,4,0,-4,-20,-8,11,-3,-2
-15,-17,-1,-16,1,-12,-5,-21,-11,-4,1,-12
1,-15,-2,-15,0,-3,-1,-15,-4,-16,-4,-3
-18,4,-2,-13,0,1,-8,-11,1,10,-4,14
4,-5,6,-14,5,6,4,-6,6,1,-19,-5
6,12,6,-15,6,14,-13,16,-12,17,3,-13
-2,4,4,-12,3,-7,-19,0,-15,18,-13,1
-5,-7,-16,-7,-14,-8,7,11,7,11,-17,-3
-9,17,-8,16,-12,13,4,-6,7,3,-11,-3
6,14,6,18,7,22,5,0,4,-2,-17,3
6,10,-9,-11,-4,24,-18,20,-19,10,-18,-12
-8,-3,-5,5,5,-5,7,4,-11,-4,-16,-1
7,5,1,20,-9,17,7,-7,7,-3,5,12
-6,9,-18,-3,7,2,7,11,-11,9,0,-2
6,8,-17,26,-12,18,-15,25,-8,9,-7,21
-7,28,-12,-5,-2,-1,5,14,-17,28,-10,-3
-4,14,-5,20,-13,25,-18,30,-9,9,7,-5
-17,29,-18,-2,-10,2,-15,27,-15,25,-9,20
-9,16,1,19,-11,-2,6,12,-11,32,-10,22
-4,14,-5,25,-14,33,-19,26,-11,9,-9,17
-12,17,-13,34,-8,3,-13,16,-11,26,-11,31
-6,14,-17,8,-7,22,-14,10,-17,25,0,19
-14,30,6,27,-13,28,-19,30,7,1,-15,8
6,-8,-5,-32,-7,-3,1,-32,2,-27,-2,-25
-1,-33,-18,-23,-4,-33,0,-6,0,0,-7,-14
1,-29,-18,-13,7,-22,-10,1,-10,-28,-6,-7
1,-23,-11,-23,-4,-12,4,-8,5,0,5,-33
3,-15,-2,-22,-2,-24,1,-11,-16,-18,-5,-10
2,-1,2,-15,5,-29,0,-7,-4,-15,-4,-19
2,-23,-17,-30,-2,-17,5,4,-2,-30,-17,-14
0,-25,6,6,-16,-15,0,-18,-8,6,-5,0
-3,-24,-17,-4,1,-6,0,-20,-1,-13,-10,-24
1,0,-5,8,-16,-10,2,-9,-4,-9,-16,5
1,-3,-5,1,-16,10,2,0,-5,-18,2,-9
1,-6,-4,-24,7,3,6,8,-4,-15,-10,-2
3,-8,-14,-21,-5,-13,1,-21,-8,-5,-1,-8
1,11,-10,7,-18,-5,-8,-6,6,-11,2,-3
0,-19,-5,-10,-14,-5,-9,7,-17,-22,-15,-10
0,8,-4,-4,-11,-20,-2,-21,5,10,-4,9
-3,13,-3,-7,-15,-10,4,12,-9,11,-10,8
1,11,-9,-7,4,0,2,12,-11,-17,-6,-15
3,-11,5,-18,2,-10,2,15,0,-1,-3,9
0,11,-1,14,2,-11,3,-9,1,-13,-11,7
-17,0,3,-1,-1,-14,1,0,1,-14,-6,-10
6,-12,-11,8,-16,11,-11,-11,-16,6,-13,-9
-8,19,-8,4,6,12,1,1,-2,10,-8,13
5,-3,-9,1,4,-9,-8,8,-16,5,-17,-10
6,2,-16,-7,5,15,-17,11,0,10,-9,1
-2,15,4,23,6,9,-14,-10,-4,4,-18,13
-18,22,-17,7,-11,-3,4,-4,-12,15,-10,-3
8,-1,1,19,7,-3,7,15,-11,-9,-11,11
-1,14,-13,12,-7,-1,-13,10,-12,27,0,0
8,19,-13,14,-2,24,5,6,-11,4,6,18
-3,4,-13,26,8,6,-17,6,-12,-2,7,2
-8,11,-13,14,0,4,4,31,-10,4,-2,11
-16,28,-18,15,-13,24,-11,6,-18,25,6,-4
-7,23,-9,4,-18,4,5,12,-17,30,-18,14
-8,7,-3,25,-2,24,-13,31,-16,30,7,9
-14,20,-16,24,-10,8,4,15,8,7,-18,11
-4,6,0,30,-17,24,8,31,3,31,-17,23
-1,-7,5,-17,-3,-21,4,-6,-7,-36,-3,-25
4,-5,-14,-31,-17,-23,-11,-31,-8,-11,0,-26
3,-5,-3,-29,2,-10,-10,1,-15,-12,-3,-31
5,-8,0,-11,-6,-29,3,-10,5,-1,4,-19
7,4,-8,-13,0,-17,-5,-6,-12,3,-9,-16
3,-29,1,-22,3,1,-5,-17,-14,-27,-2,-24
0,-26,-7,-7,-7,-17,-9,-13,1,-1,3,-27
-2,-27,-4,-6,2,1,-6,0,5,-5,-10,3
6,-6,-8,-4,-2,-27,7,-26,0,-10,4,1
-1,4,-1,8,-6,-10,-14,-14,3,-11,-3,7
8,10,0,-25,-3,-19,-17,-24,-5,-6,3,9
2,-4,2,-10,-13,-15,-3,4,-1,-24,-3,-9
2,-11,-2,4,-9,11,2,-13,4,-19,6,8
2,-3,-17,9,-13,-20,-14,-4,6,0,-3,5
2,6,3,14,-8,11,-7,-11,3,6,1,2
2,12,-16,-11,-16,1,-16,-5,-9,-11,-7,-7
2,4,-14,-17,-17,-20,-5,-5,-8,10,-11,0
2,7,-9,9,-17,8,-11,1,-12,-15,-13,-13
2,18,-5,-3,-11,-1,-14,-2,8,11,1,14
-6,13,-12,-13,-15,14,2,-15,-16,-12,-2,9
7,9,-12,19,-1,-2,-17,-9,2,7,1,20
4,-12,8,21,6,9,3,4,-6,9,-6,-12
-1,19,6,19,2,17,3,21,0,17,4,16
3,3,7,14,4,2,4,3,8,21,-1,18
5,1,-15,8,-14,14,5,9,-2,-7,3,11
6,5,6,13,-4,21,-1,4,-4,-4,-2,-8
-8,23,1,5,3,-6,-2,5,2,5,-2,20
-1,-1,-11,-3,-8,10,3,4,-11,14,-9,26
-16,-6,-11,9,-11,11,1,-4,-10,6,4,19
9,7,7,10,-9,7,2,22,-5,12,6,7
-16,12,2,26,-3,24,-5,-2,-12,15,3,18
1,10,0,6,2,-4,0,-2,-4,27,-2,9
-16,30,-4,13,-9,-3,-4,2,-2,17,5,-2
-6,13,3,1,1,30,-11,18,7,-2,-15,18
-9,32,-13,23,4,25,5,22,-7,21,9,29
-11,1,0,29,9,17,0,34,-13,24,3,29
-15,5,7,23,7,17,-2,34,-10,10,1,18
4,-15,4,-24,7,-11,5,-26,-5,-36,0,0
7,-6,-1,-32,-12,-13,-4,-7,-2,-26,-5,-9
3,-34,4,-27,2,-4,-2,-4,3,-22,6,1
2,-32,-6,-27,5,-14,7,-1,5,-20,2,-22
5,4,-5,-16,-11,-27,-3,-1,-7,-4,4,-16
4,1,2,-4,6,-9,-16,-16,0,-22,0,-21
4,-17,-14,-22,8,6,9,-17,-2,-27,-6,1
7,-5,-13,-9,-1,-15,6,-11,-10,-23,-4,-7
1,1,-3,-17,-3,-19,-2,-17,8,8,-5,2
1,3,-3,-17,-6,-13,0,-24,-5,-26,2,-4
2,-7,4,-5,4,10,-6,-22,2,-19,-8,-16
-16,-8,-3,6,4,-6,4,-4,0,4,4,6
-12,-22,-12,-24,-4,-22,7,0,-3,4,-4,-1
5,-8,7,-11,3,-13,8,6,2,-15,-8,8
-4,-18,1,13,4,-2,7,-21,4,-21,-13,-1
2,-3,-8,-14,3,-10,4,3,-2,11,8,8
-11,-17,-9,-14,3,-11,3,7,-8,5,6,4
-3,13,-12,-2,3,-7,4,-3,3,-8,-2,10
-4,15,5,18,3,17,-3,-6,6,7,0,12
3,0,-14,-3,3,17,0,16,2,-5,4,12
1,17,-4,-10,-4,-15,2,1,3,5,-1,4
-5,16,4,-9,3,-7,4,-9,4,-5,5,2
-13,-14,-7,21,-3,17,-4,16,7,8,5,-2
-1,6,7,23,4,12,-15,18,8,-11,1,4
-4,17,4,-10,2,-5,5,3,0,0,-3,11
-6,13,9,3,-5,20,4,14,-1,16,-1,23
8,13,-2,26,4,14,5,2,-1,19,-4,7
-11,-7,3,17,9,21,4,27,3,-2,4,5
-16,27,1,17,-10,-7,7,17,0,5,-7,22
6,5,-4,11,5,16,5,-2,2,-6,-13,13
-15,22,-13,10,-14,-2,4,1,-5,-1,0,2
8,-1,1,29,-5,21,5,9,4,15,3,22
-3,32,-9,17,-8,20,-16,-4,-16,9,-16,-3
-16,19,-14,-1,-2,20,6,30,0,13,-15,2
0,16,3,5,-16,31,-11,1,-5,12,3,26
-16,27,-6,8,-15,15,-13,26,-13,1,-15,25
-7,29,2,6,-11,0,-3,18,1,29,-7,28
5,-1,3,-16,4,-30,-14,-28,5,-24,-9,-32
8,0,-2,-6,-1,-3,8,1,0,-22,2,-27
1,-34,-6,-11,-8,-29,6,-21,-15,-33,4,1
2,-33,-2,0,5,-11,2,-12,-7,-9,7,-7
-4,-32,-15,-12,-8,-15,5,-23,-12,-29,-15,-32
7,2,-4,-25,8,-10,2,-29,4,3,-2,2
5,1,4,-16,-14,-15,4,-4,3,-20,-3,-19
6,-7,-13,-19,6,-17,4,7,8,-29,5,-23
5,-4,3,-6,3,6,3,4,-3,5,-1,-26
5,-18,-7,-9,-3,8,10,3,9,7,-5,6
7,-16,-3,-2,-7,7,5,-22,-5,-22,0,-26
7,-9,4,8,6,-24,0,-21,10,5,5,-17
-15,-11,1,-6,7,10,10,-10,-8,-5,-12,3
3,-3,-11,-16,-12,-17,-8,-11,-2,10,-2,-20
7,-19,0,0,6,-6,-15,-1,-7,1,-5,-15
7,-7,0,-2,2,-17,4,-7,6,-11,1,6
-5,-12,6,-6,4,9,4,10,4,15,1,-8
7,-13,-4,13,5,15,4,-1,-8,13,-5,-17
-10,-14,-8,-2,5,15,3,-12,2,-13,-14,-4
-3,7,1,4,5,13,-1,-16,0,11,2,2
-1,9,5,8,5,19,9,19,7,3,-1,8
-3,13,-3,-1,4,21,0,-14,-4,7,-6,-5
1,8,9,18,3,3,4,-1,-6,1,2,7
-5,2,-6,5,5,18,3,10,3,-8,-5,21
-12,-5,3,22,-4,-2,-2,24,6,-12,3,7
9,5,-13,6,-5,-1,0,21,-1,-6,1,11
10,-8,-7,23,-4,19,6,8,-3,14,2,-6
11,-3,-10,24,-8,22,-3,0,-3,7,-2,7
-12,20,-6,5,3,11,4,4,-4,26,-6,12
0,8,-6,26,-7,9,1,0,-3,24,-4,22
-4,8,-7,9,6,-4,-2,8,0,28,-4,5
-6,11,0,18,-1,29,10,23,-15,23,-2,9
1,2,-14,27,0,7,-2,23,1,4,-13,7
-13,15,-14,19,3,5,3,10,-10,5,8,4
-7,20,-2,34,-6,28,-12,2,-5,27,2,24
3,24,6,29,2,8,-4,9,-3,5,-3,4
-5,25,10,9,-12,3,-2,32,-2,1,-6,22
0,-36,0,-33,1,-12,0,-13,12,-22,2,-21
7,-15,-12,-17,-7,-27,-13,-35,5,-17,2,-1
-1,-34,-7,-2,-2,-18,-11,-27,8,-27,8,-15
7,-6,2,-18,-6,-15,9,-33,2,-14,3,-20
7,-7,4,-30,6,-4,-12,-10,5,-23,10,-27
8,5,8,-22,-2,-3,5,-11,4,-29,5,0
4,-28,-13,-15,5,-3,7,-27,0,-23,-1,-25
10,3,-4,-24,2,-25,4,-29,-3,-2,8,-6
7,0,1,-11,-10,8,7,-1,-2,1,-4,-10
5,4,3,-9,7,-7,4,-12,9,-2,4,8
-2,6,10,-1,10,1,7,-17,6,-12,5,-1
3,-6,1,-1,9,-25,6,3,-2,-23,3,-1
5,-10,3,-10,-13,-24,-10,-2,-12,-5,-1,0
-14,-22,3,-11,1,8,11,0,-2,-12,10,9
3,13,-3,6,-5,-12,-3,-19,1,-11,2,-1
-8,-18,3,-14,-14,4,-11,15,-12,-15,4,-8
-14,5,-4,-9,7,5,0,-3,2,2,-10,-3
9,-5,1,-15,12,3,-13,-5,4,-6,4,7
11,-9,1,11,1,12,-2,18,-13,-9,-3,-10
12,12,12,-17,-1,5,9,-15,9,7,2,7
-1,-8,-3,6,-5,-16,-11,-13,-5,-9,-4,7
-12,7,-7,4,-7,6,-13,-12,7,7,1,16
-11,19,1,11,7,16,3,19,5,14,-4,7
-7,-10,-9,3,-11,1,-4,15,-13,-12,-2,-12
-4,-1,-12,16,10,-1,-5,-6,-5,5,10,-1
-2,15,-14,6,-5,1,-10,12,10,12,1,12
-14,11,0,1,-7,9,-8,-8,0,2,0,5
-13,-9,-11,21,1,-2,11,11,-1,-3,4,7
-3,1,-1,14,3,22,-11,24,-8,0,10,-6
-9,15,-6,2,-10,25,1,13,-13,21,-2,13
-14,4,-3,23,12,25,-12,29,-4,-1,-4,10
-9,15,5,3,2,16,-5,31,-14,-5,7,31
-9,21,7,23,-9,28,-9,11,-7,17,4,-3
-8,25,0,4,-6,31,-8,21,-1,24,-4,25
-7,25,4,26,-4,-1,-7,26,-10,9,9,26
-9,27,1,20,-1,12,10,4,-8,11,-6,35
-12,4,-6,34,5,2,0,14,-8,33,-12,6
7,-3,11,-5,-7,-13,3,-12,-2,-29,1,-30
11,-1,-2,-33,9,-5,1,-14,3,-28,6,-6
9,-7,-11,-15,2,-2,-3,2,1,-14,-2,-21
9,-32,9,-12,5,-31,-6,-30,1,-31,3,-30
1,0,9,-32,-10,-28,3,-21,0,-12,-1,-7
2,0,-8,-14,8,2,3,-27,4,-14,-5,-22
6,-26,-4,2,0,-26,3,-16,6,-24,9,-10
2,3,1,-20,5,-9,11,-6,-1,6,1,2
10,-27,-3,6,-11,1,10,-7,-2,-3,3,-27
9,-1,11,-27,-5,-16,8,-10,11,6,-4,-2
4,-23,11,7,-3,10,5,-5,3,-12,-2,9
1,6,10,-3,7,1,6,-8,0,-22,-4,-4
-11,-24,6,12,3,-4,4,-5,8,5,-1,-24
-13,13,-7,9,-6,11,-6,-5,9,-15,3,5
11,-20,-9,14,2,-3,4,9,-1,-8,-3,-11
-12,0,6,10,4,-1,9,6,5,-3,-1,12
10,-13,2,12,-10,13,4,-5,9,15,-1,16
13,14,5,-15,13,2,3,-2,8,14,12,11
-12,12,3,13,1,-13,5,7,-11,-6,-9,-16
-11,7,-4,8,-13,-9,2,11,0,18,6,7
-13,11,-10,-9,2,9,-11,-16,11,-2,-10,-3
-1,-5,-12,12,2,-6,1,-5,5,1,2,-7
-5,21,-3,8,10,20,0,12,7,8,7,18
-4,-3,-7,3,4,12,0,3,4,17,-2,3
-8,5,-5,-7,12,6,-11,-5,-1,10,-3,23
3,4,1,23,0,18,13,12,-1,17,-1,24
-9,26,6,2,-1,-3,-6,-4,8,-7,5,15
0,0,2,-1,-6,24,9,19,1,19,6,6
-12,0,3,-7,-2,12,1,-1,-2,20,8,8
-5,2,12,-1,12,4,-10,-1,1,28,-3,-3
-10,10,0,15,2,0,-1,5,10,20,6,15
-6,3,1,16,-2,13,12,16,1,9,1,15
-7,25,-3,-1,2,13,-9,10,3,27,4,27
-2,18,12,-2,2,2,-9,7,-3,29,2,9
5,12,-6,15,-7,7,1,17,12,30,7,9
-1,14,-2,8,0,16,-7,6,-7,1,-13,2
4,5,-6,33,-6,24,13,18,13,20,11,17
8,-2,2,-4,-10,-4,5,-12,4,-10,4,-19
8,-13,12,-31,-5,0,-1,-2,2,1,-2,-30
7,-28,-3,-34,12,0,1,-11,-1,-15,5,-7
9,-15,1,-20,9,-16,1,-30,5,-24,12,-32
3,-3,-1,-8,-6,-29,0,-32,8,-13,3,-30
2,2,6,-21,-2,-26,6,-24,7,5,12,-1
5,1,3,3,6,-25,7,3,12,1,10,-12
0,-27,3,-18,11,7,3,-26,5,-15,-8,-25
-2,-28,-4,7,5,-28,5,-11,12,-1,4,-19
7,2,1,-24,-1,8,8,-7,4,-23,13,-27
1,7,13,7,7,-13,1,-4,8,-24,-2,-7
8,-8,5,-4,1,-24,1,4,6,-5,-4,7
-12,-22,-1,-6,0,3,-6,-21,0,8,5,12
10,-19,7,-21,2,-3,1,-12,2,2,8,-10
6,0,-1,-19,2,6,-3,-11,-5,2,-12,-16
13,-15,-7,-21,6,5,-2,-14,5,-1,-1,11
10,-9,0,-16,14,10,-3,-4,-5,-8,11,3
14,16,7,-16,-5,17,-3,5,7,-14,-12,-14
14,-7,-3,13,11,-6,8,-7,-11,0,-3,6
14,4,9,-6,4,7,1,-10,-1,1,10,5
3,6,7,7,-6,18,7,3,7,16,-1,4
-10,12,9,16,3,7,-3,6,11,-1,-3,16
-3,21,0,-6,5,10,-1,2,-4,12,12,19
4,-1,2,-1,-7,22,-10,-7,4,10,-4,8
-9,-3,-10,15,2,2,2,10,-3,-4,-10,-10
-10,0,11,-9,3,4,12,-7,-3,7,-8,-8
-1,-8,9,25,9,14,-6,12,3,7,3,11
-5,22,-2,21,0,13,-6,3,11,10,-5,2
-3,-1,-11,3,1,0,3,6,5,17,13,8
-9,10,8,7,13,6,-8,-1,12,28,5,16
-2,-3,-11,10,-2,-3,-10,-4,13,29,-4,13
-5,2,1,13,-6,24,13,20,13,6,0,21
2,9,12,32,-4,26,9,-3,3,12,9,6
4,10,-2,32,-2,9,3,16,-5,26,3,10
5,12,-4,0,-4,5,4,28,-5,5,2,3
-6,20,-8,14,1,17,14,11,1,28,7,18
-8,6,10,1,-3,21,11,22,14,3,10,32
9,-17,-8,-36,7,-26,1,-9,-9,-35,2,-30
6,-3,4,-17,4,-19,2,-2,2,-35,2,-1
11,-16,7,-33,2,-31,-1,-3,7,-19,6,-2
13,-2,-3,-2,0,-3,-11,-15,3,0,8,-24
13,1,7,4,-2,-4,6,-20,-11,-16,3,-25
8,-24,7,-2,9,-4,8,-25,-10,-15,4,-12
9,-20,12,-9,7,-26,14,4,6,-8,8,-25
-11,-13,3,-21,9,-24,10,-7,5,-27,13,-1
9,-20,-2,-18,2,-13,13,-27,8,-15,-3,-15
0,5,10,-10,3,-16,10,-25,-11,-12,8,-24
15,5,3,-4,0,8,-9,-11,-10,-6,13,-3
7,-9,14,-25,-2,-23,3,11,9,9,1,5
6,-1,5,5,2,-5,2,-16,13,6,7,7
-3,9,3,-5,-3,-6,-10,-12,-3,-10,3,13
13,-15,11,9,-3,-14,1,0,2,-12,4,-16
-1,8,10,-5,-3,10,-3,-6,14,-8,0,-7
-2,10,1,-20,-3,12,1,-14,5,12,7,-14
15,-16,7,-16,-2,-3,12,8,-4,6,-2,13
-4,14,5,15,-4,5,5,11,-8,-5,-2,1
3,10,7,4,7,-6,5,-11,-1,5,2,8
-11,14,11,16,-2,6,5,3,3,5,11,18
-1,-11,6,1,0,21,-9,-3,-1,12,9,-3
-6,12,-11,-1,3,-6,-5,5,-11,-7,9,-13
1,0,-10,7,14,6,-10,2,-5,-4,9,8
-7,2,3,-10,-1,22,-9,9,-6,7,8,21
-4,-11,-1,21,15,14,13,-8,1,-4,6,23
-5,14,9,25,6,23,15,24,4,20,4,14
-3,19,3,18,-9,19,-7,-5,-10,4,2,-1
-5,-8,15,13,-1,1,3,26,-3,7,0,15
-5,13,-3,1,6,6,15,12,10,2,5,18
3,6,-3,-3,-10,4,3,3,6,20,5,20
-2,-5,-5,-4,5,1,-10,0,11,15,2,30
-4,14,5,10,6,17,-7,3,-6,32,15,18
-1,9,6,29,-3,22,-10,27,5,33,-11,1
0,10,-4,3,-2,2,-9,21,0,24,-2,3
-4,0,-11,29,-1,1,10,20,14,19,14,27
-7,7,9,28,10,36,-11,31,-8,0,-11,30
2,-35,-1,-25,11,-23,4,-33,6,-31,7,-22
10,-29,6,1,14,-3,7,-19,-3,-2,2,-4
9,-31,7,-15,12,-34,-8,-15,1,-26,14,2
12,-12,11,-30,11,-33,7,-10,3,-28,1,-2
12,-30,7,-30,13,1,9,-10,2,-32,0,-19
14,-5,-8,-31,-4,-29,1,3,10,-20,9,-19
12,-11,10,-29,9,3,11,-11,4,-26,-6,0
9,-18,6,-29,10,0,10,-12,9,-21,3,-10
9,-10,0,-4,9,-23,10,-16,15,5,-2,-20
-6,-24,3,-3,8,-24,14,-2,4,-27,7,6
6,-5,7,-11,-3,6,-9,-9,-8,-6,0,-20
15,-7,-1,9,6,4,-2,4,12,4,2,-10
13,-18,9,-24,-1,12,-4,-16,5,-5,0,0
15,9,-4,-4,5,6,-10,13,13,-6,5,2
-9,13,-8,-11,0,11,8,4,15,-16,9,-16
-8,8,0,-4,-1,-1,3,3,-4,-21,8,-21
16,-7,8,13,7,16,13,3,3,-4,4,2
-3,5,2,-12,8,-5,2,5,7,17,13,12
-5,15,4,1,-2,1,1,8,-1,9,5,10
-6,13,2,6,-6,-12,-2,-3,1,13,4,-17
9,-1,9,4,11,-11,-2,2,7,8,9,6
5,-3,1,-1,-4,18,5,14,1,1,3,-6
-2,-7,4,19,-2,15,1,-2,11,18,-10,2
-3,-3,-1,-7,-4,19,-7,7,-2,-5,-5,-10
-4,-3,12,18,-3,-1,-8,2,11,24,16,9
-6,1,7,16,14,11,-6,-6,5,14,-2,23
-9,1,13,25,-2,13,-8,-9,-5,14,7,-3
-3,17,8,26,-6,-3,-4,4,2,18,6,23
-4,15,2,1,-10,16,-5,28,0,6,11,11
-8,2,-10,11,-2,19,-7,11,-9,-5,-2,18
-2,10,-8,7,-9,0,-9,4,0,-4,-7,16
-2,-5,-5,29,-1,20,-1,-4,-6,31,12,9
-5,11,13,14,3,20,5,23,-7,3,-4,2
-2,12,15,2,6,7,-10,23,-6,19,-3,11
-6,7,11,-2,6,28,-7,8,-5,4,4,31
-3,8,6,25,5,20,-2,27,2,33,16,16
-5,7,-10,7,-4,8,-10,27,1,9,-6,25
11,-24,11,-31,8,-19,5,-32,4,-24,10,-22
14,-35,2,-10,1,-6,5,-2,12,-11,-5,-3
15,1,1,-24,-6,-32,6,1,1,2,3,-6
12,-32,4,-32,9,2,5,-17,8,-1,0,-25
16,3,6,-27,12,-4,7,-31,6,0,0,-5
13,-11,7,-7,16,2,2,1,-5,-27,13,-4
11,-4,14,-29,7,-12,-7,-14,10,0,4,-18
15,-29,-4,-27,10,3,13,-9,10,-15,14,-4
4,-5,4,-20,9,-7,-9,-16,3,-27,7,-9
9,8,3,8,11,-10,13,3,9,-4,11,-9
-6,-20,-5,-25,-2,3,-2,4,7,-9,-9,-7
0,9,0,-17,3,-14,1,-15,1,-14,-1,5
17,-19,4,-9,6,3,-9,4,12,-4,11,-22
8,-17,-8,-10,8,9,7,-3,9,13,2,-5
-5,10,10,-11,5,14,4,-7,-9,4,-9,12
3,-16,8,-18,2,-18,13,-2,2,-1,4,-11
-3,-15,15,10,0,12,4,-10,11,-5,10,-16
-7,-9,-4,-4,-1,-9,12,15,4,6,6,16
9,-5,-3,6,-8,-17,15,-7,-9,2,6,-17
-3,2,12,-16,3,8,2,-8,-2,-4,-5,9
2,-13,-8,-4,12,6,3,-3,8,17,14,8
-4,-4,9,3,3,21,3,-8,11,20,-4,-13
-2,3,1,0,4,19,-8,19,1,-6,0,19
-1,1,1,23,5,12,-1,17,2,23,1,2
-3,2,8,-2,0,23,4,22,1,-11,11,14
-4,1,13,24,0,20,-2,12,12,-7,9,11
4,2,10,11,1,20,3,13,9,16,15,21
0,6,8,14,7,2,-4,8,2,-6,10,1
-1,9,17,8,6,15,0,4,13,7,-3,22
2,4,-2,18,7,21,-6,19,6,1,-7,6
-6,6,-8,15,6,22,2,0,-9,-2,-5,27
-5,10,-3,24,-2,10,3,27,0,-2,-4,4
-4,4,17,-2,17,15,16,14,-5,14,-6,27
-4,6,-6,9,15,6,-3,25,11,1,14,14
1,11,3,30,-7,28,-2,30,14,27,0,7
-3,17,12,24,7,22,14,6,-7,23,15,3
-3,17,17,22,4,25,16,9,-5,27,13,21
12,-9,9,0,-8,0,12,-6,16,-10,5,-19
15,-1,8,-13,15,-7,9,-35,15,-1,12,-7
14,-6,4,-5,12,-20,-1,-7,13,-26,5,-6
12,-10,11,-16,-4,-32,6,2,13,-14,1,-33
15,-6,-5,-30,-6,-14,0,-29,6,2,0,-15
5,-28,13,-18,8,-6,11,-21,3,-27,10,-3
11,-8,13,-28,10,-24,10,-14,11,-29,16,-4
5,1,2,-29,4,-26,7,4,-8,-11,8,-25
11,-12,12,-18,17,6,2,4,6,-9,5,-24
9,7,14,-7,16,2,12,2,7,-27,17,7
-6,-18,3,10,0,-14,15,-7,9,-15,-7,-9
-2,-3,7,-18,10,-13,-8,-19,-5,9,7,7
1,-23,-4,-11,-1,-15,3,12,-1,-2,14,5
1,-20,4,-2,9,-9,-6,-19,0,12,-5,3
1,-18,11,-9,-8,-19,14,-19,1,-18,-8,-4
1,-16,6,-7,2,4,-1,-6,-5,-11,-6,-7
-2,-13,1,6,5,-4,17,12,1,-19,-8,13
-4,-8,-3,-5,-4,-15,0,-13,-4,-19,-8,-11
1,-5,-4,10,-7,3,18,18,-6,10,-5,15
1,-3,-4,-13,-1,-7,-4,-6,5,6,-1,-2
-4,-3,-2,-14,8,-7,-5,7,13,18,-3,17
-1,0,15,17,14,-2,-1,-1,-4,11,-3,19
-2,-1,-2,12,14,2,5,-9,7,9,-1,16
-1,0,18,2,-2,22,-3,18,-2,-3,-4,-4
-2,0,-6,-6,5,9,-4,12,-7,18,-2,2
0,2,-2,-6,-2,9,-2,18,-3,3,15,16
-3,4,11,20,9,-2,18,-4,5,12,-8,5
-2,7,18,5,-1,4,-2,25,8,18,3,-3
0,-6,-4,-2,-2,7,-8,5,13,-2,17,6
-3,11,9,6,-6,12,9,4,0,9,17,10
-4,11,-5,4,2,18,7,1,12,18,18,-6
-1,1,18,14,-1,-5,-4,30,-2,17,5,16
4,7,-5,27,-7,27,-3,8,14,7,-4,7
-4,13,3,23,15,0,17,0,-7,31,13,25
1,9,14,1,18,18,-2,4,4,23,4,7
0,0,-8,25,0,20,-5,8,-4,12,-4,20
-4,10,12,34,2,32,16,22,18,35,-5,19
13,-25,14,-24,19,-29,11,-35,13,-19,14,-3
14,-16,17,-6,5,-31,18,-2,6,-33,9,-30
14,-13,-2,-31,8,-34,12,-27,9,-13,9,-11
14,2,17,-7,6,-3,14,-4,13,-1,3,-16
13,-32,1,-16,-7,-16,9,-6,-2,-29,10,-3
7,-28,14,-21,-2,-5,4,-7,6,-10,11,-4
8,-30,-7,-16,17,3,14,-23,12,-6,5,-28
9,1,5,2,8,-25,13,-2,14,-17,13,-10
-7,-14,6,-28,3,7,13,-25,16,-7,11,-24
14,-13,4,-26,17,-2,15,-10,17,5,4,-27
-7,8,9,-24,12,-8,12,-3,17,-1,11,-5
-4,-10,18,9,-2,-16,-6,9,5,-20,5,-12
1,-20,19,-19,-4,-5,-4,6,19,6,0,-14
-4,-9,14,1,6,-17,15,-11,7,3,13,-18
5,-10,-5,0,-2,7,3,-21,-2,-12,19,8
4,-8,-2,4,-2,10,19,9,-4,15,-5,14
1,-14,1,-8,-7,11,-2,-16,14,10,-3,0
1,-9,-7,-18,-3,16,0,15,17,-8,-1,10
-1,-10,-4,1,-3,11,0,3,-2,15,14,7
-2,-1,15,-7,-4,-16,16,14,9,13,-4,-10
1,-5,-5,13,13,0,-5,4,-2,7,15,20
0,1,10,18,-6,13,1,-6,-5,-15,-2,10
0,-3,15,15,18,11,-2,15,19,-9,-5,-11
0,1,-4,12,3,10,0,16,16,5,-4,-13
-1,-1,-7,-6,-5,21,-4,21,3,14,-1,9
0,1,10,-11,5,10,10,9,-6,14,13,22
1,2,13,1,5,8,1,2,10,-2,5,2
1,-6,4,11,19,-4,-7,-6,6,25,-4,15
2,1,5,-5,14,21,-6,5,0,-4,-7,6
3,16,8,7,-6,16,-2,-5,2,16,3,25
-6,25,-4,15,-4,9,3,14,3,12,9,-6
3,1,13,12,-6,-2,18,17,8,21,19,-1
1,17,13,14,-4,25,-4,30,13,1,15,5
6,8,-3,16,5,14,19,10,-2,19,15,3
0,0,13,18,-7,26,18,-2,1,18,-3,16
-4,10,-3,22,16,10,7,27,18,11,-5,35
-3,8,13,9,-6,2,-6,25,16,16,-3,0
17,-5,15,-10,1,-14,-2,-34,11,-13,13,-36
18,-6,4,-8,16,1,12,-13,1,-17,11,-29
18,-4,12,-11,6,-1,15,-30,8,-33,5,-17
15,-10,-5,-10,12,-17,7,2,16,-15,8,-14
14,-4,7,2,13,-25,-5,-4,12,-11,13,-2
16,-2,6,2,2,-9,8,-6,10,4,-1,-23
15,2,2,-20,-4,-23,7,-29,4,-2,-4,-20
16,-29,14,-26,12,-7,19,7,3,4,7,-18
13,-20,12,-12,13,-5,12,-16,7,-24,13,-27
15,-16,10,-24,13,-8,-4,1,10,-16,5,7
10,-1,9,-26,-5,-6,9,-10,16,-26,19,10
6,-11,15,8,7,3,19,-21,-4,-21,-5,11
-1,0,0,6,-4,3,8,-6,2,-22,-5,-23
7,-9,1,-12,-2,4,18,-9,-6,9,12,7
5,-17,4,-6,-3,-22,-1,-9,17,13,-1,-2
4,-4,7,5,-4,-13,-1,0,-5,-9,3,-4
-4,-3,-6,-15,-2,1,18,-2,5,11,0,12
2,8,-2,-7,4,-3,2,5,-4,17,-6,1
-3,17,-5,11,-6,-4,4,-2,4,16,10,0
10,-3,17,10,17,12,20,-7,17,11,17,9
3,-10,-6,20,-4,-6,19,3,11,5,-6,20
11,-2,15,14,-2,0,-1,1,-4,-8,7,-2
3,-2,2,15,11,5,16,-9,6,4,18,13
0,-3,0,5,8,-3,1,-11,3,8,-5,-6
0,3,-2,22,-3,19,11,-5,7,24,17,24
-1,-1,-4,4,11,20,20,6,1,5,0,2
-1,3,12,1,17,20,-1,25,-1,2,5,-8
-3,1,2,23,20,20,12,11,3,1,1,-9
-4,5,11,20,3,0,4,-6,-6,-5,15,15
-6,12,-6,16,3,20,3,-3,0,24,14,-3
7,21,7,19,3,5,3,19,13,11,-4,20
4,17,1,26,11,29,3,13,0,16,-4,13
2,15,8,9,-1,9,5,24,2,1,0,29
-4,4,6,25,16,3,8,21,16,2,-5,31
0,4,-6,8,16,5,20,-2,12,22,-6,21
4,13,-1,23,-1,29,16,6,20,14,18,17
7,13,-1,18,5,11,-3,31,20,24,-1,1
18,-8,1,-32,0,-18,3,-4,-5,-19,1,-17
17,0,0,-28,-1,-24,5,-8,15,-2,8,-28
18,-1,11,-29,-3,-32,12,-6,14,-9,7,-13
14,-24,8,-31,18,-32,11,-20,10,-30,11,-31
10,-29,1,-32,18,0,7,-12,6,-20,8,0
15,5,15,-18,5,-23,15,-29,15,-13,9,-21
9,-28,5,-18,-3,-24,13,-2,20,-2,16,-23
8,-27,11,-2,19,-28,11,-11,17,4,-4,-23
14,-16,18,-3,13,-5,19,-2,7,-24,16,3
14,-2,15,-8,10,-25,8,-23,12,-25,7,-3
19,-9,10,-16,19,9,9,0,16,-15,8,1
6,-15,-5,3,11,10,-5,-5,19,-10,5,-13
-2,-1,0,-11,14,-24,17,-14,9,5,1,-13
4,13,21,0,-2,2,-3,9,3,11,7,-5
4,0,2,-2,0,-3,18,-16,-2,-5,-2,1
6,-20,-5,-6,-2,-13,-3,4,-4,-18,18,12
20,-5,13,-12,11,7,2,-7,19,-7,21,8
19,-10,6,16,2,-16,-5,-9,-4,-2,2,12
9,4,-2,-17,12,0,-1,8,4,-13,0,-11
20,-3,13,-10,1,-13,11,-12,13,-6,3,-5
5,10,7,11,13,20,4,6,13,9,0,15
8,6,-3,-8,-2,7,16,16,12,-2,1,-10
-1,17,-4,22,-3,-9,7,17,-4,15,-4,15
1,13,14,3,15,-2,4,15,-2,-7,-4,-9
-2,-4,8,4,10,-2,-3,14,-4,-8,6,-7
-2,2,11,9,10,1,-3,25,4,14,19,24
3,-5,21,-3,-5,-8,-2,15,4,26,-4,9
0,10,15,24,9,15,2,24,21,12,0,15
1,17,0,-3,0,2,3,11,-3,2,20,2
2,23,16,-3,20,-4,-5,-3,12,0,16,1
11,11,10,30,6,3,12,20,-3,-3,4,12
3,31,17,-1,3,22,21,19,-3,0,20,18
5,24,3,20,21,32,-1,8,-3,11,6,0
4,23,7,2,-2,33,1,8,-3,24,4,20
-1,17,-4,31,-4,24,-1,13,21,26,2,11
2,3,4,19,18,9,0,8,-5,10,18,15
2,5,2,29,3,5,21,5,-1,33,0,28
11,-35,17,-17,-1,-24,18,-23,11,-12,-2,-36
19,-3,14,-21,16,-14,7,-35,11,-34,19,-14
17,0,7,0,21,-8,15,-6,18,-32,14,0
19,3,8,-11,18,2,18,1,11,-11,16,-8
15,-31,16,-24,9,-9,9,-32,17,-7,18,-29
18,-1,8,-15,0,-18,6,2,22,-6,10,-4
17,1,11,-18,11,-27,17,-30,18,-7,10,5
18,2,8,5,13,-17,20,5,13,-13,4,-5
8,-28,10,-18,14,-13,15,-3,18,-11,13,-25
16,-12,18,-9,16,-4,7,-13,12,-24,7,-26
22,10,4,-7,17,8,4,-10,21,10,-1,-20
10,-18,18,8,0,-5,-2,5,16,11,6,4
22,-1,7,-7,13,5,21,-17,4,-21,-2,-23
22,-14,1,-14,-2,-14,22,-16,9,-8,4,-17
21,1,2,-15,8,9,-2,9,-1,-8,0,13
5,10,-3,-14,7,3,12,1,16,2,-3,-13
5,4,15,9,-2,14,-1,15,16,10,3,7
-4,-14,5,-3,11,-6,3,-19,7,-4,8,-16
-4,6,9,-12,1,-15,-3,3,6,-11,-2,2
-3,10,4,10,18,12,12,6,17,6,17,-13
20,-11,8,-15,17,-13,7,9,15,3,4,2
12,19,14,-3,20,13,14,18,-2,-13,10,10
9,11,12,-7,20,16,14,21,14,17,15,12
-2,6,18,9,10,3,6,17,10,9,6,-10
1,-6,5,15,-3,-8,18,-12,16,14,14,2
5,-9,19,-8,22,3,1,-3,7,12,-4,-2
6,-9,6,-8,21,22,1,9,13,9,1,9
13,3,7,-2,-4,23,12,1,0,-4,0,25
-1,23,12,20,0,10,-2,9,0,4,2,-5
10,-2,19,19,-4,16,20,3,3,-4,-3,11
4,18,22,28,-2,5,21,25,1,11,9,9
10,4,4,-1,7,16,12,22,18,1,-4,22
-1,23,21,28,15,10,5,15,-3,3,-3,27
0,25,21,19,13,19,0,18,-3,16,17,3
9,3,12,11,1,9,5,30,2,9,2,-2
-1,17,4,16,12,11,6,23,5,13,3,1
11,13,1,36,13,35,6,34,19,36,-2,33
13,-34,16,-1,13,-35,7,-21,14,-30,15,-34
15,-35,-2,-5,2,-31,20,0,18,-19,5,-15
11,-33,-3,-34,20,-14,21,-3,14,-31,18,-19
14,-32,14,-13,19,-32,20,-7,12,-2,11,-10
10,-31,19,-24,19,-8,-3,-15,18,-14,11,-18
13,-30,-3,-9,-2,-26,6,-16,9,-18,3,3
20,-3,-1,-9,16,-27,21,0,14,-2,19,-13
19,-7,7,-1,11,-20,7,-29,16,4,14,-28
16,4,8,-24,13,-25,14,-22,15,-25,12,-24
8,6,11,2,17,-9,7,-8,19,-6,8,-20
-3,-3,7,5,6,-8,18,-3,15,8,17,-26
19,-10,13,0,11,-19,-2,2,19,1,4,0
21,-18,-2,-15,13,-19,-2,-5,21,-18,-2,0
22,5,0,-1,13,-16,20,-3,14,4,1,-18
10,12,13,1,-2,-5,2,-2,0,-21,11,-21
20,-18,19,-8,-1,-8,13,-19,-2,-13,-2,0
14,7,-2,-18,0,-9,17,-20,1,-14,-1,4
20,-14,2,-18,10,17,-3,3,4,-2,19,-18
22,2,12,-12,9,-18,15,16,8,-8,11,8
13,3,8,-17,19,16,15,-8,15,11,13,-4
13,-5,12,-14,7,3,10,-14,-3,-11,12,-11
18,-9,21,-1,2,10,6,-7,-1,15,19,18
12,14,6,7,15,-1,20,19,15,5,4,9
8,16,3,-10,7,-9,15,-11,9,17,4,22
2,-12,17,10,12,6,9,6,16,17,4,9
4,10,13,19,9,-3,3,21,6,5,4,-3
7,11,5,10,1,15,20,-1,4,18,4,18
-2,8,7,16,13,24,8,-4,9,14,2,13
23,22,4,1,15,17,5,25,21,-1,-1,17
14,18,-2,12,2,-6,4,9,-2,15,10,-5
22,1,20,22,3,-1,2,4,10,12,22,16
8,31,14,21,20,26,6,9,11,26,4,14
12,7,6,-3,2,20,2,10,6,2,20,15
7,31,-1,13,0,14,1,15,10,8,-2,19
8,2,-2,32,3,19,14,27,9,13,22,27
6,19,0,13,5,5,-2,19,8,34,4,8
8,15,-2,32,2,15,8,11,13,20,2,16
19,-3,24,-27,17,-11,9,-1,17,-20,23,-3
18,-34,1,-11,17,-7,-2,-34,19,0,19,-15
14,-31,10,-23,10,-2,23,1,2,-13,21,-32
21,-3,7,-28,7,-27,18,-18,16,-29,13,3
19,-6,14,-23,12,-10,23,-31,18,-25,17,-14
19,-31,13,0,7,-7,17,0,15,-19,10,-23
18,-27,8,-9,18,-15,10,-27,13,3,16,-13
22,-2,12,-6,22,-29,10,-28,18,-8,11,2
23,5,17,-22,14,-26,18,-14,17,-25,8,-28
13,-2,24,-21,15,-11,19,-1,10,-18,17,-16
14,-7,-2,-15,1,-5,-1,-19,-2,-3,15,-26
15,-17,14,-19,13,8,13,-8,0,-2,13,-3
-2,-20,1,-19,-2,-9,19,-13,5,-4,15,-2
20,-18,17,-14,19,-16,4,4,7,-4,16,-13
15,-11,10,3,-1,11,-1,-16,18,-22,-2,-15
13,-12,3,5,0,1,7,-14,-2,-2,2,-14
16,-9,7,-3,10,-1,-1,-18,17,11,23,15
21,-15,7,10,20,-2,12,12,10,-11,7,-7
-1,-13,10,18,-2,-5,1,-6,19,-16,13,0
14,-13,17,-16,17,4,8,12,16,15,11,1
1,-15,9,-6,18,-15,10,18,12,-8,21,6
12,19,7,21,2,-15,15,-6,14,19,7,-8
23,16,11,0,19,-6,2,-11,12,13,14,19
13,23,13,2,3,-11,-2,-8,2,-3,11,23
10,13,15,12,19,2,20,-11,18,19,13,3
23,13,8,-4,9,21,-2,12,9,2,15,17
9,14,0,23,11,-8,10,23,23,12,11,-9
15,-2,13,26,9,6,9,8,10,3,9,18
20,0,19,13,1,12,14,24,7,27,18,28
11,17,10,19,-1,23,0,22,7,27,10,9
-2,-3,16,11,19,3,11,15,4,14,15,29
23,5,20,22,13,3,5,14,14,10,4,4
14,6,-2,12,-2,22,10,12,1,4,8,-3
11,7,19,29,23,18,7,17,24,3,23,-2
-1,18,5,13,1,14,6,8,1,18,13,7
2,4,2,32,21,5,15,21,-2,33,5,11
1,30,24,18,2,8,19,28,7,12,19,24
22,-13,11,-17,18,-21,18,-12,9,-12,16,-34
21,-11,3,0,23,-12,16,-3,17,-2,11,-3
13,-30,13,-30,24,-17,12,-6,-1,-26,18,2
19,-8,9,-14,8,-18,17,-30,9,-17,20,-22
20,-3,10,-9,16,-22,17,-18,9,-1,13,-28
21,1,13,-25,22,4,10,-4,14,-24,8,-2
18,5,13,-6,9,-30,18,2,13,-19,18,-28
16,-20,15,-12,13,-25,11,-27,12,-3,10,-5
19,-24,2,-10,13,5,0,-19,11,-25,5,-10
17,-19,20,-20,16,0,8,-4,3,-20,14,2
19,-12,15,-7,2,-2,21,-18,10,-20,3,-14
21,-8,21,-1,9,-10,0,4,18,-3,20,-20
13,12,6,6,5,-24,7,7,24,-6,20,-11
13,0,3,-14,10,-17,9,-15,8,-3,10,-11
17,14,3,-17,11,-8,14,3,14,-4,17,-15
15,15,20,-3,23,-19,9,2,9,12,17,-1
17,-10,1,6,13,15,14,16,23,4,20,-11
8,13,6,15,6,-15,2,-19,2,8,4,-15
13,17,5,-8,0,0,16,-13,16,-17,9,-8
20,-12,15,-6,11,-11,10,3,9,-7,14,-7
20,-12,2,7,20,10,21,-14,2,-1,12,4
11,16,3,-13,4,7,-1,-1,12,9,24,17
12,14,7,12,3,0,20,19,2,-9,18,20
13,15,18,-3,18,-9,7,23,24,-12,15,22
24,-12,9,3,16,-7,21,19,17,2,5,0
14,12,16,18,10,11,22,19,9,-2,-1,18
15,17,4,21,0,25,8,20,3,-8,19,24
17,8,5,6,17,18,8,26,-1,12,5,14
22,13,20,12,6,22,2,3,14,7,1,11
1,-5,19,24,17,17,15,18,7,-3,13,2
24,-5,12,13,7,9,17,24,6,24,16,5
3,-5,12,15,10,-3,10,10,1,11,13,16
2,25,3,14,12,31,10,9,22,28,19,23
2,31,18,31,17,26,7,31,21,28,5,4
16,22,5,33,8,3,0,16,11,15,14,14
7,19,-1,33,8,22,11,9,4,4,18,31
7,23,3,14,11,12,15,8,21,27,21,25
23,-11,16,-32,18,-18,21,-30,14,-6,20,-29
21,-11,10,-6,17,-34,24,-35,9,-35,16,-29
21,-32,21,-6,11,-34,20,-12,15,-32,16,-27
19,-31,18,-33,2,-9,17,-19,19,-33,17,-21
22,-9,11,-5,21,-22,20,-27,12,-22,18,1
22,3,7,-13,2,-15,22,-8,18,-22,14,1
14,0,22,-13,20,-17,21,-5,15,5,1,-15
13,0,9,-7,16,5,10,-3,12,7,20,-19
21,-16,9,2,13,-2,20,-27,5,-27,9,8
21,-17,6,-19,2,-2,12,-6,14,-14,9,7
17,2,8,-1,21,-8,12,-21,22,-4,23,-25
18,-16,13,-20,22,-5,17,-24,7,-10,10,-3
24,-23,1,-10,20,-12,14,-4,9,-13,13,-24
1,-8,5,-17,1,-9,12,12,10,-6,11,-14
13,-18,15,-13,14,-19,3,-20,20,-9,12,-8
2,-20,22,15,11,7,15,-21,17,14,4,-8
21,-11,13,-13,10,-2,5,12,16,5,23,9
15,15,2,11,11,0,23,9,6,-6,7,14
3,-16,14,2,11,5,15,-10,21,-17,1,17
16,11,7,19,21,-11,0,-9,16,-11,23,-14
17,20,8,-10,1,9,9,15,9,6,17,-1
13,16,1,-10,4,8,19,-10,13,-6,18,-10
16,-5,24,-12,0,20,4,2,21,7,14,4
10,19,8,9,16,23,19,-12,11,8,6,3
18,21,12,-2,1,7,15,11,3,6,19,5
11,24,12,6,7,7,18,25,6,8,10,25
20,8,14,-10,11,-9,11,-9,23,-9,12,-3
22,-2,2,-6,16,-9,13,16,24,19,12,10
16,15,11,11,10,-2,18,11,16,20,1,24
26,27,11,14,21,24,1,15,16,11,17,18
14,14,20,-6,11,8,12,11,19,20,10,20
0,2,3,12,9,8,9,12,7,30,3,10
14,13,16,28,5,10,4,27,0,26,8,25
1,10,9,6,3,2,14,29,23,24,3,0
1,5,18,22,13,3,12,6,9,24,1,23
3,31,0,3,13,9,21,35,1,5,7,33
8,29,22,23,21,32,13,13,6,1,13,30
