-26,-7,-1,-18,-21,-9,-17,-29,0,-10,-26,-9
-18,-22,-9,-15,-6,-2,-22,-35,-26,-19,-5,1
-25,-17,-16,-19,-19,1,-24,-16,-12,-10,-6,-29
-9,2,-5,-27,-15,-22,-5,-11,-15,-18,-26,-20
-22,-19,-9,-21,-13,-30,-11,-12,-19,-18,-21,-8
-21,-16,-17,-15,-25,-20,-13,-15,-10,-31,-23,-27
-23,-8,-1,-24,-3,-22,-18,-8,-14,-19,-17,-27
-20,3,-22,-15,-20,-29,-23,-18,-16,-17,-4,7
-24,-12,0,2,-7,-12,-6,-4,-4,1,-25,-28
-19,4,-14,-25,-20,-2,-9,-6,-25,-6,-5,-25
-16,-21,-23,-21,-12,-23,-8,-17,-23,10,-23,10
-20,-9,-25,-17,-3,-3,-22,-11,-18,-18,-25,-16
-25,10,-22,-12,-25,11,-11,-1,-8,-18,-26,-23
-10,-4,-21,-11,-14,-10,-19,-3,-23,-1,0,-23
-11,-11,-6,0,-20,-21,-3,3,-15,-9,-24,-7
-15,-18,-25,-14,-16,15,-12,11,-10,-3,-2,-11
-23,-4,-8,0,-15,11,-25,-19,-14,-20,-23,-7
-26,14,-8,2,-25,10,-5,-12,-22,-2,-26,-5
-26,3,-25,2,-26,-8,-11,-3,-11,11,-10,-3
-24,3,-17,7,-19,-14,-12,-14,-4,-8,-1,-14
-20,3,-8,18,-26,4,-15,19,-20,11,-16,-13
-16,16,-12,-10,-17,10,-18,-12,-6,19,-23,10
-23,4,-16,-10,-3,14,-13,10,-18,-5,0,17
-26,11,-22,-7,-8,-10,-23,23,-15,3,-11,15
-18,-10,-24,17,-2,-3,0,-3,-17,11,-19,-11
-26,2,-25,-11,-3,3,-12,-5,-22,-7,-21,14
-21,-10,-13,17,-14,-8,-23,8,-22,4,-13,-3
-14,-9,0,-5,-19,-1,-20,-9,-12,1,-14,24
-19,-7,-15,10,-6,-4,-1,9,-8,26,-4,-8
-24,2,-21,25,-13,18,-12,14,-12,19,-1,-7
-22,26,-5,-6,-2,5,-3,-1,-11,-2,-8,19
-15,-3,-26,24,-14,16,-23,3,-21,2,-21,28
-26,15,-25,10,-3,2,-24,16,-7,14,-25,24
-25,29,-3,14,-5,-1,-6,22,-5,25,-16,25
-15,14,-3,16,-12,15,0,4,0,0,-3,21
-13,5,-8,24,-1,10,-13,-1,-26,4,-2,34
-24,35,-1,19,-15,12,-2,5,-10,6,-18,19
-17,-27,-2,-5,-2,-19,-22,-15,-1,-2,-23,-36
-20,-21,-12,-19,-9,-8,-20,-20,-8,-12,-8,-24
-17,-14,-1,-22,-19,-14,-20,-31,1,-23,-2,-34
-16,-29,-21,-4,-6,-9,-11,-24,-6,-28,1,-20
-10,-26,-23,-28,0,-28,-24,0,-21,-19,-9,-11
-10,-19,-9,-7,-12,-30,-16,-29,-6,-10,-8,-29
-22,-4,-18,-16,-4,-14,-24,-17,-17,-20,-25,-8
-16,-18,-5,6,-22,3,1,-6,-14,-7,-2,-11
-13,-23,-22,-16,-21,-20,-22,-15,-20,-3,1,2
-10,4,-24,-8,-23,0,-12,-8,-19,-12,-5,-12
-19,-19,-16,-12,1,-26,-15,-18,-6,-23,-11,-11
-21,-6,-16,-6,0,-11,-18,2,-3,-9,0,-4
-13,-14,-7,4,-10,-9,-16,-4,-3,-11,-25,-12
-9,11,-1,-9,-15,-1,-3,-21,-10,-11,-11,6
-24,6,-15,5,-24,-18,-23,1,-21,13,-16,-16
-19,-10,-23,9,-16,14,-10,13,-4,2,0,-16
-13,-9,-4,10,-5,16,0,-18,-24,-19,-24,2
-12,-15,-1,14,-6,-1,-19,5,1,-3,-24,5
-23,15,-25,-9,-18,-5,-2,13,-3,-11,0,-6
-17,-13,-25,-7,-17,-5,-24,-3,-10,18,-2,-14
-18,20,-6,18,-18,-16,0,0,1,9,-14,6
-23,2,-20,-13,-21,4,-13,21,-18,-4,-4,6
-14,-5,-15,17,0,-5,-11,-12,-17,1,-1,0
-20,-9,-3,22,-2,5,-25,21,-24,17,-20,21
-22,-3,-22,7,-4,5,-24,-10,-22,6,-6,11
-20,9,-11,21,-16,18,-22,24,-25,4,-6,8
-22,-2,-13,2,0,12,-2,10,-15,10,0,-2
-16,-6,-4,2,-9,9,-9,21,-20,7,1,-1
-24,19,-6,24,-24,23,-10,23,-12,28,-24,6
-18,28,-14,26,-9,27,-4,19,-4,-6,-13,7
-20,29,-2,19,-12,4,-10,16,-18,16,-18,-2
-12,7,-24,-1,-20,15,-19,11,-17,21,-24,-2
-22,15,-20,25,-5,14,-18,13,0,9,-7,14
-14,28,-3,-3,-25,22,-13,19,-9,29,0,28
-21,32,-24,27,-15,5,-24,18,-21,16,-23,9
-24,29,-25,1,-5,21,-23,29,-22,1,0,13
-10,3,-19,14,-16,12,-22,29,-15,24,-4,1
-18,-8,-4,-32,-14,-3,-15,-27,-20,-30,-2,-27
-17,-3,-5,-23,-11,-35,-24,-10,-22,-20,0,-28
-11,-27,-12,-27,0,-33,-12,-23,-12,-17,-2,-31
-17,-24,-5,-12,2,-32,-19,-9,-12,-31,-23,-10
-10,-1,-20,-8,-1,-31,-9,-19,-10,-24,-3,-27
-22,-6,-15,-28,-19,-21,-22,-10,-23,-12,0,-12
-11,-25,-22,-7,1,-29,-9,0,-16,-18,-14,-10
-21,-6,-1,-8,-19,-5,-3,-5,-6,-29,-23,-17
-15,-9,-7,5,1,-21,-10,-23,-2,-6,-24,-19
-16,7,-15,-7,-1,2,-20,-12,-17,-19,-18,-3
-12,-7,-24,0,-3,-7,-12,7,-12,9,-22,-1
-21,-5,-19,-21,-10,-25,-23,9,-11,9,1,-5
-18,-20,-22,-6,-7,4,-16,-10,-3,-18,-24,4
-21,-2,-24,-1,-15,-2,-14,-17,-21,-23,-4,-17
-7,12,-6,0,-24,-3,-14,-4,2,12,-14,-16
-8,14,-22,-10,-8,2,1,-16,-8,12,-10,-8
-19,-10,-16,-17,-24,-7,-20,6,-24,-17,-1,-12
-10,13,-3,-5,-7,6,-19,10,-7,-5,-22,-15
-12,16,2,5,-21,4,-5,13,-16,3,-17,-6
-21,7,-3,16,-18,-14,-3,10,-1,14,2,-10
-20,14,-13,16,-24,15,2,-6,-2,12,1,-7
-20,12,-23,-5,-21,3,-8,2,-4,17,-16,6
-14,-6,-21,8,-24,-7,0,1,2,6,-9,-6
-14,-4,-9,-10,0,14,-20,-3,-2,-5,-9,0
-19,22,-24,7,-11,7,-13,20,-20,22,-7,-8
-20,22,-6,1,-24,11,-4,-7,-19,-5,-5,3
-9,8,-21,23,-8,15,-21,21,-18,13,-6,22
-14,4,-7,16,-20,5,1,-2,-1,13,-10,-6
-8,24,1,-5,-22,-5,-24,18,-21,13,-2,-6
-15,24,2,7,-20,10,-15,14,-17,-6,-15,2
-15,0,-22,26,-20,25,-10,29,-15,10,-2,17
-19,6,-24,15,-4,6,-21,4,-22,17,1,18
-11,-1,-13,21,-24,22,1,18,-11,-2,2,5
-14,8,-14,19,-9,25,-10,8,1,3,-19,2
-20,18,-5,34,-18,34,0,9,-24,21,-6,8
-8,16,-11,6,-17,18,-24,3,-19,2,-23,15
-8,2,-8,0,-1,9,2,8,-8,4,1,22
-15,-19,-10,-17,-8,-13,-18,-20,-2,-25,-23,-16
-18,-7,-1,-26,-1,-11,-14,-1,-8,-27,-4,-22
-18,-10,-23,-1,-4,-4,1,-3,-16,-2,2,-33
-14,-3,3,-16,-9,0,-12,-8,-2,-28,3,-21
-8,1,-23,-8,-10,-8,-20,-8,0,-22,-1,-26
-13,-13,-7,-13,-4,0,-1,-12,-22,1,-2,-15
-16,-22,-23,-18,-21,-30,-16,-22,-3,-9,-22,-20
-19,-15,-6,-19,-8,-10,-18,-7,-11,-5,3,-13
-18,-6,-5,-2,-23,-23,-21,-26,-11,4,-21,-23
-16,-6,-3,-1,-8,4,-11,-25,-21,-21,2,-9
-14,-9,-9,10,3,-6,-3,-19,-20,-9,-4,-16
-14,-4,-20,6,3,-9,-16,6,-3,-19,-23,4
-12,-20,-17,-7,2,-18,-9,-8,-21,-12,-22,7
-7,6,-14,-8,2,-5,-15,-21,-21,7,0,-6
-12,11,-14,-15,1,2,-22,8,-1,-2,-8,-1
-7,-5,-4,-13,-13,-16,-11,6,2,-7,2,-11
-11,-2,0,12,-16,-10,-1,-13,-18,0,2,-4
-14,-4,-7,15,-9,-8,-18,14,-2,15,-4,-10
-13,16,-14,18,-19,2,-20,-4,2,0,0,-17
-16,5,-23,11,-15,-3,-11,-5,-6,19,-4,-10
-20,13,-10,2,-1,3,-20,3,-2,11,-23,5
-12,5,3,1,-16,16,-15,5,3,14,-7,-15
-15,1,-14,-10,-9,8,-15,-13,1,-3,1,14
-9,-3,-1,-12,-1,3,-4,3,-12,-13,-2,17
-15,9,1,15,-19,-12,-20,-7,3,-12,1,-1
-15,-3,-1,16,-2,-5,-16,-10,3,-6,-10,4
-21,19,1,-10,-21,22,-5,-10,3,8,-2,-7
-8,6,-16,2,-22,3,0,9,1,-5,-18,0
-9,10,-22,5,2,9,-7,18,-21,-3,-22,7
-21,29,-22,2,-2,-4,-13,10,-17,11,1,5
-14,-1,-20,18,1,9,-8,-3,-23,5,1,0
-22,30,3,5,-22,19,-15,13,1,8,-5,3
-6,27,-1,20,-19,26,-21,9,3,11,-17,-2
-20,30,1,12,-16,4,-9,15,-19,8,-22,18
-15,29,3,10,-21,7,2,9,-20,22,-4,29
-21,33,1,34,-18,14,-13,10,-21,33,-15,22
-18,9,-8,0,-11,10,-16,10,-10,11,1,9
-6,-12,-1,-33,-1,-22,0,-27,-13,-34,-21,-23
-7,-26,-1,1,-2,-23,3,-23,-22,-26,-16,-13
-8,-8,1,-26,-22,2,-21,-6,-17,-22,-14,-27
-6,3,4,-32,-13,-17,0,-30,1,3,4,-23
-7,-11,-10,-14,-14,-23,-12,-32,-7,-14,-19,-21
-16,-4,3,-23,-19,-5,-16,-5,-18,0,-13,-27
-9,-1,1,-29,-14,-8,-19,-13,3,-22,-18,-3
-14,-6,-14,-15,-12,-16,-11,-2,-22,-9,-12,-29
-9,-14,-20,-18,-17,-14,-12,-21,-18,-16,-21,-17
-10,9,-20,-26,-7,-13,-15,-3,-9,-12,-19,-25
-8,3,-16,-4,-10,10,-13,4,-9,-6,4,-4
-10,7,-20,-12,-16,-12,4,-14,3,-25,4,-6
-18,-7,-14,9,-3,8,2,-18,4,-20,-12,2
-14,3,-22,0,-8,-19,-7,1,4,5,2,-20
-14,-4,-10,-22,-11,-1,-7,-4,-2,6,0,12
-12,-4,-22,-18,0,-14,-15,8,0,-19,1,0
-6,-9,-16,-9,-22,-16,-12,2,-11,3,-2,1
-7,16,-19,4,-7,2,-9,-6,-20,-18,2,11
-19,7,-3,9,-19,3,-10,-17,-12,-8,-22,-16
-9,-2,-4,6,-22,18,-12,19,4,6,-1,12
-8,-1,-22,2,-20,8,-9,-5,-19,-13,-21,-9
-10,18,-16,-3,-15,18,-16,4,0,-14,-8,-13
-6,0,-7,22,-11,22,-10,4,-17,-10,1,-4
-12,17,0,10,-12,-4,-15,17,-13,-1,0,-6
-10,2,-2,-9,-13,21,-19,-8,-22,20,2,24
-17,16,-13,22,-17,0,-16,1,-18,-4,-2,6
-9,23,4,18,-22,-2,-20,22,-22,16,4,4
-14,26,-17,-3,-13,-2,-13,22,-12,10,4,-6
-8,9,-19,-2,2,6,-22,8,-20,12,4,26
-16,8,-9,-4,-16,25,-19,8,-15,9,1,-1
-7,7,-3,27,-2,25,-2,22,-13,21,-2,27
-12,5,1,1,-21,29,-18,3,-17,31,2,-5
-8,8,-1,14,-22,14,0,19,0,0,3,2
-19,27,0,15,-8,18,3,16,-17,-1,-13,2
-18,19,-21,0,-17,3,3,2,-19,2,-3,16
-15,18,-21,11,-22,26,-20,6,-21,22,3,10
-16,21,-11,1,-12,0,-21,8,4,8,-11,6
4,-33,-3,-30,-15,-29,2,-14,-21,-36,3,-31
3,-20,-20,-12,-8,-20,-14,-31,-7,-31,4,-1
-4,-9,5,-5,-18,-11,-19,-22,-20,-8,-16,-16
5,-28,-7,-31,-1,-20,-15,-20,3,-18,-8,-29
4,-22,0,-7,-20,-12,-17,2,3,-18,2,-23
5,-24,0,-26,-3,4,-17,-14,3,-29,5,-27
-10,-3,-21,1,-8,-10,2,-11,-8,-7,-14,5
4,-14,-21,-22,-13,4,-6,-19,-18,-24,-6,-23
-2,-24,5,-9,-20,-19,1,-11,-1,-18,-1,8
-4,0,5,-20,-9,-19,-18,-7,-11,-11,5,-16
-4,-25,-19,-12,-19,5,-14,-19,3,-26,-21,-16
-14,4,-21,-24,-12,9,-11,-22,-6,0,-13,0
-7,-2,-4,2,3,-21,-21,-12,-5,0,2,-19
-7,13,5,-8,-5,3,5,-22,5,-9,-20,3
-7,-14,-19,0,-7,1,-21,-12,5,-13,-19,-21
-14,4,-18,-17,0,-17,-18,-5,-9,0,2,-8
-9,10,-19,-17,3,-8,1,15,-21,-1,3,5
-5,-4,2,9,3,-14,-19,17,-19,-5,-21,5
-8,-10,-10,-6,-11,16,-15,16,4,-13,0,-7
-6,-3,-10,4,-1,7,2,-14,-3,1,4,16
-7,17,-5,11,-16,-4,5,-1,-19,3,-19,19
-17,14,-20,-12,1,-14,3,9,0,1,-20,-9
-10,22,-21,16,3,-1,-21,-8,5,8,5,14
-3,-5,1,-9,3,-9,-15,-12,5,6,3,-12
-9,14,-3,-11,1,-12,-3,-1,-16,14,-17,-10
-4,18,-2,5,5,14,-19,-3,3,-3,-21,-3
-10,12,2,-5,-11,-8,-17,15,-13,-4,3,-6
-12,9,-14,-3,-19,12,5,4,-21,20,-20,-7
-9,12,3,18,-7,16,-9,26,-17,19,-3,26
-17,16,0,8,-21,9,-13,5,4,27,-15,-3
-10,13,-7,17,-5,11,-7,20,-10,25,5,20
-15,28,-19,28,-10,-1,4,-2,5,2,5,19
-11,16,-8,22,-17,11,1,24,-18,25,0,22
-10,2,-20,12,-9,27,-20,0,-20,-1,-11,12
-15,24,-21,3,4,6,3,0,-20,27,-8,21
-21,35,5,1,-21,14,-15,31,1,2,2,24
-15,35,-1,13,-11,14,-19,31,-21,18,2,31
5,-32,-4,-17,-15,-4,-12,-31,-7,-35,-1,-9
5,-29,-4,-28,-7,-2,-7,-6,-18,-24,-18,-22
5,-27,1,-33,-20,0,6,-18,-10,-32,6,-13
5,-32,-9,-11,-11,-29,-4,-12,-18,-25,4,-20
-5,-7,-20,-24,-20,-29,-9,-11,-15,-19,-14,-15
5,-20,-7,-6,-9,-29,-15,-24,3,-10,-7,-12
6,-29,-14,-30,-5,-10,-14,-22,-16,6,5,-17
6,-29,-4,-4,-14,-18,4,-9,5,-26,2,-25
6,-15,5,-28,-19,-20,-20,-10,-13,-4,1,-15
6,-13,3,-24,-11,-27,3,-1,-4,-7,0,-5
6,-4,2,6,-11,-8,-14,-22,4,-16,-20,-19
-8,0,-2,-21,-17,-16,-9,5,-19,-14,-19,2
-8,0,-19,-2,-17,-24,-15,7,5,-23,-9,-4
5,-5,-20,-8,-17,-11,3,1,-19,-14,-11,5
6,-2,-4,4,-11,-8,-8,-18,3,12,-11,-3
-10,3,6,-12,-16,-15,-13,-16,-17,-20,6,-1
-7,16,4,-15,-14,7,-6,-12,3,-16,-8,-16
-8,9,-2,-14,-16,-12,-4,-9,-18,-9,6,-2
-5,-11,-8,-17,-5,14,6,10,6,-6,3,11
-14,19,5,-8,-9,5,-19,-11,-5,3,-2,2
-8,19,-17,-13,-18,18,1,17,-15,19,-20,7
-3,3,-19,10,-9,1,4,-12,3,-12,-7,-12
-5,8,1,20,-16,9,-9,-10,-19,-4,-8,15
-10,10,6,0,-16,-8,-16,11,0,20,6,10
-14,17,-20,9,-6,1,-13,-3,-4,4,-3,15
-2,-7,3,-11,-15,10,6,9,3,12,-9,16
-5,0,6,-10,-20,1,-9,14,6,-9,6,15
-10,13,-12,-9,-9,-9,-18,25,-2,3,3,-5
-13,22,-16,23,-18,11,-16,11,-17,20,-19,12
-15,23,-20,-7,-19,15,-20,-6,-2,10,6,-2
-10,27,-18,1,-5,-6,-3,20,-7,-6,2,20
-7,26,-7,0,6,1,-18,1,-5,31,5,2
-6,0,-4,5,-8,30,-12,22,-10,2,-18,19
-12,30,0,7,-7,5,-4,13,2,20,2,26
-7,8,-20,14,-17,17,-18,7,-8,10,-4,17
-6,4,6,10,-19,24,-10,12,-7,4,0,11
-18,30,-9,0,1,29,-17,7,-15,5,-13,14
3,-28,-1,-9,0,-9,-2,-33,-3,-7,-1,-33
-2,-15,-15,-9,-2,-28,-2,-3,-1,-31,-5,-4
6,-13,-3,-32,3,-22,-2,-11,-2,-33,-7,-25
-2,-12,-7,-8,4,-18,-1,-11,-2,-24,0,-4
-2,-30,-7,-1,7,4,2,-24,5,-11,-9,-15
-3,-22,-5,4,-6,-10,-12,-10,-3,-21,2,-13
-3,-22,-14,5,-2,-25,-1,-10,-17,6,-4,-27
6,-27,-10,-17,1,-2,-9,-25,-17,3,-15,0
5,-12,-13,8,5,3,-10,-18,3,-17,-16,-19
6,-18,-13,-20,-7,-5,-12,8,0,-20,3,-3
6,-21,1,-11,-9,-6,-6,6,-16,-10,-2,-9
7,-13,1,-19,-19,-19,-5,-6,-19,-18,6,-6
7,-1,6,-14,7,-17,-19,3,-17,-8,-7,-11
7,-8,-10,-22,-16,4,2,-12,3,-18,-16,-16
-10,5,2,-20,-13,-12,6,-21,3,-4,-17,-19
-4,5,6,-16,-19,-21,-15,-17,6,-10,-19,-4
-6,4,3,-13,7,-16,-4,-19,6,-3,-15,-1
-5,11,6,-3,-8,-13,6,-10,-5,-13,-16,15
-8,11,-9,-15,-8,16,7,8,-6,-8,-19,-14
-6,6,-7,7,7,-5,7,-14,4,-15,7,-16
-1,-13,-15,16,-19,-15,5,-6,6,-12,5,11
-1,-8,-5,-3,-15,14,-14,-15,6,4,-15,-9
-1,-4,0,16,7,-12,-10,5,-3,5,-3,13
-5,12,4,-6,2,0,-18,-2,7,-10,6,4
-10,12,6,0,4,-2,-17,-8,-13,17,-9,-4
-5,10,-8,13,-16,0,3,-6,1,-6,-18,-3
-8,20,-18,16,-19,13,-12,16,6,-8,-14,10
-1,-3,-12,24,-15,17,5,24,-4,-8,-1,21
-2,22,-12,4,-17,-7,3,-4,-2,-1,-19,17
-11,4,3,9,2,11,4,-5,-15,8,-16,-1
-13,16,-8,-2,-13,28,1,10,-9,9,3,8
-12,-1,-10,22,-9,22,-19,19,-18,23,-3,20
-14,22,-1,28,-17,7,7,18,-7,23,-6,7
-13,7,6,8,-14,32,-19,25,-8,16,-5,33
-12,32,5,21,2,29,-11,13,-4,12,-18,28
-17,23,3,30,-14,18,2,-1,-19,27,2,27
-16,10,-4,26,-16,4,2,1,-8,3,-11,26
1,-1,6,-6,-4,-9,1,-36,-1,-6,-9,-4
6,-6,5,-22,-9,-18,-2,-2,8,-29,-13,0
4,-14,-15,-13,6,0,-6,1,-8,-25,-15,-11
5,-4,-4,-16,4,-18,7,-1,-1,-22,-13,-26
4,-7,-4,-12,0,-3,1,-27,6,-14,-7,4
2,-14,-10,-26,1,-21,4,-19,7,4,-2,-14
1,-2,7,-26,-15,4,1,-19,0,-21,2,-28
1,-16,-13,-13,7,-5,-1,-12,-1,2,-9,-28
1,-10,-5,8,8,6,0,-20,-14,-12,-7,2
2,0,-7,-13,1,-27,1,-18,1,-25,-1,-21
4,-8,-11,6,6,-6,7,4,-13,-9,2,-17
6,-8,-14,3,7,4,-1,-12,-7,-13,-4,1
8,9,-12,-11,6,-6,-1,-8,2,-17,-13,-3
-1,-8,6,-10,7,2,0,-7,6,10,-12,0
0,7,-9,-4,-1,-19,0,-5,-4,9,-1,0
0,-8,4,-16,7,9,0,-6,2,4,-16,-5
-3,8,-6,14,7,3,0,1,7,3,5,-1
8,11,-15,-1,0,9,2,-14,-3,-16,-5,-18
8,-15,5,-7,-13,-9,4,-18,-1,10,7,-3
8,-6,6,-10,-3,0,8,-3,-10,-3,2,8
8,9,6,-8,1,-3,3,-14,-17,-11,8,-10
7,-2,-17,16,-9,-9,5,-5,-14,17,7,-11
8,-10,2,16,-6,-14,8,-12,-18,-10,-12,-7
7,-1,-18,0,-9,7,-18,-6,4,-7,-3,6
-5,13,0,6,-11,24,-18,-10,-15,-1,-2,6
-5,17,5,-1,3,9,6,-2,-4,1,-14,-11
-5,16,-5,11,-17,5,-4,26,7,6,-6,2
-2,12,-10,-2,-4,-8,-14,0,5,-1,-1,16
-10,24,-13,2,-17,2,-16,-5,-7,25,-11,18
-10,0,4,18,-5,28,8,18,-13,16,-14,0
-6,1,4,23,-6,17,-11,-6,0,17,-16,3
-11,10,-10,17,-9,25,-18,12,-14,14,-1,3
-14,4,-10,25,-13,-3,-3,28,3,11,-14,1
-12,5,5,9,-12,23,-17,30,-5,5,-15,-2
-15,32,-14,-2,-14,0,-14,33,-9,15,-18,24
-16,22,-7,1,-17,20,7,5,-18,35,-16,7
-6,3,7,34,-5,3,-18,13,-1,26,-14,12
4,-14,-15,-27,8,-1,-8,-10,-14,-5,-16,-2
6,-4,2,-15,6,1,7,-3,-12,-25,-2,-17
7,-3,-7,-33,-1,-28,8,-7,-2,-7,-11,-5
5,0,-6,-28,0,-16,-7,-9,-10,0,-6,-22
7,2,-3,-6,8,1,1,1,-2,1,-15,-3
2,-16,-11,-10,6,4,-9,-6,-5,-27,3,-24
6,-6,-5,-9,1,6,4,0,0,-6,-3,-21
8,3,-6,1,-13,-4,2,-10,-11,-16,-11,-14
3,-5,-16,-1,-7,-11,2,6,4,-9,-4,-16
3,1,7,7,-1,-17,1,-21,-9,-19,-5,-6
2,-5,-13,-22,-15,2,5,-15,7,-9,-4,6
3,11,2,-18,-12,0,3,8,-12,-4,0,5
4,3,1,-8,0,12,0,-18,0,-11,7,9
7,5,-3,-1,9,0,-8,-17,-6,-2,-5,-20
3,3,-7,-12,1,12,-14,12,-6,-16,-11,-13
3,-2,-2,0,-6,-3,-9,-14,-17,1,-8,9
6,2,-2,3,-16,10,-5,12,-8,-17,-11,6
5,0,-10,-11,1,11,2,-18,-7,7,-1,-6
3,-8,-5,-1,7,1,1,18,-10,12,-7,-6
8,13,5,-7,7,0,2,-7,9,15,-12,10
3,-10,-15,11,5,-2,7,3,0,5,-10,12
8,5,7,3,8,6,8,5,-2,13,-14,1
2,-12,-10,2,4,-6,8,9,1,-12,-5,17
8,-13,7,-9,0,22,-1,5,4,-13,4,9
9,-2,-13,-5,-17,-3,-15,15,-14,-5,-14,-7
9,10,-1,25,-17,6,1,2,-13,13,-13,2
-5,12,-14,22,-17,-8,-12,2,-15,7,-6,-10
-13,19,2,5,-15,8,7,-8,-16,18,2,24
-6,15,7,-5,-16,-7,-4,17,6,5,-6,11
-6,11,9,-4,-10,15,3,8,-17,-1,-12,-1
-3,14,3,15,-13,4,-13,30,-4,29,-8,27
-12,2,3,26,5,25,9,12,1,16,0,-2
-6,6,-7,31,-13,31,-5,4,-15,29,-4,31
-6,31,-2,11,2,9,-5,20,-11,22,2,14
-16,22,8,13,-1,9,-13,14,-17,29,-9,31
-16,22,2,21,-4,33,-4,5,2,24,-15,23
-3,3,-16,35,-7,16,-10,16,-16,34,1,11
5,-16,-14,-31,-11,-13,-4,-26,-14,-7,-4,0
4,-20,-16,-8,6,-14,0,-33,-1,-24,0,-21
8,-11,10,-14,-1,-22,-3,-33,-2,1,-1,2
9,0,5,-1,8,-5,1,-4,10,-9,-5,-31
6,-15,8,-16,3,3,-7,-8,-11,-14,-5,-15
3,-17,7,-2,0,-27,6,-10,-9,-12,0,-27
4,-16,3,-17,3,6,6,-10,-13,-20,4,-7
10,5,-12,-26,2,-23,5,-20,-8,-12,-12,-12
5,-15,2,-20,-14,-18,1,5,2,-25,-9,-12
3,9,-10,-1,-2,-20,-1,-25,4,-27,-9,-17
5,-11,6,-14,-1,-10,-9,-12,-8,1,-10,-5
5,4,7,8,-7,-16,-2,-11,-9,3,-6,-21
3,2,0,-21,-2,-8,4,-1,-7,1,-12,-4
8,4,-9,-4,-9,-18,3,4,-8,6,6,12
5,8,-9,-17,9,10,9,7,-16,2,1,7
9,14,7,1,9,-16,0,-20,-1,5,-9,2
7,3,5,-4,-6,-19,-4,-5,5,-12,-13,-12
7,9,3,10,-9,10,-2,9,-10,5,-1,10
5,-1,-8,5,-12,14,-2,15,-14,9,-14,8
6,15,-3,7,10,2,0,19,-13,18,5,15
5,7,-13,20,-14,-12,-11,-5,2,3,-11,13
6,0,-8,16,5,-5,9,9,10,20,-8,19
8,6,7,1,-9,6,1,0,10,13,0,-9
5,-5,-11,-4,3,6,10,20,4,-2,-12,10
7,-1,-4,1,-3,19,3,-5,-3,2,-10,-2
8,-5,-7,10,8,24,7,25,-6,22,0,-4
7,-5,8,9,1,-4,2,20,-2,-8,6,3
-8,15,7,17,-14,6,-4,11,-10,10,3,7
-8,19,1,0,-3,18,-7,21,-11,11,5,-2
-8,21,6,12,-9,19,4,4,-2,2,-7,14
-12,18,4,19,7,21,5,13,-16,29,-10,6
-5,8,-10,14,-14,11,8,24,10,28,-2,-1
-9,6,4,4,-6,28,6,27,-15,9,7,30
-2,13,-5,31,-9,31,-5,0,-3,0,-9,10
-10,4,5,19,3,12,-8,31,-5,0,4,30
-12,4,-15,5,-8,6,10,28,8,29,-12,8
-14,11,4,32,-11,17,9,10,1,8,4,30
4,-14,-8,-29,4,-27,3,-2,-10,-22,6,-21
5,0,-9,-1,3,-23,0,-19,-1,-14,-6,-17
5,-21,-8,-19,7,-2,2,-22,3,-2,0,-11
9,0,-12,1,8,-17,11,-1,1,-8,7,-17
7,-8,-7,-13,4,-26,-1,-3,0,-26,0,1
6,-6,-12,-24,4,-26,6,-3,9,-15,-2,-18
4,-30,-2,1,3,-6,4,-22,3,-20,-3,-24
7,-17,-13,-4,3,-7,7,-16,-6,-21,-3,-9
10,0,-4,0,3,-14,2,-10,-6,-22,-1,-12
6,-13,-11,-25,3,-8,2,-12,-6,-3,3,0
8,-8,-6,6,2,-5,11,9,-10,-15,-8,-8
3,-24,10,-5,3,-5,1,-13,-6,9,-6,4
7,-8,5,-12,5,-17,7,5,1,-1,5,-21
6,-12,0,9,2,-4,5,-14,-11,5,-15,10
7,-11,-11,-11,5,-13,8,-6,5,-21,2,-21
6,-9,-11,-2,3,-6,-1,10,-5,-13,3,-8
11,15,-10,14,3,5,-4,-1,0,-11,0,-10
4,-8,0,-2,5,-11,-3,-5,-5,-8,-4,14
10,7,-1,-18,3,0,8,-1,-10,13,-4,10
11,15,10,-10,3,0,-4,5,7,8,-1,11
2,-8,-11,18,2,-5,5,-8,2,-13,4,-12
3,20,-13,1,3,11,2,16,9,5,-7,5
9,-2,9,17,-7,2,2,16,3,6,-1,-9
0,11,-4,0,2,11,-2,20,10,16,-3,-3
8,-3,0,-2,8,18,2,-8,1,23,-14,23
3,9,-12,-10,5,-6,7,3,-4,17,-5,20
3,26,-7,6,4,24,4,-7,10,-3,-7,22
3,2,-5,3,9,7,10,17,3,4,-9,-6
2,8,-10,18,4,-5,2,2,-4,17,-8,14
5,-6,-7,20,3,25,4,29,6,0,7,5
11,3,-11,19,-6,5,2,14,-2,6,-1,21
-6,21,-11,8,-3,1,4,28,7,7,-14,27
-1,9,11,29,-14,22,-7,23,-11,6,-1,-4
-2,10,-14,14,-3,14,-3,22,-10,26,5,23
-13,16,-1,16,-15,27,1,30,11,15,-5,-1
-12,30,-14,20,11,12,-14,3,-3,32,6,13
-5,0,-6,8,-14,14,9,8,-14,22,11,29
7,-4,-2,-17,9,-5,6,-16,4,0,-2,-21
8,-12,-2,-9,-12,-9,-6,-16,5,-35,2,-23
8,1,-8,-4,-8,-20,-3,-24,2,-13,-10,-18
5,-21,9,-17,-8,-4,-6,-9,6,-18,9,-9
6,-6,-5,-2,5,-28,6,-31,2,-5,11,-7
9,-12,12,5,3,-22,-7,-29,0,-24,-8,-1
3,-11,-8,-14,-5,6,-1,-27,-3,-22,1,-16
-5,-4,-9,1,1,-25,7,-16,-2,5,-1,4
5,-23,2,-18,-8,7,2,-3,8,6,0,-11
1,-19,-2,2,-12,9,-7,-8,-6,4,1,3
-1,-6,-1,9,6,-6,-7,-15,2,-4,-1,-16
-12,2,2,-10,-13,7,0,-13,-6,-14,-6,3
10,-19,-1,-14,5,-7,-3,2,-4,-21,2,10
7,-22,0,-4,9,-4,-2,8,-12,12,-8,10
7,-17,-6,13,6,1,-1,-1,-1,4,-3,-12
-2,6,0,-15,1,-16,-2,7,-5,-7,5,-15
-5,2,0,-17,3,9,4,-10,-6,-19,-12,7
-9,17,-9,9,4,8,2,-13,7,-10,-8,12
9,-14,0,-11,3,-8,4,-4,-5,-7,-6,-5
10,-13,7,12,3,6,4,-13,-6,7,-9,-1
10,-7,-2,12,7,17,-4,5,-5,16,1,9
7,-15,-6,5,4,8,4,4,-3,-6,-4,7
10,-11,4,-1,3,8,4,9,0,6,-4,-7
-4,8,-5,-4,3,5,2,-8,-4,1,3,0
1,-12,-14,24,-1,-5,2,-9,4,2,-1,9
1,-6,-2,-1,-4,18,1,24,-14,19,4,9
-2,7,8,24,-6,1,-1,21,-8,22,7,-1
-4,20,-6,0,-8,8,-8,26,0,7,5,-7
-7,9,-9,28,6,-5,-5,3,4,8,-7,17
-1,12,-4,6,6,-1,4,17,7,19,-6,-4
-3,5,-13,27,2,-4,11,28,9,23,9,26
-6,0,-4,-5,9,28,7,18,5,22,10,21
-8,1,11,32,0,2,6,26,9,1,-6,8
-3,-2,12,22,-9,13,5,14,3,3,-7,8
-5,0,2,33,1,32,5,21,2,24,-5,0
-4,11,-11,13,1,12,-5,12,-5,3,-13,3
-13,8,-4,33,-12,20,0,7,9,9,3,7
12,-2,9,-21,4,-35,-8,-15,8,-22,2,-12
6,-8,-2,-20,-9,-14,-2,1,2,-22,-5,-13
6,-5,-10,-4,3,-33,2,-15,6,-26,6,-10
8,-12,-5,-3,-1,-8,9,-18,-6,-4,-5,-17
6,-2,12,-18,-11,-9,-2,-20,6,-8,-13,-32
4,-19,13,1,0,-27,-3,-16,12,0,12,-2
10,-18,0,-30,7,5,8,5,3,-2,-7,-16
-3,-4,-4,-24,3,-5,-4,-29,4,5,6,-18
10,-15,4,-11,2,-22,-3,-12,-3,-3,13,-1
4,-3,1,7,-1,-7,1,-5,10,-2,2,8
-5,-1,-7,-18,4,8,6,-8,3,-18,4,-17
-4,3,4,-3,11,5,-3,9,-6,-2,2,-20
10,-21,-6,-21,13,-16,-1,-15,3,10,-1,10
4,3,-6,4,6,10,-1,3,-1,0,0,-23
8,-16,7,12,-2,-3,-8,5,-3,-5,-12,3
11,-19,-3,3,1,4,-4,-7,-12,-14,-8,-20
-2,1,-8,7,9,-3,8,9,12,2,-9,-10
-1,2,4,12,2,8,12,-1,-9,7,-2,-5
-2,-1,-3,0,-10,7,-10,-17,-12,13,12,6
-9,5,2,-11,-7,-2,3,10,3,-6,-1,-1
-6,-2,-1,14,-7,-11,-12,-6,-2,16,12,19
0,7,10,4,1,13,6,10,7,-2,-9,-7
-7,-5,9,8,3,-11,-2,19,2,7,-2,-5
-13,22,3,0,-9,-1,-6,10,-13,-5,-10,20
-13,-10,13,19,-10,4,4,-5,-10,3,-2,19
-13,-3,-9,7,-5,16,-13,9,7,19,-5,6
-2,-2,-4,12,-3,15,-3,25,-11,8,5,-5
2,27,-1,-5,-2,14,-10,3,-4,24,0,8
-4,26,-9,2,13,22,5,-6,9,7,13,28
-5,-4,5,12,-10,-1,-10,19,-6,29,11,27
-7,25,12,19,1,12,2,5,8,18,-3,-4
-11,5,9,8,-13,7,4,29,1,-2,-5,-3
-13,26,2,21,-2,1,-12,13,-2,3,-13,32
3,-3,4,16,2,33,5,9,-5,2,1,8
-12,7,9,0,-5,3,-5,28,10,5,9,17
-8,1,2,18,-5,34,8,2,-7,10,9,0
-7,2,6,25,-11,18,-6,12,-13,13,7,35
10,-9,5,-8,3,-3,8,-18,13,-11,-8,-5
10,-4,-6,0,10,-2,-6,-5,6,-27,4,-5
9,2,7,-31,10,-24,5,-23,7,-2,12,-3
10,-3,-6,-5,4,-20,-8,-28,8,-21,6,-19
11,-2,-8,-24,0,-1,6,-3,0,-6,10,-17
13,-2,-9,-15,-9,-18,2,-27,10,5,-2,4
9,-27,7,-25,10,-25,-1,-2,10,-6,0,-5
14,-27,0,6,-8,5,-8,-11,-12,4,5,-11
12,-28,0,4,-4,-10,-3,7,-12,-3,-4,-27
12,-19,-1,-11,10,-24,10,6,8,-9,-5,-6
13,-10,3,3,-6,-18,4,-17,-5,-13,1,-1
14,-7,-7,8,10,-19,3,-8,3,7,-2,11
11,-18,10,-13,-5,-12,12,1,-5,-15,7,-19
10,-18,-11,9,-1,-3,2,-22,-3,-1,-8,7
10,-20,8,-2,-7,-4,-3,-17,-3,-7,-4,-18
14,5,-2,-14,5,-6,1,-4,2,11,10,11
-5,8,-5,3,4,-20,-3,13,-8,13,3,-5
-6,6,2,10,-7,-16,2,6,11,-2,0,-17
2,-4,-4,8,-4,8,3,-9,7,-1,5,-2
-10,9,1,17,-4,-9,-8,-16,5,8,14,16
-2,-12,-1,1,-4,-10,1,11,7,-6,-10,18
6,-6,-4,2,3,20,12,-1,7,4,-3,5
-7,4,9,9,-6,14,2,13,11,13,12,2
-9,0,1,-5,-9,1,3,-8,2,21,2,-1
-4,-12,9,1,10,10,-8,17,2,6,9,8
-12,-10,0,11,-1,-3,-8,10,-8,-11,4,24
-8,0,-3,13,5,16,8,19,1,-4,14,22
-5,9,-9,17,-1,21,12,12,-1,25,1,19
3,11,-8,22,11,15,-8,-5,-8,13,7,27
-11,14,5,9,-9,22,-3,18,9,28,-6,21
-11,16,5,8,-11,17,11,23,-1,11,-9,29
-6,-2,2,3,12,2,-12,14,-4,8,-1,10
-5,2,-3,6,9,23,-12,29,-5,21,4,-1
-12,22,5,-2,-6,27,11,4,2,26,1,-1
-10,11,11,2,3,23,-8,10,14,28,-4,7
-11,9,13,16,1,22,-10,4,7,12,7,2
-7,3,6,29,7,25,-9,33,-7,33,13,2
12,-2,2,-19,11,-7,5,-28,2,-32,-11,-6
9,-17,2,-22,13,-14,-2,-13,6,-17,6,-23
13,2,-7,-14,-2,-29,10,-19,-4,-14,8,-34
8,-17,-6,-10,9,-17,-2,-32,-3,-33,0,-25
9,-8,-9,4,-4,-8,2,-12,1,-22,13,-12
6,-8,4,-27,-8,-7,-1,-22,-5,4,7,-22
9,-23,7,-6,2,-13,3,-30,-10,-14,-4,-13
-6,-4,-1,-4,-11,-1,9,-10,7,-2,-8,-1
15,0,10,-6,5,-13,-6,8,-6,-19,3,-22
13,-17,13,-2,-7,0,2,-15,-8,-18,-8,-6
-5,-2,-9,-20,-1,2,-1,-12,-10,9,-9,-8
3,-18,0,-6,5,-3,-7,-5,12,-7,11,-15
5,1,-6,0,3,-14,-6,-6,5,-11,-4,12
11,-16,4,11,15,5,15,13,7,-16,5,-17
8,-13,-3,2,12,-1,-2,10,-5,-13,3,-15
-4,6,0,-14,0,-14,9,-7,8,-6,7,15
-8,7,-7,3,2,-14,-3,15,-5,-15,1,7
-3,10,-11,6,10,-14,1,-16,-8,1,6,1
1,13,3,10,12,-15,-9,-18,-5,3,-4,15
-10,12,8,-17,15,0,8,-2,-5,-3,5,9
-1,-1,-4,12,-3,8,13,18,5,14,-11,19
-3,-1,-1,-7,1,1,-3,-9,-1,19,-1,17
-7,-5,-9,12,1,0,13,21,7,-13,-7,0
-7,-6,-1,-4,-7,15,9,9,14,13,0,-1
0,-12,8,-2,-4,4,6,24,-3,16,5,12
-8,-6,-6,6,-7,25,-6,-9,-9,-7,-6,19
-4,6,-4,25,-5,21,12,4,4,6,-4,17
-10,24,-6,6,-10,27,-3,7,-8,14,12,24
-2,5,-9,4,1,7,-5,2,5,9,3,16
-9,7,7,23,0,19,-5,16,-2,13,-9,23
-9,15,2,0,4,-4,-11,-1,11,13,6,30
-1,1,12,18,-1,1,13,-1,0,5,4,22
5,-3,5,28,1,0,-2,8,4,-2,1,-3
-3,3,1,5,-4,8,-7,10,-6,31,-1,10
-3,10,4,20,-8,18,2,20,9,24,4,14
-9,14,-11,10,-3,0,-5,27,6,34,12,35
-1,2,7,9,-8,28,10,4,9,9,-7,15
10,-4,8,-36,15,-24,0,-17,12,-1,2,-18
10,-4,-6,-26,8,-34,2,-18,10,-19,15,-7
14,-4,-2,-32,-9,-6,0,-14,5,-24,4,-13
10,-11,0,-12,-3,-1,12,-11,10,-13,-6,-7
13,1,-3,-28,6,-23,-4,-3,-3,-11,-5,-19
8,3,-6,-15,-8,-6,-5,3,6,-26,-8,-14
7,-13,9,5,-9,-14,10,6,-7,-3,-8,-10
-7,-12,-7,-4,13,-22,-5,-23,-1,2,-2,-19
0,0,1,-20,5,-19,-2,-18,0,1,3,8
14,-13,-3,-18,7,-13,11,-2,9,-23,-2,-13
5,-22,7,-13,4,0,12,6,9,8,9,-6
-4,-7,14,4,-3,-8,14,2,14,-16,-3,-17
9,-21,-2,-13,5,2,16,7,14,-1,0,5
13,-22,2,10,-1,-8,-1,-5,-4,5,5,-14
16,2,-4,2,-3,8,-3,11,9,11,12,-11
6,-11,-10,-15,2,11,-4,-7,11,-18,8,-21
2,-7,5,-19,6,-1,-1,-12,-2,-17,-2,10
16,-2,-8,9,5,-8,15,17,-3,-14,4,16
6,-14,-3,12,10,12,-2,18,14,11,1,-13
-5,-9,4,16,11,6,-5,11,8,9,-2,14
3,2,5,-4,7,11,14,12,1,2,-2,-10
-6,21,-10,-1,3,-1,9,14,13,5,13,1
-8,5,3,14,4,-9,0,-12,-7,19,2,-6
-10,9,0,16,14,-13,10,13,1,23,6,-2
4,-12,-6,5,-2,-8,7,-4,-1,1,2,-12
-7,-11,-5,-10,-2,25,12,16,-2,11,13,15
-5,-5,-1,16,-2,5,4,7,4,1,-3,10
-10,25,-4,11,-7,-4,-4,22,11,12,-5,14
-9,11,0,12,-9,11,13,-4,9,23,10,-7
-6,28,7,14,12,19,13,2,0,24,12,23
-3,5,14,30,12,14,-8,16,-5,18,0,19
-3,-3,4,10,-6,-2,-5,-4,16,31,-4,22
-9,8,9,2,11,21,-6,2,12,17,-4,1
-5,3,1,24,-6,21,5,18,0,27,13,27
-8,6,6,20,-7,29,-4,5,14,5,1,5
3,1,14,9,-5,12,16,-1,-10,9,-6,24
-1,0,13,9,-8,13,16,12,-8,23,10,16
15,-1,10,-35,6,-33,3,-20,-7,-10,-3,-23
10,-2,14,-15,9,-28,-3,-15,9,-6,-3,-1
14,-14,-2,-10,2,-9,15,-11,5,-19,1,-4
11,-17,2,-24,7,-26,-7,0,5,-6,0,-23
11,-21,16,-9,11,-32,-1,-4,2,3,0,4
5,-4,-8,-26,-7,-1,12,1,-3,-30,-1,-2
13,-27,-3,-1,-7,3,4,5,-1,5,5,-8
5,6,4,4,-2,-14,2,-28,11,-27,-3,-13
7,-22,6,-19,17,-13,14,-1,13,-11,-3,-22
6,3,-1,-14,0,-25,17,-3,6,-10,-4,-16
-2,7,4,-11,1,4,8,2,4,5,10,-25
-3,-2,5,-21,17,-22,4,-11,-4,-24,13,8
1,3,14,6,13,1,14,-12,4,-2,2,-6
0,6,12,-13,5,-21,14,12,-4,7,-3,12
7,-17,-2,14,-3,-18,-2,3,12,-9,9,1
0,-1,-1,0,7,-7,9,5,-1,13,0,-7
-4,11,5,7,-4,16,13,6,-8,-3,0,7
1,-5,4,11,-2,4,-5,-17,-3,-11,-1,16
3,-14,-3,0,-6,-10,4,-11,-3,-8,7,5
-8,8,0,17,1,9,7,-4,7,-8,10,-2
-4,7,2,-6,5,-1,12,2,11,20,-7,-2
-8,21,-7,6,8,1,-3,-10,2,9,-7,18
-2,-9,-4,-6,2,10,6,11,13,-14,0,-14
4,3,7,15,-1,-13,-8,13,11,11,6,-1
-8,-10,8,0,0,1,-4,20,-1,11,-7,-10
-7,-9,14,25,-4,-9,3,-5,-7,14,13,6
-5,-9,-5,-5,-8,17,14,18,3,6,-5,8
-8,7,-7,-1,0,-6,-6,16,-2,22,9,19
-6,27,6,5,-7,-1,-6,15,-7,1,-5,14
-9,11,-3,3,-1,6,-1,4,5,-2,7,1
-5,-2,4,26,11,22,-8,13,15,-5,2,19
-9,12,8,-2,-4,24,1,18,-8,10,-6,25
-9,8,-3,-2,-6,26,12,16,15,20,-4,18
-8,8,-6,5,1,12,7,8,-8,15,-6,26
0,10,-9,2,-2,23,16,12,-2,33,-5,-1
3,11,16,0,-1,33,16,12,1,-1,-6,25
6,2,15,24,-5,22,6,29,15,6,-7,32
13,-17,-5,-9,1,-9,0,-7,11,-14,8,-20
13,0,6,-14,12,-21,11,-5,2,-13,5,-17
17,-8,2,0,8,-26,-2,-32,18,-3,0,-34
10,-19,-3,-28,-1,-15,11,-12,10,-28,10,-31
10,-4,16,-10,1,-4,0,-32,1,-3,5,-1
11,-25,8,-23,7,-1,-8,5,13,-11,-2,-12
14,-24,-3,-17,4,3,14,-6,3,-25,10,-23
3,-3,4,-9,-7,-23,2,-2,-1,-12,7,-28
8,-15,7,7,-2,-16,-5,-1,7,-4,1,-3
1,5,-1,2,12,-12,-6,-17,12,-4,-1,-22
-3,6,6,-17,3,-23,-6,-1,-4,-18,13,1
-1,-22,12,-14,-4,8,5,9,4,-24,-4,7
5,-7,0,1,8,-12,1,-1,-8,-7,2,-13
10,-18,18,1,-5,-6,8,12,-8,-2,5,-7
8,8,8,-18,-1,-1,-4,1,-3,-7,-5,9
7,-4,1,-4,4,-12,18,-17,4,8,12,8
-5,-9,1,-18,2,11,-7,-13,9,-1,15,-6
-6,3,9,15,13,16,-1,13,14,14,-4,2
8,0,3,8,-3,12,-2,-12,6,18,9,13
-6,14,12,-15,3,11,-2,1,10,-2,3,6
-8,4,-2,9,0,-6,2,15,-1,-6,5,4
-4,-13,8,6,-2,-9,-6,20,15,-14,6,-7
-8,-9,-4,19,-4,-10,5,-4,12,5,16,15
-6,-7,2,-7,0,12,-3,0,13,23,12,-5
-7,-7,11,7,-6,2,-4,-1,13,10,4,-7
-6,-6,0,4,15,13,-5,-9,17,-2,8,-9
-8,-10,12,-10,8,6,9,-10,15,2,-5,22
-7,5,4,14,-5,-6,13,-3,18,4,1,3
1,8,-5,1,-2,13,17,25,3,21,12,11
-8,7,1,-7,10,-7,-7,14,0,-5,-6,21
-5,-5,5,14,-8,26,0,3,16,-3,11,6
5,-5,-5,24,5,17,-3,25,4,17,13,18
-8,12,-8,28,-7,14,8,16,17,29,0,1
0,-2,14,0,-5,-2,12,18,-7,-3,12,31
-5,10,14,19,5,34,12,4,18,19,-5,17
-7,14,18,4,-6,21,0,16,2,12,12,30
-6,7,18,22,-8,33,16,12,1,5,-5,24
12,-11,6,-22,17,-4,13,-9,0,-32,3,-13
14,-7,1,-1,14,-3,4,-30,12,-15,8,-18
18,-3,18,-4,15,-21,12,-2,12,-18,-1,2
17,-11,7,-23,10,-31,5,-9,12,-4,5,-14
15,-18,0,-19,14,-23,12,-30,11,1,6,-2
11,-9,8,-1,19,1,11,-26,17,1,11,-27
10,-21,4,-10,17,-8,16,-15,1,-14,-2,-15
18,-21,16,-2,14,-7,-1,-7,4,-28,2,-13
11,-3,18,-7,18,-2,16,-5,18,-7,1,-1
18,-4,10,3,10,-19,10,-18,12,-26,17,-10
5,-20,17,-25,7,9,-6,9,-1,-4,0,8
5,-23,2,-12,-5,4,5,5,16,5,5,1
-7,8,8,-22,6,3,1,8,0,-17,14,-14
7,-12,-1,-14,6,7,9,0,-4,11,-4,-6
-6,-2,15,-8,3,-1,9,-22,3,10,11,-16
-7,5,16,-7,5,6,10,14,13,-17,3,-12
-1,-8,-6,16,7,-6,-3,-13,-3,2,8,-20
-5,13,-5,12,6,13,4,-5,1,14,-7,-3
-5,-17,9,-17,-4,-8,0,-12,14,13,4,14
0,-17,-7,17,5,1,-5,-2,6,16,7,17
-3,-13,8,0,10,-3,0,20,16,8,18,14
-7,-11,13,-1,13,17,17,-2,1,5,-6,-14
-6,-10,12,12,1,17,-7,15,9,17,6,10
-5,-13,8,7,6,-2,-7,1,6,14,-7,-2
-5,-8,5,2,17,-6,-6,12,-1,18,11,-11
-3,-11,3,0,3,-3,16,-5,7,-11,10,17
-5,-7,-3,25,14,1,18,-2,12,26,13,10
-4,-5,0,1,-4,-2,7,11,2,27,11,15
-2,-7,14,19,-7,22,-1,9,9,-1,11,14
-6,24,9,-2,6,6,6,8,14,23,15,-2
-3,25,10,29,17,30,9,28,-7,28,0,13
2,-4,0,-5,-4,30,4,4,5,23,11,28
-1,-4,18,29,18,12,0,14,-1,13,-6,32
-3,3,-6,8,19,15,-7,32,17,24,15,24
-7,5,15,15,17,6,16,6,0,25,0,0
7,1,16,1,-6,12,-7,14,-7,26,0,23
-6,7,5,36,2,1,19,5,8,31,14,17
15,-10,9,-3,11,-6,3,0,18,-17,12,-19
14,-5,4,-18,-1,-35,20,-1,7,-10,5,-6
17,-7,3,-3,14,0,5,-21,-3,-2,4,-7
13,-1,5,3,4,-14,6,-14,12,-9,11,-33
15,-1,5,-21,5,-5,4,-27,17,1,1,-17
15,-7,1,3,6,-12,4,-21,19,1,8,-30
19,-3,11,-12,12,-19,5,-12,7,-21,-2,6
18,-11,12,-22,-1,2,19,2,16,-19,10,0
16,-15,-1,-21,10,-23,14,-18,6,-9,7,-2
20,4,14,-18,14,-17,13,-21,19,-3,6,-4
0,-25,-3,-26,-1,-4,6,-5,-3,-18,7,-4
-5,-19,15,-21,-5,8,-5,2,15,-8,12,-13
-1,-12,-5,0,20,-15,-4,0,-4,-22,6,8
-6,8,4,9,20,-12,15,-9,14,-9,14,-10
-6,-12,-1,-8,20,-8,18,-22,-5,2,13,-1
6,-20,16,-1,15,-21,-5,4,16,11,14,7
1,-8,13,-11,10,8,-1,-11,-6,-8,14,4
-6,-8,12,17,17,-14,14,-17,-5,-15,-4,-12
-2,-6,13,0,-1,15,-5,0,-4,-18,16,0
-3,-11,10,-6,0,-15,2,-9,-2,13,15,-17
-4,-4,19,-3,16,18,14,-3,7,-9,-4,5
-6,0,18,-13,-6,6,-2,16,6,-1,16,16
-6,-11,17,10,13,-3,-3,8,7,16,19,22
-5,-12,14,15,-4,-11,-6,17,10,-12,5,-9
-3,-10,11,-6,8,8,10,10,13,11,15,23
-3,-8,1,-9,13,18,-1,-7,11,1,10,25
-5,-10,18,18,0,23,14,2,12,25,4,0
-5,-6,-3,26,-3,-7,-5,13,8,8,-6,22
9,-7,12,9,-5,-8,20,13,7,5,4,16
-1,14,8,23,4,17,9,19,17,12,8,18
2,24,20,21,20,-1,8,4,-4,18,14,-2
5,30,19,26,6,-4,-1,14,3,23,-1,21
-3,11,7,-3,16,23,1,9,7,20,-1,24
4,13,-1,0,-5,0,10,12,0,3,-4,19
6,14,15,18,19,0,-6,-2,6,16,18,0
-5,12,14,32,19,18,20,29,-6,13,-1,3
8,1,20,18,4,12,19,0,-5,8,-4,19
19,-10,6,-30,7,-7,10,-29,1,0,14,-28
16,-2,15,-19,18,-3,16,-25,16,-10,3,1
14,-3,17,-4,13,-21,12,-7,0,-6,0,-2
18,2,1,-2,16,-21,14,2,12,-11,7,-16
15,-3,20,0,14,-9,17,4,0,0,8,-27
18,-10,5,-8,3,-29,19,-13,1,3,-2,-4
18,-13,-1,-9,14,-28,0,-13,8,-1,4,5
13,2,19,-9,15,-28,12,-24,14,6,5,-24
7,1,10,-17,14,-7,16,-12,4,-21,6,7
9,-21,8,-25,0,-1,11,2,7,-22,21,-9
11,-23,-3,-26,6,-11,10,1,5,-19,16,8
-4,1,2,0,3,-2,4,-10,15,10,13,-4
8,-23,-3,0,-2,9,1,-3,20,-12,17,1
3,-7,-4,5,0,11,-4,-11,-2,7,-4,10
0,-6,8,-10,5,1,20,-7,18,-22,15,-22
-1,-10,18,14,17,-12,-5,-10,-1,2,-4,-2
8,-9,7,7,10,-2,7,-7,20,-5,16,-1
5,-16,15,-1,15,2,14,9,-3,-12,3,5
2,-5,16,17,10,-17,8,8,-2,-5,8,-10
4,-9,15,10,13,-9,3,-4,9,-4,19,-2
-1,-1,14,7,-3,19,-4,7,18,16,14,6
-5,8,11,1,18,-15,-3,11,19,13,18,-4
-5,13,3,18,11,22,-1,16,17,12,21,-12
-2,19,-3,6,9,16,-1,19,16,-9,10,-9
-2,-5,12,-7,7,-1,6,-10,2,-10,12,11
-5,-2,-2,-1,4,12,-3,0,-3,2,18,-9
5,-9,21,-4,2,-9,3,13,8,7,12,23
-5,-3,15,27,11,24,18,-9,10,-2,11,1
6,4,20,21,-4,-1,-4,1,-2,4,18,-1
4,3,14,17,18,-3,6,-7,19,28,-1,21
8,28,1,27,-1,3,9,17,19,-1,8,21
9,4,10,19,-2,31,-1,17,1,-5,4,12
-1,22,1,19,2,2,2,-1,4,5,-3,8
11,28,8,6,3,29,17,3,18,8,-4,26
-1,14,5,14,18,0,-5,7,0,20,12,17
3,9,6,34,21,26,21,26,20,29,13,34
17,1,19,21,20,28,14,12,10,30,11,33
16,-16,2,-9,12,-5,13,-34,12,0,2,-36
16,-1,15,-31,22,-11,7,-27,7,-15,11,-13
19,-8,3,-8,17,0,21,-13,9,-2,1,-34
16,0,17,-14,18,-22,3,-5,1,-25,17,-26
18,4,17,-20,-3,-15,4,-11,15,-26,1,-13
20,1,7,-2,17,-1,15,-17,16,-4,11,3
20,-6,10,1,21,4,12,-26,21,-10,21,2
19,-27,17,-20,7,6,16,6,8,-21,9,-20
5,7,2,-22,7,5,6,5,7,-2,10,-9
11,5,15,-10,21,-27,16,-10,-2,-6,17,4
6,-7,4,-20,12,-5,-3,-11,13,-10,2,6
1,-6,10,-1,9,-9,0,8,22,-15,-4,-7
2,10,-4,-7,18,4,7,-17,-3,-4,6,-3
2,-3,1,2,10,-11,16,11,0,-22,11,-21
1,-5,16,2,7,-5,2,14,5,-12,3,9
3,2,13,-12,11,1,6,5,8,-1,15,5
4,16,18,-14,20,5,12,8,-2,11,0,4
7,-4,12,-5,19,1,18,-18,19,-5,1,-17
3,-11,-1,-7,4,12,12,6,10,-17,7,8
13,19,-1,3,3,10,18,-1,13,0,18,-9
12,-4,14,-2,1,-8,15,-3,5,2,2,2
5,-8,8,-12,7,-5,9,-10,7,-4,14,1
1,19,-4,21,19,-2,15,10,11,9,16,13
-2,15,-1,-11,10,19,19,0,16,-5,5,-2
2,1,15,3,1,-6,5,16,9,4,18,9
13,21,14,24,-1,4,2,4,-4,-10,-3,6
7,-4,14,23,8,16,22,9,-3,2,18,18
-3,9,21,-7,0,4,19,-8,1,-9,21,17
-4,20,-2,12,18,-4,-1,-5,0,12,13,18
3,13,8,-2,22,14,7,22,-4,-5,2,-6
4,13,18,2,21,4,20,1,10,19,4,12
2,25,11,10,5,17,22,13,4,20,20,3
5,29,6,10,5,27,8,1,3,2,14,11
5,6,13,4,22,26,-1,3,21,7,18,17
11,14,2,-1,21,1,22,5,19,4,15,23
10,33,1,19,11,7,8,-1,13,19,1,16
14,30,12,29,13,20,12,7,3,26,-4,19
16,-13,4,-19,22,-23,7,-7,21,-11,-1,0
16,-11,10,-13,13,-5,11,-20,0,-16,5,-27
20,2,13,-14,18,-19,8,-19,-2,-28,16,-6
20,-8,2,-33,19,-10,14,-9,9,-3,12,-7
19,-6,1,-5,21,-22,8,-12,14,-32,2,-24
19,3,15,-21,8,-30,11,-18,7,5,0,-13
23,6,16,-19,14,-26,15,-12,7,-9,0,-16
14,-1,7,-27,15,2,20,3,19,1,18,-21
14,-25,-2,6,13,4,11,6,8,-1,3,-8
23,-19,12,-9,8,-13,2,-19,20,-1,14,-17
23,-20,17,-21,15,7,14,-1,16,4,0,-4
8,3,11,-12,16,-18,6,-21,22,3,13,6
3,-10,4,-2,16,4,-2,-19,11,6,0,-24
12,-3,13,-11,17,-6,8,0,7,-22,1,-19
3,-5,5,-12,2,-15,8,-11,21,9,16,14
13,12,23,-13,-2,-16,10,-17,9,-12,4,9
6,16,-1,-18,19,-18,-2,11,11,8,23,-5
9,4,1,17,-2,-17,19,-9,11,14,13,1
4,6,19,8,10,11,-2,11,5,-14,9,10
6,6,14,6,-3,7,-1,12,17,-14,15,14
7,-9,7,3,18,10,4,6,9,9,18,9
14,-15,12,13,18,13,-2,1,9,-2,1,18
21,-13,12,-9,14,-2,-1,3,5,22,10,15
13,14,8,10,3,3,3,12,0,12,17,-2
14,21,13,-6,4,2,16,10,14,-2,4,-12
0,3,2,10,5,10,18,25,12,-6,10,23
1,8,6,1,21,16,2,25,12,24,8,11
2,4,10,14,18,15,-1,5,5,10,0,-6
10,1,13,9,-1,-2,-3,0,3,-1,-3,7
13,13,14,25,18,-6,12,26,7,16,1,4
4,20,19,30,10,22,-3,17,4,6,18,6
9,10,1,-4,23,21,-3,16,13,7,13,-4
12,30,23,22,-1,1,5,0,9,11,6,11
9,6,17,26,10,2,4,31,-1,0,0,7
11,17,5,-1,12,22,17,30,9,4,2,12
23,18,14,28,22,26,9,6,13,1,13,21
14,5,-1,34,16,1,15,3,6,26,8,16
17,-16,16,-33,19,0,15,-35,18,-7,-1,-18
19,-1,9,-32,15,-2,18,-4,7,-5,15,-1
18,-13,15,-32,11,-22,10,-5,5,-16,15,1
20,-4,15,-33,9,-4,8,-3,4,0,8,-15
19,-14,12,-18,12,-24,16,3,21,-16,22,-11
19,-15,15,-27,16,-26,19,3,16,-1,19,2
16,-15,22,-13,15,-30,15,-8,4,-10,13,-23
16,-6,16,-14,4,-6,7,-13,16,-18,11,-15
21,-13,14,3,21,-3,7,-25,22,8,4,-3
20,-17,8,9,10,1,20,3,-1,-13,-2,-24
18,-21,5,-5,8,9,4,-23,12,-7,1,-11
13,2,-1,-9,5,-21,13,11,18,6,12,-7
24,5,19,2,12,-5,13,4,23,12,0,7
3,6,-1,7,18,-4,8,-22,15,-21,2,12
24,-6,12,-21,18,4,4,5,21,6,19,2
21,-13,5,-3,10,-18,8,11,19,-9,8,-2
9,5,6,-8,10,4,20,-2,6,-2,3,-17
21,-9,9,12,9,-10,-2,-16,13,-19,22,5
23,-1,3,13,0,-10,4,-9,14,-15,-1,-13
8,9,10,-1,10,-5,9,0,8,18,15,4
7,-2,0,1,21,10,0,12,4,10,-2,18
21,-8,2,0,4,7,14,4,12,7,17,15
19,-7,4,-9,17,8,22,12,4,-10,14,14
19,-11,10,-7,16,-11,3,1,18,4,11,-7
21,2,11,-1,6,16,1,20,8,-7,2,22
6,11,19,6,8,-1,22,5,15,18,21,17
8,22,8,-5,8,-6,11,-1,2,-1,5,-7
13,20,1,4,22,20,11,-1,5,25,21,6
1,28,19,0,6,11,6,23,7,13,18,6
9,25,12,9,12,29,19,5,4,-5,18,3
11,29,-1,12,18,23,8,6,7,-5,2,-3
9,9,17,26,8,6,4,28,0,23,12,27
9,3,22,2,0,8,4,7,2,-2,-2,1
8,32,14,20,4,21,3,17,19,29,8,30
12,22,1,26,16,8,16,30,17,9,22,16
2,24,1,14,9,31,17,25,10,30,8,15
21,16,16,2,12,30,22,17,21,15,15,15
21,-15,8,-30,16,-5,14,-22,24,-9,13,-6
21,-7,4,-17,19,-33,20,-18,5,-19,7,-20
18,-15,18,-32,16,-2,24,-9,17,-9,4,2
18,1,25,1,22,1,17,-32,16,-18,7,-22
19,-20,8,-4,17,-11,23,-10,18,-4,6,0
17,-31,24,-7,13,-22,16,-12,12,-3,4,0
17,3,12,-1,23,-28,10,-24,5,1,8,1
17,-13,23,-20,7,0,15,-15,9,-25,-1,3
16,-14,20,3,5,-9,20,-23,18,-19,22,-16
17,-10,16,-12,11,8,13,-3,21,4,10,-24
17,-7,19,-19,3,-8,10,-10,13,-12,8,-19
19,-21,19,-8,15,10,22,9,22,10,11,10
15,-1,11,-13,24,-4,13,6,9,3,11,-2
20,-19,1,-8,17,-14,14,-11,20,-13,14,-12
14,1,25,-1,21,13,23,8,14,0,17,4
18,-11,24,6,8,5,19,-21,0,4,10,3
16,2,7,16,7,-3,12,10,8,-20,18,14
18,-12,7,-15,18,1,2,11,7,13,8,5
21,-9,3,4,18,8,6,-3,23,8,15,14
21,-13,5,-2,4,11,19,-14,20,16,8,9
18,-8,6,4,8,-6,22,-5,16,-11,10,-15
12,12,5,17,9,3,18,5,10,-11,11,-4
19,-11,9,12,11,-7,2,-14,23,-2,16,18
15,15,4,9,3,3,21,-5,11,-6,8,21
21,-12,14,-4,6,-3,22,9,11,-9,23,11
23,-4,5,-7,14,-4,-1,21,16,-7,4,1
22,-10,7,8,20,11,7,24,17,12,22,17
13,14,1,26,23,24,-1,22,19,13,5,-1
15,-1,23,3,12,10,10,26,18,4,18,24
24,12,19,-6,24,8,4,-2,0,29,13,3
15,16,21,27,14,4,12,12,20,-4,-1,0
12,25,11,10,21,3,8,12,0,-2,14,15
9,32,2,13,22,9,4,21,3,-1,10,9
11,5,17,28,10,10,23,33,10,27,16,21
2,26,7,26,6,0,4,21,18,24,8,21
18,0,8,34,7,19,24,27,23,21,13,22
23,25,9,30,11,5,8,27,16,33,8,8
19,-19,8,-28,26,-3,19,-32,15,-17,14,-16
23,-3,5,-24,26,0,18,-28,4,-30,25,-8
22,-12,12,-25,26,-12,18,-7,3,-20,3,-22
25,3,14,-22,6,-24,18,-5,18,-2,6,-22
25,-8,25,3,7,-4,25,3,9,-13,24,-10
24,-10,9,-2,22,-13,18,-6,7,-16,10,-17
20,-21,13,-26,20,-5,15,-24,8,0,23,5
18,-27,25,-1,25,2,23,1,19,-15,7,-20
18,4,20,-5,19,-13,10,0,7,-25,23,-6
17,-20,25,-1,8,-24,10,-2,5,0,3,-7
18,1,15,5,9,-2,13,-3,17,1,5,-16
18,-4,16,8,26,-15,21,-4,16,-11,24,7
17,-18,16,6,16,5,13,12,16,-9,11,10
18,1,23,11,14,11,23,10,3,-17,12,-16
18,-4,1,-21,21,-15,4,5,6,-10,17,-8
17,-11,9,4,10,-18,15,-17,10,7,7,-14
20,-12,17,7,13,-11,22,14,4,9,7,9
18,7,7,-18,19,-11,1,-19,17,13,15,12
21,-9,7,13,24,5,5,8,14,5,9,-5
17,-4,15,-10,9,15,3,11,21,1,20,1
17,-5,25,6,16,4,3,-6,6,-13,15,16
18,-3,21,9,22,16,2,-14,10,3,17,-10
24,5,24,18,9,-6,15,-6,11,0,7,-8
17,-9,20,6,14,18,2,3,22,14,16,-4
20,-12,6,-9,26,19,13,-10,7,-12,18,17
26,16,14,14,6,7,1,25,1,22,12,19
20,-8,17,26,4,-9,21,21,4,15,12,14
14,19,19,19,22,27,11,22,15,6,22,13
16,18,21,-1,23,3,13,20,3,18,23,12
24,4,21,21,0,7,5,3,13,12,2,-1
25,8,5,13,5,-2,2,13,22,8,2,4
11,19,15,22,9,14,4,23,13,16,21,-1
25,18,17,20,15,25,16,27,12,32,14,29
13,18,22,25,4,8,15,-3,21,26,14,11
13,30,18,9,25,34,0,20,13,16,9,20
24,12,10,27,18,3,18,30,18,27,10,33
21,10,26,35,18,16,22,25,9,35,26,35
