-23,-5,-19,-10,-12,0,-11,-1,-16,-33,-15,-17
-6,-17,-7,-29,-1,-8,-18,-24,-26,-12,-21,-19
-14,-7,-19,-23,-19,-6,-25,-26,-24,-14,-2,-13
-6,-17,-18,-10,-20,-11,-8,-24,-18,-28,-19,-26
-15,-29,-3,-24,-19,-11,-9,-1,-4,-2,-24,-19
-24,-4,-18,-21,-8,-19,-12,-20,-5,-21,-17,-1
-26,1,-15,-22,-9,-10,-20,-3,-1,-27,0,-30
-23,-1,-7,6,-7,-9,-21,-8,-16,-5,-1,-26
-1,-19,-13,-21,-9,2,-20,-13,-23,-14,-24,-16
-25,-4,-19,2,-15,-21,-24,2,-26,-26,-2,1
-24,2,-25,2,-14,0,0,0,-20,-24,-24,-18
0,8,-13,-13,-17,-20,-1,-23,-19,6,-11,0
-9,2,-25,-16,-8,-13,-21,-19,-17,2,-22,-3
-21,7,-18,13,-8,-3,-19,8,-25,6,-26,-12
0,9,-26,-14,-6,12,-2,4,-25,-16,-15,-4
-18,-18,-3,6,-19,-13,-19,-19,-21,-7,-24,-1
0,14,-12,-8,-18,-5,-22,7,-23,9,-23,1
-26,11,-26,16,-14,-4,-25,-17,-5,-13,-15,12
-26,2,-21,17,-6,13,-16,-7,-16,17,-13,4
-10,7,-14,19,-13,16,-23,-12,-9,-6,-19,-4
-8,-6,-1,13,-2,-7,-14,19,-19,13,-17,-8
-24,8,-3,10,-19,4,-20,9,-20,0,-21,16
-10,-4,-12,10,-20,18,-20,-7,-17,0,-5,10
0,0,-26,13,-25,23,-20,-1,-21,18,-4,-6
-11,8,-23,-6,-9,20,-21,1,-21,9,-21,7
-9,6,-11,25,-16,-6,-16,13,-13,20,-6,21
-10,8,-21,18,-11,18,-19,19,-19,7,-21,17
-16,14,-3,11,-18,13,-25,14,-5,7,-17,10
-7,-2,-23,5,0,-1,-19,9,-21,8,-18,19
-23,14,-21,7,-11,22,-11,27,-12,23,-24,20
-24,-6,-11,25,-10,10,-12,16,-16,13,-23,14
-16,15,-12,21,-20,21,-7,6,-13,24,-22,0
-8,4,-21,5,-11,10,-25,3,-11,28,-20,13
-26,0,-6,7,-22,23,-26,11,-9,22,-15,33
-12,17,0,2,0,10,0,9,-21,17,-15,21
-10,16,-17,0,-22,28,-20,12,-26,17,-10,27
-23,7,-3,35,0,3,-12,30,-22,7,-13,32
0,-17,-22,-2,1,-11,0,-25,1,-19,-4,-11
-4,-10,-9,-26,0,-22,-16,-31,-9,-32,0,1
-18,-1,0,-9,1,-7,-2,-13,-21,-9,-9,-10
0,-19,-24,-31,-1,-19,-2,2,-2,-12,-5,0
1,0,-8,-9,-6,-27,-2,-8,-4,-29,-7,-20
-24,0,-13,-2,-1,-14,-2,-12,-12,-27,-5,-6
-5,-8,-19,5,-20,-17,-18,-27,-18,-11,-21,-30
-14,-1,-5,-28,-20,-11,-9,-12,-17,0,-12,1
-21,2,-23,-6,-22,-17,-10,-4,1,-23,-22,-10
-15,-25,-20,-17,-21,-26,-20,-9,-19,-20,-19,-22
-5,-21,1,-24,-20,-15,-17,-11,-20,-16,-8,-19
1,10,-14,-14,-9,-12,1,-22,-22,-16,-19,-4
0,-24,-2,4,-1,3,-6,-10,-19,-5,-10,6
-5,-17,-6,10,-12,-4,-21,-2,-16,5,-3,9
-22,4,-15,-2,-9,-8,-15,-16,-19,4,-4,-4
-5,-8,-22,8,-21,-21,-25,-4,-23,4,-14,-6
0,-13,-4,-3,-16,-13,-16,0,-25,14,-12,11
-19,13,-22,0,-17,7,-14,-5,-15,-2,-25,12
-16,-14,-21,5,0,-16,-18,14,-5,-7,-22,1
-25,-10,-11,-6,-17,-7,-10,-1,-9,-6,-21,10
-24,4,-1,16,-1,10,-16,2,-2,18,-18,-8
-12,-1,-2,11,-10,-9,-18,8,-24,-4,-24,-6
1,-2,-1,11,-16,-5,-20,-7,-13,10,-18,5
-17,11,-4,3,-11,8,-10,-3,-23,-11,-21,17
-16,11,-7,-5,-3,1,-18,14,-12,12,-1,4
-9,5,-22,-4,-18,25,-19,-8,-11,7,-15,8
-23,10,-2,23,-9,18,0,19,-25,-1,-19,8
-10,-4,-11,25,-17,12,-18,1,-16,1,-23,23
-24,11,-10,17,-13,25,-20,21,-20,5,-25,8
-25,5,-19,23,1,-1,-24,3,-12,9,-20,4
-17,17,-22,2,-9,1,-23,3,1,-6,1,6
-12,15,-16,11,-7,22,-15,7,-22,11,-19,24
-14,8,-17,1,0,22,-22,12,-20,11,-12,14
-23,18,0,29,-9,30,-20,-1,-21,5,0,24
-8,8,-4,6,-19,3,-25,14,-24,12,-13,6
-24,8,-19,27,-8,21,1,1,-2,31,-17,25
-6,23,-2,32,-10,8,-3,34,-21,3,-5,20
-4,-3,-18,0,-11,-23,-6,-22,-7,-20,-2,-2
-19,0,-14,-17,-13,-24,-2,-3,-13,-28,-4,-25
-1,-15,-20,-21,-23,-12,-5,-2,-9,-25,-11,-21
-14,-1,-5,-32,-3,-33,-23,-12,-12,-1,-8,-27
-16,-32,-2,-13,-3,-14,-13,3,-2,-15,-21,-5
0,-26,2,-7,0,-30,-8,-28,-9,-28,-12,-30
-14,-30,-15,1,2,-2,-1,-5,0,-30,1,-26
-21,3,-17,-27,0,-21,-15,-4,-18,2,-17,-8
-20,-1,2,-20,-8,2,-16,-2,-18,-1,-17,-12
-7,-24,-14,-16,-20,3,-7,-17,1,-8,-20,2
-4,-7,-12,-4,-2,-18,-14,-13,-8,-19,-22,-3
-19,3,-17,-22,-23,-12,2,-12,2,-16,-7,10
-4,-9,-8,12,-19,-9,-21,-5,-8,-16,-13,1
2,1,-18,-10,-19,-14,-15,-11,-22,-8,-22,-2
-23,2,-1,9,-6,-7,2,-16,-20,-5,-9,-13
-24,1,-9,13,-7,5,-11,9,-24,-6,-1,-7
-4,-8,-12,4,-8,2,-23,-19,-23,13,-3,15
1,-11,-14,-3,-20,-11,-9,13,-3,11,-18,-18
-4,-11,-3,6,-7,11,-1,-4,0,12,-24,-4
-9,-5,-6,-13,-15,-6,-9,4,-22,-10,-19,4
-21,6,-3,6,-7,-5,-17,-5,-18,-2,2,-7
-11,8,-23,3,-18,9,-9,14,-6,9,-24,-13
-15,10,1,6,-12,8,-21,-2,-22,-1,-2,15
-11,2,0,20,-10,-5,-18,-9,-20,15,-19,4
-23,-2,-1,-12,-13,13,-22,4,-17,13,-2,18
-5,13,-3,-6,-6,12,-15,3,-23,8,-23,6
-22,-9,0,13,-18,11,-16,2,2,3,-3,2
-17,17,-16,12,-10,20,-6,-8,-15,9,-20,6
-8,-1,2,-1,-14,12,-22,4,-15,0,-20,1
-6,2,-22,2,-9,5,-15,22,-2,28,2,3
-23,2,-21,22,-15,28,-14,4,-15,11,2,-4
-21,18,-2,1,2,-5,-9,14,-23,18,0,27
-10,7,-17,1,-5,19,-20,5,-16,29,-21,27
-9,7,-20,6,-2,0,-19,1,-1,25,2,11
-14,22,1,25,-3,19,-17,2,-4,14,2,11
-6,5,-21,17,-16,10,-3,14,-16,10,-5,30
-11,21,-9,30,-15,13,2,7,-23,26,-18,19
-4,-7,-13,-10,-14,-7,-10,-10,-1,-14,0,-5
0,-21,-7,-2,-5,-1,-11,-21,-5,-19,-21,-26
0,-27,-13,2,-1,0,-19,2,-19,-11,-13,-4
-3,-6,-19,-13,-4,-19,-3,-19,-12,-14,-2,-19
1,-24,-23,-28,-18,-28,-7,-10,-3,-18,-23,-3
2,-7,-16,-17,-9,-18,-18,-15,-2,-13,-5,-29
-1,-19,-2,-26,-22,-14,-22,-2,-1,-9,-2,1
2,5,-8,-12,-3,-26,-22,5,-9,5,-4,-19
-14,-27,-20,7,-10,-24,-2,-12,0,8,3,0
-4,-1,-14,-14,-23,-2,-9,8,2,-6,-9,-18
-2,3,-11,1,-14,-26,-20,6,-5,-20,-6,5
-19,3,-15,-6,-16,2,-16,9,-10,9,-5,11
-18,9,-16,-16,-6,11,3,-24,-9,-4,-18,-18
-22,7,3,-23,-18,-2,-5,-16,-16,-7,-17,-10
-14,-20,-1,-11,0,-12,2,-19,-16,-10,-15,-2
-19,5,-7,13,-20,-5,-12,-14,-14,-1,-19,10
-4,-15,-16,-14,-11,-10,-2,-9,-8,14,2,3
-12,-17,-17,0,-21,6,-14,-14,-12,1,-14,-12
3,0,-11,-7,-7,8,-15,-8,-12,18,-1,9
-8,-4,-18,2,-8,-4,-18,3,2,3,-2,9
-7,5,-20,-5,-6,-6,-16,-10,-20,-11,-16,-5
-18,7,-1,19,-19,-3,-9,14,-13,-9,-21,-9
-13,0,-15,-5,-11,-7,-5,22,-23,-2,2,-12
-23,0,-21,-2,-21,-9,-21,-10,-17,-9,-22,0
-9,5,-12,14,2,22,-13,14,-22,8,-15,3
-9,9,-20,12,-12,15,-22,3,-21,15,-18,9
-6,5,-21,18,-16,0,-12,14,2,-8,-1,9
3,-6,-10,26,-8,0,-10,27,3,3,-16,-5
3,-8,-17,-2,-17,15,-15,10,-8,7,3,3
-21,15,-2,8,-12,3,-20,0,-19,7,-13,0
-22,-3,-15,28,-11,0,-4,12,-21,15,-21,8
-10,2,-23,7,-13,4,-11,4,-16,4,-19,13
3,5,-7,20,-2,6,0,8,0,31,-18,14
-9,10,-23,8,3,6,-15,3,-7,31,-15,27
-16,23,-12,20,-17,18,1,27,-12,29,-5,14
-17,21,-10,8,-6,24,-22,19,-23,18,-14,35
-21,11,-17,31,-13,28,-15,24,-17,30,-18,30
-2,-2,-3,-6,2,-7,-21,-19,-20,-35,-15,-16
-6,-34,-20,-18,-9,-15,-4,-25,-21,0,-2,-33
-11,2,-18,-28,0,-32,-7,-11,1,-5,-12,-10
-8,-6,0,-13,-22,-31,-1,-10,-21,-17,-8,1
-11,-1,0,-27,-18,-17,-1,-31,-14,-17,-22,-32
-15,3,-22,-1,-20,-17,-10,-4,-17,-6,-21,1
2,4,-20,-7,-9,-19,-10,-9,3,0,-18,4
-10,-29,-2,-15,2,-5,-15,-9,-2,4,-6,-11
1,-23,-5,-13,2,-5,-9,-19,-12,-19,-7,-13
-6,-23,-22,-4,-2,-11,-1,-24,-4,-17,-1,-22
-1,-21,-14,-1,-11,-25,-14,-24,-12,-13,-10,-16
-14,-24,-7,-6,-1,-20,-13,-24,-7,-19,-11,-19
-5,-20,-1,5,-10,4,3,12,3,-2,4,10
3,-10,-14,-1,-9,-5,-1,-3,-18,9,-12,6
-19,11,-9,-14,-1,6,0,-9,-5,-15,-6,-12
-4,-16,-16,-3,-8,13,-21,5,-13,-6,-13,-4
4,10,2,2,3,-19,-3,-4,-4,13,-1,1
-2,-11,-12,-10,-6,4,3,8,-16,-11,-22,-7
-19,-15,2,11,-3,11,-11,12,-19,-14,-18,15
3,-13,-9,9,-12,7,-10,3,-22,12,-21,-10
-22,-16,-4,3,-17,-8,2,1,0,-14,-9,13
-10,9,-7,9,-21,15,-7,-7,-20,3,-3,-3
-9,-1,4,-2,-15,8,-18,20,-8,7,-10,9
4,-6,-13,-4,-11,-9,-5,13,-19,8,3,18
-22,3,-16,-1,-8,-6,3,18,-5,2,-22,22
4,0,-17,2,-6,20,-21,11,-10,4,-14,-2
-8,5,-4,7,-3,-3,-20,-8,-3,26,-14,14
4,1,-15,3,4,-7,-12,-1,-19,8,-3,-1
4,-4,-10,-5,-16,7,3,14,-12,3,-16,-8
-22,3,2,-2,-4,28,-22,6,-12,8,-12,8
-10,8,0,22,-8,4,-6,17,-3,6,-10,27
-14,20,-3,5,-20,2,-9,29,-18,10,-20,30
-3,11,-22,6,-21,5,0,1,-15,-1,-17,0
-7,12,1,20,-20,5,-11,7,-8,22,-14,26
-22,23,-10,31,-19,5,-13,32,-5,8,-21,19
-20,7,2,30,-16,3,-20,26,-14,16,-13,23
-20,18,-15,15,-7,5,-7,14,-11,21,0,22
-10,-36,-5,-26,4,0,-10,-31,-3,-33,-19,-29
2,-7,5,-2,-5,-31,4,-21,-9,-16,5,-12
-9,-5,-3,2,-9,-31,0,-29,-11,-18,-1,-25
2,-13,-3,-11,-1,-13,4,-23,3,-8,-9,-20
-8,-29,-9,-12,-5,-32,-1,-7,-20,-31,-10,-25
2,-5,5,-22,-14,-31,3,4,-5,-17,-11,-14
3,6,-18,-5,-11,-26,0,-24,-21,-9,-6,5
-10,1,4,-7,-13,-27,-8,-11,-3,-11,3,-28
2,8,0,-28,-13,-25,4,-12,-5,-1,-10,-18
-1,-4,-20,-4,1,-3,-7,-7,-10,2,-6,-4
3,-23,-6,9,-1,-19,-6,-11,-10,-1,-1,-25
-1,-5,-3,-24,-13,2,3,-22,-21,-25,-6,-20
-18,6,4,-20,-20,-21,0,-16,-2,-23,-20,-24
-18,4,-6,-5,-8,-8,-9,-19,-10,-20,-3,7
1,5,3,-22,4,-4,1,-20,-12,-20,-10,5
1,5,-8,3,-19,13,-1,3,-1,1,-10,-5
5,9,-4,-10,-15,-12,-13,7,-10,2,3,-14
-4,-14,-8,0,3,-4,1,-19,-2,-11,-20,10
-11,8,-18,8,2,-16,-9,-8,3,14,-12,16
4,-16,-11,-2,3,-12,-11,1,4,-3,-9,3
-14,14,-1,13,-12,-14,-7,8,-4,3,-19,-13
-2,-3,-8,-11,-21,-6,1,-8,-16,12,-11,6
-21,-6,-17,1,-20,6,-3,18,5,-4,0,-10
5,2,-3,16,4,20,1,8,-21,19,-20,15
-15,13,-10,9,0,1,-6,18,-6,5,-1,7
-3,-7,3,24,-2,7,-10,-2,-18,-11,-20,23
-13,17,-3,23,-19,7,-8,21,-7,6,3,7
-5,5,1,7,-3,21,-18,21,3,19,5,-2
-8,4,-7,20,-4,25,3,2,-19,3,-18,-3
-15,19,1,23,-21,8,-21,2,-20,23,-18,23
-17,-3,-1,16,-9,2,-10,26,-16,17,-6,26
-20,9,-6,18,-10,26,-12,31,-4,31,-14,4
-20,8,-5,24,-8,27,-8,24,-9,24,-5,5
-6,1,-19,2,-13,26,-5,15,-20,19,-19,-2
-7,19,-12,18,-6,30,3,23,4,4,3,25
-6,18,-20,33,5,0,0,18,4,24,-11,25
-9,20,-10,18,-6,20,-10,25,-15,33,-16,22
2,0,-11,-9,1,-30,-10,-34,1,-3,4,-29
-20,-3,-2,-26,-11,0,-9,1,0,-22,-1,-28
4,-34,-7,-9,-10,-3,-5,2,-7,-26,-10,-14
4,-27,-8,-28,1,3,6,-14,-11,-2,-2,-29
-9,-31,-15,-11,-18,-9,-2,-6,-7,-5,-6,-18
1,0,1,5,-7,-26,-4,-26,4,2,-1,-14
5,-12,1,2,-5,-26,5,-18,-6,-29,-4,-19
2,3,-6,-11,2,-29,-11,-26,3,-27,-1,-15
1,-1,-16,-2,-2,-23,-20,-23,-1,-6,-5,-24
5,-17,2,-24,6,-11,1,-23,4,-12,-19,4
4,-22,-13,-8,6,-2,6,3,-1,-12,-7,0
-18,7,-19,-21,6,11,-6,11,-18,-2,-2,2
6,-2,-2,-14,6,7,-11,-22,0,-16,-17,-21
-18,6,-18,13,-20,6,5,-22,-9,-18,3,11
6,-1,4,-16,0,-1,6,12,4,2,1,5
-7,-16,0,-15,0,-3,-8,-16,-11,-2,-10,-7
-9,9,5,3,-5,-20,3,-2,-1,-10,-4,16
-17,10,2,14,1,-11,1,17,2,-13,-8,9
-18,-15,-19,-2,3,10,4,14,0,5,-5,11
-20,2,-11,18,-7,-5,-9,17,4,-5,4,3
6,3,-8,-2,2,13,-17,9,-2,5,-18,13
-18,10,-15,7,-20,15,-18,-11,-3,8,-5,-13
-12,15,-9,17,0,-3,-2,21,2,-14,1,2
-13,-13,5,-3,-10,19,-14,1,5,16,3,8
-16,12,-13,23,-6,-5,-3,-6,5,20,-14,10
5,-6,-2,17,-1,-5,-9,-9,-8,0,-16,-7
-4,2,-8,22,-5,13,-2,-6,-10,18,2,4
-5,15,1,0,1,24,5,12,-9,26,-5,22
-11,18,-15,-3,-7,24,-17,28,-18,1,-6,27
-8,18,3,-3,-11,17,-16,25,-10,11,-1,27
-1,4,-6,24,2,-1,3,5,-16,21,-15,28
-19,10,-9,19,-8,12,-18,13,-7,14,-12,13
-17,6,2,14,-3,24,-1,6,-18,1,-13,10
-1,15,-15,4,-8,29,-8,16,-3,24,-5,8
-1,7,-7,29,-11,12,-11,33,-4,13,-13,26
-5,8,-12,23,-8,24,-10,27,2,28,-17,11
-9,7,-6,7,6,13,-19,30,-5,29,1,36
2,-6,-18,-3,5,0,-1,-23,4,-12,-3,-9
3,-1,6,-35,2,-32,-11,0,6,-30,5,-1
3,-1,-8,-34,4,-33,2,-5,2,1,-11,-18
2,-29,-6,-28,-14,-11,2,-7,5,-26,-11,-33
-6,-5,0,-4,-18,-6,-1,-29,5,-30,-1,-19
3,-2,6,-17,-14,0,7,-11,-19,-28,-3,-29
-15,4,-17,-27,7,4,1,-30,1,-23,-2,-9
6,-14,-3,-24,-19,-2,-2,-25,4,-9,-2,-4
2,0,-11,5,-1,-11,-16,1,0,-3,-1,-9
-11,4,-3,-5,-8,-24,4,6,1,-1,-4,6
2,-4,-10,-22,6,-19,6,-6,1,-20,-5,-15
-10,-22,-10,-22,-7,-23,7,0,-12,9,-10,-22
-1,-12,2,-23,1,-11,7,-9,7,-16,-6,-24
0,-6,-12,13,-8,-2,4,-19,2,-9,-10,8
-14,-8,-5,-9,-8,-9,2,0,-3,-1,-3,3
-12,3,-1,-6,-2,-20,-16,1,-4,1,-6,-19
-19,1,-4,-18,-6,3,4,-14,-2,9,-7,-15
-12,9,-15,-18,-7,15,-3,9,3,0,-6,-2
6,-12,-12,9,-10,18,-13,-10,-14,16,-2,11
-1,7,-19,7,4,-5,-1,17,6,-7,-10,-12
-16,-14,-10,16,-8,12,3,-12,4,11,-2,-13
-17,-3,-2,13,-16,8,3,0,-1,7,-7,6
-8,-1,-11,6,-11,-9,-17,10,-10,-2,1,20
-10,8,-14,18,4,6,-11,18,2,11,-3,22
-4,-5,-14,17,-11,7,-2,17,-12,-12,6,17
-3,4,2,12,0,22,-12,11,0,20,-16,11
-18,-10,-15,2,-4,7,-13,22,-8,16,6,14
-1,14,-6,24,-8,13,-5,-3,-18,25,-17,13
-1,12,3,19,-1,14,-6,-5,-5,14,-16,-7
7,7,-17,14,-2,2,-19,-6,-5,26,-11,0
-2,2,5,30,-14,10,6,0,-9,20,7,11
-2,18,-19,4,-12,2,-4,23,2,29,-5,27
-8,7,6,30,6,17,-7,27,-13,17,-12,-1
-5,5,-2,16,3,8,-13,7,-12,10,-2,20
-9,9,-11,12,-6,22,-15,9,-16,30,-8,27
-17,13,-19,6,-5,13,-8,18,4,5,-10,5
-6,10,-15,8,-15,22,-18,4,-6,11,5,36
-12,-1,-7,-23,-15,-31,7,-23,-2,-14,8,-5
5,-19,3,-21,-16,-30,-18,-10,2,-34,-8,-19
3,-27,-9,-11,3,-22,3,-24,5,-11,1,-19
7,-12,-10,2,0,-4,-4,-5,2,-4,6,-9
4,-13,-8,-26,7,-32,6,-26,-2,-8,0,-9
-4,-30,-5,-31,4,-21,-7,0,5,-30,-12,-5
5,-1,-8,-3,1,-27,4,5,-10,-2,-10,-7
-6,-25,-2,-21,0,-25,-11,6,-4,-24,7,-21
-9,5,-14,-3,7,-20,-17,1,0,-8,-5,-23
2,-2,-1,-23,8,2,-5,-2,-15,-26,-6,-27
-15,8,-16,8,7,9,-10,-22,8,-3,-9,-22
-16,1,-16,-1,6,-5,-8,-16,-3,-25,-8,-25
-5,-5,-12,8,7,-5,-8,-1,-10,2,-14,11
-11,-20,-10,-23,-2,-14,-18,6,-5,9,-18,5
-11,-16,-14,11,-6,-11,-17,-13,3,-1,3,-22
7,-18,0,-15,-4,-20,7,10,-18,-17,6,-8
-12,7,4,2,1,-8,-8,15,-5,-5,-16,13
-9,6,5,5,4,0,-16,9,-4,5,2,-5
-6,-13,7,3,4,13,-17,0,8,-14,2,18
-2,-4,-1,-3,3,-2,-15,-2,4,-12,3,-10
-7,4,4,15,-10,-2,-10,12,0,16,1,20
-1,-9,1,5,-13,2,-5,17,-17,-13,3,-5
-6,5,1,18,-7,1,-7,12,-12,6,5,-3
-14,-2,4,-3,-17,-13,-10,1,6,9,3,9
-8,10,3,14,-14,11,-10,-7,-15,15,-18,-7
-18,3,-16,9,-7,24,-5,6,0,18,7,8
-1,6,-4,5,-17,-9,-18,0,1,23,3,13
-5,2,4,20,-10,21,-7,3,-11,15,-3,-8
-4,-4,6,20,-4,7,-7,14,-13,14,4,0
-6,6,1,29,0,-6,-9,10,-9,18,-15,21
-16,3,-17,-1,-4,22,-13,0,-6,27,-6,26
-17,8,-1,7,-5,2,-12,21,-13,-1,0,3
-4,5,-17,11,-10,19,-4,5,-7,4,-18,18
-2,3,5,26,-13,16,-10,19,1,24,0,21
-14,7,2,34,-12,12,-3,5,-15,17,4,16
-5,8,-12,9,-1,26,-16,20,0,8,7,24
-1,22,-4,8,1,34,0,12,-11,32,4,17
4,-27,-8,-34,-11,-8,8,-27,-8,-30,0,-23
7,-3,-6,-5,-16,-12,7,-20,-1,-12,-11,-12
5,-20,-5,-18,5,-4,-15,-12,-15,-10,8,-20
4,-25,8,-9,-3,-29,-1,-7,-2,0,-1,-17
8,1,-7,-31,7,-25,-2,-15,-4,-9,-13,-30
5,-15,-5,-31,-14,-25,0,-12,6,-17,-4,3
7,-11,-11,-7,-12,2,4,5,2,-12,-7,-5
6,1,-8,1,8,-24,9,7,9,-13,-1,-16
6,-24,7,-12,4,-27,-3,-26,-2,-16,8,-11
6,-24,-8,-6,7,-6,-6,6,5,-3,-15,7
5,-4,0,0,-9,6,-1,-24,-6,-14,9,7
-7,3,1,-20,3,7,-17,5,9,10,0,-17
-3,-17,7,-11,3,12,-7,10,6,-5,-4,-10
0,-10,-3,0,-17,8,6,-15,3,-4,-6,-11
-11,-21,-3,9,7,-12,-8,1,-9,-10,9,-19
-10,-9,-16,-15,-15,14,6,13,7,-11,-6,-21
-11,3,-4,-3,-4,5,-17,12,-16,-20,-3,-7
-14,-14,-3,14,-12,-18,1,12,-13,-17,1,-1
0,7,6,-13,1,10,-1,1,5,-10,-4,-9
9,-9,-7,18,-5,-17,-12,15,-10,16,8,9
-12,5,-17,1,8,-13,-7,13,3,16,2,-12
-8,-1,-5,3,-11,-13,-9,4,-5,3,-1,0
-12,-8,-8,1,-2,7,3,-6,5,12,-11,21
2,7,-1,13,-7,-10,-14,-10,-2,22,4,19
2,7,1,2,-6,22,-13,-5,-10,3,-6,10
-1,11,-8,-3,-15,18,-9,9,-15,21,5,-8
-14,-2,7,-1,-15,18,-5,13,-2,21,-17,26
-17,18,-5,21,-15,-9,8,14,-6,7,-8,16
-1,0,3,26,-5,16,9,1,-5,2,7,-4
1,12,-12,-1,-6,5,-5,23,0,28,3,20
-5,11,6,9,-5,15,-16,7,6,6,-8,3
-1,14,7,14,-9,13,-7,22,-4,13,5,20
-15,13,5,31,-11,-1,-1,28,-16,4,4,9
-3,20,-2,25,-3,8,5,16,-10,15,-6,27
-6,4,-10,11,-1,22,-2,23,9,12,6,17
-8,16,-15,7,-10,19,1,22,-15,29,6,6
-8,5,1,8,0,21,7,24,-8,13,-3,26
8,-18,-5,-9,-2,-9,-16,-9,-2,-33,-13,-10
7,-11,-6,-16,7,-15,-1,-23,5,-33,1,-19
9,-6,4,-31,7,-7,1,-13,7,-12,10,-13
0,1,-10,-31,-2,-13,-12,-29,7,-18,6,-28
5,-15,0,-21,7,-23,1,4,-4,2,-1,-25
6,-24,3,-13,-13,-27,6,-4,-4,-31,4,-8
6,-17,-2,-10,6,2,2,0,-2,6,5,-27
9,-9,1,-29,-4,-6,-16,4,5,7,-11,7
7,-3,-7,0,-4,-14,4,-21,6,4,-8,-27
-6,4,-16,5,-13,-3,-1,0,-1,-19,0,-22
-8,7,-2,-24,9,-16,-1,-8,-3,-23,-15,-16
-1,-22,-11,1,-1,-22,8,11,-7,-25,8,-17
-1,1,6,-24,-3,11,8,-11,-1,-17,4,-7
-13,-17,-9,-3,5,0,-2,8,-8,-9,-13,-19
-11,-5,-16,-7,3,8,-14,-14,7,-13,-13,-20
-9,-7,-13,15,3,-6,-16,-2,7,4,-4,9
-6,5,0,-16,-9,14,1,13,-13,15,3,-19
1,2,7,-17,-13,-7,-5,-3,-2,4,-8,13
0,7,7,-11,7,-11,2,-7,-6,-8,3,0
-5,-2,-5,3,-3,-9,-2,6,6,-8,-16,3
-13,-15,-6,7,1,0,-15,-1,6,-5,-16,5
-1,-7,-4,-8,-15,-9,-11,16,3,15,5,-9
-6,-1,3,15,-1,16,-12,-13,-6,-10,-1,6
10,-11,-5,19,2,-3,-2,8,-16,22,7,-11
-8,-7,10,8,-14,19,-6,8,-12,-6,-16,21
-5,10,5,7,-5,13,-10,18,-5,12,-3,14
-4,13,-4,-2,9,12,-2,8,-2,4,-5,22
-4,2,-2,23,2,9,-13,11,-2,20,-7,11
-9,14,9,20,-5,0,7,-8,-15,-1,-2,23
-6,14,7,12,-1,28,-5,11,-11,4,-8,10
-13,14,-14,0,-3,3,-12,7,-3,16,-12,16
2,2,-12,5,-7,3,-13,13,-13,23,-16,25
-8,18,6,11,4,26,1,4,2,15,8,25
-6,9,-15,6,10,2,1,13,-13,8,-4,16
0,7,7,19,-9,27,-8,23,-16,11,-6,26
-3,15,-5,11,-6,14,-10,8,0,8,4,25
-13,0,5,30,-9,13,-12,33,-8,20,-5,21
5,-7,10,-28,0,-29,-2,-1,6,-8,2,-17
4,-7,-6,-1,-8,-12,5,-33,7,-15,-2,-12
-3,2,-11,-32,-12,1,-8,-34,2,-26,-3,-18
6,-21,8,-23,5,-21,9,-25,-3,3,6,-14
-4,1,11,2,-6,0,10,-15,5,-5,1,-24
7,-25,10,-22,8,-10,7,-14,-14,-13,-10,-17
-7,5,0,-10,0,-11,4,-13,-10,2,-5,-8
5,-3,-5,-24,-13,3,8,-14,11,1,-9,-2
8,5,-15,1,5,-11,-14,7,-5,3,-2,-17
8,4,9,-23,-4,-25,-5,-27,5,-22,-1,0
5,-22,-7,-23,-7,-22,-3,-23,10,-18,-5,-22
-9,-1,4,0,8,1,4,10,11,2,5,-25
11,-7,1,-22,6,-15,7,-8,2,-19,6,5
-13,-4,-12,-22,-6,-17,4,13,-3,-15,-14,-7
-8,-9,-13,8,-5,12,-9,6,5,13,7,-10
-9,-7,-5,13,5,-12,4,-2,-5,1,-10,11
-14,-13,6,-18,1,-2,-10,6,-15,-12,-15,-12
10,-17,-15,3,-5,7,3,14,10,15,-14,3
-1,-4,-2,-4,6,7,8,-9,0,1,-4,-9
0,4,-4,-7,-12,4,4,4,-7,8,-13,-15
-15,12,-3,-6,-13,0,-5,14,4,16,-6,6
-3,6,-2,19,0,1,-11,9,-5,6,4,18
2,5,1,13,-12,4,-15,9,4,-7,-13,22
-13,-3,1,-7,4,9,-7,17,-9,9,-4,13
-10,-3,-13,23,2,22,11,9,-5,22,-8,10
-10,-4,-5,3,-7,-4,-7,2,6,2,1,-8
-11,-5,-7,5,-4,-3,-6,-3,-5,10,-12,-10
-14,-7,-13,1,-12,19,-1,5,6,16,-6,12
-6,12,-15,-3,-7,9,-9,25,-11,1,-6,18
-8,14,-7,10,-13,23,-8,8,-12,13,5,1
-14,-5,9,6,0,19,-10,-5,-1,4,7,0
-11,16,-12,0,-9,13,-14,27,-5,31,-15,18
3,18,-4,32,11,0,-13,1,-7,5,-15,23
-4,7,10,33,-5,10,9,31,1,29,-11,0
-13,14,8,14,-11,26,-7,5,-9,11,-10,23
-10,19,-3,8,-8,14,2,22,-11,34,5,34
-15,2,-7,7,-7,24,-10,27,-7,19,-1,29
0,-7,-4,-34,5,-28,5,-28,-9,-7,10,-10
-11,1,4,-8,5,-18,-14,0,-2,-22,-3,-15
4,2,-14,-3,-10,-10,8,-9,2,-16,11,-21
7,-20,3,-2,11,-1,-14,-26,6,-13,4,-19
9,-14,7,-12,11,-1,-11,-9,-7,-31,6,-21
1,-31,2,-10,10,0,7,-29,4,-8,-7,4
-8,4,-13,2,-4,-24,-3,-1,-5,2,9,-4
-4,4,9,-16,1,7,7,-17,10,-9,11,1
8,0,6,-3,-8,2,-3,-27,7,4,0,-27
-10,4,-5,-21,-13,7,1,-14,-13,0,6,-20
4,-5,8,-18,4,-7,2,9,-10,7,-4,9
-14,-7,6,2,-13,-13,-2,4,0,-13,7,3
-13,-7,9,-13,-12,-9,-8,1,0,-20,0,-5
-4,-4,-11,-23,0,3,4,-5,-14,-3,5,4
-7,-12,2,3,-3,14,-3,-11,2,-5,5,6
-8,-3,-13,-20,-5,0,-2,-9,4,-16,-7,-20
-3,-4,12,7,-5,13,6,3,10,-1,-8,5
-3,-14,-11,14,-6,6,-7,9,-4,-17,1,-5
-14,-9,-14,7,1,6,-3,-3,5,6,-3,10
12,-12,-12,-15,2,-2,-4,16,1,10,4,-17
-3,8,-8,5,-3,-7,-14,-8,-2,-14,11,17
-5,-9,10,-5,-6,-3,8,5,2,21,2,5
-2,-7,-5,-2,-2,-1,2,7,9,-4,11,-9
-11,-1,2,4,7,21,1,-10,-11,13,-12,15
2,11,3,12,9,-4,-1,-1,-5,-3,-10,7
-9,-8,6,19,5,-9,-1,-11,-12,-8,-2,23
-2,-4,10,20,3,9,4,17,4,5,9,19
-10,-3,-3,19,-11,-1,-13,22,0,4,11,-3
-4,7,-9,8,-10,28,-9,20,4,-4,-8,20
-8,14,-7,10,-5,11,8,-1,8,29,-4,11
-3,16,-9,6,6,23,6,27,-14,18,11,14
-1,1,-7,29,-13,27,-7,0,-1,16,7,28
1,18,-1,7,0,20,9,9,2,16,-8,11
4,13,8,14,-7,9,5,20,-8,13,8,10
-1,16,8,12,-12,10,10,31,9,28,11,19
-4,2,-8,19,3,7,-1,7,-14,10,3,17
-10,16,-13,11,-5,26,-11,6,-2,31,3,20
6,-5,13,-1,-2,-6,13,-1,-10,-2,-13,-12
8,-20,6,-35,-2,-6,-5,-32,-13,-28,3,-14
2,2,-10,-30,9,-13,8,-21,-12,2,-1,-10
-11,2,10,-30,-10,-2,9,-11,-7,-8,5,-1
2,1,-2,-16,11,-7,-5,2,8,-20,-2,3
3,4,4,-9,-12,-14,5,-14,-12,0,2,-28
5,3,-11,-30,8,-3,-13,1,7,-2,0,3
-4,7,-8,-6,6,-20,6,-23,5,-28,3,-7
3,-28,12,-21,13,7,5,1,11,-24,-3,5
9,-6,1,-10,13,-5,12,-20,13,-5,4,-3
13,-1,9,10,13,-5,9,0,5,-12,13,9
-12,-3,-13,8,-12,-4,8,3,-1,10,-12,5
1,-12,2,-12,6,12,5,0,-13,4,10,-6
-6,-3,6,-9,-10,-9,-7,7,5,-10,-4,0
-7,-11,7,-3,-1,13,-1,3,-2,-4,4,14
-7,-4,-4,15,-8,-16,-11,5,-2,-6,7,1
-5,-4,1,-4,3,-14,-5,-12,-12,-16,-6,16
4,5,1,-15,1,-10,-10,9,-8,5,-1,-2
-2,5,-2,-17,-2,15,-8,15,8,2,10,15
-9,5,-10,-15,-12,14,9,-9,0,9,-1,1
-11,-14,4,-3,-12,-14,-13,-14,-11,1,-13,-13
-7,-5,-12,6,-3,-1,6,-14,-13,18,5,16
-12,4,-4,10,9,8,0,-8,5,3,-4,18
-5,-1,7,19,-3,20,-12,-8,-3,12,6,3
-3,-6,-13,4,-10,17,9,19,1,20,-1,-5
-5,-2,-9,6,8,0,-4,8,-2,-2,-8,17
-2,9,-10,7,-10,16,5,6,7,11,-3,0
-9,-7,-13,9,4,22,2,2,6,20,11,0
2,15,-10,4,-9,27,-11,6,-4,-3,-6,7
-10,11,8,20,-3,4,-9,24,-5,11,-8,17
1,16,8,19,-7,-5,-4,15,-3,6,9,-6
2,12,-4,0,9,7,-5,11,-7,0,-3,31
-4,11,4,16,-5,16,-9,15,-7,13,-8,3
-11,12,10,11,-4,16,0,13,3,9,-10,20
-2,15,0,27,-6,9,6,26,-10,28,10,1
-9,-1,-8,1,8,15,-8,-1,-7,28,7,23
-8,1,-4,29,-6,14,3,10,-1,17,9,35
2,-2,0,-8,-9,-3,-7,-19,5,-36,9,-25
0,-1,12,-9,2,-32,-2,-16,-9,-33,2,-27
3,-2,7,-31,1,-34,4,-25,9,-7,7,-34
5,-4,14,-32,-5,-31,7,-30,-2,-6,-9,2
-1,2,-11,-29,-9,-10,4,-5,7,-27,-3,-19
12,-5,-12,-3,13,-3,0,-15,6,-23,2,-24
-8,6,13,-17,11,0,4,-23,8,0,-6,4
12,-7,-6,4,5,-27,12,-28,-1,-29,-1,-28
10,-4,-1,-22,8,-4,-2,4,3,-2,-1,-14
9,7,6,-11,6,-1,12,-4,-10,7,5,-26
5,-24,8,-9,-3,-1,14,-8,-10,3,5,-26
-2,4,14,7,12,9,10,-1,0,4,10,-10
-10,-17,-9,-2,8,-14,-6,-23,-3,-17,-4,-3
-3,-15,-7,-23,-1,-6,4,13,11,-16,8,-2
-6,-15,-10,-15,3,12,-7,1,-7,6,2,0
-5,-5,8,10,7,4,-12,3,-2,12,9,-19
-5,-2,-10,9,-1,-4,4,11,0,1,-5,11
-10,-6,-3,-12,-5,-18,0,13,-5,16,3,-7
-8,-6,1,-2,6,-4,-5,-11,-9,5,3,18
-5,6,-5,15,1,-7,6,5,12,-6,2,16
7,-8,5,2,0,2,-2,-11,9,7,1,12
-4,-9,8,-10,-9,0,-2,16,2,-7,-2,-2
-3,-1,-4,-1,9,-12,0,3,-10,0,0,1
-4,-3,2,-8,11,5,-6,-13,-3,17,3,15
-7,0,3,9,-9,18,-6,19,10,0,-11,23
-4,6,3,16,13,12,-7,8,5,17,3,8
-8,5,0,16,7,1,-8,20,13,26,-11,5
0,13,-5,21,-6,0,-6,13,-4,7,2,9
-2,-1,-7,-7,-11,-4,4,3,-3,13,11,17
-8,3,-1,8,-7,17,-7,2,-9,1,14,18
7,1,-9,3,4,5,-6,13,-3,16,-8,6
-9,14,9,26,4,3,-10,5,-4,17,-6,7
-4,16,1,18,-5,27,14,10,-9,11,-6,0
-7,5,12,15,3,30,14,-2,11,30,-5,26
0,6,-12,4,2,14,4,28,8,7,-8,4
-5,18,-9,14,-11,32,-4,8,-10,15,5,1
-7,19,-10,13,3,10,-10,19,5,32,-8,11
7,-34,7,-36,-10,-17,11,-25,-10,-11,15,-9
-10,0,6,-1,3,-35,9,-1,-1,-30,-7,-9
3,-3,1,-11,11,-17,13,-13,11,-19,3,-9
13,-3,5,-14,-11,-26,12,-11,4,-9,11,0
2,-32,-2,-10,5,-20,9,4,11,-25,7,-3
13,-16,13,-10,15,-13,13,-4,-5,5,7,-25
-4,5,8,1,-1,-3,13,-14,6,-26,13,5
13,6,-7,-24,9,-2,9,-8,-11,-23,8,-7
-6,6,4,-25,2,-27,9,-22,-8,-3,-2,-28
11,-4,6,0,15,5,12,-7,3,0,2,-24
1,2,-7,6,-7,7,5,-10,1,-23,2,10
-2,3,15,3,1,-20,8,-20,10,-10,-4,7
-2,-15,11,2,0,-10,8,-11,1,-10,1,-13
-5,-10,-7,4,9,-15,-1,13,1,-19,5,9
-4,-5,-9,5,7,-9,-7,-8,5,-16,5,12
-2,-11,6,-20,-8,11,-7,-4,3,-19,8,-8
15,-4,15,16,15,0,8,-16,4,-16,-4,3
-7,-1,-1,-6,-10,9,-6,16,5,-17,6,-5
-6,-3,0,17,-3,-5,-6,6,-8,18,4,4
-11,-13,15,8,-3,-8,14,15,8,2,11,3
2,-8,5,-4,12,0,-8,15,6,15,-3,12
-5,-3,13,-4,12,-4,14,9,-10,0,12,-2
-2,2,11,-13,-1,-4,5,-1,-5,-5,-3,-3
-3,5,1,2,-9,11,1,-2,5,20,-9,2
-5,3,6,23,-7,22,13,16,-8,-9,13,11
-3,-3,10,23,-1,1,-2,4,6,-2,7,6
-6,-10,9,-8,-2,13,0,3,12,-2,4,6
4,-3,-6,18,-4,8,6,18,-10,12,7,0
-8,9,-10,-1,13,5,15,-4,1,1,-1,0
1,11,11,-3,-4,28,-5,16,6,13,-10,13
-8,8,7,29,-11,-5,-9,11,11,19,-8,23
1,4,10,28,-1,11,-4,11,-2,6,-4,-5
-6,6,14,-2,6,2,-5,7,-4,26,-8,11
-1,5,13,21,-2,14,-6,12,14,8,15,1
-4,2,-11,0,-3,4,-9,11,-3,19,-7,6
-4,4,-4,20,6,6,-4,29,1,15,-6,12
-5,19,-1,32,5,17,-11,12,-9,12,-10,8
7,-36,3,-8,11,-12,12,-6,-6,-32,12,-32
5,-6,6,-4,10,-2,-3,-21,5,-12,0,-12
4,-4,3,-28,13,-30,-10,-13,14,-7,9,-14
5,-3,9,-17,9,-32,-8,1,-9,-9,14,-19
3,1,1,-7,3,-11,6,-12,8,3,7,2
7,4,3,-18,0,-31,0,-10,14,-5,-8,0
9,5,1,-11,-10,-10,-2,6,2,-3,5,-17
-4,7,14,5,-4,-4,9,-27,5,-19,4,-17
10,8,1,-24,14,-28,9,-3,9,6,7,-16
14,-17,9,-1,3,9,-8,-4,-4,8,4,-27
15,-9,-6,-23,13,-23,16,-2,16,3,4,-21
-5,-2,15,-10,-6,-22,5,1,15,-8,13,-25
0,-14,-1,-24,15,-7,10,-5,0,-23,16,2
-3,-14,8,-12,10,-17,13,-7,10,-20,1,-21
8,-5,-2,-18,-7,14,-7,5,-2,-20,6,-3
-1,-21,14,-18,16,-2,15,13,-2,-18,6,12
11,6,-6,14,-10,15,7,-17,-2,-16,-9,4
-3,-4,-9,-9,1,8,0,-5,16,2,12,-3
-4,-2,-10,-17,-3,14,7,10,8,13,11,-9
-10,-16,11,11,7,-17,-6,18,16,-15,9,-6
-4,-14,0,-13,14,12,10,6,8,-9,6,13
-5,3,-4,-7,-4,16,7,-3,4,2,13,-9
1,13,5,-9,0,-12,-10,20,14,-11,16,15
3,13,-2,-5,14,-10,12,5,-4,11,-2,-11
-1,6,4,24,-5,-10,2,10,-8,19,3,7
-3,-3,8,1,16,-1,-7,6,16,22,2,25
-4,-1,14,-2,4,21,6,4,16,-3,-4,20
-1,2,12,3,-4,4,2,-1,-2,-1,10,21
-4,12,15,22,-2,8,-8,-2,-9,1,1,3
0,2,15,26,-1,3,6,26,2,15,2,28
-1,1,-6,22,-3,12,-9,6,4,29,-5,29
-6,8,-10,9,-3,0,-5,7,-3,-1,3,2
-6,10,-6,26,0,15,15,22,-4,2,-5,5
-5,-1,10,20,12,33,11,21,12,10,-4,0
-4,1,-5,2,0,5,-6,16,-7,10,-7,6
-4,-1,15,30,6,31,0,14,-3,6,13,35
-4,4,-4,24,-9,5,-3,18,-7,10,12,21
6,-5,12,-33,-3,-3,-3,0,13,-20,16,-25
6,-33,8,-3,7,-32,13,-2,14,-19,4,-31
11,-32,-2,-12,4,-6,15,-16,11,-32,15,-22
10,-33,-7,-29,6,-18,5,-1,5,-7,-6,3
8,-4,-2,-4,5,-2,11,-31,16,-6,9,2
-8,5,-2,-22,-6,-31,15,0,15,-10,-7,-20
12,-19,11,-30,10,-30,-3,4,13,1,5,-14
15,-17,5,-23,9,2,0,-13,0,-26,-1,-26
13,-11,5,-27,3,1,15,-8,6,-26,9,-17
12,-9,0,-13,14,2,17,6,8,-21,13,-16
15,-3,-7,5,-3,9,-6,-24,2,-24,5,-16
14,-23,4,2,16,-11,10,-18,16,-25,14,-24
12,0,4,-3,17,2,5,10,7,-24,17,6
-6,-12,-5,12,4,6,8,-16,-1,-22,7,-22
1,-21,8,-20,11,-18,15,-18,1,7,5,-20
16,14,-8,3,13,5,12,12,11,-4,11,10
14,15,-7,13,14,-14,13,8,13,13,17,12
17,1,17,2,15,16,-3,16,7,0,7,7
10,4,11,-6,0,-17,4,-16,-8,10,7,-4
-8,15,-2,6,17,6,-6,16,0,-16,16,-8
16,20,-6,15,-9,-16,14,13,-9,-6,11,-10
13,15,-1,17,7,-13,16,-15,8,-13,3,-3
3,-11,-3,20,4,-11,7,-13,2,-1,1,20
-8,15,17,5,13,-6,4,-1,13,1,17,3
-5,-11,-3,0,2,11,-4,-1,6,16,-3,-10
-1,8,13,-9,4,3,-8,8,0,16,17,-10
-4,-6,-5,1,-3,2,-1,13,6,1,-3,4
-6,6,14,21,-2,21,7,3,-3,9,-8,-3
3,8,-1,4,7,28,-5,2,-5,11,14,2
-4,-2,-7,5,3,13,-7,8,16,26,14,2
-1,9,-8,29,17,8,-5,0,-4,14,-6,26
-1,8,-8,14,-1,3,-6,30,-4,1,14,11
-5,13,0,14,0,12,-3,-2,-4,5,-9,11
-2,-1,1,18,8,10,0,6,-2,3,-3,8
-2,5,-2,5,7,8,15,0,9,9,-6,11
-2,10,16,0,-4,22,-5,11,7,9,14,31
-3,6,-6,10,1,21,-6,21,-3,12,13,36
10,-35,7,-4,12,-34,5,-3,4,-11,16,-17
11,-34,3,-28,2,-6,5,-12,10,-23,-3,-9
5,-5,15,-33,9,-31,5,-7,1,2,12,-19
10,-33,-3,-9,-4,-27,-4,-7,16,-27,5,2
8,-30,2,-10,-6,-26,5,-17,8,-7,5,-16
10,-3,3,-8,12,-3,0,-31,13,-30,7,-14
5,1,14,-21,15,-16,-7,-30,1,-1,15,-7
5,3,2,-17,16,-13,13,-20,18,-9,1,-14
11,4,11,-21,-3,2,12,-1,17,-15,9,-17
16,4,3,7,15,8,9,-10,17,-4,12,-9
2,8,6,9,7,5,7,-20,15,-23,9,-17
12,-25,-3,-14,-4,-9,-6,-24,11,-8,-4,7
13,11,7,2,5,-18,13,7,11,-8,2,3
11,-19,10,-20,-8,-17,15,3,8,3,10,-20
15,12,9,-16,-5,-21,4,-21,11,4,0,-18
15,-21,11,-10,-8,-18,13,0,8,-20,0,-7
14,-16,14,-7,6,15,12,15,0,14,7,-20
-6,15,1,0,18,-2,3,8,8,-6,18,17
13,5,9,-15,-7,6,12,-6,-2,16,18,4
14,8,12,-2,14,6,3,-17,18,8,10,-12
3,-12,-5,16,11,-12,15,12,10,-16,3,-12
-8,18,17,2,12,7,12,3,5,21,7,-5
1,18,5,-4,12,9,-6,16,3,14,17,2
-2,17,-8,-10,0,23,18,15,12,2,6,-10
9,-5,13,-1,15,3,1,21,-7,-9,-4,4
-4,-7,-8,2,4,25,9,13,7,5,7,23
-8,16,-6,-9,-5,9,-5,-9,13,9,-6,6
1,3,-1,16,13,8,10,16,4,14,10,26
0,13,-5,6,9,7,17,17,-8,19,-7,-3
-5,6,18,-4,17,17,10,12,0,-1,-3,-6
1,13,-2,23,-3,14,-6,14,2,1,-3,9
-3,6,-6,11,4,4,1,21,18,1,-7,22
-1,-3,-8,15,8,16,-2,14,-3,8,-7,8
-3,13,3,30,9,9,-2,18,-4,17,-2,5
-3,11,18,3,2,33,-3,6,-2,-2,-8,11
-2,4,-2,15,8,20,18,4,-3,2,-1,5
2,16,2,8,3,20,-1,8,-2,10,-7,14
13,-35,10,-11,16,-5,-7,-36,-4,-29,7,-12
7,-3,-2,-10,-7,-1,12,-15,17,-17,6,-14
10,-33,7,-12,1,1,-3,-9,-5,-6,9,-30
9,-5,17,-13,-6,-8,17,-26,1,-20,12,-4
11,-5,5,2,13,-18,5,-30,-3,-19,11,-22
-6,3,8,-15,16,-6,18,-16,13,-13,10,-9
9,1,9,-27,10,-25,-7,-27,12,-7,15,-29
8,-2,12,-12,-1,5,13,1,-1,-18,-7,3
12,-1,6,-26,18,-22,7,-11,12,-17,1,-15
10,3,3,-2,15,1,3,-2,-5,6,-6,6
12,7,11,-5,18,-1,14,6,14,-22,-7,-9
14,-9,18,-14,15,-19,-7,3,6,-13,-2,4
14,12,-2,9,12,8,0,-23,19,-9,-1,8
-7,11,10,-18,18,-11,11,-8,15,-22,11,-8
17,-9,17,-15,-5,-4,1,11,13,-22,7,-1
14,-18,7,-2,18,-12,-6,-18,-2,12,2,-19
15,-10,9,15,2,11,13,-17,10,-17,17,-17
1,17,7,8,3,-18,14,-12,12,-15,3,-17
14,15,-1,7,-2,9,5,-18,6,-13,-3,7
15,18,5,-15,16,-17,17,-12,19,9,1,19
6,-12,-1,11,16,16,8,-14,-2,20,8,5
11,11,9,-14,-6,12,16,12,6,5,2,20
-7,10,-3,8,-7,18,3,-7,9,17,-7,12
-3,19,7,12,2,-9,4,8,3,-5,2,5
0,19,9,3,-7,10,16,24,17,1,-6,11
-7,5,16,7,-5,10,14,6,0,-9,-5,14
-5,-4,16,12,15,6,10,22,4,14,-6,8
-7,2,14,1,6,25,2,13,16,2,-2,-9
10,10,19,18,-1,-1,15,-5,-1,-5,16,4
1,7,17,7,-7,4,-7,4,12,6,-4,10
-3,1,10,30,9,29,-4,4,0,21,0,19
6,17,3,19,3,3,-4,29,-3,5,-3,19
12,12,-1,10,10,20,8,5,-6,13,-3,6
1,4,-1,2,-2,7,-6,13,-7,11,-6,1
-1,6,11,32,-5,7,-2,8,-2,28,-3,-1
4,7,1,15,0,24,12,33,-3,17,0,29
1,11,0,10,19,8,19,8,-3,5,-6,3
6,-35,15,-15,3,-6,5,-33,13,-30,1,-9
12,-4,20,-19,6,-5,11,-30,2,0,12,-28
16,-33,9,-34,12,-28,-3,-34,-3,-12,-1,-1
14,-2,8,-24,15,-2,7,-14,-5,-1,10,-10
6,1,-5,-6,8,-27,14,-28,19,-5,4,-27
17,-25,-1,5,-1,-3,17,-8,9,-18,4,-19
19,0,5,-25,18,-11,8,-27,14,-6,7,-29
18,-18,4,-25,14,-10,2,-28,11,-11,11,-3
11,4,9,-20,-4,-1,11,-28,8,-22,-3,-4
7,7,5,-25,-4,-5,17,-25,-2,-3,5,6
11,8,7,10,4,-1,7,-6,12,-1,3,3
3,9,20,5,-2,0,14,-14,-3,-19,-5,-24
6,-22,15,11,-3,10,18,-15,20,-5,8,-1
8,-21,20,-1,10,-22,18,-9,7,-21,19,-8
14,-19,19,-17,-2,-17,19,-14,15,-11,18,-22
18,-5,14,-8,-3,-19,15,6,4,9,6,-7
16,-20,14,-13,9,-18,9,2,10,15,8,0
16,-16,9,-6,14,7,10,-15,13,-17,17,-14
14,12,-1,14,9,9,8,-17,18,-17,2,16
15,15,10,-17,20,13,9,-16,17,0,10,-17
-6,-11,13,8,12,-16,4,-13,-2,20,9,-8
3,16,10,1,17,9,-4,16,7,20,3,18
2,-12,-6,7,12,-12,3,17,13,7,18,-3
14,8,-5,12,-6,10,7,16,-2,18,12,7
3,15,-2,9,-4,1,14,14,12,18,17,-8
8,15,8,-11,12,22,-6,9,-2,10,5,23
7,14,12,10,0,26,13,17,-3,8,-2,7
8,16,17,8,4,27,5,-3,6,-2,-5,2
9,3,10,21,-3,1,5,15,18,23,-1,-6
10,13,-2,7,15,28,-2,-2,5,7,-3,4
7,11,12,7,-3,14,1,15,3,29,17,16
-3,4,20,1,7,21,1,14,11,12,-2,2
4,13,-3,-1,11,19,0,16,18,19,-2,16
5,6,-2,-3,-1,-3,-3,5,1,7,-2,10
5,16,16,5,15,17,13,7,-1,0,0,14
4,17,-5,11,17,12,-2,14,14,35,6,21
-2,19,9,29,-4,11,1,9,1,20,17,24
14,-33,20,-24,3,-35,-3,-36,-5,-34,20,-4
8,-5,-4,-13,16,-6,15,-4,9,-24,14,-33
-2,1,15,-16,14,-15,17,2,8,-17,12,-4
12,-2,7,-2,3,0,10,-33,6,-32,20,-33
11,-2,7,-13,14,-4,16,2,3,-9,12,-15
13,4,16,-19,20,-1,16,-17,18,-31,17,-21
17,-18,2,3,7,-26,14,-30,19,4,15,-26
5,1,11,-16,0,-4,-4,-4,5,-29,10,-3
18,-6,2,-28,19,-24,15,-8,16,-11,20,-10
17,-9,-2,0,19,-9,21,-4,21,9,10,-21
8,2,3,-24,-5,7,7,-2,20,2,8,-20
12,8,14,-4,19,-19,5,-24,21,9,12,-15
13,5,11,8,-3,2,15,-14,20,-23,21,-6
-5,13,6,-9,2,1,13,-21,19,-6,-5,2
20,-6,11,-4,19,10,5,-18,8,-22,7,-20
19,-1,19,-6,3,7,17,-11,-2,3,-4,5
18,-5,21,9,17,7,18,12,15,-16,0,-17
20,4,-4,-19,18,15,-5,-15,15,12,13,3
-1,17,12,-7,-4,-10,8,-13,-5,7,10,6
20,-5,6,-14,15,8,8,-13,11,-13,12,-13
14,5,9,-2,9,1,2,20,11,13,15,12
-1,18,-5,-15,14,12,-2,-11,14,0,7,11
20,-3,7,-2,7,5,7,14,8,14,4,-2
21,15,1,13,18,23,17,-4,12,0,3,22
15,-1,5,21,4,3,7,22,4,22,17,11
9,-6,18,-2,0,-8,2,2,2,-6,18,17
7,16,15,14,-5,3,-2,1,4,13,3,0
-3,-4,11,11,15,26,0,13,21,-8,5,0
-4,-2,-2,12,13,0,1,-2,8,1,-5,-2
-2,17,1,8,19,4,1,9,-1,4,1,0
21,0,1,-2,1,-6,4,5,-4,7,1,0
7,10,-3,14,9,17,-2,4,17,29,16,29
10,12,17,17,8,18,-2,10,12,18,-2,5
9,3,-1,15,-2,10,4,5,17,15,15,10
9,14,1,1,-5,15,4,8,14,26,2,15
-2,15,21,10,-1,13,21,11,0,-1,1,8
-1,20,20,16,17,35,-5,15,0,26,0,12
1,0,5,-19,0,-32,5,-8,14,-10,15,-33
10,0,11,-29,21,-15,14,-14,17,-28,12,-18
-2,2,7,-25,8,-22,12,-5,17,-25,7,-21
17,-31,8,-32,-2,3,5,-6,4,-1,-4,-29
8,-2,8,-28,9,-5,15,-6,0,2,5,-31
11,3,14,-29,15,4,1,5,11,-26,9,-23
20,-21,-3,1,1,-4,15,3,21,-14,15,-4
19,-2,1,1,21,-18,7,-25,22,-11,16,-13
7,7,15,-24,18,-8,3,5,17,-28,10,8
10,1,16,-6,13,9,10,-15,-2,-23,10,-23
11,2,14,6,5,-6,13,4,-4,-4,20,-8
12,7,15,-13,-2,-22,-4,11,-4,6,21,-3
20,-3,-2,8,3,-15,19,6,7,-20,7,-21
8,8,22,-4,19,-18,22,-7,8,-22,8,-19
19,-10,-2,-7,9,8,10,-22,22,9,10,-7
17,0,16,-17,22,12,19,-4,19,10,17,-4
6,16,14,11,17,0,18,-8,10,-1,6,-17
19,2,9,-18,18,-18,21,-14,4,8,16,10
-2,15,14,8,19,5,18,5,-3,-13,6,-7
-3,-13,1,0,0,-10,3,7,11,19,4,-11
1,10,0,8,18,-7,19,-13,5,8,22,-11
16,9,15,-10,0,3,8,-8,21,16,7,9
-2,17,4,14,11,12,13,0,12,16,-2,-10
22,10,20,4,19,20,5,11,3,15,15,-7
3,20,10,9,-3,23,9,12,3,14,4,13
-1,14,4,15,12,16,13,14,20,-3,3,13
0,13,3,21,3,-6,0,18,9,4,5,1
15,4,9,6,2,8,8,24,-3,3,-2,-9
1,17,13,13,2,3,4,24,19,5,-1,-2
3,20,4,11,0,4,6,15,1,10,19,1
4,20,5,5,-3,5,-2,5,-2,4,20,27
8,7,1,10,-2,5,4,12,4,25,22,3
13,16,-1,12,-3,3,0,-2,-4,26,10,26
13,6,22,11,9,13,0,5,12,13,19,32
6,3,22,11,11,9,-1,11,-2,6,14,26
10,17,22,9,6,22,1,29,5,15,-1,32
0,8,21,6,21,16,13,20,1,5,22,6
-3,-1,16,-9,2,-1,11,-21,22,-24,2,-13
18,-16,14,-18,-3,-17,9,-22,-1,1,15,-2
20,-25,6,-9,13,-29,-1,2,5,2,19,-6
22,-4,7,-33,21,-21,5,-12,22,2,12,-15
6,3,4,-8,17,-27,6,0,13,-27,22,-4
17,4,-2,-1,23,-16,17,-16,3,1,17,-28
20,-20,16,-28,-3,-11,15,-30,15,-28,18,-22
21,-22,1,2,-3,-19,17,-1,12,-15,0,5
18,-14,12,-14,17,-27,11,-2,5,-28,18,-27
21,1,14,-11,18,-23,13,-12,-3,9,7,-21
13,10,8,-9,9,-25,23,-4,16,-26,9,-20
13,2,17,-17,2,11,11,0,8,7,14,-10
14,3,19,8,0,1,14,11,18,7,22,11
12,-22,12,-14,6,-11,8,5,11,8,10,-3
16,8,12,-21,-3,-6,23,-5,16,-13,22,-21
15,9,13,2,5,-21,18,-21,12,-3,11,-15
12,15,5,11,19,-2,12,0,22,-11,-1,6
22,3,6,14,8,-14,22,-1,8,11,9,12
19,13,22,0,15,-15,6,-18,23,14,10,-6
16,-6,17,3,4,-14,9,9,9,-5,19,9
-2,11,12,-12,16,8,12,-11,1,10,5,3
21,-14,17,18,19,-11,10,-8,1,15,14,17
23,12,16,-5,7,4,23,16,14,1,19,17
15,-10,10,7,-1,6,11,20,18,9,0,1
3,16,20,24,-3,12,20,-11,21,4,18,18
5,19,4,8,0,-8,9,25,8,-1,2,-1
10,15,1,6,10,7,2,15,12,20,20,17
14,5,13,-2,4,7,14,2,7,14,-3,-2
15,3,6,2,7,14,-2,28,23,3,-3,1
-3,10,-2,10,1,13,6,-1,0,6,23,17
8,19,3,-5,11,27,14,28,-3,20,1,17
0,-1,5,6,-2,10,22,23,14,25,14,23
15,11,5,26,14,13,-1,28,4,10,16,28
11,7,22,16,13,22,14,15,20,23,4,2
6,20,3,7,19,13,10,20,2,6,6,8
9,9,14,28,1,31,23,9,5,9,0,6
12,18,4,4,18,26,13,25,1,12,3,10
11,-34,6,-9,22,-3,11,-35,20,-26,17,-11
5,1,16,-17,4,-8,18,-22,9,-8,24,-20
20,-29,13,-24,3,-5,-1,-7,11,-27,22,-32
21,-10,15,-25,3,-26,2,-10,24,-9,19,-13
22,-8,12,-22,19,0,12,-19,7,-28,4,1
18,1,12,-2,9,-31,18,-15,15,-30,16,-10
23,-4,8,-23,21,-8,18,-21,20,-7,17,-7
21,-21,8,0,-2,7,14,5,13,-9,16,-4
12,-28,10,7,13,-10,20,1,11,-18,11,-18
20,-19,24,4,-1,-9,17,3,18,-17,13,0
16,8,18,2,0,7,24,6,0,9,7,-12
14,4,10,-4,16,-16,12,2,11,-12,16,-24
17,-22,13,-17,23,5,-2,-2,2,-8,17,-5
14,-20,0,3,0,-22,18,-6,15,-11,-1,2
17,14,11,-19,0,-20,18,7,15,11,11,-7
14,12,8,-11,-2,-13,12,-5,15,0,23,-14
19,-10,8,10,3,13,19,10,12,-13,11,4
19,-13,8,12,22,-17,22,-19,23,-1,15,-14
6,14,16,7,7,-15,24,9,23,-11,5,-16
15,-5,5,-16,-1,-3,18,-12,8,15,17,18
4,13,15,14,16,5,12,-12,2,13,-2,2
3,12,17,8,13,7,1,9,18,19,21,0
13,12,18,-5,10,17,15,1,19,12,22,-9
8,14,10,4,17,-3,7,17,16,14,4,7
7,18,21,22,3,-6,23,21,15,12,-1,7
3,21,2,8,5,15,22,19,4,-10,6,-3
5,19,19,-4,-1,0,15,12,17,25,22,5
-1,17,5,7,2,10,6,20,3,26,24,11
9,18,-1,21,4,2,12,2,2,-7,5,26
-2,-1,3,-4,2,2,7,6,-2,10,9,1
-1,15,17,2,16,18,22,6,14,22,10,23
0,19,2,2,1,5,2,15,-1,5,3,0
16,21,11,26,1,13,17,8,13,17,-2,15
9,11,18,23,12,15,2,13,12,6,5,9
24,-1,-2,25,22,28,11,8,9,15,6,10
6,3,21,5,2,16,15,12,10,29,14,11
-1,11,-1,14,8,17,4,17,5,21,4,31
20,-35,15,-22,11,-9,3,-7,10,-3,18,-12
13,1,5,-18,7,-1,20,-10,17,-1,3,-7
13,-1,3,2,3,-3,0,-1,21,-31,15,-27
17,-1,23,-32,17,-8,16,-32,-1,-28,24,-21
23,-18,25,-17,18,-6,15,-24,25,-4,16,-5
20,-31,15,-1,10,-12,11,-25,6,5,24,-21
11,2,17,0,17,-14,18,-8,24,-26,1,-25
7,5,14,-14,16,-25,1,4,21,-25,2,-4
23,5,4,-20,9,2,20,-10,1,-22,23,-18
21,-18,3,-23,6,6,13,-22,24,-12,11,-24
22,-13,11,-1,19,-26,23,-15,11,-20,23,4
20,-5,0,2,4,9,15,-25,18,-5,8,2
11,11,25,-7,-1,-20,18,0,18,-21,8,-8
18,11,13,-20,-1,5,14,8,22,-19,13,-6
24,5,11,-9,-1,-17,9,-5,6,1,11,3
24,10,25,2,19,-6,19,11,14,4,25,-2
10,12,2,4,20,-13,17,-15,1,-20,17,6
22,-18,12,4,13,-17,16,-17,23,-10,10,-2
5,15,23,-16,14,-17,25,13,12,-17,9,13
17,-3,14,16,18,-1,12,4,11,3,23,8
4,15,3,13,22,1,17,-8,12,17,18,-7
1,15,7,14,5,14,10,5,23,14,1,4
25,13,14,8,-1,0,21,-13,7,-7,7,-9
0,16,8,13,-1,-1,13,6,16,21,7,20
19,-2,18,7,3,15,6,13,6,10,9,20
23,-9,17,13,20,3,13,-4,4,7,4,-3
15,16,19,6,3,11,10,7,17,26,0,26
0,-4,5,-9,25,2,12,4,5,19,6,9
18,17,9,9,3,2,1,17,13,20,19,-3
3,18,20,6,17,29,14,26,-1,9,19,5
18,8,16,1,21,27,17,22,3,16,16,27
17,8,19,30,13,20,11,13,22,13,21,4
1,0,5,3,17,28,-1,22,3,-4,7,27
13,21,18,19,13,29,4,11,13,12,1,15
16,9,14,9,20,20,1,5,6,6,0,0
0,24,4,17,4,11,2,25,11,25,8,27
0,16,7,6,21,14,4,3,1,27,6,10
24,-7,25,-10,14,-24,16,-30,8,-5,4,0
22,-33,0,-1,18,-28,2,0,17,-9,0,-25
20,-6,19,-21,4,-21,23,-3,26,-31,12,-7
23,-22,10,-5,9,-6,4,-33,13,-3,22,-31
22,-17,17,-23,22,-7,19,-1,13,-26,17,-26
13,4,18,-8,8,0,24,-12,6,-8,16,-1
10,5,25,5,2,-10,24,-8,12,-25,2,-6
25,3,6,-7,14,-10,23,-22,15,-28,19,1
23,-11,1,8,13,-26,25,-24,8,-4,11,-23
24,0,19,-12,14,-4,15,-23,9,6,7,-1
17,10,5,-6,12,-10,4,-23,24,9,23,-9
24,0,21,-18,16,-6,16,-1,18,3,6,11
13,12,22,0,11,8,18,-18,20,-12,23,-4
25,2,23,-11,25,-19,0,-17,5,-22,24,-1
24,-5,3,8,21,8,12,-7,22,5,7,11
13,-20,12,-15,25,-6,23,-16,21,-16,19,0
23,12,8,-19,19,-7,14,-12,23,-15,10,-19
1,14,11,10,17,-5,19,-4,20,6,19,-14
22,2,5,16,4,-16,25,17,24,18,13,9
4,12,22,6,17,1,13,-3,24,-3,12,-8
20,-2,13,2,1,13,22,-2,3,15,2,14
20,2,21,4,19,16,5,19,25,9,8,7
0,9,0,22,0,7,7,-2,22,14,24,17
26,23,3,8,3,14,18,7,11,21,25,21
5,17,13,20,6,-6,7,15,21,17,16,19
20,-2,1,9,7,-5,23,-1,2,8,3,5
5,14,2,15,5,4,17,-1,3,23,2,7
9,20,2,9,19,12,10,7,10,5,3,1
6,23,20,3,6,8,6,-3,11,3,6,16
8,21,2,7,24,15,0,11,24,-2,2,3
16,-1,17,27,6,13,1,18,2,16,22,18
0,24,25,-2,16,29,4,17,11,1,14,23
10,0,24,23,16,25,1,2,14,-4,0,31
14,0,22,22,11,15,25,16,13,22,4,11
15,12,0,18,9,26,11,6,5,5,23,28
16,10,19,33,0,25,1,10,7,10,0,0
18,18,1,13,9,22,19,29,21,8,21,15
