-18,-17,-4,-1,-14,-23,-3,-20,-10,-32,-19,-33
-3,-22,-4,-17,-26,-8,-1,-13,-6,-32,-24,-21
-15,-15,0,-3,-4,-20,-7,-28,-9,-27,-4,-30
0,-19,-22,-2,-3,-31,-5,0,-5,-17,0,-10
-25,-27,-7,-30,-17,-25,-4,-27,-4,-16,-22,-19
0,-9,-3,-28,-5,-12,-7,-13,-1,-11,-4,-1
-4,-22,-1,5,-19,-27,-25,-2,-22,-19,-24,-15
-1,-19,-8,-11,-4,-27,-3,-29,-5,-15,-23,-17
-21,8,0,-2,-1,-21,-20,3,-24,3,0,-1
-7,-23,-5,-17,-2,-1,-7,-5,-1,-19,-3,1
-24,-22,-1,0,-6,-17,-14,-26,-8,-24,-4,-23
-5,-23,-6,-25,-16,-24,-20,-18,-5,-23,-20,-23
-6,-24,-4,-5,-21,-9,-5,2,-4,-16,-8,-12
-14,-15,0,12,-24,-18,-19,-10,-17,5,-7,-22
-2,-20,-3,13,-2,10,-26,-2,-3,-10,0,7
-12,-15,-6,-2,-7,-5,-10,13,-3,13,-1,-3
-15,1,-4,-19,-8,-1,-26,8,-8,-4,-7,-17
-5,-19,-23,-2,-8,12,-24,-3,-14,-16,-11,-4
-2,-17,-2,14,-4,14,-19,14,-2,2,-2,12
-12,-15,-3,-4,-7,12,-2,-12,-5,-6,-6,-8
-26,-2,-2,11,-14,14,0,-13,-3,-9,-7,-11
0,-13,-6,10,0,20,-3,15,-1,8,-1,-11
0,-10,-1,15,-18,5,-15,8,-25,19,-2,-10
-18,-7,-3,19,-22,-8,-17,-11,-7,-12,-7,7
-1,-11,-9,-1,-23,4,-10,-8,-3,24,-22,17
-19,-5,-8,-10,-2,5,-23,17,-6,-2,-6,-7
-26,-1,-26,19,-26,26,-19,-8,-8,5,-1,-5
-17,8,-10,10,-5,25,-3,-3,-8,1,-7,6
-17,-2,0,17,-3,1,-4,-4,-1,25,-20,6
-25,2,-23,12,-19,-1,-25,5,-1,19,-2,9
-14,-3,0,14,-7,7,-2,24,-1,21,-5,26
-1,-5,-24,12,-5,8,-18,-1,-1,17,-9,12
-18,13,-4,25,-5,32,-2,13,-1,10,-1,21
-1,1,-9,-2,-8,11,-14,24,-7,17,-9,2
-25,15,-10,34,-22,14,-18,25,-21,30,-6,22
-17,9,-1,14,-13,0,-2,11,-7,5,-26,15
-18,11,-22,36,-22,27,-16,33,-5,5,-3,29
-2,-22,-3,-34,-16,-34,-15,-24,-4,-16,-1,-11
-11,-2,-4,-22,-24,-16,1,-23,-1,-9,-7,-31
-13,-16,-24,-22,-14,-2,-4,-22,-1,0,-4,-26
-2,-22,-4,-27,-1,-6,-5,-27,-20,-21,-3,-20
-1,-12,1,-10,-20,-22,-1,-26,-1,0,-15,-32
-8,-25,1,-20,-20,-19,-2,0,-4,-14,1,-30
-4,-23,1,-9,-8,-1,1,-3,-4,1,-24,-14
-4,-23,-3,-19,-1,7,-7,-19,1,4,0,-16
-5,-26,-6,-28,-22,-15,-22,-11,-6,-12,-24,-15
-15,-19,-2,-21,-2,-12,-2,-15,-7,-26,-24,2
-14,-14,-2,-16,-25,-7,-4,-7,-2,-24,-1,-6
-15,-4,-2,11,-22,3,-11,9,-2,-5,-5,-5
-19,-15,-15,2,-1,-9,-25,1,-5,-7,0,-3
-23,-17,-1,-4,-16,-5,-4,0,1,-16,0,-16
-5,-15,-1,11,-18,-21,-2,-18,-22,-6,-4,-6
-6,-18,-24,11,-12,-13,-5,-8,-1,-21,-5,-15
-15,-10,1,16,1,16,-2,12,-11,-13,-1,-13
-25,-8,-1,16,-1,-15,-7,-13,-7,-15,1,5
1,-12,-1,11,-7,-11,-12,-12,-3,0,-4,-6
-3,-13,-8,14,-6,11,-3,13,-1,-15,-25,15
-19,-16,-2,-16,1,-13,-20,-6,-20,17,-2,14
-1,-8,-3,16,-2,-10,-25,1,1,-5,-7,-14
-2,-9,-2,14,-2,-3,-17,-12,-22,-3,-4,3
-24,-6,0,0,-22,21,-14,-12,-23,3,1,2
-1,-4,-2,5,-3,9,-7,-1,1,18,-1,7
-16,-2,-3,9,-16,5,-7,6,-2,4,-6,3
-2,-2,-2,-6,-2,18,1,-4,-5,23,-1,18
0,-2,0,15,-7,13,-5,6,-15,20,0,-8
-7,-7,-6,12,-4,22,-24,7,-3,2,-17,-4
-15,10,-3,-7,1,16,-21,3,1,19,-7,12
-1,-2,-4,27,-14,30,-23,14,-7,12,-13,22
-2,-2,1,-2,-13,0,-21,7,-5,2,-14,10
-25,13,-1,12,-22,22,1,19,-4,-4,-6,15
-11,33,-7,10,-2,0,-11,29,-3,10,-7,-1
-4,6,-12,10,-7,28,-20,5,1,19,-5,3
-15,18,-8,6,-3,17,-3,14,-4,35,-6,12
-15,11,-2,15,-19,17,-5,16,-1,23,-5,22
-1,-26,2,-7,-6,-31,-7,-6,-3,-32,0,-13
2,-17,-6,-28,-21,-25,-6,-15,-3,-26,-1,-14
1,-12,-3,-22,-12,-33,-17,-17,-21,-21,-2,-25
-8,-27,-15,2,-22,-7,-20,3,0,-17,2,-19
0,-15,-18,-29,-3,-17,-3,-12,2,-16,-10,-29
-17,5,-3,-26,0,-21,-5,-4,-6,-19,-3,-16
0,-21,0,-17,2,-30,-15,-27,-8,-25,-7,-22
-18,7,0,2,-4,-16,-4,-29,-1,-19,1,-17
-7,-23,-1,-23,0,-6,-3,-15,0,-10,-2,4
-10,8,0,-23,-2,-16,-18,-23,-4,-8,-21,-11
-1,-19,-11,-2,-1,10,-17,-25,0,-23,-3,-20
-5,-23,-2,-14,-1,-24,0,-7,-2,6,2,-6
-6,-22,-3,-5,0,-15,1,-11,2,-22,0,-14
-17,-14,-6,-4,-11,-20,-3,13,-2,-17,1,-17
1,-13,-20,10,-4,3,-24,5,-6,-9,-16,-15
-11,-10,-24,10,-20,-8,-2,-7,-22,12,2,-4
-13,-4,-1,-19,-12,-14,-4,-16,-5,-7,0,-7
-15,1,-7,-13,-5,-12,1,7,-3,-1,2,-3
-15,16,-22,-6,-23,18,-19,9,0,-8,-1,-12
-6,-13,0,17,0,16,-6,-12,0,11,-2,-11
-6,-8,1,-2,-5,-16,-3,-5,-2,-4,-3,20
-15,-4,-6,1,-3,-7,0,-12,-16,-14,-6,2
-15,2,-5,1,-11,1,-1,19,-18,13,-19,0
1,-5,-2,19,-3,-7,2,18,-17,-1,-19,2
-21,24,1,19,-4,-6,-13,3,-2,-9,-2,17
-20,-10,2,16,0,1,-1,-9,-8,20,-11,-6
-20,26,-1,1,-20,-7,-21,9,-15,-7,2,22
-12,2,-1,3,2,5,1,-4,-1,20,-3,10
-5,-7,-23,5,-8,25,0,15,-15,11,-5,3
-2,-6,-4,-5,-2,10,-18,-4,1,24,-1,0
-2,-4,1,30,-13,-1,-5,-1,-12,14,-4,1
-4,-2,1,13,-4,12,-23,6,-1,11,-6,10
-10,30,-3,0,-4,15,-1,25,-5,11,1,32
-6,3,-3,11,-5,1,-14,0,2,1,-1,-2
-3,3,-5,-1,-6,1,-17,8,-1,17,0,3
-5,5,-1,32,0,16,-18,4,-1,31,-2,20
-6,0,-20,14,-6,12,-20,13,-22,12,0,12
2,-11,2,-25,-14,-2,-15,-12,3,-7,-5,-23
-10,1,-2,-4,0,-18,1,-3,0,-21,-1,-21
3,-10,0,-20,-19,-1,-19,-14,-3,-22,-1,1
0,-14,3,-33,0,-23,-10,-30,1,0,3,-5
1,-5,2,-20,-19,0,-6,-22,2,-23,2,-18
3,-8,-5,-6,2,-31,2,-27,3,-4,-2,3
2,-15,-3,-23,-4,-27,-19,-3,2,-2,3,-8
-4,-20,-9,-21,-20,-15,0,-28,0,-16,-2,-18
1,-16,-15,-11,-19,-24,-1,6,-1,-9,-2,-23
3,-18,0,-11,-8,-19,-20,-11,1,8,-4,-23
1,-3,0,5,-3,-14,-12,-23,1,-12,3,-21
-13,-9,2,-8,1,-14,2,-19,0,-8,-1,-23
-15,-8,2,-2,1,-18,2,-1,-2,8,-1,-4
-12,-14,3,-19,-13,-19,-11,-18,-20,-19,0,-10
-18,-22,2,-1,-2,-8,0,-11,1,5,0,-3
0,-15,-2,-21,-2,-11,-2,-7,-4,-4,0,14
-4,-15,3,12,-1,-7,-4,-12,-22,-4,3,-7
-3,-13,-7,-12,2,-18,-5,-10,-1,15,3,-19
-3,-13,-3,0,-10,-4,-18,-3,-5,-12,3,-15
-7,-17,2,16,1,-15,-15,-16,-5,-12,-22,13
-2,-12,1,5,-17,-14,-1,17,-22,-8,-1,15
0,-11,2,-15,-3,1,-10,-13,2,-11,-2,12
-9,-6,1,-2,-2,4,-2,-11,-3,4,-3,-3
-5,-6,1,-3,3,-8,-11,-9,-17,-10,-22,19
-12,-4,-1,3,1,9,-10,-7,1,1,2,20
-7,-4,-4,5,1,12,-6,-5,-5,-4,-5,7
-11,11,3,4,-5,-6,1,10,-17,25,-4,-10
-15,0,-4,9,-14,-5,-17,14,-1,-5,-10,3
-6,-7,2,1,-18,24,-18,3,0,10,2,16
-11,2,-4,12,-10,16,-11,26,3,27,-23,5
-10,11,-4,-1,3,27,-5,9,3,0,-4,12
-12,15,3,23,-5,23,-15,25,2,8,1,21
1,15,-19,7,3,25,-15,-1,-4,8,-3,11
2,10,-2,31,-18,30,-4,4,2,22,1,12
2,18,2,25,3,23,-4,8,-1,9,-5,12
-6,2,-20,11,-12,30,-4,27,-6,35,3,17
-15,18,3,2,-13,19,3,2,-20,27,-8,10
-5,-21,-21,-15,-14,-4,-2,-6,-9,-19,-19,-2
-21,-11,-3,-8,-6,-22,-16,-9,-6,-8,-8,-6
3,2,-14,-13,-2,-3,-2,-3,-22,-23,-2,-3
-3,-23,-17,-26,-5,-27,-21,0,-6,-14,-2,1
-3,-17,-15,-26,-15,-13,-2,3,-21,-14,-11,0
-9,4,-8,-21,-2,5,-17,-7,0,-5,2,3
2,-5,-2,-26,-11,-30,-13,-24,0,5,4,-19
1,-11,-17,-28,3,-17,1,-22,2,2,2,-18
-1,-11,-16,4,-19,-6,-1,-7,-13,-17,-14,8
1,5,-22,-24,-18,-19,-9,2,-20,-18,-5,-7
4,-15,-2,-15,-21,4,-6,-9,-4,-9,2,-4
-14,11,-4,-11,-21,-13,-21,7,3,-20,4,-23
3,-12,2,2,-15,-7,-20,-10,-2,-8,0,10
3,-12,2,-21,-12,-17,2,-13,-22,-10,2,-17
-12,12,2,-17,-20,-13,-16,12,-3,-17,4,13
-2,-13,2,7,-1,11,-2,-2,1,-20,2,10
-10,-4,-16,-18,3,-10,-1,-14,1,-12,-4,4
-4,-14,4,11,-3,0,4,17,-4,-5,2,-18
-4,-15,-3,-6,-1,2,-1,16,3,14,-9,-8
0,-10,1,5,-14,-3,-1,1,-1,2,-13,-9
-3,-8,2,7,-11,4,2,-16,3,20,-2,0
0,-9,2,3,-9,4,-9,12,4,2,4,5
-5,-7,0,22,-3,-9,-1,-10,-4,-3,-18,2
-12,7,-19,19,-20,19,-10,-11,-3,-13,1,2
-10,0,-10,-12,-20,7,-13,12,0,20,2,24
2,11,4,2,-4,0,-3,9,-3,3,4,-3
2,6,-2,4,1,4,3,-9,-1,-7,2,8
2,6,0,21,1,24,-17,13,2,-4,-1,0
-10,12,0,26,4,8,-1,23,3,16,-16,-5
2,19,-2,8,-20,20,-20,-2,0,29,-7,-7
4,7,-4,6,-13,29,-3,-2,0,14,2,11
1,10,-14,-2,0,28,-4,11,3,11,3,28
1,13,3,16,4,28,-1,31,1,1,4,6
-5,6,-22,8,4,16,-11,27,-19,7,-6,17
-11,20,-8,12,-12,16,0,1,-6,-2,-7,25
1,22,0,12,-21,25,-21,26,-11,24,2,31
-9,34,-1,11,-19,30,-1,9,4,31,-2,17
-12,-9,-13,-21,-10,-11,-18,-29,-3,-4,-11,-9
-2,-10,-4,-22,-20,-20,-16,-32,-10,-7,-16,-2
-3,-3,-9,1,2,-9,-21,-30,-21,-31,-3,-29
0,-10,-19,-29,-18,-32,-17,-12,-5,-13,-13,-24
-3,-8,5,-13,-17,-32,-20,-23,-19,-10,-6,1
-19,-11,-16,-21,0,-2,-18,-13,-2,3,-18,1
-7,-9,-6,-22,-5,-19,-8,-5,-8,-9,-12,-3
1,-6,-21,-8,-1,0,-5,-2,-4,-8,-13,-5
-5,-7,-7,-9,-12,4,2,-4,-6,-6,-20,6
-21,-23,-19,-4,0,1,-19,9,-2,4,-17,-25
-21,-24,-11,2,-1,6,-3,1,1,-19,-9,-13
-16,-3,-7,-12,1,-1,-10,8,-5,-16,-14,-3
0,-3,-13,-4,-12,7,-20,-8,-1,12,-10,5
-10,7,-19,-3,-5,-7,-18,-23,-16,-22,-20,-23
-10,9,-13,-4,-12,0,-5,-11,3,2,-11,12
-13,14,-10,-3,-5,-18,-5,-21,-19,-18,-7,14
2,-11,2,-18,2,10,-18,-8,2,-16,1,-4
-4,-15,2,11,-6,9,2,-16,-11,-15,4,-9
5,1,0,-1,-16,-9,2,10,2,12,-12,18
-4,-9,1,-3,5,17,4,-2,3,19,5,16
-17,19,0,4,1,20,5,18,0,-10,1,1
-15,3,-2,21,2,14,-17,13,3,-11,2,5
4,2,3,-3,-9,3,4,-14,-13,0,4,5
4,4,3,9,-1,11,1,16,5,19,-17,-2
5,0,0,23,4,-9,-14,-4,-17,0,-21,1
-1,-2,0,7,3,-6,2,9,-14,-3,0,-11
3,21,-1,2,-2,10,-1,-3,-3,19,-2,20
2,7,-1,8,-10,-5,1,-8,-1,-1,-2,-3
3,28,4,24,1,2,-1,2,0,27,-3,-8
-12,11,-4,22,-2,8,-2,-5,3,8,1,5
1,6,3,30,4,3,-14,-3,1,24,2,2
-5,12,2,24,-7,20,-3,14,-2,14,-16,27
5,22,-2,10,-1,10,2,31,-3,-4,5,3
-7,27,-5,19,-18,15,-6,30,-5,21,-10,27
0,31,-12,25,0,21,-9,14,-18,23,-14,32
5,28,5,14,-12,13,-2,12,3,7,-21,32
1,17,-1,5,-2,14,-3,2,4,1,-3,9
-17,-5,-8,-19,-16,-35,1,-20,-14,-11,-17,-10
-14,-5,0,-11,-17,-10,-18,-4,-20,-8,-3,0
-16,-6,-17,-32,-13,-19,3,-19,-7,-3,5,-32
-17,-6,-16,-20,-12,2,-1,-14,-2,-9,1,-5
-1,-10,-8,-8,-9,-17,-12,-18,-18,-26,-3,-28
-16,2,-16,-5,-18,-14,-6,-18,-13,-27,-19,-20
-15,-3,-15,-30,-9,-6,-3,-26,-12,-22,1,5
-9,-2,-17,-5,-3,-26,-15,-13,2,-4,-17,-29
-10,1,-14,-24,-6,-19,-9,-11,-12,2,-16,-19
-16,7,-18,-13,-2,5,-11,-12,-18,7,-20,-8
-9,-2,-4,7,-11,7,-19,-18,4,3,-13,-13
-3,2,-4,4,-18,-14,-13,-10,-15,-15,0,-24
-16,0,-8,10,-7,1,-9,2,0,6,-8,7
-3,3,-3,-7,-16,-1,-6,0,-5,4,-20,-9
-8,4,-18,-7,-17,-15,-13,3,-19,14,-19,-19
-12,4,2,1,3,3,-10,15,-19,-19,-7,5
-18,-2,-12,16,3,6,-11,11,-10,-4,-1,3
0,15,-18,10,0,15,-5,-17,-16,9,-13,-3
-18,17,-4,-17,2,9,-5,-9,-17,-18,-14,-18
3,7,-7,-2,2,6,-11,1,-17,14,-9,17
-7,13,-16,2,-4,-4,-20,20,-8,-4,-5,-8
-4,-12,-4,8,-5,3,-6,0,-14,7,-14,2
1,22,-4,1,-15,11,-19,-10,-17,-13,-19,12
-10,9,-16,7,-13,11,-16,22,-10,-1,-7,-2
5,14,5,-11,-14,23,3,-4,-18,1,-2,4
1,8,-15,19,-19,10,-6,1,-19,-7,6,1
-9,8,-2,-5,1,6,-16,-6,5,0,5,18
3,24,1,7,-2,7,3,13,3,12,3,25
3,26,-16,-1,-2,7,-20,18,0,-4,3,10
3,28,4,-4,-1,11,-15,24,2,22,-15,6
6,26,-1,7,6,-5,-3,3,3,25,5,2
3,31,2,11,-2,8,-9,4,-18,10,5,-5
-19,0,-1,26,-18,31,-14,15,-5,17,-12,21
-5,33,-7,13,-7,17,-18,27,-11,18,-12,12
-5,6,-15,31,-3,18,-4,28,-16,-2,-6,28
-19,21,-20,1,-19,5,-15,4,-7,10,-7,30
-10,31,-3,22,-3,14,-8,22,-11,8,-5,30
-2,-6,-9,-19,-3,-10,-12,-5,-13,-29,-2,-7
-17,-16,-5,-31,-3,-8,-9,-1,-10,-15,-11,-6
-13,-7,-2,-32,-14,-13,-12,-14,-11,2,2,-32
-2,-5,-19,-6,-6,-20,-11,-7,0,-26,-2,-20
2,-8,-4,-5,-18,-12,-15,-7,-6,-25,-8,-13
-14,-2,-10,-29,-4,-29,-8,-7,-13,-1,-13,2
-14,2,-13,-16,-19,-8,-13,-12,-5,2,-19,-1
-19,5,-16,0,-7,-1,-13,-29,-7,-28,-5,-29
-12,1,-13,1,-16,8,6,3,-3,-20,0,8
2,-1,-11,-17,-9,4,-9,-2,-2,-16,-17,-10
-16,0,-6,-1,-10,4,-9,0,-4,-20,-10,-16
-15,7,1,-15,-6,-18,-10,8,-2,-24,-18,2
-10,5,1,-15,-13,6,-10,-15,-7,-6,-13,-4
-13,-2,-9,-19,-17,-22,3,4,-19,-3,-18,8
-12,10,-11,8,-19,1,0,4,-12,-1,-14,-19
-13,12,-8,5,-13,0,-6,-11,-14,-19,-7,0
-3,6,-2,16,-1,0,-18,-10,-9,16,-3,-12
-12,14,-18,-11,1,-1,-14,-2,-10,17,-4,-17
-16,16,1,-17,7,4,5,4,-11,0,5,-16
-1,9,-6,-3,-4,5,-6,19,-8,5,-8,9
-10,14,-13,17,2,15,6,17,1,16,-4,0
-1,10,-15,1,-13,16,-10,-7,-5,1,-11,13
-1,20,-4,3,-15,5,-18,16,-7,22,-14,-9
-12,13,-11,14,-19,-9,2,9,-4,-3,-3,9
-19,-9,-3,15,-3,3,0,18,-8,12,-18,24
-12,14,-15,14,-4,9,-11,25,-14,12,-18,10
-9,22,-7,21,-19,-7,-4,5,-16,8,-14,-10
2,6,-16,4,-3,26,6,1,-6,27,-2,18
-3,-3,6,22,-1,0,-11,21,7,15,6,7
2,13,5,7,7,23,2,-6,4,21,4,-5
2,6,1,7,-18,25,0,9,7,29,-8,19
2,6,4,29,2,30,0,9,1,0,6,24
-8,25,-17,31,1,18,-5,4,-2,19,-14,15
-4,21,-12,23,-17,-1,-10,24,-14,-3,2,18
-14,17,-15,7,-6,22,-15,5,-14,19,-7,10
-10,23,-11,12,-8,15,-15,25,-12,19,-16,0
-17,2,-16,23,-1,24,-5,11,-10,22,-18,35
-14,-11,-11,-24,-8,-26,-17,-35,-2,-8,-15,-5
-2,-10,-4,-18,-5,-31,-2,-14,-13,-30,-4,-12
1,-2,5,-16,-7,-33,-18,-16,1,-31,-11,-27
-3,-11,3,-30,-9,-33,7,-3,3,-20,-5,-32
-8,-8,7,-27,1,-31,-1,-25,-2,-31,7,-2
-10,-5,-9,-30,-4,-3,-9,5,-4,-11,-1,1
-11,0,3,-1,-12,-1,-6,-6,0,-4,-16,-3
-11,-8,-6,-21,2,-18,-2,-5,1,4,-16,-3
1,-7,-10,-27,-9,-4,0,-4,-18,8,0,-6
-17,-26,-18,-23,-18,7,-3,-6,7,-16,-16,-19
-11,-4,-4,7,-18,-11,-8,4,-16,6,3,-2
-13,-5,-13,4,-15,-21,-4,11,-6,-1,2,-2
-13,-3,8,9,-18,-10,-13,-5,0,10,-11,-19
-13,5,-10,-19,-12,0,-10,-15,-8,0,-3,3
-3,6,-4,-19,-16,1,-9,-12,3,8,-14,5
-5,4,2,-1,-2,-13,-8,7,-12,-4,-10,0
-17,-1,-1,-20,-13,-19,-6,-2,-9,-18,-11,-18
-2,11,4,2,7,-11,1,4,-17,11,-4,-3
2,4,4,-14,-8,-1,-6,16,-7,-7,-9,-14
-7,11,-11,-8,-9,2,-15,10,-5,-7,8,4
-10,6,-9,9,-4,20,-10,12,-7,11,5,10
-1,8,8,-10,-16,-5,-11,21,-11,-2,-13,3
-2,13,-10,-12,6,14,7,0,-3,-2,2,5
-4,16,-3,-2,-18,12,-16,-9,-4,-2,1,20
-2,24,-6,-10,-1,-1,4,-10,-12,12,0,17
-2,23,-15,11,-16,19,-2,-8,-18,11,-5,16
1,26,-1,2,-17,-9,-18,19,-3,-1,-12,5
-16,-8,-6,4,-9,12,-9,13,-2,-3,-8,11
-16,28,-18,15,-8,15,-7,24,-10,23,-8,4
-14,15,-5,13,4,21,-13,19,-5,17,-6,16
-16,15,-7,22,-3,13,-1,27,-18,28,-11,-2
2,25,1,24,-7,24,-4,11,-14,3,-7,11
-1,20,-4,25,1,17,-9,16,-12,19,-16,14
-17,31,-12,15,4,23,6,22,-10,1,-5,5
-13,31,-3,4,-4,25,-2,7,-2,28,-15,34
-16,21,-2,27,1,35,2,32,-4,20,-16,9
-4,32,-8,10,-1,24,-10,22,1,32,-18,24
4,-8,8,-17,-5,-22,-14,-1,-7,-31,-11,-15
-8,-13,1,-35,-13,-9,-5,-18,-1,-28,-4,-33
-7,-11,-11,-21,-11,-21,-16,2,-7,-14,-17,1
-1,-18,0,-18,-5,-12,-5,-24,-6,-19,-16,-8
-2,-7,-8,-25,-6,1,-13,-24,-6,-6,2,-8
-15,-31,-2,4,6,-4,5,-12,-14,-2,-4,-27
-16,5,-4,-27,-14,5,-7,-22,9,-11,6,-20
-17,6,1,-12,-13,-23,5,-20,-17,-10,7,4
-17,-4,-14,-24,-6,-14,-12,0,-4,-22,-15,-17
-5,1,-10,9,-16,-20,0,-3,-11,-16,-7,4
3,3,-7,-5,-11,0,-2,-9,1,2,-14,-9
-16,-5,1,-1,6,-18,-16,9,1,-5,-13,-21
-15,1,-10,4,-3,-20,-3,-19,-1,9,-11,-17
1,7,9,-11,8,-6,-3,-16,-5,-13,6,-6
-13,5,5,-16,-1,-16,-6,-16,-4,6,-7,-7
1,0,6,4,-1,-20,-6,-11,-3,-12,-5,13
5,5,6,-13,7,-17,-5,10,-6,-11,1,0
-7,8,-8,7,8,-13,-17,12,-13,-2,-8,-2
-7,8,2,-10,9,10,-7,13,-9,-2,-14,-15
-1,5,-13,-9,9,0,-13,-16,-9,-8,-13,-12
-3,9,-12,19,-12,7,4,11,0,2,-3,20
-10,16,-17,0,-7,18,-12,-14,-6,17,-13,13
-16,11,-15,18,-7,14,-15,20,-9,10,-8,-14
4,14,-16,2,8,7,-10,21,-2,18,-6,0
-17,7,-3,19,-14,3,-2,16,-16,16,-9,6
1,24,-12,25,-13,-9,-11,-1,-4,12,-8,-6
-12,16,-17,20,-13,26,-16,15,-1,2,-4,15
-17,9,-14,27,-14,8,-13,7,-4,-5,-6,-6
0,27,5,1,0,4,1,18,-5,25,-6,-6
1,29,-6,15,1,28,9,-2,-15,29,7,20
-4,18,-4,3,-9,15,1,16,-7,19,-10,21
5,21,-2,11,4,19,-1,0,-4,29,-12,11
-14,25,-11,24,-17,16,-13,5,5,17,-1,27
-16,27,-3,9,-17,28,-4,12,-9,8,-1,25
-14,18,-11,15,-7,10,-2,30,-3,6,-7,26
-14,23,-8,20,4,20,-12,-1,-8,31,-13,17
-9,23,-1,30,-1,14,-7,29,4,28,-6,28
-8,-6,1,-2,0,-31,-1,-35,1,-7,-10,-25
1,-1,-7,-21,-5,-9,-4,-12,-5,-18,-9,-35
0,1,-4,-4,3,-3,-1,-5,-16,-25,-10,-4
-3,-10,1,-7,-11,1,-14,-22,-2,-32,-9,-9
6,-8,-8,-6,1,-13,-7,-18,-6,-23,-11,-25
-12,-10,-9,-14,-15,-7,-2,-28,-9,-3,-5,-25
-16,-10,-12,-1,-3,4,8,-21,4,-28,-2,-12
-15,-11,4,-21,-6,0,-7,-6,-5,6,0,-19
-16,-23,-6,-21,1,5,-14,7,-5,-12,6,-21
-7,-1,-15,-5,0,-3,-1,-14,-8,-14,-6,8
-4,-1,5,-2,2,1,-3,-2,-9,5,7,10
3,9,-5,-24,-2,-12,-16,-20,-8,-23,-16,11
3,9,-15,10,2,2,0,-10,10,-19,3,4
3,7,2,4,-1,-18,-1,-16,0,2,-2,-22
2,10,7,-14,-13,1,4,7,5,2,-13,-7
0,11,-1,10,-7,2,-1,-13,-9,4,-8,10
1,12,-3,-18,-2,0,-1,-16,-11,-3,-4,13
1,6,1,-14,-2,-5,-2,10,-13,15,-13,1
-8,14,-15,-8,-1,5,0,-16,9,-15,1,-4
-10,3,3,-14,-4,15,-1,-11,-10,-3,-6,-8
-13,3,-16,-15,-6,9,-14,-13,-12,-6,-7,17
5,7,7,12,-6,11,-7,4,4,13,-9,-7
-5,12,-16,22,1,7,-9,19,-4,17,-10,5
-7,10,3,22,-3,19,-16,-10,-1,11,-13,-5
-5,13,-11,0,-6,12,2,11,-3,21,2,23
1,10,-5,3,-11,-6,-1,-11,1,5,-4,5
-3,18,-8,2,-9,18,3,15,-9,20,-7,-3
-13,16,-6,4,-3,20,0,14,-14,-7,-1,23
-4,15,2,-6,-2,9,-2,17,0,27,-5,3
-3,15,-1,21,0,22,1,15,0,7,-15,-5
-1,17,4,23,-10,13,-1,14,-3,7,-16,12
-11,26,-13,25,-2,30,-12,14,-10,7,-2,1
3,24,-14,2,7,19,1,11,-16,10,2,32
-14,26,6,0,-8,7,-4,10,-4,32,-9,33
-15,27,6,24,2,19,0,5,-16,4,3,23
0,30,-10,6,6,21,3,35,-4,28,-3,33
-4,27,-16,22,1,10,-10,13,-4,11,-5,14
-13,-5,-8,-12,-4,-23,-3,-10,-6,-35,-3,-31
4,-11,-15,-7,5,-31,-14,-9,-9,-17,11,-1
-13,-7,-4,-31,-3,-7,1,-9,-12,-4,7,-16
-11,-7,-5,1,5,-5,5,-24,-14,-22,-5,-9
-9,-6,2,-11,-1,-25,-1,-28,-12,-11,0,-19
-12,4,-13,-10,2,-3,8,-5,-11,-9,-11,-7
-1,-18,0,-12,-7,-4,1,-20,-15,-30,-4,-22
1,-27,-1,-11,-8,-7,1,-21,-3,-13,-14,-25
0,-9,-11,7,0,7,-1,-10,0,-15,5,5
-2,3,4,-1,4,-2,2,8,-2,2,7,-1
0,-6,-9,5,0,-16,0,-3,-11,3,-15,-6
-3,10,-4,5,0,8,7,-1,0,3,-3,-22
2,-5,1,-18,-15,-17,-14,-21,6,1,-8,-10
0,-20,-2,4,-2,-1,0,-12,-1,-11,-8,5
-6,-1,-2,-14,-1,-1,-15,-16,-4,-15,-9,-17
-1,10,-8,4,1,1,-14,-21,0,5,1,3
-1,-3,-11,-15,0,-17,-4,7,5,-6,3,7
-8,0,2,-9,3,4,-3,9,0,17,6,-9
7,10,-12,-8,0,16,-9,-10,0,2,-3,-16
1,-1,3,11,-1,-11,-4,18,-9,-15,-13,14
-2,15,1,19,-3,8,-4,2,-8,-11,1,16
-3,15,-2,3,-1,-14,-5,20,-11,20,11,-9
0,-12,-6,5,-7,-3,2,12,-5,16,-3,4
-4,20,-9,22,6,-12,-7,20,-7,8,-12,-9
5,23,9,18,-4,16,-1,-6,-10,22,-2,1
-12,-11,7,-6,1,-7,-6,21,-7,6,1,23
0,4,-11,-7,-11,24,2,4,8,17,-6,16
8,17,-8,-7,8,4,-4,5,0,-6,5,-1
-7,25,-10,23,0,9,-10,28,-8,14,5,13
-7,17,-13,20,-10,12,4,5,-15,0,-11,14
-1,18,-6,17,4,29,5,30,-14,17,-15,15
-13,27,11,12,-8,13,-7,13,0,3,-3,22
3,24,-2,28,-15,7,1,29,-13,17,-5,10
4,24,5,25,4,24,-15,16,-9,6,-9,28
-15,30,-15,6,6,9,-4,18,-8,13,-14,6
-13,27,-5,4,-15,1,-3,19,8,2,-7,21
5,26,-2,33,2,9,3,30,2,28,1,0
-14,-11,-6,-12,8,-6,-14,-14,-1,-22,9,-31
4,-8,-5,-15,-12,-14,8,-15,-6,-3,-10,-21
-14,-4,11,-27,9,-30,11,-25,-2,-27,6,-20
-11,-1,6,-11,3,-29,3,-15,-2,-16,-9,-8
-11,-31,8,-7,3,-10,-6,-26,-11,-23,-6,-9
-2,-9,-9,-11,-4,-28,-2,-24,-11,-24,-2,4
10,-6,-11,-3,3,6,-2,-9,-13,-17,0,-17
6,-13,5,-12,-3,6,-1,-22,-5,-12,-1,-5
11,3,-1,-17,8,-25,8,-20,-8,1,-2,-22
3,-10,-2,-5,7,-10,-13,-6,-4,-14,2,-22
8,-10,-9,-21,6,-11,-4,-2,-14,-21,-1,-20
-2,-23,-3,-16,-13,-3,-14,-4,-7,-11,-13,-24
11,3,-5,-21,-9,5,-13,5,-4,-3,-1,-5
-7,-13,-13,8,3,-6,7,-13,-1,4,-12,-17
-4,-16,-4,11,-13,-12,9,12,2,-4,5,0
1,-20,-5,11,-2,-13,-11,-16,-14,4,-10,2
3,-7,-1,-15,-13,-9,6,8,3,15,-2,10
4,-7,-1,-15,8,-15,-4,-17,6,6,-7,-2
0,-7,2,-15,12,13,4,-14,-2,-3,-1,-1
-1,1,1,3,10,1,11,2,6,-16,3,-5
-7,18,-3,15,10,19,7,-14,-9,-8,-1,-7
-3,-9,11,-9,-10,2,9,3,-12,13,-5,-14
-3,-14,2,-3,-5,15,-9,0,9,8,0,3
-12,-8,-2,-6,-4,0,-5,12,0,18,-9,11
10,2,-5,-2,-1,-1,6,20,2,14,-5,1
6,4,-1,15,-2,18,-3,12,-1,7,-3,24
12,18,1,19,-2,12,0,7,-6,-5,-13,12
8,2,12,14,2,27,-9,9,2,-6,-13,10
-13,15,-9,26,-10,17,-7,11,-4,23,-4,-3
-14,-7,-8,12,0,16,-14,16,0,27,9,17
3,27,-14,0,3,21,1,13,-10,15,4,15
-5,23,6,25,-2,7,2,23,-12,15,3,17
-14,24,-13,7,-9,3,-3,27,-7,12,-2,10
3,26,-5,-3,-3,16,-10,28,-7,26,-5,29
-14,25,-6,7,0,32,3,18,1,2,-2,27
-13,32,-12,7,1,0,11,7,-7,17,-14,7
5,23,-9,17,-9,20,10,34,0,36,4,34
6,-10,3,-28,-9,-1,6,-3,-1,-27,-9,-5
6,-6,-6,-27,-11,-35,-5,-19,-9,-22,3,-34
7,-9,13,-18,0,-25,6,-10,7,-19,-7,-33
-1,-9,3,-12,0,-16,-11,-9,2,-19,-11,-8
8,2,-10,1,-12,-18,4,-29,-11,-24,-11,-4
5,-20,9,2,-7,-19,0,-1,-9,-22,9,-3
7,-20,-6,-12,12,-2,8,-6,8,-7,-4,-16
9,0,-7,-28,6,3,9,-16,-7,-24,8,-4
5,-18,3,-4,-1,-24,0,-27,-5,7,-5,-18
2,-20,-12,-18,-1,-20,-6,-27,-3,-17,-4,-25
13,8,2,-13,12,-24,9,6,4,-9,2,-20
13,-15,-9,-23,8,1,-11,-23,-2,-17,3,-13
13,11,5,-15,-8,4,4,-19,9,-7,-13,-1
-3,-14,-6,-9,10,-17,-7,5,13,-14,-4,-17
10,-1,-12,-15,-13,-10,-7,13,6,-12,4,8
5,-2,-8,0,8,-18,-9,1,-7,-15,-11,2
7,16,-4,4,-5,-14,3,2,-13,-16,-2,4
9,17,-5,13,-3,3,-5,-10,-3,0,4,17
8,14,-3,17,-6,-9,1,17,-1,9,-6,0
7,-3,-10,-9,6,-6,-1,-9,4,-11,-7,-9
13,9,-2,-5,-6,-3,-7,-15,-9,20,2,13
-9,3,13,19,-3,6,13,17,-13,-5,-7,-11
13,-7,-13,-9,-7,6,10,9,-1,18,-9,6
-2,-8,-6,-3,-2,9,-2,-1,-13,-1,-8,-7
3,-4,-4,17,-13,16,-11,15,4,-12,-2,-7
11,23,-1,15,13,-5,13,13,-7,10,-10,-5
13,-7,6,24,13,2,8,5,-8,19,0,26
11,1,-8,-7,-6,20,-11,20,10,-3,0,26
2,27,-3,22,4,15,9,20,7,23,-5,3
1,16,-13,17,-6,13,2,7,9,20,1,14
-5,23,-11,-6,1,26,1,15,6,24,3,15
-9,26,-12,-1,9,4,-9,18,-4,24,-5,1
-12,24,-2,29,-2,23,9,22,0,22,-1,5
-13,26,-10,22,5,22,4,13,-13,-1,8,19
-11,31,5,28,-9,22,-8,23,8,20,-7,14
-12,31,5,35,-6,33,-1,13,-5,9,9,-1
3,29,0,19,4,18,0,12,-12,14,7,25
-11,-5,14,-28,13,-22,6,-7,-2,-19,-7,-13
3,-6,13,-27,-2,-21,-10,-28,13,-14,12,-32
-12,-1,-5,-2,-7,2,-2,-19,14,2,5,-10
-7,-10,-9,-15,0,1,-4,-10,-4,-14,2,-22
5,-14,6,-21,-12,-6,-2,-31,9,-6,-12,-32
6,-16,-12,-5,-8,-3,11,-26,-4,-16,-6,-21
13,5,-11,-6,7,-8,-12,4,-3,-18,-5,1
10,4,6,-9,-2,-22,-1,7,-5,-29,-3,2
14,2,-7,-19,6,-18,12,8,5,-8,10,-27
-3,8,-5,-26,14,-18,-7,5,-5,-18,-7,9
2,-10,13,-23,1,10,1,-22,2,1,-7,-15
11,-13,0,3,-5,-2,-4,-13,-7,-14,-12,9
11,7,11,-1,1,-18,-3,-24,10,-22,-1,-2
-6,-18,0,-5,-9,-17,12,1,-3,3,-2,-17
1,-12,-1,-5,-11,1,-10,-12,-1,-7,8,13
0,-11,9,4,6,13,-9,2,7,5,2,13
4,-1,-10,16,-3,8,-9,-17,-2,-12,3,-11
7,-2,3,5,5,13,9,10,1,-16,6,4
-8,-18,10,6,13,17,6,7,3,12,-9,1
8,-5,3,-14,5,-10,-1,-1,5,-8,2,5
6,-7,1,19,-3,-4,-5,11,2,-1,-3,2
-2,-15,-7,9,-5,1,-12,-1,-2,11,4,2
14,3,0,-5,4,17,-6,22,8,9,-12,-5
-9,-7,8,23,11,8,-9,11,-1,8,7,-3
13,11,2,8,14,15,1,-12,1,13,-2,-4
-9,-9,-5,10,1,17,5,8,3,6,-9,17
-2,-9,4,8,2,2,-1,-10,4,26,10,12
-7,-8,-6,6,-5,3,-6,3,-11,6,-9,21
3,9,0,21,-3,17,10,17,-5,18,-11,15
-7,17,2,15,-2,4,-5,2,-1,16,-6,27
4,22,-2,5,7,24,-10,12,-7,20,3,15
6,18,-6,19,3,16,-10,14,-8,13,-12,1
5,32,-8,-4,2,7,7,17,-7,16,-5,22
-8,27,-10,4,-10,26,-9,-2,4,13,10,24
-8,27,-8,8,-4,25,-7,21,-4,23,-11,22
-7,29,-2,15,4,27,0,24,-2,26,-8,-1
6,29,-8,1,-12,8,6,14,-5,24,-1,12
-10,-9,8,-32,11,-31,11,0,13,-19,12,-27
10,-10,13,-27,-1,-30,11,-29,-8,-15,4,-17
-11,-8,13,-14,-6,-16,9,-7,-9,-29,-2,-31
11,-6,-9,-15,-10,2,-2,-32,7,-3,-3,-14
6,-12,3,-8,-5,-26,12,4,-3,-3,6,-6
0,4,8,-6,11,-24,3,-11,7,-28,3,-3
9,-11,-10,-28,5,-28,2,4,8,-21,0,-21
9,-18,-6,-23,3,-29,-11,-27,14,-10,1,-22
15,5,-4,-13,6,-28,15,-17,3,-6,-8,-26
14,7,4,-27,7,-10,-3,-7,-4,-20,-4,-21
11,9,6,-23,-7,-14,5,10,-1,9,0,10
11,-20,-8,9,2,5,9,-17,-9,-21,1,-24
13,-11,-10,9,1,-24,2,-5,3,-11,5,-6
0,-6,0,1,-4,-19,6,-11,7,8,-4,-12
8,-10,10,5,12,12,2,-8,-8,-17,-3,10
4,-21,-5,6,9,-11,9,2,0,-1,-1,11
7,-7,7,2,-3,-4,13,15,8,15,-3,6
11,12,-8,-18,0,-2,-2,-14,5,-2,-1,4
7,-2,-11,-6,14,14,6,-1,10,9,-10,10
5,1,0,-17,-2,-16,-6,-15,6,-7,4,17
13,-16,-11,3,-4,5,-3,1,-9,13,10,10
-4,-10,1,4,-5,18,12,-6,10,18,-3,-10
3,-5,-9,8,-10,14,14,20,4,-9,3,6
11,-10,3,2,-4,18,-1,6,-11,17,-9,-4
12,16,-2,18,15,6,-5,21,-7,8,-10,-6
-3,23,-9,-1,-10,16,9,14,2,21,14,15
-5,-9,8,0,11,-9,8,6,-6,9,-9,-9
14,-4,-1,13,8,14,2,26,4,10,2,24
4,24,-10,-7,5,2,-6,22,-6,1,2,13
-8,16,-1,5,5,16,11,16,11,15,2,22
5,27,-7,18,4,0,-11,-5,-8,-4,2,22
-5,27,-10,-2,-8,3,-11,28,-9,30,5,10
-7,19,5,21,-11,2,3,10,-3,16,-8,31
-5,26,-11,4,-7,20,-3,29,-3,19,5,4
8,33,-2,2,-6,0,5,10,-11,27,-5,20
8,30,-4,22,3,4,10,29,-4,33,4,18
-3,21,11,23,3,16,2,21,9,29,-11,7
-7,-6,5,-34,-4,-28,-5,-16,1,-32,-8,-24
-8,-5,-9,-30,2,-9,7,-4,-1,-26,-5,-23
-8,-8,10,-28,-8,-22,7,-2,-5,-28,-8,0
5,-18,9,-12,15,0,5,-8,-10,-16,1,-10
2,1,3,-22,14,-1,8,-29,-3,-21,-3,-3
11,-1,-2,-8,-10,-2,-5,-23,4,-25,5,-3
2,6,1,-7,-5,-26,-4,2,-1,-3,0,6
12,-14,5,4,15,5,3,-13,3,-20,-5,-12
10,-15,-3,1,0,-1,-4,-22,5,-17,11,-10
16,9,-4,-11,1,-15,13,0,7,6,-9,-10
9,-10,7,9,-4,-25,12,-26,1,5,7,-7
10,-21,0,4,8,-19,-1,-9,-9,-8,4,-16
14,-6,9,9,-8,-10,-8,2,0,0,5,-4
-5,-18,5,11,-10,-10,11,-16,-5,12,-8,-23
-3,13,1,5,-8,-16,-3,-15,1,12,0,-11
10,-3,-8,-10,-1,-1,3,7,-6,-17,-1,13
8,-2,-5,-4,16,-9,-8,8,1,10,11,3
5,-14,2,13,2,-10,13,0,4,-1,-4,10
9,2,1,-2,16,-16,14,9,3,12,2,-14
3,4,11,-9,-8,-4,12,-10,-3,-16,2,-6
-1,-8,10,15,7,-15,1,-14,-3,-13,4,-8
-4,0,-3,-15,-5,7,0,-9,8,-6,-1,6
15,7,2,-2,13,5,-5,-8,2,-6,1,-13
2,6,6,13,3,20,2,-2,-1,2,-5,8
1,-1,12,16,-1,14,-3,9,-5,16,1,19
-4,24,-5,-3,12,5,-7,4,5,21,-3,9
-2,-9,5,4,-5,1,7,-8,5,8,1,-10
12,23,1,1,-9,-6,6,-3,-1,14,3,11
4,18,-4,3,-10,16,4,-6,-9,14,-1,15
13,18,8,19,-2,13,2,25,-9,0,10,23
-3,17,13,18,10,27,-6,18,-9,29,4,13
-1,20,12,22,-8,15,-10,2,5,11,-1,6
-4,18,0,19,-2,19,4,20,-7,20,8,21
-4,21,-8,-2,11,19,6,17,-8,-3,5,14
6,21,2,21,2,23,-10,33,-9,3,-10,9
-10,5,7,32,-1,35,8,11,-2,33,-3,18
-9,36,3,22,12,25,4,19,7,2,1,21
11,-8,5,-30,-1,-8,-7,-3,3,-22,5,-4
-3,-7,-4,-10,16,1,17,-7,-4,-20,0,-23
-2,-6,5,-33,-4,-7,9,1,-7,-17,13,-10
11,-1,-2,-14,5,-30,1,-20,13,-10,-7,2
1,1,6,0,1,-16,8,-21,10,-11,14,-9
7,-11,9,-8,8,-18,-6,-2,-8,-10,0,-16
13,-16,4,1,17,-10,-8,-25,-1,-18,-7,-9
16,-15,-7,-26,7,1,-2,-23,9,-4,-1,-17
-2,-10,-6,-21,16,1,15,5,7,1,-1,2
13,-8,-2,-23,-6,6,17,-18,-9,6,-1,-14
14,-4,1,-8,11,-18,8,-1,7,-5,5,-22
5,-22,10,-1,17,-12,0,4,17,-25,1,-15
15,11,4,-24,16,-11,-5,-22,7,10,11,2
15,5,-1,2,16,-18,-8,-9,7,-1,-5,-22
15,-16,11,12,7,12,6,0,0,-12,4,8
13,-8,8,-4,-6,-21,-2,2,5,-11,-4,6
10,-7,7,-11,3,-17,-1,14,-5,3,-3,-2
10,-5,-9,15,7,1,15,-12,4,-11,0,-3
2,18,4,5,4,-6,-3,3,10,10,-9,-3
12,1,1,-16,9,-8,-8,-15,-5,-3,-9,-13
12,-13,0,20,-2,10,-3,-5,0,-3,-2,14
-4,-13,-4,12,0,0,0,-3,8,19,-9,16
-6,-9,0,19,-8,20,3,-2,17,-1,12,-10
16,15,-5,10,15,-12,17,1,-1,15,-6,11
3,-5,1,8,-3,20,17,10,4,3,10,17
17,16,8,-3,8,23,-1,-1,-3,2,9,17
1,-3,-7,3,-5,10,7,19,3,11,7,15
3,20,4,20,-4,8,8,18,3,-3,1,21
-1,19,3,25,-6,16,-2,10,-1,15,-3,1
8,15,-2,26,10,17,-1,24,-5,12,5,7
9,16,4,30,-3,28,0,20,-8,-6,-8,-1
6,21,6,16,-7,-2,-8,2,14,19,-4,-4
-9,18,-9,13,6,11,15,-2,3,24,6,20
-8,18,-9,17,11,27,-1,18,2,26,-4,19
-8,24,-4,16,8,23,2,27,-6,21,10,24
-9,35,-4,25,7,8,15,28,-4,24,0,34
9,33,3,6,8,15,3,10,-7,24,-6,25
-1,-9,3,-11,7,-9,18,-18,3,-36,8,-33
5,-9,-3,-20,13,-35,-3,-22,16,-34,-6,-32
0,-3,9,-11,-1,-23,10,-34,-3,-7,9,-16
6,-14,13,-12,2,-25,6,-6,18,-30,5,-11
9,-21,8,-30,-7,-23,-5,-26,-8,-24,7,-27
8,-22,8,-15,-3,-23,3,-27,10,-4,3,-24
12,-10,5,-2,18,-15,0,-11,9,-11,6,-20
5,-25,8,-25,5,-19,9,5,-2,-1,1,-20
15,1,5,-27,-8,2,17,-26,6,-24,15,-16
3,-17,-5,-7,13,-15,0,-27,-1,8,-1,-2
16,4,11,-17,17,-1,17,-15,-6,4,-4,-18
5,-19,10,-22,-2,2,3,-20,-3,-21,-4,-13
6,-20,-4,-2,-2,-20,0,-11,6,11,11,7
-4,-21,3,-17,18,-16,-6,-14,1,-18,7,0
16,-17,4,-1,13,5,12,-11,1,-15,3,-18
-8,-14,-1,-8,3,9,6,-12,3,-3,13,9
14,14,-2,10,-1,15,14,11,-6,6,8,-11
5,-7,8,-9,4,-8,-8,-8,7,-12,-8,9
17,15,0,4,0,11,-1,17,5,17,2,1
16,12,-3,-13,1,-11,6,11,-8,-16,5,-2
14,-16,3,20,3,2,18,0,1,19,-3,13
-1,0,13,-6,15,3,6,15,-1,-5,2,11
17,-12,3,6,0,-1,-8,16,-3,4,-3,-4
14,8,-8,-4,6,-3,6,-13,2,5,4,-3
-5,-9,-6,-10,-4,-2,12,14,9,18,-7,21
2,7,16,-5,-4,4,-3,22,3,8,1,17
-6,-3,0,4,0,8,-2,4,11,17,-2,25
3,14,-2,25,-2,1,5,9,9,16,-2,17
-3,17,-8,10,7,4,2,15,-7,-7,-6,12
7,27,7,23,7,9,18,13,-5,15,-3,23
1,25,6,30,7,24,-2,16,0,20,6,27
8,19,2,19,12,16,3,20,-8,13,0,15
7,23,13,18,-6,32,7,-1,9,18,1,25
-4,16,-2,19,-8,2,12,-1,-4,31,4,16
12,22,7,5,8,30,12,18,-6,5,-2,22
-8,30,-7,-1,0,30,10,20,3,12,9,5
-2,31,1,22,4,18,7,24,1,34,8,11
7,-14,-4,-10,8,-32,0,-14,14,-29,-1,-30
-6,-35,8,1,-1,-10,9,-9,3,-7,1,-34
8,-13,-6,-20,6,-16,10,-26,9,-23,3,-12
6,-1,-1,-10,12,-7,11,-5,8,-10,-5,-31
8,-14,-7,-22,18,-1,19,1,3,-17,-1,4
6,-11,-3,-25,4,-28,3,-10,6,-19,15,-12
14,-16,12,-8,-7,-20,19,-17,0,6,5,-4
1,-14,9,5,3,-29,-4,-19,-5,-18,-6,-22
2,-13,-1,-16,6,-26,4,-17,5,-3,15,-18
19,4,2,-15,13,-26,18,-24,13,0,6,-20
19,-11,-6,-10,-5,-10,2,-22,10,-11,3,-24
-7,-13,-3,-10,-6,4,12,9,-3,7,-4,-16
7,-24,7,-19,0,-17,15,-14,4,-22,6,-1
-7,-8,2,11,11,10,4,-2,7,-23,3,-22
-7,-12,2,-17,18,4,10,-21,-3,11,10,-21
9,-20,0,-14,18,6,11,13,11,1,2,3
15,-2,-6,-1,18,-1,1,-5,12,5,-7,-18
12,-8,-1,-10,13,7,-3,11,-4,13,4,8
16,9,3,-12,-1,18,18,10,12,-10,3,-11
17,-6,4,4,15,-11,15,1,-2,19,3,4
7,-9,3,20,17,14,-2,19,3,-15,-5,3
3,-13,6,15,6,-10,18,3,-1,5,13,-13
-4,-10,6,-1,6,21,12,-3,2,19,4,6
18,16,0,-8,7,11,19,2,17,17,13,19
-1,4,9,8,-5,-4,-7,20,-1,24,5,13
18,13,12,21,-2,20,19,8,3,-8,-4,22
6,-9,-2,13,19,-2,-5,11,10,-6,3,7
10,-7,1,2,4,1,-5,-8,17,10,11,1
4,26,-1,13,7,-6,-6,27,-2,-5,18,15
-2,28,-7,28,16,9,9,11,6,-2,6,-7
-5,18,-3,28,-3,12,1,19,5,17,-7,-1
7,22,2,26,-5,19,-4,17,-2,26,0,30
7,24,-6,14,1,20,8,26,2,27,-3,15
1,25,8,19,6,23,2,27,-6,6,10,18
13,21,10,12,10,24,-1,22,12,34,5,22
13,26,9,13,-4,20,-3,-1,10,11,-3,33
0,20,5,16,-1,9,-6,6,-1,26,16,25
4,-6,11,-4,6,-21,4,-14,13,-13,2,-20
9,-22,5,-28,-1,-35,3,-7,20,-10,6,-3
-5,-31,8,-6,8,-4,12,-2,-6,1,-1,-8
6,-1,-1,-22,-2,-24,15,-8,6,-31,-6,-6
9,-28,11,-12,-5,-15,-3,4,9,2,19,-29
4,4,0,-25,1,-21,15,1,8,-3,1,-10
15,-20,8,-7,17,2,-6,-15,11,-3,-5,-16
-1,-20,19,-4,1,-24,16,-12,0,2,-5,-19
17,-27,19,6,17,7,-4,-20,19,-21,16,-23
3,-8,13,1,19,-6,19,-6,-3,-1,11,-18
7,-17,-2,7,19,-2,-2,-9,8,-23,8,-21
5,-22,-4,3,2,-10,-5,-8,9,-24,-6,-8
2,-20,6,1,3,-21,4,3,-6,-1,0,3
1,-6,-2,5,14,-3,-3,-21,5,13,12,10
-1,-16,4,10,6,-20,2,-11,-3,11,9,-21
6,-4,10,10,16,14,0,9,-3,-9,2,-13
15,-11,0,-10,14,-17,-6,-8,5,-15,6,2
16,-9,5,13,19,-1,5,0,19,-2,14,8
19,0,0,-13,13,15,19,17,-2,-15,10,-2
19,-14,2,14,11,14,20,-16,6,-17,-1,-15
2,-6,-3,12,19,-1,0,-7,-2,11,11,-1
1,-8,3,-2,13,19,16,1,1,12,16,18
1,-10,5,5,7,13,8,17,5,-8,3,6
20,3,-2,14,-4,-9,-3,-9,14,8,5,-3
20,-12,-4,22,4,22,-3,8,-2,-7,-3,15
17,19,3,6,-3,8,7,12,3,5,4,2
1,-2,4,-1,19,13,17,7,9,-8,-4,-5
8,-4,8,25,13,-1,-1,3,0,7,10,27
19,-2,-4,11,13,1,-3,18,20,6,-2,-1
-1,27,5,22,-5,-3,10,8,6,15,-5,13
11,25,4,21,0,16,7,20,-2,-5,10,24
-6,16,5,3,-1,19,14,29,17,21,-4,19
4,21,-3,17,-5,-2,-2,14,0,28,7,28
-4,31,2,16,8,16,-4,19,8,30,-2,22
-3,26,2,32,10,17,9,34,-4,23,0,21
-3,32,5,1,10,17,9,30,8,29,1,9
9,12,-5,23,14,27,9,16,14,34,7,16
11,-24,9,-10,1,-21,10,-9,12,-33,20,-14
-3,-12,7,-15,1,-19,4,-18,17,-20,-3,-6
-4,-32,11,-21,19,-5,-4,-10,3,-7,-5,-12
8,-14,3,-27,15,-31,-3,-8,9,-7,9,-26
16,3,16,-9,3,-32,4,-21,5,-26,20,-23
17,-1,9,-1,2,-23,12,-10,-2,-28,-5,-5
17,-10,11,-25,19,-11,7,6,-1,-5,14,2
5,-14,2,5,14,-12,12,-16,5,-29,2,-14
8,-25,-2,3,20,2,-1,-14,15,-2,20,7
19,-6,1,-27,3,-26,11,-26,14,-5,2,5
20,-7,13,6,12,-24,21,-9,-1,0,13,0
4,-25,9,0,18,-17,7,-24,14,-1,17,11
7,-23,10,-20,0,-11,19,2,1,-20,12,-17
-5,-7,-4,2,8,-7,20,-3,6,-20,12,10
2,-22,7,-7,-2,-11,8,-13,3,-19,5,-18
21,-16,7,-17,16,-14,-1,-16,18,12,3,-18
21,-12,7,-6,6,-14,20,-8,1,-1,11,-6
18,1,13,16,10,-12,21,-11,5,13,-1,-16
15,-17,8,-11,10,-9,-2,16,1,-17,15,-8
8,-15,2,13,20,-1,21,-17,2,6,10,-3
6,-1,9,16,-3,18,7,-10,-2,-2,11,-14
3,-13,6,-11,2,15,2,-3,2,17,10,-12
5,0,1,11,6,-3,8,6,0,16,0,14
17,-4,2,7,7,20,2,-8,1,2,13,17
7,3,3,17,19,1,7,7,9,13,7,-4
21,9,17,-3,10,-11,6,-4,6,-10,-2,-4
2,-9,7,1,5,22,21,11,-4,15,11,23
4,-8,9,2,-2,-7,15,15,20,-7,16,20
21,13,3,27,19,16,-1,21,15,-2,5,17
4,26,3,26,9,8,11,25,0,17,10,15
-2,16,9,10,6,2,12,-6,3,27,10,6
-5,-4,-1,16,3,28,-4,17,18,20,-5,20
-1,16,12,5,13,32,10,1,-4,20,-1,32
-2,18,-1,16,9,5,18,22,9,21,-2,15
1,21,12,28,10,12,10,33,-2,6,7,34
5,27,14,30,-5,-1,9,25,16,28,4,18
8,27,1,26,11,25,11,13,2,33,-4,9
-3,-30,-2,-6,7,-2,-1,-22,13,-28,-1,-31
18,-13,9,-29,-4,-18,2,-18,9,-16,1,-31
5,-2,11,-15,10,-12,8,-5,3,-17,12,-8
8,1,14,-4,2,-26,21,-26,-1,-14,19,-17
12,-28,-4,-16,5,-24,2,-17,10,-18,3,-20
21,-1,12,1,5,-26,21,-4,-2,-12,0,-25
20,2,5,-14,9,1,0,3,19,5,2,-17
20,-26,14,-19,-1,-26,17,-24,8,5,12,6
9,-20,11,-23,6,7,21,4,1,-21,-2,-6
10,-12,-4,5,5,-17,-1,6,8,-1,22,-18
3,-10,11,-25,6,-6,3,0,10,-21,13,8
2,-18,20,-1,6,11,9,6,13,6,11,-18
-1,-17,0,-20,4,-21,6,-8,-4,-9,15,-15
4,-9,10,-14,10,3,-3,-5,11,2,17,-9
1,-4,20,3,17,-18,20,-11,6,-11,13,-6
10,-20,5,-13,-2,10,21,15,13,-8,-2,-8
9,-13,11,-8,0,10,20,-12,22,-19,-2,-13
22,-18,17,13,-1,12,7,9,4,-12,-2,-15
6,-13,8,-15,6,-3,12,13,13,-13,0,4
4,-17,13,7,2,-14,1,4,-4,7,-1,5
0,-7,11,7,2,-2,2,4,2,-6,13,-6
2,-12,-2,-6,7,-13,9,2,8,-10,10,-3
6,-10,14,20,20,6,4,-9,22,1,-4,16
15,-13,17,13,8,6,-1,17,2,-5,1,-4
8,-8,10,15,7,-5,22,23,19,11,0,14
4,-3,3,5,4,-9,-4,6,6,11,4,-9
-1,6,5,1,4,2,4,25,18,-9,5,12
-3,1,3,26,16,-4,6,5,14,10,-2,21
9,-8,16,8,7,13,9,3,18,-3,12,15
2,10,4,0,8,3,-2,-1,0,0,14,24
7,1,16,26,-4,-5,11,20,3,0,7,27
3,19,3,17,10,13,-4,4,-3,-2,-3,13
11,7,0,26,9,17,19,6,12,28,6,14
17,10,10,18,2,21,15,32,16,32,-1,18
13,8,13,26,16,33,3,9,3,17,-4,-1
17,28,17,27,0,20,13,22,1,21,12,5
12,14,-1,0,3,33,11,10,2,34,10,31
17,-5,1,-24,0,-4,4,-8,18,-35,9,-21
13,-25,2,-21,6,-26,-1,-35,9,-31,22,-18
12,-28,7,-3,13,-13,0,-13,8,-1,14,-23
6,3,-2,-6,2,-19,20,-20,9,-20,3,-1
18,-1,8,-27,5,4,3,-3,20,-32,11,-7
11,-21,18,-16,19,0,1,-25,21,-6,17,5
18,-14,12,-5,13,-13,13,-11,11,-11,8,-13
11,-16,0,-26,14,-24,10,4,15,7,4,-28
3,-22,-2,-22,-2,4,2,6,23,-10,7,5
6,-23,7,-12,21,-20,16,5,-2,7,10,-24
2,-23,-1,5,3,2,5,-19,8,-14,15,-18
7,-22,1,-8,16,-15,8,-17,23,-1,20,-14
6,-22,11,-17,0,-12,22,-7,10,-4,-1,8
-2,-7,-1,-18,23,-19,-1,-8,6,-5,1,10
7,-10,5,-6,17,-15,23,4,12,7,21,-13
-2,-10,4,10,6,-10,-2,-1,19,3,2,10
1,-16,7,-6,-3,13,17,-6,-2,6,1,-5
4,-17,5,9,-3,16,9,-4,-2,13,17,-16
1,-11,23,-8,12,6,7,14,13,-5,21,6
8,-13,17,9,2,18,-3,-7,19,-8,3,11
6,-9,15,15,4,20,0,15,1,15,16,11
0,-7,16,-4,5,-10,16,2,15,8,6,15
6,-11,8,21,20,-14,1,-3,1,-12,12,17
9,-13,15,-7,3,-2,6,-6,-1,-12,7,16
2,5,15,3,10,-12,15,-5,12,23,5,2
2,-7,10,6,3,7,9,20,7,22,12,0
-1,5,7,15,-3,11,15,-9,2,6,-2,5
1,-4,17,18,8,0,9,26,-2,20,3,16
8,-6,8,7,5,0,23,17,0,-2,7,-5
8,6,8,6,0,2,3,20,0,29,17,5
0,7,2,22,9,30,22,19,6,18,15,1
0,9,13,7,12,24,15,31,1,25,9,-5
20,-4,5,1,-1,18,4,12,11,13,4,29
17,18,-2,17,-1,22,7,17,13,12,16,18
-3,21,3,6,12,9,16,29,14,12,12,34
12,8,2,18,12,31,12,11,19,27,10,17
9,31,20,26,9,23,12,34,10,22,0,10
9,-4,14,-19,0,-21,1,-27,14,-34,23,-9
15,-19,22,-34,14,-35,5,-31,7,-10,21,-2
16,-14,18,-11,2,-27,3,-5,20,-20,1,-23
17,-15,10,-32,-1,-17,17,-4,15,-1,17,1
18,-15,24,-26,15,-2,9,2,-1,-5,22,-18
14,-20,9,-19,3,-5,5,-7,7,-1,20,-8
13,3,12,5,-1,-30,8,-12,15,-4,14,-17
22,4,10,-24,12,2,2,-26,0,-19,3,-9
11,-12,5,-1,21,-6,7,7,0,-1,14,-24
10,-22,-1,1,15,8,4,-11,24,-15,17,-20
4,-18,15,-1,20,-18,23,-10,22,-5,15,-24
1,-16,24,-24,22,9,17,-25,13,-25,19,-12
7,-10,0,2,5,-22,0,8,22,-12,21,-2
3,-15,8,-15,20,-23,20,-11,3,-10,14,-4
3,-6,16,-14,0,-15,16,-4,-2,-6,16,-11
7,-8,23,-19,-2,11,12,12,17,-10,16,-15
4,-8,12,-18,2,-6,4,-18,18,0,8,-4
10,-6,16,-15,20,-7,22,0,21,-8,21,-5
4,-5,4,18,19,-16,2,14,17,0,12,8
6,-4,15,-13,22,-3,24,12,24,11,24,14
-1,-8,22,1,20,3,1,-8,19,-8,18,2
12,-1,23,13,6,-8,7,-2,-2,17,23,1
-1,-1,18,-11,4,-9,21,7,2,1,22,21
1,4,-1,17,7,4,0,4,-1,-1,16,19
3,2,20,-5,16,-10,22,1,16,-4,7,13
3,1,24,7,19,-6,5,3,23,24,21,20
0,2,1,-1,16,-10,21,4,18,14,0,26
6,3,15,10,13,17,4,16,7,5,15,14
2,2,8,11,5,19,24,2,17,21,2,27
2,4,14,-7,16,-6,18,-4,10,23,14,22
1,5,13,20,2,23,17,-3,24,14,18,-6
2,8,1,10,-1,3,19,12,7,-5,2,12
2,10,17,19,5,10,14,31,13,29,12,11
5,8,18,32,12,26,20,19,2,21,18,26
8,34,10,34,13,29,15,34,9,8,12,25
12,17,0,23,14,6,13,17,16,20,-2,2
13,31,18,21,5,25,18,21,0,23,12,24
1,-33,8,-8,1,-18,9,-26,7,-30,11,-19
2,-17,9,-32,16,-19,1,-12,24,-1,7,-2
5,0,0,-17,0,-29,24,-5,8,-28,16,-3
17,-16,12,-12,19,-10,13,-32,19,-11,14,2
13,-12,6,-21,0,-14,12,0,16,-8,18,3
14,-1,4,1,7,-6,0,-8,17,4,22,1
5,-5,14,-20,25,-20,-1,-6,0,-10,16,-2
24,3,-1,-4,16,-21,4,-20,25,-21,11,-9
18,-21,8,-10,18,-16,21,7,9,-21,18,-11
10,-26,2,-22,23,-19,9,-27,7,-27,16,-2
7,-19,9,-26,2,-6,9,-19,4,-12,-1,-16
4,-18,25,-1,23,-25,19,-13,13,-2,2,-12
7,-19,0,5,22,-12,23,-9,-1,2,20,-23
1,-15,20,-16,21,-3,19,-1,8,-19,21,2
6,-9,25,-15,8,-9,23,-8,18,-20,25,4
9,-8,22,-12,7,-12,23,-5,20,-9,25,4
1,-10,2,-9,18,-14,2,-7,19,-20,18,-4
5,-5,22,1,9,-17,1,-6,24,11,7,-19
12,-4,14,-3,25,6,0,-5,21,-18,23,-10
0,-3,11,10,21,17,2,15,20,-2,21,-2
5,-14,1,17,22,4,9,-12,24,2,20,-9
0,0,6,-12,17,3,9,-10,19,-5,23,6
1,-5,7,-14,20,19,8,20,23,-5,22,-11
1,1,16,5,21,2,25,17,23,9,20,20
3,0,23,-3,24,-8,25,-5,21,21,10,6
4,2,20,25,11,24,12,-3,20,-1,19,2
1,3,24,-6,19,-10,16,19,18,-6,20,-7
2,6,22,12,4,-3,6,21,6,-7,25,-5
3,9,24,2,14,17,13,14,2,20,25,28
6,5,-1,6,22,24,11,-4,-1,21,20,13
1,5,5,14,4,24,18,3,25,16,24,14
4,10,16,22,6,-5,9,4,24,24,23,-5
3,11,2,10,17,25,23,17,24,11,20,27
2,9,21,14,3,28,6,26,9,11,24,8
20,-1,0,33,9,28,15,14,2,33,4,32
16,11,2,5,14,35,8,20,0,5,6,8
17,14,17,21,4,16,-1,0,-1,21,5,12
8,-16,5,-33,9,-9,19,-35,10,-34,5,-28
15,-25,21,-5,5,-32,20,-34,10,-1,4,-3
6,-15,21,-32,24,-9,24,-6,13,-32,26,-4
16,-20,9,-24,0,-15,21,-25,16,-23,16,-6
13,1,12,-22,8,-15,13,-10,6,-32,8,2
20,2,0,-31,25,-9,4,-16,14,-29,3,-2
15,-14,11,4,1,3,3,-19,0,1,20,-2
19,-10,13,5,26,-3,22,-18,12,-10,8,6
23,-26,5,-6,21,-19,17,0,1,-18,8,-11
4,-24,9,-21,4,-16,24,-23,13,-27,13,-13
4,-20,2,-10,3,3,25,-2,24,-15,23,1
13,-10,5,-12,8,-3,24,-24,21,9,4,5
12,-18,19,-17,19,-22,20,-7,24,-18,25,7
9,-18,3,-7,3,4,20,-18,6,10,17,-23
13,-17,15,-13,14,11,1,9,2,-4,19,-20
8,-18,14,-21,25,-10,5,-17,1,10,4,-11
13,-7,24,-5,12,11,18,13,23,-11,2,13
2,-2,18,14,3,-14,11,-6,18,14,2,-3
6,-14,24,-18,22,11,20,0,26,-7,22,-7
11,-3,0,-3,8,13,18,-9,25,-5,23,-17
0,-3,23,3,0,0,2,-4,20,-3,19,-8
0,-7,25,8,12,1,13,-2,3,2,14,-13
6,-4,9,1,7,18,10,3,16,9,24,15
7,1,20,20,6,-13,24,18,25,-7,3,10
1,0,25,4,0,-3,18,19,4,4,15,-8
5,-1,19,-5,1,14,1,8,25,-11,25,23
12,4,10,-8,21,15,0,3,24,-3,23,-6
2,7,22,3,12,11,21,-9,1,10,18,-6
6,3,0,25,1,5,0,0,2,6,15,17
4,1,8,1,26,14,3,18,13,-6,22,1
7,-3,21,-5,2,22,14,4,15,9,5,29
3,5,24,2,8,-1,18,8,13,11,3,9
9,8,1,32,2,29,26,0,20,7,19,8
5,8,26,6,10,6,10,8,3,12,17,0
17,12,3,33,15,11,4,32,21,19,8,25
17,-1,2,24,11,22,21,27,14,28,7,22
4,16,1,26,8,34,22,21,4,6,1,12
