-14,-5,-14,-35,-19,-32,-24,-25,-7,-16,-24,-26
-7,-23,-1,-1,-18,-14,-11,-29,-1,-13,-26,0
0,1,-25,-26,-4,-7,-23,-7,-6,-13,0,-29
0,1,-21,-1,-4,2,-1,-30,0,-11,-4,-1
-7,-15,-25,-9,-3,0,0,4,0,1,-26,-15
0,2,0,0,-14,-21,0,0,-26,-25,0,0
-3,-2,-26,-15,-22,-22,0,-3,0,5,0,-3
0,-3,0,-28,0,4,-1,0,0,0,0,5
-1,2,0,-8,-8,3,0,-22,0,-23,0,-8
-2,1,-9,0,-13,-19,0,-11,-23,-11,0,6
-11,-3,-5,-17,-21,3,-21,-26,-4,-13,-2,-25
-12,-2,-7,1,-22,-16,-9,2,0,-12,0,10
-17,-9,-17,8,-1,-18,-19,-10,0,7,-25,5
-3,-18,-13,11,-25,10,-19,-8,-2,-20,0,-4
-17,1,-11,-15,-23,-10,-25,7,-19,6,0,-5
-10,-13,-22,-14,-3,2,-7,-1,-23,-4,-22,-16
-15,5,-12,10,0,10,-4,4,-3,3,0,4
-10,-5,0,-15,-6,12,-6,-5,0,2,0,13
-6,9,-3,12,-26,-9,-16,-16,-23,-17,-4,13
-14,18,-22,-16,-9,13,-16,-14,-8,-4,-21,-2
-5,-13,0,11,-23,0,-1,11,-4,-9,0,-6
-19,3,-13,-5,-20,20,-11,-10,-6,16,-2,2
-15,10,-13,3,-19,4,-5,10,-11,14,-2,7
-17,7,-10,20,-13,4,-4,13,-14,-7,-17,-13
-3,-12,-17,-5,-26,15,-6,19,-22,-6,-9,5
-3,10,-6,-2,-18,16,-2,10,0,21,-7,2
-11,21,-18,11,-7,18,-2,7,-24,22,-12,-6
-8,4,0,8,-16,-9,-15,6,-14,24,-21,-8
-13,21,-7,10,0,12,-16,14,-9,12,-19,11
-15,-3,-17,12,-7,5,-21,-4,-18,13,-22,16
-16,19,-3,15,-13,7,-1,12,0,-3,-21,11
-17,17,-8,22,-20,11,-14,17,0,-5,-7,-1
-20,19,-19,8,-9,24,-14,28,-14,28,0,8
-18,13,0,-1,-9,12,-4,12,-26,30,0,6
-1,25,-10,6,-2,2,-8,28,0,24,0,27
-3,26,0,25,-2,1,-25,5,-3,30,-25,24
0,6,-5,19,0,13,-16,34,-13,11,0,28
-11,-26,-3,0,-11,-4,-16,-10,0,-4,1,-14
-4,-17,-15,-34,-5,-35,-25,-22,-16,-7,1,-17
-4,-3,-18,-15,-2,0,-25,-34,-11,-6,1,-8
-16,-8,-1,1,-21,-8,-18,1,-6,-6,0,-6
-1,-3,-7,-29,-15,-2,1,-31,1,-20,1,-11
-2,0,0,-20,-18,-1,-8,-13,0,-16,1,-15
0,-25,-10,-27,-22,-1,-2,-6,-2,-2,1,-22
-17,-19,-22,3,-1,-2,-7,-24,1,-23,1,-22
1,4,0,3,-11,0,-22,3,0,2,1,-13
0,-26,-7,-10,-3,-8,-5,-21,-2,-17,1,-23
0,-20,-6,-21,-9,7,-17,-6,-6,-20,0,-7
1,-25,-13,0,-17,5,-17,1,-6,-4,-3,-4
-8,-6,-17,-17,-14,-9,-7,-1,-21,4,-19,-8
-3,-18,-24,-3,-1,-13,-17,-19,-18,4,-4,4
1,-10,-1,-8,-23,10,-7,-16,-15,2,-14,-9
-4,-9,1,3,-1,-2,-1,-12,1,-6,-13,-9
-5,9,-1,15,-18,-8,-10,5,-15,-9,1,-17
-5,-15,-4,7,-7,-7,1,-15,-16,-15,1,-17
-1,-6,0,1,-1,-4,1,-6,-17,-17,-2,17
-9,-5,-25,14,-25,14,-8,8,-5,-11,1,-11
-8,12,-25,11,-24,4,-1,-11,1,9,-24,18
-11,19,0,8,-6,5,-19,1,-20,-15,-6,10
-7,-8,-10,5,-17,18,1,21,-24,9,-5,9
-13,20,-18,9,0,-13,1,1,-12,9,-15,2
-10,24,-1,5,-4,-3,-24,6,-19,-2,0,24
-8,-5,-18,7,1,18,-2,1,-18,7,-10,-7
-13,-4,-5,7,-8,-6,-13,-10,-20,14,-23,-7
-9,27,-11,6,-9,0,-2,8,-11,20,-5,19
-11,3,0,28,-20,-8,-19,1,0,-1,-21,11
-4,6,-25,-5,-19,21,-7,5,-18,-3,-3,27
-5,7,-22,29,-4,-4,-18,13,1,22,-2,16
-16,1,0,24,-22,4,-25,6,1,4,-15,3
1,5,-7,28,-4,18,-11,8,1,-2,0,29
-9,20,0,2,-16,6,-3,27,-2,18,0,19
-13,20,0,28,-17,11,1,20,0,29,0,24
-5,30,-17,24,-10,12,-3,17,-5,8,0,8
-1,8,-22,20,1,1,0,8,-19,9,1,1
-10,-6,-3,0,-20,-25,2,-2,1,-13,2,-36
-2,0,-20,-21,-8,-1,2,-5,2,-15,1,-10
-4,2,-20,-15,-2,-19,1,-1,-2,-9,1,-14
-2,-27,-12,-5,-24,-28,1,-19,-6,-25,-11,-4
-17,-9,0,-21,-3,-29,1,-30,2,-25,1,-14
0,0,1,-16,-6,-15,-24,-29,-7,-20,1,-24
-5,-12,-1,-26,0,-23,-16,-11,-3,-14,-14,-27
-15,-5,1,3,-8,-14,-8,-6,-14,-16,1,3
-1,5,0,-24,-3,-24,-22,-2,-4,-16,-7,-8
-17,-11,-22,-19,-24,-21,0,6,-3,1,1,-4
-15,2,-15,5,0,-26,-1,-8,-11,5,-2,-1
-6,4,-12,-4,-2,7,-3,-2,-16,1,-16,-4
-2,1,2,-11,-24,2,-24,3,1,-20,-24,-14
-1,-15,-11,-3,-6,-10,-21,-6,-14,-9,-7,-10
-3,-3,-1,-10,-12,-19,-21,-6,-11,-5,-13,12
-1,1,0,2,-2,-11,1,-10,1,15,-8,-21
-14,-2,-3,11,-6,-14,-14,-19,-15,-11,-17,-19
-6,-18,-10,-9,-2,-3,-20,-3,-14,-12,-10,-5
-2,-3,-4,-12,-3,-7,-15,16,-24,-5,-22,-11
-9,17,-24,6,-19,7,-14,4,2,-13,-9,14
-7,1,-2,-1,-5,10,-11,11,-1,9,-1,-3
-10,10,-14,20,-4,6,-1,8,-13,18,-7,7
-12,-3,-19,-7,-14,-1,-7,-10,-10,13,-8,-4
-10,16,-8,0,-4,23,-9,9,-8,7,0,-2
-1,7,1,4,-23,24,0,20,1,6,-9,15
-11,-5,-17,16,-13,3,-15,6,0,12,-9,14
-3,7,0,-4,-11,24,-17,25,1,11,1,-8
-12,3,2,1,-2,12,-3,27,-3,-4,1,22
-11,27,-15,27,-15,8,-14,25,2,10,-12,-4
-7,2,-23,4,-3,19,-8,11,-14,13,-1,14
-14,14,-8,20,-2,25,-19,25,2,11,-1,8
2,14,-1,14,-20,15,2,27,-7,21,-12,24
-1,0,2,5,-10,26,-16,4,-3,11,-8,1
2,33,0,29,-18,12,0,28,1,7,0,21
-5,21,0,26,-1,16,-2,3,0,31,1,6
-4,29,-22,-1,-11,1,-5,34,2,0,-4,14
-17,21,-2,28,-10,20,-7,36,1,11,-4,14
-2,0,-10,-32,-4,-2,3,-19,2,-31,2,-19
-2,0,3,-23,-16,0,2,-4,2,-6,0,1
-4,-32,1,-3,1,-10,2,-4,2,-6,2,-22
-3,1,-19,-6,-1,-15,3,-4,2,0,-1,-13
2,-14,-9,-31,3,-27,3,-4,-22,-19,-13,-30
-1,0,2,-19,-16,2,-14,-26,2,-28,2,-1
-6,-9,-12,-15,-12,-22,-21,-21,-4,0,-7,2
2,-29,-4,-14,-3,-4,-20,3,-23,-12,-15,-29
-17,-6,-5,-14,-12,-21,-1,-19,-19,8,-1,-18
3,-25,-3,-11,-8,8,-4,-10,3,-8,-8,5
3,-23,-5,0,-10,-20,0,-15,2,-24,-3,5
-4,3,-1,4,-23,-8,2,-4,-14,-24,-17,-3
1,-2,-1,-6,-14,-14,3,-16,2,-8,-6,-12
2,-1,-17,6,-16,6,-2,-9,0,1,-15,7
-5,6,-13,-1,-17,-19,-2,-18,-2,4,-18,-16
-9,-3,-21,-11,-22,14,3,-3,1,9,-21,0
-12,13,-11,7,-2,8,2,8,2,6,-6,1
-3,0,-10,11,-22,-10,1,15,-13,-3,2,-18
-4,-17,-8,10,0,-5,-19,-1,-3,-11,3,-5
0,-6,1,8,-8,17,-5,11,1,9,-4,7
-1,-4,-11,3,-23,8,-18,8,0,-7,-1,-7
-7,14,2,6,-19,13,-3,-11,-3,12,-14,16
-3,-14,-4,9,-22,12,-13,3,3,-6,2,-3
0,21,-6,20,-9,-4,2,7,1,-13,-19,-10
-9,8,-1,4,-3,1,2,22,0,-11,-2,21
-9,-10,-1,6,-17,9,-5,5,1,23,3,0
-3,10,3,-4,-19,-6,-1,15,0,8,-10,20
-2,1,-2,21,-10,7,-14,0,-23,-2,2,7
-3,15,-2,12,-11,25,-3,2,-6,-3,2,-5
-2,14,-16,-3,-9,9,-18,13,-16,0,1,27
-11,19,-20,30,0,21,-2,9,1,5,0,26
-1,21,-18,26,3,9,-16,24,-7,21,-4,15
1,21,-7,10,-19,18,-7,8,2,8,-9,3
-16,14,-11,1,-5,-1,-1,3,-1,14,0,30
3,5,1,27,-7,24,-1,-2,0,34,2,4
-1,29,-14,23,-2,15,-10,22,-1,-1,-10,18
-1,2,-1,5,-5,4,-11,26,-4,32,-11,19
-3,-33,0,-1,-19,-25,1,-22,-1,0,3,-7
-3,-1,-15,-35,-6,-33,1,-33,1,-18,2,-7
-11,-23,-22,-12,-1,0,1,-33,1,-28,2,-7
-7,-23,-18,-3,-1,0,1,3,-6,-26,-11,-9
-3,0,-4,-12,-17,-23,0,3,1,-10,3,-27
-4,-4,-11,-30,-12,-28,3,1,-2,-6,-1,-5
-3,-16,3,-27,0,6,-1,1,2,-3,2,3
-14,-7,-2,-27,1,-21,-12,-5,1,-26,-1,-18
2,-4,-6,-9,-2,5,-18,-27,-1,6,-14,-17
-11,-10,-3,-17,-2,1,-22,-6,-9,-12,-10,-9
-17,-8,-13,4,-8,-12,-11,-1,-9,1,-17,-6
-3,-12,2,-22,-22,8,-12,-6,-17,-21,-19,-6
-4,-4,-5,-13,2,11,-18,-19,-7,-9,1,1
3,-10,-4,7,-15,-12,-7,-13,2,6,3,-19
-12,6,-14,11,4,0,0,14,-3,-8,3,6
3,-5,-3,-19,3,6,1,-18,0,15,1,-5
-3,5,-2,16,-3,-9,-22,6,-3,-3,2,-16
-1,-11,3,16,3,6,-13,-18,-16,4,-15,-12
-9,2,-21,-14,2,-5,-15,-2,4,-4,-1,-1
-8,0,1,14,2,-14,-12,-11,1,15,1,-15
-14,2,1,-14,-4,6,-2,1,-3,-13,1,14
-9,4,1,-10,-21,-3,-1,-3,-1,-7,-16,4
-4,-4,0,-5,-7,-3,-18,-8,-1,19,-17,14
-10,6,-21,11,-15,14,2,2,-2,-12,0,4
-2,10,2,-11,-10,14,-10,24,2,7,-2,-2
-1,-2,-1,-4,-5,-5,-14,25,2,21,2,25
-6,7,-3,18,3,-3,-1,3,-22,16,-10,12
2,27,-17,-7,-17,1,-10,26,-1,21,2,-6
-7,21,4,6,-20,26,1,17,1,11,-2,1
-2,11,-4,-7,-21,-3,-12,-7,-6,1,-17,9
-9,12,-6,-5,-19,28,0,8,-4,23,2,2
-1,2,3,15,-1,27,1,24,-1,24,-4,27
0,28,0,4,-16,6,-20,-3,-22,10,-16,10
4,15,1,26,1,25,-19,16,-2,31,1,26
2,21,-11,34,-3,16,-15,18,-3,21,3,13
-3,8,-7,17,-1,17,-14,11,-8,15,-3,18
2,21,3,4,-13,18,-9,16,1,11,2,23
1,-2,-15,-10,-4,-1,1,-23,1,-8,1,0
-2,0,1,-5,-5,-4,0,-2,1,-9,1,-7
-1,1,2,-17,-16,-32,0,-7,-2,-32,3,-2
-11,-1,-17,-31,-3,3,0,2,-3,-8,-6,-10
-3,-11,-6,-31,2,-30,3,-19,-3,-8,-1,-7
-13,-10,1,-10,-18,1,-1,-23,-13,1,4,-7
5,-8,-1,-22,-13,1,0,-10,2,-18,-2,-30
4,-21,-18,-17,4,-20,-9,2,-19,-11,2,-11
-10,3,-11,-5,-7,-4,5,-13,1,-1,-8,5
3,-24,-13,-23,-5,-16,-18,-25,-9,-13,-1,-23
5,-11,-10,9,-12,-15,2,4,-8,-12,-10,-19
-11,4,-13,3,-18,3,-1,-1,-5,-8,3,-18
0,-20,-7,8,-19,-17,-19,-24,3,7,2,7
-12,-18,-13,7,-17,9,0,-15,3,5,1,-21
-9,10,-2,5,-7,-14,-1,5,1,-12,-3,9
-3,1,-5,8,-18,6,-7,-8,-6,-17,-18,-4
-5,-4,-8,13,-19,-19,4,5,-7,-11,2,-5
-11,3,-1,3,-7,7,-21,-4,-14,-17,-3,9
3,2,-3,4,-12,-12,-20,-3,-7,1,2,5
-12,-7,-12,-9,-10,18,-8,13,-5,-2,-3,10
4,19,-16,13,-13,-15,-8,1,-3,18,1,11
3,-13,-18,7,-19,-7,-12,-11,-12,-3,-7,-4
-15,7,-13,4,-6,1,4,3,-4,0,2,20
-14,9,5,-10,-5,10,-15,21,0,4,2,-9
-10,16,-13,0,-17,18,0,13,-5,7,-17,3
-2,9,-19,14,-1,5,-17,17,5,12,-9,-1
-12,20,-14,25,-12,-7,-1,24,-9,15,3,21
5,-5,3,-4,-11,0,-12,4,-8,19,3,-7
5,16,-13,2,-20,-5,-19,16,-14,-5,1,4
5,1,-15,15,1,2,-16,-6,-4,6,-1,0
-7,25,-14,19,-5,23,-17,15,-1,17,2,6
-10,25,1,14,3,24,-11,2,2,11,0,5
-15,13,-1,3,-1,2,-1,-2,-13,5,-13,13
1,11,-1,11,-3,14,-16,16,-4,14,-10,29
3,7,-9,-2,-8,21,-13,9,-1,18,2,6
-1,6,4,17,-20,18,-12,28,-3,5,-2,11
-8,9,0,16,-14,6,1,33,1,1,-1,24
-3,-1,2,-32,-4,-36,-3,-1,4,-27,4,-6
3,-17,4,-33,-2,-8,3,-13,-2,-2,4,-6
-2,2,1,0,-4,-28,-1,2,5,-7,4,-8
2,-16,-11,-12,-5,0,-1,1,0,-3,4,-23
0,-31,-11,-15,-18,-10,3,-23,-10,-9,2,3
5,-20,3,-16,1,-6,6,-10,3,-27,2,-1
-5,-3,-6,-27,1,-9,3,-3,5,-5,1,4
3,-22,4,-19,6,-1,-17,-14,-4,-17,-8,-2
6,-18,1,4,6,-17,-16,3,-2,-27,1,3
5,7,-8,-3,-9,-5,2,-16,-17,-16,4,-22
-1,-16,1,-1,2,-18,2,3,6,-10,-5,3
0,-23,-2,-17,-10,-24,3,-25,4,-11,-4,6
-1,5,-2,-15,-13,-21,0,-8,-12,-11,-1,5
6,-18,-6,-6,-2,-12,-12,4,-9,2,-9,-4
4,8,1,13,1,-21,2,-2,-3,6,-3,-22
-15,-2,3,-11,6,-19,6,-2,4,3,1,8
5,5,-9,-10,0,-9,-12,-19,-2,-8,-6,10
4,7,-9,13,-4,-1,-15,-4,-7,2,-9,-18
-13,9,-3,-4,-18,18,-15,18,-2,-3,-1,-17
5,14,-8,18,-11,-13,-16,-3,4,3,-11,-3
-11,15,3,6,-14,10,-9,-8,-7,9,-1,-11
-15,16,-3,7,-9,8,-2,2,-8,9,-10,11
-13,0,-7,22,-20,-1,-16,-4,-7,-1,-6,-12
5,16,-9,4,-13,-6,-1,-6,1,11,4,-4
-1,-1,-10,8,0,8,2,11,-4,12,-12,-4
-11,5,-1,14,-6,6,-18,4,-11,16,4,-11
4,22,-20,-10,-13,6,0,20,2,-2,1,26
-9,7,-14,3,3,16,-18,12,5,8,3,19
5,28,-3,20,-20,22,-10,24,-3,19,1,10
4,-2,-19,29,6,20,-4,3,-11,29,4,7
1,17,-6,7,-7,-1,-13,21,2,0,-6,4
5,10,4,-5,-15,-4,-5,25,1,-3,-4,25
-1,32,-13,2,-7,0,2,0,3,26,-1,5
-1,-3,-15,18,3,18,-18,4,2,32,-3,29
-4,28,6,6,-10,25,-17,10,-13,4,-20,13
-4,9,1,5,5,9,-1,1,3,14,-9,4
1,34,-14,34,-1,10,2,3,2,4,3,0
0,-30,1,-11,3,-24,2,-2,-2,-33,4,-9
-3,0,1,-1,-1,-9,2,-29,3,-20,3,-35
-2,2,0,1,-4,-30,1,-1,3,-31,2,1
2,0,-11,-7,4,3,-1,-2,2,2,-11,-11
-10,-28,5,4,-5,-3,0,-17,6,-26,2,-20
-9,-8,-13,-29,-3,-30,3,-30,-17,-18,-1,-7
-2,-17,5,-14,-2,-1,-10,-9,-7,-18,-6,-12
0,-8,-4,-13,1,1,-13,3,-16,-2,0,-21
-13,-9,-4,5,-3,-16,1,1,-1,-23,2,2
0,-3,-13,-6,-2,-18,4,6,-4,2,-8,-27
5,9,-6,0,4,-2,0,-14,-13,-1,-4,-12
-1,-17,-8,9,-2,8,5,-11,-4,1,-5,6
-7,6,-1,1,-7,-15,-17,5,4,10,2,0
-9,-11,3,2,-17,-2,-18,-12,1,-8,-12,-7
-6,9,5,-4,-12,1,-3,-7,-12,-8,2,1
2,6,7,1,-14,-4,4,-14,1,-7,-11,-15
-4,-7,2,-7,-19,14,1,-11,2,5,4,-15
4,-13,-8,4,-1,-9,-19,4,-5,7,-4,9
-7,-2,4,-11,-3,1,4,10,-14,-3,-3,11
2,11,-6,-6,-12,3,-18,-1,-3,5,-3,-8
5,-12,1,-6,1,-12,-15,20,-5,-13,4,-13
0,1,-5,-7,-12,-14,-10,-12,-12,0,-19,15
-14,1,-9,20,1,-12,-10,-12,-12,-1,-5,-6
3,-6,5,0,5,23,-12,-1,6,1,3,-5
-7,11,-8,-6,5,10,-14,-1,-16,-6,-10,14
-10,-2,-10,-5,5,14,-5,0,-10,12,-5,22
0,-3,-12,16,3,23,-9,18,2,8,-6,-3
6,11,-11,-4,-17,21,-15,10,-15,-2,1,27
-10,3,-1,3,-19,24,-3,16,3,4,2,20
6,14,-4,10,-16,29,-17,-3,-10,4,-10,8
-9,15,-7,24,-18,-6,2,22,5,-1,-6,4
-9,4,-12,28,6,0,-4,6,3,16,3,-1
4,11,-12,5,-18,28,-12,14,-5,-3,3,10
-4,2,-17,14,6,15,-1,4,-12,-3,-4,-1
-2,0,6,15,5,21,-13,31,2,8,3,1
-1,1,0,11,-14,2,-4,3,1,34,-2,9
-3,5,5,24,-1,29,-15,27,1,36,1,20
-3,-1,3,-18,0,-29,1,-27,1,0,2,-2
-5,-24,2,-11,-2,-30,-1,-15,1,-1,4,-13
5,-18,2,-6,-5,-2,2,2,1,1,4,-29
1,0,5,-25,4,-32,0,-7,5,0,-11,-20
7,-13,0,1,-17,-27,-1,2,-1,-30,-12,-25
-9,-30,4,-4,-1,-8,-1,2,2,-14,4,-15
-2,-19,-8,-14,-15,5,-15,-21,6,-20,-8,-18
4,-19,-2,-13,-17,-15,1,-23,-13,7,-11,-14
-8,-9,-6,-12,-1,-14,-16,-14,-14,-8,-3,-17
-2,-14,1,-3,6,-26,-13,-1,-8,3,-10,2
-6,-5,7,-12,1,3,0,-22,5,1,-12,-21
4,-17,-2,-19,7,-9,-4,-21,-8,-25,-7,10
-1,0,2,-13,1,-17,1,6,3,8,-8,8
-4,-14,0,-16,-12,-10,0,-23,3,-2,-8,-19
-3,-10,-16,9,1,-8,1,-19,-2,8,0,-11
-12,-5,-1,-1,4,-4,-1,11,-5,-17,-4,-9
-4,-8,2,-16,-10,3,1,9,5,-12,4,13
2,-11,-1,-16,8,-9,-8,1,-10,-1,7,15
8,-17,-8,-12,-11,-1,-9,12,-11,5,-6,3
6,1,-15,-2,-17,-6,-6,-12,1,1,3,-12
4,4,3,-2,-16,-2,-3,-9,5,4,2,14
6,1,-1,-6,-14,4,-8,0,-12,1,0,1
4,13,-11,6,-6,8,-1,-1,0,7,4,15
-1,19,-2,-4,-12,-4,6,5,-12,9,-7,3
3,-6,-3,0,-9,3,-15,-5,1,-3,-9,-4
-7,12,-9,15,-2,-7,2,24,1,20,-7,14
2,23,5,15,-3,-3,-2,26,-12,16,-11,10
0,15,-13,24,-5,11,-9,-9,-1,26,2,2
-1,-7,3,-3,-12,22,5,-3,-10,-8,2,13
-8,-6,-12,7,-4,18,6,12,-6,-3,-4,-1
4,-5,-9,4,-15,-5,-1,2,-13,29,4,5
-2,2,-11,6,-5,24,-6,22,5,24,-3,-5
-2,30,-3,19,-4,6,-13,28,-1,8,-11,2
0,2,-14,1,2,29,-17,25,-14,20,-4,14
-3,0,2,33,5,20,4,14,1,14,3,1
1,4,-5,24,-4,10,-5,11,1,-1,-8,24
0,3,-1,2,-1,3,-15,30,0,32,1,10
-2,-27,0,-2,0,-5,-1,-23,-2,-1,3,-1
5,-16,-1,-35,4,-8,3,-23,-2,-3,2,-4
-2,-6,4,-32,-6,-25,2,-20,2,-22,3,-15
1,0,-5,-16,-12,-22,0,-27,-1,-5,-1,-9
2,-1,3,-1,-12,-1,0,-20,1,4,-4,-28
-4,-7,-17,5,0,-19,2,-30,1,4,-7,-4
-5,4,-10,-13,4,-1,-12,-13,-4,-11,-7,-19
-6,-17,-2,-7,1,-28,-3,-8,1,-3,1,-8
-7,-22,8,5,-5,-1,-4,-3,0,8,-8,-11
-11,-9,-9,-19,-6,-14,-17,-23,6,-22,7,-8
4,-1,-9,-11,-5,8,8,-14,1,-22,-11,-22
4,-24,5,-11,-15,-2,3,-18,-2,-5,-10,-16
0,5,-11,7,5,-2,-13,10,6,-22,1,-1
6,2,8,-1,1,5,9,-3,5,10,1,-10
-3,14,-8,-21,-8,-5,-5,-1,5,10,-6,-12
6,5,-4,10,-13,-7,-1,-15,5,9,7,-5
1,-8,-14,-6,-3,1,-1,-20,-10,4,4,1
-6,-14,7,0,0,13,-1,-18,0,-15,-15,9
5,6,9,7,4,-11,-3,-8,-6,12,4,-18
-6,-14,0,-17,4,-4,-5,-16,0,17,3,15
5,-7,-15,-2,8,-12,-1,-12,1,-7,-1,-9
-2,-4,2,5,-6,9,-6,-11,-6,19,-1,-4
4,0,-5,-9,-12,4,-9,8,-7,8,1,-8
3,-2,3,17,5,-8,-6,7,-3,4,4,12
9,1,8,14,-16,-5,9,14,1,-10,-17,16
9,0,-7,1,-11,0,0,15,3,2,-3,18
-8,-10,5,-10,-3,9,5,-2,4,9,-5,6
0,5,3,9,6,26,-8,26,5,14,0,18
-3,27,-13,-3,-2,-6,-11,-8,-2,15,3,10
3,-2,6,27,4,17,-8,5,-1,20,2,19
4,20,-12,28,7,26,-13,27,5,-4,-8,21
2,17,6,15,2,3,-15,26,1,-2,-14,7
6,13,3,25,-7,32,1,32,-17,8,6,7
-3,-3,-7,4,2,2,-2,30,-1,2,-13,29
-1,2,-11,30,-5,30,-1,1,-1,2,3,14
0,-1,3,20,-4,0,-2,35,-3,34,-4,31
-4,0,-9,2,-5,15,-16,32,4,1,1,5
0,-11,1,-11,-11,-10,-2,-1,5,-32,4,-31
2,-10,-7,-19,5,-12,2,0,-1,-5,3,1
-6,-23,-5,-31,5,2,-2,-1,-2,-1,4,-22
0,0,-6,-16,-4,-13,-1,-14,3,-28,4,-7
5,0,7,-8,2,3,-1,-31,6,-12,-10,-31
8,-25,-7,-13,2,3,2,1,6,-13,-3,-29
1,-19,-2,-18,-1,-25,2,-3,2,-3,-11,-9
-4,-28,-9,-21,-2,-29,2,5,0,-29,2,-3
-1,5,10,-17,9,6,-12,-6,-10,-20,-7,-24
0,5,-1,-12,-13,3,9,9,1,-19,-1,-3
4,2,-3,3,1,-18,0,-21,0,-16,-6,-3
9,-13,-3,-11,5,10,6,-23,-1,-4,4,-25
-2,4,4,-9,8,-3,-12,-22,1,8,5,-9
6,-5,0,-16,-6,-15,8,0,-7,3,-2,3
-3,12,2,1,-10,-16,-16,-16,4,-22,-4,2
-7,0,0,-9,9,11,-1,-21,-6,-2,-3,-6
-2,13,10,-20,-13,13,8,6,-1,-9,-10,5
-6,-2,-1,13,-10,12,0,16,-1,-12,-5,17
-4,10,4,-15,2,7,1,-13,6,-13,3,16
5,-1,-12,-6,6,17,1,-17,-1,-17,-11,-3
7,-2,-12,7,4,11,0,11,-10,-16,-6,19
-10,5,8,6,10,-8,9,8,-8,7,8,10
2,3,2,15,-1,-13,5,16,5,-1,5,-7
9,10,2,-9,0,-6,0,21,-1,-12,-7,3
1,19,5,-11,1,-1,1,5,6,2,2,0
9,6,-6,22,1,25,-10,-9,8,6,-5,18
-2,-4,7,17,-10,13,-14,20,1,21,-5,13
1,16,-5,20,-10,23,6,3,3,20,-13,0
-4,2,-11,17,-4,-2,1,11,1,21,1,-4
4,18,-9,7,-4,4,-12,23,-4,15,-1,2
3,21,-12,10,-1,14,0,27,5,5,0,28
6,-2,5,-5,-3,14,2,28,-2,17,4,-2
2,31,-11,19,-4,8,-16,21,1,-4,-11,15
1,0,-9,12,6,8,-1,23,1,22,6,-2
-1,2,5,25,-3,7,3,24,-2,32,3,33
0,1,-10,9,-4,17,3,9,0,35,6,14
-1,0,-10,13,4,34,8,16,-2,4,-2,20
7,-14,6,-25,0,-10,-12,-25,-6,-17,-12,-8
1,-26,0,-1,5,0,-15,-19,-1,-35,3,-5
0,-28,-8,0,7,-30,-1,-2,6,-27,4,-18
-4,-24,5,0,0,-2,-1,-11,-2,0,-7,-15
7,-32,-7,-21,7,-19,-1,-30,5,-14,-8,-10
9,-24,-3,1,5,-5,0,-29,5,2,-6,-7
0,-5,-1,-16,8,-11,-1,1,5,-28,-4,-24
-2,-17,-1,-5,3,-29,-3,-22,1,-26,0,-19
-2,-27,-3,8,10,-2,10,7,5,-17,-7,8
-7,-15,-7,-8,1,-6,-1,-20,-4,-6,-1,-6
-9,8,0,-20,-7,-21,-1,-18,-8,-9,-6,7
8,-22,-9,-2,-12,-1,9,-24,-4,-5,5,4
1,-23,1,6,-10,3,-6,-9,-4,-20,3,-20
-6,-11,-3,-13,-14,-13,-9,6,-2,6,-2,-1
5,2,2,-9,7,2,-7,-8,3,-8,4,0
9,12,10,4,-4,-20,10,-11,-9,-2,3,-6
-3,-11,-10,-8,-2,15,-1,-20,-1,-6,-13,2
-3,10,-13,8,0,-7,-2,0,3,-8,4,-2
1,0,-4,-14,-3,-17,1,-16,0,9,1,17
-3,3,2,-10,0,-8,-14,19,-1,3,4,-2
-3,8,-9,-1,0,-8,8,-6,-7,8,3,20
8,9,-3,8,4,18,11,-8,3,-15,10,-1
0,18,-4,10,11,21,-1,20,-1,-4,8,5
-2,23,10,-11,-14,-7,6,19,-5,-12,-9,15
-4,7,-13,-10,-12,2,6,5,-11,12,-6,-6
-2,17,-10,9,-3,-7,-12,22,4,17,-2,3
8,3,-9,-3,2,-5,4,21,5,-7,-1,3
3,25,6,20,-5,5,1,23,4,24,-11,-3
-5,2,-8,2,-5,10,-6,3,-1,-6,4,22
3,16,-2,1,0,20,-6,11,9,28,3,11
-11,11,-8,10,-4,-6,-7,11,-6,10,-4,20
-8,1,4,29,-4,0,-7,18,-7,28,-6,30
9,6,-5,20,-5,25,-12,-4,-8,4,-6,8
-5,0,-3,9,-10,9,-4,20,-2,7,-6,16
-6,17,11,19,-13,18,-9,12,-15,9,10,8
-2,1,-6,24,0,9,-3,15,2,32,3,9
1,0,-13,28,-2,7,-3,9,1,34,-4,21
2,-21,-2,-30,-6,-27,-1,-34,-1,-6,7,-4
3,-2,4,-1,-5,-22,2,-9,1,-10,2,-9
-4,-4,-10,-8,-2,-17,-2,-30,-6,-29,5,-11
2,-13,5,-20,1,-27,1,2,-2,-4,-8,-22
9,-31,5,1,8,-12,7,-27,5,-10,-2,-1
8,-2,9,-20,-6,4,-2,-23,1,-14,7,-22
9,-21,-11,-4,-5,-10,-11,-4,10,-17,3,-2
4,1,4,-13,6,-10,6,-18,-3,-13,1,-16
1,-27,-12,-24,5,-7,-10,-10,-3,4,-3,-26
-2,-13,3,-11,-3,0,6,-6,8,-3,-2,-26
-13,-1,-11,-25,9,-17,-9,8,-7,-15,-1,-2
12,2,-5,-5,-3,8,-5,-1,-1,-7,-1,-19
10,-11,2,-21,9,9,12,9,-2,4,-6,4
6,-6,-10,-17,-9,2,7,6,5,-8,3,-20
10,-8,-5,-13,2,10,-4,9,10,-6,-4,-8
-1,-5,-3,-10,4,12,-7,9,-8,8,-4,8
-1,-3,-8,-15,11,-17,3,-11,2,13,8,-2
-3,15,10,11,3,-18,-1,-13,3,-12,5,-5
7,4,1,-16,3,-18,-9,12,-2,3,5,-16
-3,-15,2,18,0,5,2,11,-2,3,0,-14
7,4,10,4,-14,6,9,19,5,-5,-10,11
6,0,0,18,-4,5,2,16,-1,-14,-4,-5
1,12,8,-7,-2,17,-4,12,-3,-11,9,-4
6,-1,10,2,9,7,1,-1,-2,-3,8,10
7,-10,-12,-7,-12,0,6,-7,-8,9,-7,-7
6,-5,2,9,-3,18,12,-9,1,-9,2,12
9,2,1,0,4,-5,-1,-9,9,-3,1,12
8,27,1,4,0,9,-8,-1,2,16,3,24
9,28,-12,22,11,25,5,-8,-7,26,-14,1
1,0,2,15,-8,-6,10,1,-4,21,-4,2
-14,-4,-1,22,-4,1,0,-1,-3,23,3,9
-13,2,5,11,6,17,-2,24,3,1,7,-1
3,8,-5,29,11,-2,-3,3,-2,1,0,24
1,0,-1,4,1,-3,-1,-3,-2,4,5,3
0,1,8,9,-3,24,-5,12,-11,21,-6,22
3,3,-9,8,7,30,0,0,-10,13,-2,24
-4,4,-8,19,-10,27,-2,18,1,12,6,17
1,-10,5,-1,-12,-34,-9,-32,-12,-24,11,-24
5,-19,-4,-6,-4,-2,5,-34,-1,0,-6,-21
0,-4,6,-34,3,1,-2,-15,6,-24,4,2
11,-14,-8,-17,1,2,-6,-7,3,2,-12,-30
13,-18,3,-17,3,-24,5,-8,-2,-13,10,-8
2,-7,2,-5,-12,-1,8,-12,-4,-11,3,-15
8,-30,7,-10,11,-21,-12,-27,6,-22,8,-11
3,2,2,-20,13,5,0,-19,-2,-11,-8,-6
9,-17,6,-19,11,6,11,-1,6,-21,0,3
-10,-23,-1,-14,-4,-8,-9,5,3,4,2,-6
-10,-3,12,-25,-6,-5,4,3,-12,-26,6,-5
-2,10,-5,-2,-12,-1,8,-4,-8,-6,-1,-11
-1,-6,5,-23,11,2,13,-21,2,-16,11,-2
8,-12,10,-23,-4,-15,-1,5,3,-22,5,-23
11,-22,4,-3,9,-22,-1,-12,-10,2,4,-8
1,-8,-2,-1,13,10,-7,5,-9,-13,4,-2
7,1,-4,-20,3,5,0,-13,8,11,-10,10
5,-10,5,17,0,-16,-7,0,-4,-5,6,-12
-2,-18,1,4,-2,-7,-2,0,0,-18,3,-14
11,-6,5,-5,8,-17,2,17,-1,-14,-10,-10
3,8,2,-11,12,-15,10,-8,-3,17,3,9
7,1,-8,12,-9,-10,0,17,-10,-3,8,1
12,0,6,5,13,10,4,-7,-8,6,-10,1
4,-6,12,11,-9,0,12,11,-11,1,5,12
2,5,1,22,-12,10,-12,19,-7,-8,-1,23
13,6,-7,6,-5,9,7,9,-5,12,3,8
9,3,-3,21,-3,15,-3,19,3,22,-2,-2
6,-5,-1,-2,1,-7,1,-6,-1,9,-3,7
-3,-3,-9,14,8,11,-4,12,-5,22,6,24
11,-6,-4,6,1,-3,0,13,2,26,0,21
-13,9,-2,8,-13,22,-2,30,-9,24,-5,-5
-11,11,1,22,0,-5,13,0,-5,3,-6,28
10,16,-3,25,12,24,4,6,6,22,-6,19
1,1,1,2,-7,33,2,25,-11,33,5,19
0,2,3,21,4,25,4,1,4,7,-11,0
-1,4,-8,3,2,24,-5,6,2,35,-4,31
-4,18,13,35,13,25,1,30,-12,36,1,16
-4,-27,-11,-4,13,-25,11,-32,6,-29,6,-33
-7,-15,11,-12,-2,-30,-4,-20,-7,-18,10,-28
7,-26,-4,-28,8,-19,-10,-2,-7,-18,4,-22
8,-19,10,0,7,-2,-2,-21,5,-12,12,-20
8,-29,8,-19,0,-16,-7,-10,-9,-11,6,-25
9,-1,-7,-16,-10,2,12,-6,-2,-21,-9,-27
13,-21,-3,-25,-8,1,-2,-14,-6,0,4,-10
13,-19,-7,-11,-8,6,10,-2,3,-13,-11,-25
6,-2,9,-20,-1,-11,7,-20,3,3,9,-15
-8,2,0,-18,7,-14,-7,-2,3,-13,-3,-14
-11,10,-6,-20,4,10,-6,5,9,-3,-5,5
-4,-14,4,-4,-5,-17,-6,3,2,6,-2,3
9,5,-2,-13,-1,10,-10,12,-3,-7,-4,-1
3,-4,11,-5,11,-17,-4,-5,-11,-3,-12,-17
-2,-7,1,-13,-8,-20,-2,-11,13,-22,-1,-13
-5,-6,11,-7,3,-7,5,2,-11,8,3,-20
11,12,5,-5,-3,8,4,1,4,1,-1,-3
6,-8,8,0,7,11,1,-1,2,11,4,-16
10,15,1,9,-7,14,1,-13,3,1,4,-16
2,7,-2,11,4,-1,7,7,-4,2,-2,14
-1,16,-1,10,-10,-6,-7,-12,3,6,-4,-7
10,8,-5,-10,5,-2,2,21,3,-6,9,-14
13,10,2,-7,-7,14,13,12,13,-6,-4,19
-5,6,13,-5,-8,8,-9,-9,-6,5,7,15
12,5,-3,3,-11,17,-9,24,0,11,1,-1
-4,4,2,10,2,-6,1,3,2,10,-3,11
11,0,7,-2,-9,-7,6,3,-2,25,4,11
5,-4,-7,-8,12,9,-7,-1,-4,6,0,-2
-2,-8,3,22,9,6,-10,15,-3,-6,6,27
8,2,1,6,-8,0,5,-6,-7,1,-3,2
1,20,1,10,5,19,-8,18,13,-5,0,2
-3,22,2,14,5,-3,1,4,-4,12,3,11
3,26,0,7,-12,32,-2,32,-10,20,6,5
0,0,0,19,-9,4,-2,32,-6,0,-2,17
0,2,11,33,0,6,-1,25,0,32,-5,0
0,1,14,35,14,31,-3,5,2,10,5,1
1,3,-6,33,-12,11,-8,26,-1,36,0,32
-2,-7,-2,-34,-2,-29,3,-19,4,-18,4,-18
4,-20,-5,-26,-11,-12,1,-33,0,-8,13,-29
-1,0,6,-3,-9,-31,4,-21,-4,-18,-1,-13
9,-23,-6,-19,-11,-13,-3,-31,4,-20,4,-21
5,-4,15,2,12,-22,-1,-9,15,-8,6,-6
5,-4,-2,-3,6,-9,-10,-26,-1,-27,9,-4
13,-15,-8,-12,-8,-24,4,-9,-11,-28,4,-23
9,3,0,-1,-2,7,13,-18,-5,-24,15,-6
5,-22,12,-15,11,-22,-3,-25,1,-11,-5,-10
-7,-2,0,-14,3,-26,-5,0,13,-20,-1,-26
-11,-8,5,-21,4,-7,-1,-17,0,-16,0,-11
15,4,-4,-2,-6,9,-4,7,13,-23,-3,-6
-1,-8,0,-8,3,-1,10,-2,8,0,-1,10
7,9,8,-9,14,-3,-1,7,0,3,-2,-2
13,12,0,-13,-11,-8,0,-1,11,9,3,1
14,-17,-2,-9,14,8,-2,6,-9,0,2,-20
8,6,-8,-17,9,-15,-2,8,7,-1,7,-1
2,14,13,-10,8,-13,-10,-10,3,-14,6,6
3,1,6,17,-6,-12,3,1,2,16,4,12
12,6,12,19,-10,-2,-2,14,0,-16,4,-12
4,4,-9,0,-4,8,6,5,5,-2,-2,13
1,2,2,20,3,16,1,18,5,-6,-4,11
0,8,1,6,4,4,12,12,-6,19,3,1
-2,-10,-6,22,8,-9,-2,-6,-11,9,0,-1
-4,8,-6,10,-1,9,-11,23,0,23,7,2
12,19,4,10,2,16,3,14,11,-2,-1,-5
11,6,0,-3,-5,4,3,-4,-6,-4,-3,10
7,-5,15,19,15,-3,2,24,4,-6,-2,9
-2,9,-2,19,14,13,0,2,-6,20,7,26
0,14,-1,6,2,3,3,13,11,12,-1,10
-11,13,-2,17,-4,28,-5,-1,10,21,3,18
-9,9,7,23,-3,31,8,-1,-8,-5,-1,-5
7,27,1,11,10,1,0,25,-3,0,11,20
0,-2,6,14,-4,19,3,24,6,-2,3,15
-3,17,2,0,3,13,0,28,-6,-1,-5,32
6,26,3,19,-6,4,0,27,9,23,-6,35
6,16,12,16,10,20,2,21,-5,2,-2,30
0,0,8,-26,3,-8,-4,-6,4,-28,-6,-25
-6,-35,5,-6,1,-23,3,-31,1,-12,-1,-25
-7,-33,13,-1,16,-31,-7,1,13,-34,-4,-28
-3,-2,4,-17,-2,-23,-8,-21,4,-10,-7,-27
3,0,9,-26,1,-30,-2,-22,-4,-12,2,-15
11,-7,8,-18,-6,3,1,-25,-5,-13,-10,-26
1,-24,-7,-24,-5,-14,-9,-6,-5,-27,5,5
15,-3,-4,-13,-2,-4,16,-20,-3,-9,8,-21
5,-10,-9,-11,-10,-13,-4,8,0,-19,0,-6
-5,-15,0,-18,9,5,15,-5,-5,-17,4,-26
-2,-19,4,-15,13,-21,14,-19,4,10,8,-6
3,-11,8,-10,-1,-13,16,-14,-6,-10,1,-11
14,3,12,-11,5,8,13,-11,16,10,0,-17
16,-3,1,-11,-10,-4,10,9,-6,10,13,-14
9,-3,-2,-9,-8,-6,16,2,-6,-18,-2,-8
13,8,8,-3,-4,-2,-3,12,10,-2,-1,-20
11,-5,1,-12,6,4,2,-3,6,9,-1,8
7,1,3,-13,1,9,6,-5,-3,0,-4,4
8,-18,-9,16,10,-17,1,-17,6,-7,5,18
7,17,7,-5,-1,4,1,-12,9,2,-2,9
4,-11,8,-10,9,-16,-2,18,2,-16,6,-8
7,8,3,7,2,-1,0,-11,10,-11,0,18
7,-4,-5,3,0,14,8,-5,-5,-9,-3,11
15,20,3,10,-2,-10,9,6,2,3,-3,-5
5,4,2,2,-8,-8,-7,12,5,12,7,4
-4,4,7,10,7,15,-2,24,-8,15,3,12
3,15,1,-10,3,15,-9,-9,11,4,1,23
13,26,7,-5,3,21,-3,12,-6,20,-5,25
7,22,-5,22,10,16,15,5,-3,27,4,19
0,17,-2,15,0,-3,-8,18,-2,24,2,-1
1,1,-7,3,-6,11,-9,21,-2,10,3,-1
1,22,1,25,-1,9,-1,20,4,20,7,0
2,-4,6,24,-3,28,-7,17,7,15,-4,16
4,-1,2,-1,8,15,-8,2,12,31,13,-2
3,3,16,27,-9,23,-3,-1,3,30,-3,19
0,1,-4,10,5,21,-2,12,0,7,7,34
6,3,-8,15,-7,17,7,30,-5,27,-5,12
3,-21,13,-2,16,-22,4,-7,-6,-21,-3,-15
-1,-3,-5,-20,-6,-20,-2,-26,-2,-30,6,-15
1,-21,-7,-11,14,-4,-5,-31,3,-23,-6,-31
-2,-31,3,0,15,-27,-8,-7,2,-19,3,-20
-5,0,10,-1,11,-29,-9,-20,12,-20,5,2
-9,3,-7,-13,-2,-31,-2,-28,-9,-23,4,3
-9,-22,-3,-6,-2,-28,-9,-13,15,-29,12,-24
-7,4,13,3,9,-6,-6,-4,4,-9,4,-4
-6,-9,8,1,1,-22,-1,-3,3,8,16,-28
0,-19,12,6,8,-20,4,4,-1,9,8,4
5,-19,-6,-18,2,5,-8,-6,15,-1,-1,-11
-2,-22,7,6,9,-10,9,-10,2,-10,0,-5
-1,-24,13,-21,9,-5,7,-5,7,-18,11,9
-5,-19,5,6,2,-17,2,-21,0,1,-3,-6
1,-8,5,-13,-1,-16,2,-22,7,1,2,6
2,-6,5,10,-9,-3,-7,13,-1,-9,7,1
16,-13,3,-12,-1,-9,-3,-3,9,3,2,0
1,12,-1,1,-6,-1,5,5,16,-10,3,-10
2,-8,0,-7,-7,-18,13,13,0,-11,6,16
9,-10,8,-12,7,-4,7,13,14,-4,-1,-4
4,-6,-3,14,0,8,11,7,1,16,-3,-4
17,8,6,9,-7,-13,3,-1,5,-2,8,-14
13,-10,3,12,2,-11,0,18,-3,3,14,-7
3,0,-2,0,-7,13,-9,-5,9,7,11,0
-4,16,0,2,-4,21,3,1,-7,-5,3,16
16,-8,4,10,-3,-3,7,14,-4,-2,7,3
13,11,-1,-1,2,0,-2,12,1,21,8,-4
2,20,16,0,-5,9,4,26,0,25,7,19
14,-6,-5,9,10,15,-6,2,-4,13,-3,21
4,16,1,8,11,10,6,11,4,29,7,-1
-8,13,12,9,-7,19,8,25,5,12,10,12
-7,6,13,17,3,25,4,8,-3,1,-2,12
9,14,11,-4,-3,18,-2,1,-2,-3,-1,6
6,5,-8,2,0,24,5,13,3,6,-9,22
12,3,16,26,-1,20,16,3,-5,10,8,32
5,31,10,29,10,21,4,27,12,8,12,1
10,30,16,13,1,11,4,15,-8,24,11,2
-2,-4,2,-31,18,-28,-3,-20,5,-29,4,-2
0,-33,-3,-27,13,-25,10,-32,1,-22,9,-12
-2,-31,-1,-32,4,-13,-2,-23,-6,-26,11,-23
-3,-30,-7,2,3,3,16,-3,-4,-7,5,-30
-3,-31,11,-25,11,3,13,-30,-8,-22,-2,-32
-4,-28,11,-30,-2,-29,16,-28,1,-26,4,-31
-1,5,14,-18,17,5,16,-8,-1,6,-1,0
-2,6,-2,-28,2,6,-1,-25,1,-21,0,-26
-3,7,-5,6,15,-17,-3,-5,3,3,6,8
-8,-15,5,-26,6,-24,-8,9,14,-11,10,6
-8,-21,16,-14,17,4,1,-3,-4,-13,9,-18
-7,9,6,11,18,-6,17,-16,-6,-19,9,-1
-7,8,11,-7,13,-18,17,-24,3,-13,4,-4
4,-16,-5,10,18,-7,-3,12,-8,11,10,-6
-7,-18,-4,-12,18,-7,-8,7,13,0,6,10
-3,-13,3,12,2,-6,13,-10,5,-5,9,8
-4,10,-3,-15,13,-3,4,-14,-5,9,-6,-7
18,2,9,-1,9,5,-4,-19,5,-10,5,-10
10,-4,-8,16,18,-9,16,11,5,8,10,-17
8,2,6,6,6,17,14,17,1,-14,9,1
-1,9,14,4,1,7,17,0,9,-1,4,-13
-3,-10,5,-3,6,12,-3,6,1,10,0,-3
-3,16,-8,-7,-7,14,-4,-2,3,-8,4,19
0,7,9,-12,14,10,-3,16,12,-5,8,20
-3,12,17,-6,-3,23,3,23,8,4,3,-1
-2,2,7,20,1,19,7,5,1,22,9,0
-3,15,18,-3,0,2,10,9,4,16,-3,22
-1,21,11,20,1,23,0,-3,-5,11,-4,-9
-2,25,-5,16,0,-8,-8,-1,9,2,-3,-3
-2,-6,6,11,8,7,-5,11,5,16,3,24
-7,18,11,26,16,14,0,10,-6,23,6,-1
-6,25,-6,30,14,-3,8,11,-2,30,-4,2
-4,31,13,18,3,0,9,11,5,8,1,1
0,25,4,15,1,28,5,19,-2,29,-1,33
0,27,16,24,0,2,0,22,-3,11,10,0
-5,6,17,26,0,1,3,31,-4,26,3,26
-5,10,15,28,0,17,3,31,-5,4,-4,34
-3,-31,6,-33,6,-21,0,-5,-4,-17,7,-1
0,-2,-6,-29,11,-11,8,-27,7,-20,6,0
-5,-34,11,-32,1,0,10,-32,-2,-9,9,2
9,-12,6,-15,3,-2,4,-21,-1,3,0,-21
-1,-27,6,-13,6,-1,-1,-31,0,-23,-1,1
7,-16,16,-22,5,-26,2,-12,-2,0,-4,5
7,-14,11,-6,18,-7,17,-20,7,-23,-2,-30
-3,-10,-6,4,12,-13,16,-23,-1,2,4,-26
-4,-20,8,-24,17,-12,-1,-4,-3,-7,-4,-12
-5,-21,0,1,3,-25,12,5,3,-22,17,-12
1,-18,13,-14,7,-20,-2,-16,3,-14,-7,7
-5,6,17,-18,-5,-6,-4,-20,-4,11,3,-7
-1,3,-6,4,0,4,0,1,14,-18,4,-2
-4,-5,9,4,-3,1,-1,12,3,-5,-5,3
-4,-2,16,-16,1,-4,6,12,8,-16,-1,2
0,-13,-3,-18,2,14,6,15,13,-5,9,-6
18,12,7,-14,6,2,11,-18,3,-5,8,-14
10,-11,5,10,-5,10,-1,-13,11,-3,10,-10
2,-16,15,5,-2,-14,9,11,-3,7,8,-10
3,16,1,-1,18,19,0,-17,-4,-12,1,10
19,0,17,-8,6,5,4,-13,4,1,6,20
1,2,2,7,11,-1,17,-11,10,3,-2,16
-4,-2,13,12,11,16,18,-10,17,1,16,12
1,18,-6,6,12,2,1,18,-1,1,1,-6
-3,21,1,-11,6,0,7,14,4,16,-3,6
-6,24,-1,7,16,15,5,-8,-7,25,-2,-1
-7,10,-4,1,12,15,3,4,3,19,1,-8
-6,7,13,18,-7,26,3,-1,5,6,5,-7
-7,21,4,19,10,13,5,22,16,6,0,24
-7,-7,15,19,18,5,-2,-1,1,-1,8,8
-3,30,9,26,1,27,-4,-3,-1,7,2,1
3,21,-4,8,17,10,-6,25,4,-5,9,22
7,23,17,18,-6,14,15,18,13,18,-1,11
-4,3,3,19,10,15,14,4,-6,1,15,16
2,32,10,34,19,15,18,17,4,3,3,17
1,34,-2,23,1,27,-1,21,15,21,15,12
-3,18,-5,11,0,5,-5,33,-1,15,-1,26
9,-22,4,-36,-4,-18,1,-29,3,-21,9,-10
-3,-33,0,-35,-3,-33,0,-31,11,-5,0,-25
7,-21,20,-1,0,-16,13,-7,-1,-8,6,-4
-1,-29,-3,-10,-6,-12,1,-27,18,-29,-1,0
0,-28,-5,-22,19,-15,19,-25,7,-8,-1,-2
-1,-25,11,-8,-5,-23,5,-5,2,4,-2,-15
1,6,2,-6,13,-13,2,2,5,-22,-2,-28
-1,7,-1,-19,17,-13,9,-2,12,-19,-1,-4
-1,-11,-3,-28,9,0,3,-12,-6,-13,1,-10
0,-17,14,5,-2,-4,7,-19,20,0,-2,-7
11,-11,-2,10,13,-24,10,-9,-5,-7,3,10
9,-4,3,-21,17,-24,-2,-2,-3,3,-2,11
-2,3,20,-6,17,5,12,-2,-5,4,-2,-2
-1,-12,17,9,0,1,10,-12,-4,-4,2,11
-2,-13,16,2,4,-3,6,3,0,-10,-4,11
-2,10,-4,0,13,3,-4,1,1,5,-2,12
16,8,6,11,3,9,16,12,1,2,7,-8
14,7,10,5,17,-5,7,7,18,17,-4,-5
5,2,-2,2,11,-1,4,-5,-3,-10,13,15
11,9,16,-7,4,16,14,1,12,5,2,-1
5,2,11,-10,2,8,2,-7,-1,6,7,1
3,17,12,4,1,16,18,-13,13,-2,10,-14
7,7,8,12,1,11,12,11,0,-7,4,-1
2,-10,4,1,-5,10,-1,-4,14,13,6,13
-4,24,12,9,-2,-6,12,-4,1,9,4,24
-6,-2,-2,13,11,9,-4,8,6,8,1,24
-3,7,5,21,13,9,10,-3,-5,15,18,25
-2,14,-4,10,-6,1,10,-1,19,15,14,13
-1,2,14,15,19,16,20,-8,2,-1,-1,-1
1,-3,-6,25,-1,29,17,8,20,3,-1,15
-2,7,-5,23,20,20,-2,2,4,20,1,23
-3,11,4,25,6,-3,-1,7,3,26,1,22
-2,-2,11,4,7,14,1,19,19,31,-3,-4
-1,-3,-5,12,-5,-2,9,0,3,32,-6,23
5,11,2,29,9,28,11,26,8,30,0,28
-1,21,-1,25,12,7,3,21,8,11,-5,-1
12,15,13,22,3,5,-5,19,18,8,4,5
3,-31,-3,-27,4,-35,16,-36,14,-11,3,-1
3,-31,-5,-14,6,-10,-3,-32,2,-10,-1,-7
-2,-31,2,-4,11,-6,0,-1,1,-1,5,-4
4,2,6,-15,2,3,9,-24,-2,0,0,-9
2,0,12,-22,-1,-17,-5,-23,0,-20,18,-26
0,3,2,-2,8,-20,0,-29,-4,0,3,0
1,1,-3,2,0,-15,-5,-25,-1,-30,15,-24
0,3,-2,-4,-1,-26,3,4,1,5,-5,-26
3,6,5,-25,-2,-23,-1,-13,-1,-19,-1,-14
-2,-14,-5,-2,20,4,-3,-7,15,-22,-4,-7
2,-26,-3,8,15,3,2,10,12,-10,-1,4
-3,-21,15,-20,17,-18,6,-14,20,-5,16,-5
-2,-10,-2,3,21,-20,19,0,7,3,4,-13
-1,-8,-2,5,20,-1,2,5,-1,-12,-1,-13
-1,4,20,-15,13,-19,0,-15,3,12,2,-11
3,-20,-4,-18,-1,-9,-1,-10,3,0,-3,-1
1,8,5,-16,7,-1,-4,14,19,-8,-4,-10
14,-4,1,1,2,-4,-3,-9,0,11,10,-2
11,8,5,7,1,-13,19,-12,9,-12,7,-7
20,11,8,7,8,19,15,5,12,5,9,-8
6,-2,18,10,10,1,-5,2,-3,9,8,-3
21,16,5,-7,5,2,18,5,13,3,8,11
21,11,5,12,12,5,19,22,5,20,8,-6
3,1,3,1,-3,18,13,5,0,-2,8,8
1,-5,-4,10,13,-3,10,12,0,11,7,24
0,16,16,-1,13,10,21,-1,8,-3,2,23
3,20,11,26,0,-2,15,18,3,-7,3,-5
1,21,-5,9,-3,15,17,10,11,9,16,5
3,25,-1,17,15,15,-2,-2,7,23,-2,10
-1,13,5,20,1,26,-1,0,-1,3,9,18
-1,22,11,-4,10,15,9,12,2,26,-1,15
-2,6,-1,-5,0,2,13,24,8,30,-2,27
8,11,11,6,14,32,7,16,4,-4,-4,8
21,27,-4,15,14,0,16,6,6,21,0,0
7,34,3,32,17,1,11,18,-4,19,-1,27
6,35,11,33,18,16,10,16,4,20,-3,3
13,19,21,16,10,23,12,24,5,6,0,29
-1,-10,15,-33,8,-36,3,-23,3,-26,18,-30
6,-28,3,-28,9,-21,20,-23,-1,-26,5,-32
-2,-21,4,-31,7,-13,19,-2,-3,0,-1,-23
-3,-30,22,-18,16,-15,-3,-21,4,-5,1,-7
7,-24,0,-3,-2,-26,20,3,2,-4,3,-8
-1,-9,1,-20,-1,-10,7,-14,3,-1,-4,-10
-4,-29,14,-25,10,-17,0,-1,18,-19,2,5
2,-3,11,-2,-1,-9,16,-26,3,-17,-1,0
1,-15,-2,-21,16,-16,16,-27,-3,-26,4,-3
1,-1,12,-23,6,-5,9,-3,4,-17,2,5
-4,9,7,-24,-3,5,16,-7,-1,8,-2,-7
10,-4,22,-2,20,8,13,-11,1,4,-4,-11
0,0,12,-13,8,-11,21,-18,-1,-14,21,-11
1,6,13,9,1,7,-3,10,-2,11,0,-22
12,0,6,-20,12,-2,18,-15,21,-3,2,5
0,-11,11,15,4,-13,19,-5,9,-16,5,-19
3,9,7,5,21,-1,-2,7,5,9,1,-18
13,0,4,10,-1,0,13,3,5,-1,19,1
5,18,1,-12,-2,-9,-3,-5,4,-4,12,-5
6,18,5,17,1,4,2,1,5,-11,21,18
3,18,9,-11,0,13,11,-1,6,5,-3,2
1,-13,-4,-7,5,-15,13,1,6,2,-2,12
0,2,11,-3,8,11,3,-3,0,-12,19,3
21,-11,-3,13,1,9,3,4,4,-2,1,-4
4,24,10,16,4,2,-3,10,10,12,16,-11
2,3,10,-9,17,19,4,10,16,21,-3,21
3,-5,0,3,-4,15,-3,-3,8,-2,-1,24
1,0,1,4,2,-5,19,10,-4,15,11,-6
-2,-6,2,-4,11,28,-1,26,0,14,-2,22
0,7,20,26,10,5,9,-4,9,-1,3,-3
3,22,11,14,2,1,15,27,-3,10,4,-2
5,8,-2,15,21,8,-1,23,2,22,1,30
2,2,11,31,9,29,10,24,-3,7,-3,32
0,-2,19,0,0,13,21,12,19,23,-2,3
1,21,15,9,12,25,3,8,-2,10,9,14
13,21,3,30,12,2,-1,19,4,28,1,17
5,14,-4,20,15,27,2,13,9,3,-4,24
-3,-32,19,-30,5,-7,1,-27,1,-17,23,0
-3,-18,13,-10,-3,-27,9,-12,-2,-21,1,-23
-2,-4,-1,-33,23,-22,6,-1,10,-32,3,-32
-3,-11,3,-6,-2,-20,0,-32,15,-5,11,-11
0,1,9,2,18,-24,23,-7,-3,-32,-2,1
-3,-5,11,-31,18,-19,16,-20,1,3,15,-2
-1,-13,-2,-23,7,-4,16,-5,-2,0,0,-29
-1,-9,6,7,15,3,-1,-13,0,-7,10,-9
-1,-7,5,4,9,0,12,-19,0,4,-2,-23
-1,-8,3,8,19,2,3,-2,7,-24,17,-19
-1,0,17,-25,12,-2,3,-19,-2,-18,3,-18
-2,-16,23,-20,7,-1,-1,-8,1,-22,1,6
-3,-3,18,-21,17,-15,21,-4,0,11,-2,6
0,13,-1,-10,0,2,-3,8,-1,-20,1,-6
-2,-2,-3,-21,3,-5,-3,8,1,13,1,-14
5,3,0,-19,13,1,3,0,23,-10,-1,10
-3,-9,23,-1,2,-1,-2,1,-1,-9,-1,-8
5,-13,18,-7,0,4,5,-19,-2,3,2,-8
1,-6,2,-15,-1,-13,17,-18,21,0,-3,16
3,-6,15,14,0,9,5,11,2,-10,-2,11
0,-7,2,12,19,9,8,18,22,18,3,-7
2,-8,-1,9,16,-6,15,-4,-1,8,16,-12
1,-6,2,-14,-3,15,10,-3,5,13,16,13
2,1,-2,12,22,2,20,18,9,-12,-3,6
1,-5,19,-10,1,14,1,1,22,1,18,-4
1,11,0,-1,16,-10,8,-2,15,19,-1,7
1,11,5,7,8,8,8,12,2,24,-3,10
2,24,-2,12,3,25,16,-4,21,-3,-2,17
3,28,1,24,20,23,3,-5,-1,-4,4,20
3,22,14,19,3,22,11,7,-1,3,4,-7
-3,30,3,2,14,4,2,12,-1,-6,2,2
-1,-2,5,31,7,18,7,22,2,9,14,2
-1,-3,-3,0,5,3,2,10,9,26,-2,20
2,18,8,19,9,26,23,10,21,18,3,10
5,21,3,26,2,12,19,26,21,20,7,22
11,13,0,3,-3,11,-1,17,-3,26,-2,26
2,16,22,10,19,14,-2,8,-3,32,19,26
5,-12,3,0,-2,-20,16,-16,0,-8,2,-10
-2,-28,1,-16,6,-20,5,-27,10,-22,1,-2
0,0,11,-34,0,-21,0,-32,19,-14,-1,-19
2,1,19,-9,22,-5,6,-3,0,-32,10,-18
4,-24,2,-11,14,-22,0,-26,9,-10,0,-31
12,-23,-2,-26,24,-10,10,-7,18,-3,-2,-20
-2,-27,0,-1,-1,-9,-1,-7,5,1,0,-15
-1,-7,20,-28,16,-9,3,-24,1,-3,2,6
10,-1,-2,-18,24,-10,16,-14,5,5,1,-5
11,-20,13,-13,4,-2,7,-17,9,-14,1,-17
5,-14,1,5,0,1,1,-3,7,-4,0,8
0,-1,17,-4,2,-24,12,-10,8,0,0,-16
12,-2,5,8,12,12,10,10,-2,-1,0,1
0,0,24,9,7,3,13,8,-1,-5,0,-15
13,0,8,-4,4,-1,3,5,6,-20,4,9
0,1,4,4,22,9,2,-1,-1,6,22,-1
-2,8,20,11,21,-16,1,-6,0,-18,10,-15
-1,-11,8,17,19,-4,4,-7,14,-6,2,-15
1,11,2,15,0,-1,20,-8,8,-16,9,12
0,8,9,2,20,13,1,12,15,6,3,10
1,14,1,0,0,-1,18,-3,13,-11,-1,-9
-1,-10,2,20,21,-3,20,6,17,-14,-1,-1
-1,-12,19,-10,6,2,4,9,1,11,0,-14
11,-5,-2,1,0,-2,2,22,0,14,0,16
0,-3,19,11,10,23,-1,5,4,-1,-2,20
9,15,8,8,3,12,9,22,-1,22,19,11
0,25,5,11,6,9,-1,0,-2,6,-2,-2
6,4,7,-6,1,13,19,-6,17,-5,5,-6
0,-3,11,24,2,25,9,6,-1,1,0,15
4,2,11,8,18,7,-2,7,16,24,7,18
2,5,14,12,0,29,5,-4,2,10,-2,12
2,1,23,-5,7,29,1,3,-1,27,10,18
4,-2,9,1,21,3,-1,-4,1,27,9,14
1,2,21,-2,21,0,0,25,0,17,12,-3
1,-2,-1,-2,18,5,15,9,8,34,-1,19
4,-1,2,11,21,14,16,9,2,17,13,32
24,28,0,12,13,29,-1,25,-1,35,0,35
0,-36,1,-14,2,-5,23,-8,2,-18,1,-4
1,-23,20,-7,9,-23,25,-12,1,-18,3,-26
0,-16,7,1,13,-1,18,-12,0,-28,-1,-27
1,-5,6,3,24,-25,18,-5,0,-7,4,-29
9,-5,16,-2,15,-2,22,-11,6,-3,0,-9
0,-14,3,0,9,-21,11,-20,20,-31,10,-27
9,-22,-1,-19,15,-13,18,-7,-1,-1,0,-14
1,-19,2,1,9,5,14,-6,1,-24,0,-12
1,-20,-1,-16,19,-18,2,-15,11,-26,1,-17
6,-1,25,3,10,-7,18,-6,19,-17,5,9
1,6,0,-17,7,0,17,-5,1,5,2,-24
1,-18,0,-24,9,7,23,-25,22,10,4,-12
-1,-11,6,-21,23,-7,4,-11,1,6,6,-14
-1,10,9,9,-1,-23,5,-3,8,7,2,-10
7,3,20,-5,-1,-15,19,-7,1,-13,-1,-10
2,3,-1,12,-1,-20,-1,13,1,1,0,-19
1,9,18,-16,6,-11,18,-4,21,9,2,1
2,6,-1,-16,23,-11,1,-6,-1,9,15,-2
-1,9,0,13,6,1,-1,1,1,-3,2,13
6,-6,11,-14,12,7,-1,3,19,12,25,-3
6,-6,14,-16,5,11,14,-2,0,-11,8,7
0,-4,3,-6,25,8,10,-2,14,-5,0,-4
-1,10,0,13,9,2,19,11,25,22,0,5
1,5,3,-5,2,-13,4,15,4,-11,0,-5
0,-2,9,-2,8,10,10,4,14,22,3,1
6,-2,0,5,2,-3,1,-3,1,5,25,14
2,22,2,-5,10,9,8,-2,2,20,1,-5
0,3,1,17,16,25,21,8,2,-6,0,4
2,23,13,27,0,26,20,18,5,16,2,16
1,8,0,7,11,29,0,-3,8,25,2,20
-1,19,1,27,21,20,11,6,10,-4,-1,-4
0,10,-1,23,19,3,3,20,10,7,-1,8
7,22,0,8,6,9,13,19,0,11,0,27
6,4,2,18,25,-3,14,29,-1,-2,2,19
11,24,3,26,0,25,-1,1,16,22,23,16
-1,9,10,20,6,13,7,4,-1,19,2,24
8,33,2,7,3,36,-1,1,7,25,15,18
3,-21,3,-19,11,-4,2,-1,0,-11,3,-10
7,-34,14,-10,0,-32,8,-6,3,-22,4,-10
0,-28,4,-16,11,-18,12,-15,3,-20,0,-7
1,-7,6,3,2,-5,21,-17,21,-30,1,-24
1,-4,7,-31,24,-20,19,-14,4,-15,2,-16
3,3,15,-6,7,-5,25,-30,0,-12,0,-9
0,-7,14,-26,23,-30,20,-4,9,-20,1,-24
3,-1,17,-5,4,-19,0,-7,3,-22,13,-29
1,-22,15,-20,26,8,0,-4,0,-23,3,-23
2,0,16,-10,24,4,1,-25,1,-20,3,8
3,1,2,-23,4,-26,15,-6,16,-24,17,4
1,-11,21,-4,13,1,14,4,18,-8,6,-22
1,-11,8,3,6,-24,16,-15,0,-15,3,-10
3,12,24,4,22,5,0,9,4,8,0,-22
1,-21,8,-22,9,3,16,0,1,-19,3,-2
0,11,0,-2,14,-14,12,-6,0,0,9,13
0,-4,0,-7,15,-4,6,-10,0,15,0,9
9,7,3,10,5,1,6,-4,3,-17,13,8
3,3,6,-15,9,-16,10,-13,2,15,26,12
6,-5,4,17,3,-7,23,17,0,-14,0,6
6,9,19,20,5,-3,10,9,2,19,0,-16
6,9,2,21,12,9,7,9,4,-10,2,21
13,8,0,21,7,-4,0,-4,5,18,0,22
0,1,1,0,24,-2,21,-12,4,-12,8,19
7,1,0,-6,0,-8,21,-2,0,-8,3,-4
12,-3,0,13,1,6,19,2,1,-1,1,-10
1,11,7,14,0,-8,0,23,26,20,2,7
1,20,0,0,1,7,10,9,4,23,0,22
8,19,0,22,24,-3,1,6,10,19,0,8
0,24,1,23,17,9,21,11,1,10,1,28
1,25,0,23,12,17,3,16,0,12,25,15
0,25,0,11,3,8,0,23,6,-4,4,19
9,3,0,22,12,3,15,25,11,3,2,20
1,30,1,-1,3,1,11,21,0,28,1,19
13,25,2,4,15,1,10,8,11,7,14,17
1,26,0,16,6,11,1,34,0,29,0,3
1,23,5,19,11,30,9,36,1,1,15,19
