-2,-29,-19,-8,-19,-9,-23,-12,-1,-25,-14,-32
0,-11,0,-25,-20,-4,-7,-35,-1,-17,-16,-31
-13,-32,-3,-30,-14,1,-24,-3,0,-1,-20,-8
-14,-28,-9,-22,-9,-19,-15,-33,-20,-1,-21,-22
-15,-26,-10,-30,-6,-13,-2,2,-8,2,-1,-27
0,-30,-18,-3,-16,-29,-15,-10,-22,-6,-25,2
-16,-30,-12,-26,-4,2,-5,-29,-25,-3,-14,-7
-17,-25,-3,-28,-16,0,-26,-11,-26,-23,-23,-19
-18,-11,-15,-14,-23,-27,-5,-10,-12,-3,-20,-28
-17,-22,-10,2,-7,-12,-4,-17,-16,-3,-15,-8
-16,-25,-7,-15,-5,6,-22,-5,-3,-9,-20,-6
-18,-7,-13,2,-1,-11,-23,-3,-21,2,-6,0
-17,-6,-6,-8,-25,-5,-25,-14,-10,12,-10,-3
-17,-6,-19,3,-20,6,-8,-20,-14,-2,-4,-19
-18,-6,-19,10,-7,-3,-26,-8,-3,8,-1,-20
-17,-20,-14,9,-25,-10,-8,7,-25,9,-5,6
0,5,-12,14,-5,-13,0,-4,-6,0,-23,-1
-19,-3,-8,16,-24,3,-16,-13,-8,8,-18,-2
-16,-4,-1,4,-16,-17,-16,8,-4,11,-13,-14
-14,-13,-1,-7,-25,13,-21,13,-20,10,-5,15
-1,-12,-3,8,-20,18,-14,-9,-21,1,-6,-16
-13,-15,-8,5,-9,-15,-22,10,-3,11,-8,1
-12,-13,-15,-6,-4,21,-19,12,-7,7,-19,19
-15,-10,-19,22,-21,15,-25,-7,-15,-9,-2,-5
-14,-12,-26,23,-23,7,-24,-11,-11,21,-16,-12
-14,-5,-21,17,0,10,-26,13,-13,23,0,-3
-20,-5,-14,22,-1,26,-19,23,-4,2,-7,9
-1,-2,-16,20,-16,-9,-8,-9,-6,12,-4,6
-1,-3,-18,-6,-24,11,-4,-7,-18,18,-2,-7
0,28,-2,3,-8,24,-25,12,-5,27,-2,10
-11,-5,-15,-2,-7,8,-14,27,0,20,-4,12
-3,0,-1,23,-4,22,-16,0,-16,-4,-4,9
0,32,-19,16,-6,16,-20,17,0,25,-8,13
-4,-2,-18,0,-9,15,-5,3,-5,-2,-3,9
0,31,0,28,-21,1,-3,9,-17,-1,0,12
-21,1,-19,17,-5,20,-5,10,-21,31,-17,2
0,5,-10,18,-1,34,-7,19,-7,3,-18,4
-15,-18,-1,-30,-3,-31,-6,-2,-23,-7,0,-18
1,-29,-12,-7,-6,0,-1,-33,-23,-7,-4,-26
-3,-34,-12,-33,-3,-33,-6,-29,0,-22,-18,-7
-2,-32,1,-16,-14,-1,-4,-26,-24,-8,-12,-31
-14,-24,-2,-1,-6,-1,-13,-32,0,-15,-15,-31
1,-31,-21,-1,-21,-9,0,2,-12,-28,-21,5
-14,-28,-16,-19,-8,-13,-13,-9,-2,-2,-21,-29
-17,-28,-23,6,-12,-12,-13,-24,-2,0,-23,-12
-17,-26,-17,-28,-25,3,-20,6,-7,-21,-14,-1
-13,-11,-6,-10,-8,-24,-15,-13,0,-24,-22,9
-17,-26,-3,7,-1,-6,-6,10,-17,1,-21,9
-15,-21,-2,-17,-13,-9,-3,6,-15,-11,-6,-4
-15,-19,-4,-14,-1,-22,-23,1,-13,0,-3,3
-15,-21,-20,2,-19,-1,-4,-15,-2,-12,-8,-18
-15,-19,1,14,-3,7,-8,-7,-5,-17,-13,-19
-16,-19,-13,-17,0,6,-2,-8,-3,-18,0,-20
-17,-16,-15,11,-24,-12,1,-17,-21,-9,-1,-4
0,-19,-13,-18,-15,6,-15,-1,-11,-18,-3,-8
-1,-18,-2,-8,-12,-4,-17,-8,-12,-1,-7,15
-1,-14,1,12,-11,9,-20,6,-12,3,-12,17
0,-14,-15,14,-8,-9,-5,19,-8,13,-5,-9
-13,-12,-4,-2,-5,-15,-22,16,-4,1,-19,19
-14,-13,-14,22,-18,-11,-3,10,-9,-13,-17,16
-14,-8,-5,-11,-25,12,-1,-5,-9,-6,-1,-3
1,-10,-7,-10,-8,1,-1,17,-14,12,-1,7
-11,-8,-23,23,-3,23,-15,24,-4,3,-4,-1
-2,-8,-24,-4,-4,-1,-14,9,-12,-9,1,3
-17,-4,-8,8,-5,12,-20,27,-22,21,1,1
-8,-8,-21,28,-21,13,-7,10,-9,13,-9,23
1,22,-16,-3,-8,12,-17,23,-13,28,-19,11
-10,-4,1,13,-16,16,-12,-3,-25,27,-20,30
-6,-3,-5,14,-3,25,-13,30,-14,13,-6,-5
-10,-1,0,23,-3,6,-4,11,-19,18,-6,9
-9,-2,-1,17,-7,25,-12,-1,1,29,-25,33
-18,15,-10,2,-13,29,0,11,-2,13,-1,27
-7,1,-6,25,-10,12,-7,0,-4,9,1,26
-10,4,-7,36,-15,3,-19,14,-2,32,-7,8
-6,-32,0,-20,2,-1,-18,-20,-3,-1,-1,-32
2,-14,-3,1,-3,-4,-24,-14,1,-3,2,-9
-4,-34,-19,1,-18,-31,-20,-1,1,-8,-6,-20
2,-26,-1,-7,-3,0,-19,-7,-14,-26,-5,1
-7,-29,-18,-11,-23,-27,-7,2,-12,-29,-1,-25
-10,-26,-1,-22,-6,-7,-9,-29,-18,-31,0,-9
-11,-27,-18,3,-10,-3,-17,-14,-10,-6,-2,0
-17,-24,-2,2,-8,1,1,-13,2,-29,-23,-21
-12,-26,-5,-14,-24,-11,-23,-1,-6,-22,-4,-10
-17,-27,-2,-25,-1,8,0,-20,-11,4,-1,-24
-16,-23,-19,-22,-7,8,-23,-5,-16,7,-22,10
-15,-22,-15,-25,-8,-25,-14,-6,-17,8,-13,11
-15,-24,-23,12,-2,-12,1,-16,-2,-20,-3,10
-14,-17,-16,6,-23,-3,-16,-14,-16,-5,-23,-20
0,-16,-22,7,-2,-22,-14,2,-24,-14,-12,3
-12,-20,-2,14,2,-7,1,1,-11,12,-2,-18
-13,-20,0,5,-7,-12,-2,15,-23,-13,-15,-1
-17,-16,1,11,-24,-13,1,10,0,-17,2,-14
-13,-14,0,13,1,-17,-12,8,0,4,-3,-5
2,-14,-4,18,-16,14,2,4,2,-4,-1,11
-10,1,2,-15,-8,-12,-19,5,0,9,-7,-13
0,-11,-21,21,0,17,-23,7,-5,-13,-1,18
-17,-10,-24,17,2,8,-15,16,0,-13,0,-11
-1,-13,-1,-6,-24,11,-6,-5,-24,6,-23,16
-11,0,-19,20,-16,9,1,9,1,23,2,22
-1,-5,1,18,1,-9,1,16,-2,0,-12,-9
-1,-6,-20,11,-18,15,-22,13,-5,10,2,14
2,19,-1,2,-24,20,-21,21,-11,-7,-24,26
-17,-6,-16,23,-5,-8,-21,25,-24,13,-8,-3
-1,11,-6,-6,-7,13,-4,-3,0,27,-5,-1
-6,-1,-2,20,-17,26,-12,12,-13,-4,-4,14
-11,13,-2,22,2,-4,-17,15,-24,23,-5,15
-19,0,-1,2,-22,27,0,16,-9,-3,-2,-2
-3,3,-1,10,-13,26,-8,-3,-17,17,-2,20
2,18,-7,19,-5,34,-21,12,-3,28,-1,8
-1,15,-3,34,2,33,-1,32,-14,2,0,32
-4,6,-1,33,2,25,-7,27,-5,7,-24,20
2,-19,-4,-17,-10,-8,-14,-19,-2,-25,3,-18
2,-26,-3,-23,-19,-11,-22,1,0,-23,0,-30
-3,-20,3,-18,-18,-33,-22,-32,-20,-6,-4,-32
-11,-13,-7,-29,-16,-32,-12,-23,-5,-13,-5,-14
2,-12,3,-6,-20,-11,-12,-3,-15,-28,0,-1
3,-13,-2,-23,-2,3,-23,-30,-2,-22,-6,-10
-1,-27,-21,-9,-22,-28,-15,4,-11,-30,0,-11
3,1,-22,-29,-16,4,0,3,3,6,-3,-17
-7,-28,-1,-5,2,-13,-14,-3,2,-27,1,0
-16,-26,0,-5,-18,6,-13,1,-3,-11,-2,-2
-11,-9,-4,-22,-10,-13,-22,-6,-19,-3,-8,-24
1,-23,1,-8,0,8,-1,-11,-6,-24,1,-4
-9,-24,-4,-24,-8,-16,0,-4,2,-8,-5,-19
-10,-22,-15,-9,1,-23,-3,-5,0,-14,1,-11
-10,-5,3,3,0,-20,0,-3,-7,5,-6,-3
2,-18,1,-18,-11,-3,0,-6,1,-5,-2,-2
-11,-13,-5,-6,-13,13,-9,-15,1,-1,-5,-2
1,-14,-15,-15,-4,-3,-14,17,-1,-10,-6,-3
2,-12,-16,-16,2,3,-13,-1,2,-5,-2,-4
3,6,-3,-2,-8,15,-14,-14,2,13,-2,-1
-5,-13,-20,10,-7,4,1,15,1,-13,-1,4
-9,-2,-2,2,-9,-9,-8,-11,0,-5,-4,-10
3,8,2,22,-4,16,-19,6,-15,17,-12,-9
3,18,-1,-10,-1,3,-3,9,2,11,-6,0
-1,-10,-10,23,-2,18,-1,4,-14,7,-11,-7
-17,-9,-7,3,-19,5,0,-3,-1,3,3,-11
3,1,-2,20,-7,11,-23,25,-3,1,-2,10
-11,6,-2,3,-1,5,-15,20,-11,13,-1,4
-1,-4,-5,8,0,24,-12,-4,2,1,-13,-6
2,1,-19,20,-14,16,-1,16,-6,-7,0,19
-17,12,-20,10,-2,13,3,22,-16,10,-12,-6
-3,0,-7,15,3,6,-10,26,-8,16,-23,23
2,26,-3,14,-19,25,-14,24,-4,5,-2,7
-17,12,-5,3,-3,15,-4,29,3,27,-12,-1
-4,4,-7,17,-15,15,3,11,-2,34,0,4
0,21,-23,35,0,35,-23,2,-2,18,2,30
-1,16,-1,34,-20,33,-5,20,-2,27,-2,18
-2,-19,4,-18,-19,-13,-20,-29,-8,-24,-17,-8
-3,-1,-22,-9,-2,-30,-4,-14,-16,-5,3,-2
-5,-14,4,-13,-10,-8,-1,1,-11,-20,-5,-17
-5,-12,-3,-27,-6,-30,-3,-11,1,-20,-20,-5
-3,-12,-17,-6,-20,-2,1,-8,3,-25,2,-9
2,-3,-2,-23,1,-25,-10,-4,4,3,0,5
1,-21,-16,-4,-15,-4,-19,-4,1,-26,3,-17
0,-10,-12,-10,-2,-14,-2,-8,2,-11,-6,-9
-2,-27,1,4,-4,-14,-13,-23,-14,-25,3,2
0,-7,-6,-16,-19,-9,-8,-6,-2,2,-15,-2
-6,-17,-22,-11,-12,-4,-19,-25,-8,-19,-16,-3
-4,5,-4,-3,-11,5,-15,-1,-14,-6,-6,-7
-3,-21,-12,-17,-22,-12,-7,2,-19,-20,-17,-24
4,3,-20,7,-2,-6,4,-3,-3,11,-2,-1
-8,-18,1,1,-12,2,0,-1,1,-3,3,7
-16,-21,2,9,-17,-1,-14,-5,-3,-20,2,4
4,14,2,-13,0,-13,-4,-15,4,8,0,-15
4,8,0,-1,-2,-8,-19,13,-2,13,1,-3
4,-9,-16,2,-3,0,-14,13,-4,-15,-2,-3
4,-4,-15,-6,-3,0,-22,16,-13,14,-14,-1
1,-3,3,18,-4,-7,-11,-14,-11,-10,-2,-12
-10,3,3,17,-9,-13,-5,2,4,-3,0,16
-9,1,-17,13,-19,21,-6,20,4,-7,-3,17
-11,7,-1,20,-15,22,-22,9,2,8,3,-13
2,18,-1,6,-6,-6,-15,20,3,10,0,23
0,4,-2,22,0,15,-16,1,-6,6,-2,19
-9,10,2,1,-2,-3,3,18,2,16,1,7
-11,10,3,24,4,-4,-5,1,3,24,-14,-7
-2,13,-2,6,-15,14,-19,10,-19,23,-2,24
-1,1,-18,28,-8,29,-15,-6,-19,12,1,28
2,19,-11,1,-12,0,-14,2,-3,-6,-3,-5
-1,15,-15,26,-7,21,-12,24,3,15,0,7
2,14,-1,12,-17,19,4,14,-19,31,-11,2
-10,16,-8,24,-9,24,3,28,2,26,4,1
-10,19,-3,8,-19,32,2,1,-18,12,3,30
-17,13,-3,31,4,16,-4,6,-21,28,3,26
2,24,-4,31,-20,21,-13,29,-9,18,-21,25
1,-5,0,-25,-4,-7,-13,-3,-4,-21,2,-15
1,-2,-2,-20,-5,-9,4,-33,-1,-13,4,-25
3,-12,-2,-32,-16,-34,-8,-20,4,-11,5,-11
0,-19,-1,-28,-20,-10,-13,-7,-2,-17,-4,-33
2,3,3,-5,-1,0,-7,-17,5,-8,4,-16
2,5,-9,-28,-9,-25,-5,-2,-1,-16,-3,-30
-15,-14,1,-10,-1,-21,-15,-2,-9,-26,-14,-12
4,-11,4,-16,2,-25,-3,-13,-6,-1,-2,-12
-3,-5,-12,-16,-10,-16,-18,-7,-15,-14,-21,5
-20,-4,-9,2,-17,-27,-6,-15,-11,-6,-2,2
-17,6,-19,-16,-14,-9,-4,7,-14,5,-21,-16
-19,-3,-12,-7,-6,-16,-7,-2,-1,0,-15,3
-19,-12,-15,-18,-19,-10,-11,-8,-12,-9,-14,-7
-18,-6,-10,-14,-4,7,-8,-12,-12,-17,-17,-8
2,-7,-3,12,-16,-13,-12,9,2,0,2,-22
2,0,-1,10,-14,-17,-3,8,-13,-4,4,-7
5,-6,-1,12,-5,-5,-6,-6,2,4,5,-4
1,-14,4,-1,1,-1,-16,6,-21,15,-16,15
4,17,-6,-13,0,18,-5,-3,-4,-7,1,3
0,-14,-4,-14,-12,14,-6,4,-21,18,-15,18
2,1,-5,-13,-1,-15,-5,4,-5,-11,-2,2
-10,-8,-1,-14,-2,-10,-8,7,-20,17,5,-4
2,0,-17,15,-16,-10,-3,18,1,-1,5,-11
0,-8,-1,23,-10,-7,-12,7,-3,6,3,1
3,22,2,0,-10,-8,-19,3,5,-2,4,0
3,21,-4,-9,0,0,-8,10,0,10,-2,22
4,11,1,-1,2,8,-16,18,4,-2,4,18
-16,-3,5,23,-8,1,-14,20,-1,26,5,13
-2,0,2,11,-7,1,-3,4,5,0,-12,-6
2,5,5,8,-5,25,-9,24,3,13,5,18
0,1,-4,-2,-19,2,-20,3,4,-1,-2,30
4,19,-6,-2,-11,31,-13,14,-11,15,4,12
1,13,-14,25,-14,5,-6,16,1,4,-1,-3
-2,4,2,32,-11,16,-5,18,4,-1,3,1
2,8,-21,32,3,19,-17,5,-8,8,2,0
2,24,-5,35,3,25,-16,1,0,30,2,10
4,23,-5,33,5,12,1,27,-12,29,4,26
1,-23,-1,-18,-15,-24,2,-36,4,-30,-16,-36
4,-16,5,-30,-4,-13,-7,-31,1,-33,4,0
-1,-20,3,-6,-17,-10,3,-31,-18,-4,0,0
-1,-15,2,-17,6,-24,-17,-4,-1,-23,2,-1
0,2,0,-21,1,-12,-12,0,4,-32,3,-17
0,0,1,1,2,-29,-18,-11,2,-4,2,-2
-2,-13,-1,6,0,-20,-6,-3,-1,-11,-8,4
-7,4,-12,-14,-12,-16,-13,-24,-17,-28,-3,1
-2,1,-16,-15,-9,-17,-10,-15,0,-5,-6,-12
-19,-6,-4,-4,-12,-12,-11,-19,-9,-15,2,-3
-18,-3,4,-17,-8,-3,-5,-17,-5,6,1,-9
-17,-4,2,-4,-1,-1,-14,-18,-10,-7,-5,-16
-12,9,-14,-12,-10,-7,-8,-14,-7,5,-7,-11
-12,-1,-20,-19,-13,2,-11,-17,-17,-20,-12,-12
-12,-10,-17,-4,-2,12,0,7,-11,-2,-13,2
-15,-3,5,-12,3,-1,2,1,0,-2,4,11
-14,-19,4,6,-4,-9,1,12,2,11,-15,-18
5,-6,-19,16,-13,-12,2,-14,-19,1,-7,8
4,17,-2,-5,3,8,-8,4,5,-4,-17,-6
4,19,-20,10,-17,5,-4,16,2,-16,0,-3
6,0,-3,-3,-7,7,-18,-14,3,18,-3,2
2,-7,2,-15,-16,12,-7,5,-3,2,-8,12
2,4,-4,-9,1,-14,-12,10,0,-1,6,22
-7,1,-2,2,5,17,-13,-13,1,-9,-13,16
6,5,-15,22,-12,21,0,-5,-16,20,-10,-9
3,0,4,22,6,25,6,-9,-8,-10,4,-6
-9,5,-4,21,3,-1,-8,-9,-10,-5,6,23
-1,-5,0,-3,-8,21,-14,27,2,17,3,16
6,4,-16,20,-14,28,-9,24,-15,28,2,9
-5,-2,2,-1,5,15,2,19,2,25,5,-1
-4,-1,4,15,6,23,-20,30,-6,-4,1,30
0,3,-6,0,-11,10,6,7,-5,-5,6,-3
3,19,-13,29,-3,31,-11,22,-3,0,-1,12
2,32,-8,31,2,19,-14,20,-14,10,6,16
3,26,-11,26,-4,0,-2,7,6,25,-11,23
0,12,-5,30,2,27,-13,30,-10,24,-5,26
5,22,-8,19,-7,9,5,24,0,4,-8,0
-2,-19,-17,-27,-17,-9,7,-30,6,-26,-3,-4
-2,-22,-19,-18,-8,1,-10,0,-7,-9,-15,-32
0,-23,-1,-7,4,-5,-8,1,-12,-5,-16,-27
-2,-14,5,-20,-17,3,-4,-33,-3,-7,6,-26
-1,-12,-2,-27,2,-30,-6,-5,1,1,-16,3
-1,-15,-1,-26,-16,-6,-2,-10,-12,-28,-4,-30
2,2,-1,-27,-3,-2,-16,5,0,3,6,-11
-16,-29,-6,0,-6,7,-3,-25,-8,-22,-6,-9
-12,7,-15,-10,-2,-2,-7,-25,-9,-17,-15,-5
-4,5,-2,1,-4,-21,-16,-18,-12,-21,-13,-16
-4,-1,-7,-9,-19,-26,-17,-9,-11,4,-16,6
-19,-14,-13,-3,-10,0,-9,8,-5,10,-8,0
-12,-17,-7,-19,-14,3,-11,12,-2,8,-13,-11
-16,-13,1,6,-9,-12,-6,6,-12,-16,-8,8
-18,-18,-12,-3,-10,12,4,13,0,9,-11,-16
6,8,3,11,-16,-11,0,-1,-12,7,7,-9
3,8,0,0,-11,-13,2,2,6,9,5,16
3,10,7,3,-9,8,-11,3,3,2,-3,-17
6,-3,-18,16,-3,-5,7,18,4,13,7,-9
4,13,4,-1,7,13,-17,17,7,-12,7,4
-8,6,-10,-13,-10,16,-13,14,-6,-11,4,11
0,-6,-11,3,-4,10,0,-7,5,-6,-9,-10
-1,-5,4,0,-5,-6,4,0,-18,17,-1,-11
-7,1,-2,2,-4,20,-8,7,7,2,-2,1
4,19,6,-11,4,-4,6,2,-17,7,5,19
2,-2,2,3,-15,23,2,22,-8,-8,7,4
0,0,-18,19,2,12,-12,7,4,26,-2,5
-2,-2,5,6,1,5,-14,6,-10,-6,-1,4
-6,13,4,12,7,-2,-15,7,3,26,6,26
3,27,0,6,-7,21,5,3,-14,19,6,28
1,6,4,19,-1,14,4,3,-5,-3,-17,15
2,11,4,12,-16,21,-2,23,-2,0,7,2
-6,15,5,25,-18,3,2,30,-18,29,-2,-2
-9,14,6,22,-7,1,2,28,-1,18,3,-2
2,34,-18,25,4,15,0,7,6,17,1,3
4,28,-14,14,-9,8,-1,18,-4,35,1,30
4,26,4,30,-16,13,-2,20,3,36,0,14
-3,-17,-1,-18,-17,-5,-5,-19,5,-35,-10,-8
-4,-15,-12,-1,3,-27,-10,-17,-16,-9,3,-35
-7,-3,1,-27,5,-7,-17,-3,6,-19,-6,-33
-5,-3,0,-25,-7,-31,-18,-14,-12,-5,4,-7
0,-1,3,-11,-5,-32,7,-14,-4,-12,7,-29
3,0,-3,2,-5,-27,6,-27,-9,-14,7,-6
2,5,6,6,-17,-2,-7,6,2,-28,-5,-30
-12,-22,-4,-18,-12,-5,-11,-27,-17,-19,-7,-16
-7,7,-16,-4,-1,-7,-14,6,-6,2,-14,-19
-6,2,-3,2,-7,-13,-6,-2,-13,-13,8,-26
-1,-3,-3,-16,-16,-8,0,7,-15,1,-10,-5
-14,-15,-8,1,-1,0,-1,-19,-13,-14,-8,10
-8,10,3,-9,-5,0,-14,-20,-13,0,-3,0
1,3,-9,-7,-16,-22,-13,-22,-1,7,-7,-13
0,5,-14,2,0,-20,-6,-11,-6,-14,-12,-3
7,-2,6,13,-14,5,3,-18,3,-6,-10,-18
6,9,2,0,-4,8,-16,2,-1,-6,7,-5
4,6,6,-18,-9,-1,-10,8,-12,12,2,-16
-4,-2,1,13,3,-6,-4,15,8,5,6,8
-13,-17,7,-2,-2,7,-8,17,1,-13,1,-8
4,-2,-1,-15,-3,-16,4,-8,5,19,4,12
2,-6,-15,18,-3,9,-5,13,-11,17,-9,-15
6,9,-6,-14,6,15,5,-4,4,10,3,19
6,8,-1,6,3,0,-6,2,-6,6,2,20
-7,9,-2,5,-13,22,2,-1,8,5,-4,-9
2,0,6,-9,6,12,-12,4,-9,-7,2,-3
6,4,8,1,-2,21,-11,26,6,-3,3,-3
2,6,-8,-9,-10,21,-3,-8,-10,-8,6,15
4,5,6,4,-9,-6,-5,24,-6,-3,1,0
2,11,2,19,-17,20,-3,18,4,10,6,23
2,16,-17,19,7,29,2,13,4,13,5,-5
3,17,5,29,-6,12,4,25,4,28,4,28
1,12,3,-3,-10,23,1,-3,2,8,-14,15
6,14,4,19,-4,2,2,5,0,12,3,12
4,34,-15,28,-1,25,-17,33,-17,24,-9,-1
4,26,7,25,-18,18,-17,11,2,29,2,15
7,32,-4,1,-14,25,8,31,3,13,-1,1
-9,-30,-7,-23,-13,-31,-16,-21,-11,-30,-10,-17
-1,-24,-8,-22,4,-11,-3,-10,-7,-23,-9,-11
-13,-32,-3,-12,-1,-24,-17,-17,-9,-19,-13,-27
-3,-22,-17,-9,-5,-21,1,2,-4,-25,3,-10
-12,-16,-9,-15,-3,2,-3,-12,4,-26,-12,-3
-1,-16,5,-3,9,-16,2,-27,-14,-6,-14,-27
-1,-13,6,-30,8,3,3,-24,-13,-24,2,-23
-5,-16,-6,-16,-14,-27,-1,-18,-5,0,-7,-21
-9,-8,-9,-22,-4,-6,-8,-16,-14,-7,0,-6
-1,3,-6,4,-8,-18,-1,-4,-13,-25,-16,-14
-4,10,-15,-21,1,6,-16,-21,-3,-4,-11,-22
-15,-7,-15,-18,-16,-7,2,-2,-7,-16,-16,-24
-17,-21,-12,9,2,-1,-13,-14,-13,-9,-5,-16
-7,12,-1,-1,-6,3,-11,-18,-1,-13,-17,-10
-15,-5,-14,2,3,4,3,-2,-11,-17,-6,-6
7,-5,9,-19,7,-14,3,-19,4,1,7,-1
5,-11,2,-4,9,-4,-11,9,2,-6,-2,-4
7,-4,5,-4,-13,-11,0,17,1,-1,6,4
-11,-14,-9,-17,-4,16,9,-17,-17,12,-1,17
-5,5,1,4,1,-4,-13,15,-17,10,4,4
4,3,5,-4,-7,12,-9,-16,3,18,-3,11
-3,3,-12,5,3,-9,0,-12,9,16,0,5
-4,8,9,17,-10,-14,7,22,3,-13,7,-1
4,4,7,22,-6,-4,8,19,-1,-11,8,8
2,5,-6,-10,1,14,6,-11,1,5,3,-1
4,12,2,24,6,0,-12,24,0,5,3,-1
4,23,5,14,9,22,8,-7,2,8,-1,-10
2,22,5,2,8,10,0,-5,-3,-5,7,9
1,10,8,8,8,8,3,-5,-9,-6,9,21
0,9,8,10,9,13,8,29,5,8,3,6
-8,9,2,28,-3,-5,-7,26,6,14,9,29
-3,1,9,22,-16,5,-13,9,9,1,-7,20
1,17,5,26,2,6,-13,22,7,26,6,5
3,33,-16,25,4,14,0,9,-6,-3,-9,15
7,18,-17,23,-8,15,8,7,-7,-2,3,24
-7,18,-5,17,9,1,1,13,-8,-1,6,19
8,11,-9,16,5,8,9,0,-5,27,-10,16
-15,-35,5,-31,2,-6,7,-7,5,-28,-9,-27
-5,-1,6,-34,0,-16,4,-1,6,-25,-15,-5
-4,-10,9,-28,0,-18,-3,-11,-11,-13,-13,-3
-1,-2,-11,-23,6,-13,-1,0,-14,-9,-8,-2
-13,-23,-2,-25,-3,-21,-12,-31,0,-23,-6,-13
-13,-27,-10,-18,-2,-10,-1,-18,-16,-15,-8,4
-14,-14,-11,-17,-4,-17,-1,-12,-5,-15,-4,3
-12,-28,-1,-17,-6,-9,-5,-20,-2,4,-2,-21
-8,-18,-11,-9,-3,-22,-14,-12,-2,-14,-13,-13
0,6,1,-3,-2,-8,-9,-18,-5,1,-8,2
0,6,-1,-25,-7,-10,-2,4,-12,-21,-13,0
-1,9,-15,-11,-2,-14,-11,-16,-5,-15,-11,-19
1,0,-13,-11,-13,-24,3,0,-13,-12,-4,-6
-8,-9,-6,-15,-1,0,-13,-12,-1,-6,-12,-21
-12,-13,-4,9,2,13,-15,-5,3,1,-5,-15
-5,-9,1,2,-12,-15,-15,-5,-10,-18,3,2
-16,-6,-9,-7,-8,15,-5,6,-13,-18,-12,7
-13,-4,-13,-8,-5,-2,-8,-13,-2,-8,1,-9
-14,-15,-11,-9,-14,-3,-11,-5,-10,-10,0,-11
1,-11,-14,-17,-8,-7,-2,12,-7,5,-16,8
-2,16,4,-7,-7,-3,-2,-10,-12,-8,0,-5
-1,-1,-6,20,-1,2,-11,-15,-7,9,-9,21
-5,9,10,20,-16,-13,-10,11,2,17,8,13
-11,-8,5,6,2,-5,-16,21,8,22,10,15
3,18,9,0,-16,23,8,21,9,22,2,-8
-2,20,6,18,5,5,9,1,5,6,8,0
-6,11,-1,26,-3,11,1,6,-13,8,5,2
0,5,8,15,6,22,-16,21,4,5,5,26
0,13,2,10,7,-7,-12,16,2,5,-9,-5
0,12,-7,-5,-7,23,2,24,-6,12,4,29
3,6,-6,-4,7,8,10,16,1,-4,-8,-5
2,17,3,28,8,0,-6,-3,9,-5,4,16
2,6,-8,23,-14,29,4,5,2,-4,-1,1
3,16,-14,33,-13,25,-15,27,-1,0,-12,3
7,32,2,23,-11,28,1,16,-6,0,-14,33
8,26,1,-1,-11,21,-13,35,-8,15,-8,25
6,26,4,21,-15,29,1,2,9,15,-1,3
-1,-11,-12,-16,-5,-6,4,-33,-14,-2,-1,-12
-11,-24,-12,-3,-8,-1,-4,-2,9,-25,0,1
-15,-30,-14,-2,3,-34,-1,-22,-9,1,-6,-1
-6,-22,-9,-23,11,-29,0,-9,-2,-20,-11,-7
-11,-20,-4,-3,7,-15,6,-4,-5,0,6,-27
-15,-22,-8,-28,8,-18,0,4,-9,2,0,-27
-13,-24,-11,-19,-7,-18,-1,-12,-13,-8,-12,-25
-14,-29,-4,-24,11,-3,-6,-13,-4,-6,-2,-3
-4,2,8,8,4,-3,6,-8,-11,-19,-7,6
-7,-2,-8,-15,1,-4,2,-5,-8,-6,-9,-22
2,0,1,1,-4,-1,2,-15,-13,-18,-7,-13
-4,-1,-7,-17,2,-19,3,-21,-1,-15,-3,-15
-12,-13,9,-19,2,-15,-13,-24,-4,6,-8,-23
-4,-12,-5,10,4,6,-8,-11,-9,-4,-11,5
0,13,-8,14,-13,-22,-10,-2,0,-18,-11,-4
2,7,6,-14,-12,6,-6,-12,-15,4,-10,6
-9,-11,5,-3,6,15,2,6,-8,10,-2,11
-9,5,0,9,11,12,0,0,-7,-8,-1,17
-13,-3,-3,-16,11,10,-12,-11,-14,1,-15,-14
0,-6,-11,-13,-3,12,1,9,0,14,-4,-2
-15,1,11,-10,8,-6,-3,8,-1,7,-1,-11
-1,18,3,13,-15,-4,2,8,-10,4,-10,2
-15,2,4,16,1,-5,-12,-9,-8,21,-6,8
-15,0,-5,7,-12,-4,-1,11,-15,-2,-1,22
0,-5,-1,21,5,11,-2,-5,-6,4,-10,3
-11,-7,-8,-7,-6,22,-1,8,0,7,-14,-6
1,2,11,18,-9,23,-7,-9,8,6,8,20
-3,-1,10,10,-14,25,-6,-9,-4,-4,6,13
-6,6,-5,-3,-1,21,-1,-7,-14,20,6,23
1,-1,-6,-6,3,18,5,-6,8,-5,11,25
-6,14,-5,22,11,-6,10,19,8,-3,-7,27
-11,12,7,31,-14,17,2,0,8,-5,5,30
-1,17,-8,23,9,27,-6,0,8,2,5,13
4,30,11,11,-4,16,-5,1,-11,27,-14,25
6,9,9,26,-15,24,8,0,6,10,-3,26
8,32,3,-1,-10,34,3,1,10,26,2,34
9,10,4,3,-8,5,-12,16,-15,7,1,30
-2,-2,12,-3,-13,-3,-8,-5,-14,-14,-14,-2
-9,-16,-11,-7,-6,-9,-12,-17,10,-21,11,-26
-13,-31,8,-26,-13,-8,1,0,-12,-24,8,-15
-1,-7,10,-29,-3,-23,-8,-30,-2,-8,2,-20
-5,-11,-8,-3,-6,-16,-14,-32,-1,-5,2,-17
-11,-7,5,-26,-2,-7,-14,-5,-1,4,-5,-18
2,-4,4,2,-9,-20,-14,-23,3,-4,12,-13
-6,-22,5,-1,-14,7,6,-6,2,5,-6,3
-13,-13,-13,-15,-3,-6,0,-11,-12,-21,-8,4
-9,-15,-12,-10,-2,-22,-3,-13,-10,-15,0,2
3,10,-10,-10,0,-19,-13,-19,-5,-15,0,5
2,6,1,2,-14,-17,-4,-18,-11,-20,11,-14
-9,-15,-10,-2,-7,-3,-11,-20,-12,-18,-9,-14
-14,-8,-9,-16,-6,-23,2,4,-13,-14,-8,-11
4,4,-3,-2,0,-2,-7,-12,-12,-19,-8,-8
1,15,-6,4,-11,-16,-1,-11,-6,-1,-11,-15
-11,-8,1,-9,2,-6,-2,9,2,-9,-11,-6
0,10,-8,-16,-2,-4,-6,-6,-9,14,-4,17
-11,-10,3,17,-9,0,3,-10,-4,5,3,5
2,10,-10,3,11,15,0,-10,-2,-1,0,6
3,9,7,-13,7,-2,-8,-6,-3,18,-1,8
-6,20,-1,9,1,19,0,-1,-3,5,0,11
1,14,-10,-13,1,7,12,10,-3,8,9,4
1,-4,2,2,11,10,10,11,3,20,7,-7
2,13,-5,14,8,9,2,0,-9,17,4,13
5,12,-12,-7,-8,8,-3,14,-3,-2,-9,-8
-12,-6,-5,10,1,4,-4,12,-12,-9,3,-3
-7,-3,-4,-3,12,-2,1,22,-9,-9,2,5
-10,8,-13,22,-8,-6,-13,-5,2,25,2,-7
-5,-1,-11,28,-13,25,-8,6,-12,26,1,28
-8,0,-9,10,-1,29,-9,-1,5,21,2,11
-4,28,-3,18,-7,18,1,18,-2,4,3,1
2,4,-12,8,4,0,-8,0,7,14,-11,-4
4,10,-1,1,-12,26,-2,29,6,28,8,31
-4,6,12,3,10,33,-8,20,4,-1,-3,2
-7,14,-10,14,11,30,-7,17,-1,14,5,25
7,18,1,21,5,33,-7,35,6,6,-5,17
-11,-28,-13,-29,3,-11,-13,-34,2,-26,-3,-10
-13,-27,-11,-10,-5,-24,0,-5,9,-29,3,-16
-4,-10,-11,-7,-6,-24,-10,-14,-12,-17,-2,-23
-8,-22,2,-9,-3,2,-4,-9,-4,-10,3,-17
-5,2,-2,0,5,-11,8,-20,-8,-4,5,-1
-13,-30,-9,-26,-4,-20,-5,-26,6,-3,-11,-1
-4,3,13,-17,10,-6,-1,-17,7,-22,11,-24
2,0,13,-20,2,-1,-3,-20,2,0,-13,-28
-9,-28,-8,3,-7,-18,10,-1,10,-10,-12,-13
1,-17,7,1,-9,-12,-10,-19,-7,-3,6,-2
-12,-18,-12,-19,-5,-8,1,8,-9,10,-9,-16
1,10,2,-23,2,-21,1,-15,-11,-12,-1,-18
4,3,8,0,-7,-20,-4,-10,2,-5,7,5
-10,-21,13,1,11,-12,9,11,-6,-15,2,-13
4,10,-4,-15,-6,2,4,10,5,4,-1,14
-10,-18,2,-15,-4,-9,-3,-9,1,-15,-5,4
1,-13,-13,-15,-7,-14,-2,-13,6,-8,-13,-4
-6,-6,1,-7,-1,-11,-10,-19,-8,-12,-7,8
-7,-5,-4,-9,-10,-14,-2,-2,-7,-6,1,7
-8,-9,-13,-8,-10,-14,-5,6,-6,7,2,3
-10,2,10,5,0,-9,-9,2,7,-7,5,-9
8,10,8,5,2,-8,-6,-8,-12,-11,-2,-1
5,11,-10,8,-3,-1,-8,-4,-11,-12,4,-2
-5,23,2,3,-9,-3,5,21,-7,4,10,16
4,18,-7,19,-6,1,2,-5,-11,0,-13,-3
8,16,-4,13,-12,5,5,25,-4,-4,10,3
-8,-3,-3,11,-8,7,-1,-2,3,-2,-3,23
2,7,1,8,3,-2,-1,0,-3,22,2,-1
-9,-5,10,21,-8,5,-9,-3,-4,20,-3,13
-5,8,-13,12,-6,12,-3,4,7,-7,2,7
-13,6,-3,10,-12,9,2,11,-11,-6,-4,3
2,19,-5,31,0,3,-6,10,-3,3,-2,-2
2,14,-11,-2,2,7,2,12,-12,19,-10,26
-10,-2,-5,7,0,22,-11,1,5,30,2,26
-9,13,-6,4,3,6,-4,31,6,28,-13,13
0,31,-8,21,-1,10,-9,12,-10,8,-12,21
4,22,13,0,-7,0,3,10,-9,17,-7,10
0,0,13,-15,7,-4,14,-19,-4,-26,8,-27
7,-7,-9,-28,11,-16,12,-16,-3,-21,13,-12
-2,-3,9,-25,2,-31,7,-27,9,-5,-11,-2
-1,3,14,-26,13,-23,-3,-14,7,-7,-5,-33
8,-8,-2,-14,-1,1,0,2,10,3,-4,-18
7,-2,5,0,12,-15,6,-7,4,-9,0,-1
-2,6,-11,-9,12,-5,-6,-28,14,-27,-5,-10
-10,-18,1,-11,-6,-9,6,-7,-2,-7,-7,-17
0,0,-4,-17,8,-4,8,-4,-11,-15,-2,-10
-8,-6,5,-5,9,-22,-7,-23,-12,-22,3,-1
-1,1,14,-14,13,-20,-11,-8,3,-3,-5,-12
-1,1,-12,4,-11,-21,-10,-22,-8,-3,5,11
-7,-14,5,-14,-12,-14,-10,-11,-8,-6,4,10
2,-14,-4,-4,4,13,-4,-2,-2,11,4,-17
-3,3,0,-13,11,1,10,-15,-3,-10,-9,2
-9,-8,-4,-8,-8,-14,1,-15,-9,-11,-6,-14
5,-8,7,1,7,-11,-9,-5,-9,6,5,13
-2,-12,2,11,2,-2,-10,5,0,-13,-7,13
4,-5,3,-11,14,6,1,-17,5,6,-3,-13
7,-2,-9,-2,-6,0,9,-4,-12,3,-3,-11
12,15,-11,-13,-11,-16,-12,16,4,19,-9,12
-1,18,13,-11,-2,-1,-12,-4,-11,9,-1,6
-11,-1,2,17,0,-7,6,-1,-4,8,4,15
-5,11,-3,23,-11,-7,-9,-1,-8,0,7,14
9,23,-2,-3,-5,-1,14,2,14,7,7,10
7,2,3,7,6,-5,-4,3,-9,0,-8,0
2,9,1,11,4,17,7,1,3,-8,-1,12
-6,5,-7,14,-6,3,-1,2,0,27,3,-3
-1,8,-6,22,-10,4,3,28,5,5,2,2
9,21,2,8,2,15,9,17,2,9,2,23
13,4,-5,-1,2,26,-11,-2,-2,29,-3,30
11,2,8,20,11,17,-3,10,-6,5,4,7
3,17,-1,-4,2,10,-7,14,2,13,-12,-1
-8,3,-3,14,1,16,8,30,5,22,-10,-3
3,18,2,19,12,7,-10,3,-5,-2,-7,23
10,21,-6,-1,-9,11,-3,33,-10,4,4,35
14,15,2,2,-4,23,-8,9,-10,14,-11,9
-5,-24,-5,-18,7,-29,2,0,-8,-20,3,-18
3,-1,4,-22,-6,-19,-10,-11,-8,-11,10,-27
-9,-24,2,-29,0,-6,13,-6,-7,-18,-4,-6
-9,-24,-4,-19,3,-17,13,-21,3,3,12,-20
-10,-30,-7,-22,-2,-11,13,-11,2,-6,-10,3
1,-4,-5,1,13,-1,1,-14,-11,0,4,-19
1,-5,-2,-22,9,5,4,-1,-1,-4,-11,-22
-2,-7,6,-22,-2,-21,2,-17,-11,-5,-1,-6
-5,1,5,-2,-6,-7,0,-1,-4,-19,10,-24
-11,-3,-3,-3,-6,5,9,-22,0,-1,-11,-15
3,10,-9,-12,7,-3,15,-7,-3,2,8,-11
2,10,-9,-3,2,8,13,-3,14,0,-10,-6
3,4,-1,-2,3,-11,12,1,13,-7,1,-7
10,3,14,-21,11,-19,-9,10,-9,-12,-6,1
-4,-2,6,4,13,6,6,2,4,-16,-2,-8
-6,3,3,-13,-9,-5,-4,-7,-3,-15,9,6
2,9,-7,-13,-7,-16,0,10,2,-14,-3,-10
9,4,0,5,-9,-6,-8,-9,-1,-2,1,-5
7,16,10,7,7,-1,-2,9,12,9,1,3
7,15,-9,11,-7,19,-11,-9,1,-5,-9,-12
6,-2,-7,7,15,17,-7,13,5,-13,-8,9
-6,-2,-8,-6,3,-11,-1,-7,-4,-13,-11,8
4,3,1,6,3,10,12,3,-1,13,-1,2
-8,1,13,-5,8,-10,14,-3,-10,3,-2,-3
6,-3,1,14,-3,-11,0,10,-10,-4,7,-2
4,-5,-3,-6,-9,-5,12,23,4,14,0,9
1,21,2,12,-9,24,-3,18,11,18,7,16
9,7,-3,3,-4,19,11,27,-9,22,-6,7
1,24,-11,2,13,2,-8,-5,7,17,4,7
8,29,-3,14,-11,-2,1,9,-7,24,-10,-5
14,25,2,3,-2,-1,2,27,-11,6,-4,0
2,8,14,3,8,21,4,27,-5,15,4,28
11,26,-4,11,-2,6,10,-4,2,18,5,20
9,17,-11,10,2,17,-3,14,6,20,5,30
13,11,-7,17,-11,0,11,7,5,26,1,9
14,24,-6,10,-5,26,-5,32,-4,14,-1,21
14,34,-7,34,7,16,-4,21,-9,16,-7,24
6,-1,0,-35,15,-28,-5,-33,-1,-15,-8,-30
-1,-26,6,-1,14,-8,-10,-10,-2,-23,-7,-13
-3,-9,-9,-14,-8,-27,2,2,-5,-33,11,-11
-4,-23,-9,-11,13,-18,5,-3,10,-9,1,-7
-10,-9,-6,-1,9,-5,4,-6,7,-22,11,-4
-8,-7,8,-12,16,-21,-4,-30,-4,-22,7,-23
-6,-11,-10,-29,4,-20,10,-2,-6,-29,2,-10
-3,1,1,-13,-9,-5,2,-10,2,-9,0,0
-5,8,2,-3,2,4,7,-28,8,7,1,4
-5,-7,0,-16,6,7,6,-5,8,-17,3,-13
0,-16,-10,-8,-7,3,-5,-14,-4,-3,-8,-4
-7,-18,7,-11,5,-24,-1,-2,14,-20,5,6
-10,-14,-8,-23,-4,-16,8,-18,14,3,-8,-9
-8,-21,-6,2,11,-13,3,12,3,-12,2,-4
-2,-1,-10,-22,12,-11,9,6,0,-7,-5,-3
-7,-15,3,-18,-10,-14,-9,4,-1,15,-5,-1
0,6,-6,-18,6,-3,2,3,4,14,11,10
3,9,5,3,-7,-11,-7,-13,0,-3,-7,4
-1,16,-7,-16,10,11,1,5,5,-4,-10,0
6,1,3,2,10,-9,9,9,-1,16,-10,-3
2,14,-5,-4,9,-15,-3,11,-10,-2,-6,0
5,7,-7,-7,15,10,-1,-4,-1,-7,-3,-13
10,15,-4,2,-10,-11,0,17,8,-6,-9,-4
-5,2,7,23,7,-12,13,23,9,-7,-7,-5
9,20,-9,14,14,0,-10,3,0,-8,5,-5
8,8,2,-3,11,7,3,-11,4,-3,-2,4
-5,7,-1,25,8,-9,-1,22,-10,13,6,0
15,5,-4,-8,1,-1,12,19,-1,-7,8,15
-6,6,-9,0,10,25,9,2,6,-2,8,24
9,14,-7,27,1,-7,15,23,-5,23,-9,4
15,10,-7,8,-2,-3,9,27,-10,23,4,0
9,-5,9,4,2,-2,1,1,8,11,-8,14
1,14,-4,10,7,24,9,11,-7,25,0,9
14,8,5,29,10,28,-5,13,6,16,2,6
15,26,5,15,1,18,9,19,-6,-2,-8,2
13,19,-5,35,12,32,-3,2,-3,3,6,27
15,33,-9,19,14,13,-7,28,-6,20,-2,22
-2,-25,-3,-32,1,-2,7,-29,-8,-25,2,-6
4,-11,7,-7,16,-22,8,-16,6,-23,-8,-21
-2,-24,-8,-25,-8,-33,7,-33,9,-22,-6,-1
-8,-28,0,0,0,-30,7,-28,10,2,0,-10
-4,-11,12,-5,-5,-15,-2,-9,-2,-22,5,-18
11,-4,3,-19,6,-11,-4,1,4,-19,12,-2
-7,-2,-3,-25,5,-28,16,-26,1,-1,-7,-17
0,0,-6,-10,-3,-3,6,-26,12,-4,4,-10
-2,3,-1,2,9,-25,16,-27,-8,8,6,-7
-6,1,9,-16,6,9,11,9,7,-3,-4,-4
5,0,9,-16,-1,-7,-4,-12,6,-13,-3,-17
8,8,3,-14,-5,-16,15,2,2,-24,-4,10
-2,-15,7,1,10,4,7,-22,-7,-6,-2,-14
7,5,-8,-12,2,4,13,9,4,-16,10,7
-8,-4,8,-14,11,-19,17,-17,0,-13,1,-2
2,7,13,-17,16,7,17,4,13,2,-3,8
0,6,12,11,0,6,8,-6,16,-14,-5,-3
-4,4,-3,-4,3,1,14,4,-6,3,-7,-3
-3,2,-5,-10,8,5,12,9,-2,-5,4,17
2,-4,-4,7,1,-10,-9,-13,0,18,4,-16
4,15,-8,7,15,-10,13,-13,10,9,-3,-13
12,9,6,20,-2,-13,-2,4,-8,0,-6,-2
3,-2,-9,-12,13,-5,7,18,6,6,6,20
7,3,2,13,3,-11,0,-3,-7,10,-3,23
14,20,9,14,15,-4,-5,-9,5,20,-1,-12
10,11,-7,-5,12,4,15,5,10,2,-9,13
12,20,7,11,-4,-5,-8,16,13,-8,-1,10
15,24,4,7,6,20,-4,22,-3,16,9,-3
8,7,17,0,3,-8,4,17,-3,-4,8,24
13,25,14,20,-3,0,11,5,-9,11,-1,-2
15,6,2,16,12,-5,-7,30,-6,7,9,3
8,-1,2,29,2,13,4,8,11,21,0,25
0,12,6,22,5,21,14,3,3,19,3,20
17,16,0,12,4,2,-8,20,4,27,3,12
14,22,3,20,2,3,17,24,5,17,3,14
1,19,8,8,3,24,9,14,7,14,-6,0
-1,19,-6,10,2,21,14,6,-5,28,-8,7
6,-9,-1,-19,-6,-34,3,-18,13,-16,-7,-15
-7,-26,5,-15,7,-16,-7,-34,0,-30,-4,-1
-7,-28,7,-9,9,-32,-6,-24,4,-21,-4,-9
4,-7,10,0,16,-9,-8,-28,4,-15,-6,-25
-6,-7,13,-4,10,-22,16,-18,-8,-30,5,-17
-8,-5,16,-17,15,-19,-5,-4,0,-31,-6,0
-8,-8,-4,3,5,-12,-6,-1,8,0,5,-24
-4,-3,10,-12,12,5,5,-13,-3,5,-2,2
-2,-3,-8,-6,15,-12,10,-11,18,-6,-8,-1
1,4,-5,-27,4,-13,-3,-10,9,0,-5,-10
2,-2,16,-26,14,-2,12,1,13,2,-4,5
8,-2,6,-19,7,-9,5,-1,7,-14,1,-5
6,-1,-4,8,3,-8,0,-13,2,-11,-2,-8
5,0,-8,0,-4,-5,-5,-21,4,10,-3,-15
-1,12,-3,-1,-4,11,17,-16,11,10,11,-19
-2,1,-6,-13,18,2,1,-19,10,-16,2,11
-3,8,17,-13,16,-16,1,-2,16,3,11,-16
-6,11,-1,11,4,2,13,-15,0,5,14,-11
-5,1,2,7,14,-15,-8,2,-7,-6,6,-14
1,15,0,3,10,16,0,-10,-7,-17,-4,5
10,17,17,-2,6,7,11,11,-1,7,-5,2
-4,3,-3,-7,7,-10,-2,9,8,-2,-1,8
2,-1,7,0,-4,-3,17,6,-4,7,8,11
12,19,13,-11,16,9,16,-2,13,13,8,14
6,3,-8,18,-6,23,-2,-1,9,24,5,9
13,23,-4,3,17,-11,9,24,6,7,-1,-3
13,5,14,15,8,19,8,15,8,2,8,-1
10,-2,-4,3,-2,21,3,-1,10,15,-8,21
5,3,7,-8,16,6,-4,0,-4,11,4,24
-2,10,1,-2,7,24,18,4,0,7,7,15
17,6,-5,-1,10,-1,-5,28,18,14,-4,26
15,-2,2,29,5,-4,12,8,5,23,9,21
5,1,16,18,-8,5,-4,32,14,26,6,-2
9,-2,13,-3,5,13,13,6,-4,1,13,21
17,24,4,19,-8,16,17,33,1,25,7,11
17,35,-5,30,11,3,-8,22,-3,19,16,8
15,19,-1,22,12,36,17,23,6,31,-6,7
-5,-29,14,-30,17,-17,8,-30,6,-4,5,-1
1,-26,4,-29,15,-10,6,-20,17,-4,-1,-34
-7,-34,-3,-8,17,-16,-1,1,-2,-24,0,-29
0,-11,0,-10,-2,-18,4,-20,7,-20,-1,-25
1,-5,1,-25,9,-27,8,-27,15,-14,7,-13
-7,-1,9,-15,12,-11,16,-19,5,-14,3,-25
-7,-11,7,-7,-6,-5,-3,5,-4,4,-7,-13
-6,0,5,-1,1,-1,16,-24,-3,4,14,-27
-1,0,11,-21,5,-27,-1,6,2,-10,10,-4
-6,-3,6,-20,7,-12,13,4,7,-6,10,4
-6,-19,0,-2,18,-19,-1,-17,-6,-8,1,-14
9,11,2,-6,9,8,6,-16,1,-12,-2,-18
0,-12,9,-14,7,-6,12,1,0,12,5,-11
13,5,6,-13,13,5,5,7,12,1,-5,0
1,10,-2,7,12,12,1,-19,14,-22,15,3
-3,8,15,-14,16,-18,2,1,11,11,7,-14
0,9,-7,-14,10,-16,12,10,15,-13,7,-20
-4,6,0,2,16,-14,18,-12,4,6,13,9
-4,8,4,0,-7,3,14,11,9,11,10,16
-2,12,8,6,-2,-15,18,-6,11,19,7,4
-3,-9,6,17,12,-4,17,10,2,-3,3,-5
14,14,2,8,8,-13,7,20,-5,5,12,-4
13,-4,-3,-8,7,16,17,11,-5,-5,3,-2
6,-7,14,9,-5,-8,7,3,4,16,-7,16
12,-7,6,20,6,18,-5,9,8,22,7,22
2,2,15,-1,-3,1,7,17,17,17,11,18
7,2,-1,7,13,17,16,12,2,0,7,10
9,-7,1,13,12,-2,-7,4,16,16,-2,5
15,16,5,8,11,4,-2,-2,1,1,12,2
9,-3,0,2,13,18,17,11,10,2,2,9
19,2,10,19,8,24,17,9,-2,2,7,22
17,-4,-7,16,16,20,15,10,0,20,9,-2
18,-3,16,11,-5,21,19,3,17,7,-5,16
6,1,18,32,15,3,-3,24,10,5,-5,31
13,5,2,20,6,13,1,33,14,31,-1,4
13,3,9,0,8,26,-2,7,-3,6,9,21
19,10,11,29,-2,29,-7,9,3,6,0,11
7,-26,-5,-21,19,-18,10,-22,3,-11,-1,-6
10,-1,15,-9,17,-4,17,-19,14,-18,3,-28
7,-7,-4,-8,1,-28,14,-8,-6,-34,2,-27
14,-7,-3,-32,0,-1,4,-3,-3,-18,7,-23
-3,-1,-6,1,20,-19,1,-10,2,3,-2,-11
-4,5,8,-31,-3,-15,2,-29,-4,4,0,-10
-4,1,8,-16,-1,1,5,-27,18,6,5,-6
0,-3,20,-26,0,6,19,-3,16,-4,7,-4
-6,-3,17,-10,-1,-2,11,-15,-2,-25,20,-8
4,-4,5,6,4,-22,-6,2,11,1,0,-25
-6,-19,11,3,7,3,20,9,-1,-17,-5,-3
5,-15,-3,4,9,10,4,-15,4,8,-1,-20
-6,-19,11,-12,5,7,-4,-16,-1,-21,12,-2
-1,-1,14,-23,-4,3,8,-21,-4,-8,16,-23
-5,5,10,-14,17,-15,5,-21,18,-14,3,12
-4,6,8,-2,14,-17,18,2,-6,-11,5,8
0,12,-2,-20,-4,3,19,-20,-4,16,-5,11
2,7,8,9,12,-1,15,-17,20,-10,19,-15
-4,1,16,1,20,-10,-6,10,9,-3,1,-5
-3,12,6,10,-6,11,20,15,5,4,9,6
7,-8,0,3,-4,1,-1,6,1,-15,4,-9
5,-1,-5,1,8,-3,12,-5,2,10,-5,12
3,5,5,-11,7,-2,9,13,0,12,18,20
10,-10,-1,17,5,2,7,-5,16,-13,-6,19
16,-5,-1,-7,19,8,4,15,1,6,11,15
18,-3,-4,20,13,-3,13,20,-2,16,11,-7
7,6,20,10,4,-6,18,-5,6,-3,14,-8
15,-9,19,14,14,21,16,16,10,7,17,-1
0,-5,15,26,4,2,12,18,14,19,7,28
13,-6,12,17,19,22,13,22,0,-6,-5,5
9,-6,-6,26,-2,22,-5,23,20,10,7,12
8,-3,19,19,20,14,2,20,10,13,2,22
20,0,8,20,-1,21,12,19,-5,2,10,4
1,15,4,7,0,18,-4,6,2,31,3,28
17,6,6,11,6,32,15,17,8,27,8,13
-1,2,7,11,-4,27,18,31,0,14,6,11
15,4,-3,6,16,15,15,5,16,22,9,25
2,0,12,-9,6,-2,11,-28,19,-4,-1,-32
5,-23,15,-22,3,-6,11,-4,21,-31,-3,-24
12,1,4,-20,13,-19,20,0,5,-24,-5,-32
0,-7,10,-3,12,-18,-4,0,10,-6,8,-25
-2,2,12,0,19,-15,-5,-22,20,-4,21,-2
-4,0,4,0,3,-29,19,4,-2,5,16,-28
-3,4,8,-7,18,-30,14,-24,15,-20,-3,-21
3,0,12,-13,19,-14,15,-19,15,-22,-5,-23
-1,-6,2,-28,4,-28,0,1,-5,4,-5,3
7,8,1,-3,0,9,5,9,-2,5,5,-17
10,4,2,-25,2,-6,2,-15,-3,-1,4,-15
3,-17,-3,-2,2,-17,14,-11,7,-11,0,-24
2,9,5,0,-1,8,11,-7,4,8,8,6
0,7,2,11,3,9,8,-18,18,10,13,-3
1,11,6,-5,0,-11,11,2,13,8,9,-9
5,9,5,2,-1,2,20,-4,-1,5,13,2
-1,3,1,-18,16,-17,-3,7,8,-1,1,-3
-4,0,0,-2,6,16,5,-16,5,9,8,4
1,13,15,9,8,-15,-2,5,-2,-4,-1,-10
-3,12,6,11,-5,10,18,-13,10,18,6,11
-4,0,7,17,-2,-10,8,10,-3,-12,13,-4
16,-13,15,7,16,-11,-1,16,9,-10,-5,-8
17,-8,19,18,1,4,5,6,9,-14,0,8
0,-12,19,5,3,21,17,5,21,23,8,3
17,-1,8,-10,2,19,15,4,1,9,2,-5
13,-5,-4,1,20,13,7,-7,1,25,6,12
16,-9,5,-7,19,26,0,23,14,7,20,14
13,-9,20,11,-2,5,15,23,13,-7,18,23
13,-7,20,-5,7,25,3,-4,0,27,13,13
17,14,7,-1,-5,23,7,13,18,16,13,27
12,-1,-3,14,-4,6,-2,11,1,-4,4,-2
15,-3,-3,10,3,9,15,9,-4,-3,8,27
21,28,13,0,17,15,6,24,12,16,-5,18
15,0,6,22,-3,21,20,16,-4,-2,4,18
12,0,15,1,8,29,2,28,7,32,17,8
17,9,17,12,4,18,14,12,14,4,4,7
16,21,15,10,20,12,6,5,17,5,12,28
0,-12,-1,-19,-2,-26,22,-21,2,-18,3,-2
13,-1,-3,-34,13,-23,12,-29,20,-22,8,-29
2,-23,13,-4,11,-22,0,-18,2,-23,-1,-31
-3,-3,1,-15,3,-3,22,-25,17,-28,1,-12
-4,4,-3,-1,16,-10,13,-31,20,1,19,4
-1,2,18,-26,9,1,11,-3,7,4,19,-9
5,-2,8,-23,4,-5,10,6,1,1,3,1
-3,-4,17,-6,13,-24,2,-12,0,5,20,-29
-3,-2,10,-25,15,-7,16,2,9,-28,10,-27
3,-6,-2,-9,13,-16,10,-23,-2,5,10,-18
10,-2,15,3,5,10,1,-15,12,-3,-3,10
9,0,-4,-22,3,-10,3,-12,9,-11,-4,-20
7,5,2,-17,5,-20,18,5,9,-20,-1,5
0,-3,15,0,6,-11,-4,-11,1,-17,10,10
9,12,12,-15,-4,1,3,-18,3,-3,-1,-1
3,11,5,-11,14,8,22,9,-4,-20,9,7
-3,0,-1,-8,-3,16,0,3,3,14,0,10
-1,3,-4,-8,10,-19,21,-4,22,-18,2,6
0,18,3,7,5,-17,6,-18,-4,8,7,16
2,17,17,-13,0,14,10,-14,9,4,1,1
2,20,7,-1,19,18,20,-3,0,-6,-3,1
13,-7,16,9,3,-3,-4,-9,13,-3,7,-3
17,-4,7,7,20,19,13,-5,19,-6,-2,-13
14,2,-3,-8,2,2,17,3,12,18,13,-2
13,6,5,15,-2,8,15,6,-1,5,3,-8
16,8,12,24,16,2,19,10,-4,4,-2,18
18,13,7,17,14,17,1,17,20,-6,0,19
17,3,18,5,12,9,2,9,9,27,1,-5
14,0,5,13,11,14,15,9,-3,27,3,18
18,5,19,-5,-4,6,-2,19,1,9,14,29
21,21,4,27,17,17,20,24,11,10,-2,8
20,21,10,15,6,10,6,20,7,31,5,7
20,5,-1,23,1,2,18,7,12,-4,3,17
19,24,14,6,8,33,0,16,-1,3,9,4
10,12,9,23,5,4,12,11,4,5,6,12
16,29,1,13,-4,13,3,24,9,22,0,13
14,35,-2,3,4,8,17,10,5,34,10,11
14,-5,9,0,9,-27,14,-29,9,-34,21,-34
3,-16,10,-21,-1,-24,7,-12,2,-12,22,-15
5,-11,15,-4,-1,-25,2,-27,9,-23,5,-11
4,-7,5,-1,3,-10,19,-14,-2,-11,12,-33
0,4,17,-25,6,-4,-2,-4,20,-18,-1,1
4,-4,5,-5,16,-29,19,-19,5,-23,-2,-25
7,-1,22,-19,22,-21,10,-12,15,-8,4,-8
3,6,6,1,0,-12,22,-24,14,-26,-1,-2
-3,0,20,-23,-3,6,19,-11,14,-10,-3,-2
7,0,13,-21,-3,-23,13,8,11,-12,-1,-3
-1,-26,7,10,20,4,11,6,23,-15,8,-18
7,0,8,5,-1,-22,6,-12,11,1,7,-10
-1,2,9,11,17,-22,15,3,23,-10,-2,2
8,2,6,-17,11,8,11,-1,11,4,8,10
4,1,9,-8,5,14,1,-11,16,14,18,-21
0,9,7,-7,14,-5,-3,6,18,-14,6,5
-3,1,5,14,18,-14,18,5,19,0,11,-8
6,11,-1,-3,3,-8,21,-13,5,13,12,11
3,9,8,17,1,17,3,14,15,-9,8,0
-3,10,8,-16,0,14,14,12,22,4,7,14
-1,5,7,11,19,7,9,-2,4,-4,4,14
6,20,9,8,5,-9,19,-9,18,9,-1,-12
8,18,14,20,-2,-5,21,-14,4,-9,1,-2
4,6,6,21,14,19,8,2,8,14,-3,-13
10,-5,4,-2,15,10,-2,22,10,12,-2,4
13,9,2,-10,17,1,10,23,1,18,3,22
6,2,-2,-8,-2,3,19,10,15,13,12,9
11,13,16,16,16,2,-2,2,-3,-6,-1,-7
16,27,15,4,5,1,0,17,-1,19,15,19
14,3,-1,26,2,12,-2,-7,-3,29,1,-2
15,30,10,9,7,17,16,10,17,-3,2,3
11,25,10,1,0,10,16,30,-3,8,13,18
15,10,11,32,4,14,10,15,20,3,7,13
17,30,12,12,16,19,15,22,2,19,-2,1
8,15,3,21,13,33,5,10,9,8,2,24
13,9,7,16,0,10,5,14,8,12,-2,23
16,27,9,10,6,14,12,11,12,24,1,33
2,-28,-1,-26,15,-3,14,-8,14,-4,5,-21
13,-8,12,-10,5,1,13,-13,18,-17,22,-28
1,-11,1,-31,9,-11,10,-32,16,-23,2,-21
3,0,17,-25,22,-32,0,-3,21,-12,10,-7
-1,4,14,-2,14,-31,10,-26,7,-2,4,-2
-1,1,14,-18,7,-4,8,-30,8,5,9,4
2,3,15,-10,17,-24,24,-21,23,-26,23,6
1,3,0,3,23,-12,20,-25,4,5,20,-23
5,0,11,3,4,-23,3,-4,17,-13,11,-25
4,3,11,-19,6,-23,21,1,4,2,17,-15
11,-17,-2,-14,3,-18,21,5,9,-9,-1,-26
2,5,-2,-17,20,-12,22,-8,3,-13,15,0
6,7,-1,-20,7,11,19,-1,12,-15,15,-15
14,6,16,0,13,-5,12,-14,-1,-18,11,-6
1,-2,2,-19,24,5,21,8,11,-6,5,10
1,6,9,-9,16,-2,24,8,17,-13,7,8
-2,0,23,11,22,-17,18,-20,22,-8,14,6
6,11,7,10,13,-16,12,-19,20,-3,8,11
0,17,4,9,12,17,4,8,-2,-14,20,-11
3,8,4,8,10,5,17,-15,9,15,7,10
3,16,1,5,21,12,24,17,16,13,3,15
13,-7,8,0,15,9,21,11,15,16,1,-13
10,-3,12,18,16,-3,0,14,15,21,17,14
10,10,23,-13,2,6,24,-3,12,15,4,9
16,0,11,22,-2,3,4,7,15,10,-1,6
-1,1,12,5,14,1,19,3,22,13,5,1
1,6,5,6,11,16,9,24,16,18,13,22
14,13,17,3,2,4,14,0,17,13,6,27
2,-3,4,1,3,6,13,0,19,24,11,-3
13,6,13,27,15,15,2,-1,3,8,8,17
6,18,1,17,5,10,0,8,1,27,12,26
-1,6,13,4,23,21,22,4,3,20,4,10
9,5,12,6,7,3,15,21,11,5,1,12
10,6,13,16,2,11,21,15,4,13,11,30
16,9,11,15,19,27,6,18,14,23,6,17
14,6,18,3,12,32,9,30,0,20,0,17
13,23,2,9,8,16,4,8,9,8,11,12
7,-25,-1,-20,22,-15,15,-17,9,-6,1,-26
8,-28,12,-24,0,-21,17,-5,16,-14,8,0
3,-3,4,-31,2,-2,11,-6,6,-8,2,-14
-1,-1,11,-18,2,-13,4,-14,3,2,21,-17
0,1,21,-15,0,3,23,-31,4,-27,11,-10
1,2,12,5,-1,2,1,1,17,-17,14,-14
0,5,0,-13,7,-8,25,-7,14,-25,22,4
2,6,23,-10,24,-26,0,3,22,-24,18,6
8,-1,19,6,-1,-8,6,0,12,-3,17,7
4,4,16,-21,4,-3,2,-8,10,6,12,2
8,-3,9,6,10,-2,6,8,6,-12,20,0
3,2,5,10,-1,7,21,-23,2,-2,22,-1
5,-3,0,0,25,-6,5,-18,-1,-7,-1,-3
2,-18,7,-14,-1,-7,17,-12,5,-16,11,8
16,7,7,1,5,-6,3,-5,1,12,24,0
19,4,12,9,16,15,1,-15,11,-6,23,-6
-1,9,14,-12,2,16,19,-3,15,-16,21,-11
-1,-1,16,14,0,2,19,-4,17,-15,9,9
3,17,6,-10,5,10,8,-17,16,1,16,11
4,10,13,1,10,-16,15,1,-1,-8,24,-9
1,4,-1,12,9,10,10,-4,16,-9,1,10
17,13,6,-8,16,16,2,-2,10,16,10,2
17,10,3,3,9,-6,25,-10,7,22,2,-5
18,12,10,-3,16,-3,20,4,15,7,6,22
11,21,13,23,9,19,21,21,7,9,17,-1
3,2,5,0,0,-8,20,19,4,-9,18,21
7,3,18,12,4,-3,15,6,25,15,2,1
9,2,-1,5,11,18,14,1,8,-4,8,23
9,7,0,10,11,2,0,0,14,0,12,14
14,8,10,12,10,0,15,29,3,17,17,-7
5,2,1,5,5,-5,1,13,11,26,7,2
13,3,10,6,7,0,8,16,18,6,5,19
9,18,15,20,7,16,16,27,11,27,17,26
0,11,4,3,5,11,3,-1,10,8,13,14
14,10,19,28,18,11,3,-2,14,28,13,20
16,10,22,2,9,17,19,24,7,22,4,12
9,9,9,12,6,14,13,8,14,9,14,11
15,-3,10,-32,24,-2,6,-36,3,-16,4,-16
7,-21,13,-9,2,-3,22,-22,20,-7,13,-26
4,-9,1,-1,9,-5,2,1,1,-13,9,-6
0,2,2,-20,22,3,21,-12,20,3,22,-11
0,-1,2,-13,15,-22,4,-4,7,-5,18,-30
0,2,26,-27,4,-1,4,-1,26,-29,9,-13
1,4,14,-17,0,-8,6,-10,21,-27,3,4
0,5,19,-28,7,0,26,5,15,-7,16,-25
2,4,26,7,3,2,4,-6,8,1,26,3
8,1,9,-2,4,-7,21,9,2,-10,9,-12
1,-4,21,3,20,-10,16,-23,5,-8,1,-6
4,3,3,-21,9,-1,16,5,15,-18,9,-1
16,0,12,0,1,-7,14,7,26,-6,8,-15
0,-17,8,12,11,-10,17,7,21,0,3,4
2,-9,16,-10,8,2,11,2,1,-8,10,5
6,2,5,-21,12,-2,1,-8,3,-13,20,-2
1,8,13,-20,11,-17,26,7,9,6,0,-9
5,16,13,-6,26,-16,6,8,3,-12,11,-18
5,16,6,10,25,-13,0,13,7,-7,2,14
10,11,15,3,25,-13,23,-17,26,4,19,7
4,18,19,11,25,-5,7,-8,11,3,26,-10
1,2,20,8,6,-6,19,-3,5,-2,12,14
10,2,6,-6,10,7,1,0,3,-14,20,-8
19,11,14,16,18,23,7,-7,5,-9,11,-4
15,14,26,11,9,8,14,-1,15,14,5,21
10,21,14,-2,10,21,10,10,12,17,10,23
9,-2,6,26,21,17,14,3,14,20,18,5
2,-8,3,16,21,17,11,8,16,5,0,10
2,-3,19,16,21,17,4,4,25,23,18,20
1,3,24,16,4,-4,0,9,17,-1,10,2
9,30,5,-4,4,-5,9,1,7,16,1,28
12,5,14,21,4,-3,10,10,7,12,2,20
9,6,0,16,21,24,2,7,25,32,15,14
15,7,16,-3,6,10,2,9,17,31,20,21
2,12,16,30,2,2,15,13,19,27,15,26
0,1,9,31,3,6,21,25,11,15,13,10
7,8,16,9,15,15,12,12,1,3,2,12
