-5,-1,-17,-5,-23,-10,-13,-31,-7,-7,-3,-32
-1,-14,-6,-28,-5,-9,-16,-14,-8,-18,-5,-2
-1,-14,-24,-4,-25,-26,-8,-12,-8,-32,-16,-32
-3,-9,-20,0,-8,-12,-19,-1,-17,-25,-7,-30
0,-7,-6,-1,-18,-11,-8,-29,-16,2,-18,-25
0,-7,-3,-14,-23,1,-1,-6,-21,0,0,-31
0,-7,-10,4,-15,-22,0,-25,-1,-5,-21,2
0,-3,-15,-1,-4,-7,-24,-19,-25,-26,-5,-9
-1,-3,0,-17,-19,3,-6,-12,-3,-1,-5,7
-1,-1,-18,-9,-14,-19,-25,-12,-3,-13,-18,4
0,-4,-6,-1,-6,8,-4,7,-17,-2,0,5
-1,-1,-22,-25,-17,2,-22,2,0,0,-7,-21
0,-4,-20,-23,0,4,-8,4,-24,2,-2,-11
-1,4,-9,-18,-23,0,-23,9,-10,-2,-1,-14
0,10,-1,9,-17,-2,-6,-11,-6,8,-25,1
0,10,-15,-2,-3,8,-17,-10,-5,7,-8,-17
-1,12,-5,7,-7,10,-8,4,-18,15,-22,-18
-1,11,-24,8,-12,-6,-4,-12,-7,8,-3,13
-3,11,-2,18,-19,-17,-23,-15,-23,-2,-3,13
0,4,-19,-14,-19,-2,-17,-10,-4,16,0,15
-1,13,-7,20,-17,19,-21,20,-3,12,-2,12
-2,13,-4,-6,-15,3,-16,13,-6,18,-2,-3
-2,15,-26,-10,-21,19,-4,8,-14,6,0,-1
-2,14,-11,22,-18,15,0,12,-5,19,-8,-11
-1,19,-16,19,-24,13,-4,19,-7,-1,0,6
-6,10,-6,17,-3,19,-5,25,-16,9,-18,-9
-6,21,-25,24,-12,-7,-2,-8,-22,14,-4,3
-7,9,-7,0,0,16,-7,-6,-8,20,-15,-1
-4,10,-8,-5,-7,2,-7,17,-25,24,-23,13
0,9,-9,21,-14,12,-19,23,-15,7,-16,26
-8,20,-22,9,-5,10,-2,15,-5,30,-21,18
-8,16,-7,12,-22,20,-22,10,-3,3,-15,15
-6,2,-3,25,-26,12,-4,19,-17,8,-6,4
-7,8,-13,2,-20,30,-16,4,-18,30,-24,22
-1,7,-16,10,0,24,-14,16,-5,23,-18,12
-1,5,-5,28,-2,11,-8,29,-4,6,-2,16
0,2,-7,4,-2,23,-24,6,-26,21,-12,25
-4,-21,-3,-24,-13,-18,-24,-20,-13,-27,-6,-10
1,0,-9,-12,-23,-13,-1,-23,-12,-33,0,-2
-5,-7,-22,-12,-2,-8,-22,-6,-23,-5,0,-12
-5,2,-18,-4,-12,3,-3,-7,-21,-24,-17,-30
-4,0,-22,4,-15,-3,-13,3,-11,-6,-7,-10
-2,3,-12,-11,-24,-4,-19,-11,-1,-18,-4,0
1,0,-23,-8,-22,-15,-16,-1,-19,4,-17,5
-1,1,-21,5,-14,-10,-2,0,-6,-4,0,-17
-1,-3,-6,0,-24,4,-16,5,0,-4,-25,-13
1,0,-5,-19,-5,-23,-24,-7,-14,-22,-3,2
-2,4,-13,-20,1,-14,-24,-19,1,1,-2,-7
0,8,-5,-8,-16,-1,1,-1,-3,-1,-7,-4
0,4,1,1,-16,5,-1,-17,-16,9,-4,-24
-1,1,-3,2,-17,-9,-12,-3,-11,9,-14,-16
-2,13,-24,8,-1,11,-2,8,-17,-2,-6,-12
-4,0,-4,4,-1,8,-7,-11,-2,-12,-1,-14
-2,7,-17,5,-6,-7,-1,-14,-16,-2,0,-9
-1,7,0,17,-4,4,-3,2,-6,9,-22,-18
-2,10,1,-15,-20,7,-25,-12,-6,-6,-7,-17
1,2,-5,15,-9,17,-22,-5,-17,9,-1,3
0,7,-7,9,-11,14,-13,-10,-5,16,-9,-5
1,13,-24,-12,-13,-8,-2,18,-1,-6,-12,3
-1,21,-16,-7,-21,9,-3,10,-7,-5,1,22
-3,16,-9,20,-2,19,-6,22,-5,-11,-25,0
-4,7,-3,6,-17,18,-7,6,-19,20,-20,22
-4,7,-3,11,-25,19,-15,3,-4,16,-6,6
1,3,-25,17,-20,21,-10,-4,-4,20,-3,5
-5,6,1,22,-2,24,-19,23,-1,-6,-19,6
-7,20,0,11,-1,11,-17,18,0,-2,-3,2
-7,23,-1,19,-24,-6,-16,13,-7,21,-21,29
-5,1,-7,-1,-24,20,0,18,-21,9,-5,4
-6,5,-23,6,-3,18,-16,12,-17,1,-10,25
-6,9,-21,9,-18,10,-7,10,-4,29,-1,22
0,4,-19,27,-1,11,1,12,-3,25,-4,27
-7,13,0,18,-2,32,-2,7,-17,5,-5,26
-3,10,-17,33,-17,24,-25,27,-17,17,-17,24
-4,9,-2,4,-16,28,-5,15,-11,20,-1,29
-1,-17,-5,-22,-16,-34,-24,-11,-14,-36,-22,-35
-5,-10,-22,-18,-8,-8,-15,-11,-6,-34,0,-10
-1,-13,-17,-22,-16,-3,-11,-12,-16,-4,-8,-4
-1,-17,2,-28,-2,-25,-22,-17,-4,-25,-3,-21
-1,-14,-22,-20,-14,-25,-23,-32,-1,-17,-24,-4
-3,-9,2,4,-23,-17,-21,-4,0,-24,-5,-9
0,1,-2,-10,-12,-20,2,-4,-10,-1,-4,-4
0,7,-3,-3,-15,-18,0,-26,-3,0,1,1
-3,1,-2,7,-23,-13,-23,-2,-18,-16,-4,-17
-2,-3,-13,2,-23,8,-4,-2,-4,-8,2,-2
-2,-3,-15,4,-14,-7,-3,-8,-15,-6,-6,5
-2,5,2,-1,-19,11,-24,-9,-9,2,-1,9
0,-2,-12,-13,-23,-24,-3,2,-3,7,-18,4
-3,7,-13,4,-11,12,-24,13,-13,4,-14,-10
-2,-2,-3,2,-5,11,-12,8,1,12,-5,1
-1,15,-14,5,-21,-10,0,8,-23,2,-5,0
0,1,1,5,-10,5,1,-9,1,-19,-4,-13
1,15,-24,-13,-15,2,-21,6,-17,1,1,9
0,5,-12,-4,-22,-8,-11,-12,-18,-9,-1,-8
-2,9,-5,13,-19,-11,-6,6,-4,3,-5,3
-2,9,-5,18,-15,-1,-11,3,-12,8,-21,9
-2,13,-19,14,-5,-12,-16,-1,-14,10,-17,4
-2,13,-17,12,-18,13,-5,8,2,9,-3,11
-2,20,-4,-2,-7,-5,1,8,-1,8,-18,9
0,21,0,-2,-12,-6,-24,-8,-17,1,-1,17
-4,22,-19,12,-22,-9,-3,12,-4,5,-5,-9
2,26,2,-4,-17,-8,-1,21,-5,16,-5,18
-5,21,-6,4,-20,19,-8,13,-15,4,-2,-4
0,-8,-4,5,-24,-2,-23,16,-2,4,-3,14
0,7,-23,18,-8,17,0,15,-15,25,0,-2
2,-1,-17,14,-6,8,-3,11,-4,23,2,21
-6,5,-17,3,-12,15,-20,-3,-15,21,-1,9
2,0,-16,20,-15,10,2,32,-21,31,-18,9
1,-1,-21,0,-3,15,-11,18,-19,24,-3,26
-3,6,-9,1,1,31,-23,11,-6,34,-2,0
-4,2,-22,15,2,21,-3,-1,-1,1,2,22
0,3,-2,26,-24,0,-16,19,-18,8,-5,0
-1,-14,-16,-20,-14,0,-3,-27,-20,-35,-20,-14
-3,-6,-15,-6,-10,-19,-14,-3,-8,-4,-15,-9
-3,-8,-9,-9,-1,-25,-12,-14,-18,-21,-19,-12
0,-19,-11,3,-20,-12,-11,-28,1,-15,-22,-33
0,-19,-17,-10,1,-26,-19,-31,0,-2,-22,-4
-4,4,-6,-9,-3,-8,0,-3,-23,-11,-10,0
-2,6,0,6,0,-15,-14,-24,-3,-19,-20,-3
0,-7,-6,-22,-18,-2,2,-26,-6,-16,-16,-3
-3,-5,-3,-19,-18,-4,-15,-5,-5,-28,-3,-9
3,-13,-16,-16,-3,2,-3,4,-18,-3,-1,6
-3,-7,-21,-24,-5,-23,-17,-8,-3,0,-4,6
0,-8,-19,-22,1,-16,-19,-20,-10,-18,-7,-21
-2,-8,-22,-22,-13,-8,-2,6,-11,9,-3,-24
1,11,-23,-8,-16,9,-13,0,-1,-18,-4,12
0,11,-4,-3,-11,-13,-11,-15,3,2,-1,3
-1,14,2,14,0,4,3,-18,-15,-13,-1,-13
-1,12,-2,-4,-19,12,-11,7,-10,6,-5,14
-1,12,2,8,2,17,-2,6,-4,2,-4,5
2,17,-20,3,-2,3,-21,-15,-1,11,-1,14
0,9,-20,-2,-20,-1,0,15,-12,7,0,-1
-2,12,-4,13,-20,8,-18,-6,2,-4,-13,20
-2,9,-19,16,2,4,-15,-7,1,-7,-5,-2
-1,20,-14,10,-3,-9,3,14,-3,-5,-22,-6
-1,8,2,8,-2,11,-5,23,-15,15,-15,16
-2,5,-12,24,-18,4,2,-3,2,18,-22,-8
-4,13,-4,24,-11,10,-3,6,-1,20,1,16
-4,19,3,12,-16,20,-21,4,-12,22,-17,1
-5,23,-10,5,-15,9,2,3,-14,21,-8,5
-3,3,3,6,-1,19,-23,12,-17,7,-14,24
-4,7,-18,-4,-17,-1,-17,-7,-17,28,3,9
-3,-6,-16,7,-4,3,-8,-6,-17,21,-13,14
-3,-4,-18,31,-18,27,-7,29,-6,-2,-2,13
0,1,-20,-3,-16,29,-23,17,-19,-3,-13,1
-1,-3,-5,24,-10,16,-14,10,-4,21,-20,9
0,5,-1,9,-3,33,-14,20,-3,33,-5,23
2,4,-21,13,-16,2,2,25,-20,14,2,22
2,3,-10,24,-20,28,-5,4,3,21,-5,0
-2,-12,2,-27,-13,-24,-19,-21,-11,-18,4,-30
-2,1,-14,-8,3,-15,3,-18,1,-12,-1,-33
-2,-9,-1,-6,-20,-22,4,-22,-14,2,-15,-2
-2,-17,-4,-23,2,-12,-3,-17,-18,-5,-20,-33
-3,-1,3,-9,-17,-13,1,-29,-13,-26,-16,-23
4,-16,-19,-2,-4,-13,-16,-8,-17,4,-10,-25
-1,4,-15,3,0,-5,4,1,-17,-5,-18,0
-2,5,1,-2,-22,-16,-4,-22,-4,-13,-21,-28
1,-5,-6,4,-2,-6,-22,-15,-5,1,-5,-17
-2,-13,-22,2,-18,-16,-3,2,4,-8,-9,6
0,-13,-6,1,-16,-9,-13,8,-4,-8,-8,-21
4,-18,-4,3,-21,-5,4,-3,-5,-18,-5,-3
4,-7,-3,0,-2,1,-20,-4,-12,8,4,-20
1,2,-22,-15,4,10,-3,5,-15,2,-8,-5
4,7,-19,13,-17,-19,-11,-15,-14,10,4,13
-1,5,-4,-7,-22,-9,-20,-19,1,8,4,3
-1,11,2,10,-22,13,-11,-12,-1,2,0,-4
-1,1,-17,3,-21,2,-20,-7,-2,-14,-2,-4
3,18,-21,13,-11,3,3,1,-9,1,-4,-3
4,16,-17,-6,3,12,-15,-14,-4,-13,-1,10
-1,9,3,10,-16,5,-18,-16,2,11,4,14
-1,12,-6,11,-22,10,-9,8,-22,11,2,3
-2,18,-1,-1,-6,-3,-12,-9,-6,-4,-7,-14
-1,0,-11,17,-6,-13,-4,7,-17,6,3,22
-3,20,0,19,-1,22,1,-4,-16,-9,0,-8
0,4,-13,14,-20,-5,-18,15,1,15,-4,3
-4,12,-13,1,-6,7,-1,12,0,26,-19,21
2,-8,-1,14,-13,16,-14,11,-4,24,2,1
2,5,-9,-5,-13,-2,-1,26,-8,5,-7,26
0,2,3,10,-19,20,4,20,-21,-1,-20,-4
1,-5,-8,26,-9,2,-1,21,2,24,-2,-1
-1,2,-1,13,-20,11,-4,16,-13,26,-10,2
-1,-1,-11,31,3,0,-12,9,2,27,-21,8
-3,1,-3,29,-22,24,0,13,-22,28,3,-3
-1,0,-21,26,-19,3,-13,21,1,22,4,6
-4,4,-8,34,2,30,-16,25,0,9,-2,13
2,6,-2,23,1,23,-20,32,-8,22,-6,23
3,-16,-12,-24,0,-14,-21,-34,1,-20,4,-12
5,-1,-18,-26,-3,-29,1,0,-15,-12,-19,-23
-2,-13,-9,-1,-19,-19,-13,-16,-9,-29,-14,-3
-2,-6,-5,-16,-7,-19,-20,-31,1,-14,-12,-25
-1,-10,-6,-19,1,0,-11,-24,-8,-12,3,-18
-1,-3,-2,-16,-12,-1,-8,-18,-18,-29,-13,-25
4,-14,-18,-5,-17,-15,-7,-8,-16,-4,-12,-29
4,-11,-2,-19,-8,-8,3,-5,-13,-19,-11,-2
-2,0,-13,-25,1,-23,-12,-7,1,-28,-10,-10
-2,-18,-8,-6,-13,6,-11,-21,3,-23,1,9
-2,-26,4,-12,-12,-17,-13,-25,-11,-2,-16,-22
5,-22,-19,-17,-16,-10,-19,-24,-1,-11,-11,-13
1,-10,-10,-11,-3,-11,2,-24,-5,0,-2,10
-1,7,-13,-4,-17,-19,-1,-1,-12,-21,-11,7
1,14,-5,9,1,11,-6,7,-5,-6,-16,-8
2,10,-9,-2,-3,-19,5,-3,-20,-21,-18,-6
0,3,3,15,0,-3,-10,1,-1,16,-3,9
-1,1,-13,12,-20,-17,-8,-11,-17,-15,-16,-7
2,14,-8,0,-13,-10,-1,17,5,8,-10,17
3,15,-18,15,-12,2,-2,0,-21,6,3,7
4,6,0,1,3,-14,-19,8,5,20,0,8
-12,-2,-19,-5,-4,13,-8,16,-12,1,-16,6
-16,18,5,-7,-6,1,-4,0,-7,3,-4,0
-14,-13,-16,14,4,-12,-2,-12,1,5,-13,10
-17,-9,-9,-10,-7,14,-18,-11,-9,0,-5,8
-4,-8,-17,6,-8,-8,-10,2,-14,11,-10,4
-3,3,1,13,-1,16,-3,25,4,0,0,-1
-1,-5,2,11,-5,7,-10,10,-19,1,5,-7
2,-2,-6,17,5,3,0,7,-9,3,-1,25
-1,-5,-9,24,-21,-4,-1,5,-2,10,0,25
1,-3,-12,28,-8,0,-18,16,-9,17,-1,-2
0,1,-14,2,-3,12,-9,29,-6,20,-15,25
-3,-1,1,29,-18,25,-7,8,-4,5,5,16
-18,14,-8,5,-16,7,-20,11,-17,-1,-1,19
-4,9,1,-1,-13,17,4,34,-7,5,-18,33
0,3,-11,32,0,32,2,34,0,7,-17,31
-3,1,-4,32,-13,23,3,26,4,11,-1,34
6,-18,-15,-4,-14,-5,2,-4,-2,-4,-17,-10
1,-2,6,-23,-14,-24,-15,-24,-6,-4,-7,-26
5,-17,-11,-5,-8,-31,-20,0,-1,-32,3,-19
-2,-6,-15,-19,-9,-26,-10,-14,-7,-25,-19,-1
-1,4,-6,-9,-10,-9,-12,-25,-20,-17,-19,-30
5,-17,-10,-8,-7,-21,-18,3,-10,-12,5,-16
-2,-5,3,-30,-2,-2,-1,0,-19,4,-8,-15
4,-27,-17,-1,1,1,-20,-5,-13,-27,-5,-8
3,-16,-2,-11,-2,-6,-20,5,-4,-17,3,-4
-2,-18,-13,-25,1,-8,-7,-9,-7,-21,-18,-16
3,-18,1,-23,2,10,-15,-14,2,-11,4,-4
2,-17,-13,-19,-10,-20,-7,-14,2,-12,4,6
5,-12,-18,8,2,7,-4,-16,-1,-10,-17,-20
-2,8,-19,3,-13,-23,-9,-20,2,-20,-5,-8
3,-2,-18,9,-9,-7,-19,1,-11,-15,-5,-15
5,-2,-12,11,-18,-10,3,1,-13,-3,1,-11
0,-3,4,4,3,-17,-7,-10,-1,-17,-20,-8
4,-2,-10,16,4,-12,-18,-10,6,9,-14,7
2,1,-4,-14,-2,-2,-17,15,-6,3,2,-9
-1,9,-8,7,-13,-6,0,9,-20,10,-16,-5
5,-1,-9,-2,-4,-11,0,13,4,8,-9,18
-12,-4,-17,-5,-4,-2,6,14,-4,13,-17,3
-16,21,-8,-2,-17,-5,-17,3,-7,16,-9,-3
-16,-13,0,-1,-16,7,-17,16,-1,-9,-14,-10
-19,21,-20,-12,-18,14,-13,7,-8,16,-14,6
-2,8,-12,-7,-14,-8,-14,13,-11,-2,-11,-1
-1,-8,2,19,0,7,3,24,6,21,1,1
4,1,-2,25,-20,14,-17,7,5,24,-5,-1
4,-4,-18,20,-12,-8,-12,-3,2,12,-15,-8
2,-3,5,3,5,9,-12,-3,-12,20,3,16
2,0,-9,5,-17,27,-2,-4,-2,20,-16,25
-2,15,-9,0,-18,16,1,-2,3,26,-8,13
-15,8,6,15,-13,8,6,10,4,-3,-10,-3
-15,8,-8,23,-18,11,-1,21,5,14,-15,6
-20,-2,-14,8,-3,15,-4,4,-7,11,-7,10
-14,11,-20,4,-3,10,-5,13,-2,18,-6,21
-15,13,4,23,-11,10,-20,15,-18,2,-18,15
7,-24,-7,-9,1,-5,-1,-3,5,-26,6,-33
0,-12,-3,-7,7,-14,4,-25,-15,-24,4,-15
5,-15,-15,-12,-5,1,-16,-14,-14,-22,1,-31
5,-15,-8,-10,-9,-8,5,-23,2,-18,5,-27
1,-14,-13,-9,-15,-6,-5,-6,7,-19,-7,-2
4,-29,-5,-14,-5,-14,-2,-28,-12,-21,-13,-24
-1,5,-3,-1,-17,-3,-14,-4,-19,-29,7,-25
3,-17,0,-7,6,-6,-7,-16,3,-23,6,2
5,-13,-13,-15,-6,-5,-15,5,4,-8,-6,-6
2,-17,7,-1,-9,-14,-15,-24,5,-15,6,-10
6,-25,7,-13,4,-21,-13,2,-5,-20,-14,-7
6,-14,-18,-11,4,-13,5,-24,-12,4,-17,10
7,-18,-15,6,0,-19,0,-5,-16,-14,-19,7
0,10,-18,10,-19,-9,0,-2,-10,-8,-6,2
0,12,5,-22,-15,9,6,13,2,-2,2,-17
0,1,1,12,6,-19,6,-16,-16,7,-9,-7
4,-5,-10,-19,-3,-2,-9,-2,-18,15,-10,15
7,-18,2,-4,-9,-2,4,2,-17,-13,-18,15
-1,0,-4,-3,7,-1,-7,-14,-2,17,2,-1
2,-3,4,-2,3,7,-12,17,-7,0,-16,16
-1,20,-14,15,-14,18,-16,8,4,3,6,-15
-13,11,-15,-8,-7,10,-9,10,7,-5,-1,-7
-11,-12,-12,5,-16,5,-19,-7,-11,11,-1,2
-19,-10,-10,1,-19,15,-15,15,4,21,-11,15
-19,17,0,21,-17,18,-8,6,-5,-3,-10,9
-18,20,-11,4,-17,7,2,22,5,8,-18,-4
2,-9,-9,6,-12,19,-11,1,7,-3,4,-3
4,-9,6,7,6,18,5,2,-9,-3,-5,11
3,-1,-5,-2,-16,17,5,19,7,7,-10,22
0,-6,-1,-5,0,22,0,16,-1,18,4,-2
3,-5,-12,28,2,19,7,29,-15,-6,-11,18
0,3,-13,2,-11,22,-10,26,-18,23,-4,13
-14,10,4,28,4,10,-7,16,3,13,-19,28
-2,18,-14,18,-6,-2,1,-1,-19,15,-2,3
-8,29,-4,25,-2,18,-5,3,-6,10,-19,17
-19,15,-18,8,-2,33,-3,22,-2,0,-8,21
-2,1,-3,1,-6,4,-17,17,-3,12,-5,21
2,-26,-15,-25,5,-1,-10,-27,1,-3,2,-9
7,-22,-11,-11,-18,-33,1,-23,7,-14,-9,-24
1,-18,-18,-32,2,-6,6,-11,6,-8,5,-6
1,-16,5,-31,-16,-32,0,-1,4,-11,5,-31
-13,-8,-9,-22,8,2,-2,-14,-3,-28,-11,-22
-7,-17,-7,-16,-14,-23,-1,-4,1,-23,-10,-14
0,4,-18,-4,3,-3,-10,5,-12,-16,-16,-22
3,-17,7,-18,3,-9,-6,0,-2,7,-5,-26
2,-15,1,-12,0,-28,7,3,7,-21,1,8
2,-18,-12,-25,-17,-23,-16,-19,-6,4,-10,-16
2,-18,-7,7,-14,-21,1,7,-16,10,4,1
4,-9,-14,-14,5,-12,-12,-14,-12,-15,-16,3
8,-14,-9,8,-8,-13,2,-6,-16,6,-9,1
8,-14,-15,3,0,4,-12,-8,3,-22,3,-4
1,-2,5,12,-10,-5,6,-14,-17,-8,0,-19
1,-2,-16,-21,3,-6,-12,10,3,0,-18,-19
8,-12,4,4,7,15,-13,9,-14,-17,7,-13
0,-15,-10,3,-18,-9,-6,-17,-6,-19,-3,16
-14,-2,8,0,-1,4,-1,-13,-7,-16,-3,15
-13,-2,-17,1,-1,-7,-7,-16,-13,-9,1,14
7,-16,-4,-6,6,0,-16,-1,4,9,7,-12
-16,-15,-12,6,7,17,-8,11,-1,15,-16,3
-10,22,-1,7,-16,22,-14,0,8,18,-18,12
-9,18,-7,11,6,12,-4,6,8,-2,-13,4
-12,-12,1,6,-5,6,-7,5,-1,10,-7,-10
-14,12,-7,-7,2,8,-2,8,-16,4,-6,5
1,-7,-12,14,4,18,-14,20,-5,-7,-9,-10
4,-7,-6,8,-16,24,-3,-6,-6,1,1,-1
-11,15,7,5,-1,16,-6,-8,-6,24,-2,14
-10,17,-16,13,-3,18,-17,1,-13,10,-18,13
-1,7,-5,6,-4,1,-10,7,-7,11,-18,11
-13,11,-4,22,-17,7,-17,25,-16,14,-2,3
-12,18,-1,-4,-1,31,-1,5,-11,0,-15,1
-18,5,-18,4,-1,13,-1,25,-3,17,-16,2
-11,14,-7,0,-3,7,-15,32,-6,33,-5,14
-18,17,-1,18,-3,21,-3,3,-10,14,-4,11
-18,12,-6,30,-3,24,-14,4,3,0,-18,7
9,-36,-7,-29,-11,-11,4,-30,3,-5,5,-10
1,-21,9,1,-17,-13,-12,-21,-6,-5,7,-5
1,-18,7,-9,7,-8,4,-27,-8,-20,9,-8
2,-18,-7,-27,-6,-23,-17,-19,-4,2,2,-4
-13,-21,-9,-22,-8,-14,-12,-24,-7,-22,-5,-19
-14,-28,-7,-14,-16,-21,-14,-26,0,-23,-7,-14
8,-20,2,-4,2,-10,4,-2,-14,3,4,-14
4,-29,-10,-6,-13,-28,7,3,9,-29,-13,-24
3,-23,-3,-4,-7,-13,7,-8,-3,-28,-7,6
3,-15,3,7,-7,-5,8,1,-12,-18,-9,-15
7,-10,-6,6,-16,-2,8,4,-11,-2,8,-5
9,-14,-14,6,-15,-2,1,0,-9,6,-10,-12
1,5,9,-4,-4,-4,-14,-6,-13,7,2,-5
5,-6,2,-11,-13,-20,-11,-6,1,0,-16,-1
1,11,-14,11,3,11,-7,-6,5,8,-6,-16
1,2,-7,9,-10,15,-16,-9,-1,-21,3,-15
1,4,0,-3,3,-4,2,7,9,-8,6,-17
-13,-7,-7,-9,-4,13,6,-14,-4,-5,-11,-9
-17,-4,-5,0,7,17,-13,-6,-9,5,-7,-10
-13,-13,-8,-2,-11,3,5,-9,3,-11,-5,-5
1,-16,3,-11,-11,6,-12,-7,2,-6,-7,12
-10,10,-10,-5,-9,-14,-2,17,-6,-8,1,4
-16,22,-16,18,3,-3,8,20,5,7,-17,8
-12,17,4,-12,8,-6,2,2,2,-12,-1,22
-11,23,3,-9,2,23,3,20,-5,6,-12,8
-12,-8,-17,-2,6,11,6,-9,-15,14,-8,5
0,-5,6,14,8,-1,-7,21,6,12,-16,4
-9,4,-7,-9,3,23,-11,27,-6,16,0,4
-14,26,-6,-5,-3,13,-13,13,-16,10,-16,9
-17,8,1,5,0,18,-1,19,0,18,-16,12
-11,17,-12,-1,0,21,0,-2,-2,-6,-17,-1
-12,20,-13,5,0,13,-2,-4,-6,10,2,1
-2,25,-2,6,-3,8,-6,28,-7,18,1,3
-10,14,-11,1,3,12,-14,-3,-12,27,-14,21
-8,17,-3,7,-4,5,-9,25,-1,23,-1,27
-10,6,-15,3,1,33,-7,34,-8,26,6,12
-3,22,-3,4,1,8,4,11,0,23,-2,11
8,-27,-4,-21,6,-33,-1,-16,7,-35,-11,-14
7,-31,-10,-32,-10,-12,-7,-17,2,-1,9,-9
7,-31,-13,-4,2,-9,9,-7,7,2,2,-2
7,-23,8,-19,-10,-5,-3,-26,7,-30,-10,-27
-8,-18,-4,-19,-13,-12,-14,-13,-13,-14,-8,-17
-9,-20,2,-25,-4,-19,-4,-22,-1,-18,-7,-27
8,-23,-13,-17,2,-1,-10,-20,-8,-16,1,-30
6,-24,2,-5,-16,5,8,-10,2,6,4,-20
8,-17,-2,-20,6,1,-7,-9,9,0,0,-16
6,-17,10,-11,-10,-27,-12,-4,6,-4,-2,-19
5,-15,-6,6,-10,6,-7,9,10,-4,-6,0
3,-13,6,-25,0,10,10,-8,-6,8,-9,9
2,-7,-16,-6,-7,-16,1,-5,0,-10,8,-3
7,-12,6,-7,10,-18,-11,9,-7,2,-10,-3
8,-10,9,-16,3,-22,10,-16,-10,-17,0,-9
2,-10,-3,4,-16,0,-9,1,0,-17,4,-5
9,-12,7,-4,-2,-5,-14,5,-14,12,10,-6
-10,-4,-5,3,6,-4,-12,-13,-3,-3,-12,-9
-7,17,-7,2,-11,-11,2,-2,-6,-15,9,-12
-11,9,-6,-2,-4,-2,0,14,-16,-10,-12,-3
-15,1,9,14,-16,19,-9,13,-11,18,-6,-9
-12,-1,-8,1,-10,21,9,5,-6,-2,-5,-12
-14,22,-8,7,-15,20,-6,8,-5,-13,-15,4
-15,3,-7,-13,10,-13,10,20,-9,-6,-1,-8
-7,24,-4,-3,2,12,5,20,-15,-10,-9,15
-13,11,-3,-9,-1,-6,-5,12,1,3,1,9
-12,12,-1,9,1,4,-6,-8,-6,5,-14,9
-10,7,-2,6,9,2,0,-8,-13,23,-13,1
-6,2,-15,9,-1,12,-2,15,-3,7,-4,14
-1,13,-2,5,5,21,4,13,-4,14,-7,-1
-2,-5,-6,2,0,-4,0,15,-14,12,0,-1
-3,18,6,27,9,-5,-4,10,-13,31,-16,30
-8,12,-7,-1,10,27,-13,6,1,17,-5,28
-6,2,-2,33,-7,31,-8,7,3,4,-10,20
-5,20,-3,15,8,1,5,10,-9,4,9,18
-7,16,9,-1,6,-1,-11,1,1,10,-2,22
1,19,-3,26,0,3,-14,30,5,13,7,8
10,-32,7,-15,-2,-31,11,-4,-6,-1,-8,-3
9,-30,7,-5,-11,-33,-11,-16,5,-18,9,-27
8,-25,-1,-31,6,-3,-13,-21,8,-23,9,-1
9,-25,-14,-4,7,-29,-1,-6,-4,-22,-11,-32
-13,-8,-4,-22,-6,-15,-15,0,-1,-17,-6,-17
-6,-19,2,-25,-2,-19,3,-20,-5,-27,-5,-16
3,-28,5,-4,6,-26,9,4,-12,-7,-1,-23
3,-17,-3,-21,-4,-20,-6,-4,4,2,6,-14
-12,-5,-10,-18,2,-26,-3,-25,2,-22,-15,-19
-8,2,0,4,3,-7,2,9,-6,-24,-12,3
-8,-13,-14,-22,2,-22,4,-19,0,-14,-7,-5
-10,-21,3,-6,2,-2,2,-24,-2,-25,1,0
-12,0,-8,-7,3,-5,4,-18,-15,-20,-5,-2
-12,2,0,-21,4,-16,-8,-18,10,0,-14,-13
-5,11,-3,-17,2,9,2,-2,0,-17,-5,-22
-8,6,-12,-16,-2,-21,2,12,-11,-4,-9,-4
4,-15,-7,-8,9,-9,5,4,-11,9,9,-16
-9,5,-2,-6,2,-18,-5,-18,-10,-12,1,-2
-8,16,1,-6,4,16,-1,-14,-13,-6,3,-6
-9,-3,-15,0,6,-15,2,-7,-2,8,-8,-8
2,1,2,-13,3,15,-14,-12,8,1,10,9
-8,11,1,5,-11,-2,7,14,-2,8,-6,2
-14,-6,-6,4,-6,-7,-12,-12,11,4,-13,-8
-10,8,0,13,0,3,0,-3,0,23,-13,20
0,18,-1,10,0,11,-2,4,4,3,-11,14
0,23,0,-5,2,1,-9,8,1,20,-3,-6
-3,15,2,8,-3,4,1,-3,2,10,0,16
-8,21,-6,13,0,23,-15,9,0,-8,-11,-2
-14,-2,-11,-4,-9,8,1,27,-1,25,0,2
0,1,-12,9,-5,2,10,8,6,-5,10,-5
-1,21,-3,15,11,13,6,8,-6,4,0,17
-4,-2,2,8,5,9,8,18,-2,29,-2,27
-1,3,-10,9,2,15,6,6,7,-3,-14,-1
-7,18,-1,-2,-6,20,-9,26,-1,33,2,18
-8,16,-7,0,0,9,11,18,1,16,-7,6
-7,21,-14,20,-2,27,6,20,-1,17,11,16
-4,16,8,33,1,15,-15,29,8,18,4,15
-12,-19,-12,-1,7,0,-5,-27,-6,-7,9,-15
3,-31,3,-9,5,-13,11,-22,-5,-24,4,0
5,-28,5,-21,-10,-34,-11,-27,-1,-29,-14,0
3,-23,6,-14,-14,-25,8,-28,6,-26,-4,-4
-10,-17,4,-24,1,-6,9,4,3,-13,-9,-22
-8,-6,5,-25,-7,-22,5,-31,3,2,-6,-27
7,-25,8,-25,-1,-17,12,-17,4,1,3,-23
3,-20,0,2,1,-15,4,-29,-1,0,1,-4
-13,-28,5,-20,2,-20,-10,8,1,-26,-3,-15
-4,7,10,-15,-6,-20,-8,-23,-7,-16,-14,-11
-8,8,-5,-9,-12,-22,7,-7,-10,10,-3,-17
-12,10,-5,-9,-4,-4,1,8,1,-18,-8,-6
-13,-3,4,7,-8,-5,8,-5,10,1,-9,5
-13,-11,10,11,-1,7,-6,-7,-2,-21,0,-6
-3,4,9,-17,-2,-5,5,4,0,12,-10,-6
-11,-14,-7,-20,12,-3,2,-18,-10,12,-1,-4
-4,12,-13,-13,1,1,3,15,-12,-3,-10,4
-5,-15,3,10,2,4,-10,12,3,12,0,-10
-5,16,1,-4,3,-5,-1,-18,-3,-5,-14,-7
-7,-3,-10,-9,7,-6,-9,6,-2,-14,3,1
-10,-3,-1,6,3,-11,-13,2,-13,3,-8,5
-11,-2,-2,7,5,-9,1,-13,0,-11,0,9
1,-9,1,19,-14,-3,2,-9,-8,-10,2,5
1,-13,-10,8,12,-9,-3,15,-13,-12,-3,15
0,20,-1,-11,11,9,-6,18,3,3,-10,-8
2,-11,-1,-11,-3,2,0,14,11,-11,-7,1
-3,-9,0,19,2,-9,-4,0,0,6,-2,17
2,-4,2,4,1,18,-10,16,10,20,1,0
0,18,9,5,-12,23,5,-6,-13,25,-6,25
-5,-2,-5,14,11,3,7,1,7,-4,7,29
0,13,-8,26,4,17,-4,3,-14,28,6,30
-6,0,-11,-3,6,22,-6,29,0,5,2,4
-2,1,3,12,12,6,-1,32,-1,18,12,-3
-4,3,-7,24,-11,28,-5,9,-13,4,-8,22
-7,6,10,27,0,14,10,26,1,28,8,29
-3,19,10,15,-9,19,2,26,7,10,-12,28
-6,17,8,19,-11,10,-5,28,2,26,-5,12
-5,-24,0,-4,4,-10,-3,-33,1,-34,11,-13
4,-17,8,-31,5,0,2,-28,-5,-35,11,-33
4,-19,-8,0,3,-30,12,-5,-8,-5,0,-27
4,-31,-10,-19,11,-25,-7,-24,8,-7,7,-3
-12,0,4,-24,1,-26,3,-28,8,3,1,-17
-6,-7,-6,-26,-3,4,-8,-6,1,-17,-1,-21
4,-14,11,-25,10,-12,11,-12,-10,-27,11,2
-9,-5,-8,-22,7,-9,9,1,12,3,-2,-19
-11,-15,0,-13,-2,-6,11,7,-8,-26,4,-24
4,-4,5,-11,-7,-14,6,-7,-4,-4,7,-10
-12,-4,4,-14,6,-8,-8,-11,-4,-26,10,-20
-8,6,4,-24,5,-15,9,11,-11,-11,-8,-20
-12,-11,0,-5,-3,-18,-6,9,8,-10,-4,-11
-11,-15,-1,-22,1,1,-4,4,11,0,-2,-18
-8,-12,-1,12,13,2,-4,-7,4,-20,1,11
-5,-20,1,-10,-10,9,-5,15,-13,-21,9,-1
-13,8,3,15,-2,-18,1,10,-10,9,3,-17
-6,-9,11,8,11,-1,6,12,-10,11,-1,-8
3,-6,-2,-2,13,-10,-4,-14,-5,4,4,-10
-7,19,-4,-13,4,-2,-12,2,-13,-6,0,-7
4,16,-12,4,4,20,0,13,-6,-11,11,-1
1,-12,4,16,1,-11,9,-4,-3,-4,-9,6
-10,-5,1,6,7,10,-9,2,-1,1,-11,7
0,17,-13,0,11,2,-1,15,-9,22,-1,23
-9,-6,-9,-6,-1,11,3,-2,1,23,4,13
-13,-2,4,12,-2,6,-8,2,-6,4,4,-6
-3,8,-3,12,8,-9,5,-4,6,-1,5,10
-2,9,-7,8,-9,3,-5,23,-9,14,0,17
-8,10,1,18,-1,20,7,-3,5,4,7,23
1,22,-10,0,0,8,-6,28,1,-2,4,28
-4,12,-11,20,-2,8,0,9,5,2,-2,20
1,29,13,-3,-3,9,2,25,6,13,-1,19
-4,16,13,4,-1,26,1,32,-10,9,1,31
0,3,-9,24,0,28,3,6,2,13,-8,24
-3,5,-12,-1,5,9,-6,-2,-5,14,-1,27
-3,8,10,11,12,24,-13,8,-3,22,-8,2
-2,21,8,9,0,25,-10,23,-12,22,-9,28
-1,-36,-12,-15,0,-31,-5,-13,-2,-9,-9,-22
-3,-33,3,-17,5,-2,1,-32,-9,-27,7,-34
-2,-4,3,-10,5,-34,5,-10,-6,-17,5,-2
-9,-1,4,-26,5,-12,5,-10,4,-3,2,-23
-8,-22,0,-22,5,-29,-7,-13,7,-26,-10,-23
-6,-20,-10,-26,0,-15,2,-18,-3,-27,-2,-21
-3,-16,13,-2,11,-29,-6,-8,-1,-24,-6,-3
-2,-5,-11,-19,11,-8,-8,-18,3,-7,-11,-24
-12,-7,-5,-7,4,-14,-5,0,13,3,-11,-22
5,-27,-1,-1,7,-16,12,-22,14,-7,-8,-10
-9,-15,2,-26,1,-4,12,4,13,-11,2,-26
-11,-14,1,-16,14,-16,2,10,5,-1,-6,8
5,-10,6,-17,-10,-5,-6,-18,-9,-19,-6,-20
-4,-8,-7,2,9,-23,10,-13,1,9,4,-5
0,-12,-9,-18,4,7,-1,-8,-9,-16,4,-12
3,12,2,-5,-7,-3,4,-1,-6,-19,3,-15
2,-6,4,4,5,10,-10,7,3,-17,-2,-11
-12,-13,-1,-10,-12,-1,8,9,-10,-18,1,-17
2,5,1,16,7,13,0,18,-12,12,2,-14
3,-5,-11,-6,7,0,12,8,8,8,1,19
-5,5,3,1,6,-12,13,-14,13,-8,-7,0
0,7,10,-1,-11,8,-12,4,5,-15,-10,17
1,19,4,-11,-8,7,-1,8,-9,8,1,15
-11,-4,-1,-5,-5,13,6,13,9,5,3,14
2,16,3,4,11,7,-3,-7,-6,-5,-3,6
2,10,4,-5,-5,23,4,-11,-6,10,-5,25
-5,-4,4,12,0,23,8,11,4,3,3,12
1,0,3,14,0,-8,0,15,8,14,-9,11
-2,-7,6,22,-9,9,-4,23,9,-1,2,-5
2,17,-1,-7,-10,10,10,-5,5,25,-3,-4
3,1,3,-5,7,6,3,12,0,8,5,24
1,15,8,10,7,11,-1,-1,8,17,5,19
1,17,1,29,13,9,-10,24,-9,21,13,9
-2,18,-10,4,8,15,-9,10,4,26,-6,5
-3,5,6,24,-2,34,11,-1,-5,26,4,24
0,7,-7,3,-10,8,8,3,1,16,-10,22
-4,9,2,5,-5,13,-6,14,-1,33,5,31
-7,-18,-10,-14,11,-25,10,-23,-8,-16,-3,0
-8,-16,1,-32,1,-9,12,-18,-7,-17,15,-1
4,-10,-5,-14,-1,-22,-9,-27,2,-1,-3,-29
-4,-24,-2,-5,1,-20,3,0,1,-6,3,-27
2,-5,-4,-23,8,-8,3,-14,-6,-26,-9,-12
-7,-14,-5,-26,4,5,6,-2,-3,-22,-3,-15
-5,-17,-11,-19,-10,-12,-2,-30,7,-10,-6,-23
-9,-3,7,-9,8,-21,6,-18,0,-26,6,-14
-10,-18,-6,-9,6,1,-5,7,-1,-23,-10,-2
3,-15,-6,-15,3,-9,6,-20,13,-12,4,9
-4,-4,4,-14,0,-25,-11,-4,-4,-5,-8,-19
0,-23,11,-8,14,6,-3,8,13,-3,3,9
4,-13,-4,-20,-8,-18,15,10,6,4,5,12
-1,-20,-11,-4,4,-6,0,4,0,-15,2,7
3,11,-2,4,-10,-11,-5,12,-3,-5,4,9
3,-5,15,-12,12,7,4,-16,3,-20,6,6
-5,-1,-2,-11,12,0,4,-5,4,15,2,-7
1,17,4,9,-3,-9,4,8,15,-11,-1,-15
2,-15,-7,-17,5,18,10,13,-6,10,-4,-1
2,9,12,-7,8,6,-8,-11,-7,3,-4,-14
5,3,-6,4,-2,-12,5,20,-5,2,-2,-7
-5,-7,-9,-6,12,12,7,-10,5,-7,11,8
2,20,-10,10,11,-12,-6,10,-4,-14,0,22
-4,6,12,8,-10,6,8,-9,13,19,4,-11
2,19,1,13,-11,8,0,-1,3,13,0,9
-3,9,3,8,14,-6,-8,20,-7,-1,0,5
-9,-4,5,8,10,25,7,5,-11,-7,15,-1
-5,-3,-1,20,11,7,-11,2,-9,-5,-1,14
2,21,-1,10,3,14,8,24,-1,10,5,8
-3,11,8,-6,-1,20,-7,10,10,12,5,14
-1,-6,3,28,14,8,11,8,5,13,-5,-4
-2,1,-10,1,14,25,9,22,-5,6,4,12
0,15,5,21,-7,3,-10,24,4,14,-4,7
1,15,-4,11,-9,-3,3,14,15,26,-11,30
0,4,0,5,-3,32,15,9,4,31,-3,30
6,6,-3,10,8,1,-5,12,15,1,-6,29
-3,6,-11,34,12,17,15,8,-8,27,6,34
-7,-26,15,-31,-9,-19,16,-17,-9,-10,8,-27
-7,-29,6,-5,4,-30,13,-20,-7,-18,3,-7
6,-27,4,-20,7,-2,0,-19,-6,-21,4,-7
0,-16,6,-14,9,-32,-3,-31,-2,-29,3,-19
3,0,-10,-12,12,-11,16,-25,8,-29,-2,-22
-5,-26,10,-4,-4,-16,2,-19,2,-9,-10,-21
-8,-11,7,4,5,1,16,-20,-10,-20,13,-19
6,-15,13,-18,15,-14,7,-27,5,-18,0,-5
2,-4,-10,-12,4,5,5,-15,6,-13,-9,7
5,-23,9,-25,1,8,5,-2,14,6,-8,-13
2,9,5,-26,14,8,-5,-26,-1,-9,-6,-11
4,-10,1,-24,16,4,-2,-4,-5,-3,-8,-15
3,-10,0,-15,12,-14,3,-15,-10,-19,4,-13
-4,-14,7,-13,-2,-20,0,1,-9,-2,3,-19
7,-2,-10,14,15,-10,-1,-8,1,-18,3,-21
4,9,-6,-12,5,-9,-9,-18,6,11,11,0
3,16,-7,4,1,-16,-9,11,0,-18,5,8
5,0,-7,0,10,17,-4,-7,-2,-17,-9,-6
3,-2,7,18,11,-6,-5,15,-10,1,4,-5
6,-9,7,-2,-2,18,7,-5,-6,-5,13,0
-8,-7,-9,11,14,-16,-1,10,-9,20,2,9
-1,6,-10,13,-4,11,8,14,-9,-10,0,6
4,-5,-2,-6,-2,6,-8,-10,13,-10,6,18
3,-9,16,4,-7,22,11,-12,0,-5,12,1
0,8,4,-5,3,5,-7,18,-5,-2,-8,15
2,-5,12,2,6,10,11,13,-4,15,2,23
4,25,7,4,16,-3,-3,-2,-1,24,2,-10
3,10,13,10,5,19,15,7,11,0,-8,-2
3,10,7,25,-7,6,-1,2,13,25,-4,28
1,-2,-5,2,1,13,-6,0,-8,21,5,12
-1,16,13,1,5,13,13,6,5,13,3,0
2,-2,14,3,-9,-2,-7,30,14,-5,7,5
0,4,5,3,-5,7,12,21,9,15,13,21
2,14,5,5,-2,2,15,1,-3,32,-10,3
2,17,-7,16,-7,0,2,9,7,34,-4,-1
2,8,16,28,0,-1,-9,28,-5,20,-1,22
8,7,13,26,-6,34,4,29,5,15,-1,34
4,-11,-9,-26,2,-36,10,-31,-9,-27,13,-17
3,-14,10,-24,-3,-6,2,-1,8,-18,-6,-29
1,-18,11,-28,4,-1,15,-20,-5,-9,17,-12
4,-16,2,-12,13,-21,-1,-5,7,2,3,-2
5,-26,-5,1,11,-20,-8,-11,4,-5,-9,-14
2,5,7,-22,-6,-31,7,-19,4,-13,6,1
4,-2,-2,2,11,-22,17,-30,-9,3,2,-30
4,-5,12,7,-6,5,-3,-24,3,1,6,-13
5,-24,14,7,-2,0,-5,-15,3,-9,16,-23
2,-23,14,-19,11,-27,-8,-17,9,-3,8,-24
5,-6,2,-14,10,-22,-1,-11,-8,-6,8,-7
3,-9,-9,-13,9,-16,10,-7,-2,7,3,-23
5,12,6,-15,5,3,0,12,13,-16,9,-18
5,8,6,7,17,0,-2,1,3,-19,14,-5
-2,-2,15,-20,-4,6,-8,14,5,6,5,6
5,-16,-8,2,13,-7,14,4,1,14,6,-8
6,-11,-1,-3,14,-10,1,-8,-4,3,4,3
5,-2,2,-2,14,-8,7,-6,8,-1,-9,17
-4,-10,-5,11,16,-10,17,-16,7,-1,4,-3
7,3,0,-12,12,-14,17,-8,7,17,2,13
-3,-9,8,14,-4,5,7,13,7,-15,-9,5
-5,-6,-9,15,3,16,-7,-10,2,4,3,13
-1,5,12,-2,16,14,9,13,17,19,3,18
4,-8,-5,3,14,-13,-4,21,-8,12,4,21
5,-4,-3,6,2,-1,2,-2,-4,20,5,-10
3,9,-1,-2,-6,-7,9,-10,-7,-8,-5,-5
4,25,6,19,5,21,2,-4,-5,9,-2,-6
2,0,-4,24,15,21,-5,13,14,-9,4,-1
0,8,5,20,5,12,8,10,2,8,7,6
4,0,-3,12,-3,5,5,14,-5,14,1,-1
3,-2,16,-3,12,7,-1,16,8,4,-9,21
2,2,-3,1,17,31,9,4,-1,19,3,3
4,4,1,9,-8,5,-7,19,-3,21,-6,30
0,5,10,18,-3,11,11,10,-7,-3,-5,31
3,5,8,23,12,7,16,-2,4,-1,5,17
1,21,12,32,14,8,2,29,-4,19,5,29
2,17,4,28,16,17,-8,11,-5,30,17,29
0,-29,13,-4,-8,-12,10,-2,0,-33,7,-24
3,-27,-4,-33,6,-26,16,-26,3,-25,-6,-1
0,-26,11,-11,-4,-18,4,-17,-5,-22,18,-23
1,-24,18,0,-2,-23,14,-15,8,0,5,-33
2,-13,7,-28,18,-2,2,0,8,-25,8,-32
4,-4,6,-13,-7,-26,5,-6,16,-3,-8,-23
8,-26,1,-28,7,-20,3,-15,7,-6,13,4
0,-19,-4,-6,3,2,6,-5,-4,-13,18,-22
6,-15,1,-5,1,-26,5,-24,-5,-19,17,-1
8,-18,14,-19,-1,-6,13,-22,4,-14,6,-1
4,-14,-8,-23,3,10,0,-2,7,-5,2,-10
8,-24,5,4,4,2,-5,-14,-5,-6,-3,0
7,-1,10,-3,3,9,12,-18,-3,-9,-5,-11
6,-13,12,-7,5,-12,-7,-18,8,4,6,13
7,-16,5,1,16,-2,17,-12,4,-21,6,-6
8,0,-4,-7,14,-2,15,-7,1,-16,8,7
-8,-1,0,-15,6,12,14,8,14,-6,-5,3
8,12,16,-4,-1,-13,-5,-15,5,-10,8,-18
6,7,-3,-12,-1,7,16,-18,9,16,-4,1
7,10,-4,-5,8,3,7,-6,-1,19,5,10
7,5,5,-5,4,20,3,0,6,3,-8,14
8,-4,15,15,4,9,3,11,3,19,16,20
-2,6,11,-11,7,-11,9,-8,10,8,4,12
6,-2,6,0,0,9,-3,4,1,9,8,11
7,24,6,18,6,17,3,12,3,0,6,2
5,-1,5,-7,3,23,4,-1,18,19,7,18
-4,-3,7,24,3,20,17,-3,-4,12,7,-6
8,-6,-7,-9,4,23,7,10,-4,-2,3,3
7,14,9,-4,6,-8,-1,5,4,8,5,27
7,3,-2,5,7,-5,7,24,2,14,6,24
2,-2,-3,-4,4,28,9,9,-6,16,8,21
5,10,11,-5,3,18,-7,12,17,14,8,2
-2,14,6,-2,-1,6,9,12,-6,29,-4,16
7,28,-8,22,7,1,1,0,-8,14,3,22
4,32,-8,29,3,10,14,2,6,22,5,19
4,31,-6,18,-2,6,9,7,-7,9,-5,1
7,2,15,23,8,31,7,26,-6,8,17,10
3,-34,7,-15,-2,-28,4,-11,6,-26,-6,-7
8,-9,17,-22,4,-9,2,-34,17,-24,5,0
10,-26,3,2,4,-9,2,-32,-3,-20,17,-18
8,-5,14,-28,6,-9,7,-2,11,-27,2,-28
6,-10,-5,-14,3,0,12,-21,18,-3,-4,-13
9,-14,6,5,-1,-26,-3,-7,1,-20,18,-15
6,-19,-2,5,1,-17,6,-6,-7,-1,2,1
4,6,-2,-28,7,-1,7,-1,-6,-16,15,-26
4,-15,11,-19,10,-22,-5,8,-4,-7,-2,3
10,6,15,-23,6,0,16,-23,9,-24,18,5
4,-16,16,-17,3,2,19,4,18,-21,13,-3
9,1,5,10,14,-19,8,3,-7,-3,4,4
-3,-5,-6,-8,13,-18,-6,-2,-2,-23,-1,-24
9,1,-4,0,13,-14,15,-14,-7,5,-5,7
5,-9,-5,-21,-1,-14,14,-20,1,-1,-2,-14
1,-17,-3,7,11,15,15,-8,8,7,-3,8
4,13,2,-1,-6,10,8,2,9,-11,15,1
-4,1,13,-9,13,-6,13,14,3,11,-1,16
6,-5,-2,-10,14,14,-5,15,18,9,0,-13
5,-16,17,-13,18,-11,16,-11,16,-11,5,4
6,-15,17,3,-7,15,17,15,19,1,19,5
10,21,9,6,11,-8,-5,20,9,-13,16,-15
5,0,4,-8,-5,-7,8,21,13,-4,18,5
2,-13,-2,17,-2,-13,0,3,-5,3,16,13
4,15,19,-8,1,-3,12,-3,-4,-5,5,21
5,22,-2,7,6,23,6,-10,8,-3,4,6
6,-10,3,-8,8,19,10,12,9,-5,15,24
-2,10,8,27,7,-1,10,12,-1,10,0,7
4,20,6,2,8,22,6,20,7,3,0,7
-1,14,-3,18,-7,29,6,26,4,-7,10,10
-3,-1,-7,27,6,20,9,5,17,-1,-7,-6
9,-3,-3,13,-4,13,7,-4,16,11,-5,-3
-2,2,-7,-3,4,-1,10,21,11,17,5,0
7,-1,5,1,9,16,10,31,5,3,16,-2
7,16,17,15,2,14,10,24,8,12,6,22
5,29,6,15,14,6,7,-1,8,5,9,32
6,2,4,34,9,22,4,31,16,13,12,18
6,-25,10,-28,1,-20,1,-19,-5,-27,-5,-3
-6,-31,4,-34,7,-21,5,-23,-5,-31,1,-14
5,-4,12,-12,4,-10,1,-7,8,-11,15,-6
-2,-13,10,-28,16,-20,7,-1,19,-19,10,-27
-1,-23,-3,-24,10,0,-5,-23,10,-9,-2,-14
4,-16,17,-28,18,-26,11,-18,13,-15,6,-8
-4,-10,18,-19,17,1,16,-10,18,-14,17,3
11,5,-1,-29,16,-3,-1,-13,-5,-13,12,-3
-5,-8,14,-10,18,8,14,-18,12,-23,7,-8
11,-21,-2,9,5,-21,13,-13,-3,-1,11,2
11,3,16,-19,2,0,-1,4,6,8,11,-17
9,-12,-3,2,20,-9,-1,-24,19,-12,16,-8
10,8,17,-23,-1,2,7,3,12,-9,6,-10
9,-5,1,12,4,-5,14,-9,-6,-7,15,-16
10,-12,-2,-2,1,2,-6,-17,9,1,1,0
6,7,4,-16,15,-11,0,-19,14,-18,1,4
-2,-12,10,16,6,-9,16,-3,20,15,3,7
10,8,12,-8,-2,0,16,-18,4,-12,4,-8
9,-17,-2,1,20,-4,1,18,0,13,2,4
-4,-7,14,13,10,13,16,-17,7,-6,-4,-13
9,0,15,14,17,-10,1,-2,-6,-3,-2,-5
10,20,-4,19,-1,7,16,12,1,19,-2,-2
10,19,9,-9,3,12,20,2,-5,3,-1,-12
10,16,12,16,-4,15,6,1,0,16,15,-10
6,11,2,8,-5,19,18,5,13,22,11,11
10,2,2,15,-5,2,5,-9,15,23,-6,14
10,26,18,-7,18,12,-6,16,17,-5,13,23
7,3,-3,11,0,0,-6,22,-5,6,3,13
11,18,20,19,10,4,7,4,-3,-8,15,6
-6,-2,-5,28,9,28,11,23,0,-6,3,26
-3,12,4,28,9,28,8,-4,0,0,-1,29
11,19,5,15,9,1,7,-3,15,1,-5,25
5,21,15,30,9,29,11,27,-5,27,16,7
-3,5,7,4,10,7,5,30,-6,9,-3,0
-6,11,0,9,7,0,-6,1,5,26,-2,-2
0,9,-4,5,12,11,-5,0,16,1,14,1
2,0,4,24,9,18,17,16,-4,7,2,13
2,-21,18,-14,19,-35,2,-35,19,-19,4,-29
-4,-33,18,-29,8,-26,-1,-15,15,-14,17,-7
3,-9,6,-16,3,-5,-2,-20,20,-32,16,-26
-2,-2,12,-13,-5,-24,5,-29,5,-32,-2,-25
13,-24,-4,-27,2,-28,21,-31,8,-4,12,-20
2,4,-4,-18,2,-14,13,-12,-5,-25,19,5
-1,-28,16,-24,2,-8,-4,2,21,-26,14,-5
5,2,-4,-17,5,-25,1,-22,15,-29,3,5
5,8,5,-14,2,-10,2,-8,10,6,1,1
6,2,10,-5,5,-26,12,5,11,-7,21,6
7,-11,12,-15,8,3,5,7,9,-14,4,-12
1,-8,3,8,-4,4,11,-10,1,8,21,-10
7,2,3,-10,14,1,17,-18,6,-3,-4,-13
11,-5,1,-8,14,-4,6,6,6,6,-2,-14
11,8,9,11,-5,-15,21,1,-3,13,0,14
11,7,-5,-7,14,-6,-3,-10,15,-8,9,11
-5,-3,5,1,18,-13,5,-9,8,1,4,4
6,13,1,-3,14,8,-2,-11,-3,4,11,-4
10,17,11,-18,-5,-13,5,12,8,13,14,-11
0,0,1,18,5,14,10,-9,3,2,10,-16
-4,-11,13,16,0,-12,11,1,18,-6,-5,-13
6,19,4,21,-2,-3,-3,6,0,1,18,21
1,-9,12,10,3,2,1,11,-3,10,0,-8
0,7,20,19,21,2,20,-12,-3,-4,3,14
7,-10,17,-10,3,0,5,24,14,23,15,20
11,5,1,18,-1,-5,9,-4,-4,18,4,15
10,15,2,18,-1,25,2,2,16,7,15,10
11,-3,16,-2,20,9,1,-8,21,-3,12,24
7,21,-5,24,13,-7,11,-6,2,0,12,18
7,24,4,28,14,19,9,8,17,4,2,17
-4,13,4,0,19,21,19,10,15,12,-4,21
11,17,2,26,-2,17,12,-5,1,31,20,3
0,3,13,11,15,3,-1,25,2,20,-1,29
10,12,-1,29,13,2,-4,3,-3,28,17,3
6,10,20,32,13,28,8,33,4,17,8,3
14,6,3,34,14,20,19,32,19,33,6,22
12,30,20,33,17,6,-5,27,2,19,1,14
-2,-2,3,-21,13,-27,-3,-3,14,-6,14,-12
-1,-6,-1,-29,11,-28,1,-28,11,-25,10,-6
-2,-9,22,-13,15,-6,10,-25,5,-5,3,-26
6,2,3,-11,12,-24,4,-30,11,-1,7,-29
3,-27,1,-15,18,-25,-2,-1,9,-28,-3,-23
-1,-16,2,3,-2,-26,8,-10,21,5,18,-19
-1,-4,-2,-17,10,6,-1,6,17,-7,19,5
0,-3,20,4,21,-5,14,-16,19,6,16,-5
-1,-12,16,-26,-3,-6,5,-12,-4,-26,16,1
0,0,21,-26,-4,-26,2,-6,19,-20,1,-26
3,-24,20,-5,12,0,16,-19,15,10,20,-15
-1,-24,1,3,18,-7,18,-22,-3,-17,14,3
2,-21,2,12,8,5,14,-12,3,2,-3,1
0,10,2,-15,7,5,15,-15,3,-9,11,-20
-2,10,12,-11,0,-5,6,-22,5,-21,6,13
-3,-14,22,-20,6,-19,-2,5,1,-18,15,-5
-3,-5,13,15,12,-13,9,14,11,-3,4,-11
-2,-1,9,12,7,13,9,11,10,8,-1,-2
12,7,17,-18,11,-18,12,-2,6,10,4,-17
7,7,22,-2,1,0,12,13,-2,10,17,-4
7,-1,2,-7,-4,13,-2,13,22,-11,0,-7
-4,-8,21,9,16,-12,22,6,-2,-2,-4,8
13,21,0,12,10,20,-1,5,15,9,3,-8
5,-12,6,-9,1,0,11,21,-3,14,-2,23
-4,-1,17,8,-2,-4,1,8,-4,24,19,0
10,-11,-2,-8,22,24,9,3,-4,21,22,8
13,15,22,22,19,-2,-4,-10,0,24,9,1
-2,-4,16,20,-2,4,19,4,0,18,6,22
11,9,20,23,5,24,10,26,10,-5,12,23
13,24,-2,16,10,3,8,24,6,19,16,-6
14,0,8,26,22,7,18,9,2,7,7,13
13,22,4,18,5,28,22,-1,14,2,7,-4
-4,16,15,16,1,1,-1,22,16,24,17,0
5,7,-2,18,4,8,4,9,-1,8,0,20
13,26,-4,21,18,-1,1,26,13,14,-1,30
12,33,-2,35,0,28,12,23,7,8,5,28
11,3,13,9,6,10,10,32,2,22,-2,13
1,-35,9,-36,7,-33,4,-27,11,-6,7,-17
-2,-31,13,-20,9,-31,20,-28,14,-31,3,-23
2,0,23,-34,1,-7,-1,-34,0,-10,0,2
12,-1,12,-13,6,-28,7,1,4,-16,-2,-13
-3,-22,6,-24,12,-24,17,-24,4,-9,20,-23
-3,-9,1,-26,-3,-14,1,4,9,5,-1,-14
-2,0,13,-14,3,-6,22,-7,19,-4,18,-4
-2,-11,15,-11,5,3,2,-7,15,-2,23,-17
7,-2,-1,1,23,-22,17,6,9,-2,3,-23
7,-2,10,8,11,-16,13,5,17,-26,4,-13
-2,-25,-2,10,1,10,1,-8,4,1,3,-10
2,-2,23,9,-1,7,9,-3,18,-21,23,-22
1,6,22,5,2,-15,2,-18,22,11,-2,-8
-1,-19,21,-1,3,-22,9,-4,7,-7,19,-16
1,3,15,-22,21,10,12,14,17,2,15,-11
6,-10,3,7,17,9,22,1,-3,-7,15,6
2,-18,4,5,17,1,2,-2,16,10,-3,9
7,-6,21,13,-2,-3,21,-15,21,-5,16,11
-1,-6,19,9,9,4,8,-9,16,4,9,-17
3,14,18,14,16,-3,18,12,2,-17,-2,7
1,15,22,-12,17,-14,2,-13,18,-4,16,-11
5,20,5,13,11,-13,12,8,16,-10,15,21
7,15,6,-1,18,-6,9,-13,3,2,20,13
-3,23,22,-5,4,7,14,4,14,-8,6,6
14,10,20,2,8,12,4,-2,7,24,4,-12
6,21,13,-9,8,16,8,-11,17,23,3,13
-1,11,17,11,11,-9,-1,8,21,-4,2,16
8,2,3,16,6,-8,19,3,6,27,3,22
14,4,8,17,12,-7,8,28,23,-5,3,24
-1,26,19,-4,1,11,11,9,12,22,-2,29
-1,1,-3,16,8,23,12,6,22,3,4,22
8,18,17,9,4,14,15,3,3,15,4,24
6,-1,22,8,6,-1,4,14,0,30,0,24
6,12,16,2,-2,30,11,11,7,28,9,14
12,12,9,21,-3,24,8,33,-3,33,4,-1
13,22,-1,24,5,23,4,6,17,3,-1,15
13,15,22,22,18,5,17,36,7,29,8,33
2,-8,18,-32,0,-12,6,-30,5,-27,2,-28
3,-35,22,-28,22,-18,21,-9,23,-19,5,-17
4,-33,-1,-15,6,-19,19,-30,5,-18,14,-32
1,-28,11,-27,10,2,5,-12,22,-13,5,-10
10,-32,1,-15,7,-32,11,-6,4,-2,16,-15
7,2,10,-15,5,-26,3,-26,15,-19,10,-28
-2,2,14,-16,21,6,2,-21,17,2,2,-3
0,2,19,-19,24,-9,18,1,17,-29,3,-6
0,1,8,-25,12,-9,13,-19,-2,-3,8,-3
7,0,6,3,12,-4,7,3,9,8,-1,4
3,2,19,-5,3,3,13,-9,2,-21,-1,-11
1,3,5,11,7,-12,4,-22,10,-18,18,0
8,-12,1,-24,1,-17,-1,1,16,-14,17,-12
2,9,20,5,-2,-8,16,8,18,4,23,-9
-1,7,18,13,8,8,19,-6,19,2,6,8
3,14,18,-21,6,-15,8,6,8,-4,3,12
1,-6,22,8,8,6,-1,7,-2,4,8,-17
4,9,10,10,10,-19,5,12,7,2,6,1
6,11,19,-10,2,-9,13,3,19,-13,8,14
-1,11,22,-16,19,-3,21,2,-1,-6,17,10
-1,9,8,12,20,19,10,16,22,-14,21,14
0,-4,16,8,1,-12,3,12,23,11,7,5
5,14,16,-13,22,14,18,5,9,12,17,-5
0,10,2,11,3,-1,17,21,18,-1,-2,11
7,13,24,11,1,1,-1,23,3,21,17,-1
-2,23,8,0,1,25,1,10,19,-1,15,-10
0,20,22,-4,4,20,23,-2,16,4,23,26
0,-7,23,-7,8,-1,3,26,21,23,16,24
1,25,20,26,4,-6,4,8,3,28,16,2
1,-7,20,29,0,22,6,-7,16,4,3,4
-2,-5,19,16,8,28,23,8,6,7,11,13
8,6,0,19,14,20,5,1,0,16,19,1
-2,19,-1,4,4,14,20,30,20,31,10,15
2,33,0,12,8,17,1,6,22,33,5,-1
5,-1,3,22,2,20,3,2,9,34,16,16
1,35,4,13,7,21,10,15,24,13,15,15
7,29,22,20,14,6,5,4,24,9,15,28
8,-13,17,0,18,-4,13,-30,-1,-28,6,-16
1,-20,7,-22,6,-12,-1,-12,20,-19,6,0
8,-4,-1,-10,17,-1,3,-24,7,-33,23,-31
7,0,22,-15,16,-26,6,-18,8,-5,3,2
-1,1,17,1,3,-2,9,-3,3,-6,2,-16
7,-28,7,-30,23,-18,19,-8,25,-30,19,4
9,-2,7,-24,0,-24,22,-6,16,-3,14,-10
4,4,11,-9,23,-5,9,-9,23,-8,23,-20
2,-26,18,-21,-1,-9,3,6,14,-19,23,6
0,-13,9,-8,6,-19,22,-7,4,-22,1,-3
4,3,15,-16,21,-6,4,-5,6,-23,24,8
0,1,4,-9,21,5,17,-8,10,-5,21,10
-1,2,4,2,3,-14,-1,11,10,7,1,-2
7,3,18,8,4,-9,-1,-22,6,-22,21,-23
7,8,2,-10,18,14,15,-8,4,-4,6,-15
-1,4,24,-6,25,6,19,-18,22,-9,23,-20
5,7,5,7,17,-5,12,-3,25,-4,-1,-6
4,3,20,0,21,15,24,-1,24,3,13,-18
3,11,18,7,9,15,-1,12,15,4,6,12
5,12,9,3,15,16,1,5,22,8,9,1
6,-4,20,-14,4,-14,23,20,7,-11,17,7
-1,16,24,-8,4,8,5,18,24,-12,7,4
6,17,20,21,25,-11,3,18,18,-1,24,15
2,-9,17,22,24,21,18,23,12,11,7,-13
9,15,19,24,4,-11,3,-4,4,2,18,1
8,15,21,-5,23,-7,18,2,6,22,14,13
1,18,19,12,6,-3,7,19,0,14,19,3
3,25,9,16,2,-1,20,11,21,0,10,22
0,15,7,-1,5,26,23,7,0,22,21,22
7,20,20,4,14,6,11,16,25,27,5,27
1,8,5,-6,0,1,4,25,2,8,20,17
6,28,22,20,3,9,6,6,16,21,24,13
0,31,2,30,17,28,20,31,4,7,21,20
2,18,25,25,0,25,7,22,6,9,19,15
-1,28,12,25,19,8,18,8,21,2,16,0
6,3,24,8,25,0,14,15,3,5,4,14
5,30,10,31,6,27,5,30,21,34,7,18
1,-2,15,-15,23,-32,11,-31,2,-25,20,-24
5,-8,8,-35,8,1,14,-15,25,-15,21,-34
2,-33,2,-1,16,-6,16,-9,16,-28,0,-33
8,1,6,-2,25,-11,20,-32,4,-1,26,-23
9,-4,5,-17,18,-6,25,1,12,-7,24,-13
8,0,22,-21,5,-1,6,-23,5,-27,23,-9
1,-6,8,6,4,-6,14,-27,6,-2,24,-30
7,3,9,-2,8,-25,9,-21,7,1,5,-11
2,-6,9,5,0,-24,25,4,15,-2,22,-6
2,-24,13,3,25,-1,14,-17,24,8,11,0
6,-24,17,1,9,5,12,-18,22,1,9,2
6,7,15,-14,2,10,16,3,2,-20,3,4
8,8,15,8,21,5,14,-16,3,-20,0,-20
0,4,7,-23,11,-18,0,-15,6,-23,9,-21
0,13,26,8,12,-20,8,-5,3,9,3,-22
1,-18,22,-6,4,12,12,12,22,11,5,-8
10,-6,23,8,0,12,25,-14,8,14,17,16
9,5,23,12,2,1,7,6,4,-11,5,9
0,-16,20,6,23,-16,15,6,2,2,3,-7
10,6,6,9,6,-13,23,1,12,-9,11,-3
7,-13,7,14,5,19,10,1,25,2,19,-2
8,8,7,3,22,2,0,-3,8,-3,22,-14
1,13,21,0,3,-13,6,13,7,17,4,11
5,-12,1,2,23,11,14,-2,10,-4,9,23
3,15,20,8,25,-9,8,-10,1,0,20,9
6,22,0,24,26,21,12,15,10,3,18,-6
3,2,25,8,11,6,0,0,2,24,4,-7
2,7,18,-5,24,1,7,17,19,11,18,21
3,22,12,-1,7,27,12,17,25,-4,12,12
4,14,19,20,1,18,16,26,12,22,11,17
2,21,20,-5,2,28,0,11,10,6,1,15
8,23,10,22,23,11,1,29,13,31,2,21
7,32,24,14,6,31,20,-4,11,18,2,27
5,33,17,-1,26,-1,23,8,11,20,22,15
3,33,12,26,1,34,23,25,18,11,26,26
0,23,26,9,20,0,24,12,20,14,16,33
6,4,4,35,2,3,21,9,14,8,12,9
