-26,-25,-15,-20,-16,-33,-25,-13,-24,-11,-2,-26
-9,-17,0,-24,-5,-6,-15,-1,-3,-13,-3,-30
-3,1,-3,-16,-22,2,-12,-13,0,-17,-1,0
-22,-10,-22,-16,-4,-12,-6,-17,-19,-8,-15,-25
-23,0,-23,-31,-24,2,-15,-23,-17,-21,-21,-17
-4,-18,-20,-17,-25,-9,-11,-23,-2,-2,-13,4
-23,-13,-9,-4,-19,-29,-2,-24,-22,-16,-3,-10
-26,3,-4,-16,-4,-28,-8,7,-26,-7,-4,4
-19,-27,-14,-12,-24,-26,-2,-27,-13,5,-18,-7
-8,-20,-13,-17,-23,-26,-22,-14,-18,4,-12,5
-22,4,-23,-10,-13,-21,-11,8,-22,-8,-2,-5
0,-21,-14,-16,-12,-19,0,-21,-1,9,-2,1
-18,-15,-1,-16,-2,2,-23,-7,-11,-16,-15,9
-20,4,-23,-6,-5,-19,-3,2,-20,1,-3,-5
-25,-4,-10,-20,-20,-9,-2,-20,-13,-1,-20,-2
-24,-1,-20,14,-13,-13,-15,9,-18,8,-15,-7
-26,-16,-3,-10,-4,13,-26,-18,-16,-10,-19,-6
-25,10,-13,-11,-14,6,-1,-3,-4,-6,-3,-16
-2,2,-20,-1,-21,-5,-17,10,-10,9,-16,-5
-26,9,-15,-9,0,-5,-22,-5,-26,-14,-3,-1
-1,7,-26,-12,-11,8,-6,-1,-19,18,-22,-2
-24,13,-14,20,-7,11,-14,-13,-3,-11,-14,-9
-23,15,-19,14,-17,13,-12,6,-2,8,-11,-10
-1,-8,-13,-1,-4,19,-18,8,-1,-11,-14,23
-3,9,-18,-8,-8,7,-19,6,-5,-6,-19,-4
-14,13,-4,-6,-18,13,-21,25,-18,-10,-12,-3
-2,12,-3,14,-24,-1,-21,14,-23,14,-17,24
-23,11,-23,1,-23,1,-17,22,-22,23,-12,-6
-9,-2,-14,22,-11,22,-12,9,-16,-6,-2,-4
-25,12,-24,-6,-20,12,-25,17,-7,9,-19,8
-8,19,-22,0,-23,-2,-4,-1,-9,30,-2,28
-19,3,-4,14,-18,0,-23,15,-17,19,-4,21
-16,17,-24,30,-4,13,-18,19,-24,17,-12,1
-23,-3,-20,1,-11,4,-3,8,-7,14,-7,0
-26,22,-20,18,0,1,0,30,-14,30,0,26
-10,7,-25,30,-10,2,-26,33,-19,4,-14,0
-14,0,-7,6,-6,21,-6,3,-12,24,-18,35
-7,-3,1,-27,-23,-3,-8,-13,-19,-28,-23,-5
-8,-15,-7,-11,-20,-7,-13,-11,-20,1,-13,-22
-15,-34,-25,-34,-7,-17,-4,-27,-5,-32,-17,0
-9,-19,-7,-1,1,-32,0,-5,-10,-12,-1,-20
-7,-14,-3,-23,-19,-6,-17,-6,-3,-3,-19,-18
-17,-31,-1,-29,-1,-14,-19,-12,-16,-5,-25,-17
-8,-16,-10,-4,-4,-22,-15,-28,-5,-17,0,-15
-20,-12,-8,-9,-22,-1,-13,-16,-12,-24,-16,7
-24,-25,-23,-3,-3,-18,-3,-1,-22,-2,-24,-16
-7,-7,-23,-13,1,-5,-17,-17,-13,8,-14,8
-6,6,-9,-20,-1,-7,-2,5,-19,10,1,-2
-19,6,-16,4,-21,-9,-12,5,-6,8,-13,7
-24,-2,-14,9,-14,10,-14,-18,-14,10,-11,10
-4,2,1,-21,-2,13,-14,5,-10,-1,-1,-3
1,13,-14,14,-13,-18,-6,3,-21,-12,-11,4
-3,-21,-21,-16,0,-8,-17,13,-20,-12,-25,10
-23,3,-19,-2,-24,12,-19,5,1,-7,-17,16
-21,7,-22,-13,1,-3,-2,17,-3,9,-21,-11
-1,1,-25,-15,-24,0,-3,-5,-9,-5,-25,-16
-3,-6,-1,-4,-8,-12,-25,-13,-7,17,-13,-3
-10,7,-11,5,-23,4,-19,-7,-8,0,-18,18
-7,-7,-6,8,-16,21,-16,1,-8,16,-20,21
0,11,-22,17,-14,3,-12,13,-20,1,1,15
-2,3,-16,15,-2,16,-10,9,-7,16,-10,15
-25,2,0,17,-3,23,-20,5,-24,2,-17,-11
-4,10,-16,9,-8,25,-7,-2,-3,-3,-18,-9
-3,26,-10,9,-3,2,-23,-6,-6,16,-18,6
-21,-6,-4,21,-4,16,-18,20,-8,18,-1,-4
-5,-8,-21,15,-5,25,-22,-5,-10,-1,-22,9
-13,-2,-10,0,-10,16,-10,-3,-8,16,-8,-6
-14,6,-20,7,-3,24,-12,8,-16,23,-9,-5
-13,2,-11,9,-3,21,-5,12,-1,31,-6,2
-18,29,-24,16,-1,32,-12,20,-21,29,-12,14
-4,33,-4,31,-23,11,-8,25,-16,27,-7,28
-3,2,-1,8,-16,10,-12,4,-9,19,-24,20
1,2,-24,33,0,0,0,13,-1,20,-25,15
-23,18,-15,21,-3,20,-1,32,-4,2,-24,2
-2,-18,-10,-2,-13,-16,-12,-32,-16,-3,-15,-12
-5,-11,-11,-35,-17,-30,-13,-16,-11,-24,-17,-16
-23,-8,0,-10,-18,-16,2,-7,-11,-14,-11,-31
-17,-33,2,-19,-1,-25,1,-18,-21,-26,-15,-22
-8,-23,-4,-23,-1,-17,-8,-8,-22,-23,-21,-21
-8,-27,-19,-15,-2,-22,-14,-19,-11,3,-20,1
-12,-2,-5,-14,-23,-13,0,-1,-11,-28,-15,-2
-24,-26,-14,-23,-5,-24,-3,-7,-11,6,-9,-13
-8,-15,-8,-3,-22,-15,-22,-14,1,-17,-14,-22
-20,-3,-18,-4,-13,9,-8,6,-23,2,-21,2
-21,-24,-9,7,-10,-14,-9,6,-13,-19,-20,-21
-16,-19,-6,-14,2,-10,-22,-17,-5,-22,-1,-11
-22,-23,-2,-23,1,-1,-23,-22,2,-24,-14,2
-22,1,-16,-2,-8,-21,-7,-12,-16,4,-3,12
-8,-3,-3,-13,-3,-11,-3,2,-1,-1,-12,-6
-2,3,-23,14,-8,-1,-19,-18,-21,6,-2,-12
-4,1,2,4,-1,3,-23,-2,-23,-10,-15,-20
-3,5,-19,4,-4,-5,-14,17,-7,-13,-14,15
-2,-11,-4,18,2,-12,-16,-15,-1,-16,-12,17
-7,11,-16,-10,-23,12,-20,6,-10,13,-8,4
-24,7,-3,-13,-14,-16,-3,9,-23,-5,-9,17
-2,-9,-5,-3,-11,14,-21,-9,-16,7,-2,-7
-1,-11,-5,19,2,9,2,17,-18,-9,-6,7
-2,-11,-10,18,0,1,-4,-11,-22,0,-6,23
1,12,-9,-4,-4,10,-3,20,-8,16,-13,-11
-4,23,-5,-3,-12,8,-13,18,0,-3,-12,-11
-18,13,2,-9,-16,19,-3,24,-17,12,-19,-1
-16,20,-13,10,2,23,-9,8,-11,-5,-20,0
-13,-2,2,7,1,-5,-8,22,-20,3,-2,-1
-13,-2,-16,29,-12,3,-12,12,-13,16,-13,13
-17,30,-9,6,-9,12,-22,11,-18,4,-20,22
-16,16,-23,13,-16,29,-10,19,-4,9,-1,16
-12,2,-16,-3,-6,12,2,9,2,17,-8,11
-19,0,2,32,-21,3,-18,11,-12,2,-19,24
-23,12,0,16,-14,30,-2,1,-13,11,-15,-1
1,7,-13,25,-7,13,-6,21,1,8,-6,6
2,24,-5,0,-3,30,-1,22,-10,33,2,5
-20,-35,3,-31,0,-9,-7,-1,-20,-30,-10,-9
-22,-14,-2,-20,-2,-20,-15,-17,-10,-20,-13,-25
-15,-27,-12,-23,-10,-28,-21,-11,-9,-26,-7,-32
-13,-3,-23,-21,2,-19,0,-5,-12,-25,-8,-30
-23,-2,1,-16,3,-6,3,-32,-9,-28,-6,-15
-21,-14,2,-31,-11,-18,3,-16,-20,-18,-1,-18
-19,-2,-12,-18,-13,-1,-15,-15,-7,-29,-9,-15
-6,-16,-7,-1,-2,-28,-9,-27,-23,-1,-14,6
-21,-26,-18,-14,-9,-10,-13,-21,-17,-3,-4,-2
-15,-19,-6,-14,-6,-4,-22,-14,-7,-23,-21,-9
-4,3,-12,1,-5,-22,-4,-6,-2,-2,-14,-4
0,-13,1,7,-13,-3,-1,-21,-22,1,-8,-25
-9,1,-16,-23,-5,0,-8,-8,-23,-15,-21,0
-5,-20,-4,-1,-19,-11,0,9,-9,4,1,9
-17,7,-9,5,3,3,-1,4,3,1,-22,-13
-6,-5,-11,0,-22,4,-11,-16,-12,15,-7,-10
-3,4,-20,0,-4,9,-15,-19,-7,0,-14,-12
-15,-4,-20,17,-5,10,-15,3,1,-19,-22,-1
-21,15,-21,10,-7,5,-14,-8,-7,-11,-19,5
-9,3,-21,-10,-21,14,-19,3,2,-10,-8,5
2,5,-8,16,-19,-12,-4,0,-16,-14,-7,0
-4,4,-8,15,-8,6,-7,16,-6,13,-6,8
1,-11,-3,21,-8,15,-3,-13,2,7,-23,19
2,1,0,0,1,-13,-9,-7,-4,2,-16,-8
0,-2,-20,0,3,24,-22,22,0,-12,-20,21
-21,15,-5,-3,-2,17,0,23,3,21,-23,-7
-18,13,-8,-8,-19,-1,3,-7,1,24,-7,26
-14,18,3,-2,-20,2,-9,16,-17,8,-8,-1
-10,-1,-13,5,0,12,-16,17,-6,5,-20,20
-13,-1,-2,0,-8,-5,-7,5,-10,7,3,-6
-10,0,-23,17,-15,27,-17,0,-7,29,-20,-5
-13,20,-16,14,-8,17,-16,30,-11,11,-16,8
-5,18,-14,14,3,4,-17,31,-1,-2,-16,7
-7,32,-22,22,-17,5,-12,32,-23,-2,0,22
-5,22,-9,-2,-15,34,-5,0,3,1,-2,24
-18,29,-17,1,-9,19,1,34,-10,31,-20,19
-1,8,-12,29,-15,35,-20,26,-19,17,-10,7
-8,-13,-2,-14,-4,-21,-8,-27,-15,-8,-1,-34
-21,-5,2,-16,-3,-25,-5,-8,-21,-17,3,-5
-21,-11,2,-17,-21,-8,-12,-28,-22,-10,-16,-15
-3,-22,4,-14,-12,-8,-12,-8,-3,-19,-2,-15
-1,-18,-14,-24,-11,-24,3,-6,0,-17,-17,-4
-19,-1,2,-3,-1,-9,3,-12,-13,-18,-10,-29
-6,-27,4,-17,-15,-3,-2,-19,-22,-12,-7,-3
-20,-7,-22,-7,3,-20,-5,-7,-4,-25,-16,-27
-21,-8,-12,-10,-17,1,-20,6,-21,-9,-11,-7
-20,-8,-2,-14,-1,-24,-5,-23,-20,-9,-6,-27
-22,-13,-9,0,-4,-1,-11,5,-4,-4,-4,-12
-10,2,1,3,-1,-12,-16,-7,-19,6,-4,-22
3,4,-9,-6,3,3,-14,-11,3,-14,-2,-4
2,-11,-6,-16,-4,-10,-4,-13,-8,13,-10,-3
-3,9,-14,-4,-6,-16,3,-5,-9,-15,-10,8
-1,6,-11,4,4,12,2,1,2,-4,-8,-2
-4,6,-3,12,-20,-14,-11,-6,-4,-14,3,8
-7,-4,2,2,-21,4,-15,5,-14,-14,-7,11
4,-13,-6,-4,-12,-10,1,17,-8,-1,-4,14
-8,0,-9,8,-5,-6,-3,17,-13,-3,-5,5
-8,6,-20,17,-2,0,-17,-3,-12,-1,-4,-7
0,4,-3,12,-22,6,-14,12,3,3,-16,6
-1,-13,-4,6,1,-8,-1,-5,0,-5,-19,-12
-8,11,-5,8,-9,-2,-7,22,-7,20,-14,-13
-2,-10,-17,17,3,24,-20,-10,-10,-10,0,0
-6,9,-12,19,-12,22,-9,-1,-21,1,-19,-11
-13,23,3,3,-11,25,-17,6,2,25,-17,-4
-11,25,-14,5,-1,8,-21,17,-5,9,-2,-3
-12,-3,-11,-3,-13,25,2,23,1,1,-7,16
-16,28,-14,-5,-11,-7,-2,-3,-3,2,-10,-4
-8,3,-17,19,-14,1,-18,25,-22,-2,-7,30
-11,31,-9,15,-3,29,2,9,-18,1,0,-2
-4,17,-1,8,-10,-2,-10,11,2,15,-3,31
-4,31,-3,1,1,-1,-10,27,-7,15,-6,27
-5,6,-6,34,4,22,-1,0,2,10,2,33
-5,10,-10,21,-9,17,-9,2,4,33,-4,-1
4,2,4,0,-6,28,-8,31,-8,29,3,24
-9,-35,-11,-10,-6,-30,3,-17,2,-30,1,-14
-18,-19,-7,-15,-21,-11,-15,-19,-16,-33,-11,-15
-5,-23,-20,-31,-6,0,-4,-25,2,-23,-13,-11
-21,-18,-20,-20,-10,-20,-9,-32,-6,2,-13,-16
-5,-17,-12,-23,-10,0,-1,-23,-11,-3,-2,-16
1,-3,-15,0,3,-6,-19,0,-11,4,0,-15
-6,-4,-3,-15,0,-24,-3,-23,-14,-23,-6,-1
-8,-2,-11,-29,4,-8,-10,-8,1,-11,5,-18
-16,-2,-9,-1,-14,-7,-21,-25,-17,8,1,-12
-1,-17,-5,-3,-14,2,4,5,-19,6,-10,-20
-6,1,-18,7,-1,-22,-18,-10,5,-16,-10,-26
-1,4,-17,11,-15,9,-5,7,-2,2,-3,-15
4,8,2,-4,5,-11,-15,-13,5,-23,-3,9
4,-8,1,2,-16,-8,-8,11,-15,-7,-13,-17
5,-21,-14,11,-12,13,-8,-17,-9,-21,-20,-2
-10,9,-16,-14,-5,0,-6,5,4,10,-5,10
-2,0,-1,12,-8,8,1,-2,-1,3,-9,-1
-14,-14,-3,11,-14,-5,-1,4,-5,6,3,-5
-20,-7,-16,16,-7,-3,-15,-1,1,5,-2,9
-2,-3,-6,-12,-17,-16,-7,-5,-10,8,5,-1
-15,5,-11,13,-18,16,-16,13,-14,13,-4,-4
-3,17,-1,-11,-19,17,-7,20,-15,3,-3,-14
4,-13,-14,-2,2,12,-2,-11,3,1,2,10
3,2,-6,14,-13,13,-8,22,3,11,-21,-7
-2,4,-18,-12,-8,14,-1,9,2,-2,-14,9
-4,16,0,13,-2,21,1,19,-1,23,-14,15
-13,-7,-14,-3,-3,-1,-12,10,-11,-7,-21,15
-16,11,-15,-9,-1,20,-18,25,0,-5,-18,-5
-14,17,-14,7,-4,16,-19,-3,-14,3,-20,22
-6,25,-2,2,-11,14,-13,-3,-21,4,4,25
-9,-4,-17,19,-16,25,-2,23,-10,-5,0,22
-2,22,-19,-1,-12,1,5,0,-8,14,5,4
-6,30,-16,26,5,6,-16,7,0,18,-17,-1
-19,0,-9,28,-12,29,-9,33,-10,19,-17,-2
4,2,-18,27,3,0,-19,11,-15,17,-13,22
-1,2,-4,2,3,14,-15,23,-12,16,0,35
-18,21,-20,10,-6,28,-11,15,2,33,3,31
1,-10,-11,-24,-3,-21,0,-22,-2,-24,-16,-29
-18,-3,-20,-20,-9,-7,-12,-2,5,-8,6,-22
-18,-4,-2,1,-19,-4,-7,-22,-16,-27,-19,1
-20,-21,-19,-11,-16,-33,-8,0,-8,-25,-14,-25
-2,-26,-15,-12,-14,-8,1,-17,-15,-14,-18,3
4,-3,0,3,-12,-22,2,-17,-11,4,0,3
6,-2,-7,-7,2,-27,-7,-4,-17,0,-5,-19
4,-3,-7,-8,-4,7,2,-19,6,7,-14,4
1,5,-20,-9,-18,8,-1,-28,-6,-3,-3,-8
6,5,-19,-18,-2,-13,-2,-24,-11,-7,-2,-5
5,7,-1,-19,-15,-3,-18,-15,-3,-16,-17,-16
3,4,-12,-6,-7,-10,-1,5,-13,11,-20,-10
4,10,-7,-20,-13,10,-3,8,-15,-12,-12,-17
-7,2,-1,-5,4,-3,-8,-23,-11,-7,4,10
-7,2,-8,12,-7,10,-9,-19,6,7,-6,14
-2,-11,-6,-10,-6,-10,6,2,-9,-15,-5,10
-16,11,0,-6,1,3,-11,5,-5,-8,-4,-14
-15,-14,-12,7,-19,-18,-19,13,-13,-5,-3,-5
-14,15,-8,-7,-11,-11,-19,17,-8,-8,-4,11
-18,-5,5,-6,-18,1,5,5,-7,12,-1,0
-7,6,-18,11,-11,-12,-17,-16,6,11,-5,-2
-18,10,-13,12,-5,12,1,-5,2,-8,-6,10
-2,-3,-4,18,-8,21,-16,3,-18,5,-14,-2
-5,16,-1,0,-10,-1,4,12,-8,2,-9,0
2,3,-7,12,-1,16,6,6,-17,3,-5,-7
-17,12,-13,15,-1,5,-11,1,-14,11,-9,-9
-20,-5,4,4,-1,1,-18,16,-18,-5,5,0
-7,12,-3,0,4,9,-15,22,-3,2,-5,4
-11,12,-11,3,-1,25,-20,9,-20,-2,-12,2
-18,3,2,25,-17,18,2,12,-3,2,-14,2
0,29,-12,28,-11,5,1,14,-18,16,-7,-2
1,1,-13,-5,-18,14,-11,4,0,11,5,-2
-16,9,-12,25,-1,32,-2,9,-18,11,6,21
5,15,-7,-1,-14,33,-8,0,-12,15,1,11
-10,29,-13,34,-7,7,-5,26,-16,7,-10,21
-3,1,-2,20,-7,19,6,35,-6,11,1,5
-7,30,3,3,4,29,-15,20,-16,13,4,27
-12,-34,-1,-31,1,-19,-11,-27,-10,-21,-17,-24
-4,-14,-8,-33,1,-12,-1,-30,1,-29,1,-27
2,-26,-14,-31,4,-30,-5,-2,3,-8,-2,-27
-2,2,-12,-4,5,-12,-10,-4,-4,3,-14,-30
-1,-13,6,-29,6,-1,6,4,-18,-30,-6,-3
-3,-7,7,-14,-18,-23,3,-30,-18,-11,-1,-16
4,-4,-7,-5,-2,-11,-5,6,2,-11,6,-12
5,-2,-16,-16,-6,-16,-7,-9,6,-6,-5,-19
6,6,-15,-12,7,0,-6,-17,5,-27,-3,4
4,6,-18,-25,-15,2,-5,-17,-8,-13,2,-18
4,5,7,-20,-5,1,7,7,3,-16,-19,-16
3,2,5,11,-15,7,-4,-4,5,7,-3,-20
7,10,1,-14,5,7,-4,-10,-8,-21,-9,8
-4,5,7,-1,-18,-12,7,7,-18,-14,-11,-12
5,-14,-10,10,4,11,-12,0,-16,7,-1,-16
-16,1,4,6,-10,-4,-8,-4,-5,11,-18,10
-15,-3,-15,-20,5,8,7,-19,2,13,-2,-18
-4,-11,-11,-8,-18,15,1,-7,-7,2,-15,-1
-16,17,-11,-13,-15,2,-18,9,-8,12,-17,-3
7,0,7,3,-1,-15,5,3,-3,-5,-10,-8
-16,2,1,-10,4,18,2,-4,6,-4,-10,9
-11,8,-5,15,-16,0,-12,-9,7,-9,-10,-9
5,-13,-16,-12,2,-12,-8,1,-12,-10,3,9
-3,15,5,2,-19,19,3,19,4,1,2,10
-1,-3,-6,17,-5,13,0,2,-5,-6,-5,11
-18,13,-3,12,-14,-5,-5,-11,7,-7,-8,20
-4,9,-13,24,-19,25,-19,11,4,-2,-12,14
-17,-9,5,-8,-15,5,-16,-7,-7,16,0,24
3,27,-5,14,-14,-5,-19,25,4,17,-17,20
-6,-6,-15,2,-16,16,-19,22,-12,3,-13,18
-2,15,-13,4,-16,11,-15,4,3,11,-18,8
-13,-3,-4,24,0,30,-15,20,6,23,-16,0
-1,27,-6,12,-16,23,4,6,-1,12,-16,28
-18,-2,-19,2,-12,17,-19,29,-13,28,7,19
1,26,-2,22,-9,9,5,22,-14,20,1,25
2,14,-1,8,0,1,-6,7,7,13,-13,26
2,9,-12,18,-6,3,-13,5,-5,7,-10,3
-7,-33,0,-24,7,-7,-10,-4,-14,-8,-9,-21
-12,-34,-4,-25,-6,-3,4,-6,-17,-30,-5,-18
0,-34,2,-15,-7,-23,-9,-31,-12,1,-9,-15
1,-25,4,-3,0,-30,-5,-18,-9,-29,3,-4
-18,-7,8,4,-5,1,-7,-24,2,-22,6,-3
1,-1,8,-27,5,0,1,-16,7,-1,-10,-28
7,1,3,-10,-6,-10,2,2,-4,-29,-7,-1
6,1,6,-17,-13,-27,-17,-8,8,-17,-13,2
4,5,-18,3,-18,-25,-6,7,-5,-2,2,-23
8,4,-14,-20,-4,2,6,-1,6,-18,7,-16
5,8,5,-22,1,4,-10,-10,-17,-13,8,-22
5,5,-18,-4,-4,-15,-16,-6,-9,-2,-2,-21
7,2,-10,11,2,-12,5,3,-7,4,-17,-16
-3,1,-3,-10,-3,9,3,6,-9,10,-15,-2
-1,-22,-12,14,-2,-4,-6,3,-6,6,-18,-11
6,-5,-8,11,0,6,-4,-16,-8,4,3,-9
-2,-13,2,-12,-8,6,-11,-9,0,8,-17,-15
-10,0,-18,17,8,0,5,-14,-7,-3,-11,11
-16,-4,7,15,-12,-16,-8,4,-6,9,-18,4
-4,-17,-3,19,-18,-13,7,3,-11,6,4,13
-18,11,-13,-8,-1,12,-14,5,-15,0,-11,9
-17,12,-6,-13,7,5,-1,-14,-15,-13,-10,-3
3,-4,-3,17,7,2,-9,-3,-2,4,-4,-14
-2,14,4,4,-18,10,-4,10,4,18,-8,14
-2,14,3,-7,-15,0,3,16,-16,-6,-15,3
6,-5,0,-1,1,14,-8,23,-13,-10,4,-10
5,-10,-1,21,-8,8,-2,-6,6,23,-12,12
0,-5,-2,-6,-2,20,-10,-2,-7,12,-13,7
-2,-7,-11,27,-16,18,1,-2,3,13,-18,0
5,13,-4,5,-13,27,0,-3,-9,12,-1,-3
6,18,-4,9,-12,9,0,11,-13,23,-18,-6
-1,20,-14,8,-18,1,-3,4,7,1,6,2
4,12,8,23,-15,-4,-10,4,6,3,7,-3
7,13,-18,4,-10,13,-12,17,-4,16,7,2
8,11,-18,31,-2,29,-8,30,1,2,1,9
2,14,6,34,-5,6,4,14,-6,10,-13,23
6,2,4,31,-12,11,-2,21,-1,24,-14,6
-2,-3,-15,0,8,-18,-11,-7,-4,-5,-9,-10
-2,-15,0,-5,7,-27,0,-1,2,-30,-8,-21
-14,-10,-9,-9,-12,-8,4,-1,-13,-12,-12,-5
-14,-2,-13,-32,-1,1,8,-29,7,-20,1,-17
-11,-32,-2,-32,2,-28,8,-19,2,-1,-9,-16
-3,-5,3,-10,4,0,9,4,-6,-12,-1,-8
8,0,-14,-25,7,-6,-5,-18,-1,-8,-12,2
-2,-4,5,-1,-5,-15,-17,-1,-8,-22,6,-14
7,3,-14,-19,-7,-5,6,-2,0,7,-14,3
5,-1,-17,-14,4,-27,-9,9,-14,1,-3,-11
7,-12,1,1,-17,-25,-16,-4,-12,-19,-17,-17
5,9,2,-1,-11,-2,-14,5,5,-6,-5,-20
4,7,-16,-19,8,1,-5,2,-8,12,-3,-18
0,1,-9,7,-8,5,5,10,-5,0,-9,-18
1,-6,-5,11,7,5,3,-12,6,-9,-14,14
6,-8,-16,-20,9,-4,0,-13,-2,8,-13,10
6,2,-6,3,-1,-15,-9,-9,4,-20,-10,12
-13,10,8,7,-17,-17,-8,-5,4,7,-4,-10
-8,13,6,4,-9,-1,6,-9,-8,-18,-4,14
8,-14,5,-10,-16,-10,7,-4,1,1,-4,-2
2,-6,-7,0,-7,15,-7,-16,0,13,2,20
6,2,4,8,-15,-15,2,-8,1,-15,9,15
4,18,-15,12,1,-4,-11,12,-11,-5,-9,4
4,15,3,10,-12,-8,-15,22,-12,6,-3,-6
6,16,-1,22,-14,-7,-6,15,1,14,8,8
0,-1,-7,22,7,-2,-5,20,-16,16,6,-7
4,10,-6,24,-10,21,8,8,8,22,7,1
2,0,-6,6,8,3,-16,22,6,9,-6,0
0,-5,-7,4,2,-8,-4,23,8,-8,-9,24
1,-5,-6,7,2,17,-5,16,6,19,7,2
-5,24,9,24,-14,-4,-17,16,-14,6,6,20
2,-2,-7,4,7,-2,4,31,-3,6,7,14
-3,24,7,0,-12,32,-11,24,-17,29,-1,20
4,0,-11,4,-11,26,8,4,-9,25,-5,4
2,0,4,0,-13,29,4,16,3,18,-15,5
5,31,9,2,-2,34,-14,20,-7,23,-16,5
9,15,-4,11,0,17,-8,15,-6,35,7,6
-6,-22,1,-18,-12,-28,7,-35,10,-27,-11,-23
-9,-4,-12,-31,0,-19,1,-4,1,-27,4,-4
-15,-2,-5,-24,-9,-17,-14,-16,-14,2,-2,-10
0,-21,-11,-1,-14,-4,-14,-6,6,-29,-14,3
-13,-6,4,-16,-13,1,9,1,6,-32,3,-31
-4,-5,5,-10,-14,-24,-15,-30,-8,-14,5,-23
10,-3,-15,-11,-5,-24,7,3,-5,-18,-4,-12
4,-20,5,-25,1,-11,-11,-10,0,-20,-5,-12
10,-2,-13,-25,-10,-6,-13,-20,-1,-3,1,-18
5,3,-2,-14,-5,3,-8,-10,3,9,-13,-5
5,-24,6,-18,7,2,4,-13,4,-4,10,-14
8,7,-7,-19,4,5,7,5,-10,-18,-13,2
7,3,-14,8,3,-5,-3,-15,-3,-11,4,1
-15,-8,9,-1,-5,-8,5,7,-13,-18,-3,-22
9,-15,-14,-13,6,-14,-11,5,-4,8,-7,4
7,3,8,2,-16,-4,6,-13,6,1,0,7
1,-3,-9,-16,6,4,2,-2,-1,-20,9,-13
8,-1,6,3,-15,16,8,17,-9,-6,-9,-9
7,1,1,-16,-2,6,-1,1,0,11,0,-1
1,-8,9,-10,1,13,4,8,-1,9,-5,-7
1,7,9,-10,1,17,2,14,8,-6,8,-4
2,0,-3,0,0,-1,3,-4,-15,-7,7,-2
6,6,-4,12,4,-7,-7,3,5,-2,9,15
7,2,-12,7,-4,-5,1,-13,-1,11,6,-11
7,-1,-2,-6,-6,22,-1,-12,9,14,-6,-5
9,-11,-3,2,-5,8,7,-5,-5,-7,-7,-7
8,-3,-11,9,-10,-7,7,8,8,10,-1,-9
-3,19,7,24,-3,5,8,9,-12,-7,-13,0
-15,8,-6,27,-3,8,10,-6,-15,20,10,26
6,-4,3,19,-12,3,-13,-2,10,9,-10,28
8,-2,0,16,2,15,-4,23,6,27,1,10
-13,23,-2,-1,1,2,1,20,-16,-3,6,31
7,2,-11,-2,-10,12,-14,25,-1,30,3,15
7,2,6,20,-6,13,8,7,-5,14,-3,18
-10,24,8,5,-9,10,-4,15,-1,21,10,5
7,17,-3,21,-13,12,-11,31,-12,18,-7,16
0,2,10,26,-11,16,-2,19,5,8,-10,5
-7,-32,-8,-33,-13,-32,1,-21,7,-25,-11,-6
-5,-9,7,1,2,-29,-11,-6,7,-3,3,-1
5,-15,-14,-2,-6,-14,5,-5,11,-26,-5,-5
-6,-17,3,-16,-5,-6,-10,1,4,-33,-14,-20
-12,-7,-7,-8,9,1,-8,-19,1,-18,3,-12
-1,-2,-9,-4,-6,-2,-4,-21,-11,-4,-9,-2
11,0,-14,-2,9,-8,-2,-14,-12,-21,-5,6
7,-19,2,-1,7,7,-8,7,2,-22,4,-24
11,1,6,1,-13,7,-4,-12,0,-8,1,-19
10,2,0,-3,5,-17,-3,5,10,-22,6,-16
6,8,1,-26,10,-21,10,5,1,10,6,-22
6,4,10,3,-3,-22,9,-4,-15,-9,11,10
5,6,-10,-14,-10,8,10,-22,2,-23,-13,-5
-2,3,-3,6,-14,-17,0,10,-1,-18,3,-10
2,-7,1,-3,-8,-18,-8,-13,2,-17,4,-20
2,-17,-5,-17,-4,4,7,-15,-2,3,6,10
1,-14,4,-17,-15,-4,-11,2,6,15,3,-18
-15,12,-13,0,7,-13,-15,7,-10,1,-13,-18
10,-12,-1,11,-6,12,5,-18,-10,14,5,-11
4,6,11,11,5,-11,10,-16,0,11,4,-4
-11,-15,-1,-8,7,2,-4,-14,-13,1,-12,7
3,-2,-15,2,-7,16,-15,-9,4,-3,0,0
3,-13,-13,17,-4,7,11,0,-2,8,-15,18
5,3,-1,11,-12,-5,-3,5,6,3,7,7
-13,23,7,17,3,19,-6,-12,5,9,-10,23
0,-10,-5,-4,6,15,-4,13,-5,5,11,22
-11,17,7,2,-13,-7,-13,15,-1,3,-14,1
-13,12,-12,21,8,15,-11,-4,-6,-3,-8,18
11,6,-11,27,8,-1,10,16,-10,15,-8,21
-2,22,-9,17,-5,0,-1,0,-4,25,-5,28
-6,8,0,0,7,7,-15,30,-2,12,-15,28
2,21,-8,5,7,-1,3,29,-14,18,6,13
0,-4,0,30,7,3,3,20,-13,-3,-8,3
-2,20,7,-3,6,24,4,30,10,5,-13,5
3,26,-5,22,5,22,-6,6,5,22,4,29
11,15,-14,3,8,24,-15,7,-15,34,2,32
5,32,-3,14,-10,14,-13,20,8,31,-15,26
-5,-32,-14,-28,12,-16,-10,-28,7,-19,-1,-11
-7,-11,-5,-31,-12,-25,6,-1,5,-25,-1,-25
-4,-5,-10,-3,-9,-4,-13,-25,-13,-18,-9,0
-7,-30,2,-25,-6,-11,-9,-26,-11,-1,-7,-5
-6,-27,-14,-6,-7,-26,-9,-17,4,-30,-5,-16
8,-22,8,3,-6,-1,-14,-16,2,-14,7,3
12,3,-7,4,-7,-14,8,6,2,-25,-10,-9
6,-28,11,6,-9,-9,-9,-11,-9,-16,4,-17
8,3,-10,2,-7,-17,-1,-26,10,-17,3,1
8,2,9,2,-10,-1,12,-7,0,-27,-5,-9
11,-24,7,-26,3,-10,-5,-22,-13,4,9,4
8,5,9,-9,0,-20,8,-16,-13,-3,2,-13
11,3,-8,-16,-4,4,10,10,10,6,-10,-5
0,4,5,2,-3,-9,-9,-2,11,-10,-14,-4
-12,5,7,-8,-11,0,4,4,-14,7,-13,-6
-5,8,-10,8,-1,9,-7,-11,-8,9,-12,-12
-8,2,-11,3,-6,-20,-13,16,-9,-16,8,-16
-3,13,6,-12,-10,2,5,12,-4,8,12,13
-6,-7,5,3,0,-4,4,17,-14,7,-14,5
-13,-17,10,12,4,16,-13,3,5,18,-6,14
1,-7,-13,-10,11,-8,7,-16,6,11,-7,4
-7,-6,4,-1,-4,9,-9,-6,9,13,6,-11
9,-5,11,22,-4,1,-1,6,-2,-11,5,-2
8,-12,-11,2,-9,-2,-14,-13,2,-5,9,16
3,10,5,3,-14,22,11,-3,1,5,-5,1
-9,2,-4,-3,-6,0,-11,25,-5,20,-3,7
-11,1,2,3,1,4,-11,0,-5,-5,-3,12
12,16,-5,22,-7,-9,-3,-2,-6,-5,9,19
10,-8,-2,28,-5,-7,8,-6,-2,28,-11,6
3,-6,10,26,-7,21,2,21,-6,-7,12,-1
5,6,4,28,-7,26,12,5,-11,-5,-9,19
12,5,-12,25,3,17,3,-3,-1,5,6,11
6,18,-12,12,6,1,-5,-2,-6,10,11,10
-3,24,-13,24,-10,27,-13,4,10,11,1,4
4,15,-9,-2,11,0,7,1,-13,34,8,26
9,1,-3,34,0,3,0,0,-8,11,11,-1
9,14,-11,7,-4,6,-2,6,-3,20,-7,18
1,-23,-8,-3,0,-19,-9,-30,-4,-8,-7,-26
2,-30,-5,-3,-11,-34,10,-12,-4,-1,7,-6
-6,-11,-3,0,9,-5,-13,-25,10,-5,-6,-17
-6,-5,-8,-5,1,-25,-9,-22,-2,-4,-9,-17
-2,-11,10,-25,-10,2,3,-23,0,-15,9,2
4,-19,-5,-9,6,-22,5,-31,-7,-11,7,-7
-8,-2,7,3,-6,-23,-6,-22,-9,-18,9,-9
-8,-2,10,3,-4,-15,7,-21,10,-6,8,3
7,3,4,-22,-9,6,-5,-26,-3,-2,-13,-23
3,-2,13,-15,4,-19,-4,6,-6,-10,13,-7
-8,3,-4,-5,-1,-9,-8,-26,-11,0,-7,4
11,4,-3,2,-7,6,-4,10,-1,-16,-9,-25
11,9,-12,12,2,-19,13,-17,-9,-8,2,1
6,-8,9,-9,-3,-19,-6,0,1,11,11,2
-4,-1,-12,-8,-1,0,4,-9,-10,-4,-3,8
6,0,12,-17,9,4,7,15,5,-13,-12,3
-7,-6,8,-9,0,11,10,0,-9,4,7,-1
-5,-2,-7,-4,9,15,5,0,-1,1,5,4
-8,-9,-2,12,-11,7,-7,-3,-6,-9,-6,-18
8,-6,-1,11,-2,-16,5,6,4,5,-9,16
7,-2,-4,-3,4,4,-12,3,-11,7,-8,5
3,2,-7,-12,-5,8,10,2,-10,19,0,8
-5,2,3,6,9,9,-9,18,-11,6,6,7
11,10,8,14,10,22,-13,11,-11,-1,8,8
6,-5,-5,21,-7,20,3,-12,-4,15,1,23
-6,3,-5,9,-4,-8,6,24,2,3,-2,14
-1,12,-1,3,12,-6,1,-7,2,21,-5,-2
9,8,12,8,3,2,3,-6,-3,-8,-3,-7
10,0,-11,-6,2,12,-4,5,6,20,0,-8
6,-6,-11,-7,-7,13,-10,5,5,14,-8,16
6,28,2,4,-6,-4,8,0,13,1,12,27
4,0,-10,-1,-7,16,7,17,-11,23,8,10
-7,12,8,13,4,17,8,7,-7,-4,-1,13
-6,3,-9,-1,-7,30,-10,-2,12,30,9,32
10,-1,10,32,-7,10,-3,31,-5,6,7,33
12,12,8,34,7,14,-3,3,7,14,-10,5
11,10,-7,11,13,31,6,2,-1,18,0,2
-1,-27,-11,-3,1,0,5,-31,-5,-16,-7,-28
0,-26,2,-30,-8,-2,-7,-23,14,-17,10,-18
-1,-26,6,-18,-1,-12,-10,-1,11,-7,7,-19
-4,-6,6,-33,6,-28,4,-16,9,-4,5,-12
-12,2,-4,-23,2,-32,7,0,-1,-5,-7,-6
-11,5,-10,-11,-11,-15,12,-26,6,-6,-6,-8
8,-10,5,-5,8,-11,-2,-14,8,-12,9,-5
-1,-28,6,-25,14,-8,12,-20,-2,-8,8,-15
12,-23,11,8,8,7,-6,-15,-10,1,5,8
-10,2,6,-9,5,8,4,-16,5,-15,-10,-11
-3,-2,7,-6,-10,1,7,-13,7,-19,-7,-25
11,-18,-4,-25,7,-11,-5,6,6,-14,-11,11
11,1,-6,-23,3,7,-8,6,-8,-16,-11,3
0,2,5,4,-8,-8,12,0,-10,11,7,-17
6,7,4,-17,12,1,-8,-22,5,-2,12,-22
-12,7,7,7,-11,-18,8,-15,10,-7,-8,1
-10,11,6,-13,-7,-1,-3,4,6,11,3,0
-8,15,14,14,6,-13,4,-5,6,0,0,3
-7,-18,-6,15,5,9,-6,-14,-6,8,7,10
-8,16,6,5,-7,7,7,1,14,2,-8,-7
-3,-14,13,8,11,-16,4,20,-6,12,-6,15
12,20,14,-5,-3,-13,-11,-1,-8,-15,3,-5
2,5,3,21,-2,5,13,-8,-11,21,10,15
8,-5,3,-9,4,12,7,4,-2,9,4,7
-12,10,13,13,-3,-7,-12,6,11,-11,0,16
13,6,1,25,-2,6,-2,3,3,0,6,0
-6,-1,-12,15,12,-6,7,16,3,5,-7,8
3,5,1,25,-11,5,5,8,-11,-8,2,20
8,15,-12,-7,-12,-3,3,3,-8,13,10,17
-11,21,-3,9,4,2,3,-2,-5,20,-6,-4
-7,9,6,25,-4,9,7,15,2,4,-10,-4
3,13,1,14,10,9,3,1,6,10,-1,19
14,18,14,19,4,15,-12,10,12,19,-11,13
-6,5,3,13,9,33,10,21,-11,18,-2,16
12,23,13,16,14,12,-1,11,-5,22,-3,29
12,10,0,17,-1,8,-1,11,-5,34,6,3
12,9,2,18,12,34,1,13,-11,33,-7,5
-1,-8,-9,-13,-10,-23,0,-36,11,-2,11,-12
-4,-13,2,-8,9,-9,-4,-33,-10,-3,-4,-2
15,-13,15,-9,8,-27,6,-22,-8,1,-7,-8
-9,3,14,-17,2,-33,10,-14,1,-16,2,-5
3,-11,1,-28,9,-14,6,-11,-10,-28,6,-4
4,-29,-11,4,7,-8,11,4,12,-28,15,5
3,-29,14,-15,6,-17,-8,-1,-9,1,-1,-16
-4,-14,-9,-26,-7,-26,14,-17,-10,-5,-7,-14
-7,-28,-6,-24,-1,-27,-7,-12,7,8,11,-13
-6,-26,2,-10,11,-8,7,6,9,6,-2,-4
-11,-25,7,2,5,-16,-9,-10,-3,6,2,-18
6,-18,-1,-11,1,3,12,-25,-11,-18,-11,-7
-11,-3,1,-14,11,-19,13,-24,-6,0,-10,4
5,-7,-8,4,5,-15,5,-15,-3,7,-11,-20
4,8,-11,12,6,-18,8,2,7,-12,-3,7
14,15,6,-13,4,-2,-2,-2,-4,11,5,-18
-1,4,-5,12,1,11,15,-14,-3,3,3,-3
11,-7,-1,17,5,8,6,1,10,4,-9,13
-7,17,2,13,-11,-4,-11,-8,4,14,-9,-5
12,6,14,-16,5,-16,15,2,-8,-3,4,-11
-8,17,-9,-11,8,1,-9,14,-2,-8,7,11
-5,13,6,2,-8,21,-8,0,-1,2,-7,10
10,21,0,4,-10,6,-1,3,-9,21,8,15
15,10,9,-2,-2,0,6,11,-9,-11,6,-5
-5,18,6,4,2,10,-5,21,11,15,0,22
12,-7,10,-5,-7,13,-9,-11,14,9,1,13
0,9,-2,9,7,12,-1,16,10,22,-5,7
-8,18,14,3,12,7,10,26,-6,7,4,10
-5,9,8,6,13,2,-8,19,9,28,-5,20
11,-2,8,10,15,4,-10,26,5,-7,8,17
5,4,-5,24,-11,12,7,22,4,7,9,24
-3,13,-2,30,5,2,7,27,5,18,-5,13
6,15,-5,25,1,25,-7,30,10,32,6,21
14,32,14,11,8,18,6,13,-1,11,10,14
15,-2,-11,12,12,30,11,10,4,8,-3,11
10,15,9,14,14,33,13,29,12,11,3,19
13,13,-8,24,-5,6,8,19,12,16,10,1
-1,-10,-3,-15,8,-25,-8,-30,6,-3,7,-2
-10,-15,16,-1,3,-14,16,-7,1,-2,3,-23
11,-21,12,-24,-3,-31,-8,-24,16,-23,8,-8
-4,-26,4,-5,3,-10,-8,-5,-6,-3,-10,-6
-8,-19,-9,-9,-9,-17,-4,-20,3,-4,-6,-19
-1,-16,8,-29,-4,-30,-3,-27,11,-1,-5,-24
7,3,14,-25,10,2,7,-23,5,-25,-5,-11
6,-11,10,-5,1,-11,-1,-7,3,-4,4,-8
16,-10,-6,-10,11,6,-3,0,-3,-2,-4,-27
11,-22,14,-2,5,-15,2,-11,4,-11,-4,-23
-10,-19,14,-6,3,-2,-10,4,15,-25,13,-19
-5,-4,15,-15,-10,-25,4,-21,4,6,13,-13
-9,-14,14,7,-6,-7,3,-17,11,-13,3,-18
-1,-14,11,3,-2,-2,-3,10,-3,-20,14,-8
-4,10,4,-19,1,-19,16,-5,-10,9,2,12
-6,-3,-9,-14,5,4,-6,12,12,0,-9,-2
15,-9,-7,1,9,-7,-3,7,-1,2,9,5
-10,10,7,4,10,9,-7,12,9,4,16,-19
-8,-14,-4,-2,2,-9,1,-7,-9,-11,-5,-6
-3,-1,7,18,8,15,8,-2,-7,8,-4,-11
12,7,5,5,-6,11,-7,-7,-8,-12,13,19
2,16,-9,15,16,-6,6,-5,7,-12,-9,11
16,-2,0,3,-1,17,-10,-3,2,15,16,7
4,17,-8,16,-3,-4,12,-13,10,-2,13,23
15,-3,-5,24,-6,23,0,6,-6,14,1,-7
15,1,-10,-1,9,-3,2,17,-5,16,9,-11
-1,3,-6,0,16,-10,15,0,4,-7,-3,21
9,-5,-7,19,6,26,-3,-6,-8,18,3,21
7,24,2,9,4,-5,-4,13,-2,3,10,7
-1,15,-1,18,12,8,5,8,11,13,-8,-3
-10,11,11,13,-1,17,3,12,0,13,10,-3
-8,3,11,27,0,31,14,6,10,-5,6,29
9,29,8,25,-2,16,-7,10,15,15,4,-3
-7,4,9,28,-3,16,16,18,0,-3,-3,19
14,19,-5,29,6,-2,6,20,15,15,8,17
1,-1,-10,28,4,8,10,6,5,0,11,9
15,10,-6,12,8,20,0,23,6,2,-3,6
-2,-1,-8,-28,-6,-29,-8,-25,-6,-32,-9,-24
17,-27,-1,-29,-8,-25,5,-6,6,-33,-4,-13
-8,-22,6,-14,14,-17,-3,-26,-5,-9,0,-14
0,-23,6,-15,1,-28,-5,-19,3,-20,15,-16
-4,-22,7,-20,12,-22,13,-16,15,-14,1,1
3,3,2,-27,13,-29,6,-29,13,-25,13,-26
6,-26,6,-29,5,3,5,-4,15,1,1,-15
-5,-18,-3,-20,15,6,17,-7,2,-27,7,-19
-4,-16,9,8,11,-17,-5,-21,14,6,-7,5
-6,-21,7,-9,0,-17,7,-20,3,4,0,0
1,-24,11,2,-4,-22,9,-6,-3,-5,10,-4
-8,-16,2,-5,5,1,3,-14,4,-19,-2,-24
10,11,0,10,14,-12,5,3,16,0,14,-1
16,-3,-4,1,4,-13,13,5,17,5,-6,-4
-6,-14,6,0,12,-8,16,1,1,-13,12,11
-4,-5,1,-19,-2,-8,4,11,0,0,10,-7
-8,5,13,4,6,-16,14,-13,-7,-20,17,-3
-2,11,5,6,1,-9,12,-11,-9,-6,9,10
7,3,14,-13,17,9,2,18,1,-6,-9,17
6,5,11,-15,5,-10,7,8,3,16,-3,-6
-3,-4,-1,-3,-5,-14,15,-9,-9,16,-5,20
0,-10,-4,-10,-7,8,11,11,1,15,-5,14
11,-1,8,1,8,20,8,4,8,0,5,-1
5,23,6,1,-1,1,10,-3,-5,-12,-6,0
10,14,7,18,-8,15,8,-6,9,-7,5,18
-2,-4,8,0,-5,2,6,16,-7,21,-8,-10
-9,-10,-4,8,-4,-10,8,16,13,26,1,-9
10,19,7,1,7,8,2,-5,-8,22,5,5
0,17,14,17,-2,0,-8,-3,-6,15,11,1
2,28,-5,17,-1,6,-3,-6,-4,-7,13,-1
-6,-2,-4,-5,12,13,14,2,0,4,13,21
-4,13,3,2,9,3,-7,16,17,21,8,27
-9,29,0,20,-3,23,9,23,8,15,16,19
-6,12,-7,3,11,22,14,26,1,10,12,16
11,9,13,24,11,18,-3,0,4,10,14,0
11,32,11,29,13,10,2,25,-2,18,1,11
-5,32,16,34,13,22,-2,1,3,12,-5,4
1,0,-6,-1,-2,-29,5,-11,15,-6,-3,-19
-4,-15,18,-6,-1,-11,2,-15,0,-20,-6,-5
11,2,17,-14,17,1,-7,-6,-3,-24,0,-20
4,3,2,-8,3,-29,5,-32,14,-8,9,-9
-1,-3,8,-16,6,-31,2,-22,-4,-27,1,-22
5,2,13,2,17,-16,-6,-24,11,-13,15,-25
-2,-24,-1,-5,4,-18,-6,6,-2,-19,-6,-7
-4,-19,5,3,3,-22,3,-6,10,-16,17,-20
-5,-16,-1,4,-7,-16,13,-11,0,-3,5,-8
11,-27,1,-1,17,-27,-7,-23,2,-4,-6,-27
1,-25,17,6,-2,-12,-2,-23,2,2,-6,-4
11,-3,1,-25,10,-24,-2,5,-3,-11,0,-16
5,7,5,9,7,-7,-1,-8,8,-13,2,-21
10,12,-5,-9,-3,-15,16,5,-5,-6,2,5
11,3,7,-7,5,13,15,-20,8,2,-8,-21
-4,-5,15,10,-8,1,2,-2,0,-11,10,-13
-7,-7,-6,2,-3,-13,11,16,17,-16,3,7
13,0,12,12,11,-18,16,-11,18,-17,10,11
9,16,-3,-1,13,6,2,13,5,9,3,-3
10,-12,-2,2,-5,4,17,12,-8,4,10,8
4,16,9,20,0,-15,-8,7,-2,13,8,-2
-8,-7,-8,13,17,13,13,-10,-5,4,16,13
-3,-7,-5,11,-2,3,17,-11,-5,7,2,-5
18,-7,0,3,0,-11,16,14,4,13,-1,-4
-4,-4,-1,-6,4,12,-2,24,12,13,18,7
2,16,6,5,-5,15,12,8,-8,-1,2,7
18,9,14,6,9,-1,-8,2,8,24,13,12
-7,-5,-4,19,-8,11,0,10,11,23,2,8
1,26,14,25,3,2,-1,-3,18,22,-8,22
4,4,14,-5,9,-6,6,11,12,2,6,4
6,-2,-4,28,7,4,2,15,12,26,-6,23
-5,8,-3,22,-8,31,7,25,12,0,9,22
7,6,12,23,-3,14,18,12,18,21,-4,7
15,33,15,6,12,-1,-5,25,13,12,7,32
-5,17,3,15,3,3,13,14,15,15,0,31
-7,32,5,2,17,29,14,30,4,13,15,0
12,7,1,27,4,21,17,25,4,6,4,33
-2,0,15,-18,14,-24,16,-33,2,-35,0,-32
5,-2,-2,-9,-1,-25,10,-6,-4,-35,18,-16
13,-16,0,-10,5,-18,13,-10,3,-30,16,-15
11,3,4,-26,4,-21,4,-11,-2,-12,7,0
5,3,0,-12,4,-16,19,-3,7,-12,4,-16
6,1,16,-17,17,-30,6,5,10,-29,8,-29
4,3,17,-19,18,-24,-1,-8,2,2,-4,-22
6,5,5,-10,-6,-25,12,-25,1,-3,1,-14
8,-25,2,-13,-6,3,16,-24,-3,6,6,8
11,-13,14,-11,-2,-26,14,0,13,-1,6,4
11,-14,15,-6,11,10,-5,-14,10,0,4,-20
4,0,14,6,2,0,12,-13,18,0,-1,1
-7,12,7,-23,-1,-24,-3,0,18,5,13,-14
14,-5,13,2,4,6,0,-9,-2,-17,17,-22
2,-4,-5,-11,1,-19,2,8,5,-22,18,3
19,15,0,9,5,6,-7,-8,-3,10,11,-16
9,16,-1,-14,13,-17,-5,-19,17,-4,-7,0
3,4,19,-1,9,3,-6,11,14,-16,4,17
-1,0,12,18,7,16,8,0,13,-17,-7,10
14,-17,9,-8,7,19,-2,-7,-1,-11,-5,-6
-7,-10,3,3,14,-7,9,11,0,-4,0,-4
13,11,-6,-4,16,-6,0,0,1,-8,8,-3
14,3,11,19,3,-1,11,-3,10,-10,19,-12
-6,-8,5,-8,-4,17,6,10,4,-8,4,19
6,-8,11,11,-5,4,1,17,12,8,-1,20
5,1,0,0,7,11,18,-11,17,-7,17,13
5,0,6,-3,6,2,11,11,6,-7,6,6
8,3,-1,3,1,19,3,0,6,-1,10,2
3,3,10,-8,13,-7,7,7,14,-7,11,20
6,5,6,-1,5,-6,3,-4,7,19,-6,3
6,5,8,22,12,-3,-2,16,4,4,15,5
2,2,2,-3,-2,22,7,6,11,18,13,27
6,14,17,4,16,7,-1,3,-1,30,-6,17
12,3,12,-1,-2,14,8,22,13,27,6,11
-2,30,-7,28,5,13,18,25,-3,18,1,17
-3,35,18,29,14,19,15,33,4,10,18,5
3,18,13,0,15,31,8,36,18,16,5,11
-6,-18,17,-30,6,-31,13,-35,11,-36,-4,-33
9,-28,3,-34,14,-4,20,-9,17,-3,-4,-14
15,-11,6,-22,14,-34,10,-16,-5,-28,20,-19
13,-28,6,-1,8,-12,19,1,19,-19,5,-22
4,0,6,-9,9,4,6,-10,4,-26,19,-6
1,-19,-3,-20,13,-13,19,-1,16,-28,6,-10
2,-17,14,-18,-5,-2,12,-16,-6,-18,4,-14
10,5,-1,6,17,-11,-3,-11,9,-25,-1,-29
-4,-13,3,-23,13,-16,9,-21,14,-11,15,-15
-5,-21,7,-26,18,-21,4,-14,11,-2,0,-27
0,-16,11,-4,-2,-3,8,-13,0,7,11,-8
0,-20,10,1,-2,-18,18,-8,-6,-5,-3,9
15,-17,5,-18,6,-17,-6,-5,7,-23,-4,-14
5,-5,3,-6,7,11,-1,0,-3,-1,4,-12
0,-7,5,-22,-5,-17,10,7,5,-4,11,-19
-1,-2,-2,0,15,14,6,-14,10,10,14,-20
-4,14,14,-19,11,-20,-5,-12,8,-5,11,-11
15,-7,-6,-3,-3,-1,20,-7,15,-10,16,-1
-6,17,-2,-3,14,9,5,14,19,17,11,8
2,11,18,13,7,8,18,-14,10,15,15,-12
2,14,-1,-4,-5,8,3,2,-6,-11,17,16
11,21,13,19,18,-2,16,10,2,-12,20,-7
9,22,17,-14,2,13,15,-13,18,-9,6,-4
-2,-8,-6,11,4,22,-5,-3,3,-11,15,14
2,23,5,-11,18,20,8,-4,20,-7,0,12
0,14,6,4,-3,5,14,19,20,22,18,-3
6,4,5,18,15,-5,15,21,2,24,17,1
0,15,17,2,-6,4,1,25,17,6,18,-6
8,4,18,19,-5,28,4,21,-6,22,5,20
2,27,8,26,17,6,5,-2,3,-4,0,0
14,19,9,11,1,19,19,29,5,9,8,21
2,28,6,15,-4,7,6,16,0,10,3,24
6,16,19,15,7,-2,11,15,15,6,-3,3
-3,33,17,9,10,12,7,30,14,5,9,14
6,16,18,7,0,33,-1,4,18,0,19,29
2,1,10,26,-1,21,6,33,8,17,18,1
-1,33,3,3,-6,7,-5,0,17,7,19,27
14,-23,10,-27,12,-4,5,-25,2,-35,7,-9
7,-27,-5,-29,-5,-5,4,-8,11,-32,10,-1
7,-17,-2,-26,9,-15,-5,-27,18,-10,-4,0
5,2,20,-2,16,-1,19,-18,19,-27,0,-3
2,0,18,-13,9,-1,5,-4,2,-17,18,-10
5,2,-3,-19,4,-13,3,-3,2,-13,3,-4
3,-8,9,-13,3,-12,-2,-7,0,-4,18,-22
10,-13,9,-27,4,-13,11,-9,-2,4,-1,-2
-1,-14,17,-24,10,-13,5,2,15,-21,13,-11
2,-16,11,8,9,1,11,-21,-1,8,12,-12
2,-16,8,2,13,2,10,-3,-3,-10,20,9
-3,-14,17,-4,18,-4,18,-12,13,8,20,-13
-3,-18,7,-21,14,-9,16,-20,12,8,13,0
6,3,4,13,8,4,12,12,3,-7,5,-19
-2,-8,-1,10,10,-9,21,-14,10,-3,16,8
4,-21,-3,-8,3,-15,3,14,0,14,-5,-14
2,-1,-1,-6,6,13,-2,-13,14,-7,7,3
6,-17,18,4,8,0,21,5,0,6,6,0
8,18,13,-17,-4,-18,12,-15,9,17,0,-14
2,4,5,-16,16,-10,16,6,17,-1,19,13
-2,18,21,0,20,-9,3,-11,14,8,4,16
2,3,20,8,5,-13,18,9,20,21,6,11
14,3,14,-13,-5,1,-4,11,13,-5,20,-1
7,-10,3,10,9,3,0,15,13,-12,-3,-7
5,0,-4,0,21,22,1,-2,-5,11,8,22
9,-8,2,3,2,11,4,15,13,19,-3,16
6,3,21,21,8,-6,17,11,4,8,9,8
5,7,18,-7,-3,-4,13,3,19,18,7,-1
4,27,0,-2,1,17,8,20,8,8,2,28
6,9,3,21,9,10,11,27,21,17,-5,14
6,11,9,1,-3,18,-1,9,1,17,11,19
6,9,-5,27,19,25,0,0,11,10,9,4
9,-2,6,9,1,26,3,21,-3,6,5,17
0,-1,3,12,18,19,12,7,14,19,13,15
5,15,16,23,5,28,17,18,0,28,5,29
-3,6,12,13,-1,18,14,26,-1,22,14,3
6,20,12,1,-5,8,-4,29,10,27,1,36
6,0,19,-6,-2,-15,16,-8,6,-18,15,-28
4,-3,2,-10,18,-19,5,-28,12,-25,19,-18
5,-6,20,0,8,-8,16,-3,6,-3,7,-22
16,-6,4,-6,1,-23,14,-27,15,-12,6,-25
5,-26,8,-26,4,0,2,0,-2,-18,7,-29
10,-21,12,0,5,3,5,-26,8,3,14,4
11,-19,20,-30,-2,-19,-2,-8,-4,-22,-3,2
1,-21,3,-7,13,2,3,-8,6,4,9,-3
16,-16,13,-24,-1,7,0,-19,20,-25,16,-17
1,-16,19,-19,12,6,18,-16,7,-27,16,-27
10,9,-2,-9,11,-17,-3,-23,22,-4,12,-13
-3,-18,-4,2,14,5,6,2,11,-16,12,-18
20,-7,7,-3,1,-12,5,-3,17,-10,16,-22
1,1,8,1,-1,-4,12,-22,1,-6,15,-3
14,5,17,14,0,0,1,11,-1,-14,5,-17
4,-20,0,12,14,-3,15,-16,15,-10,17,-18
0,-14,5,-6,5,2,8,7,15,-1,0,-8
3,-15,-1,3,8,-8,0,7,7,5,-1,6
-4,1,7,6,1,17,8,-10,-2,6,19,15
0,2,12,-16,17,-1,4,-17,19,3,-4,12
1,-2,21,5,13,-13,22,9,14,-9,-1,0
6,7,16,3,5,4,7,3,1,19,6,-15
8,-10,22,18,20,-7,4,17,9,9,13,-8
5,-10,16,13,4,-5,5,23,7,13,2,21
8,3,6,-1,8,24,3,7,8,-8,15,-3
8,2,-1,24,19,-10,11,18,16,-8,-2,23
6,5,5,-3,6,-1,9,12,18,-9,20,12
9,4,-2,15,1,24,19,5,13,24,-3,14
9,8,18,-2,8,25,4,6,22,7,22,-5
5,4,10,25,3,29,12,-2,12,-1,9,12
9,4,9,29,9,-5,22,28,18,24,9,27
9,9,4,-2,13,5,-1,27,1,6,18,14
4,10,12,13,18,24,2,27,-2,-1,4,0
7,20,-1,23,6,11,16,15,2,-2,-1,15
16,34,17,16,-1,22,14,29,17,23,21,2
-1,4,6,30,-4,18,20,15,12,18,19,9
12,5,9,5,19,3,8,14,-1,10,8,15
7,-23,8,-4,1,-25,19,-19,5,0,12,-18
11,-29,20,-14,4,0,14,-5,13,-9,13,-13
10,-29,21,-12,-2,-13,15,-26,4,-26,13,-1
4,1,21,-7,-2,0,17,0,5,-12,12,-7
5,-6,18,-31,-1,-4,14,4,20,4,21,-14
7,3,3,-9,20,-17,4,1,19,4,8,-8
3,4,-2,-1,22,3,10,-9,18,-2,6,-18
1,-25,14,5,3,-20,19,-22,22,-7,22,-13
2,7,1,-2,13,4,11,-14,19,-16,17,5
10,-19,9,-26,-1,3,11,-11,4,-11,19,4
8,-11,11,9,23,4,7,-25,-1,-15,4,9
5,11,14,7,3,-20,9,-16,3,-11,-2,8
2,1,1,-21,16,7,20,-5,12,-18,5,-22
5,8,-3,-3,12,-20,0,-12,3,9,6,7
6,10,18,-9,12,-14,8,3,15,-2,0,4
7,-14,-1,-3,4,-11,17,-1,-3,5,18,-14
7,-11,12,-17,23,-15,3,7,12,10,1,14
21,17,12,-8,22,3,6,4,5,-13,-2,-15
23,-7,4,-5,-1,4,-3,-13,4,12,19,-18
4,-4,18,-7,16,5,-3,-16,17,-5,1,18
13,14,16,-11,-3,10,6,-10,11,-14,-1,-2
10,2,16,-5,15,20,4,11,16,15,22,-7
17,-8,4,-6,5,11,1,-12,11,9,7,8
3,6,6,10,-3,12,-2,3,-2,2,16,10
2,22,14,-2,4,14,1,24,1,-8,7,-7
0,-2,1,11,4,19,20,5,7,9,3,4
5,15,0,24,3,18,16,-1,12,6,9,16
-3,1,11,17,-3,2,13,17,15,18,13,18
13,23,6,0,-3,4,14,7,2,-5,-2,21
10,8,0,25,8,-5,-3,13,15,28,10,15
9,10,1,21,22,20,15,-5,7,26,7,19
11,11,2,16,19,22,2,-4,21,20,18,-5
11,14,21,-1,8,22,1,14,9,15,-1,22
17,2,2,8,-3,25,12,7,-3,14,20,6
1,7,8,29,-3,25,15,23,0,34,-3,11
2,5,-2,20,12,10,0,34,14,14,9,30
-1,9,-1,10,1,18,10,19,5,35,0,3
7,-24,3,-27,16,-29,9,-16,18,-7,11,-23
9,-25,9,-26,18,-27,11,-31,21,-16,9,-31
12,-27,8,-29,13,-8,13,-10,18,-30,21,-34
9,-26,12,-14,24,-29,22,-29,8,-22,-2,3
13,-1,-1,-15,16,-32,19,-19,19,-19,13,-9
-2,-15,14,-27,1,-11,14,-12,7,-19,19,-7
5,-13,13,-7,23,-11,10,-20,8,6,2,-28
7,-21,15,-17,14,-3,1,-25,20,-5,2,-5
12,5,15,5,9,3,11,-11,2,1,23,-11
14,-4,20,8,5,-9,8,-3,1,-16,8,-3
2,-19,7,4,2,-21,20,-4,9,5,-1,-1
8,-22,24,-17,12,10,-1,-19,10,-18,7,8
2,-12,17,-13,2,1,-2,-8,4,-21,18,-3
8,-15,18,-20,21,-4,22,-11,6,-3,3,10
12,-14,16,-9,19,11,7,12,24,9,11,-11
6,-9,21,-6,8,-1,3,14,20,-1,7,-14
-2,-11,6,-10,23,-10,3,-16,17,-12,18,3
10,0,14,2,13,14,5,-19,17,-13,24,12
11,1,14,-3,10,-12,14,5,0,12,15,-18
8,2,6,0,6,-5,2,10,8,-10,12,-13
-1,19,9,-13,1,-7,13,-15,-2,3,12,-4
11,-15,-1,11,23,17,6,9,0,-8,17,17
24,6,18,15,13,2,3,11,3,14,20,0
2,9,5,-4,9,14,3,17,8,-8,11,11
-1,-10,5,-10,12,-10,11,17,11,-3,14,14
14,18,17,19,10,19,8,24,12,17,17,23
5,16,15,19,0,-2,20,13,16,4,3,-8
15,21,10,-1,24,-2,4,25,15,8,13,0
2,17,7,2,-1,11,0,7,19,-1,17,22
12,24,8,16,14,6,22,26,3,1,5,-4
12,5,8,14,0,9,12,28,-1,-6,13,26
-1,3,6,26,0,12,23,16,-1,-2,-1,10
1,6,15,15,14,8,23,4,24,31,17,6
7,27,23,24,22,2,3,-1,5,-3,15,32
19,2,17,27,15,23,2,1,19,16,24,12
12,33,17,34,12,31,6,29,14,15,3,9
9,24,16,19,22,11,1,19,6,24,4,16
10,-8,21,-25,18,-16,22,-21,4,-3,15,-18
5,-22,8,-2,24,-18,8,-34,12,1,22,-8
4,-30,22,-8,8,-19,9,-29,16,0,19,-21
6,-13,9,-18,22,-28,19,-28,-1,-33,20,-13
24,-10,15,-21,10,-9,3,-31,11,-8,19,-20
15,-31,0,-16,4,-22,2,-9,7,-29,10,-1
17,-7,24,-28,17,-18,14,-27,-1,-3,21,2
10,2,13,-6,20,-8,0,-12,23,-3,7,-4
3,-26,18,-9,18,-22,24,-17,12,-28,1,-11
21,-2,25,-6,8,-19,20,-6,22,8,18,-9
25,-17,19,-6,18,1,13,2,4,5,7,4
10,4,19,-8,7,-6,19,10,14,-22,15,-17
7,-4,13,-15,15,0,2,9,5,-22,25,-1
4,-1,1,-15,16,-21,7,-3,5,-19,3,-3
12,-19,3,-11,8,2,9,-14,18,-20,3,-5
15,12,5,0,18,2,22,0,7,-9,7,1
8,3,21,-5,8,-20,10,13,10,-11,12,-15
11,10,19,-14,14,-18,14,1,1,-11,24,17
5,-15,4,4,7,-14,8,14,18,11,25,9
3,4,6,6,7,-7,24,-12,17,15,16,-4
6,11,2,3,6,7,10,-15,16,14,4,-2
5,-11,14,10,25,3,7,-3,18,10,4,-4
10,8,22,3,-1,-5,20,0,12,16,25,-4
14,0,3,-5,14,-13,16,1,-1,21,16,17
3,3,1,3,10,12,17,4,6,9,19,5
12,24,1,10,25,24,3,17,3,4,24,-9
9,0,3,9,2,-7,12,-10,13,4,16,9
12,0,5,-4,-1,24,18,19,16,12,4,11
5,28,13,28,19,26,6,22,2,12,23,8
10,4,6,9,11,-7,-1,20,7,6,0,0
13,9,9,-3,6,9,1,26,24,9,25,20
5,6,6,12,25,-3,18,18,19,14,13,-3
19,0,2,14,25,25,18,4,17,13,19,32
15,29,21,0,24,8,22,9,5,24,6,20
24,17,0,22,5,2,5,-2,8,23,22,32
8,18,11,-1,8,25,15,15,24,2,15,34
25,7,9,22,23,16,18,22,13,9,-1,24
19,-18,21,-14,22,-36,4,-1,18,-12,14,-14
9,-18,11,-13,14,-22,16,-33,4,-32,14,-7
0,-32,17,-29,14,-11,0,1,9,-25,12,-9
10,-32,13,-3,20,3,7,-13,20,2,26,-15
6,-12,17,-25,4,-26,20,-5,8,-23,12,-23
22,-10,0,-20,0,-21,17,2,8,-12,3,-19
1,-13,13,-21,14,0,15,-17,23,-25,25,-9
22,-15,1,-13,18,5,0,2,14,-8,1,-26
22,-6,16,1,3,3,2,-19,7,3,23,3
23,5,0,-9,21,-9,15,4,0,9,9,-25
18,4,6,0,4,2,1,-11,3,-23,24,10
15,-8,18,1,5,0,2,-22,0,-10,25,-3
5,7,9,-2,9,-15,4,-20,20,4,2,1
15,12,21,-15,0,8,2,1,24,5,20,5
11,-18,16,11,25,2,18,7,6,-9,17,-17
3,-18,21,7,23,9,14,1,7,12,0,-4
8,4,10,-10,16,-16,1,-8,21,11,2,-15
1,12,22,8,12,-1,14,14,19,15,12,-7
17,13,0,-9,0,11,7,-1,1,7,20,4
12,6,23,-16,24,-5,3,-4,22,-12,12,-13
1,18,24,-10,12,18,14,14,21,-11,22,-6
13,5,10,13,18,11,5,-1,18,-12,3,9
2,2,25,-5,3,0,6,9,16,16,14,17
17,16,7,-8,20,-4,4,6,1,21,15,8
8,-2,1,-12,1,-10,26,-2,21,22,3,23
2,-6,0,-9,16,19,26,-2,12,11,24,12
13,-8,18,-7,20,3,5,-2,10,-2,8,18
21,13,6,4,5,12,3,15,19,-8,2,11
15,-2,23,27,17,18,5,18,1,9,6,5
10,-3,5,8,17,5,7,0,26,13,20,19
14,-1,25,-1,7,27,7,6,20,25,16,13
14,9,7,26,3,24,21,21,10,29,3,25
16,18,18,21,9,17,0,21,7,2,1,-4
12,18,8,9,1,6,15,9,21,24,12,26
10,18,18,4,12,21,3,23,0,12,9,19
20,16,13,13,23,9,8,5,5,4,17,30
14,32,6,28,17,29,16,13,14,22,8,20
