-15,-2,-23,-27,-6,-4,-4,-18,0,-23,0,-5
-9,-18,-6,-3,-11,0,0,-5,0,0,-24,-16
-22,-34,-16,-4,-19,1,-1,-22,0,2,0,-15
-6,-5,-21,0,0,-4,-3,-5,-23,2,0,-1
-24,-1,-23,-31,-18,-19,-3,-20,-1,-17,-25,-10
-21,3,0,-24,-10,-27,-24,-8,-14,3,-15,-24
-9,-16,0,-26,-22,-9,-22,-18,-21,-22,-24,-13
-25,-8,-25,-15,-6,-16,-23,-5,-20,-29,-1,-2
-19,-26,0,-18,-1,-22,-4,-4,-25,-14,-25,0
-9,9,-5,-17,-12,5,-1,-26,-12,-20,-26,-24
-8,-22,-5,-18,-3,3,-9,10,-22,-3,-26,-1
-23,10,-7,-21,-22,0,-11,-10,-15,-20,-17,-17
-12,8,-23,7,-17,-7,-2,4,-4,-16,-2,7
-9,6,-15,-23,-17,-21,-4,-1,-10,-10,-19,-21
-24,-12,-23,-12,-19,-12,-5,3,-10,-21,-21,-19
-22,-13,-25,-12,0,4,-5,3,-25,9,0,-12
-23,-10,0,-8,-7,-9,-5,2,-14,13,-22,10
-14,4,-1,-19,-20,15,-23,-2,-24,1,-2,-16
-23,-7,-7,-1,-26,18,-24,-5,-2,6,0,11
-18,-7,-6,-2,-7,0,-24,-10,-2,-5,-1,-9
-14,11,0,-15,-22,-16,-24,-15,-2,-8,-2,-15
-5,17,-5,19,-7,6,-1,-5,-3,7,-2,11
0,20,-15,-9,-25,-5,-5,6,0,16,-3,12
-13,8,0,-13,-7,-5,-1,-4,0,-3,-11,18
-3,24,-3,-9,-23,9,0,19,-16,14,0,-4
-13,11,-18,0,-7,19,-2,1,-7,-3,-3,-6
-21,-7,-3,14,-8,11,0,18,-10,-1,0,0
-19,0,-18,-8,-21,17,-25,-1,0,0,0,19
-22,-2,-6,11,-8,26,-6,26,-12,2,0,-1
-23,-2,-11,29,-7,13,-16,26,-1,6,-25,14
-15,18,-17,29,-1,5,0,-5,-4,14,-15,-1
-8,26,0,3,-19,-2,-8,31,-10,5,-6,30
-9,12,-3,19,-12,-3,-3,20,-13,27,-1,-4
-23,0,-12,5,-25,3,-3,20,0,-2,-3,15
-15,19,0,9,-4,17,-3,20,-1,10,-2,20
-7,-1,-15,19,-23,15,-15,20,-3,16,-19,13
-11,31,-21,5,-1,2,-2,20,-14,19,-23,33
-23,0,-1,-28,-1,-15,-4,-18,-2,-34,-1,-12
-23,-12,-2,-7,-24,-24,-5,-10,-3,-14,-25,-24
-23,-7,-20,-12,-18,-21,-24,-11,-3,-20,-12,-28
-9,-5,-25,-16,-12,-32,-5,-13,-17,-1,-1,-10
-20,-7,-8,-24,-22,1,-3,-7,-22,-13,-9,-11
-12,-31,-21,-22,-7,-8,-15,-2,-25,-29,-19,-2
-14,-27,-1,-16,-5,-18,-23,1,-16,-4,-12,-5
-15,-13,-6,-26,-23,0,-5,-13,-18,-19,-3,-21
-9,-28,-20,3,-1,-6,-15,-4,-5,5,-1,-13
-22,-11,-15,7,-2,-7,-5,-18,0,-21,-15,-20
-13,-12,-15,-2,-23,-26,-20,6,1,0,-17,-3
-25,-25,-23,-15,-9,-6,-21,1,-6,10,-1,-25
-24,5,-7,-24,-9,-1,-3,-3,1,-16,-3,-10
-9,9,-20,2,1,-14,-6,9,-2,3,0,-14
-12,4,-3,14,-19,14,-6,1,-23,-5,-23,-15
-23,-13,-8,-15,-6,-12,-3,-2,-25,-14,-3,-20
-9,-3,-25,4,-20,3,-10,-12,-5,6,-12,-11
-18,-6,-19,16,-17,16,-6,0,1,5,-25,-17
-5,-18,-7,5,-5,8,-6,-10,-4,18,1,-6
-7,11,-2,3,-17,14,-7,14,-2,7,-2,11
-12,8,0,9,-6,2,-7,8,-4,7,-2,6
-19,-1,0,3,-7,4,-7,7,-2,8,-3,8
-11,11,-20,-4,-22,-5,-8,16,-2,-6,-1,-7
-10,13,-22,23,0,14,-4,10,-4,4,0,-1
-3,-11,-23,5,-10,-6,-14,11,-14,2,-4,-6
-22,15,-10,12,-13,14,-3,16,-9,25,-15,9
-17,-8,-21,23,-13,21,-22,-10,-10,26,-6,-3
-6,-5,-16,9,-9,2,-25,-7,-23,12,-2,27
-15,21,-7,13,-14,-4,-3,8,-15,22,1,13
-7,7,-2,4,-21,0,-9,25,-23,-5,-14,17
-4,25,-3,17,-23,4,-4,15,0,16,-2,28
-3,29,-18,28,-11,25,-1,25,-23,-2,-19,17
-20,14,-9,25,-3,6,-13,-1,-1,18,-1,5
-15,16,-20,1,0,17,-13,1,-22,11,0,25
-20,20,-8,23,-11,4,-4,2,-25,7,-20,14
-6,4,-13,12,1,15,-12,6,0,31,0,32
-21,25,-22,30,-20,14,-18,30,-15,28,-2,17
-22,-15,1,-15,-12,-30,-3,-31,-3,-21,-2,-18
-21,-6,-8,-1,2,-33,-8,-19,-2,-12,2,-24
-22,-1,-18,-26,-11,-29,-4,-2,-1,-20,-14,-20
-16,-16,-20,2,-24,-5,-4,-10,-9,-22,0,1
-10,-4,-14,-23,-19,-24,-3,-6,1,-24,-18,-2
-14,-21,-19,-10,-24,-8,-16,-3,-7,-26,0,-23
-4,-28,-11,-1,-5,-15,0,6,-18,-11,-1,0
-24,-8,-10,2,-10,-14,2,-9,-7,-15,-3,-21
2,5,-3,0,0,2,0,-20,-24,-23,-20,-6
-13,4,-1,2,-16,9,-10,-10,-18,-5,-2,-12
1,-8,-10,1,-3,6,-23,-25,-12,-11,-18,-19
-8,2,-4,11,-15,-15,-12,7,-23,8,-13,2
-9,-21,-8,-24,-21,8,-8,-22,-13,-12,-14,7
-8,8,-10,-14,-11,-9,-3,-11,-10,-8,-2,13
-19,-15,-24,-17,-9,6,1,-6,0,7,2,12
-8,-2,-24,-10,-14,-21,1,-17,-9,-21,-4,-17
-19,-15,-20,4,1,-15,-1,-9,-1,9,-8,2
1,15,-6,11,-9,-19,-4,2,-19,-15,0,9
-19,-7,-7,5,-13,11,-4,-1,-2,-1,2,-17
-23,-6,-9,-4,-17,-5,-4,-2,-4,4,-2,-7
-13,10,-9,-4,-16,-5,-4,-3,-4,4,-3,9
-1,18,-5,9,-11,14,-4,-7,-3,9,-3,8
1,21,-12,14,-13,17,-9,-11,-3,5,-1,2
-12,12,2,-4,-6,7,-4,9,-3,5,-6,-4
-16,-1,-13,-2,-2,0,-5,13,-3,1,-3,23
-13,7,-23,7,-24,22,-23,-8,-10,-2,-9,17
-11,-7,-13,6,-8,11,-4,-8,-8,14,-13,5
0,10,-16,0,-17,-2,-16,-2,-1,10,-24,23
-11,25,-20,17,-4,20,-3,-6,-7,-1,-3,21
-12,21,-16,7,2,14,-4,0,-14,-4,-17,0
1,30,-1,13,-11,20,-9,-6,-1,6,-4,16
0,-1,-14,11,-3,0,-18,-2,-13,22,2,-1
2,0,-21,17,-6,23,-7,9,-13,15,-7,8
-3,33,-2,-1,-20,3,-10,19,-18,30,-1,9
-14,0,-7,34,-15,26,-1,2,0,9,-21,4
-7,10,0,1,-1,31,-11,7,-11,15,-4,5
-10,7,-18,32,2,5,0,7,-19,22,-16,17
-9,-12,-10,-30,1,-23,-9,-25,-3,-19,-2,-14
-19,-11,-11,1,1,-8,-4,-11,-3,-23,-2,-16
-16,-7,-12,-13,-1,-12,-1,-19,-9,-28,-15,0
-16,-5,-1,-26,-13,-2,-4,-6,-4,-2,-2,-16
-18,-31,-6,-4,-20,3,-10,-4,-13,-17,-17,-30
-11,1,2,-28,-3,0,-10,-26,3,-15,1,-29
-22,-17,-23,-29,-4,-7,-4,-8,-8,0,2,-4
-14,-29,3,-16,-21,-21,-11,0,2,1,-14,-24
-14,-26,-7,-25,-22,2,-23,-27,-12,5,-16,1
-3,-23,-20,-10,-9,6,-14,-17,-15,-12,-20,2
1,4,-13,-21,-19,-7,-3,10,-18,7,1,-21
-5,2,-9,-12,-4,-3,-22,-15,-21,-9,-3,-8
-23,5,-20,-10,-4,-8,-12,-19,-4,-3,-1,-20
2,10,-3,4,-1,-22,-4,-6,1,7,-23,-9
-21,-13,-23,14,-19,-14,-4,-1,-20,-9,-17,-18
-7,-3,-8,-3,-18,-9,-4,-5,-12,-17,-4,5
-7,0,-11,2,-20,9,-4,-8,-5,-14,-5,-9
-17,-15,-19,4,-21,15,-4,-1,-14,-17,-9,-12
-17,-5,-12,16,3,2,-14,17,-3,7,-2,-2
3,18,0,1,-22,1,1,-12,-14,-16,2,5
-16,-9,1,9,-20,-3,-12,-10,-21,9,-2,-1
-18,-3,-1,7,2,4,-21,14,-1,3,0,6
-6,1,-4,14,-13,0,-23,-2,-12,12,-2,0
-4,19,-21,21,-23,13,3,16,-1,-13,2,-11
-15,1,-19,22,-2,12,-14,22,-3,10,-3,-11
-4,17,-17,-4,-3,11,-15,25,-3,7,-2,2
-2,-10,-9,8,1,-7,3,0,-3,4,1,2
-12,10,-13,6,-2,7,3,-2,-3,6,-2,1
-13,10,-23,8,-18,17,-15,18,-17,13,1,3
-1,28,-14,7,-8,24,-4,-7,-21,28,2,27
-20,6,0,-2,-19,-4,3,0,-15,25,0,7
-19,13,-10,9,-23,7,-15,-4,-1,24,-13,11
-21,12,-5,4,-21,3,-3,0,-23,29,-11,32
-16,-3,-1,8,-10,33,-20,-2,-2,25,-9,6
-16,28,-6,9,-21,29,-7,22,-18,4,-1,25
-21,13,-13,-1,-1,26,-20,5,-13,5,-1,6
-16,4,-10,22,-16,9,-14,12,-18,25,0,1
-17,-8,-11,-10,-8,-22,4,-36,-3,-19,1,-3
-19,-11,-13,-32,-11,-29,-14,-16,-3,-31,-2,-16
-20,-15,-11,1,-22,-16,-3,-21,2,-15,-12,-33
-4,-33,-7,-14,-17,-22,-14,-16,-1,-13,-4,-31
-13,-14,2,-29,-21,-9,-4,-3,-17,-27,1,-30
-19,-31,-14,2,-4,-5,-4,-29,-9,1,-7,-30
-16,-14,-22,3,-20,-13,-3,6,-13,-9,3,-25
-21,-11,-14,-22,-2,-4,-4,-8,2,-4,0,-3
1,3,-10,-14,-8,-2,0,-23,2,-27,-6,-1
-12,-15,-18,-14,-18,-11,-1,9,-1,5,2,-11
-4,10,-13,7,-3,-12,-12,-10,-15,-19,-20,2
3,-22,-10,7,-6,-16,-11,6,-16,7,-21,-7
-15,-23,-9,-3,-7,-23,-4,-4,-20,-23,1,-13
-13,-10,-7,-6,-8,-10,-5,1,-15,3,-10,3
-22,-12,-6,6,-1,-14,-6,-10,4,10,-4,-9
-22,-13,-3,12,-17,-14,-7,10,2,-15,0,-18
-17,-14,-6,-14,-8,-13,-4,10,-20,-7,4,7
-16,-7,-9,15,4,-9,-15,17,-21,13,-7,4
1,17,0,7,-9,-6,-8,13,-3,6,1,7
2,-14,-19,-17,-10,-1,-8,-13,-3,10,-4,-3
-2,-9,-16,8,-5,-3,-16,-3,-2,-11,1,8
-13,14,-1,8,-5,-3,1,5,-19,14,1,-12
-17,2,-9,14,-5,0,-16,-8,-5,7,0,18
-6,3,-7,15,-21,20,-21,-9,-5,-2,-17,14
-3,21,-1,24,-18,-8,-8,0,-4,-7,-2,6
-3,20,4,21,-9,0,-9,-9,-3,8,1,12
0,-10,-2,13,-22,-7,-16,-5,-3,8,-3,26
-12,17,2,3,-20,11,-17,27,-3,5,-2,5
-11,9,-19,20,0,22,-5,4,1,20,-22,14
-5,-7,-18,-1,-13,5,0,29,-11,0,0,5
-2,-5,-2,12,4,20,-17,20,-11,7,0,22
-5,25,1,26,-17,29,-4,4,0,-3,-16,28
2,-3,-22,22,-3,30,-11,29,-20,1,-18,1
-1,27,1,12,-16,2,3,17,-19,27,3,0
0,1,4,34,1,4,3,33,-1,-2,3,34
-6,3,-8,15,-17,1,3,20,-15,33,2,32
-22,25,4,29,-14,10,1,19,3,34,1,8
-18,-3,-11,-25,-18,-26,-9,-24,-2,-23,2,-21
-20,0,-13,-9,-6,-20,-16,-16,-11,-3,1,-10
-16,-7,-21,-20,1,-9,-9,-24,-3,-5,-15,-26
-17,-32,1,-15,0,-20,-9,-31,-3,-7,-11,-27
-3,-2,1,-8,-9,-31,-16,-14,-15,-9,2,-12
-8,-11,-21,-27,-20,-17,-11,3,-20,-10,-11,-26
-10,5,-1,-28,-9,0,3,-12,4,-19,-3,-23
-9,4,-1,1,-16,-14,-2,-25,-9,-13,1,6
-10,2,-13,-22,-2,4,-20,-2,-1,-20,-19,1
-18,-12,-4,0,-10,-4,2,-1,-13,-7,2,0
-2,-18,-13,3,-3,6,4,6,1,-11,-16,-20
-18,11,-9,-15,-7,-17,4,0,-3,-8,3,10
-20,9,-17,-13,-18,-10,-12,-3,-13,6,-17,-21
-16,-4,0,-23,5,-8,-1,-9,-3,-1,-12,1
-15,-11,-4,-12,-4,0,-17,6,3,-22,0,-1
-15,-14,-18,-2,-9,11,-17,-7,-12,-10,1,0
-17,-11,-19,9,-18,-17,-2,13,-7,-1,-4,-16
-1,13,5,-2,5,-18,-2,10,-3,0,-6,-17
-13,4,-14,-11,2,1,-1,15,2,-13,-18,-17
-5,8,-7,4,-15,13,-5,19,-10,0,-21,7
4,-5,0,5,4,8,-4,-14,-16,19,0,17
5,-14,1,5,-21,-5,-4,11,-5,14,-2,-13
1,11,-5,-4,-12,4,-13,21,-8,12,1,2
-1,23,0,19,2,23,-11,6,-3,-2,-17,16
-21,0,-5,10,2,2,4,21,5,6,-4,8
-18,-5,-6,11,5,-11,-2,0,-3,-11,-2,14
-1,23,4,13,-15,-10,-17,3,-11,11,-2,14
-16,-7,-11,26,2,13,-4,-2,-4,16,-1,17
2,-8,5,27,-10,5,-17,-5,-16,26,4,3
-2,20,-14,20,0,18,1,10,1,17,-2,16
-11,16,2,20,1,7,-9,21,-10,30,-3,14
-9,17,-12,16,-2,20,4,19,-8,19,-4,10
2,28,0,16,-18,-4,-2,5,-12,31,2,3
-15,24,-1,17,-10,7,4,12,-18,-1,-2,19
-15,0,-3,-1,-9,-2,-21,34,4,12,-2,12
-12,22,2,6,-5,29,-9,23,-16,-1,4,34
-14,6,-9,11,-19,18,-6,33,-11,8,3,19
-18,-19,-13,-28,-12,-6,-20,-20,-13,-3,-1,-17
-11,-25,-15,-12,-12,-16,-17,0,-3,-26,2,-11
-5,-2,-8,-29,-2,-16,-17,-24,-15,-18,-3,-27
-18,-5,5,-23,-11,2,-18,-18,5,-13,-7,-1
-13,-8,-5,-32,-8,2,1,-15,0,-2,-7,-1
-4,-28,-19,-7,-5,-18,1,-15,1,-2,2,-31
1,-23,-17,-26,-4,-16,1,-15,-16,-2,-14,-27
-14,6,5,4,1,6,-10,6,-15,-12,-13,-14
1,-17,-7,-18,-11,-1,-2,4,-16,8,4,2
-6,-18,-17,7,-3,9,-9,0,-18,5,1,-24
5,-2,-1,9,-1,-26,-6,-11,-6,-3,-9,-10
-7,-23,-14,-4,-8,-18,-4,-12,-2,-4,-2,7
-3,-17,-8,-24,1,12,1,-10,-17,7,-5,-18
-15,-2,-15,-23,-4,-11,-4,-19,-10,8,-7,6
-16,-18,-9,14,-20,-8,-5,-9,-11,12,1,-15
-19,-11,-13,2,2,-6,-19,-12,-14,-1,-2,3
-19,-13,-15,0,-15,-4,-10,2,-5,9,-17,-20
-17,-15,4,9,-19,5,-19,-5,2,3,-4,10
-12,-17,-4,-2,-2,10,-8,17,-7,17,-3,-15
-11,16,-19,9,4,-6,3,-3,-18,2,-18,16
-9,-6,-2,3,4,1,5,7,-18,-4,6,14
1,0,6,4,-15,16,-5,17,-3,20,-10,3
-1,6,-7,22,-20,17,-5,8,-1,12,-16,5
2,1,-13,6,3,-11,-3,15,-20,5,-6,19
-2,-1,1,17,-9,20,-12,9,-18,15,2,10
-9,16,-9,1,-18,5,-17,1,-4,23,-1,1
-17,-9,1,-5,1,9,-17,6,-6,16,2,7
-18,-2,-12,8,-13,9,-12,18,2,7,3,1
-1,22,2,-4,-17,12,0,16,-4,6,6,-3
-12,17,-15,17,-1,26,-3,24,-5,3,-2,18
-5,22,-18,22,-12,11,-17,14,-7,24,0,6
-10,15,3,0,-15,15,-17,23,-7,20,-2,18
-16,8,-16,-1,-11,17,-3,25,2,6,3,2
-10,20,-4,27,6,9,-12,21,-17,14,-1,-3
-11,23,-12,29,-16,26,-13,33,-11,29,0,1
-8,23,0,13,-16,22,-4,32,2,4,0,31
-12,28,-7,23,2,8,-12,0,-12,17,-2,17
-17,-12,-13,-31,-19,-27,-15,-20,-7,-27,2,-12
-10,-19,-19,-6,-5,-24,-15,-13,-9,-31,2,-17
-19,-15,4,-18,4,-8,-15,-7,7,-28,-1,-26
-10,-16,-14,-25,-2,-8,-14,2,-3,2,-13,-6
0,-31,-3,4,4,-20,0,-1,2,-7,-1,-10
3,-2,1,-25,-9,-11,5,-2,-13,-4,-14,-10
-6,-1,-9,-8,-17,-29,3,-17,-17,-24,-17,-24
5,-29,-16,-22,-4,-10,3,0,6,-26,-2,-29
-9,3,-14,-19,5,-13,-8,-17,-9,-4,0,6
1,-24,1,1,5,-27,-10,-13,-16,-20,-7,-12
5,0,6,-21,-6,5,2,3,-2,-14,-11,-21
-11,-25,-4,-19,7,-8,4,6,-5,-3,-14,-6
-19,9,-17,11,-11,2,3,-13,-14,-6,0,-20
3,5,-3,-18,2,-19,-12,5,6,4,-2,6
-12,-12,5,-13,-18,-9,-12,-8,4,12,0,11
-7,5,3,-2,6,15,-13,-5,-16,2,-1,-21
-14,-10,2,-3,6,14,-12,-5,2,2,3,-15
-15,-8,-13,-2,-18,16,-13,17,-6,9,-2,13
-11,17,-18,-11,-5,17,2,-9,-14,-4,-11,-3
6,-9,-18,12,-13,-1,-2,17,-18,0,-3,-16
2,-6,-3,11,-3,10,-12,18,-15,-14,1,-6
6,10,-4,-12,-11,14,-4,2,-8,9,-8,-6
7,15,6,15,-11,10,-10,13,-4,21,-2,-1
-1,9,3,8,-10,7,-18,-8,-11,6,1,-11
-17,3,5,-7,4,-7,-8,3,-15,-6,-16,-5
5,25,4,-3,-1,19,-13,9,-7,25,5,18
-2,-4,-5,-6,0,14,-15,25,-10,0,-2,26
-9,16,6,-3,-7,3,-2,14,-11,-9,1,20
-12,18,3,7,-14,1,-3,11,5,-5,-18,16
-2,25,-19,0,-5,9,-4,29,-18,27,-2,17
-2,22,2,24,-5,-3,-13,4,-10,9,6,7
2,-4,-3,28,-3,0,-6,9,2,11,5,15
-19,23,-6,5,-17,2,-6,17,-3,23,7,19
-4,33,6,12,-5,26,-6,21,-18,28,-12,24
-10,24,6,33,-8,19,2,8,3,4,3,18
-1,11,2,34,6,34,4,29,-16,25,-1,9
-10,20,-18,3,2,34,4,32,-10,20,-3,14
-14,-19,0,-3,-11,-4,-6,-14,-16,-2,5,-22
2,-29,-9,-13,6,-3,-3,-12,-18,-8,-2,-1
-15,-16,-16,2,-14,-10,-3,-23,7,-34,-10,-33
-9,-14,-16,-33,-15,-9,-13,-11,-4,-2,-6,-15
-16,-29,2,-24,-2,-1,-11,-14,-10,1,-1,2
-11,-2,-3,-6,4,-5,-11,0,-1,-29,-5,-12
3,-21,-14,-2,4,5,-18,-10,-9,-2,-3,4
-1,-2,4,-24,-10,-6,-14,-28,3,5,-14,3
-18,-24,-6,1,-8,-12,-10,-8,3,-18,-4,1
6,5,-18,-21,0,-26,-8,0,-5,7,-3,-18
6,-2,-3,9,8,-4,-18,2,2,-24,0,10
7,-5,-1,-8,-8,-19,0,-10,2,4,-12,9
-18,10,-8,-16,6,10,-14,-9,-4,9,-4,11
-13,-3,6,-19,-3,-1,-10,-5,-18,-12,-13,7
-11,-10,-14,10,8,-11,-14,-11,-10,-13,-4,11
-18,-10,-10,14,-1,9,-9,-18,-17,-17,-1,4
-11,-12,3,-2,0,-18,-9,-4,-14,14,-2,-20
-1,15,-7,8,-11,3,-5,-2,-5,-10,6,8
6,5,-18,0,4,18,-8,-9,6,-16,-16,14
-17,-2,-9,11,-1,-1,-5,-14,5,-4,-2,14
-1,-13,-6,8,0,8,-14,-14,-11,0,4,17
-3,18,-4,8,-4,-6,3,-12,-13,-8,-10,-9
-2,-7,-9,-8,-17,8,4,-11,6,-1,-7,8
2,-8,-14,4,-8,-1,0,14,-1,5,-13,9
1,9,4,17,-13,6,-5,21,4,-9,-15,8
-11,14,-12,11,-8,-7,-2,19,-18,-10,-17,6
0,24,1,26,-5,0,-11,16,2,13,-2,18
-8,12,-7,4,-11,8,-15,10,8,3,-2,3
-12,13,-15,15,-10,1,7,11,4,1,-9,-2
-8,21,-3,7,-10,0,-9,10,3,23,-12,2
-14,26,1,-1,6,14,-12,8,6,15,-13,23
4,27,4,29,0,10,5,0,0,-3,-11,13
-9,23,1,30,-2,23,-4,30,-7,12,1,31
-17,-1,-17,24,-5,18,-15,8,1,-3,-1,11
-15,26,-3,-1,-12,33,-5,2,7,-1,-3,16
-1,30,-4,28,-1,9,-9,17,2,18,4,1
-2,29,-4,15,-8,11,5,8,0,7,0,31
-1,-2,-15,-5,6,-19,-8,-8,-2,-30,-3,-19
3,-8,-16,-31,0,-3,5,-35,-8,-3,1,-14
-7,-17,-17,-2,-8,-12,-5,-1,-12,-7,-4,-29
-15,-32,1,-4,-14,-5,-6,-29,-17,-9,-11,-10
7,1,0,0,7,-4,3,-4,-11,-25,-4,2
7,-11,-13,-26,4,-28,-7,-23,7,-21,0,-20
6,-27,-8,-23,3,0,-6,-28,-1,-25,-1,-27
-2,-21,-3,-5,5,0,-12,-24,-13,1,6,3
7,-6,-14,-15,4,-11,-16,-15,3,-15,-2,-6
8,-12,8,-25,8,-4,-11,-18,-3,0,8,4
1,-6,-16,-13,-4,-11,-16,-4,-17,8,-7,-7
-2,-19,-9,7,3,-19,-15,7,-6,-7,5,-14
-14,-10,-14,-4,1,-21,-2,-20,-4,-17,7,-7
1,-22,1,12,-4,-17,-14,-8,-13,-6,-6,2
-5,-1,-8,5,-10,-11,-8,9,-4,-11,4,-13
6,13,-3,9,-7,0,-6,-8,-11,5,-17,-14
-4,7,-15,-12,-1,14,-1,3,7,11,-9,-17
-7,-18,-15,-12,5,-17,-4,15,-15,-5,-10,-14
3,3,-15,-9,4,13,-10,6,1,9,-9,-10
-17,19,4,-6,2,-7,-14,6,1,-2,-14,-12
-10,6,-17,-6,4,17,-12,-13,-9,-2,-2,13
-16,2,-11,5,6,13,1,-5,8,2,-7,11
-15,21,-16,14,-4,21,-4,8,-9,-3,-2,7
0,-11,-2,3,-8,18,4,15,-6,2,9,5
3,3,-4,6,-16,17,2,3,-10,8,8,7
-10,10,-4,16,-13,-8,-4,-2,-8,-4,-5,16
-2,17,-3,2,3,26,-8,20,-13,8,-1,-8
-8,15,-6,-8,-5,1,-5,0,-4,-9,-2,11
1,21,-7,6,2,28,6,26,-9,2,-6,25
-9,14,3,17,-10,29,-10,20,-13,15,5,12
-14,19,-10,24,-11,1,-9,9,-12,18,-1,26
-14,29,9,18,9,26,1,30,3,-4,-4,-3
-16,20,-9,15,-14,27,-10,25,-12,6,4,-3
-13,27,3,9,-12,-3,7,13,-5,11,3,-3
-12,-2,4,12,-4,-2,-10,2,-5,27,-1,11
-10,2,0,13,4,27,-17,29,0,15,-4,25
1,15,8,13,5,33,5,31,-8,36,-4,23
-2,-3,-6,-32,-13,0,-3,-36,-5,-6,-1,-24
-12,-9,4,-35,-11,-16,-16,-8,4,-35,-2,-21
-10,-19,2,-2,8,2,-16,-15,3,-11,4,2
-10,-16,-14,-21,0,-33,10,1,10,-8,5,-33
1,1,3,-6,4,-8,-1,-20,-3,-27,-5,-26
3,-24,-16,-31,10,-8,-1,-17,3,-9,10,-17
-7,-27,-16,-5,-7,-7,4,1,-12,-3,-4,1
-11,2,-7,-14,-16,6,7,-12,-13,7,8,-11
8,-3,-3,-4,-8,5,-6,-17,-1,-27,4,-7
-1,-9,1,-23,-7,-1,-5,-7,-6,-22,-1,-11
0,-4,-8,-3,7,5,9,3,-5,-18,7,5
-2,10,10,-1,2,4,-5,-22,8,-8,-16,10
1,-14,-3,-17,6,-7,-9,-3,8,8,-6,-3
-16,1,-15,-12,-6,-15,6,-9,-4,-10,-16,5
-4,-2,-6,9,1,4,-5,-21,-13,-4,5,14
-10,-3,-11,-14,-5,12,-2,3,7,-12,-2,-9
-5,-15,6,7,-10,-9,-7,-20,4,7,-14,5
4,-9,6,13,7,-9,-8,-14,9,6,-10,-5
-6,-5,-9,7,-1,-7,1,-4,7,13,8,14
-1,0,4,12,7,13,-14,-13,-10,14,-7,-10
-10,12,-14,7,-15,-14,1,-5,7,-16,-10,10
-12,19,-2,-14,-11,-10,2,1,10,-11,-4,6
-15,12,2,10,-14,16,-16,4,-7,5,-9,6
-11,20,-15,3,8,12,7,0,6,13,-13,-9
1,9,-12,19,0,1,-3,17,7,21,-5,-4
-1,-11,10,4,9,21,-6,20,3,-2,9,3
3,-4,-9,26,-1,-1,2,13,8,24,0,-4
-10,16,-6,-7,-10,10,-5,3,2,15,-3,3
-9,11,0,4,-4,16,4,-3,-10,10,3,13
-10,-6,4,-2,10,-4,10,-3,-8,-1,6,27
-4,-2,-15,-6,2,25,6,22,-1,12,-16,28
6,-1,-1,27,-15,0,6,28,-7,7,-3,-4
-5,25,-15,30,-13,1,1,11,-6,-3,3,2
0,3,-2,2,4,-1,-7,10,7,3,-4,9
0,8,2,2,-14,2,2,9,10,9,3,8
-5,15,10,17,-7,13,4,26,-6,18,-12,34
3,26,-14,32,3,4,-7,6,-12,25,-4,20
8,-34,2,-33,6,-15,5,-17,1,-6,-3,-26
-11,-4,-4,-31,7,-14,-12,-17,-8,-32,2,-9
-14,-34,0,-14,0,0,-12,2,2,-4,3,-29
1,0,7,-33,0,-19,11,-10,-7,3,-4,-15
6,-3,-15,-23,9,-8,4,-18,-6,-29,10,-2
-9,2,-8,-26,10,-31,-11,-10,11,-2,7,0
-14,-25,10,2,-15,-26,-4,4,3,3,-1,4
8,-1,11,-26,-14,2,-11,-21,-5,4,-13,7
-5,-14,6,-21,-7,-28,10,-1,1,-22,-8,-20
7,-14,10,0,1,6,11,6,-8,5,5,-7
7,-11,6,-23,-4,-6,3,-9,-10,10,6,4
7,5,-3,-17,-3,-17,-11,-20,-6,8,-2,-22
7,-17,-8,10,-13,-10,5,-24,-9,-14,5,3
0,11,4,-12,-8,1,1,-1,3,-19,-9,-2
3,-16,11,-17,-10,-16,11,3,9,-13,-4,4
-15,-18,-3,-3,-4,-13,10,-7,-9,-20,-2,-7
7,-12,-15,0,-9,-10,-10,10,11,-3,-14,-9
-10,11,6,8,-5,-16,-1,-13,6,2,11,3
-4,-11,9,-18,-9,14,-7,-8,7,13,-3,14
6,9,10,-13,-1,17,-15,4,1,-1,6,9
6,-10,-6,-14,-7,-13,-5,-6,11,-2,-8,-10
-9,21,-14,20,9,1,8,12,-3,9,-3,8
4,-11,-9,17,-2,20,10,20,0,3,-5,-6
8,14,8,14,7,21,10,-10,-14,-6,-11,13
5,1,7,4,4,-6,-6,21,-15,17,2,4
0,-6,4,-4,-12,4,1,16,2,11,-2,10
4,24,1,14,11,-4,0,19,-3,20,-4,10
-6,12,-6,17,2,20,-2,22,0,6,-3,0
-8,10,-1,3,-12,17,-3,-3,-9,9,-5,9
-5,20,10,15,-2,-5,-1,-4,-8,-1,4,-2
-11,16,9,12,-14,1,-9,-2,6,21,-2,16
3,5,9,22,-1,18,1,0,9,15,-15,16
7,2,0,-2,-7,10,-1,19,-3,23,1,20
9,12,7,14,4,24,6,31,-6,-3,0,12
-1,20,11,26,5,-1,0,16,-10,29,-12,17
4,34,-8,27,-15,4,7,8,5,33,-15,14
10,31,3,12,7,31,-10,12,-5,23,-11,2
-13,-32,-3,-5,4,-20,-14,-30,-3,-34,4,-3
4,0,9,0,-8,-20,-2,-1,4,-25,3,-16
-14,-4,-3,-23,11,-18,-1,-33,5,-18,11,-2
-1,-5,-4,-6,-8,-12,-5,-4,-7,-8,3,-2
-7,-15,-7,-19,11,-15,-2,-7,2,-32,3,-15
-14,4,-14,-8,-3,-22,-6,-25,7,2,-7,-27
0,-1,5,1,0,-8,-14,-5,-1,-3,4,-2
-9,0,-11,-21,3,-11,-4,-23,9,-25,12,-23
-2,-10,-7,-26,4,-14,-4,-15,-8,-13,-14,-16
3,-18,-6,-19,0,-3,-1,-14,-3,-2,0,-24
-3,7,-14,5,3,-9,9,10,11,-22,4,-8
11,-21,4,-9,-1,-5,7,7,-4,-14,4,-22
-9,-9,-7,-4,-5,-11,-3,-7,-6,-17,10,-20
-12,2,6,-20,-12,4,10,-23,-8,-9,4,-7
7,5,-11,-19,-5,-21,-1,5,-2,-16,4,8
-14,-4,0,14,9,-14,3,-1,-3,1,-9,2
-1,-12,-14,2,-6,5,-7,-4,1,-13,-3,-3
5,-10,11,-18,-4,10,-3,17,12,-4,9,-10
9,12,1,12,4,4,-5,-11,-14,12,-1,2
-4,-2,2,18,3,-12,2,-9,-9,15,-1,10
-13,16,-3,-8,-1,-12,-5,6,-4,-3,5,-5
0,-14,3,18,0,-13,9,-12,12,12,5,15
7,-12,-6,14,3,20,3,13,6,14,12,11
8,-1,-12,9,1,20,-10,-4,-7,-12,-12,-12
5,12,-3,-10,4,5,1,15,-7,-1,6,-5
-7,24,0,17,-4,8,2,6,-1,8,-1,17
4,-3,3,-3,-14,24,-1,10,-4,6,-13,19
3,-4,0,-7,-6,3,7,21,3,-3,-3,-6
5,21,0,12,4,27,-3,17,0,20,-5,23
-12,-3,-2,2,3,21,-4,8,-10,3,-6,11
-12,24,4,19,11,-5,12,18,-7,7,-6,-2
-3,17,0,-2,7,-5,-2,31,1,17,-6,-5
-6,15,1,27,6,1,4,14,-12,3,-7,7
-6,20,11,23,-10,28,9,4,4,29,1,1
0,3,-9,14,-5,34,10,32,1,19,-5,31
7,32,-9,12,-7,5,-12,21,1,18,-13,31
-3,6,7,26,12,30,0,33,-9,28,-4,23
-10,-5,2,-31,2,-29,-3,-13,11,-8,9,-23
8,-7,0,-35,-13,-3,6,-1,-2,-1,9,-26
-12,-6,-13,-15,-9,-1,0,-4,4,2,1,-13
-12,-21,-12,-31,10,2,2,1,9,-14,1,-23
-11,-32,2,-17,-7,-24,-6,-9,-1,-6,4,-10
-8,-7,12,-14,4,-27,2,-6,-10,2,-11,-7
-9,-27,-6,2,-12,-4,3,-1,-13,2,-2,-26
-8,-25,0,3,-3,-16,-3,-15,0,-16,8,5
0,-3,-2,-25,6,-21,-1,2,5,-15,-7,8
-10,-18,8,-18,0,-24,1,-1,-1,4,-2,-25
-8,-17,13,-24,11,9,4,-17,-5,-4,8,-6
-5,-13,-12,-2,-3,-3,-1,6,-4,2,1,-20
-7,-5,-2,9,6,2,4,-14,-3,-6,-1,-2
-11,3,-4,2,-9,-14,1,9,-8,-12,3,-6
1,5,-7,-9,0,-15,1,7,-13,-1,8,10
1,-17,1,4,9,-18,-7,7,1,-18,-12,-6
-12,-14,-12,11,-1,7,3,-14,-2,0,-1,-12
11,10,6,13,9,-1,10,-1,12,-12,-13,1
12,-4,-11,-7,-4,1,-5,14,-12,-12,-7,-18
3,-9,-12,-12,0,-1,-2,-10,-5,18,2,10
0,16,0,-13,-13,14,-1,-8,1,-15,-3,6
5,-12,0,-13,-5,1,-1,3,9,17,-3,-4
-12,0,-10,4,11,4,11,9,-9,-7,7,16
5,3,9,15,8,-2,-8,10,0,2,0,11
8,1,12,8,0,5,-2,-12,13,9,3,-5
12,11,-6,18,-9,-6,5,-7,-10,13,-2,3
0,5,11,6,0,-1,-12,22,0,12,8,18
-3,15,-6,5,4,24,-7,-1,-2,12,-5,17
5,25,5,10,10,13,4,-5,9,4,1,11
-2,18,6,8,-4,22,-11,21,-12,19,1,9
7,23,12,8,2,-2,6,-1,6,-4,-7,13
9,28,-9,14,-2,9,1,22,4,-4,0,30
4,31,9,26,-10,-2,-8,0,-10,23,6,14
-7,21,7,18,7,8,-5,31,3,20,0,1
-3,6,-7,2,2,19,9,4,-10,13,1,23
-13,1,-5,2,-2,24,11,0,-4,4,12,17
0,4,-4,8,-8,33,1,13,10,20,5,12
-10,-2,1,-1,-1,-29,-6,-34,9,-24,2,-8
-8,-7,4,-10,6,-2,7,-32,-10,-20,-8,-22
-8,-13,-12,-32,13,-13,-11,-4,-10,-10,3,-1
-5,-13,4,-29,11,-18,-7,-33,0,-23,2,-7
-4,-6,0,-30,-4,-4,5,-24,14,2,14,-15
-10,-26,6,-14,13,-16,-2,-31,12,2,7,-2
8,1,12,-19,0,-28,2,-30,-3,-12,6,-29
-8,-24,-1,-23,-6,-4,12,-19,2,-18,8,-24
-7,-20,-4,-28,13,-20,-12,-20,5,-2,1,5
-9,-19,12,-10,-8,5,-12,8,-6,-19,-2,-27
-6,-18,8,-16,9,4,0,-9,6,-1,0,9
1,-2,-1,-7,-5,6,-4,4,2,-13,0,8
-3,4,14,6,-5,-3,-3,0,-11,3,5,6
-12,9,-7,-4,5,-14,-3,3,-8,-22,6,12
-1,1,-7,-19,13,-8,2,13,8,-19,8,-11
11,-14,11,-21,4,-11,-4,9,-6,3,5,-3
-4,10,-5,6,-4,-16,-11,-3,5,-20,13,-10
-6,15,-1,9,0,7,10,-18,-8,-4,-10,1
-5,18,-1,11,-5,-4,5,-12,-2,-6,-1,10
-6,-17,-10,-12,8,18,11,-7,10,18,8,11
-4,0,7,14,-5,-12,13,6,-6,-13,13,8
-1,-11,4,8,6,-9,0,-14,7,19,13,5
0,21,-7,18,-5,16,-9,17,-3,-6,-9,1
7,6,-5,9,-8,-2,7,22,-8,-13,-4,16
2,1,-12,18,3,20,1,4,-5,6,-1,7
12,-3,6,17,13,-8,-6,14,10,19,-11,19
12,21,-10,5,10,-5,4,11,12,-5,-11,13
-5,7,-3,10,0,27,5,7,-5,14,-11,-9
-8,11,2,24,8,1,2,17,1,-2,-1,27
-11,12,12,12,3,11,12,12,1,11,6,27
-4,14,4,13,4,0,6,8,-2,19,-1,15
-10,13,9,-1,5,10,6,8,1,-2,5,5
-11,32,-4,12,-5,25,6,8,6,30,0,15
3,6,-8,4,10,29,10,-1,-1,32,14,10
14,16,11,31,2,3,11,4,4,15,-4,18
7,35,14,15,11,3,-8,3,-9,24,-8,32
10,5,8,22,0,20,-7,14,-5,30,-2,24
-5,-14,-9,-32,-5,-12,-1,-32,10,-33,3,0
-8,-12,-5,-16,8,-7,-10,-2,-2,-19,-7,-24
-10,-7,4,0,4,-7,-5,-2,-3,-21,9,-9
-8,-6,-10,-13,15,-1,-4,-24,-8,-13,3,-11
-6,-6,2,-20,13,-27,-11,-17,3,-15,5,-16
-6,-14,0,-7,15,4,-2,-8,10,-25,0,-8
-7,-28,-10,-15,13,1,-5,-15,4,-16,6,-3
-10,-20,13,-9,-9,6,7,-29,4,2,0,5
-11,-21,15,3,-10,-18,6,-3,6,-4,-1,4
-10,-19,5,-26,-7,8,-10,-9,3,-27,5,9
-11,-17,10,-14,-1,-16,-6,-16,-5,9,4,4
3,1,7,6,-9,1,3,3,3,-21,8,-16
0,-4,0,-10,6,-1,1,-18,-3,3,10,-12
-10,2,2,-4,9,4,-1,-22,-6,-22,-4,-13
6,-18,0,-5,2,11,2,-4,7,-13,-6,-21
-10,-5,-2,-4,3,7,-4,11,4,-1,-11,-2
-1,10,1,14,1,9,-7,-1,12,-10,5,13
12,-14,14,5,14,-15,-4,1,-8,-9,1,10
-3,18,-8,-6,12,-7,6,-14,-2,4,-6,15
-1,-17,4,10,7,-8,-10,19,-9,11,-7,6
-7,-9,2,-1,1,12,6,16,-3,8,-8,11
13,19,-2,21,5,21,-1,2,0,8,4,2
-2,8,11,19,10,-8,-3,-1,-9,-10,-8,9
12,-4,7,-8,3,12,2,23,6,7,13,0
3,-4,-9,-9,1,6,11,-8,5,14,-6,14
5,13,-7,10,-6,-1,-2,14,5,20,2,4
14,-5,-9,11,-8,8,-2,1,-1,0,0,20
3,5,6,20,9,-6,-1,19,6,14,4,-1
9,4,-3,16,-7,9,13,23,14,15,4,5
9,10,10,6,-2,-2,1,13,-4,-5,1,-1
9,19,12,11,4,17,-7,4,-4,25,-2,-4
11,21,-5,-3,7,-1,-4,17,9,27,13,5
11,19,11,27,1,1,-1,-1,9,6,0,27
6,23,2,-2,-8,31,-8,22,7,32,-2,15
15,5,1,19,-11,22,6,31,4,2,-9,13
14,16,9,10,2,18,2,31,12,31,3,23
-1,5,-6,15,-7,29,-9,21,3,29,-2,29
-3,-4,-3,-35,12,-27,0,0,14,-18,9,-8
-8,-29,7,-19,-4,-7,-5,-34,-2,-14,2,-30
5,-4,6,-3,15,-9,-8,-25,13,-9,5,-34
10,-3,-6,-13,4,-23,10,-27,-10,-5,4,-13
-10,-4,5,-24,7,3,9,-22,-4,-19,1,-32
4,5,-2,-6,3,-6,7,4,5,3,-5,-24
16,6,13,6,4,-30,1,5,-6,-25,0,-28
-6,-19,12,-19,11,-2,-5,-14,-1,-12,3,-18
-4,-19,-9,-9,13,-10,7,-27,-1,1,10,-4
-4,-17,0,-6,-10,-2,9,-21,9,-22,-1,-11
-4,-20,5,-17,14,-12,-9,8,16,-19,10,-3
14,10,-1,-16,0,1,5,-23,-2,-9,7,-24
-2,3,0,-14,12,-13,3,-5,-3,-16,5,0
-7,-3,-5,-22,1,-5,-2,-9,8,-9,-4,12
3,8,2,3,5,-12,0,-17,4,3,0,6
11,-16,6,11,6,1,8,-18,16,7,3,-11
0,15,6,-11,10,-13,-7,7,-1,10,-1,-8
1,-11,3,-8,-4,-18,6,-10,3,-7,4,4
15,1,2,12,4,-6,-5,-5,2,-13,-5,17
12,10,5,-7,-9,-16,-7,15,10,-10,-2,10
6,5,4,-16,0,19,-3,-4,-8,-16,-8,-13
-7,-8,-4,8,0,-10,2,0,-2,-10,-9,12
-8,15,-2,-2,2,1,7,-9,6,1,6,-6
6,-8,-2,2,14,-6,-5,20,8,23,-1,10
5,-10,-6,-11,-5,-11,6,19,-8,10,-5,5
-1,4,15,-3,-5,11,8,-4,-6,-8,-4,5
10,14,-5,-8,-7,-9,-9,19,-4,-4,8,19
13,15,7,15,4,11,-1,11,6,24,4,2
10,12,9,4,3,20,8,18,12,17,10,8
12,11,4,19,2,2,12,13,-6,14,-1,10
11,14,15,10,-2,12,14,29,0,29,6,13
16,5,-1,19,-5,19,0,-3,-2,23,14,9
16,7,3,4,6,28,4,32,4,26,1,-3
16,-3,5,21,-9,18,-8,31,-5,20,9,28
8,23,-9,10,1,14,5,26,9,9,0,11
-10,14,-7,5,-5,27,0,6,-9,21,-10,3
8,8,9,8,8,36,0,32,9,29,15,25
16,-35,12,-21,4,-18,7,-2,17,-17,-7,-1
14,-21,0,-30,-1,-13,-3,-1,12,-26,9,-31
-6,-2,-9,-21,0,-30,-2,-34,15,-18,-4,-19
15,-31,-9,2,15,0,5,-17,-8,2,7,-13
-9,-9,7,-24,0,-26,1,-6,3,-12,-7,-1
-6,-12,8,-13,10,-26,-7,-19,1,-22,9,-16
-3,-27,1,-29,11,-30,3,-17,7,-18,0,-19
9,3,3,-26,8,2,16,-22,13,7,11,-16
9,-15,14,-3,-7,-9,1,-8,-8,-18,17,8
-3,-22,5,-5,2,-3,-1,-11,6,-19,-5,-3
3,-7,15,6,14,-10,2,-8,16,-8,1,1
9,-23,2,0,7,-9,3,-6,11,-14,-8,-19
14,-16,15,-23,-6,-18,12,-23,12,-20,-1,7
10,-7,-6,2,6,7,-1,-19,3,-1,-2,9
17,-2,8,-2,-6,-10,3,-1,-6,-1,-7,1
13,10,8,1,-7,-6,7,-20,-9,10,3,13
5,3,-4,15,0,13,15,7,13,-7,5,-14
-2,15,14,11,-7,-8,-7,-9,9,-1,-7,2
17,1,1,-5,-8,-10,1,7,5,-13,13,11
16,15,11,-10,6,7,15,16,3,-9,3,-3
-7,16,0,18,2,12,9,18,16,-14,17,-1
-9,-14,17,18,17,-11,-9,17,14,-4,-2,-15
11,20,15,22,11,-10,4,9,-3,-5,14,15
6,-9,15,-6,14,20,5,-6,12,18,-5,-9
3,-6,15,21,-8,13,17,10,3,6,-3,3
17,21,2,11,-1,9,-1,-2,-4,10,3,-4
6,10,7,16,16,20,17,1,-4,-1,-9,26
7,5,0,20,-9,4,1,21,-3,16,-8,7
15,-2,10,5,17,0,-7,-3,1,6,3,8
3,6,9,19,13,7,17,6,-8,12,3,-6
4,5,-9,15,-7,18,7,8,-8,22,-6,6
2,6,3,18,-6,22,9,1,9,-4,-6,31
8,20,15,20,10,-2,10,16,4,29,-8,27
13,17,2,12,2,-3,-7,15,8,29,-5,9
14,11,1,10,-4,15,3,9,7,5,7,21
14,17,-4,5,-7,22,5,1,7,10,7,10
16,2,-4,17,-8,4,15,3,8,10,-8,36
3,-21,18,-14,14,-36,-7,-9,-6,0,3,-24
16,-19,10,-21,18,-17,-4,-29,7,-19,7,-10
-4,-11,-2,-24,16,-32,11,-4,14,-30,4,-10
14,-31,8,-16,-5,-14,6,-13,18,0,-1,-5
-5,-2,12,-23,-2,-10,-2,-13,13,-27,-8,-2
-7,-30,0,-18,12,-14,10,-30,-8,-9,8,-22
0,-12,10,4,-6,3,-7,-14,-6,-22,-6,0
-5,-27,14,-28,7,-27,18,-11,-6,4,4,-18
0,-19,-6,-10,4,-5,4,-14,5,-8,1,-6
0,-21,-5,-11,7,-10,13,-19,2,-5,-5,-19
13,8,-1,-10,-8,-24,15,-24,-1,-21,18,-6
10,-7,17,-18,-7,-13,-1,-23,11,-13,0,-9
10,-5,11,-5,18,12,10,1,17,9,6,-20
17,-14,8,-5,-1,-3,-5,10,11,-3,1,-13
2,12,4,-7,-6,3,7,8,17,6,4,6
1,9,5,5,2,11,-5,-17,-6,5,7,11
1,16,0,-2,-3,15,18,15,17,16,7,-1
2,-12,6,17,-1,4,6,-5,11,6,-5,13
5,-11,9,16,13,-4,1,-16,-8,-4,-2,7
2,19,2,-11,10,-17,3,13,-3,2,-1,13
2,-5,-8,-4,8,-15,12,-15,11,12,13,-5
-5,7,-5,-10,17,13,2,3,9,4,12,-7
8,22,16,-8,-3,22,11,12,17,15,-6,-12
-4,7,1,0,-1,6,15,-4,13,-11,0,1
4,-5,13,19,6,24,5,13,-7,-12,18,12
4,19,6,-1,-8,9,-2,10,12,5,8,24
16,-1,9,-5,15,-2,3,12,10,21,-5,18
13,13,-6,10,13,3,4,14,0,25,6,-9
18,0,13,17,7,-5,-6,12,17,8,0,5
6,3,10,6,12,13,-6,17,-4,12,-1,29
4,6,-3,12,0,-5,0,27,-6,12,18,-6
17,7,10,-2,-5,12,1,4,1,-1,2,25
4,6,3,15,14,24,-2,31,2,16,-3,7
6,9,1,-2,-5,19,0,22,-6,20,0,33
17,8,-2,12,-7,32,0,29,6,12,18,24
12,13,1,9,-2,8,14,31,-4,34,9,4
12,23,13,24,2,1,16,13,11,33,5,8
18,-8,0,-30,-2,-7,8,-17,11,-20,-3,-5
-3,-21,14,-2,14,-33,-2,-7,7,-14,14,-4
-3,-21,-6,-13,4,1,17,-12,7,0,1,-13
9,-3,1,-11,16,-10,-4,-30,-5,-22,13,-24
-1,-12,5,-26,-4,-6,0,-29,-1,-4,0,1
1,-23,-3,-4,8,5,-2,-7,4,-31,3,-2
0,-25,10,-29,14,-10,8,5,-6,-25,16,5
5,-27,16,3,10,-18,3,-17,-2,-27,-2,3
19,-6,19,6,9,-8,-5,-28,-4,-27,-1,3
4,-18,0,-6,10,0,4,-8,-3,2,2,-14
16,-15,17,-4,3,-17,2,10,8,6,3,-16
18,-9,5,1,0,-25,2,-24,13,-1,5,-23
15,-13,12,-3,17,-14,18,-16,-7,-11,1,0
1,10,3,-6,8,-18,10,-23,15,-16,-6,-15
1,-18,-6,14,-1,-5,6,-7,9,-2,14,-18
13,-13,3,-1,11,4,-3,-14,-3,3,8,-7
19,-6,3,-17,1,7,13,15,16,10,4,9
4,13,-5,11,-1,1,6,-9,8,4,5,-2
15,-9,9,-5,-1,9,-5,17,12,-11,2,-14
16,-13,-6,13,2,-1,18,-4,18,18,6,1
-1,16,-1,-1,-7,-15,7,-6,17,11,-2,9
-5,5,11,-4,4,-13,9,10,6,2,6,15
-6,8,6,17,4,5,13,-3,7,-12,18,2
0,2,11,-11,10,-13,12,15,-6,-11,18,2
10,6,17,3,-3,3,-2,22,11,-9,9,3
17,3,10,8,13,5,-3,23,19,-6,-6,22
19,21,3,13,0,5,8,16,-1,6,12,-2
15,15,-5,-8,2,-2,6,2,10,8,15,-3
15,13,13,5,18,-1,6,18,11,15,-6,5
4,6,0,11,-1,11,11,26,1,11,3,-4
10,16,2,6,4,6,17,18,17,29,2,3
8,7,10,16,-3,17,-7,0,5,-4,8,5
16,8,-5,22,-5,32,5,24,0,10,3,0
4,9,2,27,9,14,10,19,9,-1,-1,8
8,9,-3,16,-1,24,4,12,3,32,-3,19
7,18,-1,32,5,20,15,6,9,3,1,24
7,17,5,31,16,13,0,5,17,26,13,31
8,-6,15,-35,1,-31,18,-19,11,-21,14,-3
17,-34,0,-8,16,-29,1,-10,20,-35,1,-26
3,-23,17,-33,6,-20,-2,-14,3,-25,-3,-16
1,-10,18,-4,13,-30,1,0,1,-24,3,-12
2,-18,6,1,19,-1,-1,-7,19,-11,12,-26
-3,-10,6,-12,10,-16,7,4,1,-2,1,-6
2,-15,-2,-26,8,-26,10,-4,9,-4,7,-13
5,-15,-2,7,10,0,-4,4,-3,-21,0,-12
17,-13,18,2,17,-3,-6,-6,8,-20,3,-25
18,1,0,-9,6,-16,13,-25,2,-2,0,-15
13,-15,-3,-24,14,-7,10,-26,18,-22,2,7
19,-2,15,-6,3,-10,5,4,15,-17,3,1
10,2,1,11,10,0,20,12,-4,7,7,-8
17,-6,20,-2,19,3,1,-4,13,9,4,12
17,7,-5,10,-6,-5,-1,7,0,14,-6,-21
7,-16,7,-4,-3,9,15,-21,6,14,0,7
5,16,17,-8,5,-3,5,-4,-4,10,11,15
17,-9,19,-7,20,0,17,-3,1,-19,0,-14
3,17,2,12,-1,9,2,4,9,-15,-6,13
2,14,14,9,11,-14,-4,-1,18,19,-5,17
10,-14,-4,-10,0,-4,0,-5,0,14,-4,6
-6,-9,12,21,5,-14,-3,-10,8,9,16,15
8,20,15,-12,8,4,0,-2,9,13,4,11
-1,19,10,2,4,10,19,23,4,23,17,-13
11,1,14,-11,6,7,10,-5,15,-1,-3,23
8,-8,8,8,4,7,10,9,0,-9,2,21
15,25,-4,6,0,-6,-6,24,3,3,3,24
18,1,12,-3,19,4,0,18,-6,10,1,13
15,9,8,-2,1,17,0,16,-5,8,1,18
14,12,11,23,7,1,-2,10,-6,9,1,14
10,6,-3,20,5,-1,13,-5,12,14,5,5
15,14,18,18,15,18,-2,31,18,9,4,29
19,2,9,17,-2,32,18,2,3,21,1,8
6,6,18,32,-6,24,18,6,9,-1,6,27
20,10,13,-2,14,13,-3,27,10,30,-3,23
20,24,-5,24,17,0,-2,-1,-2,7,-3,15
6,17,7,25,0,33,-4,3,5,31,-1,24
11,-35,5,-8,-3,-31,17,-26,4,-22,-3,-9
-3,-24,1,-10,3,-27,6,-27,-4,-15,3,-33
-4,-31,10,-8,6,-8,-5,-30,17,-6,10,-8
-5,-19,-1,-3,5,1,12,-15,11,-5,1,-32
2,-1,-4,-24,0,0,12,-13,-4,-8,6,-22
4,0,3,3,8,-1,11,-16,1,-27,4,5
9,-12,-1,-22,5,-6,10,-24,7,-30,20,-13
11,-6,17,-3,5,-14,21,-26,14,-26,4,-28
10,-9,20,0,14,-9,2,-27,-4,-10,8,8
20,-6,0,-16,15,-9,9,-19,11,-9,0,4
19,1,1,-20,17,-2,18,-5,12,1,1,-6
20,1,14,-11,2,2,17,9,8,-15,2,-8
21,-8,2,-14,13,-16,15,-12,-1,-12,3,-13
21,4,18,11,-5,-16,10,-16,7,-19,0,-23
21,-7,13,-7,5,-5,20,-17,0,-19,15,12
0,2,-2,1,12,3,16,6,-2,-21,0,7
-2,-3,0,16,21,14,21,-4,15,15,2,-7
11,-10,-4,14,13,-8,16,-13,8,2,20,2
7,18,4,-2,4,-7,17,17,12,-14,0,-8
10,-10,19,-7,19,-9,19,-6,-5,-13,3,5
21,7,10,17,5,-9,-4,-14,19,7,-1,18
16,-7,-3,-2,17,5,6,17,17,-4,0,-7
9,-8,15,3,-3,8,20,12,-2,-3,-4,6
7,2,17,-7,1,-7,19,-9,-4,23,21,3
10,-11,5,14,20,21,-3,14,9,24,-4,-3
-1,22,-3,13,-1,3,4,-7,14,-1,16,-9
-5,12,21,4,11,25,13,-5,1,1,14,17
18,17,20,25,21,18,10,15,7,-6,20,-2
21,-2,13,12,16,7,20,23,-1,6,7,-5
11,6,-2,25,20,3,8,5,2,10,-2,-4
9,5,17,7,4,19,11,12,9,12,7,-2
12,20,9,2,5,20,17,25,20,26,-3,29
13,17,-1,25,16,-3,8,2,2,18,12,5
7,8,1,23,-1,27,7,13,17,30,8,-3
18,20,8,2,10,6,2,11,18,16,-1,6
19,6,11,19,13,9,10,0,6,8,14,31
9,15,6,23,21,24,18,33,16,26,4,20
13,-24,12,-15,11,-16,22,-31,0,-4,2,-30
3,-24,21,1,7,-13,16,-17,0,-24,20,-10
-4,-8,14,-7,13,-13,22,-26,1,-8,-3,-27
17,-21,-4,-6,-1,-22,22,-6,1,-21,9,-26
9,-19,3,-21,3,-6,22,0,3,-13,-2,-23
14,-7,3,-19,-3,-14,4,-19,4,-27,11,-20
22,-2,8,5,7,-15,-2,-19,2,-1,0,-10
4,3,1,-1,7,1,-4,2,22,-7,8,-16
9,-10,5,4,3,6,21,2,3,-7,10,-26
8,-19,18,-24,18,-11,21,-27,-1,5,-3,-15
5,-12,15,-4,0,0,-3,2,8,-1,9,-13
17,-21,4,-23,20,-21,21,3,9,-24,-1,9
16,-13,18,-12,12,-6,7,2,-1,4,12,6
22,7,15,-5,17,-1,-2,-17,19,-2,7,13
-4,-17,16,12,12,-15,18,-14,11,3,11,13
4,-18,13,-8,-3,-18,-1,-19,0,5,0,-6
2,11,-3,2,16,-10,-4,6,13,-17,-2,-12
11,10,2,-8,17,7,1,-11,-4,7,12,-1
-3,2,1,16,22,-4,8,-11,14,-6,7,-5
0,18,2,-14,20,-16,14,11,3,-2,21,-11
20,2,5,-5,14,-4,5,3,13,18,22,-14
6,-6,17,-9,11,11,16,-5,12,-12,12,-11
5,-7,-1,1,21,4,2,15,12,5,-4,2
4,-6,-2,7,17,-4,3,-3,21,-4,21,-9
-4,1,21,19,1,1,4,-9,8,9,-2,-2
6,-8,-4,23,8,24,0,18,-1,23,-1,3
9,26,9,10,4,22,22,9,16,-6,0,18
19,14,15,11,-2,0,17,4,15,-3,-1,17
18,14,20,18,21,1,14,11,3,28,-2,3
17,11,2,22,5,17,1,-1,15,8,-3,12
19,15,15,10,16,15,7,18,-4,29,-4,27
17,9,4,31,6,23,1,2,7,5,14,22
19,2,15,25,5,28,-2,23,15,32,-1,18
16,32,0,13,-4,26,2,-3,21,2,3,21
16,14,12,9,3,-1,2,5,16,29,12,3
19,19,0,13,13,6,22,14,10,34,1,4
4,5,5,23,3,8,20,2,18,27,3,3
6,-32,15,-29,10,-12,18,-17,20,-35,11,-9
4,-21,-2,-25,-1,-33,20,-10,2,-22,1,1
3,-8,16,-7,-3,-13,20,-5,1,-30,6,-6
10,-23,0,0,-3,-33,23,-24,0,-11,2,-20
16,-20,15,-23,10,-19,-3,-3,4,3,14,-30
18,-6,17,-15,12,-19,0,-17,5,-19,14,-10
15,-7,20,-9,-2,-15,2,-19,6,-6,14,-7
19,-13,1,-29,11,2,2,-2,7,-22,0,-27
16,-6,22,-9,23,-21,6,4,-2,1,4,3
16,-10,20,-18,-1,-6,2,-6,12,1,12,9
22,3,9,-19,8,8,16,-19,18,-19,-3,-13
19,-15,1,1,19,-18,-3,-2,1,-16,1,-19
9,-8,23,-4,-3,-13,-2,-17,-2,-9,5,-14
21,-2,14,3,-3,-4,3,-1,10,6,-1,-9
20,-6,7,14,21,-16,0,-14,1,-9,14,11
12,-11,20,-19,7,12,23,5,8,-10,-2,14
9,11,5,7,16,11,3,-19,21,-13,-1,-7
10,15,8,-12,3,-6,3,-1,9,-12,-1,-15
5,11,8,-9,14,-12,18,-7,6,5,11,13
11,14,19,-8,8,10,21,-3,17,-11,0,-4
0,-3,-3,12,9,-12,-2,15,-2,-15,2,4
2,-1,22,15,20,-12,21,11,7,-13,15,4
11,-14,4,-14,3,15,21,1,8,-11,23,-11
-1,0,1,-3,5,21,11,6,0,-10,22,-12
12,23,20,1,4,21,13,-2,8,20,1,-3
6,-3,1,1,21,8,13,24,12,-6,0,13
9,24,0,14,20,-10,21,11,4,18,4,6
6,-3,3,-9,15,4,22,9,21,6,2,-5
17,14,3,26,18,2,8,1,2,22,1,10
23,-2,1,8,23,26,12,14,23,-4,14,21
19,11,16,-4,5,9,18,29,22,13,7,27
10,7,15,5,21,18,18,2,23,18,12,2
10,12,-1,21,-1,-1,21,28,10,-2,4,19
12,22,10,27,0,4,5,8,5,0,6,22
16,16,2,27,17,31,23,0,17,34,2,32
21,12,20,21,22,21,0,6,9,31,7,35
11,16,23,25,0,4,17,3,23,31,23,35
8,-3,5,-21,5,-20,5,-28,-2,0,-2,-30
0,-33,17,-25,11,-3,-2,-2,10,-24,3,-23
0,-22,22,-21,3,-31,-1,-22,21,2,19,-7
13,-11,-1,-27,24,-20,5,-27,23,-23,0,-17
19,-9,0,-5,10,-19,19,-1,1,-23,7,3
13,-8,15,0,11,-8,20,-19,10,-19,16,-5
19,-9,13,-26,8,0,20,-7,0,-21,17,-29
18,-3,8,4,19,-11,23,-23,12,-16,17,-16
16,-2,17,-19,10,-6,-1,-4,5,-4,9,4
17,-12,15,-15,8,9,1,-14,2,-11,3,-13
13,-2,4,-14,12,-9,21,-11,15,3,-1,-23
8,-19,11,8,12,-6,0,-17,17,5,1,5
24,-21,12,-10,-2,-8,0,1,16,4,-2,-14
8,9,19,-1,17,-11,12,-5,13,-11,2,-7
24,-5,10,-21,20,1,14,-11,15,9,1,-11
6,13,6,-17,6,-19,0,-7,3,-1,-1,-19
11,-14,4,-11,7,-17,0,10,-2,-3,-2,-15
17,-9,21,-9,1,4,18,10,8,8,6,0
5,15,13,-11,7,-18,2,6,11,-4,12,-10
20,19,12,17,18,6,15,0,3,12,10,8
16,-7,0,-2,13,13,24,1,2,4,15,-8
10,-14,6,6,-1,21,3,-13,10,2,2,-1
14,21,-2,1,17,-1,21,21,5,13,2,3
2,16,3,17,-1,19,12,-12,21,22,14,-3
-1,11,17,-6,3,-8,21,-12,13,21,21,7
7,-10,5,13,19,-4,9,17,4,1,15,-5
11,21,11,6,-1,9,4,13,4,24,13,-7
15,-8,15,-7,2,-8,3,22,1,-4,8,6
10,-5,18,23,4,23,-2,-5,21,8,2,17
11,28,8,12,-2,-1,3,2,15,21,-1,18
22,-1,4,24,11,16,15,15,21,21,0,12
15,18,8,27,14,23,0,12,5,7,1,5
24,5,2,18,13,21,-1,16,6,22,2,6
13,18,17,22,7,5,23,8,6,20,-1,23
11,15,15,33,4,1,24,10,8,15,17,18
14,14,14,13,3,20,-2,12,10,22,1,16
13,16,24,27,7,9,12,9,20,1,1,31
18,-13,23,-15,18,-7,14,-16,15,-11,8,-22
17,-30,8,-31,15,-33,2,-14,22,-20,7,-23
7,-9,7,-24,21,-30,15,-6,12,-30,-1,-11
14,-18,14,-4,17,-26,3,-8,24,-9,1,-28
21,-13,0,-15,23,-20,14,-22,0,-24,2,-23
19,-13,5,-30,22,-7,7,-8,13,-11,13,-18
18,-17,2,-1,24,-18,3,-12,13,2,13,-15
22,-4,25,-23,1,-1,0,-23,14,-20,13,-11
24,-15,13,5,6,-26,0,-17,10,1,13,2
23,-16,15,-25,3,0,0,-12,0,-15,8,3
12,-7,2,-15,16,-24,2,0,16,7,4,10
13,-4,19,10,12,2,0,0,2,-13,8,7
16,-4,11,-12,17,-19,4,-7,-1,-21,5,8
8,9,25,3,11,-6,2,-1,11,-21,1,-11
8,-17,22,-8,3,-10,-1,2,9,-22,18,-7
24,9,19,12,7,-16,20,12,7,8,6,13
16,-12,8,0,19,14,13,1,-1,-14,18,-17
5,10,2,8,5,4,4,-3,-1,-19,4,-10
16,1,11,-1,6,10,25,-4,1,-8,5,-5
-1,-1,11,-1,23,-8,21,9,12,6,23,4
5,14,4,-2,22,-7,3,15,10,-15,1,10
8,-6,24,-4,3,19,-1,-15,16,-7,3,-14
13,-12,1,-12,24,15,15,-11,5,-9,-1,13
10,-12,2,22,18,-12,0,22,22,-10,8,14
11,-12,8,-12,3,8,14,4,10,-6,6,-11
-1,7,18,-10,22,16,14,-6,7,-9,6,8
0,24,22,-4,11,23,3,22,3,21,8,9
3,27,23,25,4,21,24,8,11,19,4,-7
5,15,11,-4,22,26,1,11,7,-7,1,-8
18,-5,12,6,5,-5,25,14,25,13,3,0
4,29,6,3,7,0,5,25,0,-3,14,-1
13,15,5,11,18,30,0,-5,8,1,8,10
14,9,7,16,0,16,5,13,9,25,-1,22
12,6,9,26,16,5,0,16,-1,17,0,7
24,25,17,20,1,11,24,0,1,27,2,19
25,23,16,8,19,28,3,22,13,15,20,4
8,34,10,30,23,29,6,17,7,8,7,9
21,-12,5,-9,2,-24,20,-10,16,-14,6,-12
4,-8,22,0,20,-27,3,-1,16,-14,4,-35
5,-21,10,-16,1,-18,0,-24,3,-18,6,-16
18,-16,10,-26,21,-4,18,-25,0,-8,16,-7
25,-25,20,-7,4,-14,9,-27,15,-19,7,3
15,-17,24,0,1,-3,10,-10,1,-22,25,-8
21,-14,21,-14,4,-20,12,-30,16,-22,19,-14
26,-16,7,-26,10,-27,0,-15,0,-17,19,-12
19,-14,22,-14,10,-1,12,-2,18,-20,20,-13
26,-25,22,-19,6,-13,15,-18,15,-3,16,-2
19,-1,7,5,4,-13,0,-19,19,-25,25,3
26,1,5,-13,1,-25,6,1,4,8,0,-25
26,-3,9,7,9,6,5,-4,1,-11,5,-6
20,-14,7,-6,16,-15,0,-12,1,-12,24,-17
13,-8,10,3,11,-11,2,14,25,4,24,14
12,8,12,6,16,4,7,-10,13,-13,8,-14
9,-8,8,-15,1,7,0,-11,21,15,1,-16
11,-19,17,-4,14,2,6,11,1,6,0,-2
4,-2,15,-7,17,2,20,12,0,5,0,-9
12,-12,16,-10,17,2,23,-16,23,-10,1,-3
11,-14,12,4,26,12,11,-6,5,-1,0,2
13,-14,2,18,15,1,14,15,21,-1,1,-14
10,-10,20,-10,2,18,3,16,26,-12,26,19
4,2,13,-8,8,8,24,12,13,23,0,16
1,18,6,16,9,22,14,-7,0,3,4,15
0,20,0,-8,0,11,1,10,0,-3,8,24
2,12,7,-6,0,5,7,-3,3,-4,9,-10
0,11,14,8,16,-6,9,6,3,-5,0,-1
1,23,1,-7,11,28,2,-6,22,26,6,2
11,21,19,16,12,-4,4,26,18,23,10,2
5,30,5,20,11,-3,6,27,7,-2,8,22
25,-5,11,27,17,-4,4,25,11,23,1,0
24,8,0,4,20,10,8,-2,20,5,23,0
16,8,6,33,24,23,0,14,17,10,10,9
21,1,17,-2,0,6,8,6,1,21,8,28
24,16,25,8,14,26,3,8,0,9,14,0
23,19,4,2,3,8,9,8,21,1,12,0
