-21,-19,-2,-17,-8,-20,-25,-36,-11,-21,-1,-21
-4,-35,-8,-27,-8,-22,-19,-18,-14,1,-21,-5
-25,-20,-14,-17,-26,0,-13,-22,-15,-25,-21,-1
-7,-4,-6,-6,-8,-16,-17,-30,-26,-33,-18,-29
-8,2,-22,-31,-11,-12,-19,3,-15,-10,-17,-18
-21,-15,-24,-18,-9,-5,-19,-7,-6,2,-11,1
-7,-9,-18,-29,-23,-4,-11,-19,-23,-8,0,-16
-5,-1,-16,1,-19,3,-9,-4,-12,5,-7,-15
-2,1,-21,-14,-2,-24,-2,-22,-3,0,0,-11
0,-7,-1,4,0,-24,0,2,-1,-3,0,-20
0,-21,-4,2,-1,4,-3,10,-6,5,-2,4
0,11,-2,4,-1,-21,-1,9,0,2,0,-23
-1,-14,-8,6,-2,2,-2,-11,-1,2,-1,-5
-1,-6,0,12,-2,11,-1,13,0,-17,-5,-18
0,9,-10,-13,-3,11,-2,12,-12,-16,-2,13
0,7,0,8,0,4,-9,12,-3,12,-4,-20
0,1,-23,-14,-14,-14,0,-17,-2,7,-25,-13
0,6,0,15,-23,-12,-25,8,-4,11,-1,16
0,9,-3,4,-14,-7,-1,4,-4,-11,-2,9
0,6,-1,9,0,9,-3,18,-1,16,-2,19
0,8,-7,12,-1,-8,-10,-14,-5,-10,-1,6
0,7,-2,17,-1,7,-7,18,-3,-5,0,11
0,12,-21,-8,0,-12,-1,10,0,-9,-4,18
0,-3,-1,15,-1,12,0,15,0,5,-9,-1
0,17,-20,14,-1,17,-2,10,-3,-4,-7,19
0,19,0,19,-1,6,0,-11,-3,12,-14,23
-1,13,0,-7,-7,-3,-9,6,-18,-6,-14,-8
0,7,-25,17,-3,19,-4,24,0,22,-9,22
-1,14,-2,18,0,16,-2,-3,-14,-5,-8,23
-1,19,-25,22,0,-3,0,25,0,3,-1,-2
-2,19,-25,0,-23,18,-20,28,-3,11,-11,19
-9,0,-11,1,-8,4,-11,8,-25,20,-4,4
0,13,-4,27,-6,22,-23,31,-2,4,-17,-3
-1,4,-13,26,-15,5,-24,31,-9,3,-5,33
-5,25,-24,23,-5,2,-15,0,-24,2,-19,-1
-8,28,-7,18,-10,30,-6,33,-3,17,-21,1
-24,7,-19,24,-18,20,-15,12,-14,6,-25,11
-7,-26,-12,-33,-16,-17,1,-27,-25,-22,-7,-32
-19,-16,-4,-17,-18,0,-12,-33,-10,-31,-19,-19
-4,-31,-16,2,1,-22,-17,-8,-24,-23,-21,-15
-14,-24,-16,-33,-14,-21,0,-18,-5,-19,-14,-4
-19,3,-20,-14,-10,-22,-23,-31,-3,-28,-19,-27
-15,-10,-22,0,-21,5,-12,-12,-14,1,-23,-7
-12,-9,-10,-9,-5,-16,-10,-7,0,-16,-14,-14
-1,-9,-16,-27,-7,-28,-18,-4,-16,-7,-24,-21
-23,-18,-12,-18,-17,0,-19,-27,-10,-16,-10,7
-3,6,-11,-10,-9,-11,-13,-14,-1,-11,-5,-26
-4,-2,-14,5,-4,-18,-9,-6,-22,-23,-10,-26
-1,-15,-4,11,-2,-24,-6,-25,-6,-6,-19,-2
0,7,-1,9,1,6,1,-18,-2,3,-5,-1
1,-17,-5,6,-1,2,-7,10,-13,10,-7,12
0,5,-18,8,-5,9,-2,-16,-7,9,1,5
0,0,-21,-15,-11,-12,-1,-11,0,-16,0,-20
0,5,-1,14,-7,8,-2,-13,-25,-12,-24,-15
1,-11,-5,6,1,-14,-3,-12,-2,10,-8,14
1,16,-12,-13,-1,14,0,-18,1,-16,-1,-11
1,15,-2,12,0,10,-2,-17,-1,7,-8,15
0,3,-5,7,-3,14,-2,9,0,9,-6,13
1,18,0,2,0,6,-3,-14,-4,21,1,10
1,21,-25,-1,1,8,-5,21,-2,11,0,11
0,11,-23,15,0,13,-3,23,1,17,0,11
1,-5,-6,13,1,-2,1,13,-2,12,0,24
0,17,0,18,-2,-7,0,17,1,22,-17,-4
0,-6,-18,21,-14,4,0,21,-17,18,-2,4
0,23,0,26,-10,2,-3,22,-25,7,-24,27
-1,14,1,24,-5,-6,1,9,-3,26,-2,-1
-1,17,-2,-4,-6,1,-6,23,-5,23,-1,18
-5,25,-8,13,-13,-3,-20,19,-6,7,-16,15
-15,13,-23,2,-3,14,-16,-5,-5,24,1,18
-4,15,-22,-3,-9,29,-8,25,-21,16,-11,30
-25,29,-15,19,-25,12,-8,6,-8,14,-7,20
-23,6,-16,30,-1,12,-16,31,-1,7,-1,12
-25,32,-17,30,-18,7,-5,9,-6,2,-13,5
-24,31,-25,17,-14,28,-9,32,-18,0,-11,7
-15,-20,-1,-27,-21,-27,-7,-23,-11,-24,-14,-23
-11,-29,-7,-33,-16,-19,-21,-23,-11,-26,-14,-13
-16,1,0,1,-8,-9,-19,-1,-13,-4,-13,-16
-10,-21,-10,-3,-14,-20,-24,-7,-10,-26,-14,-4
-4,-29,-10,-1,-21,-13,-4,-31,-11,-4,-13,-9
-17,5,-18,-24,-13,-27,-12,-14,-21,-27,-9,3
-7,-8,-21,-5,-5,-6,-4,-3,-16,-18,-15,-15
-9,-4,-3,-3,-6,-11,-6,-19,-7,-14,-7,-2
-15,-4,-21,-18,1,3,-24,-6,-8,-5,-12,5
-24,-10,-20,-25,-6,-17,-3,-7,-7,-19,-6,-13
-18,5,-1,-7,-15,6,-6,-24,-9,1,-21,-24
0,-20,-7,-19,-10,-6,-6,-6,-4,-21,-8,-7
0,4,1,10,1,-5,-12,-24,-4,8,0,-20
0,4,1,-2,-21,-9,1,-18,1,-13,-2,-18
0,4,-4,9,-23,-8,-1,5,-5,3,1,11
1,12,0,6,1,7,-1,1,2,-14,-1,6
0,-3,-4,10,2,1,2,-15,1,10,2,-20
-2,10,-14,-11,-17,-10,-18,7,-15,7,-3,-17
1,12,-3,11,-2,-12,-1,-13,1,-18,2,11
1,12,-23,11,-2,-7,-6,15,-23,-9,-21,10
1,-8,-12,-7,0,-6,2,20,2,13,-1,-16
0,8,0,13,-13,-15,0,21,-24,14,-2,13
1,20,1,13,-23,-7,-2,1,-2,-9,-18,15
-1,16,-15,-12,-6,-11,-11,0,-21,-12,-10,5
2,-3,-23,12,-8,18,-18,16,-18,21,2,0
-1,23,-8,23,-7,-9,-22,4,-17,-7,-11,-8
1,-5,-3,-3,-23,-1,-24,2,-10,11,-7,9
1,-3,-3,16,-1,-1,-1,15,2,-5,1,22
-22,8,-24,25,-2,-7,1,24,-3,22,0,23
-1,16,0,-3,-4,-7,-2,20,-2,28,0,19
-1,24,-16,30,-5,28,-13,22,-9,1,-7,24
-4,30,-6,8,-8,0,-7,21,-2,13,-19,23
-21,7,-5,23,-3,-3,-9,28,-15,16,-7,-2
-4,8,-1,8,-15,11,-5,8,-18,13,-13,30
-20,24,-3,14,-6,24,-20,21,-17,22,-17,0
-24,35,-18,4,-21,10,-18,8,-14,10,-11,3
-5,10,-16,27,-18,20,-4,28,0,23,-13,8
-12,-10,-7,-17,-8,-15,2,-15,-23,-6,-22,-13
-4,-32,-23,-27,-18,-20,-21,-15,-21,-30,-12,-9
-7,-34,-19,2,-8,-29,-13,-31,-23,-30,-16,-6
-8,-1,-4,-16,1,-15,-19,-19,-5,-31,-8,-32
-20,-32,-18,-7,-13,-14,-21,-19,-22,-4,-11,-7
-14,-9,-5,-19,-19,-17,-10,-30,-20,-13,-18,-7
-10,-30,0,-30,0,-7,-11,-10,-18,-5,1,-25
-13,-14,-20,-13,-6,7,-22,-1,-16,-28,-15,-1
-4,-24,3,-22,2,7,-22,-27,-22,8,-6,-18
-13,9,-4,-7,-12,-3,-22,4,-21,1,-8,-8
-13,1,-2,-2,-12,-3,-4,5,-15,3,-13,-23
-1,-12,-22,-8,-14,-4,-7,-7,-14,9,-7,-2
3,-20,-2,4,3,-1,3,11,-2,11,0,5
0,-1,-22,11,-2,-23,-3,0,-1,4,0,5
2,13,-20,-13,-23,3,3,-1,1,4,-4,-22
0,4,3,3,0,-14,-4,4,2,8,3,-2
1,14,-1,-4,1,-11,-23,7,-8,12,-17,13
-4,-3,-15,-11,3,-2,-12,4,-5,-14,-8,-16
-3,5,-6,0,-7,-3,-10,13,-8,-2,2,-4
1,13,0,6,-21,15,3,-13,-5,10,-4,11
1,15,3,15,2,-15,-3,-11,2,6,3,-15
0,9,-14,-7,-3,10,0,-5,-5,18,0,-14
-1,18,1,1,-13,-8,-9,14,-14,11,-16,21
-15,-6,-5,6,-20,-9,0,18,-17,-9,-23,7
-20,-9,-11,-1,-22,17,-14,24,-21,21,1,-2
-18,15,-15,1,-11,22,-7,22,-5,-8,-6,-7
-2,15,-7,14,-16,5,-16,19,-21,9,-13,11
1,23,-18,26,-3,20,-3,20,-2,-8,1,-9
1,0,1,22,-3,24,3,-6,-5,21,-2,-2
1,26,-5,15,-21,0,-4,22,1,-7,-21,15
1,0,-11,-6,-1,-3,-16,22,-13,-3,-1,7
-3,20,-18,-2,-16,26,-8,22,-18,21,-6,9
-8,22,-2,15,-2,9,-17,0,-10,25,2,12
-22,2,-9,26,-6,9,-1,27,-2,4,-1,-1
0,6,-15,1,-7,6,-19,33,-15,9,-7,11
-1,21,-2,-1,-16,18,-20,19,-10,26,-22,28
3,15,-12,21,-20,0,-19,24,-12,2,-10,16
-11,-33,-22,-35,0,-34,-20,-14,-13,-34,-10,-15
-8,-14,-4,-15,-12,-33,-10,-21,-15,-6,-22,-35
-6,-20,-16,-23,-16,-15,-4,-34,-7,-3,-21,-34
-13,-7,-5,-11,-20,-25,-17,-22,-13,-6,-7,-29
-16,-27,-11,-16,-19,4,-7,-16,-1,-14,1,-30
-17,3,-9,-5,-6,-30,-12,-18,-13,-31,-2,-16
-9,-16,-7,-29,-7,-16,-1,-20,-3,-23,-1,-3
-7,-11,-4,-28,-20,-13,-22,-19,4,-6,-13,-2
1,-8,-19,-8,-19,-13,-14,2,-20,-26,-8,-8
-12,-5,-10,-9,-5,-17,-10,-5,3,-24,-5,7
-9,-6,-13,0,-12,10,-5,-8,-19,-24,4,7
-18,9,-2,-18,-15,-11,-13,-2,-9,-8,-9,-1
-3,6,-12,2,-11,-5,1,-9,-6,-5,-6,-18
1,-13,-21,-16,-12,-23,1,-11,-6,-14,1,-2
1,5,4,6,-2,8,-22,11,3,14,-2,-22
0,2,3,2,-6,2,-2,9,2,-17,1,-15
-21,-5,-20,-15,-19,-14,-11,-4,-3,0,-6,-15
-1,-8,-2,16,-2,-15,-2,14,-9,7,-4,-1
1,-11,-9,10,-10,12,-11,18,-19,-13,-14,-15
1,11,2,5,2,-16,-4,14,-5,14,-2,11
3,2,3,8,0,20,4,3,-1,17,4,6
0,10,2,-8,-1,12,-16,-2,1,7,-3,10
-1,-9,-17,6,-19,20,-8,18,-18,-14,-15,-7
-13,14,0,8,1,21,-9,-4,-1,-11,-9,5
-20,24,-18,21,-11,-2,-13,-3,-2,-1,-8,-10
-21,-4,-19,15,-18,5,-18,15,-18,19,0,9
1,5,-8,15,-9,16,4,10,-6,12,-6,20
-1,14,-4,-6,-11,18,-11,2,-13,14,-9,27
-22,5,2,-5,-3,18,-17,12,-15,15,-10,4
3,-5,-16,27,-21,9,-6,20,-17,27,-9,27
-2,6,-7,10,-1,15,-12,20,-14,26,-4,-5
-15,-2,-21,7,-7,20,-13,19,-19,25,-12,-3
-17,24,-4,19,-17,-2,3,-1,-2,-3,-1,14
-8,-1,-22,12,-13,28,-3,16,-12,31,-1,10
-14,17,-6,-1,-22,28,-14,17,-2,10,-4,19
1,10,-3,17,-17,28,-8,2,-14,4,-10,3
-21,36,-12,17,-8,10,-13,16,-18,32,-21,18
-13,-23,-12,-20,2,-30,2,-22,-15,-26,-8,-6
-6,1,-3,-10,-8,-16,-4,-14,-4,-16,-1,-29
-8,-19,-14,-24,-10,-3,0,-8,0,-17,-18,-25
-11,-13,-10,-21,-6,-32,-21,-30,-15,-4,-2,-15
-10,-30,-6,-32,-1,-5,-10,-11,-6,-30,-5,-32
3,-16,-7,-19,-5,-18,-20,-22,-10,-8,-5,-4
-6,-23,-3,-21,-15,-19,-1,-24,-10,-18,4,-19
-17,3,-8,-11,-12,-1,-15,-13,-1,-2,-4,-12
-9,-18,-11,-8,-9,-11,-9,-27,-13,-19,-3,-8
-6,-23,-14,-11,-18,-14,-6,-3,-1,-3,-13,-9
-9,-15,-6,-22,-18,-25,-2,-12,-13,0,-2,-24
-6,-19,-5,-22,-10,-4,-6,-4,4,-14,-14,-16
-15,1,-10,3,5,-11,-18,-1,0,-13,-9,-4
-20,4,-20,-7,-1,-10,-14,-11,-8,-4,-5,-16
1,8,-2,-8,-1,-15,-20,-6,-14,-3,-3,-12
0,1,-4,-7,-9,5,0,-17,-18,5,-11,-20
4,16,5,-18,1,-16,0,-14,3,-5,5,12
-12,14,1,0,-21,2,-19,-1,-2,7,-2,0
0,-11,3,-4,-9,0,-9,13,-13,-3,-19,-12
3,4,2,15,-1,17,3,14,3,-10,5,-7
1,11,-1,1,-2,12,4,-10,2,-9,-1,9
2,16,1,10,-2,16,-13,-6,2,-14,1,8
-17,8,-1,-3,-6,-6,-11,20,-5,-3,-21,14
-14,-5,3,5,-13,1,-12,13,-16,-1,-10,-1
-6,-10,-4,15,-17,22,-14,10,-11,5,-16,3
-2,24,-17,6,0,5,-4,-9,-11,1,-8,2
-2,24,-10,-6,-10,23,1,-1,-18,15,-18,12
-4,22,-9,-6,3,4,0,7,-2,-8,2,8
-7,11,-1,1,4,1,-1,16,-14,26,-5,20
-13,15,-18,16,2,9,-13,14,-10,7,0,19
-2,0,-11,12,-8,26,-2,-3,-4,1,-3,-1
4,9,-4,29,-2,-4,1,16,-6,21,-6,19
2,15,-8,10,-13,13,-6,-1,-8,4,-12,8
-9,24,-7,30,-5,-1,-15,18,-6,16,-19,1
-1,25,-6,1,-17,6,-20,10,-4,22,-5,22
2,32,-17,22,-18,7,0,23,-4,8,-9,30
-16,18,-14,20,-14,27,0,18,-4,10,-14,19
-9,-22,-8,-3,-13,-23,-15,-13,-12,-28,-7,-26
-8,-1,-17,-7,-16,-30,5,0,-18,-21,5,-14
-5,1,-14,2,-17,-31,-13,-31,-13,-23,-17,-20
-12,-2,-1,-30,-6,1,3,-30,-7,-29,-15,-13
-11,-21,5,-26,-7,-18,-19,2,-14,-9,-9,-28
-8,-11,-2,-17,-6,2,-14,-24,0,-29,-9,3
-3,-20,-18,-28,-16,-21,-15,6,-8,-7,-13,-4
-7,-22,-10,-5,6,-14,-20,-27,-13,-17,1,-12
-10,-3,-5,-20,-2,-17,-16,-11,-5,2,-17,0
-13,-27,-17,-19,-12,-19,6,-4,6,-12,6,-6
-5,5,-5,-17,-14,10,-18,-21,-9,-7,-5,-12
-4,-22,-14,-12,-2,-4,-18,-18,-7,-20,-10,-6
-3,-23,2,-15,6,-10,-17,1,-19,11,5,-16
-15,-13,-8,6,-3,11,-18,-6,-11,1,-14,-14
-1,-7,-9,-9,-7,-7,-9,-12,-5,2,-9,10
-4,8,-11,1,-7,-5,-13,-17,5,-2,-9,-16
0,6,-15,12,-12,-19,-14,5,-18,-3,-3,-12
-19,-9,-17,0,2,-3,-9,8,-2,4,-3,7
2,1,-3,10,-16,-18,-15,-5,-11,-14,-10,15
2,-8,-4,12,0,4,0,-3,-9,0,-15,-6
2,20,-15,17,-5,1,-7,19,-5,19,-10,-16
0,21,-6,-7,-1,-6,-16,19,-16,3,5,5
-17,0,-5,-9,-7,19,-14,21,-11,-6,2,7
-20,18,-19,6,-16,16,-12,-11,0,9,-16,12
-19,11,-7,5,-3,15,-9,14,-10,1,-7,14
-13,-6,-3,21,4,5,-9,4,-14,14,-1,1
-12,-1,-12,18,0,7,-3,-10,-6,-2,-9,18
-16,5,-13,3,-4,-3,-7,9,-8,15,-13,3
-13,-1,-11,-3,4,13,-19,2,-8,8,2,25
-16,0,-5,26,-11,22,4,4,-3,26,-14,24
-16,0,-17,1,-9,-3,6,25,0,10,-4,-4
-7,4,-3,21,-6,30,-17,28,-6,31,-8,23
-15,15,-18,5,-2,20,-12,8,-20,19,-6,13
-15,6,-13,16,-17,30,-5,5,-17,3,-20,32
-18,3,-8,18,-5,2,1,26,-16,33,-16,33
-19,32,-12,15,-1,22,-8,22,-19,15,-5,22
-16,12,-11,14,6,1,4,32,-12,14,-16,1
-8,-6,7,-24,2,-11,-7,-8,-17,-6,-13,-36
-7,-5,-16,-5,-18,-27,-11,1,-5,-8,-14,-8
-13,-34,-7,0,-4,-7,3,-21,-2,2,-15,-25
-19,-14,4,-17,-17,-15,-11,-32,-13,-5,-4,-18
-8,-32,-1,3,-4,-20,-4,2,-2,2,-11,-6
3,-17,-9,-19,0,-31,-2,-16,5,-14,-1,-29
-8,-23,6,-21,1,-6,-5,-26,-14,-20,-18,-17
-8,-23,-1,3,-4,-20,-3,-17,-17,-13,-2,-11
-14,-15,-9,-15,-7,-9,-17,-3,-4,-19,-1,-9
-13,-10,-14,4,-10,-7,-1,-10,-10,6,-7,5
-14,-26,-5,-8,-7,-10,3,-24,-3,-20,-17,-25
-12,3,2,-5,-6,-5,-16,-22,-14,-24,-5,-22
-11,10,-18,3,-7,0,7,-10,-4,-10,-18,7
-10,0,-15,5,4,-21,-18,-18,7,-22,7,-3
0,-11,-8,-7,3,10,-7,-19,-1,-15,-19,10
-11,-9,-5,-14,-17,9,-5,-14,6,-12,-19,-14
-17,-17,-8,-18,-6,-7,-19,3,-18,7,2,-9
-13,-4,5,-17,-18,13,-14,-11,-16,-7,-5,-11
-11,9,0,14,-8,7,-2,-17,2,-6,-19,-7
-5,12,1,7,-4,14,-6,19,-10,-7,-16,-16
-19,-5,1,-3,1,0,-7,20,5,4,-4,-8
-10,2,-4,8,7,21,-1,-10,-10,-9,2,13
-9,19,6,4,-13,7,-9,19,-6,11,-18,12
-13,9,-3,-11,-7,1,-2,14,3,3,-10,9
3,23,6,-1,-14,5,-11,16,-5,-12,5,7
-4,17,-7,-3,-11,14,-19,0,-16,-1,-9,15
-17,13,-8,-4,0,7,5,-9,-15,-8,-8,4
-18,0,-5,1,-11,15,-4,21,-4,-6,-19,-5
-5,18,-12,18,-4,24,-16,14,-15,21,-6,-1
-13,11,-13,8,4,5,-16,9,1,-4,-9,17
-11,4,-16,-1,-7,3,-13,11,-13,-5,1,18
-14,30,-5,16,-13,8,-5,25,-4,15,-2,6
-4,19,1,2,-11,28,-5,-4,6,8,-10,12
-4,5,-5,23,-3,19,7,10,-13,4,2,16
-13,6,1,8,-18,20,-14,4,-2,18,-13,17
-16,5,-4,24,-8,19,6,22,-19,1,-11,26
-14,3,-17,10,2,20,-13,29,-3,8,-17,32
-2,-35,-7,-11,-12,-10,1,-26,-12,-15,-9,-36
-10,-12,5,-33,-12,-6,8,-19,-14,-8,-7,-33
-11,-33,-4,-23,8,-34,0,-5,-1,-13,-16,-4
-4,-1,-15,-19,4,-19,5,-4,-7,-25,-13,-24
-16,-14,-10,-14,-9,-30,2,-17,-4,0,-6,-18
-9,-27,-4,-27,-5,-25,-16,-28,6,-29,-16,-6
-6,-16,-14,-4,-7,-1,-14,-21,-5,3,5,-20
-7,-24,-11,-8,-18,-15,-7,-4,-16,-4,-10,-20
-7,-3,5,-13,-6,-16,0,-14,-14,-25,-7,-15
-3,-12,-9,-18,-4,-13,-8,-17,1,-17,-16,-27
-8,-7,-18,-2,-7,-13,-6,-20,-5,8,-3,-15
-2,-12,-11,8,-15,10,0,-13,-5,-18,-4,-14
-12,8,-5,11,-5,10,6,-20,6,-3,4,-18
-9,-3,-7,7,-17,5,-3,-22,7,9,3,6
-9,-8,-15,0,-9,-6,-14,-18,3,-17,-14,-11
-1,2,4,11,5,-7,5,-8,-17,-20,-17,-6
2,-11,-13,-8,6,-9,4,-12,-9,-9,5,-9
1,-11,-15,8,0,-12,3,0,-5,-8,-3,-12
-16,15,-11,10,1,-3,-9,4,-18,18,-18,3
-12,-4,-10,-13,-11,4,-6,2,-13,6,8,1
-18,18,-1,-16,0,-8,-7,16,-10,0,-1,12
-18,12,-13,4,-2,11,-16,16,-12,21,0,1
-18,7,-8,2,-8,10,-12,9,-9,1,-8,0
-4,-4,-3,22,-17,-11,-18,22,-12,-11,-12,-6
-5,-7,5,1,-8,18,-8,23,8,-1,-3,19
-14,18,6,1,2,-6,-16,-1,-10,12,-12,25
-13,13,-8,26,-17,0,7,-2,-5,4,-8,-4
-15,25,3,-1,-4,23,-13,20,-2,-7,-7,12
-2,4,3,13,-1,17,-16,24,-17,9,-3,-6
-16,-6,1,4,-16,22,-8,-6,-11,11,-10,17
-15,-4,-2,-6,4,-6,4,16,4,3,-12,4
-11,20,-14,15,-11,28,3,6,5,7,-12,7
-11,7,-13,9,-8,6,-11,32,-2,26,-1,25
4,14,-7,17,-7,15,8,27,0,10,-9,23
-13,13,-15,19,-18,5,-14,17,-10,16,8,9
-14,14,-12,13,-12,34,3,30,4,19,2,8
-15,7,0,6,-2,28,-12,31,-1,28,-11,27
-2,-24,5,-3,-16,-2,-3,-14,-5,-17,-10,-30
-6,-22,-15,-31,-11,-4,4,-8,-15,-3,2,-30
-7,-28,-9,-29,-11,-1,-5,-18,7,-4,-13,-30
-8,-20,-9,-10,4,-31,-4,-12,-3,-4,6,0
-1,-21,4,-29,-9,-14,-9,-5,0,-9,5,-22
-4,-20,-13,-10,-7,-15,-8,-27,8,3,-6,-12
-3,-10,-6,-19,-16,-3,4,-23,-1,-25,-6,0
-5,-11,-14,-17,0,-24,2,6,-6,-16,3,-22
-4,1,-9,-26,6,-15,-17,-7,-12,-6,-2,-18
-6,-12,4,-4,-4,0,-4,-5,-4,-12,2,8
-6,-18,9,-6,9,7,9,-11,-6,-22,-8,-8
-9,11,-6,-20,3,-16,-17,-7,-2,-15,-12,-15
-10,10,7,-7,-7,-19,-14,-10,-2,-18,-5,-17
-9,1,-15,-11,-12,-3,-3,3,-5,12,3,-12
-5,-1,4,-11,-3,14,-1,-1,1,-2,-2,-10
3,-11,3,-21,0,9,4,-19,-13,-6,-3,-15
-9,1,-16,0,2,1,-15,6,-17,8,-9,13
-3,-2,-9,-12,-2,11,-1,7,5,12,-13,17
-10,-4,-5,17,-10,-18,6,2,-5,-5,-4,-18
-11,-8,3,-15,-8,16,-16,3,3,3,-11,5
0,-13,0,-3,9,-7,2,4,-14,-9,0,-7
-4,-13,1,9,-4,6,-17,-11,2,-9,8,15
-13,17,-15,1,-7,21,-16,-3,-12,5,4,0
-11,23,-6,13,7,6,2,-12,-1,15,-13,4
-7,-9,6,19,-7,10,-8,17,-10,14,-3,16
5,7,-9,23,5,-3,-14,6,-7,22,-12,21
-12,12,-2,5,7,20,0,-4,3,7,-6,-1
-13,7,-5,19,-4,13,1,19,0,26,-10,-5
-15,26,-1,3,5,10,-10,22,7,11,-9,17
0,8,-6,16,-10,17,5,19,-4,9,-7,10
-14,4,-2,8,3,-3,5,22,-12,-3,-3,15
1,11,9,10,6,24,4,30,-15,31,2,3
-16,-4,-7,-1,-7,16,-6,15,-7,19,4,4
-7,26,2,3,-8,27,-17,29,-4,19,2,18
-11,21,-6,1,-13,22,-5,7,-1,-2,-8,18
-9,14,-3,23,-14,29,-9,23,1,5,-1,24
-15,24,-5,36,-6,9,-12,0,-7,2,-4,12
-6,-2,-3,-4,-5,0,-14,-13,-10,-17,-6,-6
-6,-31,-13,-32,8,-32,-9,-8,-7,-26,-8,-25
-5,-2,-2,-29,10,-3,8,-9,-8,-1,10,-21
-2,-2,6,-4,-16,-11,-8,-28,-11,-6,-7,-27
-6,-19,1,-7,-16,-8,-13,-6,-12,4,-8,-2
0,-7,-10,-25,2,-26,-11,-15,0,-30,-2,-31
-1,-19,-4,-18,6,-8,-2,-15,9,-17,-11,-17
-5,-19,-5,-22,-16,-1,-10,-27,-2,-11,6,-26
-5,0,-8,-3,-11,-19,-14,-4,-16,-1,6,-2
-1,-7,-4,-4,-4,-26,-14,8,0,-10,5,-4
-6,-14,1,-17,9,-21,9,1,-11,-8,10,2
-6,-15,-12,-17,-10,-15,-7,2,2,-16,-2,0
0,4,-8,-15,-9,-23,5,-21,9,-8,-9,0
-2,-12,-5,-13,6,10,-15,-15,-3,1,-3,-12
-4,-3,-10,-12,-13,-17,-12,-7,-15,-18,-13,3
-9,14,8,-16,-5,13,-13,-2,-4,8,-5,-6
0,-4,-16,0,-3,15,-8,-17,-9,-13,-10,4
-2,-15,-10,-3,7,5,-16,-5,-6,-15,1,3
1,-4,-9,17,-14,1,2,7,0,15,4,-15
-4,-14,-6,-11,-3,-8,-7,14,2,5,-3,-3
-5,4,-11,-15,-3,-11,-8,7,-10,2,-16,-3
0,7,10,-4,-7,20,2,7,10,-3,6,-1
-1,-5,-3,-14,-3,15,-12,-13,-5,7,-13,2
-16,17,-12,3,-10,1,7,13,-11,7,-10,21
-4,-5,0,-7,-5,18,-13,18,-13,7,0,14
-5,10,-7,18,-13,10,4,-3,-9,-8,-6,4
-12,-9,2,1,0,24,-14,19,10,6,-10,15
-16,13,-8,15,-10,13,-13,0,-12,15,-14,-7
-13,1,-8,24,8,-6,-2,13,3,-3,7,-5
-16,13,7,5,-8,14,4,2,-11,21,0,27
-13,9,-8,14,-11,20,6,-6,-11,23,-9,23
-14,-3,-14,22,-4,17,6,1,4,23,-6,0
-16,12,-11,-4,4,29,-2,8,-4,1,-9,1
-3,22,-6,16,8,9,-7,29,3,5,2,-3
-2,20,1,1,-11,23,3,21,-5,1,-2,34
-1,23,-8,18,-13,19,6,16,7,14,-9,16
-5,4,-8,11,-1,2,6,20,3,35,-13,32
-15,-18,-4,-22,-6,-11,4,-15,-14,-16,-6,-8
1,-28,1,-10,-15,-29,3,-34,-14,-35,-12,-31
-12,-16,-15,-30,-13,-31,-1,-9,10,-13,1,-3
-3,2,8,-5,-15,-17,-1,-9,-14,-4,9,-32
-1,-2,-7,-19,9,-9,-12,0,-3,-6,6,-20
0,-28,4,-18,4,4,-5,-20,-10,4,3,-14
-5,-2,-3,-26,2,-19,-4,-1,5,4,-13,-17
-5,-27,3,-29,4,1,-12,0,11,3,-10,-11
1,-1,-3,-2,-2,-20,-10,-21,-14,-2,-15,-10
-4,-9,3,-23,-7,-12,-9,-17,-1,-7,-6,8
-2,-14,-11,-8,-6,-17,-4,-9,-11,-7,-11,-12
-10,-23,-4,-3,6,-11,-12,3,-6,-8,-6,-8
-6,-3,11,-1,-13,-10,-13,-10,3,-24,-5,-1
0,-18,-10,-21,-12,-21,11,-11,6,-19,-1,0
1,-7,5,11,-1,-17,5,-3,5,-12,-11,-7
-1,-3,6,-12,-14,15,7,-10,6,3,5,-8
-6,16,10,-8,-11,-5,-8,-7,9,-9,-8,12
-2,-6,-4,5,8,-10,-5,-10,5,-12,5,-1
-4,5,9,-9,11,-7,4,18,-10,-12,6,2
1,6,-11,-14,-14,-6,2,3,-9,17,9,4
-7,9,3,-6,3,3,-6,1,-6,14,4,-13
-13,-9,-6,13,-5,17,-5,9,-15,-4,0,-2
3,19,-10,22,-11,19,2,3,3,5,-13,4
-1,3,3,-8,2,0,-14,6,-9,4,1,-12
-2,23,2,9,-7,-12,-11,-9,-7,7,-14,-10
-5,-2,2,-1,-5,0,-6,4,-7,6,4,5
-3,19,-9,20,-14,14,-8,23,7,22,-10,24
-15,-4,4,17,-12,19,-9,18,3,6,-5,18
11,-6,-6,-5,0,14,3,12,2,5,-9,20
9,0,-14,23,-13,-2,-8,3,-5,23,-8,26
6,30,5,12,-7,-3,4,16,-6,12,5,21
-11,4,-5,9,-3,27,-1,24,-10,-3,9,7
-12,31,1,24,-4,31,2,18,-4,25,-15,5
1,5,-12,-1,-9,27,10,30,8,6,8,16
0,25,-8,0,-13,33,-10,33,4,14,6,14
-7,29,-15,1,-1,14,8,18,2,17,-11,19
-2,17,11,19,4,25,-3,2,-6,3,-2,35
-13,-28,-13,-26,-5,-33,-3,-27,8,-23,4,-29
-13,-29,-14,-29,-4,-16,-10,-6,0,-31,-1,-29
-11,-17,-4,-6,-6,-32,-11,-16,-4,-7,-10,-2
-4,-19,5,-25,-5,-15,-6,-22,-2,-3,-1,-31
-3,-15,2,-12,-5,-32,-13,-30,-11,-4,-9,-28
0,-28,-13,-20,-8,-23,7,-23,-9,5,11,3
-4,0,11,-15,-14,-19,-2,-6,-10,3,-2,-7
3,-18,0,-26,-4,-4,-7,-8,-6,-16,3,-29
-4,-11,3,-27,12,-21,4,-22,9,-26,-9,-21
-4,-1,2,-10,7,5,-14,-18,6,-21,5,-16
-13,3,-2,-12,2,-23,-1,-18,-11,-10,-5,-23
12,-7,-12,9,-4,-13,-1,-2,3,-11,-7,9
8,-14,9,-7,-12,-24,-6,-4,-4,-8,-3,12
7,-21,-12,-5,-6,3,-5,11,-5,-7,-4,13
3,-14,6,-7,-13,9,-4,-22,-12,9,2,14
-9,-20,-1,-14,-9,3,-7,-1,-1,-8,-6,-2
-1,-17,-12,-20,-12,-10,1,2,5,9,11,-14
-8,-5,-14,3,4,13,-14,17,4,-1,-3,12
-5,17,-6,3,0,6,-11,-10,-14,-15,10,2
-1,-7,8,-9,-1,11,-9,14,-14,-7,11,-14
-7,-4,-2,-6,5,-14,-14,-15,-6,-13,-9,5
-11,12,7,0,-1,8,-3,9,-6,-13,-8,12
9,18,-5,10,1,-14,-7,-12,-5,14,3,-1
-1,20,10,3,1,-7,4,-5,1,10,-6,21
-11,7,-4,17,10,-6,0,-4,8,17,5,-2
1,22,-4,-9,-6,8,-1,-5,9,8,-2,-11
-12,2,6,11,9,-5,-5,18,-2,-6,0,21
-13,7,-3,-8,-2,16,-4,-7,-14,-3,-1,12
8,20,6,-5,3,12,-1,3,-11,26,10,3
10,28,-4,25,-4,-3,6,6,4,4,-10,17
-9,23,-4,15,11,14,-2,-2,2,20,7,18
-7,13,5,11,-14,0,-6,9,-7,9,-2,12
3,16,-12,-3,-2,23,11,7,0,31,-2,32
-1,25,12,-2,6,33,10,6,4,21,11,26
-5,32,-9,27,0,28,10,6,-3,9,2,27
2,24,-9,33,3,34,0,34,-9,23,-7,9
2,17,8,34,8,35,-2,25,5,9,-13,3
-13,-22,-5,-7,8,-17,3,-23,11,-18,3,-19
13,-34,11,-27,-2,-30,6,-18,-12,-1,-4,-5
6,-34,-1,-13,9,-22,0,-24,-5,-7,1,-5
-4,-33,-9,2,-6,-7,-2,-19,-11,-24,-6,-19
-3,-32,6,-22,5,-28,-7,-2,13,-19,1,3
5,-27,-5,-21,-8,-23,1,-8,6,-9,-8,-23
-1,-17,-9,4,-13,-12,13,3,-2,-30,-10,-27
3,-25,-2,6,1,-1,-13,5,8,-15,-5,-13
-4,-13,7,-16,5,-22,11,7,13,-19,-8,-27
4,-9,-2,9,-8,-4,-11,6,-1,-16,-12,-11
-11,-5,3,4,11,-6,3,-10,-5,-16,-4,10
13,-6,-3,-20,-3,-18,-2,-18,-9,3,9,-8
13,-21,0,-9,-7,3,4,8,7,2,9,-9
3,11,-9,-4,-9,-21,-4,-3,0,9,6,-16
2,-21,-7,11,6,-11,1,-8,-13,-1,7,-10
-11,10,-4,-4,-13,14,3,-21,1,-4,3,-1
0,-1,9,-3,-7,-3,-3,0,-5,-20,-8,-17
2,-19,1,9,6,3,-13,11,-5,1,-6,-1
1,17,-3,-14,2,15,-13,11,10,13,-13,15
-11,-17,-13,18,8,-2,-8,13,-6,16,-9,-15
7,-1,7,-8,-12,-3,0,18,0,20,11,13
3,-6,-11,4,-4,11,-1,3,5,-5,0,10
-7,10,2,20,8,-4,-8,10,-2,14,9,2
0,19,-13,-2,-7,-9,-9,0,-1,19,4,-8
4,9,0,-8,-13,-8,-10,9,-2,-7,-1,6
3,25,6,4,-9,12,-4,10,-6,6,-6,-8
6,-3,3,2,5,2,0,14,-1,12,-8,2
-12,26,8,22,12,6,-12,9,13,-6,-7,-8
-5,-2,-9,17,-8,-5,-2,5,8,13,-10,16
7,17,-6,10,-1,27,-8,27,-2,20,12,5
-8,14,9,16,7,9,-7,-6,-2,19,10,12
-9,6,-6,-4,3,7,3,-4,9,17,0,23
2,13,-3,31,6,-1,5,14,-12,9,-9,27
1,7,-5,14,-9,17,8,6,4,24,-13,0
1,23,-6,12,1,15,-9,10,-11,5,-2,33
4,8,5,35,4,8,-3,7,-1,1,5,11
-7,11,-13,16,6,18,-3,19,-9,21,-8,35
-10,-27,-6,-9,-8,-18,-5,-30,-12,-1,-10,-9
-7,-11,3,-17,4,0,4,-6,-4,0,0,-25
6,-17,-5,-11,-8,-8,-4,-19,-7,-1,6,-8
-11,-30,-12,-23,7,-17,-12,-14,12,-30,-4,-31
-7,-26,-9,1,-7,0,-3,-31,-3,-3,4,-28
0,-29,-11,-26,4,-2,-10,-29,-9,-18,-10,-3
0,-24,-11,-8,-8,2,12,-10,-7,-15,-4,-25
7,-17,2,6,-3,-7,12,-14,9,-6,6,-18
-4,-2,-12,-23,-3,-17,-11,-25,6,-11,6,0
-3,-18,7,-25,-12,-26,13,-1,10,6,14,4
0,-17,12,-15,-7,-10,1,-9,4,10,6,-18
14,-12,-7,-17,-8,-6,8,-23,-6,-25,-1,0
-9,0,-8,7,-9,-2,8,-7,4,-20,-1,-17
4,12,-10,8,-10,11,-6,-4,13,-21,3,-6
5,8,4,-8,8,-16,7,-14,12,-8,10,-11
-6,-18,-2,-21,6,-18,5,-13,2,-8,0,-8
-8,-12,-6,15,-10,-19,1,-6,5,-9,2,7
-2,16,-3,12,-1,3,10,-5,2,3,-3,14
-1,13,-4,-12,13,15,5,16,-12,4,-4,-7
5,-17,-6,1,8,5,4,14,-2,8,6,8
5,-10,3,-3,0,7,-1,2,7,7,14,0
-10,10,-2,0,-3,-2,-10,15,3,7,-12,8
6,8,-2,-13,14,13,-11,19,8,-1,11,1
-1,14,-6,-11,-8,-1,-4,18,-8,4,-9,-2
-2,-11,7,-11,-6,4,5,2,13,8,7,12
-11,10,10,13,-10,11,2,-6,-5,4,7,-7
-11,12,-11,23,2,16,3,8,-7,20,-4,12
-5,21,14,24,-2,-6,4,27,7,5,-5,7
-5,11,0,8,9,18,12,16,1,12,8,25
9,2,-7,14,5,21,-2,10,9,2,-3,18
-8,27,-3,19,-1,5,1,-6,-5,26,-7,13
13,10,10,-3,-3,29,1,25,2,23,-3,-1
-12,25,5,20,-8,13,-9,32,-4,27,-3,1
-5,24,0,-2,-9,20,-5,-2,2,9,2,27
6,17,13,1,-1,4,7,16,-12,15,0,9
-7,11,11,25,11,17,4,6,-10,26,9,32
4,5,7,22,-8,27,1,20,10,26,-2,18
-2,-29,7,-21,5,-22,7,-15,-1,-1,-4,-21
6,-22,10,-25,11,-22,8,-31,2,-35,-7,-35
1,-29,-6,-11,7,-7,-6,-31,1,-9,-2,-5
-6,-28,-11,-6,-11,-23,4,-26,0,-9,-11,-23
-7,-29,5,-16,9,-13,2,-16,-7,-25,-4,-1
-6,-27,-4,-24,-4,-27,0,-23,-1,-23,-10,-17
-5,-23,3,-29,-8,-3,-1,-5,-1,-1,3,2
-2,-21,4,-27,4,-16,5,-5,0,-23,-11,-27
7,-19,7,-1,1,-13,-1,3,8,-10,-3,-11
3,1,-3,8,11,-18,-4,-19,1,-26,-7,-15
-4,-11,10,-21,-3,-3,9,-8,13,-1,-7,-21
-3,4,8,-13,-6,3,4,1,-1,-3,-9,-15
12,-11,14,-19,11,-9,3,-14,8,8,-1,-17
-4,-13,11,-10,12,8,4,12,-10,8,7,-14
-4,-18,5,-9,-11,5,11,-3,9,-14,-5,13
14,-10,6,-6,-3,6,-11,-6,8,-4,-3,-7
6,-8,14,0,9,-2,5,-14,15,-3,-1,12
4,3,8,4,-2,17,-4,-4,0,7,9,-5
1,-6,15,-11,1,18,15,0,4,11,15,-13
1,11,2,13,6,15,-6,9,-1,7,5,5
-1,8,4,20,-6,-9,-4,0,5,-4,13,-1
1,-11,4,5,-9,-2,-2,10,-7,-1,1,7
1,8,-1,19,-4,14,-2,-2,-3,22,6,-11
-5,-1,15,13,0,13,-9,15,-7,-2,14,5
-5,18,-6,4,5,-5,11,17,-9,-12,7,3
9,8,-3,3,-5,-10,7,24,-5,16,3,1
3,-9,11,5,-7,-9,13,19,-5,-2,4,20
-5,-5,-3,17,-9,0,14,-2,-8,26,9,21
-6,6,13,16,3,23,15,-1,1,1,8,28
-3,25,6,1,3,-1,-7,25,8,4,-3,22
2,12,13,0,-5,26,5,2,3,18,-9,9
-4,15,10,27,9,15,9,11,-4,5,-2,4
3,20,2,16,-2,2,6,8,12,22,-10,29
-9,1,-9,18,-8,14,9,-3,-8,18,10,12
5,0,6,21,-1,19,-6,10,7,12,-9,18
-4,31,-1,10,-5,27,-7,29,0,35,-2,31
-5,6,-5,28,5,17,-8,15,-9,18,-1,28
10,-34,11,-23,7,-12,-10,-29,3,-30,6,-20
8,-24,9,-11,-10,1,-1,-28,10,-17,-4,-22
3,-10,16,-18,-9,-17,10,-13,9,-22,6,-1
2,-32,-4,-10,7,-19,1,-30,-1,-14,8,-11
-8,0,-10,-13,7,-31,-7,-22,9,-11,-10,-8
8,-10,-1,-20,0,-14,-4,-9,4,-30,-1,-8
8,-15,10,4,13,-11,-2,-17,-5,-16,16,-22
-3,-6,6,7,9,-25,6,-24,3,-8,-10,-12
6,-18,7,2,6,-8,-1,-9,-7,-19,-2,-27
7,-1,1,6,-10,4,5,-21,7,-24,6,-6
13,-10,2,4,-1,-2,-9,-1,8,4,0,-14
-5,-17,-1,8,9,-15,6,10,-5,-21,10,-5
-4,-8,2,-2,4,-3,7,-14,7,2,4,-10
-6,-6,12,-9,9,-18,9,-8,-3,-3,-7,-5
-7,-10,-4,-10,4,-22,4,-16,1,-7,6,-19
-8,14,-3,-21,5,15,4,10,7,1,10,1
12,-4,16,-7,-2,-9,-2,12,0,-14,2,15
4,-12,0,6,13,-4,7,-16,-4,13,-5,3
6,3,11,4,-3,-8,-3,13,-5,-11,13,-5
-6,13,10,9,-4,17,11,-3,6,-14,10,9
10,1,3,-4,12,18,-1,-5,6,-3,9,-10
-8,5,15,1,11,-8,-8,12,-9,9,-3,15
10,2,3,19,14,19,7,10,-8,-13,-1,5
9,-11,-6,9,5,3,-7,-12,-6,12,2,2
7,16,3,1,-5,23,4,4,-6,-11,12,12
3,-3,3,10,-1,4,-4,22,-4,9,11,10
-9,-8,4,-1,2,11,7,21,9,-10,3,7
7,7,-6,4,2,19,13,-1,-9,0,16,27
6,-2,-8,12,-10,21,0,4,4,18,-7,-3
-2,-7,-10,-4,-9,12,-5,7,0,24,5,9
8,2,7,5,-10,13,3,22,2,-6,16,3
2,-5,7,0,7,-2,10,31,9,26,7,-4
5,30,5,6,14,32,2,25,-6,5,-9,18
-2,-2,4,24,-5,7,2,32,16,32,1,8
1,22,4,18,13,24,-2,33,-7,21,5,27
-1,18,-6,-1,-3,19,-1,4,1,32,0,7
3,27,5,7,-3,18,-6,5,2,12,-4,17
-2,-20,3,-29,8,-36,-8,-29,-7,-21,-1,-21
0,-17,-1,-5,-3,-33,12,-13,16,-29,-2,-22
3,-8,15,-14,-7,2,6,-6,-7,-13,7,-23
2,-14,0,-21,5,-20,7,-14,15,-20,10,-20
5,-24,-5,0,4,-15,9,-28,16,-9,15,2
-2,-18,-8,-6,8,-2,-5,-6,0,-10,9,2
0,-1,7,-3,14,-13,16,-18,5,-7,6,-25
-3,-28,9,-1,6,-5,-1,-12,3,-2,-2,-6
2,-16,10,-19,9,-14,-3,-8,3,-11,-6,-8
1,-20,16,3,5,-4,-9,-22,1,-22,11,-19
5,-13,13,-15,-1,-21,-9,-10,-3,0,0,-13
-6,-24,4,-17,5,-23,13,-2,-6,-8,-9,1
4,2,0,-5,-8,-9,-8,-2,-2,-19,8,-18
0,-22,7,-19,-6,6,-2,-4,13,-8,-4,0
0,-10,17,-12,8,-5,1,8,-1,12,3,7
8,-2,-3,10,7,15,6,-11,0,14,-2,15
-5,-15,-5,7,1,7,-4,-1,-2,-18,-1,-20
-1,-15,10,-12,-8,-7,1,2,12,10,17,16
-8,0,4,-7,-9,-18,0,12,1,-18,1,-8
16,-1,8,3,-2,-14,9,-6,0,15,13,1
-9,7,13,2,-1,6,2,-11,16,-1,15,-7
-6,18,14,3,5,-3,-9,13,9,10,15,3
5,13,1,-5,8,-8,17,10,-9,-1,16,-12
1,10,-8,-10,4,-1,17,-5,13,-2,-9,9
-8,14,-2,15,-4,1,0,-2,14,9,-3,-10
-8,-10,-2,14,-1,19,6,14,14,5,-6,8
-4,26,-8,-8,-8,10,-7,-2,-6,17,-7,19
4,13,-7,-1,4,9,-2,23,0,3,-3,-6
8,16,-7,6,-2,3,4,7,-3,7,-1,4
8,20,8,10,-2,0,10,17,-6,24,10,15
4,-2,5,26,5,19,8,24,7,28,13,13
2,24,-8,18,8,-1,11,20,-9,19,8,11
-3,29,16,-2,3,9,12,-4,-1,21,13,4
8,14,-5,1,-1,4,9,31,3,11,14,27
1,29,17,12,13,22,1,2,-2,33,10,13
2,35,13,11,1,28,-1,7,1,20,11,9
-5,2,-1,0,-7,33,16,25,5,15,14,9
-4,-17,12,-35,9,-20,15,-6,2,-22,1,-34
14,-20,-1,-6,11,-21,4,-8,3,-19,0,-3
-4,-16,12,-15,-6,-8,12,-23,-4,-11,1,-10
6,1,7,-6,2,1,-6,3,3,1,-2,-25
8,-6,3,-15,11,-20,-1,-27,2,-14,-4,-29
5,-15,6,-18,-8,-28,2,-9,13,-12,4,-28
6,3,-1,-8,-1,-1,16,-9,8,-10,-3,-1
-4,-29,16,-16,-2,-17,2,0,7,-1,8,-10
7,-18,8,-21,1,-23,2,-14,-7,2,3,-6
6,-13,1,-7,17,-15,7,-15,-1,-6,16,-3
-3,-19,17,-13,-6,-11,-1,0,9,-21,0,5
-4,-21,9,-13,3,-9,4,5,1,-11,-2,-4
-5,-11,4,8,-2,-9,-2,8,13,-8,9,0
-2,-21,9,-16,1,-13,11,-14,-5,-3,9,-3
6,1,-5,-4,9,-1,10,-15,-1,-13,6,0
-4,-1,13,-17,-4,14,1,-13,9,-19,10,3
14,-15,10,-3,4,-13,3,-20,6,13,6,-16
14,12,11,11,5,17,18,7,14,6,17,-2
7,3,12,-14,-8,-9,0,-11,14,1,1,16
11,6,17,-3,5,8,7,3,2,-8,0,6
11,11,-8,10,18,12,17,13,8,-1,-8,3
-6,11,15,6,13,19,-2,-1,14,-15,4,4
-7,6,6,-14,16,21,16,2,-4,-9,-3,2
8,7,-8,10,0,-9,8,4,12,12,8,1
10,8,1,6,-4,16,8,-8,6,7,0,8
7,19,-7,2,12,1,14,7,12,10,8,-1
1,20,-2,-7,10,19,8,-7,-7,5,-7,-1
2,-4,-4,1,6,-8,4,3,14,8,-7,23
-3,25,5,-6,18,-2,16,6,-6,14,-1,14
7,6,-1,25,7,0,16,-5,4,3,7,21
16,8,10,10,-6,19,6,30,7,7,8,9
4,10,5,14,11,28,5,-2,8,16,2,15
1,21,1,26,6,12,-4,-2,14,10,11,22
6,3,5,3,-3,8,-6,9,17,25,13,4
3,9,6,13,-3,32,-4,20,-4,29,13,1
1,30,3,33,-3,21,1,1,7,16,7,32
12,4,-3,4,8,21,13,33,-1,16,-6,19
2,-31,11,-18,8,-7,8,-7,4,-26,-1,-16
8,-19,7,-12,10,-20,11,-9,-2,-19,6,-12
-1,-14,4,-6,5,-14,-2,-17,-7,-16,17,-18
10,-4,9,-27,3,-24,8,0,9,-6,12,-16
7,-17,9,-14,-7,-30,17,-4,-2,-15,4,-12
-4,5,12,-10,4,-14,11,-22,7,-15,3,-15
-6,4,-5,0,18,-19,4,-8,17,4,9,-18
15,-9,10,-25,-2,2,-7,-29,5,-11,4,-23
11,8,-1,-9,-7,-20,-3,8,-2,-7,-5,-20
11,1,-5,-4,1,7,8,-12,13,-8,-2,9
16,-24,3,-3,-2,-12,2,9,14,2,5,-10
-1,-4,5,-10,5,-21,8,-23,8,-24,18,-16
-2,3,0,10,-6,1,7,-7,16,-19,12,-23
11,2,0,-20,6,-13,-1,-11,2,-16,11,-20
7,-17,9,4,6,-15,-2,-1,7,9,7,-6
6,2,12,-16,9,-11,-4,13,1,-14,14,-12
12,13,6,5,9,-11,13,11,9,-2,16,-8
15,-15,16,15,-5,2,8,0,17,13,15,15
3,-2,-1,-1,4,-16,13,-6,6,12,-6,1
12,19,6,5,10,16,12,10,-7,-2,4,7
18,-4,-1,-12,9,-12,5,-9,2,-3,1,5
-2,10,2,12,-2,-9,17,4,-1,9,3,10
-1,13,9,21,-2,4,-1,-3,8,-14,15,8
2,-10,7,21,-3,-9,-3,-3,9,19,11,-7
1,2,2,22,6,12,9,10,15,0,-5,5
6,25,19,-2,-1,7,1,23,-7,-10,3,24
6,21,1,23,10,13,17,17,0,-4,16,25
2,-7,-6,-8,5,20,-1,27,7,21,-2,17
7,28,-7,13,1,21,15,2,-3,2,1,27
2,-1,7,12,14,21,14,8,14,19,4,-7
-7,29,-1,15,0,0,12,10,-2,25,12,17
4,11,9,3,4,10,1,17,15,16,13,16
4,-3,10,25,13,19,7,29,9,3,6,16
2,29,-5,32,18,-1,11,10,18,5,11,26
4,20,8,26,14,3,-4,29,11,10,-6,23
-1,9,8,29,2,11,-2,21,13,14,17,2
-1,28,17,0,19,32,11,36,16,6,6,15
1,-30,10,-14,16,-15,1,-27,16,-34,-1,-31
-2,-22,5,-26,15,-18,4,-3,-6,-10,-2,-12
14,-21,7,0,1,-4,15,-17,-6,-2,11,-9
-4,-16,4,-6,19,-20,11,-5,4,-14,-6,-3
16,-21,18,-7,2,-19,5,-26,0,-29,15,-1
11,2,14,5,6,-31,2,-2,-3,-20,18,-8
18,-19,-5,-16,10,-3,17,3,-5,-7,-2,-14
-4,-14,16,-23,4,-15,11,-24,17,1,-3,-21
12,7,11,8,4,-5,10,6,9,6,15,-27
20,-13,7,-18,15,-9,-2,6,14,-4,8,-26
11,10,7,-25,15,9,5,7,11,-1,9,-6
-2,11,-3,7,1,0,-5,-8,10,-15,13,2
20,-13,18,-1,9,-6,3,-6,-2,-20,10,-16
-4,6,14,-1,7,-21,-1,4,3,13,13,-14
0,7,9,-11,-2,-1,-2,5,4,14,0,-18
0,5,9,10,1,2,15,0,11,8,4,10
14,0,10,13,-2,-17,13,-18,2,10,5,-17
12,11,7,-3,18,-14,10,-10,-4,5,20,-4
12,14,3,5,-1,-18,-1,14,12,-10,17,18
15,-4,-3,17,7,-17,10,13,-5,-12,19,6
4,16,17,-9,12,20,-2,12,8,-5,-4,-2
1,16,10,6,3,2,-2,5,5,3,-2,18
-1,-3,-6,-14,3,-7,-2,7,0,-8,6,12
11,-11,-5,18,-1,17,9,-8,15,-5,-1,4
11,13,-6,24,-2,10,9,-8,7,-10,11,3
6,20,18,10,17,-1,-1,4,4,-4,0,4
5,24,-3,19,18,-3,13,22,-4,2,-2,16
6,8,9,23,12,22,12,15,16,-1,-6,-8
6,24,0,-7,6,2,19,5,-5,6,-3,26
3,3,0,25,5,25,4,20,12,14,-5,10
1,3,10,4,5,-5,2,12,10,23,8,27
-5,-1,9,21,3,3,7,2,1,22,5,12
6,20,3,17,2,27,-2,-4,3,-3,9,23
7,-2,0,22,16,17,-1,25,-4,3,-3,33
9,12,10,29,3,2,4,26,13,25,-1,4
14,7,7,22,10,18,15,11,9,24,9,35
6,23,0,22,14,1,5,35,15,32,1,25
19,-36,-1,-24,16,-7,17,-1,-2,-36,20,-8
14,-10,12,-2,18,-10,-4,-11,14,-7,19,-29
19,-33,0,-29,19,-7,21,-7,19,-1,20,-27
15,-3,18,-6,17,-10,17,1,15,-33,20,-23
15,-4,19,4,17,-3,7,-27,21,-7,9,-22
16,0,2,-20,20,-7,16,5,13,3,17,-4
18,-24,7,1,20,-7,16,2,17,6,-1,-3
20,-28,17,-29,20,3,10,-15,17,-19,18,-5
17,-21,14,5,21,-20,18,4,4,3,18,-20
16,3,15,1,5,6,9,-14,-1,-11,-1,1
-5,-14,-5,3,3,10,-2,-19,12,-10,14,6
17,9,16,10,-5,-2,20,-7,7,6,17,-18
18,-19,17,-1,10,-9,10,7,20,-23,21,-21
18,-19,20,-1,7,-18,8,9,5,-13,18,8
15,7,20,-15,8,-11,-5,9,19,-21,17,-22
20,-21,19,10,-2,-9,7,-6,-2,3,17,8
18,16,21,-15,0,1,1,-14,17,-19,2,-9
16,15,-4,17,10,9,15,13,2,11,-2,12
17,-12,17,-8,13,5,11,-4,-2,11,-3,8
16,16,20,8,9,1,14,-10,-1,-9,18,5
16,10,17,14,1,9,10,-7,21,8,18,-12
15,17,18,-9,4,12,8,12,20,16,14,15
15,8,21,-14,16,10,12,-7,2,11,21,10
19,-11,18,-3,9,-2,3,-13,3,11,21,17
19,7,10,0,-4,14,19,14,16,-9,9,14
6,22,-5,14,19,6,16,14,18,-7,-4,-1
-3,9,0,5,19,5,9,-1,2,26,-2,25
2,24,5,1,12,13,5,6,11,7,9,10
7,25,-5,6,1,16,6,23,-1,18,21,26
15,-7,7,18,0,20,7,14,17,17,6,20
19,12,21,16,-3,-2,6,-5,9,3,16,26
15,0,14,24,3,30,17,7,18,-5,19,-3
20,16,21,14,10,22,-2,9,7,30,15,28
19,0,19,7,0,30,18,-1,-5,9,-5,5
13,29,20,-2,1,7,9,9,7,19,18,32
16,0,18,24,2,33,17,23,13,31,-4,19
12,32,0,22,17,26,-3,4,18,14,-4,28
21,-27,-4,-29,11,-13,17,-23,22,0,19,-4
16,-29,6,-28,7,-28,12,-24,10,-30,-1,-6
0,-10,14,-1,3,-22,3,0,10,-20,16,-32
18,-32,19,-9,-1,-1,-3,-20,-2,-22,21,-6
18,-29,3,4,21,-18,22,-21,-2,3,19,-9
19,-30,-3,-27,15,-4,5,-25,19,5,14,3
15,1,3,-12,21,-14,-3,5,-3,-8,21,-17
15,3,4,-7,6,-14,7,-9,20,-23,0,-23
17,7,5,-15,-2,-11,16,-8,3,-6,-2,-25
17,-21,21,5,4,6,19,-10,22,-5,3,-19
16,8,10,-24,6,0,21,-6,8,-6,15,8
16,8,17,9,17,-22,-1,-20,1,-16,-4,-9
18,0,-3,8,12,8,0,-6,-1,-9,15,-4
19,-20,14,11,-2,5,14,-7,5,-18,9,8
-3,-9,22,5,-3,8,7,-18,16,14,-2,13
17,11,1,9,15,-1,16,5,0,1,1,10
15,8,15,14,-2,3,12,5,12,5,13,15
19,16,15,16,3,-2,14,-4,8,9,9,14
21,-15,3,-12,-4,2,-1,6,8,-11,-3,16
17,12,-3,-8,18,-6,0,-1,1,-6,18,19
19,10,13,15,17,15,6,0,-3,-13,20,16
22,-15,-2,9,21,-8,-2,1,-3,4,-1,6
20,-10,-3,1,13,-7,15,14,22,20,14,22
20,23,2,16,19,9,10,7,-3,-11,-4,16
18,-4,-1,-8,16,-2,-4,12,-4,14,4,24
8,5,7,-11,17,11,13,24,12,3,14,16
4,-8,10,12,6,21,21,-6,11,23,10,5
10,-9,-4,9,6,19,20,24,13,-9,6,25
6,0,17,-6,-2,19,18,8,6,12,16,11
19,-7,3,8,14,8,6,11,0,6,-2,0
-1,14,21,27,13,12,-1,-2,9,29,-3,21
17,-5,-2,-2,-2,-3,4,28,22,14,-4,7
13,31,14,22,14,-4,14,23,9,27,-1,9
16,-2,18,4,5,20,3,4,21,14,1,22
4,15,16,12,17,9,19,14,9,8,-4,12
12,30,0,28,19,20,3,22,3,7,-2,11
5,28,-4,31,0,25,6,23,10,10,18,31
-2,-12,18,-19,-2,-33,19,-4,15,-32,17,-5
-3,-31,-1,-19,13,-35,16,-22,18,-4,13,0
4,-13,22,-26,5,-22,20,-11,9,-19,3,-2
13,-3,0,-18,1,-2,21,-33,18,-23,14,-10
15,-5,19,-27,18,-20,22,-31,20,0,11,-27
0,-27,1,-22,20,1,2,-26,15,-5,19,4
-2,-5,-1,3,11,-23,-1,-19,20,5,16,3
18,-11,-2,-21,-3,3,12,-29,16,4,1,-22
1,-3,19,-25,3,-22,22,-11,3,2,21,5
4,-25,1,-13,18,-4,-1,-18,20,-16,10,0
-3,-11,20,10,18,-17,13,-16,4,-13,-3,10
15,-11,15,4,20,10,5,-15,-1,9,14,-4
-3,2,11,-18,19,1,5,1,21,5,-3,10
16,-6,20,-9,19,-16,7,13,19,-20,21,5
15,-22,6,-7,20,-19,10,-17,0,-8,1,0
5,7,16,15,14,-2,8,9,5,-20,3,9
18,-12,-1,6,19,8,18,10,-3,11,18,15
13,14,12,3,10,-18,-2,-5,23,9,2,-5
13,14,2,-8,5,-8,-2,14,16,-3,5,-12
16,7,9,2,2,-13,7,-11,0,19,22,-17
14,18,-2,5,-2,17,23,-6,21,-6,22,10
-2,-3,9,-10,1,-4,-3,-7,13,9,18,10
15,9,6,-10,22,4,15,9,-2,7,19,-10
5,7,22,-3,23,21,20,-4,-2,-3,1,-5
2,20,8,6,-1,-1,1,-4,-1,17,1,6
10,23,4,-7,4,5,23,23,3,20,9,-10
14,-6,12,19,16,3,20,24,17,-1,6,21
9,-1,2,8,0,9,-2,12,2,-4,17,-5
3,26,0,9,-1,-2,11,-7,16,16,10,14
16,11,20,13,5,-1,0,-7,12,14,4,14
0,22,18,24,13,18,-3,11,13,25,-3,25
4,24,17,0,1,1,9,5,12,6,0,-5
-1,9,10,32,3,1,5,2,-3,15,23,2
16,16,14,13,4,19,2,-2,12,15,17,26
16,7,4,11,11,25,16,4,18,32,1,8
5,4,6,9,13,17,16,4,11,2,1,29
0,8,3,24,-2,35,21,18,16,30,17,16
1,-10,0,-25,15,-28,15,-32,3,-4,12,-12
21,-17,6,-20,-1,-34,8,-28,19,-35,21,-9
19,-17,2,-19,24,-15,19,-11,-1,-22,5,-14
-2,-27,0,-4,2,-20,14,-5,23,-6,1,-18
-2,-7,-1,-32,12,-28,24,-10,19,-12,4,-21
19,-10,16,-29,-2,-19,7,-18,14,4,24,-27
1,-8,20,5,-2,-17,0,-9,0,-22,7,-19
17,-15,13,-5,22,2,-2,-23,23,-25,4,-15
22,-16,1,7,8,-20,5,-17,2,6,20,2
20,-25,-2,5,20,-22,23,-25,21,-24,14,-18
19,-12,1,-26,15,5,2,5,0,-23,21,-10
18,-18,24,11,12,-3,7,-11,18,-20,14,7
6,-21,15,11,13,-21,13,12,3,-16,22,-2
-2,-22,10,4,18,5,-1,-17,8,5,1,-17
22,-13,19,-8,13,12,21,-18,0,1,16,8
19,-17,11,6,16,12,10,-13,24,5,8,-12
-2,4,4,-12,10,-12,3,-10,23,-13,22,-12
1,2,19,14,2,11,10,15,4,16,0,2
20,8,19,-12,12,11,4,-3,-2,2,13,3
17,3,20,-16,11,14,12,1,21,3,15,-10
2,7,-2,14,19,17,-2,4,24,4,-1,-10
17,7,3,-6,3,-10,2,-8,18,20,4,11
21,-2,23,-13,16,6,20,11,22,22,16,18
2,8,7,-7,10,18,-2,0,20,15,21,12
2,-2,8,19,17,-6,-2,13,9,8,5,-12
9,24,7,-4,16,23,22,12,15,21,1,-1
-1,7,8,24,22,-2,5,-10,12,15,12,3
21,5,-1,9,1,22,20,-6,6,12,13,13
14,10,13,11,3,11,19,21,12,-6,11,11
23,6,24,10,21,20,1,-5,19,15,-1,5
1,17,3,18,-1,0,17,28,19,9,2,15
16,1,3,23,0,15,6,-1,6,1,23,-1
3,17,18,28,21,16,20,0,16,31,1,3
-2,6,23,1,22,26,21,25,22,19,8,8
0,26,20,25,17,34,3,2,11,-1,0,21
-2,6,9,18,-1,17,4,7,24,20,6,7
2,35,16,31,16,35,22,30,2,6,10,30
-1,-28,22,-28,19,-28,0,-10,5,-24,10,-35
15,-16,25,-27,2,-10,20,-1,0,-2,19,-18
7,-18,22,1,14,1,7,-18,5,-12,19,1
17,-15,2,-9,17,-11,12,-7,18,3,9,-29
17,-25,11,-8,11,-30,0,-17,25,-24,14,-23
6,-5,21,5,25,-13,19,-24,23,-3,8,-23
1,-16,6,-25,11,5,12,-26,10,-23,20,-20
-1,-27,4,-3,7,-20,23,-26,23,-24,10,-19
20,-8,24,8,12,-24,24,-19,20,-3,2,-16
4,4,1,9,23,-3,16,9,16,3,3,2
2,5,0,9,18,6,13,1,2,6,11,-2
-1,-25,5,-16,20,-19,24,-9,9,1,20,5
19,-3,4,-17,-1,9,17,6,9,-9,20,-2
3,4,15,9,0,-19,16,0,1,-13,23,-6
7,11,4,-11,23,-22,20,-21,-1,-15,12,-21
19,-3,20,6,20,9,4,-12,12,2,23,-8
22,1,18,-20,4,-19,13,-1,-1,13,11,-11
2,10,18,-15,0,-14,13,-17,2,14,0,-15
21,-6,1,14,24,18,2,9,17,10,22,-13
7,1,1,-11,18,12,18,-5,0,15,-1,-2
4,14,22,-11,5,-16,0,7,23,15,3,18
-1,-5,-1,-3,25,14,22,6,14,-10,14,-9
23,2,2,22,22,16,0,15,5,0,16,22
17,11,10,16,1,18,15,2,16,-1,3,0
-1,16,5,-12,6,-10,19,-9,4,-12,12,17
11,25,3,-4,14,8,11,0,0,-4,1,-2
17,2,14,7,6,26,4,-8,16,-9,20,-6
9,2,5,11,18,10,11,17,17,7,5,9
11,17,13,8,2,2,13,26,9,-7,7,5
17,6,15,8,13,1,19,15,20,20,2,26
0,24,22,-2,5,17,0,24,6,25,21,19
1,6,3,0,3,2,24,5,5,8,13,4
7,7,25,21,12,26,24,10,5,5,11,1
2,2,20,-2,1,21,16,8,21,3,1,13
-1,1,19,14,24,4,10,32,10,29,12,30
21,20,21,19,22,-1,18,25,11,7,11,26
7,8,2,13,17,30,3,11,16,4,12,9
2,-9,0,-27,1,-36,25,-17,25,-18,2,-5
7,-11,3,-24,14,-32,7,-17,11,0,9,-25
19,-8,7,-25,22,-17,23,-33,3,-26,3,-11
18,-31,26,-29,7,-28,23,-15,18,3,0,-8
17,-25,4,-8,24,-4,12,1,7,-4,12,-24
3,1,14,5,9,-30,1,5,1,-13,1,-7
7,-8,7,-22,25,4,2,-30,10,2,2,-19
23,-20,16,-6,25,-29,6,-26,19,-27,1,6
18,-25,22,-2,26,-12,24,-16,26,-14,20,6
15,-8,13,-3,10,-26,21,-22,2,-1,0,0
3,4,23,-25,5,-14,17,-7,24,9,2,-21
26,-13,24,-24,6,-22,2,-6,0,-16,20,11
18,-19,9,11,24,-2,6,-19,0,10,20,-19
23,-6,14,-9,5,13,3,-17,26,-23,15,-5
21,-12,18,-1,22,5,24,-15,23,12,21,12
18,-20,26,0,20,-10,24,-4,0,-16,3,5
19,-15,22,-16,4,-10,13,5,8,2,2,14
19,-6,2,3,26,16,18,-16,2,1,1,-18
19,-17,11,-10,3,-2,15,-1,24,-6,2,15
4,11,23,16,26,3,2,-11,6,-12,13,-12
24,-3,25,3,1,5,10,-11,25,19,21,-16
21,-3,12,-9,1,8,23,-4,19,-11,1,6
3,11,4,-3,18,11,22,-9,22,9,2,22
18,13,20,7,25,-10,1,-9,13,5,25,19
2,18,21,0,0,14,4,-6,1,-6,3,5
1,8,19,20,0,6,6,7,5,2,3,19
20,4,18,-3,21,26,7,4,21,3,15,16
13,21,12,4,16,2,12,23,15,27,18,4
7,9,2,9,14,12,20,-4,2,5,5,-8
1,4,11,25,20,28,16,16,15,1,0,-1
3,10,0,22,2,6,6,18,4,6,9,1
21,11,12,-3,22,26,5,13,6,6,0,0
1,28,23,26,6,3,13,25,23,9,1,26
15,26,5,24,25,7,25,27,19,31,13,5
21,13,0,32,23,34,13,31,13,1,6,4
2,21,4,29,23,10,3,10,18,0,22,11
1,28,13,31,13,3,26,1,11,1,23,20
