-1,-24,-26,-9,-2,-6,-18,-31,-26,-35,-21,-7
-26,-4,-25,-27,-23,-35,-3,-6,-19,-33,-8,-34
-10,1,-5,-34,-14,-20,-17,-16,-25,-2,-17,-30
-11,1,-14,3,-7,-33,-16,-12,-7,-26,-25,-25
0,-26,-11,-31,-26,-3,-19,-14,-7,-22,0,-26
-1,-29,-17,-2,-19,-23,-13,-24,-14,-16,-24,0
-5,-27,-4,-26,-8,1,-13,1,-13,5,-20,-6
-1,-21,-9,-5,-11,-23,-3,-23,-9,-1,-21,-14
-16,-13,-22,-24,-4,1,-25,-11,-17,-22,-21,-4
-13,-17,-3,-3,-9,3,-16,2,-7,-1,-1,-19
-23,-23,0,-15,-21,-7,-18,-24,0,-24,-20,-13
-17,10,-2,-10,-22,-4,-25,-23,-9,7,-23,-17
-19,-22,-7,3,-12,1,-8,-14,-4,1,-19,-11
-15,-22,-3,-19,-22,-22,-15,-11,-10,-20,-14,-5
0,-8,-6,-15,-1,8,-1,-19,-3,10,-25,6
-18,-15,0,-7,-11,-8,-2,-3,-20,-10,-20,11
-13,9,-10,4,-18,16,-8,-19,-13,-3,-21,-12
-9,9,-8,-13,-2,-10,-18,10,-4,-10,-23,-3
-12,-8,-26,6,-15,-11,-1,6,-20,7,-9,4
-16,11,-22,-3,-26,5,-5,-16,-2,5,-13,-4
-10,-6,-12,1,-14,-4,-5,-4,-13,3,-17,12
-12,17,-18,10,-8,17,-2,5,-1,0,-21,-15
-25,9,-1,0,-4,19,-3,2,-12,5,-19,11
-17,-9,-5,-6,-8,22,-9,9,-15,-4,-18,13
-15,15,-22,14,-9,19,-3,24,-1,-8,-18,16
-25,7,-6,11,-24,12,-9,9,-2,23,-7,23
-14,16,-17,-3,-21,4,-24,12,-4,26,-19,20
-9,20,-16,12,-15,24,-19,13,-16,23,-19,11
-12,-1,-22,21,-24,25,-2,8,-6,28,-4,-3
-16,-6,-5,7,-13,21,-7,0,-13,7,-18,4
-20,8,-24,22,-19,3,-10,-1,-25,9,-26,-2
-21,9,-2,12,-2,-1,-14,17,-7,0,-6,10
-17,14,-3,26,-26,1,-11,28,-16,7,-12,-3
-22,10,-13,11,-9,9,-15,6,-14,19,-2,25
-19,27,-4,34,-15,27,-11,21,-26,15,-17,12
-19,27,-24,-1,-22,18,-16,0,-10,32,-7,20
-23,13,-4,16,0,33,-21,18,-17,36,-8,4
-7,-23,-17,-4,-25,-2,-19,-18,-22,-17,-24,-6
-23,-3,-23,1,0,-7,-25,-24,-24,-4,-20,-1
-25,-6,-24,-9,-25,-32,-8,-1,-23,-6,-17,-1
-7,-32,-22,0,-20,-23,-18,-25,-4,-6,-4,-16
-25,-6,-13,2,-18,-29,-25,1,-5,-22,-23,2
-3,-21,-10,3,-24,-19,-3,-23,-3,-16,-7,-13
-3,-30,-2,-9,-20,-3,-6,-22,-3,-2,-15,-19
-7,-23,-2,-18,-2,-3,-14,-7,-8,-24,-11,-22
-10,1,-14,-19,-20,-11,-12,-4,-16,-18,-8,-12
-8,-18,-19,2,-19,1,-20,-1,-14,-1,-7,-10
-5,-10,-2,-13,-13,-4,-10,-21,-5,-10,-10,-18
-15,6,-2,-2,-24,3,-16,-2,1,-5,-8,-8
-3,2,-20,-20,-2,-19,-19,-9,-14,-10,-2,-1
-14,-21,-18,-21,-15,8,-21,-1,-19,-13,-20,13
-13,-16,-7,-11,-20,-17,-15,6,-4,-17,1,-3
-21,-9,0,11,-22,-18,-17,4,-20,11,-7,-19
-3,7,-19,12,-23,-1,-8,-19,-10,-3,-11,7
-17,7,1,-2,0,-17,-7,-19,-9,0,-18,-9
-3,10,-9,-2,-7,-6,-7,-10,0,10,-5,-14
-11,7,-1,11,-17,4,-10,-17,-12,-10,-18,7
-24,-3,-10,7,-11,-1,-1,-14,-4,9,-9,-3
-15,11,-4,6,-21,11,-1,-6,-2,2,-8,-2
-7,-3,-13,15,-8,-11,-20,3,-18,9,-3,5
-12,14,-10,-9,-10,20,-8,-3,-25,11,-5,22
-9,5,-17,6,-22,10,1,23,-23,-4,-21,-8
-25,2,-25,5,-22,20,-11,15,-21,-11,-23,17
-3,4,-19,-2,-18,6,-7,9,-18,-1,-22,21
-2,9,-12,17,-22,7,0,20,-4,-7,-5,4
-2,6,-6,6,-12,-5,-8,21,-9,15,-11,13
-13,12,-12,20,-2,7,-5,7,-19,21,-16,22
-24,13,-1,27,-13,19,-1,15,-13,15,-17,23
-14,15,-5,5,-21,24,-7,4,-22,5,-12,24
-14,22,-20,26,-15,2,1,25,-5,28,-20,26
-25,17,-20,20,-13,3,-8,23,-20,6,-6,7
-25,15,-6,4,0,20,-1,13,-23,10,-1,28
-15,9,-1,24,-4,30,-15,12,-10,22,-4,-1
-8,16,-5,34,-24,32,-20,15,0,34,-18,2
1,-26,0,-6,-24,-8,-20,-18,-5,-32,-23,-10
1,0,-24,-6,-18,-16,-6,-33,-23,-18,-18,-15
-22,-6,-7,-25,-13,-14,-20,-26,0,-21,-23,0
-6,-6,-11,-28,-23,-31,-17,-16,2,-21,-20,-1
-2,1,1,-23,-3,4,-8,-24,-20,-23,-12,-26
-16,-17,-18,-5,-13,3,-20,-26,-16,1,2,-30
-12,-16,-22,-29,-7,-28,-10,-6,-4,4,-24,-2
-7,-23,-18,-10,-5,-17,-24,-16,-1,0,-12,-3
-2,-27,1,-1,-10,-10,-21,-4,-21,-1,-11,4
-20,-16,-17,-1,-18,-18,-8,-7,-10,1,0,8
-15,0,-18,-19,-7,-2,-22,9,0,5,-6,-26
-8,-12,-9,-18,-1,-23,-3,-10,-3,-16,-6,1
-12,-21,-11,9,-1,-18,-7,-11,-21,-10,-4,5
-13,-20,-5,-22,-22,-6,-14,-14,-12,-3,-13,-5
0,-6,-24,-22,-16,12,-13,-19,-3,-22,-10,-2
0,-4,-9,7,-4,8,-3,-5,-10,10,-23,6
-20,4,-6,13,0,-12,2,-12,1,-11,-3,-16
-17,8,-8,12,-16,9,-11,13,-8,-6,1,11
-15,7,-23,16,-22,12,-4,-14,-11,-9,-2,14
-8,6,-1,-2,-14,8,-1,-14,-11,10,1,9
1,0,-17,9,-3,-14,-1,10,-12,7,-15,9
-12,10,-20,13,-14,9,-12,-5,-1,3,-17,13
-1,1,-2,-4,-6,13,-18,-2,-1,-3,0,-13
-15,4,0,8,-12,-9,-11,-3,-24,13,-7,7
-23,10,-10,4,-5,2,-14,-12,-17,14,-21,10
-12,10,-5,15,-22,20,2,-2,2,-7,-1,2
-15,18,-6,5,-14,2,2,26,-13,-3,2,26
-17,17,-13,20,-19,2,-19,-8,-9,17,-22,3
-14,12,-11,5,-13,18,-11,21,-10,9,-7,16
-21,12,-7,15,-22,13,-14,5,-3,13,-19,24
-23,11,-22,9,-23,2,-22,-6,-5,15,-8,13
-15,27,-11,18,-12,-3,-6,16,-13,8,-23,12
2,11,-9,22,-5,7,-10,5,-21,9,-6,9
-9,13,-1,11,-18,21,1,7,-9,17,-21,3
-8,20,-16,13,2,21,-7,4,0,4,-11,4
-4,10,-21,11,-21,10,2,29,-9,12,-7,33
-12,36,-20,8,-3,29,-21,5,-16,9,-19,3
-4,-11,-2,-16,2,-4,-16,-2,-15,-28,-21,-30
-6,-31,-11,-31,-14,-17,-13,-30,-18,-29,-5,-5
-19,-26,-20,0,-8,-23,-16,-34,-20,-31,0,0
-4,-3,3,-26,-7,-27,3,-28,-6,-23,2,-4
-17,-21,-21,-10,-1,-18,-22,-3,-6,-29,-5,-13
2,5,-17,-27,-16,-29,-18,-28,-5,-3,-4,-8
-20,-22,-21,1,-20,-13,-16,-29,-3,5,3,-13
3,4,3,-5,1,-3,-13,6,-14,-8,-20,-29
-6,-14,3,-16,-7,-13,2,6,1,-7,-21,-10
-1,-6,3,8,3,-16,-7,9,-22,9,-15,-17
3,-8,0,-4,-5,-12,0,-13,-11,-10,-8,-25
-23,-3,-3,8,-23,-9,-11,7,0,-16,-8,-9
-17,6,0,-7,-4,-15,-2,-4,-16,-8,-2,-5
-19,-16,-12,4,-13,0,-22,-8,-3,-15,-14,-6
-18,-18,-22,8,-15,13,-6,12,-4,0,-7,-7
-13,-16,-18,-12,-17,6,-1,8,-2,-10,-10,-1
-14,4,-15,-3,-16,-14,3,8,-8,-4,-4,4
-14,-3,-3,7,-18,11,-15,-3,-9,5,-1,-8
-13,11,-10,-6,-19,13,-1,3,-2,-14,-11,-7
-8,-8,-4,6,-4,16,-13,9,3,19,1,15
-17,-11,1,4,-23,15,-11,12,1,1,-10,-7
-13,3,3,18,3,-13,-8,4,-5,-7,1,6
-22,6,-17,1,-12,13,0,11,-13,-1,-8,-4
-7,-2,-19,-1,-2,17,-23,-7,-18,-5,-1,21
-7,-3,3,-3,-20,2,0,6,-11,17,2,1
-9,25,1,23,-9,25,-1,5,1,-10,-11,5
-17,19,-2,19,-5,1,1,-5,-17,7,-23,3
-18,7,-20,0,-10,22,2,6,-16,-4,-15,25
-21,13,-9,-6,-12,15,-1,4,-20,10,-2,-6
-18,10,3,22,-4,-1,-20,1,-18,5,-3,21
-11,17,-20,9,3,3,-19,0,-20,3,-7,25
-16,-2,-11,15,-4,-1,-22,14,-19,12,-20,22
3,25,-8,-4,-2,18,-21,16,3,3,-22,7
-22,18,-6,24,-17,32,-1,21,-19,12,2,-1
-5,7,-12,23,-9,20,-8,-1,-5,13,1,18
-10,15,-6,7,-19,15,-14,24,-6,12,-17,6
-9,20,-7,35,-20,19,-8,26,-18,7,1,7
1,-23,-16,-33,-12,-35,-19,-8,-1,-1,-9,-1
2,0,-5,-6,-2,-28,-2,-26,-2,-34,4,-23
1,-29,-15,-33,-12,-34,-14,-26,4,-9,-10,-1
3,-28,-14,1,0,-22,-13,-31,-18,0,-13,-18
-3,-4,-17,-13,-11,-27,2,-13,3,4,-10,-29
-1,2,-20,-5,-9,-14,-12,1,-5,2,-22,-29
-1,-24,-17,3,-18,6,-16,-17,1,-4,-22,-12
-4,-1,-15,5,-11,-26,-16,-24,-11,-12,-1,2
-21,-17,-14,-25,-13,-22,-16,-5,-11,-23,0,-25
-14,-14,-16,-14,-13,-16,-19,9,2,-4,-17,-8
-8,-11,-1,-15,-12,8,4,-14,-15,-8,-11,-9
-14,10,-10,-12,4,5,-22,-9,4,-8,2,1
-7,-24,-7,-4,-7,-1,0,-2,-4,-7,-8,-21
-20,-13,-2,-17,2,-8,1,-9,-18,4,4,10
3,-7,-8,-12,-10,-7,-10,-11,-12,-19,0,0
2,7,0,7,-5,-20,-13,-8,-8,-18,-1,-13
-21,-8,-20,3,-10,-12,-2,-8,-9,-10,-8,-8
-13,-8,-8,-7,-9,-8,-11,-4,-19,-8,-12,-6
-8,9,4,4,3,11,-2,7,-11,-10,-5,-3
-13,-17,-2,19,-14,-4,-8,1,4,11,2,-12
-13,13,-10,5,-10,15,-7,0,-10,10,-18,11
-22,4,4,13,-8,4,-6,19,-9,7,-8,-15
-14,10,-3,14,-8,18,-2,-4,-17,11,0,16
1,15,1,12,-8,-12,-8,23,-16,17,-14,3
-9,6,4,18,0,18,0,6,2,14,-2,-3
-17,11,-5,3,-1,4,-5,7,1,3,-16,1
-13,12,-19,19,-6,-3,-3,11,-9,3,-20,3
-20,8,4,11,1,8,2,2,-1,-8,0,27
-11,17,0,9,-22,9,1,25,-13,0,-21,-6
0,8,-22,14,0,18,-13,27,-11,-5,-19,-4
-17,18,3,7,-2,14,-15,27,-17,10,0,12
-19,10,-10,13,-9,4,-12,26,-22,22,-15,11
-1,25,-1,22,-6,32,2,26,4,26,-3,21
-14,29,-7,12,-10,21,-10,22,-4,6,-13,29
-10,31,-15,29,2,18,-8,3,-22,-2,-10,26
2,24,4,33,3,10,-16,27,0,32,-2,32
-21,24,-7,10,-8,20,-15,23,-11,11,2,6
-1,-33,1,-22,-9,-15,-16,-30,4,-24,2,-34
3,-25,-13,0,-11,-22,-10,-22,-5,-34,-3,-25
4,-27,-1,-21,-5,-20,-14,-5,-18,-33,-9,2
-21,-4,-10,-13,-10,-5,-17,1,-9,-27,-19,-16
0,3,-20,-16,-5,-12,-6,-24,-11,-8,5,-9
-4,2,-20,-9,-6,-27,-8,-25,-18,-14,-7,-3
0,6,2,5,-19,-24,-16,-26,3,-3,-10,-30
5,-16,-1,-27,-12,-26,-2,4,-11,-25,-2,-17
-13,-13,-6,-6,-17,6,-16,-8,-17,-10,-14,-23
-14,-13,-4,-22,-6,-19,-14,9,-11,8,-6,-15
-17,10,-10,6,-11,-11,-12,-6,-19,-20,-21,3
-13,-18,-19,-17,-17,-3,-7,-9,-12,-12,-13,-3
5,-7,-16,5,-7,-13,3,-14,5,-1,-1,6
-16,-11,-9,1,-8,-15,-2,-21,-8,-19,-19,-4
-7,-21,0,0,-7,8,2,2,-10,2,5,-14
-3,3,-1,-17,-2,8,5,-1,-14,-11,-6,-12
1,10,-5,7,-16,-18,-10,16,-8,6,3,-20
-12,-7,1,8,-18,8,-14,-10,-4,-3,1,-10
-6,13,-14,-18,-12,-13,-4,-14,1,-1,1,-17
-4,-7,-18,-3,-8,-7,-4,-2,-8,-9,-9,4
-10,8,2,20,-4,4,-18,17,-12,8,-10,15
-7,-2,-9,-5,1,-13,-6,19,-20,14,-11,14
-16,16,-18,10,0,-9,-15,-3,-16,12,-3,13
-7,-10,-7,0,-10,-5,-12,-7,-16,-2,-8,6
-19,4,-12,24,-2,6,4,13,-17,16,-6,15
-13,6,-19,0,-7,22,5,20,-11,1,3,-7
-15,12,-14,23,-5,15,-16,-3,-1,14,2,15
-17,12,1,0,-19,23,-3,14,-1,21,-20,-2
-14,8,-9,0,-16,0,0,3,-20,-8,-1,-5
-11,15,-4,3,-18,-5,0,28,-20,-6,-13,12
-15,22,-3,30,-10,7,-14,20,-3,-4,-7,28
0,9,-17,10,-19,19,0,27,-6,10,-5,16
-21,1,-10,32,-21,21,-9,13,-19,27,-17,22
-10,7,-9,12,-10,12,-9,2,-7,12,0,18
-12,32,-14,16,-12,13,-15,25,-1,11,-21,5
-8,32,-16,19,-9,15,-17,0,-9,24,3,35
4,25,-1,24,-17,5,-15,32,-8,29,4,25
-10,-22,-12,-10,-8,-36,-17,-18,2,-36,-18,-15
-4,-1,-9,-7,-3,-27,-14,-4,-14,-11,5,-30
-8,-27,-10,-11,-12,-5,2,1,-10,-13,-8,-17
-19,-6,-6,-29,2,-23,-5,-11,-15,0,-20,-12
2,2,-9,-13,-18,-16,-20,-13,-11,-15,-3,-1
5,-25,-17,-18,5,-19,2,2,-10,5,-8,-29
-7,-15,-8,-24,-13,-25,-13,-11,-7,-7,-8,-18
6,7,-7,2,3,-20,-1,-5,-3,0,-10,-29
1,-26,1,0,-16,-22,-18,-27,-20,5,-4,-3
-17,6,-15,-22,-9,-25,4,8,-9,4,-4,-7
-2,-8,-11,7,-6,1,-10,-3,-4,-15,0,-1
6,7,-11,6,-13,-5,-11,-21,-2,-20,-13,2
6,-1,5,1,0,10,-18,6,-19,-12,3,-14
-18,-16,-1,8,-18,5,-1,-8,-14,13,3,12
-18,-13,-7,-1,-3,3,0,-15,-6,7,-13,-19
-13,9,-16,9,-3,-16,0,10,-7,7,-2,-1
-8,-8,-1,-15,-1,-12,5,12,-7,13,5,-2
-20,-10,-11,-7,5,-9,4,-2,-5,-15,1,1
-6,1,-9,0,2,-9,1,-1,-4,-8,-14,5
-11,10,3,9,-4,11,-6,12,-9,10,-14,-9
2,13,-6,-8,-20,17,-14,-7,-2,-4,-2,16
-6,-4,-13,2,-12,1,4,-8,-10,16,-13,14
1,10,-16,-1,5,-7,-19,-14,-11,-3,-15,9
-9,-4,-10,-3,1,-10,-17,12,2,-9,4,12
-18,10,0,15,-3,-5,3,9,-8,16,-9,14
1,4,5,-4,6,15,-4,13,-17,13,6,10
-12,8,-11,14,0,26,-8,-9,-17,-3,-6,19
-6,-9,-8,26,6,13,-19,4,-19,21,5,12
-5,11,-5,-5,5,9,-4,18,2,-2,-3,28
-12,16,-5,9,0,9,-1,11,-12,16,0,1
-10,-3,-1,24,-17,6,-7,-6,-2,0,3,21
-14,8,-10,23,-9,19,-15,25,-1,26,-12,2
-15,11,-14,7,-9,21,-5,3,-15,30,-6,5
-14,0,-20,30,2,21,5,20,-7,27,6,22
-4,5,0,10,-2,19,2,32,0,1,-17,0
-14,34,-7,35,-13,22,-4,31,-19,12,-18,24
-11,31,3,34,-19,29,4,28,-6,2,-11,16
3,-31,-14,-4,-16,-18,-18,-4,-17,-34,-6,-3
-2,-11,-13,-5,-16,-10,-9,-25,-11,-5,5,-22
-5,-20,-7,-7,4,-6,-5,-31,0,-19,-1,-26
-17,-28,-3,-32,-6,-27,-6,-32,-19,-18,5,-16
1,-26,2,4,4,-9,-15,-8,-19,-27,-17,-3
1,-24,-9,-11,6,4,-19,-23,-9,-25,-19,-4
-2,4,-13,-10,-11,-13,-13,-27,-12,-11,4,-26
3,-26,4,-26,-12,5,-5,-9,-17,-8,-11,-23
1,-6,-10,-17,-16,-22,-18,-6,-1,7,-1,-3
-9,-15,-14,-6,-8,8,-8,-25,0,-19,-8,-25
-10,-17,-2,-25,4,-19,-17,-5,-12,-22,-1,-14
-19,-21,-10,-12,-17,-22,0,-19,-4,-11,7,4
-6,4,-9,-6,-19,12,-13,1,-15,-23,-7,7
-6,0,-11,-21,-14,-11,-8,-22,-16,-7,-2,-23
-11,14,-15,11,-17,-21,0,-10,-2,3,1,0
-17,-9,-5,12,-7,-20,-17,-6,-17,-6,6,-2
-12,-15,-1,-12,-4,0,-5,5,-7,-8,6,-10
-5,-1,-6,-17,-7,-12,-18,15,-6,1,0,11
-7,-17,-18,3,-5,-13,-7,17,-4,11,-19,-17
-9,-6,-18,10,-17,-7,-6,13,-12,10,-13,-6
-18,0,-7,9,-14,9,5,-16,-13,-7,5,-8
-4,11,-4,-10,-5,-13,6,13,-11,7,-12,-7
-4,-4,0,2,-19,12,6,-3,-10,0,-8,-7
-9,6,-5,13,-13,-10,6,14,6,-12,-16,11
-14,11,-2,-6,3,-11,-1,18,-2,19,-5,4
-16,12,-2,25,-19,-10,6,6,-10,7,1,12
-9,14,-14,26,-19,-10,-13,12,-14,11,2,19
-5,7,-1,21,-8,0,-4,21,4,13,7,6
-6,9,1,11,-6,17,-3,8,7,13,6,12
-4,16,-9,19,5,14,-5,-7,5,25,-8,3
-14,25,-19,14,-10,13,-3,5,5,23,4,30
-8,0,-19,4,-11,-4,-9,19,-13,10,-4,10
2,23,-9,21,-18,5,-12,17,-4,4,5,11
1,14,-12,4,-14,4,6,11,0,25,-1,31
-5,27,-1,3,-11,17,-18,16,6,24,-1,26
-8,32,-10,33,-1,6,-8,18,3,13,-5,17
-13,34,-14,22,-17,27,-15,30,-19,14,-3,7
6,-31,-3,-28,-6,-2,-2,-17,-3,-1,1,-30
-18,-28,2,-24,-10,-26,1,-24,2,-16,-16,-15
6,-11,6,-11,7,-11,3,-3,-15,-4,2,-10
2,-32,-2,-3,2,-9,0,-1,-4,-13,-4,-27
2,-22,4,-6,-13,-6,4,-19,-9,-5,-2,-8
3,-22,-3,-19,-8,-23,6,0,-5,-26,-7,5
4,-21,7,-14,-7,-19,-5,-5,-15,-24,-9,-24
-11,-22,-11,-16,-1,-25,8,-5,-14,-24,-2,-19
6,-1,-8,-9,-7,-18,-12,-4,-12,-22,-14,-15
6,-9,4,-7,4,-8,8,-2,-3,0,-16,8
0,-1,-10,-22,-2,-10,-5,-21,-16,-19,4,-20
-12,-10,3,-19,-12,4,3,-25,0,6,6,4
-17,-10,7,-2,8,-14,-1,-10,-13,-10,-7,5
-18,-20,-2,11,-15,-16,-1,-15,6,2,-15,-8
-13,12,-16,-16,-10,-14,-17,-2,6,-6,1,-5
-1,1,-18,2,-7,-21,7,-20,-14,-10,-2,-20
5,9,-8,-14,-8,-2,-14,0,0,14,-3,-3
3,-1,-16,-3,-16,7,-11,-13,-18,0,-15,-7
-6,10,6,-13,-7,-17,4,1,-4,-18,-14,-11
-9,-12,-17,19,3,15,7,-12,-18,15,-5,13
-7,-10,-1,5,-15,-3,-12,13,-5,-1,-5,-9
-11,0,0,6,-13,14,-18,3,-15,11,-1,-6
-17,-4,-11,-5,2,-13,-10,4,2,-7,-12,0
-6,11,-1,6,-9,19,-10,10,-9,17,-14,-2
-10,4,-4,20,-5,24,6,21,-18,16,-14,0
4,7,1,10,-2,13,4,6,4,12,-1,16
5,17,2,20,-5,8,8,23,-16,1,5,1
7,5,-7,-3,-6,-4,-7,14,-6,26,6,18
-4,9,2,-7,-18,4,-11,6,5,8,-11,1
-7,23,4,27,-17,19,-4,4,0,-7,-16,17
-6,-4,2,2,8,10,-8,21,-18,-4,4,7
-5,7,-13,10,-11,10,-18,21,3,19,-1,2
4,7,-4,17,-2,-4,-9,5,-2,18,4,0
-13,4,-15,16,-14,32,1,20,-16,14,1,19
-2,14,-17,27,-12,4,-6,7,-6,28,-13,10
-16,3,7,19,-8,26,-7,13,-14,28,-9,8
-8,0,7,36,-3,18,-5,26,7,24,-7,12
-13,-26,-8,-16,8,-2,6,-26,3,-19,-10,-4
9,-30,-15,-11,5,-4,-5,-6,-17,-22,1,-29
-16,-30,-15,-13,-2,0,-1,-30,-3,-13,-6,-28
7,3,8,-27,-2,-18,2,-30,-11,-7,5,-10
-1,-12,9,-16,-9,-10,-14,-25,-7,-22,-11,-10
-14,-1,-8,-14,9,1,7,-4,8,-8,2,-31
-15,-6,-3,0,5,-24,-9,-13,-13,-24,-1,-3
-9,-18,-6,-29,2,-27,2,3,-8,-28,-7,-4
-10,5,5,-4,9,3,3,-17,4,-21,-14,7
-9,-26,-9,-5,-10,-2,-7,-21,7,8,-11,9
-10,-22,-16,-7,-9,-23,-14,-4,-6,-5,-1,6
-6,-2,-2,-11,-3,-19,1,-14,-11,-2,-7,9
-3,6,5,-9,-15,-15,-3,-5,0,-9,-14,-10
-13,5,-2,-12,-16,-18,-6,1,9,11,-11,-8
-2,-8,2,7,9,-14,0,8,8,-20,-8,8
3,-2,-17,-8,-16,-20,-1,4,1,0,-7,-7
-8,-18,0,0,9,-17,2,-1,6,14,3,-8
-13,-4,0,-1,1,3,0,17,9,-3,-6,5
-4,-15,-9,-7,-16,5,-5,-6,-10,4,4,7
7,4,-12,14,6,14,8,-15,2,-1,-13,3
-2,-3,-17,-12,6,18,4,5,-13,-3,6,1
1,1,5,4,6,15,8,4,3,8,-13,2
-3,-2,-13,10,1,-12,-17,22,5,6,8,0
-1,-5,-12,14,5,-9,-16,-10,-2,-13,1,23
-10,12,-3,23,3,2,-11,-10,8,-7,-2,21
1,15,-4,14,-5,-8,-12,-3,-15,9,-7,5
7,20,-1,2,-6,-6,4,-2,5,8,-15,1
-12,-6,8,-6,1,-4,-13,18,0,5,-8,-2
6,9,-3,23,0,11,-15,-2,-4,28,-4,6
-4,4,-4,-3,-16,4,4,-5,-5,24,-4,24
-15,7,-12,8,-4,18,-4,17,-11,2,1,16
-5,13,-12,6,-1,7,-4,-3,1,24,-15,9
-5,0,-4,16,9,30,-6,24,2,20,-1,-4
-12,-2,-9,9,1,20,-13,30,-10,5,-2,-1
8,15,-1,24,-13,10,7,20,-11,10,-4,21
2,9,0,27,7,6,2,-1,0,8,-9,8
9,25,-6,8,-17,20,-6,29,-7,14,9,34
2,-31,-5,-29,-7,-27,-16,-21,1,-32,-11,-3
4,-31,1,-4,6,-9,0,-7,-10,-13,-3,-9
-15,-9,2,-32,-11,-25,-1,-31,-1,-15,5,-23
4,-28,-2,-11,-14,-19,2,-28,6,-20,-2,-18
-3,-10,-13,-28,-2,-20,-9,-17,-9,-25,-12,-1
4,-22,-3,-3,-7,-8,9,-10,9,4,0,-9
5,-25,5,-27,-2,-1,-6,-28,-15,-14,1,-19
-14,5,2,-13,8,6,-5,-23,3,6,-8,-21
-16,-14,7,4,-9,-4,-3,-12,-14,-2,4,-22
1,-7,-12,-24,2,-27,-3,9,-16,-17,9,-23
-15,0,-4,-24,1,1,4,-11,1,0,1,-25
0,3,-13,2,-16,-19,2,3,6,-13,5,5
-3,-24,6,-22,-2,-11,-2,11,-1,4,7,9
7,-21,7,-4,10,12,10,-19,-10,12,-5,-12
8,9,8,-8,9,-13,1,-19,9,-8,-5,-21
1,-14,-13,-11,-14,15,7,9,-15,-16,-5,12
-10,-16,-4,-13,10,-1,-9,-17,-8,9,1,-14
-6,6,5,15,0,16,8,7,-13,12,-7,-7
4,-3,-3,12,6,14,-15,9,10,-5,-13,11
1,-9,4,3,-10,-10,-16,7,6,12,0,18
-4,-7,9,12,9,-11,-6,1,-15,17,6,0
-10,9,-5,-11,4,-5,0,-6,-6,19,9,-9
-8,15,-5,-1,4,-9,6,-10,2,-11,-9,3
-8,18,-8,15,-12,20,-10,-3,2,5,6,-3
-5,19,4,19,-12,11,-7,15,-2,1,7,19
-11,16,-11,13,-6,17,5,2,7,1,-15,25
6,2,8,1,-2,25,4,9,1,25,-11,7
1,8,-8,-4,5,-8,-1,9,4,9,-3,3
-12,-6,-10,1,-2,23,4,10,-12,-6,3,0
-6,-1,-14,12,4,-1,4,-1,-12,13,9,29
5,20,3,19,-13,26,2,8,-12,29,10,-1
-11,0,8,-2,3,-4,1,16,-1,26,-15,9
-12,-1,10,15,2,9,3,1,-8,21,-13,24
-9,31,3,19,8,30,-2,18,0,26,1,20
-4,29,6,19,-13,28,1,3,-1,23,9,25
0,35,8,11,-16,9,-12,12,5,31,-2,4
-6,8,5,2,8,25,-15,5,6,2,6,2
-14,-8,2,-3,-6,-9,-12,-4,-5,-29,-2,-14
-3,-19,-13,-30,-14,-1,-8,-10,0,-3,4,0
7,-32,-10,-31,11,-29,-15,-22,-12,-2,7,-9
5,-1,-8,-11,4,-7,-1,1,-14,-6,-1,-11
4,-6,-12,-12,7,-27,0,-18,6,-20,7,-6
6,-8,-1,-30,4,-15,7,-21,-13,1,6,5
-14,-23,-12,-25,-2,-1,-9,-11,-14,-19,-12,-21
0,7,10,-14,6,-18,-14,-1,-3,3,-8,-25
-12,-18,10,1,-8,-21,-6,-9,-9,-25,10,-6
8,-24,-6,3,4,3,-9,-6,-3,7,0,-2
5,-26,-5,-22,9,-13,1,-20,-13,-25,11,-15
10,-12,-5,10,-14,-4,11,-9,9,-21,0,-12
0,4,7,-24,-14,11,-4,3,-8,0,3,9
-14,-15,7,-12,-14,7,-3,-8,6,-13,7,-3
7,-2,9,-12,3,-2,-1,9,2,-22,-8,13
-14,-20,10,2,6,-3,10,-14,0,9,-9,-18
6,2,3,-13,-14,-6,-12,-8,1,15,6,-7
-9,-13,3,-10,1,15,4,-10,7,0,4,-3
-15,-8,10,12,-8,-4,9,-17,4,11,11,12
-5,10,-12,18,-9,-17,2,10,-5,-1,-13,-9
-8,9,-9,8,-10,5,-8,0,-9,3,2,17
-6,4,7,15,-3,18,6,4,2,21,7,16
0,-2,-13,-2,0,-12,-4,-7,0,19,-5,8
8,13,-15,22,-13,-11,-6,-2,-12,10,-5,19
-7,-7,-9,6,5,-1,-6,14,8,15,-4,15
-6,-5,7,-6,3,13,6,-6,3,9,-15,14
-14,-1,9,19,-2,-3,5,3,-7,2,-9,7
9,5,-10,3,10,7,11,4,-9,5,3,-2
6,11,-9,-7,-5,28,4,27,-3,5,8,10
-13,4,3,17,-2,23,-13,22,-1,28,1,-1
-7,-2,-9,4,-15,18,3,10,-2,26,5,4
11,11,-6,11,-2,27,-11,11,-4,31,-2,5
0,11,10,-3,-13,8,-4,26,-10,-3,5,-4
6,27,-12,-3,-6,33,-10,7,-10,27,11,24
-15,14,-3,29,-6,28,2,9,3,14,4,1
3,35,4,34,-13,17,-14,30,-4,31,-11,27
-7,3,8,7,-10,23,2,0,-12,35,-9,16
-14,-28,3,-13,10,-5,2,-29,-12,-27,-5,-28
-11,-26,-7,-3,-12,-13,-3,-19,-9,-35,0,-5
8,1,2,-27,9,-9,5,-4,-14,-9,-8,-7
6,-6,4,-2,5,-30,4,1,-10,-14,-10,-8
5,0,-3,-11,-10,-22,-12,-20,-12,-9,-2,-28
6,-1,6,-22,-13,-28,12,-20,-8,2,-5,-30
-7,-20,1,-17,7,-9,-4,-15,-5,2,-10,-11
-2,-12,-10,6,-11,4,-10,-10,4,1,-11,1
7,4,10,-22,-8,-13,11,-12,-10,-4,-14,-2
0,-5,0,-24,-7,-10,-2,-9,-1,-2,8,0
-1,-17,4,6,-11,8,-4,8,1,-19,-10,-11
5,8,-8,9,-8,-24,-6,10,4,-21,11,-18
-2,-2,10,8,-4,-3,-2,-10,-13,-4,11,-24
3,-22,-10,8,-11,-8,-14,-19,5,-10,9,-18
-4,14,0,5,3,-6,9,9,-11,7,-9,-1
-8,5,-6,15,0,-14,-11,6,1,0,1,-14
7,5,-9,-3,10,-10,-6,8,6,-9,3,6
0,-10,8,-6,6,4,5,-9,-2,-19,-13,5
1,-7,-7,-4,-5,-14,11,-12,-10,-8,-4,9
-10,8,-1,7,-13,1,-12,15,-2,-7,11,-14
-7,-8,7,17,-5,-6,6,8,0,-11,9,0
2,4,-14,-9,-12,20,-8,-1,12,14,3,17
-14,4,-14,4,-8,-4,0,-4,5,4,1,17
-2,21,-7,11,-1,13,1,7,1,5,0,20
-8,21,0,8,9,-12,-3,19,0,13,2,18
-12,-11,-5,16,1,25,5,3,-9,25,-4,4
1,22,2,-10,9,-2,12,12,-2,4,-2,13
-8,-9,6,14,-3,23,-1,6,-9,15,2,3
10,18,-6,-7,-13,-2,-4,28,-4,19,12,14
11,14,-12,18,9,13,-7,20,-3,11,6,24
-1,28,10,1,8,30,0,9,11,26,-10,-3
-5,31,-7,11,-9,31,-11,4,9,25,-4,23
-2,28,-12,25,-14,26,-4,4,8,7,-14,-4
7,8,-13,-1,-3,18,-11,28,7,13,-14,2
-14,21,5,8,-8,21,-8,32,-3,1,-11,3
-6,-1,-6,-1,2,26,9,19,1,35,-13,34
-8,2,-4,13,7,10,12,14,-9,10,-12,5
10,-29,-1,-17,13,-11,7,-15,-5,-18,4,-17
10,-25,-13,-5,-6,0,-5,-26,-10,1,-10,-17
3,-1,-12,-11,13,-6,-10,-18,9,-33,4,-22
11,-20,-8,-8,4,-20,-12,-17,10,-12,-8,-23
5,0,3,-21,11,-4,10,-32,-8,-17,-9,-23
6,5,-6,-3,-3,-2,-1,-24,9,-15,-3,-25
-8,-22,-3,-27,11,-6,-3,0,1,6,-6,-18
4,-6,-13,-4,11,-2,1,4,5,-3,8,6
8,-24,8,-27,8,-20,9,-13,12,-8,-12,-12
7,-13,6,7,3,-19,12,-15,-9,-2,10,-26
11,7,9,-4,-6,2,-11,7,-12,-4,10,-26
-10,1,-12,-15,12,11,10,3,-2,-15,-7,1
11,-20,0,-14,6,-11,-13,-7,10,-22,11,-5
-13,-12,-5,-16,-11,2,-13,12,-4,-8,2,-5
8,-2,13,-20,8,13,11,10,-13,7,-8,-21
-3,14,-10,-20,-1,5,-8,10,-6,-4,13,5
-2,15,-13,-12,-12,-5,-3,-1,-3,8,13,-11
0,13,8,-14,7,-10,-9,-12,4,-18,-8,-5
2,-10,11,0,3,12,-10,-3,0,6,3,18
-7,-1,-3,-12,-13,15,-11,-6,2,-12,-5,13
-2,6,3,5,-3,4,-8,12,-7,13,-8,10
4,-15,-6,-3,0,7,-7,5,7,5,-10,19
-11,-12,0,-14,-2,16,-1,16,12,-14,8,0
-4,20,-3,-13,-9,4,-6,22,-2,3,13,7
-9,2,12,0,-9,-8,-1,12,9,20,-6,3
6,1,-10,6,11,-11,-2,21,12,10,-5,-9
13,20,8,-1,-8,23,-10,-9,11,1,-11,16
2,12,6,6,-5,1,-5,-5,4,21,-1,-8
12,21,-12,-4,11,-5,-3,8,-1,11,-1,-3
6,17,9,-6,-5,16,-9,22,9,19,11,2
-2,23,1,23,0,15,-9,5,-1,30,-12,23
-7,26,-10,-2,8,28,10,10,13,5,9,23
-8,28,-3,-3,-5,22,9,16,-12,2,12,12
-3,1,3,12,-5,4,6,28,3,11,-9,3
-3,0,2,7,-6,19,11,11,13,22,-12,30
-9,5,-9,6,-9,14,7,26,-3,16,-10,25
7,18,-11,17,8,4,8,7,0,34,-10,21
14,-17,-5,-31,3,-29,2,-32,-3,-27,2,-28
0,-20,-2,-8,9,-10,14,-18,11,-29,8,-9
5,1,4,-26,-1,-12,10,-25,4,-13,-7,-30
7,-20,14,-32,3,-4,9,-15,9,-12,0,-13
-9,-4,6,-32,-6,-21,12,-18,-9,-32,-7,-14
12,-24,5,-28,8,-18,1,-10,-10,-2,-6,-31
6,4,10,-18,5,-13,3,-17,8,1,11,-2
-1,-16,8,-12,12,-27,7,-7,-11,-11,-12,-12
11,8,-7,-26,5,8,4,-5,-2,-28,0,-15
5,3,3,6,13,-12,12,2,-12,9,6,8
11,-5,-9,-1,4,-25,-2,-1,-4,-13,7,-24
1,-6,3,-6,-8,-22,13,11,-12,-4,-12,-9
-2,-17,14,-3,-5,7,-10,-21,13,-2,9,-17
-1,-23,-8,11,-6,-19,5,5,9,-9,3,-17
-2,12,-8,14,13,-2,13,0,6,-15,-8,2
7,-7,-2,3,10,13,-12,-16,3,13,-1,1
-6,-13,-2,-3,14,-6,-9,9,4,-15,10,-20
10,3,-12,-2,7,12,-2,-8,4,8,-12,5
3,4,-2,11,10,9,2,-12,5,1,-7,-11
11,-1,-7,-1,-7,1,-9,-11,2,-5,3,-12
-1,12,-8,-5,-11,3,-2,6,0,1,2,8
1,15,-5,-11,6,-11,-8,21,-4,19,9,12
14,12,4,11,6,19,-3,7,4,11,10,15
-3,-3,12,-11,-8,-6,12,21,-11,22,4,21
11,13,-6,0,4,14,-7,24,13,-5,-9,21
1,9,6,-1,-12,-7,-7,-11,-11,8,13,12
1,-6,12,-6,-9,26,-8,4,-2,5,5,-5
11,13,-11,15,-12,-1,9,25,6,18,12,9
6,9,-2,0,10,8,10,23,12,16,13,26
-12,14,12,-6,2,14,5,0,2,4,7,24
-12,6,-10,28,5,-6,6,29,13,27,-6,28
-6,20,12,31,-7,1,-1,-1,-7,0,-1,0
-1,0,-12,6,-2,12,12,20,-5,10,9,5
-3,20,-6,30,3,0,11,20,-5,18,14,15
6,10,13,19,8,30,-1,23,2,21,12,12
4,20,-12,14,2,13,1,11,-11,6,7,14
12,20,9,10,0,10,6,31,13,3,11,7
14,-2,8,-36,2,-1,-11,-6,-6,-23,-4,0
7,-28,6,-19,2,-35,-6,-10,5,-26,-8,-28
-7,-1,0,-20,11,-26,0,-26,-5,-7,-5,-32
12,-14,1,-16,4,-16,-5,-7,-6,-4,-1,-24
-9,4,7,-20,1,-13,-4,-22,-3,-1,11,-18
5,-6,14,2,5,-10,-4,-20,5,-29,-3,-19
-4,-17,-9,-20,14,-24,1,-7,12,-11,11,-18
5,-2,7,-1,5,-27,0,-3,9,-8,-2,-10
7,-26,8,-9,-8,-7,10,-25,14,-11,-5,-19
9,8,2,-9,8,7,6,8,15,-24,9,-20
2,-5,13,-18,-11,-23,-4,-13,7,-2,-9,-25
-11,0,12,-5,-5,11,2,3,14,5,2,-10
13,0,12,5,15,-20,3,-10,-7,-16,-5,9
0,-16,4,12,-8,1,7,-19,-4,-17,4,-9
6,9,-8,-20,-5,0,9,11,-9,13,-2,-20
-4,-9,-4,-2,10,2,12,14,-6,2,9,-4
6,-1,0,15,5,-10,-7,-18,-9,7,-7,-15
12,1,-10,12,11,-7,-10,14,-2,-17,10,-16
3,5,-8,8,3,10,13,5,-8,-10,2,-14
-2,-9,1,15,9,1,7,12,-3,-7,7,-8
14,14,1,7,4,3,1,15,9,-14,12,3
1,14,-11,11,12,7,0,20,-9,19,7,8
-10,-8,-11,5,-9,-10,13,-8,-9,16,5,12
4,14,-1,20,12,16,-2,20,12,12,-7,8
11,13,-8,18,13,0,-3,9,12,-2,-4,22
15,-10,-10,2,-7,-9,1,2,14,16,-1,-8
9,3,-6,16,-4,3,-7,5,11,-3,11,25
-1,21,7,9,-1,13,0,-9,1,-8,0,-5
-4,23,0,18,11,13,-11,-8,1,-4,-2,23
2,29,10,25,8,28,4,29,-10,16,-7,26
-6,20,-10,14,13,13,-10,18,8,26,6,-3
-6,1,8,-1,10,7,7,31,7,-4,10,1
-9,11,-11,18,14,21,-8,30,-11,8,15,-2
-3,-1,7,20,-5,28,6,21,-9,15,5,-1
-8,-2,-7,25,13,14,-7,15,-3,12,13,14
-11,1,11,7,8,31,-7,20,-2,3,-7,9
5,30,-9,33,12,4,14,30,15,9,5,8
-9,-1,2,-22,16,-19,-4,-36,-8,-12,12,-12
10,-27,16,-12,-3,-23,9,-9,10,-31,6,-30
-4,-24,-10,-20,-9,-12,-5,-15,-8,-30,-4,-15
10,-31,5,-1,10,-14,14,3,11,-2,0,-7
5,-12,-2,-2,10,-17,2,-30,9,4,-10,-10
1,-20,8,-6,15,-30,6,-30,9,-31,1,-16
12,-6,3,-19,11,4,-4,-13,16,-15,15,-6
-7,3,4,-18,-1,2,13,-21,-1,-7,-2,-8
-7,6,-3,-18,1,-12,9,-24,16,-28,14,3
12,-19,10,-9,-5,-11,16,-21,-9,-13,7,1
6,-12,10,-1,3,7,-3,5,9,-20,-2,-8
-6,5,4,-7,3,-20,-1,-18,-9,-21,-5,-20
-5,11,-8,-15,-6,1,2,-4,-2,-7,11,8
6,-20,6,-17,7,12,5,-8,-3,-20,-2,0
6,10,8,-5,-10,-15,3,-2,7,-5,4,-20
14,-13,12,10,-3,11,-10,11,-2,3,7,0
-6,14,1,10,-4,13,-9,1,3,-17,8,-15
13,-15,-1,2,10,-11,-1,-18,16,16,9,-10
11,13,6,-1,8,-15,6,9,6,16,8,13
5,7,7,0,-10,18,-1,-12,9,-14,-9,5
-7,15,-6,-15,-4,-11,3,17,-4,-16,0,-9
8,5,16,17,-8,-4,-2,-5,6,-8,-4,-14
7,11,2,-11,-1,10,-1,14,16,-6,-3,19
12,-7,-9,19,2,14,16,-6,15,-3,11,-12
6,3,7,-10,-10,7,6,0,9,18,-2,24
-3,0,-6,9,15,16,3,3,16,22,8,0
-4,-9,-7,18,6,13,7,7,14,18,-9,8
2,-9,-1,-6,5,5,3,-6,3,3,-7,16
-1,-5,-8,-6,11,-8,14,-5,6,24,2,-8
1,5,5,22,8,12,-1,23,14,29,-8,-7
-6,20,9,26,16,18,-10,1,-7,19,-5,10
15,21,16,21,-5,29,-8,0,-7,-3,-7,31
15,23,-10,3,7,25,13,1,13,19,5,-4
11,9,-6,19,-5,-2,-3,21,5,3,9,24
4,29,2,3,-9,29,-2,17,4,31,-9,13
13,29,4,24,10,27,-5,34,14,29,14,9
9,18,1,1,15,18,-4,4,0,8,-4,10
-8,-6,-4,-23,-1,-11,-5,-36,-2,-35,2,-6
17,-24,10,-33,3,1,-7,-4,-5,-13,2,-15
-5,-5,10,-26,-1,-34,-6,-14,14,-31,4,-33
8,-30,12,-2,0,-16,17,-14,5,-23,1,-28
8,-30,11,-17,15,-31,-2,-12,13,-27,1,-12
7,-5,-2,-23,2,0,3,5,-8,-22,0,3
5,-26,12,0,4,-3,11,-10,-7,6,-8,-5
-9,-29,17,-11,-3,-8,15,-25,-6,-25,0,-7
3,-15,12,-3,11,-26,13,-5,0,-3,3,-14
2,-19,-3,-11,1,-17,-7,-8,-6,-12,-9,-13
8,-13,2,-11,15,-3,0,-2,8,-6,10,-6
-6,-23,14,8,10,-10,6,-4,12,9,17,3
15,8,17,-9,9,-14,12,-1,5,-15,10,-17
-9,-17,-8,12,16,-23,17,-5,-4,-4,16,10
12,-21,17,5,-1,-20,-8,-15,-2,-9,-2,4
10,-1,2,3,11,0,13,7,2,-21,-9,-11
13,-7,5,8,-7,-15,11,-12,-9,-13,15,-17
15,-16,-6,12,10,1,8,-7,11,10,11,17
-6,18,-2,17,15,-7,5,12,12,11,7,-1
10,-11,2,0,7,-6,6,-11,-1,-17,7,-8
11,7,15,11,-4,16,5,-14,14,15,-2,2
14,18,14,-15,-6,13,-7,21,0,19,1,-11
13,18,1,16,-5,-1,-7,-7,11,12,8,-6
14,18,9,0,7,0,7,-10,-3,-11,-9,19
17,8,10,5,9,5,17,3,1,6,-5,10
6,-4,9,16,-7,4,3,-11,17,-10,11,7
1,6,10,2,-1,1,4,25,-2,2,17,25
17,12,-8,6,2,5,9,18,-7,13,8,21
8,10,-9,-3,7,1,11,27,-3,8,17,-4
4,-6,0,28,-8,20,11,15,0,21,6,19
5,-4,6,21,14,13,9,7,-3,28,-4,7
-5,27,17,3,-2,5,-9,29,10,-4,-9,1
9,-4,-2,19,0,30,10,32,11,2,7,14
13,16,4,29,10,2,8,6,10,17,2,6
8,34,12,14,16,31,-3,-1,-9,20,0,9
15,14,-7,6,-2,29,-1,2,-2,35,-1,19
-2,36,-6,16,1,7,5,12,15,14,0,3
10,-33,1,-8,-8,-23,-4,-1,15,-1,0,-5
-3,-25,13,-11,-2,-3,13,-2,16,-27,0,-20
12,-8,18,-29,-5,1,0,-33,5,-3,4,-4
10,-2,7,3,18,-4,0,-19,12,-19,0,-30
6,-26,2,-18,11,-15,-8,-1,9,-10,0,0
11,4,6,-17,7,4,-8,-8,-4,-10,0,-17
12,6,0,-17,10,-24,-3,-9,1,-30,0,-5
15,5,14,-22,-8,-11,-5,-10,4,-2,14,-8
15,7,7,2,-7,-24,-3,-17,17,3,18,-15
10,3,15,1,1,1,1,4,3,-23,15,-7
18,-22,15,-21,11,10,-3,-3,15,-6,13,-8
11,-10,18,-25,5,-11,-3,-12,18,-20,-6,2
17,8,-7,-15,0,-20,3,-3,2,-2,-1,7
-6,3,6,-23,13,-7,17,-3,6,-5,9,-5
8,9,4,4,5,12,7,-12,-5,-1,1,13
9,0,-7,-20,3,-15,-5,-8,8,-17,2,9
8,-18,5,15,-1,9,17,11,16,0,0,-20
12,6,-7,-12,14,-19,10,-16,-2,1,1,-1
0,-8,2,-7,-2,0,14,7,10,15,12,-13
-8,7,18,-11,0,10,3,3,16,-10,12,-15
16,-7,5,-9,7,-15,8,-1,0,0,2,20
-2,-7,15,-13,10,11,7,9,16,3,-6,-11
10,0,-2,8,12,11,1,15,12,13,17,-2
5,-6,1,-12,4,16,8,8,4,5,6,19
4,-2,18,-9,-1,24,14,-5,-7,13,-2,19
11,5,2,25,3,8,4,23,9,23,17,20
3,24,1,15,18,-4,1,-2,7,0,1,0
-6,-1,1,9,-4,2,-4,14,13,13,10,7
18,-8,-4,9,10,26,9,24,2,11,13,18
3,9,15,-6,18,11,-8,-6,14,20,-5,-6
0,2,-5,12,-7,19,10,1,9,2,0,-2
0,7,16,11,10,-4,18,29,-3,-2,-7,-1
-1,5,8,28,1,-2,10,2,-5,30,-1,-3
11,19,1,19,15,29,2,4,11,24,9,7
18,26,12,19,-5,3,18,8,-4,5,9,2
0,32,-2,1,2,1,-3,21,14,20,5,35
-4,0,-5,7,8,33,-5,21,15,1,13,28
-3,-27,13,-20,16,0,12,-11,9,-30,-5,0
18,-24,-7,-34,2,-14,1,-8,-4,-15,-1,-30
16,-23,9,-25,16,-1,1,-19,-6,0,10,1
17,-21,2,-28,-3,-33,12,-4,16,-29,5,-11
19,-22,0,-12,0,-10,-7,-18,19,-5,19,-1
13,-3,-3,1,-6,-14,6,3,16,-3,11,-2
8,5,17,-21,6,-29,-2,-28,17,-11,7,5
14,-22,18,-25,3,-12,18,-11,4,-14,1,-16
6,-20,9,0,6,-15,13,8,10,-22,19,-18
13,-6,9,-23,9,-5,-2,-18,14,1,14,-4
12,-3,16,-8,11,4,-7,-17,-6,-18,9,-22
-1,-13,9,8,11,-9,-1,-9,18,-17,8,-6
-6,-24,16,-16,0,-23,-7,-3,8,-22,4,-8
-6,-20,17,3,4,-6,10,2,14,10,2,1
17,-22,10,12,17,10,8,-10,7,-18,18,-21
7,-16,7,-6,19,6,14,-15,9,-3,5,14
11,15,16,-11,-5,-7,2,-5,3,5,0,-6
-5,6,5,-8,9,0,-3,12,-4,3,16,-7
-6,-16,4,-13,11,7,11,8,10,-11,9,10
-6,-12,8,1,7,-13,15,19,5,16,5,10
16,8,-3,2,8,6,15,10,-2,6,12,-12
19,16,-2,13,16,9,3,3,19,-9,-1,6
15,-10,14,9,7,20,-1,21,9,14,-4,18
16,19,15,19,15,15,12,21,14,17,-4,6
18,6,14,15,-5,9,2,10,17,-2,-1,18
3,12,-5,24,3,-6,15,19,2,8,12,7
1,-1,-2,-9,-3,-2,6,1,17,2,6,-2
-4,-3,-6,24,2,13,-3,1,13,13,13,25
6,27,10,18,-1,22,-4,27,-3,15,-2,-6
3,2,-5,23,3,4,-2,9,9,29,8,21
5,29,15,-3,10,8,-2,27,-2,-4,7,8
2,-4,-1,-5,1,27,-4,18,18,6,2,-5
-4,0,16,23,1,26,0,1,4,29,4,9
14,7,-2,15,17,31,-2,24,-3,9,13,24
-2,31,-1,25,-2,33,-7,0,-2,26,18,33
-4,4,9,1,2,34,-1,32,-6,20,3,16
-2,0,-2,0,19,15,-6,25,-7,35,2,33
13,-35,13,-18,6,-13,10,-34,8,-14,15,-3
18,-24,9,-33,-2,-3,5,-17,-6,-5,-4,-5
6,-26,-4,-14,-6,-7,6,-1,4,-1,-5,-3
-4,-3,7,-4,3,-20,15,3,2,-14,3,-28
13,-30,13,-19,1,-13,6,-29,9,-21,5,0
13,-22,7,-25,18,-26,15,-21,17,-24,4,-21
17,-7,11,-5,17,-20,-3,-13,11,-12,-6,-10
13,-24,-4,-25,-1,-7,16,-23,-2,7,4,-11
10,-23,-2,-26,-1,-4,2,-22,20,3,1,-9
14,7,17,-15,16,-4,2,-27,-6,-7,7,0
18,-20,19,-7,-1,-22,9,7,19,-10,9,4
1,-25,2,-9,-6,-2,-5,5,13,-2,17,-17
8,10,19,-22,16,-11,6,2,15,-16,5,-1
12,10,2,0,-5,-16,15,-14,5,11,10,-20
-4,-19,-6,9,15,-5,20,-21,1,7,7,-17
19,-12,7,1,17,6,8,11,11,3,8,-10
19,-1,12,14,7,-8,16,-20,10,6,9,-9
17,-19,-5,-16,13,4,-3,-16,12,4,-5,4
13,-1,-5,-12,19,-15,-4,-2,3,-13,18,-6
-3,10,-3,4,3,-10,14,-12,1,14,9,-14
3,-9,20,-6,-4,-8,11,15,5,13,17,13
19,9,19,11,19,-1,17,19,18,-13,-4,-8
15,-14,15,-10,17,-13,2,-7,2,21,-2,-12
19,7,0,-8,13,12,3,1,5,22,-5,-13
-5,3,16,23,1,14,4,8,16,-2,-4,20
8,17,7,-8,-4,-11,5,22,2,17,-6,4
13,9,3,-10,20,11,9,19,13,15,8,-6
-4,5,3,-1,2,15,1,23,3,17,4,3
0,24,12,27,3,0,14,-8,3,23,15,4
15,21,15,12,11,27,13,6,1,21,-2,29
19,22,12,-2,-1,7,-4,8,-5,18,6,9
4,27,15,30,16,30,-4,-3,17,31,4,30
3,26,19,7,5,32,-5,2,-6,-1,-2,-4
-2,-2,19,31,16,12,3,-3,15,33,-4,19
1,33,10,1,14,28,1,2,-1,2,-3,8
10,28,15,16,4,13,16,1,-6,30,20,23
17,9,11,4,15,19,2,24,1,32,14,16
-4,-4,-1,-30,-1,-18,11,-22,-3,-20,1,-30
-4,-4,3,-29,16,-15,-3,-31,3,-32,2,-13
-5,1,3,-26,1,-14,7,-26,13,2,-5,-1
-4,0,4,-1,4,-33,14,-6,11,-21,-4,0
-3,-1,19,3,12,-26,-2,-32,9,2,-3,-17
21,-24,13,-28,-3,-2,18,-24,-1,0,11,-2
12,-25,-3,-3,3,-10,5,-16,10,-8,5,1
-4,0,3,-10,14,-1,3,2,-1,5,16,5
-3,5,15,-23,-1,2,20,-2,-3,-23,7,1
-3,8,20,-10,6,-9,-4,-1,-5,-21,6,-13
9,9,8,-11,15,7,-3,-8,-4,-16,-4,-5
12,1,19,-12,21,-13,19,-13,-5,-9,18,-10
10,-19,3,-3,-2,-23,15,4,11,-4,0,4
-5,-8,1,12,10,-18,4,-13,19,-14,19,-1
15,11,4,-7,16,-8,13,0,13,0,16,-12
6,-6,2,15,2,-21,15,8,2,-10,10,13
16,1,20,15,2,13,-4,-9,17,-17,-4,-7
12,13,7,-19,18,-4,-4,-10,5,11,18,7
20,13,7,4,4,-17,-5,11,16,-3,2,-7
21,10,11,19,5,-13,-2,-15,16,0,20,11
-5,-15,4,3,4,4,10,12,1,2,8,9
19,4,5,7,19,3,1,-8,19,-10,16,1
12,1,5,1,-2,6,-4,-13,3,-8,7,18
13,6,12,-2,17,-10,-4,1,2,17,8,8
7,-1,5,20,5,18,2,-5,0,6,4,24
10,-7,14,-8,-1,9,5,-8,4,22,21,-4
2,22,3,21,15,25,1,26,9,-3,-1,13
0,-7,0,26,12,2,3,27,18,-4,5,-8
2,-7,6,23,3,-2,3,3,9,-2,0,27
5,26,12,28,2,-3,4,28,7,-2,6,27
-1,-2,0,0,5,26,10,29,6,0,8,28
20,18,2,10,-1,4,-2,9,16,18,-1,24
6,28,7,29,-4,-4,-3,19,17,27,2,17
17,28,6,-1,2,24,-4,20,17,21,6,16
-3,4,-3,11,19,15,11,11,0,29,-5,28
-3,0,-1,18,9,9,6,16,14,16,12,28
11,0,4,6,10,12,11,31,9,1,18,30
16,-5,0,-15,6,-1,1,-24,7,-14,22,-4
-4,-1,3,-29,5,-9,21,-35,6,-30,-3,-34
-2,-5,0,-11,-3,-24,4,-14,4,-33,15,-23
15,-2,5,-29,13,-23,-3,-21,5,-13,6,-25
16,-3,12,-3,1,-32,4,1,22,-10,9,-21
-3,5,-4,5,-1,-27,-1,-27,5,4,2,4
19,-18,20,1,0,-3,15,-13,3,-15,0,5
2,-20,20,-29,13,-20,11,-20,15,-10,21,-18
7,-14,-3,-11,6,-25,15,-12,-4,-20,10,8
9,-13,8,-26,11,1,6,-23,10,5,16,-13
8,4,22,-22,17,-2,12,4,5,3,0,4
21,-22,17,-17,16,2,0,-21,15,-23,9,-22
22,-21,16,8,5,-10,21,-20,15,9,16,-13
-2,4,0,-13,6,-4,13,-21,4,3,0,11
19,-16,4,-8,4,-8,12,0,3,-22,-4,-3
1,-10,7,-18,8,11,12,12,14,-11,11,0
14,-12,3,-9,13,-5,9,-7,5,-4,7,15
1,17,16,10,-3,14,-4,8,-3,7,-2,-3
11,12,-4,-15,4,13,21,15,6,-9,18,-1
14,-2,8,-5,2,0,-2,0,6,3,5,3
0,11,5,-2,2,-14,0,-4,8,-13,5,-3
9,-10,13,15,3,3,-2,11,0,-12,-3,4
20,15,6,-2,5,11,0,-5,3,11,12,-3
9,0,8,3,16,18,15,15,4,-8,-3,-7
4,22,16,-9,13,20,-2,-4,-4,-8,-4,-9
15,0,-4,23,8,24,21,-2,4,10,11,13
-1,-9,6,21,-2,-3,1,19,2,-6,-1,-6
7,27,2,14,7,3,2,21,12,6,-4,25
21,14,-2,-5,19,5,10,15,-3,-6,0,-7
13,20,-4,-5,22,6,7,27,1,13,11,-3
19,-5,5,-4,17,3,4,16,4,30,20,5
10,28,0,11,-3,11,19,22,17,21,-2,-3
18,32,2,32,22,-4,3,8,4,0,16,16
20,-1,4,17,0,21,22,-3,-1,30,-2,0
11,4,5,24,-3,22,15,-1,4,31,-1,15
-4,29,10,35,2,7,22,31,21,24,1,21
12,24,-1,6,1,3,16,32,7,1,9,17
0,-7,12,-19,17,-10,13,-1,10,-30,14,-11
-3,-2,-2,-17,-3,-20,17,-12,8,-16,11,-10
15,-30,23,-9,14,-1,-1,0,13,-4,1,-16
16,-6,4,-4,2,-18,-2,-29,20,0,12,-1
16,-3,5,-5,18,-19,19,-18,11,-2,17,0
16,-23,10,-30,9,-1,4,-1,5,-11,19,-23
15,-7,5,-21,16,-3,5,-17,22,-24,15,-15
21,5,20,-13,12,-20,10,-2,22,-10,-1,4
16,-28,15,1,3,6,-3,-25,16,6,21,-5
21,-5,11,-22,-2,-7,0,3,22,2,11,-10
5,4,8,-3,3,-10,0,0,14,-14,9,-2
23,-17,5,-1,12,-15,-3,-5,-1,-6,11,6
22,-20,14,-24,10,-9,11,-16,-1,-11,15,0
15,6,8,10,22,-15,17,7,-1,-23,4,-17
13,-21,1,-22,-2,-9,20,10,-3,-11,16,-21
20,-13,19,2,12,-5,8,-16,-3,13,4,-21
23,-18,16,-9,4,-9,20,-3,3,-15,15,1
22,-19,8,15,22,-15,2,-5,2,-2,-3,4
1,13,15,4,-3,-7,11,-5,19,17,17,-17
6,-4,7,-8,7,16,20,-8,10,-6,20,4
21,-15,2,-8,17,-12,17,-14,-2,-13,-3,15
17,5,0,7,-3,6,19,-4,0,-10,5,-10
1,21,9,16,6,15,19,-9,7,-13,22,-5
23,-4,1,-8,18,14,-1,-4,18,-7,7,20
10,-6,0,20,16,10,22,23,4,22,16,-7
6,3,13,-1,12,10,9,5,14,16,20,-8
22,23,22,-10,1,4,-1,0,9,-3,-2,-5
22,-8,17,26,21,-3,19,18,15,4,12,26
13,-4,4,-5,22,23,17,8,16,6,-3,0
7,6,12,24,6,5,17,-4,3,-6,0,16
0,19,13,-1,0,2,10,2,14,-4,-2,4
23,17,5,28,12,22,20,14,-2,23,2,1
0,10,23,27,9,13,-3,18,4,31,7,-2
12,0,16,17,15,5,9,18,21,12,20,6
12,0,0,6,10,0,-1,26,0,10,7,19
5,27,11,5,13,17,10,8,17,4,5,16
15,10,22,18,3,13,11,27,-1,14,2,20
17,-33,11,-19,6,-18,13,-34,20,-14,19,-31
17,-31,0,-17,21,0,7,-3,4,-22,5,-12
-1,0,8,0,6,-1,-1,1,10,-26,12,-24
19,-25,4,-27,19,-27,13,-22,16,-22,12,-7
24,3,-1,-27,19,-25,16,-20,12,-24,17,4
3,-22,13,-25,-2,-22,-2,-21,4,-10,4,-3
24,4,5,0,17,-23,20,2,4,2,6,5
-2,-2,20,-4,13,1,7,-26,5,4,-1,-26
20,-21,-1,-28,24,-21,12,-21,14,-28,0,-5
11,-25,-1,-13,3,1,12,-26,21,-27,17,1
2,-21,17,-17,23,-13,18,0,9,-14,21,-12
14,-19,16,-24,1,1,-1,-15,14,6,2,-9
17,10,12,10,12,-8,24,-22,9,-4,13,5
12,-2,0,9,12,0,11,-1,9,2,3,-14
18,2,3,12,14,7,24,-19,2,-18,22,12
13,12,3,-11,12,-13,21,-10,6,-14,-2,15
17,1,2,-11,23,-1,2,8,24,-2,4,-2
17,-12,11,15,23,7,13,-2,20,15,10,15
20,5,9,-8,10,10,1,-8,24,1,-1,2
19,-4,15,-5,21,-6,15,6,24,-6,15,-15
1,19,13,9,4,-4,0,8,23,2,-2,19
3,10,16,5,21,-3,3,-10,16,17,6,-14
1,-7,15,18,13,10,3,18,13,-2,13,8
10,-8,4,18,16,16,2,12,8,-11,11,5
4,15,14,8,1,-2,9,-2,1,16,9,16
15,0,23,-3,1,-2,23,-3,17,1,23,21
10,17,4,7,21,8,6,20,4,21,10,9
0,14,17,27,17,1,3,25,21,6,24,-6
8,13,17,-1,24,-7,14,10,3,27,20,25
7,14,7,2,21,9,19,20,8,22,20,0
5,13,15,1,16,30,13,19,19,7,12,13
6,15,7,5,14,-2,19,19,16,14,3,22
3,14,14,9,24,16,19,18,6,23,-1,8
12,22,1,20,7,30,21,1,0,7,10,6
11,22,12,5,-1,34,7,14,18,7,14,14
11,24,24,12,2,27,10,18,16,13,17,13
13,18,5,21,11,19,18,34,21,13,23,15
17,-14,24,-5,7,-31,4,-12,19,-3,11,-28
-1,-3,18,-11,19,-23,9,-2,8,-28,18,-6
20,0,0,-22,18,-15,7,0,14,-25,10,-26
8,-18,24,-9,23,-4,14,-2,9,-10,10,-12
2,-21,17,-13,14,-1,7,-20,1,1,12,-8
5,5,1,-17,11,-13,21,-28,11,-22,22,-9
25,-6,4,-23,12,-7,7,-4,12,-30,11,-23
14,-28,20,-17,16,-7,13,-7,25,-3,20,-7
12,3,14,-7,14,-2,17,-8,14,-4,15,5
19,-15,10,-15,17,-18,6,-25,16,-16,10,-2
16,-14,16,-13,18,-2,16,-10,13,1,4,-15
3,-5,17,-11,15,-8,12,-8,23,8,5,4
3,-5,12,-8,14,1,22,-22,15,-8,2,-4
14,2,6,4,17,5,11,4,23,-23,3,-15
4,-3,17,4,14,10,25,1,9,4,8,1
10,-4,13,3,14,-21,23,4,16,0,18,-8
13,-12,5,-6,13,4,-1,8,19,8,12,-18
6,4,10,-8,16,4,20,-15,13,-3,8,2
6,4,-1,14,13,8,22,4,18,-9,24,-1
5,0,15,-3,21,5,10,-6,10,13,14,19
3,6,5,5,13,-16,8,1,8,-13,10,-13
11,5,19,-1,18,6,18,5,15,-7,18,18
15,-2,13,-5,9,-5,14,13,14,-11,23,10
2,9,21,5,16,8,25,13,11,-2,25,-13
20,4,-1,-1,16,6,20,14,22,-4,18,14
20,6,25,25,11,-2,15,6,12,7,20,13
7,9,9,-3,4,10,17,7,12,-9,5,15
4,19,15,10,19,-9,17,24,3,7,11,16
1,12,13,15,13,-5,14,-4,19,-8,14,15
2,10,7,22,21,13,0,1,11,-5,19,14
5,15,20,9,23,30,21,-5,7,5,18,13
6,15,15,13,7,10,22,7,12,11,23,-3
21,13,10,12,17,11,5,4,20,15,-1,5
21,13,24,7,24,21,3,29,-1,20,16,11
1,17,9,14,21,16,17,22,19,10,12,26
3,15,16,14,8,15,20,24,19,24,15,22
8,20,8,23,12,20,12,19,7,15,9,19
0,0,1,-10,3,-7,8,-4,0,-27,19,-4
18,-14,10,-33,3,-12,0,-10,2,-32,6,-31
26,-22,16,-11,5,-3,1,2,7,-14,21,-19
7,-27,22,-4,6,-8,21,-4,16,-9,20,-14
3,-8,11,-10,23,-11,13,-14,13,-11,5,-7
11,-13,14,-12,24,-17,20,-30,21,-13,14,-18
6,-7,12,-2,13,-26,21,-2,5,-3,0,-19
15,-12,20,-29,24,-7,2,-2,8,-27,23,-23
8,-1,12,-19,17,-2,16,-18,26,4,12,-18
8,-2,6,-2,22,-20,6,-21,4,-13,3,-16
3,-5,21,-8,16,-21,23,-25,16,-9,18,-23
5,-5,6,3,25,-4,16,-25,4,7,9,2
7,-3,20,4,2,10,18,-9,9,-1,16,-10
3,-7,3,-12,17,5,24,-15,19,-12,3,-10
10,-5,23,-16,21,6,20,-5,26,-8,22,-7
6,-3,23,10,20,-4,9,-9,17,2,0,-9
3,-8,25,-15,12,-7,26,1,6,-13,4,-6
16,-1,0,9,6,7,13,-15,11,9,10,5
4,5,8,-8,16,13,3,-7,22,12,2,-9
5,12,22,-11,6,-3,12,-13,2,8,1,-8
5,-3,13,-8,16,16,26,11,4,10,9,10
11,6,21,-2,14,-6,12,-9,9,-3,10,8
7,4,24,5,12,6,18,11,4,16,8,13
4,5,3,23,22,4,7,15,14,13,14,10
8,10,4,13,20,10,4,-9,15,-11,23,20
5,10,23,-1,10,15,14,6,12,13,26,3
3,8,15,14,20,-7,18,8,21,-7,24,23
6,10,1,2,13,7,21,21,20,6,18,5
11,11,24,16,18,10,16,21,18,17,2,2
7,10,19,26,0,7,25,6,25,6,13,9
4,11,16,16,16,-2,21,8,13,-4,23,18
8,16,1,23,23,-2,9,31,11,18,13,-5
13,22,22,29,21,22,17,15,0,14,8,20
14,23,0,9,14,14,14,25,22,5,15,17
3,18,13,7,8,10,4,24,14,12,26,14
2,17,13,18,26,35,2,24,23,23,7,6
6,20,24,22,12,11,2,13,24,3,5,32
