-16,-12,-12,-21,-26,-27,-26,-33,0,-1,-26,-35
-16,-12,-12,-27,-1,-24,0,-4,-26,-24,0,0
-26,-33,-13,-19,-26,-16,0,-12,0,-2,0,-3
-10,3,-14,-17,-1,-23,-26,-26,0,-10,-26,-13
-6,-25,-2,-13,-1,-30,0,-14,0,-11,0,0
-2,5,-2,-15,-3,-4,0,-20,0,-1,0,-1
-6,-19,-16,-10,-1,-29,0,-20,0,-8,0,-9
-3,-23,-16,-11,-1,-29,0,-20,0,-9,0,-9
0,7,-2,-13,-2,8,0,-20,0,-9,0,-10
0,-18,-2,-23,-2,-5,0,5,0,-10,0,-10
0,-18,-3,9,-2,-15,-26,-26,0,-10,0,-3
-8,-18,-25,-2,-2,-15,0,-18,0,-17,0,-14
-8,-16,-3,-4,-2,-16,0,-18,0,-6,0,-14
-16,10,0,-19,-19,-10,-15,-15,-4,10,-17,9
-12,-21,-4,-12,-6,-5,-5,3,-10,2,-16,-1
-9,6,-1,11,-10,9,-20,-10,-12,-13,-9,-12
-26,4,-15,8,-8,-10,-11,1,0,-15,0,-11
-15,-13,-2,-7,-18,-17,-22,2,-12,5,-15,9
-2,17,-3,-1,-4,-4,0,-15,-12,-5,-13,0
-18,-1,-24,-4,-12,-11,-10,16,-26,10,-7,5
-6,-10,-12,17,-11,-15,-19,0,-7,-9,-9,1
-18,7,-7,19,-24,-13,0,-10,-18,-9,-6,16
-5,-7,-22,1,-25,-10,0,-10,-22,13,-5,10
-1,23,-3,3,-2,-9,-1,12,0,-9,0,-13
0,-7,-3,3,0,-1,0,-10,0,-10,0,7
-1,-3,-3,-4,-2,-9,0,-10,0,-10,0,5
-1,-5,-4,21,0,0,0,-10,0,-10,-1,20
-1,-8,-4,13,0,0,-1,24,-1,18,0,4
-2,1,-4,12,0,0,-1,19,-1,16,0,0
-2,1,0,13,0,-2,-1,17,-1,16,0,-2
-2,-1,-17,27,-2,-5,-1,17,-1,15,-1,18
-3,0,-23,9,-3,18,-1,16,-1,14,-1,16
-3,0,-22,14,0,0,-1,16,-1,7,0,-2
-3,-1,-22,28,0,-3,-1,16,-1,5,0,-2
-4,0,-21,14,-1,7,-1,9,-1,3,-1,17
-9,7,-1,21,-3,3,0,29,-1,0,-1,32
-3,35,-1,21,-3,0,-1,10,0,11,-1,32
-12,-30,-7,-22,-3,-35,0,-27,0,-36,0,-18
-5,-25,-16,-13,0,-27,0,-27,-25,-34,0,-29
-6,-31,-16,-16,-4,-24,0,-28,1,-25,0,-32
-1,-30,-25,-6,-6,3,1,-12,-1,-7,0,-32
-5,-27,-9,-9,-6,-24,0,-25,-1,-16,0,-5
-3,-31,-9,-13,-10,3,0,-26,-1,-16,0,-31
-4,-28,-9,-13,-10,-17,0,-28,-1,-18,0,-4
-5,-25,-10,-13,0,-22,0,-28,-1,-18,-1,3
-5,-26,-10,-13,0,-22,0,-28,1,-22,-1,2
-5,-26,-11,2,0,-22,-1,9,-1,-17,0,-5
-5,-26,-11,-13,-11,-21,-1,3,-1,-17,-1,3
-6,-20,-12,-4,-1,-2,-1,-11,-1,-17,0,-5
-9,-16,-8,-3,-24,-14,-14,-20,-20,-6,-9,-10
-6,12,0,-12,-25,5,-4,8,-14,-18,-5,-2
-2,-10,-7,-3,-25,3,-5,-15,-12,-18,-7,0
-8,-20,-5,15,-9,-7,-4,-6,-14,-21,-9,-15
-21,1,-13,-15,-8,4,1,4,-22,16,-21,1
-8,-14,-16,-9,-4,12,-1,8,-15,8,-16,-13
-6,-14,-12,-1,-1,-9,-1,8,1,-15,-1,10
-6,-15,-12,-1,-12,10,-1,8,-1,-12,0,-1
-6,-15,-12,-8,-1,-11,-1,8,-1,-13,0,-5
-7,21,-16,8,-3,8,-22,15,-13,-11,-8,0
-7,-8,-13,11,-1,-14,1,6,-1,-12,0,-4
-2,-4,-13,8,-12,12,-1,10,-1,-12,0,-5
1,-10,-13,5,-2,24,-1,4,-1,-12,-1,14
1,-10,-13,-4,-2,0,-1,4,-2,25,-1,8
1,-10,-14,24,-2,0,-1,1,-2,23,0,-5
0,-7,-15,14,-2,0,-1,1,-2,23,-1,27
0,-8,-8,14,-12,8,-1,1,-2,23,-1,8
-1,-5,-7,9,-2,-2,-1,1,-2,22,-1,24
-1,-5,0,17,-2,-4,-1,-1,-2,19,-1,21
-1,-5,0,12,-2,-4,-1,-1,-2,13,-1,18
-2,-3,0,12,-3,32,-1,-2,-2,13,-1,16
-2,-3,-2,24,-13,22,-1,-2,-2,13,-1,12
-3,-1,-3,34,-13,21,-1,-2,-2,13,-1,9
-4,0,-3,23,-3,2,-2,35,-2,13,-1,9
-6,8,0,20,-16,21,-2,32,0,33,-1,9
-14,0,-2,-21,-12,-15,-1,-5,-1,-27,-20,-13
-2,-28,-3,-12,-13,-28,-1,-6,-1,-30,0,-27
-3,-34,-16,-10,-11,-17,-1,-14,-1,-30,0,-29
-1,-25,-16,-11,-2,-31,-1,-5,1,-11,0,-33
1,-23,-3,-17,-2,-32,-1,-18,1,-22,0,-30
1,-21,-4,-9,-3,-20,-1,-20,-1,-29,0,-30
2,-20,-5,-14,-3,-28,-1,-20,-1,-29,-1,6
0,-25,-5,-14,-3,-28,-1,-20,-1,-29,-1,0
2,8,-5,-14,-3,-28,-1,-23,-2,8,-1,-2
0,-17,-6,-5,-4,7,-1,-23,-2,-5,-1,-12
-17,-6,-13,-11,-24,-18,-1,-23,-20,-24,-12,10
-15,-4,-14,8,-9,-4,-10,-23,-1,-3,-9,-5
-16,-23,-20,11,-7,9,-13,0,-22,-8,-19,-19
-9,-23,-4,-21,-15,8,-14,10,0,-5,-7,-21
-20,-12,-4,8,2,8,-12,6,-6,2,-4,-15
-3,7,-3,-11,-19,8,-17,10,-8,15,-22,8
-15,8,-16,16,-4,-17,-5,15,-11,7,-16,-15
-20,17,-14,-5,0,-3,1,-6,-21,-5,-20,-5
-5,-18,-17,7,-11,-3,-1,-16,-2,1,-1,14
-3,-9,2,-1,-4,-13,-1,-16,-2,1,-1,-6
-22,-15,-21,7,-20,12,-23,-5,-20,0,-20,15
-9,12,-13,1,-19,-15,-10,-7,1,-6,-3,4
2,-11,-24,11,-12,6,-1,-14,-2,2,-19,-14
-6,-12,-23,-1,-12,5,-2,23,-2,2,-1,18
-6,-10,-23,15,-4,-10,-2,11,-2,-10,-1,-2
2,0,-22,8,-4,-10,-2,8,-2,-10,-1,-2
-1,0,-12,9,-4,-10,-2,8,-2,-10,-1,-5
-6,-4,-12,11,-5,25,-2,8,-3,20,-2,20
1,27,-12,14,-5,24,-2,7,-3,18,-2,20
0,4,-11,12,-5,22,-2,3,-3,15,-2,19
-1,5,-10,12,-5,22,-2,-3,-3,5,-2,17
1,6,-9,8,-5,4,-2,-3,-3,3,-2,14
-6,-4,-8,15,-5,1,-2,-3,-3,-2,-2,14
1,1,-18,4,-5,1,-2,-3,-3,-2,-2,14
-1,34,0,33,0,23,-18,-1,-23,24,-1,26
-7,29,0,22,0,14,-1,18,-3,-1,-2,0
0,12,0,20,-5,17,2,19,-4,34,-2,0
-22,-35,-17,-21,-23,-35,-2,-1,2,-29,-2,0
-4,-29,-16,-11,-11,-18,3,-18,-3,-2,0,-12
-2,-23,-16,-12,-4,-31,-2,-4,-3,-2,0,-14
-1,-24,-17,-13,-4,-31,-2,-6,-3,-3,-2,1
3,-28,-17,-11,-4,-31,-2,-6,-3,-6,-2,-3
-1,-27,-16,-14,-11,-21,-2,-9,-3,-6,-2,-4
-8,-28,-3,-13,-4,-30,-2,-9,-3,-14,0,-11
-1,-21,-5,-9,-5,5,-2,-9,-3,-14,-2,-7
2,-21,-3,-8,-12,-27,-2,-17,-3,-14,-2,-7
-1,-17,-21,-1,-5,-13,-2,-18,-3,-23,-2,-9
-14,10,3,-8,-13,-8,-2,-18,-3,-24,0,-8
-13,-11,-11,8,-11,-21,-13,-22,-20,-14,-22,5
-2,5,-19,-17,-15,2,2,11,-15,-22,-20,-16
1,3,-22,-17,3,5,-12,-11,-20,-13,3,10
-2,2,-23,2,-18,-4,-9,7,-2,-6,-3,-3
-3,2,-19,-10,-18,-7,2,10,-5,4,-18,1
-1,4,-10,14,-17,14,-17,-8,-14,1,-21,-12
-5,13,1,6,-10,-11,-17,-4,-14,-7,-20,4
-22,10,-12,-9,-21,-7,-18,-10,-15,10,-5,-9
-1,18,-23,14,-15,-13,-2,-15,3,14,-7,5
-9,-10,-16,-1,-3,-11,-18,20,-1,16,-7,5
-13,11,-10,17,-11,17,-14,19,-6,13,-19,-15
-9,22,-1,4,-13,-13,-2,-13,-3,-13,0,3
-8,23,-23,10,-5,-8,-2,-13,-3,-13,0,3
-2,-3,-6,4,-6,11,-3,24,-4,24,-2,4
-3,25,-6,-1,1,19,-7,4,-13,-2,-18,-2
3,-4,-6,7,-6,5,-3,24,-4,23,0,4
-4,0,-6,14,-7,24,-3,24,-4,20,-2,4
1,-1,-4,10,-8,28,-3,21,-4,20,-2,0
-4,3,-3,4,-8,26,-3,19,-4,13,-2,-3
3,1,-3,9,-9,30,-3,10,-4,13,-2,-4
2,1,-3,11,-14,30,-3,9,-4,10,-2,-4
-2,32,-2,12,-9,17,-3,0,-4,10,0,0
-16,22,-20,26,-22,8,3,13,2,-1,-2,-3
-10,5,-2,19,3,4,0,16,-4,3,2,12
-14,24,-2,21,-9,17,-3,1,-4,3,-3,33
-1,5,-1,16,3,2,-3,1,-4,1,-3,33
-7,-29,4,-12,2,-17,-2,-36,-7,-17,-3,-24
-5,-28,-7,-8,2,-11,-3,1,2,-4,-4,-15
1,-27,0,-17,-13,-15,-3,0,2,-4,1,-32
-14,-8,1,-28,-19,3,-3,0,-11,-15,-2,-3
0,-21,-7,-13,-13,-14,-3,0,-3,-32,1,-31
2,-25,-21,-6,-14,-6,-3,-2,-4,3,1,-31
-14,6,-17,-9,-8,-13,-3,-2,-4,-7,0,6
-3,-18,-16,-13,-8,-15,-3,-2,-4,-7,-2,0
-2,-19,-16,-10,-8,-15,-3,-6,-4,-7,3,-16
-13,-10,-9,9,-1,-14,-15,-16,-1,-23,-3,-10
4,7,-14,7,-12,3,-4,-13,-17,8,3,-3
-16,-7,2,-4,-2,-9,-6,4,-9,-17,-13,-17
-16,-21,-7,-19,-10,4,-16,11,2,3,2,9
-5,6,-15,-13,0,-15,-7,3,-16,4,0,-12
-3,2,-20,-22,-4,8,-8,-12,-16,10,-15,-17
0,1,3,-15,-10,12,3,-3,-14,-1,-8,9
-14,12,-20,-5,-6,15,-6,6,-20,-12,-12,-14
-22,-16,-16,3,-9,-17,-17,2,-14,8,-4,10
-22,-6,-5,-9,-6,-7,3,8,-10,-10,2,4
-12,4,-14,17,0,-6,-6,15,0,17,-7,-3
-9,20,1,7,-9,6,-3,4,-4,4,0,16
-1,-12,4,-15,-12,-6,-12,3,3,11,-17,-5
3,-11,-16,0,-15,11,3,8,-4,5,-2,14
-1,-3,-10,5,-8,10,-3,6,-4,3,-2,14
-15,9,-22,5,4,9,2,16,-4,23,2,2
-4,0,-6,3,2,-8,2,6,-22,22,-19,5
-14,11,-4,-3,-15,2,-17,-8,-15,22,3,5
-1,-5,-9,9,-8,13,-3,8,-4,5,-2,11
-3,-1,4,24,3,17,2,-5,3,7,-6,12
-10,0,-1,22,-18,25,-10,27,0,21,-1,16
-9,-1,0,27,-7,26,-10,23,-3,3,0,24
-15,12,3,0,-4,23,-14,13,-8,17,0,17
-15,20,-7,16,4,28,-3,12,-8,-1,0,17
-13,21,-9,17,-8,17,-3,12,-4,-2,-2,14
-13,21,-9,20,-8,17,-3,12,-4,-2,0,18
-15,22,-9,29,-8,15,1,32,-5,21,0,15
-3,36,1,19,-8,15,1,30,-5,21,0,15
-14,-31,4,-34,-16,-31,1,-4,-19,-2,2,-1
-11,-17,-21,-1,-17,-20,-14,1,1,-22,-12,-18
-12,-8,-6,-26,-10,-28,-2,-29,-6,-29,-16,-8
-11,-13,-12,-31,3,-27,-2,-29,-16,-16,-2,-15
-12,-12,-11,-27,-14,-14,-2,-23,-11,-32,-11,-16
-4,4,-16,5,0,2,-16,-4,-8,-9,-1,-16
-11,-28,-21,-8,3,3,-2,1,-4,-19,-18,-17
-10,-22,-20,0,-8,-18,1,-2,-7,2,5,-26
-12,-20,0,4,-3,-15,-15,-4,-7,7,1,-18
-4,-27,-8,-3,-4,2,-11,-27,-14,-25,4,1
-20,-22,-15,1,1,6,-10,-16,-9,5,-14,10
5,7,-8,-23,-13,-17,-20,-11,-16,-3,-15,-15
-4,-14,4,-14,-6,-13,5,4,4,-10,-1,-10
-15,-14,-12,7,-10,2,-7,3,-14,-14,1,-16
-2,5,0,-10,-15,11,-15,1,-14,-12,-10,0
-10,8,5,5,-9,14,-10,-12,3,4,3,-4
4,-4,-7,6,-1,-12,-9,16,-15,10,-21,-4
-3,4,5,-2,-14,13,-16,-3,-9,5,-14,-5
-16,-3,-19,-13,-18,-15,-12,15,-3,12,-12,16
5,10,4,19,4,19,-16,5,4,0,2,16
-5,-12,-12,-11,-15,9,-5,0,-16,-13,-1,-10
-5,15,-10,-2,-15,21,-6,13,-3,-3,-6,-9
1,-11,-16,0,-8,17,-2,-11,3,10,1,-12
-13,11,-12,4,-13,22,-12,0,0,4,-5,3
-9,-7,5,15,5,4,4,24,5,-5,-2,14
-8,-3,-15,20,-4,15,-14,18,2,23,-7,11
-12,-10,1,-6,-14,19,-19,-2,1,1,-9,3
-4,-3,1,-7,-9,21,-1,-6,-16,22,-18,-3
-1,0,-17,20,2,22,2,9,3,15,-21,13
-1,-4,5,12,-18,5,-2,0,-13,-3,-3,-7
-7,2,-10,16,-6,6,0,0,-4,14,2,21
-12,7,-12,-5,-2,8,-16,28,-18,10,-15,28
-14,14,-17,12,-14,20,1,18,3,0,-1,0
-9,3,-8,30,-8,23,2,13,-4,15,-1,-1
-12,20,-18,11,2,26,-2,0,-4,15,-21,24
-13,22,-18,11,-8,20,2,14,2,27,-1,0
-14,22,-18,2,5,12,-2,1,2,20,-1,0
-8,-27,-6,-34,-20,-16,2,-25,-18,-25,-17,-19
-2,-32,-20,1,6,-13,2,0,-17,-35,1,-10
-11,-16,-9,-32,6,-14,3,-26,-8,-9,-1,-32
-13,-17,-9,-6,3,-1,-1,-33,3,-14,-1,3
-19,-6,-9,-31,-1,-9,-2,2,-10,-11,-7,-1
-4,1,-2,-14,3,-17,-2,-9,-4,-11,-19,-19
-9,2,-6,-19,5,-14,2,-9,-4,-3,-15,-29
5,-17,-10,6,-14,-24,-4,-5,-11,2,-9,5
0,-3,-10,-18,-20,6,0,2,-4,-27,-17,-21
-11,-23,5,-12,-6,-18,-10,4,5,-7,-3,-8
-7,-22,-15,1,-9,7,-7,5,0,-13,-6,-20
-19,0,-1,-25,3,-17,-13,-10,-9,-11,1,1
-12,3,6,-11,0,2,0,-7,-19,3,-1,10
-14,-22,-11,-10,6,-4,-1,-17,-5,13,-18,4
1,-16,5,-21,5,11,-2,-1,-14,-5,3,-1
-7,-20,1,13,4,-1,-2,-14,-18,-14,-18,15
-20,11,-13,12,-16,5,-14,-18,-11,9,2,-16
-7,14,-6,-3,-4,-17,-2,-7,-9,-17,-9,7
-10,-17,-17,12,-10,16,-5,11,-14,-15,-10,-13
-17,14,2,-4,-9,-3,-3,18,-11,16,-10,-17
3,12,-8,-15,-9,2,-15,12,-1,-10,-18,14
-5,19,-4,-12,-9,7,0,4,-5,-5,-13,-7
-8,-6,-18,-5,-13,17,-2,17,-1,17,-7,19
-13,0,5,20,-1,-7,-7,17,-1,-1,-1,-7
-5,14,-16,-3,4,1,-14,24,-3,-10,-13,-3
-16,20,5,16,-15,22,4,8,0,12,-11,-6
1,21,1,-6,-18,19,-5,12,-4,-1,-4,22
4,15,-3,17,3,-6,-6,19,-5,25,-15,-2
1,-3,-4,1,-12,10,2,12,1,-3,-20,14
-13,29,-6,10,-20,26,2,9,-5,26,-19,12
3,-3,-3,14,3,25,-11,12,-10,12,-15,9
-6,-3,-7,1,3,24,-2,15,-14,15,-1,23
-1,8,-18,23,-19,-1,-2,15,3,3,-19,17
-3,28,-6,16,-10,16,-5,31,2,20,-20,32
-10,23,3,16,2,22,-11,12,-11,11,-15,15
-13,25,-3,18,5,21,-5,32,-18,5,-19,24
-6,29,2,28,-19,22,-2,16,2,21,-19,32
-17,0,-12,-20,-16,-6,0,-12,-16,-30,-13,-28
-11,-33,7,-13,-11,-16,-19,-20,-4,-17,6,-18
-9,-29,1,-5,1,-9,-18,-19,-15,-11,2,-3
-10,0,6,-4,-15,-14,4,-6,-8,-18,-8,-18
6,-2,-11,-26,7,-29,-1,-17,-12,-15,3,1
-5,1,-2,-13,-12,-9,-10,-19,-18,-29,-17,-14
-5,4,7,1,-12,-9,-10,-26,3,-10,-17,3
-10,-13,-11,-27,-8,-26,-14,-29,-17,-29,-3,-1
-11,0,-12,5,-4,0,-3,-3,-9,-18,-9,7
-1,-2,-12,3,-7,-3,-14,-4,-16,-18,-7,-16
-16,-13,1,-16,5,-8,-15,-26,3,0,-16,-11
-3,-15,-8,-4,0,1,-15,-18,-18,-17,-13,1
-19,5,7,11,3,-3,-1,-10,-12,-4,0,-8
-18,9,-13,13,3,-3,-10,-20,-4,-6,-16,-5
-8,-10,7,-14,-18,-15,-1,-17,-4,-6,-17,10
-17,-21,1,5,3,-5,-1,-19,3,-4,-16,-7
-4,-10,-17,8,-12,-4,-2,2,-17,-11,-14,-1
7,-7,-18,7,-11,-18,2,10,-4,-4,-16,1
-18,12,-5,2,-15,-16,-2,3,-18,-8,-14,7
-17,-12,-19,-8,-12,-17,-7,-2,-9,7,-1,19
3,-10,-16,10,7,8,1,6,-4,-9,-19,17
-13,13,-18,-15,-5,12,-3,-11,-8,16,-6,-3
-19,-8,5,22,-16,-12,-2,3,-5,22,0,0
3,21,-15,-11,-12,-8,-11,14,-18,16,-12,0
-19,13,-1,20,-13,-11,2,-8,-16,-8,1,1
-12,24,3,-5,1,25,-1,6,6,-8,-11,23
-12,9,-9,-9,5,17,-2,6,-8,19,-10,-3
-6,-9,-4,-9,2,13,-10,-8,-17,5,-13,-5
-19,18,-18,-5,-5,-5,-2,7,-18,11,-18,26
3,29,-16,11,-19,28,-3,27,-5,14,-16,20
-2,30,-14,-6,4,7,-11,30,-12,16,0,3
-9,12,-14,25,-10,28,-4,22,2,23,-13,6
-4,-3,5,18,-11,30,-15,2,-17,8,-16,27
-3,-2,-3,12,-10,27,-11,22,2,24,3,11
-1,28,1,22,-13,5,-2,27,-18,18,-17,24
-11,12,-5,20,2,20,-11,22,-5,19,-16,32
-8,5,-5,22,2,20,-4,19,-5,19,0,5
-18,-31,8,-35,-1,-25,-8,-6,-15,-8,-16,-25
-4,-25,-16,-15,-14,-28,-16,-5,-9,-26,1,-31
-16,-2,0,-32,3,-26,-10,-8,0,-29,0,-1
-4,-22,-16,-22,8,-20,-4,-27,1,-10,0,-28
-15,1,-17,-23,-11,-17,5,3,-3,3,-14,-4
-7,-21,0,-5,-11,-23,-17,-19,7,-13,0,-7
-5,-27,7,-16,-16,0,-3,-15,-16,-25,-17,-7
-18,4,-10,-3,2,4,8,-6,1,6,-10,-23
-8,-17,-1,-23,-3,7,-3,-10,-9,-8,-10,-25
-17,-4,1,-25,-13,0,-12,-21,-11,-19,-16,-27
-3,4,1,-1,-2,-8,-2,-5,-7,-2,-17,-2
-15,3,6,-15,-17,7,-3,-8,3,-2,-14,4
-12,-24,2,-24,-9,2,-3,-10,3,-3,1,-23
-5,-12,-16,-2,-14,7,-10,-9,-4,9,-13,12
-11,-11,2,-16,-5,12,-13,-9,-18,-8,1,-22
-7,-20,-12,-12,7,3,5,13,-2,13,-17,-7
6,9,-6,-14,-12,8,-9,-14,-10,-9,-7,3
-18,9,-15,0,-9,6,3,9,-12,5,-13,-5
-13,-13,-3,-1,3,12,3,6,-12,5,0,16
-1,15,-2,11,-11,16,3,6,-3,-8,7,8
-2,12,-18,-9,0,-13,-7,7,-4,-10,-9,-16
-1,11,-16,17,-5,14,-1,-13,5,20,-17,-5
-13,-1,-15,19,-13,2,-14,-5,-1,16,-3,-12
4,12,-4,15,-13,-1,-9,-13,6,22,-3,18
-3,16,0,19,-16,24,-3,1,-2,2,-10,-8
-18,10,-12,14,2,20,3,-1,-6,25,-15,13
-18,25,-16,15,-11,16,-3,-8,-12,19,-16,14
-11,19,-11,20,-9,-5,-14,-7,-17,25,2,26
-18,10,-9,19,-13,-5,-15,3,5,-2,-13,21
-9,-1,-13,21,4,27,-13,25,-17,16,-12,10
-16,-4,-13,3,-18,5,-1,-2,-16,-5,0,22
-5,-3,-13,13,-13,-4,-3,5,-4,13,-15,14
-17,-4,-13,9,-17,29,2,23,-4,13,-15,21
0,1,-16,15,-16,0,-3,2,-16,15,-13,27
-8,14,-3,16,2,27,-4,34,3,8,0,21
-4,4,-17,31,2,14,-4,20,-4,15,-12,21
-8,6,-15,31,1,33,-4,19,-4,15,-12,23
-9,-2,8,-6,-14,-29,-14,-21,-17,-1,8,-27
-1,-30,2,-14,-15,-7,3,-20,-15,-16,1,-14
-14,-33,-9,-33,9,0,5,0,-5,-18,-14,-8
-1,-31,1,-15,-4,-29,-6,1,-15,-13,1,-14
-14,0,-17,1,-5,-23,-9,-10,-17,-25,-7,-6
3,4,-13,-17,-4,-26,-3,-14,-2,-28,-14,-19
-10,-22,-17,-2,-8,-29,-3,-14,-12,-29,-13,-20
-6,-12,-16,-24,-7,-6,8,3,-9,-29,1,-11
-2,-19,8,-9,-11,-24,-6,5,-14,-3,1,-18
-7,1,-7,-20,2,-2,-5,6,4,-13,1,-25
-12,9,-16,-7,-5,-11,-13,8,-5,-20,-15,-6
-16,2,2,-24,-15,1,-3,-10,0,8,-16,1
-16,-19,8,2,-14,1,-8,-19,-15,1,-2,10
-17,-1,6,11,8,4,0,-14,4,2,-16,-19
-13,12,-3,-16,-6,7,-3,13,-6,-3,1,-18
-15,4,7,11,-16,-5,-13,-4,4,-14,1,-6
-1,7,-10,6,-6,-1,-6,12,-12,15,-2,-8
-11,13,-4,8,-8,-19,-12,-4,-1,-9,-1,12
-14,7,-7,-1,-8,-7,2,0,-8,-15,-2,8
7,4,-17,13,-1,15,2,-6,0,7,-10,-11
-14,-10,-10,-9,-14,-15,-12,-9,-9,-11,-14,-14
-6,-15,-5,21,-9,2,-10,-13,3,9,9,-11
-6,22,-5,-4,-17,16,-15,15,-5,-4,-17,-5
-12,9,-10,-2,1,20,-7,23,-8,-8,-1,23
-4,20,-8,2,4,16,1,-4,-7,20,-8,-8
-16,1,-1,11,2,16,-3,3,-17,-3,-10,-7
-5,2,-16,6,-16,25,-3,17,-9,-2,-2,-6
4,25,-9,1,-13,22,-2,7,-8,1,0,2
-17,6,1,1,2,13,-9,13,8,-2,1,6
-7,5,-17,11,3,25,-3,6,4,-1,-11,28
-9,-1,-9,19,2,13,-3,1,-3,8,-11,30
-7,10,1,31,-15,27,-9,3,-4,21,-15,-4
-8,11,-9,19,-8,20,-3,0,-15,22,-10,-4
-1,4,-14,18,9,20,-3,0,-1,15,-3,18
-16,0,1,-2,9,34,-2,-1,0,12,0,11
-8,12,2,21,-5,1,-3,11,3,30,-10,15
-2,5,1,23,-7,22,-5,27,-4,25,-10,17
-4,-26,3,-13,1,-9,-6,-26,8,-16,8,-29
-8,-29,2,-8,-15,-11,-12,-17,0,-5,4,-11
-12,-33,3,-15,6,-16,5,-27,-2,-11,-14,-25
-11,-2,-15,-9,-9,-31,-2,0,4,-27,7,-27
4,-20,-10,-27,-6,-11,3,-11,-12,-24,1,-26
-7,-30,-6,-5,-13,-5,1,-11,8,5,-14,-12
-13,-4,-16,5,2,6,10,-15,-8,-12,-6,-27
-4,4,1,-17,-12,4,-3,-3,-11,1,10,7
-12,2,10,-17,-7,-5,-3,-6,3,6,1,8
-2,-23,5,-27,4,-8,-1,-27,-4,-14,-12,-16
-16,-13,3,-16,3,-8,1,-7,-11,2,-13,-25
-13,-13,-8,-25,5,10,-8,-12,-12,-11,-10,-11
-12,-4,6,-23,4,-17,-8,-19,5,12,-8,-6
-14,-10,-16,-23,-12,-22,3,7,1,13,-8,4
9,1,-1,-16,-10,-3,-5,0,-4,-11,-14,-10
8,2,-8,-5,-9,13,1,11,0,2,-14,-15
8,10,7,-8,-4,7,-9,-1,-10,-9,8,-17
-7,-12,6,-5,10,-4,-6,13,-4,8,-2,-8
-13,11,4,13,-6,-8,-3,3,-14,-5,-9,5
-4,-13,8,17,1,-4,3,-5,0,5,-9,8
-15,-10,-5,3,-9,-5,3,-6,-16,1,-16,-9
-10,-11,1,10,-10,-6,-6,-1,-2,-11,-8,6
-10,21,-14,9,5,18,5,-9,3,18,-8,8
7,17,1,22,-10,-13,-15,23,-5,9,1,-8
4,22,-11,-6,4,15,-3,8,-5,-1,-4,-8
-14,8,4,12,-8,10,-8,-10,-14,12,-8,-4
-15,1,-2,17,-13,11,1,8,-3,8,-15,-10
1,24,-5,22,9,-6,-1,27,-15,16,-13,1
-10,16,-9,20,10,9,-1,23,-3,8,-4,1
-2,0,7,29,4,23,-3,12,-3,8,-8,16
-8,12,4,-2,4,22,-3,12,-3,-1,-8,18
-12,-3,3,12,-12,30,-9,20,3,22,-12,11
5,31,3,16,4,10,-9,20,-13,-2,-8,21
-4,-2,-11,22,8,31,-1,0,4,7,-16,25
-15,34,1,5,-4,1,-3,14,-15,10,2,4
-6,21,-15,19,3,34,-2,22,-13,16,2,0
-6,13,7,29,-12,29,-16,13,6,6,-10,18
11,-11,-10,-13,3,-1,-5,-21,-8,-24,7,-2
10,-2,-11,-23,-13,-11,11,-10,9,-6,-14,-19
-2,-3,-13,-33,-8,-30,-8,0,-4,-2,-6,-21
11,-10,-2,-22,0,-9,5,-20,-2,0,2,1
1,2,-8,4,-5,-4,2,-2,2,-7,2,-4
8,2,-7,-10,-1,-1,-9,-22,9,-9,-1,-11
-5,2,-4,-30,7,-2,11,-18,0,-26,-11,-13
-15,-19,-2,-29,-10,-23,-8,-9,8,-18,-8,-14
-9,8,2,-14,4,-6,-1,-6,-12,-5,11,1
-15,-7,-10,-16,-6,-13,-11,-11,8,-17,-2,-17
-11,2,-12,-10,-12,-2,1,-14,10,8,-14,1
-11,-11,7,7,-10,-8,-3,10,-8,10,-8,-14
-4,-10,2,-22,-8,-23,-1,10,1,-11,2,-20
5,1,-13,12,2,11,-10,2,-9,10,2,-22
-9,-10,6,-16,-13,-13,1,-19,0,-10,7,9
9,-3,11,-14,2,-7,0,14,-3,11,1,-21
9,12,6,-1,-2,-6,3,15,-7,12,-14,0
-13,-3,0,5,-7,14,5,-9,-10,13,8,-16
-6,9,10,6,-5,2,-8,-1,-12,0,6,-4
-14,0,-11,6,6,2,-11,18,-2,-3,6,13
-10,-10,-5,16,5,19,1,14,9,3,-14,12
1,7,-14,-13,7,20,2,12,-10,-3,-1,12
4,7,-5,2,10,16,-4,7,-11,18,-14,4
6,9,-2,13,6,2,0,12,6,5,-4,-8
3,21,7,0,7,7,-3,14,-12,-5,-1,-9
-15,-2,-3,-2,-14,20,-2,4,5,6,-7,4
-5,9,-12,26,2,7,-11,9,-5,-8,-5,21
-13,1,-11,25,7,13,3,14,-13,18,3,-2
-9,17,-8,-6,-14,7,8,16,10,28,-14,7
-15,29,-8,14,-6,15,-14,9,-14,17,-6,16
-7,20,-3,17,-7,30,-2,-1,-14,15,2,16
-7,7,-10,7,-1,5,-6,12,5,30,-9,19
-12,-2,-8,30,-6,16,-2,-3,-12,22,-9,16
-4,10,8,11,2,13,-15,33,-3,23,-6,21
-10,-2,-6,23,1,32,9,29,-3,19,2,18
-4,7,-5,24,-4,1,9,29,-6,5,-9,24
-5,34,-6,9,8,7,-15,23,-2,35,-8,18
-5,-4,-14,-20,-14,-19,4,-25,-5,-35,7,-19
6,-13,-13,-5,5,-15,2,-21,-11,-4,4,0
-8,-14,10,-1,9,1,9,-12,-13,-16,3,-18
7,-3,5,0,1,-7,-9,-19,0,-3,1,-25
8,-4,-4,-19,-6,-17,-6,-25,2,-15,-7,-12
-9,-28,9,-23,-2,-24,-2,-6,-13,1,-7,-9
10,-3,9,-20,-7,-2,-2,-7,-12,2,-5,-5
-11,-11,-2,3,-6,-17,-2,-8,9,-26,6,-17
-11,-28,-6,2,9,-13,-2,-26,-11,4,-5,5
2,4,-8,-3,-7,3,-10,4,-2,-7,-7,-3
-7,-14,7,-6,-3,-15,11,8,1,0,-11,-26
-12,2,2,-23,-13,4,-1,9,-6,4,12,3
-9,6,4,-14,7,-10,-10,3,8,5,6,-13
8,0,-5,-12,8,6,8,-10,12,6,-1,-19
-9,-6,-10,-16,1,9,-2,-22,-8,14,-8,6
-9,-10,-5,-15,-13,-1,10,1,-12,10,-3,11
-5,-11,-9,-13,10,11,-1,-6,-12,13,3,11
-8,-6,1,-9,-4,12,-8,9,-12,-17,12,-13
-12,12,-8,15,-1,6,-6,-3,10,14,-1,18
8,13,-7,-8,-3,13,-6,-6,4,-8,-4,-7
-12,-10,-10,11,-10,8,-3,19,-4,-2,-3,-13
-9,-7,7,9,-9,15,-8,7,-1,19,-12,1
4,10,8,-14,-9,12,-9,-5,2,-2,4,18
-14,-6,1,-11,-8,18,-9,4,4,-3,3,1
-6,7,-5,-5,-8,20,-12,12,-7,17,-3,-11
4,1,-11,0,11,1,-5,9,-4,14,-5,7
-10,19,-10,7,-4,5,-4,6,-6,4,3,23
4,0,10,21,12,16,-3,5,-13,-8,-14,5
-1,1,-4,26,5,8,10,-1,-2,11,-13,23
-14,8,2,0,-5,22,-6,9,5,15,-3,24
-12,3,-8,-6,1,17,0,14,2,2,-6,20
-4,-2,-4,3,2,8,-12,0,-9,2,-10,28
-3,7,-9,28,-14,11,-3,22,-13,7,8,21
-6,32,12,2,-13,10,7,16,-6,7,-6,10
-11,17,10,25,-1,33,-3,9,-13,29,-11,26
-6,-1,11,8,-11,18,9,12,-6,12,-4,16
-1,30,-11,7,-5,12,2,6,-4,31,-2,12
-10,-32,-2,-11,5,-12,-6,-32,4,-1,8,-21
-10,-15,-8,-11,-5,-6,-10,-1,6,-5,-13,-23
0,-6,8,-8,11,-22,4,-23,-11,-31,-10,-23
-5,-29,-10,-23,8,-26,6,-10,13,-9,-8,-31
-2,-14,2,-25,6,-17,8,-20,-7,-26,-7,2
13,-12,6,-24,2,-12,-1,-11,6,-13,3,3
0,-17,-9,6,8,-27,-9,-4,-13,-7,1,-11
-12,-20,-6,-24,13,2,-3,-4,-7,-25,-6,-27
6,-15,6,-2,-6,-22,4,-23,1,-27,-10,-19
13,-7,-1,-1,-7,-10,-3,8,11,-21,13,-20
3,-1,-6,-7,-7,-8,-7,6,-4,-15,-2,-13
-7,-14,-10,9,-7,-4,4,1,6,-14,-7,-12
6,-4,5,0,-7,-2,8,10,2,-2,-2,-5
-1,1,-9,-10,-7,0,13,4,-6,11,-13,-23
3,-4,1,12,-1,14,7,-1,-5,-6,2,-17
-4,10,-1,-13,-7,-7,-2,-8,7,-16,-9,11
6,3,2,-9,-7,-7,-2,16,1,8,1,6
-11,-16,3,1,9,8,3,-17,-3,9,-11,2
-12,-8,-6,-4,3,-10,5,12,1,-16,6,-7
1,-14,-3,19,-2,7,-12,12,3,-6,-9,1
13,1,-4,3,3,-12,-2,4,-2,-4,1,-11
7,14,10,10,11,17,-1,4,10,9,-9,11
-2,9,9,13,1,-13,-2,13,-4,2,-10,21
-11,-5,-12,15,-5,11,7,-2,-12,20,2,20
-10,22,11,16,-5,11,-1,6,6,5,-8,-4
6,22,-8,18,-10,4,5,21,-12,11,-4,0
-4,9,-12,-9,-2,26,-5,0,-10,6,0,25
9,17,11,-3,-5,22,-13,21,-5,-8,-7,-6
2,21,10,18,-5,5,8,-5,-5,14,-13,22
-6,-4,-4,21,-2,25,9,5,2,17,7,-4
-2,-2,3,30,-8,9,2,0,-10,29,5,5
13,9,-2,19,9,25,7,18,-7,8,2,30
12,20,-6,-4,2,14,-2,14,-9,2,-9,11
-10,27,6,6,-10,8,-10,29,2,24,-1,28
-4,1,-8,17,-3,15,-1,14,-8,23,-6,-1
3,10,13,27,8,22,-10,30,2,19,-1,33
-9,33,-2,14,-1,8,-11,28,-2,34,1,9
11,-7,9,-19,-2,-36,1,-12,10,-5,9,-31
-7,-6,-8,-3,4,-19,-7,-15,-9,-6,-4,-21
7,-3,4,-22,-12,-28,1,2,9,-21,0,-5
4,0,-7,0,-6,-30,-7,-2,-12,-13,-1,2
11,0,4,-8,3,-5,2,-2,-5,-31,-10,-27
-11,-28,9,-1,13,-5,0,-30,7,-15,-7,-18
8,-9,13,-12,-8,-14,-4,-2,3,-24,3,-3
9,-3,-5,-28,11,-13,0,-16,-12,1,-6,-24
4,-9,-4,7,-9,-20,12,-16,-5,5,-12,-13
0,-1,7,3,-12,-20,8,-3,-12,-21,5,-9
10,-9,-4,-23,9,-22,-5,-17,5,6,-4,-17
5,-8,-8,-15,10,-18,-8,-5,6,11,5,-1
5,-10,12,0,-2,-11,5,-11,-4,10,4,-19
6,-9,-3,-3,-10,-3,-4,7,-5,4,-6,-11
7,-5,8,13,9,-5,-6,7,-6,-12,-4,7
2,-5,-11,-10,-9,7,5,2,-11,-17,-10,-3
0,-3,-3,4,5,11,8,-12,8,16,8,6
10,-5,-6,-13,-7,6,4,8,4,13,-2,11
2,7,9,-10,-8,2,10,8,-10,-1,-4,14
6,2,2,13,14,9,-6,9,3,-6,-11,-16
5,7,-4,11,-6,-8,-5,17,-5,12,8,16
9,0,-12,17,5,-11,-2,6,4,-15,4,8
-8,1,2,-5,8,-3,-10,2,-2,1,-3,15
-10,22,8,-12,11,-1,-2,-1,-5,5,-8,14
6,23,0,22,8,6,-10,-12,-6,7,14,10
-11,13,4,22,-9,-11,-12,21,-2,15,-10,-4
-4,10,-9,5,-4,-5,-1,-7,7,0,-2,15
14,15,-1,11,-11,3,9,24,1,27,-6,-3
13,26,7,-5,3,8,-1,-7,0,9,9,-1
-12,4,4,14,4,19,0,5,-8,13,2,28
1,6,11,24,4,25,4,3,11,7,-1,10
-12,11,-6,14,-1,30,1,4,-8,20,5,3
-1,20,10,15,11,2,-9,23,8,7,7,31
-5,-3,6,5,-10,15,5,4,0,6,-1,9
-2,27,7,6,14,5,-5,10,-12,0,13,5
2,8,-11,35,-3,1,-2,5,-11,-1,-2,26
5,11,11,2,-4,6,-9,23,10,5,3,36
13,-11,3,-13,9,-12,-8,0,-11,0,-1,-21
12,-4,0,-28,-8,-30,7,-10,-8,-34,-9,-1
7,-8,12,-1,4,-31,2,1,-1,-18,0,-17
7,-5,-5,-25,-3,-6,-7,-25,6,-7,-9,-23
-1,-1,2,-9,0,-1,-1,-10,-10,-17,13,-7
-5,-2,-4,-8,-11,-2,2,-21,-3,-7,0,-10
-6,-13,-3,-17,-2,-27,0,-28,11,0,-3,3
10,-6,4,2,3,3,-2,-18,7,-2,-8,7
-1,2,5,-27,-7,-6,-1,-1,2,-28,2,-20
6,-5,5,2,12,-10,14,-11,-9,-3,4,2
4,-6,5,4,-8,-8,-6,-7,15,2,-1,-18
6,-9,15,8,4,-10,3,-7,4,-24,-6,-9
1,-2,-7,5,13,11,5,-7,3,-13,-4,4
-2,6,-9,-9,7,-1,3,1,-7,-6,11,-10
7,-7,-8,2,-10,-16,-5,3,5,13,10,-2
3,-3,-11,-18,-4,-12,-7,12,3,-14,0,-7
8,-4,-4,15,10,5,7,7,13,-6,-3,-9
3,0,0,16,5,6,7,14,-4,-16,1,-18
4,1,-5,10,14,14,3,-7,7,-10,11,-15
10,-4,5,14,12,8,-10,-8,4,15,0,12
14,-3,-9,14,-7,-8,-7,-13,14,16,-8,18
2,7,-10,-2,4,-15,-10,-2,-8,7,-4,16
14,6,7,-11,-6,-7,4,6,-1,-3,0,-14
3,15,-2,13,-6,11,-1,0,-3,22,5,17
-7,0,-8,-4,-6,11,11,-6,0,23,14,-9
3,19,-3,1,-5,24,-6,24,3,-11,-11,-5
1,1,6,26,11,-5,-3,22,-8,20,0,20
13,19,8,-4,-8,0,13,4,10,0,-7,-2
-7,3,-4,10,4,6,-8,-2,-6,0,1,24
-5,14,2,24,-7,6,-1,-2,10,23,11,5
-4,26,-7,24,-10,-4,-1,-4,-6,4,5,13
1,22,14,26,-11,27,-1,-4,0,23,5,13
12,20,15,5,14,19,-2,32,-8,8,8,23
-7,2,8,8,-9,32,-4,27,13,14,0,21
-5,31,9,5,8,12,-7,22,-9,34,-5,27
1,35,8,11,14,20,4,7,14,28,-2,27
-8,36,15,36,7,19,-2,27,-3,36,3,25
-2,-5,1,-26,7,-1,2,-26,14,-3,-4,-29
-9,-28,-6,-16,8,-26,11,-17,3,-29,1,-33
11,-17,-7,-14,-3,2,11,-21,-6,-19,6,-17
13,-13,-6,-30,-1,-16,11,-1,1,-27,-2,-14
6,-6,-2,-21,-2,-22,7,-20,-10,-17,10,-23
15,-5,15,4,11,-7,-7,-11,-5,-4,-7,-2
-5,-12,3,-25,11,-24,-7,5,11,-6,-9,-13
10,-10,6,-16,0,-13,1,-23,1,-9,-6,-27
12,-9,-10,-13,-8,-18,8,-10,0,-15,-1,7
6,2,-8,2,-4,2,-4,-14,11,7,1,-20
6,-5,-4,-23,4,7,-4,-5,3,6,1,-17
13,-9,2,2,1,-9,-4,-7,-4,0,-2,-5
9,-10,10,-5,7,-12,-10,5,-4,-12,11,-13
-5,-16,5,5,10,-11,-3,0,16,2,-1,3
15,-8,7,7,-5,0,10,-2,11,-10,1,-16
-6,-14,-2,7,6,-1,7,7,10,-9,-6,1
16,-4,12,5,3,-7,8,8,2,-8,-4,-1
13,0,-1,-18,1,-4,-6,17,4,6,0,-12
-6,-12,-2,-13,6,-13,6,-13,7,11,2,-1
10,-3,-4,17,-4,-7,5,-8,3,-8,-10,-14
4,5,-4,-4,3,20,2,-8,-2,17,2,0
-1,15,2,-4,4,-13,-5,15,-2,0,-10,10
-4,1,1,9,3,-14,12,-5,11,6,15,21
-3,-4,-1,19,6,14,-9,5,3,0,2,5
6,11,-6,-8,-4,12,-4,2,6,-8,-9,-5
10,9,2,3,15,4,-2,6,8,-8,5,-10
5,14,16,5,12,3,-3,8,4,19,-8,3
-5,10,-7,19,8,20,7,-3,-6,26,6,0
-9,13,11,17,-9,9,15,6,15,27,15,28
-2,1,-6,17,-7,3,5,17,-7,6,14,5
-10,17,10,8,-10,21,-7,8,3,-3,-6,24
15,20,12,16,-1,1,4,4,0,15,6,10
-5,19,4,10,11,22,10,27,-6,30,13,4
14,31,-1,5,-6,1,2,19,-8,7,6,24
-1,8,9,22,-7,15,2,5,10,27,3,21
-9,7,14,12,8,20,-8,35,-1,21,-1,9
-5,36,4,0,-9,8,11,17,12,35,-10,4
9,-26,12,0,-4,-16,7,-18,-6,-15,6,-36
-3,-4,5,-25,-5,-8,7,-35,17,-8,1,-13
10,-4,13,-25,4,-11,0,-5,3,-4,5,-5
13,-2,-3,-31,-4,-22,1,-7,3,-33,-2,-30
6,-29,3,-1,2,-19,-5,-22,7,-13,7,-20
7,-28,11,-22,-4,-18,1,-20,-4,-12,-1,-14
-3,-3,7,-22,-9,-6,0,2,1,-29,10,-22
-8,-11,11,-21,2,-6,2,-12,-4,-9,-5,-10
3,-15,0,1,17,-14,4,-16,1,-24,-5,-25
16,4,-9,-6,-5,-22,2,-8,8,-14,11,9
14,8,4,-12,0,-18,0,0,-7,2,5,-9
17,3,5,-24,7,-3,1,-17,-9,-9,-1,5
4,2,15,-6,-4,-3,-3,-8,-6,3,13,-19
10,3,-7,-20,-4,-15,-3,-15,7,-21,12,12
3,1,-5,-22,3,-8,14,-15,13,-12,1,-9
14,1,14,-15,5,-9,12,15,13,-17,17,6
17,2,4,8,-4,-18,6,-9,-6,4,4,8
-4,2,7,6,11,2,4,14,8,-19,-3,13
6,15,6,18,8,7,9,6,2,15,8,-18
17,-2,-8,18,2,3,7,-16,10,9,17,17
14,2,7,18,6,13,11,-7,-4,10,-4,17
12,5,15,-13,2,13,-4,-3,7,1,-4,5
12,-2,2,4,-2,21,3,0,9,-7,3,14
-1,-3,10,23,1,1,6,19,-2,13,1,7
-4,2,-4,-11,2,14,1,22,-5,-3,6,-3
-4,15,-7,-1,-4,25,-2,2,-7,4,2,0
-2,23,2,-2,-6,12,-3,-7,6,-2,14,14
-2,1,14,4,1,24,0,16,16,19,8,-2
-8,14,3,16,15,-1,13,0,1,25,6,14
16,11,6,2,-6,6,7,0,14,1,-2,12
-4,22,16,-3,15,15,-2,22,-1,13,7,-5
-6,12,10,-1,9,27,-1,4,-5,19,0,31
-3,15,9,30,-7,23,0,31,11,24,10,15
-6,32,-6,19,6,-1,0,21,-5,-3,7,4
17,29,0,13,4,30,0,19,-5,11,14,32
-7,10,12,4,0,4,0,22,0,26,6,9
2,19,-2,31,12,5,-4,26,3,34,6,24
-6,-7,18,-15,17,-16,-6,-4,11,-34,15,-11
-4,-10,2,-33,11,-5,-5,-13,5,-4,6,-28
-4,-16,8,-7,-3,0,-3,-31,12,-13,15,-4
-3,-1,10,-28,-3,2,15,-12,-2,-32,-8,-1
-6,-1,6,0,11,-1,4,-8,17,-16,-5,-2
-3,3,16,-23,-8,-19,5,-29,-3,-31,11,-7
0,-23,15,2,-5,-14,-6,1,18,-15,1,-10
-6,-7,7,5,18,6,8,-6,1,-21,4,-10
6,7,-3,-18,6,6,-8,-4,-2,3,13,0
-6,-9,14,-1,10,-7,-7,-6,-4,-23,11,4
-6,-9,-5,-1,15,-8,18,10,14,-23,7,-7
-3,8,15,-1,0,5,13,-11,-4,1,-3,-7
14,8,13,-11,15,-4,-5,-19,-4,5,7,-6
3,4,10,-8,-8,-1,-5,-14,3,4,18,-8
4,-22,13,-13,0,10,9,12,-8,2,10,5
6,12,0,11,-4,15,6,-21,3,-18,6,-5
6,4,-7,14,8,-1,18,-6,3,-7,-6,15
4,9,-5,-2,12,-10,-6,7,4,-14,7,13
16,13,7,15,-6,16,8,2,-7,-4,8,7
-5,5,-8,-9,9,13,11,-4,-1,14,4,18
-3,4,3,-10,-3,-7,15,10,0,-9,7,1
-5,-8,7,-1,4,-3,-3,-4,12,7,-6,8
16,8,2,10,-4,-11,14,17,-4,4,2,9
12,20,18,16,8,-7,16,5,-3,20,-3,8
8,-12,5,0,4,22,18,14,-4,0,-8,15
-2,-6,-2,18,-4,0,-1,11,12,-4,-4,14
-5,-2,-4,-9,-6,15,-3,-6,5,-3,16,24
-7,7,12,16,1,23,-6,25,18,4,-1,18
-8,19,2,14,13,4,10,-2,-5,12,-3,20
-1,20,10,26,7,-1,-6,2,2,16,4,13
-5,-1,17,7,-3,-2,1,16,-4,13,4,15
-8,12,16,24,16,9,17,23,11,20,1,22
5,23,15,27,-8,6,-4,25,-4,24,8,9
-6,1,9,28,10,15,1,5,1,33,15,9
8,4,-5,33,-6,4,4,15,-4,28,9,24
-7,14,-7,13,15,32,-6,22,-3,10,5,5
12,26,2,11,14,6,5,3,1,4,1,19
0,-2,11,-35,8,-6,-3,-4,3,-33,-2,-25
8,-24,-2,-27,4,-23,6,-31,16,-12,5,-35
4,-32,-5,-1,-5,-11,-1,-30,-7,-34,11,-9
8,-25,8,-11,18,-14,-5,-19,-3,-12,17,-15
8,-1,11,-7,15,-22,-3,-10,14,0,-6,-3
-4,-21,-5,5,6,-1,-3,-16,4,-24,-6,-18
-3,-30,4,-19,9,-13,5,-24,9,-23,1,-14
-7,-27,-2,-14,3,-4,-5,-25,-2,-13,10,-6
-6,5,-1,-27,18,6,16,-22,4,-3,1,8
-4,-12,-1,-1,-3,7,2,-20,-6,-21,5,-5
-4,-17,15,-21,19,-25,-5,-19,8,-26,-1,-17
-3,1,3,-10,-5,-4,6,-8,16,1,7,-1
8,-18,19,-1,9,12,15,-20,3,-18,8,-8
2,11,-4,-22,14,13,1,-11,-3,-16,12,-2
-6,-3,-5,-6,-3,4,6,-11,2,-7,5,4
4,9,10,13,11,-5,-4,3,7,-11,-1,9
11,7,9,-14,3,-17,3,-16,3,-3,3,13
18,8,6,6,15,-10,-4,-11,3,-11,10,10
-3,-14,19,7,-5,-17,1,16,6,-7,1,-18
13,13,0,10,-6,13,8,6,5,16,2,-14
5,15,-2,19,8,9,13,-4,9,-1,5,7
14,17,13,-10,7,14,-7,2,-3,-10,3,-13
19,20,17,-7,-4,0,-4,15,-7,-4,18,17
-1,-11,-6,-3,16,6,3,-6,5,-6,18,-9
-4,-1,11,-6,14,22,5,20,-7,-3,15,-3
-3,5,19,-8,2,5,-6,6,6,13,-1,20
4,15,9,0,9,2,8,-6,-7,22,14,-7
1,2,17,8,1,11,15,24,14,24,4,9
-3,19,17,-5,0,6,11,-7,-5,27,-6,3
-2,-5,16,21,14,9,2,24,1,5,-7,24
5,-4,14,-5,4,2,-2,-1,17,7,12,4
1,28,2,31,19,28,-3,20,18,20,13,11
17,16,4,1,-3,8,0,22,-1,4,14,5
4,23,-5,31,9,26,11,1,19,23,5,30
7,24,8,27,11,25,16,21,1,28,1,6
19,20,1,19,11,24,11,2,18,30,-6,21
8,18,-5,7,4,34,-4,21,-1,34,-1,1
-4,-3,8,-31,-5,-31,10,-1,5,-13,2,-34
3,0,13,-7,19,-31,-4,-18,3,-28,3,-34
-4,-20,17,-30,3,-21,11,-31,5,2,8,-26
-3,-6,0,-10,3,-6,2,-4,11,-21,0,-17
4,3,9,-9,-2,-23,6,-27,16,-25,20,-18
5,-11,-4,-9,8,4,7,-2,11,-22,4,1
1,-28,19,-2,-3,-26,-6,-20,4,-11,7,-23
-3,-8,13,3,1,-10,1,-22,-5,-26,12,-13
4,-24,16,-20,-3,7,1,-18,12,4,16,-20
10,8,15,-25,8,1,2,-21,6,-25,19,2
-5,-6,-6,-20,4,-21,-5,7,7,-25,7,-12
7,10,17,-4,19,-12,11,11,13,-1,-6,-12
-5,-10,-3,3,6,5,9,-12,-6,-21,9,-9
19,9,5,-11,9,-1,-1,6,19,-10,8,-23
1,-16,-2,11,12,-5,8,-21,-4,-1,-6,-4
4,-12,11,11,19,-3,19,-18,12,-10,-2,13
0,10,11,-7,8,-16,-4,-2,-2,-10,8,-19
13,9,11,9,-2,-1,3,-10,11,-12,-6,10
3,-7,-5,-10,0,9,18,2,17,3,10,-7
12,-4,15,18,12,9,0,14,-5,18,9,-14
7,2,16,-13,0,4,11,-15,4,19,18,-3
19,7,-6,-5,12,-3,5,-15,12,-9,14,-5
7,15,18,12,10,-14,11,17,12,3,7,11
0,4,8,18,12,-2,6,17,7,15,0,14
20,18,-1,-10,10,-2,20,17,3,20,-5,-4
-2,24,9,14,3,23,-4,-5,0,15,-6,13
11,14,17,-10,16,15,-3,6,9,11,11,25
8,18,11,-1,-4,-2,4,10,0,-4,13,16
11,1,17,14,0,-6,10,14,-5,9,9,22
-4,21,13,24,7,21,3,8,16,17,3,15
-5,23,-1,20,9,2,3,24,3,24,13,9
-5,29,18,6,-6,8,-6,17,11,29,14,0
12,30,3,31,11,5,6,7,8,30,-4,11
11,25,12,25,7,6,-4,-2,3,-1,17,19
1,28,15,9,-4,6,-6,12,19,2,8,31
15,24,2,8,7,6,2,18,0,1,6,23
14,16,4,6,4,27,17,12,-3,5,8,34
-1,-23,14,-1,3,-36,2,-33,-4,-23,-2,-32
7,-3,9,-23,4,-7,20,-23,-1,-34,5,-34
-3,0,17,0,-2,-7,7,-30,0,-32,13,-4
-3,-7,5,-6,13,-18,5,-9,0,-29,-1,2
2,-18,4,-20,-5,-28,15,-26,5,-10,6,-7
10,-27,5,0,-3,-18,19,3,-4,-24,5,-19
4,-16,0,-13,6,-20,4,-14,19,-9,15,-8
2,-28,17,0,-3,-29,-5,-18,5,-24,0,-2
5,-21,19,-23,2,-18,17,-23,15,-19,15,-10
-1,-3,12,-21,-5,9,15,5,6,-11,0,-15
12,8,0,-21,-1,-3,8,-1,-1,5,7,-21
-5,9,12,-24,12,-15,14,-17,19,9,19,-21
5,-24,8,11,20,-7,19,-3,15,-21,18,-11
5,-13,12,-8,11,-22,15,-5,6,-2,16,-13
-1,-3,5,-10,17,9,20,-5,-3,0,10,-9
6,-5,6,15,18,5,9,10,12,-20,-4,12
15,12,15,13,13,-18,7,-17,12,7,-4,15
1,-12,3,12,12,-16,6,-12,12,-16,12,-7
9,2,2,-10,1,-3,15,17,20,12,10,7
12,-4,9,8,2,6,6,13,10,13,-2,15
12,-1,4,0,0,16,19,19,12,-8,11,19
7,10,1,-5,2,12,16,1,5,14,8,-6
21,-1,-5,-9,13,-6,3,21,7,21,0,20
21,13,11,13,-1,-13,5,-4,15,6,5,11
-5,20,-1,9,15,10,-2,-2,4,-12,21,13
18,10,10,15,12,-6,1,23,3,20,19,-5
16,9,15,2,-3,12,-3,1,11,16,8,-5
1,13,13,4,9,2,14,17,-4,0,15,16
11,1,8,1,15,-2,-2,-6,-2,-5,17,19
-1,15,16,7,11,17,3,13,4,7,4,9
0,-5,7,29,15,7,-5,19,7,-3,7,1
13,26,14,1,10,5,-1,18,18,22,4,16
1,22,1,31,-2,19,6,1,4,31,7,6
11,21,11,13,-2,3,5,14,13,12,6,17
18,21,-4,16,-4,25,-4,33,4,32,8,0
-2,2,11,4,5,25,6,30,3,8,8,29
2,29,5,30,11,9,-4,10,-5,4,2,32
8,-2,-4,-32,11,-16,-2,-24,14,-18,0,-27
4,-5,5,-4,6,-11,6,-7,14,-7,21,-1
-3,-21,16,-7,12,-6,3,-29,8,-19,13,-31
21,-4,4,-26,5,-18,21,-4,0,0,6,-14
7,-10,-3,-28,8,-1,-3,-24,7,-6,0,-8
7,-10,10,-28,10,-23,9,-4,12,0,10,-19
7,-21,10,6,20,-13,9,-30,-2,-26,-4,6
-4,-29,16,-8,-2,-24,20,-23,-4,-4,15,3
10,-28,6,0,14,-24,18,2,10,-16,6,-14
0,-4,16,-24,11,-20,12,-14,8,-4,-4,7
8,-23,2,4,6,-22,5,-7,5,0,8,1
7,9,5,9,4,-14,9,-17,1,-4,1,6
-3,7,16,-6,18,-20,5,-14,0,-2,13,6
4,-9,19,-12,-3,3,10,-18,3,-10,22,3
0,10,6,-13,-1,-2,2,8,6,8,4,-12
9,-11,13,9,8,-8,14,-21,-4,8,22,3
13,-17,15,9,-1,12,-2,-1,1,9,-4,-1
9,6,10,-15,20,10,-4,9,7,-18,17,-7
9,-3,22,-4,17,9,-2,2,5,7,10,18
11,0,6,4,6,-5,12,14,5,0,9,-6
16,-1,-4,13,4,0,2,17,-3,20,19,-9
10,0,-3,0,0,6,7,14,8,14,6,13
11,8,8,-11,22,15,12,-3,22,0,10,-10
5,-11,20,-4,-2,1,-3,9,14,-11,15,20
11,20,14,23,13,-12,3,15,14,-8,-1,10
8,7,14,18,16,9,14,15,11,14,11,17
11,11,6,-7,14,-9,-2,0,8,8,-3,-5
16,19,17,9,22,9,0,-8,7,8,-2,16
6,19,16,5,8,-8,8,23,6,-1,-4,-3
5,-2,22,-5,17,22,11,0,7,1,7,20
3,9,20,8,7,-1,3,15,15,2,8,9
4,12,19,-4,0,5,6,15,16,13,14,-2
10,27,4,11,8,1,5,-2,13,27,8,21
3,4,19,6,8,13,4,21,5,21,10,20
21,26,-4,18,8,20,4,2,5,21,9,13
1,9,14,3,0,16,9,5,9,22,12,3
14,18,3,20,5,9,9,28,18,27,18,6
5,-27,14,-25,15,-13,5,-33,-3,-24,7,0
22,-20,10,-22,20,-1,-2,-1,13,-14,-2,-33
10,0,9,-6,4,-14,5,-1,9,-12,15,-8
11,-21,-3,-19,15,-27,19,-9,2,3,5,-2
18,-5,4,-28,19,-17,22,-17,23,1,8,-28
9,4,16,-18,3,-1,-1,-6,13,-6,6,0
-1,-9,17,4,21,-4,-2,2,9,-29,10,-30
-3,1,18,-1,15,-29,5,-27,15,-3,16,1
17,-10,9,-26,10,5,0,-24,-3,0,11,-26
-1,-4,20,-24,17,-17,5,-27,18,-24,10,-24
9,4,-1,-18,-1,-7,0,-14,3,-26,0,-5
-1,-18,5,-21,5,-22,12,5,4,-6,1,-21
20,-7,5,-16,14,-23,14,-24,11,-15,18,-18
16,2,-1,-21,3,-11,2,-13,6,5,4,11
17,5,14,2,16,2,14,-12,8,-12,9,-8
2,3,1,1,8,-17,4,-20,16,0,4,12
15,9,18,7,-3,6,-2,11,14,3,-3,-9
10,0,10,-15,-3,0,-2,7,2,-10,2,-16
9,-2,0,-12,18,0,0,-1,4,-14,9,12
13,-4,11,-10,7,-6,1,-3,14,-11,-1,11
12,0,0,-7,11,15,1,-12,9,12,4,19
20,-2,23,-3,15,16,8,1,4,0,1,-9
-1,-2,11,10,20,7,15,15,4,0,9,-11
-1,11,-2,4,13,2,13,23,8,-9,1,-5
21,2,12,-8,8,-12,1,-7,18,19,14,13
10,6,9,4,-2,12,4,-11,3,-2,10,5
15,10,2,-7,7,-8,-2,14,6,8,12,-3
14,16,4,4,5,5,3,-4,10,-7,10,8
-3,-4,0,-3,14,14,-1,13,-3,-3,15,0
1,1,-1,17,22,22,15,2,15,24,-2,29
-1,9,23,0,-1,9,21,26,14,4,18,26
5,10,17,27,21,23,14,9,1,31,13,28
0,10,18,3,11,-4,14,21,19,5,8,32
2,24,8,14,22,28,14,5,19,5,14,18
8,13,-3,17,15,5,10,21,-3,29,13,0
3,5,22,33,16,9,13,18,23,33,15,30
21,15,15,30,-2,36,22,30,3,28,3,0
17,-2,0,-32,-2,-5,4,-36,-2,-23,22,-12
2,-32,2,-27,-1,-21,3,-29,-2,-17,0,-33
4,0,22,-33,10,-23,0,-12,2,-23,17,-5
2,-16,6,-19,0,-29,7,-5,19,-18,22,2
9,-4,-2,-6,18,-9,22,1,14,-29,15,-5
4,-17,6,-12,12,-5,8,-2,13,-3,7,-22
2,-21,16,-18,15,2,11,-23,4,5,15,2
13,6,9,-3,20,-12,-1,-6,8,5,10,-27
16,-7,20,-5,-1,-3,0,-1,11,-11,11,-9
10,-13,-2,-25,-2,-6,2,3,3,-22,12,4
19,7,-1,-4,17,-15,-1,-7,18,-18,7,-24
11,-1,14,-21,11,-24,2,3,4,-11,0,-3
16,-8,19,9,6,-15,-1,-17,6,1,11,-4
14,-3,5,-17,6,-16,-1,-18,9,-14,7,7
4,-14,1,10,-1,-3,1,6,6,1,11,2
8,-13,4,-8,11,-15,-2,-13,18,6,9,-13
3,5,10,9,-1,1,1,6,4,-5,16,-3
15,-1,15,-15,13,-15,1,-18,11,-7,-1,-16
18,-1,3,4,3,1,20,10,14,-13,24,-6
17,-2,16,4,9,4,4,0,5,-12,12,11
20,-1,-2,-3,11,-6,20,13,15,-11,2,-4
16,7,13,-3,14,-12,24,-2,15,4,19,18
21,11,9,15,10,-13,11,18,1,20,11,15
20,0,11,-12,15,-11,14,-3,1,-5,16,0
18,1,24,22,15,-6,12,20,15,-8,3,20
12,6,0,1,2,-5,1,2,4,7,11,10
17,9,13,-7,15,11,-1,-7,3,-4,14,-2
1,14,5,3,5,8,1,-6,4,12,12,9
9,27,20,3,15,12,24,27,1,11,-2,9
15,-5,1,-3,-1,11,-2,-6,3,6,17,0
9,-3,15,-3,14,1,1,12,5,30,6,-5
17,27,6,24,4,21,9,20,24,7,23,8
-1,31,15,29,15,32,18,1,13,27,20,20
14,11,4,1,5,4,9,25,5,3,14,26
22,14,11,1,11,10,3,16,0,27,5,10
17,28,14,34,17,6,20,6,19,18,13,22
20,16,3,4,4,6,-2,16,17,13,-2,23
11,-7,0,-29,11,-17,-1,-24,2,-3,6,-26
23,-16,11,-35,21,-2,1,0,16,-19,12,-3
4,-30,19,-6,-1,-34,25,0,12,-15,18,-11
-1,-14,14,-3,10,-24,1,0,14,-31,3,3
14,-9,7,-14,9,-25,5,-5,15,-4,11,-26
21,-13,9,-12,18,-19,2,-12,6,-1,4,-25
20,-14,15,-19,9,2,18,-5,6,-23,6,0
10,2,15,3,21,-17,17,-19,22,-17,13,-19
16,-16,24,-21,0,-19,1,-15,5,-6,18,-8
22,-1,24,-2,0,1,1,-24,25,-17,12,0
23,7,3,-1,8,10,0,2,22,4,18,-13
4,-13,10,-21,12,-22,0,2,16,-10,3,-20
6,7,24,-20,11,2,2,1,15,9,13,-9
20,-2,12,-13,1,-11,0,2,23,-16,14,-12
5,-12,4,9,0,-21,0,-2,7,-1,13,10
6,-17,16,6,-1,2,-1,-3,23,7,10,-11
16,-16,23,11,12,-2,3,-8,14,3,19,-12
11,0,11,-15,16,0,0,-13,7,-16,2,-16
15,-6,2,-15,5,-7,21,7,21,-6,9,-7
24,2,1,0,22,5,15,11,7,9,12,-4
13,6,8,-12,14,-7,2,-16,11,-2,8,-2
14,0,10,15,1,1,5,-5,13,12,17,-3
22,1,23,-14,5,2,5,-7,5,-7,7,14
14,12,24,-13,16,5,2,-6,-1,6,12,9
14,1,8,-9,24,2,24,-8,20,23,10,21
11,4,10,22,9,-3,6,-5,12,9,13,3
12,6,9,19,25,17,5,9,15,19,0,-4
24,12,24,-1,14,8,3,4,-1,25,16,1
1,12,20,-5,12,11,0,-4,6,17,8,4
19,24,14,-6,9,-1,13,18,6,17,9,27
25,23,6,-3,11,0,0,-6,4,8,23,15
20,13,13,30,4,26,21,9,6,6,6,2
16,17,4,30,24,24,16,29,12,6,-1,6
16,16,11,10,16,5,4,21,15,3,15,7
18,16,11,10,9,33,6,6,17,27,9,27
13,22,10,31,13,24,22,24,9,35,15,25
15,16,9,0,22,24,-1,4,13,26,4,24
22,-3,18,-25,13,-16,0,-1,22,-22,7,-7
6,-19,15,-3,16,-12,26,-2,7,-35,8,-23
11,-1,13,-27,25,1,20,-6,5,-11,13,0
3,-9,6,-22,9,-26,2,-18,1,-17,16,-30
13,-9,22,-25,17,-25,20,-7,26,4,12,-24
24,-18,12,-1,0,-17,8,0,0,-9,4,-18
22,-10,26,0,2,1,0,-11,15,-16,20,-7
22,-17,25,-17,16,-8,18,7,5,-5,10,-25
21,-14,22,2,3,1,0,-8,13,-7,15,-7
8,-24,2,4,3,7,0,-22,19,-24,7,-1
0,-18,4,0,21,-17,5,-25,0,-5,22,9
26,-7,10,-21,14,-1,0,-19,15,-12,10,-7
18,-7,21,7,3,7,0,-15,7,-1,6,-9
22,-2,4,-18,10,7,5,11,9,-4,13,-22
5,-13,15,-1,0,-20,0,5,7,-1,6,-1
6,2,8,-4,0,-18,0,0,5,-6,6,-19
22,9,19,7,8,8,0,6,14,13,0,-12
15,-7,15,16,3,14,16,-11,1,9,2,-16
23,-4,0,-17,11,-1,11,-3,15,11,5,5
13,4,2,-11,11,10,6,3,18,-4,8,18
19,6,17,-16,14,-9,4,-5,18,17,2,-12
15,-1,9,6,1,19,3,18,20,5,10,-6
14,0,5,6,8,8,0,17,0,12,13,12
14,0,0,-1,5,-3,1,17,4,-10,16,11
8,17,1,19,2,5,2,-10,11,18,2,2
13,3,6,6,4,3,7,3,13,18,7,10
13,10,11,-7,5,18,17,14,13,20,19,-7
25,8,1,12,2,24,1,-8,7,7,14,4
3,8,16,-8,15,-3,0,26,1,-3,9,7
22,20,3,-7,1,-7,1,-5,14,-2,4,-6
23,21,4,14,7,-3,13,7,10,6,5,-2
12,15,26,5,22,21,7,27,22,20,0,-3
16,13,13,25,9,6,12,5,8,13,1,5
12,18,1,30,0,13,10,20,1,27,5,33
16,13,0,9,17,26,0,31,6,14,2,29
24,16,22,34,10,35,0,1,2,29,4,19
17,20,6,32,0,5,7,35,25,12,3,5
