-1,-32,0,-25,0,-25,-3,-6,0,-19,-7,-6
-2,-11,-14,-21,-1,-2,-17,-28,0,-14,-22,-9
-1,-23,-3,-15,-2,-22,-15,-23,-21,-32,0,-17
-1,-3,0,-12,0,-17,-6,-1,-6,-13,-11,-9
-2,-12,0,-23,-19,-6,-6,2,-3,-14,-2,-2
-2,-14,-3,-16,-21,-13,0,-29,0,-6,-8,-27
-2,-17,-3,-22,-7,-18,-7,-25,-1,-21,-25,5
-2,-15,0,5,-10,-13,-17,-18,-1,-10,0,-21
-2,-17,-16,-20,-7,7,-5,-26,-15,3,-5,-14
0,-4,0,-12,-24,-26,-25,-8,-18,-26,-5,-1
-1,-20,-25,-22,-14,-2,-5,-26,-19,-13,-23,-3
-24,-13,-11,11,-26,7,-14,-2,-25,-5,-21,-12
-20,-22,-24,7,-14,-19,-21,11,-13,11,-24,-3
0,4,-7,4,-24,-11,-6,-12,-14,-23,-2,-8
-6,-8,-21,6,-19,-8,-24,2,-25,-22,-21,3
-7,-1,-25,-10,-24,-6,-6,5,-22,-18,-11,15
-5,12,-20,4,-17,-4,-22,11,-5,-10,-12,-17
-16,-11,-11,-12,-14,8,-7,9,-26,-1,-14,-7
-25,15,-4,10,-8,-9,-3,6,-6,-2,-11,-7
-10,-9,-5,0,-18,1,-12,11,-24,9,-2,12
-2,-7,-21,-9,-19,-15,-3,-14,-20,-6,-21,-5
-1,-7,-21,-10,-13,11,-15,17,-2,19,-4,-12
-3,-2,0,-12,-5,-4,-18,-3,-5,0,-1,18
0,7,-11,9,-7,8,-19,22,-17,16,-4,0
-25,-6,-20,2,-18,-2,-13,24,-17,-12,-19,20
-13,14,-12,12,-7,-10,-2,16,-9,-10,-4,-10
-14,17,-13,12,-25,0,-23,16,-12,4,-25,2
-13,20,-10,-1,-20,15,-17,7,-8,7,-6,16
-17,5,-12,-6,-5,7,-7,-8,-10,26,-7,26
-7,2,-3,29,-3,11,-10,18,-5,28,-12,29
-26,20,-17,1,-1,15,-1,0,-20,5,-4,8
-18,22,-14,16,-5,25,-25,16,-2,16,-8,-2
-16,20,-3,30,-9,21,-9,16,-17,4,-22,29
-12,29,-19,15,-1,8,-11,3,-2,24,-19,4
-11,14,-9,25,-11,17,-6,20,-22,21,-13,-2
-8,25,-10,17,-21,31,-23,24,-21,32,-15,31
-18,21,-19,35,-8,4,-11,13,-26,16,-12,2
-1,-17,0,-1,-14,-30,-22,-32,-15,-13,-16,-11
-1,-1,-12,-8,-20,-28,-22,-30,-21,-33,-1,-13
0,-29,-1,-1,-18,-30,-3,-30,-4,-10,-5,-10
0,-9,-8,0,-17,-26,-10,-5,-25,-30,0,-28
-1,-20,-3,-16,-17,-32,-22,1,-24,-21,-1,-7
0,-18,-1,-31,-24,-10,-1,-1,-11,-5,1,-19
0,-27,-18,-18,-6,-1,-20,0,-4,-26,-17,-21
0,3,-20,-11,1,-5,-2,-4,-10,-7,-1,-16
0,-8,-9,-13,-20,2,-14,-1,-17,-7,-13,-18
-3,-15,-10,-24,-13,-20,-11,6,-18,-20,-20,-9
0,-19,1,-26,-17,-1,-12,-4,-21,-11,0,-5
-1,-18,-14,-15,-16,-20,-6,-13,-6,-7,-8,-14
-16,6,-10,7,-3,1,-18,10,-20,-5,-13,-9
1,9,-1,-8,-17,-20,-12,-19,-16,-21,-23,-10
0,12,-4,9,-15,-15,-11,0,1,-6,-17,-15
-1,10,-2,-12,-1,2,-5,10,-9,-21,-8,-15
0,6,-14,9,-8,9,-23,10,-22,9,-12,-5
-11,-6,-21,-11,-17,-2,-6,-10,-25,5,-24,-1
-14,3,-24,15,-22,-2,-15,15,-16,-9,-2,-8
-2,-6,-16,15,-15,1,-11,14,-11,1,-10,-17
-1,-6,-2,14,-5,-8,-7,-10,-4,-15,-14,-9
-2,17,0,-10,-11,10,0,-6,-6,-11,-4,21
0,4,0,7,-23,-8,-17,-6,-22,-2,-4,-14
1,5,-7,2,1,12,1,0,-24,-5,-9,23
-6,11,-10,11,-21,2,-4,0,-4,-1,-3,17
-15,18,-10,-10,-17,-9,-23,21,-24,15,-6,16
-18,12,-1,-4,-25,2,-2,-10,-6,20,-1,8
-11,-5,-8,23,1,13,-20,19,-14,18,-7,-2
-5,18,-25,5,-6,10,-21,3,-2,14,-17,-5
-11,13,-4,19,-24,29,-9,8,0,1,-22,10
-25,4,-10,24,-19,9,1,-3,-23,10,-4,-3
-17,23,-7,5,-8,29,-10,0,0,21,-21,26
-9,18,-24,9,1,-1,1,17,-16,2,-11,3
-8,13,-6,8,1,20,-21,13,-11,5,-20,5
-5,-1,-12,33,-1,27,-7,14,-6,7,-18,7
-15,4,-10,24,-21,24,-23,16,1,8,-1,0
-9,14,-14,2,-4,28,-7,29,-8,32,-10,32
2,-21,0,-5,-16,-1,-23,-12,-12,-5,-1,-17
1,-19,-24,-23,1,-26,-8,-8,0,-24,-4,0
2,-21,1,-4,-2,-28,2,-4,2,-30,-3,-27
2,-9,1,-29,1,-20,0,-21,-5,-30,-1,-16
2,-18,-4,-12,-22,-16,0,-23,2,1,1,-24
2,-12,-16,-16,2,-1,-19,-29,-6,-5,-14,3
-23,-17,-24,5,0,-21,-5,-19,-23,-3,-13,-18
-1,-16,-2,2,-3,-13,-8,-18,-13,-23,-22,5
-1,-23,-21,-27,-4,-4,-6,5,-21,-5,-9,-20
1,0,-14,-21,-10,-12,-2,-10,-12,-22,-7,1
2,-10,-5,-9,-23,-22,-22,-7,-24,-21,-23,-19
-1,-5,-9,-12,-18,-23,-10,1,-1,-14,-14,-21
-24,-11,-6,2,2,-5,-10,-21,1,8,-5,-11
0,2,0,-5,-12,-15,-10,-19,0,-17,2,-23
1,-3,0,-12,-5,10,1,-10,-2,12,-12,-18
2,12,1,-7,-23,-16,1,-5,2,-9,-10,11
0,12,-2,-5,-2,-15,-1,-2,1,11,0,13
1,-7,-10,13,-5,-15,-9,-7,-7,-10,-4,4
2,-10,2,7,-19,-13,-9,-4,-4,13,-15,-6
2,0,1,5,-14,-3,0,-1,-10,5,0,-8
2,-12,1,-6,-5,-14,1,2,0,8,-1,-5
2,-5,2,-14,2,-1,-7,0,1,-9,2,-9
0,19,2,-10,-21,-11,-7,8,-11,17,2,12
1,8,-6,14,-9,11,-3,22,-7,-9,-3,6
-6,-8,-3,8,-20,1,-3,13,-2,19,2,24
-1,18,-21,9,-23,12,-12,14,-8,20,-9,4
-12,24,-1,7,-4,15,-8,12,2,-10,-6,-2
-12,-7,-12,27,-8,19,-6,15,-3,6,2,6
-11,24,-12,25,-9,19,-15,-6,-13,-8,-17,4
-15,17,-18,26,-9,7,0,1,-11,-3,2,2
-10,23,-3,27,-8,18,-11,17,-7,9,-24,-2
-12,19,-9,3,1,15,-11,26,-14,31,-11,26
-2,6,0,19,-1,9,-19,27,2,-3,-2,30
-14,10,-6,15,-2,19,-16,2,-17,24,-13,30
-5,27,-7,27,-12,13,-13,21,-10,13,-11,4
-22,28,-6,-1,-23,14,1,2,-20,24,-11,23
-8,33,-3,29,-22,3,2,10,0,19,1,33
2,-5,-23,-30,3,-29,-19,-36,-4,-2,3,-20
1,-5,3,-5,-9,-11,-8,-20,-1,-19,-2,-12
3,-3,0,-33,0,-22,-3,-26,-6,0,-15,-28
3,-28,2,-30,3,-33,-13,-9,-12,-1,-1,-17
3,-29,-8,3,-19,-26,-16,-20,-16,-32,-23,3
1,-30,-2,-4,2,-25,1,-7,-21,-27,-8,-27
-16,0,-22,-30,1,-3,-12,-30,-10,-5,-18,-21
-22,-13,-22,5,-12,-16,-23,-1,-9,-19,-21,-7
-5,-8,-12,0,-2,4,-20,-20,-12,-25,-13,3
-23,-25,-23,7,-15,-3,-8,-27,-8,-9,-5,-10
0,-24,-9,-1,-3,-13,-23,-26,-4,-15,-1,-16
2,-23,-16,-15,1,-4,-23,-8,-22,10,-22,0
0,10,-20,3,1,-24,2,-24,0,1,-11,-11
3,-12,2,1,1,-7,-1,-8,3,12,-1,-18
0,3,0,-1,-7,10,-19,2,0,-12,-13,-2
3,-9,1,-20,-21,-21,2,-1,-1,-15,2,-1
3,14,1,-18,-22,-4,1,13,2,-8,-22,-12
-4,-14,-16,-10,-13,-3,-12,17,-23,-12,-14,-2
-23,-9,-7,-13,-6,-14,-16,8,0,-15,-11,-4
0,-9,-14,-12,-18,2,-4,-2,-8,-13,-4,3
3,-9,3,7,2,6,1,10,-21,2,2,15
3,7,1,-2,2,-14,1,-5,-8,12,3,-2
0,0,-22,22,-12,-11,-18,19,-23,-12,3,0
-16,16,-16,8,-2,12,-16,-7,-3,8,-9,6
-2,13,-13,9,-3,15,-10,-6,-4,7,-5,24
-15,1,-11,8,-8,12,3,20,-4,11,-15,-11
-13,23,0,12,-12,-5,-22,20,2,26,-9,-6
-7,27,-12,16,-17,7,-10,-4,-23,-8,-18,-8
-22,18,-23,19,-23,18,-21,2,-22,8,-8,26
-6,4,1,13,-4,12,-9,17,-3,29,-23,25
-5,3,-3,21,-6,-5,-17,-2,-7,3,0,16
-16,18,-19,1,-22,-4,-2,22,-11,9,-2,19
-6,0,-15,25,-6,13,1,2,-12,16,-23,21
-12,17,-18,19,1,3,-21,-1,-21,16,2,8
-11,3,-16,5,-23,13,-23,27,1,0,-10,3
-13,0,-11,16,-9,21,3,21,2,16,-6,2
-11,36,-7,9,-19,2,-12,29,-10,13,-7,30
3,-13,0,-2,-5,-12,1,-17,3,-22,3,-30
4,-5,-8,-4,4,-18,-1,-21,3,-20,1,-14
4,-13,-17,-10,1,-23,-6,-3,-15,-26,-18,-10
3,2,-7,-6,1,-3,-11,-27,-3,-7,-5,-3
2,-11,-14,-26,-3,-29,-12,-7,2,-16,-21,-11
-1,-16,-10,-3,-22,-24,-12,-31,-3,-29,0,-10
-20,-24,-6,-24,-22,3,-21,-3,-15,4,-6,-26
-21,-14,-9,3,3,-22,-11,-7,-18,-17,-7,-10
2,-24,-2,-21,-21,-9,-11,-8,-11,-17,-17,-1
-19,-25,-11,-4,-16,-17,-14,2,-22,-19,0,-2
-5,-3,-18,7,-7,2,-7,1,-8,1,-3,9
-21,-13,-17,-19,3,10,-16,5,-3,3,-11,10
-21,-21,-15,1,-5,-10,-9,3,-13,-17,-4,-1
4,3,1,-5,4,8,4,-6,2,-3,-15,-20
4,13,1,9,-11,-7,-6,-16,-5,0,3,-4
4,4,2,-7,3,2,-1,15,3,-21,-16,-16
1,-20,-22,-12,-21,11,-7,1,-19,-3,-1,-2
-5,-7,-4,4,-5,-16,-20,16,-1,0,-13,16
-17,16,-15,-1,-18,11,-2,-9,-2,1,-4,4
0,3,-15,5,1,7,-6,-5,-16,2,-6,-10
3,17,1,-2,-22,11,-22,-2,4,-14,2,8
4,-6,-11,-3,-1,-9,1,-9,-21,19,-1,16
3,-5,-19,-3,-11,0,-11,-5,-12,-13,-16,-2
-12,17,3,15,-19,-7,-5,-11,-17,7,-12,20
-2,-6,-6,17,0,4,4,15,-21,-11,-6,-2
-9,11,-11,-10,-1,-4,-8,14,-19,-9,-11,6
0,-8,4,4,-1,19,-5,14,-20,0,2,2
-6,17,-13,5,-7,6,-21,13,-15,17,-4,24
-9,18,-8,25,-8,8,-18,-5,-20,-2,3,-4
-10,25,-7,22,3,11,-1,-1,0,1,-6,11
-5,4,-1,18,-18,-2,-11,11,-7,18,-20,6
-8,10,-15,28,-16,6,-13,10,-19,-4,-19,30
-12,-2,1,3,-15,28,-4,-3,-17,10,-17,31
-9,3,-10,28,-13,23,-14,21,2,14,1,11
-4,27,-14,11,-11,34,2,23,1,-2,-22,0
-5,17,-1,31,-2,21,4,32,-2,33,-2,0
-15,32,-5,0,-5,16,2,15,1,30,2,6
4,-19,-18,-34,-13,-24,-8,-12,-1,-21,-9,-12
4,-13,-8,-23,2,-3,1,1,-4,-29,-2,1
5,-28,0,-23,5,-28,5,-33,-6,2,1,-1
3,-11,1,3,5,-32,-8,-3,-10,-12,-19,-25
5,-30,-8,-8,-19,-22,-7,-3,-8,-32,1,4
4,-31,-10,-27,-5,-4,-9,1,0,-15,-2,1
0,-16,4,-5,-5,-15,-8,3,-7,2,-15,-12
-17,-26,-8,-1,-9,-9,-7,7,-4,-13,-16,1
-19,-27,-9,-24,-13,-20,-6,4,-9,2,-3,-22
0,-9,-20,-21,-20,-16,-14,-3,-16,-6,-18,2
-21,-25,-13,-21,-14,-7,-16,-7,-13,-23,-16,-23
-17,-20,1,-13,2,-4,-21,-12,-6,-10,-9,4
-21,-9,-1,1,3,-4,3,-1,1,-20,-12,9
4,-9,1,10,4,9,-10,2,-21,-19,-17,7
3,-6,0,-17,4,7,-15,-19,-10,8,1,-14
5,-20,5,12,-16,15,-16,-5,4,-19,-19,-16
-21,-8,-11,12,-4,-8,-9,-2,1,4,-15,-1
-17,-8,-14,-3,-18,2,-15,-19,1,11,-10,-18
-2,9,-12,-1,-19,13,-15,0,-18,10,-15,-2
0,2,-10,9,-11,-11,-16,-6,-13,-1,-15,19
4,9,4,-16,-1,4,-20,-5,-10,-12,2,4
2,1,-15,-6,-4,5,-6,18,-16,3,-3,13
2,5,-9,20,-18,-13,5,-8,-14,-4,3,22
2,-7,-7,-2,5,21,-13,-9,4,8,-21,0
-1,10,-13,19,3,-2,5,2,-7,-8,-21,-5
-7,11,-18,-6,-9,17,-12,15,-19,-6,-4,13
-12,2,-7,17,-3,7,5,9,5,19,-5,12
-10,13,2,23,-9,16,-4,14,-5,24,-4,-1
-8,22,-19,3,-6,18,-14,22,-11,17,2,1
-2,25,-13,4,-2,0,3,27,-17,19,-16,12
-4,-1,-6,0,2,13,4,4,0,14,-15,29
-10,30,-18,17,2,23,-9,2,-9,30,0,17
-21,31,-4,32,-19,20,-2,10,5,9,-3,26
-3,9,-10,5,-16,28,-5,13,4,30,5,21
-13,31,-12,23,-11,11,-12,4,-21,33,-2,23
-15,9,-15,19,-8,14,-20,33,0,35,3,18
-3,0,-16,12,-9,9,-20,12,-1,24,-1,33
3,-19,-3,-12,-1,-14,5,-6,-13,-6,3,-31
4,-12,5,-27,-11,-24,1,-15,-13,-29,0,-28
4,-16,-1,-22,-20,-4,4,-21,-6,-10,-6,-22
3,-18,-16,-3,4,-26,-16,-10,-8,-10,-8,-3
2,-15,-7,-9,-5,-10,-5,3,-5,-11,-6,-26
4,-29,0,3,4,-6,-2,4,-16,2,-15,-7
6,6,-5,-12,-15,-2,-9,0,-9,5,-3,-3
1,-25,-20,7,-7,-11,-15,-20,-14,-21,-20,-7
-8,3,-3,-9,-20,-18,3,8,-7,-8,-5,-27
-12,8,5,9,-11,8,-20,-19,-14,-11,-16,-6
-16,-24,-3,-14,-14,-7,5,-9,-4,-19,4,1
4,10,-14,6,-4,-23,-7,-9,1,5,6,3
-18,-22,-13,-9,-13,-12,-7,-21,2,-19,2,4
3,-5,-10,2,3,-3,0,-6,-4,-3,-11,1
2,-1,-16,-18,5,12,-10,-20,-7,-10,-18,5
1,-5,5,-9,0,-6,3,10,4,5,-1,-16
1,4,-15,-1,-5,-8,1,-7,-6,-11,4,-9
-6,-10,-11,1,-12,3,-14,15,-14,8,-12,13
-1,12,-12,-1,-16,10,2,-16,-3,1,-7,12
-3,8,-5,11,-10,-6,3,-14,1,-5,-11,4
-14,-13,-13,-14,3,18,-10,-2,-15,-6,-2,-1
5,-14,5,19,6,12,6,9,-2,-15,-6,15
-16,-8,0,8,-11,-13,1,14,-14,19,-12,2
2,10,-14,22,4,0,-4,10,-11,20,6,7
0,-7,-10,2,-4,8,-3,-11,-7,-5,-16,17
-9,12,-19,-10,-17,14,-1,23,-13,18,-8,11
-11,1,-18,-5,-14,16,5,1,-3,13,-11,4
-12,15,-3,13,-15,18,-2,-6,6,15,6,25
-13,16,-20,1,6,7,-20,4,-2,17,-20,-2
-7,24,-14,12,3,2,-2,20,-14,-5,-18,28
-9,-4,-19,9,2,14,-15,-6,3,14,-14,-3
-9,3,2,-5,3,-3,6,10,3,29,-18,14
1,30,-16,1,-12,12,4,15,-10,11,-6,29
-13,4,1,11,-10,33,-1,27,-4,29,-20,20
-16,17,-6,34,-6,25,6,21,-12,24,-6,13
-7,0,-16,14,-19,25,4,30,4,4,-19,26
-19,35,-2,28,3,3,-18,9,-16,1,-11,28
4,-15,2,-8,1,-8,-2,-23,-3,-25,5,-36
6,-20,-18,-27,3,-20,5,-17,5,-23,4,-23
6,-24,-2,-4,-18,-4,0,-28,-1,-10,-7,-16
5,-25,-17,-31,-17,-22,-1,-29,-18,-14,-15,-5
-14,-27,0,-29,-17,-27,3,-16,1,-24,-19,-4
5,-31,-7,-21,1,-8,-2,4,3,-14,-19,-21
4,0,0,2,-15,-19,-10,-17,-10,4,4,-4
2,-9,-13,-28,-4,-26,-1,-4,-4,-20,2,-1
0,-24,3,-27,1,4,3,-5,2,-20,-2,-12
1,4,-9,-16,-17,5,-18,5,-14,2,-12,-6
-9,5,-16,6,-15,4,-7,-4,-4,-23,-4,-23
-16,-19,-13,-15,-5,6,-16,-15,-3,1,0,-8
1,-16,-9,-12,-7,-12,-7,-10,-18,-7,-13,-20
4,10,-2,-22,-18,12,2,-13,-15,-6,-2,6
3,-9,0,-9,-12,-15,6,3,-12,-21,-6,-14
1,-14,-4,-2,-6,-7,-13,-19,-12,2,-3,4
-7,-16,-4,-6,4,3,-6,-20,-9,-7,-16,11
-13,-8,-13,-1,5,17,-4,-18,-11,-6,-2,-7
-9,18,-11,-2,-16,-10,-13,17,-12,17,-4,-5
3,1,0,-11,-8,4,-4,17,-15,-4,-17,-3
-5,0,-2,-5,0,15,-16,-14,-15,-8,-8,14
-1,9,-9,18,-1,-3,3,-4,-1,-6,1,1
-16,-4,1,14,-2,5,-9,20,-19,7,-7,17
-3,4,0,5,-9,4,-2,6,-11,4,-4,8
-13,9,-14,9,-14,10,-14,9,-6,-10,1,24
-19,-6,-19,15,-5,17,-7,17,-13,-11,-1,5
-4,12,-18,6,-2,23,-18,-8,-7,1,6,20
0,-3,6,-7,-6,19,1,19,5,-8,6,27
-10,23,-17,1,-2,24,0,5,-6,7,-2,6
-2,20,0,28,5,-5,-7,-3,-16,26,4,23
2,22,-3,13,-18,19,1,18,-5,14,2,15
-16,11,-15,23,2,3,-9,2,-2,3,-5,-5
-7,-1,1,-3,-9,-1,6,29,-9,20,-19,8
-19,4,7,4,-8,32,-19,0,6,2,1,-3
-12,12,0,32,-14,33,-8,22,-14,-1,0,26
-19,19,-1,11,0,14,-5,9,2,33,-14,33
-4,2,-10,24,-14,16,-2,9,-6,26,-17,28
4,-27,4,-4,-9,-21,5,-4,-1,-29,-4,-31
6,-20,2,-20,-11,-27,8,0,-8,-9,-2,-4
5,-3,-11,-30,-4,-30,-18,2,6,-21,-9,-23
4,-14,-18,-2,5,-25,7,-11,7,-13,6,-25
-17,-25,-1,-17,7,-29,-5,-3,7,-16,-3,-12
0,-12,-10,-27,0,-5,-18,-6,-7,-3,6,4
-6,-18,3,-18,-17,-24,-13,-6,-11,2,-10,-19
-15,-17,-12,-14,-4,-11,-11,-8,-16,4,-6,-29
-2,2,-2,-11,-13,1,-1,3,-1,-28,3,-26
0,-16,-14,7,-18,-16,-8,-10,-17,6,-14,-14
-15,-9,-13,5,-13,-12,-15,-2,-15,-4,-12,3
-11,-23,-7,8,-12,0,-9,8,4,8,-13,11
4,-19,-5,-3,4,-20,-4,-10,-7,-19,2,3
3,-11,-9,-17,-10,-17,0,-3,-8,10,-15,-1
-16,-5,-8,-7,1,6,-12,3,-7,4,5,-18
-4,9,-10,0,0,15,-18,-10,4,7,-5,-8
0,5,-6,3,-10,1,-15,-1,-6,-19,-1,0
-12,-10,-10,4,-15,12,-17,-13,-17,12,-10,-9
0,-5,1,3,-11,-18,-18,6,-9,13,2,-4
8,11,-13,9,-6,16,0,4,-12,14,-6,-16
-6,-5,-4,-9,4,15,4,16,-12,12,-10,-8
-16,15,-5,2,-12,18,-4,-14,4,14,5,12
-10,-13,-4,20,0,10,0,16,-18,8,-9,-10
0,-12,-11,15,-3,-13,2,-6,-5,23,-10,4
-13,10,-12,17,2,23,-15,-3,-5,-11,-9,6
-7,0,5,-9,6,21,-16,1,-7,2,-1,-11
-7,6,-6,1,-10,3,-2,16,-12,19,6,-5
-13,18,-14,-2,2,7,-10,18,-11,27,-9,27
-3,22,-5,26,6,23,-10,-2,-9,-5,8,13
-3,-2,-8,11,4,7,6,13,-5,22,6,-5
-12,2,-16,17,-9,-6,5,9,-8,4,-15,3
-11,10,3,-2,-1,21,-3,5,-18,10,-1,18
-9,31,-13,10,0,21,-10,30,-1,31,-16,-2
-10,-3,-12,29,4,24,-13,31,7,0,1,1
-15,17,-2,25,-4,1,0,12,-7,22,-15,3
-4,2,-3,9,-18,17,-1,20,-1,16,-11,14
2,36,-18,18,-18,36,0,19,-3,2,-8,15
-15,-31,-6,-12,8,-17,-13,-2,-2,-7,-5,-19
6,-26,-12,-26,-13,-34,-13,-20,-3,-12,-9,-7
5,-18,8,-1,1,-34,-1,-32,-5,-28,-14,-21
9,-4,0,-27,7,-25,-11,-17,-4,-23,-10,-9
-16,-27,0,-25,-7,-17,8,-13,4,-5,0,-25
-2,-11,-12,-21,-12,-20,-8,0,-15,-16,-11,-8
2,-19,-3,-16,-13,-25,-5,-19,-1,-18,6,-1
-5,-3,5,-18,-11,5,-9,-3,-12,-13,-10,-13
3,-16,7,8,8,-12,-11,-19,1,-8,-1,-8
-3,-25,6,-3,-10,-24,4,-11,-15,4,-16,-3
5,7,-12,4,-13,5,-13,-6,-16,-16,-9,-8
0,-5,6,10,-10,-3,6,-3,-13,-18,3,-13
4,-15,-13,-7,-14,-20,-5,-11,-5,-17,-14,4
5,-15,-2,-11,-11,-1,3,-17,1,11,-10,-6
-17,-22,-7,-18,5,2,-8,-1,-10,-8,-5,3
3,-4,0,-16,2,-4,-4,0,-5,1,-16,15
-17,-12,-7,-7,-13,7,5,-2,4,-17,8,7
-5,-10,-1,-18,6,-12,-8,6,-16,-13,-13,-12
-6,-13,-11,-15,4,-1,3,0,1,4,-7,17
-10,4,-14,13,8,-5,9,-5,-11,15,3,5
-15,19,4,-3,-8,-3,-12,-4,-15,6,-5,-13
-4,2,-13,-2,-1,-8,-4,-5,-13,21,-16,-9
-5,6,9,13,2,10,-8,6,5,-4,-9,12
-14,18,2,1,-17,4,5,16,-9,-13,2,-4
-12,1,-7,5,-7,17,9,-1,-15,-4,2,6
-4,-3,3,-8,-1,-11,4,10,-2,-11,-16,-11
-7,10,-14,13,-13,6,-13,-3,-14,10,5,-10
-13,24,-17,11,3,-3,-15,5,-17,1,-14,9
2,18,-1,-8,9,24,9,0,-5,7,0,-3
-1,22,1,29,-5,16,5,19,-11,10,-4,3
-6,30,3,12,-11,12,2,30,-11,0,-2,12
-15,26,-16,20,-14,14,-11,1,-14,21,2,9
-5,-4,-5,-1,-6,5,8,17,-8,-3,4,2
-5,15,-3,3,-13,-3,-7,19,9,29,-3,19
-13,12,-12,13,2,6,-5,6,1,8,-11,20
-7,5,-15,17,-14,17,-9,16,-9,14,-11,13
-11,36,-12,29,-15,23,-17,9,0,11,-5,35
-15,-22,-11,-4,9,-5,1,-36,-8,-34,2,-36
6,-5,-5,-28,8,0,2,-35,-12,-1,-6,1
-13,-30,-8,-8,-9,-9,-3,-19,-5,-33,-13,-15
4,-18,-12,-33,9,-3,4,-3,6,-6,8,-13
-13,-29,1,3,-1,-3,-15,-9,-12,-3,-10,-6
-14,-31,1,-14,-9,-16,-12,1,-9,-15,7,-25
-7,-15,-3,-12,-6,0,-7,-20,-15,-5,2,-12
-12,-19,-10,-3,-11,-3,6,-1,6,-6,-6,0
-15,-8,5,-26,-6,-8,3,-12,-10,8,1,-15
-5,7,4,-6,-16,-18,-15,-26,0,-8,-13,7
4,-8,-6,-10,6,3,-13,10,-5,-16,9,2
2,-23,-16,-1,-10,-16,2,-14,-7,-7,7,-22
5,-3,-6,7,-2,-23,-7,5,-9,-2,-13,-10
5,-18,-1,-14,-8,-18,-1,1,-4,11,4,3
-2,11,-9,-11,8,-11,4,-2,-12,-6,7,-20
-6,-12,-9,-18,-10,-21,1,-11,6,4,-10,9
-12,14,1,-7,-1,-3,-4,-11,6,2,-7,7
-8,-10,-16,-14,-16,1,-6,7,-10,-1,-7,15
5,17,-14,16,3,-2,0,3,6,-16,-13,18
1,19,-2,0,9,19,-7,-8,-5,16,-5,-1
-6,-13,-5,19,-4,2,-13,-4,6,-16,0,-5
-13,10,-2,-12,4,-6,-5,20,-5,1,-9,-15
-10,-7,-6,-14,-9,14,9,22,-11,-10,-9,13
-16,11,2,-11,-9,7,-8,23,0,8,-9,7
3,4,-3,-4,0,6,-15,23,-9,-3,-6,15
-3,5,0,0,0,-2,-15,15,-8,8,3,-9
-12,16,7,18,4,-7,-12,3,-15,22,9,3
-12,7,-10,4,-12,-1,-9,-8,-14,14,6,17
1,21,7,19,-4,-6,-9,0,6,3,0,5
-7,20,1,9,10,22,6,20,-10,28,-1,22
2,21,7,-3,-11,15,-5,12,-8,8,-1,10
-10,7,-8,14,8,0,-14,22,-10,25,-14,15
4,31,-3,16,-4,27,4,21,7,19,-8,26
-15,18,2,3,4,33,-2,10,-1,32,-1,9
6,32,-13,19,-16,22,-7,25,2,16,-5,19
-10,30,-14,35,6,31,-9,35,0,9,-9,30
1,22,-4,30,3,10,-14,25,-4,16,3,33
-12,-31,9,-2,1,-25,2,-6,0,-6,5,-28
-9,-35,-5,-1,-2,-23,-15,-8,-9,-10,-13,-2
5,-14,-9,-27,10,-26,-3,-34,-10,-26,-2,-7
7,-19,5,-23,1,-30,-6,-14,7,-12,-4,-31
-13,-21,-11,-7,-5,-1,-1,-14,4,-1,-1,-14
3,-10,-15,-8,-11,-12,-13,-3,-2,-17,-14,-5
-13,2,8,-26,-6,-20,3,-18,-2,-19,8,5
4,-29,6,-7,-7,-6,-4,-19,5,-15,-7,-24
-11,-6,5,-15,-7,-8,-8,-25,0,-20,-9,-13
-11,-6,-10,-24,-9,-20,-8,-14,3,-12,-5,-4
-10,10,-14,-8,7,4,6,-9,-13,1,-6,0
-8,-15,-13,-3,-15,-17,-7,-5,-3,-4,-5,-9
3,11,-4,-4,7,-13,3,-9,3,-7,8,-1
-10,-13,-10,-15,7,-22,-7,8,0,5,-7,-2
0,-7,-9,1,-4,-3,3,-9,-6,14,-13,14
-3,-6,-12,-6,-6,7,-3,-5,-3,7,0,-14
-8,0,-12,8,0,1,5,3,-12,-6,-8,-2
-8,-11,6,-3,-6,1,-5,-4,6,9,-14,13
-7,-8,-9,-7,6,0,8,5,2,-6,-7,9
-5,-10,-3,-17,-1,3,-1,-11,-1,12,1,-1
-5,10,-12,0,-13,20,8,11,6,-3,-7,15
-8,-2,-14,9,0,-11,-10,5,-5,1,3,-13
-10,-7,0,7,-14,14,-3,15,-5,15,0,3
-7,-6,-15,-9,-1,-6,-9,4,9,22,-3,-8
0,6,-12,22,-5,23,-1,7,3,-10,7,-5
-11,1,-12,3,-9,-6,4,22,-3,-8,-5,10
-12,23,-13,25,-4,-10,-12,24,-4,-8,5,7
-2,5,-7,-9,2,-3,-11,17,-8,6,-9,19
-5,27,5,11,-13,13,-11,6,3,6,-2,-6
8,28,-9,29,-7,2,-15,24,6,15,-9,10
-3,10,0,9,-15,16,4,2,-2,2,6,4
6,26,-4,-5,-1,30,-1,22,1,8,-14,26
-1,-4,-7,16,-8,32,0,12,6,1,5,9
-11,24,-15,26,11,30,-3,24,1,12,3,32
-8,17,-9,15,-4,15,1,30,-5,6,-12,14
-7,35,-14,9,10,27,-2,0,-3,25,-9,32
-13,36,-10,17,-12,28,-12,32,11,36,-11,36
-12,-33,-13,-33,-1,-33,-13,-18,10,-26,10,-19
-14,-32,2,-31,-4,-8,-9,-3,1,-25,-9,-9
10,-8,8,-12,12,-22,-13,-18,5,-7,2,-34
8,-18,-1,-18,-9,-24,3,-16,-11,1,2,-21
1,3,-6,-5,6,-15,-12,-11,0,-25,-10,-14
5,0,5,-30,-10,-24,-11,-16,-9,-1,-10,-23
8,-2,4,-9,-7,5,6,-9,0,-19,-1,4
-7,-4,-7,-10,3,-1,-10,-7,-12,-4,-3,-10
-11,-6,-10,-4,-11,1,-7,-26,-11,2,-14,2
-11,-7,10,1,-12,-14,-9,-13,0,-24,-1,-26
-10,5,-8,4,-1,-9,-4,-14,-14,-15,2,-9
-5,-22,-13,1,6,-4,-10,-7,-5,-12,-13,-15
0,-12,0,-23,-6,-23,6,-8,-4,-24,-10,-13
-1,-21,3,0,11,-13,5,12,4,-11,4,-18
-13,8,-6,0,0,-14,5,-2,7,-4,6,10
-3,-14,-10,-5,-14,-16,-12,-13,-11,0,0,-5
-5,0,-10,1,5,-6,0,-4,-10,0,-8,7
6,-8,5,-11,-3,9,5,-1,1,-7,5,-18
6,15,-5,-5,-1,-7,-13,-3,-5,7,-4,-5
-12,4,8,-7,-7,17,-10,13,-4,0,-5,-1
-14,12,-5,-16,8,12,7,-7,-14,16,-14,-16
-3,-2,2,-2,4,7,-3,-3,10,21,-3,12
0,-4,-1,16,-7,-12,-7,5,4,5,7,-5
5,23,-8,21,-1,14,8,6,6,14,-13,17
-1,-1,-10,15,-11,8,0,23,-2,7,-14,7
-14,23,-6,23,-3,-9,10,18,4,-6,-4,3
8,25,5,-1,1,1,3,6,2,13,11,16
-9,-1,9,-9,-3,20,-9,27,-2,9,-10,3
3,-8,-7,0,8,-8,-8,5,-9,17,8,14
6,22,-6,11,-10,29,-7,15,-12,22,-9,14
-9,29,-5,13,-8,22,4,12,-10,13,-2,15
-14,1,-5,11,-9,10,3,6,6,6,5,14
-6,-2,-1,-3,-3,6,-6,14,1,13,-6,15
-14,20,8,26,9,2,12,29,8,10,6,-1
-6,23,-11,5,-2,34,-12,18,-2,6,-5,17
-6,12,6,11,6,6,7,2,9,3,5,9
3,34,10,27,7,21,-12,22,-4,20,8,24
-9,-32,-11,-17,7,-17,-4,-24,0,-2,-10,-3
10,-11,2,-9,12,-21,0,-33,-2,-13,-5,-21
-7,-33,4,-9,-1,-4,1,-23,0,-7,0,2
-11,-23,0,-29,3,1,5,-31,-10,3,-2,-29
-8,-30,8,-13,-3,-4,-6,-16,2,2,4,-13
-11,-18,-2,-25,-8,-6,-9,-14,-8,0,0,-13
6,-16,-5,3,-7,5,6,-11,0,2,-12,-11
-13,-4,-2,7,9,-21,-4,6,7,-19,-7,-23
6,-11,9,-20,2,-19,3,-9,4,-26,5,-7
-2,-23,-3,-22,-7,-24,-10,-4,9,5,-4,-18
3,2,-11,-13,12,1,-5,6,4,7,-7,-18
-1,0,-4,1,1,-20,2,1,11,-3,-10,-24
6,-22,-13,-13,-5,7,-13,-17,-5,8,-4,-19
-4,-18,9,4,3,-4,11,-18,3,-9,-2,-10
0,1,7,-11,-10,12,-11,7,-2,-3,8,3
6,7,-1,8,5,-11,-3,-3,-10,-3,-6,2
-2,-6,-3,7,-12,-11,7,-7,2,3,11,6
0,1,-4,10,-13,12,-7,-9,-3,8,10,-12
-8,-1,-10,0,-9,4,-11,18,-6,-16,5,-7
-9,15,-6,-11,1,12,-12,0,4,10,-11,8
3,-14,6,-6,9,-14,-5,3,5,5,3,-1
-6,20,-10,-2,9,3,-9,14,7,-3,3,-10
-1,-6,-2,-9,-6,-5,-7,-9,9,4,-6,-13
-6,-13,6,9,-4,6,-4,9,-10,2,-8,16
-3,7,-2,-1,-1,22,3,5,11,19,3,-9
-10,7,8,-2,-11,-4,-10,7,-9,-2,-10,-1
0,-10,-1,6,-13,11,0,-1,-11,18,-1,18
-12,27,-2,8,-10,5,-5,14,6,3,-12,11
8,3,10,21,-8,26,-7,25,4,10,9,19
-12,16,-11,19,2,26,-10,9,-11,2,9,11
-9,23,-9,23,-11,16,-10,15,-8,-3,-8,11
-5,15,9,13,-7,1,-2,23,-8,22,10,19
3,6,-12,16,-10,32,1,17,-5,32,-7,28
2,7,-11,24,-4,22,-11,4,6,14,-7,10
6,11,-4,32,-7,27,-9,25,-8,4,5,29
1,0,-13,6,10,34,-8,24,3,4,-2,25
0,18,-11,30,8,13,4,28,-8,36,-6,13
10,-11,-9,-36,2,-22,-5,-5,9,-36,12,-26
-10,-28,-11,-14,14,-17,4,1,4,-8,-10,-29
11,-33,-4,1,-9,1,12,2,-4,-6,-1,0
8,-14,7,-2,1,-1,12,-32,3,-20,8,-15
-6,-4,-8,-6,13,-15,-2,-28,3,-26,-3,-10
1,-24,9,-13,13,-27,4,-23,-7,-9,-1,-31
-10,3,6,-10,-5,-3,10,-8,11,-25,1,-2
6,-13,-7,-25,-7,-21,-9,-7,-7,-5,-10,2
8,2,-5,-27,-5,3,-5,-8,-7,-15,4,-14
5,5,-10,1,8,-15,-2,8,-3,1,7,-11
-6,-2,-2,-16,-8,-5,-2,-6,13,3,-9,-18
-12,5,4,8,10,8,-5,7,-10,7,2,-17
-5,9,8,-18,2,-11,3,-13,2,-12,-6,-24
-12,9,-10,-22,6,-9,-3,11,12,-23,-8,-14
-7,-1,-6,0,11,14,-6,1,8,-13,-1,-17
-3,12,9,-15,-9,1,-7,-18,0,-11,-3,-20
-1,-1,-3,-9,10,6,-6,6,6,-7,1,-8
-11,15,1,-16,-8,1,11,10,2,-3,-6,6
4,-15,-6,-10,-10,-16,0,6,9,14,-5,7
-5,0,-11,18,-9,15,-9,11,2,-16,1,12
-7,8,12,19,12,-2,-4,12,-10,-4,1,16
-2,-15,8,21,-4,0,-6,9,-4,3,-12,3
3,-11,7,-12,-6,16,-5,3,-2,14,-3,-7
-1,20,4,-6,7,20,-3,15,1,6,-1,-4
-12,21,0,6,-9,1,-7,15,-5,13,4,12
9,25,-5,20,5,25,2,23,11,18,10,12
-2,24,-5,3,11,-6,-7,19,-2,-7,6,3
2,-2,-11,23,13,-9,4,-5,-8,-3,6,-8
-3,-1,-9,18,-9,19,0,9,-2,11,0,19
-8,6,-1,2,1,1,-3,25,-2,11,2,14
2,12,-10,18,8,12,-10,20,-5,-3,2,23
-9,22,11,21,5,-3,0,7,-7,4,-7,11
2,13,4,12,-4,25,-4,26,11,24,-4,16
8,31,9,22,-9,4,9,16,-1,14,-5,19
-1,-2,-5,30,14,3,-9,11,-12,-2,7,20
-8,22,12,28,11,24,-6,30,-12,8,6,13
-8,28,9,21,6,16,-7,22,-10,36,-12,29
-10,-28,4,-16,8,-13,12,-19,14,-14,0,-13
-10,-31,-3,-5,-2,-29,13,-28,6,-11,-11,-11
15,-34,15,-26,-2,-32,6,-1,15,-14,3,-8
-10,-32,-1,-5,7,-6,-9,-32,11,-26,0,-4
3,4,-2,-17,-7,-22,-10,-1,8,-19,-8,-20
7,0,11,-8,12,-2,9,-21,5,-3,-3,5
2,-17,-1,-21,3,2,7,-25,10,3,12,6
-5,4,2,-4,8,5,8,-28,-7,3,-9,-20
9,-28,-7,-5,-10,6,6,1,8,-12,5,-9
6,6,-9,-2,-5,-13,11,7,12,-10,1,-18
-4,-20,-5,-26,2,-22,-7,-17,-2,-2,8,-11
-2,-16,-9,-17,-11,0,-11,-4,-3,9,-1,-8
-11,12,1,3,3,9,-5,5,-11,4,-2,-9
4,-22,3,-5,3,-4,-8,12,-9,12,1,-7
-3,-3,1,-7,7,10,-7,-18,2,-5,7,-2
-7,-1,12,2,5,0,4,-3,-1,13,6,-19
-6,3,-4,-6,-5,1,5,-19,-1,-13,10,-9
8,16,-9,-5,10,-16,-5,-11,-1,16,-4,-17
-6,-6,0,16,7,-5,-10,-9,-7,13,9,-7
-6,-8,2,2,-1,2,0,16,-1,15,-6,5
-2,0,2,20,0,11,9,11,-4,-5,6,16
-5,2,-8,-9,-3,19,-9,-11,3,4,-10,0
-6,0,1,12,11,3,-6,3,8,10,-9,12
-2,-5,-5,-9,3,21,9,6,2,3,7,-4
-5,-7,1,-5,6,23,3,20,-4,5,0,19
5,23,-1,-4,-8,1,-7,8,10,6,-9,13
0,16,-8,25,1,-9,-8,20,5,19,-5,10
4,-2,13,-4,4,25,8,20,-6,23,10,6
-8,-1,6,-6,5,5,-6,2,12,-2,14,21
-3,11,-9,13,9,7,-1,4,-10,0,-8,-5
-11,15,7,29,-2,15,-9,17,7,25,10,11
-8,25,-9,16,-1,7,-7,30,-8,22,-2,15
5,0,-8,15,15,0,-3,-3,0,5,1,22
7,7,11,10,-2,9,4,0,-5,2,-8,29
-8,34,-4,22,-4,15,-1,11,-8,11,-10,15
-2,16,-2,3,4,5,-3,12,-2,18,-8,6
2,3,-2,36,2,36,11,0,-9,14,2,3
14,-30,15,-30,-10,-22,10,-34,15,-13,15,-21
14,-32,1,-22,11,-15,9,-14,-4,-20,-4,-26
13,-12,16,1,12,1,7,-20,15,-6,-6,-32
-8,-29,8,-16,6,-4,8,1,2,3,10,-23
10,-11,9,4,6,-20,12,-1,-7,-8,5,-4
12,-4,0,4,2,-28,-4,-12,1,5,6,-8
7,-27,4,-11,9,-21,-4,-9,-2,-7,4,-2
2,-16,10,-27,-7,-19,12,-19,2,3,5,-15
4,-17,1,-9,9,8,12,-27,5,-17,-4,-18
13,9,1,0,6,-1,12,-20,-1,-6,-5,-20
1,-11,4,3,12,-3,-4,6,-9,-23,0,-8
-3,-21,-3,-2,5,-17,-4,-5,-7,-6,3,-6
3,-19,6,-14,-2,8,6,-17,-9,-20,11,5
3,-14,15,6,-7,7,-5,-16,9,12,7,-22
2,-5,-5,12,2,-6,-6,6,-6,-1,-2,2
5,-13,-4,-16,6,9,6,3,2,-9,-5,-15
-6,16,3,-10,2,-9,-2,-4,11,9,3,-9
-2,-3,3,-5,-9,-19,3,-1,10,3,-2,10
7,-16,10,-1,-4,13,1,1,12,-6,-7,12
-8,3,8,-6,-1,15,0,-7,1,12,-4,-10
-8,8,-6,-4,1,-8,-8,17,-4,4,-10,4
-4,8,5,-11,-7,9,8,-5,5,1,-10,-10
-5,11,-2,18,-8,13,-6,-6,-5,-3,9,17
0,-1,3,20,-8,13,8,-4,-10,-7,1,7
2,10,-9,16,3,-10,16,-8,4,16,1,16
10,13,3,-2,10,0,-3,12,5,8,-6,9
-8,6,6,16,-2,17,3,15,-10,21,-6,-4
12,-5,1,22,2,26,14,-6,-2,-5,-9,7
-4,7,0,11,10,2,-7,-1,13,-1,3,17
-2,10,8,6,-4,29,-9,3,-2,24,7,18
-1,12,4,7,5,25,-2,16,2,3,0,13
-6,19,-10,5,-9,28,12,25,2,15,2,-3
-7,11,9,11,0,-4,-4,3,0,8,-8,28
-6,6,4,17,6,28,2,-2,-8,4,-3,33
-10,20,-8,27,8,19,12,23,-6,16,-4,9
-4,21,9,32,-2,13,13,3,9,19,10,5
-6,8,-7,29,-1,22,-1,0,7,10,-4,24
-8,-19,-8,-24,12,-12,-9,-30,17,-33,2,-22
14,-9,16,-16,13,-32,16,-12,9,-27,-4,-3
-9,-17,16,-18,-2,-4,-3,2,1,-12,16,0
-8,-22,-7,-16,15,1,13,-28,-5,-11,-5,-30
-4,-26,-8,-27,-6,-27,3,-26,6,-6,-2,3
14,-21,9,-27,16,-16,-5,-26,0,4,-5,-6
-9,-16,8,4,12,-8,-9,-8,13,-21,16,-16
-6,-28,7,6,3,-19,2,-21,4,1,2,-23
-2,3,12,-27,6,-18,10,-18,1,-14,17,-9
14,-4,3,-15,-4,-17,3,8,8,4,17,-20
-8,6,-2,1,-2,-13,3,-24,9,-20,8,-22
5,-2,2,-10,5,11,14,10,-3,1,13,-16
-8,1,-4,-24,-2,9,7,-15,10,-9,-8,4
5,11,13,3,-7,-9,11,-9,-6,-16,1,-14
11,-13,4,-15,-6,4,3,-3,-9,3,7,-13
6,-7,3,-1,-4,-18,1,-2,4,-3,15,-17
-8,9,16,-2,0,14,-1,-5,11,-13,1,-19
-8,12,1,1,1,13,-3,8,9,11,12,-7
-5,7,6,16,7,18,-6,11,7,-15,5,-8
-7,6,3,-9,5,13,-3,-3,10,6,-8,12
-3,10,0,6,-7,9,-2,12,-3,8,-6,11
8,-6,9,-6,6,17,-1,18,-3,8,-1,20
7,6,5,-10,2,-3,-9,9,-5,-9,1,16
15,-8,0,-5,-9,-11,0,-9,0,-8,-6,13
-6,-12,1,12,-3,-4,-9,14,10,-4,-8,21
-7,4,11,-6,8,-11,14,22,2,-3,12,-3
12,-3,6,22,17,25,8,15,17,-4,6,-1
16,20,-7,7,17,11,14,12,11,26,16,3
7,16,0,27,-2,10,-9,12,-1,27,-2,11
2,11,-5,3,-6,4,1,-6,10,7,-9,4
-6,15,5,3,14,0,-4,20,-7,18,-1,17
-8,17,11,11,4,-4,-6,12,-5,6,4,11
-5,31,-5,16,7,-3,3,29,14,23,1,22
12,30,13,-1,0,4,-4,5,-5,7,1,29
0,17,5,13,-4,10,-9,8,6,5,7,26
1,17,3,1,12,13,-7,14,-1,28,0,29
8,1,11,29,12,4,15,28,0,22,-4,4
-8,-20,17,-23,-3,-36,8,-8,16,-4,17,-20
14,-29,-7,-33,9,-26,11,-28,14,-21,8,-2
-7,-25,1,-24,16,-6,16,-20,-2,-22,15,-3
-8,-29,16,-12,17,-28,16,-22,14,3,8,1
-3,-31,5,-19,7,-19,11,-9,13,-25,-4,-27
-3,-27,1,-8,9,-9,7,-29,6,5,5,-8
-4,-29,1,3,12,-26,17,-17,12,2,-7,-29
17,7,16,3,-2,-17,6,-20,1,-25,8,-21
11,-9,12,-5,5,3,16,-28,15,8,17,-6
15,-23,5,-21,1,-13,17,-22,-5,-27,18,-16
13,-18,1,-14,-4,7,3,-24,9,-23,18,-3
11,-17,0,0,8,0,14,-12,17,5,18,4
-6,-10,1,3,10,6,1,-23,13,1,6,-7
0,8,-8,7,8,12,6,-18,15,12,1,9
9,-14,0,-12,1,-4,13,-17,0,0,12,-1
-8,-2,2,8,16,-20,-6,-10,8,3,1,-13
13,6,-5,13,1,13,-5,-9,3,-8,7,5
2,9,12,-5,0,0,4,1,-1,0,-7,-10
4,-17,4,-5,-5,-3,-3,5,11,18,-1,15
-2,17,5,-15,-5,0,-1,-6,-5,14,12,2
12,9,-7,14,16,3,11,1,-1,2,-1,-5
14,7,8,-12,-7,9,4,-12,-6,-12,0,-2
14,-3,-6,-7,-1,-3,7,17,5,8,6,-3
-4,-13,16,-2,7,-8,6,-13,-4,14,-1,15
14,-5,15,-7,16,6,10,20,7,8,-8,9
14,-8,14,-8,15,4,3,2,15,10,8,10
13,-4,-6,0,18,-8,10,-3,5,11,14,22
11,12,18,23,-5,-9,8,4,11,23,0,-7
5,28,-5,0,9,0,-4,13,9,12,6,-7
-5,19,-1,29,-7,25,14,1,-7,2,-2,24
-6,16,3,26,-8,-6,11,16,0,3,-4,16
-4,10,-1,-5,-6,24,-3,-1,0,28,9,13
10,26,-3,16,-6,26,1,14,9,1,-2,30
0,0,-7,4,3,17,-3,10,2,27,-3,7
-5,21,-3,21,5,3,-5,25,-8,18,5,19
-5,23,6,7,-8,22,-1,9,-5,8,-5,14
7,9,8,24,-3,6,-6,31,7,1,12,9
-6,-34,17,-6,17,-6,3,-13,16,-28,15,-30
-2,-35,13,-4,19,-22,13,-31,9,-29,6,-26
16,-27,-7,-17,17,-10,19,-16,3,-13,8,-1
17,-4,12,-17,5,-11,18,-32,15,-13,18,-32
1,-3,11,-13,6,-7,9,-29,11,4,8,-30
-6,-13,19,-2,3,-9,-5,-13,17,-6,16,1
14,-7,17,-8,13,-28,9,-16,18,-12,13,-26
13,-6,12,-25,-7,0,19,-29,13,-29,-7,-28
12,-13,2,-26,6,-21,19,-3,6,-23,1,-6
3,5,18,-7,18,-1,19,1,7,7,18,-20
5,3,10,2,14,-26,-7,7,6,-3,0,-22
-7,-7,18,6,5,-19,-3,8,9,5,19,0
11,-16,13,-20,3,-1,16,-16,13,5,18,-14
4,7,19,8,6,-23,16,-10,9,-1,-6,-18
18,6,11,-14,6,1,19,-15,-7,8,18,13
16,7,2,0,0,-15,-7,-2,-3,14,0,-16
9,-2,-5,-14,2,11,4,6,9,-12,7,5
11,-16,5,-14,-5,0,0,-10,-4,-9,18,5
13,-15,-7,1,-3,-6,3,9,4,7,13,11
7,18,-1,-11,-1,-13,9,-7,13,-4,1,-13
9,7,7,-11,14,-14,1,-14,-1,-9,-3,7
11,-8,17,2,18,9,2,-10,1,-8,8,7
-4,-5,-7,19,16,0,18,10,8,0,12,-14
11,10,10,13,15,21,7,-6,6,-7,-7,3
5,18,7,10,10,-5,-5,4,-5,22,1,13
13,5,-4,-7,-3,-8,1,-8,19,4,-4,-8
-5,-2,-5,23,9,0,7,13,13,-4,2,21
10,-2,11,22,4,25,-3,1,12,-8,-5,20
7,6,2,20,-2,12,7,22,13,9,6,6
4,-1,-3,7,1,21,16,27,11,4,6,26
-2,25,-2,21,-3,3,17,-2,1,5,-4,15
2,-4,6,11,-5,3,8,12,-2,12,-4,15
1,30,4,12,15,6,2,20,0,24,-7,4
11,31,-2,33,17,1,7,5,3,8,0,5
-3,16,1,22,-5,26,10,2,4,16,14,11
15,35,2,30,10,26,-1,27,19,27,6,19
5,19,15,7,6,19,4,34,-5,30,2,0
0,-7,2,-35,8,-25,8,-21,16,-35,11,-14
-4,-17,19,-3,3,-12,19,-4,-5,-23,3,-12
-5,-34,20,-18,-5,-22,14,-34,8,-9,19,-15
0,-3,20,-9,5,-11,13,-30,18,-3,17,-25
16,-8,17,-16,-5,-15,17,-21,20,-14,18,-25
15,-9,8,4,17,-30,17,-17,20,-8,-1,-29
18,-3,16,-16,20,-4,4,6,9,3,4,-8
9,-4,-2,-28,-6,-16,4,-23,18,-6,18,5
5,-3,9,-23,15,-1,-4,-28,0,-15,10,-27
6,1,19,-26,5,-20,16,-21,3,-13,6,-21
9,1,11,-18,-4,9,10,-26,12,-19,11,7
-3,-14,19,-16,14,5,17,-5,-4,-12,-5,-11
-4,-15,18,-12,1,-14,7,-10,6,1,14,10
-5,-4,16,-19,11,0,-6,-22,17,-8,20,-22
2,8,20,-16,7,12,13,-20,7,-19,1,12
10,4,5,9,9,-19,-3,-15,13,4,20,1
14,-10,15,16,-6,14,9,3,8,-20,-4,-9
8,6,20,-1,7,-6,13,6,-3,-13,15,-3
5,6,19,-1,-1,15,0,-17,18,-10,9,-12
9,7,19,-10,15,-12,2,-5,8,16,20,14
15,1,14,19,5,14,1,9,14,7,-6,10
11,9,-1,-13,9,5,7,-8,6,12,11,2
9,14,12,19,20,22,15,-13,4,-10,13,-8
5,18,17,20,11,-8,6,13,17,19,-1,-1
14,-8,20,1,8,-2,15,3,6,12,18,2
13,14,-6,14,-5,-4,9,9,16,15,15,21
0,3,-2,22,-2,22,0,1,11,19,12,17
-2,-2,16,-4,18,8,-5,27,-3,-6,17,16
10,7,-3,17,4,-3,2,17,19,16,9,22
5,-4,-2,-5,-4,11,18,-5,2,5,12,25
11,25,4,-4,10,27,5,25,10,-5,15,28
3,5,8,-5,13,8,16,9,2,5,11,5
0,10,8,24,16,3,-1,14,-1,24,6,4
-1,8,10,25,6,10,15,1,1,2,2,-2
-4,26,-2,9,-2,32,9,23,3,21,20,25
11,16,14,29,10,16,1,17,4,30,-4,14
0,25,-5,9,-1,4,11,3,3,26,-3,11
10,-30,17,-30,13,-21,11,-3,9,-15,20,-11
9,-8,5,-34,-1,-17,8,-27,9,-5,6,-32
14,-31,5,-8,14,-14,16,-16,19,-30,19,-18
18,-30,21,-16,9,-33,10,-24,8,0,-4,-10
-4,-22,-5,-29,16,1,11,2,-3,-30,11,-6
17,-5,7,-7,13,-3,-4,-11,-5,3,13,-12
18,-3,18,-20,15,-30,19,2,4,-10,19,-9
9,-5,3,-22,6,-5,7,-24,21,-10,12,5
12,-9,-5,-13,5,-4,8,6,14,-21,14,-17
0,3,-3,-27,13,-4,5,-19,20,-16,-1,-23
5,-4,-4,1,-4,-13,20,-12,19,2,21,4
2,-13,5,-2,2,-2,-4,-17,2,-13,15,-5
13,-2,16,-1,14,-18,10,-17,19,-17,11,8
8,5,19,-15,-4,-20,21,-18,18,-4,-1,-4
5,-11,7,-13,2,-17,4,-14,18,-6,-5,-5
10,0,20,-10,1,-1,20,5,20,4,19,10
2,8,21,6,2,1,11,10,15,-18,9,11
11,-7,20,4,5,-15,14,7,14,-19,0,9
12,-12,7,4,-5,17,16,15,13,17,11,9
17,-16,9,-5,3,9,15,16,18,-8,-1,-17
10,-3,19,0,16,3,-4,9,10,15,18,-3
6,17,17,4,12,-2,6,-11,20,-14,5,-7
9,12,21,-9,10,22,8,-3,-4,9,21,-4
10,16,11,18,13,-7,-1,-7,12,23,15,2
10,7,13,13,17,-3,15,17,16,11,-5,19
9,20,3,17,5,-1,10,-3,8,13,10,-6
5,13,0,23,8,20,3,11,8,-1,7,24
15,-7,-3,-6,13,2,6,12,18,24,-4,-5
11,1,12,-4,6,25,12,10,-5,28,12,28
17,22,11,27,7,12,16,1,-5,12,18,9
10,28,1,6,-2,3,8,11,14,15,16,-2
13,23,2,21,2,19,2,10,3,25,-1,-4
11,-4,-5,-4,4,23,-3,-1,0,11,13,20
2,33,5,0,1,29,5,27,-2,5,13,7
3,4,10,14,13,31,7,32,9,4,9,11
5,13,9,9,2,15,7,35,7,3,16,0
12,30,1,21,-5,1,19,35,6,23,0,14
1,-8,13,-18,9,-20,19,-31,15,-3,13,-27
4,-30,3,-1,4,-24,7,-28,17,-9,8,-2
13,-20,0,-3,10,-28,5,-17,1,0,22,1
-1,-20,11,-16,5,-16,16,-21,5,-3,15,-10
4,0,17,-24,-1,-30,5,-2,13,-7,1,-9
8,-8,9,0,7,0,-3,-2,2,-28,17,-4
7,-1,22,-11,14,-12,16,5,14,-2,13,-15
6,-2,1,-28,16,5,22,-20,19,-15,7,-14
17,-26,3,-23,5,1,16,-25,3,3,15,-2
3,0,14,-26,12,-23,-3,-22,12,-23,8,-16
8,9,19,-6,21,-1,14,-18,-3,3,6,-19
12,-18,15,-2,9,-19,15,-21,22,-15,-2,-7
-4,3,17,-24,2,-1,9,2,17,-18,18,-12
6,-13,3,-3,13,8,10,-11,1,-18,20,9
-2,4,19,-11,6,-1,13,14,-1,-17,6,-11
2,-1,0,-18,12,2,6,-5,10,14,17,12
3,-9,22,0,18,1,6,-17,7,-6,15,4
9,2,22,-9,9,-9,17,11,21,-9,6,6
11,13,17,17,8,14,9,10,22,4,18,2
14,1,15,-17,-3,1,21,18,14,15,13,9
3,-15,14,-2,-3,13,6,-11,-4,11,22,-14
12,-4,18,5,-4,4,-4,20,15,14,13,6
-3,13,20,11,14,-7,15,17,15,-4,16,-11
18,19,16,20,16,16,21,15,16,13,21,-10
12,1,15,18,15,14,2,3,5,4,15,17
9,23,16,-3,15,-11,17,15,20,3,18,4
10,11,13,-1,7,-9,13,-4,16,18,-1,-6
7,18,0,27,18,27,7,-6,0,-5,0,25
-2,11,6,28,0,27,-1,-5,3,-4,22,-5
10,21,12,23,9,26,19,2,1,16,-2,10
15,16,-2,26,20,16,16,-5,12,29,-4,27
12,14,4,9,19,22,21,3,-1,6,6,0
12,17,10,26,11,3,8,6,7,3,8,3
14,12,5,6,4,27,0,9,2,1,-4,24
3,24,18,23,7,14,14,29,8,31,6,8
9,34,15,4,8,16,19,6,19,25,22,4
6,25,16,26,1,17,-1,14,5,15,6,12
4,-27,-2,-5,-1,-3,7,-27,2,-10,12,-5
5,-27,3,-7,15,-33,5,-25,9,-33,-1,-12
3,-7,1,-15,18,-25,15,-12,20,-32,18,1
-1,-6,-3,-17,19,-20,13,-13,23,-7,23,0
16,1,10,-3,14,-2,7,-11,23,-5,8,-22
4,-15,14,-21,-3,-25,19,2,13,-13,20,2
13,1,13,-16,8,-12,6,6,9,-17,9,6
9,-8,0,-26,15,-9,14,-24,-3,-6,7,-1
5,-6,9,4,12,7,19,-8,17,-23,17,2
13,8,15,-24,9,-23,-1,-21,17,-24,8,-3
3,-20,4,4,7,0,14,0,6,-15,5,-11
4,-22,6,-22,7,-23,18,9,-3,8,0,-1
17,4,-3,-10,20,-24,19,11,11,-22,11,-10
14,-10,21,-4,8,-19,18,9,14,-10,2,-18
17,10,23,0,20,11,18,1,5,-16,5,-10
0,-13,23,-18,12,-20,20,-5,10,7,4,9
12,12,23,-8,1,-3,8,-5,11,11,21,8
19,-19,3,-3,7,-10,18,12,17,-18,-2,-17
17,9,15,-11,6,6,19,-15,19,-3,18,12
2,3,20,-5,14,-2,10,-4,8,-2,3,-16
7,-12,-2,-2,21,17,15,20,12,-11,-3,-7
15,2,2,20,18,21,21,7,-2,-1,22,-15
18,-4,6,16,1,1,18,-7,1,-14,2,17
3,22,14,18,10,9,23,21,23,1,20,-12
12,5,-2,7,-2,8,10,20,21,-3,-2,22
6,25,19,24,12,14,18,18,23,19,-2,2
12,26,10,-5,-3,18,7,21,5,-2,-1,-7
10,-5,13,11,18,26,16,15,16,-4,11,26
5,15,18,-1,1,15,1,-6,15,19,20,7
10,26,19,10,17,26,21,14,22,-3,19,23
15,0,13,-4,2,-4,20,6,19,29,-3,28
13,22,18,29,6,3,5,2,15,-2,1,27
-3,7,15,28,-2,-2,14,8,21,14,20,24
12,23,15,26,-2,24,20,-2,-2,27,23,15
6,27,23,34,11,10,8,12,17,28,15,27
16,23,10,-1,19,18,5,34,-1,20,22,1
21,28,14,3,10,29,19,21,22,34,10,22
9,-26,16,-6,1,-3,18,0,16,-7,9,0
7,-33,10,-34,14,-30,6,-26,7,-8,17,-14
3,-1,17,-14,13,-4,5,-20,15,-6,14,-5
8,-17,23,-6,19,-21,11,-13,6,-13,3,0
3,-14,1,4,4,-5,8,0,5,-11,2,-22
10,-25,24,-3,15,-13,24,5,4,-17,6,2
-2,1,14,6,16,5,7,-7,4,-8,24,-26
0,-4,9,-26,7,1,5,4,14,-12,2,-15
13,-28,12,-12,6,8,12,-8,23,-1,9,-3
9,-18,6,9,7,-18,9,-11,3,-15,10,-8
12,-18,23,-11,2,0,12,-9,24,-21,20,5
2,-8,4,-23,18,-24,20,-16,5,-5,7,-15
13,9,18,0,19,10,4,-12,6,0,11,11
7,2,17,5,17,7,4,-1,7,-11,16,3
19,7,21,3,22,-19,9,-21,-1,-20,3,-22
3,-2,22,3,17,-10,23,-6,4,-12,10,11
14,12,6,-17,17,-15,16,3,18,-16,12,7
-2,10,12,7,1,4,13,-15,15,-5,1,-19
4,-2,9,-4,12,-9,3,-13,15,3,5,-8
7,11,18,-17,9,6,14,18,24,-9,20,2
4,16,13,8,11,8,15,-8,14,-14,6,18
11,0,22,-6,4,-14,5,14,21,-14,17,-3
16,19,2,8,10,0,0,-9,16,9,9,4
15,2,14,9,16,-12,-2,3,23,0,18,15
4,7,23,14,21,14,23,-8,19,19,14,-10
15,24,6,-2,15,10,13,19,5,22,8,-8
3,19,6,-8,-2,6,-1,23,14,6,-1,-7
16,5,16,25,8,16,1,-8,-1,4,13,17
14,8,7,-7,19,15,7,-5,24,-1,10,12
7,19,19,23,16,24,23,0,-1,21,4,-5
13,6,15,8,4,7,5,21,1,-2,8,-4
14,1,16,0,6,-1,22,12,-1,17,2,12
6,7,-1,18,21,18,-2,14,20,15,5,22
11,24,16,21,3,-2,16,25,0,17,22,20
3,1,3,23,0,18,-1,-2,18,23,21,-2
19,2,12,23,24,7,1,30,23,34,10,22
19,13,1,12,5,29,24,29,24,34,15,31
19,-23,0,-13,11,-7,24,-4,25,-5,8,-33
7,-31,17,-13,12,-15,7,-35,-1,-22,10,-24
18,-33,15,-13,14,-18,0,-21,4,-27,21,-32
2,2,1,-18,8,3,18,-1,8,-16,2,-8
2,-4,4,-16,1,-28,14,-13,3,-18,0,-10
12,-12,19,1,13,-14,13,-29,22,-7,24,-22
12,-20,-1,-8,16,-20,7,-16,8,2,5,-9
18,5,20,-25,12,-20,0,-15,17,4,12,-3
15,-27,0,1,10,-2,12,-9,-1,1,17,6
10,-10,18,-8,22,-17,11,-6,10,7,12,-10
8,8,4,-13,4,-3,11,4,23,3,18,-23
8,-11,15,-13,16,-14,0,-18,20,-16,10,-17
12,-12,7,-12,11,-24,17,2,3,0,1,-17
4,3,23,-16,17,6,10,-18,6,1,9,1
11,-12,6,7,9,-21,9,7,0,-4,8,-16
14,-10,11,-15,10,11,1,13,11,8,1,-11
18,-10,-1,12,19,11,0,-17,22,-7,1,-4
6,15,20,-9,0,-11,-1,13,9,-13,23,-16
18,0,-1,-16,21,-6,14,4,20,-16,1,-14
18,-5,14,-17,15,5,3,-16,17,-13,6,-3
7,-1,21,8,8,-12,6,-12,1,-5,3,0
20,-15,10,3,18,10,-1,15,9,-10,8,-2
9,1,9,8,13,9,12,21,21,-11,9,-14
8,-9,1,-9,17,-10,25,7,0,11,9,-7
10,-11,4,-1,13,14,16,15,8,-2,3,23
20,-10,21,-2,25,10,4,-5,14,21,6,-5
10,18,2,7,22,6,16,24,1,-9,24,7
8,23,12,17,1,8,19,6,5,12,21,-5
4,8,22,-2,20,23,2,12,16,18,8,21
7,19,2,24,18,20,-1,27,0,14,13,16
0,22,13,15,7,27,24,23,3,22,13,28
9,16,8,13,9,28,11,10,0,0,22,29
16,24,11,31,20,22,18,23,-1,22,22,14
8,20,15,22,17,16,16,29,18,3,18,4
23,34,18,23,25,8,24,25,-1,12,20,18
14,22,18,25,22,30,14,28,22,30,25,31
16,21,11,25,-1,3,24,2,2,32,20,5
17,-10,4,-1,4,-12,22,-24,0,-24,5,-21
3,-1,3,-11,13,-14,5,-34,14,-22,25,-12
9,-28,13,-23,12,-8,21,-12,10,-25,15,-7
5,-1,4,-15,10,-25,21,-9,24,0,20,-2
3,0,15,-21,20,-6,23,-22,14,-15,2,-31
10,-14,3,-22,10,3,7,-24,14,-26,15,-21
7,-12,16,-7,2,-21,16,-25,12,-13,2,0
6,-11,17,-9,15,-11,0,-24,5,6,17,6
5,-13,24,-2,14,-26,4,8,21,-7,14,-19
1,-3,0,-26,2,7,16,2,8,0,19,-19
3,3,15,-24,21,-15,23,2,10,-24,13,-22
4,5,22,5,5,-1,21,-14,4,5,14,-5
9,-24,18,-8,16,-16,5,-9,8,-19,15,-1
15,-19,6,2,5,-10,16,-5,3,12,18,2
7,-17,24,-18,18,12,18,-5,3,-6,22,13
8,-7,6,6,11,-9,20,-16,24,-18,0,15
21,10,11,2,26,8,26,6,17,10,4,7
14,-13,16,13,20,-14,12,12,2,-19,13,-12
14,1,23,-5,13,17,7,-18,25,-11,7,11
12,-3,24,-14,12,4,13,-5,20,1,15,18
16,-11,19,-9,16,-10,10,12,16,20,11,6
14,-10,0,6,18,-10,3,-15,1,21,14,9
3,0,1,3,21,-13,1,14,18,-13,1,-3
11,-1,21,2,9,-10,15,23,3,12,20,-8
12,-5,15,21,18,-4,22,12,8,13,22,-1
2,23,22,10,1,3,4,14,6,-10,16,-5
9,12,2,2,24,16,0,-6,16,15,9,-8
6,-5,0,19,0,-5,26,7,20,24,5,11
18,28,8,0,14,13,2,5,5,-8,16,27
12,26,19,22,11,18,23,19,15,18,0,-4
9,15,10,24,26,3,0,-4,6,28,22,11
18,27,4,4,16,9,9,9,2,12,18,7
21,23,3,6,25,-2,7,1,24,11,3,2
18,2,11,18,24,12,1,1,23,9,2,-3
13,22,17,19,6,15,17,5,26,9,0,12
22,30,19,23,23,16,0,14,1,14,0,14
19,7,20,9,1,22,25,34,0,17,4,15
