-9,-22,-7,-3,-3,-18,-13,-12,-5,-6,-26,-29
-24,-8,-10,-19,-24,-4,-12,-10,-20,-33,-20,1
-24,2,-25,-8,-19,-3,-20,-3,-15,-6,-4,-22
-20,-9,-12,-3,-23,-31,-17,-32,-17,2,-26,1
-21,-28,-16,1,-2,-14,-12,-16,-19,-12,-4,1
-10,-16,-10,-6,-19,1,-20,-21,-23,-14,-3,-18
-22,-25,-5,0,-2,-10,-24,0,-3,-27,-2,-4
-16,-7,-11,-17,-11,1,-17,-20,-19,-15,-20,3
-13,-15,-16,-3,-15,-24,-24,5,-9,4,-5,-4
-14,1,-7,-14,-18,9,-16,-3,-21,5,-11,7
-11,-11,-23,-24,-25,-22,-10,-11,-9,-2,-10,-16
-18,9,-18,-15,-12,-17,-2,0,-9,3,-14,11
-7,-14,0,-20,-5,7,-17,-1,-18,-7,-15,-18
-19,12,-15,-3,-26,9,-24,-7,-6,11,-26,-10
-26,-20,-4,-5,-7,-2,-22,12,-7,-18,-8,-1
-10,-16,-2,-1,-16,-13,-3,11,-21,-10,-16,9
-25,-2,-12,12,-19,-20,-24,-10,-22,0,-10,-4
0,-10,-15,-6,-21,11,-11,0,-17,6,-23,17
-13,-13,-4,9,-14,-8,-19,14,-10,10,-3,12
-12,-12,-13,10,-13,2,-8,-10,-13,13,-13,-11
-3,-1,-18,2,-14,-9,-4,0,-19,6,-4,-16
-11,13,-3,11,-16,-6,-6,4,-9,-1,-6,7
-18,21,-8,18,-25,22,-5,-7,-18,21,-21,-7
-13,15,-10,23,-8,14,-8,2,-12,-4,-20,-11
-10,-5,-16,17,-14,-10,-18,-7,-7,18,-22,23
-2,10,-11,0,-12,7,-13,-8,-7,13,0,21
0,16,-26,26,-11,23,-20,-1,-1,1,-12,-9
-13,10,-12,2,-16,24,-2,22,-24,21,-6,4
-3,2,-8,6,-16,27,-17,3,-20,11,-11,3
-14,3,-21,28,-14,27,-22,4,-26,7,-20,23
-7,28,-17,16,-14,13,-16,11,-25,-5,-20,8
-25,9,-25,11,-3,27,-5,9,-2,6,-7,14
-7,8,-14,24,-1,9,-10,9,-14,4,-18,20
-12,11,-9,5,-11,1,-1,9,-4,17,-10,15
-13,34,-18,3,-9,0,-8,8,-18,6,-11,30
-2,2,-19,-1,-14,15,-1,28,-20,20,-1,14
-16,14,-3,3,0,34,-21,26,-5,27,-9,29
-19,0,-22,-32,-1,0,-22,-14,-15,-30,-5,-21
-22,-1,-4,-1,-20,-8,-17,-19,-15,-7,-9,-33
-23,-2,0,-5,-3,-14,-20,-3,-1,-2,-1,-31
-14,-17,-5,-3,-5,-12,-13,2,-13,-31,-6,-33
-22,-1,-21,-22,-1,0,-21,-27,-18,-24,-13,-30
0,-27,-13,2,-9,-13,-9,5,-18,2,-13,3
-4,-3,-15,6,-6,-13,-18,5,-18,-9,-19,-10
-6,-1,-3,4,-1,-15,-11,-18,-1,-14,1,-16
0,0,-7,-15,-3,-26,-2,7,-20,-12,-21,-10
-10,8,-15,-5,-22,-16,1,-15,1,7,-23,-5
-6,7,0,0,-9,-12,-21,-6,-8,3,-14,-3
-3,-4,0,-16,-6,-10,-21,-18,-2,-8,-11,-1
0,0,0,-17,-21,6,-18,-9,-18,-18,-15,-21
-5,1,-7,-15,0,-18,-20,-12,0,-18,-15,8
-13,-13,-15,-10,1,9,0,-7,-7,-20,-10,8
-5,-9,-20,-19,-22,-3,-1,-21,-7,10,-19,-20
-13,16,-18,-19,-1,-17,-14,-5,-15,6,-1,-7
-15,2,0,-3,-13,6,-12,17,-7,14,-25,9
-24,13,-14,-16,-2,1,-24,18,-3,6,-2,-3
1,0,-2,5,0,-3,-6,18,-17,13,0,13
-12,-7,-4,3,1,16,-16,2,-16,18,-17,3
-22,10,-19,4,-18,-9,-21,14,-10,-10,-12,-14
-8,-1,-22,22,-1,-14,-23,-3,-14,3,-5,-12
-5,23,-5,9,-24,-5,-21,-12,-22,10,1,-13
-2,-11,-25,22,-5,17,1,4,-9,12,-14,20
-7,25,-17,3,-1,-4,-19,12,-5,-5,-14,8
-21,15,-16,13,-25,12,-25,4,-12,12,-2,7
-22,8,-7,15,-20,19,-23,17,-25,-3,-23,26
-11,0,-15,9,-15,-6,0,-8,-20,-3,-13,-8
-4,16,-20,26,-1,17,-20,29,-23,6,-14,13
-8,9,-10,0,-19,27,-7,2,-19,1,-9,-5
-2,23,-3,19,-12,11,-25,15,-24,21,-18,6
-5,9,-4,-2,-21,3,-11,11,0,20,-21,6
-4,32,-3,-3,-2,5,0,6,-18,24,-6,31
-14,34,-7,19,-21,12,-16,11,-12,27,1,29
-9,35,-4,21,-7,15,-16,-1,-9,25,-11,2
-25,26,-17,1,-15,19,-2,9,0,21,-19,31
-14,-25,-5,-20,-15,-22,-24,-4,0,-23,-2,-31
-23,-3,-2,-1,-6,-26,-18,-16,-17,-34,-17,-4
1,-3,2,-5,0,-5,2,-28,-11,-29,-18,-21
-22,-9,2,1,-1,-16,-11,-1,-15,-31,-3,-6
2,-18,-7,-2,-21,1,-21,-13,-9,-21,-8,-15
1,-13,-3,-5,-10,-7,-12,5,-15,1,-14,-5
0,-15,-11,6,-1,-29,-2,-6,-16,-12,2,-2
-9,-24,-21,-1,-1,7,0,-2,-5,3,-18,5
-1,-24,-10,-12,-7,-9,-5,-25,-2,-21,-1,-24
-4,-27,-22,9,-16,6,-9,-25,-18,6,-6,-19
-13,8,-9,-3,-21,2,0,-5,-23,4,-3,0
-10,1,-18,-15,-19,6,-22,11,-14,-5,-2,9
-8,-7,-24,-12,-18,-22,-16,4,-19,-5,-5,2
-10,-20,-5,-2,-15,4,-22,12,-8,-17,-21,-12
-3,-10,-10,-14,-1,-8,-11,9,-6,7,-7,13
-10,-1,-1,-2,-2,-2,-19,-15,-6,1,-2,8
-3,-3,-17,-1,-7,2,-20,5,-12,-4,-17,-18
-1,-16,-4,1,-9,5,-12,-7,-16,-18,1,8
-18,11,-7,-18,-21,8,-16,-10,-15,10,2,-1
0,12,-1,0,-17,18,-17,0,-16,12,-22,3
-10,20,-19,-8,-1,-14,-24,-9,-2,12,-17,-9
-19,8,-18,5,1,4,-3,17,0,15,-12,5
2,-3,-16,18,-10,-1,-19,-1,-4,19,-16,18
-13,1,-16,18,-17,20,-11,-5,-10,21,-1,3
-18,18,0,2,-21,-2,-8,18,-13,1,2,15
-1,22,2,19,1,-7,-18,0,2,21,-15,9
0,9,-23,2,-5,9,1,16,0,12,1,11
1,17,-16,8,-23,11,-18,17,-12,-2,-12,9
-11,17,-23,-4,-2,-3,-24,-6,1,-4,-7,10
-14,20,-6,4,-1,16,-14,16,-4,28,-23,-5
-14,29,-22,23,-22,-2,1,26,1,29,-4,18
-13,16,0,-1,-20,-2,-16,5,-14,14,-19,-1
-16,32,-15,7,-22,21,-6,20,-19,16,1,2
-18,4,2,20,-19,9,2,15,-17,13,-3,3
-20,-1,-18,-2,-11,6,1,0,-20,8,-13,16
-18,11,-9,1,-19,1,-1,23,-7,5,0,31
-23,36,-14,13,-17,2,-18,1,1,2,2,34
-3,-29,-19,-28,2,-4,-7,-1,-12,-2,-3,-29
-21,-6,-23,-24,-9,-26,-5,-29,-22,-31,-12,-27
-23,-33,-17,-4,-1,-25,2,-20,-8,-1,0,-1
-4,-29,-22,-2,-17,-7,-20,-15,-16,2,-6,0
-8,-28,-1,-22,0,-2,-21,-7,-19,-1,-1,0
-2,-16,-20,-15,0,-2,-23,-18,-10,-28,-7,-20
-3,-15,-2,-16,-10,-23,-10,-18,-2,-10,2,-8
1,-20,-15,4,-3,-15,-10,-8,-4,-22,0,2
-8,-28,-6,-22,0,7,-3,-22,-12,-16,-4,5
-4,-26,-16,-13,-3,-7,-12,-17,-1,-22,-12,-20
-3,7,-4,-11,2,-4,2,-19,-5,-11,3,-5
-14,9,0,-12,-13,-22,-4,-20,-20,-9,-19,6
-22,-1,-3,-12,-14,-15,-13,-2,-12,11,-15,-18
0,2,2,-5,-8,2,-14,-20,3,5,2,5
-13,-20,-13,-2,-21,0,0,-8,-14,-2,-5,-20
-1,13,-3,-3,-6,-18,-6,-21,-7,13,-18,14
-13,-20,-13,-18,0,-17,1,-17,-14,-12,-2,-15
-3,-15,1,2,-16,-2,-1,-10,-4,17,-13,13
-2,0,-11,-16,-9,-4,-20,6,-5,12,-1,-10
0,-5,-1,-9,1,-4,-8,-14,2,16,-11,16
-21,1,0,9,-9,-6,-6,-13,0,0,2,-14
1,3,-21,13,1,0,-3,9,2,13,-5,18
-10,6,-15,7,2,10,-22,13,-5,-5,-1,-13
-12,15,-2,7,-14,12,-8,-13,-9,-8,-9,3
-10,-4,-10,22,1,-2,-8,-11,3,2,-7,14
0,5,1,23,1,0,-5,9,0,-2,-18,10
2,17,-8,6,-3,-10,-9,26,0,9,-7,20
-6,-1,-23,11,-16,-5,-16,3,3,-3,-18,3
-4,5,-6,10,-22,18,-18,22,-3,13,-12,19
-5,27,-5,27,-23,-3,-14,21,0,-2,-15,27
-10,21,-2,-5,-7,-5,-22,14,-20,18,-15,19
-10,6,-8,20,-3,19,-13,8,-3,15,-14,10
-22,21,-6,18,-4,3,1,24,-10,30,-1,5
-17,29,-4,8,-7,13,-10,31,-12,28,-22,5
-18,28,2,1,-4,14,-2,33,3,19,-13,0
-21,22,-11,10,2,28,-2,29,1,33,-4,29
-18,7,3,1,-16,34,-15,12,1,33,3,30
-13,-22,-1,-3,-20,-19,3,-6,-9,-35,3,-28
-7,-22,-14,0,-1,-3,2,-5,4,-23,-17,-21
-5,0,-4,-4,-5,-13,-3,-34,-12,-27,4,2
-4,-15,-16,-17,-3,3,-22,-5,-15,-26,4,-17
-1,-29,-1,-24,-8,3,-4,0,2,-30,-2,1
-13,0,-15,-21,-20,1,1,-15,-8,0,-4,-31
-6,0,1,-16,-18,-12,-22,-1,0,-7,1,-28
-8,0,-11,-13,-8,5,-9,-2,-14,-9,-13,-21
-21,-18,4,8,-2,-27,-21,2,-3,3,-12,-5
-9,-3,4,-18,-12,-26,3,-8,-10,-7,-15,-5
-22,-5,-12,1,-14,8,-16,9,-5,-24,3,-8
-22,-2,0,-18,-13,-21,-17,7,-12,0,-10,-6
-22,-9,-5,10,-20,-21,-18,-18,-15,12,-7,-24
-9,0,2,-1,4,4,-21,8,-10,4,-9,-21
-8,2,-22,-8,-2,-7,-9,-2,-19,-10,-16,-14
0,-2,-13,-18,3,-14,-14,2,-10,-2,-3,2
-1,-12,4,-17,-17,-1,-17,-15,-19,-12,2,-6
-1,10,2,0,-22,-10,-1,-3,-12,11,-2,-19
-6,15,2,0,0,-7,-3,-6,-1,6,-1,-1
-14,15,-14,-17,-16,7,-3,0,3,9,-1,-10
-5,0,-14,3,3,-8,-14,13,-10,10,-8,-5
-8,0,0,-4,-21,1,0,-13,-15,-2,-10,17
-11,-12,-14,-2,1,20,0,-7,-20,2,4,-13
-3,-4,-15,-6,1,15,4,-8,-21,15,1,19
-13,-12,-19,-3,-3,1,-20,8,-14,-2,4,-6
-9,4,-22,2,-5,15,-8,3,-22,9,-22,3
-1,6,-19,1,2,-1,-6,8,-4,3,-19,14
4,-5,-16,22,-21,24,-18,3,2,1,-3,-7
-13,-7,-6,25,-16,-7,-20,10,3,22,-10,23
-15,-4,4,26,-6,-1,-5,28,0,26,0,20
-6,-6,-5,-4,4,-3,2,1,-5,-6,-5,15
-21,21,-6,21,-22,24,2,28,-3,-4,-19,16
-15,22,-16,2,-13,7,1,6,-8,7,-14,14
0,-1,3,3,-5,13,-2,31,-11,0,-16,22
-17,31,-3,12,-10,24,-3,19,2,1,1,10
0,-1,-21,1,3,34,-7,6,-14,21,-2,10
-17,18,-5,1,3,30,0,30,4,26,-22,31
-19,-18,-2,0,-19,-8,3,0,-14,-4,-18,-1
-3,-31,-4,0,-3,-9,-5,-1,-3,1,-20,-30
-3,-9,-14,-9,0,-33,-8,-6,-13,-34,-14,-26
-12,0,-19,2,-1,0,-4,-15,-9,-2,0,0
1,-19,-15,-11,-13,-21,-10,-13,3,4,-13,-30
-2,-13,-15,-27,-7,-27,-13,-29,1,5,-11,-10
-14,1,-16,2,-5,-27,-13,-10,-1,-29,-13,0
-10,0,0,-6,-9,-29,-11,2,-15,-20,-21,-14
0,-22,-7,-1,-8,-4,-9,-1,2,0,-6,-26
2,3,-16,-22,-4,-14,2,-7,-21,-23,-21,5
-14,-24,-8,-2,0,-6,-16,3,-12,-4,-11,3
2,-3,-10,-22,-5,-17,-1,-9,-10,-14,3,-13
-20,-18,-2,6,0,-7,1,-10,-1,-8,2,-21
-5,4,-9,8,0,-10,0,-14,-11,-2,-16,4
-8,-21,-20,-7,0,-3,-21,-21,-21,13,-8,4
-9,-17,-8,-12,-21,-14,-14,-19,-19,-13,-19,-11
-3,13,-16,14,-21,-14,-20,2,-18,-13,-9,-14
-11,13,-16,-3,-9,-13,-19,-5,-17,-17,-5,-19
-1,12,-18,-4,5,-13,-19,-5,-7,-3,-13,-3
3,-9,-11,4,0,9,-20,-10,4,-8,-7,12
1,6,5,12,-6,-6,-21,3,-18,11,-2,19
1,8,-6,-12,-10,12,1,-15,-13,1,5,9
-9,10,-13,15,-3,22,-21,13,-18,-3,-2,0
1,11,0,18,-5,-9,4,14,-8,20,-19,23
1,14,3,3,-11,10,3,-2,-1,17,-1,5
4,14,4,6,-19,23,2,4,-6,-8,-6,-8
-21,8,-19,-10,-15,22,-8,8,-21,-5,-16,5
0,-4,-3,0,3,7,-20,15,-5,7,1,13
-8,22,4,14,-2,-2,-15,10,-2,11,-2,21
-4,12,-1,3,-20,11,0,8,-1,6,3,21
-7,4,-5,-4,-1,7,-14,20,-2,-1,5,12
1,4,3,1,2,28,-13,21,-12,28,4,11
-2,-4,-9,6,-19,6,-19,-3,-3,13,-16,29
2,16,-17,14,1,5,-19,21,-17,32,4,2
5,20,-10,-1,-20,8,2,24,-2,1,-2,10
-15,30,-3,26,4,8,-19,4,-15,10,-12,20
-19,25,-18,3,5,25,-19,8,-12,15,3,4
0,-27,-6,0,3,-24,-4,-3,-8,0,0,-2
-6,-7,-3,-22,-2,-7,2,-15,-12,1,-14,-23
-7,0,-15,2,-9,-15,-11,-4,3,-24,-11,-29
-7,-7,4,-7,-2,0,-3,-31,4,-19,0,-32
2,-18,4,-16,-8,1,0,0,5,-12,-17,-15
-1,-2,2,0,-3,-6,-16,-17,4,-6,-14,-28
-5,-12,-9,-23,-3,5,-19,-30,6,-3,-6,-28
-3,-7,-10,1,-3,-25,-5,-20,6,-16,2,2
-13,1,-7,-27,-16,3,-10,-22,-10,-23,-9,3
-18,-22,-9,-23,-1,-19,-15,-24,6,-19,1,-17
0,-9,2,0,2,10,-11,6,-12,6,-17,-24
-19,-5,-12,-23,-17,-10,-16,-23,-20,-13,-16,-21
-1,-7,4,-7,-17,-7,-10,-14,0,-9,-6,12
-12,-20,-3,-12,-5,-2,-5,-15,-1,-10,4,0
2,11,-4,-4,-20,-19,2,-10,3,5,-13,5
2,-16,-4,2,0,-15,-19,-15,-20,-18,-18,-19
4,0,-16,-9,-5,-12,-19,-4,-2,5,-6,5
4,-8,-9,14,-20,-18,-3,1,-8,-6,-2,5
0,10,4,-11,-19,3,-16,9,4,-9,-16,7
6,-1,-8,-16,-19,-11,-4,3,4,-11,3,1
-14,12,-10,-9,-19,-1,-17,0,-7,-12,3,13
-16,11,-15,15,0,-8,-20,0,-20,-7,3,4
-17,-9,-2,17,0,-2,1,8,-18,4,-10,-13
-8,4,-15,14,3,11,1,12,-13,-8,5,23
-7,0,-13,14,-10,5,1,15,-20,-11,4,-10
-14,22,3,-2,-11,9,1,15,-5,6,-6,1
-17,8,-20,21,-20,-2,1,14,-14,16,-2,12
6,9,-7,16,-20,10,-20,-4,-5,1,-20,7
6,12,6,8,1,6,3,19,-15,-7,6,12
4,6,3,29,-7,15,-19,18,-15,7,-18,12
-5,8,4,22,1,10,-19,15,1,7,-12,15
-4,14,3,23,1,7,1,8,-3,15,-10,12
-11,28,-18,23,6,2,-19,7,1,5,-19,23
-5,31,-18,1,-14,8,3,-2,-7,28,0,11
-2,4,6,16,-6,-1,-2,11,3,-2,2,14
1,32,-12,2,3,9,4,28,1,2,-3,8
-7,17,2,4,-15,34,4,14,5,12,-17,22
-8,-16,-13,0,-1,-5,5,-14,-8,-17,2,-35
4,-6,-3,0,-15,-22,-14,-19,3,-35,2,0
-3,-18,2,-28,-9,-34,-12,-18,-4,-5,1,-22
-12,0,-8,3,-2,-33,-4,-4,-19,-3,-11,-32
-5,0,6,3,-7,-12,-9,-3,-13,-16,4,-5
-11,-2,2,5,-12,-20,0,-3,4,1,2,1
-12,0,-17,-25,-3,-19,6,-12,-7,-8,7,-16
-4,0,5,3,-8,2,-11,7,-8,-8,5,-29
-7,2,-19,-6,-7,8,-11,5,-9,-24,-18,7
6,-15,-6,-23,-5,3,-2,2,-3,9,-9,-13
-7,1,-13,-3,2,-26,-14,9,0,-5,-7,-3
1,-22,-11,5,-18,-22,-18,4,4,-18,-3,7
-9,1,-5,10,-13,-19,-12,-20,-5,3,-4,12
-6,-9,-7,9,1,-7,0,-10,-16,-14,-8,-21
-1,1,-12,11,-17,-16,-13,-16,-12,-13,-14,-9
-5,9,-10,-1,4,5,-18,-16,1,-10,-17,3
2,-11,-8,3,0,7,-5,6,-17,-14,-9,-2
-3,-16,4,1,-15,10,-13,10,-18,-5,-4,-10
-1,-2,-7,-13,-17,15,4,-16,-15,-2,-3,9
1,-1,-10,2,-17,1,-3,-5,-14,17,6,3
-9,-15,3,2,6,-1,-14,5,-19,-16,-8,14
-1,12,-13,11,-3,9,-13,-15,0,10,-1,20
-2,13,-16,21,-19,-12,2,14,-1,6,2,4
6,10,-3,21,3,4,1,-9,3,4,6,16
-7,-12,-2,17,-13,-5,0,-6,-11,16,-2,22
-3,1,-9,12,-2,16,-17,6,-7,13,-7,4
-9,-1,-19,11,-10,6,-2,-1,-3,15,-9,-2
4,8,-7,10,-5,8,2,8,-6,26,7,-6
-8,7,-12,14,-1,27,-7,1,3,4,-14,26
-9,3,-1,0,6,20,-15,1,-2,20,4,-6
7,15,-15,14,4,16,3,16,-15,-2,-13,-6
-14,1,-5,23,-4,8,-6,14,6,20,-19,31
-8,-3,-5,5,-11,24,-2,27,-14,25,1,0
7,2,-18,17,-3,33,-7,19,-9,9,-11,7
-8,22,0,10,0,32,-7,31,-9,33,-19,25
-17,12,6,14,4,10,0,32,7,17,6,3
-6,0,3,5,-13,12,6,36,6,6,-15,8
8,-17,-3,0,-2,-8,5,-28,1,-1,-6,-1
1,-27,1,0,-10,-18,-5,-6,-1,-30,6,-25
-1,-8,-7,-17,3,-1,1,-7,-14,-6,-12,-7
1,-3,6,-23,0,-16,6,-17,-12,1,6,-15
0,-2,-13,-12,4,-1,-9,4,4,-14,1,-12
1,-6,6,0,-16,-31,-2,1,4,-4,-17,-11
-17,-25,-12,-13,-2,4,-1,0,3,2,6,-9
0,-17,-6,1,2,7,7,-1,8,7,4,-10
-4,-17,-13,-17,0,4,-8,-25,3,-3,-6,-20
-7,-4,-3,-23,3,7,-7,0,8,-7,3,-16
4,-14,5,9,1,-16,4,-18,2,-17,-18,-21
1,6,-6,2,-5,4,-4,-13,-11,-23,-8,-19
-7,7,-14,5,-13,-21,2,9,7,-9,8,-12
-3,1,-15,-15,-11,-18,-14,10,-17,-15,-17,6
-2,0,-6,7,-3,9,-10,-21,-3,13,-6,-1
-1,8,2,0,-13,-16,-2,5,-16,-9,-16,-13
1,-1,4,-6,-12,14,-11,11,-16,16,-7,-11
-17,-4,-15,-6,-1,15,-2,-9,-1,0,-4,-11
-1,2,6,-17,6,16,8,9,-15,0,-18,-15
4,-10,5,-12,-15,-8,-3,19,-14,15,-3,3
1,-1,8,9,-13,10,-13,9,-3,16,-3,-15
1,-13,1,19,0,-5,-15,-8,-14,-10,8,-5
-2,18,-13,15,-16,15,8,14,-12,11,-4,13
4,-3,-12,5,6,9,-14,9,-12,-10,-15,-3
-8,19,2,-10,1,20,-1,-11,-2,15,-6,18
-3,14,-2,-10,-13,14,-6,20,-13,-7,-16,6
4,21,1,-7,0,-2,8,14,-7,17,-1,-8
3,-7,3,-9,5,-9,-6,14,-4,-9,5,15
-8,-5,2,-3,-18,2,5,14,-4,22,3,4
5,-2,-13,10,-3,8,8,10,-2,-2,-14,5
-9,-4,-12,19,-12,22,-3,7,-7,10,-12,27
8,-4,-7,19,-7,2,-13,4,-9,4,-5,0
6,23,-16,2,-1,8,1,19,6,-4,-6,0
4,5,2,8,-17,2,-1,31,2,-1,-12,4
0,24,1,4,-8,25,-11,11,-4,1,-15,7
-2,0,1,6,-9,27,-10,5,-1,9,7,22
5,8,2,1,-8,16,8,0,-9,17,-13,20
7,-19,6,-26,-2,0,-8,-3,-10,-33,9,-3
-4,-29,-5,0,1,-33,7,-18,-5,-3,-13,-6
1,-25,-10,-13,-9,-14,-6,-3,-13,2,8,-17
0,-2,4,-6,3,-30,-14,-25,-2,-29,7,-22
-1,-1,8,-19,-3,-32,0,-22,1,-4,8,-1
-7,-2,-13,-22,-4,-26,3,0,-3,2,7,5
5,-2,-7,-11,-10,-11,-4,0,-12,-17,-8,-29
5,-2,6,-18,-2,-26,-5,-9,5,6,0,-28
-4,3,-5,-20,-4,6,-1,-26,-17,0,-4,-18
3,-16,-3,-23,-3,-11,-4,-25,9,4,-5,-17
-6,7,-6,-21,8,7,7,-18,-9,-15,3,-18
-16,-4,1,0,-2,-2,-3,-2,-8,-19,-6,-12
-1,1,-17,-19,8,-1,-2,-3,-2,10,-11,-8
-1,0,9,-16,-9,-8,-1,-1,1,-2,-8,3
-16,0,-13,-20,-5,8,-2,-11,2,-4,-6,4
3,10,6,-19,-11,-1,-6,-17,0,0,-14,-8
0,13,0,16,-2,8,-11,0,-15,-13,-13,-18
-5,7,-6,15,-2,-13,8,4,-15,-16,1,1
7,-6,-17,-12,4,-8,-5,-10,-17,5,-3,1
-5,3,-7,-2,4,-6,-10,-17,-10,7,-15,6
-4,-14,-13,12,-16,19,-15,-16,-14,-15,2,-3
-9,18,-6,-6,4,-9,-9,6,-11,-15,0,-2
-2,-11,-3,3,2,8,-1,-6,-7,-3,-12,-8
-5,20,-9,21,-3,16,-12,10,2,13,-13,21
-5,22,-3,0,0,-5,-10,9,1,-5,-16,9
-2,22,4,-1,-9,16,-9,2,4,3,-10,5
1,9,-10,-7,-9,8,6,-3,-12,20,7,6
1,-1,2,0,-10,5,-6,-3,1,1,2,23
-4,-5,-4,0,-11,-2,-13,10,-5,7,7,22
3,11,9,7,7,18,-11,20,-12,17,-5,15
-16,13,-4,12,-7,30,1,19,-6,3,-13,0
8,6,-14,2,3,17,-2,30,6,31,-3,0
5,0,-9,0,-4,27,-13,20,4,12,-16,6
3,-1,-13,18,-2,24,4,31,-3,32,8,32
-2,0,-6,20,1,22,-3,29,-5,31,6,9
3,33,-3,13,-3,31,6,5,-9,12,1,16
4,0,3,15,-10,16,-8,7,4,19,2,18
-4,-31,-3,-6,2,-17,-5,-3,-1,-35,-2,-4
-14,-23,-7,-18,0,-3,-10,1,0,-15,-8,-22
1,-13,-6,0,0,-1,-12,-19,2,-33,-9,-11
-1,-16,5,-8,4,-10,8,2,-10,-25,9,-21
-1,-20,-9,0,0,-1,-2,-27,7,2,9,-29
0,-20,1,2,8,-1,4,-3,5,-27,7,-6
1,-6,-2,-4,2,-26,-5,6,-6,-29,3,-6
1,-6,-2,-7,6,5,8,-14,10,-13,7,-29
-2,3,-12,2,-11,4,-9,-6,7,-2,-12,4
-7,-17,-15,-3,9,1,2,1,8,-23,-2,-5
-2,-8,9,-1,-2,1,1,-2,2,0,-8,1
6,-9,3,4,-12,-3,-7,-11,0,-3,-6,10
1,11,-7,4,-3,-13,-10,1,5,4,-13,2
5,-1,-9,-19,5,-5,-9,-20,-14,11,-4,-16
-16,-8,4,1,4,9,-2,-4,-12,-4,-6,-3
0,-11,3,-13,4,-3,0,8,1,-14,0,-15
-5,12,-9,14,9,16,7,-20,-14,-18,10,-16
7,-10,-9,9,-12,-10,-5,-10,-16,0,3,-15
-1,-11,-13,-12,-11,3,-15,-3,-3,-7,1,-6
-14,-15,-3,4,-15,6,-15,17,3,-6,2,2
-13,10,-4,-1,-16,5,-4,-9,1,7,-14,14
-1,11,-2,10,7,-2,3,11,-15,-15,7,20
7,6,0,-1,5,-5,3,5,-3,9,2,16
7,1,-11,-1,5,8,-11,15,-12,21,3,-2
-1,-11,-15,11,-6,6,3,-2,4,-8,-2,2
5,19,8,16,-2,20,-13,20,1,2,-12,16
2,5,-4,11,1,0,-13,11,0,-10,7,26
2,-7,-15,-3,-12,17,-4,9,-6,9,-9,-3
-2,-8,3,9,-2,7,-6,10,6,5,6,13
-4,28,-5,24,0,10,3,4,-2,15,-1,22
4,21,3,17,-16,25,4,2,4,-6,1,14
-4,14,-11,18,-10,5,-8,25,5,28,-12,12
-7,0,-9,2,10,3,-6,0,-1,11,-9,0
1,-1,-9,20,-11,6,-5,17,8,18,-9,-3
-4,1,0,4,2,19,-7,3,9,-1,9,30
5,10,-4,11,-16,32,5,4,-7,35,-9,29
7,27,-8,13,3,4,-13,9,-13,0,0,8
-8,-9,-1,-30,-1,-16,7,0,4,-21,4,-11
9,-29,-2,0,-8,-14,0,-7,4,-15,-3,-19
-2,-16,8,-18,-10,-24,-8,-24,7,0,11,-15
3,-23,-4,-8,-9,-24,-10,-25,10,3,-1,1
4,-11,-8,-20,-2,-29,0,-14,4,-32,6,-13
7,-13,-2,2,4,-29,-2,-31,-9,0,-15,2
4,-6,8,2,-6,-17,-13,-8,3,5,-15,-22
-15,-10,10,-19,0,-29,10,-9,11,-18,-7,7
-1,-7,-14,-21,4,-2,11,5,-3,1,-6,-11
9,-22,5,-23,11,2,4,-7,9,-7,-14,-15
7,-6,-15,9,9,5,11,-23,6,-21,-12,-21
6,7,-5,-1,-15,-13,-8,11,-15,-16,-13,-9
-3,-12,-12,-6,7,-17,-11,2,0,-11,6,-3
10,-4,2,-8,-15,-23,-9,-16,-5,-20,-13,6
9,-18,-3,-8,-8,4,-9,0,-11,-7,-15,7
-6,5,4,-20,-11,0,1,-16,11,-20,-13,-7
2,-3,4,5,5,-16,-11,-17,-14,-10,-8,-17
5,3,-8,5,10,-7,10,5,-12,14,6,9
-5,10,-14,16,-2,-9,7,-1,-11,-17,-4,-3
10,-12,-3,0,11,13,9,-6,-2,-1,-3,-8
10,5,-4,-1,-1,5,3,7,-9,6,-3,8
4,-12,-9,9,5,11,-9,17,-12,16,-11,-10
-4,4,-15,-4,-11,3,-12,-13,-9,-9,0,7
-8,-9,-4,-2,6,22,4,3,-1,11,-9,-2
10,-2,1,7,9,14,-14,-9,-13,-8,-1,-5
-7,19,-5,-5,2,22,-3,5,-7,14,-2,25
2,2,8,5,-6,7,-7,7,-12,-7,9,12
1,-7,3,13,-3,13,-11,23,3,-1,-5,25
-8,-7,0,12,-13,11,1,-8,6,-8,-8,7
5,28,-14,-6,9,10,-6,17,9,21,-6,7
8,12,-9,21,4,-6,0,-2,0,22,-11,27
11,8,0,10,-9,12,-15,25,10,24,-1,10
-6,31,1,8,-1,32,2,24,3,-1,-2,0
-7,23,1,7,2,25,-2,1,-7,0,-8,30
0,25,0,25,5,28,-4,21,1,33,-10,7
-1,0,11,18,3,14,3,1,0,-1,-6,29
8,7,-2,3,-3,27,4,2,-8,18,-4,22
-9,-12,6,-10,-4,-16,-4,-17,-2,-6,10,-5
-5,-32,-8,-28,0,-2,-2,-34,8,-4,-8,-25
-14,-25,11,-22,9,-30,-2,-4,12,-17,-6,-14
-5,-3,-5,3,8,-3,4,3,-4,0,-9,-5
1,-21,-4,0,-2,-20,4,-13,-4,-3,6,3
4,-20,-2,-5,4,-1,0,-30,-7,-19,11,-12
-14,-10,-10,6,5,0,1,0,0,-29,0,-24
-14,-16,8,0,10,-23,6,-29,-7,2,8,-5
4,-4,-12,-21,3,-11,-11,-17,-6,-7,5,-23
4,-10,3,-23,12,-1,-8,-12,8,-11,12,-22
-13,-14,8,-20,11,-16,-8,-14,-10,-18,-7,-12
-3,-22,6,3,-10,2,11,-15,-4,-2,-11,-7
-3,-15,-8,11,9,1,-14,-2,8,-22,2,-17
-2,-9,12,1,2,-1,-12,0,0,-4,-14,-17
11,-6,-4,-18,5,-13,12,4,-7,1,2,-7
4,8,4,-16,-12,-5,0,-4,-1,11,-11,6
1,-4,-12,2,5,-6,5,-5,-10,10,-14,4
-7,15,-1,4,-13,-5,-6,5,7,3,1,-1
12,-15,8,-16,-10,-6,-13,10,5,-6,-11,2
-5,11,-9,8,2,18,-12,-15,-2,-3,0,-4
-3,11,-6,-9,11,4,-7,18,-1,-4,12,19
4,-12,1,15,-13,15,-1,-9,10,16,6,-5
5,21,-10,-13,-10,-10,-14,7,-11,-9,-2,0
5,-8,-5,1,-5,-3,9,6,-1,11,2,15
-2,11,7,-3,10,23,6,6,10,12,-7,16
0,22,5,9,-10,23,10,-5,7,-3,4,25
4,4,-1,-10,-9,1,11,25,1,26,-5,-3
7,-8,12,-9,-6,5,-1,6,-5,5,-6,3
6,6,-12,12,-6,22,12,12,-6,1,-14,3
1,-1,3,24,10,-3,-2,25,4,5,-14,23
0,13,3,14,10,-4,10,20,11,2,10,14
9,29,1,3,6,29,10,29,12,5,-8,12
1,17,-14,5,7,-1,10,5,-11,9,-9,13
-1,7,-7,5,-3,27,11,31,-3,3,-1,0
6,-1,1,27,-11,21,11,31,4,2,9,18
-5,26,-4,25,-14,33,-9,14,-2,27,-2,0
12,6,9,18,-9,15,6,3,0,17,-9,26
3,-32,7,-9,4,0,-9,-36,7,-6,6,-30
6,-9,-9,-23,-3,-31,-2,-28,2,-5,7,-7
9,-5,-8,-25,-10,-14,3,-3,1,-18,7,-3
1,-16,-4,-6,3,-28,-10,-10,-4,-3,0,-33
8,-28,-7,-24,-1,-31,5,-2,10,-20,-7,-13
-1,-6,-1,5,-8,5,0,4,10,2,-8,-23
-12,-19,-4,-4,-13,5,6,-21,-13,4,-10,-1
2,-6,-1,-13,6,-6,3,-13,7,-5,9,-27
-1,1,-11,-18,-5,-25,13,8,4,-16,-3,-23
-12,-23,0,-12,1,-20,0,-16,4,-23,-5,-4
-12,-18,-13,2,-9,-25,7,0,4,0,-8,-26
4,-22,6,3,-12,-12,3,-1,-8,-3,1,-16
13,-1,12,-16,-4,11,6,-16,-4,3,-7,0
-1,-1,0,-13,-7,7,-10,2,7,-15,-11,-18
-3,-18,5,-18,6,-4,-7,-20,-6,-18,-13,-12
-4,8,-8,10,-10,-8,9,0,-11,5,-10,13
1,15,-10,3,8,3,0,2,3,3,5,-8
-11,7,1,-14,-6,8,8,0,2,4,-2,-3
-5,7,-1,-9,12,-12,-13,5,-3,4,2,-8
4,-11,-12,8,-10,12,1,-10,0,-8,-1,-12
-1,-8,6,3,3,-7,-8,-15,9,-6,11,-7
-1,-13,-10,11,0,8,7,-6,3,-8,-3,5
5,-13,-11,-1,13,4,9,1,5,0,-13,6
5,15,3,11,2,13,10,17,-7,11,12,12
13,-2,0,-5,-8,10,-4,17,-12,6,1,16
5,-4,-5,12,-8,3,-13,-8,7,3,-3,0
12,-2,2,4,13,-8,-3,-9,10,10,-9,16
-2,-9,2,17,0,26,10,20,-11,12,12,0
-1,-7,2,10,-5,21,-4,0,-9,4,-11,-4
7,16,-13,23,2,4,2,3,1,7,8,6
6,0,-1,-3,13,13,8,27,1,20,-6,3
-2,14,-4,13,-12,29,4,27,-3,29,-10,20
1,0,0,15,-8,31,-2,28,-1,0,3,8
6,11,13,14,-12,25,9,26,-8,30,-2,33
6,25,-5,18,13,-2,-2,20,-5,5,9,8
10,5,3,28,2,4,-8,9,11,28,-12,30
-5,0,-10,19,-6,13,-1,2,11,35,13,9
4,-27,8,-3,1,-35,5,-19,-2,-12,7,-35
11,-11,-8,-29,10,-11,-6,-14,-7,-27,7,-19
-11,-18,8,-10,-3,-3,3,-19,14,-31,-6,-8
5,-3,2,0,-3,-25,11,-15,5,-22,-5,-32
3,-1,-4,-17,0,-4,3,-27,-4,1,8,-6
4,-2,11,2,-1,-31,9,-2,-3,-2,11,-3
1,-1,-4,6,-3,-29,-4,-16,-6,-20,10,-27
-12,-17,10,-4,-12,-13,5,-2,13,-13,-3,-26
-2,2,-4,-4,-3,-23,-2,-1,-8,-6,-7,-4
-4,4,-12,-9,-2,-3,-8,8,7,0,6,-4
1,6,-10,-1,9,-11,8,-15,-7,-19,-12,-9
-12,-20,3,-12,5,-10,9,-4,-11,-2,-11,-22
5,-23,13,-1,-9,8,-4,1,1,1,-4,11
-6,-17,-2,-15,-11,-6,7,-5,-2,-14,-12,-14
12,0,-6,-8,1,-5,8,-9,-3,-4,0,-11
6,-16,4,7,0,-3,-9,5,-12,-10,-6,2
-1,-8,-6,-15,0,11,-5,9,-12,12,6,6
-6,-16,3,12,9,-17,-9,9,-5,10,1,-11
4,-12,4,-9,-5,-15,1,7,13,9,-11,-9
10,-11,2,4,14,-6,14,17,-10,-2,-1,-13
-4,-1,1,16,12,12,5,17,-12,13,-12,10
0,-4,8,-8,6,14,8,15,-11,20,14,14
14,15,5,10,5,16,4,-8,6,-3,3,17
-8,19,-12,-5,9,23,-6,1,2,-1,5,18
-10,19,12,18,14,24,7,24,-5,3,6,6
14,-11,13,25,8,24,1,2,-1,13,10,6
13,-1,-1,0,-4,15,5,-3,0,-4,11,-1
8,16,7,1,-12,21,-8,27,6,-9,-8,11
9,16,-2,2,-1,1,6,19,-11,-2,-5,27
4,28,1,-5,1,25,-4,4,7,-5,-2,29
12,4,11,17,-11,6,-1,-6,10,8,-9,8
13,12,3,5,1,-3,10,21,12,22,-3,5
13,18,-5,31,1,23,-2,31,11,27,-6,14
10,29,5,24,-3,9,-8,10,4,15,-1,-3
6,-2,8,1,11,7,1,5,14,21,-1,32
-4,0,3,-1,1,-1,-2,10,9,33,-7,1
-5,25,5,19,-4,35,6,22,-12,31,-11,33
10,-11,-2,-3,0,-20,-1,-10,7,-31,-3,-5
6,-35,-8,-2,15,-34,-2,-23,-5,-3,-3,-19
4,-2,-3,-12,9,-6,2,-1,14,-3,-2,2
5,-9,9,-14,7,-33,11,-5,8,0,15,-18
1,-1,-7,3,7,-29,3,3,1,-27,13,-31
6,-20,-6,-21,10,-2,11,0,10,-16,8,-28
0,-5,2,1,8,3,14,-8,11,-24,7,-5
11,-4,-1,2,-5,-21,10,-25,-2,-8,-2,2
3,-3,5,-7,4,6,7,7,-8,-9,8,-1
12,-25,14,7,13,-19,-6,-25,-10,-24,3,-23
-8,-26,-2,-24,15,-4,3,-23,-10,10,15,-15
-6,7,4,-18,11,2,15,-17,-3,-20,-10,-2
0,11,8,-2,-8,-18,5,-3,-8,11,-7,-9
-3,5,4,5,15,10,-10,9,-5,6,6,-8
-3,-13,11,-2,9,10,0,13,0,-21,13,-16
-9,-18,-1,-16,8,0,5,-2,5,-9,8,-4
9,-14,0,-1,7,14,-6,-20,2,16,-9,14
-8,13,-7,3,-4,-11,1,15,-9,16,15,-17
-11,-15,-10,10,3,-6,1,-7,-10,-1,-3,-14
4,2,-9,-1,2,3,9,6,15,-8,-1,-13
-6,11,10,0,0,-4,-3,-9,-7,-7,0,13
14,17,3,14,2,21,4,16,10,-14,13,9
14,-11,5,0,10,16,2,-5,0,-12,8,7
-6,18,15,0,8,22,15,18,11,12,-8,2
1,-6,8,12,-1,20,13,20,12,12,-6,24
-8,13,11,4,7,-6,13,-10,-5,3,7,5
-11,15,-2,20,7,13,-1,5,4,2,8,-2
9,17,13,27,15,12,2,17,8,7,6,10
-3,19,-10,3,0,6,10,-6,-6,17,5,27
-3,-3,10,17,-7,-7,-5,-2,3,-5,-6,-2
-10,11,-4,5,-3,26,-6,16,6,19,13,1
15,23,3,10,11,21,-8,27,-2,11,-6,17
15,4,0,10,6,28,-1,16,2,-2,6,0
9,18,14,18,11,20,12,8,15,26,11,20
3,4,-5,0,0,15,11,21,0,34,6,-2
10,27,15,20,6,0,2,0,0,-1,12,13
12,11,13,0,11,28,12,4,8,23,-10,15
6,-8,16,-28,-7,-36,-3,-25,14,-35,5,-20
11,-1,-6,-17,1,1,14,-31,7,0,6,-10
7,-16,7,-27,-6,-29,2,-6,12,-15,11,-11
8,-2,-3,3,-3,3,-7,-29,6,-20,10,-27
8,-19,7,-29,-1,-29,4,-30,-4,-26,16,-25
7,-21,8,-15,11,-26,12,4,1,-24,12,-13
8,-8,-1,-5,1,4,-2,2,13,-15,11,-15
11,-22,6,2,-7,-8,2,-24,-8,-7,0,-22
5,-18,0,0,-6,-12,11,8,7,-12,0,-18
-4,-10,-5,-20,-6,-3,-8,-6,10,-4,-5,4
-10,7,7,-10,-8,-25,-4,4,1,-6,-6,-17
14,3,-10,-2,-8,-20,8,1,-9,7,7,-20
15,-17,-9,-7,15,2,1,-19,-7,-14,-3,-12
16,-21,8,5,-3,-8,10,-8,6,-6,11,7
-2,-5,16,-2,7,9,-1,12,2,3,-1,11
-8,-21,-6,4,14,6,-3,2,-2,-6,-3,-16
-9,13,6,12,-7,7,8,14,14,-1,-7,-12
-6,-15,11,-1,-8,2,-2,-19,-5,-17,5,3
10,-13,-7,11,-9,-16,-2,13,5,9,-9,16
14,15,12,-8,5,-3,6,-6,-8,14,-7,-1
-9,12,15,-2,-5,-3,2,5,7,-13,-6,20
-5,11,10,14,3,15,5,-9,15,4,-2,-15
0,4,4,10,0,20,-1,11,7,3,-10,-13
3,-6,-4,-1,-9,14,2,-10,0,14,13,-6
15,2,7,14,1,-9,-8,-9,-1,-1,3,18
1,-3,2,2,14,12,-6,12,-1,2,8,-2
-1,1,-8,11,15,-10,5,13,-4,25,-2,-7
13,23,5,26,11,13,-1,-7,2,14,5,15
1,-4,10,23,1,5,13,25,-6,18,5,25
13,24,-6,19,0,14,8,10,12,-3,-3,12
11,20,13,-2,-7,18,11,0,13,23,-1,23
-6,7,-4,23,-1,2,9,-1,0,-5,-7,26
-10,0,5,5,7,1,-1,13,-6,15,6,0
13,20,-5,23,4,8,9,26,-1,9,8,28
7,5,-8,0,-10,24,-7,15,-4,34,11,23
3,20,15,-1,-4,35,7,22,11,22,9,8
13,13,-2,9,0,6,-7,5,-4,1,7,22
17,-9,-1,-20,2,-14,15,-18,14,-15,-2,-26
5,-22,-7,-23,-2,-15,14,1,-3,-23,4,-11
15,-27,5,-31,6,-5,4,-29,2,-1,12,-5
3,-1,11,3,3,-1,13,0,0,-33,11,-13
2,-6,13,-20,3,-29,-2,-24,14,-19,-4,-3
0,-6,14,-23,5,-26,10,-30,0,-12,16,-17
2,0,5,1,-2,-7,2,-13,-7,-16,2,-13
13,-12,2,-23,-1,-8,2,-27,7,-27,10,7
10,4,12,0,17,-5,-7,-1,11,-2,9,-24
-3,-9,8,-18,10,-2,7,-26,-6,-7,7,-18
1,-20,-6,-21,-1,-16,-1,-7,-5,-2,-9,-4
15,-1,-7,1,3,-2,4,-2,13,-4,4,-6
-9,-18,13,-23,-2,-6,17,-2,-1,-1,12,-10
-6,-11,-8,-4,10,-18,15,-3,-8,-18,6,5
-7,-7,-4,-21,-1,-3,-9,12,11,14,7,0
-8,14,-2,10,-1,-16,9,-21,5,-17,9,11
5,-13,7,-17,16,-17,11,15,9,7,-6,-13
-1,-5,15,-8,-6,-14,6,-2,11,-16,-8,7
-4,10,-4,-18,13,14,-4,0,6,8,13,8
-5,16,11,0,14,-1,14,-4,-6,15,11,-1
13,20,16,3,0,17,16,5,-5,-3,-1,-11
-4,-15,6,18,-2,-6,11,21,17,10,-8,3
-5,2,16,-13,8,6,-4,10,-8,-2,10,14
-5,9,11,12,0,8,-2,1,3,-13,13,-7
-6,-9,-9,-9,12,13,-5,-3,0,19,-4,18
-3,4,3,-4,-9,7,3,8,-1,16,-8,-5
-1,11,-5,-7,-6,-6,8,3,-8,10,11,8
-8,25,10,-5,2,6,12,-6,13,6,3,16
3,7,1,-8,0,-8,0,11,-4,7,10,23
8,21,1,4,-4,17,0,19,-9,6,6,19
13,29,15,-4,2,27,1,-4,2,23,-6,13
-4,31,-6,20,-8,-4,-6,-5,16,18,9,22
12,16,0,31,13,25,-6,16,3,30,-8,21
17,22,9,-2,2,17,14,2,17,27,8,21
-1,0,12,1,-2,20,2,9,7,29,7,32
17,6,12,16,2,10,15,22,17,-1,16,9
7,14,-5,13,-7,7,0,21,15,18,-6,32
-4,-12,-6,-6,-5,-33,3,-33,1,-10,12,-4
5,0,3,0,15,-30,7,-1,-7,-4,-8,-12
16,-9,-8,-7,-2,-30,15,-17,18,-1,16,0
9,-1,16,-8,5,-19,0,-15,1,-32,-1,-15
6,-20,6,-14,-4,-21,0,-10,4,-29,9,0
8,-13,1,-26,11,-7,3,-19,-3,-22,13,-15
-6,-16,9,2,14,-30,1,-14,17,-17,14,-10
7,1,15,-17,0,-20,-8,6,8,-18,-3,3
16,-2,9,0,-4,-13,-6,-13,-2,-11,7,-24
-1,-19,12,-21,1,3,-2,-3,18,-5,3,-6
1,-19,11,-8,-2,-7,11,5,16,-21,-7,-25
-8,2,10,-5,4,-14,3,0,17,-22,2,-13
16,-23,16,-15,13,0,-8,-14,13,-3,18,1
-6,-22,13,-19,5,3,18,6,10,-17,-6,5
-6,-3,3,-10,3,-4,-8,14,0,4,-2,7
-2,-7,15,10,10,-20,6,1,-1,13,4,8
-5,2,-1,-4,12,-1,9,-16,-7,13,14,10
-8,12,15,11,3,10,6,10,18,-17,14,9
-3,11,-7,18,-4,1,8,-1,18,-11,-8,-16
-1,-4,-8,-13,2,14,17,-1,12,0,5,-8
-6,-12,3,-16,2,-3,14,16,17,-16,-1,13
-3,-3,16,-7,8,-3,13,-14,-8,11,-6,16
-3,-4,5,-1,10,-1,14,5,12,17,7,-7
0,9,7,19,11,-12,15,-10,17,1,15,8
-1,8,8,-12,7,20,11,18,4,-11,0,17
-1,11,4,23,2,19,0,24,10,8,-5,-11
-2,10,1,22,7,25,4,5,18,9,9,-2
-8,19,8,-5,6,19,11,-2,9,9,8,10
13,13,2,1,4,5,12,12,-5,20,8,28
-6,4,-6,10,0,-1,5,7,14,15,6,19
-7,18,4,16,1,30,9,9,-7,9,17,18
-5,6,1,19,10,9,2,25,-6,15,2,4
-7,25,6,31,9,7,11,28,9,29,-6,14
16,20,6,-2,0,5,10,13,8,27,9,33
18,22,10,8,14,23,2,-2,-1,9,0,20
13,18,1,28,8,-1,2,13,3,31,15,21
8,20,9,10,3,26,-5,10,0,31,-4,3
13,-26,5,-11,-1,-23,11,-5,8,-30,-6,-12
14,-25,3,0,7,-33,13,-33,13,-23,3,-20
13,-15,-1,-5,-7,-29,0,-16,16,-9,18,-33
7,1,19,-23,5,-4,3,1,0,-8,3,-8
10,-23,13,0,1,-32,8,-16,14,-3,6,0
11,-10,9,-1,1,-27,19,1,11,-13,4,2
10,-5,16,-23,-7,-2,2,-15,1,-18,-1,-2
3,-3,0,-11,9,1,16,-17,15,1,11,0
7,-26,1,0,9,-15,9,-5,16,7,-7,-9
-4,3,6,-5,13,-16,10,-1,-5,6,-7,-15
-6,-26,-3,-21,10,-8,11,3,-5,1,-3,-5
2,-3,6,1,8,-23,3,-20,2,-22,7,5
-4,-5,-7,2,7,-21,4,10,11,10,5,-21
18,13,-1,9,9,-21,5,-19,14,8,14,11
0,-13,-7,-3,9,5,7,8,16,1,1,-8
-5,-15,11,12,4,7,-7,-4,3,-5,-1,-6
-5,1,6,-8,1,11,2,2,6,7,6,-8
-2,-16,-6,10,12,10,3,9,7,13,13,10
1,-7,11,-16,17,15,17,-6,-7,9,-5,-11
-3,17,0,-4,3,-6,17,2,9,-7,-3,-16
1,0,2,-4,-2,-16,7,17,-1,14,-7,5
17,-15,11,-3,0,-8,3,-8,15,-12,8,12
-2,5,2,-5,12,17,2,-10,9,18,8,-1
1,6,-5,-4,-2,20,4,17,15,-2,-2,-10
0,11,2,1,8,-11,-1,4,9,-9,15,3
0,8,3,-8,15,10,3,25,10,19,14,20
-1,11,12,21,-4,21,3,11,-4,15,11,-3
-7,15,14,26,-2,11,2,1,-3,16,-4,3
3,11,6,12,4,-3,-6,18,13,19,12,7
13,1,-2,-4,8,0,3,2,8,15,0,18
-1,28,15,13,-3,0,-6,11,17,20,-5,-6
-5,11,9,10,-7,10,15,6,5,12,-6,9
14,10,-2,20,18,12,3,4,0,13,-6,15
16,23,-1,10,4,7,4,11,14,33,4,0
16,19,12,0,3,26,13,20,-3,-2,14,2
11,34,15,12,-3,22,-7,23,15,7,7,-1
10,5,3,1,-2,1,5,10,15,29,15,25
19,-23,3,-20,-5,-4,-6,-25,20,-31,13,-26
7,-31,-4,-11,-5,-26,1,-11,-3,-1,7,-12
4,0,5,-13,1,-33,16,-21,17,-12,17,-29
10,1,9,-16,15,-25,-1,-16,7,-27,1,-20
15,-1,1,-30,-1,-3,1,-7,-2,-29,1,-6
16,-1,3,-10,4,-8,1,-4,-4,-31,20,-9
10,-4,0,4,3,-8,14,-18,-3,-8,14,-9
13,-9,10,-9,1,-4,-5,-6,-1,7,7,5
13,-17,-2,-21,20,-15,1,-27,-1,-16,1,-11
9,-19,-6,-10,7,-9,6,-27,-3,-1,5,-22
2,-18,16,6,-1,-10,5,-13,17,-12,2,-18
4,-18,12,1,12,-7,-1,-11,5,5,4,8
3,-7,0,9,14,-22,-1,3,2,-10,10,5
3,-18,-1,-19,4,6,3,4,14,-16,11,7
-5,-21,5,7,8,3,9,11,6,13,0,-13
5,-16,7,-7,16,-8,15,-13,-6,-3,-4,-8
19,-20,-5,15,8,-14,12,1,-3,-16,11,-4
3,-7,-5,8,7,14,12,14,1,-9,-2,3
19,17,19,6,6,6,-6,-18,7,-10,10,-15
20,16,-1,-3,-3,-5,19,-11,4,0,-2,-1
19,-15,15,-11,9,1,-3,-2,17,2,7,15
-4,20,-3,19,3,14,11,-4,17,-7,14,4
-3,-8,7,14,12,-3,10,-11,-4,3,-3,-13
-3,-5,18,22,3,-7,12,-9,4,-11,11,-2
0,7,12,17,2,0,20,9,8,17,16,-5
20,25,14,24,0,12,-4,21,7,10,14,-2
-6,25,6,13,17,21,9,15,2,14,-5,22
-3,-2,2,16,14,-4,-3,26,15,-3,0,12
1,2,15,21,0,14,-4,-2,16,24,16,28
2,17,3,27,16,-1,5,-6,5,16,10,26
-1,3,9,28,13,6,6,20,16,20,4,21
-1,3,18,8,16,9,5,3,3,-1,3,22
0,-2,15,9,3,14,5,24,4,11,2,7
-2,8,1,26,2,23,15,-3,5,23,11,0
20,29,16,14,-3,34,8,32,-5,27,19,24
-2,6,20,21,19,0,-3,33,4,35,20,7
-2,2,14,14,-2,35,20,15,18,23,16,11
-1,-23,20,-6,11,-11,-4,-26,4,-29,19,-9
4,-20,2,-18,4,-12,9,-15,-2,-20,14,-13
20,-19,16,-2,-1,2,-5,-9,7,-13,8,-1
20,-4,3,-27,0,-10,-1,-23,10,-2,21,-10
2,-4,19,-20,1,-29,20,-27,12,-10,8,3
6,-9,17,-10,7,-23,20,-27,0,4,18,3
20,-10,20,2,-2,4,-3,-1,20,-20,7,-18
5,-14,0,-8,8,-17,21,-4,-2,0,-5,-11
-5,-28,2,-13,-5,-15,1,-25,9,0,6,-17
5,-10,20,6,-4,-3,-5,-15,14,-18,-3,0
5,-3,-5,-10,21,-2,-2,10,11,3,6,9
0,-12,19,-20,-1,-23,-4,-16,0,-19,4,-6
-3,4,9,-22,3,-1,1,9,-2,12,6,-12
4,-4,-4,10,18,-8,12,-17,12,11,12,4
4,-16,6,10,6,-16,3,5,15,10,3,11
0,13,-3,-3,6,3,15,4,-4,3,10,-16
2,-8,18,-14,2,4,6,-2,9,16,9,3
1,7,17,17,8,-13,-5,14,3,15,2,2
1,-10,2,-13,0,-12,7,-1,15,10,11,6
3,-10,-2,-5,-3,10,19,-4,8,-17,4,1
1,-16,-2,5,1,0,13,-11,12,20,15,9
2,1,-5,14,10,-3,-4,20,16,3,6,-1
4,-6,1,-3,11,1,8,3,11,1,-2,-11
-5,23,15,-13,-1,15,-2,17,18,-9,10,12
3,-7,-5,20,0,5,1,22,-5,4,0,7
1,0,21,1,7,3,18,10,-5,11,11,9
6,1,-3,4,11,19,9,17,9,10,12,13
5,15,6,18,-3,15,-5,7,11,-5,12,-2
17,-7,-2,9,3,16,9,1,6,10,7,18
-1,20,13,10,21,28,3,8,12,-6,13,-6
-1,25,2,14,20,25,13,5,20,12,-1,22
4,8,12,12,19,7,6,21,1,15,15,-2
-2,19,19,20,14,24,10,8,-1,29,2,32
0,22,8,8,17,0,13,-2,5,5,12,11
20,0,3,24,-1,6,11,7,10,23,13,1
16,35,-4,29,18,19,21,8,1,22,5,21
19,34,4,0,17,33,9,21,9,18,19,15
8,-23,17,-29,12,-10,-3,-35,20,-24,5,-1
-3,-32,7,-5,7,-33,4,-1,3,-16,3,-3
6,2,-2,-33,11,-16,-4,-8,21,-17,-3,-30
22,-21,17,-21,11,-17,12,-6,21,1,10,-13
11,4,21,-21,1,-24,12,-7,20,-16,19,-9
20,-17,19,-4,7,-10,16,-30,4,-12,17,-28
12,-9,11,-29,22,-26,18,-12,13,-21,6,-30
20,2,-1,-19,5,5,3,-23,9,-19,5,-5
1,-27,18,-6,20,-7,1,-16,20,-20,-2,5
2,-14,13,-4,-4,-3,17,-17,15,-10,1,-2
19,10,10,-19,21,-15,18,-16,9,-8,10,5
3,-8,22,1,11,-6,4,-22,-3,-23,-2,-4
12,-11,13,-19,1,-17,14,-15,-2,8,5,-1
0,-23,11,-2,6,-18,-1,-21,1,4,-4,-23
5,2,22,-11,-1,-14,12,6,19,-20,7,-21
5,15,22,6,16,-4,0,-4,12,-2,10,-11
15,16,-3,-17,22,-3,1,-1,0,-14,2,-14
0,2,3,11,5,13,3,1,19,11,10,-2
-2,-10,2,4,13,-9,5,17,11,1,-3,10
5,1,0,7,-1,-10,6,16,10,-11,11,-2
6,-11,5,-9,-1,-2,21,15,1,-16,14,-10
22,0,-4,10,-3,-15,-1,0,8,-3,-2,10
-2,8,2,-5,5,12,18,13,14,9,6,-1
-3,17,11,9,0,7,6,19,1,13,20,16
-3,15,12,10,-4,15,8,17,-3,15,11,23
7,-4,4,0,8,4,15,14,15,17,16,19
-2,20,-4,14,8,11,2,3,10,15,5,-10
0,9,22,-3,14,11,8,-3,1,8,11,10
10,1,8,12,6,18,6,8,12,-7,10,27
20,-5,0,12,7,1,14,7,6,24,5,25
7,7,3,3,-2,29,7,23,3,24,17,-6
3,1,14,-2,7,27,4,-1,13,3,13,12
-1,29,-2,-1,-4,16,22,6,0,7,14,24
0,32,8,15,6,11,15,21,1,28,14,12
1,20,-4,31,4,0,21,23,-3,17,19,6
6,7,21,3,-4,24,-3,1,4,3,4,6
-1,21,13,25,18,16,21,8,19,6,21,0
6,-27,23,-1,13,-13,21,-34,0,-22,12,-19
1,-7,15,-12,15,-10,4,-28,7,-3,6,-33
22,-4,5,-26,1,-24,22,-23,12,-26,14,-24
1,-16,7,-19,3,-2,23,-22,-3,-18,17,3
20,3,13,-21,3,-3,23,-19,16,-3,13,-19
7,-19,0,-4,23,-16,23,-27,0,-25,18,-29
4,-19,16,-3,0,-5,14,-5,18,-23,17,-7
-3,0,1,-14,10,-14,19,-28,-3,-22,6,-4
9,-12,16,-2,1,-3,11,-18,-3,-3,1,-5
21,8,19,-24,22,-10,3,1,-3,-25,-3,8
3,-10,13,1,-2,5,3,-22,3,-22,-1,6
-1,-15,-2,-4,13,-6,-1,-13,12,-5,-2,-3
5,-4,19,-1,13,-3,22,-23,2,-14,19,-10
23,12,14,-2,2,-19,15,-5,1,-2,-1,-11
5,1,0,2,23,-2,9,2,3,-4,13,-1
2,-4,-1,-2,-1,9,12,3,11,-11,10,6
3,7,-3,-19,0,-1,23,-6,-1,3,0,-16
3,3,13,-2,18,8,18,-1,1,-5,1,-19
0,-4,23,-13,14,5,23,12,1,5,12,-12
2,3,17,-8,1,15,0,10,2,6,1,-6
3,-6,3,-13,10,5,22,-13,17,9,22,-9
0,14,14,-1,-2,14,11,13,16,-7,12,-7
8,-8,15,1,16,-11,11,5,0,7,6,20
4,-6,4,14,9,-8,4,15,10,-6,3,9
0,4,23,20,19,-11,18,19,16,-2,9,15
-3,19,2,-5,3,10,23,-9,16,11,15,0
-2,-8,6,0,7,15,19,15,14,21,2,-9
0,-5,19,19,5,4,23,-8,19,0,6,0
4,28,20,-8,18,-4,1,11,22,14,12,15
7,6,23,8,6,-5,14,-2,16,27,18,13
20,-6,16,-6,11,20,3,11,12,12,4,28
5,8,2,23,5,11,22,12,1,12,19,8
1,26,-2,-4,14,2,8,12,7,6,10,7
-1,31,11,20,8,20,1,28,13,30,10,19
2,14,-1,29,10,2,23,33,2,26,20,8
0,27,21,2,0,34,-1,33,18,25,-3,24
4,15,10,5,3,35,-1,28,17,19,5,26
7,-16,20,-6,-2,-25,10,-23,19,-25,23,-3
10,-28,1,-13,24,-25,6,-26,19,-25,-1,-28
4,-9,0,-1,8,-19,-2,-16,19,-22,22,-15
1,-32,16,3,1,-32,8,-8,-2,-9,3,-17
1,3,10,-32,24,-18,11,-22,2,-25,20,3
22,5,6,-4,16,-9,-1,-18,14,-17,24,-5
13,-21,12,-10,23,-12,1,-18,9,-22,11,-9
22,1,-2,-22,21,-22,13,-15,22,-22,7,-25
7,-12,2,4,11,0,5,-19,4,-1,11,-21
2,-4,4,-12,5,2,3,-20,11,-7,8,-11
5,-21,14,-18,9,-25,7,-20,3,-5,13,-12
4,-2,9,-17,23,0,-1,-21,0,-16,12,8
6,-6,12,-24,6,-23,4,-16,23,8,6,-15
0,-14,2,-23,3,-5,18,6,4,-10,14,-18
1,-9,10,-16,12,1,12,10,1,8,9,-12
8,-1,23,-16,8,-9,15,-2,10,-10,22,4
1,-18,9,8,16,-14,13,2,16,12,0,6
7,4,23,12,1,3,15,17,13,-17,15,-13
2,-3,-2,-18,-1,-7,15,-6,0,-8,1,12
2,-7,21,17,0,-15,13,15,19,0,21,-11
1,-6,16,-16,6,6,13,11,21,-5,22,17
9,-5,19,6,20,3,20,19,18,7,6,2
4,-5,2,20,15,15,1,-8,3,-11,16,20
6,-7,21,-12,20,22,12,-9,22,4,7,-1
2,8,21,9,9,23,22,12,-2,21,2,7
0,9,0,21,0,15,15,-3,13,-2,7,17
19,3,12,9,0,3,-1,4,23,-3,0,-1
23,-3,11,8,0,3,0,0,-1,12,23,25
13,12,18,26,-1,11,-2,1,16,16,15,18
3,28,14,-2,2,26,1,26,14,2,0,-6
22,27,3,7,10,-2,9,18,19,29,7,0
24,25,16,13,18,22,2,25,12,18,19,3
8,12,7,-3,0,4,19,16,0,-3,2,9
2,0,22,26,17,8,20,1,9,12,2,21
-2,32,23,0,11,8,0,5,7,3,5,22
3,4,1,29,0,10,11,15,2,28,-1,-1
2,6,13,5,20,4,20,6,12,13,18,27
2,-16,19,-20,23,-31,6,-17,14,-15,11,-19
7,-25,25,-4,13,-16,22,-4,14,-19,5,-30
-1,-2,9,-18,1,-19,4,-14,0,-9,23,1
4,-31,24,-5,21,-18,18,-19,8,-10,3,-26
1,1,19,-19,12,-7,10,-11,3,-5,23,-24
10,-14,2,-31,16,-23,15,-24,0,3,20,-22
5,5,0,2,13,-8,21,-27,12,-4,24,-19
5,-28,3,-13,9,-22,3,-8,9,-16,10,-5
7,-16,4,-10,6,0,1,-9,1,1,12,-13
23,-11,3,-23,1,-7,22,-2,12,-12,1,-24
2,10,17,-20,6,-14,13,-13,7,-20,0,-13
3,-11,1,-14,-1,11,18,9,25,-21,0,-14
6,-6,3,3,14,-4,13,-16,7,-22,24,-11
3,-15,25,-21,6,-13,17,-20,6,-23,15,-9
4,-7,0,-17,14,0,14,4,10,-12,12,6
11,-3,3,10,1,2,13,3,19,-16,2,12
5,-16,0,-10,23,-19,15,-16,19,-2,17,-15
6,2,22,10,5,-4,8,12,20,-17,4,4
4,3,17,17,9,-8,22,10,0,-11,9,10
25,15,3,16,1,-3,-1,-13,19,-7,15,14
4,-2,2,-1,21,-6,-1,-8,12,3,3,14
6,-15,8,0,5,12,3,-11,15,-7,12,14
15,-6,1,9,15,6,0,-6,11,4,12,11
3,16,14,11,21,-1,22,10,11,-4,12,4
21,-9,4,7,0,10,2,-9,13,-5,2,16
11,10,24,16,19,-2,20,12,1,0,11,17
-1,6,0,4,16,4,0,9,-1,7,17,4
0,4,4,6,11,0,2,20,0,4,10,16
-1,9,1,0,11,9,11,6,0,14,5,-4
13,20,24,13,1,2,16,9,13,1,7,21
18,10,12,10,-1,17,19,4,12,11,5,29
12,28,5,-4,22,22,3,23,5,23,0,31
21,7,8,0,20,3,1,27,14,3,16,24
-1,19,8,3,15,7,19,18,-1,33,15,20
-1,8,0,11,22,19,15,12,4,16,4,9
6,31,2,30,2,15,4,3,14,13,17,9
19,20,20,15,25,8,19,7,1,5,8,11
26,-2,24,-13,24,-17,26,-29,11,-11,3,-30
6,-30,18,-16,25,-1,26,-16,3,-33,17,-10
25,0,3,-2,18,-22,14,-28,26,-19,2,-28
3,-6,0,-18,26,-17,7,0,7,-5,21,-11
4,4,5,-10,17,-8,24,-27,11,-10,15,-20
7,-7,4,-17,18,-24,4,-15,13,-17,10,-7
17,-26,1,-8,13,-17,1,3,26,-6,9,-17
25,4,23,-5,23,-23,9,-9,19,-15,4,-15
4,-9,14,-15,3,2,17,-7,15,-4,11,0
19,-20,11,-1,16,-20,20,-10,11,-23,22,-23
9,-5,14,-16,11,-1,25,-13,10,-12,13,-13
4,-16,20,-17,12,10,10,-13,23,-24,2,-14
3,-15,13,5,8,-17,17,-2,7,2,24,-7
3,-8,3,-3,9,-8,23,11,26,12,1,-7
5,-11,12,-18,1,3,5,11,14,-1,0,-18
17,15,10,-3,0,-7,5,13,1,-5,14,0
13,-4,12,4,20,5,7,10,0,-10,13,0
2,-12,16,-12,6,-1,0,-13,9,5,5,-1
20,14,1,-9,15,-9,2,-14,17,-3,13,0
14,5,9,14,9,7,1,-5,22,-16,1,13
14,7,1,2,7,14,0,15,1,-5,5,-6
19,7,17,-3,2,21,19,7,2,4,2,0
18,18,1,-6,6,11,21,-3,11,-9,20,-9
10,20,22,22,20,-3,21,-1,16,8,12,0
1,-5,3,-11,20,-4,20,2,18,4,9,4
20,18,2,4,26,17,14,-11,11,3,14,7
15,12,24,23,6,-10,18,2,2,18,19,-3
1,0,2,25,26,3,15,11,12,1,13,7
13,14,19,24,9,11,1,10,19,-2,23,18
0,1,13,-1,0,10,20,20,2,17,9,15
18,14,15,13,6,8,12,19,0,15,7,14
19,18,0,-3,25,-3,7,0,9,5,18,8
22,11,19,1,1,3,26,19,13,9,13,10
0,4,11,15,25,18,17,11,13,25,21,33
0,9,9,6,22,20,22,3,6,13,24,3
14,15,4,22,26,8,3,12,2,24,1,16
7,14,21,11,21,28,20,5,1,9,3,23
