-5,-2,-36,-7,-30,-22,-9,-18,-36,-20,-36,-7
-36,-15,-26,-14,-28,-15,-21,-19,-35,-1,-36,-12
-7,-10,-31,1,-6,-14,-8,-7,-36,-16,-23,-5
-30,-11,-3,-2,-28,-11,-6,-6,-36,-4,-24,-18
-30,-20,-35,-20,-17,-7,-17,-12,-7,4,-12,-8
-24,-20,-5,-21,-25,-20,-22,-14,-9,5,-18,-17
-12,-4,-29,-14,-1,2,-30,-13,-14,-12,-36,-10
-27,7,-3,1,-26,-12,-25,-13,-17,-2,-35,-18
-2,-1,-13,-8,-1,5,-4,-4,-4,-9,-12,-9
-3,2,-22,-13,-9,-10,-16,-1,-12,3,-20,-11
0,-10,-6,-13,-4,-2,0,4,-34,-7,-21,5
-24,-3,-18,8,-25,-13,-17,-11,-29,10,-2,-3
-32,11,-28,5,-6,-8,-7,4,0,10,-1,11
-27,6,-3,1,-4,-4,-19,-11,0,4,0,11
-8,8,-33,-5,-17,-3,-34,10,-36,-1,-36,-3
-9,10,-34,9,-6,-2,0,13,-23,14,-21,8
-30,-2,-9,11,-19,2,-2,-3,-16,2,-13,-5
-2,-6,-2,-6,-6,9,-12,-7,-27,1,-22,-2
-29,12,-12,2,-36,17,-3,-1,-34,11,-28,-1
-30,-6,-23,11,-11,-7,0,10,-30,-6,0,11
-28,-2,-3,17,-28,14,-35,-5,-10,-6,-25,14
-36,14,-31,18,-21,-5,-21,-2,-1,11,-25,16
-25,-1,-6,22,-15,18,-34,13,-5,22,-26,17
-11,-2,-18,6,-8,23,-28,20,-13,22,-26,7
-20,16,-14,15,-1,17,-3,7,-30,6,-10,5
-17,3,-25,13,-34,14,-1,17,-23,5,-6,3
-1,4,-5,9,-36,13,-4,15,-1,17,-31,20
-33,-21,-29,-24,-31,-3,-5,-12,0,-22,0,-4
-32,-20,-30,-5,-1,1,-8,-11,-1,0,1,-22
-33,-18,-35,-3,-1,-1,-13,-21,-1,-9,0,-3
-32,-19,-20,-17,-28,-5,-3,-19,1,-20,0,-18
-33,-7,-2,-5,0,-19,-16,-11,-1,-8,-20,-22
-4,5,-1,-12,-3,-3,-11,5,0,-21,1,4
-31,-7,-2,-5,-7,2,-14,-6,-1,6,1,-3
-27,-14,-22,7,-19,-2,-14,-4,-1,-19,-1,5
-34,-4,-25,-4,-21,-9,1,-3,-22,-15,0,-14
-33,-4,-7,9,-8,5,-17,4,-1,3,1,-1
-30,-3,-32,6,0,-12,-2,-11,-2,9,-1,-1
-28,-2,-25,-14,-28,-1,-32,-12,-2,7,0,9
-34,-8,-9,-14,-34,-7,1,-4,-2,-11,-1,-14
-28,-7,-26,-1,-4,3,-26,9,-3,8,-2,2
-35,-10,-32,9,-4,5,-34,5,-2,6,-2,-11
-35,-10,-26,-5,-1,-3,-22,1,-7,1,0,12
-33,2,-9,15,-2,-6,-28,13,-28,13,1,-3
-11,-4,-4,3,-31,9,-15,8,-10,-3,-4,-1
-30,16,-1,-3,-30,16,-14,13,-24,10,-2,17
-30,-3,-23,12,-17,18,-1,14,1,-7,-11,-7
0,20,-9,-2,-34,-1,-17,14,0,1,-22,-4
-6,16,-25,-2,-29,-5,-34,13,-12,9,-1,3
-22,0,-6,2,-23,11,-21,2,-5,6,-1,3
-12,18,-1,-2,-30,6,-35,18,-11,-3,-5,3
-17,1,-3,5,-22,7,0,9,-28,12,-7,2
-5,-1,-23,6,-9,7,-7,12,-8,20,-30,6
-1,5,-17,14,-26,15,-35,23,-12,21,-25,17
-33,-11,-9,-6,-17,-2,0,-9,-9,-26,-2,-24
-6,1,-26,1,-18,-6,2,-23,-2,-23,-4,-10
-34,-18,-25,-16,-30,-10,-20,2,-22,2,0,-3
-26,-6,-6,-4,-23,-17,-15,-15,-29,-9,2,-8
1,0,-26,-16,-8,-15,-6,-20,-24,-3,-1,-4
-9,4,-14,-13,-16,-9,-3,-17,-22,-9,-28,-16
-32,-9,-17,-6,-17,-7,-34,-6,-6,-16,-5,-1
-5,-1,-5,-5,-10,-13,2,4,-3,-16,-5,-16
-24,-6,-2,-17,-27,-12,-4,-8,-7,-10,-4,-1
-23,-5,-34,-2,-26,-9,-14,-11,-23,-2,2,4
-9,4,-29,-16,-5,-7,-8,5,-30,3,-22,10
-25,-5,-34,-2,-22,-6,-2,-5,-12,-12,-9,8
-28,9,-5,9,-26,-10,1,0,-30,-1,-17,-9
-4,9,-22,10,-2,-13,1,-1,-13,9,-6,6
-29,0,-4,-1,-1,0,-9,11,-14,-9,0,8
-33,-2,-22,14,-30,11,0,4,2,14,0,-7
-32,6,-7,4,-11,12,2,9,-7,-10,-20,1
-8,10,-18,-2,-23,3,-10,-9,-19,-2,-25,11
-5,5,-22,-2,-9,-5,-8,-1,-26,14,-18,8
-32,11,-20,14,-14,11,-31,-6,-33,-3,-1,12
-30,1,-27,17,-15,17,-29,13,-25,20,-33,9
-23,5,-6,15,-12,14,-17,-5,-2,-4,-22,20
-4,7,-16,13,-7,1,0,10,-3,-4,0,-3
-22,21,-9,10,-17,13,-34,9,-18,9,-1,3
-22,20,1,17,-2,11,2,14,-30,10,-22,11
-5,1,-8,9,-33,9,-14,0,-9,11,-15,-1
-25,20,-1,16,-7,17,-10,12,-9,13,-21,4
-33,-11,-30,-11,-20,-1,2,-21,-10,-4,2,-6
-30,-11,-31,-4,-13,0,0,-11,-20,-2,-4,-1
-25,-11,-26,-24,-17,-14,1,2,2,-19,-2,-2
3,-12,3,-14,-3,-8,2,-16,-17,1,3,-22
-18,-14,0,-22,-11,-17,-26,-11,2,-20,-21,-19
-26,-2,-32,-4,-9,-17,1,4,-27,-9,-10,-14
-4,3,-5,-4,-33,1,-13,-13,-30,1,-21,-10
3,5,-24,-5,-27,5,-31,2,-30,-16,-32,-6
-14,-11,-18,-11,-21,-14,-31,5,-27,5,-18,-2
-7,-11,-1,3,-25,0,-5,7,2,-14,-3,-7
3,-9,-30,3,-3,-13,-33,9,-7,4,-5,-14
3,-15,-20,2,-18,4,2,-11,-23,-14,-10,2
-21,4,-21,6,-10,-11,-10,-3,-27,3,0,2
-32,8,-31,-12,-10,-2,1,10,-21,-11,-25,0
-26,-7,-20,-1,-24,-10,1,10,-29,3,-6,-7
-29,-6,-30,-5,-29,2,1,9,-11,12,-20,9
-4,15,-24,13,-13,-5,-27,5,-31,6,2,6
-3,5,-21,8,-15,1,-9,13,-18,3,-8,12
-33,13,-14,10,-10,17,-8,10,-11,-2,-25,16
-33,0,-17,16,3,12,-20,1,-22,9,-22,1
-8,20,-15,19,-9,6,-21,9,-17,0,-8,7
-29,17,-10,-1,2,0,-17,5,-11,2,-21,6
-16,19,-22,11,-7,22,-19,10,-9,6,-5,2
-18,2,-9,14,2,22,-2,0,-28,14,-9,9
2,16,-21,3,-11,-1,-30,7,-22,3,1,17
1,-1,-29,4,-32,16,2,24,-22,16,-15,6
-25,14,-17,19,-32,18,3,3,-3,23,-3,23
-29,-11,-8,-2,-19,-22,2,-10,-19,-13,1,0
-2,1,-12,1,-22,-24,2,-16,4,-2,-5,-25
-23,-17,-2,-4,-3,-12,2,-24,-28,-17,-22,2
-30,-1,2,-21,-15,-20,-5,-18,-7,-15,-6,-10
-6,-11,0,1,-5,-14,4,-22,-10,2,-15,1
-22,-15,-12,-14,-14,3,-16,-17,-11,-4,-21,-6
1,1,-28,-6,-4,-17,-10,-13,-15,-10,2,-11
-26,1,-31,-15,-30,-7,-15,-15,-6,2,-18,-17
0,-17,-1,-11,-3,-7,-30,8,0,-2,-6,-10
-11,-5,-31,-11,-28,-1,-22,-8,-3,-12,-27,-11
3,3,-11,-5,-5,7,-17,5,-11,-1,-27,-11
-4,4,-3,-8,-3,-9,-8,9,-14,-3,-23,-5
-12,-9,-1,-13,-28,-6,-5,-3,-26,11,-16,-6
3,11,-5,-7,0,7,4,5,-24,-9,-25,-1
-29,4,-26,14,-25,-5,-32,-7,-11,-7,0,0
-32,0,-19,-9,-30,10,-32,2,-19,-11,-20,10
-28,0,-1,14,-10,15,-27,-4,-8,15,-28,-6
-19,6,-9,-8,2,-8,-30,-2,-10,13,-7,15
-13,16,-8,17,-13,18,-23,-5,-30,-8,-28,1
1,-6,-1,11,-18,7,-2,-2,-22,11,-1,6
-22,11,-10,2,-19,4,-32,11,-4,0,-31,6
-13,1,-8,14,-22,14,-19,0,-6,12,3,8
-27,15,-9,2,-21,1,-5,12,-24,11,-12,12
-4,21,-18,-2,-12,19,-26,0,-6,16,3,-2
1,24,-4,21,-7,5,-32,-1,-6,9,2,24
-22,14,-30,6,-10,6,-19,5,-20,10,-24,16
-1,15,-27,24,-29,7,2,11,-28,3,-7,10
-22,-18,-2,-23,-11,-7,2,-1,5,-25,-5,-26
-22,-19,-11,-1,-12,-5,4,-10,-9,-8,2,-4
-31,-7,-28,0,-16,2,2,-20,-27,-7,-30,-17
-6,-6,-9,-23,-10,-23,-13,-7,-10,-10,-21,-3
-2,-3,-30,-19,-3,-4,3,2,-27,4,-19,2
4,-19,-13,-14,-1,-4,-6,-12,-8,-16,-5,-5
5,-18,-13,-2,-29,-11,-20,2,-10,-11,4,-6
-22,2,3,2,-29,-8,3,0,-12,-13,-19,-2
2,-3,-27,-7,-28,-3,4,-15,-15,-14,5,-6
-4,-10,5,-2,-6,2,-18,-10,-2,-1,-21,2
-13,-5,-24,-5,-15,-16,-22,7,-3,7,-5,-10
-29,5,-8,-10,-3,1,-3,10,5,4,-19,0
-23,7,2,-2,-31,8,-31,2,3,3,-12,-11
-25,9,4,-2,-31,2,-17,8,-28,5,-26,11
-7,13,-24,10,-17,8,1,6,-17,9,-27,-2
-1,5,-24,10,-17,12,-31,9,-19,13,1,15
-5,4,-9,-5,2,14,-24,14,4,16,-1,1
0,-7,-7,13,-6,12,-20,3,-17,8,4,10
-12,14,-13,3,-7,2,2,3,2,-2,-29,5
-14,1,-8,6,-2,9,-12,5,-19,8,-25,10
-8,-3,-5,2,-2,11,-6,11,-4,9,-20,-2
-22,0,-28,6,-1,19,4,-5,-31,-3,-19,-4
0,21,-29,-2,-12,14,-12,18,2,13,-7,9
-31,10,-11,12,-26,9,-30,19,-10,3,-20,11
-22,15,-24,5,-1,6,2,11,-11,20,-3,24
-25,15,-17,24,-4,23,-29,14,2,9,-22,20
-2,24,-6,24,-13,22,-12,19,-9,15,-11,7
-20,-17,-18,-25,-5,-25,4,-25,5,-5,-7,-3
0,0,-26,-1,-2,-12,-11,-23,-17,1,3,-8
-25,-9,-10,-23,-27,-8,-28,1,5,-12,1,-9
-30,-14,3,1,-28,-17,1,-3,-18,-22,-7,-2
-22,-22,6,-1,-12,-20,-27,-11,-6,-21,3,-8
-18,-12,-25,-6,-10,-10,-12,-19,-8,-20,-6,4
-28,6,-13,4,-5,-11,3,3,-15,-20,2,3
-13,-8,-12,-11,4,0,4,-6,4,4,-23,-2
-22,4,-23,-1,-27,-18,-1,-18,-2,-8,-20,-14
-20,-3,-8,-16,-18,-14,1,-3,-16,-4,-4,-12
-3,-2,2,-16,5,-8,-13,-5,-23,-7,2,2
-22,-4,5,10,0,-11,-27,0,-28,-14,-8,-4
-23,-6,6,9,-15,6,-24,-2,-25,-14,-14,-13
3,7,-28,5,-20,2,-22,-9,-4,-12,-11,-4
-23,-1,-20,-12,-27,-6,-23,4,-8,-10,-22,14
-24,0,-29,-10,-16,13,-25,15,-18,-11,-18,-11
2,5,6,-6,-4,-6,-23,5,-24,0,-10,4
-6,-7,-19,15,-2,16,-10,-6,-22,3,-15,3
-12,15,6,18,-28,15,-13,-7,6,4,-30,-2
-10,15,-23,7,-6,-4,-16,-7,-3,-3,-8,6
-12,2,4,4,-7,13,-14,5,-10,0,-16,6
-28,2,-30,20,-28,5,3,-2,-14,5,0,17
-21,5,-13,5,-3,16,3,20,4,17,-29,-1
-29,10,-24,22,-23,18,2,19,-18,17,-30,15
-29,0,-12,0,-13,19,2,1,-16,1,-1,18
-29,2,-30,15,-12,15,3,20,6,25,-2,9
2,25,-28,9,-24,18,-27,17,4,13,-26,3
-25,-12,-24,-12,-11,-3,3,-24,4,-12,-1,-26
-2,-2,-24,-20,-5,-1,-8,-22,-5,-21,-24,-15
-29,-12,-26,-6,-11,-18,4,-12,-24,-23,4,-12
3,3,-14,-9,-6,-2,-6,0,-29,-7,-4,-6
4,-13,-1,-1,-17,-8,-8,-13,-4,-5,-2,4
-4,0,-11,-11,-14,-7,-12,-11,-5,-12,-26,-9
-25,-11,-1,5,4,-4,-26,-15,-18,6,-2,1
-7,-14,-1,-6,-13,-8,1,-4,-25,-19,-4,-7
-3,8,-20,3,-22,-6,4,-1,-16,-6,6,-8
-29,-3,-10,9,-4,9,-8,-10,-25,7,-3,6
-24,0,-27,-1,0,10,2,10,-27,2,-29,7
-22,-3,-9,-1,-7,3,7,-7,-28,-1,-12,-12
5,-7,-4,11,6,-8,-27,-11,3,10,-6,8
-29,11,-1,9,-15,9,-15,5,-24,11,-7,11
-20,-1,-21,-10,-12,-3,-11,14,-24,1,-20,-7
3,10,-25,-7,-28,-11,-8,6,1,-3,-13,-8
-23,7,-8,-3,-7,-7,-9,-2,-25,-6,1,9
-6,0,-10,5,-24,-5,-21,2,2,16,-26,-1
-12,5,-4,14,-4,-3,-2,-1,-4,2,-2,-5
1,-6,-19,12,-18,11,-10,-1,7,-2,-2,-3
-14,3,-2,1,-29,-6,-21,3,-4,12,-11,9
-27,-2,-9,17,-21,-5,4,-5,4,-1,-18,20
-29,4,-24,12,0,0,-27,6,3,-1,-3,6
-27,5,-26,17,-21,-2,3,20,-15,21,-7,16
-28,-2,-3,20,-1,18,2,23,-23,1,-16,-1
-3,16,-8,16,0,20,2,4,-18,24,-6,19
2,22,5,18,-9,4,1,2,-15,14,7,19
-19,-11,-21,-24,-15,0,1,-15,5,-26,5,-23
-19,-11,7,-9,-16,1,-25,0,-17,-4,5,-25
-19,-11,-10,2,3,-5,-27,-3,-7,2,3,-21
-25,-12,-17,-16,-25,-2,-11,-9,-14,2,2,-23
-23,3,-19,-2,-6,-10,-22,-11,8,-1,-21,-9
-10,-16,-7,-16,-24,3,8,-17,5,-9,-18,-13
-27,-10,-2,-4,-16,-2,-12,-17,-8,-5,-17,-18
5,-12,-18,2,-10,2,-18,-5,-21,-3,-28,6
-20,-10,0,-13,7,-2,6,-6,-22,8,-19,-5
-2,-16,2,-7,-3,0,-17,-4,-27,5,-21,-13
-12,-8,-1,-6,1,-1,-8,-2,8,-5,1,-16
-27,-14,-4,3,-6,2,2,-8,-27,-13,-10,-3
3,9,2,-9,4,-4,-27,-14,3,-5,-17,-13
-3,5,7,13,-9,3,-1,-4,-17,-12,-5,-2
5,-1,-11,4,-10,-5,-14,-1,-27,6,-21,12
-1,-6,-4,3,6,-8,0,-11,-7,3,-25,-11
-1,3,-12,-6,7,8,-12,14,-10,-7,-16,-2
4,-1,-16,-1,-13,4,-3,10,1,6,2,-8
-13,15,7,0,-7,-3,-15,7,-6,2,-20,1
-12,18,-4,-5,-3,3,-2,-1,1,0,3,11
-6,0,5,7,-4,19,-24,15,2,-6,-8,-2
-26,-5,3,0,1,9,-3,8,-7,16,-10,0
-20,12,-22,14,-7,10,-23,12,3,2,-5,0
2,21,-2,17,-19,3,-1,23,-12,0,-28,13
-27,9,-26,4,-12,2,-12,18,7,22,-1,12
-4,23,4,17,8,1,-21,19,-20,10,-19,5
-21,22,6,13,-27,24,-25,18,-11,17,-3,22
-27,-26,-27,-3,1,-7,-24,-20,-6,-7,-17,-2
-27,-21,3,-10,-14,-2,4,-4,-17,-21,-5,1
-26,-20,-21,-19,0,-5,3,-2,4,-1,-5,-6
-20,-9,1,-20,-25,-3,3,-2,5,-15,4,3
-25,-12,-21,-18,7,-12,-19,-21,-3,-5,-24,-6
-20,4,3,-15,-1,2,7,-11,4,1,-1,5
-23,-12,-24,-17,-22,2,-19,-13,2,-16,-1,-19
-19,-17,-1,7,2,-9,9,-5,-16,-11,-24,-16
3,5,7,-12,-27,-16,-6,-7,-9,-9,-15,-11
-5,-4,-14,-10,-6,-6,-9,-14,-23,-3,5,-14
-6,10,-10,-10,-15,-16,-12,8,-22,-10,-6,-3
-14,-5,-3,-9,-12,-14,-10,-10,-20,2,-18,9
-19,-2,-1,9,0,-2,-14,7,-22,2,6,-9
7,-3,7,-9,-8,11,-23,-1,-7,5,8,-13
-14,-4,-17,-3,-6,-2,-15,-2,0,-11,-1,13
-20,7,-22,-1,-11,7,6,-3,4,-1,4,-2
-26,-2,8,7,-4,-2,5,11,-7,-6,-7,-7
-13,-6,5,15,9,-6,-14,-8,-1,13,2,-7
-3,-8,2,1,7,-8,2,-7,-8,7,5,12
-9,-6,-1,11,8,17,5,-2,-17,10,-21,-5
4,0,-18,9,-5,-6,-24,1,-13,5,-5,15
3,8,-19,8,-13,20,-3,3,5,8,3,15
-20,-4,-11,10,7,18,6,15,7,1,5,15
-18,1,-11,-1,-1,16,3,9,-12,0,-1,18
-17,9,8,22,-25,14,-23,20,-18,5,-6,23
-21,4,-23,5,-25,12,-23,23,-18,4,-22,21
-21,24,-25,11,-25,14,2,24,-23,22,-26,22
-25,-19,-24,-1,-13,-2,4,-13,4,-6,4,-10
3,1,-10,-9,-8,-20,3,-5,-6,1,5,0
-23,-15,-20,-23,-10,0,3,-5,-18,-17,-16,-2
-26,-20,-25,-4,-10,-2,3,-1,-6,0,-4,-8
-21,-8,-19,-19,-14,2,3,-10,3,-2,-5,2
-24,-12,8,3,-23,-18,3,5,-7,-7,-1,-2
-22,-9,-9,-19,-8,-19,-18,-3,-23,-1,-21,-1
4,-4,10,-16,5,-19,-24,-5,-13,-14,3,-8
-23,-6,-7,1,-22,1,-15,1,5,2,6,-13
-8,3,0,-6,-20,-11,-16,4,-15,-13,-7,-1
5,-13,-13,3,-18,9,-14,8,-24,-2,-16,-2
-8,-3,-24,1,2,-13,2,7,4,-10,-25,2
3,3,4,7,-1,1,9,8,-13,1,-11,-7
9,2,-25,2,10,-9,9,10,-3,0,-12,-7
-20,6,-17,4,-10,8,0,-11,3,-6,-19,14
0,7,-25,-1,-25,0,6,-10,9,11,10,-6
-25,15,3,9,-11,1,6,15,-2,-5,-16,-4
5,3,2,-5,-17,4,-10,0,-10,8,-24,-2
-13,15,3,3,-16,0,-24,4,1,2,-1,17
9,7,-11,17,-11,5,-12,3,-26,13,3,15
-19,18,9,0,-16,-4,-14,12,-10,-4,-15,-3
-15,-3,-25,8,-14,11,-15,18,-17,7,-21,-1
-23,20,-6,2,7,21,-26,14,1,-1,-13,10
-23,-2,10,21,8,10,-1,23,-17,-2,-12,7
-23,17,-16,5,4,17,7,24,-6,18,-14,12
4,6,-7,8,-24,4,3,1,4,21,-5,20
-13,12,-6,0,3,22,-17,25,-25,15,-17,26
-2,-22,-9,-8,-23,-1,-2,-1,1,-10,7,-18
-22,-17,-20,-14,3,-24,-8,-13,-22,0,-4,-7
2,2,-22,-20,-13,-16,-22,-16,7,-2,-16,-1
-25,3,-14,-12,7,-15,-13,-16,8,-8,-4,-14
-20,-22,-7,-3,0,-8,0,-19,8,-9,-21,-2
-19,-18,-13,-19,7,-17,4,-18,-11,-1,-22,-11
-15,-18,-20,-1,-13,-13,3,-1,-6,-20,5,-17
1,-12,-23,-16,-1,4,-15,4,-12,-9,-22,-14
-1,-12,-13,0,6,-7,-18,-8,2,2,-18,-11
-14,-12,-23,7,11,-12,10,-7,-12,-1,6,-12
2,-15,-1,-11,-7,-12,3,-13,-4,-13,6,-6
-2,-15,7,11,-22,-5,1,10,-14,-1,7,-2
-3,9,-11,-8,1,-11,-22,2,10,-1,-3,2
-3,-2,-22,-1,-18,12,-21,3,2,0,8,0
-7,7,-2,14,-21,-3,-7,-2,0,8,-14,-5
-16,-10,7,-1,8,7,-15,-1,-7,6,7,-7
11,-2,-8,-7,5,11,9,-6,8,14,2,-1
-12,2,-11,-6,6,17,-6,-9,5,-5,-4,14
-1,13,1,-3,-3,-6,-12,-4,-12,14,5,18
-5,0,-4,3,-1,19,11,0,11,-1,10,8
9,5,-23,7,-8,20,-20,9,-24,13,-3,19
-19,21,8,-2,-3,4,2,-2,-22,2,4,21
-22,21,-6,7,-22,7,-21,14,5,8,-4,6
-23,20,-18,15,8,-3,3,17,-12,-1,-1,13
8,14,6,19,9,7,-23,-1,-17,4,-19,12
-4,6,-21,21,-24,11,6,22,4,11,9,22
-1,3,-3,10,-24,8,-19,8,-18,4,7,21
-21,-8,-20,-8,-4,-18,9,-8,-8,-15,-23,-16
6,-5,-16,-22,9,-22,2,1,-11,-6,-22,-23
-12,-18,6,-12,-20,-13,7,-7,8,-19,-3,-23
-9,-22,7,-20,-21,0,-11,-6,-19,-15,-5,-10
11,-10,-20,-2,7,-20,-8,-8,-21,-11,6,-1
1,-14,-13,-2,0,-12,3,2,12,-13,-24,-4
-11,2,-17,-5,-18,3,-3,-20,-12,-17,-11,-14
4,-18,-4,-10,5,-18,-13,-8,-15,-16,-4,-17
-16,8,-2,-3,-7,-7,9,4,-7,-17,-5,0
-5,-9,-14,-2,-17,-17,7,5,-16,9,3,3
-11,-2,3,-3,-7,-9,1,-4,-22,-12,6,-9
-6,1,-17,-10,5,5,3,-3,-9,7,-1,-3
-1,2,-13,3,-11,-7,-6,4,10,-4,-11,-2
5,-6,5,5,7,2,5,-8,-21,-5,-17,-3
-4,7,-3,2,6,13,-18,7,5,-9,-19,5
-23,7,-21,3,-19,3,-8,1,-22,2,-14,7
2,10,-10,-8,8,-4,1,15,-23,16,-3,12
-19,14,8,16,9,4,-2,1,8,11,-3,10
-16,12,-10,8,-24,16,2,14,-8,-8,-2,15
3,4,-8,-2,10,4,2,10,8,3,-12,-3
-9,5,-23,-6,-9,18,-12,3,-4,-1,-14,6
-8,6,-11,16,8,14,-20,20,-20,18,3,-3
-15,14,-8,22,7,8,0,9,-4,-4,-18,16
-16,20,-15,10,-1,20,7,12,2,20,-2,17
-13,5,11,13,-3,16,3,8,-3,6,-7,18
-12,18,-24,2,-18,25,-4,12,12,3,3,7
-14,16,-14,17,-5,13,7,9,-9,4,-22,3
-11,-22,2,-18,-1,-5,5,-14,-21,-24,-18,-5
-12,-25,-1,-7,-14,-1,-5,-11,-7,-7,-2,-5
9,-21,-12,-15,-20,-23,-15,-16,9,-6,-8,-11
-4,2,5,-22,3,1,-9,-10,-21,-1,6,-18
-9,-1,5,-16,-22,-3,0,-16,-22,-11,13,-11
10,-4,2,0,-17,-2,-10,-21,-17,-16,11,4
-6,-17,-13,-16,9,4,1,-10,-11,-3,7,-6
-9,6,4,-18,-6,-14,8,-19,1,5,2,-16
13,-17,0,-9,-8,7,5,-17,-8,-17,-1,-8
-10,-16,12,3,9,-14,-17,-16,2,-12,10,-15
-11,0,0,-14,-4,1,-19,-14,1,3,-19,-4
-4,1,6,-14,5,6,8,-3,13,-13,-18,-7
-3,1,-22,8,-20,10,-20,-4,-5,-3,7,-6
1,13,6,8,-7,-12,-23,-11,3,0,8,-2
7,-9,6,3,-7,11,5,6,7,9,4,1
-9,0,-1,2,-1,-5,-23,-1,-15,14,-6,-5
-16,0,10,-3,-6,9,-18,7,4,14,-13,-3
12,12,-1,16,-18,4,3,10,-4,-2,-21,2
5,13,13,-8,-6,-8,4,-6,-15,-7,-2,-8
3,14,-7,-4,-5,13,7,12,-20,-1,-2,19
1,16,-14,1,-6,12,12,0,-20,11,9,-5
8,14,13,13,-5,12,7,19,-22,-2,-8,18
-15,6,12,0,4,22,6,19,3,0,-3,-3
9,3,11,17,-3,4,6,6,-8,20,-15,-3
4,14,8,2,-21,16,-13,22,-9,13,0,22
-4,10,5,13,-23,19,11,7,6,21,-2,1
5,25,-10,1,6,2,7,8,-3,1,-20,17
5,-8,1,-23,3,-10,-6,-26,8,-11,-12,-26
-14,-10,-18,1,-7,-10,4,-5,6,-14,7,-21
-15,-7,13,-22,7,-24,-14,-10,-3,-2,8,-15
13,-17,2,-7,-12,-17,-6,-18,9,-19,7,-14
-7,-1,-14,-4,-12,-12,-16,3,6,-20,-16,-7
-1,-19,9,-19,-1,5,-7,-17,4,3,-19,2
-1,-17,-11,-12,-16,-8,-12,-20,-8,-10,-19,-5
-5,3,10,-4,7,-6,-18,1,-15,-11,-10,-13
9,-18,-1,-15,2,-3,-6,0,7,-4,-15,-2
-13,8,8,7,9,-11,-18,-6,-8,-13,-3,-9
0,0,10,-4,9,5,-18,-15,1,-12,6,-8
-2,1,-17,3,9,-12,-13,-1,5,-6,-12,10
-3,1,6,-12,-18,11,7,-10,-16,1,-21,0
-11,8,-5,2,-3,-8,-7,-12,-12,-5,2,13
-11,10,-3,3,5,-9,-3,-9,-2,2,-17,2
-22,12,-3,9,-2,-10,-11,-3,1,12,-15,-2
-22,10,-11,15,-21,-1,0,14,6,-10,-2,14
3,6,-14,-2,-5,8,-11,16,14,9,-20,14
12,13,0,1,-7,14,-11,12,-19,14,-2,14
2,10,-9,-4,-19,10,0,13,1,11,-2,19
-14,13,-14,14,3,18,4,-6,10,6,-2,13
-13,18,-16,3,13,8,6,11,1,21,12,-3
-9,20,-18,5,11,6,7,11,5,14,-5,6
-8,15,-7,19,-10,3,-4,10,5,11,7,5
7,8,-13,24,5,19,-8,22,0,18,-8,-2
-12,17,-21,15,-8,17,-7,12,-19,-1,11,3
-6,7,11,19,2,16,-10,17,-8,8,6,15
-16,0,6,-17,9,-19,4,-22,2,-14,3,-2
-7,-24,4,-24,3,-3,7,-20,-18,-5,5,-6
-10,-10,-8,-11,3,-7,15,-18,7,-9,-6,-4
-18,-20,1,-1,-15,-7,-14,-15,12,-16,-7,-6
-9,-15,3,-2,0,-13,6,-21,14,-3,-7,-8
-13,3,14,-16,-2,-17,4,-19,-19,-18,5,-1
-1,-9,15,-3,-15,2,-7,3,14,3,-10,-14
-9,2,10,0,-7,-13,-12,-10,10,-5,15,-6
-11,6,15,-4,6,-14,11,-2,0,-11,-12,7
-8,8,-10,-1,-17,-12,2,7,5,-3,5,7
4,-3,-7,1,6,-10,12,4,6,-11,-4,1
0,0,-4,-13,-1,1,1,-6,6,7,4,-4
-5,12,12,-4,-5,1,-16,4,-2,-13,4,12
0,4,3,13,5,-4,-16,-12,3,-2,-21,-2
-6,-6,-17,0,12,2,7,9,9,5,4,4
-13,-8,0,-2,-9,11,-16,-8,2,4,7,-2
11,13,-17,-8,-15,11,-16,11,-3,15,-1,15
7,5,-12,10,7,3,0,15,-17,11,-1,12
-11,-5,-8,16,7,16,-16,15,-21,13,-17,-6
-20,13,-19,1,-17,8,6,-7,-3,16,14,10
-15,13,-16,1,-17,15,-16,18,-3,13,-8,17
4,5,9,12,-8,-5,-20,18,-17,6,6,-4
-2,13,-4,0,-1,-4,13,1,13,8,-4,0
9,5,-10,18,-2,22,2,9,13,15,1,-2
-1,4,-14,7,-10,5,4,19,2,15,0,1
-15,24,15,19,-11,17,4,4,13,5,-19,11
-7,16,-1,16,9,11,3,21,-8,7,-1,0
0,-22,5,-16,6,-10,12,0,-3,-20,8,-21
10,-21,-18,-25,15,-15,-5,-20,-16,-20,12,-11
-8,1,-20,-7,-14,-4,6,0,-3,-9,-19,-19
4,-19,-5,-11,-15,-6,-18,-14,11,-7,0,-3
-15,-5,0,-20,4,-15,15,-6,-10,-15,-12,0
-6,-12,2,5,-7,-18,3,-17,-2,-19,11,-21
14,-5,13,-19,13,2,4,-2,16,-5,6,2
-3,-1,9,5,10,-5,-12,6,13,-14,-5,-16
-6,1,13,8,0,8,4,-11,7,-1,9,5
-16,-15,5,1,10,9,-9,-15,12,0,-6,-12
0,10,-6,-6,13,-10,-10,1,6,-6,-16,-2
2,0,11,5,14,-13,3,6,0,-7,-20,5
-4,-4,-20,4,3,-8,15,12,6,-5,8,4
-4,1,6,2,-9,3,1,-8,5,2,5,1
13,2,12,-1,12,-7,-11,-2,7,0,8,1
10,6,-11,7,-12,3,9,10,-4,-3,0,4
-20,15,-16,11,-15,13,-14,-8,2,9,-1,15
-10,-9,-7,16,-14,16,-10,-6,-19,-1,0,9
5,16,-5,17,1,15,-11,-3,-19,1,-1,16
15,16,0,-4,2,-3,7,17,-3,4,-1,16
-16,12,-2,0,13,17,9,2,-19,17,-1,20
1,4,-10,3,-19,20,8,21,1,18,14,5
-4,9,-1,17,8,5,3,16,-12,20,12,3
-5,1,5,3,-13,12,-16,11,6,22,-5,8
-14,13,-1,20,-13,20,9,5,-20,23,-9,20
12,6,-2,2,15,0,-14,19,-7,8,-16,15
9,1,2,21,-14,17,-4,16,-18,17,0,11
-8,-15,5,-26,-19,-9,-3,-13,6,-17,-3,-14
-7,-8,-2,-17,7,-8,4,-17,14,-4,6,-7
-15,2,-8,-24,-8,-7,-13,-11,-1,-23,12,-23
10,-15,17,-11,-5,-23,-7,-17,1,-13,-13,-19
16,-13,-18,-10,-11,-7,6,-7,7,-17,10,3
6,1,-4,-6,6,-19,-12,-4,-4,-8,-10,-10
4,4,10,-15,17,-10,5,-15,-13,-16,10,1
-1,7,7,-18,6,-1,5,-15,-14,6,16,-7
-4,-11,-1,-14,-12,-13,0,-9,6,7,-16,-17
-2,4,11,-16,4,-13,-4,-2,-8,-4,-8,-1
-1,-1,-11,-4,6,-4,-7,-3,-11,-8,-11,-4
11,-6,11,3,12,-1,7,-2,-2,-7,16,-7
17,1,-15,-4,14,-5,-8,2,5,2,-12,-9
4,-5,4,-1,5,8,16,8,-1,-5,-16,-11
3,12,15,7,12,-3,-9,-5,5,3,-5,4
8,11,4,-3,4,6,-4,-3,1,5,5,0
5,13,-15,15,2,15,3,9,-6,1,6,-10
-18,17,-18,12,10,-6,4,6,2,11,-10,-7
10,14,9,1,2,8,3,15,-2,14,5,15
9,15,-7,-7,-14,8,-13,17,-14,8,0,15
-12,15,-10,11,-13,7,-19,3,-7,19,0,15
2,13,-12,7,-6,10,2,13,-14,6,7,10
-2,21,12,7,-6,-2,7,19,-1,0,-3,13
10,13,-8,1,-6,3,-13,1,11,16,-14,9
-14,7,7,19,12,5,-8,15,8,0,4,-2
7,22,17,7,-7,20,1,24,-14,11,5,6
-4,26,9,8,15,17,-7,16,-6,17,13,10
-5,-26,-15,-25,-17,-23,1,-9,-12,-12,7,-18
10,-21,10,-14,5,-10,-14,-19,-7,-25,11,-10
1,-19,-7,-18,18,-11,12,-15,4,-8,-1,-16
-1,-3,-8,0,-2,-18,-16,-10,-13,3,6,-5
-1,-16,-6,-9,-9,1,15,-6,-1,-4,-9,-5
-15,-1,-17,4,1,-7,12,-10,13,3,1,-19
5,-13,15,-9,7,0,10,-9,6,-17,18,-6
8,-17,5,6,-14,-15,12,1,-17,-9,2,-14
-1,-3,-3,1,10,-8,-6,-15,7,3,17,0
2,8,14,-4,3,-14,6,3,10,-10,10,3
3,0,2,-11,5,-4,12,-10,0,-6,9,1
5,0,18,-13,-6,-10,18,-3,-15,-13,6,7
-1,3,-7,4,-7,-1,-7,-5,3,-10,-12,-13
3,0,-2,2,17,7,8,-2,-3,-4,18,-4
2,5,4,-5,-7,3,17,8,-6,-3,-7,0
17,-3,11,-7,8,11,7,-11,3,-9,-18,10
-12,-4,-8,2,14,-9,-11,-8,2,9,-3,-8
-11,-5,-4,14,-13,11,5,9,-17,16,6,12
13,13,5,11,4,2,3,18,-1,13,6,12
17,3,-18,-1,9,-5,-17,9,-6,6,1,12
-15,17,-17,17,-11,10,3,19,4,7,-4,-3
-1,-3,-1,12,-13,16,4,20,7,-3,-10,10
6,8,-12,10,-15,4,-9,17,16,5,14,5
-7,20,9,8,-13,8,-14,-3,10,14,14,13
-14,10,-11,22,1,17,4,6,-7,5,17,5
13,13,15,24,18,7,-6,7,1,10,15,19
2,21,16,25,9,18,5,13,7,4,-14,7
-2,-8,11,-14,-8,-6,-16,-7,-10,-13,4,-15
13,-23,0,-15,-1,-17,15,-8,15,-6,14,-13
-2,-2,13,-24,-2,-19,2,-8,3,-17,-8,-24
13,-13,-13,-10,16,-16,12,-9,14,-21,-14,3
-16,0,5,-16,-9,-20,-7,-4,-8,-18,1,-11
-15,4,18,-12,-12,-18,-14,-8,0,-16,18,5
-13,4,-1,5,-9,-13,-13,-15,-8,-4,-16,-18
19,1,11,-12,-13,-12,6,-5,10,-8,-1,-10
17,1,-13,-3,15,4,-11,-4,-7,8,-1,0
17,3,10,6,12,2,14,-16,1,-3,-5,2
4,-2,-4,-6,2,-4,3,-5,8,-9,1,-2
8,-1,-12,-11,4,-14,-11,2,-6,-13,6,-13
-8,-14,-2,-4,14,-9,-14,-10,9,-2,-2,0
-3,1,-1,-1,7,-11,7,-12,9,-10,15,-7
-12,-2,-7,4,-9,-7,14,6,-8,6,17,-6
-16,8,17,15,11,0,4,11,0,12,-2,14
-11,-6,13,-8,3,14,-14,16,6,9,-3,15
-14,12,-16,15,3,14,10,13,-1,16,1,9
12,12,13,15,-10,1,-14,15,4,10,-13,-8
14,13,19,15,0,13,-15,1,-11,-5,2,13
19,8,6,14,-13,-6,-16,18,-7,-3,2,11
1,16,7,10,19,16,4,15,-8,10,-3,8
-5,10,-8,5,6,1,19,1,9,4,14,15
-8,19,15,1,0,11,-12,9,4,13,10,20
14,15,-6,20,-2,0,8,22,14,10,-3,19
-13,3,12,25,-17,9,5,21,2,25,1,5
7,18,9,7,11,5,-6,7,1,13,-2,9
-6,-19,1,-13,-9,-16,1,-5,-7,-15,-15,-17
13,-14,11,-9,-12,-13,-8,-25,-15,-8,-11,-16
5,-5,2,-3,-2,-13,5,-20,18,-16,6,-21
-4,0,14,-9,-9,-21,-9,-17,12,-15,3,-9
12,-20,-1,-1,2,4,15,-14,-7,-13,7,-6
-4,-6,-13,-19,6,-8,-5,-7,4,-4,1,5
-6,6,-11,-3,13,-13,17,-10,-13,6,7,-19
11,-9,-10,-12,11,-9,-7,1,7,5,1,-3
13,-12,4,0,-9,-5,11,7,7,-17,-12,-12
-12,4,-13,-12,20,6,-10,4,-1,-6,18,-1
8,-1,3,-11,-8,2,6,-3,3,7,16,-16
11,-13,15,-7,-1,-5,11,6,20,-1,1,-3
-13,3,10,-11,5,-7,-7,10,6,-14,0,-3
2,12,-10,4,3,-5,2,-7,19,5,14,0
20,14,7,5,19,2,4,-3,10,3,-15,-4
4,-2,-4,4,16,-4,10,3,10,15,3,-10
13,5,6,14,14,-9,-7,-8,-16,14,-16,4
14,10,14,16,11,16,13,-3,2,-9,-15,2
-13,18,-2,12,2,-8,-15,17,-6,3,7,11
16,15,-2,17,3,-5,5,9,-14,-1,2,-6
-10,1,-4,10,18,0,-4,6,12,-1,14,18
2,-3,9,-1,15,3,19,19,16,6,10,6
5,7,-7,18,-1,4,17,-3,9,12,2,4
12,15,14,13,18,22,12,20,-2,2,6,1
-14,2,0,6,20,7,-13,20,14,4,12,19
-10,12,-16,21,6,21,7,18,9,2,12,11
0,2,19,7,-1,7,-6,6,-1,16,-3,15
-12,-16,18,-8,-10,-26,15,-22,-13,-18,12,-20
10,-20,8,-18,13,-19,-15,-25,-11,-16,4,-18
19,-11,7,-12,9,-19,21,-11,-1,-18,6,-19
14,-23,18,-21,-10,-15,20,-6,8,-17,16,-9
19,-18,1,-16,20,4,0,-22,4,-1,19,-11
20,-16,20,-9,-4,-21,12,-4,4,-3,10,-1
7,-18,-7,-3,7,4,1,-14,4,-4,10,-19
-2,-6,-10,-18,-1,-7,-11,-16,-9,-10,2,-5
-2,-15,10,-16,-2,3,7,-14,15,7,3,2
21,4,16,-4,2,5,-12,-17,-1,-1,-4,-12
11,-13,-5,-3,5,5,-11,-3,3,5,8,-10
7,10,10,11,11,-9,11,-11,-7,-1,10,-11
-2,-12,15,-1,-9,-9,5,9,9,9,10,-7
2,3,10,-6,11,7,3,4,-7,-13,0,-3
19,0,-8,-2,5,-2,-3,-8,14,7,9,5
7,3,12,11,15,11,-6,-11,3,7,2,-2
17,-5,-3,-1,-1,-6,13,5,0,4,-13,9
4,-8,-12,0,8,17,9,6,2,0,2,12
7,14,-15,18,11,5,-1,7,14,17,-13,10
1,16,-2,-1,9,13,14,9,2,7,12,12
3,11,5,4,-7,3,-11,3,-15,12,-5,10
17,5,15,3,-6,11,3,-1,10,6,0,3
13,1,1,18,-8,22,-2,5,21,6,12,20
17,17,20,18,-5,21,20,16,-14,13,9,-2
-2,18,6,-2,11,12,-3,9,-3,20,15,3
2,13,-6,9,1,5,-1,15,19,10,-9,8
7,1,20,0,-6,22,-14,3,8,16,15,25
22,-17,4,-4,-11,-21,1,-15,-10,-10,-10,-15
-8,-4,10,-24,-4,0,6,-23,-4,-13,7,-18
17,-6,7,-18,5,-3,16,-1,16,-23,9,-6
21,-23,2,-12,14,-6,17,-12,14,-14,-8,-11
18,-20,10,-10,19,-11,-8,-22,2,-13,5,-10
9,-2,-4,-1,11,-17,18,-12,6,-19,20,-3
1,-6,22,-4,19,0,11,-12,13,-4,18,-3
-4,4,0,-5,-10,-2,6,-15,21,-8,-12,-5
22,4,22,-13,15,-13,19,-16,2,4,4,3
-7,-8,-12,-5,7,-11,8,-11,13,2,-2,-5
10,-2,-1,0,17,-15,8,5,-7,-6,8,-10
17,-14,11,-3,18,10,-8,7,0,-6,0,-11
7,8,17,-8,17,-4,12,-12,6,-5,-6,-10
6,1,5,-1,0,-8,10,-10,1,2,5,2
-1,9,15,1,17,12,-7,-9,13,13,14,4
5,15,22,-5,-10,-9,-13,-3,-3,13,3,14
7,-10,-10,7,19,5,-12,-10,-5,-2,2,12
3,15,10,-1,-1,-8,-14,6,2,-2,-5,5
4,6,1,3,-2,4,-12,12,16,8,8,14
9,7,19,15,-14,12,-3,-6,-4,3,15,-6
13,-3,3,16,0,-5,22,-5,-4,7,1,0
7,19,21,-4,-12,21,7,18,10,13,15,7
-3,20,-6,19,6,13,9,22,16,22,12,14
4,10,-11,22,4,16,-11,-1,9,5,2,7
9,18,-7,23,8,6,19,13,18,23,-13,22
19,2,13,11,-2,9,5,12,7,10,2,20
0,24,-5,4,18,21,-13,12,21,14,2,15
8,-22,8,-3,22,-24,-7,-17,18,-13,9,-18
2,-10,20,-21,13,-14,17,0,6,-20,16,-8
8,-14,-5,0,6,-17,8,-5,-4,-4,9,-22
13,-23,-9,-15,15,-15,19,-12,12,-9,-8,-7
6,-2,7,-9,3,-9,9,-6,-8,-18,6,-11
16,-9,-7,-12,-12,-5,7,3,18,-10,10,-6
19,-8,19,-11,-8,-15,12,0,-4,-7,-7,-12
-1,-8,7,4,14,-8,23,2,7,-8,-2,-10
21,4,-11,-8,14,-4,12,-12,7,-5,19,-3
1,-10,8,-15,11,-17,-13,-13,11,-10,16,1
11,-3,12,1,-9,-6,-3,3,-9,-8,-6,-8
13,10,-3,11,-8,-13,13,1,17,-8,-6,-1
9,-14,13,-5,10,-13,12,8,18,-7,22,-5
0,6,4,-1,-7,-4,4,-5,-2,-4,13,1
6,6,15,6,0,5,-6,6,4,-9,-5,2
9,15,18,15,22,6,-13,-4,-10,1,2,13
4,16,-4,15,-12,11,-6,-1,18,9,-12,-4
3,8,10,12,4,-7,17,-8,15,7,5,1
18,-4,22,15,-4,9,22,1,-12,13,-5,11
5,17,16,15,-12,7,11,4,10,-4,22,4
8,-5,1,5,11,8,12,-5,-11,6,11,0
7,-5,22,13,3,7,23,6,11,17,-10,9
4,-4,0,5,-5,7,-7,6,15,-1,20,3
2,-1,10,11,-3,17,11,22,-11,12,-10,1
15,9,17,5,0,3,0,14,3,24,-3,3
12,1,9,10,-2,10,-11,17,-12,-1,3,12
4,12,13,14,10,14,5,11,21,7,-4,9
-5,-11,0,-12,14,-14,-2,-18,20,-11,-7,-8
18,-7,7,-18,4,-9,3,-18,12,-11,-10,-8
-3,-22,4,-24,0,-13,19,-18,-2,0,-10,-24
-2,-15,16,-23,20,-8,14,-5,21,-4,13,-21
-6,-22,-12,-14,15,-7,19,-9,-11,-15,9,-16
-7,-19,-4,-6,14,-16,20,-13,0,-17,-9,-12
-5,-18,8,-9,22,-13,14,-17,-4,-11,3,-15
-11,-7,6,-19,-1,-15,16,-12,-6,2,-3,-18
-3,-2,-4,7,-6,-10,15,-12,-3,-12,3,8
12,-16,13,-2,24,-10,23,-15,21,6,1,-1
16,0,6,-4,23,-7,-5,6,13,6,16,9
15,-7,-7,-7,18,1,-8,0,16,-1,15,-8
11,-2,6,1,-4,9,10,1,0,-8,24,6
21,-5,-2,-11,-3,-8,11,4,8,12,6,11
-5,14,15,-8,-3,-5,-7,-4,17,5,11,2
21,-6,4,-1,6,-3,8,10,6,9,15,14
2,5,9,12,-1,16,-12,16,-5,-10,1,15
9,14,18,0,18,-4,-12,15,23,6,21,-1
6,-8,15,9,9,4,-8,11,-5,10,1,5
3,18,-9,-7,2,-5,8,12,-1,4,-4,18
7,17,20,10,-2,20,-7,7,2,1,-4,12
13,-1,21,3,13,1,18,13,16,19,24,5
15,-4,1,4,11,-4,10,-3,4,11,14,5
7,-1,6,13,24,8,6,4,16,-2,20,21
13,-2,15,6,0,15,19,5,16,11,8,8
20,17,17,19,-1,9,14,4,19,16,6,15
4,20,3,17,1,11,-4,22,24,13,20,11
-7,-11,-2,-21,6,-18,-10,-20,-4,-24,-3,-3
-9,-23,5,-24,24,-14,19,-9,-9,-4,3,-3
-3,-17,-2,-23,16,-15,21,-5,4,2,3,-5
-3,-17,-3,-23,8,-20,19,3,4,-4,9,0
-10,-17,11,-3,9,-20,2,-20,19,-20,-9,-13
-11,-16,-6,1,11,-5,9,-21,7,-5,2,5
20,-4,-7,-20,12,-13,4,-6,6,6,2,2
-4,-12,4,-17,10,-17,12,-3,0,1,2,-16
-1,-13,-8,5,7,-7,14,-2,23,4,21,4
9,-4,14,-3,4,-1,12,-8,0,-11,20,-11
-3,-7,15,-10,-11,2,13,-10,21,-2,6,-5
9,9,23,-8,13,4,21,5,22,-6,2,-6
22,9,13,-1,3,3,3,-9,18,-6,22,-3
-1,0,17,11,25,13,14,-3,8,12,-5,0
3,-8,5,-3,9,2,13,2,17,13,24,-6
12,2,20,4,6,-10,-8,13,18,-9,4,6
21,-6,23,5,5,4,6,7,-9,0,-3,1
0,17,-3,-1,-2,10,17,-3,18,-8,16,6
11,0,-6,4,18,17,-3,7,-1,6,12,0
3,19,16,-5,25,10,-5,9,-11,19,14,2
20,-1,16,-1,17,8,4,3,2,2,18,10
24,15,23,7,-7,-2,-4,-4,1,14,20,-1
17,13,5,9,18,14,6,9,15,3,-9,0
9,-2,14,2,5,4,6,17,1,13,-11,4
25,11,18,6,15,0,8,16,-4,22,-4,13
-7,5,8,1,5,1,4,24,-4,20,6,23
5,24,18,17,-4,17,2,14,19,11,2,10
-6,-23,-10,-26,14,-8,-4,-8,-8,-2,-4,-4
-6,-24,11,-5,15,-12,12,-8,2,-15,-4,-9
-10,-6,7,1,11,-20,2,-23,7,-5,-7,-18
-5,-22,10,-2,26,-1,22,-10,-8,2,2,-7
24,-14,11,-4,26,2,8,1,0,-1,-4,3
0,-11,-4,-8,24,-6,-1,-3,25,-1,25,-18
-5,-17,-8,-1,8,-6,-10,-1,-1,-6,25,-18
-7,-19,-7,-6,-5,-12,10,-1,-3,3,2,-17
-5,4,12,-2,26,2,-3,-5,-3,-12,11,-6
11,8,-3,-9,4,-1,5,9,16,-11,7,-2
16,6,22,3,8,-7,-8,8,19,2,20,2
13,-14,-4,-5,-2,1,-6,8,10,9,18,8
-7,8,5,-5,-5,-4,6,1,2,-7,19,0
18,10,1,-10,7,10,4,6,2,10,7,0
-3,11,-6,-5,-1,13,0,4,1,-9,8,1
10,12,-10,-7,0,-6,-3,-11,20,-8,2,-2
5,14,7,9,26,-4,-9,5,-8,16,9,0
-1,15,2,-5,-2,15,26,13,26,13,26,14
23,-6,4,0,10,5,13,-8,9,2,12,9
13,4,4,19,6,15,-3,12,-4,9,-7,4
6,13,23,3,21,19,12,20,4,20,4,3
-9,11,14,18,-6,1,14,11,19,4,26,-1
14,5,9,12,1,10,-5,1,24,15,19,3
18,-3,-2,6,22,14,25,5,19,7,3,8
-8,-1,-3,2,22,10,25,11,7,10,22,23
26,16,22,13,-1,9,9,25,14,5,1,16
8,22,25,10,4,7,-9,20,21,18,16,3
23,-10,6,-13,3,-7,-2,-19,-9,-23,15,-24
24,0,-7,-3,-4,-9,-4,-25,9,-3,2,1
-4,-13,16,-24,0,-16,10,0,-6,-9,22,-3
-8,-6,-5,-20,-3,-9,7,3,8,-21,3,0
21,-1,25,-22,3,1,3,0,0,-20,-6,3
18,3,24,-16,25,-1,27,4,10,-2,27,-19
26,5,3,1,0,-2,-8,6,6,-2,-1,-15
24,5,12,7,12,1,-1,-1,10,-15,-1,-16
25,-12,27,-5,27,-17,3,8,7,-5,11,-1
15,-6,4,-5,12,0,-1,-5,1,3,19,0
16,-7,23,-10,15,-5,9,-11,15,-14,19,-15
11,5,1,-9,2,-6,14,7,4,-11,6,-11
14,8,17,-12,14,2,18,1,1,-8,11,-1
-7,6,21,-9,-7,-9,2,-9,10,-1,-8,3
25,11,-7,2,12,3,11,10,-5,6,11,-3
14,12,23,-6,5,4,4,-8,16,12,24,-1
11,-8,5,8,20,-2,8,16,26,-1,24,12
4,-4,-5,7,4,3,-4,5,18,-3,13,3
7,-2,-1,-4,9,-5,18,5,0,14,1,7
4,19,4,-2,13,7,2,3,23,-7,13,-7
13,13,19,9,1,5,9,19,-5,0,9,-3
-5,11,-3,1,-8,-1,9,7,0,16,2,14
-7,10,14,14,25,0,21,-1,20,20,2,9
-6,3,4,19,21,-1,8,6,16,-2,4,-3
-9,14,-7,2,19,5,19,2,8,14,-9,24
17,11,7,16,23,15,16,13,19,17,20,9
-4,7,2,12,22,18,-7,2,3,5,18,11
9,-21,-1,-6,9,-22,18,-18,7,-5,-1,-15
23,-12,7,1,27,-25,20,-11,9,-25,-1,-23
4,-22,-7,-4,10,-11,9,-18,0,-3,10,2
18,-7,-2,-2,8,-14,3,-23,-8,0,-2,-2
23,-11,24,-20,5,-6,-1,-18,26,-19,-4,1
28,2,-8,-19,-6,-21,-7,-19,25,5,-3,-21
27,-4,6,-15,-1,-16,-4,-13,0,-17,0,-18
28,-3,-1,0,27,-7,12,-7,6,4,28,7
21,-15,15,-2,24,-7,-8,-7,26,-17,16,-14
14,-13,26,-6,22,-4,0,4,11,-14,17,-2
16,-6,14,-14,6,-6,24,-10,14,-4,10,1
23,-7,27,-1,22,-15,6,2,3,-3,19,-3
11,-11,0,-4,1,7,7,8,28,-7,20,-7
18,-3,14,1,27,-6,6,-1,4,8,18,4
-3,-7,13,9,-7,-6,19,6,10,12,23,5
8,11,13,-7,1,0,10,11,23,-10,5,6
22,-5,-6,7,1,2,20,-2,3,9,0,-9
-3,9,20,8,3,14,0,10,25,-7,21,-3
5,8,12,9,7,10,20,2,-5,16,5,-3
7,10,5,16,15,6,24,-7,13,3,-4,8
8,-5,6,6,3,13,3,18,0,10,16,4
26,4,24,17,15,15,-4,21,23,16,-8,-4
26,20,6,18,13,9,13,8,0,13,3,7
2,1,14,17,25,23,10,21,-7,-2,26,10
-1,14,0,14,28,10,8,6,7,6,2,21
-5,12,13,11,28,14,15,6,16,12,-1,18
-5,7,-1,16,5,13,11,1,8,23,7,22
28,-9,6,-26,5,-25,10,-19,24,-18,3,-15
27,-9,-1,-25,0,-24,13,-15,22,-4,-2,-24
7,-12,24,-14,12,-23,-2,-2,1,-1,3,-23
7,-21,29,-4,26,-4,1,-20,2,-23,2,-4
20,-10,5,4,3,-6,-5,-11,-1,-16,0,-1
20,-17,27,-7,27,-3,2,-20,7,-20,29,1
27,-19,13,-8,19,-10,12,1,6,-19,-7,2
8,-7,12,-11,1,2,-4,2,-2,-1,11,6
9,-2,12,-15,20,-2,0,7,14,-18,29,-10
14,-11,5,-5,27,-3,4,-12,-4,-8,14,-3
10,-9,-1,-4,-7,-13,16,-15,11,-9,24,-9
16,-5,6,0,-2,3,20,-11,-3,-14,12,-9
-1,-5,7,-7,19,7,10,2,28,-4,13,-2
16,-11,19,0,4,8,-6,-9,26,-2,17,2
13,-4,29,-11,-1,-5,-2,-2,-6,-6,9,-10
7,2,4,-9,3,2,1,-6,-4,-7,9,-11
7,13,27,12,-4,15,0,-5,-4,13,9,9
19,-4,15,-6,28,6,-3,-5,6,11,3,4
15,12,24,6,11,7,13,7,5,0,10,-1
15,10,10,4,14,12,14,-1,-6,6,-2,4
16,20,-4,10,5,-4,1,0,1,4,-1,4
0,-4,12,-5,3,9,2,1,-5,18,-7,19
1,14,23,18,16,5,2,0,20,19,4,14
1,-2,-2,6,3,-3,1,17,9,17,-6,17
27,24,-1,9,23,21,12,21,8,22,11,21
-1,9,2,23,19,-1,1,9,-4,9,1,19
-1,14,14,15,3,12,0,26,-4,16,11,22
-4,-5,30,-16,17,-8,4,-15,13,-6,8,-11
-1,-4,13,-2,4,-21,3,-6,0,-14,-1,0
19,-8,-6,-10,4,-2,28,-18,9,1,-5,1
30,2,25,2,6,2,6,-9,3,2,22,-1
18,-2,-4,1,30,-22,15,-14,-6,-10,2,-1
30,-18,3,-10,-5,-1,19,-10,-1,-12,11,-21
22,-11,11,6,1,4,9,-10,-1,-17,3,-13
12,-10,3,-19,-1,7,-2,-11,2,-17,-5,-19
15,-10,5,-17,17,-16,-2,-8,19,8,14,-12
9,-4,21,-2,28,7,8,-8,4,8,17,9
10,-1,19,-13,25,-3,23,-3,11,-3,22,-2
15,5,26,-7,18,-7,13,-10,20,-13,18,-12
21,1,20,-2,4,7,28,-12,26,-7,18,-9
11,-4,13,4,9,-9,23,12,5,10,25,10
22,0,-6,-2,-3,7,-5,-5,16,-8,10,-5
17,6,21,9,-4,13,3,-3,3,8,18,-3
5,15,14,10,13,-10,14,10,-6,-9,-1,3
19,-6,28,-1,25,13,13,5,16,9,21,7
13,13,18,13,30,6,-3,4,15,4,18,11
13,-7,15,12,-5,19,3,0,-4,13,17,-4
30,13,13,7,13,0,13,14,-1,1,19,0
27,17,0,19,-5,10,25,5,13,19,-5,13
-5,19,13,-3,-4,18,14,22,4,11,28,18
19,16,2,11,10,22,2,13,0,10,11,19
28,23,-6,18,30,16,12,17,9,0,-5,17
19,22,28,16,-1,0,3,11,26,3,15,15
-3,2,2,5,5,3,3,15,7,24,-4,10
22,-20,-4,0,29,-5,12,-4,29,-10,-4,-5
14,-15,24,-15,20,-17,29,-22,29,-1,-4,1
29,-10,7,-13,26,-4,5,-4,10,-7,-3,-9
8,-14,3,-2,-5,3,14,-8,19,-15,-3,-17
5,-2,-4,-14,9,-19,3,4,-5,-8,2,-2
19,-14,12,-14,-3,-2,8,-8,14,-12,-1,-16
31,-16,6,6,-2,-6,18,-17,10,0,-3,-12
30,-12,-1,4,3,-13,-3,-14,30,-13,-3,1
27,-5,3,-7,-3,-11,17,-18,15,3,29,-13
28,-5,5,-7,3,5,3,-4,25,-4,21,-5
5,5,28,-10,14,-6,5,-11,9,-4,6,-6
14,-1,22,3,24,9,24,2,8,-1,4,-11
22,3,26,2,28,-6,19,9,12,-10,25,-2
7,7,22,11,18,11,6,-10,13,2,10,2
20,-4,-4,-5,28,-11,6,9,24,1,29,2
7,2,1,4,8,7,5,2,-2,3,21,-9
24,-6,26,13,-2,-6,16,3,3,-5,3,6
26,1,19,2,29,7,7,16,5,7,31,-3
7,18,7,16,19,-7,0,12,11,11,-3,13
24,2,10,11,29,5,0,4,13,-2,26,13
30,-3,6,4,17,9,6,12,11,-1,11,-1
21,-1,6,8,29,0,31,4,19,16,2,17
21,20,5,18,26,19,-4,10,28,16,29,13
5,-2,15,22,1,-2,8,16,16,21,16,12
21,13,10,21,28,15,9,-1,-4,18,-3,20
-5,21,20,15,1,1,12,24,-1,1,4,21
27,24,12,21,7,13,6,26,9,0,-5,5
29,-8,14,-13,11,-17,9,-16,32,-17,5,-23
10,-19,-4,-13,19,-15,22,-10,11,-19,0,-17
18,-21,15,1,0,-23,8,-24,30,-20,12,-4
19,-18,28,-2,16,-8,9,-5,13,2,-2,1
11,-12,14,2,5,-18,8,-3,0,-1,5,-10
9,-14,11,-5,9,-13,28,-9,18,4,-1,-3
14,-14,-2,6,29,1,5,-9,12,-19,24,-17
11,-3,25,-17,2,-8,20,-10,17,6,-2,6
8,-13,22,1,23,-18,4,-16,1,-13,14,1
13,-7,6,1,-4,-6,8,-12,21,2,10,-9
28,1,31,-3,6,-7,3,5,0,-6,18,-2
14,-8,25,1,20,-2,9,5,25,-15,27,9
10,-6,21,5,18,9,8,7,17,-13,17,-10
13,6,32,-2,11,-7,20,4,20,13,-1,6
11,-9,24,-2,11,5,22,-3,1,-2,23,-2
13,-10,23,-8,11,12,10,14,4,2,-3,-7
17,11,7,10,9,10,5,3,18,-1,9,-2
22,0,-3,5,21,13,11,3,13,-2,25,4
18,13,1,-6,24,-4,11,9,24,18,3,-5
10,15,19,4,5,19,18,11,-1,-2,-2,-6
10,14,17,18,5,8,11,13,9,15,-2,20
20,14,17,-4,-1,17,-1,15,1,14,5,11
7,16,8,6,29,1,14,11,12,10,5,4
6,16,8,19,5,6,17,-1,4,15,6,-1
1,4,28,1,-4,3,27,17,26,22,2,24
5,2,11,2,2,2,5,15,19,-1,30,2
23,25,17,8,4,3,5,17,5,24,-1,13
1,-6,2,-5,0,-8,2,-19,32,-25,0,-5
1,-2,6,-23,27,-5,11,-17,20,-5,0,-5
28,-17,28,-2,29,-22,10,-2,0,-11,17,-16
32,-10,6,-20,5,-10,24,-4,25,-2,20,2
32,-11,16,2,8,-2,-2,-13,13,-6,33,-22
8,-15,19,2,7,-18,4,-7,25,-2,-3,-19
17,-8,7,5,2,5,7,-19,25,2,14,-1
13,-15,7,5,-2,3,16,6,2,3,30,5
8,0,11,1,6,-18,7,-16,7,-13,-3,-3
29,-6,0,0,1,9,28,7,31,-15,22,-12
33,-6,23,1,25,7,12,4,23,2,18,1
13,6,11,-6,0,-2,-2,-4,28,-10,-1,1
18,-9,24,11,14,-4,23,-2,-1,-3,0,8
30,0,20,-13,8,12,18,-3,-3,-6,13,12
11,-7,22,-3,17,-3,20,-10,3,10,1,1
2,9,20,13,11,-3,25,-2,8,-1,3,-8
17,0,8,13,23,5,15,-2,-3,7,23,-6
8,6,5,13,0,3,3,-4,12,-4,24,13
33,4,16,2,32,13,29,-1,27,1,7,1
7,18,11,6,14,8,21,12,12,3,18,1
29,-6,4,-5,4,5,9,17,1,19,0,18
24,4,20,17,2,14,7,7,13,16,13,18
12,-4,2,22,1,16,14,20,3,14,1,-3
15,15,21,4,14,22,18,-2,19,2,1,14
23,6,16,2,23,23,17,3,27,16,10,16
31,17,28,16,24,12,7,25,2,1,13,23
-1,17,10,4,29,23,12,16,4,26,4,23
25,-6,20,-22,4,-11,34,0,21,-15,2,-7
25,-6,4,-6,-2,-13,17,-18,3,-2,8,-22
2,-5,23,-1,28,-12,16,-15,5,-19,31,-1
18,-20,15,-23,5,-3,11,0,3,-3,2,-2
9,-13,4,-19,8,1,15,-3,11,-4,9,-22
24,-8,15,-3,10,-1,4,2,20,-10,9,2
15,-16,3,-7,11,-6,30,4,20,1,29,-4
16,-15,-1,-10,9,5,20,-14,3,2,31,-10
11,-1,13,-10,12,-5,21,-13,4,2,2,4
8,5,25,9,18,-5,7,9,23,7,20,-10
9,1,22,-13,12,3,15,2,31,0,14,-12
31,-11,9,-10,16,3,11,-4,9,7,21,-5
10,-14,-2,-9,19,-6,13,-12,4,-14,2,4
17,-4,34,-6,5,10,33,-12,4,6,9,11
9,-11,5,14,-2,2,4,14,7,5,5,-6
9,-7,32,5,5,-3,4,-5,31,-3,29,-9
21,8,13,-6,0,-9,14,-3,17,-2,10,8
10,1,19,4,3,-3,1,10,29,6,21,0
7,4,16,12,6,11,16,-7,8,-6,2,16
16,3,17,-1,20,19,11,18,30,19,4,-1
29,3,13,-6,8,11,1,8,20,8,26,5
13,15,2,-4,-1,18,2,12,33,3,2,21
18,14,21,11,0,-2,15,-1,10,10,3,-2
14,0,19,22,19,18,13,15,8,20,3,20
6,23,11,18,27,21,14,21,4,22,2,23
20,11,0,4,4,9,11,25,21,6,11,20
14,12,14,21,34,16,31,6,31,1,10,22
0,-2,5,-4,12,-4,15,-5,0,-14,6,-1
3,-8,34,-3,25,-24,13,-22,6,-22,17,-23
10,-8,-1,0,16,-18,9,-2,23,-12,15,-10
31,-4,23,-14,7,3,29,-23,6,-4,14,-5
27,-16,4,-19,0,-21,22,-12,6,-11,4,-19
22,-15,17,-16,1,-18,12,3,13,-19,7,-15
31,-6,5,-4,35,5,15,2,28,3,11,0
34,-18,33,4,27,-19,1,-15,29,-5,4,7
12,0,16,2,1,-1,13,-14,16,2,7,-10
14,2,20,-1,13,9,15,8,22,-7,7,-7
27,-3,28,-4,8,-15,14,7,0,-11,26,2
27,-12,31,2,10,7,26,5,21,11,12,-8
24,-2,13,1,0,-1,33,4,11,4,29,-12
24,-2,-1,-12,12,6,0,0,34,12,18,-9
15,-3,2,14,13,9,15,-11,-1,-3,5,-12
18,8,17,-10,19,9,9,14,13,7,13,13
27,-2,34,-7,2,-8,17,-10,1,-3,21,-1
15,-4,19,-5,-1,7,28,1,18,4,-1,-9
6,-5,16,15,-1,-1,16,15,-1,5,0,15
13,3,29,12,19,-1,25,3,26,0,18,-2
13,11,19,13,2,3,21,5,-1,-1,14,-5
29,7,26,14,20,19,13,15,6,2,12,19
21,3,-1,5,-1,2,30,-2,6,11,15,22
18,10,14,-2,-1,5,7,21,35,17,13,-2
31,7,28,-2,15,1,21,10,22,7,4,13
13,-1,5,19,24,22,11,1,13,18,5,17
29,6,15,20,2,20,15,2,6,1,5,23
4,-26,7,-13,3,0,22,-24,28,-6,17,-25
5,-17,6,-2,16,1,5,-16,18,1,6,-18
2,0,29,1,25,-13,5,-22,8,-5,0,-20
25,-17,1,-5,15,-20,5,2,19,-21,9,-8
11,-9,1,-11,22,-2,5,-18,18,-16,17,-20
36,-3,4,-2,19,-10,1,-16,9,2,14,-3
12,-17,23,3,9,-17,0,-17,17,4,6,-9
36,-14,14,-19,25,6,31,-3,0,3,18,-19
33,-8,26,6,33,-16,2,1,2,-13,2,-13
28,-7,12,-14,0,6,14,5,32,-11,18,-8
23,9,13,-2,20,-13,11,-1,14,6,3,-9
22,3,24,-11,32,11,25,-8,23,-13,22,-10
33,-14,5,-8,26,4,0,8,0,1,6,5
22,-4,15,7,15,8,16,6,36,3,23,0
28,3,3,-4,19,10,10,3,10,-3,7,-12
24,-3,3,-1,0,-10,12,9,7,9,14,15
11,-2,10,-5,28,5,7,2,0,0,28,14
12,-1,15,-4,7,10,0,-3,6,-2,0,-6
34,-6,36,17,1,-6,10,-4,0,-4,6,16
16,-7,8,-6,0,-3,16,10,32,16,14,16
29,-1,17,-1,2,2,1,4,8,14,0,2
28,2,25,6,11,3,22,9,10,-5,7,-4
33,2,27,-4,27,-3,17,11,7,8,0,8
19,9,16,21,7,0,0,5,0,-3,17,15
13,4,0,9,31,2,2,14,3,-1,7,16
22,9,0,6,22,10,2,5,29,10,9,17
11,19,1,5,0,9,14,2,10,22,14,20
