-3,-1,-31,-21,0,-10,-21,-23,0,-21,0,-21
-29,-9,-3,-4,0,-4,0,-15,-18,-12,-24,-20
-34,-2,-34,-23,-29,-21,0,-2,-9,-16,0,-21
-27,-8,-35,-20,-28,-23,-7,-23,-31,-19,-36,-16
-29,-8,-30,-8,-1,-16,-24,-11,-1,-14,-36,4
-4,-21,-5,-10,-33,-17,-17,-18,-1,-15,0,-19
-1,-14,-35,-19,-11,-11,-10,2,-33,-17,-1,-12
-28,-12,-7,5,-34,2,-36,-5,0,-15,-1,-14
-3,-13,-5,-16,-35,-16,-31,-9,-35,-15,-1,-16
-4,-14,0,-14,-15,6,-3,-12,0,-14,-3,9
-1,-16,-4,8,-33,2,-18,6,-3,-9,-2,-12
-33,-4,-30,-3,-15,10,0,2,-36,-10,-29,4
-33,10,-16,3,-34,-9,-4,8,-11,10,-1,-7
-16,0,-15,7,-36,9,-31,9,-4,-5,-8,-5
-31,-9,-35,10,-35,-5,-7,-6,-21,-2,-10,0
-26,4,-2,-7,-9,13,-18,-5,-17,5,-4,14
-29,8,-4,12,-16,9,-16,-8,-11,-2,-3,8
-5,3,-9,16,-23,17,-36,-9,-33,-5,-3,-6
-25,6,-36,-3,-14,16,-12,2,-4,15,-1,-2
0,0,-2,-4,0,-3,-22,19,-7,-3,-4,-3
-28,8,-23,-4,-16,8,-1,18,-5,16,-2,-3
-1,-3,-19,21,-1,-3,-4,18,-4,17,-1,-1
-24,-3,-6,-1,-17,12,-5,18,-19,-2,-1,-1
-6,0,-4,2,-35,19,-11,9,-15,1,-4,0
-6,9,-2,0,-16,15,-36,1,0,0,-9,8
-6,3,-9,4,-11,16,-5,17,-2,4,-4,1
-7,2,-4,4,-5,11,-1,6,-5,20,-4,24
-4,-7,-20,-17,-24,-19,-23,-25,-4,-24,-4,-2
-4,-2,0,1,-23,-11,1,-4,-12,0,-4,-3
-18,-19,-12,-15,-28,-11,-6,-16,-12,-19,-1,-22
-17,-22,-3,-2,-6,-19,-1,0,-21,-6,-12,-2
-9,-11,-5,-3,1,-8,-19,-18,-1,-11,-2,-20
-17,-12,0,-6,-19,-15,-1,3,-18,-15,-4,-17
-3,5,-2,2,1,-7,-19,-13,-8,6,-15,0
-1,-18,-33,-11,1,-9,-20,2,-16,-5,-29,-17
-28,5,-12,-16,-35,-7,-3,-4,-6,-15,-32,7
-28,-10,-4,-5,-29,-11,-23,-13,-1,-1,-2,-12
-3,-12,-2,-11,-3,-16,1,-14,-4,1,-1,-11
-4,-12,-2,-11,-4,-11,-21,-8,-15,-7,-3,11
-3,-9,-6,11,-7,-2,0,4,1,-1,-20,8
-26,4,-11,-1,-12,0,-6,-10,-9,-4,-28,7
0,-4,-5,-7,-15,8,-16,12,-12,-9,-12,-6
-4,-7,-4,-6,-1,-8,-4,13,-9,12,-3,12
0,-6,-4,15,-15,-9,-18,-6,-6,10,-5,4
-26,-6,0,-6,-30,-1,-13,-6,0,-5,-3,-4
-30,14,-2,-6,-16,7,-34,16,-8,-5,-5,0
-4,-2,-12,-2,-34,3,-4,-4,-6,4,-1,9
-29,11,-1,-5,-35,-6,-33,18,-6,15,-6,19
-5,0,-35,-3,-17,4,-4,18,-4,7,-5,19
-3,-2,-35,-4,-13,19,0,0,-16,5,-3,18
-2,-1,-2,23,0,2,0,0,-4,1,-3,18
1,3,-35,18,0,1,-1,2,-2,1,-6,18
-29,13,1,3,-22,12,0,22,-28,4,-4,24
-20,1,-9,25,-35,25,-3,24,-5,3,-6,4
-29,-16,-8,-3,-8,-15,0,-21,-5,-2,-3,-14
-12,-12,-9,-17,-11,-4,0,-22,-5,-25,-6,-13
-2,-4,-2,-21,-19,-23,-4,-14,1,-21,-7,0
-21,-3,-6,2,-10,-7,1,-21,1,-21,-7,-3
-13,-5,-6,-13,-1,-13,0,-12,1,2,-9,-17
-26,-8,-12,5,0,-10,-3,-4,1,0,-3,-10
-7,-12,-4,2,-2,-2,-26,-9,0,-7,-3,-15
-16,-14,-31,-1,1,-10,-25,-15,-12,7,-10,3
-5,-17,-9,5,-25,0,-2,-5,-16,-15,-5,3
-32,-3,-23,1,-2,-6,2,1,-20,-5,-6,9
-34,9,-32,2,-2,3,-4,5,-2,1,-2,4
-14,1,-2,-1,-18,-7,-1,-7,-16,-6,-5,-8
-7,-10,-22,4,-18,-9,-19,1,-17,5,-3,6
-27,7,0,3,-10,-10,-22,8,-20,-13,-3,-10
-3,-2,-21,-8,-5,7,-19,10,-6,-10,-2,-5
2,-7,-10,-5,-14,-2,0,2,-19,14,-4,12
2,-8,-5,13,-33,-7,2,16,0,-6,-4,15
-1,-6,-14,11,-19,-3,-19,16,-12,5,-4,11
1,-5,-16,-2,0,7,-4,-4,-16,-3,-3,15
0,-3,1,-5,0,-3,-9,17,-6,5,-4,-3
0,-4,-5,-4,0,-1,-19,18,-2,20,-4,-3
2,-2,2,4,-31,15,1,0,-2,-1,-6,19
0,-1,-6,18,-30,13,-1,-1,0,-1,-5,22
1,2,-17,20,-29,9,1,11,0,-1,-10,18
-5,-2,-21,4,-3,1,-7,0,-3,21,-5,22
-4,9,2,4,-29,23,-20,20,-7,24,-10,16
-28,18,-15,23,-12,25,0,2,-3,5,-6,25
-12,-11,-19,-5,2,-22,-1,-1,0,-21,-6,0
-21,-1,-20,-1,1,-12,0,-23,-2,-22,-6,-2
-7,-4,-30,-23,-15,-3,-16,-21,-26,-4,-23,-5
-29,3,-18,-23,-13,-1,0,-9,0,-21,-8,-16
-30,-10,-31,-7,-6,-15,-4,-12,-1,3,-9,-17
-12,-8,-24,-5,-22,-8,-4,-12,-14,-14,-7,2
-15,-7,-9,-13,-11,-5,-20,-19,-15,-20,-9,6
-23,-19,1,-14,-25,-15,-32,2,-1,5,-8,-16
-30,-18,-5,-12,-31,-14,-7,2,2,-11,-5,-13
-27,2,-8,-12,-4,-1,-29,-14,-7,-14,1,-3
-4,-5,-13,8,-2,0,-32,9,1,-8,-3,-11
-19,-15,-8,3,0,-4,-26,11,-1,4,-6,-7
-12,-13,2,4,-6,-8,-22,-13,-4,-5,-5,9
-9,-12,-14,-9,-23,5,-22,-3,-9,-5,-11,-4
-7,-2,-20,10,-24,-6,-25,8,1,-5,-5,9
-15,-7,-33,7,-4,-2,-16,2,-19,8,-11,-5
-13,-5,-27,1,-17,5,-19,6,-18,1,-8,-2
-9,7,-26,2,2,2,-25,-3,0,16,-25,-9
-23,-6,-3,16,0,9,-6,11,-6,1,-29,-8
-11,0,-19,15,-12,19,-12,14,-7,-1,-1,5
-27,17,-20,-5,-23,4,-17,11,-12,-3,-16,7
-17,-5,-14,17,-1,0,-1,16,-16,-5,-10,17
-10,-4,-16,18,-30,-1,-23,8,-3,0,-3,7
-3,-1,-3,-1,-28,20,-3,17,-3,-1,-12,21
-20,-2,-12,4,-32,16,-1,2,-10,19,-4,1
-28,16,2,-1,-21,21,-5,18,-1,20,-5,6
-5,2,-26,23,-14,8,-3,19,-5,21,-6,25
-13,-14,-8,-5,-19,-5,-5,-1,0,-6,-9,-26
-1,-12,-2,-10,-8,-18,-19,-22,-3,-3,-8,-2
-31,-20,-7,-24,-24,-13,2,-16,2,-12,2,-2
0,0,-6,1,4,-20,-16,-2,3,-8,-12,0
-19,2,2,-7,-31,3,-16,-13,-7,-13,-3,0
-6,-20,0,-1,-3,-14,2,-14,-23,-10,-5,1
-13,-2,-21,-12,2,-11,-7,-9,-17,3,-12,-14
-24,4,3,2,-5,-7,-23,-17,-25,-17,1,-3
-16,2,-18,-8,-30,-3,-28,-11,-28,-11,-1,-16
-7,8,-31,-10,-6,-13,2,-6,-10,5,-20,-8
-5,9,-1,-3,-16,-12,-25,5,-21,4,-20,-3
-19,-13,-25,-11,-24,-2,-4,-13,1,-1,-9,-2
-4,-3,-10,-2,-16,-3,-3,3,-4,-8,-30,-13
-31,12,-6,1,2,12,3,7,-10,-6,-10,-6
-20,13,-19,-7,-25,0,-8,7,-12,4,-11,13
-30,-6,-22,10,-18,10,-6,3,0,-6,-11,6
-16,9,-5,-7,-2,9,-2,-1,4,15,-26,-7
-6,6,-24,-3,2,13,-7,12,-5,10,-6,-5
-19,-5,-29,7,-16,-1,-7,14,0,5,-5,-2
-30,0,-3,8,-25,18,3,12,-7,-6,-3,16
-17,11,-15,-1,-18,12,-13,-6,-24,7,-22,2
-9,3,-16,3,0,2,-8,13,-8,5,-13,20
-15,10,-25,16,-24,13,-7,-2,-7,-2,-3,7
4,3,0,20,-3,19,-14,4,-9,1,-29,9
-14,14,-6,6,3,23,-31,24,-2,10,-20,15
-30,10,-5,3,-18,11,-7,7,-3,0,-9,22
-27,16,-22,12,-32,17,-8,25,-5,22,-10,21
-12,-11,-8,-1,-4,-24,-27,-18,-17,-10,-29,-20
-23,-1,-29,0,-17,-22,-13,-7,-8,-7,-31,-9
-25,-4,1,-22,-6,-2,-17,-24,-6,1,-10,-19
-26,-2,-9,-16,-18,-13,-13,-13,-2,-21,-12,1
-27,-3,-15,3,-5,-8,-20,-11,-3,0,-3,-2
-4,-9,-3,5,-11,-11,-30,-4,-6,-9,-25,-15
-21,-13,-13,-4,-9,-7,-7,-12,2,-5,-5,-15
-16,-3,1,-3,-19,5,-21,-14,-23,-16,-30,-2
-30,-6,-3,-2,-25,-13,-2,-2,1,-15,-1,-18
-17,-14,2,0,-10,3,-29,-3,0,-9,-19,2
-7,1,2,2,-19,4,4,-7,-15,2,-20,-11
-21,-4,-10,-14,-2,-7,-8,10,-17,-10,-2,-1
-9,2,-7,-5,-30,-10,-29,-6,-5,-13,-1,-7
4,-12,-20,-7,-14,-1,-15,-11,-9,-2,-19,-12
-3,-12,-2,14,-14,-2,-24,-11,4,14,-18,-5
-19,3,-28,6,-17,-1,-6,-4,-13,12,-12,12
2,-4,-21,0,-15,9,3,15,-5,-8,-27,-6
-22,0,1,-2,-15,0,-18,17,-21,-6,-20,-7
5,10,3,17,-17,8,2,10,-27,-6,-6,5
-25,-1,3,12,5,4,-6,11,-9,10,-23,13
-3,16,-13,5,-28,-4,-17,6,-1,13,-25,4
-22,8,-11,5,-16,14,4,7,-20,17,-26,2
4,14,-11,4,5,4,1,7,0,17,-10,4
-27,15,-24,9,-12,9,-27,8,-5,21,-29,4
-22,6,-5,19,-24,15,-20,24,2,8,2,2
-28,1,0,0,-2,12,-16,25,-16,14,-4,20
-27,25,-20,12,-15,16,-3,10,-26,8,-9,4
-26,-2,-12,-1,6,-17,-2,-15,2,-25,-9,-6
-19,-25,-7,1,-14,-13,2,-20,-13,-16,-30,-16
-13,-8,-21,-24,-16,-15,-6,-21,3,-16,-6,-12
-30,-15,-29,3,-18,-2,-23,-19,0,-17,-24,-23
-28,-22,1,-14,-6,-11,-16,-5,-4,-18,1,-15
-3,-12,-27,5,-28,-11,-5,-15,-23,-2,-3,-16
-29,-11,-23,-7,1,2,-14,-17,-2,-13,-19,-19
-14,6,-4,-1,1,-19,-17,-1,-22,-7,4,-7
-7,-15,-2,-7,5,-6,1,7,6,-10,4,-8
-19,-6,-9,-12,2,-8,0,-1,-10,5,-6,-10
-5,3,-3,-14,-11,-12,-12,-5,-1,-10,-20,4
-1,9,-4,-14,-15,-2,-3,0,-20,5,-23,-11
0,-5,-13,3,-17,-3,4,-5,-28,-14,-11,-8
0,9,-4,-13,-9,8,0,13,-1,0,-14,5
-20,11,-27,13,-14,11,-3,1,-7,11,-9,-5
-26,12,-30,3,-20,5,-6,-10,-5,-4,-12,8
-29,-7,-21,0,-19,-6,-30,8,-30,1,-11,-9
-18,10,-17,4,-26,3,-13,2,-13,-8,-3,-7
-4,10,-3,12,-6,-2,-24,-8,-10,10,-16,1
5,7,0,14,-3,18,-5,-6,0,7,-22,6
3,3,-9,6,4,2,-5,20,-22,5,-15,7
-27,1,-17,6,0,13,1,15,-13,-1,-7,-2
-27,15,-12,18,-16,21,-23,18,-25,1,-7,3
-26,13,-13,-3,2,11,-18,12,-3,1,-10,22
-25,12,-14,-2,-18,15,-28,16,-9,0,-2,20
-6,-1,-9,13,-12,1,-29,3,3,11,-22,15
1,1,-21,3,-16,1,-6,13,1,9,0,6
-25,-4,-10,-20,-7,-10,4,-17,-3,-16,-3,-19
-24,-7,-10,-11,-5,-8,-26,-18,-26,-20,0,-7
-12,-7,-13,-23,-7,-6,-13,-14,-14,-19,-3,1
0,-3,5,0,4,-4,-3,3,0,-9,-13,3
-23,-11,-2,-10,-3,1,-17,-9,-14,-13,-8,1
-22,0,-29,-9,-28,-7,4,-11,-3,-13,-15,-4
-23,5,-9,-7,2,-2,7,0,-20,-7,-20,1
-21,-7,-13,3,1,2,-16,6,-14,-7,-23,0
-21,-12,-1,-11,-25,3,-20,-11,-2,-1,3,1
-22,-9,-13,-3,-15,-17,-9,2,7,9,-27,0
-7,6,-24,0,-22,5,1,-14,-5,-14,-1,-3
-11,6,-14,-4,-14,11,-15,-1,-29,3,-28,6
7,-13,-15,-6,-4,4,-3,5,-17,-11,-1,-8
-24,6,1,-3,-7,-11,-22,0,-17,9,-15,3
-23,0,3,6,-3,3,-12,11,-16,1,-7,14
-21,15,-3,-9,3,15,-21,-11,-4,-5,6,13
-2,-10,-3,9,-20,-6,5,4,-23,16,-18,12
-17,0,-4,2,-25,0,2,6,-14,12,-15,-6
-18,1,-9,14,-14,4,2,8,6,6,-20,-8
-19,5,1,6,-3,1,-4,7,-28,4,-28,1
-6,-4,-22,0,2,-4,-23,15,0,11,-1,12
-12,5,-2,8,-26,2,-24,6,-2,-3,-22,12
-24,20,-8,20,-20,9,-26,2,-5,20,-9,20
-26,18,-23,-2,-27,4,-1,15,-13,5,-11,3
-21,20,-9,5,-21,24,1,11,-4,2,-3,22
-24,10,-13,8,-7,11,-6,16,-8,24,-26,17
-27,20,-10,15,-8,3,-16,0,-2,5,-11,20
-14,-25,-25,-17,-27,-21,-8,-4,-3,-15,5,-19
-23,-2,8,-17,1,-19,-2,-4,-16,-4,-25,-15
6,-19,1,-3,6,-14,6,-23,-5,-16,-8,-11
-22,-10,-5,-15,-8,-17,-13,-10,-6,-19,-3,-4
-7,-22,4,-11,0,-14,-28,-1,6,-5,-7,0
-18,-7,0,-1,-15,-13,2,-4,-4,4,-17,-3
-22,-4,7,-12,-16,-14,5,-9,-4,6,-26,-12
-22,3,-9,6,-11,7,4,-19,-13,-15,-15,-19
-14,1,-2,-11,2,-10,-19,-7,0,-3,-7,-12
-4,-6,-8,-6,-10,0,-24,-11,-4,-6,-8,-8
-23,-8,-20,3,-1,4,-15,-7,-13,6,-4,0
-8,-7,8,8,-19,4,-15,-3,8,5,8,5
-23,-13,-28,-11,-2,-1,-3,-11,5,-14,-19,-5
-22,11,4,-13,-1,2,-26,-2,-14,13,-9,9
-8,-12,-17,-11,-10,4,-27,-12,-24,9,-28,10
5,9,1,-4,-23,5,-16,-9,-4,12,-3,10
-18,11,-14,-1,5,16,-19,2,-12,3,-1,-6
5,2,-3,10,-20,11,6,10,8,3,5,1
-14,-4,-8,11,7,12,-20,11,-12,-8,-19,-1
7,3,-19,-5,-12,11,-19,-7,-8,-2,-14,-1
-20,3,-24,15,-18,-6,-26,0,-22,16,-3,8
-4,16,-16,6,2,-4,-2,8,-4,9,-13,13
-3,8,-16,5,-12,10,-20,9,-2,7,-19,0
-10,12,-5,12,-15,16,-2,9,-19,15,-1,11
5,22,-22,24,-11,-1,6,18,2,19,6,16
2,-1,-21,20,1,4,-8,11,-17,17,-21,24
-16,22,-23,8,6,16,-11,12,4,18,0,4
-6,-8,-17,-25,4,-17,-4,-13,-11,-15,5,-15
-4,-9,-4,-24,-13,-11,-11,-11,8,-16,-24,-18
-19,-8,-12,-7,-2,-12,3,-19,-8,-12,-25,-12
4,-21,4,1,4,-11,5,-20,5,-21,-3,2
-10,-22,4,0,-3,0,-3,2,-4,-15,-2,1
-18,-5,2,-17,3,-5,5,-19,-13,-3,-3,-12
8,-13,-6,-16,-26,-7,-4,-11,-4,6,-7,-12
-26,-9,-5,-4,-9,-7,-4,3,3,-11,-12,7
-12,-3,-25,-14,-25,-2,-14,-1,7,-9,-16,-8
-3,9,-14,3,-3,-15,-6,9,9,-1,-9,-4
6,6,3,-10,-5,3,-19,-4,3,0,7,-15
4,-4,1,-3,0,-12,-26,4,8,3,4,4
-16,-13,-11,10,-21,-13,-24,-5,3,8,4,-13
4,-13,-23,-8,-17,-2,-25,-9,-5,10,-13,-8
-22,-10,4,14,-9,-8,8,1,-13,10,-20,-7
-17,13,-7,-8,-4,-11,-3,15,-23,-1,-11,-9
-22,10,2,7,5,7,-12,7,-25,-1,9,5
2,13,-8,-7,-24,-3,6,6,5,-2,-21,8
-13,6,-16,-8,-10,5,3,-1,-11,-6,4,6
-1,10,-10,4,-22,0,-13,-6,-2,19,-8,12
-11,6,-5,4,-14,-2,-10,8,7,15,-25,4
7,3,-5,-5,-14,12,5,12,-20,21,-16,8
-5,11,-11,15,-6,13,-18,4,1,1,-19,4
3,10,-19,17,1,20,-8,8,-6,17,8,-2
-14,21,4,16,-8,12,3,21,-9,12,-17,5
-8,15,-12,19,-24,7,-9,1,-18,15,-6,2
-9,3,-17,18,-15,0,0,8,-2,5,-12,11
-17,-5,2,-16,-10,-4,-8,-6,9,-25,-10,-23
1,-23,1,-4,0,-4,-6,-4,-3,-16,-6,-10
-18,-6,-5,-11,6,-1,-20,-21,-25,-19,-12,-10
-19,-8,-11,0,5,-22,5,-12,5,2,-6,-16
-23,-2,-18,-1,-2,-21,-4,-9,-3,-10,-7,-15
-17,-20,-11,-2,2,-16,-11,-15,-2,-20,-3,-13
-20,-13,-17,-15,-25,-9,-24,-10,-4,-5,-4,-7
-25,-13,1,-8,-2,-1,-2,-17,-15,-2,5,-13
-19,-14,-11,-6,7,4,-14,-12,8,0,-4,-6
8,7,-7,-17,-4,-6,7,2,0,-2,3,-9
0,6,-20,-12,0,-16,-21,-9,-16,0,-18,-12
-2,-6,-3,-5,-2,-1,-14,1,4,0,-26,2
-20,-11,-21,1,-6,1,-10,-13,-9,1,-25,-9
-16,3,5,-10,-7,11,5,-7,-8,-12,-21,-1
-17,-5,-24,-6,-9,11,2,-6,-24,6,10,-5
2,-2,-17,7,-3,14,-3,-4,-14,1,-10,0
-8,-10,-3,-4,7,-5,-4,-2,-5,-2,-11,-2
-9,-2,-9,-7,1,4,3,5,-19,7,-8,-8
-15,-2,2,11,-24,5,-4,18,-2,8,-21,-6
2,10,2,-2,-24,10,3,18,-12,8,8,10
-12,2,-7,-5,7,-3,4,-6,-15,7,-5,8
6,2,-14,8,-16,1,-10,21,10,18,-6,17
1,17,-16,7,-3,7,-24,9,10,13,0,16
-15,19,7,6,-26,20,-4,14,9,10,-13,7
-8,4,-12,17,7,4,-26,20,-16,7,-16,1
-15,15,0,15,-23,9,-8,11,4,16,-10,13
-6,1,-15,11,-22,22,-15,22,-15,2,-15,0
0,-18,-13,-5,-8,-21,-14,-24,-3,-26,-20,-22
-13,-4,-3,-24,0,-4,-12,-9,-19,-19,-13,-14
-16,-10,0,-12,8,1,-13,-2,-5,-14,-7,-13
4,-20,-22,-13,-2,-3,-6,-6,10,-1,3,-21
-5,-15,2,-13,-24,-10,-15,-16,-11,-20,-17,-13
-3,-4,-7,2,-22,-12,-8,-5,-2,-10,-11,-17
-2,-8,-5,6,-9,-17,-3,-16,-17,-15,-25,-2
-16,3,-17,-19,-15,-16,-18,-3,-18,-6,-3,-4
-7,8,-14,4,-23,-10,-9,-10,6,8,-5,-6
0,5,-8,-4,-1,-17,-19,-16,1,-3,-17,-11
-4,8,2,-15,-6,-14,-3,-6,1,10,-12,1
-13,1,-18,-6,-8,-11,5,3,-12,5,-3,3
-4,-5,-15,-10,-3,-14,8,-1,-9,3,-9,-14
-9,4,-17,-12,-20,4,-3,5,4,-1,-10,-7
-18,7,-6,6,5,2,10,9,-1,8,-22,-7
-12,15,10,3,5,-5,2,5,-2,6,-18,-8
-7,15,-1,1,-18,16,9,-4,11,11,-22,6
8,1,-1,-6,9,9,7,-3,-9,12,-9,12
9,9,0,-5,10,14,8,17,6,2,-1,-8
10,9,-3,12,-10,-4,11,1,-19,18,-15,6
-4,20,-2,8,6,19,8,18,-18,15,11,20
-17,0,-5,20,-13,14,11,11,5,21,-2,-3
-10,8,-4,22,11,13,-22,6,-12,19,-5,22
-3,11,-9,13,9,4,7,6,-3,-2,10,20
-19,2,10,22,9,21,-19,23,-16,-1,1,-1
-22,4,-25,6,4,14,-4,1,-2,15,10,8
-7,20,-11,11,-24,26,-15,13,-8,14,0,15
-20,-11,6,-26,9,-8,-20,0,-12,-25,-6,-5
-16,-22,-23,-17,-7,-3,-15,-16,-10,-22,-17,-25
-16,-9,-23,0,-20,-11,11,-23,-4,-10,10,-9
-3,-11,-17,-23,-19,-4,-19,-11,-9,-6,6,-7
2,-19,-10,-2,1,1,9,-21,-8,-17,0,-14
-4,-15,-7,-3,12,-20,1,4,-3,2,-16,-16
-23,-3,-14,-13,11,-6,6,-14,10,-1,6,2
1,-12,3,-1,7,7,7,7,-3,3,-3,-6
-1,-1,-5,-13,9,-2,-9,-10,4,-1,8,-9
-6,-15,-3,1,3,-1,4,0,8,-5,-6,-8
-6,3,0,0,-4,-4,3,-10,2,-4,7,-6
-7,-9,-18,7,0,-6,-2,9,-18,-15,-18,1
0,-10,-16,2,-7,-12,-3,9,-5,10,-20,-11
-13,-10,9,3,-8,-13,-2,10,-7,-2,-11,-10
-19,14,-18,13,-1,14,5,12,-11,-4,-1,-8
-17,-2,2,4,6,1,-8,2,-9,7,-10,-1
-9,-2,1,-1,-20,-7,-23,13,5,5,-12,6
5,6,7,11,3,13,-3,11,-2,9,-21,6
8,10,-4,10,-4,-6,-21,-7,11,2,2,-2
11,4,-1,10,-6,17,7,3,-14,-5,10,17
-10,-1,0,8,-24,-1,0,-6,-24,18,2,7
5,2,-8,18,-1,3,2,-5,10,17,5,-4
1,10,-22,5,-9,7,9,12,2,14,-13,17
0,7,7,11,-7,8,4,13,-8,9,-3,23
-1,12,10,18,4,0,-11,12,-10,-1,-14,-2
-24,6,-11,9,11,12,11,-1,12,21,-13,6
-24,21,10,10,-15,9,-3,14,-20,11,9,11
-17,-11,-5,0,-13,-9,8,-25,-4,-4,0,0
-15,-4,5,-11,-2,-3,-6,-23,3,-5,-6,-22
-19,-24,-22,-13,0,-22,-2,-13,-3,0,11,2
0,-18,2,1,-8,-13,-2,-16,-18,0,0,-18
8,2,-23,4,9,-21,6,-2,-12,-7,-20,-14
5,-20,5,3,1,5,-2,3,-4,5,4,-21
-1,6,4,-5,-13,5,-14,1,-17,0,13,-7
-17,-10,13,-1,5,-8,-13,-18,-13,-1,-20,-8
13,6,10,-7,12,8,-4,0,-19,-3,3,1
0,2,-13,-14,-9,-11,9,-16,5,-17,-10,-3
-8,6,8,-12,-19,-12,4,7,-4,7,-6,7
0,3,-17,6,-21,-3,-21,5,-11,1,13,-7
-21,-1,9,-13,-14,6,-20,-9,-14,5,-20,3
-23,-11,-18,-2,8,-8,8,-1,5,12,-21,13
-15,5,5,9,10,-8,3,4,1,-3,-14,-10
-12,1,0,0,-10,-10,-1,0,8,8,12,14
9,7,-19,-6,0,-6,-10,5,0,10,-1,-8
-11,3,11,-1,4,-4,-2,6,-8,17,9,9
6,8,-2,-1,11,4,-23,4,-21,7,6,-8
11,6,5,-3,2,9,-9,-1,1,-1,-1,18
11,17,-21,1,-16,-5,-19,3,-23,10,-4,-3
-13,-1,-23,12,13,14,-15,3,-19,1,5,-2
-11,2,-13,4,-17,9,-1,11,-16,18,6,13
3,23,-12,4,10,17,-12,16,0,21,-16,3
-9,9,12,18,7,5,8,19,-2,24,-14,16
8,21,1,14,12,16,-3,9,4,23,-4,9
-9,15,3,13,-8,0,5,9,1,3,12,22
-15,-13,-11,-17,-21,-6,-1,-13,-9,-15,0,-3
0,-6,-5,-13,8,0,-2,-14,-9,-4,-1,-14
10,-3,-18,-15,7,-4,3,-24,-10,-14,-19,-3
-22,0,-4,-15,8,-13,2,-2,2,-2,-20,-7
-15,-20,8,3,4,-12,-1,-17,9,2,-20,-1
-22,-15,-6,-8,-5,-3,-1,-21,-14,-4,-10,-15
1,-9,-13,-14,14,-5,-8,-7,9,-13,5,-9
-12,-13,7,1,-1,-12,5,-19,9,-5,-6,-18
-3,-16,-1,-8,14,0,14,1,2,-1,0,-7
4,-12,8,-10,1,2,1,-3,-7,-17,-13,-14
-19,-13,-9,2,-16,-13,-1,-10,9,-5,-3,4
-1,-12,-6,3,-12,-14,5,3,-12,-15,-4,-3
-5,6,14,7,-6,-13,-1,8,7,2,14,-3
2,7,-11,2,-12,1,-1,-10,4,-8,2,11
10,14,1,0,-9,4,-1,-8,3,-12,2,8
-8,-2,-7,-1,-16,-11,3,4,13,6,-7,-8
6,6,5,-4,-6,-8,-20,-7,-6,16,-13,2
-7,-2,0,16,0,-8,6,6,5,-2,7,1
-9,10,-20,11,-1,10,9,-4,13,4,4,3
4,7,9,14,-13,17,-13,9,-20,7,-4,18
9,8,2,-6,6,10,9,-4,-3,15,2,13
12,11,10,10,-22,3,14,2,12,9,-9,-3
8,22,0,17,10,12,8,21,-10,-2,-12,6
3,14,-21,6,4,4,0,17,11,10,-13,7
3,4,14,14,14,4,-10,12,-17,8,4,24
-9,20,14,11,-11,8,-12,6,-20,22,2,14
-3,17,3,13,-13,8,-18,17,3,17,-17,10
8,-22,-3,-11,-19,-25,-8,-15,6,-26,0,-5
-11,0,-16,-18,-15,-17,-6,-6,-16,-19,-8,-13
7,0,10,-24,5,2,2,-5,11,-13,15,-7
8,-2,-10,-6,-6,-9,-13,-6,15,-12,1,-9
-20,-8,6,-15,15,-10,-12,-4,7,-3,-19,-18
14,2,-19,-11,-12,-20,10,-12,7,-20,-5,-11
-12,-16,3,0,-1,1,15,-7,13,-10,3,-6
-10,-2,2,1,9,7,-1,7,-12,-13,-15,-18
8,1,-6,-14,-5,6,-2,-17,-9,2,0,-3
-2,-13,-6,-11,0,-12,-20,-8,-18,-1,-5,-8
1,-12,-14,-9,-19,-14,-1,-7,0,2,-2,-11
-6,5,-6,10,-10,4,9,9,-2,4,-4,7
-21,-4,-21,-4,1,-9,-1,11,-18,1,-11,-2
10,12,3,13,-18,12,-12,-10,0,11,1,-5
-3,-4,1,12,-7,1,3,5,-17,-8,-2,6
-7,-5,-9,3,-2,-2,-13,-2,6,-5,-6,-4
-6,-1,-13,-6,3,14,-19,12,-9,-10,-8,-9
7,-3,12,-8,-21,15,-20,7,10,-3,11,-1
-10,11,-7,-7,-21,11,15,15,-13,-7,2,17
14,19,-4,14,3,5,-3,8,-3,13,-16,14
-7,12,13,-6,-18,11,-15,7,0,8,9,4
14,15,12,19,8,6,6,15,-1,-5,10,21
-6,1,11,4,7,-4,-14,13,9,-3,2,16
2,7,8,10,-19,15,-1,12,-8,-2,-2,-1
1,4,2,17,-6,21,-13,2,15,5,6,15
-6,1,14,16,3,20,-2,13,1,15,4,19
-16,15,-7,18,-11,7,-1,13,-8,10,15,18
-6,-24,3,-13,-11,-23,-18,-11,3,-25,-14,0
-20,-1,4,-6,-16,-18,-8,-15,-2,-13,-9,-8
5,-1,-1,-17,10,0,9,-12,-16,-2,-11,-4
0,-1,-18,-6,-18,-9,-5,-7,5,-20,-14,2
-4,-18,-6,-16,-20,-6,8,-17,-7,-3,1,-18
-7,-11,0,0,12,-11,6,-17,7,-5,8,-5
-19,-18,6,6,8,-13,13,-3,-4,-10,-13,2
10,0,-15,-7,-12,6,9,7,-1,-11,-2,4
-4,-4,3,-11,-5,-2,0,-12,1,-6,-3,2
-12,-17,7,7,-7,5,-8,-8,-8,-9,-2,5
-18,-6,-14,-1,2,6,0,-8,1,-6,-3,-9
0,-11,10,8,1,-2,10,-4,-3,7,-2,-10
-20,-11,16,-7,-12,10,0,-7,-3,-9,-18,-9
10,10,14,-2,1,6,14,5,-5,6,-15,9
-20,-7,5,2,-15,6,13,8,-8,-5,2,-11
-7,6,4,7,8,13,-14,-3,-18,-1,1,-1
0,16,12,3,12,2,15,5,13,1,1,-9
15,10,-8,8,13,4,12,-1,12,6,-3,0
9,6,-18,5,-8,-1,1,4,3,6,6,10
11,8,-8,-3,9,10,-9,18,-3,1,-9,9
15,19,-6,20,-19,17,16,5,-18,11,-19,1
14,20,-1,6,-19,14,12,5,-8,0,4,5
9,14,6,2,2,17,-18,21,14,2,6,-4
-9,5,16,8,9,0,8,-2,13,13,14,16
8,8,3,14,-11,24,9,21,-16,18,5,24
5,-1,7,18,-10,3,4,11,-14,10,-3,0
-16,14,6,12,-13,18,10,3,-13,3,-11,1
-1,-9,-16,-21,-3,-9,1,-22,2,-17,-3,-7
-4,-4,-1,-23,15,-11,14,1,-8,-15,14,-11
-4,-21,2,-24,-1,-9,3,-12,2,-23,15,-15
-15,-17,-6,-6,6,-10,-17,-7,-3,0,-2,-17
-12,-5,9,-21,-8,4,-17,-13,7,-1,1,-6
-13,5,13,-15,-7,-18,-3,-15,-3,1,-5,-20
8,-19,-15,-7,-14,-11,9,5,-13,-18,-5,4
4,-12,-1,5,3,-15,9,1,-5,6,13,-5
10,-13,-2,-10,-11,4,10,3,-5,5,-1,-10
4,-16,9,6,-14,-14,10,5,2,-10,-18,-4
5,-11,-6,-9,-6,-1,-15,8,-9,9,-2,-14
-17,0,14,10,-10,-1,10,-2,-9,9,6,-9
-8,-7,-1,-2,10,0,10,-9,-4,-8,14,-8
-15,-4,1,-13,9,13,-19,-2,-2,-3,-10,-7
4,8,9,3,10,13,0,0,14,11,17,4
17,10,8,5,5,-7,0,12,5,-6,-15,0
-3,12,14,0,11,-1,-1,-9,-12,-2,17,12
9,6,-7,1,14,14,-1,-6,14,9,14,4
-8,18,-7,12,-18,13,-17,-1,-7,5,-5,15
14,9,-11,5,-18,10,-16,15,-1,10,-3,18
15,5,-2,0,-19,3,17,6,9,3,-16,3
14,9,-1,14,7,13,10,-1,-17,3,-8,7
-7,14,-7,21,3,5,12,3,-4,-2,-16,-3
2,-1,14,3,13,5,-13,1,15,12,-4,-1
-18,6,-11,3,5,18,-3,-2,-14,18,16,18
-2,0,6,21,7,18,12,18,-2,11,0,-1
-15,1,11,11,2,6,-12,19,-5,11,14,17
0,-8,12,-8,16,-26,14,-11,14,-16,15,-6
-17,-12,11,-17,15,-10,16,1,18,-16,-1,-4
-8,-14,-4,-7,-12,2,16,-2,13,-8,7,-13
8,-17,10,-6,11,-11,11,-4,4,-3,-8,-19
3,-14,16,-15,-16,-13,8,-4,10,-6,-6,-22
-16,-18,-17,-1,4,-14,10,2,-5,-18,7,-21
-5,5,-2,-15,3,-16,11,-9,10,4,14,-5
-17,-19,-8,5,11,-19,1,7,-8,2,-1,-15
12,-17,-9,6,6,1,11,-16,-4,-14,-1,-18
4,-12,-10,9,-11,-3,10,9,-6,8,12,2
7,-13,-5,-1,6,-11,10,6,12,9,-5,9
6,-8,1,5,12,-11,1,7,-5,-10,-6,3
12,11,-17,-4,-9,-9,-7,9,15,6,16,6
-8,5,13,6,3,-12,1,7,-10,-7,2,-10
5,9,17,13,15,2,1,9,-4,2,-7,8
12,6,-8,-6,10,-7,10,10,5,8,-5,0
10,11,10,3,-6,-2,15,-4,4,2,8,5
11,-3,-3,6,7,5,10,15,4,-7,17,10
12,7,-12,-6,-7,3,-4,10,-13,-1,-17,14
12,9,-3,17,-8,5,-12,5,-7,-1,2,7
16,6,1,10,-6,9,18,0,18,8,-5,18
9,13,2,1,12,0,10,-1,6,14,-12,6
-5,1,11,-3,-10,8,13,10,18,-4,15,-3
-5,1,15,4,11,20,16,12,-18,19,-8,15
-18,2,16,19,-4,17,18,12,3,19,-1,8
-16,16,9,13,18,22,-1,0,-15,25,-10,10
-14,17,-6,12,-13,25,10,13,-6,11,-10,21
-4,-25,4,-15,10,-7,-15,-7,-1,-23,8,-4
9,-18,-1,1,8,1,0,-10,3,-18,-11,-17
-15,-8,-12,-22,-6,-23,18,-2,2,-22,15,-23
12,-14,19,-17,11,-17,15,-16,-10,-23,5,1
3,-10,5,-5,10,1,15,4,-15,-10,14,-7
-16,-20,-17,2,-2,-13,2,-15,-10,-9,-13,-12
15,2,-14,2,13,-17,1,3,-5,3,2,-6
-5,-17,-14,-5,1,-11,10,5,13,4,-1,1
-15,-12,-12,-5,-10,-3,11,-11,-5,8,-1,-12
-17,-17,18,-12,0,-1,10,-12,3,-11,-5,9
2,-9,5,7,0,-7,10,5,13,-6,0,-8
-8,-15,-13,-5,5,11,-3,-13,12,8,1,2
-3,7,-1,3,-12,0,-11,8,-2,-7,-15,8
8,0,12,-4,1,13,-13,8,18,7,-3,0
-1,-2,-5,7,14,1,-7,3,19,3,-6,-9
19,6,-13,1,7,14,2,-2,1,0,8,-2
-16,6,-2,-7,10,8,18,0,-2,6,10,5
-3,1,16,3,12,12,-6,3,8,1,18,3
10,6,13,6,5,6,1,-3,-8,0,-12,3
16,6,-16,-1,1,-1,18,1,-17,12,-13,-5
16,11,19,-6,19,-1,1,7,12,-1,2,10
14,12,1,-2,10,6,9,19,2,8,5,14
14,4,2,6,-11,16,18,3,16,0,3,-4
18,9,-14,18,9,21,19,22,17,21,-10,6
9,17,-1,19,8,-1,-6,6,8,11,8,-1
-13,2,-5,21,-3,7,10,2,0,16,2,14
-14,18,18,7,15,24,8,23,-5,24,16,24
-11,-13,17,-6,10,-21,12,-14,-7,-24,0,-14
5,-20,-5,-23,-15,-19,-11,-8,19,-25,17,-17
9,-4,-15,-6,-9,-8,10,-17,14,-11,16,-8
9,-19,6,-17,-10,2,4,-7,13,-15,-12,-1
7,-18,6,-9,2,1,-11,-6,-12,-13,9,-4
20,-12,9,-11,-1,4,1,4,-14,-2,5,-12
5,-14,10,-15,-12,-4,10,3,12,3,-4,1
11,-16,-3,4,13,-17,0,6,10,6,3,-11
-14,-17,4,5,-16,-14,-1,-8,8,4,0,-10
8,-9,2,-17,11,9,-1,-8,8,-10,-5,6
-2,9,-3,5,-15,-15,-12,9,7,6,-12,-15
-16,-14,8,8,-13,0,10,-10,6,10,6,-15
-14,-2,-1,7,15,6,-6,-6,2,-7,20,-14
10,8,7,5,5,-11,16,7,-14,-8,14,5
-2,5,-5,1,15,2,9,8,1,6,8,-11
12,3,13,-5,4,14,-2,-2,11,3,6,5
-11,-6,-14,2,5,1,9,6,-5,11,19,6
18,12,20,1,-14,10,11,2,11,2,-4,3
18,6,17,0,3,14,9,-3,3,7,-1,12
18,12,11,3,-12,13,14,8,3,-2,18,1
16,10,-10,14,-2,18,-12,-1,-14,7,-14,18
15,11,-4,11,-9,0,8,2,-6,-4,-6,10
0,17,-10,19,-14,2,13,3,-3,-4,19,-4
1,9,17,11,14,14,-6,17,0,4,20,9
7,23,19,17,16,4,-2,18,-13,19,7,7
20,-1,-2,24,11,13,9,3,3,2,-2,20
-16,22,-12,1,5,16,10,6,-6,7,1,14
-12,-25,1,-23,12,-22,-13,-9,-7,-5,-11,-16
4,-16,12,1,4,-15,8,-24,-4,-6,12,-12
-7,-23,2,-9,13,1,-2,-1,-3,-9,19,-24
8,-14,-7,-20,8,1,11,-14,4,-23,12,-4
-11,-15,-3,-20,-3,-11,-3,4,18,-21,2,-3
17,3,5,-12,-11,-15,-3,-1,5,-17,-6,-5
13,-17,-1,3,-4,-6,12,2,8,-14,-5,4
4,-11,-11,6,-14,-11,-3,0,2,2,-2,4
6,-14,7,-13,11,7,12,-8,-7,-18,4,-14
12,-6,9,8,10,3,9,-12,7,4,-2,-13
-1,8,2,4,4,-9,-2,-6,6,-16,6,0
-1,7,4,-7,-12,6,-3,10,5,10,1,-8
19,-5,-11,-12,5,-9,11,-3,-9,-1,-8,9
-2,-2,8,-10,-5,-5,8,13,18,-7,16,5
-3,-4,-5,8,-13,10,-4,12,6,1,13,7
6,0,-6,0,-7,8,11,-10,0,3,-8,-3
-15,3,10,5,-14,14,11,7,1,-1,-7,-8
10,12,-3,-9,9,1,9,-5,20,7,-10,-4
20,5,14,8,17,13,12,1,2,-1,3,18
20,10,-1,6,-14,2,-4,10,7,17,-2,13
19,16,11,3,-6,17,8,17,-13,5,0,19
17,9,-7,-3,-4,20,8,16,-6,20,14,0
18,4,20,0,-3,21,9,19,-4,21,5,17
-2,3,-1,12,-4,0,18,9,3,-1,21,6
-12,6,12,15,-4,18,12,-1,5,0,15,10
-12,9,-10,20,-6,16,11,7,3,21,10,3
-5,26,-5,16,-9,24,8,24,7,9,-8,12
-8,-26,12,-9,20,-6,20,-10,2,-11,13,-19
8,-24,5,1,-11,-20,15,-24,-6,-6,-3,-6
17,-4,8,-2,-13,-8,9,-4,3,-21,-9,-18
8,-14,-9,-3,16,0,-3,-16,-5,-1,-7,-12
12,-20,-11,-16,-3,2,10,0,5,3,1,1
22,-7,11,-19,18,4,9,-10,-5,3,1,-17
12,-8,-9,-14,13,-19,9,-15,3,5,-7,-5
3,-15,0,5,-2,7,-3,-19,3,4,4,5
-12,-16,-9,-18,-14,-12,8,7,-3,5,-7,-11
17,4,-5,8,-6,-15,-2,-12,2,-1,0,8
-11,-12,11,9,-9,6,-3,2,8,-8,2,7
12,-7,7,-7,-9,5,-3,-1,8,-9,-1,11
5,-9,-9,4,-8,4,9,-10,-5,3,20,9
-5,-3,-1,1,-1,-10,8,6,3,3,22,8
-2,-8,-6,-2,-6,4,-4,13,5,-8,-14,11
1,3,22,14,20,10,2,-6,-7,-5,9,8
7,13,20,2,14,3,21,1,2,-9,-2,-8
-3,9,14,-1,0,13,-13,2,-3,5,7,-9
18,7,-11,5,-9,-2,3,11,12,8,-3,0
19,5,15,-4,6,6,10,4,0,14,-11,19
22,13,6,10,-5,19,9,-6,-1,12,11,6
-4,14,-7,11,-5,5,-4,13,11,9,5,6
20,6,0,-2,14,-1,8,12,-9,7,18,13
13,10,10,7,1,14,8,11,-1,13,21,11
6,19,0,1,3,13,10,13,6,24,15,10
14,3,-10,18,-5,14,8,6,4,20,3,16
-11,13,-14,16,4,0,-3,9,-4,26,15,2
15,-14,6,-17,7,-8,9,-21,7,-9,-5,-9
-1,1,3,-14,-3,-6,-3,-16,-2,-14,17,-8
7,-21,2,2,7,-8,-2,-19,8,-8,5,-21
9,-5,17,-3,6,3,10,-13,19,-23,-6,-13
-13,4,20,-7,0,-16,-6,-19,19,-6,-1,0
4,-12,3,-19,-4,1,8,-13,-3,-16,0,0
10,-14,-2,4,-1,-15,-5,-15,8,-3,0,-12
-9,-15,-3,3,17,3,-6,-8,-3,-15,4,7
2,7,-3,5,-8,-3,7,2,-10,7,-10,-5
-5,2,5,-12,-2,-1,8,-1,-4,9,-1,7
2,8,16,-5,13,1,-2,-12,-4,7,-9,-4
6,-9,-9,-4,6,-12,-6,-8,8,4,-11,10
8,5,3,-8,-5,-7,-5,11,8,-8,4,1
14,13,-6,-3,-10,-2,-13,-4,8,-8,-8,4
0,-3,-6,14,2,-5,-6,-3,11,0,22,1
17,1,22,12,-2,11,-7,-9,23,7,23,3
10,13,19,9,-5,-4,-5,12,11,8,21,3
6,2,16,9,-6,15,10,-1,8,6,20,16
20,7,11,16,3,2,-3,15,-9,4,3,9
22,14,-10,5,22,11,11,-1,-11,-6,8,-5
17,8,5,12,18,2,15,-3,7,5,-3,3
-1,8,-13,3,-1,-4,-8,18,-13,12,21,20
21,11,3,0,7,19,-6,8,5,0,10,14
10,23,20,10,2,21,14,9,10,7,14,13
17,19,10,19,12,4,16,13,14,13,22,9
23,7,-10,22,-7,20,-9,15,-2,15,-8,18
-4,23,-2,14,-3,20,8,10,-12,7,18,0
-8,-24,0,0,-9,-10,5,-4,-4,0,-9,-24
-7,0,20,-8,13,-21,15,-18,14,-12,-9,-19
1,-2,19,-14,-7,-14,15,-10,21,-2,5,-12
10,-15,-1,-7,6,2,-7,-15,13,0,1,-1
-1,-20,10,-18,-6,-3,-8,-2,8,-9,-2,-21
8,-12,14,-10,11,-12,11,-18,-4,3,5,3
6,-8,-1,3,5,-14,-8,3,-5,-13,3,-19
5,-11,-6,-13,-5,-17,-6,-4,-4,6,18,-17
5,0,5,6,18,-16,14,-15,8,5,-6,-5
-11,4,2,-3,17,1,8,7,-3,-2,-10,1
15,-6,-2,1,12,7,8,1,8,-13,14,-8
13,-13,0,-7,6,4,8,3,5,5,-4,4
2,12,-7,5,21,-4,10,-12,5,10,1,-9
8,12,22,11,23,3,-4,-12,22,13,-5,13
24,14,-7,-2,21,9,-12,11,21,12,18,9
7,-8,-8,-3,6,-10,1,-9,12,2,16,-10
12,-8,24,14,18,10,24,-10,-5,14,18,16
18,9,9,-6,14,-6,-2,13,-6,0,19,12
16,10,1,17,11,8,4,8,-10,-2,6,6
21,11,-11,14,-2,2,-12,13,6,3,-6,-2
2,6,24,9,1,1,0,6,13,14,17,13
2,2,12,0,-2,17,15,21,7,15,-4,-2
-1,0,12,9,9,8,-5,21,0,10,11,-3
-4,5,0,0,-4,5,9,22,15,10,18,6
-3,3,2,-2,11,8,-2,14,18,7,5,16
8,16,24,16,1,4,20,18,19,17,17,14
5,3,-9,11,11,15,-8,4,-8,5,-2,6
0,-11,-2,-9,-3,-3,-6,-12,-3,-4,-6,0
1,-25,-5,-16,-3,-10,10,-6,-9,-22,-7,-2
-7,-14,18,-12,0,-6,-6,-20,23,-23,-10,-15
15,-14,-1,-17,1,-11,-2,-4,9,-4,5,1
6,-1,23,4,25,-2,21,-4,24,-11,25,1
19,-15,10,-4,5,5,-5,5,20,-20,-8,1
16,0,25,-19,5,1,22,2,-2,0,11,-15
1,-16,-5,-2,14,-9,19,-7,-10,4,-9,4
19,6,20,-1,-7,-10,13,-4,-8,-9,-7,3
13,-11,18,5,3,6,10,0,-5,-13,1,8
24,-7,-9,8,-11,-6,4,-5,6,-3,4,-2
-10,-8,12,-15,25,10,25,-6,-2,-10,1,8
4,9,4,8,23,5,21,-2,8,4,-4,-13
-11,5,20,3,-2,-13,22,10,-8,-6,25,-12
15,1,10,-3,1,-10,5,10,-1,5,22,0
-4,14,-11,0,-8,-10,2,-4,11,-8,-4,-9
-9,-2,-4,7,11,0,9,-9,15,12,24,7
6,2,10,-7,-8,15,8,10,9,0,6,7
18,9,6,8,12,-2,12,8,15,9,0,16
24,8,14,-1,10,17,-4,17,-1,1,13,-4
5,20,2,10,9,1,4,1,19,-1,7,12
2,3,15,15,-4,5,-4,18,-10,17,20,4
2,3,-4,4,6,20,6,5,23,19,14,13
2,13,-2,16,-4,6,-10,7,-3,-1,14,22
2,17,6,-1,12,3,9,21,18,24,0,24
9,17,0,3,17,9,14,9,1,16,15,15
-1,1,23,17,1,16,19,1,16,20,20,17
-5,-14,-3,-12,-3,-4,10,-26,10,-25,0,-1
19,-15,11,-2,-3,-14,9,-18,8,0,0,-4
0,-7,0,-10,8,-4,9,-11,8,0,0,-1
-3,-11,15,-7,15,-20,0,-9,6,1,18,-9
15,-7,26,4,21,-16,-1,4,13,-20,-1,-14
-5,-16,14,-17,14,-6,-3,-3,-9,-5,-7,2
-4,-15,-1,1,7,-1,-4,-10,-1,-13,0,2
26,4,-1,3,18,3,-10,-2,23,0,0,-14
-3,-13,-2,-11,22,2,13,-3,-3,-17,-1,7
24,1,-10,-8,24,-11,-2,-7,-7,0,18,-8
-7,-7,-1,-9,9,-5,7,-6,8,-1,15,-6
-3,11,14,7,-2,-5,8,10,-4,-10,22,-15
-6,-9,18,-12,-7,-1,9,-4,-2,9,4,6
12,11,-6,13,9,-8,-1,0,8,3,16,4
26,3,-1,8,-4,-5,25,4,24,-12,18,5
6,2,3,-8,4,6,4,4,15,11,6,2
8,0,25,2,1,7,23,-3,5,10,14,-4
15,17,6,1,-2,-4,9,16,-6,9,-9,14
3,5,9,4,-5,5,4,16,4,12,-9,-8
3,5,7,12,26,0,9,8,-4,1,24,0
15,12,20,20,3,-6,4,4,-7,4,-4,-2
6,6,-9,0,11,9,-4,18,-2,2,18,10
11,17,5,-3,15,-4,9,0,6,2,21,12
26,10,0,16,13,9,-3,5,22,11,22,3
5,16,8,8,18,7,14,14,18,16,4,16
22,11,-6,16,16,21,1,19,3,1,12,21
8,7,18,0,15,11,3,13,4,7,-1,24
-3,-5,10,-2,5,-24,0,-4,-2,-8,1,-9
25,-19,-5,-19,-2,-18,0,-11,-2,-10,1,-11
-6,-2,0,-10,18,-3,10,-16,-2,-10,3,-16
-5,-12,16,-16,4,-9,9,-2,-3,-22,18,-14
7,1,26,0,22,-7,-5,-9,2,-22,14,-5
22,-12,0,-9,-5,-11,9,-7,-3,-7,-4,-5
27,5,-3,-2,2,-10,2,-17,0,-20,-3,1
13,-9,7,-12,-3,-2,10,-3,-1,-3,16,5
26,6,-5,-15,12,-18,-8,4,11,2,24,4
0,3,-3,2,10,2,16,-4,-7,-10,4,-2
15,2,16,-12,-9,-15,-4,3,2,-4,19,-16
7,-10,4,-15,5,-10,-1,11,2,-7,-5,0
3,-3,-2,-13,3,9,-5,-12,-1,6,-4,6
-8,6,16,4,2,8,-1,3,2,-6,-1,-3
23,7,-3,-2,27,10,2,9,27,-2,26,-2
18,-4,2,10,26,-1,8,15,15,-11,18,7
-9,1,1,3,-1,11,15,-1,19,3,20,3
6,-3,1,0,8,11,12,0,10,2,4,4
6,-4,-7,14,24,16,12,10,-4,13,27,-2
3,10,10,-4,0,0,-5,11,4,-3,11,4
1,3,-8,11,14,11,0,-1,16,12,24,-6
11,-3,-3,-5,12,3,6,7,18,5,2,6
5,9,2,1,13,-1,-7,22,-6,-2,2,5
16,7,12,18,1,10,17,12,5,6,6,18
4,12,16,18,24,5,23,14,14,11,6,10
9,21,6,6,20,23,1,18,-6,11,16,15
19,8,-4,17,21,13,14,12,10,6,0,17
-4,-6,-1,-7,-2,-10,9,-5,10,-18,1,0
-1,-14,-1,-7,9,-25,-2,-19,-1,-16,1,-2
-6,0,12,-20,-2,-13,-3,1,-2,0,1,-10
18,-23,7,-21,28,1,7,-18,11,-22,14,-6
16,-7,24,-10,26,-5,27,4,18,-15,10,-12
24,-12,-1,1,11,2,27,4,0,-11,1,-6
22,-12,-5,0,27,-1,0,4,19,-19,-4,-7
8,-12,-7,-17,6,-12,10,-11,6,-11,-3,-16
-6,-9,-5,-2,-6,2,-1,-16,-7,-4,-2,-11
8,-15,12,-5,-8,1,-6,-16,-2,0,27,9
-3,-10,-6,5,23,-6,17,-7,9,10,19,-4
28,5,9,-12,11,5,28,9,-3,9,25,0
25,-10,1,-6,15,0,3,-1,14,-4,-3,-5
17,-8,17,-12,-8,-6,-1,7,5,13,-3,-13
-2,-2,1,1,12,14,8,6,-1,5,6,7
8,-8,5,1,26,15,25,-7,12,10,24,-1
-1,-10,22,-1,15,-7,17,9,22,8,12,-9
2,-4,13,13,-2,-5,0,14,4,-5,-4,8
12,3,-2,-1,6,18,10,16,8,12,0,18
4,-2,26,-1,12,-4,1,3,-4,9,11,10
25,1,22,2,11,19,18,19,-5,-5,4,-3
1,14,-6,9,18,11,18,-3,19,7,22,-4
24,4,-1,1,10,18,10,15,25,13,20,7
13,17,18,1,17,5,10,14,2,9,0,9
11,8,18,20,-5,-2,8,21,-4,-1,-4,18
12,19,-3,8,10,4,26,11,-2,15,-7,15
11,22,10,4,-1,8,8,11,3,24,0,24
-5,-3,6,0,28,-3,12,-24,8,-2,-6,-11
-3,-13,-1,-1,22,-15,11,-9,7,-1,1,-2
-4,-10,25,1,23,-13,1,-9,-1,-9,0,0
4,1,27,-1,20,-15,13,-20,18,-8,6,-17
23,-2,29,-8,23,-22,29,-7,24,-9,2,-9
1,-17,20,-21,11,-11,8,-19,-2,4,17,-17
14,2,22,-20,23,-5,11,-11,6,5,9,-15
29,-3,12,0,18,-14,11,-19,-2,0,-1,3
17,6,8,-2,10,-4,15,-17,18,1,17,-7
-3,-9,12,0,6,-8,13,-12,6,-5,20,-14
15,7,11,-3,12,5,2,8,6,1,-1,8
16,9,22,-10,2,-3,-1,-10,-2,-12,-1,-3
20,9,-1,-11,28,10,3,-3,18,7,8,1
22,0,28,-4,21,6,8,1,29,6,27,-7
4,11,14,4,26,-11,15,9,11,-6,-5,-12
26,15,16,12,3,12,-2,-10,15,-6,1,14
9,6,-5,13,3,11,1,-3,-4,1,0,3
2,3,15,-6,11,2,16,9,28,16,-2,-1
15,-6,22,2,5,10,-2,-2,1,1,4,-4
4,-2,23,-6,5,-3,5,1,6,2,-7,14
27,14,15,3,16,12,27,-6,1,2,7,5
5,2,-4,-3,29,21,-4,-3,3,5,16,11
29,18,18,22,21,-3,3,-4,29,-3,19,-1
12,18,23,13,12,15,-4,5,5,16,-6,1
11,21,6,7,3,13,11,2,6,22,4,23
17,18,1,24,-2,1,1,2,-6,12,1,17
18,11,15,8,-5,25,10,24,6,22,-6,19
-3,-3,-3,-7,27,-18,11,-20,-1,-17,2,-11
-3,-10,2,-11,9,-20,11,-20,4,-3,-4,-6
-3,2,6,0,16,-4,1,-18,4,-1,27,-15
0,-22,0,-18,-4,-12,3,0,4,-4,12,-23
19,-13,10,-10,25,-3,9,1,-6,-12,17,-10
13,4,1,-18,21,-4,3,-15,-3,1,-2,-16
16,1,11,-16,6,-11,20,-10,10,5,-6,-7
18,6,7,-11,25,-12,22,-5,-1,-6,20,3
6,-8,2,-7,20,-12,-4,-6,-5,-1,30,-8
16,3,8,-5,3,-15,1,-2,14,-5,14,0
15,9,22,2,8,-1,22,-8,-2,-3,12,-9
14,8,4,-13,21,-15,-5,-2,27,-6,13,-6
9,-3,28,-5,26,-1,-6,-4,16,5,25,-6
23,10,29,-2,10,0,-1,-10,21,5,20,-4
15,4,23,7,-2,6,11,-12,-3,6,14,-7
4,-8,-6,2,3,10,-2,1,4,4,2,3
-4,15,-6,-9,2,4,10,14,-1,-9,17,14
18,13,29,1,22,8,11,11,22,2,8,-7
16,3,15,17,7,17,16,-8,-6,-7,2,-1
27,12,6,0,17,0,10,13,-2,10,20,14
10,0,1,19,0,4,2,15,22,4,25,7
0,3,12,9,15,5,-5,3,22,-2,23,11
22,15,-2,12,7,-2,-1,11,25,-4,18,9
19,21,25,3,13,-2,9,15,1,22,28,8
17,11,9,3,-1,24,10,17,9,6,14,16
2,9,6,22,0,8,3,16,4,13,1,17
30,12,-3,4,1,23,8,23,3,14,0,15
-1,-5,7,-20,17,-20,4,-11,5,-15,0,-3
-4,-14,0,0,15,-17,9,-6,-4,-24,2,-11
-2,1,5,2,15,-24,2,-10,-4,-6,1,-10
2,-1,12,-14,1,0,-4,-5,4,-13,14,-2
19,-10,-5,-18,27,-18,-4,-7,-3,2,13,-7
23,-1,12,-7,30,-14,3,-3,4,0,24,-15
21,3,-3,-20,23,-6,23,-20,2,3,9,-8
21,5,17,-17,30,-19,22,-15,-1,-16,10,-3
30,4,17,-4,28,-18,29,-1,8,-4,25,-5
22,2,-4,-13,21,3,18,-11,2,-13,12,-6
12,-14,-5,5,-2,7,9,-5,7,2,0,2
14,4,6,-12,13,-1,5,-13,11,-1,3,-14
16,-7,25,3,14,3,3,-12,14,-4,14,12
7,7,13,7,29,11,3,1,28,8,30,8
-3,6,17,6,-3,12,31,-7,-4,7,28,11
0,-4,14,10,10,-7,-2,5,3,-7,0,14
3,1,0,14,-1,4,9,-2,25,1,0,14
12,15,31,11,10,12,28,12,29,11,14,3
26,-1,24,6,5,-3,26,0,1,-1,5,8
26,11,-2,0,6,1,-5,8,24,3,-3,4
18,16,19,11,10,-4,2,-1,-2,13,16,6
15,19,5,10,10,17,2,5,-5,20,23,5
24,8,3,9,27,11,2,-4,31,2,10,15
16,7,29,10,18,-2,1,21,13,15,10,-3
-4,13,14,11,12,19,1,18,-3,0,-4,24
-2,6,0,25,30,14,1,18,30,22,-1,23
-5,17,18,24,5,26,1,14,2,10,-1,19
-2,-5,26,-14,28,-4,6,-23,31,-7,10,0
3,-1,6,0,13,-8,2,-7,2,-4,1,-10
4,1,1,-1,11,-15,9,-4,3,-13,1,-11
1,-23,5,3,16,-19,9,-18,-3,3,10,-1
11,-22,0,0,2,-8,13,-14,4,-4,-4,-7
25,5,4,-4,0,-2,16,-7,26,3,19,-10
23,-5,22,-10,18,-12,-4,6,24,-12,29,-1
23,3,16,-5,17,-10,1,-6,23,4,31,-4
-4,-9,32,1,8,-5,18,-9,-3,2,10,-3
-4,-2,22,-14,7,-15,11,3,1,0,5,-12
24,-3,8,-11,7,-4,18,-10,24,-2,10,-9
-3,5,16,-14,31,6,13,2,2,-3,32,4
8,9,14,3,12,11,5,-13,9,1,12,-10
11,0,-3,-13,9,10,18,9,-2,7,-3,12
-3,14,10,-8,-1,10,11,-8,-1,-12,0,4
3,-8,4,12,5,0,9,-7,-4,12,6,15
5,16,23,12,0,16,32,-6,2,9,1,-9
23,-4,32,13,20,4,12,6,2,1,12,13
24,-1,28,2,0,-7,25,10,-2,-4,0,6
12,2,-3,16,4,2,6,14,7,2,11,-2
30,1,2,2,25,-5,-3,1,9,1,8,9
15,19,10,2,2,7,6,21,-3,20,-4,7
5,2,30,10,15,2,27,1,7,-3,11,5
12,5,13,7,-2,-3,9,3,7,0,11,7
13,21,0,18,6,22,8,22,-4,24,22,8
16,18,5,14,0,24,-4,0,-1,5,-4,4
-4,19,2,16,31,1,-3,1,1,26,2,18
-1,0,4,-11,11,-22,15,0,15,0,-3,-16
19,-25,5,-1,14,-22,3,-8,2,-11,15,-23
0,-7,3,-11,7,-22,0,-7,0,-16,0,-5
0,-7,2,-9,15,-16,-2,-20,0,-9,1,-5
16,-8,14,3,10,-10,9,1,2,-10,6,0
26,4,8,5,25,-1,-2,-19,0,-1,17,-19
21,-17,31,-2,8,-15,3,-4,27,-20,27,-5
29,-9,32,-3,3,-17,2,-1,2,3,10,-10
33,-8,14,-11,5,-15,-2,2,26,0,4,-2
13,1,2,-14,28,4,8,-11,29,-8,23,-15
5,4,20,-12,23,-14,6,4,-2,8,7,-14
12,11,15,-14,11,-4,-3,1,31,10,29,-2
4,-13,1,9,1,-14,9,4,1,-14,-3,-13
10,2,-1,-11,-3,2,12,-13,27,7,5,9
23,4,5,3,1,3,9,-5,1,2,0,12
7,11,15,10,18,4,-2,1,26,14,0,-7
3,-8,5,8,2,11,3,1,2,6,0,-7
24,7,8,1,23,-8,8,6,6,0,17,1
7,0,30,15,22,11,11,17,-2,0,15,8
15,4,-1,9,22,-5,-3,1,8,-2,-1,8
11,10,2,-2,20,16,11,-2,0,7,30,15
7,15,1,13,30,7,10,19,21,-1,32,13
29,9,30,-4,28,20,18,-3,8,22,-1,5
12,7,21,-2,0,23,0,12,11,10,19,7
14,23,17,13,33,0,9,-2,18,9,8,4
-2,17,33,1,2,3,8,15,1,24,2,13
14,22,28,7,10,24,-2,14,2,0,-2,6
31,-26,1,-23,23,-1,3,-6,3,-24,0,-23
10,-10,21,-3,21,-2,0,-20,-2,-5,7,-6
2,-11,6,-15,5,-4,3,-19,3,-9,1,-10
7,1,0,-3,1,-9,8,1,26,-3,0,-21
17,-22,-2,0,31,-20,8,-5,2,-3,19,-3
9,-1,2,-14,23,-14,15,-3,26,-17,21,-11
17,3,3,-19,15,-13,14,-8,12,-14,19,-2
-2,-3,10,-18,16,-1,3,-9,-2,-10,-1,-8
-1,-13,12,-2,11,0,8,-14,22,-3,22,0
24,-13,33,-16,29,0,33,0,34,7,-1,-5
29,-10,19,-1,15,9,-1,-11,14,-12,16,-12
18,-5,13,3,26,0,34,-14,12,-5,10,-5
-1,9,2,10,3,-3,7,11,16,5,1,-14
30,-12,5,11,24,-1,0,10,2,13,-1,-11
18,2,-2,-6,34,-12,1,-12,33,-7,-1,12
32,-11,1,-11,5,8,2,3,1,13,-1,-8
6,-8,0,-7,6,8,1,-7,2,14,-2,4
17,-8,11,10,29,14,29,4,0,16,20,-6
9,13,13,5,4,14,3,-6,20,5,22,-6
25,10,16,0,24,2,2,-6,1,16,14,9
20,19,13,8,32,-5,8,4,-1,-6,24,8
9,5,20,6,6,-4,21,-3,2,3,7,6
9,9,0,22,13,16,2,15,17,13,17,9
25,3,0,2,12,17,2,-3,13,-2,13,14
-2,18,7,2,26,19,1,23,24,-2,8,9
5,9,9,24,2,22,1,23,26,25,15,4
15,26,14,20,5,0,1,26,4,18,-1,14
8,-1,30,-3,31,-23,2,-13,5,-3,1,-13
15,-24,32,-22,2,-6,-1,-12,5,-22,1,-5
21,-12,3,-10,26,-14,2,-20,26,-3,0,-4
18,-10,0,-9,-1,-2,2,0,4,-5,1,-9
32,-1,34,-16,31,-20,2,-1,32,4,10,-8
32,2,30,-12,15,-1,23,-1,8,-18,33,0
-1,-6,-1,5,1,3,5,-13,30,-5,19,-1
18,7,17,-10,10,-4,1,-19,0,-9,0,-1
13,5,0,-6,3,-7,3,4,14,-5,26,-17
33,9,-1,2,-1,-15,16,-10,28,2,-1,8
17,8,21,0,34,-8,-1,-9,22,-16,2,4
-1,-3,30,0,11,-5,30,-15,-1,-2,12,4
8,4,0,-1,1,-11,2,6,0,-10,-1,-8
17,1,14,-5,2,-1,12,9,7,1,-1,-11
8,-10,2,12,17,1,3,-2,0,-10,13,-4
31,0,0,14,3,-9,3,4,0,-2,-1,-7
14,9,9,-10,6,-4,33,11,22,5,5,10
22,6,10,11,14,9,24,8,8,-5,11,-2
30,18,26,0,24,7,-1,11,14,-5,5,1
29,0,21,13,14,8,11,10,0,5,11,-3
25,19,7,2,18,-6,13,-3,0,15,28,3
23,18,19,-3,26,4,29,9,31,1,12,11
31,2,29,0,0,-4,32,-4,28,3,35,21
4,6,11,12,3,21,4,-3,19,12,12,15
21,1,34,11,0,13,12,19,29,5,6,19
15,23,26,22,12,19,4,20,7,14,3,24
8,11,0,19,6,4,13,22,-1,0,-1,0
1,-4,32,0,34,-24,3,-8,0,-11,0,-23
2,-6,4,-10,4,-20,2,-4,0,-23,1,-24
33,-23,24,-16,5,-24,36,-21,0,-10,0,-13
20,-8,1,-8,29,3,5,1,4,0,4,-17
17,-7,1,-6,9,-6,12,-19,13,-16,4,4
17,-2,33,-2,5,-16,5,5,10,-8,23,-6
28,6,0,4,0,-7,0,4,0,1,1,-10
10,-6,20,-14,11,-13,1,-13,2,2,22,1
14,2,11,1,20,-7,3,1,10,-12,12,-4
16,-2,28,-14,0,-3,3,-5,12,-11,0,7
28,9,0,-1,28,2,14,-11,16,3,11,-1
28,-10,36,-2,0,11,19,-10,12,-6,4,-7
11,11,14,-9,6,1,6,-5,1,1,15,10
25,3,9,10,2,13,3,1,0,-7,36,-9
1,12,4,-12,19,1,0,-7,0,0,6,11
25,-10,3,-3,25,13,15,-10,2,15,0,9
2,-6,9,-9,22,7,30,-2,26,9,12,10
28,14,16,6,0,-6,27,8,1,-3,20,-5
7,-2,2,3,24,0,0,17,2,14,23,6
29,1,5,15,20,17,13,12,11,-3,0,1
27,18,21,13,5,-5,0,-4,2,10,16,9
24,8,32,4,11,-5,30,17,9,7,36,19
17,9,24,-2,0,16,0,0,25,12,17,21
24,11,7,-1,18,0,3,8,0,0,14,-3
19,18,25,19,17,6,13,6,0,5,4,5
36,10,9,8,11,22,0,5,0,7,25,1
21,14,8,22,0,12,2,2,0,4,0,19
