-8,-34,-7,-35,-14,-30,-12,-17,-18,-23,-10,-15
-1,-25,-12,-20,-24,-18,-14,-33,-5,-25,-19,-2
0,-34,-9,-32,-5,-17,-7,-13,-9,-14,-17,-7
-7,-30,-21,-14,-2,-33,-20,-19,-25,-27,-20,-25
-25,-19,-20,-15,-8,-11,-3,-26,-1,1,-21,-15
-26,2,-22,-31,-1,-20,-2,2,-26,-30,0,-20
-25,-29,-21,-14,-9,-19,-4,-6,-18,-28,-11,-20
-14,-28,-13,-5,-3,-5,-13,1,-20,-7,-10,-20
0,8,-1,0,-11,-20,-16,-18,-26,-26,-4,8
-11,-23,-18,-4,-13,-26,-10,8,-2,7,-8,-17
-11,-11,-16,-20,-25,0,-24,8,-10,5,-22,4
-13,11,-24,1,-8,-3,-15,-7,-10,-14,-18,-12
-22,-6,-7,-21,-9,-7,-20,-6,-2,-15,-16,1
-15,13,-12,-12,-13,-11,-3,12,-10,-16,0,-4
-2,2,-13,11,-12,13,-8,1,-11,-11,-18,-22
-25,10,-7,-14,-10,-14,-4,-2,0,-8,-8,-15
-25,10,-3,-17,-12,-6,-4,-4,-26,-20,0,12
-25,5,-24,-4,-3,17,-4,-6,-2,11,-13,11
-9,4,-23,15,-17,2,-4,11,-2,-5,-26,-14
-9,-8,-17,0,-23,-14,-4,5,0,-5,-19,-15
-8,-8,-25,3,-7,19,-4,-10,-3,6,-6,15
-16,-3,-15,-4,-10,-11,-4,-11,-2,-8,-23,-9
0,-13,-24,-6,-4,7,-4,-11,-1,-13,-17,15
-24,1,-15,5,-13,9,-21,19,-1,17,-17,1
-17,14,-21,-2,-13,-6,-7,5,0,8,-2,13
-1,21,-22,-4,-19,9,-4,6,0,6,-26,-6
-1,25,-21,-4,-20,-6,-6,23,-3,-1,0,-2
-23,-2,-11,19,-5,-1,-17,-8,-23,14,0,9
-4,27,-23,19,-10,1,-26,1,0,8,-11,-2
-1,14,0,15,-3,-2,-6,1,-1,21,0,7
-1,10,-18,9,-19,-6,-1,18,0,24,-23,28
-8,-1,-4,-3,-13,29,-8,20,-22,-5,0,-1
-2,12,-18,5,-14,25,-7,26,-3,25,-11,21
-12,32,-20,29,-22,23,-7,25,-3,17,-2,30
-2,28,-20,20,-19,19,-9,18,-1,30,-2,22
-6,33,-18,21,-1,-1,-5,22,-3,25,-23,17
-22,9,-21,5,-5,13,-5,22,-13,24,-21,11
-19,-24,-10,-18,-12,-16,-21,-28,-6,-35,1,-20
-16,-24,-1,-25,-10,-20,-1,-33,-11,1,-11,-23
1,-4,-2,-23,-22,-15,-2,-1,1,-29,-18,0
0,-15,-12,-5,-21,0,-24,-19,-9,-15,-19,-22
-24,-12,-12,4,-6,-9,-17,-24,-13,-14,-18,-9
-13,-24,-12,-18,0,-23,-3,2,-2,-23,-5,-22
-25,-30,-1,5,-5,6,-8,-14,1,-15,-13,-18
-10,-8,-14,-29,-15,-3,-12,-14,-7,-1,1,-8
1,5,-4,4,-4,-5,-23,-13,-13,-2,-14,-14
-22,7,-16,8,-5,-10,-10,1,-20,-19,-13,-7
-20,-19,-20,-26,0,-13,-11,-9,1,7,-21,3
-13,-23,-3,-4,-19,-20,-4,-5,-22,-4,-10,9
-6,-17,-15,0,-2,-5,-1,11,0,-7,-19,0
0,3,-18,-6,-4,13,-3,-3,0,-21,-23,-14
-5,-18,-20,-1,-6,-4,-3,8,0,-16,-1,4
-12,-14,-7,11,0,1,-3,5,-25,-14,1,-11
-25,8,-23,9,-13,-11,-12,-1,-1,-15,-9,7
-9,3,-3,-9,-9,-14,-3,-7,-2,5,-19,-4
-8,-12,-11,-8,-19,-10,-9,-13,1,-18,0,-17
1,-8,-11,-10,-14,13,-4,17,-24,-7,-18,5
-1,5,-25,-6,-13,-3,-3,7,-1,8,-12,11
-8,8,-11,9,-10,12,-7,12,-3,12,-2,-14
-24,-8,-16,-3,-7,13,-11,-14,-1,-6,-9,14
-23,-1,-18,19,-7,0,-7,9,-3,4,-1,8
-23,-7,-23,15,-6,3,-12,16,-13,2,1,15
-10,23,-21,-2,-15,21,-5,14,-16,1,-5,-4
-18,16,-11,-1,-6,-9,-3,15,-10,2,-17,19
-2,-1,-15,8,-19,5,-4,-4,-2,8,-19,12
-22,19,-11,17,-4,26,-8,13,-2,20,-10,0
-15,-3,1,11,0,-6,-3,4,-1,-6,-17,21
0,13,-15,14,-22,26,-2,-2,-19,26,-2,20
-18,7,-22,5,-24,-4,1,-2,-2,20,-15,27
-10,14,-14,11,-8,18,-19,19,-23,20,-23,-2
-12,20,-19,2,-22,27,-4,-1,-10,11,-2,22
-7,33,-14,8,-6,15,-4,28,-4,12,-6,10
-1,32,-18,32,-3,14,-3,20,-3,11,-5,14
-14,0,-25,20,-10,7,-6,33,-3,18,-4,32
-8,-36,-12,-17,-15,-31,-15,0,-1,-9,-17,-23
-23,-35,-4,0,-11,-28,-23,-23,-11,1,-17,-25
-7,-34,-14,-1,0,-7,-21,-18,1,-30,-12,2
-24,-32,-18,-31,-7,-10,-19,-14,-3,-33,0,-6
-24,-1,-10,-11,-2,-3,0,4,0,-15,-11,4
-10,-24,-24,5,-5,-26,-11,-4,-2,-26,-23,-12
-7,-25,-9,4,-2,5,-11,-4,2,-11,-19,-30
-7,-25,-18,-8,0,4,-14,-23,-22,0,-14,-21
1,-16,-13,-12,-7,-8,-11,-15,-1,5,-8,-23
-14,2,-17,-5,-20,-11,-6,-1,-8,-3,-14,6
-8,-10,-5,-18,-17,1,2,9,-10,-6,-9,-9
-19,-9,0,0,-6,-21,-17,9,0,6,1,-3
1,-11,-18,12,-7,-12,-9,-18,-1,-9,-19,-5
-5,-19,-24,-10,0,-10,-2,-23,-1,-20,-21,-19
-10,-19,-6,0,-1,-8,1,4,-19,-5,-6,-10
-22,-19,-22,2,2,-12,2,5,-12,-1,-5,2
-21,1,-6,-8,-7,-18,2,8,-22,13,-4,15
-23,0,-13,-10,1,-9,-21,0,0,-9,2,3
-23,-3,-14,-10,-12,9,-10,-16,-5,3,-1,5
-23,19,-23,-16,-18,8,-20,19,-2,-14,-15,-6
-6,-10,-1,15,-3,2,-22,-5,-1,-14,-3,-11
2,-2,-15,4,-5,10,-8,13,-7,15,-3,0
2,-6,-19,1,-4,-1,-12,19,1,17,-8,-6
-8,18,-12,-7,-15,21,-5,19,-1,-12,-5,-7
-22,-3,2,12,-5,8,-19,24,-3,13,2,-5
-17,13,-21,5,-9,2,-19,-8,-2,10,-5,13
-4,-1,-23,21,-7,25,-2,-5,0,2,-9,16
-3,1,-14,25,-11,21,-6,24,2,5,-13,-6
-13,26,-8,8,-6,18,-12,17,-2,1,-9,4
2,-3,1,23,-2,15,-7,20,-1,24,2,-2
2,13,-22,16,-5,10,-6,23,-2,-6,-19,20
2,6,-3,3,0,18,-2,4,0,1,-10,24
-23,-2,-19,14,-9,31,-13,27,-1,6,-10,-3
-7,9,-15,4,-10,4,-14,18,-2,11,-1,13
-5,19,-13,31,-1,18,-6,22,-3,30,0,14
-4,9,-12,13,-9,19,-6,17,-2,12,-1,3
-12,32,-1,22,-8,35,-7,31,-6,18,0,3
-10,-18,-10,-21,-18,-27,-7,-15,-9,-34,-10,-7
-10,-24,3,-22,-3,-24,2,-7,-6,-34,-20,-15
-11,2,-4,-29,2,-3,-8,-17,-6,-10,0,-17
-6,-13,-11,-15,3,2,-8,-30,-8,-17,-7,-27
-22,-3,-20,-2,-13,-24,1,-31,-6,-15,-3,4
-23,-22,-7,-22,-14,-1,-1,-23,-1,-3,0,-19
-22,-25,-1,4,-9,-12,-19,-7,-20,5,-12,-18
2,-14,0,3,1,-8,-5,-16,-21,-3,-20,-22
-4,-22,-23,-27,-1,6,-17,-22,-1,3,-12,-18
-8,-1,-6,-24,-7,5,2,2,-10,-19,-6,-17
-14,7,-21,-23,-23,4,-22,-16,-18,-4,-8,-17
1,0,-13,-4,1,-3,-1,-23,0,-7,-6,-13
-3,-22,-19,-4,0,-3,-1,-17,-1,-20,-23,-24
3,3,-1,-11,1,-16,-4,13,-1,3,-15,9
1,-11,-7,-1,-20,1,-20,-4,-10,-9,-4,-22
-18,-12,-17,-8,-20,-1,-19,-6,-21,11,-12,-6
-8,-9,-23,-17,0,-10,-16,1,-16,16,-6,0
-22,2,1,8,-5,-17,-9,-8,-4,5,-10,-17
-22,0,-21,2,-4,9,-6,6,0,3,-23,-7
-7,-8,-12,-15,-14,2,-13,6,-3,17,-18,19
-13,20,-13,-7,-9,7,-22,1,-15,-11,-4,-7
-19,12,-16,-1,3,-4,3,19,-3,-11,-15,6
-5,-11,-5,22,3,17,2,6,-9,-9,-21,15
-15,0,3,23,-14,1,-9,1,-2,7,-6,-9
-3,-12,0,18,1,18,-14,23,-9,11,-13,18
-13,7,-5,10,-14,12,-2,6,-15,-10,2,19
-20,2,3,-1,-4,2,-20,-8,0,9,-8,-9
-17,-1,-4,25,-8,19,-15,8,3,-8,-11,26
2,21,-19,28,-15,14,-2,25,1,-4,-21,28
-7,13,-1,8,-10,10,2,9,2,16,-1,21
3,11,-6,11,-6,-5,-10,26,1,27,1,12
-22,4,3,6,-19,5,0,-3,3,26,-9,16
-12,2,-21,9,-11,15,-2,22,-21,23,-8,0
-8,28,2,10,-11,27,-2,29,0,9,-23,3
-9,23,-5,8,-1,21,-2,26,-3,31,-6,17
-13,27,-1,29,-1,15,-20,6,-3,14,-19,18
-13,33,-1,6,-6,33,2,36,-3,26,-10,24
-10,-13,-5,-35,-3,-29,-8,-4,-19,-5,-14,-1
-15,1,-13,-13,-18,-12,2,-32,-12,-2,-17,0
-8,2,-20,-4,-12,-16,-3,-19,0,-1,-3,-13
-15,-23,-3,-8,-20,-13,2,-9,-16,-19,-15,-7
-22,-28,-9,-29,-13,3,-12,-15,-12,-20,-12,-29
-22,-5,-8,-13,-18,3,-12,-24,0,-24,-8,-20
4,-28,-6,-23,-14,-15,3,-20,-21,-15,-14,3
-12,-18,-9,-3,-4,-29,-12,-29,-18,-1,-20,-29
-4,-8,-8,-24,1,-24,1,8,-8,-24,-10,-5
-7,-14,-8,4,-18,-8,-7,6,-16,-6,3,-16
4,9,-12,-16,-5,-5,-21,-6,-11,-9,-17,-4
-4,-4,-5,-16,-1,-6,2,-4,-6,5,-10,-24
-17,-7,-21,12,1,2,-18,-4,-2,-17,1,-15
2,-4,-2,0,-19,6,-6,10,-5,-11,0,-23
-9,-1,-10,3,-19,6,3,8,-7,-5,-11,12
-14,-10,3,15,-9,2,2,2,-6,15,-11,-5
-18,-5,4,0,-16,-14,-11,-9,-13,-2,-2,-10
-21,8,-7,7,-20,16,-5,-16,-7,5,3,2
-21,14,-12,-3,-8,15,-13,14,-2,-10,-22,-15
-7,5,-5,4,-8,-7,-13,-2,0,-16,-4,4
-3,7,-8,-4,-19,6,-5,-7,-20,3,-6,-13
-6,19,4,-1,-8,-11,-21,-14,-10,-6,3,12
-9,0,-7,10,-16,-11,-8,-2,-10,-6,-8,21
-7,23,-22,-6,-18,11,-11,23,4,-5,-1,-4
-16,-2,-22,-1,2,23,1,15,0,-1,-18,-6
-20,10,-21,6,-16,22,-19,-3,-5,-9,2,6
-16,-1,3,19,-4,-1,0,8,-17,4,3,-4
-12,-1,-13,1,-18,27,-9,8,-2,27,-10,-3
-20,9,-14,28,-13,-2,-1,13,-8,3,-11,1
-21,7,-20,-3,-20,24,-3,6,-19,26,-4,-3
-7,3,-13,10,-7,15,-21,12,-8,0,0,25
-7,27,-2,14,-19,21,-21,11,-20,6,-3,26
-21,0,-4,14,-20,32,3,19,-1,24,-20,2
3,14,4,18,3,17,4,-2,-6,17,-15,14
-12,22,-15,7,-3,17,-14,29,0,28,-16,0
3,33,-4,19,-1,28,-14,14,-3,32,-4,8
-14,1,-20,16,-5,31,-8,7,-3,27,-9,28
-5,-26,5,-3,5,-16,-20,-27,-9,-21,-11,-30
-5,-30,-14,-24,2,-22,-20,-27,-7,-17,3,-34
-8,-26,-21,-6,5,-5,5,-28,-6,-12,-16,-20
-5,-29,2,-28,-8,-33,-20,-28,4,-25,5,-30
-21,-7,-10,4,-3,-3,-1,-25,-2,-2,-3,1
-21,-7,-14,5,-3,-17,-15,1,4,-10,-18,4
-5,-19,-7,-16,3,1,2,-9,4,-12,-7,-17
-3,-28,-14,1,-13,-1,-10,-20,-6,-28,-16,-20
4,-17,-12,6,-14,-6,3,-23,-11,-27,-2,-15
-6,6,-5,-2,3,-9,3,-19,4,-16,-9,-8
-19,1,-8,-22,-16,-13,-2,-1,-18,-15,4,-11
-1,-22,-19,-15,-16,11,-9,-15,-6,-7,0,11
-7,7,-1,-22,-15,4,-16,-11,-1,6,-12,-7
3,0,3,-3,-17,-18,-14,-23,-9,2,-8,-8
-8,-22,-3,-11,-5,-3,-4,1,1,3,-3,-11
4,3,-14,6,-18,-11,-20,-10,-8,11,-5,-14
-4,-1,-1,-7,-20,-7,-10,-13,-2,-11,-18,12
-21,2,2,-5,3,-3,0,8,-3,6,-3,-3
-21,-7,-7,-1,-17,10,-6,-6,-10,5,-11,11
-21,-12,-1,-16,-18,10,-15,19,-1,15,-20,15
-19,4,-8,18,-20,3,-8,20,5,10,-7,0
-7,4,4,6,-18,2,-3,5,-11,20,3,7
-5,5,-6,5,-16,7,-16,-5,-4,11,-4,21
4,-4,5,-10,0,1,-18,-1,-17,17,-7,-4
-4,24,-4,18,2,19,-13,-9,-17,23,-6,-1
-18,12,5,14,-12,2,-7,5,-2,8,-4,10
-11,-1,5,-2,-13,20,-2,4,-7,21,-17,3
-2,10,-2,13,-16,10,-5,6,-2,-7,-20,-7
-19,7,-18,4,-3,-3,-11,-7,-6,28,-20,-5
-2,4,-3,-3,-5,9,4,-5,-11,10,-7,-5
-1,-5,-6,10,-16,16,-8,3,-11,25,-1,5
5,24,-4,24,-12,7,-16,29,-15,4,-17,22
5,16,-9,32,4,30,0,15,-2,-4,-9,27
-9,1,-8,3,-13,18,-3,13,-19,0,3,6
5,30,4,1,-7,27,-6,11,-2,15,-18,24
4,32,5,22,-16,3,2,24,-3,23,0,32
-3,25,3,17,-13,13,-19,32,-15,11,2,36
-1,-24,-4,-24,-11,-14,-4,-22,-9,-4,-12,-32
-14,-22,-10,0,-12,-6,-16,-13,-1,-20,-13,-35
-9,-24,-8,-2,-14,-17,5,-19,-2,-30,-7,-2
4,-5,2,-6,3,-11,6,-20,-11,-24,-4,-20
-5,-25,2,4,-10,-22,-13,-3,-5,-30,-8,-11
-20,-19,-5,5,-15,-26,1,-17,2,-25,-15,-11
6,-27,-1,-17,-13,1,-4,-21,-16,-24,-7,-12
-11,-25,-2,-16,-2,-23,-8,-21,-10,-2,-13,-18
0,-23,4,-17,3,-12,4,-16,-9,-27,-6,-4
-2,9,-1,9,-4,-9,-3,-19,-1,-17,-10,8
-6,-13,-2,-26,-16,-11,-11,-14,4,0,3,9
5,-2,-14,-2,-10,-13,-16,-4,-3,-21,-5,-5
-5,-19,0,-14,-1,12,-17,-2,1,-11,3,9
-4,9,-7,8,6,5,-17,1,-4,0,-3,2
-11,9,-3,5,-14,2,-15,3,4,-11,-16,4
-4,-7,0,15,-7,12,4,-2,-10,-18,-14,14
-18,-16,-20,15,6,-6,-5,1,-14,-4,-7,-9
-19,-2,-10,0,4,-18,5,15,-4,13,2,15
-7,-13,1,8,-16,14,3,4,-5,-11,-10,1
-19,16,-2,-1,-5,9,-11,-7,4,11,6,16
-3,-8,-3,-6,-19,5,-7,-14,-14,10,5,2
-16,14,0,-6,-18,14,-6,-12,-10,-9,-11,17
-15,-1,-8,1,6,5,5,5,-7,19,-12,-13
-18,9,-6,-13,3,-2,6,-4,-8,18,-12,5
-6,10,-19,-12,-11,12,-6,22,-1,-9,-12,12
-8,14,-3,-4,-8,11,-4,-7,-8,23,-14,21
-12,-5,-7,-9,-16,-1,4,20,-14,5,-4,14
-10,21,1,6,-12,-9,1,-9,-7,-5,5,11
5,-1,-12,18,-6,-5,4,-8,0,2,-18,22
-10,-4,-19,1,-4,24,-4,25,-9,22,-8,21
6,25,-5,25,-6,-4,-8,25,3,8,-6,30
-5,5,-6,24,-11,-2,6,13,5,0,6,25
-8,31,0,-1,-5,25,-18,14,-18,27,-13,-3
-8,21,-4,14,-15,13,-14,14,-14,9,-9,3
-6,15,-15,33,-20,15,0,30,2,17,-9,28
-3,16,5,11,2,32,-2,16,-11,6,-10,-1
-10,23,-18,18,-6,28,1,25,1,29,3,10
-6,-26,4,0,3,-4,1,-5,-11,0,5,-1
0,-30,-8,0,-4,-23,7,-23,-17,-21,6,-27
-8,-8,4,-25,-2,-31,-12,-32,-17,1,4,0
-6,-9,-2,-8,-18,-11,0,-24,4,-22,-2,3
-3,-9,-9,-14,-2,-26,-3,-26,-15,4,5,-19
-19,-16,-12,-11,-1,-8,2,-18,-18,-29,-3,-15
7,-16,-8,-9,-5,-14,-2,-5,-16,-17,-8,-11
-1,-22,-14,-2,5,-14,-7,-29,-1,1,-5,-21
6,3,0,-28,0,-22,-15,-24,-5,6,-17,-14
-8,-24,-5,6,3,-1,-16,-6,-4,1,-7,-12
3,-16,-2,-21,-7,-23,-12,-6,-8,-23,-4,7
5,-7,2,-23,0,-14,-12,-10,5,-4,-4,-20
7,-1,-2,-11,-8,1,1,5,-9,-22,-9,-10
-14,3,-8,-19,-3,-2,-4,-15,6,-10,-17,-12
-14,9,-4,-18,-19,13,-12,-17,3,-7,-18,-21
-7,8,3,-3,-5,5,0,8,2,12,-7,5
1,-3,6,6,-17,-14,-17,1,1,-11,-10,16
-17,10,-5,-11,-10,-8,-4,-19,-6,-17,-6,14
6,2,-15,7,-17,8,-16,5,-3,-14,3,8
-18,-10,-13,-9,7,4,-6,-13,-7,4,3,-7
-16,-7,-5,7,7,-4,7,16,-8,-10,-3,14
-11,18,-2,16,-17,-4,-15,-8,-13,-2,-5,16
-12,17,-3,1,4,-11,-8,7,-6,2,5,6
4,-10,-12,-11,-7,-6,4,4,-7,19,5,23
-4,8,-8,14,-17,16,-8,15,-4,19,-17,15
-14,4,-15,24,-11,24,-15,-9,2,7,-8,9
-14,15,-7,7,-2,3,-2,16,7,14,-10,-5
-13,-9,-4,13,-7,25,-12,-5,-11,17,-4,-9
-11,16,-6,19,-11,3,-16,3,-15,6,7,21
-13,4,-11,4,3,-7,-17,26,-6,-1,5,3
-6,6,-16,25,-11,10,4,10,5,21,0,30
-9,30,3,20,-13,18,-5,13,-1,17,-11,-2
-6,21,-10,14,-8,18,-16,13,-6,19,-7,26
5,9,-6,6,-7,12,-7,0,-14,17,-16,12
-12,11,-3,8,-9,34,-8,10,-5,7,-6,3
-5,26,0,10,1,32,2,17,4,5,-11,16
-5,14,-12,34,1,16,-12,3,-15,23,-2,23
-14,-15,-6,-31,6,-33,-2,-13,2,-14,7,-23
1,-27,-4,-1,6,-23,-15,-1,0,-19,-1,-24
-6,-17,0,-9,-3,-20,-5,-26,-5,-6,-6,-24
-7,-29,8,-17,-12,-22,1,-21,-3,-8,8,-21
-18,-25,-7,-13,-13,-15,7,-28,-4,-20,5,-5
-18,-11,-4,-5,4,-23,-4,-25,2,-10,-7,-4
8,-12,-14,-14,-10,-16,-5,-8,-3,-24,-10,4
-12,-13,-10,-4,-18,-25,2,-19,2,2,-15,-7
7,-6,6,-12,0,-16,5,-25,-9,-18,-2,4
7,-13,-3,-14,-1,-23,-12,-24,6,-9,0,-27
5,-15,-5,-14,-5,-17,-1,3,-1,-7,-7,-19
-5,10,-3,-10,-16,-12,-14,-19,6,11,-10,-13
8,1,-17,10,7,12,4,11,-9,-5,6,-5
-16,-22,-9,-19,-16,11,1,4,2,-3,-14,-9
-11,-6,2,9,2,12,-12,8,3,-5,5,7
0,-7,4,-14,-4,11,-5,4,8,-12,-15,0
5,7,4,3,2,2,2,-5,0,-15,3,-6
3,15,-8,-16,-7,-3,5,-7,-8,-10,-4,3
0,5,-14,-12,-12,-9,-12,3,-4,12,-12,5
-6,-2,2,-17,-10,-12,-14,-6,-5,-5,-14,14
-10,-8,-14,6,-4,-3,8,-16,-16,-15,-1,-11
-13,-9,3,-11,-7,20,1,7,-13,1,7,13
-3,-14,-7,10,2,-7,-3,-9,-11,-4,-8,7
-12,19,7,6,-15,12,0,6,-16,-8,-6,14
-15,1,-6,0,-18,21,-7,22,0,24,-4,20
-3,14,7,-2,6,18,-4,2,2,16,5,-9
-16,21,-9,-8,-5,1,8,0,-2,-7,0,15
5,6,-9,0,-12,6,0,-8,2,-4,-8,18
-14,8,-9,13,-3,-2,3,27,2,-7,-8,12
-2,29,-17,21,6,18,-5,-2,7,22,-14,14
-12,9,-2,27,-9,-6,-16,24,-10,15,-8,7
3,31,-2,-3,-2,17,-12,2,-15,7,-1,19
-13,32,3,30,3,2,2,-2,2,14,-9,5
-7,10,-4,33,-13,-2,-5,3,2,25,0,0
-13,20,3,8,3,31,-6,22,-11,7,-16,2
-14,24,-18,1,-11,18,-7,12,-7,26,-14,32
-10,10,-6,23,5,6,-8,20,-8,36,-15,12
-8,-12,2,-12,-6,-8,-9,-13,2,-22,-3,-30
-6,-11,-6,-34,-13,-10,-11,-6,-9,-27,-8,-32
-14,-19,3,-29,-17,-19,8,-2,-2,-5,0,-28
5,3,7,-21,6,-25,-3,-25,-10,-20,9,-16
-7,-27,-6,-19,-11,2,6,-6,1,-25,-5,-27
-17,-13,1,-7,4,-16,-12,-21,4,-5,-9,-16
-16,-22,-11,4,-13,-23,-12,-22,4,-7,-11,-3
-4,-25,6,-28,-6,-5,4,-13,0,4,8,2
-4,-15,-1,6,-5,-7,7,-6,-2,-23,-6,-7
1,-18,6,-27,-6,-16,1,3,0,-19,-1,-27
-14,4,-5,-13,0,-7,3,2,-6,8,-1,-1
-11,-3,-7,-11,-12,4,3,-6,3,-25,0,-12
-5,-3,-8,12,-15,-19,-7,10,4,-5,-12,9
-15,11,-4,-3,-10,-21,-15,-19,-5,5,0,11
-4,7,7,8,0,4,-5,-9,-8,-16,4,0
-11,-16,3,-13,-14,-13,-16,14,-9,3,-11,7
-11,8,0,3,2,-20,9,-15,-14,-17,7,-8
8,-16,8,6,7,-17,-5,2,0,-9,-14,17
3,-7,-1,5,9,4,-10,8,-3,-3,-15,17
-4,-16,-11,18,-16,6,-14,11,-8,-12,2,5
0,-1,-16,13,-16,8,9,20,-9,7,-16,-12
-1,-2,3,-9,-16,-9,-2,16,-2,4,-12,19
7,-5,7,22,-10,-3,-2,-4,-7,4,0,8
-13,18,0,22,-15,3,-10,-3,-4,5,-2,14
6,23,-6,-5,-2,10,-16,19,-5,17,-5,-5
-5,23,-14,24,-13,0,-3,25,5,13,-12,13
-13,25,-7,-9,3,-6,-6,9,-3,14,-11,26
8,-9,1,-7,-1,-1,-10,26,-3,-1,-4,25
-15,11,-6,14,-5,-4,-5,3,2,4,-14,21
8,20,-17,26,2,6,1,5,-10,-6,8,5
-6,12,-7,17,0,2,-5,14,-4,28,-15,20
-15,18,-15,28,-3,17,4,-2,2,29,-1,14
-15,9,-1,7,-2,14,4,-3,7,31,-3,15
-15,7,-12,19,-11,4,7,17,5,29,-6,23
2,-2,8,12,-11,27,1,0,-9,29,3,31
-10,8,-11,14,-11,21,-6,28,-11,32,-13,33
-8,17,-1,31,-5,24,-6,16,1,9,6,28
-2,-28,2,-28,9,-17,-15,-9,-5,-21,-10,-3
10,-13,-5,-18,0,-12,-15,-31,-15,-5,-4,-24
4,-28,-16,-16,-3,-26,-15,-10,4,-9,-14,-22
10,-5,-15,-17,-12,-25,-10,-18,8,-18,7,-12
-1,-24,0,-8,-10,-6,0,-21,0,-32,-5,-27
-16,-12,-6,-1,6,-22,-16,2,-8,-16,-4,-15
10,-20,9,-13,6,-24,1,-16,-9,-12,-1,-14
-9,-18,6,2,-4,-13,3,-5,3,-13,-5,-7
-10,8,-4,-7,-2,-23,-14,3,0,-7,-6,8
-5,-18,-2,3,10,-25,0,-14,-13,-9,-3,-10
-11,-6,-6,-13,-5,-8,-4,-8,-15,-22,-7,-4
10,2,-9,-9,-5,-8,1,-6,-9,-3,-6,-7
2,-19,10,6,-9,-9,-14,-1,3,-1,-11,-19
-14,-17,-1,12,0,6,8,-6,-5,-9,1,-16
5,-17,-6,9,-10,-3,0,-20,1,5,7,-7
7,9,-8,9,-14,-14,1,7,-7,12,-11,-11
-12,-20,-16,-11,-11,-6,-5,0,-8,8,10,11
-13,-15,1,-7,10,15,6,15,-10,8,5,-7
-9,-18,-5,-13,-15,-16,0,13,9,9,6,-1
9,19,-15,6,-16,19,8,11,-7,-14,2,13
2,3,-13,-1,-15,13,3,-9,7,14,-16,17
1,-2,-15,0,-4,16,-1,21,-7,-11,-10,-9
-6,3,-4,-12,-10,-1,7,-14,3,-10,-2,-14
-7,19,1,3,-8,-12,3,-11,-10,22,-8,1
5,10,-3,13,-5,-11,7,3,-1,-2,-16,20
-11,23,3,21,-6,-9,-14,24,-1,-3,-6,20
3,24,6,-1,-12,10,-12,21,-6,-6,4,24
5,17,-16,23,7,-2,8,5,-10,11,-2,18
-8,-8,10,21,6,22,5,3,6,21,0,26
-4,24,-14,4,-14,8,3,28,-3,2,-14,25
-13,18,-10,20,4,26,7,13,5,2,0,30
-13,31,9,19,-12,26,3,18,-14,16,-5,28
8,4,-3,26,-6,31,-10,9,-7,18,5,31
-14,21,3,20,-14,6,-6,22,-6,19,-11,29
4,34,1,17,-8,25,-1,12,-5,2,-14,29
9,1,-12,3,-7,17,-9,7,-6,4,2,6
-12,6,5,0,-9,35,2,21,-10,36,7,19
-12,-17,-5,-34,-3,-4,6,-24,4,-11,-13,-23
-7,-23,2,-35,5,-6,2,-35,5,0,1,-25
8,2,-11,-21,-13,-12,0,-33,10,-10,2,-4
-2,1,-2,-33,11,-30,10,0,-10,-8,-4,-9
11,-27,-4,-29,-10,-6,6,-17,11,-26,-13,-7
-15,-14,-12,-5,1,-6,-4,-31,-5,-31,-8,-10
0,-6,2,-8,5,0,-2,-16,3,-28,-2,-29
-3,-18,-15,-6,2,-29,-10,-6,3,-12,-2,-8
4,-19,-13,-7,3,-21,-7,-14,0,2,0,-13
-8,8,1,8,-3,-16,5,9,-14,-9,0,-8
1,-14,-1,-13,-12,-2,-3,-3,0,-6,-6,-14
10,3,-3,-22,-6,-21,4,-24,-8,-2,11,-5
-3,-16,-12,12,6,8,-9,-19,-11,-21,-3,10
-13,13,-7,-11,-13,2,0,-5,9,-21,-1,-16
8,4,9,11,-11,-20,0,13,4,4,8,-8
-1,-6,7,-4,1,-19,4,10,-5,-2,-5,5
5,7,-8,-5,-4,-12,5,-4,3,-5,11,-18
-6,9,-7,-18,6,-17,-3,-15,2,13,-1,-16
-5,16,4,-9,10,-14,-5,12,0,-9,-12,-2
-3,-14,0,6,-9,-1,1,19,-2,14,0,-10
-5,15,9,-1,-1,15,-2,15,-1,3,11,-3
-2,1,7,4,7,3,-15,15,5,-1,-6,13
-9,17,-7,7,5,17,0,10,7,9,8,-3
5,3,-11,2,-3,23,-1,12,-6,3,11,-12
-7,8,-2,5,4,21,3,3,4,20,-11,3
8,20,-12,-7,7,-6,-5,17,7,5,11,-11
9,-9,2,-2,-4,-10,0,22,-12,17,-1,13
1,24,6,26,5,1,-6,-5,-1,23,5,-3
-1,18,-7,6,10,-2,-5,8,10,12,10,16
2,18,10,28,-14,20,-13,-2,-5,4,-6,12
-7,30,0,-4,0,11,10,5,6,-3,4,27
-13,23,9,24,-9,15,-10,19,2,2,-8,7
-4,13,11,23,3,27,4,30,8,3,2,-2
-9,20,-1,24,1,3,-10,25,8,1,2,29
10,28,3,4,5,25,-4,21,2,26,10,0
1,24,-10,11,-12,5,4,10,3,7,-11,16
1,17,-1,2,-5,5,9,34,-7,7,10,14
-5,-2,10,-13,-3,-23,-1,-24,-12,-2,1,-15
5,-25,1,-30,-14,-33,-9,-23,3,-6,3,-18
-8,-9,-3,-5,11,-16,-11,-2,-11,-10,-5,-10
-11,-15,4,-10,-11,-17,3,-18,1,-29,2,-15
-13,-20,5,-20,-1,-5,2,-24,2,-13,-4,-4
-14,-15,1,-30,6,-31,-9,-29,-7,-17,-2,-22
-14,6,9,5,-3,-26,-10,-11,0,-9,-2,-28
10,-12,-10,2,-6,-3,-11,-16,-12,-6,-1,-4
-1,3,-12,4,7,-8,4,-18,1,-15,8,-6
6,-15,-4,-5,11,-18,-5,-18,1,6,-4,-4
-5,-21,4,8,-10,-9,-4,-17,0,-13,5,8
7,-24,2,7,3,7,-4,2,-6,-9,-2,7
-10,-5,-9,12,-5,-3,-5,-7,5,7,-11,-23
3,11,2,-20,-12,-13,-3,7,-3,1,-5,11
-8,-4,5,-2,8,-9,-5,12,-6,3,12,12
6,-7,5,-4,-14,4,-9,-6,-7,-4,-6,5
4,7,3,-5,8,-18,-12,-14,-5,12,11,15
-9,-8,1,13,9,-2,2,-12,3,-1,-1,-16
-10,6,8,-18,0,-3,-12,8,-11,10,-5,-2
-1,10,-2,18,-2,-5,7,19,-10,-1,-1,-13
-11,-16,-8,9,-4,18,-5,17,8,-8,9,-11
8,9,12,-3,7,20,-5,11,5,14,-14,-7
-10,-9,10,18,8,-4,-14,12,2,13,-14,16
7,12,-3,17,7,9,7,11,-12,9,-13,-7
-4,9,2,2,7,13,-10,-7,12,17,3,4
7,18,11,20,-1,10,-12,14,-6,6,6,10
10,-10,2,12,1,23,-6,-6,0,25,10,4
-5,-1,-4,17,-1,-7,11,5,-5,25,-1,14
3,-6,11,15,-4,25,9,10,1,19,-6,14
-6,28,4,10,4,13,9,3,8,28,7,9
-5,19,-1,5,5,15,8,21,-1,15,-11,25
10,-2,-10,16,-8,7,-12,-3,3,17,-7,30
-8,16,7,27,12,26,-13,11,3,12,-6,21
3,32,0,25,-1,0,-7,8,12,33,3,28
-4,24,8,33,6,13,-5,0,6,1,-2,20
6,12,-10,9,-8,-1,6,29,5,27,-5,0
8,0,2,6,6,2,0,22,-6,35,-2,33
-9,-23,0,-15,3,-26,12,-28,-12,-17,-8,-32
0,-33,1,0,-10,-26,-6,-34,3,-10,-7,-9
-10,-14,13,-3,6,-6,4,-12,0,-7,-9,-26
-9,-11,6,-4,-7,-6,-10,0,7,-27,-7,-14
13,-16,-6,-19,12,1,-8,-27,-4,-15,-5,-30
-13,-9,-8,1,0,-6,-4,0,-7,0,0,-17
0,2,-1,-10,9,-18,10,-2,10,5,-9,5
-2,-28,-2,-2,-3,-14,9,-15,4,-14,-11,-11
-3,-26,-4,2,-11,-27,-7,-1,6,-8,8,-17
1,-17,2,-18,7,-1,-11,-17,2,-12,0,8
-2,-14,1,-6,0,-13,-7,-18,6,9,-2,-15
5,-13,-7,2,-12,-25,12,-12,6,-14,8,9
12,1,2,-24,-6,5,0,-8,-5,-14,-6,8
5,11,3,-23,-6,11,-13,1,-11,2,-5,-18
-7,-3,8,2,-1,6,-13,-3,3,-7,-4,-15
-9,-19,8,0,8,-16,9,-11,-7,2,-11,-2
3,7,2,-9,5,13,9,-5,4,-20,5,-15
12,-15,-2,-13,6,13,-12,-19,0,0,3,-18
-8,-4,-5,9,11,6,13,-10,3,-6,8,13
-6,16,2,13,2,-7,4,-5,2,4,-4,6
9,5,8,4,3,4,12,-7,-7,14,9,5
-8,-11,8,2,-13,9,1,-6,-5,-9,-12,-8
9,8,11,-12,-6,4,1,15,-6,-8,-12,7
-8,16,-1,-13,7,-1,1,-12,-7,-7,13,2
8,12,12,8,3,22,5,16,0,-12,-12,0
-9,-7,10,17,12,14,-4,-4,-1,24,1,4
-5,19,0,0,-8,13,9,21,-7,-3,2,-7
-6,-1,6,9,12,-4,4,4,0,1,12,10
11,28,-3,19,-8,24,4,27,-10,-1,2,10
-11,28,-3,-7,-13,16,5,-3,-8,29,-1,22
-11,1,-4,27,-8,6,-5,4,3,8,12,20
1,15,2,28,0,10,2,20,12,14,-2,30
-7,30,11,4,5,-3,-12,25,-11,3,8,19
-4,24,3,15,-12,14,-12,10,5,8,12,1
-9,28,-11,-1,-12,3,-4,9,5,8,-6,26
10,1,-6,5,8,11,13,16,-12,2,-7,4
-6,21,-10,6,5,35,3,10,3,8,11,29
12,-32,13,-9,-1,-13,2,-31,-9,-27,-8,-8
2,-33,3,-18,3,-35,3,-1,9,-13,3,-3
11,-24,0,-8,-10,-15,-3,-4,-7,-28,-9,-26
12,-23,-5,-8,-2,-22,-8,-21,-8,-13,-12,-6
14,-20,1,-13,-9,2,-1,-22,-6,-7,-12,-6
-12,-8,-12,-17,7,-28,0,-15,4,-29,-6,-19
2,-25,1,-7,-3,-13,13,-27,-10,6,13,6
6,-29,-9,-1,-12,-2,-7,-9,-7,6,4,-7
-1,7,4,0,2,2,-10,-11,2,-27,6,6
-9,-13,3,-17,8,-22,11,-19,1,3,-6,-10
-9,-15,-4,-26,-10,-2,-8,-25,-4,-15,1,-14
-9,0,9,5,11,-16,0,-13,0,-24,5,-25
0,-2,7,-22,-4,-6,12,3,-11,5,-1,-24
1,5,3,-3,11,-21,-2,12,8,-21,-3,12
-4,0,14,-16,6,-5,-1,6,6,11,0,2
-8,-20,10,12,-11,15,-2,8,-1,4,10,6
0,-4,3,7,5,4,-7,6,0,-10,13,-10
0,-5,5,17,7,3,-5,-12,-6,-17,-1,-18
-7,5,-8,-16,-1,8,1,0,13,-3,13,-13
11,-8,9,-1,-11,1,-11,11,5,-4,-9,-15
-4,11,-12,15,-11,-9,3,6,-1,14,-1,12
5,1,-12,-9,-11,-6,-8,-1,-11,9,10,3
-5,-13,-8,-2,-11,1,14,1,9,-13,6,1
11,-12,0,-4,2,6,-3,-8,4,4,8,-1
-7,-9,13,20,7,19,-1,14,5,14,-11,2
9,6,-3,3,-11,20,5,0,-10,4,1,-2
-3,-7,13,6,-5,-9,10,26,4,0,4,25
11,-3,10,2,-5,3,-1,13,-9,8,-3,24
0,1,-6,25,-3,-1,-4,19,6,21,11,14
-6,17,-10,24,-1,3,6,4,4,21,12,23
3,11,3,-3,-11,14,0,1,4,10,-5,30
11,29,-3,-2,6,25,8,22,5,16,-6,-5
11,1,8,14,13,26,8,5,2,-1,-9,1
-4,22,4,33,-12,26,2,23,-5,21,10,27
-4,32,3,4,-12,-1,-2,29,13,20,10,27
-1,28,11,23,-12,17,-3,27,14,17,9,0
8,31,-9,25,-3,2,-3,23,13,14,2,14
9,-28,-5,-17,-10,-11,-10,-10,1,-33,0,-28
13,-15,0,-23,10,-25,-10,-29,3,-8,2,-35
-8,-8,7,-5,15,-19,15,-30,15,-13,11,-15
9,-26,1,-2,15,-20,15,-9,13,-8,-7,-21
15,-11,-5,-16,-5,-22,15,-1,-4,-5,15,-9
-11,-17,15,-29,6,5,-2,-9,-8,-6,-9,-14
5,-6,6,4,-2,-14,2,-6,-4,2,7,-11
3,-11,7,-1,14,-2,-2,-2,-1,-15,5,-25
-5,-2,-3,6,3,-17,-9,1,14,-19,2,-21
8,9,10,9,2,2,-6,-9,0,-20,-8,-10
2,-7,-3,-22,14,-12,-8,4,11,10,11,9
-8,8,8,-4,14,-18,3,6,6,10,3,-5
13,-11,15,10,-11,-2,-3,-4,-2,-24,0,-11
-3,5,1,-19,6,-16,14,-22,-8,13,3,-19
0,-7,9,5,9,-1,-7,-9,7,5,-11,2
-2,-6,-10,-8,10,-10,3,-11,-2,15,-4,3
2,-5,2,12,4,-1,2,-13,10,10,5,-9
2,14,3,-3,0,14,13,-6,-6,-12,2,-13
2,-9,10,4,10,9,7,-11,-1,7,-4,-10
-8,-1,7,14,15,-17,1,17,15,18,9,-16
-4,9,-6,10,-11,-5,-8,20,7,18,-8,11
-9,-4,-8,17,0,5,-6,-15,10,-11,-10,-2
-1,11,-5,-5,5,16,1,14,5,20,11,-1
13,21,-5,7,-2,20,12,21,-6,5,-2,-11
7,3,7,-3,-4,13,13,14,-2,-11,14,22
-2,19,3,21,3,1,7,-2,3,-1,4,19
-7,1,5,19,-1,10,8,0,-4,1,-5,-1
12,4,13,22,15,24,-5,7,3,-9,-10,9
-6,4,1,14,2,24,14,14,-7,-6,0,9
13,22,12,27,15,10,15,0,1,5,15,28
-6,29,10,6,5,-5,-6,0,-5,11,10,4
10,7,13,17,-6,10,4,11,1,25,9,24
-3,19,7,3,-10,12,15,15,1,-2,4,19
-3,23,-7,30,-1,0,15,17,5,-2,12,4
5,13,6,9,15,23,-5,24,5,11,8,3
-2,17,-10,13,-9,11,10,9,-1,20,10,29
9,32,-8,20,-11,31,0,25,6,14,12,31
2,-36,16,-1,0,-9,6,-17,-8,-32,-1,-28
14,-9,4,-34,4,-18,-8,-35,2,-31,0,-31
11,-34,-5,-1,-7,-1,-9,-4,11,-32,0,-19
-7,-5,-8,-28,-9,-5,5,-18,-1,-10,12,-8
9,-31,4,-13,12,4,6,-20,1,-10,-8,-24
-10,-18,-9,-22,-5,-3,-10,-14,6,2,-8,-3
-9,-20,2,4,12,-2,-1,-9,0,-23,-5,-5
1,-18,12,-1,16,-28,-6,-5,4,-3,1,-6
-4,-14,-7,6,10,-27,8,4,14,1,8,8
-6,9,1,-4,11,-24,14,-11,16,-23,-1,-14
10,9,11,-23,-8,-12,11,-22,8,-14,5,5
15,-20,0,11,3,-1,15,2,2,-18,4,5
-1,-11,6,-19,13,4,6,-8,-6,-16,-9,-1
-1,-14,0,-19,3,-9,-4,1,3,3,3,-4
-1,-8,-4,-15,-10,-2,-1,-6,-5,-18,11,-5
12,-20,9,-7,2,-7,-10,-14,4,4,14,-14
13,-16,2,-12,8,-12,-6,15,11,1,-5,1
3,7,8,16,-7,-5,14,-1,8,-6,10,-6
-8,12,-6,-17,-9,-15,16,12,3,11,-7,10
14,15,2,7,16,-13,0,-5,8,-16,15,-10
-6,10,14,8,6,-5,-9,3,15,-16,12,-4
14,-10,7,17,5,-6,16,-13,2,21,3,-2
-6,14,-4,-8,2,-6,5,-12,11,1,10,14
6,17,8,6,2,7,-8,3,0,-3,3,-3
5,-11,16,5,9,2,-5,-5,11,-3,-9,13
8,5,2,18,-7,25,-9,-4,-8,5,14,23
2,0,6,-6,16,0,-9,13,8,-10,15,22
15,-3,-8,10,-3,0,-9,16,1,12,9,21
-4,19,7,20,-9,2,-9,14,-5,11,2,0
-6,25,2,3,6,17,-1,-4,7,-4,0,0
12,13,-9,20,3,12,0,-2,-6,26,9,14
7,9,-6,18,-5,22,0,21,2,22,-7,18
-5,1,10,21,8,32,6,13,-2,10,-7,26
11,16,0,22,5,1,16,20,1,6,12,13
14,0,-1,21,16,14,16,27,4,26,16,22
4,15,-1,11,-3,35,-8,23,8,19,-5,15
11,7,14,4,-3,10,13,1,-5,3,12,14
-7,-36,-1,-30,4,-1,0,-23,-5,-25,-8,-3
2,-13,-7,-29,-6,-20,5,-11,-2,-35,3,-31
-6,-28,-7,-10,-6,-16,8,-1,16,-31,10,-15
15,2,13,-13,-7,-25,5,0,2,0,0,-13
9,-10,-1,-27,-1,-28,9,-27,-5,1,-7,-17
6,-8,15,-30,6,-20,-3,-6,4,-9,7,2
-8,-19,3,-29,13,-10,1,-6,2,-2,0,-20
0,-19,-3,-28,14,3,8,1,0,-4,6,-7
9,-18,12,-14,2,-23,2,-20,-3,-27,-3,-12
17,7,10,3,0,9,7,-27,-8,-14,10,-16
6,-12,-2,0,15,0,-2,-13,5,-4,9,9
2,0,4,-3,-6,6,-5,4,2,11,4,-3
-4,-6,16,9,13,-20,-7,-12,-8,8,-3,5
-5,10,4,12,1,1,-2,-6,8,11,17,13
12,6,11,-7,-9,-15,0,-3,9,4,-5,0
10,8,13,5,8,8,-1,1,3,12,-5,4
15,-13,0,-15,14,15,16,-3,-2,-8,-1,16
-6,12,6,-7,17,-14,17,8,12,-7,4,-3
3,2,-9,-18,17,8,17,-2,5,15,0,-18
-2,15,11,3,12,13,-7,-4,-8,0,13,-2
2,3,-6,-3,-2,1,-3,-5,9,-2,13,-11
12,8,11,18,12,16,-3,-5,-4,-6,15,-7
11,5,13,8,11,0,-6,-10,-1,13,-9,-5
12,2,14,-9,1,12,2,4,13,-11,-9,5
-4,21,13,1,5,-12,9,2,11,17,14,12
-2,19,14,14,2,1,8,21,-4,1,12,15
-1,9,11,4,6,21,-9,5,-1,9,-8,7
4,11,2,16,-8,24,2,-5,10,-4,3,8
9,9,16,10,16,18,-7,28,17,-6,-1,15
-5,1,-6,-4,-5,6,-2,16,2,12,-8,1
1,13,12,3,6,28,8,0,1,17,13,-3
12,13,-6,9,10,-3,7,22,-8,15,13,3
-5,3,17,24,-6,3,-6,25,-4,19,12,17
10,21,-8,24,-9,3,1,12,11,21,12,16
2,29,11,27,12,26,10,14,8,34,-5,1
12,10,-2,2,2,14,1,18,4,6,14,19
1,32,10,4,8,27,-1,19,7,26,14,18
1,-7,-3,-33,3,-34,14,-35,13,-30,15,-4
-1,-12,3,-21,0,-15,0,-17,5,-30,9,-34
-3,-24,6,-12,6,-33,16,-23,11,-27,-7,-23
7,-3,15,-27,10,-8,9,-23,7,-1,13,-5
-3,-13,1,-19,17,-3,4,-17,3,3,4,-29
-8,-4,10,-17,-1,-24,4,-5,1,-17,17,-22
9,-29,3,4,7,2,1,-1,8,-8,-6,-6
-4,-12,-8,0,12,-9,16,0,15,-6,-2,-9
16,-13,13,-1,8,8,2,-26,-2,-20,15,2
4,-9,-7,-9,17,-11,2,-16,15,-14,4,-2
9,-8,9,-2,-3,-16,15,-6,7,-23,18,2
16,2,-1,-24,-4,-25,17,10,7,1,17,0
-5,-2,13,4,0,-7,2,-16,18,10,13,1
1,0,6,-18,11,11,4,-9,-6,-10,6,10
5,8,-7,3,5,4,-8,-18,1,-14,-8,6
10,8,13,-2,11,5,1,-1,-4,-12,18,4
-4,0,8,-19,12,-14,17,11,17,15,2,-8
6,2,-2,-7,13,-18,17,2,0,-15,2,-9
-5,-16,1,-12,15,11,0,11,0,12,16,13
14,-9,5,-10,8,-2,5,6,-4,-13,9,-3
-1,-9,16,-7,9,12,16,-1,-2,3,11,1
10,-2,12,7,5,4,12,-1,11,21,13,3
0,-10,-7,6,16,14,-2,-10,-1,19,15,-6
14,10,-5,10,8,20,0,3,0,-4,13,-7
3,9,-3,-5,1,20,0,22,18,15,13,-9
3,22,16,-5,2,8,0,2,6,-4,12,11
12,8,16,-10,-3,1,1,4,-3,3,2,14
-3,-1,-3,21,18,23,-3,12,-1,25,-7,7
6,-8,9,6,1,1,7,22,16,-5,16,-6
7,22,-8,14,2,-1,15,24,3,19,10,6
7,-3,15,13,2,-6,7,5,-8,-2,13,2
-1,-3,0,3,0,28,0,1,2,23,15,-2
3,26,18,1,1,27,1,2,2,22,12,16
14,15,-1,1,2,25,0,8,5,-2,14,21
0,15,4,9,16,4,1,22,4,21,14,21
7,18,16,4,2,20,-6,8,2,31,14,19
14,30,17,7,2,16,5,0,2,20,12,19
-3,-26,11,-33,2,-7,14,-30,16,0,1,-26
18,-27,8,-10,-3,-5,-3,-32,6,-24,4,-31
-5,-2,19,-2,-6,-26,19,-9,5,-17,-7,-11
8,2,11,-32,-6,-21,16,-20,1,-33,13,-15
-7,3,9,-19,-6,-18,8,-23,6,-12,-3,-14
-7,-21,14,-13,-5,-8,0,-19,3,3,9,-14
-7,-28,5,0,9,-27,5,6,18,-20,14,-30
10,-26,11,-2,13,-5,-7,-15,3,-5,0,-2
17,-14,4,0,16,-27,13,-25,-1,0,2,-10
6,-10,-6,-16,-6,8,5,-18,-5,-18,3,-22
-5,7,7,-23,15,1,2,-18,-4,0,6,-18
-5,0,-1,-1,16,-25,1,8,11,-22,13,-21
-5,-8,-1,-10,3,7,9,10,-5,6,-2,-9
18,-22,3,-11,9,-23,-4,-18,11,9,8,1
15,11,-3,-4,3,-9,-3,5,-5,-10,-4,3
13,8,15,-17,2,-13,0,9,1,8,-7,0
11,-9,5,-13,0,3,0,8,4,-10,7,-15
6,3,9,0,1,5,19,3,-4,-3,2,-15
-4,-17,-6,-15,-7,-15,11,16,4,-13,13,8
4,3,16,-1,12,12,0,-3,-3,5,-6,17
1,15,15,-2,16,11,0,-10,-3,-6,12,-15
16,3,-4,-13,-4,-15,17,16,-1,-5,13,-1
8,14,12,-4,7,7,0,13,5,8,-6,21
3,2,14,12,11,11,-3,4,-3,8,-3,-6
14,4,-5,-5,5,-12,-1,19,0,-4,14,-10
3,-5,16,12,5,22,18,-5,-1,-7,15,-4
5,23,14,-5,7,26,-1,-8,4,6,13,14
2,10,-1,2,5,-4,0,15,5,2,-4,5
2,14,-4,0,3,21,-2,6,1,-5,15,-2
12,13,12,26,15,10,1,21,3,6,13,16
12,11,-2,19,15,25,-1,28,4,25,-3,-1
-4,-2,13,6,3,2,-1,23,0,25,-3,4
1,26,15,-1,3,26,-1,16,2,27,15,0
9,26,-3,8,0,21,4,0,-2,29,15,-1
15,18,19,2,15,9,-2,-1,4,11,13,6
-1,2,-4,21,-2,29,-1,11,-4,18,-4,23
1,15,-6,7,3,22,18,7,4,0,13,5
-5,-33,-4,-36,-5,-25,-5,-33,3,-25,-1,-30
-5,-1,18,-7,-6,-9,-5,-33,1,-9,16,-2
8,-28,19,-34,20,-11,4,-29,1,-5,16,-33
-6,-30,1,-28,-4,-15,8,-10,7,-18,13,-19
11,-22,10,-6,15,-28,-3,-1,17,0,13,-25
10,-24,-2,-1,-3,-10,2,1,-2,-4,12,-5
10,-9,13,5,19,-9,1,-5,2,-18,8,4
-4,-3,14,-1,16,-4,0,-20,6,-13,-2,3
6,-16,16,4,-6,-9,17,1,4,1,20,-19
10,-26,18,-24,18,-18,14,-15,2,7,10,-7
-3,3,4,-15,16,-7,2,-19,0,-23,8,-9
3,11,11,-5,3,-24,2,1,16,-15,19,8
5,-1,11,-18,18,-20,2,1,17,10,1,-8
5,-15,10,-15,2,-4,4,-1,6,-18,9,12
13,11,7,-8,11,3,1,-6,14,1,-5,8
1,-18,-1,-4,-2,8,7,-20,14,-9,11,-3
20,-5,12,6,11,-11,14,-19,-5,2,15,9
20,5,9,-11,19,-4,-4,-18,13,-13,4,3
15,-15,15,15,17,15,4,0,3,-5,5,0
9,-15,15,-16,-2,10,13,1,-2,-2,12,-9
2,-9,-5,-10,-2,-13,17,16,1,0,-5,15
10,3,16,9,14,13,-3,-12,1,10,5,16
11,18,17,4,15,-7,12,21,4,2,18,-14
3,-6,-5,-1,2,10,2,-13,-6,2,10,16
1,6,-3,12,-3,-1,8,18,6,-12,-1,19
5,5,16,18,-6,-11,-3,16,-2,8,15,9
3,-9,13,17,5,24,18,-6,19,-3,-1,17
4,-9,3,15,0,-7,2,21,1,26,17,-3
1,21,-3,9,11,6,15,-1,3,22,0,6
-1,21,10,20,9,-4,-3,-6,-6,11,13,22
0,23,14,24,1,2,0,-6,2,26,13,-2
2,4,-5,25,18,15,19,-5,3,22,13,-3
15,17,-2,23,-5,26,14,17,4,26,9,10
16,8,13,13,-2,32,8,24,7,11,18,20
-1,-1,5,6,-2,20,13,3,1,18,12,27
12,30,17,32,-4,20,18,5,-5,27,15,6
13,28,17,13,11,18,1,22,-3,29,12,17
12,-15,-2,-15,20,-34,9,-32,21,-33,-1,-13
21,-29,-4,-2,12,-30,11,-9,15,-24,13,-21
8,-28,7,-6,5,-30,14,-30,-2,-26,10,-5
6,-28,-1,-7,10,-8,19,-23,12,-22,11,-31
-5,-26,4,-5,14,-2,3,-27,-4,-32,13,-30
-5,-23,3,-12,-5,-21,-4,3,2,-26,14,-5
-4,-4,9,-24,19,-22,-4,3,-3,-22,20,-13
11,6,17,-24,2,-15,0,-18,-5,-21,20,-29
8,-25,20,-22,3,-21,11,-25,11,-19,16,-15
14,-5,4,-7,20,1,18,-20,21,-4,-3,-5
2,-4,5,-21,-1,-8,19,6,16,9,20,-10
5,-12,4,-10,11,-13,12,9,3,8,2,-11
4,11,-4,-3,17,-21,-1,4,9,-10,12,-15
5,-22,3,12,4,3,-5,-11,19,0,5,-22
17,7,13,8,4,5,3,2,-5,-2,16,-18
18,-7,3,-8,16,0,6,-15,18,-21,10,-8
9,4,20,-15,4,-10,15,-15,9,-4,-1,-19
7,7,2,-9,21,-13,21,-5,-2,11,-1,17
17,-6,3,-11,11,-5,4,0,21,10,3,12
-1,-14,6,14,3,14,15,17,5,-2,12,12
12,15,-5,3,-2,-14,8,17,14,-8,19,-5
18,2,-1,13,2,-10,3,21,-2,-9,21,-9
17,0,0,-10,2,-1,1,-13,-2,1,0,14
5,3,21,-3,17,-12,16,16,2,-10,15,-10
0,20,8,6,1,20,2,7,-1,0,-3,21
1,19,18,6,3,14,12,-10,20,25,11,3
5,-3,20,-8,8,0,-1,23,16,-5,2,8
16,5,-3,27,14,15,-1,7,18,7,-2,10
17,1,18,4,6,6,2,1,20,4,12,19
9,23,1,22,6,0,2,24,19,13,13,21
1,11,8,-1,15,19,7,24,19,8,8,25
1,28,8,24,3,7,11,-4,-2,29,15,22
3,28,3,28,21,32,8,16,3,16,15,13
18,25,15,14,-5,11,0,13,-3,-1,7,11
14,24,0,29,6,1,10,17,-4,3,-3,5
17,27,2,17,13,17,16,7,0,26,14,26
12,28,-1,32,3,34,12,36,21,11,-1,16
-3,-1,20,-17,4,-33,-1,-27,3,-17,14,-14
12,-27,1,-12,1,0,8,-8,-4,-29,15,-10
-3,-12,6,-2,11,2,18,-6,-1,-12,15,-19
-3,-5,1,-9,17,-17,6,-20,-4,-19,14,-6
-4,-2,-3,0,12,-18,6,-18,5,-3,2,-28
-4,-2,-2,-29,7,5,6,-28,-2,-21,2,-13
-3,-7,9,-14,8,-12,11,-23,-1,-20,6,-21
-1,-12,22,-29,21,3,20,-4,20,-29,13,-26
13,-4,8,-1,9,8,19,-4,-4,3,-1,5
-2,-9,22,-1,20,-22,1,-10,21,-11,14,-9
-1,-18,9,-18,14,-7,-2,-6,21,8,10,2
8,-12,13,8,-2,5,15,-17,-1,-11,8,-7
3,3,-3,-22,8,11,0,8,9,1,0,-24
5,-23,16,11,20,-9,11,-3,14,-17,15,12
15,5,-3,-12,14,12,5,3,-4,-17,15,-4
18,4,9,-19,-1,-9,12,-3,21,4,10,-3
14,-2,-3,15,11,-15,21,5,13,-15,14,12
10,-10,8,14,19,15,13,-12,2,5,11,17
18,8,1,-10,0,-12,17,13,-4,18,14,6
16,4,4,-1,0,-5,-2,11,-4,-1,13,16
7,16,3,15,3,17,18,16,6,-8,16,14
4,-9,4,16,8,8,1,18,3,-11,14,8
15,0,5,-14,4,-12,15,-8,5,12,0,-4
19,3,16,3,3,3,-2,-6,0,4,14,18
19,11,15,3,20,24,0,-12,-4,-3,15,-9
17,-7,17,-4,6,-2,8,18,10,18,1,-9
6,4,5,-2,16,9,7,22,-3,2,16,15
18,8,17,4,7,0,16,11,3,-7,-3,15
18,5,4,-5,18,-1,8,-3,-3,8,15,8
12,19,6,9,17,17,8,15,-1,-6,0,4
19,-6,1,7,19,17,9,5,22,19,14,14
18,26,3,24,20,5,16,-5,8,8,-4,2
4,12,19,23,11,12,14,-4,2,1,15,6
5,18,1,-1,12,14,9,7,1,12,4,17
19,30,2,29,2,34,3,34,0,27,-1,11
15,30,19,7,-3,33,16,21,-4,31,12,11
19,33,20,18,-2,33,11,26,7,20,10,10
14,-25,23,-17,4,-8,1,-11,-2,-13,-3,-23
12,-29,4,-16,12,-5,22,-23,13,-30,-3,-15
-2,-18,20,-13,20,-19,11,-13,23,-12,2,-26
14,-26,17,-12,17,-30,9,-1,-1,-16,16,-5
8,-30,4,-8,0,-31,14,-28,6,3,2,-20
-3,1,16,0,12,-29,10,4,13,-25,2,-2
-2,-5,4,-30,20,-5,2,-8,-3,-17,8,6
-1,-21,22,-25,18,-29,20,-18,8,-11,23,-3
15,-4,7,1,-1,-1,15,8,6,0,2,-10
11,-15,0,-22,-3,5,16,-27,9,-8,-1,-24
-1,-23,4,-5,3,-25,17,-15,16,-13,7,-9
21,-19,22,-10,21,7,20,-20,-2,2,22,4
8,-10,22,-14,14,-8,1,-14,11,-7,0,-24
17,2,5,-21,15,-20,8,-8,13,12,12,5
15,4,6,7,13,6,11,13,17,-9,10,-2
18,-1,9,-5,-2,-17,17,-17,5,1,4,-17
16,-2,23,-13,2,-2,0,0,-1,8,2,10
3,-18,5,5,21,0,14,-2,8,-7,17,-19
4,-12,23,-17,13,8,16,2,2,-13,20,-5
20,3,18,6,4,13,7,15,-2,4,2,-16
13,12,-1,-2,9,10,16,10,-2,18,-3,-2
4,2,5,14,-3,1,21,-6,1,3,1,-13
5,-12,17,-7,21,20,5,-12,17,5,1,10
19,2,-1,15,15,2,8,-11,2,-12,1,7
9,18,5,-2,-3,0,9,7,10,23,-2,-3
3,-7,2,0,13,16,20,-2,-2,24,18,16
6,-8,5,10,10,21,-1,-7,23,-3,20,-10
4,-5,20,11,3,22,17,8,4,12,3,-6
18,1,23,7,18,1,-2,24,-2,28,12,-6
18,23,0,12,21,4,15,24,20,-2,8,25
2,-6,12,15,12,17,-1,8,21,13,3,24
17,21,16,21,4,1,1,13,21,27,17,11
15,29,21,3,9,6,13,20,9,2,8,21
14,27,-3,9,22,0,20,20,12,31,-3,9
18,31,3,28,11,4,16,17,12,-2,6,24
18,30,-2,4,17,34,-3,0,6,23,7,15
17,30,6,31,2,24,17,26,-2,31,5,19
12,-13,18,-12,9,-15,18,-23,2,-5,15,-28
12,-3,23,-27,23,-23,0,-16,22,-19,5,-28
14,-28,2,-15,16,-2,15,-16,17,-12,16,-33
10,-27,2,-25,3,-13,5,-1,7,-18,4,-2
10,-27,0,3,4,-2,14,-2,2,-8,-2,-13
-2,3,2,-14,24,-7,-1,-10,16,-12,11,-5
17,-28,6,3,24,-22,14,-5,2,4,17,-22
17,-16,15,-11,12,-9,13,-25,15,-6,0,-8
5,6,16,-23,16,-17,13,-1,22,-6,10,-15
1,-17,18,-15,2,-6,0,-5,16,-6,7,-2
17,9,5,9,18,-17,15,-24,11,-23,8,-15
3,2,3,3,10,-24,14,-5,13,10,0,-15
10,4,5,-12,23,0,4,-2,0,-18,7,6
6,-5,3,11,23,-6,1,-9,2,-10,0,-3
6,-8,21,-15,12,2,11,-19,15,-16,1,-11
4,-19,-2,13,12,-13,22,-14,9,-10,0,2
2,14,-2,10,19,6,9,13,9,-18,6,-9
12,-15,23,-8,6,17,10,16,-2,6,23,4
21,7,13,11,18,0,16,-10,0,2,6,-11
21,7,21,9,9,2,3,13,-2,11,-1,-17
21,5,0,-4,1,-11,12,12,-2,14,6,15
20,12,1,-15,16,1,-2,8,-2,-4,22,0
18,8,1,-5,-2,-9,18,9,19,13,18,18
3,17,5,15,17,-3,-2,16,15,18,18,-11
20,4,8,-5,11,-7,9,-7,18,4,-2,13
6,-8,4,-11,9,18,18,13,1,9,-2,23
14,-8,3,19,15,5,2,24,20,24,1,-7
18,11,4,1,21,21,6,-8,16,22,4,16
20,-1,7,17,4,10,16,-5,4,26,15,20
5,13,4,-4,0,25,18,28,5,21,12,18
7,10,3,8,8,11,15,-1,0,-6,1,3
19,1,9,27,16,5,4,30,6,13,5,4
5,10,-2,21,17,0,7,-4,19,20,3,-1
12,26,16,12,3,22,18,15,9,5,6,5
20,0,20,-1,20,22,6,33,3,-2,4,-1
20,31,21,9,20,13,23,4,2,4,7,30
20,3,-2,26,-2,21,9,14,3,33,5,6
8,-24,20,-25,11,-11,-1,-4,-1,-24,16,-10
25,-28,3,-11,6,-32,-1,-29,-1,-16,16,-20
9,-24,2,-23,22,-22,19,-28,12,-17,23,-2
23,-11,14,-19,25,-26,7,-12,-1,1,15,-7
15,-29,4,-12,25,-5,25,-11,14,-9,15,-9
20,4,9,-3,1,-28,22,-1,20,0,15,-16
3,-7,4,-21,3,-16,11,-29,16,-21,7,-21
3,-15,19,3,12,-25,25,-18,3,-4,23,-25
13,5,5,-10,22,-10,14,-5,8,-7,4,-15
9,-5,24,-26,6,-23,2,-2,17,8,-1,8
2,6,16,-22,14,-2,25,7,8,-24,15,5
10,3,22,-10,-1,3,12,9,20,9,-1,-15
10,-17,7,-7,7,-15,13,-9,11,0,0,-14
13,-22,10,-3,2,12,10,12,15,6,9,-21
5,-16,-1,-18,19,-14,-1,-20,2,10,4,-15
5,-14,24,1,11,-19,2,5,4,0,21,-10
11,-1,3,-17,13,5,12,1,4,-10,-1,-3
4,2,14,-12,9,4,15,10,-1,2,6,-4
22,4,1,7,18,-10,7,-6,25,-8,1,-2
20,-9,-1,5,10,15,-1,4,5,12,6,-12
16,10,1,-7,13,18,4,-12,19,1,10,-14
19,0,0,9,16,15,-1,-7,-1,12,21,17
9,6,23,0,24,21,-1,17,5,-14,0,6
4,-11,4,-12,14,-12,-1,15,-1,13,23,15
18,4,3,2,18,-3,-1,15,4,-10,7,15
18,14,2,-4,8,14,4,16,-1,24,0,4
14,6,22,19,4,-4,5,9,0,23,-1,12
19,15,8,23,5,26,4,20,20,7,1,25
19,15,8,18,9,6,14,21,0,-7,18,24
21,-2,5,21,4,-5,15,15,-1,15,9,27
6,9,21,2,4,-3,-1,16,4,22,8,0
16,28,21,11,4,29,5,28,-1,19,1,0
17,28,6,19,-1,5,11,2,1,14,5,3
17,25,6,4,19,20,-1,22,2,-3,7,3
18,28,15,18,2,2,-1,33,24,24,6,18
19,32,2,17,4,-1,-1,33,4,28,10,28
19,28,7,18,1,0,2,35,4,24,0,22
15,-24,24,-23,11,-30,25,-18,21,-25,0,-5
14,-24,16,-5,26,-17,23,-21,26,-3,1,-9
14,0,6,-30,10,-33,12,-17,1,-8,24,-28
3,2,9,-32,2,-31,21,-24,5,1,0,3
5,-8,8,-4,12,-15,11,-31,0,1,7,-13
10,-4,1,-27,0,3,2,-4,1,-6,1,-26
24,1,24,4,24,-13,14,-10,0,-27,0,-28
6,6,24,-8,25,-6,19,-26,19,-11,0,-14
12,-1,19,-9,6,-7,3,-18,5,-2,7,1
11,0,21,-21,8,-17,10,9,22,-5,1,0
4,-14,0,-18,13,-10,3,-11,18,-3,12,-26
23,-13,0,2,18,3,4,-16,9,-5,0,4
23,-17,7,-16,17,10,4,6,1,-17,7,7
21,-21,0,-18,5,10,10,10,0,6,24,-18
7,6,21,7,17,-12,3,-16,1,-13,9,-7
22,13,0,3,7,5,4,5,1,-13,22,-12
3,-15,24,6,13,8,0,16,5,10,14,6
6,2,19,-13,4,-18,0,1,21,-12,6,15
7,1,2,-1,14,9,18,-12,6,0,7,-15
23,2,23,-15,2,-13,13,12,22,3,9,4
21,-3,19,12,4,-12,0,2,21,20,6,-6
9,5,20,-11,5,-7,3,-15,7,-8,21,9
14,14,20,12,8,18,1,22,3,-10,6,8
21,14,4,16,5,-6,0,-3,3,-11,6,0
9,-6,0,4,8,-6,0,-12,3,-7,1,16
22,-5,3,-10,11,16,8,-2,4,-10,7,14
19,5,18,23,14,-1,0,-5,5,21,7,20
15,18,1,13,5,22,2,-1,0,1,5,14
7,-3,25,26,3,5,0,3,1,6,0,8
22,-3,17,19,0,1,11,17,0,10,4,-3
8,15,3,23,9,9,5,25,7,9,1,23
17,22,4,0,7,27,5,30,4,2,3,5
18,26,4,30,8,4,7,14,4,22,25,-1
19,29,9,25,11,28,7,30,7,28,2,-2
23,27,0,13,1,30,0,1,1,9,0,-1
17,28,0,16,9,27,0,15,5,10,8,15
21,32,2,34,0,13,0,13,0,23,1,36
