-5,-2,-16,-27,-7,-34,-8,0,0,-23,0,-20
-8,-1,0,-7,-8,0,-20,-30,-1,-1,-1,-5
-12,-4,-7,-13,-20,-28,-19,-32,-26,-14,-9,-13
-10,-6,-3,-23,-23,-17,-22,-31,-14,-20,-1,-24
-14,-1,-12,-32,-4,-2,-7,-24,0,-18,-3,-20
-4,-2,-1,-22,-18,-21,-4,1,-26,-31,0,-24
-22,-29,-5,-25,-25,-25,-2,5,-1,-30,-17,-19
-15,0,-12,-9,-22,-2,-5,-14,-2,-19,-10,-5
-20,-21,-24,-20,-4,-8,-4,2,-1,7,-23,-12
-17,3,-16,1,-13,-20,-6,9,0,-12,-7,-1
-21,-16,-18,5,-4,-5,-4,8,-1,-7,-19,-18
-21,3,-26,7,-6,10,-7,-2,-24,-15,-22,-12
-6,-11,-14,-2,-16,-1,-1,-7,-16,-20,-16,-4
-14,-2,-4,12,-22,-2,-10,-8,-11,10,-5,-22
-14,-16,-18,4,-22,13,-4,6,-1,-12,-5,-20
-26,-14,-2,-20,-5,-1,-1,-15,-7,-20,-26,1
-16,-14,-4,-1,0,-17,-11,-10,-22,4,-3,13
-23,9,-15,-14,0,-11,0,6,-10,1,-14,5
-19,-9,-13,-16,-9,1,0,12,-1,-12,-19,3
-23,-3,-16,-3,0,-8,0,14,-12,-12,-10,-8
-25,2,-22,11,-11,-5,-14,-14,-8,-12,-8,-12
-14,-7,-3,11,0,20,-7,4,-2,-7,-3,10
-25,-3,-6,7,0,19,-8,2,-3,8,-6,7
-13,-4,-1,15,-17,-8,-11,-2,-25,14,-4,7
-25,0,-3,-4,0,18,-16,9,-1,17,-1,12
-10,12,-2,-9,-9,-8,-8,4,-2,-5,-3,7
-25,-6,-4,-2,0,14,-5,20,-2,-1,-4,5
-26,25,-4,13,-14,-1,-17,24,0,11,-5,27
-10,-2,0,9,0,12,-2,28,-3,9,-5,25
-25,19,-4,0,0,12,-2,3,-4,25,-5,23
-25,24,-25,-3,-16,-2,-5,-3,-22,13,-26,11
-12,1,-6,25,-16,-2,-10,1,-10,5,-6,15
-19,9,-5,9,-12,20,-6,5,-1,13,-4,24
-8,20,-2,5,0,11,-25,31,-21,2,-8,17
-2,15,-16,20,-13,32,-25,21,-15,5,-11,3
-2,18,-10,15,0,1,-6,9,0,18,-8,8
-11,32,-14,7,-24,11,-13,19,-20,27,-7,22
-3,-27,-5,-24,-18,-25,-10,-17,-10,-4,-3,-18
-17,-30,-2,-17,-11,-14,-11,-13,-3,-12,-5,-9
-3,-3,-17,-1,-22,-30,-5,-21,-24,-4,-5,-25
-18,-28,-17,-30,-22,-21,-22,-10,-3,-12,-3,-23
-4,-25,-11,-22,-12,-12,-1,2,-14,4,-14,-12
-2,0,-19,-26,-16,-17,-7,-2,-3,-22,-5,-31
-16,-21,-13,-4,-18,-22,-3,-5,-3,-23,-7,-9
-20,-17,-23,2,-8,-18,-3,4,1,-2,-12,-26
-19,-28,-24,2,-6,-7,-3,-4,-3,-4,-6,5
-18,2,-24,-4,-7,-27,-3,-6,-3,-23,-7,-21
-3,-14,-25,-24,-17,-26,-5,2,-5,-25,-21,-4
-6,-3,-21,-6,-24,-3,-24,11,-19,-22,-16,-21
-21,-18,-3,-24,-22,-4,-13,-4,-6,-10,-16,-5
-1,-15,-9,-11,-9,-11,-23,-22,-15,-6,-13,-18
-25,8,-21,2,-4,6,-15,-16,1,-13,-9,-2
-25,-13,-12,-9,-11,15,-7,2,-4,15,-8,11
-1,0,-8,0,-23,13,-6,-17,-1,-7,-10,3
-16,-19,-14,-5,-10,2,1,-12,-24,16,-21,-9
-1,6,-7,-3,-7,4,0,10,-5,-10,-16,6
-7,19,-12,-12,-18,-7,-11,-11,-19,7,-14,8
-12,-4,-13,-7,-4,-4,-21,14,-12,1,-11,-7
-10,8,-7,-15,-7,19,-9,7,-22,-10,-22,0
1,12,-18,-6,-14,8,-2,-5,-16,-9,-16,-9
-8,-1,-22,11,-10,15,-16,10,-1,-6,-5,5
-9,13,-21,-9,-4,-11,-16,10,-2,21,-10,-9
-25,24,-4,-3,-22,16,-3,12,-3,9,-3,13
-12,23,-1,8,0,13,-17,17,-1,2,-3,3
-13,11,-5,7,-2,14,-3,22,-3,8,-12,17
-7,0,-22,-4,-11,3,-3,10,1,16,-14,13
-9,6,-23,21,-7,18,-11,-5,-16,17,-3,23
1,-2,-25,-6,-8,2,-13,24,1,-5,-10,22
0,17,-24,-4,-9,4,-13,0,-23,3,-1,14
-20,20,-10,19,-23,2,-23,27,-16,-2,-9,19
-1,3,-5,31,-2,18,-8,9,-9,-1,-14,12
-14,-2,-14,14,-1,13,-2,23,-17,12,-15,2
-12,15,-17,11,0,24,-8,17,-3,1,-6,9
-21,21,-13,8,-22,8,-11,27,1,8,-14,13
-8,-5,-24,-11,-11,-6,-2,-20,-3,-9,-6,-5
-2,-8,-2,-18,-13,-21,-2,-23,-2,-19,-14,-20
-16,-1,-17,-8,0,-32,-16,-18,-23,-20,-16,-1
-3,-5,-4,-13,-22,-5,-1,-30,-2,-20,-6,-16
-8,-4,-22,-7,-12,-31,-2,-31,-10,-11,-5,4
-17,-16,-17,-22,-20,-31,-10,-10,-1,5,-2,-26
-5,-12,-21,-2,-2,-30,-2,-23,-3,-5,-11,-16
-13,-28,-7,7,-9,6,-16,-21,2,-17,-16,-23
-5,-28,-21,-8,-9,8,-2,-26,-3,-18,-16,-18
-17,-27,-17,1,-9,-26,-12,1,-1,-3,-4,9
-14,-25,2,-12,0,-10,-2,-22,-9,-21,-12,-9
-9,-14,1,8,-21,8,-15,-6,-22,-16,-17,-15
2,11,1,-4,-4,-13,1,-19,-6,-13,-15,1
-13,5,0,-1,-23,-4,-16,-21,-12,8,-11,4
-23,-15,-5,2,-1,-20,-3,6,-9,0,-13,-8
-24,8,-15,0,-12,-15,-3,-2,0,-19,-6,-13
2,7,-19,-3,-10,3,-10,-17,-3,-9,-7,-9
0,13,-8,-9,-10,1,2,17,-9,-16,-21,-18
-14,1,2,7,-14,1,0,-3,-11,-6,2,17
-22,3,-7,-13,-10,-11,-19,2,-22,-4,-15,-3
2,-8,-12,-2,1,10,-11,-4,-11,16,-9,17
-6,-10,-10,-9,-22,-1,-21,7,-17,13,-7,9
-24,-12,-7,0,-19,5,-7,-4,-6,-1,-22,11
-23,2,-24,15,-20,-8,-3,4,-4,21,-2,-10
-23,1,2,12,-7,-3,-4,22,-4,21,-8,15
-24,-7,-3,-1,1,5,-17,19,-1,12,-3,16
-8,-1,2,-9,-21,-4,-13,19,-2,-2,-9,10
-8,-4,-2,22,1,-3,-1,-8,-20,-8,-17,14
-12,14,-22,15,-20,6,-1,26,-21,26,0,13
2,12,-18,2,0,13,-3,6,-1,14,-3,-7
2,10,-13,11,-8,30,-8,14,-11,15,2,7
-12,31,-15,8,-1,3,-3,28,-18,8,-5,27
1,0,-24,6,-11,4,-4,29,-1,14,-1,-1
-21,29,2,19,1,-3,-1,14,-17,18,-6,0
-14,2,1,30,1,17,-9,34,-18,12,-5,26
-22,23,-24,4,0,18,-3,20,-1,19,-10,25
-6,10,-16,19,-9,24,-3,11,-2,31,-11,8
-18,-5,0,-12,-3,-19,-3,-33,2,0,-15,-24
-9,-6,-16,-3,-21,-31,-1,-13,-1,-8,-15,-32
-19,-31,-19,-29,0,-2,-8,-27,-3,2,0,-19
-3,-7,-21,-33,-13,-17,-17,-18,-22,-1,-8,-4
-1,-27,0,-15,0,-15,-21,-21,-3,-7,-1,-23
-11,-13,-1,-16,-14,-14,-14,-30,-1,-25,-17,0
-13,-21,-14,-6,-7,-6,-12,-21,-3,-8,-8,-26
-11,-14,-20,-29,-10,-5,0,2,-9,-20,-9,-26
-15,-28,-16,3,-11,-24,3,-17,1,5,-19,-21
2,8,-2,-5,-4,-2,-21,-8,-2,6,-19,7
-13,3,-21,-13,-23,-25,-4,-22,-20,-26,-12,-3
-20,-4,2,-10,-21,-3,-7,8,-15,-24,-8,-12
-6,-4,-11,0,-23,-20,-4,-17,-5,12,-3,-14
1,7,-2,-12,0,-20,-3,4,3,-13,-9,5
-8,-15,-9,-13,-5,-16,-3,-21,-2,9,-16,-4
-23,-12,-13,-17,-4,-21,-3,14,3,-10,-7,0
-14,-7,-3,11,-6,1,-21,13,-20,-18,2,-16
3,13,-9,0,1,5,3,-9,-13,-12,-12,-17
3,15,-12,8,-11,13,2,6,-3,17,2,14
-13,9,-17,10,-13,-7,-16,-14,2,-9,-12,2
3,-16,-15,-10,3,15,2,5,2,12,0,20
-14,-9,-11,-14,-5,6,-10,-2,0,-15,-4,20
-23,-9,-10,-14,1,-3,-13,-6,-1,12,-17,-5
-22,-4,3,13,-11,17,-11,1,-3,5,-3,20
-23,20,3,1,-7,19,-4,21,-4,18,-3,20
-10,-5,-15,-3,2,7,-2,15,3,-4,-18,19
-8,15,-2,21,-14,-9,-10,-8,-1,-7,-15,-8
-12,-2,-10,15,-9,22,-8,13,-7,-2,-18,26
-5,-1,-12,-2,-21,11,-16,19,-12,23,2,21
-6,17,0,25,-7,14,-19,25,-9,29,-7,22
-4,-1,-13,5,-19,16,-3,26,-10,-3,-5,16
-15,22,-19,30,0,26,-15,-2,2,15,-15,26
-15,32,-1,-2,0,-4,-4,9,-10,19,1,2
-7,15,-6,21,-16,21,1,9,-8,26,-15,31
1,14,2,16,0,23,-4,24,-19,15,-1,17
-13,24,-17,6,-13,33,-4,31,-4,17,-3,30
-13,5,-17,28,-5,23,-4,0,0,19,-11,6
-2,-7,-2,-32,-17,-29,-4,-12,-1,-15,-1,-27
0,-31,-16,-1,0,-25,2,-35,2,1,-15,-5
-3,-7,-19,-26,-2,-18,1,-26,-1,-14,-2,-22
-12,0,-20,-32,-21,-29,-19,-6,0,2,2,-25
-15,-16,-12,-12,-4,-22,-11,-32,-4,3,-10,3
-16,-11,-18,-29,-1,-1,-3,-4,-4,-8,-18,-2
-1,-7,-20,-27,-2,-28,-4,0,-4,-14,-3,-7
-8,-1,-10,7,-16,-12,1,-18,-4,-17,-20,-3
-9,-18,-5,0,-21,0,-20,-25,3,-17,-11,4
-12,-5,-2,-8,-21,-1,-7,-23,1,-22,-15,2
-20,-17,-8,-22,-21,-12,3,-10,-7,0,-6,9
3,5,-3,11,-3,-2,-20,0,-9,-6,-8,-24
4,4,-1,-12,-4,-22,4,-7,-10,-16,-3,-17
-6,-3,-10,-3,-21,-11,1,-1,-11,-15,-14,-14
-8,-13,-13,-16,-20,-7,-3,-16,-4,-12,-9,11
-9,-13,-11,-11,-11,-21,1,-2,4,1,-6,-10
-10,-6,3,14,4,1,1,-7,-2,-17,2,-16
2,-9,-5,13,-9,-2,-17,3,-1,-13,-19,13
-11,1,-9,0,1,-8,4,-5,3,13,-14,1
-19,3,-17,-8,-20,-16,-1,-3,3,10,2,3
-11,-14,-8,-2,-10,16,-21,9,-10,-7,-11,-16
-7,18,-15,-14,-8,17,-6,-3,-16,3,2,20
-21,5,-19,21,-1,17,-18,13,1,-1,-20,6
-7,11,0,16,-18,21,-4,5,0,-1,-3,16
-22,-2,-19,-6,-9,21,-13,15,3,12,-9,9
-22,16,-19,10,2,3,-10,25,4,6,4,23
-6,14,-16,19,-4,-3,-14,26,-1,16,3,-5
-8,-2,-8,24,-8,3,0,11,-6,24,-11,15
-21,28,-2,27,-6,17,-4,-1,-4,24,-16,13
-2,-3,-19,3,-16,3,-17,14,-11,6,-19,13
-7,28,-10,9,-2,20,-4,8,-10,8,-9,17
-4,21,2,29,-3,13,-10,6,-7,-1,-15,17
-8,-3,-17,24,-21,3,-8,21,-12,-1,0,31
-11,19,3,10,-2,10,3,6,3,12,-20,-2
-7,16,2,22,-5,10,-5,28,-2,22,-2,25
-11,10,-7,11,-16,18,0,16,-5,30,-19,24
4,12,-5,3,-3,1,-5,22,0,0,-6,6
-14,-4,3,-17,-21,-33,2,-32,-7,-33,-7,-2
2,-17,-21,-34,-19,-23,4,-20,0,-28,3,-28
-10,-17,-1,-31,-3,-6,1,-15,-1,-11,-9,0
2,-32,-9,-33,-11,-24,-3,-5,-5,3,-21,1
-14,-25,-9,-1,-15,-3,-4,-24,1,2,-4,-18
-4,3,-15,-29,-7,-21,-13,-1,-1,-14,-19,-7
-13,-20,-14,-11,1,-4,-4,-2,-2,5,5,-7
-18,-13,-6,-18,0,6,-9,-22,-8,-2,-10,2
-4,-22,1,-17,0,-10,3,-14,-5,0,-14,-27
-4,-14,-6,-25,-16,4,-10,-25,1,2,-5,3
3,-12,-9,9,-17,-7,-20,-6,3,-22,-8,10
-7,7,-10,-24,-3,-21,3,-9,-18,-19,-13,-1
-4,-16,-5,-10,-4,2,-14,-9,-3,-16,-9,-10
-1,-16,-5,-15,-17,-6,-7,12,-9,-19,-9,-23
3,0,-13,-20,-4,-18,-2,3,-15,-5,-4,14
-20,7,3,0,5,-16,-20,12,-13,-8,-16,15
-12,5,-7,4,0,14,-20,7,-13,-14,-7,-14
-14,15,-10,-1,-8,-15,-14,-5,-8,-15,-4,-6
-9,14,-8,-5,-3,-6,-8,14,-18,1,-5,-10
-19,16,-7,15,-10,-15,-4,6,-16,5,-5,-4
-16,14,-14,-4,-16,-1,-18,20,-6,9,-7,9
-17,-3,-1,-1,-16,14,3,15,-5,-2,-4,-12
-21,-11,-7,11,5,3,-15,2,-9,18,-12,4
-21,-1,0,-10,-18,22,-7,7,3,-12,2,10
-21,12,-20,24,-7,3,-12,3,1,6,-15,7
-21,4,-3,11,-18,18,3,-6,3,14,0,15
-21,16,3,20,-6,8,-13,19,-18,0,1,24
-8,11,-19,0,-5,17,-8,24,4,-8,3,24
-20,12,-13,9,-19,19,-1,-1,-15,8,5,12
-3,15,-4,1,-10,-1,-12,10,-6,27,-6,-7
-19,26,-8,2,-2,-2,-18,20,-17,8,-15,-3
-12,30,5,31,2,10,-1,25,1,10,2,12
-7,8,-9,-1,-11,16,-5,-3,-9,8,-6,32
5,0,-20,24,-14,9,4,7,5,13,1,18
-1,0,-1,-2,-5,8,1,3,1,17,-2,18
-9,8,3,9,1,31,-17,2,-4,14,-6,16
-4,22,-2,13,-2,5,-15,7,4,5,-7,33
2,-1,3,-29,-6,-14,-4,-20,-4,-2,-18,-4
-13,-14,-20,-13,5,-13,4,-34,0,-16,2,-24
1,-24,-1,-1,2,-32,1,-7,-1,-14,4,-8
1,-8,-1,-29,3,-4,-8,-33,3,-3,-19,-7
-10,-30,5,-11,-12,0,-15,-15,0,-12,-3,-9
2,-31,-15,-7,-5,-11,6,-31,-2,0,1,-10
-15,-30,-15,-28,1,-17,-2,-20,-14,-7,-20,-11
-6,7,-8,-25,2,-7,-3,-10,-7,1,4,-2
-6,-7,-9,-15,-3,-26,4,0,-18,-9,-8,-25
-2,-14,3,8,6,0,-8,6,-18,6,-4,-1
-14,-16,-14,-9,4,-8,1,-26,3,-14,-12,10
-9,-2,-10,11,3,-24,-14,11,-5,-1,4,3
-1,-21,-7,3,-14,-11,3,-12,-12,-13,-10,-5
5,3,6,9,-15,-14,-3,-10,2,-9,3,-4
5,3,-1,-15,-4,13,-13,-13,-5,-5,0,-6
-1,-8,-13,-14,-1,-2,-3,-14,-11,4,4,-21
-4,-3,-7,-1,-17,5,-3,-19,4,2,-17,-11
-7,16,1,13,-17,12,-9,1,-9,16,6,-11
-16,7,-9,3,-18,-9,-6,-6,-2,-16,-4,-16
-13,10,-10,-7,-19,-1,6,7,5,1,-2,19
-6,-6,3,-5,0,-4,-17,9,-4,16,5,3
-12,9,-18,-3,-12,-8,-8,3,-9,17,-10,-7
-6,-9,-7,-4,6,12,-2,-1,-7,20,-1,-13
-20,1,4,-13,-1,4,-4,-3,4,11,-14,-5
-20,6,6,4,-17,-2,-5,5,2,10,-16,-1
-20,10,-5,-11,-11,-8,-10,7,1,8,-12,9
-20,13,-11,8,-16,1,-18,10,5,-1,5,17
-5,-1,-4,13,-2,5,-15,11,-18,-2,-1,0
-10,3,1,27,-15,19,3,6,1,-3,-11,26
5,17,-2,14,1,29,1,17,3,22,2,9
-5,0,-18,20,-9,9,5,23,-1,4,2,2
-13,19,-1,20,-19,15,-18,22,-6,10,-17,25
-18,7,-10,-1,-19,11,-12,7,-3,-3,6,29
-17,21,-5,17,-13,4,6,25,-6,22,-1,1
-6,21,5,12,-4,18,-7,32,-4,9,-17,9
-17,6,5,7,-11,17,4,12,-13,10,-14,12
5,20,-10,12,-6,2,-7,27,-16,22,-11,13
4,-14,-7,-2,-4,-20,1,-24,7,-36,0,-19
-12,-18,7,-4,-2,-6,0,-18,1,-23,-7,-4
1,1,-9,-3,5,-26,-12,-10,-2,-22,-14,-30
-4,-31,-18,-14,-6,-21,5,-6,-13,-32,-8,-30
-5,-1,-16,0,-12,-2,-1,-12,4,-5,-6,-1
2,-9,1,-25,4,-26,6,-13,3,-21,-15,-4
-15,6,-19,-6,-3,-26,-2,-16,-7,-14,1,-25
-11,-4,-1,-16,-9,-29,-7,2,7,1,6,-1
-2,-18,-12,-5,6,-13,-14,-21,7,-24,-4,-14
-1,-6,-1,8,-12,-23,-3,-27,6,3,-9,8
-16,-17,-3,7,-19,9,2,-3,-5,8,-6,-16
-6,1,-15,7,-5,-25,-14,5,1,6,-11,0
-6,-19,3,-8,-9,2,-5,-5,-3,3,5,-9
-3,-21,-19,3,-6,-23,-18,-21,-7,-17,-13,-17
1,-14,-10,-13,3,13,-6,-14,6,-20,4,12
6,-7,-18,-11,-7,6,-2,-5,-4,-5,0,9
-8,16,-2,-19,-5,-1,-7,14,-1,-6,0,-7
-16,-16,-13,11,-8,-18,-4,-4,5,16,-12,6
-17,-18,-8,-11,3,-4,6,-5,0,-2,-7,-17
7,-8,-5,13,-10,2,-1,18,7,8,-16,5
6,-13,-10,-11,-9,6,-15,-7,-7,3,-8,-11
-15,-15,-13,5,4,3,-8,17,2,7,7,-12
-1,4,-16,0,2,1,-1,-12,-1,4,-7,1
-18,-7,-4,21,-17,-5,5,13,-8,-1,-7,7
-19,8,-7,17,1,20,2,4,4,14,-16,22
-19,8,-14,-4,-19,23,-12,24,-16,17,-6,17
-19,7,-19,17,-7,1,-9,12,1,-10,6,16
-18,-1,-4,15,-17,14,-3,8,-17,-9,-4,12
-6,14,-4,10,-19,-8,-3,0,-4,-1,-14,25
-13,8,-12,11,-1,20,-13,5,-15,11,-10,-7
0,6,7,23,-2,0,-2,15,-13,6,6,11
7,15,5,0,5,28,-1,0,2,-3,7,23
-7,-1,-12,-1,3,21,-7,0,3,-3,4,18
0,1,-2,30,4,11,-15,14,5,28,6,15
-9,-2,-6,30,-6,3,-6,-1,-10,16,-9,5
-11,0,-7,22,-9,10,-16,13,-12,13,-11,16
-2,11,-4,1,-11,18,-6,21,-6,29,-6,4
-11,-16,-1,-7,5,-24,6,-34,3,-2,1,-28
-1,0,-8,-9,-10,-8,1,-26,-4,-12,4,-28
-9,-17,-17,0,5,-21,-9,-9,1,-7,5,-27
-2,-3,-1,-16,1,2,-6,-12,7,-29,-11,-19
-1,-4,-15,-21,6,-4,-10,-7,-8,-27,-14,-13
5,-5,7,-1,-3,-22,3,-2,2,1,-15,-2
5,-17,-5,-23,-14,-17,-6,-24,-4,-20,7,-19
-7,-11,-12,-11,2,-23,-3,-11,-11,-16,-3,-11
-17,-28,3,-22,-3,-18,-17,-15,6,-17,-9,-25
0,-2,-2,-21,-5,-13,0,-21,-3,-9,-8,-26
-13,-12,-16,-6,-13,8,-4,-22,-8,8,-9,9
-14,-3,3,11,4,6,2,-25,3,3,4,-19
-10,-6,7,5,6,-3,-1,-24,5,-14,0,-17
-1,2,4,-3,-11,3,1,11,0,-6,-8,-14
-8,-8,7,-22,6,7,-7,11,-16,-8,6,-19
-6,3,-15,8,-10,-2,-8,-16,-8,-13,-8,-5
-6,-16,-1,-18,-9,-7,1,-10,4,-15,-8,-6
1,0,-5,-4,2,0,-10,-1,-5,7,8,-19
-4,-16,-13,18,-7,5,-5,-14,-6,-15,-2,-18
-2,-16,-8,2,8,1,-3,13,-1,7,2,-2
3,-13,-6,-14,3,-13,0,6,-7,-14,6,7
5,-5,-6,-4,-3,4,-9,-13,3,-3,-9,-13
4,22,-14,8,7,10,-3,-8,6,15,3,17
-17,20,-7,-9,-8,4,-16,0,-7,21,-9,-7
-18,10,-6,7,-6,5,7,-11,6,-7,4,-8
-18,5,-16,13,-10,11,6,-4,-9,25,1,-8
-18,18,-3,3,-16,10,-2,26,-4,-6,7,2
-17,18,-12,4,-14,15,-7,18,-15,6,3,20
8,-3,-10,13,-7,5,-15,27,6,12,-8,-6
8,-1,-7,5,-14,24,-15,4,-10,-5,3,18
7,15,4,8,-14,24,-14,19,5,29,-4,2
8,10,-3,25,1,23,-9,19,-15,13,-17,14
-11,8,-4,14,5,5,7,10,-11,19,-5,2
-15,24,-3,5,-12,12,-8,1,-4,21,7,30
2,9,3,2,-14,30,-12,6,-11,22,-1,2
7,15,-1,25,6,16,-16,7,-1,8,6,30
-2,10,-13,22,-1,34,-7,23,-3,27,-13,18
-8,-28,0,-30,-2,-2,-9,-24,1,-27,-3,-15
5,-2,-6,-3,-12,1,1,-27,7,-32,9,-34
4,-5,-14,-25,0,-33,-15,-25,-10,-15,6,-24
6,-5,-3,-5,-1,-32,-11,-14,-2,-3,-17,0
1,-5,5,-19,-8,-7,1,-6,2,-9,-4,-14
6,-14,3,-13,-2,-29,-1,-17,2,5,2,-20
-8,1,7,-1,-2,-18,-17,-5,4,-1,-15,-15
-13,-15,-7,-6,1,2,-12,-20,-7,3,-11,-12
1,-28,-15,1,5,-15,-13,8,-7,3,1,-23
-15,4,1,2,-11,-19,1,-26,1,-12,-5,-15
-7,10,-3,-24,-3,-23,-7,-7,0,-12,-8,-5
-15,-3,-6,11,-15,4,-13,-15,8,-3,-10,-22
8,3,-14,-8,-10,7,-8,-6,2,10,1,4
-15,5,-1,-19,5,-16,4,-19,9,9,-10,-7
-4,-11,-1,-9,-15,-6,7,-5,-4,-8,5,14
-1,15,3,-19,2,13,-6,-11,7,-21,-6,-13
-8,-9,-2,12,-6,1,-14,-5,-2,-5,-2,12
-13,14,-15,-9,-17,-10,-10,15,6,6,5,6
-8,6,8,-6,-8,9,8,-15,6,-14,4,5
4,-4,4,12,2,-3,-5,-4,8,15,-1,-13
-4,1,0,-4,-8,-5,-3,15,-9,1,-14,-11
2,-6,-1,6,-10,-2,-16,3,-4,18,7,21
7,1,7,18,-14,14,1,-11,-8,-10,4,-11
-17,23,-2,1,-9,4,-10,4,2,11,0,14
-17,13,-6,18,-11,4,8,23,-14,4,7,0
-17,2,-3,1,-5,-11,-10,7,-5,25,-17,19
-17,21,-3,-2,-6,-6,0,1,-3,19,-1,8
-4,12,7,0,-2,-6,-16,13,-4,-9,-12,-9
1,-6,7,12,1,0,6,10,2,23,-4,-1
-17,-6,-11,15,-12,-4,6,26,0,27,-11,21
1,6,0,1,-2,-6,-14,10,-7,24,-11,12
7,16,-2,-2,-15,8,3,9,1,15,0,1
-7,23,-3,27,-2,26,-14,29,8,19,-10,15
-5,7,8,32,-13,23,6,3,2,14,5,20
2,-1,-4,15,0,34,-13,24,3,3,-3,3
-3,24,-17,10,-8,33,5,28,2,25,-3,15
-4,7,7,31,-14,34,-3,29,2,6,-5,16
-8,-17,-9,-19,9,-4,7,-29,-7,-4,10,-7
3,-9,2,-28,-5,-4,6,-8,5,-32,-7,1
3,-2,4,-5,6,-5,-3,-6,2,-34,5,-16
4,0,5,-6,6,-5,6,-24,-7,-2,5,-18
7,2,2,-5,3,-22,-3,-2,7,-16,9,-7
-4,-12,7,-4,1,-31,7,-7,7,-3,10,-6
-10,-26,-1,-9,6,-24,-3,-4,-7,0,-3,-1
-8,-27,0,-4,-10,-7,6,-21,3,-26,-1,-4
0,-12,8,-2,1,-10,2,6,10,-25,-3,6
9,-20,0,-8,-2,-19,-4,-11,-4,-6,5,-7
-12,-3,-7,1,-10,4,0,-17,8,1,3,-8
-6,-2,-5,-22,-12,-15,-13,3,-2,-24,7,10
5,-22,-10,-24,-7,2,-11,12,3,-22,-8,-1
-1,-6,0,-22,-13,-16,-7,-12,-7,-2,9,8
-7,-10,-1,14,9,-18,-13,9,-6,-10,-2,-4
-5,3,-10,5,-2,-20,6,-11,7,-20,-11,-20
-4,-9,5,4,1,0,3,-19,1,9,-13,-16
-11,-18,-8,-10,-7,9,-11,8,1,-11,1,-4
-8,13,8,18,-4,16,-3,-4,1,12,10,-9
2,0,4,10,1,14,2,14,1,-1,2,16
-8,14,-8,11,9,-7,4,-11,1,-9,10,8
9,18,-2,14,10,7,0,15,-3,5,10,17
-3,10,-12,9,-7,-10,-12,2,-6,10,10,7
1,8,-1,12,-8,3,-5,-2,-14,21,1,22
-16,-1,-5,17,-3,-9,2,7,0,5,5,5
-2,-3,-2,-6,-8,14,0,23,10,17,-16,17
-15,-5,3,24,-4,-5,-4,25,-1,25,5,0
-5,-6,-14,7,3,2,0,-6,7,-1,-4,14
-15,23,-1,11,-1,24,1,18,7,-6,-8,21
-10,10,-12,7,-16,24,6,-7,7,0,1,22
9,13,0,3,0,5,-14,29,-4,11,-1,13
-11,10,-1,28,-12,18,-13,1,-1,5,-14,9
-10,22,-14,17,-11,-3,7,25,0,12,5,1
-12,12,-13,33,0,19,-14,33,3,8,10,1
-1,34,-5,6,-1,11,-2,32,0,13,-5,33
9,17,10,20,-16,19,-2,27,-3,7,0,21
-15,14,-14,18,6,18,-4,26,6,36,2,30
-11,-1,-15,-13,10,-8,-4,-33,6,-19,2,-20
7,-14,-5,0,-2,-22,3,-3,-3,-11,3,-9
6,-4,-14,-19,0,-19,3,-9,4,-15,10,-18
8,-4,2,-18,-4,-21,-3,-14,3,-8,-11,-18
8,1,-8,-16,1,-13,5,-16,-12,4,-8,-32
-7,-16,-12,-12,6,-7,-4,-5,-6,-23,5,-1
-9,-27,-2,-1,-4,-21,-1,-20,5,-2,-6,-14
5,-17,1,-5,-3,0,-5,-28,-8,-4,2,-9
-12,-28,-5,2,-10,-17,-2,-3,5,-21,1,-16
-2,-13,-12,7,-4,5,-2,-21,-13,9,-3,-5
2,-12,-2,-15,-13,-19,-12,-9,-3,-6,-7,-26
1,-25,-7,10,-3,8,3,8,9,-10,-10,-10
-8,12,10,2,-13,-7,-4,11,-4,-7,-15,-1
-9,-5,-10,-8,11,9,-12,7,-13,4,4,-21
-9,3,-3,-5,-10,-9,11,7,-6,-11,-12,13
11,13,8,8,6,-2,-1,9,-14,2,1,-4
-1,-3,2,3,-5,-13,-9,7,-8,-8,-8,-18
5,1,5,4,-5,11,-12,-9,7,6,1,12
8,-13,8,3,4,13,7,-3,0,-12,5,11
-9,-12,-14,14,-4,13,-1,0,1,-17,1,-2
3,-2,-9,-4,-4,18,-3,11,3,17,11,14
4,6,-6,5,1,2,3,-11,5,12,-8,13
-11,-3,1,-3,-13,7,-4,-2,-1,-2,10,-8
0,-4,-3,20,-1,-8,0,21,0,-2,5,1
-4,-6,-14,12,-2,3,-2,-5,-8,-3,-13,-5
-15,-5,10,12,-11,5,2,25,6,24,-12,20
-14,-7,-3,2,-9,13,2,22,-8,-4,11,9
1,2,8,-9,-4,-6,-3,6,6,14,-3,21
-14,27,3,23,-8,13,-2,21,-8,-3,3,11
11,10,9,5,6,25,9,1,10,9,4,-1
-1,8,-4,5,-6,0,-5,29,-1,7,10,15
9,4,-15,3,-10,21,-6,31,6,3,11,6
2,32,-12,19,3,11,2,27,4,-4,-15,17
-4,32,10,-1,-5,11,-2,13,-4,23,-10,5
-2,34,-5,14,-14,6,0,26,2,3,0,9
0,19,4,14,-12,25,-8,3,-10,0,-1,34
-14,16,3,4,-4,28,-4,14,-1,20,3,18
7,-17,-10,-5,-2,-20,9,-10,-13,-2,-14,-1
-9,0,-7,-15,5,-32,8,-22,11,-22,0,-22
9,-13,-8,-23,-11,-25,5,-13,-7,-7,-3,-33
5,2,-6,-3,-10,-29,-1,-2,-4,-11,3,0
5,-4,11,-26,-8,-12,-5,2,7,-32,3,2
5,-2,-5,2,-9,-17,10,-8,4,-3,6,-7
7,-13,-1,-29,-9,0,7,-18,-4,-11,0,2
-9,-2,-9,-9,5,-17,0,-13,0,-29,3,-27
-3,2,6,-11,-5,-20,2,-1,-1,-6,11,-26
-10,-3,1,-1,-6,-25,0,-9,12,-21,-10,-4
1,-12,1,-11,-11,-23,-13,-19,-5,-20,-4,-14
-9,0,-7,-1,-13,-12,11,-2,4,-6,0,-14
-5,-3,7,4,-13,9,11,6,-12,-2,3,-2
-1,4,-8,-4,1,-19,-13,12,4,3,-1,-7
11,6,8,-18,-14,11,-12,12,-4,-6,-6,6
-6,-8,2,8,6,7,7,-11,6,-15,6,13
6,16,-6,-7,12,-19,0,-6,-4,15,-6,-16
-9,-13,6,-11,8,0,-8,14,-1,-8,9,1
10,-18,9,-2,2,-18,-3,-13,-7,-14,8,11
7,7,4,11,4,12,-5,15,6,4,6,-6
7,-2,-11,17,-9,-14,-4,17,-2,-9,6,-9
-6,6,5,8,-11,-15,-4,16,11,11,-5,-6
-12,22,-3,5,7,-8,-5,16,-10,21,2,-13
-14,20,2,15,-8,11,9,-8,-1,-7,9,-12
-13,-2,-2,-6,-6,11,1,23,1,-10,-11,16
-13,10,1,24,-2,10,-3,5,-1,-4,-8,14
-13,24,10,-7,11,1,-5,-10,5,23,1,6
-3,12,-10,-1,-5,12,1,-7,6,21,-8,3
2,4,-9,2,-6,18,-4,20,5,1,0,21
10,20,5,15,2,6,-7,-2,7,-3,12,10
-12,0,6,9,-6,23,-6,28,-2,24,-7,27
3,-1,-5,-2,-5,2,2,24,5,0,-14,31
-9,9,9,26,-8,28,9,28,3,31,-13,-4
-4,25,1,4,-10,5,-6,16,2,19,6,32
10,24,6,5,-1,-1,7,-1,3,21,12,16
12,22,-5,3,-9,15,-8,23,3,19,-3,35
-13,22,7,26,8,8,-5,14,-3,33,-5,22
-7,-2,11,-3,5,-19,-9,-2,3,-28,11,-7
-4,-20,2,-18,-11,-4,-4,-25,-5,-16,0,-5
9,-26,5,-15,12,-24,-5,-11,-9,-22,8,1
9,-10,5,1,-6,-6,5,-12,3,-19,12,-30
-4,-12,10,2,-3,-19,-3,2,1,-25,1,-30
9,-24,4,-1,-1,-21,8,1,2,-19,7,-9
-6,1,3,6,-3,-22,-6,-1,-3,-29,-11,-2
-10,5,-2,-2,-13,0,-13,-15,6,3,5,-27
-3,2,9,-25,-12,-25,-7,-2,-7,4,13,-16
3,8,10,-15,-8,8,11,6,-11,4,2,7
-11,-16,9,6,8,-16,-7,-5,-3,-12,-9,-17
13,-1,-9,-24,8,-23,3,-12,12,0,-11,5
-7,-8,6,11,-4,-22,7,-18,3,1,-7,-24
13,13,-9,-17,12,-10,6,12,-3,2,10,4
12,7,-6,13,10,8,-6,-21,9,8,-4,-12
-10,-10,4,-10,9,-18,9,14,-2,-11,6,4
4,-4,1,-3,-5,-19,-9,1,1,11,4,-11
8,-19,7,14,1,7,-2,-13,8,-1,-10,0
-4,-16,6,-15,11,18,4,-1,7,8,1,-8
-9,17,-11,17,-8,-12,5,0,-7,12,0,7
-8,13,-10,1,11,19,-5,-2,1,10,-2,17
2,16,-12,7,10,1,0,21,-3,-6,-1,13
-11,-6,3,12,7,-4,-11,9,-8,13,2,-5
13,-2,-8,-12,2,12,11,-2,-1,-8,4,-12
4,-5,-3,15,-6,6,2,11,-3,-6,-7,-5
-1,-4,-11,-4,-11,-6,0,13,2,10,-12,-10
-12,22,8,-9,5,16,6,6,-4,4,8,24
13,-2,11,-5,-8,15,8,16,-7,12,-12,-6
11,10,1,-5,10,-1,-10,5,6,14,-10,19
-3,3,-10,0,7,14,0,8,-9,25,-3,4
-10,24,9,17,-5,3,-3,30,6,22,7,13
-3,30,10,-2,-7,-3,-4,11,1,22,13,17
4,-1,-8,0,-8,6,-5,-3,-7,-4,7,4
-10,16,-3,3,-11,-3,-2,21,9,25,12,7
-3,19,-4,9,-13,10,3,23,6,10,-11,16
5,2,4,12,0,1,-7,12,0,15,-4,0
-12,23,6,16,-7,34,-6,26,-8,32,-2,29
-4,-4,-2,-2,-8,-16,-1,-6,-7,-16,2,-24
-4,-19,-9,-20,5,0,8,-33,6,-11,10,-35
9,-26,0,-18,12,-31,-3,-26,-1,-12,4,-2
6,2,2,-32,3,-4,-7,-8,-4,-24,1,-18
-3,-25,-8,-15,-8,-23,-1,-13,1,-22,10,-6
11,-7,11,5,11,-4,8,-13,-6,4,1,-9
7,-15,5,-3,4,-14,-7,-6,13,-16,1,-18
3,-28,-3,-13,7,0,-8,-9,0,5,12,1
13,-27,-10,-23,4,0,-2,-5,-7,-17,12,-12
-8,3,-11,2,10,-22,-5,-21,0,-4,-1,1
-9,3,-1,-3,13,5,-7,-10,5,-13,-6,1
-1,-11,1,-2,-6,-13,12,-6,14,8,-11,-20
6,-18,4,-4,0,-11,-10,-18,-5,-9,-7,10
6,-22,13,-16,-2,-17,-6,-14,-7,-20,7,8
-10,-3,-11,3,6,10,-4,-2,5,14,-7,5
-9,-6,4,11,2,-5,12,11,5,12,-1,-9
7,0,-9,-2,2,-2,-5,-10,2,8,-7,1
-2,-4,-12,1,6,-18,-1,3,-2,-4,-2,4
-8,-11,-8,-7,10,5,3,7,11,-3,-2,11
3,13,1,-11,-3,-2,-2,-3,0,12,-9,-15
-8,-11,14,-8,12,7,-4,8,-2,-14,9,16
11,-3,-6,-14,13,2,0,8,-1,5,4,-1
12,9,-9,-13,-4,21,2,-5,8,-10,3,8
4,13,6,-1,-4,8,2,-13,5,-10,4,23
-9,1,6,11,4,11,-2,1,-2,8,2,7
-10,15,-7,-3,12,-4,5,-6,12,5,-8,5
13,2,-7,21,-10,25,14,10,-7,6,-7,6
-7,10,14,-6,-7,9,-10,-7,-1,-5,-2,13
2,-8,13,17,6,-3,-9,24,-10,12,13,12
-3,15,-9,5,-1,20,8,16,-3,22,-11,26
12,1,1,19,-1,4,11,4,6,15,5,6
-2,-2,-5,1,6,25,3,7,-1,10,-11,1
7,32,-4,-4,0,8,13,15,3,16,-2,6
1,20,6,21,4,2,-11,14,-2,7,-2,18
0,3,-4,5,-8,-1,-3,3,9,22,7,3
14,9,-3,18,12,0,7,21,3,8,0,3
-11,24,-6,6,-4,3,-6,35,0,18,5,28
0,-4,2,-15,14,-2,4,-28,-7,-16,0,-32
10,-4,-10,-14,-11,-5,1,-25,1,-13,13,-21
-5,-15,-8,-32,6,-21,-5,-11,0,-25,10,-23
6,-6,1,-6,11,3,14,-7,-9,-16,13,-11
-1,2,0,-17,14,-5,-1,-2,12,0,-2,1
11,-5,-6,-1,6,-3,-1,-31,1,-30,7,3
10,-12,-1,-9,10,-30,-5,0,-1,3,-1,1
-2,-6,2,-20,-5,-28,-1,0,-3,1,13,-5
-6,-19,15,7,-11,-6,-2,0,-7,-12,-2,1
12,-18,-10,-16,10,0,-1,-12,8,-6,7,-3
6,-7,-2,-24,6,-11,-3,2,1,-26,14,-12
-5,3,-1,0,2,10,-1,-23,-1,4,-3,2
-2,2,5,7,14,-21,7,3,-1,4,-3,-17
4,-10,-4,2,1,-9,-6,-9,1,3,-5,-7
-6,-6,7,10,10,7,-5,-22,-2,6,7,7
-9,0,-2,-11,6,12,-4,11,-7,9,11,12
14,-7,1,5,4,-3,3,3,4,-7,-4,16
-9,-1,3,-3,-10,13,-10,10,0,-3,-9,-8
-5,-7,14,-17,-10,6,15,-14,13,16,-6,4
-4,9,5,-2,-10,8,-8,-13,7,17,-8,-17
-2,12,13,-3,-10,11,15,16,12,15,7,0
-6,5,3,6,-10,-5,-7,-3,2,3,1,4
-7,3,0,-12,-3,-3,-3,3,5,-2,-4,10
-9,-10,7,-11,9,12,-3,-7,2,-12,-1,-7
1,15,3,14,-9,22,-4,-1,5,-7,4,-5
-7,7,-3,14,0,-3,5,-6,6,-5,10,-7
-3,4,14,1,-7,5,8,4,5,20,-6,4
-4,19,-6,26,14,26,1,20,-6,8,10,4
-2,-7,4,1,3,17,9,-4,6,19,13,9
-9,-2,3,15,5,-1,15,2,6,18,-5,28
14,25,-9,0,-11,22,-10,24,-6,8,6,25
1,-4,0,19,-9,21,-10,23,4,-5,1,3
-2,15,-6,-4,6,1,-7,14,5,-3,10,12
5,29,3,24,-6,19,3,21,-9,8,-4,32
2,-2,15,9,0,17,14,6,-10,5,-8,1
4,18,-2,13,-8,35,-7,30,-2,32,9,5
3,20,-6,33,-2,9,-2,31,-7,11,6,18
-1,-20,6,-2,-3,-27,-3,-29,10,-26,-8,-9
13,-10,11,-20,14,-1,-4,-3,1,-10,-5,-33
11,1,-6,-4,14,-28,-6,-15,8,-5,7,-8
-5,-1,9,-27,15,-31,10,-4,-1,-6,-1,-5
-5,2,8,-2,12,-20,9,-27,9,-25,-9,-25
-6,-27,11,-6,4,-24,-2,-21,-1,-31,4,-4
11,-19,0,-30,-5,-24,1,-2,-1,-23,-5,-17
-1,0,8,-20,11,-4,-4,5,-1,-14,-3,-20
-1,-24,9,-23,6,-25,-5,6,-1,-2,-6,2
-4,9,-2,9,3,4,-5,-15,-2,4,-2,5
-6,-13,8,-12,-8,-16,-7,-21,10,-12,9,-12
6,8,-7,-3,15,5,1,0,0,11,-8,6
-7,1,9,-4,-1,-2,9,-4,7,4,-3,-12
15,-15,-9,10,11,-15,-7,-21,11,-7,7,-6
-8,-6,-6,4,14,-22,-6,-9,2,-7,6,6
7,5,-1,-9,10,1,-3,2,-2,-14,-4,3
10,-11,5,7,14,-15,-1,-17,4,-12,10,-18
9,-11,-2,-18,9,1,13,1,7,-9,3,0
15,-3,-7,-5,-10,-4,-3,-10,-2,16,-3,16
7,-12,13,-4,-2,-3,0,-7,-2,-14,10,0
4,-12,-9,-14,11,1,-8,14,-9,-12,3,4
1,-10,2,17,-7,-4,9,0,9,0,-9,9
10,-4,-3,-3,7,10,-7,20,15,7,12,17
1,-3,-4,11,13,6,6,-2,-4,15,5,-7
16,17,6,-5,-8,-9,10,-1,-6,9,-2,14
8,0,-8,-7,2,-8,-9,5,3,-6,6,14
6,4,16,-1,16,15,0,-3,2,-8,5,5
10,5,9,5,1,11,2,-1,8,13,4,21
-7,27,-9,-4,14,-4,-4,21,3,20,12,-7
-7,29,-4,14,-6,11,-4,3,1,-4,2,0
-7,-5,2,12,4,27,-7,3,16,-4,7,4
-5,21,13,-4,11,0,3,13,14,16,-7,18
-2,31,2,24,-4,14,16,31,-9,6,3,-2
-6,13,12,25,9,21,16,20,-8,12,1,31
2,-2,10,26,9,6,16,20,-4,32,-1,29
8,3,4,33,5,5,11,5,-1,16,2,8
6,7,13,5,-4,31,-6,0,-2,26,-9,10
-1,-33,15,-8,13,-12,15,-5,-1,-3,8,-31
11,-11,2,-1,15,-9,-8,-35,2,-30,-5,-2
-4,-12,0,-6,4,-13,-4,-32,-8,-32,2,-12
12,-18,-1,-5,13,-24,-2,3,-8,-33,-2,-28
6,-27,-1,2,-1,-20,12,-1,11,-3,-5,-30
8,2,-4,-2,14,2,-1,-27,-6,1,12,-9
5,5,-9,4,-2,-15,-7,-8,2,-12,-3,-4
-5,-1,0,-29,3,-4,-4,-14,11,-13,16,-29
-2,-27,-9,-11,4,-1,-3,-26,-9,6,-2,-1
-6,-25,-8,-14,3,-12,-8,-26,-9,4,2,-18
9,-6,2,-1,4,-1,-9,8,-4,2,-1,-13
2,2,1,-7,-3,8,-4,-17,9,-18,-3,-5
16,8,6,-2,-1,-16,14,-1,5,-6,5,-7
0,-18,11,-1,12,-1,-6,-11,0,-1,-8,-12
-7,-10,16,5,5,-13,-4,-22,9,8,1,11
-6,-3,16,-11,13,-4,-9,7,4,3,3,11
6,2,13,-8,14,0,-9,4,5,-1,-1,-6
17,11,8,-3,-9,0,5,-4,-3,-12,0,13
10,-11,11,14,2,-13,10,0,-2,-10,-5,-17
11,-14,10,-9,3,7,-9,1,-1,10,8,2
17,9,13,18,13,17,-7,12,-2,20,-9,-2
6,6,-3,18,-9,-4,-4,11,-1,0,10,9
5,8,-8,18,14,21,4,8,17,9,0,6
-2,5,10,6,-4,8,5,23,5,20,11,-12
5,12,10,-1,0,23,4,11,1,1,-9,12
-6,1,9,-10,17,12,15,10,2,12,-8,1
12,26,4,20,16,23,14,26,7,8,17,-5
16,-7,17,14,7,25,-8,-1,8,2,-2,8
10,16,-7,3,17,26,17,-7,-1,28,1,17
-7,-5,4,19,-6,10,-7,10,5,-1,9,-7
5,-3,-7,27,-8,12,16,14,5,8,14,5
1,8,-7,30,16,16,10,31,0,-2,-8,16
10,2,6,27,12,10,16,28,-8,24,-9,6
15,25,13,30,7,11,5,10,7,21,-7,13
8,-1,16,17,14,32,10,0,-1,23,-3,8
5,17,6,9,6,25,7,6,7,28,-2,10
8,9,9,18,3,28,-9,17,-9,28,-3,2
-2,-3,7,-7,-4,-29,-7,-30,-1,-20,0,-15
3,-4,16,-10,11,-19,5,-24,3,-14,8,-16
13,-8,-3,-23,2,-32,6,-27,17,-22,4,-8
8,1,6,-18,3,0,16,-30,-4,-18,0,-25
13,-5,-4,-19,-2,-5,-8,4,9,-15,-5,-18
8,-27,13,-24,2,-2,12,-5,-1,-21,-5,-24
12,-12,5,-10,2,3,13,-23,-8,-3,10,-3
2,-12,0,-11,-1,7,3,-16,-1,3,-7,-11
15,-21,-4,-18,-8,4,-8,-26,3,-28,3,-11
-3,-19,11,-17,-8,0,-8,-20,10,-26,3,-1
16,-21,3,7,2,1,-3,-25,-2,10,-1,-22
17,-20,-3,-4,2,0,-7,-20,4,-15,6,-11
7,-20,-2,-21,4,11,12,7,-1,-4,-6,-3
16,-12,10,2,-8,-8,2,-12,-4,-23,-8,-16
6,12,15,-8,2,9,-3,9,-2,-13,-1,-15
-6,-8,-1,-16,-8,5,-8,10,-3,-11,-1,-1
4,5,2,4,2,12,9,15,13,-11,2,-7
4,4,-6,-2,16,3,8,0,-8,5,-8,-7
3,7,10,-2,8,9,-3,15,-4,18,10,-6
3,-5,17,-1,-3,11,16,12,8,2,7,-7
-2,-2,9,2,6,19,15,14,-3,18,11,-4
4,-2,7,13,-1,2,-4,0,17,-8,5,-15
12,-9,-3,4,-6,-12,-5,-6,-6,-10,-2,-9
18,-12,10,-5,16,-4,4,-1,8,10,17,9
-2,0,7,-6,1,0,1,-8,0,12,11,7
-3,25,5,20,1,25,7,18,12,4,-3,0
-5,-6,-4,-10,-2,-3,-2,1,-5,23,10,4
-6,25,3,13,-7,8,18,25,6,23,4,2
3,5,5,6,-7,13,-7,24,3,3,11,7
5,12,-4,13,13,0,7,9,18,28,0,9
18,16,18,27,-8,30,0,9,-5,25,-7,24
18,-3,10,6,0,10,4,19,-3,28,11,16
5,30,17,32,17,25,7,16,-4,2,-5,2
5,22,2,5,-1,-3,0,2,11,26,8,0
-6,27,-4,16,3,15,12,13,0,6,18,24
8,20,10,25,1,31,6,10,-5,25,6,23
8,22,-7,5,4,36,0,0,-3,31,-2,4
17,-2,-3,0,3,-1,19,-33,3,-13,3,-33
2,-1,12,-4,0,-34,8,-9,5,-8,7,-12
3,-14,9,-4,2,-5,-3,-30,-2,-21,-2,-2
11,-17,-4,-7,1,-13,2,-26,11,-28,-2,-23
15,-18,-6,-6,15,-17,17,-26,19,-6,-2,-1
12,-14,17,-16,1,5,18,5,11,-25,13,-3
16,-11,4,-2,1,-17,1,-8,1,-26,0,-15
-3,-19,14,-27,10,-2,1,2,-6,0,0,-16
-2,-21,14,-9,-2,-20,7,-2,10,4,14,-16
1,7,17,-11,-7,-19,-7,3,8,4,-2,-1
-2,-5,19,-14,1,2,1,0,10,-5,-2,-17
0,-15,7,-2,2,-2,-7,4,19,-4,9,8
5,9,19,-20,0,10,-1,7,10,2,0,7
7,-7,7,-16,0,-1,-7,-8,17,-9,16,8
2,-4,17,-16,2,11,3,-13,-3,3,-2,6
-5,-4,-2,-7,-7,-14,-7,6,8,-7,-4,-3
0,-6,9,-18,0,-6,10,-17,3,-9,7,-16
19,12,-4,-16,12,-4,8,-14,0,-1,18,16
4,2,17,-1,0,7,5,-15,1,0,18,16
-1,6,2,19,13,13,9,11,-3,6,-1,-16
2,-2,3,-1,4,19,-6,-12,-4,14,-4,-4
17,10,15,-14,11,9,-3,8,-4,-1,7,21
-7,-14,9,-9,0,2,-7,12,-5,16,-3,10
19,5,-1,2,10,-3,-5,-6,5,12,7,2
7,14,6,21,-6,17,8,9,-2,11,1,23
5,15,10,-1,-6,12,19,-9,2,1,1,7
13,-4,2,13,10,12,0,3,2,-9,17,-9
12,-7,15,0,15,-8,10,15,14,5,-2,8
19,5,-7,-4,10,17,10,12,6,5,1,22
4,-3,0,27,13,17,-3,0,6,2,12,-7
11,3,1,4,-1,15,3,26,0,20,5,-4
6,-1,10,26,13,26,0,23,3,-5,-5,17
5,-2,3,25,3,1,-7,29,13,5,7,16
-1,24,-1,28,0,17,8,11,17,25,-6,5
17,10,0,25,2,8,1,5,-7,20,-6,33
7,32,2,21,13,13,-7,34,1,20,-4,12
-6,1,10,5,5,23,2,29,0,1,-3,28
16,-20,14,-27,10,-18,13,-24,10,-5,-2,-30
16,-10,16,-8,-6,-25,10,-17,8,-5,3,-8
6,0,-2,-6,-1,-34,-6,-21,2,-12,-2,-8
14,-16,-2,-18,-1,-21,14,-16,7,-31,9,-3
17,-12,20,-14,2,-27,-2,-3,1,3,-2,-27
14,-16,5,0,9,-23,7,-31,-4,-26,5,-24
14,-2,17,-2,12,-11,7,-13,18,2,-3,3
14,-4,16,-3,14,-24,5,-21,11,-29,-4,-21
1,-6,13,-1,0,0,8,4,8,-12,-4,8
13,-11,13,1,17,-21,6,-5,-2,-1,-2,-19
1,7,2,-22,15,-15,5,-19,6,9,-2,-22
18,-21,6,5,7,-7,7,-15,-1,-7,-2,10
3,3,18,11,5,-8,19,1,-4,-22,11,1
3,13,14,2,7,-13,4,-3,-1,12,-2,-2
18,7,-6,8,1,-3,6,-21,8,-20,5,8
-3,-4,9,-5,18,-8,9,-8,2,-9,-1,3
-4,-5,7,2,6,-11,10,11,6,13,-3,6
4,-1,0,17,9,4,5,12,10,7,11,-19
19,-8,0,-8,14,5,7,-9,-3,-7,-4,16
19,-8,14,-6,19,19,-4,-5,-1,-8,8,14
-2,3,3,18,0,-12,1,0,15,-1,19,-1
20,-1,4,-8,17,-11,-5,16,17,-4,9,11
11,-12,12,-4,1,21,-5,1,13,-6,-4,-1
10,-5,-5,1,-3,11,-5,13,-4,3,9,-1
-5,5,-4,7,-5,23,-5,-3,7,23,15,-6
-5,14,5,-2,-5,0,20,-5,3,23,18,-1
-5,-8,-5,2,-5,20,-5,14,-1,-6,18,24
-5,20,-5,11,-1,11,13,2,7,27,15,-1
8,11,17,-2,-5,26,17,7,-4,13,-2,-5
9,3,11,2,-5,24,3,5,-2,27,10,3
20,15,11,-6,10,27,-4,-6,2,-6,-4,13
-1,13,-4,17,15,-1,20,16,-5,31,-6,1
7,9,12,2,-5,5,20,22,18,15,3,22
-2,17,2,2,14,6,20,16,-3,4,7,6
13,9,17,18,-3,20,4,1,-2,1,16,30
11,22,-5,5,2,29,1,21,-4,2,-6,7
4,12,18,11,6,22,1,20,-3,29,-2,17
0,-33,18,-21,7,-10,1,-11,2,-29,-1,-24
6,-1,5,-3,2,-29,5,-23,3,-25,-1,-21
17,-33,0,0,20,-26,1,-28,18,0,-4,2
18,-18,16,-33,3,1,15,-13,0,3,-3,2
7,-2,1,-24,14,-6,10,-31,-1,-28,18,-26
12,1,15,-26,3,-27,3,1,2,0,-1,-11
1,-8,14,2,1,5,3,3,-2,-29,18,2
14,1,-1,-22,2,3,2,2,3,-1,7,-11
16,5,13,5,9,2,12,1,-4,-25,-3,-28
17,-25,-4,-18,9,0,13,-18,21,4,-4,7
13,3,1,6,12,4,3,9,-5,-14,-4,6
14,9,2,-10,5,11,4,1,-5,-17,-4,6
3,-1,5,-23,3,-18,19,0,16,-23,-2,-3
-1,3,0,-7,-3,2,18,-2,-4,2,19,-5
-2,4,14,4,5,-10,19,-18,6,-8,0,3
-2,1,21,-21,12,-7,8,-18,-1,-8,21,15
17,-10,8,15,14,-7,5,6,6,-1,3,-19
-3,-5,1,-15,10,8,10,8,1,14,13,4
0,5,-5,11,-1,15,-3,-8,19,12,9,4
19,14,20,0,5,-2,-1,11,2,-15,8,18
-3,9,4,-9,17,11,-1,-8,10,-8,10,15
-2,16,6,5,10,7,-2,3,11,6,15,8
-1,18,12,20,7,6,9,-9,1,16,-5,-11
12,4,4,17,21,15,-2,11,4,3,10,14
2,-10,-2,19,1,2,21,0,-2,-9,15,13
10,5,-5,25,21,4,21,4,-4,-2,-3,-7
14,4,13,26,21,3,21,6,-3,8,-3,23
2,16,3,13,21,3,21,24,-3,19,3,13
-3,22,0,19,21,2,21,6,-5,2,19,17
-3,16,-5,24,21,4,-2,12,-5,28,-1,18
1,7,2,7,21,1,19,19,-1,2,-3,4
14,5,4,26,11,-3,16,-3,18,-2,19,-3
2,7,-4,31,21,2,-4,6,-2,17,7,6
20,20,11,20,6,4,-4,8,1,19,21,7
7,10,16,31,8,17,-4,12,-2,25,0,18
20,16,2,9,21,15,-4,11,10,18,-1,35
8,3,11,35,21,4,20,22,-3,35,1,36
1,-34,0,-11,9,-27,2,-14,1,-12,0,-5
7,-2,18,-25,6,-34,8,-18,-4,-20,-3,-7
16,-11,1,-2,15,-7,5,1,-2,-8,6,-10
3,-25,12,-6,21,-28,11,-33,9,-2,22,-31
2,0,18,-27,16,2,12,-28,-1,-20,14,-7
18,-3,13,-9,21,-30,15,-2,19,-17,9,-14
19,2,1,-27,16,-3,9,5,-4,-13,-3,-5
14,1,-2,7,17,-6,15,1,-4,-3,22,-15
15,5,4,4,18,-24,17,6,-4,-10,-3,-6
13,3,13,-8,6,1,17,8,-4,-2,-3,2
14,6,-3,-18,15,7,18,-23,-4,-3,-3,1
16,9,-4,-4,9,11,14,-25,12,-22,-3,-5
19,-1,8,-3,2,2,-4,-13,11,-1,6,-24
2,12,11,-19,13,-7,0,-9,7,1,16,-20
9,-21,9,14,11,11,21,5,14,-19,16,-9
9,11,18,-15,1,12,7,15,-3,1,17,3
19,15,15,-19,16,-5,-4,-11,16,-9,8,16
10,-6,9,15,1,-2,13,15,11,9,1,4
1,-1,17,2,16,-18,15,13,3,15,-1,-1
-2,-10,4,12,10,17,21,-15,10,-6,9,-12
21,-5,9,12,2,-13,11,17,6,2,9,16
11,-3,6,-10,9,11,10,-7,1,6,7,-5
19,0,-1,11,5,6,21,-7,4,21,3,18
19,-9,15,17,4,11,21,18,-2,16,5,10
19,-12,15,-12,9,-6,4,9,4,17,2,2
20,-10,-4,4,15,19,1,-6,-4,19,1,-8
18,5,1,-4,9,18,18,16,4,13,19,-8
4,-2,15,0,16,11,19,26,-4,12,-3,6
8,9,5,0,16,25,-1,-7,13,11,18,4
12,22,-3,10,17,9,1,3,-4,25,-3,9
2,15,-3,10,1,26,6,21,-4,27,19,-1
17,27,3,-1,2,-5,-4,3,-4,14,-3,8
18,2,5,22,1,21,10,-3,10,13,21,9
3,1,18,27,-2,21,2,11,5,20,21,-2
4,2,21,29,-2,34,11,30,1,28,19,2
11,27,22,29,6,20,12,31,-3,32,19,25
19,16,2,14,-2,18,13,4,10,35,-2,3
18,-30,19,0,5,-3,16,-12,13,-1,22,0
19,-18,3,-10,22,-28,4,-16,3,-15,19,-8
18,-18,20,-30,21,-24,19,-20,20,-25,5,-29
3,-2,18,-10,20,-5,-3,-32,13,-24,-2,-31
6,0,-1,-17,10,-3,19,-21,3,-6,-2,-23
19,-7,6,-6,15,5,12,-22,4,-28,19,-14
17,-8,22,-8,9,-28,8,-12,3,-22,22,-23
7,-13,3,-13,14,-6,22,5,8,-28,2,-24
4,-9,20,-9,-2,8,12,3,2,-22,-3,-8
17,-11,23,-7,0,-8,12,-3,23,7,21,5
5,-6,22,-22,17,-18,2,-8,-2,-14,-3,-15
19,7,21,-18,0,-2,0,-4,-3,-11,2,-19
12,5,17,12,17,-20,-1,-9,18,-11,23,7
1,-14,2,-4,18,-14,7,-6,3,-13,-1,6
17,-22,-2,-22,21,5,-3,-12,1,7,15,13
5,-9,20,-19,8,15,12,-18,23,-16,5,-10
1,-18,8,15,1,-17,17,2,5,0,15,-7
10,9,4,-5,6,-3,0,-19,21,4,13,-14
16,5,16,0,12,-13,-1,-2,12,18,7,10
0,-11,6,0,21,15,1,-6,6,2,15,-16
12,10,17,-6,10,0,6,5,17,-14,5,-1
-1,-11,9,-10,14,-8,13,8,16,-2,8,1
3,16,-3,19,8,-3,21,8,23,22,19,-12
15,6,23,6,11,-9,-1,8,5,3,21,-8
3,-3,5,-1,11,17,17,-4,-1,-11,18,16
21,-9,6,4,-3,13,14,16,11,11,21,-2
19,8,2,3,13,-3,-3,2,1,23,19,4
15,6,-3,-2,-2,-9,9,16,9,19,20,-1
13,-5,-3,11,16,24,19,-2,3,23,6,7
18,2,23,0,19,27,18,15,8,22,-3,25
15,22,-2,1,21,19,4,-6,-3,30,-3,25
14,24,18,16,22,7,8,29,-2,19,20,8
20,26,18,12,15,12,-3,18,-2,-3,20,10
15,28,18,14,17,33,2,3,12,-2,20,13
17,28,20,20,4,3,-3,18,-3,9,20,19
17,31,17,23,1,35,4,24,8,29,-3,28
19,34,-2,18,15,18,-3,23,-3,7,16,34
8,-4,16,-19,18,-18,4,-16,-2,-32,18,-32
8,-27,24,-25,7,-35,19,-15,4,-10,21,-6
4,-28,19,-4,4,-29,7,-14,5,0,19,-27
6,-24,24,-18,12,-16,2,0,5,-33,21,-9
18,-11,24,2,17,-23,11,-27,2,-27,13,-8
3,-26,2,2,23,-17,3,-2,15,-27,24,-25
18,-11,18,-17,1,-29,21,-30,-2,-27,15,0
20,-9,5,-7,16,-9,4,-26,0,-23,1,-21
15,-13,20,-4,1,-26,20,8,7,-18,23,-20
8,4,18,-1,2,1,9,-6,15,-9,3,-20
6,-4,15,-5,2,-20,18,-7,17,-22,4,8
2,6,1,5,14,-10,19,-7,8,1,21,3
4,-23,3,-19,-2,-7,8,-8,0,8,19,-10
21,-15,22,4,5,10,10,-14,0,2,4,-8
0,13,14,-4,21,4,0,10,24,-4,7,-10
6,7,24,6,15,11,-2,11,9,6,1,-11
19,0,4,3,5,9,5,13,-1,-7,3,-1
12,-4,6,-5,8,5,2,5,20,-8,14,-12
16,6,6,-2,-2,-12,21,10,6,-13,21,12
12,10,6,7,1,-4,23,16,-1,14,2,15
14,3,12,-3,16,17,0,13,0,-4,-1,-12
0,-14,8,-2,1,-1,15,-9,-2,1,10,18
12,-3,12,22,14,18,14,12,3,-7,22,-1
22,0,19,1,17,-6,4,5,19,19,0,-7
9,14,8,5,19,21,5,0,1,11,12,-12
3,0,11,-8,19,10,1,-4,17,14,11,2
3,-6,22,4,16,-1,1,10,7,-1,9,1
3,24,19,9,-2,16,22,9,9,19,-1,5
21,19,19,1,4,17,16,4,-1,18,7,-1
18,20,21,26,7,17,3,21,2,21,8,20
11,24,16,-1,-2,10,3,5,1,-2,7,2
18,26,20,13,-2,13,6,8,1,3,8,0
17,27,21,5,-2,19,4,-3,2,3,-2,21
20,27,2,31,4,33,3,29,3,-1,8,29
11,29,3,10,9,24,5,19,-2,7,10,19
15,30,24,5,13,6,2,34,-2,28,-2,25
20,3,5,36,21,36,19,36,-2,13,20,22
21,-23,8,-4,10,-7,16,-11,5,-25,23,-25
21,-13,7,-20,14,-4,18,-7,5,-30,4,-6
20,-22,4,-9,13,-20,24,-30,3,-7,-1,-16
23,3,9,-31,15,-25,7,-24,5,-14,15,-17
8,-22,2,-27,12,-9,20,-23,0,-11,0,-15
23,4,2,-4,14,-17,9,-6,9,-10,1,-29
14,-27,3,-18,11,-23,8,-24,4,-15,18,-3
14,-14,6,-27,23,-17,15,-27,4,-4,5,0
24,8,18,1,4,-5,5,-24,0,-10,9,2
3,0,9,6,2,-22,23,-18,23,-10,17,-12
9,-19,15,-26,22,-4,19,-2,0,-21,0,-3
12,-23,24,-20,12,-3,22,2,4,-17,9,-7
20,-3,25,-19,11,-6,4,11,3,-15,10,-18
7,-12,6,-2,4,-19,12,-3,16,-1,5,0
5,-14,17,-19,1,10,3,-16,10,-16,13,-15
23,12,25,-19,19,-14,24,-9,3,10,2,15
22,16,11,-10,3,-18,10,-5,3,-10,17,-9
10,-4,16,6,22,-8,9,5,8,-6,12,-18
5,6,4,8,-1,3,11,14,-1,-12,1,5
11,-1,13,18,25,-17,16,-8,4,2,25,10
7,10,7,4,12,16,25,-11,15,-10,15,18
24,-9,16,20,8,15,15,9,15,-11,1,2
12,1,14,-9,1,16,2,15,12,1,3,-14
2,10,8,-12,25,23,25,5,5,2,2,11
1,15,19,-11,25,17,20,-7,19,1,24,11
14,-11,18,-9,10,13,22,-9,6,6,14,-3
11,25,4,13,6,-7,15,25,2,25,-1,5
20,-8,6,21,0,-3,1,17,0,2,9,25
6,15,18,4,15,21,3,-7,0,12,5,24
10,1,5,28,18,15,15,14,23,11,10,11
22,0,18,11,6,22,0,15,5,-4,10,21
12,13,1,25,10,13,0,14,24,28,9,21
22,-2,20,30,24,16,5,13,0,11,5,7
8,30,22,22,2,18,24,8,4,23,11,22
8,1,-1,12,6,21,5,26,4,10,17,8
6,5,12,15,2,17,-1,15,8,19,5,32
17,33,3,29,10,25,19,21,6,29,5,22
8,-19,23,-13,22,-25,0,-30,3,-23,0,-27
6,-33,7,-35,6,-26,0,-35,5,-6,0,-31
19,-9,8,-11,14,-6,20,-9,22,-1,0,-18
16,-18,25,-9,0,-31,17,0,21,-3,23,-24
6,-3,4,-28,8,-1,21,-24,6,-28,26,-17
25,-31,22,-6,9,0,2,-17,3,-9,4,-13
8,-1,11,-30,12,-11,9,-21,23,-24,2,-25
7,6,13,-25,24,1,17,-14,3,-5,18,3
3,5,2,-1,24,3,11,-27,2,-4,6,2
22,-16,22,-6,1,-25,5,-24,3,-18,15,-25
15,1,18,-6,4,-1,3,-23,17,-24,0,1
4,4,24,-2,13,-14,5,-2,4,-23,0,-23
10,0,1,4,4,5,11,-7,0,-22,0,-24
8,-17,9,6,18,-20,2,1,12,-12,10,13
15,13,7,7,3,-7,26,-14,24,4,9,-5
17,-3,2,-7,18,-8,25,-21,3,4,12,-8
7,-17,2,-18,20,-17,4,-15,7,2,2,-8
7,11,23,12,20,10,14,14,7,11,15,-18
3,-13,4,3,6,-7,26,9,1,-10,0,-5
11,-1,16,-14,16,13,24,3,18,10,2,-8
24,-13,14,-5,14,-3,5,-12,26,13,10,1
17,-15,12,-2,19,-9,2,-11,10,12,15,20
3,-6,0,-11,22,2,0,-9,6,-8,17,-6
21,-9,0,22,21,13,2,5,1,4,13,-2
3,-2,9,23,0,1,1,-9,3,5,23,-12
12,17,16,6,7,-9,0,-8,0,-10,7,15
25,24,7,23,17,7,0,11,2,13,12,17
23,2,0,7,18,2,0,10,3,11,19,7
20,-7,0,5,19,28,11,-4,5,-8,12,21
12,22,25,-4,0,-2,18,4,1,-1,17,0
13,23,2,26,10,12,17,-4,8,26,13,19
21,0,0,13,20,-4,5,8,1,11,0,0
4,4,4,5,23,20,2,1,13,21,0,-3
11,6,4,13,3,29,23,13,25,0,5,9
23,1,0,10,1,-1,4,20,9,33,21,17
22,18,0,5,4,11,0,3,1,18,9,29
8,8,0,9,3,30,9,13,0,5,7,6
