-5,-32,-13,-4,-24,-35,-23,-35,0,0,-21,-33
-2,-30,-16,-15,-6,-4,-1,-21,-17,-2,0,-29
-8,-24,-17,-30,-26,-21,-5,-32,0,-10,-12,-21
-16,-8,0,-31,-22,-27,-4,-33,-6,1,-1,-28
-25,-8,-8,-28,-18,3,-6,3,-13,4,-7,3
-2,-15,-23,-4,-4,1,-7,-19,-6,-24,-12,-3
-3,-14,-3,-24,-8,-14,-25,-5,-25,1,-12,-19
-19,-6,-5,-26,-9,-15,-24,-28,0,-6,0,-29
-12,-3,-10,3,-22,-27,0,-28,-2,-22,-2,-3
-4,-17,-11,-12,-1,-9,-5,-14,-23,-9,-8,-16
-10,-15,-18,-21,-15,-7,-10,3,-23,-18,-4,-20
-1,-8,-25,-22,-10,8,-14,-7,0,-23,-24,6
-3,-4,-5,-20,-24,8,-20,-8,0,-17,-1,-5
-5,13,-8,-20,-15,-3,0,-5,-20,9,-15,-19
-17,3,-26,6,-4,-20,-20,-9,-1,-11,-10,9
-16,13,-12,-5,-4,7,-13,0,-18,-10,-11,7
-6,12,-14,2,-26,1,-1,-10,-10,-6,-20,-17
-7,1,-25,12,-16,-19,-10,5,-3,-16,-11,-14
-4,2,-10,9,-18,-7,-2,18,-2,-13,-1,-10
-21,15,-10,-13,-5,-8,-19,18,-3,16,-3,12
-3,2,-12,-13,-10,-9,-8,6,-10,-14,-3,6
-4,4,-20,2,-4,-4,-18,14,-14,-9,-2,-5
-15,9,-17,-11,-22,17,-23,19,-21,22,-6,-12
-6,-5,-1,-11,-19,3,-2,-4,-16,-2,-1,16
-5,18,-19,-1,-2,10,-17,0,-9,3,-1,-12
-10,-5,-26,3,-21,-4,-19,15,-21,23,0,7
-21,23,-8,3,-3,24,-8,-6,-4,-3,-1,0
-17,24,-25,26,-13,24,-25,6,-11,25,-13,-4
-10,0,-15,6,-12,9,-18,3,0,11,-18,7
-18,12,-8,25,-2,2,-20,16,-24,20,-4,22
-5,21,-18,22,-20,-5,-14,7,-16,10,-24,23
-17,14,-24,12,-10,5,-17,16,-20,16,-6,28
-22,28,-18,16,-8,8,-18,29,-14,24,-12,19
-19,30,-7,17,-24,23,-6,7,-5,8,-2,8
-15,25,-19,17,-26,17,-2,10,-3,-2,-8,32
-18,10,-2,3,-26,16,-16,13,-14,17,-23,8
-22,26,-6,8,-7,15,-7,6,-12,28,-5,2
-14,-18,0,-18,-7,-21,-19,0,-5,-17,-8,-16
-20,-30,-8,-21,-16,-22,-21,1,-3,-20,-18,-34
-20,-7,-1,-24,-9,-9,-16,-29,-6,-24,-2,-29
-11,-30,-11,-14,-22,-28,-12,-13,-8,-7,-19,-17
-2,-10,-13,-4,-15,-6,-11,1,-21,-22,-21,-10
-8,-10,-3,-27,-1,-6,-13,0,-1,-1,-24,-20
-4,-29,-6,-19,0,-1,-21,-8,1,-5,-4,0
-23,-16,-17,5,-18,1,-16,-3,-15,-19,-5,-22
-6,-25,-16,5,-7,7,-24,-7,1,-28,-20,7
-20,-2,-8,-14,1,-1,-5,1,-11,-11,-1,-23
-7,-15,-3,-26,-14,-4,-22,-16,-6,9,-9,-12
-7,-4,-2,-24,-22,-24,-10,-22,-17,0,-1,-18
-10,0,1,12,-17,-15,-15,-4,-6,-4,-1,-24
-9,10,-16,-22,-24,-2,-1,-2,-18,-9,-1,-5
-20,8,-3,3,-8,7,-1,11,-7,1,-7,-21
-12,-6,1,-15,-9,9,-5,13,-4,7,-20,-21
-5,-5,-13,-11,1,13,-9,16,-23,-16,-2,-9
-13,-3,0,13,-4,10,-17,-14,-7,-13,-8,10
-5,-8,-8,-3,1,16,-25,5,-12,-18,-6,-11
-4,-7,-5,12,-1,3,-11,13,-17,2,-4,-9
-12,11,-3,4,-1,-6,-13,-9,0,5,-8,-1
-7,18,-17,-5,-12,6,-23,3,-20,20,-20,-6
-6,11,-13,-4,-25,4,-22,-10,-8,13,-11,-13
-5,21,-8,11,-2,-13,-15,19,-6,-8,-17,-10
-11,23,-15,9,-23,8,-13,5,-3,9,-22,-8
-18,23,-11,22,-24,15,-12,14,-24,23,-6,17
-19,23,-25,19,-19,-10,-2,5,-23,-10,-3,12
-15,21,-20,3,1,-7,-21,1,1,12,-4,-9
-17,23,-3,24,-3,2,-22,10,-12,13,-24,26
-7,18,-5,-7,0,10,-19,23,-20,19,-8,14
-8,6,-3,30,-2,18,-21,12,-25,20,-17,5
-3,-3,0,8,1,7,-15,4,-16,8,-21,-1
-6,5,-25,9,-15,-1,-17,2,0,9,-22,4
-17,30,-3,6,-5,31,-4,0,-10,-1,-8,1
-5,25,-17,17,-25,34,-18,17,-3,34,-11,31
-20,25,-13,30,-22,25,-10,21,-2,25,-19,14
-9,29,1,18,-12,6,-3,23,-20,27,-19,1
-6,-5,-19,-33,-17,-21,0,-7,-19,-28,-17,-27
-15,-31,-10,-14,1,-28,-22,-31,-24,-10,-8,-28
-20,-1,-18,-30,-12,-19,-16,-24,-13,-9,-14,-24
-9,-33,-1,-18,-23,-1,-7,-26,-14,-20,-10,-14
-11,-7,-5,4,-4,-24,-22,-5,-6,-17,-18,-7
-13,3,-19,-11,0,-10,-4,5,-1,-24,-18,-2
1,-19,-22,0,2,-12,-16,0,-20,1,-16,1
-18,-25,-13,7,-10,2,-5,-10,-19,-6,0,0
2,-16,-1,-6,-22,-4,-6,-22,-20,-24,-17,-3
-15,-14,-14,-11,-11,1,-10,-15,-11,8,-24,2
-19,-11,0,-23,-18,3,0,-4,-17,-20,-12,-15
-7,6,-13,-19,-3,-2,-17,7,-19,-13,-5,-16
-24,-8,-6,-14,-23,-19,-3,12,-12,-20,-7,-21
2,-4,-6,13,-13,-10,-19,6,-21,10,0,-21
-8,8,-23,8,-13,9,-10,13,-23,-15,-2,-7
-19,-18,-15,-11,-11,-11,-7,-1,-2,-16,-22,-1
-9,-11,-8,5,-21,-2,-13,5,-17,-18,0,11
-17,5,-21,-18,-24,14,-17,8,-5,-8,-24,-8
-1,-15,-13,7,-8,5,-9,-11,-24,-2,-17,-11
-8,-8,1,6,-4,5,-18,16,-20,1,2,-9
-2,6,-14,-15,2,16,-10,18,2,-13,-4,-5
-4,6,-12,-13,-12,-4,-8,19,-7,-15,-18,21
-9,2,-8,-4,-20,-11,-7,7,0,5,-3,-11
-24,12,-22,-10,0,-7,-2,15,-14,17,-11,17
-6,22,-3,16,-24,-2,-11,10,-13,7,-20,7
-4,22,-2,17,-4,16,-3,-5,-5,-11,-9,12
-8,5,-9,10,-8,22,-2,-6,-22,19,-16,11
-8,10,0,-1,-21,16,-1,19,-8,19,-21,21
-8,8,-9,1,-4,9,-20,11,-4,17,-13,-1
-11,6,-13,0,-16,13,-13,-6,-16,11,-4,1
-6,14,1,1,2,11,0,4,-2,-6,-10,3
0,4,-19,6,-21,17,-5,31,-18,-3,-18,21
-17,26,-15,22,-9,16,-23,32,-20,25,-10,11
-11,20,-19,-3,-2,11,-24,2,-19,15,-11,3
-6,0,-14,27,-1,24,-2,1,-6,18,-15,30
-12,20,-2,5,-23,9,-13,-1,-16,27,-4,23
-21,16,-22,12,-4,2,-20,20,-15,32,0,32
-1,-22,-5,-15,-4,-8,-15,-33,-19,-12,-11,-14
-5,-22,-17,-35,-8,-34,-8,-1,-8,-7,-7,-1
-1,-6,-7,-19,3,-9,3,-26,-12,-5,-1,-27
-18,-19,1,-18,-4,-26,-4,-22,0,-25,-19,-13
-7,-18,-22,-26,-11,-2,-11,0,-21,-12,-1,-30
-12,-6,-13,-21,-13,-29,-18,-8,-14,-21,-10,-31
-7,-7,-14,-14,-21,-13,-18,-4,-6,-1,-9,-20
0,-27,-7,-22,-1,-9,-2,-6,-12,-16,-16,-24
-12,-28,-2,-14,-3,-16,-16,-23,-4,1,-19,-11
-18,7,-22,-12,-7,-10,-23,-10,3,-15,-9,-2
2,-19,-7,-24,-14,10,-3,-20,3,9,2,-15
-11,1,-12,-6,-11,-20,-23,10,-21,-24,-3,1
-3,-21,-9,-15,-17,8,-16,-24,-7,-14,-8,0
-21,-4,-21,-9,-19,-12,-23,-13,-14,5,-17,-13
2,11,2,2,-12,-12,-14,-11,0,12,2,-21
-16,6,-23,-9,-12,3,-22,-9,-22,-6,-9,9
-8,12,-18,-5,-18,16,-5,11,-15,-10,-20,0
-12,10,-4,-13,-17,-6,-13,-12,-10,-4,-13,12
-19,0,3,11,-23,-6,-10,14,-4,-4,-12,14
2,15,-14,19,-3,7,-6,-15,1,7,2,11
-11,-7,-18,17,-19,-3,2,-16,-19,7,-1,-12
-2,13,-12,9,-20,-4,-22,3,-16,6,-10,-5
0,7,3,-3,-6,14,-1,10,-23,-3,-8,-11
-7,9,3,-5,-1,-12,-8,18,1,3,-6,15
2,16,2,23,-15,19,-12,-5,-1,21,-17,-3
-13,2,-11,10,-14,20,-13,-7,-20,19,0,19
-8,3,-2,26,-12,24,-6,16,-22,13,-5,8
-15,26,-18,15,-21,22,-19,23,-20,1,-13,-3
-10,14,-13,-8,2,23,-9,-1,-10,-7,-1,16
-7,10,-8,17,-6,23,0,12,-23,3,-5,-7
-8,27,-16,19,-3,27,-16,10,2,23,-22,18
0,5,-8,12,-18,-2,-16,19,-12,15,-19,30
-2,11,-8,14,-22,9,-8,15,-17,4,-7,12
-14,5,3,0,-16,10,-15,25,-8,20,-1,0
-7,-1,-14,27,-4,18,1,-2,-7,27,-19,24
0,32,-17,28,-3,34,-21,4,2,27,-22,12
-15,12,-23,10,-14,12,-13,27,-2,27,-7,29
-6,-9,-21,-11,-11,-6,-6,-35,-13,-11,-12,-9
-3,-22,-8,-22,-20,-7,0,-6,-6,-34,-11,-9
-9,-30,-18,-7,-10,-30,1,-1,-11,-28,-5,-29
3,-12,-17,-7,-18,-25,-15,-31,-14,0,-3,-1
-18,-8,-12,-24,-9,-15,-21,-26,-12,-1,0,-6
-5,-20,-13,-16,-12,-16,-22,-7,-10,-19,-16,-11
4,5,4,4,-7,-25,1,-6,-21,-6,1,-3
-4,-26,-2,-28,-17,-11,-5,6,-5,-28,3,-26
-20,-2,-13,-15,-9,-6,-17,-21,-5,-25,-2,-6
-18,-2,-14,-1,-19,-6,-2,-22,-6,-23,-12,-7
-10,9,-4,-18,-3,-16,-20,-20,-10,-25,-8,6
-11,-10,-5,-16,-16,-17,-22,7,-1,-19,-9,4
-7,-14,-6,5,-3,-12,-21,3,-2,-16,3,7
-7,-2,-13,8,-22,-17,4,-18,-8,1,-10,5
2,4,-8,6,-15,0,-13,-12,-21,-3,-8,-1
-3,7,-22,-4,-1,-14,-2,-12,-7,-6,-13,4
-16,10,-17,14,-22,-19,-7,-9,-1,9,-14,-8
-13,17,-21,5,-19,-11,3,-4,-6,12,-13,-8
-19,13,-6,-12,2,14,-4,-10,-7,11,1,3
-4,-16,-10,6,-21,-10,-5,17,-2,-4,4,-8
-5,7,-13,12,-7,-2,2,-1,3,17,-7,5
3,-7,-13,-9,-4,10,-3,-7,-14,20,-8,21
-18,7,-10,-7,-13,3,3,22,-5,20,2,-11
3,2,-16,1,-1,6,-4,-1,4,-7,-3,-11
-6,14,1,0,-16,21,-4,8,-19,20,-22,7
-7,9,-22,-3,-3,16,-22,9,-20,5,-20,8
-8,13,-15,23,-20,26,-20,4,-15,6,-12,-1
-15,26,-9,6,-14,-4,-6,-3,0,4,-9,5
2,-6,-3,9,4,3,3,21,-16,7,-13,0
-2,23,1,-2,0,-3,3,15,-1,9,-1,16
4,23,-19,23,-3,13,-16,28,-3,16,-19,21
-5,-3,-18,16,-12,25,-11,15,-15,3,-13,8
4,30,-11,23,-5,17,-5,18,-17,24,-14,15
-11,21,-7,3,-2,7,4,7,-10,11,-12,11
0,-1,-13,20,-1,6,-15,19,-2,7,-22,21
4,20,-1,14,-7,35,-3,31,-5,12,-7,30
2,12,-2,23,-21,12,-12,23,-10,17,-9,19
5,-23,-10,-3,-6,-8,-17,-24,-2,-17,-9,-23
5,-27,-3,-34,-19,-17,0,-24,-6,-17,-21,-31
-20,-19,0,-14,-1,-34,-3,2,-3,-4,2,-18
-8,-25,-5,-13,-1,-27,-9,-10,-7,-28,-1,-19
-13,-10,-19,-17,-1,4,-8,-16,4,-32,-10,-29
0,-10,-16,-9,3,-31,4,-12,-12,-17,4,-16
5,-15,0,4,0,-12,-15,-11,-1,-27,-1,-11
-9,-24,-14,-13,-5,-8,-9,-28,-4,-25,-8,-22
-13,-8,-20,-24,-5,-15,-20,-28,4,-13,-18,-16
2,3,-19,-5,-7,-1,-11,-24,-14,0,-20,-6
-4,-11,5,0,3,-2,-4,-2,-1,-20,0,-19
3,-24,-3,3,-6,8,5,0,-16,-3,-8,-21
-2,2,-1,-4,-11,-6,-2,1,4,12,-12,-19
-13,3,-4,11,-20,-21,-7,-15,4,4,-12,0
-9,-21,-2,-12,-9,-10,2,-1,-14,-19,-17,-1
-14,-16,-20,-12,1,-2,3,-19,4,2,-5,-21
-6,-1,5,-10,-12,9,-8,14,-1,-20,-15,10
-12,5,-10,-17,-14,-16,-1,10,0,-16,-14,8
-4,-13,-6,-8,-4,18,-2,5,-9,14,-2,13
-3,-2,-11,5,4,13,-15,-13,4,-7,-13,13
1,9,-10,1,-1,13,-8,-12,-19,-6,-2,8
0,19,-3,-3,-19,6,-10,14,-5,-12,-12,11
-2,7,1,-11,-6,7,-11,20,-19,10,-5,3
-8,-7,-17,4,-13,20,-19,-1,-10,10,-14,11
-5,-7,-21,14,-19,23,-1,-11,3,15,0,5
4,18,-17,11,-21,9,-4,-11,0,7,-18,3
-10,4,-4,1,-2,12,-3,-10,-5,14,-2,19
-4,26,0,23,2,7,1,-7,-14,16,-2,3
-6,4,-2,22,-6,27,-18,8,-10,16,5,26
-16,28,5,2,2,12,-5,5,-17,18,-11,17
2,26,-9,18,3,-3,-14,6,1,0,-1,21
-7,25,-10,7,-16,12,-19,23,-18,30,-13,0
-12,14,-14,22,-12,5,2,6,-21,10,-2,10
-16,19,-10,17,-6,21,-21,4,-21,5,-13,7
-1,-2,-1,12,-14,0,-18,23,-21,33,-14,26
-10,18,-2,0,-20,2,-7,10,-18,23,-8,1
-21,21,-2,31,-2,35,-12,7,-20,22,0,24
-9,-27,-11,-4,-10,-31,-15,-36,-17,-9,4,-2
5,-22,-20,-4,4,-27,-5,-23,-1,-23,-19,-35
4,-6,5,-4,-7,-2,-20,-12,-1,0,0,-30
-9,-20,0,-6,2,-26,3,-19,2,-32,-8,-8
-6,-21,-4,-20,4,-14,0,1,-2,-23,-8,-1
-4,-19,2,0,-5,-21,3,-25,6,-27,-7,4
-13,-19,-6,-22,4,-19,-5,-20,1,-6,-1,-12
6,-1,-6,-29,-20,3,-17,-5,2,-17,-7,-26
-2,2,-11,-14,-6,-4,-12,-21,-6,-5,-12,-1
1,-16,3,-16,-3,-16,-6,5,-20,-22,3,-9
-9,-10,-3,-26,2,-13,-15,-16,-4,-19,6,-9
-18,0,3,-4,-13,-2,-9,-19,-19,7,-5,-13
-1,-13,5,-24,3,-15,-20,9,1,-5,-19,-20
-9,-11,-12,-10,2,-14,-11,-14,-8,-12,-7,11
-16,-3,-17,-4,6,8,-11,-3,-10,-5,-18,6
4,14,-7,-9,0,2,-18,14,-20,1,-11,8
-6,-7,3,11,-19,2,-1,-18,4,15,-11,8
-7,-2,-1,5,-7,-16,6,5,-10,6,2,11
-14,-6,-8,-5,-13,-18,-2,5,-6,-3,0,16
-8,-10,-2,-2,4,-12,-15,3,2,-6,3,15
6,20,2,-1,-3,7,-1,-3,-18,-1,-8,13
1,-8,-18,17,4,-3,-17,-7,-1,15,-10,14
-16,6,2,-12,-18,11,-14,-6,-15,-9,5,-7
-7,-2,0,21,5,-4,-14,-3,-18,-2,-20,21
4,19,-3,21,4,5,-10,4,4,5,-14,11
-2,18,-4,-11,-1,10,-18,15,-8,19,-10,21
-14,12,-3,21,5,10,-10,-9,-10,19,-8,6
1,7,-6,1,-13,15,-9,2,0,24,-9,-8
-13,17,-12,28,-19,27,-1,9,-18,15,1,8
-6,-5,-12,18,-13,-1,-1,19,-1,-1,-15,5
-13,20,-6,28,-15,6,-4,24,2,-4,-5,26
-3,8,1,18,-18,8,2,25,6,28,-4,14
3,19,-16,10,-19,32,-5,5,1,19,2,19
-5,32,-4,11,-8,20,-3,11,-16,33,-6,26
-2,-2,-15,28,-5,6,-4,11,-12,24,-9,15
4,29,-11,7,-4,-1,1,17,-6,8,-5,8
-17,32,-5,23,-7,15,0,32,-18,22,0,23
-8,-30,6,-24,-5,-11,-12,-6,2,-4,-6,0
-4,-9,2,-27,5,-7,-11,0,6,-33,0,-29
0,-20,-13,1,-13,-8,6,-21,-19,-1,-9,2
3,-33,5,-13,5,-32,-14,-16,7,-16,-9,-20
-7,-18,-1,-21,-3,-13,4,-23,-5,-30,-15,-2
1,-8,-13,1,0,-27,-16,-24,-8,-23,6,-14
7,-10,2,1,7,-6,-13,-13,-11,-8,-9,-2
-17,-14,-6,-12,-8,-26,-13,-11,0,-22,-19,-1
-16,5,-17,-26,-17,-17,7,8,-19,8,5,-14
7,6,-3,-9,-1,-25,-5,-17,-18,-14,0,-6
-19,-12,-7,0,-5,-23,-16,5,-2,5,-15,-20
-18,-13,-14,-17,-11,-9,-7,-10,-6,-5,-16,-15
-4,-18,-17,-1,5,11,5,4,-3,-12,0,-23
-4,6,6,-7,-17,-18,4,-10,-1,-13,-11,2
-10,7,-8,0,-19,3,-3,-5,-5,11,-14,-3
-19,-4,-4,5,-14,-13,4,-19,5,0,-3,7
6,-14,-10,0,-8,-20,4,-3,-1,14,-17,5
-5,-1,-6,-6,-14,5,-17,-12,-1,-11,6,-3
4,11,-8,5,-2,-15,0,16,-11,14,5,-2
-7,2,-7,3,-10,18,-6,-17,-3,3,5,9
4,-4,7,8,-13,11,0,5,4,-5,-11,17
-5,2,2,-9,-3,-1,-15,-9,1,5,-1,-10
3,2,-16,-7,-1,-11,-1,10,6,-13,-16,1
6,7,4,3,-14,7,0,9,-4,14,7,19
2,2,-10,0,-19,-8,-19,24,6,23,-16,17
-12,17,-2,6,-7,-11,-6,8,5,11,-7,22
-11,26,0,-2,-18,17,-15,24,3,-1,-18,-3
-5,24,-4,16,-1,17,7,-7,-2,12,-16,-3
-12,11,-12,2,-18,11,-18,23,-1,-1,-12,0
6,27,-2,-4,-16,3,0,-7,-8,23,-18,24
-8,1,-18,-1,-5,28,-16,20,-2,5,-10,30
4,-4,0,9,-1,14,-2,26,-1,-5,1,11
-12,12,-15,22,-19,26,2,10,5,10,4,10
2,17,3,32,-13,28,-18,2,3,31,-17,18
-9,24,-6,26,-3,13,5,1,-5,32,-8,31
-13,35,5,23,5,28,-9,21,3,19,0,-1
-13,29,-7,4,-6,0,0,16,-15,11,-9,4
-1,-32,-1,-26,5,-18,6,-19,-1,-8,-14,-26
7,-30,2,1,-6,-29,8,-32,-4,-35,-16,-9
2,-3,8,-30,-12,-22,-3,-20,-15,-9,8,-22
7,-17,-15,-11,-11,-1,3,-24,-16,-24,-2,2
4,-8,-3,-28,-8,-21,1,3,-1,-26,-2,-7
-5,-3,-7,-28,-12,-26,-7,-12,5,-30,-15,1
4,-24,8,-9,-10,4,-7,-16,6,2,-4,-8
6,-18,-13,-13,-13,-23,-15,-9,3,-9,-5,-13
6,-14,1,-24,-4,0,4,4,6,-21,-7,-10
0,-20,6,-20,-17,-18,-13,-24,-15,1,-3,-21
0,-21,3,-25,2,6,-9,2,-1,-16,-15,7
-16,-8,-11,3,7,-17,-18,-16,-13,5,-16,7
0,-16,1,11,-6,8,-14,-9,6,-23,-16,-23
0,-6,-9,-5,5,6,-9,6,-15,-21,-1,-11
-12,13,-6,5,8,-2,1,7,-6,2,-18,4
-7,-1,-1,-5,-12,7,4,-1,-3,0,-17,7
-18,3,8,-20,-16,-1,-4,4,3,6,5,4
1,-4,-8,9,-17,-3,1,-15,-9,-13,-16,8
1,-16,-10,-1,-4,9,-9,-4,-8,5,6,9
6,-2,-14,-5,-6,14,-15,4,1,11,-2,1
-1,-13,7,-6,-12,-2,-9,-15,-14,-15,2,-11
6,-12,-18,-14,-2,-7,1,5,-2,0,-16,21
-1,-5,-5,-11,-12,3,8,-2,-1,18,-13,13
-14,23,7,1,-1,4,-13,22,-9,-1,-3,16
-2,19,7,5,-8,15,-2,15,-16,-10,8,17
-18,-1,4,22,-9,-7,-5,24,8,17,-14,3
-6,15,-12,-1,-18,25,1,-5,-9,-2,5,25
-12,22,1,-2,1,14,-17,21,-2,7,3,3
-18,14,6,8,1,23,-6,12,2,18,-10,6
-9,9,0,-7,8,3,-13,21,-4,22,-8,-6
7,21,0,8,7,19,-3,21,-5,7,-6,28
-14,12,-7,24,2,9,-3,-1,4,13,-16,-3
-14,30,-15,19,-4,6,3,16,-5,26,-10,16
-6,28,-5,3,-3,1,4,6,6,28,7,33
6,8,-11,29,-14,26,-4,20,-6,6,6,18
0,23,6,10,-11,25,-9,26,-9,2,-4,7
-5,30,3,7,6,26,-7,13,1,32,0,3
-4,-24,-4,-34,-10,-16,8,-4,-4,-33,9,-31
-11,-7,-6,-5,-16,-11,2,-32,-1,-29,-3,-28
3,-33,0,-28,-11,-30,-16,-27,-8,-33,6,-26
-14,-4,-14,-8,5,-18,-17,-33,6,-4,2,-13
4,3,6,-4,-4,-6,1,2,-3,-7,1,-8
2,-21,6,4,6,1,-12,-9,-10,-26,-3,-31
0,-16,-9,1,-9,-5,-17,-27,-3,-26,-11,5
-4,-24,-9,-26,-12,-4,7,6,4,-22,-4,-16
5,6,7,-7,5,-10,-6,-18,3,-10,9,-27
9,-5,-1,1,-4,9,-4,9,-7,-15,9,-8
5,9,9,-21,-1,8,-8,-9,5,1,3,3
-7,-6,-17,-20,-14,-12,-10,-22,9,-14,-12,-12
-8,-3,-11,-12,0,9,-3,-22,7,9,-3,-12
-3,-18,-14,-17,-17,-23,1,-22,5,-15,4,-17
-3,-16,7,11,-17,-19,2,-13,-17,1,-5,-15
-7,-5,-4,-10,-3,-14,-1,-18,-9,6,-6,-2
-8,7,1,13,0,-8,-14,7,-15,13,3,-2
-11,6,7,9,-2,4,-3,12,-12,1,-3,7
2,-2,-15,-17,-15,-8,-11,10,-17,9,-12,6
-2,-10,9,3,9,-10,6,-5,-17,1,2,13
-7,-2,-8,-14,-1,19,-12,-15,6,-14,-2,-16
0,-9,-5,-4,-12,-13,-1,16,4,21,-13,21
3,-9,8,-3,-12,9,6,12,-16,-5,-14,-1
2,-7,-6,-5,-7,-1,-5,17,6,23,-10,5
6,3,5,18,0,8,-11,-7,6,5,-14,23
2,-4,-16,0,-9,17,4,-11,8,21,-1,10
-9,15,5,14,-8,4,-2,15,-14,9,-6,18
5,-1,1,13,-8,7,-11,12,-10,13,-10,6
-1,5,-16,6,4,19,-1,15,-3,6,-13,26
-16,15,8,29,-14,23,3,15,-6,4,-4,13
-13,25,-16,28,-4,18,7,7,6,22,-15,18
-11,18,2,-5,6,-3,4,27,-9,11,4,14
3,8,-13,27,0,31,-10,0,5,-1,-13,9
-3,5,-7,10,-11,12,-11,-2,-9,14,-7,22
9,7,4,-2,-7,27,-13,22,-6,31,2,13
-1,17,3,27,2,25,-9,25,-9,0,-5,17
-7,24,-3,7,4,22,-7,5,-12,10,-9,34
-14,-22,0,-25,2,-13,7,-28,1,-18,10,-20
-8,-1,-3,-28,-9,-26,-15,-25,-10,-22,-7,-29
6,-3,-8,-33,5,-9,-9,-12,8,-24,-1,-19
4,-22,-3,-28,0,-15,10,-6,5,-24,7,-7
-6,-17,3,-20,-7,-7,-10,-25,-4,-23,0,-22
5,1,0,3,7,-21,0,-27,-2,-21,-5,-21
2,-7,-12,4,1,-21,-1,-25,-6,-30,-15,-1
-7,-3,0,-21,-7,-11,1,-24,6,-3,-3,-8
7,-23,-16,-19,-15,-28,-2,-10,10,-18,-5,-8
7,-27,0,-14,3,-18,7,-20,9,-3,-15,-2
-1,-1,-12,-17,-13,-22,-1,0,9,-12,3,-13
5,-13,-15,3,1,6,1,-17,-3,-16,0,-23
-14,-6,5,-5,3,-16,1,9,-6,-5,6,-4
5,-18,-14,10,7,12,9,4,-3,0,10,7
3,-17,-12,-4,4,-4,-12,6,5,9,-14,11
-8,-14,-11,-19,-11,-8,-12,2,6,-17,9,2
-6,9,8,-8,4,-15,-2,-5,1,-6,-3,6
-15,6,5,-8,-8,5,-1,4,0,13,3,-2
-14,4,-9,17,-2,-7,9,3,4,14,6,18
-6,19,-15,-17,-13,-5,-11,-9,-15,18,-1,17
0,-6,8,-10,-11,-5,-9,-10,-1,10,5,11
7,-6,5,-13,2,15,-3,-4,1,-6,8,-14
8,-10,7,-10,5,3,5,8,-1,16,-15,-2
-7,1,-4,-1,2,1,5,15,-2,6,7,-1
-16,0,6,1,-16,17,7,11,-8,-6,4,24
6,-2,4,19,-11,-2,-16,0,-15,0,10,17
-8,14,-15,17,7,3,8,13,-4,19,5,19
4,-2,5,12,-5,-2,-5,18,-3,19,-11,20
-12,15,-1,26,-13,27,5,23,10,21,-10,24
7,0,-6,4,-2,-6,-12,24,0,12,8,6
9,13,-3,19,-4,-4,-9,5,-16,7,-11,11
7,3,-13,5,2,29,6,3,6,23,3,11
1,29,-9,-2,-11,1,-14,29,-2,7,-6,19
5,28,-6,12,7,1,-5,5,8,25,4,-2
-13,11,1,34,10,33,-1,30,-13,-1,-4,22
-2,9,6,9,-7,-1,0,21,1,11,7,35
0,7,-14,31,-14,22,6,36,-2,17,-7,12
-3,0,0,-36,1,-7,-10,-31,-11,-9,5,-1
5,-9,-15,-31,3,-27,3,-19,-1,-22,9,-27
-1,-3,-1,-20,7,-22,-10,-20,0,1,5,-31
9,-15,8,-20,9,-2,5,-12,3,-31,11,-30
1,-8,4,-4,-4,-26,7,2,3,-6,0,-24
-8,-9,-3,-2,-3,2,-7,-23,11,-30,-8,2
-8,-18,-4,-2,-2,-22,-11,-9,-8,-7,10,-5
-14,-18,-8,-28,-7,1,-11,-20,8,-17,10,-25
-1,-28,-12,-4,-2,-21,9,-2,5,-27,5,3
-1,-26,3,-25,5,-11,10,-24,-10,-26,0,-9
10,-23,-12,-17,1,-2,-11,3,0,-16,8,-17
-7,-10,6,-16,-3,-8,0,-5,8,10,-13,-8
11,8,1,-15,-3,-5,10,-4,10,-8,-3,-23
7,13,9,-18,-3,-16,10,-17,5,13,-4,-14
11,9,3,13,-10,7,-12,14,2,-17,6,13
3,5,-2,-3,-6,6,1,14,-12,5,8,-20
-7,9,-15,5,-4,7,6,13,8,-16,0,2
-14,4,-11,13,-5,-3,-12,10,1,-11,6,-10
2,2,0,-17,-8,13,2,-1,3,14,-3,-10
-10,6,-4,14,-7,15,-13,-8,2,-10,6,4
6,17,11,-1,5,14,9,16,6,-2,7,12
5,-9,-4,-11,-4,8,-3,10,-2,-11,2,-15
8,0,-3,0,7,10,-10,19,-3,9,-13,-6
4,-12,8,-10,11,2,5,12,9,-11,-8,22
2,-11,-3,6,-2,0,10,16,-12,17,-9,15
7,-8,-1,7,11,5,10,5,-10,4,5,2
-14,3,7,17,-8,-3,5,13,-9,-9,-1,21
-12,27,4,23,-4,17,-6,-5,-5,18,-3,11
1,-5,-11,16,-9,27,11,12,7,14,3,2
0,-3,8,1,-5,25,-6,13,-10,17,-6,12
-14,15,-2,21,-10,22,8,26,1,27,0,-2
-11,24,-8,22,1,15,-3,5,-9,9,-15,9
-12,13,-12,12,-6,28,-4,28,4,0,-14,23
6,0,-11,7,10,20,-5,22,-5,11,7,29
6,-2,5,13,-15,20,-1,18,-12,19,9,13
-4,7,0,28,-11,1,-8,30,8,31,-5,11
-7,5,10,6,-3,13,10,11,5,35,-7,23
-11,-25,9,-17,-11,-21,12,-17,-6,-23,7,-31
-5,-24,9,-6,8,-12,11,-12,-4,-28,11,-29
-12,-1,-2,1,-12,-4,8,-9,-11,2,4,-25
-1,-26,4,-17,-11,0,-6,-12,-4,-5,1,-7
-2,1,9,-2,4,-32,-2,-32,11,-29,1,-22
4,-15,2,1,1,-16,4,-1,-3,-29,-13,-15
10,-6,-8,1,10,-26,3,-18,-12,5,-3,6
9,-4,-1,1,-10,-25,-5,-23,11,-7,8,-10
-8,-25,12,0,1,-22,-4,-22,-7,-27,5,8
-12,7,-7,-23,5,-2,-5,-14,7,-22,5,-19
-9,-19,3,3,2,-17,2,-18,-11,-23,2,-20
-7,-8,-8,-14,4,-24,-8,-23,-10,-19,-4,-3
-9,-22,-2,-16,11,-14,1,-16,12,-11,4,-22
10,0,11,-14,-14,0,3,7,4,12,2,-8
12,-21,7,7,-4,11,-4,-22,-14,-7,7,-12
-6,-17,7,3,6,0,-14,0,12,6,-3,-10
10,12,0,3,-5,0,11,4,-13,-8,9,-17
-12,-7,-14,8,-14,9,3,8,-4,-11,-8,0
-10,-11,0,9,1,-11,2,0,-13,2,11,6
-2,-7,-1,-9,12,14,7,2,1,-16,-5,18
-4,-12,-3,19,8,19,8,5,-10,-16,3,19
-12,-4,8,-7,3,-5,0,-10,-12,-3,1,-13
-7,0,-6,-6,9,19,-1,-5,12,-6,0,4
-10,-5,-14,-2,11,-1,7,-6,11,-4,-1,19
0,15,3,-10,2,10,9,6,5,21,1,-5
11,1,-2,-11,12,25,8,0,-12,21,4,25
-7,-3,9,26,-10,-1,6,-10,0,10,2,14
-11,-3,-12,1,-5,-3,-13,10,-2,27,-9,14
-2,-4,-12,3,-4,27,3,21,-3,2,7,26
-10,5,-10,-1,-4,10,4,19,10,1,0,10
-11,21,-9,17,-1,14,-1,12,-13,22,-11,13
-3,23,-6,2,3,-3,0,9,10,4,-5,12
4,24,12,10,4,24,6,0,-7,8,-1,27
-9,9,-11,33,-1,15,-2,-1,8,21,3,15
-9,11,-1,21,8,1,-7,27,10,-2,-12,28
-7,19,3,34,1,25,10,23,-5,4,-13,34
11,36,-10,3,2,36,-9,21,9,13,7,1
-13,-3,-3,-31,9,-2,4,-35,-12,-31,4,-25
-12,-6,-13,-15,11,-20,5,-16,0,-4,-4,-35
13,-31,4,-27,4,-16,2,-16,0,-24,-10,-34
0,-33,5,-8,1,-27,-4,-31,4,-3,3,-10
-4,0,-3,-1,4,-5,3,-25,7,-27,-9,-17
1,-7,-3,-13,7,-22,-10,-3,-3,-10,-13,-6
13,-12,-6,4,2,4,-10,-30,-1,-27,-5,-21
-9,-24,5,-20,5,-20,-1,-5,0,-11,-1,-2
-8,-18,-5,7,-8,-2,1,-1,10,-23,-5,-22
-7,-7,-1,3,0,-25,11,-11,0,-25,-2,-3
-8,-6,-6,-23,5,-6,-11,3,0,-12,-6,-10
-2,-21,-4,0,1,11,-11,6,-12,-15,-5,-12
-7,-17,11,11,-7,-6,-2,-20,-9,6,-12,2
-8,-23,2,9,13,5,8,2,13,7,0,-15
-13,-14,-1,-6,-1,7,-5,12,3,3,-8,14
-7,-13,-9,-13,-11,13,-13,-9,7,-11,-1,-2
-12,8,-7,3,-1,-6,-6,-11,0,2,-2,1
4,13,7,-3,-9,13,-5,1,0,0,6,4
-6,-8,-6,6,11,5,12,17,0,-6,-1,12
-13,12,4,13,-5,-15,-2,-14,-2,-13,11,-8
-11,-8,-5,7,8,-10,5,-2,7,13,10,15
-12,-9,-11,3,3,-12,12,15,-9,6,4,4
-10,-12,6,4,10,1,10,16,10,10,8,4
-5,-11,12,7,6,21,-1,-10,-9,15,-4,-4
13,5,-1,21,5,-2,13,16,4,21,11,5
13,14,-12,21,9,5,-6,6,2,-4,-2,5
-13,18,13,15,10,-2,9,9,9,21,9,4
-12,17,-7,12,3,3,-13,-3,11,25,4,18
-12,-3,-7,17,-6,3,1,-2,3,13,5,24
-10,-3,4,-3,-6,-3,-12,15,-7,26,0,20
-9,0,-4,3,-5,13,-11,16,5,16,-10,17
0,-3,6,10,10,16,4,14,-11,13,4,11
13,-2,10,6,6,26,-9,26,-3,11,3,28
-3,-1,3,2,-3,18,-6,31,4,13,6,23
11,31,-10,18,2,16,1,1,-2,3,-6,1
-7,25,12,3,-4,9,5,16,-7,15,-6,11
0,26,-10,4,-8,33,-2,31,-9,33,13,31
-9,-31,6,-5,3,-33,-6,-9,2,-1,-7,-31
-12,0,11,-11,3,-26,1,-4,-4,-5,6,-29
-10,-25,-4,-16,1,-18,-1,0,4,-12,-11,-29
-6,-18,7,-8,6,-28,3,-18,6,-19,-4,-1
-2,1,12,-5,3,-15,6,-4,9,-22,4,1
0,-16,8,1,12,3,8,-20,0,4,9,0
-10,-20,9,-18,-7,-14,-2,-19,-4,6,12,3
-4,-23,-6,-21,-5,-19,-11,-27,-1,-7,-6,-24
-6,-15,-4,-14,-10,-24,12,-1,13,-2,-12,5
-7,-19,-7,-23,-5,9,-2,-14,13,-19,6,-11
-7,-17,-6,-25,-12,-17,-6,-20,9,-26,11,7
-11,7,8,-16,9,-15,-10,11,14,-9,0,-8
-11,11,-1,-13,0,3,7,-17,-8,10,0,-18
-9,-11,-7,-18,-8,-18,-12,11,-8,12,10,-5
-1,-17,-5,-7,-3,-3,-4,3,12,-10,10,-6
-10,-20,5,-2,6,-8,11,-16,4,-3,-2,-19
-5,-17,6,-2,-9,8,-12,-19,0,7,1,13
3,-14,-4,-8,-12,7,2,10,4,-14,-8,9
2,10,-1,-5,-4,9,14,-5,6,13,10,3
-10,-10,-6,-7,4,-13,6,12,7,-9,13,-4
-12,15,8,-10,-8,3,0,6,1,10,14,10
-10,-10,8,7,2,-6,9,-10,4,-15,12,13
7,16,-10,12,-9,5,-2,4,11,2,6,-7
-8,22,12,5,0,7,-2,11,-3,-6,-11,1
-2,-3,11,15,-10,2,14,10,-4,8,-9,4
-4,16,-4,-11,9,23,14,0,-1,-8,2,16
-6,7,6,7,-7,20,-12,5,6,8,-6,1
1,1,-5,-2,-10,0,-11,20,-12,25,9,17
-11,-8,9,27,13,26,3,-7,-1,1,14,16
-12,29,-6,8,-6,-5,1,7,-12,12,-11,13
-1,15,6,14,-8,16,13,28,-4,17,-2,28
10,18,-4,17,-7,22,-10,3,11,18,-8,26
7,25,6,20,1,31,10,6,2,14,7,18
3,19,4,20,-5,25,-2,33,-2,15,5,19
13,12,12,12,6,2,3,15,-4,1,8,7
-2,4,-10,20,-3,2,9,0,10,16,11,22
-6,1,-10,34,-7,15,4,32,0,16,-3,4
-10,-28,0,-10,13,-9,-11,-9,9,-32,4,-23
15,-24,-10,1,10,-24,11,-22,-2,-20,-2,-25
-11,-34,-11,-19,-5,-11,9,-19,-2,0,-9,-24
-11,-7,8,-6,-8,-24,-10,-25,12,-6,-1,0
9,-12,-4,-27,-6,-32,1,-16,-1,-23,-8,-21
8,-12,11,-12,11,-10,-2,-16,-7,-26,2,-8
-2,-25,4,-19,-3,-7,12,-10,10,0,-4,4
-1,-29,-11,3,-10,-15,-5,0,-5,-6,0,-27
4,0,13,6,4,-17,-9,-12,6,-8,-10,4
-1,-26,-4,-10,-7,-13,-10,1,-2,-5,7,3
-9,-20,-5,-24,-9,7,-3,-25,3,-4,10,-13
3,-5,5,-9,3,-12,-2,-2,-3,-23,5,-20
-5,-19,-2,-1,15,5,-4,-10,-1,-22,14,-4
-2,-22,12,3,3,-5,2,-21,9,-2,10,9
-9,10,15,13,12,-17,-7,-18,2,-6,10,0
-10,15,12,11,7,-15,15,-15,4,-16,2,-4
5,8,8,-1,10,-5,9,-12,0,14,3,14
12,-8,-6,-2,8,14,-8,15,-5,5,14,15
-11,14,11,3,-2,15,6,-15,-9,-1,1,14
-11,-11,-4,-9,6,2,-1,-7,-4,2,4,18
0,-5,7,14,6,6,-1,12,2,17,2,9
-7,-11,8,14,11,-9,0,18,6,4,-3,9
-3,4,10,-1,6,-8,10,-2,-5,-11,9,18
5,-9,9,13,-1,1,7,22,-11,-4,10,23
-4,3,0,-12,4,17,13,22,-6,21,13,9
12,-7,-7,18,-4,8,12,-10,4,25,0,19
-9,-10,1,26,4,9,-5,2,4,22,12,24
-10,8,-9,11,7,20,-1,6,4,15,7,18
-11,-1,-5,8,-3,-1,0,-6,8,23,15,5
-10,26,-1,20,-1,21,-9,27,1,15,12,18
11,6,-4,6,7,16,-10,18,10,29,-6,20
1,7,7,21,9,-2,11,2,-1,-4,-3,23
14,27,1,11,-7,6,-8,18,-8,30,14,26
1,17,5,33,-5,18,-6,16,1,23,7,19
5,18,6,21,4,20,7,3,10,11,6,7
4,22,-10,12,-2,1,-1,34,4,15,12,12
-4,4,9,35,5,16,-6,9,-4,4,10,15
-9,-34,12,-22,-1,-35,5,-34,8,-35,6,-27
16,-25,1,-25,14,-5,3,-2,-3,-6,-10,-32
-7,-31,13,-27,-5,-24,15,-1,4,-13,3,-10
14,-4,7,-6,13,-19,10,-30,-8,-27,7,-7
10,-14,-6,-4,9,4,-5,-7,0,2,-5,0
1,2,14,-31,-6,-13,-1,1,-4,-6,7,-1
-8,5,16,-11,13,6,7,-17,-3,1,8,-7
-8,7,0,-4,11,-15,-1,-11,-7,-22,5,-15
-8,2,-9,-5,-2,-11,12,-13,5,-24,-10,8
-9,-18,3,8,5,-11,14,-16,6,-14,5,-16
-5,-15,-2,7,1,9,8,-1,9,10,0,-26
-2,-9,-3,-16,10,-5,5,8,10,-14,-5,0
-6,-15,10,-12,10,-9,2,-12,11,-22,14,-2
-3,-17,-4,-20,16,-9,7,5,-8,-16,-6,-16
-1,-19,4,10,11,-2,5,-22,-4,-15,-7,-20
-5,-4,0,-19,-3,14,13,10,-9,12,-8,-15
10,9,15,7,9,-9,6,-18,-8,5,0,1
11,-10,11,-2,3,12,-2,-4,-7,-15,-10,-1
-9,12,-2,3,10,-14,-4,-9,-7,-7,16,7
-9,-14,5,-3,7,-10,13,8,2,-12,-2,-1
-5,0,0,-13,12,6,-8,14,-10,5,-5,12
-1,-5,11,7,-7,9,2,21,12,20,7,-5
0,14,-2,-2,-4,-8,-9,0,15,4,-7,17
-9,6,14,12,15,14,8,-4,-3,2,-6,12
-1,-5,-4,-7,10,16,16,17,2,1,8,3
-9,5,5,5,7,21,12,7,-1,15,2,10
13,16,10,7,16,-7,-1,23,13,8,8,18
6,-9,13,5,-6,18,1,27,5,-9,1,14
-10,-6,-7,11,-9,15,-8,3,5,9,12,17
0,3,-6,16,5,18,16,28,12,7,-1,24
11,23,7,16,2,4,-7,17,11,6,6,30
-10,14,-4,25,4,11,11,11,8,23,-9,18
-4,14,8,15,-5,15,16,5,13,21,5,32
16,11,11,23,-1,20,-9,8,-4,19,-8,12
-4,32,9,24,4,0,3,28,8,27,2,13
7,28,7,25,9,2,-3,22,15,5,-3,31
-10,20,9,5,-2,21,-9,13,0,4,7,25
14,-23,-3,-8,-3,-25,15,-28,-3,0,2,-24
1,-24,6,-27,-8,-34,-1,-19,6,-32,-4,-28
2,-31,0,-4,9,-13,3,1,9,-31,-4,-28
11,-20,-4,-14,-3,-8,-8,-10,4,-26,9,-7
4,4,5,-20,-8,1,6,-16,3,-13,11,-20
3,-8,14,-29,-5,-5,-2,-21,0,-8,-2,-25
0,-24,-5,-29,-6,-13,0,6,-8,-3,4,-2
9,-7,-4,2,10,-27,11,-16,-4,-4,-8,-27
0,-26,11,-9,14,-16,4,-2,9,-15,2,-22
-3,-6,-4,-20,-9,-25,8,-18,-2,-16,-5,0
-2,-26,4,-10,-6,1,-5,-1,14,4,13,9
-8,-5,-4,-19,-3,-5,7,-20,14,-19,16,-7
1,-18,-7,-18,15,-22,-2,-9,9,1,5,-4
-4,-19,13,-5,7,-22,0,2,5,-22,6,2
15,12,-1,8,14,9,-9,-3,12,0,0,0
17,3,14,-3,12,7,8,-3,1,-16,12,-17
-3,7,-6,-3,-9,-13,-8,-4,0,-1,-1,6
8,7,6,11,4,8,10,8,0,5,-7,-5
-5,-8,17,5,-6,5,12,-1,-4,-9,-5,0
-6,-8,-7,-9,17,-12,-4,-2,10,9,-9,7
-3,-14,16,12,1,-9,12,5,4,-5,8,17
-1,-2,3,2,-7,-9,10,3,5,17,13,-3
-7,17,-5,1,-5,9,-7,-4,0,-10,5,10
2,-12,16,13,-1,13,13,13,8,4,-9,9
3,-9,3,22,10,1,-8,21,-5,-9,-7,11
-6,17,0,10,7,17,11,3,-4,-9,-1,7
-7,17,-6,11,12,-7,10,-9,-3,8,15,20
15,11,0,-2,1,25,5,12,8,26,12,5
-7,-5,0,16,4,11,9,-1,1,27,17,2
-9,23,12,26,-5,17,-3,15,7,10,-3,26
-8,4,11,27,5,15,12,2,11,8,-1,30
-3,6,-6,9,14,12,14,11,-2,21,-8,10
3,7,10,-1,14,16,12,6,11,8,-5,1
-2,15,3,0,7,28,12,12,2,11,12,22
12,24,9,21,15,17,7,17,-3,10,5,4
-2,12,-4,20,-7,15,-4,11,-5,13,7,26
17,5,-3,27,-5,12,12,4,13,10,-3,12
-8,-35,14,-2,-8,-20,-7,-19,8,-6,-2,-22
-6,-31,14,-19,2,-11,14,-18,6,1,8,-32
-7,-33,9,-16,-7,-28,-1,-33,-5,-25,-5,-16
-4,-20,10,-6,9,-32,18,0,-1,-1,9,-10
13,-15,16,4,-4,-32,2,1,1,-16,10,-20
7,5,13,-1,9,-31,9,-27,0,-26,2,-13
0,-13,-8,-9,11,-14,5,-15,-1,-20,-1,-17
-5,-10,-5,1,6,-9,9,3,11,-14,16,7
13,-15,7,-26,7,4,0,-15,13,-24,17,-7
3,-25,-8,9,4,-2,6,-23,-7,-19,18,-20
-1,-25,6,-9,15,-20,6,10,11,-24,8,-4
3,-8,-4,0,6,8,7,-1,13,-17,-7,-3
-5,10,3,-19,-5,-17,11,-14,-4,-9,1,3
13,2,16,9,14,-18,10,-8,1,-23,8,-15
-2,10,-8,-3,-8,9,-6,-9,3,5,10,3
-6,7,-3,14,10,-14,10,-8,-1,13,-4,3
12,8,18,-13,9,-16,8,0,1,10,18,15
1,15,-4,-12,18,-13,-7,-10,-8,-17,-3,11
5,2,3,0,15,-11,-3,16,11,7,-5,4
-8,17,-7,1,-3,18,-6,7,-2,2,-1,5
2,-13,1,-5,-8,-8,-5,1,5,18,11,9
-5,-7,-6,-2,-7,19,14,-3,13,19,12,5
-1,7,-4,-12,-1,4,15,-3,13,1,0,21
17,10,5,7,-6,-6,-4,4,-7,23,13,15
2,-4,3,20,4,24,-7,-9,15,10,16,12
15,16,-1,9,-6,-9,-7,-10,7,20,17,15
1,-10,0,17,10,21,-8,-2,1,10,-6,24
3,13,6,21,-8,18,7,19,0,6,-3,5
-5,2,16,22,14,0,3,4,10,28,-8,12
-1,-5,2,25,3,-2,-4,4,-1,23,18,4
14,27,7,13,0,9,0,3,0,6,0,16
-3,23,6,24,0,-1,2,25,-2,29,2,30
1,11,11,9,13,28,-4,4,18,10,-3,12
7,8,-4,30,10,29,2,26,8,23,14,7
7,16,16,29,3,34,18,30,-5,11,14,29
14,28,6,19,-8,23,5,6,18,8,18,19
3,26,8,26,17,2,-3,6,14,16,-4,32
-7,-32,3,-27,3,-27,4,-27,15,-17,6,-35
-7,-32,18,-32,2,-14,13,-18,17,1,-4,-11
-7,-29,0,-13,14,-22,-7,-4,-5,-4,-3,-32
17,-8,1,-24,4,-24,8,-27,1,-19,-7,-21
15,-15,15,-31,-6,-2,15,-18,8,-21,-7,3
3,0,-7,-7,17,5,-5,-12,3,-7,11,-10
18,-28,8,6,-4,-30,17,-25,15,0,1,-23
6,-8,-1,5,1,-28,17,-25,18,-12,-1,-5
-3,-13,-4,-20,18,-9,-1,3,17,-10,12,-1
13,-18,19,5,18,-12,19,-26,11,-3,-5,-24
7,-14,14,1,18,-25,16,-26,7,-14,19,-5
13,-9,2,-6,7,7,18,-18,14,0,-6,-24
2,7,18,7,-3,-4,-4,-9,1,-17,-7,-8
8,-6,2,4,10,2,19,-9,8,-3,18,-1
7,12,4,-6,12,2,0,-2,0,-5,2,-20
-5,2,19,9,3,-8,5,5,0,15,-3,8
-3,-4,1,4,8,-7,-1,-5,18,11,8,10
-1,5,12,-10,-1,-12,6,-11,16,-9,1,-11
-6,16,3,-6,-4,-15,10,7,-6,-15,-4,3
-4,-10,-6,5,11,7,-4,-6,-5,19,-6,1
-4,-16,-3,14,1,-16,7,9,11,3,10,20
-7,0,4,0,-2,7,16,-11,13,9,3,2
16,20,7,22,5,2,18,4,-2,18,-4,22
2,4,3,21,0,21,-7,12,-6,3,11,4
-2,-6,7,14,12,-11,10,-2,12,-11,17,7
3,-4,-7,23,9,-5,12,13,11,0,9,-10
10,18,19,2,14,3,19,20,17,16,-5,-1
3,11,7,26,15,27,-4,-7,7,-1,-2,6
5,0,-5,8,1,-2,4,22,3,18,-7,1
2,2,3,12,11,29,-7,21,-1,-2,15,6
1,22,13,5,2,18,6,22,10,17,12,27
18,-5,17,17,5,16,-4,25,1,16,0,15
-4,21,-6,16,14,-2,3,17,8,15,0,26
5,-1,2,31,-3,22,15,19,-3,5,0,14
7,27,15,10,10,13,-1,30,19,32,0,27
2,19,-2,31,18,2,5,28,11,4,2,17
5,32,13,21,-3,30,15,16,6,25,7,2
20,-32,4,-19,7,-31,6,-27,12,-3,16,-3
0,-35,12,-29,-1,-31,-4,-35,13,-26,8,-31
-2,-23,8,-3,0,-15,9,1,-2,-2,3,-19
8,-12,11,-8,6,-25,1,0,0,-22,-1,-12
6,-14,12,2,0,2,19,-31,-4,-11,-6,-15
16,-26,20,0,20,-22,20,-8,-4,0,-1,-11
3,0,3,-13,-2,6,6,-24,3,-3,18,5
16,-18,-6,-11,7,-20,6,-15,-2,-16,6,7
9,-26,12,-23,19,-7,0,7,5,8,6,-16
17,1,1,9,3,-5,2,5,8,0,0,-20
-6,1,-2,-15,8,-7,-1,-15,13,-2,20,-4
2,-22,1,-25,16,1,1,3,10,-14,9,-8
16,2,-4,-5,-2,11,-4,-1,-2,-5,19,11
13,12,18,-14,7,-19,17,11,1,-16,-3,2
15,-16,13,12,19,-18,-5,-2,-6,9,18,1
19,1,7,12,19,7,5,7,-3,-21,2,8
11,-20,1,2,3,-9,5,-15,14,7,0,2
18,-13,10,0,5,-3,7,-2,12,-15,5,-5
20,9,4,-12,12,9,15,12,17,-4,17,-3
4,1,-6,13,17,6,-1,19,-6,-11,1,2
-2,-2,0,4,19,-11,2,15,2,-8,15,17
6,-15,9,6,8,15,6,19,2,16,1,16
-2,-12,-3,-14,7,16,19,17,-3,2,14,1
2,-4,-5,13,9,18,3,22,8,13,10,17
4,23,-3,-10,15,18,7,17,20,20,4,14
18,8,16,15,1,-6,19,-3,10,23,3,-10
17,7,-3,23,1,15,16,-4,-4,24,7,8
2,-1,15,1,8,20,-3,-6,10,26,-1,9
7,25,19,26,17,22,-6,5,-2,12,17,-1
13,10,-3,5,20,12,3,23,10,29,1,-7
11,12,1,7,19,8,15,23,-2,10,1,-2
18,12,9,-2,20,17,16,0,1,15,20,31
8,12,17,13,15,-3,0,22,11,32,-5,6
4,29,-4,26,17,-2,1,5,10,24,4,13
14,23,-2,33,10,25,11,21,5,26,11,12
7,33,16,28,5,1,-2,15,20,19,13,10
13,8,-6,23,4,31,9,30,-6,12,6,23
3,-26,7,-30,3,-26,11,-26,4,-34,0,-2
21,-29,9,-11,17,-4,11,-19,10,-26,12,-22
20,-10,7,-15,8,0,5,-15,5,-2,6,1
12,-3,0,-4,12,-9,0,-15,6,-21,1,-16
-4,-18,14,-16,9,-9,8,-5,1,-1,15,-15
9,-16,2,-17,1,-1,20,-5,14,-4,14,-27
-2,-4,15,1,4,-15,0,2,17,-7,15,-2
-1,-28,19,-3,15,-28,3,-29,5,4,4,-26
-1,-1,21,-1,4,0,15,-4,-1,-2,1,-24
-1,-24,11,-6,3,-24,19,-21,-2,-7,13,2
2,-17,1,10,18,-23,1,-26,8,-20,14,-7
21,-18,21,-24,13,-14,-3,-4,12,-23,12,-1
-3,-4,16,-19,0,7,18,5,3,5,7,-20
2,-15,-4,-4,-2,-9,11,3,6,-8,0,-15
15,13,12,-1,15,-9,4,2,1,-22,7,13
12,3,0,-7,4,-14,7,-16,-3,-7,-5,11
11,5,10,13,16,11,5,11,15,-5,0,13
15,5,8,-10,-2,-3,21,15,8,8,6,-4
6,14,-3,-14,21,-14,3,-16,-4,-16,-1,-2
3,13,-3,11,7,18,-1,-4,-3,-12,10,16
16,3,-2,10,12,-3,15,2,7,17,-2,12
3,17,18,-6,5,10,-1,-12,-3,13,8,-6
12,11,8,17,20,12,6,21,20,16,7,-14
8,16,0,23,-1,3,3,9,15,4,10,3
6,19,-2,-7,9,-7,6,14,18,7,-2,-11
11,21,1,7,-2,25,0,19,15,12,2,-1
7,17,15,3,21,-9,15,17,20,10,6,3
13,27,20,-8,4,-4,14,21,2,0,-2,25
13,27,-5,27,-1,-1,3,6,7,12,11,18
15,29,-4,0,14,7,19,23,3,-7,15,18
12,28,5,8,11,20,20,-2,21,12,-1,-5
12,11,-4,3,3,24,-1,-3,0,-2,-5,22
17,17,1,9,6,7,-5,10,5,2,9,10
19,5,11,32,0,11,-2,11,-3,16,20,9
9,17,10,10,-5,3,19,16,14,11,3,2
10,7,15,24,-4,16,19,6,15,21,7,1
5,21,-4,21,7,9,14,28,8,24,1,21
22,-10,-2,-12,6,-16,16,-16,8,-34,-2,-29
14,-21,3,-5,17,-14,8,-14,14,-19,-3,-26
1,-13,19,-11,-2,-22,12,-19,14,-17,18,-7
13,-14,-2,-33,22,-20,19,2,13,-8,15,-30
14,-13,4,-3,19,-5,9,-22,0,-30,7,-10
22,-15,3,-13,7,-3,1,0,13,-9,-3,-12
6,-13,13,-18,17,-25,0,3,20,-15,18,-30
13,-7,7,5,-3,-18,0,6,16,-13,21,-15
21,2,-3,-18,5,-20,8,-9,2,-18,10,-25
1,-8,17,-2,13,-1,17,-3,22,4,-4,-12
15,7,22,-4,17,10,21,-21,6,-6,5,-12
3,7,21,-10,15,-19,16,1,7,-7,6,-14
12,12,16,-20,7,-3,13,-13,5,12,10,-8
17,-5,16,-16,7,-11,4,4,7,9,8,-18
15,-4,13,-17,6,1,0,5,5,-4,1,9
7,9,1,-20,17,-21,21,-19,5,8,16,9
-4,-2,11,11,1,1,16,10,4,-16,5,4
-4,-8,9,0,7,-5,11,10,3,-1,15,15
8,12,9,-4,9,-4,11,18,15,3,13,14
16,2,0,-4,6,-11,-1,-11,3,18,18,0
3,15,0,20,-2,11,9,-13,11,-2,2,12
15,9,10,10,13,-10,-1,-6,11,-7,1,-4
9,17,5,-14,17,10,12,14,20,15,22,0
13,23,6,22,-3,18,-3,22,16,-11,18,-8
12,23,-4,4,6,-2,16,7,14,9,6,18
5,17,-1,2,21,0,9,-5,0,6,5,19
12,24,15,23,-2,-7,5,-2,16,21,1,-6
9,23,8,-4,-4,5,18,22,15,8,13,25
-4,16,13,24,18,21,4,4,12,1,-4,13
10,0,15,16,-1,25,13,9,-4,22,1,15
21,-5,22,10,2,16,9,-5,3,-6,-1,11
10,21,2,21,7,12,18,30,4,4,0,18
20,18,21,25,22,-4,20,16,5,7,7,-4
20,24,-1,25,9,8,7,15,20,17,6,4
4,-2,1,26,2,14,22,5,6,20,8,12
2,5,-1,30,3,28,1,1,8,6,22,26
7,10,12,33,8,3,18,1,21,19,-4,7
3,-17,8,-27,11,-14,4,-29,21,-13,-2,-19
9,-6,22,-16,18,-2,23,-9,6,-4,12,-16
11,2,5,-30,19,-17,22,-17,6,-13,2,-32
11,-1,19,-11,8,-29,23,-16,3,-29,20,-5
15,-28,11,-17,11,-18,20,-10,8,-11,21,-20
12,-17,0,-16,2,1,20,5,3,-2,10,-9
20,-11,23,-13,20,-8,7,-4,0,1,18,-19
15,-11,20,-29,3,7,21,-15,-2,-12,14,-12
10,-4,11,-6,16,-11,20,-1,6,-11,7,-25
17,-23,14,-19,9,7,4,-9,22,-22,-2,-19
23,-3,11,-25,-1,-18,11,2,8,-10,12,1
15,7,15,-18,4,-11,16,-10,0,-2,17,-19
16,-12,4,-1,2,-23,-2,10,7,-21,3,7
9,-10,22,10,19,7,5,0,4,5,4,13
21,14,22,3,9,6,12,-1,0,-10,-1,-11
11,1,16,0,4,-13,3,-10,2,-14,19,13
19,-2,-2,-8,6,10,-1,-18,2,-1,-1,-4
2,12,9,6,8,-1,23,12,18,-2,8,6
17,-1,11,-7,11,17,13,15,12,-12,8,9
16,15,1,2,0,3,9,11,12,5,22,-15
6,6,0,16,22,6,9,11,2,1,8,15
12,16,10,-5,-1,-15,21,-14,11,16,21,-9
7,13,13,8,1,20,22,-2,8,12,23,-12
19,19,3,11,16,5,18,22,18,8,20,4
-3,-3,21,1,1,17,-1,8,10,20,-2,18
-1,18,10,18,5,7,16,20,11,19,14,20
12,17,9,22,23,17,2,3,-2,8,8,24
-1,7,19,2,8,20,11,14,11,-6,1,2
21,5,4,21,9,18,17,23,12,17,7,11
5,-6,10,-6,8,8,8,14,9,14,6,27
12,-5,2,21,14,10,16,8,23,16,15,25
1,-5,2,13,17,2,9,28,9,10,6,15
16,18,10,18,23,19,23,12,1,8,4,7
5,18,21,20,4,18,18,23,20,28,8,5
2,27,4,4,22,14,0,33,11,4,14,6
12,2,13,23,23,7,22,8,20,20,5,1
14,7,21,19,10,29,-1,15,2,21,20,6
17,0,13,-14,6,-22,6,-19,24,-21,8,-28
5,1,1,-24,6,-27,22,-4,20,-3,2,-2
-2,-21,14,-4,9,-2,7,-12,21,-14,14,-23
16,-24,24,0,10,-15,14,-8,16,-6,19,-13
18,-30,23,-24,22,-16,21,-29,18,-2,4,-14
1,-1,18,-28,12,-27,7,3,-1,-6,0,-13
21,-6,6,-28,6,-17,8,-22,-2,-6,21,-20
20,-2,10,-28,19,-13,4,-5,-2,-29,16,6
1,-14,-2,-21,15,-20,12,-2,1,-6,0,-23
10,-10,13,8,6,-5,9,-10,9,-10,21,-8
17,-22,3,-13,4,-2,15,-11,23,8,23,6
16,-19,-1,4,1,4,-2,-7,1,-11,20,-17
22,-24,19,-6,2,9,23,1,10,1,5,-22
-1,4,11,13,22,-10,8,-21,3,-9,7,-16
20,-9,6,-7,6,14,6,-4,11,-14,-2,-20
7,-9,19,-5,9,4,11,-8,1,-4,-1,15
23,5,21,0,11,5,18,-4,3,9,4,14
17,8,8,7,-1,-4,11,-14,13,-6,11,-7
20,12,7,17,18,8,10,-7,19,15,-2,-5
1,1,21,16,2,0,24,-2,2,-8,24,-2
15,-6,4,3,13,14,16,17,20,9,11,-5
15,2,-2,-13,-1,14,5,21,3,-15,18,6
22,-7,8,9,19,-10,10,-6,24,12,16,5
11,6,2,3,11,10,17,20,14,10,1,13
17,-12,16,17,23,-6,14,-12,23,-8,15,-6
2,17,23,-6,21,17,0,14,10,20,10,-8
4,4,7,-5,23,3,16,-7,3,1,4,-8
1,26,2,-4,8,13,2,-2,20,20,9,-4
10,-2,17,-6,19,27,19,19,24,-3,20,3
18,7,0,18,23,-7,0,-4,4,-1,20,2
11,3,20,11,18,19,4,8,22,5,0,-6
21,1,17,17,2,16,16,13,13,28,10,21
0,20,0,31,18,15,8,8,23,8,6,13
15,24,9,-2,23,33,9,19,21,12,1,2
10,26,8,2,8,2,9,14,3,4,-2,4
13,33,22,1,8,18,15,5,15,7,4,-1
9,36,3,9,19,26,16,11,3,13,6,1
15,-15,14,-9,8,-10,16,0,12,-7,17,-22
13,-31,21,-12,17,-18,6,-10,23,-22,25,-2
4,-16,14,-6,19,-23,8,-31,18,-16,15,-22
2,-18,1,-26,15,-31,13,-16,4,-29,8,-12
20,-10,23,-31,13,-20,3,-6,7,-8,25,-28
2,-11,9,-24,15,-20,15,-17,4,0,14,-30
20,-28,13,-26,17,3,21,-3,6,3,5,-17
15,-27,15,-26,2,5,7,-5,1,-21,21,-28
21,-24,16,0,11,-6,10,-13,4,-12,1,7
24,-23,24,-6,9,-26,-1,-23,11,7,1,-14
18,5,5,-19,22,-15,9,-9,1,-23,0,-23
22,6,6,7,21,2,19,-18,12,-20,6,-2
23,-3,0,-7,23,-10,0,2,19,4,17,9
5,-14,3,-3,3,-8,4,4,10,8,3,-11
2,-21,9,11,25,-1,8,9,3,0,14,-2
25,-21,12,0,6,-4,-1,8,18,-5,6,5
9,-8,12,14,7,-8,12,-8,5,7,24,13
4,17,24,3,0,1,-1,12,5,7,-1,11
24,-8,23,11,10,-17,17,-16,0,-14,22,-14
21,-10,2,-14,22,8,4,-1,3,-10,5,-11
10,19,-1,-13,0,-12,17,5,0,10,9,-11
2,8,14,-2,18,17,19,-3,23,-12,3,-12
17,13,19,-12,24,18,-1,12,18,-11,2,-7
2,11,0,-11,23,-6,12,10,10,-13,4,-12
20,11,13,-10,6,0,25,-8,10,-5,12,3
20,-3,-1,22,18,-6,13,-2,-1,19,16,-9
3,20,4,15,9,-2,3,-5,8,25,3,-10
7,14,12,-5,0,9,13,10,2,-4,18,1
21,7,19,16,21,25,7,11,11,-8,-1,-8
12,28,1,2,21,18,4,17,24,0,4,3
12,10,0,-5,14,6,5,-3,17,6,13,-1
2,16,5,28,-1,29,19,-3,1,8,16,-4
20,20,9,32,5,-1,13,-3,5,5,19,6
12,15,9,27,0,5,8,13,0,18,7,-3
11,20,14,3,12,-1,10,22,0,28,10,27
24,8,12,-1,14,1,15,20,0,28,2,2
17,12,14,7,5,9,10,23,6,24,15,13
1,-32,2,-31,25,-3,13,-12,13,-19,4,-28
1,-4,17,-15,3,-33,4,-34,3,-20,7,-21
8,-20,13,-10,15,-7,7,-21,9,-25,16,-14
23,3,4,-29,9,1,18,-23,3,-27,12,-23
13,-29,5,-22,7,1,3,0,1,-31,0,-24
23,4,14,-25,14,-31,0,-15,6,4,20,-31
13,-29,3,5,6,-20,3,-25,6,-10,23,-30
7,0,22,-22,5,5,21,5,12,-19,23,-27
25,-2,8,-22,7,-1,3,-15,6,-11,24,-23
20,-5,23,7,2,2,24,-2,1,-13,0,-17
2,-24,1,-10,18,-8,24,-7,0,-9,18,-18
5,-24,10,-1,3,6,8,-21,7,-12,14,10
1,-17,20,-6,15,-24,3,-12,25,1,10,-9
6,-13,0,-1,2,0,2,9,24,2,19,-18
15,8,24,-5,22,-22,26,-1,6,6,25,5
26,9,13,5,12,-20,8,15,19,2,9,12
6,-4,11,1,12,4,5,-16,8,14,18,-7
25,16,8,-3,7,-18,4,-5,0,1,4,-10
10,4,23,7,2,-3,1,14,0,-15,9,-2
17,-9,1,16,0,-6,14,-17,11,18,1,16
5,8,8,16,3,-10,22,17,10,20,2,-12
19,8,0,-15,16,-10,16,-6,24,-11,2,7
10,9,4,-14,14,1,12,-10,1,-8,12,-5
25,5,14,-8,1,12,18,19,21,-12,6,-5
14,2,6,10,19,17,1,-8,17,12,7,9
3,11,2,16,1,17,3,8,0,17,18,9
19,24,26,3,14,-2,15,3,6,20,16,-6
12,25,16,-8,0,6,6,11,23,0,2,3
4,14,0,-2,10,28,14,8,14,-1,0,-3
13,7,22,-2,24,26,9,-7,1,-7,26,16
15,9,3,28,19,-6,18,21,11,-5,1,0
12,19,20,5,11,3,2,12,0,-1,23,15
9,19,16,13,25,31,14,9,15,8,17,3
1,15,17,-2,17,31,6,22,0,-2,25,6
9,33,20,3,13,11,16,9,0,30,18,2
2,20,6,5,25,23,0,1,2,25,0,30
14,9,2,36,11,33,4,0,0,7,0,1
