-13,-33,-8,-10,-9,-2,-2,-34,-1,-35,-7,-33
-12,-4,-5,-31,-24,-14,-23,-8,-5,-23,-15,-28
-10,2,-14,-31,-21,-6,-11,-2,-9,-28,-18,-5
-15,-32,-19,1,-10,-21,-22,0,-13,-7,-7,-8
-17,-5,-4,4,-11,-7,-12,-29,-16,1,-9,-19
-20,-11,-15,1,-19,-13,-7,-30,-15,-29,-20,-11
-3,-29,-8,-26,-22,-9,-23,-10,-8,-2,-21,-3
0,7,-20,-17,0,7,-25,-27,0,7,0,7
0,7,0,7,0,7,0,7,0,7,0,7
0,7,0,7,0,7,0,7,0,7,0,7
0,7,0,7,0,7,0,7,0,7,0,7
-4,-16,-22,4,-24,2,-17,9,-23,-22,-19,2
-3,9,-21,9,-5,1,-20,-12,-19,-18,0,6
-3,-2,-10,-17,-26,-3,-9,-16,-26,-12,-16,13
-4,-19,-13,0,-26,-11,-3,-7,-7,9,-15,-12
-25,-8,-18,7,-20,10,0,10,-24,-13,-2,9
-11,-8,-3,12,-17,-3,-23,-19,-8,-17,-20,10
-20,8,-19,-8,-10,17,-23,-9,-18,1,-5,-10
-25,-16,0,11,-21,-6,-24,-4,-7,-4,-24,-8
-12,-12,-18,17,-4,-9,-10,12,-8,5,-16,-13
-12,-15,-15,14,-4,8,-24,3,-13,-1,-17,-16
-18,-4,-13,-15,-17,-1,-25,2,-21,11,-14,7
-12,10,-2,-13,-12,3,0,2,-22,1,-21,1
-26,7,-17,4,-18,18,-10,-7,-16,17,-9,-8
-4,20,-17,17,0,19,0,17,0,19,-24,17
-6,3,-10,12,-8,9,-4,21,-21,-7,-6,17
-11,-2,-22,12,-1,-4,0,18,0,19,-23,6
-16,1,-15,-7,-25,3,-3,27,-25,-8,-19,1
-11,8,-23,13,-26,26,-1,9,0,22,-23,14
-16,-1,-10,28,-4,2,0,23,-22,14,-16,0
-20,7,-21,-1,-3,16,-6,24,-4,9,-8,0
-14,9,-17,6,-17,11,-15,27,-19,18,-26,1
-18,17,-3,24,-5,-3,-15,22,-12,15,-19,-3
-20,15,-3,2,-24,30,-19,6,-5,31,-25,5
-15,9,-3,4,-23,2,-3,15,-23,23,-10,16
-16,23,-16,9,-13,13,-1,31,-16,8,-25,28
-26,4,-10,17,-26,10,-20,23,-21,9,-19,36
-16,0,-13,-15,-21,-34,-12,-29,-7,-26,-14,-22
-10,-6,-8,-18,-6,-14,-6,-29,-9,-2,-4,-20
-5,2,-9,-32,-22,-27,-7,-29,-19,-28,-12,-15
-2,-6,-12,3,-1,-18,-17,-31,-13,-10,-19,-8
-8,4,-10,-26,-5,-22,-22,-23,-10,-19,-11,-9
-5,-9,-2,4,-23,-16,-6,-10,-17,-24,-15,0
0,-27,-8,-30,-16,-7,0,-15,-23,-4,-13,6
1,0,1,-1,1,0,1,-2,1,-1,1,0
1,0,1,-1,1,0,1,-2,1,-1,1,0
1,0,1,-1,1,0,1,-2,1,-1,1,0
1,0,1,-1,1,0,1,-2,1,-1,1,0
-4,4,-4,-24,-19,-19,-20,-18,-21,-20,-2,1
-7,6,-24,-11,-5,-20,-25,-19,-6,-7,-1,8
-3,1,-18,13,1,-5,-25,-1,-15,-10,-10,8
-12,10,-9,-8,-16,9,-2,8,-10,6,-18,10
-24,8,-10,2,-14,2,1,-17,-21,-4,-14,-5
-11,-2,-1,12,-3,-4,-14,5,-15,-15,-14,0
-21,0,-13,0,-4,-2,1,-19,-19,15,-25,-1
-12,-10,-23,-9,-3,18,-3,8,-23,-3,-11,9
-9,-4,-14,-5,-9,12,-3,-3,-25,-11,-13,-14
-14,3,-5,-6,-21,17,-5,-3,1,8,-16,-7
-21,-13,-4,-15,-17,18,-3,-2,-23,-1,-9,-9
-22,9,-1,1,-12,-4,-5,17,-25,-12,-11,20
-4,0,-12,-2,-6,4,-9,-1,-2,-8,0,4
-5,20,1,12,-2,-5,1,-11,-4,20,-24,-2
-22,24,-19,5,-5,-10,0,-7,-19,-3,-17,20
-12,-1,-4,15,-24,-10,-3,-10,-17,-10,-16,12
-6,1,-24,17,-2,24,-5,24,-7,21,-22,4
-13,15,-6,10,-17,13,-19,18,-7,24,-5,15
-19,0,-9,13,-18,18,-25,-7,-8,5,-25,-4
-12,17,0,-3,-18,-5,-9,24,-6,24,1,19
-14,11,-20,22,-2,3,-25,30,-25,24,-25,15
-7,17,-4,3,-22,4,-1,10,-2,2,-11,9
-10,10,-20,27,-24,27,-3,24,-19,7,-13,1
-14,34,-5,0,-6,17,-15,32,-4,14,-13,19
-25,9,-3,1,-20,26,-17,9,-19,15,-24,4
-17,12,-20,21,-13,16,1,23,-13,36,-2,27
-8,-3,-10,-11,-21,-34,-15,-28,-17,-5,-6,0
-7,0,-7,-10,-22,-24,-1,-4,-6,-23,-5,-31
-3,1,-15,-12,-6,2,-22,-16,-22,-7,-21,-34
0,-27,-13,-28,-6,-20,-8,-19,-17,-6,-19,-5
0,-29,-15,1,-8,-24,-21,-19,-2,-21,-11,3
-21,-20,-15,-27,-13,-15,-4,-23,-1,-29,-2,-17
-1,-1,-13,-29,-20,-16,-20,0,-5,-24,-16,3
2,-4,2,-6,2,-4,2,-7,2,-6,2,-5
-4,6,-24,-26,-9,-6,-17,-13,-7,-17,-6,-6
0,-20,-23,-10,-5,-21,-20,-5,-18,-25,-5,5
0,-18,-5,-18,-22,-3,-20,-16,-13,8,-9,8
-14,4,-4,7,-22,-13,-3,3,-14,-1,-15,3
1,7,2,-7,-16,0,-17,-1,-12,-11,-10,6
-4,-20,-9,-16,-6,0,-14,3,-16,-10,-12,2
-2,-5,-14,13,-10,8,-6,-10,0,-6,-2,0
-4,4,-10,10,-2,-2,-9,-13,-23,5,-14,3
-6,-7,-2,2,-7,13,-18,4,-2,-4,-6,-9
-12,14,-13,-9,0,2,-18,-10,1,-15,-1,-19
-3,-17,-1,-2,-7,2,0,14,-3,11,-5,17
-14,-10,-1,6,-1,-8,2,4,-8,5,-8,15
-14,1,-15,-4,-17,-3,-19,1,-5,-4,-9,11
-5,-15,-9,2,-13,16,2,5,-18,16,-16,0
-22,-2,-11,3,-24,5,-3,13,-23,11,-11,17
1,-9,0,1,-22,6,-1,19,-22,-3,-7,17
0,18,-11,3,-24,13,-7,17,-9,4,-5,24
-23,21,-1,7,-8,20,-4,5,-14,-7,-4,5
-20,5,-2,15,2,14,-13,25,2,12,-5,24
-13,25,-8,20,-24,23,-23,13,-12,6,-21,10
-19,-3,-4,13,-6,-8,2,9,-21,27,-1,20
-9,20,-20,18,-22,22,2,25,-3,28,-19,-2
-15,17,-23,5,2,26,-6,-3,-4,4,-21,3
-17,17,-20,10,-7,7,-7,16,-2,0,-1,20
-18,13,-18,19,-8,31,-4,1,-1,4,-19,18
-18,11,-8,13,-12,15,-17,33,-10,13,-3,9
-6,8,-6,3,-24,21,-15,21,-15,18,-6,33
-10,34,-11,8,-3,23,-2,30,-22,12,-18,20
-21,0,-23,31,-1,10,-6,29,-15,32,-1,24
1,-20,-9,-9,-21,-29,-22,-10,-8,-35,0,-34
-2,-24,-11,-34,-4,-25,-20,-17,-6,-7,-13,-21
0,2,-18,-24,-16,0,-3,-8,-14,-8,-19,-29
0,-15,-6,-27,-20,-12,-1,-32,-14,-15,-2,-31
-20,-18,-5,-25,-14,-14,-1,-13,2,-11,-12,-17
-15,-1,-9,3,-20,-1,-19,-3,-19,-20,-11,1
-10,1,-10,1,-3,-10,-11,-20,-12,-9,-19,-16
-2,-9,-6,-10,-8,-28,-4,-19,1,-16,1,-13
-7,2,-11,6,-9,-20,-4,-17,-15,-13,-7,-14
-20,-22,-12,1,-18,-22,-10,-24,-15,-19,-2,-5
3,-22,-1,-14,-14,-16,-4,-18,-15,6,-6,-19
0,9,-8,5,-1,-4,-11,2,-21,-23,-11,-16
-2,-21,-17,-21,-5,2,-1,-12,-15,-13,-23,-8
-1,7,-19,-5,-15,-10,-4,5,-5,11,-15,-3
-3,-16,2,-18,-18,13,1,-22,-14,-21,-9,2
-20,3,-10,-14,-13,-6,-5,14,-18,-4,-10,-16
-13,6,-12,-4,-6,5,-1,-2,-18,3,-14,-4
-18,10,-21,4,-13,-14,-5,2,-22,-5,-6,-9
-20,18,-6,11,-20,-15,3,-15,-16,-8,-19,17
-11,-9,-16,18,-3,19,0,4,-8,14,-3,5
-8,1,-3,-1,-20,18,-21,6,-13,9,-3,-6
-10,10,-9,17,-22,7,0,-15,-16,-2,-3,21
-17,-2,-14,-5,-7,20,-22,11,-3,0,-12,15
-1,5,3,-13,-5,14,-4,16,-5,12,3,5
-2,19,-1,11,2,18,3,2,-22,3,-8,-3
-16,-1,2,5,-2,-5,-2,21,-4,10,-6,12
-18,5,-21,10,-7,10,-22,-2,-3,-10,-20,26
-16,6,-21,10,0,-5,-2,21,-4,15,-19,18
-5,-7,-3,26,-22,23,-2,4,-9,28,-22,19
-13,-2,-22,-6,-8,4,2,-4,0,8,-22,15
-12,-4,-23,19,3,17,-4,-4,-13,2,-4,23
-17,1,-7,13,-22,16,-15,10,-23,26,-4,28
-14,22,-12,31,-12,6,1,11,-19,-1,-8,10
-19,7,-9,27,-8,10,-16,9,-11,9,-15,32
-21,6,0,5,-17,-2,-9,32,-18,20,-15,17
-21,21,-23,6,-6,-1,-5,17,-10,34,-22,13
-15,36,-6,14,-23,36,-22,19,-20,27,3,31
-18,-8,-15,-18,-20,-31,0,-34,-5,-29,4,-32
0,0,-15,-20,-8,-4,-2,-18,-4,-4,1,-6
1,-22,-1,-8,-21,-14,-18,-22,-10,-12,-1,-9
3,-12,-1,-13,-18,-16,-19,-31,-1,-8,-14,-33
-1,-4,-6,-1,-10,-9,-2,-10,-21,-19,-10,-20
-19,-30,-9,-11,-1,-16,0,-16,-6,5,4,-11
-19,0,-8,5,-20,-6,-3,-7,-5,-13,-10,-13
-20,7,-2,-26,2,-7,-15,-7,-2,-14,-14,-3
2,4,-11,-13,-22,5,-17,-24,3,-14,-12,-10
-1,-2,2,-6,-13,-20,2,-14,-11,8,-6,4
3,6,-13,5,-5,-21,-8,-20,4,-6,-14,-23
-1,-17,-17,7,1,-1,-17,1,-20,11,-4,-25
1,4,2,6,-5,0,-20,-11,-19,10,-2,-5
-2,7,-11,3,-10,5,-7,-23,-15,-7,0,-6
2,-9,-17,-6,-16,7,-21,2,0,-13,-13,-16
0,-5,-16,14,-3,-18,-3,-8,1,-18,-13,-6
-6,7,-4,15,-14,-8,0,8,-21,14,-12,7
-16,-16,-20,13,1,7,-22,11,-21,3,-15,-14
-20,-13,-3,4,-1,-11,-15,10,-21,9,-15,-7
-17,0,-13,1,-8,-17,-5,9,4,4,-15,-2
-11,-4,-5,-14,-8,8,-15,3,-8,4,-1,-3
-11,-6,-19,-4,4,5,-11,9,-16,7,-11,-15
-14,9,-2,17,-6,10,-14,17,-18,19,-9,-3
-9,22,1,-13,-5,19,0,12,-14,-12,-7,0
-3,19,-9,22,-22,2,4,1,-20,-12,-18,11
-2,8,-1,-9,-11,-6,0,18,-6,0,-7,17
-21,-9,-20,-2,-18,24,-2,-7,-20,11,-4,19
-14,-8,2,8,1,26,-22,20,1,0,-3,13
-14,-3,-5,25,-20,22,-2,26,-20,11,-3,15
-12,2,-19,12,0,25,-5,4,-19,9,-15,7
-8,11,-6,-5,4,16,-6,5,-3,9,-20,26
-15,16,1,15,-3,27,-21,13,-17,27,-4,29
-21,30,-5,32,-11,10,-17,8,-8,-3,-2,4
-4,-3,-22,6,-4,26,-15,-2,-17,8,-18,0
-18,34,-6,20,0,29,-13,11,1,14,-4,12
-2,-1,-22,27,-21,10,0,32,-17,23,-1,5
-6,25,-17,3,-1,8,-3,33,-14,31,-3,20
-2,-34,-7,-24,2,-21,-21,-13,-11,-4,2,-16
-18,-13,-16,-18,-1,-19,-7,0,-17,-28,-10,-30
-12,-25,-3,0,-13,-18,-2,-27,-12,-30,-17,-14
-10,-9,-10,-29,-11,-5,-18,-25,3,-18,-5,0
-13,-23,-5,-23,-18,-17,-16,-3,0,-19,2,1
-12,-18,-12,-28,-11,-6,-9,-9,-16,5,-19,-31
-11,-9,-10,-30,2,-3,-4,-28,-17,-18,-2,-4
-6,-4,-18,-19,-19,-21,-17,-20,-3,7,-17,-12
-2,2,1,-28,-14,-28,-10,-8,-2,-3,3,-10
-2,6,-21,-13,-21,-19,-2,4,-20,-17,-20,-21
1,0,0,-13,5,-22,-8,-9,-2,-25,-3,-19
3,2,-6,-11,-11,-18,-6,-22,-20,-16,-8,-18
3,0,-21,-18,-16,-17,-2,3,-9,-16,-8,-14
2,-15,-11,-3,-9,3,-12,5,-16,5,-18,8
-3,12,-4,-19,-2,5,-15,3,1,-4,4,-2
-6,3,-3,-3,-14,-10,1,13,-16,-18,-8,-12
-15,1,-14,9,-11,-2,-7,-10,-20,-15,-14,11
-11,6,1,11,4,-16,-13,-11,-3,-15,-11,-3
-13,-14,-19,15,-21,-11,-14,-7,-5,0,-11,16
-9,19,-6,-1,1,8,-4,-16,-12,7,-12,10
-9,18,-13,19,-8,14,-19,15,-15,12,-15,-7
-13,2,-13,14,-9,-12,-3,17,-10,12,-19,6
-9,-13,-17,-14,1,-14,-5,7,-10,3,-8,16
0,-9,-8,-9,1,-11,0,0,-14,8,-7,-13
2,20,-14,12,2,24,5,0,-20,12,-2,0
-5,24,-10,-8,-6,-2,-21,16,-21,-10,-1,15
-21,4,-18,15,-11,-2,-6,19,-1,14,-14,-4
-11,19,-17,-5,2,10,-6,22,-16,-4,-20,-7
-15,18,-18,14,-20,26,3,10,-5,22,-5,18
-6,-5,3,16,-4,-4,-8,14,-13,16,-17,18
-13,21,-20,14,-6,17,-7,30,-18,25,-19,9
-7,-1,-4,-4,-14,14,-17,12,-8,0,-5,25
-18,16,5,18,-7,7,2,18,-14,30,-16,16
-19,8,-4,19,-20,-1,-3,22,-15,-2,-2,15
-12,8,-16,29,-13,8,4,-1,0,6,-9,27
-19,5,-20,9,-19,-1,-5,34,-20,11,-18,10
-1,16,0,24,0,35,-1,35,-21,25,-21,32
-1,-27,-9,-2,-2,-31,-3,-3,-6,-36,-8,-28
-18,-4,1,-3,5,-16,-20,-34,-2,-28,-6,-10
-16,-20,-17,-33,-1,-32,-12,-23,1,-16,-3,-23
-6,-8,-13,-26,-18,-17,-11,0,-2,2,2,-9
-20,-30,-8,-2,-10,-15,-1,-20,-5,-28,-3,4
4,-27,1,-2,-13,5,-17,-28,4,0,0,-22
-9,0,5,-30,-10,-3,1,-28,-1,-26,-5,0
1,-19,-6,-19,-1,-5,1,-19,1,-19,-3,2
6,3,-4,-17,-16,-17,-11,-9,-11,-22,-18,-17
1,-20,-7,-1,-9,0,-5,0,-6,-22,6,-4
2,-20,4,-2,-15,-6,-7,-3,-8,5,-1,-10
3,-15,-16,-24,-16,-19,0,11,-11,-10,-8,2
2,-1,-19,-6,-6,-4,0,-18,-4,-1,-6,4
2,-4,3,-9,-10,-3,-4,-10,-4,5,-2,-22
-5,14,-14,14,-14,-2,-13,-9,1,-19,-10,13
-20,1,-9,12,-3,-20,-11,-18,-2,-10,3,2
-14,3,2,4,-15,-16,-4,-15,-19,-13,-3,-4
-11,15,-8,-1,0,-6,-11,16,2,-5,2,-18
0,-16,-8,14,-5,14,-5,6,-5,-3,-6,14
-14,2,-1,7,-3,4,-5,16,-14,8,-10,-5
-5,-2,-16,3,-5,3,2,19,3,-5,-18,7
-6,1,-5,21,-19,4,-10,-2,-13,11,-19,-14
-13,5,2,18,-6,18,-16,11,-19,-8,6,8
-13,23,-4,12,-14,-6,-20,2,-9,0,-2,2
-1,20,-4,7,5,-7,6,-1,-13,0,-14,20
-11,19,-20,5,-8,-6,2,19,-5,7,-3,13
-11,18,-18,19,-4,23,-6,16,-7,-7,-8,5
-20,-9,4,10,-7,20,1,-3,-3,11,-16,19
-15,17,-18,-6,4,18,-18,19,-7,11,-11,-5
-12,19,0,23,-20,20,-11,11,-11,27,-5,4
-18,17,-7,18,-16,1,-18,-6,-10,12,4,-3
1,9,-12,17,-6,14,1,26,5,12,3,6
4,-4,-8,25,-20,20,-2,7,-19,7,-4,15
-18,12,4,22,2,-2,1,4,2,24,0,2
-18,22,-20,33,4,-1,-4,23,3,22,-2,17
5,14,-20,4,-20,12,-15,33,-15,33,-3,17
-14,35,1,15,-19,6,2,36,-12,22,-20,34
3,-24,4,-32,-9,-2,-12,-32,-3,-30,2,-31
-4,-2,-4,-10,-6,-7,-12,-6,-4,-30,-13,-28
-18,-24,-16,-31,5,2,1,-13,-4,-34,0,-33
-11,-27,6,-19,-8,-24,-16,-2,-2,-31,-13,-17
-9,2,4,-30,-8,-32,-8,-29,-9,-10,3,-19
1,-24,1,-25,-14,-20,-13,-17,-13,-13,6,-13
5,-7,0,2,-3,-26,-15,-14,-7,-6,5,-17
7,-5,7,-8,7,-8,7,-19,7,-15,7,-8
0,7,1,-17,5,-23,-3,-20,4,-3,-13,-25
3,-22,-17,-23,-7,-27,-14,-27,-19,-27,-8,-23
-3,6,7,-7,-7,6,-1,-17,-12,-22,-4,-25
3,6,-17,2,-5,-12,-1,-21,-19,-15,0,-19
-18,-5,-9,-15,-8,12,2,-13,-6,-16,-4,-8
4,-3,-3,-8,2,-20,-8,10,-7,-9,3,-23
-16,3,-8,-14,-14,-19,-14,-1,-14,-15,-14,2
-15,5,-13,-2,-11,-2,-6,5,-15,8,-17,-12
-11,-4,6,-1,-2,16,-15,-2,-4,4,5,1
-7,-16,-15,13,-11,9,1,6,-12,9,-4,7
-18,9,-11,1,1,-10,-11,10,-6,3,-2,14
-5,-11,-1,-11,-14,7,3,-1,-19,5,1,-5
-2,7,-12,6,4,-4,-9,20,-15,15,-13,-4
-7,-4,7,17,3,-1,-17,5,-5,13,1,2
-6,-3,-3,18,-4,-12,4,4,7,-1,-14,11
-18,13,0,12,7,-12,-3,6,-18,16,-1,-11
4,-9,-17,10,-9,4,2,-4,-10,5,0,19
-6,18,-16,24,2,23,-18,-1,-5,-3,-2,1
-18,12,2,-7,-1,18,4,-5,-7,22,-9,7
-12,22,4,27,-9,0,4,7,-18,14,-4,-3
-9,27,-19,14,-3,3,1,-8,-5,10,-13,9
-7,24,-11,9,-6,0,-11,22,-5,18,-16,1
-15,27,7,8,-12,-3,-17,29,4,20,4,4
-5,-5,-3,16,4,16,0,29,2,2,-17,-1
-17,13,-15,-1,3,3,-18,30,-19,28,-16,19
-12,1,0,32,-7,26,-7,25,4,24,0,21
-16,31,-16,24,5,4,0,-2,-8,12,-19,-2
-2,5,1,32,-18,0,4,5,4,31,-18,-1
-19,19,-13,9,1,32,7,9,-10,11,-6,12
6,-21,3,-17,-7,-34,-7,-22,3,-17,-10,-28
-2,-11,4,-32,-5,-34,-7,-30,-2,-21,-9,-11
-11,-22,-13,-9,-10,-11,-5,-20,-8,-22,-5,-19
-14,-27,7,-3,-15,-4,0,-7,-12,-10,4,-22
7,-31,0,-21,-1,-28,-5,-27,-12,-23,5,-18
5,-26,4,-15,-12,3,-16,-19,-14,-22,-15,2
6,6,1,-15,3,-1,1,6,-13,-20,-17,-26
8,-6,6,-3,-17,-25,8,-21,8,-17,3,-22
3,6,-14,-21,-5,-17,-9,8,-5,-3,-3,-21
3,0,-8,-5,-4,-1,-16,-1,3,-7,3,-23
5,-10,-16,-26,-15,2,-7,-14,3,-25,3,-5
-17,6,-10,-18,-8,-21,2,-15,6,-7,-17,-2
-5,0,-7,12,-5,0,4,-13,-3,-22,-1,-24
-2,11,-9,7,-7,-4,-7,0,-10,-5,-9,-9
3,0,-9,3,-10,-22,5,-19,-9,-14,0,-5
-11,-12,-13,14,-10,13,-16,0,-5,9,-4,-6
-8,-4,-5,15,-10,-15,-11,14,-16,-16,-17,-3
-18,17,3,3,-14,9,3,-2,3,3,3,12
-13,18,-10,-7,-15,-1,-14,9,-11,-16,-4,-8
2,-4,-1,11,1,8,-7,1,0,-1,3,-9
-1,-14,-18,16,-6,5,-13,12,5,-2,-1,-15
-9,1,-14,-7,-14,-10,-3,13,-6,-12,0,-6
-13,-13,-8,-10,-14,-6,-5,22,-4,0,-11,16
-18,10,-2,-6,-5,5,-2,20,-5,-9,-4,4
-10,17,-5,1,-8,1,3,17,-6,23,0,-2
0,24,-16,0,-6,6,1,21,-14,12,0,2
3,14,6,12,-14,-7,-8,-1,-15,7,-2,-2
-16,1,-18,-5,-1,19,-14,-5,-2,1,-8,-4
4,6,-13,-8,-9,-2,-4,4,3,6,-4,-2
-1,27,-13,11,-13,2,5,-3,-18,1,-5,9
-13,29,-17,21,6,-6,-17,21,4,30,2,-5
2,13,-14,23,-13,13,-1,27,-2,15,5,3
3,-2,-10,28,-9,9,-2,14,8,7,8,10
-15,13,-12,19,7,1,-1,9,-17,29,-7,3
-9,9,-18,13,6,10,-3,10,-1,30,-16,18
-4,33,-16,9,-1,30,3,32,-2,28,-4,28
2,15,4,28,7,31,-17,20,-13,21,3,29
-14,-19,-4,-4,6,-34,5,-13,0,-2,0,-32
-14,-33,-13,-14,-11,-13,-14,-14,9,-18,-1,-10
-17,-29,-10,-17,-8,-23,-12,-1,3,-21,-9,-27
-15,-7,0,-9,-6,-16,-10,-12,-13,-25,-5,-10
5,-22,-7,4,-2,-15,7,-13,7,-10,4,-31
9,-9,9,-18,9,-17,9,-24,9,-21,9,-18
9,-9,9,-18,9,-17,9,-24,9,-21,9,-18
-1,0,7,-17,0,-11,6,-22,6,-22,9,-18
7,5,-12,-4,-8,-28,1,0,-17,-2,-14,0
7,-9,-4,-4,-10,-13,6,-14,4,-27,-10,1
-11,-22,9,-23,0,-7,-5,-19,-3,-16,-4,-5
-6,-21,-9,-10,1,-18,-3,6,-10,-11,1,-13
3,-12,3,-7,-9,8,-13,0,8,-6,4,8
-10,6,-5,-8,-5,2,-9,-20,-5,-12,-1,-14
2,-16,2,-17,-10,-12,-7,-22,-14,-17,-1,-18
-14,-9,-8,-11,5,12,-16,-20,-2,-11,7,-7
-5,12,7,11,-8,-1,-4,0,-2,-8,1,1
-15,15,-8,-14,-15,-6,6,-11,-6,-15,-4,15
-12,10,-11,-14,-2,-13,2,0,-6,-12,-4,-14
-16,-10,-2,9,1,-16,-12,-6,-10,15,-7,15
-7,-1,5,5,3,9,-12,19,-9,3,-10,2
-8,-14,3,-14,3,3,-1,-11,-13,-1,-17,12
-3,1,-13,10,4,14,-7,-4,-3,7,-11,-1
-6,13,2,1,-4,22,2,11,-14,-7,-4,-12
-9,8,0,14,3,9,-3,-4,-8,-10,5,19
-10,12,-2,18,3,13,2,-2,4,17,-7,-9
-16,-10,0,5,3,17,0,8,-2,9,-11,-9
-14,23,-9,5,2,-1,3,14,-6,-6,0,17
8,9,-13,15,3,-5,0,5,2,-6,-14,-7
-4,27,-16,-5,6,22,1,23,-5,21,9,3
-14,-2,1,23,-16,4,9,-1,5,29,-17,3
-1,-5,-16,19,-9,15,4,30,5,29,-1,24
-14,11,5,31,-12,4,-3,11,-12,27,4,32
-14,28,6,26,-1,16,9,-1,3,32,-3,15
-16,18,4,31,-16,13,4,34,-5,7,-7,24
-8,14,-16,6,7,1,-2,19,-1,30,6,6
0,25,-15,1,-8,30,-8,30,5,33,5,5
-5,-3,3,-30,8,-20,-7,-35,-7,-26,-14,-17
-6,-32,-4,-33,3,-6,-4,-33,4,-16,1,-16
-13,-21,-6,-4,-5,-9,4,-33,-10,-1,-5,-33
-2,-30,1,-21,-2,3,-7,-26,2,-25,-13,-15
5,1,-5,-14,5,-32,-6,-1,-1,4,4,0
10,-17,10,-20,10,-19,9,5,10,-23,10,-22
10,-17,10,-20,10,-19,9,5,10,-23,10,-22
1,0,6,5,-15,4,-2,-4,7,-19,-7,7
7,-22,-14,-10,-12,-28,1,8,1,-18,4,-3
-8,-19,-2,-24,8,-9,-8,-22,-3,-26,5,-10
0,-19,-8,-9,-3,-26,-8,-26,-14,-6,-11,-8
-9,5,9,-24,6,-22,1,2,-4,0,6,7
-14,4,10,-6,-10,11,2,0,3,-11,0,-21
-15,10,8,-10,3,-10,3,-9,1,-8,7,-11
-12,-22,-12,14,10,-12,0,-12,-13,-15,10,10
3,-16,-11,7,2,-6,3,-5,-1,-4,7,-16
4,0,-13,0,9,-18,-6,10,0,-15,-8,1
2,-17,4,-7,-10,-5,-2,2,-13,7,-4,7
-9,-2,-15,4,-12,14,-3,-9,3,2,-16,-14
-7,8,-4,3,2,-6,-3,1,-1,16,-1,7
-2,-4,-3,9,3,-2,1,-7,-14,9,-3,11
-4,0,-1,19,-7,6,1,-1,0,9,-10,8
1,1,-13,9,-3,9,1,21,-15,-12,-14,20
1,7,-14,21,1,4,7,-4,-13,-4,3,6
3,7,6,21,3,3,-5,7,1,24,-11,14
-2,9,1,24,-11,2,-13,24,-5,18,-16,-3
-1,8,-12,16,-10,-5,1,24,0,9,-12,23
0,9,2,3,-14,-8,-7,11,4,25,10,-2
0,13,-10,10,-1,20,-7,4,0,-7,-5,13
-8,15,-6,22,3,0,-14,18,-11,9,7,27
-1,17,-13,28,0,1,-9,14,10,0,-13,19
-7,1,4,18,3,4,-13,28,6,15,-1,10
-5,23,-4,20,-14,18,-14,1,-6,27,-2,-2
-10,-2,9,28,-13,30,-4,2,-11,11,-16,10
1,25,-10,30,-8,5,-9,22,-16,7,2,6
-6,11,-16,29,-2,26,-13,31,7,-1,3,6
-7,2,-2,13,-6,6,2,14,-11,18,-7,29
-12,-9,-6,-2,1,-31,3,-30,8,-23,10,-20
-12,-29,-6,-15,-3,-16,0,-28,-7,-29,-5,-26
6,-25,5,-34,-12,-18,-9,-19,-1,-31,-7,-30
9,-28,-3,-10,-12,-21,3,-11,6,-24,-8,0
4,4,-13,-11,9,1,-5,-18,-5,-3,-3,3
11,-19,11,-22,11,-22,10,3,11,-26,11,-25
11,-19,11,-22,11,-22,10,3,11,-28,11,-25
10,-24,8,4,-14,7,8,-19,5,0,1,-7
9,-18,-5,-1,10,-27,0,-24,-3,-26,-15,8
2,-24,-5,-24,-5,-3,6,-13,-5,-26,11,-8
11,-26,-8,-6,3,-2,-5,3,-6,9,0,-21
8,-11,-15,-24,3,-9,6,1,-1,-18,3,-7
-10,-8,-8,1,-1,-20,-3,-11,3,9,-8,-16
-15,-12,-11,-11,1,5,1,8,-1,-1,-15,-16
-13,10,-12,-14,-6,-7,-11,1,4,-12,0,-18
-14,-4,-10,-6,-5,-18,-3,-5,-7,-9,-4,14
0,-16,-8,-1,1,-18,-6,-9,-3,-1,11,-17
-10,-5,4,0,3,-1,6,5,2,-18,-3,0
-4,17,-11,-16,-13,7,5,6,2,-10,-4,-9
-7,2,5,-9,6,-4,1,-16,-1,14,-11,7
-4,-8,10,2,6,-4,-12,0,-5,3,-3,-3
-2,0,-2,1,-11,8,0,-10,-8,21,-4,-12
3,1,4,6,-8,10,-14,-10,6,16,10,17
2,4,-13,18,-8,4,-4,-6,0,21,-11,8
4,6,-4,12,-5,10,-14,-12,-3,-8,-7,24
1,6,6,23,-3,22,-9,8,5,9,0,8
4,5,-7,14,6,21,2,-10,6,21,-8,-1
-3,7,-14,23,-15,0,10,22,4,27,0,13
0,11,5,12,2,8,-7,1,7,21,-8,16
-2,12,6,28,-5,-6,-1,22,4,21,0,3
1,14,8,4,3,15,8,29,3,14,6,28
2,9,-4,24,-15,0,8,29,5,-3,5,9
-3,16,9,16,-15,8,6,18,5,1,-10,32
-1,4,-10,33,-7,1,4,22,-13,2,-15,8
-10,8,-12,15,-11,29,3,31,7,26,-11,28
-9,15,-4,18,-6,11,0,33,-12,0,-10,28
-10,31,1,13,-8,23,-2,33,-10,29,-12,20
5,-2,-8,-15,11,-36,-6,-16,-9,-24,-10,-30
6,0,-7,-21,8,-12,-6,-11,-5,-35,2,-1
12,-24,12,-27,12,-27,11,-5,11,2,12,-32
12,-24,12,-27,12,-27,11,-5,11,2,11,3
12,-24,12,-27,12,-27,11,-5,11,2,11,3
12,-24,12,-29,12,-29,11,-5,11,2,11,3
12,-24,11,6,11,6,11,-5,11,-1,11,3
11,-27,9,-2,-13,-21,11,-5,5,5,-9,1
10,-6,-4,5,7,-17,7,-28,10,-14,-2,-10
1,-27,0,9,7,-22,-1,-27,-8,-6,-1,-1
1,-16,11,6,-3,-25,-9,-11,3,-23,3,9
3,-21,-7,-15,-3,-17,4,-5,-10,-5,7,-25
-14,3,-6,-21,-12,12,-7,11,9,4,-8,-20
-13,1,-7,8,-1,2,3,-17,-11,-5,-9,-19
7,-10,-8,-8,1,-19,-9,8,-2,-12,10,-21
1,7,-9,-19,1,3,0,7,-7,3,-3,6
-13,10,-2,-3,-6,6,3,8,-8,-8,-5,10
-4,3,5,9,-8,17,-8,8,8,-6,2,-7
5,-5,-7,-5,-14,11,9,-7,-13,2,-11,8
2,-5,-1,-15,-9,-16,3,5,-2,-10,-3,6
-7,16,5,14,-14,15,11,7,8,10,-3,-5
3,-3,-9,-8,-13,17,-12,-13,6,6,-7,10
2,8,-11,22,1,12,8,-9,3,10,-11,10
3,3,4,-11,-9,9,-4,-11,-10,-9,-11,22
-6,6,8,17,8,5,-8,-12,-12,4,8,24
2,8,5,18,-1,15,-4,13,11,17,8,24
1,12,-14,10,-8,18,-1,19,-8,10,-14,-9
1,11,5,27,10,-2,-1,-5,8,23,-4,4
-1,5,3,22,9,20,-14,25,2,24,0,-3
0,15,-4,27,6,-5,3,23,-10,29,11,12
0,15,10,5,-9,25,10,24,-14,27,-14,8
5,7,-11,26,-6,30,12,31,8,17,-5,2
4,8,4,-3,8,14,-2,22,-4,30,8,4
-4,5,-14,16,-12,6,4,4,-4,12,-10,8
-2,17,-14,-2,-7,27,-12,4,-8,13,5,11
4,19,8,16,-7,27,4,16,0,22,-9,30
0,26,-9,8,7,19,-6,33,0,32,-8,33
13,-31,12,-1,12,-1,12,-14,12,-9,12,-7
13,-33,12,-1,12,-1,12,-22,12,-9,12,-7
12,2,12,-1,12,-1,12,-22,12,-9,12,-7
12,2,12,-4,12,-1,12,-22,12,-9,12,-7
12,2,12,-4,12,-3,12,-22,12,-9,12,-7
12,2,12,-4,12,-3,12,-22,12,-9,12,-7
12,-1,12,-4,12,-3,12,-22,12,-17,12,-7
7,4,-5,-21,13,1,9,-23,-9,-4,1,-10
-3,-28,7,0,8,4,-1,5,2,-5,9,-13
-12,1,2,-8,1,-12,4,-24,0,1,-1,-3
-11,-23,11,-16,-4,3,0,-20,-4,-21,-2,-4
1,8,-5,-5,-2,9,10,-2,10,-2,0,7
13,-8,8,-8,0,-2,-6,-16,-13,-17,5,-20
3,5,-2,-2,-11,-19,5,11,9,-20,-3,-3
-10,12,7,0,2,-1,-1,1,4,13,-10,-5
-12,0,-1,-13,4,14,4,-4,-1,12,7,-6
-9,3,8,3,8,0,-3,12,-2,-15,12,-19
-3,17,4,-10,3,-9,-1,1,-2,17,-1,-5
-5,7,-9,2,-9,-8,-1,3,-7,-4,-5,4
-1,-10,10,9,4,-9,4,3,-9,10,8,3
-8,-7,1,-5,-7,1,-5,-4,-3,-16,10,14
3,1,-12,13,8,3,-1,10,-9,19,-2,-3
4,7,6,20,-5,13,-12,7,-5,-4,1,8
6,1,-1,14,-12,15,3,21,-9,0,-9,-5
1,7,11,-3,5,13,-7,6,10,17,10,23
0,10,8,-3,10,9,-1,7,13,-11,-10,10
0,12,-12,6,-7,3,-5,-3,-11,25,12,12
2,12,10,16,0,-5,-4,13,9,16,12,4
0,8,0,4,5,2,-11,22,5,7,12,4
0,7,-5,5,0,-2,-7,13,-12,10,-5,11
0,-4,2,16,-3,30,-6,11,4,27,8,27
5,12,2,16,0,1,12,2,-6,17,-8,4
6,22,7,22,3,11,-11,3,-2,22,-9,0
-4,19,-13,20,-1,10,1,2,4,10,-3,3
-1,10,5,17,-4,7,7,12,-13,34,7,33
-2,16,-11,35,-9,28,-4,20,-9,1,10,35
-2,28,-3,18,-10,13,-10,28,-7,30,-1,7
10,0,-7,-35,3,0,3,0,1,-27,1,-3
10,-7,6,-19,3,0,-8,-16,-1,-26,2,-21
13,-6,13,-9,13,-8,13,-28,13,-22,13,-23
13,-6,13,-9,13,-8,13,-28,13,-22,13,-23
13,-6,13,-9,13,-8,13,-30,13,-22,13,-23
13,-6,13,-9,13,-8,12,5,13,-22,13,-23
9,-24,-7,-21,13,-10,9,-29,-5,-22,-8,-30
2,3,-5,4,9,-19,-4,-10,11,-28,6,-13
4,-22,-6,-20,3,5,7,-13,4,-1,1,-28
-8,-6,2,-3,-9,-18,6,-11,-8,1,4,9
-6,5,1,-25,1,-14,14,-7,-2,-20,3,-14
10,-12,11,-22,1,6,-1,4,4,9,10,-7
-7,6,2,-6,-3,-21,10,-2,4,-21,-5,-8
-4,-16,0,-9,-3,-19,-2,-3,-8,-7,10,6
10,-20,-9,8,-8,-7,1,-6,-1,-21,-4,-20
0,-17,3,-6,0,-19,8,-6,-1,-5,10,9
-4,14,14,11,-10,-2,-7,16,-7,7,2,-16
-12,-11,3,13,-5,-7,6,8,-2,-16,-7,-16
-5,-4,4,16,-2,3,6,5,-9,-4,-10,-17
-6,16,-3,19,-7,13,-1,-6,-6,2,0,-7
-4,15,1,14,-9,7,-6,-11,1,15,-5,18
4,-4,11,-14,-9,-4,-1,-7,7,8,-11,3
1,4,11,5,-2,0,1,18,14,-10,4,2
6,14,-9,-13,-8,-4,3,0,-4,1,12,9
5,7,7,9,-4,-10,-5,13,8,-4,3,17
5,7,6,2,-7,-11,11,13,-3,12,-9,19
7,7,12,-2,-3,14,-12,15,-10,2,-9,-5
7,7,13,4,10,18,-1,-7,-12,4,-5,11
1,12,10,19,8,-3,11,17,1,8,-9,24
6,7,-3,-6,-10,24,-7,-6,-9,21,-5,15
6,-1,-3,8,10,5,-7,2,-5,-3,9,18
-5,21,10,2,-5,0,-4,12,-9,15,-11,26
-8,26,-11,32,-7,17,10,4,12,15,-10,23
1,4,10,12,12,5,12,32,-10,27,10,7
-8,7,1,27,-12,19,2,17,3,6,8,22
-12,32,7,32,-1,27,12,33,6,-1,7,8
-5,28,12,7,12,3,-12,21,-9,15,-10,14
10,-18,-1,-13,-9,-26,9,-27,7,-13,-2,-25
13,-9,9,-10,6,-12,-7,1,-6,-29,11,-14
14,-10,14,-22,14,-12,13,-1,14,-26,14,-27
14,-10,14,-22,14,-20,13,-4,14,-26,14,-27
14,-10,14,-22,14,-20,13,-4,14,-26,14,-27
9,-2,-10,-6,-7,-7,-3,-9,4,-20,-11,2
15,-27,-4,-2,12,-24,-8,-4,-2,-14,-9,-28
13,-12,15,-9,-6,-3,4,-14,2,-22,-2,4
-8,1,5,-23,5,-7,-8,-23,7,-7,-1,5
-7,-16,8,-26,9,-20,5,-1,4,-2,-2,-17
-3,-12,-4,-21,5,-26,1,10,15,-10,5,-26
-9,-5,7,-8,-4,10,9,3,0,-25,-2,-2
4,-15,-10,-3,14,-7,7,-24,4,-2,-3,-8
-7,9,-1,-4,-2,-18,-9,-6,0,9,0,-21
8,-19,7,-1,13,8,-7,-15,3,5,3,-10
14,-21,13,-3,-7,-20,0,-8,-6,-1,-6,-9
-10,-14,12,11,-4,7,-2,-3,-5,-20,4,-18
-11,-18,11,-8,10,-15,-8,-4,-7,-1,-10,-12
-3,-3,-1,-17,14,-3,11,3,0,-11,-3,-1
-10,8,9,-3,3,-16,-5,16,-4,18,15,-17
3,-7,0,-3,11,10,10,3,-5,16,-3,-15
-4,18,3,-6,2,-7,-9,-7,-9,14,-1,7
3,-12,-1,3,13,-5,1,-2,-4,-7,4,9
10,2,1,-8,4,14,2,17,-9,18,4,23
-7,0,-2,20,1,-5,-3,15,9,5,-3,11
-10,25,-9,-6,-5,15,7,-3,10,16,-8,4
-9,25,4,1,3,12,-7,11,-4,-5,-4,-3
-7,-8,0,18,8,13,9,9,7,8,-5,-3
-6,-5,4,5,3,26,-1,10,-2,13,10,27
1,3,6,1,-2,1,10,13,10,-2,1,26
-2,15,10,24,4,8,4,16,12,27,-9,12
-3,-3,-1,16,-4,21,-1,10,-7,17,9,-1
12,9,-11,8,10,26,-10,32,13,1,-5,10
15,15,-7,14,14,8,13,24,8,30,13,2
-4,33,-11,6,-3,23,-10,33,-8,10,-9,11
-3,34,-6,12,7,29,12,25,4,28,14,1
-11,28,-6,11,12,32,2,25,11,10,11,28
16,-21,-10,-15,-6,-6,0,-17,-5,-1,3,-33
14,0,6,-5,9,-19,-6,-29,3,-21,6,-30
15,-21,15,-25,15,-24,14,-8,15,-29,14,2
15,-21,15,-25,15,-24,14,-8,15,-31,14,2
15,-21,14,-5,15,-24,14,-8,15,-32,14,2
14,-20,5,0,-2,-20,4,-18,-4,-27,13,-28
13,-7,2,-18,11,-8,10,-23,-6,-4,8,-6
16,3,9,-18,12,6,-6,-26,3,-9,0,-18
16,-11,2,0,-1,6,2,-11,8,-23,-2,-14
6,-17,12,-13,-2,-18,9,-24,-6,-17,-5,-17
10,-17,7,-15,-10,2,-5,-13,10,-8,4,-23
12,-21,8,8,0,5,4,-8,0,-15,6,-1
-8,-8,8,-15,-3,9,-6,-4,13,-6,-2,-12
-2,-20,-1,-10,5,-13,-4,13,-2,7,-8,-1
10,-21,3,-17,6,3,-1,-6,-5,11,-3,-20
3,-21,13,1,3,15,-2,-3,-4,-18,8,9
3,-15,1,-3,8,13,4,2,-2,5,-4,6
-1,0,-7,9,0,-7,-5,13,2,-2,11,7
-3,-5,4,15,-8,-16,6,-18,7,7,10,2
-10,12,-3,10,4,8,-3,-3,4,-13,-9,-14
-10,9,1,7,15,0,7,7,-7,7,-5,-9
-4,-13,-4,-9,-1,7,-7,-8,0,-8,5,18
-8,15,-7,-1,8,17,6,-11,-8,-5,-4,8
-5,11,-6,17,7,-11,0,4,13,6,-5,10
-5,-4,1,2,1,23,13,15,7,-7,0,-4
10,12,8,20,-6,5,12,9,5,24,1,13
7,0,-7,23,-2,-9,-6,-5,-3,-9,-5,24
3,24,-7,9,-3,-3,0,-6,7,0,2,-9
12,13,0,6,-6,10,-10,16,12,0,12,12
7,0,2,24,9,24,4,-3,2,-6,11,9
-5,13,-4,25,-9,12,-8,17,5,15,16,11
-5,22,0,-5,-7,15,11,11,8,4,1,26
10,24,11,6,9,26,13,24,-8,19,-9,24
16,16,-4,-3,11,30,5,22,13,31,-7,11
-1,33,-8,12,-9,33,4,-2,3,16,-10,29
-10,29,13,23,12,5,13,28,14,6,12,24
-9,35,-9,8,-9,3,14,4,-8,33,12,27
9,-4,3,-32,14,-23,6,-10,4,-3,9,-5
13,-6,-5,-4,16,-21,-1,-9,2,-25,-5,-20
13,-26,6,-7,-3,-32,2,0,-5,1,-8,-14
16,-23,16,-26,16,-26,15,-10,15,3,15,0
16,-23,16,-26,7,-2,15,-16,15,3,15,-3
15,-2,11,-26,9,-9,1,-26,6,-1,0,-13
8,2,1,-14,12,-16,-1,0,-1,-13,8,-16
6,1,9,-14,1,-10,12,-26,0,4,11,-26
-6,-9,12,-10,1,-18,1,-22,7,-24,4,-4
5,1,-8,7,-3,-6,2,-12,8,-5,-4,-10
16,-6,14,-13,7,-20,15,-14,2,-11,14,-7
5,11,8,6,8,-14,7,2,-2,-5,0,0
-7,-20,1,2,9,-21,10,-5,2,7,-5,-6
-5,11,8,-16,17,-7,0,-17,16,-3,8,2
7,-18,6,-13,1,9,0,9,13,2,16,10
14,-21,7,5,2,-1,-3,-18,1,-10,3,10
-5,-12,-2,-18,2,13,1,5,-3,7,-4,-6
4,-15,6,-1,7,-3,-5,-18,0,12,-4,-19
-7,1,-4,16,0,7,5,-4,7,-1,7,3
-8,-3,0,4,-4,12,-5,-17,7,9,9,3
-3,14,13,-12,3,-4,10,6,4,-6,-4,-15
9,-4,-1,-6,10,-11,6,-9,3,3,-3,-4
0,6,-2,2,4,20,1,9,-3,3,-8,16
-5,7,-7,4,-1,2,-5,0,7,22,2,19
1,-8,4,7,11,-12,-5,-1,12,5,2,14
10,-4,1,2,8,-1,2,-1,13,12,9,12
-5,14,16,-5,12,26,6,1,13,-3,-5,-9
-8,3,0,7,2,-2,7,15,12,-7,5,0
12,11,1,-3,-5,17,-4,6,9,-7,12,22
13,13,-9,20,13,3,13,17,13,-1,11,22
8,22,15,22,15,-2,16,12,1,-4,-8,27
-6,4,-4,18,4,8,15,6,-6,31,-2,21
6,-1,0,23,2,22,-9,9,10,12,-9,20
-2,5,-6,9,13,2,-8,9,-1,26,15,3
-5,5,3,33,-8,5,-7,-1,12,34,-2,21
-7,32,11,28,12,22,0,28,10,28,-2,18
-5,27,14,17,6,20,-8,23,9,29,15,28
3,-18,3,-11,7,-20,9,-26,-5,-26,17,-6
-4,-4,11,-35,-5,-13,8,-26,8,-28,4,-29
-5,-13,18,-19,-3,-1,6,-25,12,-18,7,-31
15,-29,0,-31,12,-5,7,-15,7,-6,4,-13
15,-6,5,-14,-6,-26,0,-18,14,-30,2,-9
3,-2,10,-21,2,2,11,-14,9,-8,17,-16
6,0,-4,5,8,-29,15,-10,0,-2,8,-28
10,7,15,-18,4,-15,8,-12,-6,-12,-3,-8
15,-26,4,8,0,-20,9,-13,-8,7,11,-28
-4,-22,9,5,-2,-12,8,-11,9,-1,15,-9
3,-26,15,-14,2,-3,4,-12,4,-26,3,-18
1,-25,14,-19,4,-10,-3,-3,4,-4,-2,-23
16,-4,4,9,4,-4,2,4,0,-20,6,7
16,-22,-2,-18,7,-5,6,-3,5,13,16,-16
14,3,15,-13,11,-2,-3,9,6,-11,-3,-16
7,13,5,-7,5,-19,-8,-3,6,12,6,5
13,-20,8,7,7,14,-4,12,5,-3,15,-4
14,-19,-4,-5,9,-4,5,12,12,4,-4,-3
13,-2,6,-4,3,4,-6,-14,6,-1,-2,0
5,-11,12,18,15,1,12,-15,3,-5,3,16
17,2,1,-9,-4,20,13,2,13,-5,-8,1
11,-11,1,13,15,-14,8,21,1,7,-4,4
2,-12,11,-7,-2,4,-5,-10,17,18,-1,15
4,8,6,-6,1,7,10,23,-5,0,13,-2
5,5,15,-4,-5,-7,12,-1,10,15,-2,12
11,-10,-5,-5,14,-7,-8,0,13,12,1,-3
-2,0,18,26,3,8,14,-3,-6,1,-8,19
10,16,-6,15,-6,-6,2,-5,0,25,-1,-5
-7,0,0,19,5,24,3,23,-1,-8,1,13
-2,29,-2,4,13,20,15,5,12,4,6,0
-5,2,14,-5,-2,6,4,28,-6,22,9,23
12,5,1,19,0,24,6,13,5,1,-5,29
-1,-1,0,19,15,21,7,26,-5,0,-7,20
12,8,-8,10,-8,-1,3,18,-3,10,12,24
-6,12,-1,7,-3,4,16,8,11,-2,2,27
16,13,2,7,-4,25,12,31,15,34,11,20
-3,33,3,7,11,33,-2,22,-1,11,16,27
1,-3,10,-16,19,-17,9,-14,4,-3,2,-4
2,-27,18,-20,5,-11,8,-19,11,-9,4,-1
3,-4,12,-30,-3,-21,-3,0,-2,-9,10,-31
1,-33,-1,-5,5,-11,-1,-2,18,-18,7,-25
15,-17,7,-28,16,-21,-5,-17,18,-2,15,-9
17,0,15,-18,-4,-21,8,4,13,-9,4,-6
17,-28,10,-20,-2,-13,-2,-24,16,0,1,0
14,3,10,-2,-6,-12,18,-8,-1,-16,-6,-14
-4,0,8,-23,12,-27,17,-8,9,-16,12,-17
13,-19,-1,-14,7,-6,14,-4,2,3,13,-20
16,-7,-6,-12,0,-24,-1,-25,18,-23,-5,-10
11,-22,7,1,6,2,5,-6,4,-1,-3,-23
11,0,5,-14,-5,2,7,-8,3,-7,1,10
14,0,1,-22,13,-17,-4,-9,14,-8,-5,-17
13,-18,14,9,13,-3,12,4,-5,-19,-6,-1
13,5,3,4,10,-14,3,12,1,-18,19,-6
5,4,17,-4,10,7,-2,3,13,-16,-1,-12
11,9,9,-9,12,-8,-2,6,12,8,-1,9
-7,-5,10,-2,14,-9,-4,-12,12,-13,-7,12
3,-16,-7,12,9,15,-1,-15,13,10,5,-15
0,-16,-5,19,5,20,-3,10,4,7,-1,13
12,10,4,-9,5,-6,5,-9,9,-15,-7,8
2,-11,7,1,7,14,4,16,5,16,13,17
1,19,12,14,-2,6,9,2,18,3,4,5
11,10,12,11,16,-7,17,-3,11,-6,1,12
-6,4,1,7,-2,4,8,-9,10,18,0,-8
-7,8,16,11,4,-6,2,5,2,26,-6,9
1,4,-1,-2,-7,17,1,23,16,27,1,23
-5,-7,3,-2,17,2,0,23,17,22,-1,27
6,-6,13,29,1,29,-5,2,-4,-5,-2,6
13,21,-3,3,6,3,1,17,-4,5,5,10
-5,4,8,28,7,-2,-5,6,13,-4,15,21
-3,-1,-6,25,3,-2,-5,24,17,5,-7,11
13,18,17,-1,17,28,14,31,17,31,-5,30
-5,11,-1,18,8,28,-1,26,-6,26,-4,10
18,15,15,4,1,5,16,32,-7,27,-1,-1
13,24,-7,31,1,17,-5,34,15,17,13,33
13,-8,3,-36,2,-33,1,-10,20,-21,-2,-29
-4,-10,-6,1,18,-15,14,-16,8,-29,10,-34
17,-4,6,-12,4,-2,-3,-12,14,-6,8,-14
15,-12,6,-20,-3,-1,-3,-14,5,-13,12,-5
9,-1,1,-28,0,-21,-3,-9,3,-4,13,-4
19,-17,12,-3,12,-19,7,-3,6,-26,1,-18
7,0,12,-30,14,-13,-5,-1,8,-4,2,-21
17,-4,2,-16,-3,-4,10,-1,2,-5,5,7
8,1,4,-13,2,-14,2,-27,9,-19,5,-11
6,2,13,4,18,2,7,0,13,-24,7,-21
14,-9,15,-9,5,-5,13,-6,8,-11,11,-24
-3,1,9,-25,5,4,4,-14,-6,-22,2,-20
20,-4,0,1,3,12,19,-24,8,11,8,9
12,10,9,-13,1,-8,14,4,15,3,17,-6
11,11,13,-19,11,-9,-1,-2,7,-11,18,-3
9,-16,2,-16,16,1,0,-8,-5,0,15,-18
15,-3,0,-18,4,15,7,-12,11,-2,12,5
6,6,13,-10,10,-1,-4,17,20,13,9,-1
5,5,13,-5,14,-6,0,-7,14,7,5,12
-5,-6,7,-9,10,9,6,-8,-4,-10,-2,15
4,3,16,10,0,3,8,-15,7,6,14,-16
1,-10,-1,4,8,-10,6,-14,4,11,11,7
6,-5,7,-4,0,11,1,-4,-5,5,-3,15
10,1,8,-8,13,13,10,10,5,15,-1,6
-1,-10,2,18,8,21,-1,-2,11,4,20,-11
-6,24,18,-5,-2,8,7,-9,9,3,16,22
1,-3,18,19,13,25,-5,21,-6,-6,-3,-7
-5,7,-5,6,12,-5,6,26,10,12,-3,-3
-6,-1,-1,14,8,-1,-5,24,7,5,14,10
0,4,10,29,7,9,6,4,5,4,-4,24
5,26,-5,0,17,25,14,23,17,25,-2,28
0,19,-4,10,5,6,-3,31,17,-1,2,5
0,11,8,-2,0,4,15,17,20,14,-6,17
0,26,8,17,-4,11,-4,7,14,27,13,11
-6,14,2,23,-4,18,-3,15,18,19,-6,10
-2,28,11,17,14,29,9,8,6,33,16,33
-6,17,1,23,14,34,-5,28,12,13,-6,5
17,-14,7,-29,19,-19,-2,-6,12,-9,6,-8
4,-6,2,-35,14,-23,3,-22,16,-14,17,-19
8,-6,3,-28,17,0,5,-18,5,-13,2,-17
-3,-6,-5,-16,4,2,10,-16,4,-14,7,-5
17,2,16,-26,6,-26,2,-26,6,-10,4,-19
8,5,-5,-13,19,-12,16,-27,21,-12,8,-6
-2,-27,3,1,13,2,16,-15,15,-23,18,-26
16,-24,12,-6,13,-15,3,6,6,-11,11,6
18,7,1,-11,9,-26,7,-4,16,-4,14,-1
11,4,6,-7,1,-11,13,-17,7,-1,4,-10
16,4,-1,-21,4,2,21,-11,11,-18,5,-7
19,-16,1,-1,18,-11,2,-23,-4,5,13,2
19,10,11,-12,-1,-2,5,-23,5,12,0,11
15,8,2,-20,-1,-11,6,-14,-1,-17,18,-8
18,2,8,-1,8,-3,12,-18,19,-20,1,14
13,10,9,-5,13,-15,9,6,17,-20,19,-1
18,2,13,-17,16,-18,12,-1,6,-12,16,3
10,-4,20,1,2,12,4,-9,15,-7,3,-8
14,-7,21,-2,19,-5,2,12,11,-3,9,17
2,-6,12,-12,6,-14,-1,-3,19,-16,-1,-8
-1,-3,17,2,-4,-2,-5,-8,0,3,11,12
9,8,0,14,8,0,7,-7,13,9,8,5
8,13,13,0,12,-5,12,10,-4,-14,13,12
12,0,20,8,4,-12,8,-1,18,4,9,23
2,-11,15,6,-2,19,5,15,15,14,-1,14
-1,5,-4,-6,12,15,17,-2,-1,19,-1,1
-1,12,17,0,7,1,-3,23,10,16,-3,15
-5,-6,-3,7,7,21,8,10,18,11,14,6
-4,-4,5,16,9,21,4,19,11,17,-5,20
0,14,-3,6,17,21,4,-2,19,10,-1,3
11,3,-2,21,-2,30,17,4,-4,25,14,11
7,23,5,-3,15,30,14,30,4,24,13,28
1,4,14,12,18,26,11,28,19,-1,19,22
13,3,6,19,17,27,14,27,-4,5,-4,8
7,25,17,7,19,30,3,19,19,2,4,33
9,7,-1,33,3,29,4,24,-1,0,18,5
9,10,15,7,15,11,4,32,3,9,-3,7
-2,-6,22,-35,8,-5,0,-7,18,-17,9,-8
4,-11,16,-19,-2,-18,1,-32,10,-11,18,-31
1,-11,8,-23,14,-25,8,-34,20,-28,3,-13
-3,-28,1,-29,16,-18,16,-13,9,-9,9,3
0,-28,5,-6,16,-9,14,-19,15,-13,17,-22
20,-12,6,-3,16,-9,20,-10,13,-12,22,-15
21,0,6,1,20,-16,21,-16,9,-7,18,-21
13,1,14,-5,11,-14,-4,2,15,-22,2,-2
19,-17,6,-17,10,-5,9,-6,5,-25,10,-17
18,-20,0,0,-1,-3,-4,1,2,-16,4,-2
22,-25,17,2,3,-18,12,-24,4,7,21,-26
12,-22,4,-15,16,1,13,0,4,10,13,2
18,9,3,2,16,-10,5,-15,0,8,5,-20
18,-12,17,-18,0,4,2,12,17,10,20,-19
19,-15,3,10,13,-8,4,14,-4,-5,6,8
19,10,10,-4,19,2,-4,-4,18,10,4,-15
6,-2,10,3,11,-12,0,-5,10,10,6,-17
5,13,18,1,-4,-3,4,-13,11,13,8,-8
1,-6,20,-18,10,-12,9,17,3,11,3,-18
0,0,0,16,14,0,10,-15,20,16,8,-16
11,-9,-1,0,-4,-13,14,-1,-1,14,-1,-6
14,-8,2,12,-1,12,8,0,-4,5,19,-14
14,5,-4,19,12,3,10,9,-1,15,13,19
15,9,2,21,3,-4,-4,21,9,-11,-2,11
8,-10,16,-3,1,4,3,-5,5,13,12,3
2,-2,15,-9,-3,13,21,8,-1,-3,1,-9
11,-9,2,16,8,-6,1,6,20,22,-2,-7
6,4,-3,-5,1,14,20,-1,20,11,11,11
-4,-2,-4,16,18,12,3,10,-3,25,13,13
1,13,-3,2,2,16,6,5,-4,20,15,1
1,-2,10,13,-4,29,1,13,9,28,20,19
7,1,9,22,11,24,-4,9,-4,10,16,25
2,21,-4,30,5,29,-4,0,6,12,2,30
6,28,0,3,-2,31,-3,30,9,-3,9,10
3,25,21,0,-1,33,-3,14,17,4,0,20
14,8,19,33,15,27,2,28,-2,31,-4,9
9,26,18,8,17,21,2,34,16,9,11,35
2,-18,0,-34,17,-27,2,-31,3,-1,20,-15
7,-3,18,1,20,-32,14,-27,8,-5,18,-7
4,-28,15,-7,16,-16,12,-20,-3,-11,4,-22
22,-14,9,-8,4,-12,10,1,9,-13,13,-10
-3,-1,12,-4,0,-26,3,-11,4,-13,2,0
0,-21,8,0,4,-9,0,-7,17,-28,10,-14
21,-9,15,-5,4,0,0,-18,19,-9,14,-21
18,7,21,7,15,6,-3,7,10,3,21,-21
15,1,-2,7,16,8,12,-18,17,4,19,-21
21,-15,12,-3,-3,-10,18,-18,3,-22,-1,-15
9,-4,13,-2,13,1,4,6,7,-6,17,-24
2,-3,16,-8,12,-19,22,-5,14,-25,13,-14
0,-17,12,-22,3,-21,6,-10,20,-3,7,1
20,-6,6,-17,0,-23,2,4,4,10,-1,-15
1,13,9,-13,16,-17,16,-18,9,-16,-2,13
8,-1,8,-12,11,-7,-3,-15,5,-5,7,7
11,-9,19,11,9,-14,17,-8,6,-11,12,12
4,-1,14,2,11,-7,15,0,17,-13,16,11
6,-13,11,3,9,-10,-3,14,14,-4,15,14
7,16,11,-17,4,-10,12,-16,16,9,0,-10
14,-7,18,-4,-2,0,19,-13,6,-2,6,-15
8,0,15,5,16,-15,12,8,0,18,14,5
10,-2,3,19,16,20,-2,0,21,-14,14,20
14,9,-1,-10,7,13,10,-12,1,11,-2,-1
16,8,18,-1,22,6,9,-9,2,-4,21,5
1,14,2,3,-1,17,21,-4,14,10,6,-9
3,24,12,25,13,13,8,17,19,-10,13,0
8,22,-2,21,17,20,-2,4,23,-6,10,5
8,13,17,19,11,2,21,-7,17,28,-3,11
16,17,9,9,10,10,8,-7,21,22,6,-2
13,2,12,6,6,21,-1,-3,5,15,21,18
8,8,11,17,10,-2,-3,14,-2,30,7,5
3,-4,3,-3,8,20,19,0,0,20,-2,30
2,3,6,-1,15,31,10,12,17,30,1,28
6,2,5,34,15,17,12,19,21,26,20,11
6,16,11,5,1,34,9,3,-3,33,19,18
16,21,19,19,19,15,9,29,16,32,3,10
9,-22,12,-28,13,-36,5,-20,14,-20,-1,-10
-2,-11,16,-13,9,-20,3,-26,3,-34,0,-5
14,-33,9,-23,13,-22,8,-27,21,-22,17,-24
7,-2,18,-9,23,-12,22,-2,5,-24,-2,-11
16,-28,2,-16,6,-14,2,-1,7,-20,13,-32
13,1,15,-18,1,-17,2,4,21,-9,16,-28
20,-3,17,-4,7,2,21,-29,17,-21,14,-10
17,0,16,-6,13,2,-2,-20,15,1,1,-25
23,-20,22,7,-1,-3,22,-22,22,-1,22,-5
0,-20,12,1,4,-18,4,-11,14,-14,15,1
7,-12,16,10,5,-6,17,-21,17,-18,14,1
16,-17,6,1,21,-25,9,-24,22,-13,-1,7
13,-13,19,3,9,6,15,-19,6,3,19,3
19,3,6,-19,12,-14,11,1,8,12,4,-4
6,6,24,-18,12,13,7,-18,-2,-4,9,-9
9,4,7,2,3,4,4,9,5,9,6,-8
15,-9,19,-6,4,12,9,-14,14,-11,12,-19
7,-1,2,-9,4,8,2,-17,10,8,-2,16
15,8,1,-4,9,-5,12,6,12,16,6,9
16,1,21,13,3,15,9,19,12,-5,8,4
3,10,18,-12,19,10,4,16,17,-5,13,-8
9,7,0,-3,-2,0,4,-9,7,-8,18,-4
5,10,14,-6,5,18,9,8,23,5,15,-6
12,0,2,-2,14,1,6,3,8,15,22,-11
8,-1,19,-3,20,1,21,2,16,7,11,6
0,-9,0,17,18,20,0,18,15,20,23,-8
-2,2,23,7,-1,17,1,15,-2,2,2,26
3,23,22,25,-1,20,23,21,18,22,19,5
11,2,3,12,0,24,15,8,10,8,10,-3
7,5,13,1,15,22,22,10,5,10,19,11
10,0,14,27,14,7,-2,-4,22,2,14,11
15,-4,0,20,7,-3,12,27,5,10,0,21
9,1,1,11,22,20,12,29,12,25,-2,21
10,32,-2,23,21,13,3,15,3,-1,11,-1
10,15,5,10,4,28,-2,18,5,23,8,-2
12,26,-1,2,16,7,0,31,13,2,20,1
14,15,0,30,16,2,15,31,-2,21,18,34
0,-18,16,-32,18,-13,7,-2,18,-18,8,-2
4,-1,23,-31,14,-28,5,-28,9,-8,18,-33
10,-24,18,-24,5,-10,13,-23,7,-29,8,-22
11,-33,6,-27,9,-22,11,-2,12,-6,21,-30
-1,-11,7,-32,11,-22,11,0,20,-28,16,-15
11,-1,14,-27,6,-15,8,-5,17,-29,14,-14
23,-2,6,-9,15,-27,23,-8,0,-12,22,1
23,-4,17,3,15,-20,13,1,-1,-13,6,6
25,2,12,0,21,-16,6,-1,21,-16,24,-14
18,-19,7,6,12,6,19,-23,7,-1,23,-12
13,-12,9,-19,5,-16,22,-7,1,-4,4,-15
16,-20,6,-24,11,10,17,-23,4,5,23,-25
8,9,2,-19,13,-8,10,-8,9,-10,13,-8
6,2,19,-10,5,-19,20,-18,12,6,19,-10
16,-22,2,10,10,10,1,2,13,-9,7,6
7,-11,2,8,8,5,5,-13,14,-15,20,-2
-1,-5,6,10,16,-14,11,10,8,7,15,-13
9,1,14,1,2,0,25,-1,15,-17,19,2
0,-15,5,-3,2,0,9,17,17,0,16,-12
6,0,20,4,3,-13,15,3,14,-10,2,10
18,7,16,18,5,-15,7,9,16,-12,13,5
18,12,11,-9,20,1,8,-13,9,8,10,4
5,8,14,-13,14,-10,12,-4,2,18,24,7
5,-8,11,-13,12,8,23,-10,12,-1,12,10
0,-3,5,17,0,-7,0,-7,23,-2,9,-11
0,12,9,21,23,0,22,-9,-1,3,1,24
4,-10,4,2,23,13,24,6,23,1,22,22
15,-7,13,20,22,25,0,2,18,13,21,-3
10,-5,19,11,22,9,10,-4,18,27,16,7
5,21,2,17,19,26,0,8,21,23,8,19
9,8,6,2,9,23,14,13,14,14,14,15
4,8,1,2,12,15,-1,2,-1,19,-1,21
9,23,7,17,5,29,10,24,1,30,8,16
10,4,2,1,4,7,9,19,2,19,2,-1
8,22,4,24,0,21,17,29,7,34,1,26
17,22,8,7,7,21,4,23,5,23,1,35
11,26,0,33,21,29,17,1,23,23,23,31
23,-27,6,-6,4,-16,6,-32,8,-34,6,-21
17,-4,16,-32,5,-1,3,-24,6,1,4,-22
23,-19,26,-4,5,-32,4,-26,5,-19,6,-3
15,2,16,-5,0,-15,16,-26,4,-33,16,-20
2,-11,3,-23,24,-7,14,-25,11,-7,15,-7
20,-26,16,-27,10,-31,3,-2,6,-5,10,-16
25,-23,24,3,1,-17,1,-24,24,-4,24,-18
25,-23,1,-17,1,-20,1,-20,24,-4,24,-18
22,-27,13,-25,24,-1,10,-20,14,-19,25,-24
18,-1,23,-12,12,0,3,-27,3,-8,13,-5
12,-8,18,4,3,0,8,-22,18,-12,23,-4
12,-20,10,-13,5,11,7,-22,6,-18,0,-23
4,-6,13,9,17,-2,5,-22,14,-22,2,-7
18,-7,5,-17,16,-1,22,-6,4,-4,23,-14
2,-4,16,-22,26,-5,7,11,26,-21,20,-16
17,3,15,-18,26,-6,21,4,2,-3,9,-2
2,-20,18,-12,3,-19,2,-4,22,-16,13,-12
0,13,6,-9,24,9,7,-19,7,-1,12,15
15,-12,3,-11,12,16,3,16,5,-18,4,11
16,-12,1,2,24,17,10,4,6,12,1,8
15,10,9,3,7,-12,6,1,2,-15,19,-11
16,8,14,-14,0,7,1,15,0,4,5,1
5,-3,2,-8,14,4,0,2,0,-9,12,16
9,-6,9,2,24,22,7,-8,1,3,9,18
0,-3,13,-6,0,-8,11,5,24,12,22,0
3,7,0,-1,0,-5,1,-8,1,25,13,18
0,24,0,1,26,-10,0,0,9,3,5,23
0,17,9,26,0,21,24,-4,3,-9,5,-1
7,-6,4,5,5,6,0,18,11,11,1,28
6,25,24,-4,0,-6,13,6,2,-1,1,9
7,28,1,17,17,24,0,6,1,-3,1,7
10,18,0,-2,1,21,9,19,3,16,2,0
5,3,2,22,12,-3,1,3,25,27,24,6
7,17,24,2,11,9,6,7,2,21,18,2
12,11,12,24,26,1,9,-2,12,27,1,7
17,7,19,11,0,-1,0,2,1,3,6,4
16,26,1,0,2,35,13,11,0,30,24,9
