-3,-22,-11,-36,-24,-12,-22,-19,-7,-22,-14,-16
-2,-16,-19,-20,-11,-14,-16,-19,-3,1,-14,-14
-24,-13,-21,-10,-15,-3,-21,2,-4,-12,-4,2
-17,-26,-12,-33,-10,2,-20,-14,-20,-23,-5,-9
-8,-19,-16,1,-1,-12,-20,-8,-1,-2,-9,-19
-23,-2,-22,-23,-4,0,-6,-3,-17,-3,-21,-26
-17,-25,-11,-17,-7,-26,-2,-15,-17,2,-18,4
-6,-20,-11,-20,0,-10,-21,-9,0,-29,-12,5
-2,-8,-10,1,0,-18,-3,-3,-3,-23,-8,-8
-1,-4,-6,-2,-20,-16,-11,-3,-12,-9,-10,-4
-17,-18,-7,-2,0,-2,-2,-6,-11,-14,-10,2
0,1,-12,9,-20,-5,-4,-14,-23,10,-11,9
-9,-10,-23,11,-19,-11,-20,-17,-25,0,-9,-10
-7,1,-22,-12,-18,6,-21,-19,-10,12,0,-19
-8,-1,0,13,-19,-10,-15,-14,-17,2,-13,11
-6,15,-4,-12,-15,-14,-20,10,-24,7,-25,-2
-10,-9,-24,10,-14,-17,-23,7,-22,16,-22,10
-17,-19,-4,9,-26,9,-16,-14,-10,-2,-15,7
-11,-10,-15,3,-16,-18,-20,-18,-1,-5,-18,-6
-7,9,-20,-2,-26,12,-18,2,-5,-6,-14,1
-6,15,-2,-12,-25,19,-21,-8,-12,0,-3,-11
-5,21,-14,15,-25,-10,-23,-6,-15,-13,-20,-3
-6,16,-6,2,-16,-6,-21,-8,-10,-1,-2,1
-5,16,-12,7,-21,-13,-21,4,-5,-3,-4,6
-10,0,-10,0,-16,-6,-20,24,-4,17,-18,16
-7,10,-1,1,-16,-9,-6,-11,-16,9,0,1
-16,-4,-12,5,-25,16,-8,-2,-1,14,-21,26
-4,24,-7,9,-24,10,-22,26,-16,10,-20,22
-5,18,-2,-1,-26,23,-14,18,-8,26,-16,13
-23,3,-17,25,-17,8,-13,0,-21,11,-19,4
-3,24,-6,-2,-23,-4,-9,28,-13,22,-5,15
-5,17,-21,25,-25,17,-3,18,-10,29,-9,24
-2,29,-23,12,-24,7,-22,17,-1,25,-2,20
-9,4,-19,33,-25,11,-10,14,-19,12,-6,28
-3,18,-20,-2,-16,5,-18,18,-26,16,-19,-1
-1,12,0,4,0,26,-7,24,-3,3,0,9
-3,5,-3,10,-2,11,-5,10,-8,16,-3,30
0,-8,-19,-18,-16,0,-15,-24,-9,-35,-4,-35
-16,-23,-2,-1,-18,-33,-24,-3,-8,-30,-14,-20
-5,-19,-11,-3,-20,-4,-23,-9,-21,-15,-12,-18
-1,-1,-2,-10,-13,-32,-14,-32,-11,-12,-17,-12
-15,-27,-11,-13,-22,3,-14,-23,-8,-13,-2,-15
-9,-27,-13,-9,-15,-20,-22,1,-9,-17,-10,-4
-2,-6,-1,-27,-19,2,-20,-14,-21,5,-19,-14
-7,-24,-6,-29,1,-14,-12,1,-10,-18,-11,-21
-5,-17,-7,8,-18,-6,-1,-9,-1,8,-6,-7
-23,-11,-6,8,-19,0,-4,6,-8,-21,-18,-6
1,2,-9,-1,-1,-23,0,-9,1,2,-2,-22
-2,-4,-20,-9,-1,-17,-7,-13,-11,-17,-6,5
-3,-6,-4,8,1,-11,-2,6,1,-14,-7,-11
-7,-17,-8,4,-14,-5,-2,-13,-1,-3,-3,4
-6,-13,-11,-10,-1,2,-11,-10,-11,5,-5,-9
1,8,-6,-10,0,12,-7,-11,-4,4,0,-10
1,14,-6,5,0,-8,-4,3,0,7,-8,6
-8,-16,-2,10,0,-12,-6,11,-8,8,-14,-16
-21,10,-6,-9,-2,5,-5,-1,-4,-9,-19,-7
-5,-5,-7,-15,1,8,-11,-13,-6,-14,-12,9
-8,-14,0,13,0,-10,-9,-12,-8,9,-15,-4
-23,18,-5,5,1,8,-7,1,0,11,-15,-9
-4,0,-6,3,-21,3,-6,-6,-2,20,-4,4
-3,4,-10,9,-1,-6,-7,0,1,-7,-4,-11
-6,-4,-13,8,1,10,-5,19,-13,9,-8,7
-3,5,-4,5,1,10,-1,16,-15,18,-14,20
-4,3,-9,-2,-15,20,0,12,-2,23,-14,17
-7,-5,-6,-3,1,19,-4,16,-3,10,-6,-5
-5,2,-7,-4,1,1,-6,10,-6,-6,-14,16
-4,5,-4,17,-18,9,-1,23,-4,27,-15,8
-4,5,-6,-4,1,1,-3,4,-3,14,0,-3
0,17,-11,1,-9,11,0,15,-10,13,-5,4
1,19,-10,13,-11,-4,-11,17,-2,19,1,18
-22,6,-2,9,-20,16,-11,17,1,-2,-18,15
-3,9,-6,12,-5,31,-2,17,-9,25,-5,24
-1,14,-2,10,-3,7,-17,10,-4,20,-19,7
-2,10,-4,4,-13,11,-9,36,-8,30,-19,26
-2,-23,-19,0,-7,-36,-8,-6,-8,-11,-12,-4
2,1,-19,-29,-5,-5,2,-26,-14,-2,-1,-1
0,-10,-17,-17,-6,-30,-12,-17,-15,2,-6,-13
-3,-18,-7,-17,-2,-15,0,-25,-13,-2,-8,-1
-1,-9,-7,-18,1,-18,-10,-19,-12,-17,-9,-3
2,2,-5,1,-4,-17,-9,-2,-18,-25,-5,-2
2,2,-12,-3,-13,-13,-4,-21,-9,-21,-10,-1
1,1,-9,0,-3,-12,-4,6,-11,-2,-8,2
-5,-16,-16,3,0,-18,-10,-10,-8,-21,-13,2
1,6,0,-1,1,-2,-2,-7,1,-27,-6,-24
1,6,-3,-14,-8,-9,-12,-17,-12,-1,-3,-17
0,4,-20,-4,1,-20,-1,-17,-3,6,-3,-17
-24,-8,-8,0,-13,-9,-4,9,-6,5,-7,6
-1,3,-17,2,-14,13,-8,8,-12,-11,-9,9
0,8,-2,0,-13,-6,-20,2,-4,2,2,1
-2,2,-1,3,-18,-5,-6,-21,-4,1,-4,-14
-5,-7,0,-3,-14,11,-10,15,-10,2,-2,14
-8,-17,-10,5,-14,10,-12,15,-10,-8,1,-10
-21,-4,-14,16,-10,-16,-18,-7,2,-2,-7,-12
-3,2,0,-9,-1,8,2,8,2,7,-17,-2
-8,-15,-10,1,-13,-2,-3,11,-6,10,-13,9
-8,-15,-11,7,2,-1,-2,3,2,3,-20,6
1,20,-18,21,-14,21,-18,2,-10,22,1,11
-3,5,0,15,1,10,-15,20,-6,2,2,17
-6,-4,-2,-12,1,17,-9,15,-2,-5,-7,21
-3,6,-6,-3,-19,10,-9,5,-3,-10,-14,19
2,20,-14,-10,0,16,-12,3,-11,13,-2,16
0,17,-5,4,1,19,-10,14,-14,15,-7,7
-3,8,-14,15,-19,-2,-11,13,-1,17,-14,21
1,20,-14,17,-14,26,-5,20,0,15,-10,21
-15,-4,-1,1,0,22,0,19,-2,21,1,1
1,21,-17,1,0,25,-12,17,-5,31,-15,24
1,21,-18,3,0,-3,-1,31,-3,9,-5,23
0,18,-11,8,-4,22,-12,11,0,24,-14,31
-1,14,-12,13,-2,33,-16,34,-2,15,-1,7
-4,6,1,15,-2,15,-9,14,-13,15,-11,23
-12,0,-1,8,-1,9,1,10,-2,33,-4,1
-4,-26,3,0,-18,-1,1,-4,-6,-24,-12,-4
-6,-30,1,-1,-5,-7,1,-26,1,-11,-14,-5
1,1,-4,-19,-2,-16,-5,0,-18,-15,-7,-13
-4,-19,-1,-4,-2,-18,3,-32,-3,-31,-11,3
-3,-14,-14,-2,-14,-23,-6,-1,3,-5,-1,-9
-23,-18,3,1,1,1,-6,-23,1,-16,-10,-18
-3,-11,-10,-4,2,-27,-9,-25,-6,3,0,-10
0,2,1,2,-2,-13,-7,-10,-10,-11,-8,1
0,7,-10,2,-1,-26,-12,-3,-10,7,1,5
0,6,-1,6,2,-17,-2,9,-3,-4,-7,-14
-7,-20,-6,-26,-1,-1,0,5,1,-14,-2,-9
-4,-8,-13,4,-1,5,3,-20,-18,-4,0,10
-6,-14,-3,11,-2,-11,-5,1,-1,-18,-8,-11
-1,5,-10,13,-4,-11,-1,4,-2,-21,-13,1
-5,-8,-7,9,-3,5,-12,6,3,8,-9,-8
-7,-14,1,-5,1,14,3,14,-1,14,-6,15
-1,9,0,-6,0,7,-1,-7,-2,-2,1,0
-2,6,3,0,-5,15,-6,13,-7,-10,-7,-7
-3,3,-12,2,-3,14,3,-12,-3,2,-8,3
-23,-3,-3,-15,-17,-10,-4,11,-6,9,0,9
-21,13,-16,-15,-3,-1,2,8,-11,-3,0,-4
-21,12,-16,-13,-1,21,-4,-2,1,13,-4,1
-6,-5,0,11,2,1,-2,-10,3,-6,-8,-7
-1,13,3,13,2,5,-11,11,-5,17,-4,-6
-4,3,3,-2,-1,21,-11,3,3,-8,-18,-4
-5,0,1,-5,1,-9,-17,-10,-6,-2,-5,14
-1,15,-9,-1,2,-2,2,1,-3,19,2,26
-21,17,3,16,-13,23,-2,11,-3,-6,-8,11
1,23,1,4,3,-4,-3,26,-11,22,-12,8
-14,-1,-2,20,2,20,-3,11,-10,4,-19,3
-1,16,-7,30,2,16,-5,-3,-1,3,-13,-1
2,26,-17,9,2,21,3,-2,0,17,-6,19
-1,17,-14,3,-16,16,0,17,2,8,-13,13
-1,17,2,7,0,23,-18,29,3,4,-13,30
-1,17,-13,19,1,32,-1,15,-6,-1,3,19
-13,2,-9,13,0,30,3,17,-4,32,-4,32
0,17,3,22,-1,11,-2,31,-4,5,3,17
-13,-23,-11,-3,-3,0,-5,-27,-1,-29,-3,-27
0,-5,3,-2,-5,-31,-5,-8,-4,-21,-1,-2
0,-2,-6,-23,-1,-30,2,-10,-6,-2,-8,-11
-5,-22,-13,2,1,-20,-7,-19,-8,-19,1,-33
-19,-8,3,-2,1,-27,0,-2,-2,-22,0,-12
-20,0,4,-22,3,3,1,-27,-12,5,2,-6
-7,-26,-18,-14,-1,3,4,-14,-11,-26,-4,4
-4,-12,-4,1,2,-6,-3,-9,-11,-14,-1,-10
-7,-28,-11,-3,-2,-22,-8,8,-2,-10,0,0
-7,-25,-10,-3,-5,-21,-21,8,2,-17,-7,-1
-1,9,-3,4,-3,0,4,-13,4,-5,-12,2
-19,3,-6,7,1,-19,-3,-11,-1,-9,-1,10
-4,-5,-5,-23,-1,11,3,-19,2,-1,1,-14
-2,5,-4,9,1,-15,-9,-19,2,-17,4,10
-2,5,-10,1,2,-5,1,-19,-11,0,-6,-12
-12,-14,3,-12,-4,8,-8,-5,-10,8,-3,7
-7,-13,3,11,-2,-1,-6,6,0,1,3,12
-7,-13,2,-14,-4,16,-4,4,-6,-14,-16,-17
-6,-8,2,14,0,-15,-10,0,4,-15,3,1
-4,1,-5,5,-10,-8,0,9,-3,-17,-6,-13
-5,-3,-6,-14,0,6,-11,8,-10,16,3,-2
-1,15,-3,12,0,-2,-17,8,-8,5,-3,-10
-6,-5,-9,5,0,5,-1,-2,-4,-8,1,10
-1,15,-5,-11,2,16,-4,6,-10,21,2,5
-18,-6,2,15,3,-8,2,24,-7,3,-10,-4
0,23,-1,15,-22,19,-11,4,1,1,-4,-9
-7,-7,3,16,-7,24,-7,13,-2,-1,-8,21
-3,10,-9,7,1,13,-4,21,-9,10,-1,3
-22,7,0,-6,0,-1,-4,19,-3,8,2,28
-2,15,-9,5,0,-2,-1,22,-3,21,-12,20
1,28,-16,-4,-4,1,-4,25,-9,6,-5,6
-1,18,-2,13,2,11,-3,7,-14,12,2,22
1,32,-6,14,-4,5,-3,25,-10,14,-11,6
-4,9,-2,-3,3,27,2,26,-8,23,-3,10
-22,10,4,10,4,34,-3,29,-4,18,-4,4
-6,2,-4,15,-16,32,-9,8,-4,12,-8,25
-3,11,1,19,-21,16,-12,22,-16,27,-8,25
0,-3,-13,-14,-5,-4,-16,-29,-9,-29,-5,-30
-10,-34,3,0,-10,-14,-6,-10,-11,-21,3,-23
-1,1,-7,-2,5,-31,2,-21,-9,-23,0,0
-6,-24,-6,-13,2,-15,-8,-5,-3,-25,3,-12
-4,-14,-9,-7,4,-19,-1,-16,-7,-19,-6,-10
-2,-2,-8,4,4,-22,-2,1,-12,2,4,-11
-4,-14,-9,-4,2,6,4,1,4,-16,0,-7
-11,-21,-10,-6,5,-27,-7,-3,1,-11,-7,-10
-6,-17,-12,3,3,-13,-5,-20,-2,-24,-3,-14
-2,5,0,-4,1,-15,-5,8,-8,-11,-1,-21
-3,-1,-5,0,3,-6,-9,-10,-5,-6,1,-5
-16,-24,-17,-12,-3,11,-1,-24,4,-20,-1,4
-3,2,4,-7,1,-7,-1,-20,-6,-10,-3,9
-2,12,-8,-6,0,-2,-8,-22,-15,-21,5,-10
-6,-10,-6,1,-2,-9,-9,-3,0,1,-8,6
-4,0,2,5,2,-14,5,8,2,5,-6,-9
-18,16,-16,-7,-9,-12,-3,15,-2,-3,-6,-10
-17,-12,-5,11,1,9,1,-7,5,-4,-5,1
-13,6,3,11,-1,-7,-2,-11,-2,13,2,13
-4,3,-1,-4,1,10,-7,14,-9,7,-1,2
-5,-1,4,-10,-5,-14,4,-12,-6,15,-6,0
-2,16,-7,10,-2,-6,-16,15,-2,0,5,9
-3,10,-16,-11,-1,7,-6,-5,-5,-6,-10,-10
-2,17,0,15,-1,15,-2,11,5,6,-3,-3
-8,-12,5,12,3,24,0,-10,-9,2,3,19
-2,16,-6,8,-2,17,-5,1,-2,-5,-9,24
-4,5,2,17,-1,2,4,-2,-6,18,0,-3
-1,25,4,10,-6,23,-5,13,-6,1,-3,20
-19,22,-8,0,0,-2,-2,8,-4,15,5,19
-1,22,-3,-4,2,-4,5,16,-3,-4,-6,1
-2,16,-4,2,4,11,-4,18,-4,-3,2,8
-18,8,-7,5,-8,2,-6,8,-8,10,-10,2
-1,21,-4,13,2,10,-9,16,-3,27,-15,31
-6,-2,-5,0,0,31,-4,25,-3,15,-7,17
-1,21,-7,14,-3,23,-7,12,3,30,-15,22
1,30,-1,22,3,13,-2,9,-7,31,3,6
1,27,-6,15,-2,22,2,0,-8,24,0,36
-6,-28,1,-1,-15,-27,2,-22,-10,-13,-2,-14
-11,-18,-2,-11,1,-24,2,-35,-7,-25,-2,-11
-6,-27,3,-2,-4,-19,-1,-28,-1,-2,-7,-11
-17,-14,-9,-5,1,-31,-6,-16,-4,-11,-2,-17
-4,-15,-11,1,1,-3,0,-25,6,-1,3,-7
-8,-28,-3,-2,-1,-21,-1,-30,6,-2,-3,-23
-2,0,-9,-4,4,-9,2,-23,-9,-1,5,-9
-3,-5,-10,-7,1,-7,-2,-8,5,-11,-6,-8
-6,-18,-8,0,0,7,4,-26,0,2,6,0
-7,-26,4,3,0,3,4,4,-9,9,0,-15
-2,7,-10,2,0,-3,-5,-14,5,5,-3,-23
-13,6,-12,-20,0,-12,-3,-3,-2,-18,-6,5
-3,2,6,4,2,5,0,8,-2,-1,6,-19
-7,-19,-3,1,3,12,-5,-4,1,-18,-8,10
-6,-11,-15,-3,0,-14,2,-18,3,-16,6,-13
-5,-5,-15,-1,1,11,1,-16,5,-1,-12,15
-3,7,-4,-3,-4,-7,6,7,4,-2,-7,-8
-4,1,-6,4,4,0,-9,8,0,14,1,-15
-7,-11,-13,6,2,-12,-2,-16,-5,7,-9,-5
-2,18,-7,-4,1,-14,-5,-9,-8,-9,-12,-11
-9,-11,-1,6,2,-1,4,17,4,13,-7,2
-2,17,6,12,1,12,-6,10,5,6,-13,-9
-5,0,0,3,1,14,-2,4,-2,-10,1,17
-13,19,-10,19,-2,19,-1,-4,1,14,-15,6
-12,16,-6,9,3,-1,-2,8,0,-5,-3,13
-3,12,-15,7,-2,22,-2,3,-2,21,5,4
-14,19,-5,2,-2,20,5,-1,3,10,-14,26
-2,19,2,15,3,1,-3,-9,-7,0,-10,7
-9,-4,0,-7,5,3,0,5,-1,3,-2,19
-1,29,6,22,3,-3,-9,12,-8,2,-7,1
-1,27,-5,8,3,10,3,10,4,25,-8,25
-6,-5,4,13,2,4,2,17,-1,21,-1,-5
-6,0,3,13,3,8,-13,0,5,24,-10,18
-5,7,1,10,-2,9,-3,30,-4,21,-9,11
-9,0,-3,2,0,2,-5,26,4,15,-7,7
0,32,-7,13,1,13,-6,10,1,25,-9,18
1,34,1,6,5,2,5,6,-5,20,-2,19
-10,-18,-2,-4,3,-10,-1,-7,7,-23,2,-8
-2,-7,-8,1,1,-1,-3,-34,-6,-18,4,-19
-5,-22,1,0,1,-12,4,-22,-8,-14,-1,-30
-11,-6,1,-4,2,-13,-2,-7,-8,-24,-2,-6
-6,-23,-1,-3,-1,-31,1,-8,-5,-8,5,-19
-2,3,-5,5,2,-22,-19,5,-2,4,1,-10
-11,-8,-5,-2,2,-5,-5,-20,-9,0,-3,3
-11,-4,-11,-23,0,-2,7,-15,4,-19,0,-21
-11,-5,-5,7,3,-18,2,-28,3,-28,-3,-17
-16,-4,3,-6,0,2,0,-8,1,4,4,-24
-16,9,-1,-25,-1,-2,1,-18,-5,9,3,-16
-16,-5,-12,-13,-3,-14,-1,-24,3,3,1,0
-5,-9,-8,5,-13,-12,-5,-24,-6,2,-4,-6
-13,11,-14,-18,-5,-16,-2,-11,-2,-1,-7,2
-12,6,0,-18,-2,-19,3,-21,0,-21,3,-14
-4,-1,4,0,2,5,6,-2,-5,-4,7,-7
-6,-9,-1,5,2,11,-1,-11,-5,5,-1,3
-16,-1,0,9,0,-17,-3,4,-6,2,2,-19
-11,3,-3,4,1,-11,-3,6,-6,-4,-2,-14
-3,9,1,4,1,7,-6,8,-8,-5,-11,18
-4,3,2,9,5,6,7,-12,2,-4,1,-6
-3,10,-1,3,4,-13,4,-13,6,17,5,19
-5,0,-5,-11,-7,-4,6,15,3,-4,5,-8
-7,-6,5,-3,3,-12,-6,9,-9,18,-2,-11
-7,-7,4,8,2,-5,5,-12,-4,17,3,12
-5,2,7,-3,-2,17,6,7,-8,15,-5,13
-15,-2,1,-5,-1,-7,7,-3,0,3,-8,23
-3,13,6,-2,4,10,1,17,3,-6,5,10
-6,0,-2,4,7,-7,2,18,5,-1,-10,19
-6,-5,2,-7,2,3,-6,11,-8,4,5,19
-4,9,-6,18,1,10,-6,-1,-13,28,-1,-1
-3,14,-3,0,0,27,3,24,1,22,5,27
-6,1,3,2,4,28,3,27,-2,32,1,32
-5,-2,3,16,1,23,-5,21,-6,29,4,30
-7,-1,-16,3,4,18,4,5,-7,26,-5,9
-5,1,6,23,1,8,-3,27,1,34,-7,15
-1,27,1,12,-2,11,7,0,4,14,-7,14
-4,-20,1,-2,-1,-4,0,-12,-2,-24,-12,-30
-10,-15,-3,-10,0,-19,-5,1,1,-6,2,-13
-5,-22,-5,-5,-3,-10,6,-21,-1,-30,-1,-34
-9,-14,3,-16,-1,-13,4,-5,3,-30,5,-27
-2,1,6,-19,-1,-30,-1,-21,-2,-29,3,0
-2,5,-4,-2,0,-26,3,-23,-5,-1,-8,0
-15,1,-17,-8,0,-17,7,3,6,-11,-5,-10
-5,-15,-5,2,1,-12,-8,-10,3,-1,-7,7
-3,-2,7,0,-2,-24,-6,-3,-5,6,5,-6
-10,-10,-8,-2,-2,-1,-6,-21,-6,8,2,-9
-14,10,0,9,7,10,-6,6,-7,6,7,4
-11,8,-7,2,0,-7,5,11,-8,-9,4,7
-3,5,-5,-1,-4,-14,3,4,-8,-11,2,9
-12,-23,-2,5,3,-4,-7,10,3,10,-1,-22
-3,11,5,8,-14,-6,2,-17,3,14,-5,0
-15,5,-6,-4,-2,9,7,-7,2,7,-1,14
-3,11,1,16,-2,-6,1,-3,0,2,-7,-3
-4,1,4,-8,-6,15,8,2,-8,-1,-6,7
-10,15,1,-6,-3,-2,-7,0,-3,4,-9,10
-5,-2,4,0,-1,16,3,-10,6,9,7,-15
-3,11,-6,2,0,6,-1,-14,-8,5,-12,-7
-10,14,7,-7,-16,3,6,11,5,1,4,18
-3,11,4,4,-1,7,-5,-8,-12,2,8,-8
-4,5,5,-9,1,22,-7,10,-10,-12,1,11
-15,20,8,11,0,-2,8,7,-1,-1,-5,18
-5,2,4,14,-5,-3,-3,7,2,15,-5,18
-2,22,-3,6,1,13,3,7,0,17,4,7
-8,2,0,4,1,5,2,1,8,26,0,21
-7,0,6,3,5,22,-2,-8,-8,27,2,15
-15,8,1,9,2,-5,7,9,3,1,-4,10
-10,10,6,18,-11,1,-6,30,6,29,-11,-3
-15,29,3,16,5,-5,2,20,3,17,-9,31
-1,32,-2,9,5,30,5,10,-9,31,-4,28
-1,32,1,17,4,29,-4,12,1,24,-2,5
-11,28,-3,16,-11,24,7,26,-6,17,8,0
-2,22,1,20,2,28,0,6,4,14,7,33
-1,30,0,20,3,30,6,11,1,12,7,27
-8,-16,9,-19,2,-15,8,-21,-7,-24,-5,-9
-14,-8,5,-5,3,-18,5,-32,-6,-12,2,-17
-4,-18,3,-4,2,-14,4,-10,-3,-25,-17,2
-11,-3,0,-10,0,-11,9,-22,5,-8,3,-9
-5,-20,5,-1,6,-17,5,-11,-2,-6,6,-30
-9,-18,-10,-12,-1,0,9,-11,-5,-21,-1,-16
-12,4,-2,0,9,-30,1,2,2,-20,-10,-17
-13,5,-3,-3,4,-24,6,-2,-3,-17,-1,-29
-7,-15,0,5,1,-1,-5,-20,-1,-5,-1,-23
-12,8,-2,-1,-3,-22,-2,8,0,-3,2,-25
-3,-2,-1,-25,-1,-4,3,-12,-10,-1,-8,-14
-3,0,6,6,-3,-11,-4,9,7,-23,4,-5
-11,7,0,11,2,-5,-4,3,8,-16,5,-8
-12,7,-3,4,-1,-20,-1,-18,-10,-2,5,6
-3,5,0,-19,0,9,5,3,-9,-2,-5,-12
-5,-7,1,2,1,-6,-12,-9,3,-9,9,-10
-9,15,1,8,3,-2,5,4,3,-9,3,-20
-3,7,6,-3,-3,-18,-1,2,6,-2,-1,10
-9,-3,-3,4,1,5,9,-1,0,-8,3,10
-5,-4,-1,17,1,-17,1,11,-6,4,4,9
-9,18,4,-14,0,11,-6,20,2,-8,1,10
-10,19,5,-7,-6,9,-6,11,-3,18,0,16
-4,3,3,-7,-2,22,8,-2,-1,-12,0,18
-12,-11,3,-10,4,23,-1,-4,-6,15,5,17
-3,10,2,-2,1,19,5,11,-7,10,3,-4
-2,23,9,7,-1,22,4,-10,-6,-3,5,-5
-11,22,4,-3,9,25,7,25,2,8,-5,14
-3,12,7,11,3,1,0,10,6,12,8,7
-13,27,-3,3,-9,-8,9,0,-5,23,4,22
-2,23,8,20,2,-6,-2,29,6,17,-4,20
-5,5,4,16,-1,-6,8,26,3,19,9,9
-11,28,9,15,2,3,9,19,-5,22,-13,15
-14,8,6,9,6,-3,3,32,4,13,2,21
-2,20,9,13,0,33,-11,11,-7,31,4,22
-2,20,8,16,2,-2,-6,14,8,1,2,32
-14,24,-5,30,-3,16,2,10,9,21,-4,14
-1,30,8,11,7,0,5,5,9,25,1,28
-9,0,5,-18,4,-31,-13,0,0,-6,9,-30
-2,-6,-3,-8,4,-35,2,-29,6,-1,-8,-32
-9,-7,-7,0,1,-33,-6,-14,9,-25,-5,-6
-13,-12,-5,2,-2,-25,5,-22,10,-7,7,-22
-3,-11,-9,-22,5,-32,-2,-5,-4,-6,-1,-21
-2,2,8,-16,1,-13,4,-10,1,-10,3,4
-8,-16,3,-4,1,-21,3,-28,7,-19,7,-2
-6,-14,4,3,1,-21,8,-1,-2,-19,10,-22
-8,-20,-4,7,0,-18,-4,1,-3,8,6,-28
-7,-5,-16,-9,-8,-18,7,-16,-6,-1,-7,-7
-3,-2,-6,9,0,-19,3,-11,-1,1,-7,8
-9,-22,-1,11,0,2,5,7,-6,7,10,-5
-8,-14,2,2,0,-12,-1,2,-7,7,-12,-8
-11,2,-6,4,-4,-11,2,-1,2,12,-4,-8
-9,-15,5,-17,9,-22,6,-13,-2,9,6,3
-10,5,1,5,1,-9,-1,1,-1,-2,10,-5
-5,-5,1,10,-4,16,5,-7,4,-4,-11,-2
-3,7,8,-10,-2,-6,1,-12,10,-17,4,-17
-4,0,0,5,-2,0,0,-11,8,16,-7,-4
-13,5,-8,18,-4,18,8,-5,0,11,5,12
-13,-5,0,-2,9,19,1,-12,9,-6,6,-15
-9,-15,0,4,-4,18,2,11,5,-9,2,-7
-4,2,-1,7,-2,-3,6,18,3,7,3,-11
-2,23,3,10,3,-8,0,20,6,-1,-4,-1
-11,-9,10,1,-1,21,-3,11,4,22,0,13
-4,4,-9,0,1,23,-2,17,6,12,9,2
-7,11,7,-1,-5,12,7,-4,10,-1,-4,-3
-11,22,2,-2,1,16,9,27,5,11,10,10
-2,20,-3,12,-3,-4,10,4,0,25,-4,9
-6,7,-10,-4,0,22,5,2,2,3,9,-7
-12,21,-2,2,3,12,5,29,-2,24,3,4
-2,18,10,1,2,9,-2,27,-1,3,-2,8
-12,27,-3,11,0,19,3,30,9,-2,8,0
-5,8,1,18,1,27,0,22,-1,21,0,4
-1,33,2,19,3,14,2,13,4,19,9,20
-10,34,-5,17,-3,4,2,32,10,22,-1,16
-10,36,-1,6,9,1,1,25,7,19,9,1
-10,-29,3,-24,-1,-33,7,-30,3,-35,5,-20
-9,-30,2,-7,1,-17,7,-19,9,-31,-10,-29
-2,-6,8,-1,2,-15,-2,-3,1,-8,9,-34
-7,-22,4,0,2,-4,8,-7,10,-11,-6,-7
-2,4,-4,-10,1,-26,2,-9,5,4,4,-6
-11,-7,2,3,1,-11,4,-28,9,-18,2,-21
-12,-14,8,-15,0,0,8,-10,3,6,-8,-28
-11,-16,-10,-15,1,-8,-6,7,6,6,-5,-3
-8,-19,-5,2,2,-4,4,-24,3,-3,-4,7
-11,-9,9,-4,-2,-24,-4,4,-6,3,0,1
-3,0,4,-21,-1,-6,-10,-13,-6,3,6,-23
-9,-2,-8,-11,7,-25,-4,10,8,2,5,-20
-11,-3,-5,-23,3,-5,2,-7,9,-10,7,11
-11,-4,11,8,0,8,-3,5,1,-19,11,2
-9,-13,1,-2,-4,1,10,4,1,-1,7,-13
-3,2,-9,-15,2,14,5,-18,4,4,1,-12
-11,-4,-10,-5,-3,-5,-14,-1,-10,15,-12,-5
-4,0,-4,5,1,6,11,-9,5,-13,-12,-1
-8,7,4,-10,0,-1,4,17,10,15,-1,-8
-11,3,6,2,5,19,7,2,-4,17,-2,-6
-11,-4,3,17,0,7,3,1,10,-15,2,7
-8,9,7,-5,-2,21,9,19,-8,-5,1,19
-3,7,5,12,2,-4,10,9,1,-8,8,-6
-9,-7,5,11,3,-2,6,5,9,20,5,-10
-8,-6,1,9,-1,-3,7,-10,-1,3,-4,8
-2,24,6,-2,2,12,8,6,3,6,-3,18
-10,-2,5,9,1,14,-1,-1,9,1,-5,9
-2,20,5,2,-14,23,1,20,3,-9,-5,-2
-3,11,3,11,6,-7,5,21,11,6,-2,6
-9,18,1,0,3,-1,-3,16,7,29,9,23
-2,17,3,-1,4,27,10,7,7,-1,9,2
-7,-5,4,2,4,29,9,2,-4,14,-13,27
-10,28,6,4,4,27,2,-3,4,20,2,24
-11,23,10,17,6,5,-1,5,0,33,-1,13
-1,30,-7,0,5,-1,0,18,2,-2,-5,12
-2,19,7,3,7,23,1,19,9,-1,-2,16
-7,4,9,22,2,5,-4,11,-3,16,-5,35
-10,-22,-1,-18,0,-17,2,-26,0,-8,-1,-17
-4,-16,-4,-9,-6,-31,2,-3,11,-18,4,-17
-7,-14,7,-3,5,-19,3,-14,-2,-11,3,-29
-9,-12,6,0,2,-32,-6,-33,0,-14,2,-32
-2,-1,4,-21,9,-3,7,-29,-7,-31,3,-11
-9,-13,-7,-18,4,-14,3,-10,4,-19,-3,-23
-8,-18,5,-1,8,-7,7,-8,-1,-22,10,-14
-8,-16,6,7,10,-16,7,1,11,7,-3,-11
-8,-9,-2,1,5,-4,8,5,-3,-10,12,-25
-5,0,-1,-20,9,-6,-5,7,-1,-2,10,-26
-3,-2,-5,10,1,9,-1,0,3,-24,9,10
-8,-11,-8,-17,2,-20,-3,9,-5,-9,2,5
-7,-9,4,10,-10,0,4,12,11,-8,-3,5
-5,13,-7,7,-6,-13,-10,-3,-10,-18,-13,10
-8,-6,-12,-8,2,14,-1,-14,-10,-16,-10,9
-4,2,-10,4,1,-9,10,-7,8,-19,3,-12
-4,13,-13,-12,-2,-14,-6,-10,-4,-13,-10,-18
-5,12,-11,-13,0,9,3,-16,-7,14,-13,-13
-7,-6,-10,2,-4,16,-5,12,9,-9,11,10
-4,4,-8,-7,10,14,6,13,-3,-10,12,14
-7,-3,-8,0,12,-11,2,-13,11,18,4,16
-7,-5,-7,3,-11,13,-7,-4,-14,15,-9,8
-7,4,5,5,5,-7,12,8,11,9,7,2
-8,-3,6,14,9,20,-1,1,9,0,4,22
-3,8,5,-9,8,22,11,18,-10,2,1,2
-2,19,4,11,10,7,5,-6,3,21,11,22
-2,19,7,1,8,-6,0,19,5,20,4,-9
-9,2,8,3,8,11,11,25,3,11,5,5
-8,14,10,11,10,17,10,-7,4,16,5,4
1,25,-12,16,-11,3,-6,10,-7,27,-13,-5
-7,-1,11,9,5,-3,6,6,8,5,0,27
-3,1,-12,-5,-11,14,-14,19,-11,5,-11,9
-9,19,11,10,11,12,12,24,2,27,7,9
-4,14,12,12,-3,16,11,4,6,12,1,22
-9,4,11,11,8,12,-1,27,5,32,3,5
-1,24,8,26,6,19,1,20,-3,16,1,14
-8,27,-7,35,7,24,-3,29,7,30,6,34
-8,-19,8,-2,12,-15,-2,-14,13,-24,6,-16
-2,-9,0,-32,10,-7,11,-18,10,-6,-7,-20
-7,-16,3,-28,6,-28,5,-23,-2,-28,2,1
-2,-10,5,-33,11,-21,2,-16,5,-31,10,-20
-2,-5,12,2,1,-20,13,-6,-2,-7,10,-13
-4,-3,3,-16,-7,-25,10,-2,-13,-30,4,-16
-8,6,-12,3,-11,-7,-1,-30,-7,-2,2,3
-4,1,2,-1,10,-12,-3,-11,10,-29,9,-26
-3,-2,11,-14,13,-11,9,-20,-9,5,-3,-20
-6,-10,-7,-4,-10,-19,-3,5,-12,-7,0,-25
-2,8,5,-17,-9,-11,-8,5,-4,-3,-6,8
-3,4,8,-5,3,-16,10,-3,3,-7,12,4
-2,9,9,-8,6,-13,11,-14,0,-4,5,-12
-2,9,-13,12,11,4,-1,-20,10,9,-8,-3
-4,13,-8,-20,1,-18,2,-12,-6,-9,-10,-22
-3,7,12,15,12,-2,-3,9,9,11,1,-16
-3,14,-11,16,-9,5,-3,-5,-6,-4,-7,14
-3,13,-13,-12,-6,-13,-9,11,-8,6,-9,6
-8,9,-5,16,-9,-12,-13,-3,-6,-9,-6,-10
-8,5,9,17,-3,-16,-10,3,-8,19,-2,-11
-8,-2,-12,14,-2,-8,7,-10,-13,10,-8,18
5,14,-7,13,-3,6,-11,7,-8,5,6,16
-2,15,4,6,-8,6,-6,-13,-1,8,13,18
-2,8,-13,11,-12,6,-13,-8,-8,-5,1,-9
-1,10,-13,-9,-10,13,-5,2,-10,11,-13,14
-6,8,-4,6,-10,5,-6,6,-8,1,-10,5
2,18,-11,18,-11,11,-3,-3,-10,11,-13,-3
4,16,-6,23,-11,25,13,-7,-6,20,-13,23
-6,13,-8,15,-8,-3,7,19,-5,-3,-6,18
11,18,-11,22,13,5,-3,14,-7,26,-10,21
-7,15,10,12,13,0,11,17,2,26,1,9
13,9,1,-3,-8,21,-1,2,2,-1,-8,24
-7,4,2,20,12,27,3,2,0,18,0,31
-2,14,1,15,10,21,6,-3,10,32,-4,22
-6,21,1,11,13,9,5,2,8,27,-3,11
1,30,-12,23,-11,5,-9,35,-4,2,-8,9
0,32,12,23,-3,28,-9,26,13,20,-1,22
-1,-5,-11,-13,-6,-19,12,-18,10,-10,-12,-11
-2,-10,-6,-8,-5,-2,-5,-32,-1,-5,-12,-15
-2,-10,-1,-15,-2,-11,-1,-32,0,-14,-3,-18
-6,-18,12,0,-6,-7,0,-21,6,-28,8,-3
-3,-3,-4,-14,14,2,-6,-22,-4,-17,13,-15
1,-1,-12,-9,1,-13,-5,-8,-9,-24,-9,-30
5,-11,-12,-11,1,-17,-2,-22,-12,2,-11,-29
-2,-2,-4,-2,-3,-1,-3,3,-9,5,1,-28
-1,8,-2,-14,-9,2,-5,-8,2,-24,-10,-1
-7,-23,-10,-1,-1,-25,14,-12,-12,-21,11,0
-7,-10,-11,1,14,0,10,8,-4,-12,-8,-25
-2,6,-9,-24,-3,-25,-2,-21,-6,-21,-6,5
9,-4,-3,-21,-9,-4,-4,7,5,-6,-10,1
7,5,-11,-18,-8,-15,-4,-2,-9,-8,-9,-4
-2,-4,-11,-9,-8,-13,-7,0,-8,7,2,-15
-4,-20,-9,-10,-9,-6,1,-6,-11,6,-4,-13
2,-3,-4,9,-10,-5,-10,3,-12,-5,3,-17
6,-17,-12,-13,-2,0,-12,8,-10,-4,-4,-3
-9,-10,-9,-1,-12,-7,-10,-1,-12,9,-5,-18
9,-17,-4,11,-12,-2,-12,3,-10,-15,-5,5
4,8,6,1,-8,-11,-4,14,0,-16,-6,17
6,5,-9,3,-4,15,1,1,0,-10,-10,0
4,17,-5,14,-10,12,-12,-12,10,-1,-11,-14
1,-3,-12,8,-5,-12,-2,-12,-9,9,-12,2
2,-9,-12,-3,-1,-3,7,10,-11,23,-9,12
3,2,-7,-11,-1,15,-4,11,-6,19,-10,15
-10,1,-9,18,-2,5,-10,16,-12,6,-7,15
10,-5,-12,11,-5,-6,9,12,-10,21,-10,-5
-4,23,-12,26,-8,-8,-2,25,-10,24,-12,14
11,18,-10,14,2,23,1,12,-10,22,-9,22
0,28,1,0,14,25,-11,23,12,15,12,16
14,0,-8,29,-7,26,12,11,-12,14,-8,24
-2,8,-6,8,-10,13,-10,31,-10,23,-4,5
-4,27,-10,6,-3,13,-7,7,-5,28,-9,6
-1,16,-6,34,6,19,11,31,-4,7,2,20
0,8,-10,2,5,16,-10,9,-4,27,-5,3
1,22,-3,6,1,22,-4,26,12,8,-4,14
14,-12,-2,-34,-10,-36,-11,-29,-11,-11,-10,-4
-6,-2,-3,-15,-2,-15,-2,-14,-8,-30,-9,-18
-6,-15,-10,-5,-8,-1,-7,-3,-9,-9,-8,-7
-6,-13,-5,-3,-10,-13,-5,-6,-7,-8,-11,-14
-4,-21,-9,1,-5,-14,-9,-12,-2,-30,1,-26
0,-17,-1,-27,-2,-30,-3,-13,-5,-8,-6,-7
12,-3,-9,-22,-4,1,-4,-17,0,-30,3,-24
-3,7,-3,-29,-9,-1,2,-17,-7,-22,-5,-25
-1,7,7,-22,-4,-11,-2,-26,-2,-20,-9,-28
-6,-22,-9,-22,4,2,-6,-8,-11,-19,-8,-4
-2,6,1,-22,2,-1,-6,-11,-7,-6,-10,0
5,4,-7,4,-8,11,-11,1,-10,-2,-8,-18
-9,10,-5,10,-7,10,-11,10,-4,8,-11,-7
13,-19,1,11,15,-3,-9,9,-9,-23,1,0
-9,1,-9,0,9,-19,-6,7,-11,14,-9,11
0,-12,-10,7,-9,-8,-6,6,-9,-18,-11,-11
5,-12,-8,-5,-8,-3,-5,-18,-10,-12,-3,5
7,-3,-3,-12,3,-4,15,14,-7,-17,-4,14
-5,-1,-11,-17,-9,17,-10,-5,-7,10,-1,-18
-4,-9,-8,12,-8,-4,-11,4,-10,2,-4,10
-2,18,-6,13,-5,-12,-11,14,-8,-16,-8,-14
13,12,-2,-14,-10,10,-6,3,-11,9,-8,-4
5,2,-10,11,-10,-2,-9,14,6,17,-2,-11
9,13,-11,16,-3,22,-4,6,-9,-1,3,-10
-7,-8,-1,-6,-3,16,-11,10,-6,-12,-9,-6
0,24,-4,-8,3,13,-4,15,-6,23,1,-10
11,-7,-9,15,-1,2,-4,11,3,-8,-11,-8
-11,15,-11,24,-9,18,-5,14,1,-3,-3,8
8,15,-4,-4,-10,-1,-3,7,-10,9,2,-4
5,11,6,-1,-10,-4,-11,5,-11,15,-6,21
2,0,1,-5,-10,7,-1,22,-4,20,-8,4
9,12,-11,5,2,10,-4,27,-9,19,-11,-5
9,16,-8,32,-6,11,-10,4,13,-3,1,7
8,22,-9,15,-11,-1,-11,15,-5,5,-9,19
-1,7,2,2,-8,22,-9,3,-8,1,-3,8
-2,14,10,29,-9,15,-7,4,10,18,-11,15
10,27,12,5,-8,14,-7,3,1,1,1,3
0,-20,-10,0,-2,-19,-2,-20,-9,-36,-1,-27
6,-21,-9,-23,-5,-25,-2,-8,-1,-22,-5,-4
-6,-1,-7,-21,-10,-12,-6,-28,-4,-5,-10,0
7,-11,-10,-2,-7,-15,-1,-19,8,-12,-8,-10
-10,-14,-5,-23,-1,-8,-9,-21,-9,-11,12,-17
7,-14,-9,-10,5,-22,-4,-10,4,-24,-9,-19
14,-18,-9,-12,-9,-6,-1,-5,-9,-19,-9,-1
12,7,-4,4,-9,-8,-7,-5,-4,-17,-8,-10
-1,-14,-10,-1,-4,1,15,-28,-8,8,-9,-24
1,-17,-7,-3,4,0,4,7,-2,4,-8,2
0,4,-2,-16,-3,-5,11,-20,11,-12,-7,4
13,7,-8,-13,-6,4,-8,-21,2,11,-8,-1
12,-12,-8,-17,-7,-15,-3,6,-8,-2,-5,11
9,-19,-8,-12,-2,-18,-6,-10,-7,3,-7,-2
11,-13,0,-14,-7,-17,-4,13,-7,-18,-9,0
8,-6,1,11,3,-5,-1,-13,-9,-14,-2,2
9,-20,-8,-5,-5,14,-5,-20,-7,-9,-8,-8
8,-19,-4,10,-3,11,-3,15,-7,-11,-8,-17
-2,0,-9,-11,-5,-14,-7,-7,-8,-9,-8,3
-1,-1,-3,17,2,0,-7,6,-3,10,-9,-14
-1,17,1,-16,5,10,-2,-11,-7,-7,-5,-15
11,-7,-4,5,2,7,-9,-8,-10,20,-4,-12
8,-4,-8,5,5,-8,-1,5,13,-12,-9,14
15,6,-10,4,-2,10,-6,3,-2,20,8,-4
15,9,11,-2,-2,-6,1,5,-7,17,-10,17
1,-8,-2,-2,7,4,5,23,-8,12,-9,16
12,5,-10,-10,-7,19,6,3,-8,-4,-6,16
16,16,-8,15,-6,5,-8,15,-6,-5,-5,3
8,26,-2,0,-6,15,-8,-1,-9,7,-6,27
13,12,3,-6,1,28,-9,13,-8,0,-6,2
-7,24,1,3,0,4,16,26,-2,15,-9,17
7,-1,-9,12,7,8,-6,22,-6,-2,-6,13
14,30,3,-2,-6,8,-2,-2,-10,30,-3,3
-1,0,-7,30,4,30,0,8,-2,5,-2,17
5,3,0,29,3,25,-1,25,-7,26,13,16
11,23,15,1,-3,8,-3,24,5,2,-6,10
14,28,-5,10,14,4,-10,25,10,5,16,35
-9,-4,13,-13,-2,-4,-2,0,-9,-26,-5,-31
3,-27,-9,-33,3,-12,1,-22,-1,-8,-8,-15
-4,-19,-7,-33,2,-2,12,-19,-4,-1,-9,-25
16,2,-9,-25,-9,-13,-8,-18,-4,-7,-7,-5
-8,4,-7,-30,2,4,0,-22,-1,-16,0,-28
6,-13,6,1,-9,-12,-7,-16,-7,-14,-8,0
-9,-30,-2,-1,-3,4,-5,-5,-5,-18,-7,-21
-8,1,-9,-4,3,3,-8,4,-9,-12,17,5
-7,-28,-5,-24,-1,-3,-7,-28,10,7,-7,-27
-9,2,-1,-23,-7,-24,-7,-16,-6,-2,-5,-20
15,-9,-5,-20,0,-12,-7,-24,-9,3,-1,-25
16,-23,-6,-16,1,-7,-1,4,0,-25,-6,-17
-8,-5,6,-22,-1,-2,0,-17,-7,2,-8,-13
11,-22,-9,0,-8,-21,1,-21,-5,-15,-2,8
0,-21,-5,5,-9,11,0,-13,-8,-13,-6,14
9,-18,13,-16,-9,-21,-9,-21,1,-6,-5,15
11,4,-6,-1,7,-12,-4,5,-6,4,-8,-4
12,-15,-7,-9,4,10,-3,-7,-2,-12,-9,2
2,4,-7,2,-1,0,-2,0,-8,-16,-7,-8
-3,-14,16,-13,-9,-1,-3,-13,-5,5,-1,-13
1,20,-8,-2,2,17,-6,6,-8,13,-6,-10
7,19,3,-10,4,20,-8,-15,-7,18,5,-15
-9,-7,16,11,0,3,-6,-13,-8,16,3,-14
-5,-10,-5,18,3,1,-8,1,8,21,-9,-5
-5,-11,15,-11,1,14,-8,-3,16,-6,-9,11
17,1,1,-2,8,-4,-1,12,-1,-7,-5,-11
-6,-3,-8,10,-3,-2,5,-3,-3,3,-2,9
-9,16,-6,5,3,16,-1,0,-3,8,-6,23
17,-5,-1,24,3,11,-8,13,-2,11,-6,25
0,-3,-5,-5,1,9,-8,11,-7,-3,12,7
0,5,-7,29,-7,16,-7,-3,-6,8,-8,4
-6,28,-7,22,-5,2,-2,23,-9,23,-7,30
4,14,4,24,1,1,-9,6,0,2,0,28
2,10,11,12,-6,31,-9,11,-3,22,2,20
-5,30,4,31,3,22,-6,10,-7,3,-3,-2
8,31,1,1,6,10,0,0,3,2,-8,8
11,32,0,14,4,1,-9,13,-6,33,-9,4
15,-36,-7,-32,-6,-35,4,-15,-2,-10,-5,-31
0,-9,-5,-1,-4,-33,-5,-32,-7,-13,1,-25
6,-15,9,-19,-6,-25,-8,-17,-8,-34,-5,-31
-8,-23,1,-24,-6,0,3,-13,-1,-5,-4,-5
-8,-12,-5,-28,-5,-9,-4,-13,0,-19,-8,-26
17,-2,2,-16,0,2,0,2,-5,-19,1,-25
17,-30,-5,-18,7,-26,-4,-30,-8,-16,-6,-19
17,-17,16,-29,7,-29,1,-12,-7,-26,-6,5
16,-14,16,-3,0,-16,-5,-20,-2,-17,-5,-3
12,-14,-1,-5,6,7,3,-27,1,-23,10,-20
8,-21,-4,-26,-1,-18,5,-26,-2,9,-6,-10
-8,-14,-1,2,4,-9,-4,9,-1,-3,-2,-2
-6,-2,-5,-21,0,-13,1,-20,18,12,-8,4
-5,-17,-8,3,-8,4,-4,-19,-8,-14,-5,-11
7,2,-1,-22,7,-19,-2,-4,-4,5,-7,-5
3,-14,-5,1,0,-7,-6,12,-6,-11,0,8
18,7,-4,-19,4,1,-6,-4,-2,-20,-2,12
-8,16,-7,13,5,-7,1,-1,2,-9,-3,3
8,17,-5,-8,-3,0,-5,11,1,-8,1,-16
-7,16,4,-8,18,-9,9,13,14,-9,18,12
3,9,0,8,2,-7,3,-4,-3,-15,-7,-8
15,-4,0,-12,-2,13,16,-10,0,17,-4,-2
-8,12,3,16,1,9,9,-8,4,-10,-5,-10
16,-11,6,-6,-6,18,0,-5,-4,10,-1,19
-6,-5,-5,-10,-7,16,-4,-2,16,-7,-8,-11
-3,18,10,16,0,25,15,-2,7,22,1,-6
18,3,9,-1,4,-10,-6,9,8,5,-3,3
13,-8,4,-3,-6,1,-4,5,0,27,7,22
-7,-8,-4,9,-7,19,1,15,8,-8,0,-1
15,5,-8,5,-4,25,1,19,-1,13,0,20
14,4,14,1,3,-2,1,16,7,-6,5,15
18,14,16,-3,-1,18,-3,-4,-7,23,14,-1
18,13,-4,6,-2,18,-6,14,2,7,15,25
12,-1,0,9,3,-2,-4,26,14,27,10,8
-5,2,4,19,-1,23,-2,7,14,29,2,16
15,5,-4,22,-2,14,2,5,-7,24,-5,19
-3,0,15,3,5,11,-4,7,3,24,4,4
3,-32,-7,-23,0,-17,8,-33,17,-20,14,-25
10,-35,7,-34,4,-1,-3,-13,-3,-25,-5,-32
18,-29,1,-19,-6,-3,-6,-30,-6,-3,7,-32
16,-32,-7,-1,-6,-15,3,-7,-7,-12,-3,-27
13,-32,-4,-25,1,-19,-7,-23,19,-27,-6,2
13,-23,-1,-12,5,-3,1,-28,-7,-8,0,-3
16,-8,-3,-2,7,2,-1,-15,-6,3,2,-22
0,6,6,-29,10,-13,9,-2,13,-25,3,-26
-1,-27,10,-23,0,-10,-3,5,8,-21,18,7
4,-15,15,-26,7,8,-6,-22,15,-13,18,-1
5,6,14,-11,-2,-3,2,3,1,-7,-4,0
5,0,2,-5,-6,8,0,-25,-5,-7,-7,-22
5,-14,2,-9,-4,-12,2,-21,-3,-13,15,-17
5,-19,3,-20,-7,0,-5,7,-1,-8,15,-21
12,-4,-7,8,-5,14,-1,11,-1,-19,9,2
15,-7,-2,-20,-7,-20,-7,-20,-3,-12,2,-10
3,-20,1,-7,17,13,5,15,-6,-8,-6,5
-5,9,-5,-13,-6,-2,0,8,-5,16,15,-1
4,12,-5,16,-4,-14,-7,-7,-4,0,-7,-13
4,11,18,-12,-7,17,-7,-1,-5,-3,-1,-7
0,-2,-6,-10,2,5,-4,-3,-4,-3,-5,-9
-7,8,7,-11,1,-7,-6,12,2,6,0,-1
-6,17,7,19,-6,-5,-5,7,12,5,-3,-6
-5,5,-3,22,8,-8,-7,18,16,-10,0,17
2,-2,5,-10,-2,20,-5,2,0,2,-6,1
16,-4,8,-7,1,-8,-6,19,-2,5,9,7
16,-6,3,-5,6,-8,-2,-8,3,15,9,17
-5,6,14,24,6,12,-6,-3,4,5,15,4
17,-8,-7,-4,8,11,-1,26,-2,23,-1,14
4,-7,2,20,-2,20,8,-7,-2,16,4,27
-5,29,-1,19,0,29,-4,28,14,-6,4,-4
17,3,8,29,3,12,14,11,12,15,12,1
19,4,19,26,-1,-4,-2,24,9,15,4,1
19,4,8,8,-2,25,6,29,17,6,1,28
16,1,5,11,-2,23,4,3,2,9,13,2
19,1,4,12,-2,7,18,26,13,16,-1,4
-5,17,18,22,-1,30,11,5,0,2,5,9
-1,-8,14,-5,3,-11,-5,-10,17,-35,12,-5
15,-25,6,-32,-5,-25,3,-30,-1,-8,1,-15
17,-5,-6,-6,2,-32,-5,-32,-4,-13,-1,-27
12,-2,-2,-11,1,-5,-2,-1,17,-3,8,3
2,-13,-1,-5,2,-11,3,-8,0,-12,6,-19
-2,-1,-5,4,8,-25,3,-11,-1,-29,7,-28
-4,2,-4,-14,-1,-17,-5,-2,-1,-20,-4,-16
4,-9,13,-28,9,-14,-3,6,-3,3,18,-19
6,-1,7,-19,7,4,6,-17,20,5,5,-7
5,-11,-4,-23,9,0,11,9,-1,-18,1,2
0,-6,9,7,5,4,-3,5,1,-2,1,-21
0,-14,9,2,7,-1,6,-20,2,-7,19,-13
2,-18,-5,2,-4,1,2,-12,-4,-23,5,-12
11,8,-3,0,-5,7,3,-8,-4,11,16,-9
11,-16,3,-4,-1,14,-1,-19,7,-22,-3,9
17,-3,-2,-6,5,-9,6,12,3,-1,15,6
4,-18,14,-11,3,12,-6,-16,20,-3,19,-2
13,-14,16,17,3,12,7,-16,18,11,10,-17
20,17,4,-2,4,-4,14,2,5,-15,20,8
19,3,4,-6,-4,-9,8,2,6,16,11,17
19,-1,10,-6,-4,-11,-5,20,7,-14,17,-15
18,-8,0,-2,2,12,1,-10,9,1,-4,-10
-5,-13,20,20,-1,-12,5,7,14,0,4,18
15,-8,5,21,-5,-5,6,-9,19,12,2,17
18,-6,4,-5,3,-1,-3,-2,2,17,11,8
-5,-3,-1,20,-5,0,19,10,-3,16,3,24
-3,-8,5,7,0,26,19,-9,-5,26,-3,12
-4,4,0,-5,0,-4,3,22,12,19,13,8
-5,21,5,-5,15,15,18,-5,1,3,20,-8
-5,11,9,-4,0,-4,10,9,0,-6,-2,8
-4,-4,20,-5,4,21,19,-4,2,0,18,22
-6,0,20,28,0,30,-3,28,1,31,3,8
-6,30,5,-3,-6,1,17,14,11,12,-4,4
-5,21,19,32,-4,11,4,14,9,27,-2,1
-4,3,6,14,-4,10,2,2,2,5,-5,33
-6,20,4,19,-3,30,3,27,2,24,-3,33
-5,11,8,30,-1,12,8,22,-1,13,17,7
-1,-27,17,-21,6,-36,-4,-19,-5,-23,20,-32
3,-26,2,-9,21,-6,-1,-20,3,-23,2,-25
0,-25,18,-12,3,-10,0,-20,3,-32,4,-16
2,-7,1,-7,5,-13,5,-2,12,-26,14,-14
1,-25,3,4,-5,0,-4,-29,15,-31,18,0
2,-27,3,-15,-2,1,-5,-2,-1,3,-1,-28
19,-8,-4,-28,21,-12,12,-16,3,-30,-4,-25
7,-5,-1,-10,10,-16,0,5,19,-4,4,-14
2,-12,-4,-27,7,-2,6,4,15,-9,2,-12
7,8,-1,-24,7,4,5,-4,2,-27,8,-21
7,-6,2,-19,-3,4,-5,7,-4,-10,21,-8
16,7,-1,-16,-3,7,-5,-6,-5,-20,21,-24
14,-21,5,-12,1,-1,1,-11,1,0,-3,6
20,-7,-5,-12,2,-13,11,-12,1,9,16,-8
19,-9,21,-15,-1,11,15,-7,20,-7,14,-11
16,-14,16,8,-1,-1,0,3,1,-14,1,-7
18,-11,21,-6,0,-6,12,15,0,9,11,15
17,-12,18,9,6,-8,9,-17,3,16,7,0
16,-15,6,-2,7,12,-4,6,10,-1,16,-12
-2,-12,5,0,10,5,12,-4,18,11,12,1
20,-8,6,-4,7,-3,15,6,17,-15,5,-5
21,-14,6,-11,6,10,7,16,11,-4,0,-1
-3,5,20,-14,-1,4,15,-3,10,-13,15,-3
-2,-12,-3,4,6,0,-1,-1,2,17,-3,7
20,24,-4,-12,-1,-9,-5,20,0,-5,-4,24
-3,13,4,-7,-3,-4,-3,18,5,-3,10,-7
-4,18,2,-5,-2,16,-5,25,9,-4,6,-1
-3,-5,6,22,-4,25,8,1,8,22,6,2
-3,17,7,28,3,23,5,6,0,16,-3,23
-3,5,-3,6,-1,28,-2,10,5,20,7,21
-5,25,8,19,-2,1,15,13,-1,26,19,8
-4,17,3,12,8,1,17,30,12,12,11,31
-3,5,0,8,-2,2,12,1,3,18,-5,8
-5,27,-1,33,15,28,10,29,4,2,20,2
-4,8,20,-1,10,16,8,18,1,3,11,17
-4,3,1,16,6,9,0,25,0,27,0,32
-5,28,1,22,2,14,0,5,8,4,8,36
2,-32,20,0,1,-35,-2,-2,6,-35,0,-22
8,-7,13,-22,7,-30,2,-30,9,-22,18,-23
5,-10,18,-2,2,-20,7,-20,7,-29,11,-15
0,-10,13,-22,13,-7,2,-11,2,-15,18,-2
0,-15,10,-27,8,-3,6,4,16,-32,13,-10
2,-29,8,-31,20,-22,6,-6,-3,1,-3,-24
22,-6,1,-2,3,-26,20,-24,5,-23,3,-13
6,-7,14,-14,10,2,6,6,4,5,0,-10
10,7,-3,-19,4,6,-2,-16,-3,-23,5,3
14,-4,5,-6,5,-9,5,-15,0,-26,1,-27
15,-19,-1,4,3,-11,5,9,5,-11,2,3
6,-24,14,-15,8,-18,19,3,12,-9,15,-2
22,-4,12,9,8,3,3,-18,4,2,11,-23
21,-6,13,-16,7,5,8,-22,3,-11,10,4
18,-13,5,0,14,-2,12,-4,12,-12,16,10
15,-20,11,-13,10,0,3,-7,13,-6,8,-16
20,-4,1,6,10,2,15,16,-1,10,12,-6
21,-1,8,-9,9,14,-1,-3,11,15,12,-2
16,-15,6,18,17,-6,22,16,11,-5,22,18
20,-8,3,3,1,5,19,-2,14,2,2,0
21,-12,7,-8,22,0,-1,5,9,13,15,16
-3,-8,5,-4,1,1,11,-8,3,8,3,20
-4,-11,-3,-4,-3,15,3,21,9,-8,18,-9
-3,-4,13,5,0,-12,3,16,3,-5,4,0
-4,24,-3,22,-1,-11,3,10,3,-7,-3,2
-4,-3,-4,5,10,5,19,23,-2,5,0,22
-4,-1,-3,1,-2,-8,11,-6,-1,-9,1,-8
-2,5,-1,12,9,25,0,-8,4,15,-1,8
-2,-7,1,13,5,14,-1,-4,1,14,2,-7
-3,6,2,14,-3,29,2,13,-4,24,10,-6
-3,14,4,19,3,-1,7,0,18,10,3,3
-3,29,19,-5,-3,-1,7,25,12,24,4,17
-3,1,4,19,-1,17,7,3,1,0,14,11
-3,18,5,7,2,-2,3,7,22,8,1,8
-3,12,2,9,6,11,0,21,15,21,19,13
-2,2,16,7,5,11,4,0,1,10,1,25
-4,1,12,27,5,26,-2,27,6,6,1,16
3,-12,23,-36,0,-33,11,-35,5,-13,21,-1
10,-8,20,1,9,-15,11,-32,0,1,5,-24
0,-17,4,-25,3,-10,-1,2,1,-10,15,-17
4,-32,2,1,7,-29,12,-2,0,-31,22,-25
5,-25,-2,-1,-1,-28,-3,-9,7,-32,14,-15
13,-4,-2,-15,9,-29,7,-4,-3,-27,5,-7
0,-27,6,-30,6,-26,10,-19,-3,-28,22,-20
-3,-12,-2,-26,6,-10,2,4,-2,-25,6,-28
23,-6,17,-22,9,-24,17,-5,14,0,7,-3
14,-26,-3,-12,8,-24,-2,-2,11,-26,-3,0
16,-24,5,7,3,5,-2,-16,1,-5,8,-26
19,-17,19,-22,1,-3,0,-25,2,-10,5,8
17,-20,4,-3,4,0,12,-13,3,7,10,-14
23,-2,4,8,2,6,10,10,3,-1,1,4
1,-17,0,10,12,-14,20,2,0,-5,4,-10
16,-15,8,-14,9,-3,5,14,7,-16,13,1
20,-5,1,13,12,5,12,-14,6,-11,2,-5
20,-6,15,-5,1,7,22,-16,19,5,15,-19
23,0,3,6,2,-15,20,-17,15,15,16,4
22,-3,1,-3,1,14,12,-12,9,-15,6,5
22,-7,6,7,12,12,8,-13,12,5,7,7
22,-14,8,-10,8,12,3,10,10,18,7,-11
-3,8,6,5,6,-6,1,-6,12,-12,-3,-3
-3,-11,10,-3,-1,-13,-2,3,2,4,2,-4
-2,-9,0,19,-3,12,7,-12,6,6,6,9
-2,12,6,-3,10,3,4,-3,-2,-5,-3,24
23,6,21,11,7,-7,-2,12,10,-9,12,-4
-3,24,23,-5,23,24,5,-3,1,9,12,-9
1,-8,5,13,3,-6,-2,23,6,17,12,1
-2,20,23,-5,1,6,13,27,2,23,3,11
-2,-4,1,20,10,3,20,26,-2,28,7,3
-1,15,13,-5,11,31,2,30,1,11,1,19
-2,21,2,31,8,25,2,5,22,0,5,14
-2,13,10,18,11,26,4,28,6,9,10,4
-2,13,2,5,15,6,11,31,16,20,10,32
-1,5,20,1,13,18,0,27,23,31,6,18
-3,6,8,6,5,1,3,32,18,4,-3,24
6,-31,5,-28,6,-4,9,-23,23,-17,6,-34
11,-1,11,-1,1,-24,15,-20,15,-27,7,-18
11,-1,-2,-29,-2,-28,19,-15,7,-7,-2,-4
13,-12,10,-22,2,-29,7,-17,8,-31,-2,-15
14,-4,1,-32,13,-18,0,-24,0,-24,9,-31
18,-17,7,-19,12,-6,5,2,0,-11,14,-5
20,-6,0,1,7,-3,4,-4,-2,-23,3,-9
22,-6,-2,-15,0,-9,5,-22,-2,4,-2,-15
24,-13,2,-23,-2,-25,10,2,23,-21,6,4
22,-9,-1,-12,4,-17,9,-17,-2,-16,7,-27
21,-18,15,10,10,-21,2,2,0,5,23,-2
24,-14,7,-1,3,-8,23,10,9,-12,4,0
23,-13,4,-15,3,-13,14,-9,22,-21,17,-9
23,-13,21,12,2,-12,8,6,5,-5,3,-20
19,-16,3,11,9,-16,12,8,3,-8,13,1
2,-19,6,9,7,-8,4,9,17,-14,2,1
7,-11,3,-16,2,16,6,8,2,-7,4,1
20,-13,7,6,7,11,22,-15,6,-9,22,10
22,-8,2,0,7,16,24,12,21,0,9,4
22,-12,20,-3,7,12,17,4,1,3,18,18
20,-15,20,19,1,-16,5,8,-1,-3,10,18
23,-8,3,-7,20,6,2,-4,2,16,20,7
21,-12,15,-4,13,6,5,2,-2,-11,13,22
-1,4,3,12,12,10,4,-7,9,-12,24,-5
24,-8,16,19,11,19,15,4,3,20,7,11
0,-3,6,0,11,9,19,23,12,-6,12,24
22,-9,17,21,11,9,11,7,12,-10,23,21
0,1,14,7,15,5,22,13,-1,5,21,12
0,28,7,5,11,15,13,25,18,0,13,16
-1,25,13,-6,16,-5,10,3,16,2,4,0
-1,20,9,8,14,28,1,-1,3,-1,6,13
-1,1,21,-4,3,2,11,8,4,31,2,18
-2,23,7,22,4,9,17,19,9,31,0,14
-1,9,18,7,7,32,11,-1,0,8,2,9
-1,33,9,9,8,20,-2,1,12,1,22,9
1,-1,10,7,8,23,24,35,11,2,19,4
-2,4,9,10,24,32,2,2,21,7,-2,31
13,-2,7,-35,-1,-32,7,-29,3,-10,4,-9
6,-33,19,-7,6,-35,5,-18,9,-31,14,-33
7,-22,5,-33,25,-4,18,-1,6,-30,20,-12
13,-3,20,-32,12,-7,2,-27,10,-6,3,-1
3,-7,3,-25,1,-3,9,-8,25,2,17,4
4,-5,2,-23,-1,4,2,-16,0,-21,2,4
25,1,2,-5,-1,-17,0,-18,3,-30,6,-7
19,-24,4,-7,13,-3,6,-17,1,-10,7,-14
23,-17,9,-18,12,2,8,-17,8,-2,23,-23
19,-21,5,5,24,5,13,-21,24,-16,-1,6
-1,-7,0,10,12,-9,9,8,3,4,4,6
21,-20,3,7,12,-15,20,-11,9,-22,6,-1
25,-15,9,-6,24,0,6,-9,9,4,4,6
24,-17,14,-18,3,-2,15,-21,7,-20,9,-21
23,-19,24,10,0,-16,15,-8,4,-19,8,-15
24,-18,5,10,-1,15,4,-10,5,0,7,-16
25,-20,11,-1,5,5,14,10,14,-14,0,-2
21,-19,8,-14,18,6,9,-16,7,11,9,17
25,-12,11,-11,15,10,5,-10,1,-5,3,-1
21,-15,20,-14,14,-7,5,-14,7,-6,16,-6
25,-6,25,-5,3,3,2,-9,8,1,9,4
20,-13,3,15,5,6,6,-6,-1,-3,1,21
15,-1,7,0,-1,0,1,17,0,12,0,1
18,21,3,11,7,3,9,-4,4,-7,5,0
6,17,4,5,-1,-3,9,-2,2,4,7,-12
15,10,21,9,-1,-3,-1,-5,10,22,12,20
16,19,16,21,-1,-3,2,15,12,-3,23,-7
5,19,16,10,0,-8,-1,-1,16,5,5,10
16,25,21,5,8,-3,7,5,19,5,9,2
17,29,19,7,-1,14,3,2,14,-2,6,29
14,11,16,19,-1,4,5,23,20,26,4,-2
11,-3,14,5,-1,13,5,23,13,18,5,22
12,-1,2,23,7,16,2,14,8,-3,19,23
13,3,8,13,8,0,2,-1,14,20,15,13
13,7,15,7,3,26,0,-1,2,29,13,7
13,4,22,5,6,26,8,-1,6,16,18,35
18,20,20,14,14,2,2,19,12,5,11,30
13,-5,5,-4,18,-10,25,-11,16,0,19,-35
4,-13,15,0,24,-30,17,-25,25,0,24,-12
12,-1,21,2,5,-1,24,-13,23,-3,10,-33
12,3,26,-12,9,-23,26,-2,12,-16,20,-16
9,-6,15,-1,9,1,12,-30,23,-24,24,-23
5,-19,9,-3,3,-4,1,3,21,-16,20,-17
4,-19,20,-8,3,-8,3,0,22,-26,25,-7
13,-10,7,4,13,-1,3,-3,1,-11,4,5
17,-16,12,4,9,-21,13,-4,21,-4,13,-23
21,4,10,-14,0,-1,8,7,9,-13,6,-7
18,-17,12,-12,0,-14,8,-1,14,3,15,-21
4,4,16,10,9,-19,1,-2,7,-19,0,-12
23,4,3,-4,8,-5,2,-15,7,11,24,-22
18,-16,12,-11,0,-6,9,-17,17,-10,8,3
21,-1,13,-17,7,7,3,-8,4,-7,14,-10
19,-5,11,-6,8,-6,2,-15,23,-6,13,4
20,-4,4,-8,9,-18,9,-7,9,-1,1,1
17,-11,8,7,0,6,2,-18,3,-13,20,-4
22,17,12,15,15,-17,8,6,10,-1,1,6
18,5,1,2,8,-10,8,15,0,3,13,-17
24,20,25,-13,15,-9,2,-3,4,1,2,-3
18,-14,8,4,1,0,0,13,6,4,6,13
7,8,3,12,11,6,11,-10,3,5,1,16
5,0,22,13,7,21,4,5,17,16,3,0
4,3,25,9,6,-3,15,-10,6,2,9,21
9,14,10,8,5,13,17,7,20,21,14,7
4,0,7,6,1,13,13,25,15,25,5,7
5,1,15,-2,8,17,15,-8,7,-6,16,-6
5,16,11,-6,7,28,23,-3,6,1,7,17
9,16,2,25,24,-1,12,20,1,-6,23,16
12,11,26,-3,4,21,22,30,10,3,13,26
8,-2,9,24,7,6,17,24,18,6,12,-3
8,-2,5,7,4,26,22,11,11,6,24,13
15,33,6,2,4,7,19,23,14,31,20,17
8,30,7,21,13,-2,5,19,9,32,9,22
12,5,16,3,6,18,7,1,19,8,21,9
10,10,13,32,10,25,20,2,9,22,22,11
