-1,-34,-13,-1,-15,-30,0,-33,0,-23,-1,-12
-10,-2,0,-7,-23,-18,-4,0,0,-34,0,-9
-3,-11,-23,-3,-15,-14,-4,-24,-18,-29,-20,-17
-8,-14,0,-6,-23,-15,-4,-18,-3,-9,-21,-19
-22,-30,-24,-10,-8,-27,-6,-24,-1,-10,-16,-18
-17,-27,-5,-31,-8,-12,-19,-4,-1,-11,-6,-16
-16,-7,-22,-24,-17,-23,-6,-27,-24,0,-2,-26
-14,-10,-4,-15,-3,-8,-4,-17,0,-22,-16,-11
-15,3,-15,-27,-4,-8,-4,-25,0,-17,-12,-26
-22,-9,-2,-12,-21,-14,-3,-23,-4,-16,-1,4
-7,-26,-22,6,-21,6,-24,-2,0,-10,-22,-6
-23,6,-13,-25,-23,0,-23,6,-1,-19,-25,0
-9,3,-26,-9,-11,10,-15,-9,0,-9,-26,-11
-24,-4,-1,-9,-23,12,-17,8,-15,0,-13,-6
-18,7,-15,-19,-11,11,0,6,-15,-10,-19,0
-4,-21,-24,0,-11,-9,-2,14,-22,-6,-23,8
-6,16,-18,-12,-11,-19,-25,0,-2,-20,-25,-18
-17,-18,-7,-15,-18,-5,-16,-15,-20,8,-16,13
-24,-17,-8,-14,-21,-1,-20,-18,-5,16,-1,-2
-7,8,-15,18,-18,-8,-9,18,-8,8,-17,14
-5,2,-8,-10,-23,12,-15,9,-1,-4,-26,10
-7,7,-4,-11,-23,19,-16,-1,-4,2,0,19
-12,1,-10,16,-13,-11,-21,2,-22,-1,-2,11
-6,3,-1,-3,-14,-12,-25,5,-22,-12,-20,-7
0,20,-17,6,-14,12,-1,10,-1,14,-20,24
-8,4,-12,5,-21,15,-21,8,-2,17,-4,-3
-6,-3,-25,8,-2,10,-4,-4,-12,-9,-25,-1
-20,8,-20,1,-2,10,-20,12,-4,14,-26,-3
-5,7,0,14,-21,14,-18,11,-6,-4,-3,17
-11,4,-25,29,-15,25,-2,25,-11,27,-5,23
-10,9,0,29,-1,1,-6,26,-9,6,-21,18
-3,13,-8,2,-16,12,0,20,-2,5,-16,24
0,0,-4,3,-23,-1,-12,-3,-17,25,-26,12
0,-2,0,10,-26,3,-3,6,-2,-1,-6,21
0,-2,-26,29,-2,6,-3,29,0,18,0,1
0,2,-16,12,-8,22,-4,21,-8,15,-12,29
0,2,-24,13,-8,14,0,1,0,25,-12,8
-5,-3,-17,-26,-7,-27,1,-7,0,-11,-3,-10
-24,-3,-25,-18,0,-13,-9,-33,-20,-18,-21,-18
-9,-16,-19,-23,-22,-10,-4,-28,-8,-10,-22,-24
-19,-6,0,-33,-7,-31,-17,-11,-2,-16,0,-16
-9,-8,1,-22,-15,-11,-7,-13,-4,-9,-21,-17
-17,-4,-24,-22,-9,-24,-18,-17,-5,-16,0,-28
1,-23,-24,-30,0,-21,0,-12,-3,-8,1,1
1,-20,-8,-8,-1,-2,0,-5,-23,-27,-25,-4
-7,-17,-7,6,0,-18,-1,-18,0,-15,-7,-20
-5,-7,0,6,-8,-17,-10,-16,-3,-6,1,-12
-17,-25,-3,-21,-14,7,-2,4,1,-24,-22,-26
-15,-21,-23,3,-15,-15,1,-6,-10,4,-17,-13
-8,-9,1,-4,-15,7,1,-15,-16,-19,-6,10
-14,-3,1,-23,-19,-19,-1,-6,0,-22,-10,3
-10,-7,0,12,1,-14,1,0,-2,7,-12,-8
-10,-8,0,10,-23,-9,-1,-9,-22,-9,-21,-19
-8,12,-10,-4,-1,-3,-22,-14,0,7,0,14
-10,-19,-25,5,-19,-16,-25,-10,-24,-8,0,-12
-9,-18,1,11,-23,-4,-18,-15,-23,-3,-10,-15
-3,14,-1,18,-23,-4,-16,-13,-4,-15,-11,-17
-9,-13,0,12,-5,14,-15,7,0,-16,0,-16
-18,-15,1,10,-2,15,0,-2,-2,13,-1,-7
-18,13,0,5,-9,7,-17,4,1,-6,0,1
-10,23,-2,22,-23,-7,-8,-4,-25,-10,-20,15
-2,23,1,7,-3,-11,-20,-1,-15,4,-12,14
0,1,-9,-8,-14,12,-14,6,0,5,-17,13
-11,9,-3,-10,-5,10,0,15,-8,-6,1,1
-18,-2,-23,11,-9,-8,-13,21,-5,-7,0,1
-25,9,0,22,-14,22,0,6,-3,-8,-9,8
-8,5,-20,-6,-22,6,-23,9,-5,17,-13,27
-6,4,-18,15,-8,22,-18,9,-4,24,-16,17
-7,18,-15,23,-10,2,0,-5,-1,6,-13,22
0,-3,-6,2,1,28,-14,9,-2,7,-18,6
-7,30,-21,2,-16,24,-20,-1,-3,11,-3,32
-6,31,-9,24,-3,27,-20,3,-12,8,-3,19
-21,22,0,7,-8,11,-1,7,-8,19,-7,20
0,3,0,21,-13,36,0,12,-14,14,-7,19
1,-36,1,-25,-24,-12,-7,-8,-2,-20,-8,-33
-12,-26,-19,-16,-22,-27,-12,-29,-17,-5,-2,-18
-4,-28,-9,-2,2,-25,-18,-25,-3,-33,-11,-25
-8,-27,-17,-33,-13,-21,-12,-31,-2,-3,-3,1
-7,-8,-2,-29,-1,-3,0,-26,-8,-14,-19,-19
-22,-31,-13,-27,-22,-16,1,-15,-3,-26,-21,-18
-3,-29,-12,-19,-15,-27,-19,-24,-2,6,-13,-25
-1,5,-4,-24,1,5,-21,1,-11,-27,-5,-8
-9,5,-24,-22,-2,-23,-3,-16,-4,-23,-8,-19
-23,-21,-14,-24,-13,-11,-12,-24,-2,-26,-1,3
-24,-16,2,-11,-9,2,1,-7,-19,-22,-15,9
-4,-4,-14,-3,-21,1,-7,-14,-5,3,-3,-22
-3,11,-22,-13,-16,6,-19,-15,-22,-17,2,-3
-16,-15,-1,7,1,-4,2,12,-13,9,-8,3
-18,7,1,7,-16,1,-10,-18,-18,-7,2,0
-13,-3,0,4,0,-3,-19,-4,-5,15,-12,3
-22,-16,-14,-18,1,-19,-12,-19,-5,-19,-1,-12
-6,15,-22,0,1,1,-9,-15,-12,17,-22,-12
-13,14,-7,-15,-12,1,-9,-8,2,-1,0,16
-17,11,-12,0,-13,12,0,13,-4,3,-22,-1
-1,-15,-1,-5,-15,12,-10,11,2,2,-4,18
-14,-14,-9,13,1,-12,0,11,-21,5,-1,-12
-1,-10,-21,4,1,10,-3,10,-12,-1,-7,21
-4,-13,-10,-7,-8,-13,-22,7,-7,-6,-20,16
-11,17,-4,20,-15,17,-22,-7,-8,8,-23,7
-2,14,-20,10,-5,21,-24,9,-14,2,2,14
-12,-9,2,-5,-13,17,-21,24,-12,21,-6,0
-8,18,-2,26,-22,19,-14,-2,-7,-7,0,3
-4,11,-3,27,-12,22,-5,14,-2,19,-3,4
-13,15,-9,-6,-18,-2,-1,15,-12,8,-7,7
0,29,-4,28,-1,27,-2,3,2,-2,-3,-4
-5,8,-15,22,-13,14,-3,-1,-6,8,-12,23
2,29,-17,19,0,-4,-19,17,-7,-4,2,25
2,11,1,21,-3,-3,1,0,-5,23,-24,21
2,10,-20,18,-10,18,-15,18,-16,30,-1,10
-3,15,-11,33,-6,24,-1,7,-1,6,-22,-1
2,31,2,26,-18,25,-15,26,-2,2,-17,15
-9,-22,-19,-32,-6,-27,-20,-11,-2,-5,-6,-23
-13,0,2,-9,-4,-5,-1,-11,-1,-2,-13,-22
-9,-10,3,-10,-12,1,-10,-6,-21,-33,-22,-24
-14,-5,0,1,-5,-4,-19,-8,1,-26,3,-1
-2,-30,-18,0,-21,-12,-13,-1,-22,-8,-2,-24
1,1,-4,4,-7,0,-1,-2,1,1,-3,-10
-3,-5,1,-17,-12,-20,-20,5,0,-5,-10,-12
-17,-10,3,5,1,-14,-5,-7,-4,-26,-21,-28
-1,-6,-2,-9,-19,-8,-2,-6,-20,-12,-4,-2
0,-25,2,-7,-13,-24,-14,-8,1,6,-3,-20
-20,-6,-13,-2,-12,8,3,8,-15,-9,-5,10
-9,-3,-1,-24,-18,-6,-3,5,3,-15,-5,-11
-11,-2,-16,12,2,-9,-19,-15,-4,-12,0,-17
-8,-13,-17,-17,-11,-18,-2,-18,-6,-15,-4,6
-13,-20,-3,-19,-18,11,-16,-3,-6,4,-5,-19
-6,9,-16,-9,-6,-15,-6,-11,-12,-8,-20,-4
-10,-20,-5,15,-21,5,-23,-12,2,-1,3,8
-10,-18,-3,-12,-12,-4,-13,6,-12,10,-15,-16
0,1,-16,12,-17,14,-17,1,-20,3,-4,-1
-1,13,-16,12,-8,19,-20,-13,-4,12,-4,-10
-1,20,-21,0,-2,10,-14,-16,-5,16,-11,0
-11,-15,-11,-12,-22,4,-1,-1,-21,4,-3,-5
3,-3,-1,-1,-15,2,-10,6,-4,18,-3,-9
3,14,-6,7,0,-1,-1,0,-15,23,-7,20
-3,12,-3,-12,-17,23,2,14,-10,-7,-18,13
-7,-10,-13,22,-15,17,-16,14,-14,9,-14,19
0,1,-6,12,-11,2,0,5,-6,13,-17,9
2,5,-22,10,-5,17,-2,9,-1,16,-16,21
-1,-7,-8,10,-22,20,-8,1,1,6,1,5
-2,15,-2,27,-4,24,-20,1,-22,-2,-12,23
3,2,-9,4,1,-5,-13,16,-8,9,-19,25
-7,21,-11,14,-7,9,2,-3,2,31,-21,13
-8,22,-12,7,2,25,2,3,-13,32,-11,15
-3,24,-16,1,-11,31,-21,24,-13,31,1,15
-11,29,-10,27,-14,4,-2,34,-6,-1,-6,14
-12,24,-6,7,-20,29,2,27,3,34,-20,31
-9,27,-2,10,-7,29,-22,25,-11,30,-9,35
-4,-29,1,-22,-17,-33,-14,-11,-9,-11,-3,-31
-9,-9,-22,-15,-10,-8,-15,-31,-22,-16,-11,-9
-14,-9,-1,-29,-7,-15,-10,-5,3,-32,-10,-1
-4,-5,-12,-18,-14,-9,-16,-7,-12,-24,4,-29
-2,-6,-6,3,-3,-23,-16,-14,1,-2,3,-2
-9,-8,-15,-9,-9,-16,-7,-23,-13,-27,-4,-27
-1,1,-5,-14,-14,4,-10,-10,-2,-8,-5,-7
-5,-27,-4,-19,3,6,-4,-8,-7,-21,-18,-17
-10,-23,-4,-26,-20,-4,-18,-13,-4,-1,-5,-17
2,-26,-17,3,-16,2,1,-20,-1,1,-11,1
-3,4,-4,-6,1,-21,-21,-2,-7,-13,1,-12
-9,-10,-12,11,3,11,-20,0,-6,-3,-16,-1
1,4,-3,-6,-18,1,3,11,3,11,-7,5
2,-10,-14,13,-9,5,0,-6,-4,-8,-19,-20
0,-19,-21,-5,-10,-4,-2,-17,4,0,1,-13
0,-1,-2,-6,-5,11,-1,-8,-4,-14,-4,2
-16,-20,-13,0,2,14,-2,13,-1,6,-5,-16
-6,-3,0,13,-1,-7,0,4,1,-10,-8,10
-20,-12,-4,-4,-7,-3,-8,-5,0,2,4,-1
-9,-15,-10,14,-15,6,2,-12,-14,-6,-15,2
-14,4,-18,2,-17,-8,-5,2,-17,-1,-3,7
-9,-2,1,-11,0,-9,-6,13,0,20,3,-10
1,12,-2,10,0,3,-9,-9,0,1,0,-1
-11,-8,-1,-4,-4,-9,-3,22,-2,-1,-2,14
-7,-5,-10,0,-5,9,-2,11,1,-10,-12,-9
-6,-7,-1,18,-6,-9,-14,24,4,-11,-11,8
1,6,-2,18,-8,20,0,-2,-3,13,0,1
-11,5,-6,15,-4,7,-1,24,-5,27,-9,11
-11,4,-3,17,-16,10,-1,7,-17,15,-19,14
-8,19,-11,15,-21,25,-21,6,3,1,-3,11
2,-2,-5,9,0,21,4,21,-1,2,-4,24
-14,23,-9,5,-6,18,4,11,-12,28,3,15
-7,1,-4,26,2,5,4,32,4,19,-8,3
-12,27,-17,28,-20,-3,-15,-1,-18,19,-2,5
-4,25,-2,0,-20,2,-1,5,3,26,1,16
-20,6,-14,15,4,6,-6,17,-19,32,-11,31
1,6,2,0,-19,2,-9,3,-3,33,-8,12
5,-26,-3,-24,-12,-5,-18,-21,3,0,-20,-19
-6,-34,-21,-19,1,-11,-4,-13,2,-17,2,-30
-19,-24,5,-20,-8,-11,0,-18,-1,-9,-13,-26
0,1,-7,-3,-16,2,1,1,-15,-9,4,-10
-21,-9,-14,-31,-16,-31,-13,-23,-3,-3,-1,-32
-2,-5,-19,-14,4,-15,3,-6,5,5,-11,-31
-5,2,-18,-13,-18,-14,0,-28,0,-30,-5,-8
-15,-11,-7,-22,-14,-12,5,-12,-18,-15,-7,-8
0,-4,-7,0,-19,-10,5,-4,3,-5,-5,1
-10,-4,-5,-5,2,-9,1,1,-3,-1,-13,1
-10,-10,-2,1,-20,-16,0,-17,-1,-15,-14,2
-3,5,-9,10,-20,-17,-12,-2,1,6,1,-21
-5,-7,-20,-17,-12,-2,-13,-16,-18,3,3,-3
-2,-12,-3,-1,-7,9,0,-2,2,-2,-13,7
3,-13,-5,-11,-5,2,1,5,-13,11,-14,-18
1,8,-2,-6,-17,13,-1,4,-7,-6,-1,7
2,7,-6,-8,-14,-11,-20,1,0,-16,2,12
2,3,-14,12,-21,13,-6,10,-7,-6,-1,7
-1,-17,-7,-18,-7,6,-5,9,-1,-9,5,-10
-6,-5,-6,10,-12,6,-5,19,0,10,2,-6
-18,-8,-6,8,-8,-5,-2,3,-14,8,-12,-13
1,11,-9,15,-1,-11,-5,10,0,-12,-5,19
-2,15,0,1,-5,4,-5,1,-2,4,1,6
-6,9,2,18,-3,5,-1,13,-5,16,0,-4
-5,8,-12,-11,-7,-6,-1,0,-13,10,2,-8
1,-9,4,12,-18,-4,-11,24,2,16,-19,1
-14,8,-4,2,-3,5,-19,3,-17,10,-1,22
0,1,-2,19,3,1,4,-5,3,26,-10,3
4,24,1,10,-8,27,-7,28,-16,-3,-1,23
-7,22,-6,-5,-7,24,-3,17,1,5,-10,2
-15,-3,-12,20,1,29,4,-5,-2,28,0,18
-3,20,-20,11,-21,6,-10,17,-11,22,-2,26
-20,-1,-21,24,-5,21,-7,19,-21,4,-4,22
-19,2,-14,22,-17,2,-1,24,-2,-1,-19,14
-10,11,-10,10,-17,30,-2,-1,-6,22,-3,9
-5,21,-6,33,-16,10,-1,33,-19,28,-8,7
-10,4,-11,34,0,21,-4,32,0,19,-19,8
6,-30,-18,-11,-13,-9,-19,-13,0,-10,3,-15
1,-3,-7,-16,-12,-20,-4,-13,-1,-20,-8,-15
0,0,5,-7,-19,-27,-5,-6,5,-11,-7,-32
-4,-14,-4,-12,-10,-28,-2,-24,-7,-24,-1,-23
-19,-21,2,-13,-3,-10,-3,-9,-10,-9,3,-30
-8,-29,3,-13,-6,-31,2,-10,-7,-24,-2,1
0,-2,-5,1,-19,-19,-20,-14,-2,-2,2,-21
-6,-13,-8,4,-3,0,0,-1,-1,-2,-16,1
-5,-12,-9,-7,-19,-11,1,4,2,-9,-9,7
-4,-15,2,-12,-2,-27,1,0,-5,-9,5,9
6,10,3,-17,-1,2,-6,-6,0,9,2,5
-6,-20,-9,-6,-9,-4,-15,-17,3,6,-9,8
4,-10,-2,7,-13,-12,-5,1,-17,-11,-4,3
6,7,3,5,-16,-20,-13,-18,-3,12,1,-5
-2,-22,-6,-9,-7,9,-1,1,-14,9,-2,-13
-8,5,1,3,-9,10,-14,3,-18,5,1,7
1,-14,-7,-11,-5,-6,-7,-10,-3,8,-10,-3
-4,-10,-12,8,-7,-13,-2,-1,-7,7,-7,8
-4,18,1,15,-14,-3,2,2,-4,1,-2,-3
-9,11,3,3,0,19,0,7,-4,0,-4,14
-16,11,1,1,0,-8,-1,17,-4,15,1,-3
-7,16,-2,-6,4,20,0,-1,6,14,-1,-4
-3,-7,2,14,0,-5,-20,15,-8,-14,3,6
-19,-13,-7,9,1,4,2,3,-11,18,-7,10
-18,5,-2,1,-8,3,3,12,-2,-6,-8,11
0,-8,-15,18,-16,12,-9,-3,-11,25,-9,-5
-13,-7,-1,-7,-13,23,0,0,2,24,-13,17
5,19,-5,-2,-2,-6,-9,-5,-13,-6,-10,11
5,14,0,19,-15,-3,2,-6,-11,3,-12,28
-6,18,-6,14,-14,4,-7,25,-8,0,-2,26
1,14,-3,7,-19,20,-8,16,-10,25,-6,14
-2,26,-5,-5,-3,-2,-17,-2,-8,15,-7,8
-15,0,4,6,-13,7,-6,17,1,17,-10,23
-4,32,-17,0,-19,24,1,5,-1,18,-6,24
-10,30,-7,1,-16,5,-11,15,-8,20,-4,33
4,33,-17,14,-20,22,-8,16,2,9,-3,27
-18,13,-9,31,3,20,-3,5,-10,17,-12,5
4,0,-6,-28,-12,-8,-19,-21,3,-31,-9,-10
5,-17,-16,-16,-19,-19,-14,-11,0,-11,5,-15
-2,-15,0,-32,-10,-20,7,-34,-19,-32,-12,-1
-12,-27,7,-17,-4,-8,0,-21,1,-15,0,-25
-6,-26,4,-25,-5,-14,-4,-14,7,1,-6,-16
1,1,1,-2,-5,-10,1,-24,-7,-8,2,-20
-8,-1,4,-3,2,-11,-9,-6,1,-29,-4,-8
2,-22,5,-5,-2,-22,7,-19,-17,-11,-11,-12
7,-5,-4,-8,-17,-5,-12,-7,-2,-11,-7,-7
-1,-14,-2,5,-13,-20,0,-17,1,9,-10,9
-4,-8,-3,-8,-18,-3,-3,0,-7,0,2,5
6,-14,4,-8,-19,-18,-4,-8,2,10,0,0
-1,-6,-6,7,-11,-7,3,-13,1,-1,7,12
7,-10,2,-10,4,11,-16,10,-15,8,-5,-13
6,-5,3,-11,2,-16,-10,-8,-12,-8,-6,2
-7,-17,-12,-4,-3,-2,-13,9,-8,-6,4,-8
-5,14,1,-14,-10,13,-10,-15,-18,-3,5,-18
7,3,2,-1,-11,10,2,16,-7,-13,-3,-18
-19,-16,3,15,3,3,-1,9,2,4,7,-2
1,-4,2,-1,-15,-4,0,10,-4,-8,-5,14
-10,8,-3,-1,5,15,-4,6,0,1,0,6
-9,12,2,-4,1,0,1,-4,-1,-12,-4,12
3,-7,2,8,-6,-10,-6,8,-11,2,-18,2
-17,-2,-8,0,-1,21,4,7,-11,7,-12,18
3,-8,1,10,3,19,-1,14,1,20,3,15
6,23,5,3,3,7,2,19,-4,5,4,25
-12,9,-6,-5,2,-5,1,-1,-10,-8,1,6
-18,7,-6,5,-6,7,0,17,-19,27,-19,11
-14,-3,-5,19,-6,-1,4,13,2,1,-4,15
4,17,6,-4,-19,10,0,8,1,27,-10,27
1,2,-3,13,3,9,-6,19,4,9,-4,0
-14,25,0,28,7,18,-10,28,5,25,-16,22
-14,-4,4,28,1,15,-7,7,4,2,-3,-2
-1,33,-8,-3,-11,19,-3,1,-7,8,0,1
-9,20,2,28,-2,21,5,20,-15,26,-3,6
-4,26,-10,34,5,15,5,32,3,6,-5,8
-17,3,2,21,-13,12,-1,29,3,3,-8,20
8,-18,-9,-15,1,-16,3,-16,-10,-13,-2,-15
1,-15,3,1,-9,-27,-18,-13,0,-31,-7,-8
-12,-25,6,-1,-17,-32,5,-31,-1,0,-5,-30
7,0,-8,-15,4,-19,-9,-22,-15,-8,4,-32
-18,-10,4,-26,-8,-17,3,-13,8,-13,2,-9
-8,3,-11,-4,7,-18,-7,-25,-5,-30,0,-6
5,-30,1,1,-11,4,-11,3,6,1,-2,-24
-8,7,-1,1,7,-25,8,-9,4,-11,6,-13
8,-9,-4,-10,-12,-4,5,8,-7,0,-15,3
6,1,-1,-3,4,-15,0,3,3,-11,5,-8
4,-7,3,1,1,-23,3,-9,3,-11,-11,-8
-8,-19,5,-12,1,2,0,-8,4,-21,-4,-24
-4,-20,-4,7,-11,-14,1,1,2,-8,1,8
-12,-19,4,-1,-18,12,-1,8,-15,-16,3,-23
-13,-15,-2,11,4,1,-17,13,-1,-3,4,-8
-8,8,1,1,-15,-20,-17,-16,-2,-19,-7,8
-16,2,4,10,-5,0,-9,-2,7,-17,1,15
-8,1,0,6,-17,-3,-8,-16,-3,-8,0,7
-12,10,5,-12,-7,-18,2,-18,1,-4,-4,-1
-7,10,4,3,-3,12,1,0,-7,16,-10,8
-18,18,-3,6,-5,17,1,0,0,19,4,3
1,-8,7,21,0,21,2,1,3,-8,-10,-13
-7,12,-12,16,-4,5,-4,15,-3,5,6,1
7,3,-9,17,-14,17,4,5,-8,7,0,0
6,-5,-12,5,3,-5,-5,-8,-4,-4,3,15
7,-1,6,20,5,-8,3,20,-8,-7,-6,25
2,1,-7,17,2,-4,-1,11,-5,4,5,14
-6,14,0,-8,2,17,1,2,2,4,-1,25
-17,20,4,8,-18,0,-1,16,-15,14,-2,15
3,1,-11,-1,3,23,-1,13,0,14,-7,27
5,9,-1,22,4,10,-5,-4,-9,18,3,1
-7,-3,-10,14,2,27,6,9,1,2,5,-4
-15,-2,-10,28,1,8,-17,2,-7,32,-11,-3
-10,3,7,14,-9,14,5,7,8,23,-18,1
-11,29,-11,8,3,22,-3,22,-15,4,-8,10
2,34,3,3,-11,17,0,2,-9,5,1,32
5,14,-5,12,4,33,-9,30,-7,27,-5,7
-2,-30,-15,-34,1,-28,4,-22,-10,-24,-15,-22
5,-23,-12,-17,-1,-7,-3,-19,-2,-4,-6,-20
0,2,-12,-8,1,-6,2,-29,4,-14,-4,-29
-14,-33,-7,-19,2,-31,0,-6,4,-16,-5,-7
-8,-1,6,-22,3,-4,6,-16,2,-7,3,1
1,-25,-6,-29,4,1,-2,-17,-10,-9,4,1
7,-11,4,-5,4,6,-1,3,0,-25,-3,-6
7,-18,-3,-4,-5,-29,-1,1,1,-10,-9,4
7,-16,-1,-5,1,-6,-5,0,6,-15,-7,-27
4,-1,1,5,3,-17,-1,-4,-11,-26,7,-3
4,1,-5,-8,-2,-2,2,-13,-5,-1,0,-2
-5,11,6,-3,-15,11,4,3,-7,-18,5,-1
-1,1,2,5,3,3,-2,-5,-1,12,-14,-4
6,-20,4,5,1,1,-4,-9,-1,3,-7,0
-9,-11,-1,3,4,-4,-6,-3,2,13,5,6
0,-10,6,-6,-4,-2,4,-11,-10,-8,-11,-3
0,1,3,-19,1,7,-1,-7,9,-8,-1,-3
9,1,3,-10,-4,3,-7,10,0,13,-1,-9
7,-8,2,1,-16,-3,-3,10,1,-10,-1,12
6,14,-4,10,-13,-11,-3,-3,-11,-17,-3,-4
-13,-5,-2,-1,5,12,-9,-6,4,17,-6,-14
3,15,2,1,-7,5,-9,14,7,3,6,1
-7,11,1,1,7,-8,-15,17,3,19,7,3
8,8,1,6,-8,17,6,15,7,14,5,-11
-7,16,6,14,8,-6,-1,-4,-5,12,-8,-11
-9,22,-10,13,3,-6,8,16,-9,19,-5,1
9,7,6,6,-11,-8,3,-8,-11,-7,-6,12
7,-1,-13,7,-6,17,-15,20,4,3,-3,-5
-12,26,-2,3,-4,-6,-6,21,-16,10,-3,10
9,14,-5,18,-4,6,-12,-7,6,-2,-2,4
-5,19,8,29,-17,6,-16,22,-14,9,1,0
-5,24,9,2,-7,7,-12,-4,-17,23,0,22
-9,6,6,-1,5,3,2,4,-8,15,5,18
-2,20,-5,6,7,8,-5,7,-13,11,9,32
-15,7,-10,11,-13,20,-11,20,2,11,-7,7
-2,23,0,1,0,12,-15,0,-16,26,-2,24
-2,30,8,7,-16,31,2,30,0,33,2,36
10,-20,-1,-6,-9,-1,5,-36,-9,-27,-3,0
-13,-5,5,-9,10,-13,3,-7,-2,-15,9,-7
4,-32,-9,-29,-15,-12,0,-25,4,-7,-1,-21
-6,0,8,-27,3,2,0,-21,4,-19,-1,-33
-11,-6,-4,-22,-3,-18,-2,-2,-2,-28,-1,-14
-15,-11,-11,-16,-2,-17,1,5,-11,-15,-10,-4
-3,-26,1,1,-7,-14,2,2,6,-22,0,-17
-4,-18,-8,-24,-10,-8,-2,-18,-5,-25,-8,6
-4,-16,-3,-27,-8,3,-15,-14,0,-3,-3,-3
1,-9,-2,2,7,-18,0,-8,3,-16,5,-8
5,-7,10,10,-4,-18,-9,-20,2,-21,-13,-5
1,-21,-2,-6,5,-14,-11,-21,5,0,-13,-9
6,-19,3,-13,0,-21,1,-7,1,1,-6,9
8,1,-5,5,-4,5,2,5,-3,-17,-3,-17
-5,11,5,-10,5,-21,-3,13,9,-5,10,-17
6,-15,-5,15,-15,-8,0,-7,-2,9,2,1
9,-13,-10,-6,8,-13,7,3,0,15,-8,-11
10,9,1,6,-16,8,-7,-9,7,-11,-7,-1
-15,-17,8,-1,1,1,-6,-18,5,6,10,-12
6,10,5,3,-10,-3,-6,4,-1,-13,-6,-2
7,-11,-5,9,1,-8,-10,-15,9,13,-7,0
1,-7,-13,6,9,-13,-9,16,-5,10,-4,-12
8,-12,0,18,-12,21,10,-10,-7,-14,-9,0
-13,-12,-8,12,7,0,-15,16,9,19,1,-10
-5,24,8,8,2,-5,-10,17,-14,21,7,16
-9,-9,9,-6,2,2,-10,17,-4,22,-3,19
7,3,2,1,-4,11,-5,13,-1,11,5,26
1,11,3,0,-10,0,0,2,-10,10,-5,2
6,0,9,8,-16,-7,-12,-1,-9,15,8,2
-4,6,-15,25,7,1,0,17,4,10,-8,7
-9,24,-6,14,-1,-3,-4,7,-13,11,4,12
-10,25,-14,22,-8,1,10,3,-13,13,-6,14
-5,26,1,10,7,18,2,-2,9,6,6,29
-1,22,-10,18,-8,16,-14,-3,-1,30,-4,26
-2,16,9,7,-11,34,7,33,-16,16,6,-2
0,1,-12,12,-2,26,-1,32,-15,19,8,8
0,7,5,2,-14,19,-1,36,6,6,4,6
6,-23,-6,-4,9,-13,-11,0,10,-5,-8,-34
4,-29,3,-18,-8,-11,-6,-23,-5,-9,5,-13
-8,-29,-6,-28,-11,-26,3,-11,0,-9,-6,-14
7,1,-14,-13,-15,-24,6,-22,-12,-2,-1,-11
3,-23,-5,-20,-15,-2,-15,0,8,-31,6,-6
-4,-14,9,-22,-14,-13,4,-10,7,1,4,-15
-5,-6,-2,-12,8,5,3,-14,3,-13,5,0
6,0,-1,-21,3,-12,-2,-6,10,-25,0,-20
-3,-8,8,-5,8,-18,-6,-3,2,-25,2,5
-11,-8,8,-26,-8,-21,7,-27,-5,-13,3,1
-15,-25,2,-8,7,-17,-1,-19,-1,7,3,3
-8,-8,0,-17,5,-14,-2,-10,5,-17,-6,1
2,-2,-14,-10,4,-1,-1,0,-12,-15,10,-12
-3,-20,7,1,6,-9,5,-6,-1,-2,3,4
-12,-9,-1,-17,-2,10,-1,-4,10,8,0,2
10,-15,-11,9,-15,7,10,-15,-2,-5,-9,7
-14,4,-7,9,-5,7,-12,8,2,-5,0,15
5,3,5,1,-4,-10,-8,-19,-13,-11,-4,-12
-3,0,4,-4,-15,-3,3,18,2,-4,-15,-7
-5,-14,5,1,-5,-9,4,17,-15,9,0,-10
1,13,-10,-11,7,-5,-2,-5,-6,-1,-7,-9
2,14,8,-15,-9,-2,-1,-3,8,1,-6,-3
8,-7,-7,-13,-1,-4,4,4,-1,12,-15,7
10,7,7,16,4,-3,-4,23,4,3,-7,-2
-9,-11,-10,16,-5,-12,1,-7,-8,13,0,-11
7,17,-14,-10,7,2,-7,-9,-10,-2,9,15
-1,-9,-8,8,-14,4,-8,19,-3,-2,8,13
-4,-3,2,18,1,2,-7,7,-13,4,5,11
1,0,-10,26,5,-7,0,26,-15,2,-6,2
4,1,-7,4,7,29,3,-7,-1,7,0,23
11,23,5,30,9,6,-12,15,0,4,-15,13
1,5,-9,-3,-10,1,7,27,8,17,-9,17
2,2,-2,24,10,24,-14,-4,-7,20,-5,32
11,21,-11,-3,6,20,3,4,1,4,10,6
8,23,-5,3,11,28,2,5,1,1,-4,16
11,33,10,1,-7,2,7,29,-9,22,-8,12
6,11,-11,1,11,36,-2,1,-9,17,7,6
1,-28,-10,-7,10,-12,-13,-10,-9,-17,2,-36
-1,-8,-1,-11,3,-30,-8,-2,-2,-16,-7,-6
4,1,5,0,-1,-29,-14,-4,-1,0,-13,-19
-13,-31,-10,-7,1,-33,-10,-27,4,3,2,-8
-7,-20,1,-23,7,-22,-12,-25,0,4,-8,-12
-6,-27,0,4,-4,-9,-4,3,5,-9,-5,-16
4,-6,8,-21,5,-17,4,4,-4,-12,-5,-2
-1,1,1,6,6,5,1,6,0,0,-7,3
0,-17,-13,3,0,-12,5,-19,-6,-16,2,-14
-14,-24,1,-14,2,0,-13,-16,-5,6,-7,9
-14,-26,3,-15,2,-6,0,0,-8,10,-4,5
4,7,-2,7,11,-17,12,7,2,-15,1,-11
10,12,-1,-22,-6,-17,11,-1,4,0,-4,-14
10,8,9,1,5,-7,-6,-19,-3,-16,7,-9
-14,-16,-4,-1,0,3,9,-10,1,-19,5,-2
1,-1,2,-8,10,4,11,-10,2,11,3,-21
2,-9,-8,15,-1,-20,-3,-9,1,-15,-14,-15
-1,6,7,13,8,13,-11,7,10,-6,3,-2
-12,-6,6,1,9,-3,-6,3,0,1,-5,14
-13,0,9,8,3,18,-3,1,5,-12,5,11
2,14,-6,5,12,-14,-8,-1,12,11,-5,-10
10,6,-7,11,9,16,-12,20,-5,3,-5,4
-6,-12,-2,6,0,15,3,0,0,17,-3,2
3,-4,3,6,7,-5,-6,-6,2,17,10,-10
9,-4,-8,15,5,17,-14,-5,-9,16,-1,17
10,6,-13,14,11,7,3,-10,-7,0,-2,4
-1,1,5,2,11,4,3,-8,6,-4,-6,21
-3,-6,8,14,-9,1,-11,11,-10,10,4,-7
7,-5,10,0,9,18,-11,21,5,2,-9,4
3,27,3,28,2,25,-3,23,-1,4,9,22
4,-4,6,29,12,8,4,0,10,6,-12,24
-10,-4,5,25,-4,24,11,29,4,9,-9,2
5,31,6,0,2,11,-2,4,0,2,11,29
-2,12,3,1,9,16,-7,13,9,33,-4,2
9,10,-5,32,-12,25,1,11,1,30,0,4
2,12,-11,35,1,9,-14,23,-3,-1,-3,13
10,22,-1,25,0,23,10,2,-7,2,8,29
2,-19,-1,-12,7,-7,11,-35,2,-13,2,-34
11,-29,1,-11,-1,-19,11,-32,5,-4,2,-30
3,-6,6,-34,-10,-13,4,-31,-3,-32,13,-24
-12,-15,-7,-13,-8,-4,-6,-11,-3,-11,-6,-33
-10,4,-10,-8,-9,-3,7,-19,-5,-11,-1,-24
-2,3,-6,-17,0,3,-4,1,-10,-8,-6,-24
13,-15,7,-5,8,4,1,1,1,-14,8,-7
-3,-29,9,-3,10,-18,-5,5,3,-5,8,-4
11,-2,-7,-5,4,8,0,-22,2,-28,9,-25
-9,-20,6,9,2,-11,5,4,-6,-21,-4,-5
7,5,8,5,1,2,-12,-10,3,-5,3,-8
1,-12,5,8,4,-5,8,-24,3,-16,-10,0
1,-7,-3,5,8,9,-6,10,3,-11,6,-21
-1,1,6,1,4,1,7,-19,-5,-16,-2,2
3,-8,1,-19,6,-14,-6,-12,-5,-21,6,-16
0,-1,0,2,5,9,-5,-4,-2,5,-9,-20
1,1,13,-16,-2,-17,0,-1,-6,13,7,-17
0,2,11,-15,4,11,-12,-18,3,-5,-2,2
4,-15,4,-18,13,-17,-9,-14,-8,6,2,-10
-3,4,5,10,-11,18,6,19,0,14,6,10
-1,1,2,-12,2,15,-6,10,-5,12,-5,18
4,-14,-4,4,1,-2,3,-14,10,-11,1,19
7,15,7,3,-6,2,-11,-2,2,-2,11,5
10,4,4,-6,-13,18,-4,22,4,18,4,6
2,17,-7,17,1,14,-7,2,5,10,-7,18
11,14,-13,-7,1,4,1,-8,-1,-7,5,-11
1,20,11,20,9,9,0,17,-7,0,-6,14
0,-4,6,17,-3,4,-13,19,6,0,5,8
3,26,-12,18,-5,24,-1,-8,-6,27,13,11
-5,2,2,29,3,29,-8,22,2,19,-7,4
-12,29,7,27,-7,0,2,21,-7,-4,-4,7
-11,24,-12,-3,11,28,-6,3,-11,-5,5,0
1,6,-1,1,-12,25,1,29,-8,-1,-7,0
-1,24,11,2,-13,19,4,12,-6,29,-5,-3
-13,18,9,8,3,3,-11,20,-13,3,-7,30
9,15,-12,20,-9,17,-4,28,-8,13,8,20
5,8,-1,0,-9,21,-1,18,0,22,1,11
12,-16,7,-29,13,-11,6,-31,-6,-2,11,-19
-6,-30,1,-20,-10,-2,-1,-7,-4,-35,4,-11
9,-11,14,-4,6,-1,1,-10,1,-14,-9,-4
-10,-8,-2,-17,1,-3,6,-25,4,-21,-7,-18
5,-9,-3,-24,5,-6,0,-7,-7,1,1,-31
-7,-2,2,-14,9,0,2,-26,6,-19,-7,3
-10,-10,7,-10,9,-8,-11,4,-2,2,0,-20
0,-8,12,7,0,-19,-6,-24,1,7,-6,-16
1,-12,-7,-14,8,-15,2,-6,3,-27,5,-13
6,-17,-2,-1,1,-1,-3,7,-11,-1,13,5
1,-2,4,5,9,-24,5,-26,-5,1,9,-4
0,-9,-5,-14,-8,-8,1,5,10,-12,-3,-16
9,6,-4,-22,-6,-8,-11,7,-7,-3,0,-6
-7,-5,-4,5,10,-1,6,-8,-10,13,-5,-6
2,-22,1,11,-4,-2,14,-11,-12,-5,12,-11
12,-5,3,-11,-10,5,3,-5,5,-8,9,-4
2,0,-3,-8,2,-11,6,-7,10,4,-2,1
-1,-19,8,11,9,6,8,16,1,-1,12,-18
-8,-12,0,-2,2,-16,9,5,-11,4,-8,-18
11,-7,10,14,1,19,-9,-1,2,17,5,5
1,-4,0,7,-6,12,-12,15,-6,12,-8,8
6,14,11,21,8,8,3,8,-2,6,6,5
14,11,6,12,8,-14,1,-5,-3,3,8,11
-5,9,4,1,14,6,-6,-5,-5,21,-10,-2
11,8,4,8,11,5,8,7,-11,-2,0,1
1,11,1,9,2,-6,1,-4,6,19,13,16
1,7,-7,11,7,9,6,15,-7,26,2,9
-12,-5,11,10,-8,6,5,21,13,6,5,-8
1,6,-7,19,-6,11,11,-7,7,0,13,13
-11,-2,10,14,14,14,-1,-2,-7,18,2,29
-5,10,-12,12,-1,7,-3,2,-2,-1,13,23
8,12,-8,31,-4,16,12,26,4,10,12,-5
-6,3,-3,25,-4,9,3,3,0,17,0,21
3,0,-6,13,12,10,7,0,-4,0,-1,-3
2,0,14,6,-6,31,6,9,12,6,-2,32
11,20,-1,13,4,25,-10,22,11,18,2,4
7,24,10,25,3,13,13,32,2,35,5,10
11,-21,3,-34,-9,-27,13,-2,3,-18,6,-31
-7,-32,5,-34,-6,-15,9,-14,13,-19,8,-11
5,-13,9,-13,-1,-33,-7,-33,12,0,-5,-25
1,-25,-8,-26,-7,-33,-1,-13,10,-4,13,-19
-7,4,8,-24,-8,-20,-7,-27,12,0,-1,3
-6,1,6,-30,-7,-3,-1,-26,-2,-19,-5,-29
-3,-27,1,-3,-10,-5,-4,-23,12,-7,2,5
1,1,1,-27,15,-9,0,-3,-6,-27,9,-16
11,-4,-2,-26,-4,8,13,-13,-4,3,11,-21
14,-3,1,9,0,-2,15,-22,-4,-1,4,-12
0,-15,5,-16,-5,-16,-11,-16,2,-14,6,-24
-1,1,-2,6,-10,-13,3,-8,7,-7,-6,-17
11,-13,-4,-5,-6,-15,9,-18,-2,4,-4,-21
7,-7,4,-4,-10,11,0,-21,11,6,13,8
13,-17,5,12,2,-21,-5,-11,2,-9,15,-9
13,8,1,-15,1,-18,-1,-2,13,-6,12,-11
-2,-18,1,-7,-2,-20,-7,-3,-5,-2,9,-16
13,11,13,0,15,-4,15,-13,2,-19,3,-3
-4,-14,-8,12,-6,13,-3,14,-2,9,-9,2
-2,-11,3,6,-3,-12,13,1,7,3,9,19
6,-3,13,6,12,9,-5,-3,15,-2,0,-13
4,-6,4,14,11,-12,2,2,0,5,-8,21
8,17,11,22,-8,-8,-2,-11,-8,16,0,-10
-3,10,-8,16,12,-9,6,-9,-4,-3,-4,-4
6,-12,7,4,15,1,3,7,-1,17,-1,12
11,2,3,25,0,0,-4,19,-1,14,-5,20
4,21,-7,-2,-2,-6,-9,-7,6,8,7,25
14,16,3,5,9,9,14,6,15,-4,9,8
-8,16,-11,27,13,-5,13,1,-2,-5,15,6
-8,9,-3,-3,3,10,-2,17,15,25,-7,27
14,20,-8,29,6,-6,9,12,-4,2,-7,3
6,11,2,12,14,6,-8,0,-9,11,13,31
-5,-2,2,28,1,29,-7,24,0,-2,8,26
13,24,13,31,2,6,12,16,2,0,8,16
-9,0,-7,7,12,22,4,28,-7,27,5,2
-1,4,-1,29,5,8,-3,5,-7,10,-3,18
0,1,-10,10,-11,14,-1,36,6,30,13,28
6,-31,2,-28,0,-10,-2,-25,-6,-20,0,-32
5,-31,2,-13,9,-14,16,-2,-4,-5,1,-12
15,-21,15,-33,-5,-7,-5,1,5,-20,-6,-12
10,-23,16,-22,2,-10,-4,-8,-7,-22,16,-15
-10,-23,0,-22,14,-10,-5,-6,-6,-8,3,-4
8,-5,-7,-6,-2,-23,-2,-1,7,-9,-3,-10
-10,-12,1,-14,10,5,-3,6,8,-29,1,1
12,-19,16,-12,4,-18,2,-20,4,-12,15,-10
12,7,8,-20,-2,-16,-8,5,11,-18,0,-12
9,-26,8,2,15,-6,-1,-11,-6,-9,12,-4
14,-26,12,-9,-1,10,-2,5,3,9,-7,-18
12,-7,4,9,9,-19,-8,-21,8,-25,15,-14
1,0,0,-15,6,11,-6,0,1,7,-2,-6
-6,7,-7,-9,4,-20,0,-10,13,-20,-1,-21
8,0,7,4,13,5,-4,10,4,-17,12,-12
5,-19,-7,6,0,-3,-9,-9,5,-14,0,4
7,11,-3,-17,14,16,1,-13,-3,-3,-4,15
8,1,4,3,-1,15,10,17,-4,-15,13,7
-9,1,11,-12,-4,18,0,8,12,8,-5,1
7,8,1,-10,16,1,14,6,10,-14,15,1
-7,16,-7,4,3,5,-8,-14,3,8,-9,-9
-8,-7,-3,5,-4,15,-10,-9,2,-6,14,-9
9,-12,-9,-8,6,8,14,-3,-6,-8,-8,-12
-4,-7,-4,-10,-2,12,2,-9,1,-2,-5,3
14,21,1,-6,5,-4,-6,4,4,-2,3,22
10,1,10,-1,10,13,-10,1,15,-4,5,23
5,4,-8,25,-7,10,8,23,-10,20,-2,5
3,19,-8,21,10,22,2,15,4,18,-6,7
-2,5,-7,25,9,-1,-8,18,-7,-4,6,11
-3,22,14,21,-6,-5,1,17,-7,28,3,8
-5,2,-1,1,0,29,2,29,10,13,1,11
-10,14,-4,-1,-8,17,13,0,-2,22,-7,2
14,11,0,7,-10,21,2,22,8,-2,2,-2
6,28,13,9,-10,1,-10,-1,-5,32,-4,0
7,8,-1,26,-4,21,14,2,13,12,0,20
9,17,5,20,-6,3,-9,9,14,23,1,0
11,28,1,18,0,6,15,30,-1,26,2,7
-3,-25,-2,-27,10,-31,-5,-34,-5,-15,3,-31
12,-14,6,-32,12,-31,-6,-23,3,-21,8,-4
12,-30,-4,-25,-2,-34,-8,-1,-2,-18,-3,-20
8,-5,17,-27,2,-25,-3,-27,-2,-26,8,-26
6,3,-3,-8,14,-9,7,-26,2,-15,7,-20
-3,-23,-8,-28,-7,-1,-5,-10,14,-21,-6,-22
12,-30,7,-1,0,-29,-2,-18,4,-2,0,3
-1,-29,2,4,8,-13,14,3,-7,-7,-3,-13
-1,8,-5,-21,14,8,7,-28,-3,-2,3,-24
4,-9,3,-26,3,8,6,-27,15,-6,4,-15
15,-23,15,-15,-7,-25,6,-23,-8,-20,12,-6
-5,-25,-1,10,15,7,13,8,15,-19,-4,2
4,-21,0,1,-7,-21,14,9,0,-2,11,-13
14,6,8,-14,17,-7,-4,9,0,2,15,6
8,13,2,4,-7,-17,8,-16,-2,14,8,3
10,15,7,7,17,-16,-6,-19,15,8,-2,-13
13,12,7,-13,17,-8,7,14,15,-11,8,-11
15,4,6,-5,17,-8,14,-13,14,1,7,13
12,-4,-7,8,2,4,-5,-7,1,-17,-4,5
5,-11,-5,11,-3,-17,-8,2,11,-17,-4,12
1,-2,-4,4,-6,-5,-7,3,11,14,-6,-10
-9,20,4,11,0,-10,-9,-12,4,15,-8,16
4,22,1,11,17,-8,-4,16,-4,-14,-5,19
-8,18,1,4,2,4,-7,-5,-8,3,-4,13
-4,19,-8,-8,6,-3,-5,-9,9,11,-3,-2
-2,14,-3,-10,-4,17,9,24,5,11,0,-3
2,-2,-6,-2,9,2,-4,12,-3,3,8,20
-8,27,-6,-7,16,22,10,5,-7,-4,-8,26
16,19,-7,-1,14,20,3,8,11,-1,3,1
-3,13,-3,6,5,0,3,25,5,-5,-4,15
13,11,-7,25,0,3,-9,8,-7,19,-2,14
-2,3,17,27,-2,2,2,5,1,3,11,30
1,14,-5,15,-1,23,-8,0,12,7,10,10
14,27,13,-1,-7,4,-1,0,3,24,16,5
0,34,9,34,-6,17,6,4,-2,18,5,23
10,3,1,18,-3,33,-5,34,-9,22,6,31
-3,10,15,32,-7,10,-4,15,8,27,6,4
-4,-1,0,-5,9,-34,-3,-11,7,0,-6,-5
-8,-20,16,-33,-4,-25,0,-7,-8,-6,-7,-6
-2,-13,-8,-5,11,-10,2,-24,3,0,11,-34
-3,-22,-7,-21,14,-25,-1,-16,15,2,-7,-33
-8,-4,15,1,9,-18,14,-7,-2,-10,18,-23
1,3,15,-10,-4,-17,4,-19,1,-18,-6,-4
-3,-13,17,-24,1,-11,3,5,4,-1,-6,4
5,-22,7,4,-1,-15,0,-14,-1,0,-4,-6
7,-9,7,-5,17,-16,10,-8,2,-17,15,-13
11,1,10,1,9,-10,18,-15,15,-1,9,2
17,9,9,-3,18,3,1,1,5,-11,12,-14
-5,-22,5,-18,1,1,10,-21,9,-19,1,-20
12,-20,4,5,13,3,15,-10,11,6,13,-8
4,-13,5,-19,18,-23,7,-18,3,1,-4,12
2,-13,1,-11,9,-7,-8,-18,3,8,7,6
-5,-11,13,-13,4,-14,11,10,0,10,16,11
1,12,1,-3,8,-4,-4,-20,-2,-14,2,-9
-4,-5,17,-1,-7,5,-4,4,-2,6,7,-7
-1,16,17,4,6,-6,8,-8,4,-2,-2,5
-4,9,1,6,14,8,9,12,0,17,-1,9
-2,18,-5,-15,-7,14,14,-11,-3,-5,4,-5
-2,7,13,-14,7,20,11,5,6,9,16,8
-4,-2,-1,-6,5,3,-3,22,-3,-1,-3,21
-5,-4,-5,15,8,-3,8,4,9,8,17,-12
-3,21,-7,16,-7,-8,14,14,3,-7,-4,14
-4,5,9,25,13,-8,-4,15,0,7,-3,-6
1,1,11,13,5,17,-8,1,-2,-2,-2,23
-5,16,-4,6,17,17,3,18,4,8,15,-9
1,7,0,9,5,4,-3,12,-5,-7,10,4
-5,-2,0,-7,1,3,-8,11,-4,-7,4,25
-5,21,-3,11,10,26,4,17,1,15,-1,6
-7,24,-6,5,-1,27,17,31,18,25,-2,0
2,6,-8,-2,8,13,15,30,-2,29,0,6
-6,15,-5,8,2,21,16,26,-7,6,4,27
5,6,16,16,13,33,3,1,9,27,-4,3
11,13,3,16,2,29,-1,31,1,34,1,6
-4,8,-4,14,10,6,-4,22,1,16,17,22
-7,-12,-3,-1,5,-25,4,-35,18,-2,-6,-23
-7,-21,7,-2,-7,-1,12,-31,2,-26,-6,-29
5,-2,12,-29,-7,-24,-1,-3,-2,-22,1,-14
-6,-19,-7,-7,-1,-32,6,0,9,-25,-6,-29
-2,-16,-7,-18,8,-27,12,-25,4,-26,-2,0
0,4,19,-29,16,-25,2,-24,6,-2,7,1
5,4,1,-6,8,-7,7,-15,5,2,7,-2
6,-10,17,-13,1,-29,3,-18,1,0,14,-24
12,-25,10,-18,15,-26,-7,-23,1,-26,16,-1
1,-22,0,1,5,2,-3,3,0,-23,-1,2
7,-23,13,-15,15,-26,8,-6,13,5,1,-25
-4,-19,0,-9,5,6,-4,-14,1,-16,-7,-2
-7,-19,1,-21,15,-20,1,3,-4,-5,10,8
2,-13,4,9,16,-21,10,11,1,-8,10,-5
6,13,1,12,5,-20,11,-10,0,-7,6,0
2,-9,-2,-19,-7,15,7,-21,-6,-6,18,-17
6,12,3,-12,10,11,-6,-13,9,7,4,-12
1,11,-5,-5,0,-16,-2,-1,5,-9,-5,13
-3,-13,6,-2,-2,3,-4,5,-2,11,15,0
15,-8,-1,14,-7,-14,1,16,-4,-15,2,-17
-2,-1,6,-5,2,19,6,-8,9,0,-4,10
2,8,1,3,6,14,4,18,-2,5,11,3
-5,20,9,-6,16,2,12,10,17,-10,19,6
13,10,-2,-9,-6,-12,9,16,0,-8,-4,5
7,-4,4,-4,16,2,4,-12,-3,22,-1,9
3,4,5,-4,-3,1,-3,7,2,3,12,1
6,0,9,6,13,23,16,7,-5,11,-7,25
-6,1,-1,23,-7,12,9,22,2,-1,10,-1
-3,23,-1,18,7,28,4,26,-1,6,13,-6
-5,29,-5,11,-4,3,17,12,4,11,6,14
0,8,2,4,-3,20,6,6,6,17,-6,-5
8,23,-1,10,5,17,6,13,-4,3,-2,-1
13,10,5,22,13,-1,6,25,4,15,6,28
11,11,12,7,2,29,1,-2,4,6,5,11
-1,12,19,7,-2,16,-5,8,5,33,-1,13
-7,15,-2,34,7,34,0,12,-1,8,14,34
-1,13,16,5,-3,33,-7,23,2,30,9,28
-1,-14,-1,-25,13,-3,4,-18,-2,-26,-2,-18
3,-19,-6,1,1,-15,-6,-9,-5,-35,0,-35
15,-1,4,-27,1,-8,7,-8,9,-17,8,-19
-2,-8,-5,-28,14,-21,7,1,-5,-4,2,-12
-1,-9,2,-12,5,-30,0,4,-4,-21,0,-7
-1,-7,-6,-4,14,-17,6,3,3,1,-3,-30
13,-18,14,1,-3,-25,3,-28,-1,-12,15,3
20,-3,6,-14,-3,0,20,-3,3,-28,16,-13
1,8,10,-1,8,-6,12,-27,-2,-2,8,-5
1,-18,12,-3,12,4,-6,-14,9,0,14,-18
3,1,5,3,10,-13,8,6,9,4,3,-1
0,11,-2,6,16,-15,4,-17,-2,10,-1,-24
-1,-10,18,-17,2,9,13,-24,-1,2,3,-10
12,-6,20,10,15,-14,-2,-15,19,-12,19,-21
-1,13,9,-16,3,-1,6,-1,1,-1,2,4
-5,6,8,11,6,-1,4,-15,20,-15,15,-6
9,14,16,7,20,5,7,-20,11,-10,17,11
14,-4,13,-2,4,-8,3,9,6,-16,4,11
8,13,-5,5,-1,-2,4,-9,18,2,7,13
-6,-4,8,9,1,-9,4,-5,18,-14,2,-11
-5,-3,-1,6,8,18,-4,-7,5,-13,19,10
2,19,7,6,-6,-13,-4,21,0,14,0,19
-6,16,20,4,3,4,-4,-8,0,-7,4,-12
-4,19,0,-1,14,-6,4,19,18,-12,6,9
7,21,-4,-8,18,-10,20,19,-4,2,16,-7
13,10,-3,15,13,3,18,-4,-2,-4,11,9
-3,23,5,-1,3,-8,4,5,2,-2,-4,-1
-3,25,2,4,-3,14,-1,14,7,18,-3,24
2,-1,20,-5,11,-4,16,-4,6,20,-6,2
-2,25,4,25,5,11,-4,23,0,9,15,22
-6,1,0,3,20,18,3,9,-5,29,14,13
3,21,8,6,4,20,-6,14,-2,12,-3,0
-5,0,-5,20,-5,2,8,30,2,9,5,9
3,4,19,10,0,24,4,-2,5,18,20,9
3,27,2,31,19,21,1,9,-5,-1,9,34
1,10,-4,5,9,3,6,6,8,24,14,0
-2,4,3,24,18,14,10,7,12,34,1,34
12,-3,-1,-2,5,-3,1,-19,9,-8,-2,-21
4,-17,9,-23,0,-31,10,-34,-1,-23,2,-29
3,-3,-1,-24,11,0,13,-24,4,-27,-5,-3
0,-8,7,-5,18,-1,17,3,10,2,2,-10
0,-19,0,-9,15,-10,-1,-12,0,-10,-1,4
20,5,0,-15,18,-31,4,-18,-5,3,-2,3
-1,-2,-1,-3,5,-2,2,-21,6,5,2,-19
14,-2,15,-16,-1,-13,10,-3,13,-20,5,-22
13,-23,15,-12,2,-7,-5,7,20,-10,-5,-11
20,-18,1,1,20,3,2,1,9,-24,14,-14
5,5,4,-23,7,-1,19,10,-5,-22,13,-10
7,-11,4,-10,2,-24,3,-11,12,-14,-4,-22
4,6,2,8,7,-20,-2,-14,0,10,3,8
-4,-1,-2,9,-2,-9,1,-7,-3,-11,6,13
-1,2,17,12,13,-12,1,-12,5,-3,5,-14
17,12,19,6,-4,-1,17,10,9,-14,-1,0
5,-3,13,-2,-2,-20,11,12,19,2,14,-11
14,-4,11,-15,11,14,1,4,2,9,11,-8
9,-6,5,-17,11,-12,-2,-18,12,-2,3,9
3,5,0,7,-2,-8,19,-4,15,11,13,-10
1,16,8,-10,1,15,-4,-13,5,19,21,17
-4,8,-2,-11,3,21,17,-14,0,12,21,8
4,0,-2,9,6,10,14,-12,-3,-5,2,2
2,8,20,2,-1,6,11,-10,-4,-6,-5,-4
15,-3,0,-12,12,13,-1,0,-4,11,1,-4
16,-2,2,-4,-5,7,0,22,8,10,3,2
-4,15,4,23,20,23,18,19,-2,24,-2,2
-3,26,-3,25,-3,-7,-2,27,1,26,-3,26
1,7,20,24,-3,13,10,-6,-4,26,-5,-1
20,23,-2,2,15,14,0,20,4,16,0,13
12,11,2,27,7,7,1,6,10,22,4,21
-2,7,8,25,-2,3,-3,12,7,7,8,28
-2,22,12,25,-2,0,14,28,13,29,-4,30
-4,6,3,23,21,14,-1,10,5,9,13,31
7,4,-1,15,2,0,2,16,2,17,4,2
4,7,16,22,20,31,3,19,-3,26,2,4
-2,19,13,23,-3,11,7,5,-2,32,9,33
8,-29,2,-11,0,-5,13,-23,12,-32,-2,-12
21,-31,-3,-6,14,-15,-4,-35,4,-29,2,-9
-1,-23,22,-33,6,2,-1,-25,9,-1,13,-28
2,-10,2,-26,9,-8,4,-9,-2,-30,15,-18
5,-12,12,-32,6,-23,1,2,2,-20,1,-29
-4,-2,7,3,8,-25,15,-25,-1,-2,21,-18
-2,-7,-2,-27,10,-26,13,-22,2,2,5,-6
16,-11,15,-16,6,5,-1,-16,-3,-21,2,-17
-2,5,16,-16,3,-15,16,-27,17,-15,-2,-5
5,-6,7,-22,8,-10,3,8,9,-10,12,-20
1,1,12,10,-4,-13,6,1,1,-19,8,-9
3,7,-3,-17,1,-23,2,-22,9,-6,21,-11
21,-19,4,-2,2,-16,1,7,1,7,-1,-13
15,-14,3,12,11,9,22,-9,4,-19,7,-13
2,9,8,12,15,-22,2,-20,0,-19,4,-18
-3,-6,4,-14,16,-5,20,-5,21,12,1,12
10,12,2,-2,14,1,-3,-3,3,-19,5,1
15,-3,4,11,-3,14,2,-12,3,-1,14,12
-2,-3,16,8,5,7,9,3,15,13,4,11
8,11,6,-13,20,-12,-4,-16,14,-7,16,-3
-4,9,11,-11,0,-5,22,-9,8,2,-2,-12
9,19,15,6,18,11,4,11,12,-10,2,-14
4,3,-1,-9,9,10,-1,-7,20,11,1,-3
-4,14,0,-1,15,21,0,-3,10,-1,11,6
1,24,-2,11,-1,21,6,18,7,4,1,9
1,1,14,10,18,23,16,9,15,-11,20,24
1,10,-4,1,11,20,8,23,1,-4,1,-4
5,24,2,27,8,23,6,-7,-4,24,1,1
4,18,5,-8,-3,1,22,22,0,22,1,1
13,-2,17,-4,17,8,16,24,6,-4,3,18
-4,2,-2,6,1,6,9,10,0,30,-4,26
21,26,10,-1,6,9,6,28,8,29,0,22
10,3,4,11,-2,27,8,10,-2,24,-2,11
21,16,0,0,11,15,5,19,4,7,-2,2
4,16,3,13,16,0,5,34,0,30,-2,1
2,11,1,35,16,16,20,27,7,0,9,18
6,19,8,21,2,22,17,25,-1,0,13,36
3,-10,-2,-9,12,-10,22,-26,-3,-23,20,-14
-3,-9,13,-18,8,-31,21,-8,2,-25,6,-6
23,-29,20,-26,10,-26,8,-18,-2,-22,-2,-7
-3,-12,3,-14,9,-24,14,-7,7,-3,2,-33
2,-23,1,-21,1,-23,0,-5,2,0,1,-26
7,-18,21,-28,6,-18,22,-26,-1,-8,2,-29
16,-7,3,-22,15,-29,-1,-16,7,-6,10,-27
18,-4,6,7,5,6,20,-2,-2,-8,9,-28
1,-6,18,-14,16,-24,0,-4,0,8,11,-25
1,2,5,-18,3,-1,20,-2,16,-21,-3,6
1,8,14,-20,11,7,0,6,9,-21,13,-6
9,8,0,-9,1,2,9,6,10,-21,0,-1
3,9,23,-1,12,-18,22,-16,-1,0,0,4
9,12,-3,-18,11,-22,1,9,-3,12,1,-9
1,-1,2,11,0,5,7,-5,11,1,4,13
8,-12,7,-15,8,-14,22,8,14,-12,3,-14
8,-5,11,-11,2,3,-1,1,5,5,-2,-2
6,6,6,-15,-1,-3,14,14,13,14,18,-15
13,5,7,13,7,1,3,17,1,7,13,-13
3,-1,16,15,7,-13,0,5,5,2,1,2
-2,-4,19,-4,21,-12,9,20,13,7,1,-8
4,8,15,-12,18,13,2,-3,8,7,0,4
-2,7,17,9,4,17,20,-14,6,-4,21,19
-2,21,-3,-3,12,-2,21,11,13,-12,12,7
-2,21,6,4,16,10,2,-9,21,5,1,-8
-3,1,-2,11,20,-10,8,20,-1,24,2,20
-3,23,12,15,-1,19,6,-9,-1,-6,19,5
8,1,2,-3,3,8,8,3,16,-5,13,6
4,5,8,16,18,5,2,2,0,-3,18,-7
5,5,21,14,5,19,8,14,7,21,-1,29
6,-1,-1,23,14,5,22,14,8,4,20,0
20,27,7,18,23,-2,2,8,19,23,-3,29
8,3,1,19,10,6,14,12,11,28,6,13
2,3,1,22,16,8,22,14,22,21,19,22
11,34,21,24,5,2,2,5,-1,18,10,9
-1,15,1,1,6,10,22,8,2,0,0,1
0,35,-1,33,3,20,8,20,7,6,12,17
0,-8,-1,-2,24,-10,24,-21,14,-8,-1,-13
12,-2,4,-2,24,0,24,-12,2,-8,15,-14
23,-11,16,-34,6,-23,24,-16,11,-26,0,-8
23,-15,7,-11,3,-18,-2,-16,18,-23,1,-29
0,-6,0,-23,3,-18,22,-12,0,-22,23,-26
13,1,11,5,2,5,4,3,-1,-12,2,-21
16,-29,8,-30,-2,-11,6,-25,19,2,15,-18
9,-8,10,-15,12,-21,0,-11,4,-8,-2,-11
5,-18,10,-24,13,-6,12,-26,12,-28,2,-3
18,-22,13,-10,3,-2,2,6,19,-21,2,-16
11,-17,16,-21,8,-3,15,-1,4,-15,3,-9
15,1,2,-1,22,3,23,6,14,-14,-1,-14
17,-19,3,-12,9,-10,23,9,1,0,1,11
16,-19,0,-23,24,4,21,3,24,-2,17,-22
8,-15,9,1,5,-3,4,5,4,-17,14,14
21,-12,21,-19,13,-19,13,0,2,-13,11,-11
9,-1,22,9,7,-8,13,-8,6,6,22,2
7,3,15,-2,5,10,20,-12,18,2,-1,2
6,14,4,16,15,9,3,-4,10,-16,12,-4
7,-14,12,-2,13,3,18,5,1,9,10,-17
23,-8,15,17,22,13,1,3,8,-16,2,-13
23,14,1,-9,6,-14,2,19,10,-14,2,-2
1,15,-1,16,24,20,7,7,-2,0,-1,-2
17,21,12,-12,24,15,5,10,0,-7,9,11
13,9,14,-6,3,12,0,16,7,22,19,-6
20,12,-2,14,22,15,23,10,0,20,3,25
0,14,13,16,24,21,8,18,24,24,22,-3
12,26,-2,-9,13,12,19,17,3,21,6,13
3,-6,4,14,5,22,5,12,19,6,17,-6
16,14,14,-5,22,23,1,11,0,10,0,14
21,27,23,-2,9,22,2,8,3,2,6,17
9,30,-2,7,20,25,1,12,12,6,0,24
6,11,18,4,6,14,1,-3,6,10,8,2
2,6,7,2,23,2,4,1,-1,30,0,16
12,21,-1,9,23,-2,24,11,23,7,13,8
3,2,9,9,24,32,22,20,24,23,2,6
17,19,21,29,23,17,24,21,24,31,22,5
3,-16,2,-26,6,-21,0,0,23,-31,1,-8
13,-26,4,-10,-1,-9,20,-6,2,-32,2,-21
4,-6,5,-34,16,-16,0,-7,0,-30,1,-9
1,-2,25,-2,17,2,0,-25,0,-1,1,-20
7,-8,-1,1,10,-27,6,-8,23,2,0,1
1,-1,-1,-1,16,2,11,-16,0,-1,24,4
5,-6,4,-23,9,-23,7,-17,3,3,1,-8
2,-14,7,-15,20,-13,0,-20,12,3,13,-3
18,-11,-1,6,20,-8,22,-17,3,-19,0,8
3,-12,-1,-5,10,-26,12,4,-1,4,0,3
7,9,7,-20,3,-25,18,3,10,-18,7,-10
2,-7,0,10,22,-18,20,-22,18,-5,1,-15
6,2,7,-1,8,0,19,5,0,-22,25,3
6,-3,4,-13,15,-15,6,-22,5,-3,1,-17
8,-9,1,14,0,-19,0,0,2,-12,-1,0
13,7,12,-8,16,13,4,7,24,-7,17,3
25,15,4,-12,11,6,22,-18,23,6,11,11
8,-19,16,15,4,11,12,-6,14,3,17,-18
2,-4,20,-11,2,4,15,3,15,-18,11,-12
6,-16,13,3,9,15,3,12,0,11,21,15
20,1,9,11,17,-5,0,-1,7,19,23,11
8,4,8,-1,6,10,20,19,24,6,0,17
6,19,2,-2,24,13,7,22,0,-1,21,22
7,8,23,-12,10,23,14,2,0,23,0,15
4,9,15,-3,-1,17,13,-6,1,22,25,-10
2,12,25,10,-1,22,0,21,6,-11,14,10
2,11,-1,9,18,16,1,1,3,-5,0,16
9,2,7,3,0,12,17,5,24,-4,3,19
9,0,0,5,-1,12,1,26,9,7,-1,20
17,5,0,26,9,9,25,-5,17,4,25,-6
9,6,-1,26,1,28,8,3,-1,14,21,28
2,2,2,29,8,15,3,26,2,23,11,30
3,6,15,8,6,1,21,15,9,6,25,26
9,13,8,10,18,15,13,7,1,29,21,9
4,-1,-1,19,0,3,2,12,0,12,0,22
24,14,18,0,18,14,-1,33,0,24,-1,14
1,14,10,30,19,25,8,6,-1,12,22,33
21,-24,4,-14,10,-34,0,0,0,-14,0,-9
4,-18,7,-1,16,-23,1,-5,26,-32,1,-27
2,-7,2,-10,8,-32,23,-21,26,-25,0,2
1,-25,24,-21,17,-32,11,-24,1,-2,0,-30
7,-17,1,-17,7,-10,12,-5,0,0,25,-7
8,-15,24,-8,21,-2,0,2,23,2,23,3
1,0,0,-17,15,-3,23,-12,4,-26,26,-6
7,-5,0,-21,2,3,15,3,14,-20,24,1
0,3,5,-15,19,-11,16,7,0,-1,1,-6
4,-14,0,-4,0,-27,13,9,16,-21,15,6
3,-4,16,-21,1,-26,14,-17,0,-10,26,-19
5,-15,4,8,1,10,8,-25,4,-23,0,-23
2,-3,26,-12,4,0,17,-5,22,-15,22,6
9,-14,3,-1,1,13,0,4,0,2,9,-12
6,3,2,-17,19,14,10,-6,26,6,0,-14
4,12,11,-1,13,-3,11,11,23,-21,20,8
22,1,10,15,26,-10,24,-20,15,-14,4,12
5,0,20,-5,3,17,16,1,20,10,5,-1
18,-15,17,-13,26,-14,4,1,24,1,0,-18
21,19,22,-9,0,-12,2,-2,23,-5,15,14
0,-5,7,-14,2,1,1,-14,16,18,5,14
9,2,0,-8,3,0,2,17,15,-13,0,15
6,21,25,-2,15,3,11,0,0,-13,26,-14
9,22,5,-10,24,8,14,12,19,6,1,-8
1,14,25,13,3,19,14,23,0,9,10,16
3,-7,3,-11,16,19,14,-3,21,25,13,-11
0,22,2,5,19,15,16,6,0,-1,2,23
0,27,6,-4,19,-8,6,11,1,-6,21,1
17,6,3,5,16,-4,20,7,0,3,15,8
8,7,2,25,5,-7,15,24,21,11,23,28
8,13,9,3,7,-2,8,6,0,18,3,17
3,23,2,3,12,9,0,16,0,10,1,15
3,13,11,11,5,30,17,8,15,16,0,25
1,4,0,6,9,12,8,20,0,3,1,11
21,3,0,1,3,30,12,17,0,5,0,-1
22,13,2,0,8,9,4,26,4,22,0,11
19,32,0,1,5,7,0,25,0,0,0,14
