-8,-29,-21,-27,-15,-20,-19,-7,0,-6,-19,-35
-25,-2,-13,-9,-16,-11,-24,-15,-18,-6,-23,-27
-26,-22,-16,-16,-12,-30,-19,-26,-11,-26,-26,-20
-3,0,-21,-9,-5,-7,-26,-29,0,-18,-10,-27
-19,1,-6,3,-4,-28,-11,-13,0,-6,-17,-28
-6,-22,-15,-25,-25,-16,-2,-1,0,-17,-24,-12
-23,-16,-11,-3,-23,-14,0,-12,0,5,-23,-6
-9,-23,-11,-22,-4,-4,-8,-1,-7,-28,-11,-1
-24,-11,-16,0,-7,-20,-19,-23,-14,-16,-16,-1
-25,-17,-10,-5,-15,-20,-10,-17,-6,-26,-5,-15
-12,7,-5,3,-24,-7,-6,-9,-19,-22,-6,-15
-17,-19,-22,-12,-25,-6,-11,-14,-5,10,-3,-15
-25,-19,-3,-3,-16,1,-9,3,-8,-5,-8,12
-5,-14,0,-8,-25,-21,-8,-16,-3,12,-22,10
-24,9,-6,-21,-7,8,-8,4,-22,-8,-8,-13
-23,-10,-3,4,-12,14,-15,15,-15,-19,-14,-5
-22,-7,-1,-9,-20,-1,-7,12,-11,0,-9,-17
-6,-19,-16,-7,-22,-6,-9,14,-2,8,-9,-1
-20,0,-5,-3,-21,-16,-9,-5,-15,13,-2,7
-20,-13,-13,-6,-13,-9,0,-14,-1,-8,-6,9
0,3,-7,-5,-8,-15,-11,6,0,11,-20,-8
-6,7,-24,-13,-13,2,-23,7,-25,-3,-5,7
-26,10,-6,-12,-14,-1,-20,10,-18,-3,-16,8
-8,10,-9,15,-13,23,-9,11,-3,2,-10,17
-9,11,-18,23,-25,1,-26,-4,-4,-11,-4,15
-18,8,-20,4,-25,24,-26,20,-1,24,-10,13
-12,14,-12,12,-22,20,-11,-10,-5,24,-10,12
-24,21,-21,27,-3,15,-25,24,-2,25,-4,5
-17,17,-24,24,-10,7,-1,-7,-5,6,-12,21
-4,17,-11,11,-11,28,-2,27,-2,8,-15,0
-3,26,-4,2,-11,-3,-2,29,-6,30,-6,23
-18,1,-17,7,-4,22,-19,31,-2,-2,-4,12
-1,18,-25,24,-5,6,-2,-4,-16,17,-8,14
-22,21,-19,30,-7,32,-24,13,-5,23,-13,0
-24,23,-10,17,-8,33,-3,0,-3,28,-8,31
-19,18,-7,34,-23,29,-9,30,-10,13,-5,1
-17,11,-8,23,-4,30,0,27,-11,14,-1,21
-11,0,-22,-15,-21,-24,-24,-8,-17,-28,-17,0
-15,1,1,-10,-22,-16,-8,-32,-2,1,-22,-7
-17,1,-8,-1,-17,-27,1,-6,-7,-21,1,-16
-12,1,-19,-17,-2,-22,-14,-24,-16,-4,-22,-10
-22,-22,-25,-6,1,-11,-9,-32,-19,-10,-5,-5
-11,-17,-10,-25,-25,-15,-4,-25,-9,-14,-5,-10
-9,-16,-24,-12,-6,-12,-5,0,-15,-14,-7,-22
-9,-22,-22,-10,-22,-21,-8,-6,-8,-11,-14,-29
-24,-16,-2,-4,-1,-21,-22,-11,-18,-10,-6,-14
-25,5,-5,-16,-15,-24,-6,-16,-11,-23,-4,-26
-14,-21,-13,9,-3,-23,-8,-7,-10,-4,-4,-15
-4,-17,-5,0,-6,-23,-10,-2,-9,3,-19,-24
-25,-9,0,-14,-5,-4,-9,3,1,-18,-15,1
-23,-12,-24,3,-24,3,-1,-1,-3,-3,-14,-17
-6,-15,-15,7,-15,-15,-12,-12,-16,-19,-6,-4
-15,-12,-8,4,1,1,-14,10,-12,-9,-2,-15
-4,-9,-16,-18,1,16,-22,-14,-20,-13,-6,3
-16,-15,-2,13,-11,11,-8,15,-5,-4,-4,2
1,-7,-22,-5,-22,4,-14,-16,-2,-2,-19,-1
-6,3,-5,12,-22,17,-16,-7,-1,-4,-14,-16
-1,1,-23,-4,0,0,-8,2,-20,-12,-15,-11
-16,5,-7,16,-2,-15,-23,-1,-11,9,-14,-6
-17,-11,0,-9,0,-14,-15,14,-23,-2,-1,8
-14,11,-1,-12,-19,13,-22,-11,0,-7,-7,13
-15,19,-11,16,1,17,-1,2,-5,2,-4,12
-10,14,-23,17,-4,-9,-21,18,-3,10,-4,9
-12,14,-1,7,0,11,-11,25,-10,20,-8,11
-8,23,-15,-9,-17,26,-11,24,-3,-5,-9,20
-1,24,-9,-1,-25,20,-23,-5,-16,-7,-11,25
-6,18,-20,11,-4,-7,-23,26,1,24,-17,23
0,17,-5,6,0,-5,-22,-3,-5,1,-25,21
-19,18,-8,19,0,23,-1,2,-7,10,-16,21
-24,20,-12,21,1,12,-11,26,1,32,-16,-3
-19,4,-14,9,-3,12,-1,-1,-10,1,-3,31
-20,11,-7,-1,-1,6,-2,34,-4,20,-4,4
-19,20,-11,19,-2,13,-23,5,-13,34,-10,0
-9,22,-10,13,-1,19,-21,15,1,3,-11,25
-21,0,-4,-16,-17,-9,-21,-20,-12,-31,-17,-13
-3,1,-6,-19,-22,-30,-14,-6,-6,-7,-17,1
-18,2,-3,2,0,-29,-9,0,-19,-3,-17,-26
-12,2,1,-32,1,-31,-9,3,0,-12,-10,-18
-12,-23,-2,-23,-2,-6,-6,-19,-18,2,-5,3
-19,-27,-24,-15,-17,-5,-10,-16,0,-23,-7,1
-20,-25,0,-4,-4,-8,-4,4,-19,-2,-3,-27
-13,-19,0,-2,2,-28,-23,-16,-15,7,-10,-24
-5,-22,-5,2,-19,6,-10,6,-17,-7,-11,-4
2,-15,-14,-22,-9,-23,-13,-26,-19,-8,-16,-5
-19,-12,-15,-20,-8,5,-23,-4,-23,1,1,4
-22,-18,-22,1,2,9,-4,-3,-9,-18,0,-17
-2,-16,-15,5,-15,2,-21,3,-6,-24,-12,-12
-11,-14,-8,13,-22,-17,-12,5,-10,-1,-21,-8
-22,-14,-12,-2,-14,-22,0,-7,-17,5,-7,13
1,-9,-10,8,2,4,-8,0,1,7,-13,-4
-9,-13,-10,15,-9,-13,-20,-16,-4,-11,-19,5
-23,-16,-14,-16,-4,7,-16,12,-14,1,1,-18
-20,-16,-23,12,-22,-15,-15,5,-15,-18,-16,-5
-1,1,-1,-9,-23,-11,-23,-15,-15,-10,-3,-9
-24,-16,1,13,-3,14,-21,-5,-12,7,-14,-15
-2,5,-24,-15,1,-3,-5,-14,-6,-9,-16,8
-5,8,-7,1,-11,7,-10,-4,-4,13,-15,7
-14,11,-18,0,-22,-12,-6,3,-23,15,-5,17
-17,5,-13,-7,-13,-8,-10,-11,-4,-12,-6,17
-8,12,-20,11,-8,23,-1,19,-5,15,2,15
-3,22,1,18,0,2,-2,25,0,21,-13,21
-16,8,-2,19,-11,5,0,-4,-5,-9,-6,-3
-24,17,-22,9,-6,-5,-2,23,-2,-5,1,-4
-18,17,-7,-6,0,-7,-1,22,-19,-2,-17,23
-23,19,-21,26,1,16,-21,23,-6,30,-13,16
-16,19,2,5,-21,21,-21,25,-7,25,-18,13
-17,20,-3,7,-1,24,-4,4,-9,8,-4,18
0,18,-23,5,-14,26,-22,9,-6,27,-9,0
1,17,-23,2,-1,19,-5,33,-23,3,-1,26
-18,16,-5,15,-10,12,-14,1,-1,0,-12,28
-2,21,-2,25,-10,33,-13,22,-18,2,-19,6
-9,-2,2,-33,-18,-4,-20,-29,-6,-3,-1,-35
-5,1,-13,-10,-6,-20,-13,-35,-7,-35,2,-29
-8,2,-11,-1,-5,-4,-14,-22,-13,-21,-18,1
-6,2,3,-31,-9,-13,-9,-14,-22,-18,-4,-4
-9,-17,-1,-18,-19,-27,3,-19,2,1,-13,-19
0,-21,2,-13,1,-29,-20,-17,-19,4,-2,-26
2,-20,-10,1,-7,-29,-21,-12,-15,-8,-23,-4
-10,-10,-17,0,-19,-20,-23,-6,-15,-27,-18,-14
-21,-24,-21,-3,-17,6,-1,0,-3,7,-16,-9
-6,-20,-5,-13,-14,-21,-21,1,-4,-10,-23,2
-18,-21,-2,4,-7,-3,-16,8,-18,-17,0,-23
-13,-21,-11,-25,-13,-4,-16,8,-7,0,-11,-19
-5,-18,-10,3,-12,-18,2,-17,-16,-15,-8,-1
-10,-11,-10,5,-6,11,0,3,1,-18,-13,13
-12,-10,-22,-3,-10,12,-22,-10,-12,8,-15,10
0,-10,-14,7,-23,13,-20,11,-5,-7,-20,-18
-20,-1,-19,1,-2,-8,-20,13,-1,-3,-5,-5
-10,-19,-21,12,-6,6,-17,-17,-10,16,-15,-7
-22,-17,-15,-7,-10,-12,-8,11,-17,-17,-11,-15
-8,15,-13,-1,-23,13,2,-5,-18,18,-12,-6
-16,-16,-21,-16,3,-14,0,12,2,-11,-10,11
-14,2,-3,-15,-15,11,-11,-3,-11,18,-1,16
-19,9,-3,-9,3,13,3,7,-18,-2,-21,-11
-1,9,-18,21,-22,4,-13,-5,-21,12,1,16
-16,-8,-4,17,0,18,-9,-8,-1,-7,-9,5
-3,12,-19,-8,-21,-3,-22,-2,-9,9,3,18
-11,13,-1,-4,-19,23,-19,0,-6,24,-7,-9
-15,0,-3,22,-22,-6,0,8,0,19,-10,-3
-11,16,-10,16,-6,15,-18,1,-3,25,-2,6
-4,16,-10,15,-16,23,-1,22,1,28,3,2
1,18,-13,4,-7,19,-18,24,0,14,-12,23
0,17,-3,17,-10,-3,-5,26,1,4,-18,11
-20,20,-16,15,3,26,-19,-3,-17,-4,-16,3
-3,21,-20,11,1,0,-10,30,-6,0,-16,29
2,-2,-10,17,-18,20,-1,5,-7,33,-18,27
-8,20,2,31,-17,30,0,4,-2,3,3,21
-14,16,-10,20,-8,5,-20,35,-21,36,-13,32
-22,-29,-16,-24,-4,-7,3,-16,-3,-21,2,-15
-22,-27,-17,-23,-6,-28,-7,-11,3,-18,3,-20
-18,-2,-3,-12,-8,-23,-7,-6,-18,-9,4,-11
-16,1,-5,-15,-18,-30,-20,-8,-18,-13,-11,-10
-5,1,-3,-1,-4,4,-12,-23,4,-12,-5,1
-21,-16,-16,-24,-20,-9,-18,5,-7,-14,-1,-5
-7,-15,2,-12,-8,-15,-9,-25,4,-20,-10,4
-20,-26,-6,-13,-15,-28,1,-25,-17,-14,-13,-7
2,-22,-7,-6,-21,-16,-13,6,1,6,-16,-15
-20,-6,-5,4,-21,-2,-16,-27,-7,-24,-20,-10
-21,-20,1,-16,-2,9,-22,9,-18,7,-9,-26
-8,-14,-13,-21,-13,-11,2,1,-10,2,-19,9
-18,-8,-19,10,-9,-19,-4,3,-22,-5,-10,12
-11,-9,-4,2,-7,-13,-9,-17,0,-9,-7,-10
-19,-6,4,-15,-11,10,1,-10,-9,0,-19,5
-9,-17,-11,-5,-11,4,-18,-15,-3,1,-21,-9
3,-18,-8,3,-19,-18,-18,-3,-14,-1,-1,-5
-2,-17,-12,16,-19,-19,-3,-14,-12,16,-2,-7
-1,-17,-2,-2,3,15,-4,5,1,-8,1,13
-1,0,4,5,1,9,-8,-1,2,3,-5,-1
-5,2,1,-3,-18,7,-21,8,-4,7,-13,-11
-4,4,4,2,-2,-3,-20,20,-12,18,-3,-9
-20,-14,-11,17,-14,16,-17,-13,0,-1,-19,7
-5,9,-7,-12,1,10,-16,20,-4,-8,-7,-9
-14,6,-12,20,2,-8,-3,21,4,-12,-21,-4
-16,-8,0,8,-16,14,-3,25,3,-10,-20,11
-2,22,1,26,-5,22,-1,-5,-3,24,-9,12
2,13,-16,21,-2,-9,-12,8,-15,24,-8,-9
-15,-1,4,26,-20,21,-8,0,-4,17,2,18
-16,7,-5,20,1,-4,-11,16,-6,9,-21,20
-4,18,-5,16,-22,9,-20,16,0,6,-10,-6
-14,26,-18,14,-2,-1,-15,11,0,30,4,27
-22,26,-15,0,-9,-3,0,-3,0,3,-4,26
-12,9,-7,33,-13,30,0,3,0,23,-8,20
4,19,-8,29,0,5,-22,17,1,16,-17,7
-7,21,1,14,-8,16,4,0,-13,23,4,16
1,21,-17,11,-4,7,-10,8,-4,29,-12,7
-20,-18,-9,-31,-15,-22,4,-32,1,-4,-21,-12
-9,-31,-12,-5,2,-25,-3,-11,-21,-19,-9,-8
-3,-23,-11,0,-5,-31,-15,-28,-11,-28,2,-16
2,-26,2,-19,1,-32,2,-10,-11,-14,-8,-16
-9,-27,-15,-13,-5,-28,-17,-32,-4,-20,-15,-4
5,-21,4,3,-5,-25,1,-28,-15,-18,-10,-5
-1,-19,-18,-30,-11,-8,-9,5,-14,-23,5,-29
-21,-16,-4,-13,-16,-3,-21,-23,4,-15,-17,-16
-21,-25,5,-8,1,-23,1,-9,-7,5,-9,-8
4,-20,-19,-12,-5,-5,-15,5,1,-21,-14,-14
-9,-26,2,1,-4,-18,3,2,-19,4,-19,-13
-2,-20,-9,-3,-7,-17,-16,-4,-10,-13,-15,5
-16,-16,-21,1,4,-4,-12,-2,4,-24,-19,-8
-2,-9,-10,11,5,-19,-14,4,5,1,-18,-3
-4,-17,-9,12,-1,-7,-3,-12,0,6,-6,-15
5,-15,-19,-2,-8,-11,5,-11,0,-9,3,-19
-9,-10,1,11,5,-15,-11,-9,-12,-2,-11,-2
3,-17,5,-13,-19,4,-9,-13,2,0,-16,2
-10,4,2,-14,-4,9,-21,14,-1,13,-17,-10
5,-14,-17,-1,-5,19,-10,13,-7,-15,-10,-4
-16,-14,-10,16,-14,12,-20,14,0,17,5,-9
-12,-12,-19,-9,5,20,1,19,-17,-14,-12,4
-15,-13,-8,-11,-2,18,-20,22,-8,14,-3,-9
-16,10,-1,10,-21,13,3,14,1,9,-4,-12
-3,10,0,15,5,-12,-1,4,3,-6,-2,16
5,-11,-1,-2,0,10,-1,25,4,23,-10,5
-18,13,0,-6,-17,19,-10,18,-16,17,-8,3
1,-9,0,12,-18,-2,-20,5,-5,-5,-4,-3
-11,7,4,-6,-14,15,0,-7,-10,20,-5,-4
-19,17,-19,6,-9,21,-8,13,-8,0,-20,27
5,16,3,13,-1,-4,-1,8,-14,-5,5,8
-15,0,-3,24,-6,31,0,23,3,-5,-10,28
-2,28,-6,10,-1,15,-9,29,-2,5,4,-2
-14,15,-16,24,-3,24,-18,5,-10,11,-16,27
-12,20,-16,30,-11,7,3,9,-5,10,-17,18
-15,5,2,-1,-6,25,-14,27,-10,9,-6,28
-12,21,-19,4,-9,35,-15,34,-17,11,-5,5
-19,-1,4,-34,-1,-12,6,-24,2,-26,3,-3
-17,-1,-9,-27,-14,-15,-20,-7,6,-28,-17,-22
2,-28,1,-29,-3,-10,2,-14,-10,-16,-8,-1
1,-26,1,-15,3,-27,3,-9,-8,-9,-4,0
6,-25,-19,-27,-10,-5,2,-28,0,-27,-6,-19
-8,-23,-20,1,-4,-17,-9,-10,-7,-17,-10,-19
-8,-18,4,-23,-1,-30,-1,-3,-7,2,-14,-11
4,-14,-19,3,2,2,-1,-7,-2,-21,-19,-3
-18,-6,-11,5,-18,7,-18,-5,2,1,-5,-12
2,-15,-5,-15,6,-18,-13,-26,-2,-5,-19,-9
-5,-13,-20,-16,6,-19,1,5,-17,-12,-7,-8
-4,-12,4,-17,2,10,-15,8,-8,-19,0,-25
-11,-24,-5,7,-5,-23,-4,-1,-6,7,-10,-20
-2,-23,2,-1,-14,10,-10,-5,-18,-5,3,-4
2,-12,-1,5,3,12,-2,-20,-15,8,-18,-11
-9,-2,5,-7,-1,12,-9,14,-7,5,-13,12
-10,-17,-19,-4,0,11,1,-10,-8,-12,-13,-9
-8,-3,-5,-3,1,15,-14,10,-4,-17,-16,13
-1,-18,2,15,-5,-16,4,-12,-8,-11,-8,12
-9,4,-3,-9,-17,11,-15,14,0,-1,-2,11
1,4,-1,2,-16,-6,5,-8,5,-13,-15,16
-6,-13,0,-12,-7,11,6,16,3,-9,-18,-11
3,-13,-20,20,4,1,-9,-4,3,-14,6,20
-10,0,4,20,-18,7,-20,-8,6,16,-18,-12
-14,4,-2,-6,-6,10,-12,3,-15,-4,-17,-12
4,-11,-17,17,-9,16,3,20,4,14,-19,24
-15,-9,4,-1,4,20,-7,8,-3,1,-16,6
-13,-8,-10,2,-8,13,-20,-7,-9,10,-16,-2
3,12,-17,10,1,8,-17,12,-6,5,-4,0
-6,15,-4,8,-10,-5,-15,3,-11,18,-17,26
-15,25,-13,17,-3,8,-19,28,-3,9,-4,7
-11,19,-2,16,-10,27,4,-1,-7,5,0,29
-13,-2,1,20,-10,19,-20,6,0,0,-10,7
-2,29,-19,8,-8,22,-2,31,-15,29,-6,17
-14,7,4,29,2,31,0,33,-6,6,-14,32
-14,1,0,29,-17,11,-7,20,3,7,-9,3
4,20,-12,19,-15,3,-2,17,-1,13,2,21
-19,0,4,-2,-15,-30,-2,-14,-4,-1,-3,0
-18,1,6,-31,-4,-4,-13,1,1,-13,-5,-21
-10,2,-7,-21,-7,0,-18,-34,0,1,-15,0
-4,2,-10,-17,6,-18,-18,-1,0,-23,-11,-15
0,-24,-11,-30,4,-10,-18,-22,-18,-18,-9,-12
-18,-18,-12,-30,7,-18,-12,1,-2,-15,-11,-22
1,-15,-6,5,-6,3,4,-15,7,-25,-18,-6
-15,-20,-13,-5,7,3,2,-25,2,0,1,-4
-9,4,1,-15,-8,-4,2,4,-14,-26,-7,-10
2,-22,-2,5,-3,-27,-14,-4,-13,-9,-8,-3
1,-23,-16,-14,0,-19,-2,-18,0,2,-9,-18
-3,-7,4,10,6,4,-19,-3,-15,-23,4,4
4,-5,-4,0,-9,-7,-15,4,-5,-15,-17,6
0,-22,-8,5,6,-6,7,-19,0,-7,-1,8
-17,-20,4,-15,-12,-12,-11,-13,-6,-9,-18,-18
-5,-2,-18,-15,-7,-6,2,-1,-13,-13,3,-3
1,-2,-9,-14,-12,16,-6,-12,-4,3,-1,-6
-6,2,7,-10,-4,3,-19,-16,-17,-4,3,-15
-14,-18,-3,-12,-15,9,-17,8,-17,-17,0,-11
-10,-7,-10,15,2,-11,2,-5,6,-4,-8,-3
6,-15,-19,8,5,2,-11,8,-12,-3,-18,-1
-14,-3,-2,-13,-17,10,2,12,-14,19,-9,-15
1,-13,-4,3,-4,-5,3,12,-7,-12,-7,-1
-10,-5,-4,13,3,-2,-19,2,4,-8,-10,-5
1,8,-8,14,7,6,-19,5,-17,-12,-1,1
2,13,-9,3,-8,12,-4,20,4,20,-15,3
-2,-10,-9,16,-18,20,-4,10,4,-8,5,9
0,10,-4,2,-13,-1,2,8,-14,14,-10,9
-13,-8,-19,-1,0,26,-18,-5,-13,17,-9,1
-6,-5,4,19,-2,15,-17,0,-7,10,-9,-5
-15,-5,-10,2,-8,4,-9,30,-16,22,-2,-1
2,17,-2,1,-8,29,-11,22,1,21,-19,29
7,10,-19,13,2,3,-11,30,-19,17,1,32
-13,17,3,8,-9,33,2,10,-3,20,-8,22
0,19,-15,25,-12,23,-4,8,-1,16,-6,29
1,20,-5,16,-4,22,-4,14,-9,1,2,22
-9,22,7,24,0,3,6,16,-17,23,-4,2
-18,-1,-1,-1,-6,-27,-7,-22,-1,-28,-15,-4
-16,1,-10,-34,1,-34,3,-14,-15,1,0,-15
-8,1,-14,-32,-9,-5,5,-13,8,-16,-12,-12
3,1,7,-10,-10,-31,-1,-31,-4,-4,-3,-14
-16,-20,6,-9,-6,-11,4,-20,-18,-18,2,-31
-3,2,1,-28,-2,-29,8,-1,-1,5,-4,-28
-17,-19,-17,-30,-11,-17,-10,2,-15,-15,-17,-29
0,-12,-11,7,-1,-26,7,-14,-7,-20,-4,-17
4,-15,-3,-28,-16,-4,-10,-25,-5,-17,-9,-16
-3,-24,0,-12,4,-17,-1,-20,3,-18,-16,-25
-4,-25,-10,-5,-11,-14,-7,-14,7,10,4,4
3,-6,8,-6,-5,-2,-11,-23,-14,1,8,6
-7,-22,-2,-23,-10,-24,-12,4,4,12,7,-2
-2,9,-6,13,-6,-12,-5,1,-5,-19,-3,-2
-1,-1,-9,-4,7,-14,7,-12,-3,3,-10,-11
6,-3,-9,-4,-2,7,-14,5,-4,-21,-16,-21
6,-19,3,-13,-15,-15,7,-9,-2,-12,-13,13
1,-6,4,16,3,0,-14,-3,-7,-6,1,8
8,-17,-4,-12,-1,-1,7,-13,0,-2,-2,16
6,2,-7,-6,3,-13,-3,-9,-18,11,0,0
-16,7,-2,18,-6,-4,-17,-11,-15,2,7,12
-8,-1,-4,-8,-16,-5,-13,-13,1,-10,-11,-15
-6,-12,-5,-5,-1,22,-18,11,-7,-7,-2,-2
7,-5,-15,12,-16,1,5,21,-9,17,1,-1
-1,-11,-4,12,2,21,2,15,-13,1,8,8
-7,-8,-4,-6,-4,7,-16,-11,-8,21,-3,22
-8,11,4,14,-5,-3,-6,17,-13,14,-7,-5
7,-5,5,8,-13,-5,4,9,-6,-6,0,14
-18,-6,-12,13,-13,7,-5,3,2,-2,-16,13
-18,-6,0,27,-13,16,2,3,-6,11,-6,19
1,12,-10,9,3,5,-7,26,1,30,-18,1
-14,-5,-9,-2,-15,26,7,21,-3,22,5,25
5,-4,-10,-4,1,32,3,31,-18,26,3,21
3,18,-11,8,2,26,-18,9,6,7,6,8
-9,17,0,5,-6,31,1,6,-7,15,8,10
-13,14,-14,14,-18,13,-18,17,-7,33,-17,16
-1,2,-16,23,-5,3,-14,27,8,4,3,10
-15,-1,-1,-1,3,-23,4,0,-8,-19,6,-23
-10,1,8,-8,-13,-21,-10,-5,-9,-31,-12,-21
6,1,-3,-1,-13,-9,8,-28,-5,-15,-13,1
9,0,-11,-24,1,-22,-17,3,-7,-6,-13,-23
-17,-26,-8,-8,-5,-32,-2,-15,-13,-16,-17,-17
-4,-25,-3,3,-3,-15,-7,-9,-15,-12,2,3
-1,-21,1,-4,0,-14,-11,1,-2,-4,-15,-5
2,-20,2,-9,-14,-15,-4,-10,-5,-13,-1,-4
-17,-9,-7,3,7,5,8,2,8,-16,3,-10
-1,-12,0,-15,-11,9,-7,0,-14,-6,0,7
-4,-16,3,-11,2,-16,3,-2,-17,-6,-12,-25
5,-22,0,9,-4,-12,-15,4,-14,-5,-11,-2
2,-21,-7,-5,-10,-19,-14,-24,4,-16,-2,-2
-3,-7,-9,-13,0,-5,9,-7,6,-2,-13,-17
-15,-21,-1,5,-10,-11,-17,-6,7,7,7,13
-9,-20,-15,13,-14,-3,-12,-14,-13,-6,-1,14
-17,3,-12,-1,-14,7,8,4,-12,-3,-8,10
-14,-18,-1,11,0,-18,4,0,-3,-2,7,-19
9,-16,-4,-17,-6,1,3,-6,2,15,-10,-15
6,0,-3,2,3,15,-10,8,3,4,5,7
-2,-12,-16,9,-2,-3,-7,-9,-7,-12,9,-13
3,4,-8,-2,4,9,-16,16,-3,10,2,0
1,6,-11,-9,-14,6,-10,-14,-2,-4,-16,6
-5,6,-5,17,-1,4,1,22,-4,3,-15,23
-3,-8,-1,-4,-14,-6,3,-8,9,0,-4,14
-2,7,-16,-2,-7,-1,3,22,-3,25,7,20
-3,-10,7,11,-7,8,8,26,-2,6,-10,6
8,-4,3,-1,-14,-6,3,0,1,26,8,18
-15,5,-3,10,-4,-8,2,22,2,19,-15,-3
0,2,-15,0,6,0,-1,-4,-2,29,-12,29
-4,1,8,0,4,3,-15,21,-2,23,8,28
1,5,-3,-5,-10,9,-9,31,1,21,-12,17
-4,-1,-13,2,-8,21,4,-1,-17,-4,1,6
-1,16,1,1,7,28,5,24,1,6,-5,8
-1,19,-10,19,4,12,-14,8,6,1,4,2
1,20,8,23,1,24,1,5,-11,13,1,0
-16,23,8,12,-13,8,-17,34,2,11,-2,17
-16,-2,-2,-27,5,-3,-14,-23,9,-10,-12,-18
-13,-2,-4,-21,-5,-9,-12,-5,-4,-24,-2,-29
1,-26,-3,-34,7,-18,-16,-20,-3,-19,5,0
-15,-19,0,-10,-11,-12,-13,-10,-9,-13,-2,-3
-14,-18,-9,3,-1,-11,1,-12,5,-27,-1,-5
7,-22,-12,-11,1,0,-2,-31,1,-27,-8,-6
-2,-17,-4,-6,10,-10,-7,-28,-2,5,-5,0
7,-14,6,-22,1,4,3,-26,-15,-27,-2,-1
-14,-10,-11,-6,-2,0,9,-1,9,-7,5,0
-12,-16,-12,1,5,0,-13,-1,6,-19,8,-9
9,-10,10,6,8,-6,6,-11,4,-14,3,-2
-1,-25,-10,-21,-7,2,9,-7,-7,1,-3,4
6,-9,-6,-7,-9,0,-3,-9,2,10,9,-17
-2,-17,6,11,4,11,9,-2,-2,-4,-12,2
3,-7,-16,-7,7,-4,-9,-13,-12,-1,-8,-15
8,-7,10,15,8,4,8,12,1,1,-13,-5
0,-3,-9,-4,-1,-3,8,-3,0,2,0,3
1,-2,2,-14,-12,0,3,-12,-14,3,7,3
0,-7,8,-3,-11,17,3,8,4,7,1,-5
1,-2,-7,5,-16,3,-12,-5,-5,9,-7,10
7,0,-14,-5,6,-16,4,2,-10,15,9,3
-7,-6,-7,11,0,14,-4,8,-15,-5,8,15
-5,4,0,15,-13,10,3,0,-3,13,3,-14
6,1,1,8,-1,19,8,-3,7,-4,7,-9
-2,-5,-14,-9,7,1,1,-8,3,-10,-2,22
-6,6,2,11,2,2,6,-3,-5,24,-4,20
-1,-1,-8,4,-10,-8,-8,-8,-6,24,0,-3
-12,-1,-14,26,-12,23,-12,25,1,10,4,22
-5,9,-10,12,8,2,-7,-2,6,-8,4,27
-14,2,-3,6,6,7,-11,28,-16,15,6,29
6,-2,2,2,-8,3,10,23,-3,27,-9,8
-4,1,2,-5,1,15,-13,-4,-3,-2,-5,16
5,9,-16,31,-15,-4,-13,15,-3,30,-3,16
9,10,-8,4,-13,7,-11,26,-8,0,0,-1
-7,-1,-4,9,-8,29,-3,1,8,-1,-14,16
9,19,-1,32,-9,3,8,20,6,10,-9,23
-15,0,3,5,0,16,-11,18,-15,36,10,19
-7,-3,-11,-7,2,-7,8,-4,11,-13,-13,-13
7,-1,6,-16,-10,-17,-12,-11,-12,-31,-3,-13
6,-1,9,-24,1,-22,5,-27,-14,-25,10,-11
-6,0,-1,-3,-9,-17,-4,-25,-9,-9,7,-22
-10,2,5,-28,-1,-11,-11,-8,-2,-24,11,-22
-4,1,-5,-29,1,-23,10,-14,10,-13,10,-5
-3,2,8,-28,-1,-1,4,-5,-5,-4,10,-1
2,-13,-4,-14,0,-18,3,-25,-1,-18,-3,-8
-3,-13,-14,-8,3,-7,3,-27,-2,1,6,-10
3,-24,-6,-22,-15,-26,5,-12,3,-24,8,-7
-5,-18,9,-23,2,-15,11,-24,-1,-25,-7,3
-2,-20,6,1,-15,-17,-4,-10,5,-23,10,-22
2,-12,9,12,-14,-15,-7,11,-11,8,-1,-22
-1,-14,-13,13,-13,-2,-15,-23,2,3,11,-21
-10,-11,-15,-9,10,-18,8,-21,5,12,1,5
9,-16,-14,1,1,9,2,5,0,-3,-11,0
-1,-8,4,-13,-6,-7,-3,-19,6,-2,-6,-14
-12,1,-4,16,8,16,-3,5,10,6,9,4
1,-17,-6,3,3,-2,1,-2,2,10,-2,10
-11,0,6,5,4,11,4,11,-13,-1,-9,-3
2,-5,-3,-14,8,16,6,10,1,-10,-1,15
0,-1,-2,-11,-14,9,8,-12,-7,20,5,15
-10,-7,-10,-13,6,22,4,1,6,13,0,-14
-4,-6,10,23,-15,-11,11,-8,-10,8,-6,19
-2,20,8,-3,-13,16,-11,-7,0,16,-9,15
-12,-6,1,22,-9,24,-13,23,-3,25,2,16
-12,-1,-11,0,-11,-6,-6,14,2,22,11,-10
-14,8,-4,5,4,6,4,14,-13,2,7,-3
0,3,-6,-7,4,-3,11,18,0,16,-14,20
-13,13,-10,26,6,1,4,-5,-10,-6,2,0
-5,12,-10,-1,5,4,-7,-6,-4,27,-9,30
-12,16,-13,9,7,17,-14,-4,6,10,1,-5
-1,-1,-10,2,6,25,1,21,10,0,-8,21
2,10,-3,9,4,19,-2,19,-7,31,-2,22
-11,17,8,27,-15,16,-12,10,-2,7,-2,12
1,19,-3,15,-10,27,5,20,11,21,-1,20
-1,21,1,25,-2,35,10,32,-10,6,-2,35
10,-3,-12,-12,4,-32,-12,-19,-10,-6,-6,-16
9,-1,11,-19,-8,-23,3,1,-2,-5,8,-10
11,1,5,-21,2,-14,-11,-9,9,-20,2,-20
8,3,-14,-2,-8,-1,10,3,-11,-14,0,-9
0,3,-9,-12,-13,-12,-11,-11,-13,-14,-10,-15
2,2,-12,-13,-7,-25,9,-20,1,0,-11,-14
-12,-20,-1,-14,-9,-16,-3,-14,-3,-26,-4,4
-13,-10,-7,-5,2,6,-8,-25,6,-18,-1,7
-5,-23,0,-12,10,-14,-12,-24,5,1,6,-20
-1,-26,1,-24,-2,-21,-5,-26,11,0,3,-1
11,-15,5,-22,3,-17,10,-3,-14,-1,12,10
-2,-4,4,-13,-6,-14,-5,8,2,-10,-6,6
-2,-17,-2,-7,-5,-12,-13,2,10,-6,0,-2
-11,-11,-12,-7,-5,-20,1,-5,-7,-8,-2,-16
-4,-15,-7,-20,-7,-19,7,-13,-6,11,-4,-8
-14,-11,1,-13,-9,4,11,-7,-3,-6,6,-11
-12,-15,-12,-10,-10,-3,-5,10,-9,-2,8,0
-13,-3,-4,14,-11,-4,4,11,8,12,0,-8
-3,-14,8,-5,1,15,-4,17,0,-4,12,3
8,-12,4,16,9,-12,-11,-4,11,6,1,13
2,-6,-11,-5,10,12,12,-2,6,4,7,-7
6,-5,9,8,7,13,-4,1,-14,11,6,0
9,-10,4,-12,9,13,12,22,4,7,1,-8
5,3,4,17,3,-6,6,16,10,-1,2,13
8,-5,0,-11,-6,-11,10,6,-10,-4,10,-8
7,4,-8,24,5,8,3,-5,12,-2,8,-1
-11,5,9,18,-2,14,-3,16,10,20,-6,16
-13,-5,0,17,7,4,-14,24,12,-1,10,-4
-1,5,-13,27,-4,26,-12,0,-3,-8,3,22
9,5,8,14,10,28,8,9,9,5,-2,-6
-11,7,-11,-3,4,13,1,8,-2,28,0,21
7,5,-1,31,-3,26,-11,29,-4,23,10,29
3,10,6,3,-3,31,-14,22,-6,24,10,3
-4,13,-4,10,11,29,1,4,-3,8,12,12
-4,17,-13,25,-11,30,-1,24,-10,-2,7,5
1,1,2,19,1,28,12,8,-3,15,-9,26
-6,2,0,15,-6,14,0,36,-10,5,-14,13
-2,-23,9,-24,1,-11,3,-17,12,-28,1,-17
-3,-2,-2,-25,1,-33,1,-7,4,-30,-4,-1
13,2,9,-31,-1,-26,2,-7,-6,-20,1,-8
-8,3,-2,-8,5,-24,10,-6,3,-14,-5,-14
6,3,2,-2,2,-2,-12,-25,4,-8,4,-22
-10,4,8,-22,4,-21,1,-25,10,-2,6,-22
-4,4,10,-18,-3,0,-13,-10,7,-2,-8,-4
-4,3,9,-28,1,3,4,6,-3,-4,-8,-5
-1,-14,4,-9,-7,-5,6,-9,1,-23,9,-23
-11,6,-13,0,-8,-19,-4,-13,8,-10,9,-11
-3,-26,-8,5,-7,-19,2,6,12,-15,12,-1
6,-1,-6,-15,2,-9,-5,-7,-1,1,-4,6
5,-11,-5,-6,-1,8,-8,-11,-7,-17,13,-13
-8,-20,4,-9,-2,-21,-8,-6,5,-19,12,12
-11,-3,6,-1,-7,7,3,14,-1,9,-2,10
13,-12,0,-19,9,-8,9,-7,13,11,5,3
-12,-12,0,-2,-3,6,-1,6,-11,1,-11,6
-12,-12,7,9,12,-12,-3,14,-2,-1,9,-19
-11,-3,11,-7,-4,14,11,1,7,-1,-5,15
-1,-6,12,14,-2,-12,4,13,10,5,-8,-7
7,-11,7,17,4,-10,4,0,5,11,11,-7
5,-10,-13,-10,9,14,-6,11,8,-12,-7,6
2,-2,-9,22,-1,-7,-3,20,-6,8,11,-2
-9,-10,11,19,1,-12,-4,-6,-10,-4,-8,21
13,-8,8,13,-6,17,-3,-8,1,9,-11,-5
13,5,-5,14,-1,8,3,3,4,14,13,17
-1,-9,-7,13,7,13,-5,-5,-11,-3,-11,24
-4,-7,13,-8,1,18,13,13,8,15,3,9
11,3,12,17,5,12,-2,-8,-6,3,-11,24
-8,12,8,9,-6,-5,1,7,-10,23,0,-6
12,3,-5,30,6,3,-1,12,-6,4,10,17
1,27,-6,22,1,-2,-2,-2,-13,3,-5,23
-8,16,9,1,-12,12,6,30,3,17,-2,14
2,14,-1,15,9,-1,-8,31,-3,33,-10,27
7,11,-8,1,2,-2,2,1,10,15,-9,20
2,18,-11,4,-6,31,6,5,-6,1,8,30
-1,3,4,3,7,25,9,21,4,7,13,27
-5,-1,-4,-6,14,-19,-9,-21,-4,-29,12,-26
-9,-3,10,-5,-1,-14,-11,-6,-2,-35,-12,-16
10,-1,9,-14,11,-17,0,-17,-5,-28,10,-11
-1,0,-4,0,11,-25,-8,-22,-1,-10,-7,-13
-11,0,7,-15,-4,-20,7,-23,8,-9,-9,-27
0,3,11,-12,1,-20,-6,-1,7,-11,-12,-19
14,5,-8,-19,3,-3,-2,-5,-12,-12,-8,-21
12,6,13,-21,1,-7,10,-29,-12,-22,-7,-1
-10,6,0,-19,10,-11,8,-26,-4,-23,0,-3
5,7,-2,-18,-5,-12,3,-22,11,-2,6,-24
7,-22,0,6,0,-16,-4,-7,-4,-8,13,-12
-6,6,4,-15,12,2,14,-1,-3,-16,-6,-23
0,-7,6,0,10,-5,12,8,5,-11,-12,-8
6,-7,14,0,13,-9,-2,-3,1,2,-8,13
-1,-16,7,-7,-8,9,-10,-17,10,-6,-3,-6
2,-3,8,3,-2,12,-12,6,-3,-10,-11,-2
-12,2,9,-6,-2,-4,12,9,-5,-15,3,4
12,-7,-3,-5,-11,12,0,11,-1,3,3,-4
6,-4,8,-1,-4,18,2,-15,5,13,8,-9
3,-7,0,10,3,8,0,15,13,13,5,2
-12,0,9,12,10,0,-11,-10,7,-4,-3,-2
12,-6,0,-5,0,-13,-4,-14,8,-5,-6,-8
4,-8,12,16,-6,-14,2,-5,-6,15,-10,10
4,-1,2,-9,-1,-10,4,17,-12,-3,-3,15
4,4,13,-5,-7,1,2,-10,14,22,-5,3
9,3,-9,22,0,16,9,19,-3,21,3,15
4,-5,8,26,7,-6,-4,11,-4,-9,13,-10
0,9,9,-3,5,12,1,-7,-6,17,-3,-7
-8,12,5,18,7,8,-2,-3,-6,3,11,-8
-2,-6,-4,6,-12,-1,-6,1,8,6,-8,12
3,14,-5,8,6,22,-6,1,-1,23,-9,13
9,11,-1,15,1,14,9,-5,9,16,13,6
4,-4,5,9,12,28,-8,31,-4,17,-9,2
10,13,5,14,-1,11,11,-3,-9,5,11,2
1,15,4,9,12,-1,9,5,4,34,0,22
10,17,-11,1,1,8,-1,5,0,27,14,29
10,19,-9,16,12,22,-10,21,-11,13,-12,2
5,0,-9,-27,13,-12,12,-23,-5,-9,-5,-16
10,-32,-8,-4,-1,-24,-9,-4,-2,-25,-7,-32
-11,-25,11,-24,-4,-25,-5,-15,-1,-23,7,-23
0,2,10,-2,10,-16,-5,-8,9,-14,-6,-16
8,4,8,-9,2,-20,-7,-25,12,-28,5,-11
6,5,11,-4,3,-22,15,-12,7,-21,-4,-27
-7,6,3,6,0,-12,9,-17,4,4,8,-22
12,7,0,-2,1,-25,13,-21,7,-17,-4,-9
14,8,8,5,8,-5,9,-22,-7,-9,1,0
5,8,-3,7,-5,-14,3,-10,10,4,4,-13
10,9,7,-15,13,0,8,-9,-8,-15,5,6
14,-7,-3,-22,-1,-6,-3,-11,-5,-21,9,7
-9,8,-6,-14,15,-16,-6,-10,-3,0,14,-11
11,12,8,-11,5,4,8,-2,5,-16,7,-1
15,12,13,-8,4,-7,14,7,15,-1,-9,-8
9,-14,-3,2,1,-1,9,-2,-8,-15,-5,-15
-7,-5,-4,9,14,-11,-10,-1,2,-1,-5,5
10,-15,-1,2,9,-3,15,4,-3,-7,-3,2
-11,3,5,-6,2,2,-10,2,-8,-5,6,-3
-6,-11,-3,9,-11,12,-4,18,-10,17,14,-12
-11,-11,-10,20,-4,17,10,-14,-3,4,11,-8
10,-3,7,5,3,4,-5,-5,-7,7,-2,-12
-11,6,-4,6,-4,20,-10,3,-4,20,6,6
0,-13,2,8,14,23,3,14,-7,4,1,6
-8,-5,-6,5,1,-9,1,13,6,15,-6,-1
-7,-7,6,-6,13,2,14,-8,9,19,13,-10
-11,7,8,-4,-1,25,10,1,15,18,-10,19
-10,0,0,12,4,25,8,-5,-8,14,12,8
2,7,2,21,1,6,-4,15,-1,15,-8,28
-10,13,15,24,3,-7,-5,28,-4,19,12,28
4,10,15,6,10,26,7,23,13,30,6,-6
-10,16,15,16,3,31,11,17,7,2,14,31
6,0,6,7,8,8,-2,25,11,14,3,12
12,10,9,3,-9,27,10,12,-9,30,6,5
13,1,-7,32,7,6,-8,3,-1,20,2,32
3,19,-8,1,11,35,-7,21,7,30,14,16
-5,19,10,1,6,13,-9,24,-10,24,11,22
2,0,-4,-26,10,-22,6,-32,12,-9,-7,-29
5,-11,9,-3,14,-18,8,-3,6,-25,-10,-5
5,-28,-2,-28,1,-17,12,-2,15,-18,-2,-30
10,2,8,-15,4,-28,10,-2,9,-1,-9,-26
1,2,2,-29,8,-17,-1,-32,8,1,14,-15
0,3,12,-27,-10,4,-9,-20,5,-20,11,-31
1,6,1,-12,2,1,4,-18,6,-25,-6,-1
-5,6,9,-27,16,-23,-7,7,6,-2,-4,4
10,8,2,-3,9,1,7,-23,12,6,-7,7
-1,8,-2,-5,9,0,12,3,4,7,11,3
10,8,-6,-17,14,-10,-3,-16,10,-2,13,6
-7,-25,15,-16,-1,-18,-1,-21,-3,-17,-4,6
-3,7,11,8,5,0,4,-3,11,6,5,-6
1,-8,-7,-22,11,-3,15,-10,11,-3,2,-15
15,12,12,14,-7,-9,-2,0,14,4,10,11
-6,13,-10,-10,14,2,6,-13,-10,13,-1,-1
-6,15,0,0,-10,2,4,-15,-3,-8,6,-17
-4,16,5,15,-6,-18,-5,6,12,0,7,5
6,16,11,15,-9,9,4,-7,2,3,-3,-9
14,17,13,13,-10,8,-9,8,-1,10,-9,4
10,17,-6,2,11,6,-1,10,-8,8,-7,6
9,18,-2,17,-9,13,-2,11,1,6,0,13
-4,18,5,1,-8,-10,8,7,9,7,8,7
9,-1,-6,20,-6,23,11,3,14,9,-9,-3
13,-4,0,-11,-6,3,13,7,9,18,-9,21
11,-5,-1,8,4,23,12,6,11,-10,-2,6
2,3,-2,14,1,19,3,-10,-9,-6,8,2
1,2,6,17,-1,27,-9,-5,-8,5,-7,17
9,2,11,-8,6,-3,-8,3,-7,21,-6,18
-9,15,-5,0,-6,14,8,4,4,21,-5,-3
10,-2,12,20,0,22,3,23,-6,4,-7,23
8,10,9,21,-6,6,4,18,-1,17,9,31
-6,18,13,14,5,2,-6,5,-3,-4,14,16
3,15,12,-3,6,30,9,10,11,16,-8,25
1,18,-10,34,7,26,15,33,11,8,4,8
12,1,6,17,14,20,7,27,14,1,-1,12
11,2,9,36,-9,36,-9,16,11,7,16,24
-1,0,13,-21,-7,-21,7,-14,1,-29,-5,-21
4,-13,16,-2,12,-20,-3,-14,-2,-10,-2,-33
-4,-16,-2,-28,1,-14,-8,-11,-6,-10,17,-1
4,3,-4,-7,14,-4,-4,-13,15,-10,10,0
9,3,0,-22,11,-5,2,-14,-7,-26,-3,-16
15,5,6,4,2,-9,1,-21,13,-29,-8,-15
-2,4,2,-17,12,-29,14,3,-8,-4,8,-26
2,-20,8,-20,-4,-10,17,-21,12,-6,17,-23
13,-11,13,-10,-1,-22,0,-11,11,-20,-9,-19
15,-23,-3,-16,11,-3,0,-8,10,-3,1,-12
0,-8,14,-23,-3,-5,0,-5,-7,-13,3,-16
-2,-17,-1,-9,14,-5,7,7,-2,-2,4,-23
15,-11,3,-1,-9,3,-5,-11,3,-14,-7,-12
-9,-9,4,-16,8,3,-2,-2,-9,-10,-6,-11
6,12,10,-21,9,-22,-6,-13,-7,-19,12,5
4,14,-7,8,-8,-10,-3,6,10,-2,8,15
-8,14,16,1,-4,-9,3,-5,5,7,-3,15
9,15,-3,9,-1,13,-5,2,0,12,12,16
10,16,7,-5,13,-12,2,2,0,15,15,9
9,16,-3,9,15,17,-5,-9,13,13,4,16
-9,17,-6,-12,-9,16,-4,10,-7,-14,5,19
-5,-1,12,19,4,14,10,16,-9,20,8,-6
1,-4,-4,14,-7,22,-4,22,-3,22,-2,21
1,-7,-6,-8,-7,-11,6,-7,-3,20,1,-10
14,-6,16,3,-4,-2,8,-11,13,21,14,24
-4,-2,2,-4,4,16,-4,8,3,11,-3,13
-5,-3,14,-4,2,5,8,19,4,-8,15,26
-5,9,16,26,16,-6,17,-2,12,27,7,8
-4,9,13,15,-5,8,2,21,-8,23,6,27
-9,-3,-4,28,4,24,7,27,-4,29,-5,-3
14,-3,-9,3,-4,24,2,-1,-5,0,11,0
9,-3,6,0,12,20,-1,24,-4,28,-1,9
15,4,-3,29,9,1,0,11,6,2,2,16
13,-2,2,30,2,27,7,8,17,10,11,13
17,18,9,1,-9,2,12,12,-8,9,-8,1
8,19,8,9,-4,5,4,35,7,12,-7,34
9,18,-3,17,11,7,4,30,-2,31,-3,29
5,-25,1,-5,1,-27,1,-18,-4,-5,15,-35
-1,-32,7,-3,5,-20,-3,-11,-1,-16,4,-30
8,-30,1,-23,-4,-16,1,-23,6,-11,13,-21
0,1,-5,-13,4,-10,1,-1,11,-29,-7,-1
6,-24,6,0,6,-9,-1,-19,-2,-17,17,1
9,-7,16,-18,2,-17,0,-18,-2,-10,7,-23
-4,-4,13,-18,11,-19,-3,-8,-3,-16,6,-29
2,-4,-1,-20,11,-9,-4,-10,9,-9,2,0
-8,0,13,-5,0,-3,7,-3,15,4,7,3
-1,3,15,-16,-4,-7,-2,-4,18,-25,-3,4
0,-1,16,-20,0,-3,-2,-12,6,-8,-1,-20
14,7,16,-9,1,10,11,-7,0,-25,13,-6
13,-24,-2,-18,-8,12,11,-4,3,-18,-6,-15
4,10,4,-2,0,-4,14,0,-8,10,-5,-5
-2,11,13,13,5,8,-3,-11,-2,8,12,-15
0,11,-4,-13,0,-6,12,4,-6,5,16,7
-3,13,0,9,12,-14,12,-9,0,16,-8,16
-8,12,18,-5,-7,10,10,3,0,-10,12,5
-3,14,4,-11,4,0,3,-5,-6,14,1,15
-1,15,18,10,-8,-5,-6,-7,5,19,10,-1
5,17,-4,-12,-7,5,6,2,-7,16,8,15
-4,18,0,12,16,21,3,12,3,-12,5,-6
-4,-4,0,14,-2,13,5,-2,13,-3,17,17
6,-3,2,17,-4,-11,3,4,2,-12,15,-11
12,-6,-7,21,11,2,-7,-4,-7,21,0,-10
-5,20,4,17,17,23,14,-6,5,10,13,25
5,4,-1,22,15,-8,7,20,-3,16,5,-5
12,3,-6,24,15,-5,3,10,3,11,14,17
12,6,18,8,2,-3,-6,-7,7,25,14,27
12,9,-1,5,18,16,-3,-1,-2,9,5,23
18,2,17,13,10,28,13,27,1,29,2,29
15,0,11,23,9,30,3,28,14,10,1,2
-5,18,6,6,-8,27,2,2,-7,31,3,24
9,7,-2,31,-8,-3,17,-3,17,17,12,2
16,14,17,15,4,24,-4,23,14,7,-1,25
8,1,7,20,-2,2,12,27,14,24,3,33
12,17,1,9,13,35,10,8,1,13,17,32
16,-34,13,-4,-1,-18,10,-24,0,-33,6,-4
12,-6,13,-8,10,-16,9,-2,7,-32,11,-35
3,-11,14,-24,1,-29,0,-15,19,-1,-3,-32
19,-20,-6,-23,3,-18,7,-11,-3,-10,-6,3
9,-8,6,0,0,-14,14,-8,0,-15,7,-24
10,-5,6,-1,-2,-14,4,-27,11,-11,12,-30
-1,-4,18,-8,7,1,-4,1,-4,3,6,-18
2,-2,12,-29,-1,-1,6,-13,8,-14,-7,-12
2,-14,10,2,14,-23,-6,7,-4,-21,2,-4
13,0,17,1,18,-21,12,-11,16,-16,3,-17
9,0,10,3,18,-8,18,-3,-3,-22,11,-19
4,1,1,-21,9,-4,19,-8,-2,-22,12,-3
-1,-14,15,-7,2,-5,16,-10,-2,-4,15,8
4,-15,5,-4,2,-3,3,-11,2,-19,1,-20
11,-18,-1,-14,11,2,2,-6,-3,-9,11,-18
17,-11,6,-4,11,2,13,11,17,-10,7,-3
-6,11,15,9,4,13,6,5,-4,-15,15,-17
-2,-9,4,-19,15,-11,-2,8,10,-5,15,14
-5,-2,17,17,1,-15,15,18,0,17,-7,17
18,16,3,7,-5,15,-1,-16,0,13,0,5
11,-8,3,-9,11,17,19,18,5,9,5,19
13,-7,8,14,-6,-14,4,19,5,-15,5,-11
-7,4,4,22,-6,19,0,1,-1,21,-7,19
15,-4,-1,23,4,-12,0,-7,-4,19,16,12
9,-9,19,21,16,0,15,-1,1,5,13,-9
15,0,-1,21,-4,22,17,2,-1,21,9,17
8,-2,-7,4,-2,-10,9,3,16,13,8,2
-4,-5,-5,11,3,-5,9,3,-6,-8,8,25
17,-1,19,-4,19,4,11,-5,3,4,3,-2
8,-2,-3,25,5,23,-1,19,-7,24,8,29
10,-3,16,25,3,-5,0,5,1,7,10,23
4,11,-7,3,-6,13,-2,-5,-6,24,13,23
12,13,10,3,8,4,-5,32,18,27,14,25
18,12,-7,16,19,23,9,26,-6,13,19,22
-3,19,-5,19,10,28,-2,3,-3,26,10,26
6,19,-1,1,2,14,13,-1,9,30,-7,31
14,18,17,25,13,17,-4,18,-1,28,16,21
12,-35,12,-4,-5,-28,2,-25,3,-34,6,-4
2,-30,1,-17,0,-26,0,-19,0,-30,-6,-24
-3,-9,9,-30,0,-28,0,-17,11,-24,14,-17
8,-8,3,-6,0,-28,0,-15,8,-1,4,-9
-1,-5,7,-22,-1,-20,6,-11,2,-1,3,-22
3,-3,12,-22,7,-13,16,-6,-3,-30,0,-26
1,-17,13,-22,-4,-30,14,-25,13,-16,1,-4
10,-4,19,-9,17,7,-1,-25,9,-16,-1,-21
0,2,3,-5,-4,-11,-2,-5,13,-5,12,7
9,-1,-5,-13,5,-19,3,-24,-2,2,4,3
-6,0,2,-17,-6,-5,17,-20,13,-1,2,-18
8,4,1,3,-1,6,11,-8,10,-24,2,10
4,3,3,11,19,11,8,0,7,-24,-4,-16
2,-15,-3,-16,3,7,2,0,-5,-16,-2,7
-2,5,-6,-20,14,-13,6,-2,4,-5,-4,-2
3,10,0,-18,-6,-8,14,2,17,5,10,-11
4,-15,20,8,-6,-15,-4,10,-2,-13,3,16
-3,-2,12,17,-5,13,20,-19,-3,8,2,15
-3,0,-3,-1,14,10,12,-4,11,-12,1,-6
-3,-9,-3,-8,12,-11,-6,-4,-3,-15,-1,-5
-1,0,15,1,-2,19,7,15,2,14,-4,-6
-2,-3,-5,-2,2,9,-3,13,18,13,17,-8
10,-6,12,14,-2,10,12,-2,9,7,5,5
-2,-7,7,-8,12,-11,13,-13,-5,-7,13,-11
20,-7,0,19,3,-11,17,13,18,12,16,0
13,0,6,-5,19,20,8,9,12,6,16,2
12,-1,-3,-2,14,-5,18,10,9,-1,12,17
19,-3,2,3,16,3,10,26,2,18,17,18
-3,-5,-2,-8,-4,3,10,7,-5,11,0,24
7,9,18,13,9,13,2,26,11,-5,4,26
13,-4,-2,6,16,22,6,10,-2,28,4,20
5,-4,16,15,20,23,4,21,2,21,17,29
4,16,20,14,-1,16,10,27,20,12,-2,20
-3,-1,0,19,-3,14,12,6,18,16,1,18
17,12,-5,19,-6,31,6,0,5,25,-6,18
6,19,20,-1,3,23,4,29,-1,28,-5,30
20,17,10,3,6,1,6,13,11,1,6,14
0,-12,11,-4,17,-12,4,-5,-3,-5,11,-25
20,-14,15,-25,4,-12,20,-10,4,-23,20,-27
20,-17,21,-26,21,-15,5,-21,5,-19,15,-21
21,-15,0,-10,5,-20,4,-13,-2,-2,6,-31
-2,-2,-1,-1,10,-13,12,0,6,-8,2,-1
13,-5,14,-22,20,-1,-1,-29,4,-3,16,-14
11,0,15,4,3,-3,20,4,-2,4,20,-10
3,1,13,6,9,-17,12,-14,-1,-11,-2,-19
1,1,8,-16,-2,-7,13,-13,19,-24,17,-21
14,-1,-1,3,18,6,9,-20,9,-17,5,-8
7,2,19,3,0,10,8,-12,6,-1,-3,1
7,2,12,11,-4,-20,9,0,15,4,19,-9
12,3,14,-5,0,9,15,-23,-2,-8,2,-7
-3,3,0,7,-3,11,6,1,4,-7,7,-14
4,-7,8,-7,15,14,17,-12,6,-17,19,10
3,-5,2,-18,6,15,13,-1,2,15,0,-8
20,-17,16,-12,13,12,5,-5,17,3,17,-5
-5,-8,-2,17,16,-1,-3,-10,5,-10,0,4
-2,-12,5,9,-4,-4,-4,0,-2,4,18,-10
-4,-15,14,-7,3,3,4,-12,2,7,5,-1
-3,-10,-1,-2,8,0,12,9,-3,19,2,18
13,-3,-5,3,4,-15,16,10,9,15,20,-3
9,-9,4,-14,2,21,18,8,5,-9,16,19
9,4,19,-9,15,8,10,-11,0,3,17,16
8,-4,7,-4,-4,22,4,23,8,-6,10,20
5,0,19,-6,3,-3,-4,10,6,-10,8,-3
21,5,10,-1,2,21,0,5,20,22,8,-3
10,-8,18,-4,11,2,7,2,-1,3,15,-7
0,14,0,0,19,3,19,1,-2,9,4,3
0,14,14,17,13,15,5,12,16,-1,4,16
5,-4,2,28,18,19,-5,23,-4,-3,13,-4
3,-5,0,24,-1,-5,6,2,-2,30,10,15
20,10,-2,26,15,26,11,24,-2,22,14,22
7,19,0,-1,13,7,-5,27,10,2,0,2
4,5,0,14,2,5,11,3,-2,10,15,18
-1,30,21,4,-2,28,18,6,-3,4,-4,21
12,19,21,26,6,9,7,36,2,32,2,29
11,-9,22,-33,12,-12,19,-26,-2,-2,4,-9
11,-5,7,-26,16,-32,-3,-8,-2,-31,7,0
8,-8,-1,-24,2,-33,9,-2,15,-28,20,-28
17,-6,12,-5,4,0,9,-26,0,-6,19,-7
0,-3,9,-26,11,-18,8,-18,-2,-15,19,-8
-3,-5,8,-16,-3,-21,11,2,20,-24,16,-27
4,-1,7,0,16,-29,4,-10,4,-16,2,-20
22,3,22,1,0,-3,13,-29,12,0,-4,-6
17,0,15,6,22,-18,12,-22,7,8,5,-3
0,1,-4,2,17,-24,17,2,5,7,3,1
4,-4,-2,-4,8,-21,0,-6,11,-26,21,-17
18,2,17,-12,14,-13,12,1,5,-6,-3,-12
8,1,8,-20,1,-23,8,5,20,8,19,-8
21,7,7,-1,16,-12,8,8,10,3,4,-13
19,8,-3,2,12,-9,21,-3,0,-19,7,-12
14,6,18,-5,15,0,8,-18,20,-4,2,-12
9,11,-4,3,19,-1,8,-1,5,3,8,-18
9,10,20,3,4,-1,6,5,16,-1,-3,-10
18,13,12,-13,22,-4,2,4,10,-6,-1,-9
17,13,12,-13,4,-7,2,-12,3,-1,17,15
10,14,2,9,21,8,2,4,21,13,20,17
17,10,-3,19,4,2,21,-6,12,9,15,-5
17,9,6,9,5,-4,5,14,22,-3,10,-7
11,18,3,-6,10,11,6,8,13,-13,19,-1
2,1,11,13,22,21,2,-1,5,-4,15,5
2,11,3,-11,6,1,3,6,15,-3,20,3
21,14,4,21,4,6,8,0,11,-9,21,6
11,14,2,5,5,12,13,1,14,-7,-4,13
10,15,20,16,5,8,-2,7,6,21,14,17
7,16,-2,20,5,10,3,0,5,-1,13,5
5,17,10,7,5,12,16,20,8,-5,15,19
-3,25,-4,17,5,3,16,15,-2,4,7,22
2,4,5,30,5,7,19,16,-2,24,22,31
20,20,-2,5,5,19,15,7,19,4,-4,18
22,22,7,-1,5,2,8,32,20,14,15,11
18,22,21,25,4,21,14,17,19,32,-1,13
7,31,6,8,5,5,17,34,17,13,19,14
6,-23,0,-21,10,-11,10,-32,2,-14,13,-21
13,-7,7,-31,-3,-26,19,-33,6,-20,23,-30
0,-5,22,-34,9,-5,14,-23,-3,-32,14,-12
4,-12,23,2,16,-7,13,-26,14,-24,2,-15
10,-5,1,-9,10,-28,23,-21,8,0,11,-23
20,-6,-2,-19,23,0,2,-3,13,-11,23,-27
-1,-3,12,-7,-1,-12,21,-18,-2,-22,11,6
10,-1,11,-8,0,6,22,4,12,3,6,6
22,0,-3,-24,14,-28,1,5,16,3,23,-15
20,0,-2,-12,19,-6,18,-5,11,-11,19,1
4,-21,13,-17,6,-24,-1,-7,-1,3,3,0
23,3,21,9,0,-24,18,-7,14,-4,3,-21
0,3,11,-12,5,4,14,-10,13,-21,1,-1
3,-8,-3,10,10,5,20,12,13,3,12,-13
3,3,18,-19,23,-19,13,-2,0,-12,17,-8
16,7,2,-17,15,5,5,4,23,-20,2,-21
4,0,0,4,21,9,18,-12,14,-3,19,-11
2,10,4,7,11,-5,6,17,-3,8,5,-18
4,-3,13,-18,21,-9,7,13,3,-15,8,-6
5,-2,13,4,-2,5,4,-14,4,11,-3,-11
23,10,14,7,16,-3,20,2,13,-5,5,8
21,13,4,15,1,19,17,-12,9,-1,16,6
5,6,2,-14,15,3,13,3,-1,13,22,10
22,19,14,-13,2,14,1,18,13,-4,16,-10
23,17,10,-4,-2,-8,7,11,3,0,13,-3
8,14,12,-1,0,12,6,16,21,3,-1,20
-2,17,5,7,0,1,6,3,5,13,11,-6
11,18,7,13,8,-9,4,5,-2,16,12,16
4,18,9,18,1,20,22,20,3,9,17,15
22,18,0,28,-3,12,16,5,9,-3,9,10
23,21,1,19,2,3,22,-4,6,14,21,-3
12,23,7,31,4,14,23,20,10,0,3,7
16,26,-3,24,6,30,9,3,16,-1,14,19
14,27,-2,26,9,14,10,-2,13,30,16,28
23,23,-2,15,16,4,7,30,16,5,8,34
14,28,3,26,9,35,-1,31,5,31,-1,32
18,26,-2,23,16,17,3,12,3,23,19,19
16,-6,13,-8,23,-26,13,-1,23,-34,15,-34
16,-7,21,-15,-2,-18,19,-12,8,-4,2,-23
21,-6,12,-23,1,2,17,-5,2,-25,9,-31
22,-3,3,-8,15,-21,20,-20,18,-30,6,-17
20,-6,1,-9,23,-7,14,-14,3,-32,7,-17
6,-5,1,-9,-2,-24,16,-12,13,-29,1,-20
23,-1,11,4,23,-3,3,2,-1,-8,2,-3
23,-3,2,-22,-2,-5,22,-4,12,-14,8,2
24,3,7,8,9,-15,8,-27,-2,-27,14,-12
5,-5,2,8,1,-18,11,8,16,-26,11,-6
17,5,3,-5,23,0,4,-23,10,-13,1,-22
21,1,15,-5,13,3,-1,-10,11,6,20,-23
12,4,16,3,9,4,13,2,11,6,16,-5
18,5,14,-21,0,4,11,-6,10,6,14,-4
20,7,13,-3,12,4,13,-1,4,-3,15,3
19,10,1,5,17,10,14,-19,-1,0,3,-19
11,6,14,4,3,-4,10,-20,21,7,7,9
15,12,5,3,16,-5,16,14,14,15,7,-19
6,3,21,15,23,-13,23,13,-1,-1,22,6
5,-6,11,-3,18,-9,6,11,10,-8,0,12
5,12,2,10,24,-5,16,-11,6,9,5,-11
0,14,4,-14,9,5,13,-11,11,9,18,4
-1,14,6,6,13,-2,7,11,15,9,-1,0
22,14,12,-5,7,18,5,-9,5,16,10,10
6,2,13,8,23,1,14,-3,16,-1,11,3
8,18,9,13,2,11,20,22,-2,1,21,0
4,2,8,5,21,-9,12,21,10,22,16,22
5,7,1,20,6,4,21,0,12,-3,-1,14
23,23,-2,-5,16,23,11,20,2,28,16,26
3,21,-1,-4,9,4,24,-1,19,-5,-2,21
5,6,10,23,0,27,24,27,0,4,15,25
18,26,-1,26,20,29,10,0,0,15,1,20
14,25,1,23,12,2,24,31,19,12,-1,21
22,26,2,14,-2,0,22,0,-2,33,4,8
4,26,11,31,19,21,5,20,-2,22,6,-2
5,5,22,11,5,20,6,9,8,13,19,15
11,23,9,23,4,24,17,24,4,6,-1,11
7,-29,24,-6,4,-7,25,-16,12,-18,7,-30
10,-7,18,-10,9,-27,9,-21,20,-10,22,-20
4,-8,20,-32,9,-3,8,-25,22,-21,12,-30
11,-4,4,-19,24,-14,11,-11,4,-8,3,-5
11,-1,11,-1,9,-26,10,-21,15,-2,12,-16
5,-20,8,-16,1,0,12,-4,24,-12,11,-16
12,0,18,-16,6,-10,9,-27,21,-6,12,-19
3,1,25,-18,1,-22,3,-11,21,-1,4,-26
10,2,10,-25,24,-17,22,-20,9,2,18,-8
7,-4,8,-7,6,-11,13,2,-1,-23,14,-18
6,-3,13,-23,15,6,7,4,8,-5,15,-6
24,2,13,-11,21,7,6,6,11,-5,14,-14
23,7,3,-23,18,1,22,-8,12,-1,3,-19
17,8,10,-19,-1,-12,12,0,-1,9,18,-7
19,8,12,1,25,2,23,-21,0,1,25,-14
5,6,10,-2,5,-17,23,10,18,-3,16,-7
22,4,17,-7,5,2,6,0,23,13,10,-5
3,6,22,-18,5,-8,21,-10,24,-4,13,13
11,12,2,-12,15,1,-1,-7,16,11,9,-1
4,8,22,5,2,8,21,7,7,-11,5,-2
6,13,23,-16,12,16,4,-13,-1,1,23,-1
17,10,21,-13,5,0,14,-14,9,-5,2,-13
6,11,6,-6,6,8,15,10,25,3,8,-5
12,12,6,0,5,-3,11,-9,7,2,18,19
7,-8,15,2,12,12,23,12,17,20,4,7
7,-1,-1,19,1,5,7,5,15,21,-1,-7
1,18,22,6,22,-1,15,-9,-1,-5,3,21
6,18,24,4,15,0,8,-1,10,-1,-1,16
15,23,19,13,11,8,12,26,0,12,14,-3
22,16,21,25,13,0,6,11,15,11,12,16
6,4,19,13,7,23,4,2,8,-1,5,-3
16,20,6,26,-1,5,6,19,13,2,0,25
19,25,6,21,24,19,5,11,9,4,18,15
9,23,8,4,0,20,12,6,12,14,0,3
25,21,25,11,14,16,16,7,2,23,6,8
2,25,-1,5,20,30,17,24,-1,14,24,17
7,27,8,25,6,0,-1,7,-1,9,12,10
22,-8,0,-24,23,-5,18,-36,3,-33,1,-34
19,-8,7,-20,22,-17,15,-23,0,-12,4,-24
15,-5,4,-10,24,-28,12,-25,12,-19,25,-24
22,-3,18,-14,26,-18,15,-24,9,-19,1,-28
8,-4,20,-14,2,-23,8,-20,8,-22,19,-28
24,-6,1,-24,17,-26,25,-9,2,-23,3,-30
10,0,4,-25,6,0,14,-17,17,5,0,-22
16,-2,18,-12,9,-1,7,-17,5,-19,0,-11
8,-17,14,-3,0,-5,24,-12,23,-4,19,-23
23,4,26,2,23,-12,14,5,21,5,0,-26
17,2,6,-8,7,-9,8,-20,10,-23,23,-17
0,2,11,-8,5,-20,0,-1,25,-1,13,-6
9,6,16,7,22,-4,4,-10,3,-24,9,-7
9,6,6,-23,20,-5,17,-2,4,1,17,-6
8,-9,7,-5,22,1,4,10,6,-13,8,-7
14,5,11,8,14,-11,8,-14,15,-2,11,-13
14,11,15,-18,18,-2,6,-7,20,12,4,-20
5,11,5,-6,8,2,8,-15,6,-9,7,-1
1,11,17,-14,22,-9,5,-2,25,-8,26,-2
9,9,2,-16,17,-15,14,9,8,-1,5,-10
24,10,8,-11,3,-12,5,-4,25,6,2,-10
20,10,14,-13,16,3,26,17,5,-4,10,8
0,15,12,-13,8,-10,26,1,13,6,0,17
7,-4,18,-3,8,21,0,8,25,-6,24,0
11,15,2,18,4,-5,4,-9,26,13,0,-12
21,18,20,3,2,1,2,-9,0,-5,10,10
8,2,16,7,2,3,11,15,10,14,8,-5
3,19,0,12,5,-2,13,4,13,-8,0,-4
11,21,7,-3,7,0,8,0,0,-5,19,3
9,5,0,-6,16,19,0,2,6,13,2,8
23,23,14,21,1,1,3,-2,1,-6,0,-3
22,20,20,21,17,-1,15,8,21,-5,4,-4
10,24,8,4,11,8,15,12,26,15,17,7
18,26,1,-2,2,23,18,33,0,26,6,-3
7,12,11,0,6,15,6,7,0,9,3,29
20,25,5,14,5,23,8,16,1,29,1,-1
26,30,0,20,16,10,0,1,18,24,0,10
