-2,-7,-20,-29,-6,-2,-11,-15,-4,-17,0,-12
0,-4,-2,-7,-5,-15,-15,-13,-10,-12,-4,-7
-1,0,-5,-12,-19,-18,-12,-30,-1,-1,-3,-10
-7,0,-12,-23,-16,-19,-3,1,-16,-15,-12,-32
-1,-1,-1,-1,-8,-24,0,-5,0,3,-10,-11
-7,1,-1,-5,-23,-15,-23,-13,-25,-5,-5,-19
-7,6,-2,-10,-1,-7,-2,-2,0,-6,-14,-14
-9,5,0,-8,-18,-10,-12,-24,-8,-15,0,0
-9,5,-5,1,-14,-9,-4,5,0,-10,-2,-17
-1,0,-7,-12,-1,0,-5,2,-25,-20,-1,-25
-5,0,-6,-6,-6,-21,-8,1,-7,-26,-4,-13
-10,9,-5,-7,-1,-10,-1,-4,-7,-10,-17,-6
-5,-1,-25,10,-2,1,-3,0,-8,4,-1,7
-10,6,-10,2,-18,-2,-14,12,-2,3,0,-5
-6,1,-3,2,-10,10,-23,0,-26,2,-25,12
-4,-5,-26,-11,-2,2,0,13,-8,3,0,-8
-10,4,-18,12,-5,5,-12,-14,-12,-20,-3,9
-1,-3,-19,-10,-2,1,-13,-13,0,17,-7,12
-4,-4,-2,4,-18,9,-19,9,0,-5,-6,-15
-1,-7,-1,4,-1,17,-4,-9,-16,-15,0,9
-8,5,-17,-16,-22,6,-22,6,0,-14,-20,-11
0,10,-10,-13,-12,3,-21,-9,-19,12,-17,5
-7,21,-17,2,-20,9,-25,5,-23,16,-22,2
0,4,0,17,-6,-2,-1,20,-24,-6,-6,16
-1,-3,-15,-5,-10,6,-22,0,-24,20,-17,18
-4,2,-15,5,-22,24,-22,25,-16,9,-18,19
-2,3,-5,18,-24,3,-13,25,-13,5,-11,1
-8,13,-1,2,-7,19,-25,26,-15,9,-18,7
0,5,-12,-7,-13,-2,-7,24,-1,15,-22,-4
-3,2,-24,22,-21,-7,-8,-4,-5,8,-10,4
-11,6,0,4,-26,5,-18,13,-10,4,-6,20
-9,31,-11,19,-16,2,-2,26,-4,30,-5,17
-12,-2,-17,6,-9,14,-5,-4,-11,29,-2,4
0,-1,-10,-2,-25,32,-26,2,-14,16,-10,19
-12,27,-18,-2,-26,23,-11,28,-22,19,-9,9
-18,33,0,13,0,18,-12,16,-23,11,-21,23
-6,19,-20,2,0,11,-18,15,-20,15,-7,28
-2,-4,-19,-6,-6,-6,-9,-27,-9,-3,-16,-32
0,-3,-6,-2,-23,-4,-5,-12,-6,-10,-25,-6
-6,-3,-10,-13,1,1,-25,-1,-7,-12,-6,-20
0,2,-8,-9,-19,-28,-14,-16,-6,1,-8,-4
0,4,-7,-4,-3,4,-14,-31,-2,-10,-10,-22
-1,0,-9,-7,-10,-5,0,-2,-2,-30,-8,-23
-3,-2,-1,-3,-8,-19,-3,-7,-3,-30,-5,-23
1,3,-19,-17,-7,0,-22,-16,-7,-20,0,-19
-4,2,0,1,-2,-10,1,-2,-1,-4,1,-9
-1,-1,-5,-6,-8,-17,-6,-12,1,3,-8,-17
-8,6,-20,3,-7,-19,-13,4,1,7,-25,9
-6,5,-7,-2,0,0,-2,-6,-22,8,-8,-3
-3,-2,-3,-4,-5,-18,-23,-11,0,0,-11,-15
-9,5,-10,-14,-17,-15,-24,-8,1,6,-3,3
-5,0,-3,13,0,8,-9,-17,0,9,-6,8
-7,4,1,-2,-17,2,-3,-7,-7,12,-7,13
-9,5,1,7,-1,7,-7,4,-15,-1,-3,15
-9,12,-11,-7,0,17,-15,-1,0,-16,-2,1
-10,8,-6,16,-16,1,-8,5,-25,-1,-11,-7
-7,6,-7,1,-9,14,0,19,-5,7,-25,-2
0,7,-6,-9,-2,-3,-14,-4,-4,10,-24,5
-3,9,-16,16,-1,-9,-10,-13,-22,21,-16,10
-4,-1,-12,9,-20,9,-17,-10,0,13,-22,-8
-10,8,-8,21,-25,-5,-16,4,-2,20,-1,-7
-10,10,-24,-2,-6,23,-8,14,-24,8,-10,9
0,0,-6,15,-25,22,-4,19,-19,-8,-19,-2
1,-2,-16,24,-14,-1,0,20,0,0,-10,8
-5,4,-22,-7,-1,3,-17,7,-2,14,-23,24
-2,3,-11,-6,-5,-7,-2,-1,-19,-8,-4,26
-8,2,-14,22,-20,7,-1,9,-22,16,-5,-2
-1,-1,-14,-1,1,25,-1,14,-23,22,-6,12
-10,-3,-3,10,-3,-1,-11,2,-3,29,-9,19
-11,9,-18,27,-22,7,-12,21,-2,28,-7,-3
-11,22,-3,4,-7,-1,-21,5,-25,33,-16,0
-6,1,-1,4,-18,21,-14,27,-7,2,-17,2
-1,-1,-14,13,-12,16,-24,24,-24,11,1,30
0,3,-18,8,-20,9,-17,24,-21,34,-2,3
0,-1,-6,-24,-19,-14,-19,-22,-13,-16,-1,-31
-1,-6,-2,-6,-16,-29,-12,-23,-11,-8,-17,-3
-5,0,-23,-18,1,-27,-4,-32,-11,-10,-19,-30
-2,-3,-21,-32,-7,-17,-8,0,0,-1,-24,3
0,2,-5,-8,-3,-19,-10,2,-5,-19,-7,-18
-2,2,-3,-8,1,-13,-2,-11,-4,-10,-16,-25
2,6,-23,-1,0,2,0,-1,-10,-25,-5,-9
1,4,2,4,-14,-11,-8,-23,-20,-5,-3,-11
1,1,-7,-7,-5,-4,2,-4,-2,-7,-6,4
-6,6,-1,4,1,-8,-2,-5,-16,-10,-8,-2
-6,5,0,-7,-14,-7,-2,-7,-17,-18,0,4
-7,5,-18,-25,-5,-25,-2,4,-8,5,-6,-16
-2,1,1,-1,-24,-7,-1,-1,-1,0,-2,1
-1,-7,1,4,-1,-2,-9,-19,-10,12,-17,-15
0,0,-1,-3,-1,-2,-1,-2,-4,0,-22,-6
-5,5,-6,-19,-16,11,-6,-11,-8,1,0,8
-9,9,1,14,-7,-13,2,-1,-6,3,2,-6
-5,3,-15,-17,0,0,-4,16,-1,-1,-2,-5
-1,1,0,14,2,5,-5,7,-15,-1,-4,17
-1,8,-2,17,-8,8,-11,5,-7,-4,-17,10
-8,11,-23,-4,-18,-16,-17,-11,-24,9,-21,18
-4,0,-21,-2,-3,17,-3,13,-3,-8,-2,19
2,-3,-22,13,-16,-1,-17,2,-4,22,-17,14
-3,-3,-24,22,1,-1,2,-1,-12,14,-5,12
-1,-2,-3,13,-22,-5,-14,13,-14,17,-22,-5
0,1,-15,-3,-23,16,-13,9,-23,25,-7,7
-10,23,-8,1,-8,-6,-2,-1,-14,24,-6,-6
-1,4,-20,20,-23,11,1,1,-18,26,-13,17
-4,2,-2,20,-22,24,-4,23,-16,14,-12,4
-5,2,-24,9,-22,-1,-5,-3,-13,10,-23,9
-5,1,-20,4,-19,10,-17,20,-10,18,-22,30
-4,1,-2,-4,-21,14,-7,26,-10,25,-6,-2
-1,0,-22,27,-19,11,-15,-3,-7,25,-1,21
-10,6,-3,27,2,22,-3,32,-5,25,-10,23
-3,4,-23,13,-6,13,-17,-1,-24,18,-2,-2
-6,2,-1,-1,1,13,-12,13,-4,0,-18,33
-4,0,-9,5,-22,10,0,3,-12,9,-9,24
-2,-2,-2,-26,-12,-36,-9,-5,-22,-28,-23,-9
-3,-4,-21,-25,-9,-35,-13,-8,-15,-3,-14,-2
-5,-4,-6,-22,2,-21,-1,-29,-1,-30,-22,-5
2,-5,-18,2,3,-18,-6,-14,-1,0,-16,-29
-3,2,-20,-22,-3,-22,2,-16,-7,-17,1,-29
-1,3,-14,-28,3,-24,-20,-28,-7,-17,-5,-31
0,1,-7,-22,-20,-22,-6,0,-1,-20,-12,-26
-3,4,-13,-19,-6,3,-17,-24,-8,0,-19,-9
2,2,0,-15,-16,-17,-10,-17,-18,-23,-19,-25
1,1,-11,-18,-11,-3,3,-20,-13,-22,-23,-2
1,1,-10,-17,-7,-2,-1,9,-6,-15,3,-5
3,2,1,6,-4,-16,-6,-13,-5,-13,-1,-1
-1,3,2,-7,-7,-16,-15,6,-6,-16,-8,2
2,2,-6,-8,-2,-11,2,-1,-4,9,-19,12
-1,1,-1,-9,-11,8,-4,2,-1,-2,3,-12
-2,3,-21,-18,-10,-5,-11,-17,-15,-13,2,13
-6,6,-6,5,-11,-3,3,5,-10,3,-5,10
1,1,-14,6,-23,-3,-4,-5,1,-4,-2,-15
-6,7,1,8,-17,-12,3,5,-21,18,3,2
3,5,-11,15,-7,11,-5,5,-1,-4,-18,2
0,8,-3,15,-19,4,-12,-2,-1,8,-12,-8
0,-1,-9,15,-8,-15,-1,19,1,4,-14,21
-3,2,-6,-7,-12,19,-22,-8,-5,-11,-1,-12
-4,1,-16,5,-22,12,-15,-12,-23,19,0,-12
-5,1,-23,24,-15,-10,-4,19,-2,8,-11,14
3,1,-16,23,1,10,-1,-4,-20,-6,-18,17
-7,10,-21,20,-16,24,-7,24,-20,24,1,-8
2,-2,-10,-4,-2,19,-15,-4,-11,-7,-19,25
2,5,-1,3,-15,8,-10,16,1,14,-6,26
-5,29,-22,19,-3,17,-4,3,1,22,1,-3
-3,-2,-16,11,-23,3,-10,10,-18,-3,-8,7
0,-2,-23,19,-4,-1,-2,4,-4,28,-2,6
-2,-1,-14,16,-3,-2,3,4,-12,-3,-3,-3
-4,2,-20,17,-6,9,1,29,-18,8,-12,11
-2,0,0,4,-17,25,-12,19,-7,27,-23,18
2,3,-5,0,-18,3,-21,8,-6,13,-23,15
-7,0,-8,11,-8,29,-14,16,-11,14,-15,17
0,0,0,-14,-11,-34,-20,-22,-1,-14,-6,-27
1,-5,0,-14,-2,-28,-2,-8,-15,-6,-7,-26
1,2,-5,-29,-10,-24,-8,-8,-13,-12,-17,-32
4,-3,-13,-26,-15,-9,-20,-15,4,-26,-3,-4
-2,3,-22,-29,-22,-2,-2,-3,-8,-21,4,-7
0,-2,-14,-25,-5,-12,-8,-12,-13,-22,-20,-3
1,-2,-20,-14,-21,2,-4,-21,-4,-28,-12,-11
1,5,-18,4,-3,-19,3,-17,-7,-18,-4,-16
-2,1,-21,3,-16,0,-11,3,-13,-1,-1,-15
0,-6,-14,3,-22,-4,-1,-13,-20,-19,1,-14
-5,3,-22,6,-10,-17,-3,-4,4,5,3,-2
-1,6,1,-13,-10,-20,-21,-3,3,-24,-19,-22
4,2,-16,-13,3,-20,-3,11,-18,-12,-5,7
2,1,1,5,-4,-1,-3,5,-3,-11,-3,-10
3,2,-19,-16,-8,-10,-5,-19,0,1,-16,-14
1,0,-4,6,-1,-17,-18,-3,-5,0,-20,-20
-2,1,-22,3,0,0,-5,-14,-3,2,4,3
2,-2,-4,5,-7,-16,3,-12,-20,8,3,11
-5,6,4,4,-8,-16,-21,3,4,2,2,5
2,-3,-4,17,-11,2,-6,-6,-3,7,2,8
-1,-1,-12,-13,-16,8,1,-4,-6,20,3,0
-2,12,-15,-11,-4,11,-5,2,3,2,-2,17
-7,13,1,19,-6,-8,-14,11,-13,-9,-2,8
3,-5,-2,9,1,18,-8,11,-16,20,1,-3
-2,13,-20,24,-15,-7,2,7,0,16,3,6
4,-4,-11,1,0,13,1,19,-21,13,-18,1
-7,10,-13,8,-15,11,-14,7,-18,-5,-17,15
-6,3,-18,27,-18,9,-19,11,-8,-3,2,-4
-7,1,-7,-7,4,24,4,-3,-12,17,-1,22
0,-1,-7,8,-13,7,-8,22,-5,23,-3,2
-3,-2,-14,3,-18,-6,0,30,-12,17,-15,29
-4,15,2,24,-18,28,2,-5,-20,1,-1,16
-1,1,-13,23,2,12,-16,28,-2,5,-17,26
-2,0,-17,9,4,19,-6,1,-15,4,3,30
-7,-1,-22,25,-21,2,-10,22,3,17,3,24
-8,21,-14,17,-21,25,-2,11,-15,18,-6,11
-8,0,-5,32,-18,7,1,32,-22,8,-17,34
0,0,-21,-7,-10,-18,-17,-10,-19,-31,0,-20
0,0,-3,-14,-18,-17,5,-17,-5,-9,-18,-26
1,1,-13,-10,-7,-24,-19,-17,-5,-16,3,-20
5,2,-21,-7,2,-30,0,-2,-4,-18,-15,-23
5,-4,-16,-28,5,-22,-13,-6,-5,-4,-6,-12
0,-4,-21,-16,-2,-25,-6,-31,-19,-12,0,-7
2,-4,0,-11,4,-21,-17,-16,-5,-30,5,3
0,-1,4,4,-20,-20,5,1,-8,-9,4,0
5,1,0,-12,-15,-16,-8,-7,2,-12,-2,-13
2,6,-15,8,5,-15,-10,-20,-21,7,-3,-1
4,-12,-2,-3,3,-2,-14,-15,2,5,-18,-18
3,-2,-11,-20,2,-1,-13,-14,-21,3,-9,0
0,1,1,-6,2,-9,5,9,-19,-11,0,9
-2,5,-9,-9,-5,11,-13,-3,2,-2,-3,-12
1,4,5,13,-15,0,-9,-15,0,13,-5,9
0,0,-3,-7,-2,-8,-3,-14,-19,-10,-3,10
1,0,-18,16,0,-3,-14,-7,1,-3,-4,-11
0,-5,-6,7,2,3,0,0,-5,16,0,-2
4,1,3,18,-3,9,-5,-15,1,4,2,15
0,0,-3,14,0,4,5,-14,5,2,-3,-9
-3,11,-14,16,-19,-1,-9,-5,-4,-13,-12,13
2,5,4,13,-20,9,-21,15,-21,12,0,20
-2,7,-6,-14,4,-8,-8,-14,-18,5,1,-10
3,5,1,14,-3,4,3,17,-13,18,2,18
2,0,2,-7,1,-1,2,-1,-2,-7,-1,2
5,-2,-10,16,-1,5,0,11,-15,25,-17,-9
3,-2,-11,10,1,22,2,-8,-13,2,-13,16
1,2,-20,15,-19,8,3,-8,-21,6,-1,16
-4,2,-18,-4,-13,-8,1,2,-14,5,-18,-4
-1,0,1,-1,-19,9,-12,19,2,-3,-2,20
-7,6,0,29,2,0,-8,14,-9,29,2,16
3,1,5,12,-8,22,-1,17,-6,1,5,2
-6,19,0,10,-13,0,-14,2,-21,18,2,24
-4,0,-4,-3,5,11,4,3,-13,8,3,14
-3,2,4,6,-15,12,-3,-2,-4,-2,-8,19
5,2,-14,20,-17,0,-19,1,-10,30,-2,0
-6,4,-12,28,3,35,-19,36,-8,5,-15,0
4,0,-1,-28,-10,-15,4,-12,2,-7,4,-4
1,-2,3,-32,5,-30,-2,-14,3,-21,6,-26
3,1,-2,-1,4,-8,-16,1,-12,-31,2,-25
0,-1,-4,-18,-9,-1,-18,1,-13,0,-1,-26
0,4,3,-10,5,-3,2,-5,-12,-26,-1,-26
6,3,-16,-20,-12,-28,-8,-13,4,-22,0,-16
3,-15,5,-5,-5,-16,-10,-20,-4,-3,4,-11
2,2,-13,-5,-14,-25,3,-24,-8,-8,-17,-1
-5,5,1,-23,-5,-12,3,5,1,-5,-13,2
0,-3,-19,3,-20,-8,4,-22,0,-21,3,5
0,-14,2,-10,6,-13,-14,-24,-6,5,6,-26
6,-9,-12,9,6,-24,-7,-11,6,-21,-20,-1
2,-5,-5,-11,-1,-23,-6,-14,-8,4,-18,-12
5,-1,-4,-10,-4,13,5,8,-7,-7,-11,-6
-3,5,-19,-1,-19,-9,1,-2,5,-4,-19,1
-2,7,5,9,-9,-16,-3,-12,6,11,-11,7
-2,6,-19,-11,-13,6,-16,-1,-4,1,-1,-8
1,-11,-12,-4,-18,-18,-2,-14,-6,4,-7,-18
-13,10,3,16,0,0,-17,12,-1,-11,-12,-5
0,-15,-9,-4,-7,16,-6,-3,-1,2,-10,-17
6,3,-5,6,3,0,-2,17,6,12,-6,-4
5,3,-19,-10,-13,3,-20,5,-16,3,-15,3
5,3,3,12,-1,22,-4,-12,0,14,-14,4
4,-4,4,21,0,12,-18,6,-2,13,-6,-11
2,-2,-1,24,-2,22,-20,23,3,14,-8,11
0,0,4,-4,-13,14,-6,22,4,24,1,21
0,-2,6,18,6,26,0,-1,-6,0,-2,-3
-5,6,-12,-2,2,-3,-15,13,-11,5,-10,-2
-5,2,-15,17,1,-3,-3,21,-11,20,1,23
-1,1,-3,3,-12,-2,-9,19,-2,0,-17,11
-6,5,2,19,-10,-4,-14,20,3,5,-10,2
-3,2,4,11,1,3,-20,-3,1,22,-6,23
-3,0,-10,19,2,27,3,13,-10,27,3,11
-5,5,2,27,-7,10,0,21,3,-1,-1,0
2,2,-8,20,0,-2,-13,16,-7,8,-16,-2
-2,5,-8,24,-5,12,6,3,-13,10,-7,8
-13,33,-16,20,-20,31,5,15,-8,18,3,11
5,-6,6,-26,-6,-31,4,-1,-12,-4,-2,-4
5,-14,-4,-4,3,-28,-5,-7,0,-31,-10,-25
5,-2,-3,-2,-15,-9,4,-30,-19,-8,-9,-17
4,-6,-10,0,3,0,5,-24,-2,1,-2,-10
2,0,-14,-24,1,4,4,-16,-9,0,-4,3
7,2,2,0,-7,-29,7,-21,-17,0,-2,-6
4,-8,-8,-8,7,-4,-4,-29,2,-12,-17,-22
7,-5,-3,1,-6,-9,-7,-21,5,-26,1,-6
-1,1,-10,4,-2,-5,6,-17,1,-25,0,-23
6,-12,-19,-23,6,1,5,-25,-3,-25,-2,-1
-4,4,0,-14,-1,4,5,9,-4,-7,-1,7
-1,-1,4,-4,5,3,-14,-15,-16,-7,-3,-23
2,-6,-19,10,-18,-8,-5,-24,-1,-3,7,6
-3,3,-1,2,2,-14,-3,-13,-13,-18,1,-21
0,1,-18,13,0,-7,1,-15,-1,-11,7,14
7,0,4,-3,-10,-3,0,-14,2,-21,4,0
0,-14,-6,9,-6,6,-14,-2,0,0,-5,12
-14,-1,-13,4,-6,-19,-16,9,1,-2,-13,4
0,-1,-16,-18,-14,0,0,-1,-5,-6,3,0
-13,1,-9,-4,-13,3,-5,-1,1,2,-10,4
-3,-13,-6,18,-6,9,-18,8,-4,7,-5,18
0,0,-3,-3,-11,3,-10,4,2,4,-9,17
1,12,-1,15,-7,6,-15,2,3,-7,3,22
3,-4,1,-6,-9,7,-7,6,-3,-1,2,1
7,-2,0,6,0,-1,-8,4,-16,-11,-3,18
0,0,-1,-1,-8,-10,6,-3,5,-6,4,8
-3,1,1,15,7,20,0,-2,3,15,-8,-1
-3,1,-17,25,-10,14,-2,2,5,14,7,19
2,-1,-11,-4,-19,7,0,3,6,17,-3,-5
-1,1,-9,25,-11,0,-7,6,-6,27,-11,24
-3,2,-8,-4,1,27,-19,10,-10,18,-19,22
3,-2,-16,-2,-6,29,-3,-5,-10,30,-8,7
6,1,-19,24,-11,6,-11,32,3,11,-11,-2
2,-2,-6,12,-16,20,1,8,-8,30,4,13
-2,-1,-9,27,-19,-2,-12,23,0,21,-8,25
-3,35,1,10,-16,33,-2,12,-17,11,-13,20
-11,32,-3,28,4,32,4,3,-14,8,-2,30
3,-24,-5,-11,-15,-27,2,-11,-5,-24,-2,-20
-1,-35,-4,-1,-8,-26,-9,-2,-14,-5,-13,-22
0,0,-12,-8,-1,-6,-1,-26,2,-9,5,-34
4,-1,3,-13,0,-23,8,-12,8,-6,4,-2
0,0,3,-11,-17,-17,5,-11,1,-1,8,2
2,-3,8,-24,1,-19,-17,-14,7,3,7,-4
5,-7,3,4,4,-12,-5,-15,2,-7,-4,-13
-1,-1,-8,-13,-10,2,1,1,1,-19,5,-11
-2,4,-18,-9,2,4,6,-7,7,-7,-14,-10
4,-12,7,8,-7,-21,-17,-11,0,3,1,-27
2,-6,0,0,-1,-9,-11,-6,2,-21,3,2
1,0,8,-2,7,-1,-18,-7,-12,-11,0,-3
-1,-1,-7,10,7,-2,-11,-5,-1,8,4,-4
4,-6,5,-9,0,-10,-6,-21,-7,-18,1,-12
3,-6,-13,4,-13,-14,5,-4,6,-4,4,-6
5,-3,-7,12,7,14,-18,0,2,-3,3,2
4,-20,-1,0,-8,-20,-9,-7,-5,5,0,-1
-2,-2,0,-13,-17,-17,-12,-10,0,0,-5,6
1,1,7,-4,-13,-11,3,14,6,2,0,-1
-9,-2,-7,6,-2,13,-7,-7,-14,5,-3,6
-14,8,0,0,3,-15,-6,-7,-12,3,-1,0
0,-1,-6,5,5,8,2,-15,-6,15,-15,14
8,-8,-10,3,-8,2,8,-13,-5,4,5,-5
-4,17,-5,3,3,-10,-3,9,8,12,3,-13
6,-2,2,-7,2,8,0,18,0,19,8,10
0,0,6,-9,6,-2,-4,25,6,14,6,13
1,0,-11,-3,-3,-1,-6,-5,6,-6,0,13
4,-1,-12,-6,-16,9,-18,1,0,18,-15,-8
-3,5,-1,25,8,19,4,10,7,20,-2,20
-4,3,5,20,-18,17,-18,8,-4,10,-8,8
-11,6,-1,13,-4,10,-5,4,-12,7,-1,13
-18,31,-8,9,-4,18,-14,26,-15,21,-17,2
5,-3,-12,10,4,19,3,8,-15,17,-7,2
3,1,-9,8,-9,19,-13,29,2,-3,2,8
5,0,6,1,7,-1,-16,1,-4,23,-16,21
5,-1,4,11,-18,33,-4,10,-3,0,-12,30
-4,32,0,11,-1,13,-13,11,-14,6,-9,6
0,-21,-4,0,-3,-5,-4,-27,6,-8,-3,-17
-10,-6,-5,-24,-12,-6,-14,1,-2,-7,0,-29
7,-1,9,-9,0,-19,-8,-11,-17,-1,-6,-17
7,-8,4,0,-6,-17,-9,-33,-2,-20,-17,-2
8,-6,8,-13,-6,2,9,-18,3,-12,7,-31
4,-2,1,-9,-16,3,-14,-23,-7,-5,4,-24
7,-14,-13,-11,2,-5,-15,-1,-14,-14,7,6
0,2,9,2,8,-26,0,-25,-9,1,5,-14
-1,5,-6,2,2,1,-7,-6,-6,-28,-11,1
9,-13,5,-10,0,-1,0,-2,8,-1,8,-22
7,-11,5,10,-14,-11,5,6,-15,-9,7,5
-2,9,-8,-19,-5,-9,8,-2,0,-16,1,-13
8,-4,-2,-21,-5,4,9,11,-16,3,-7,2
6,-6,2,-21,-16,10,-5,-20,5,-17,7,12
8,-1,-13,-8,6,-3,0,10,-6,12,8,-7
0,0,-15,-4,-2,-17,1,13,7,6,-4,-5
9,-19,-1,-1,-7,-9,-2,-3,-4,10,-17,2
-5,-12,-10,4,7,-6,-2,14,-15,2,-8,4
-6,-4,-5,-3,4,18,-8,-12,-14,9,-10,18
0,1,0,12,-10,-15,-10,16,-3,12,-3,-1
8,-14,1,19,-1,4,-8,2,-17,2,1,4
6,-8,4,2,8,1,1,-1,2,-4,6,12
4,-3,-9,-13,5,-4,-9,8,4,3,8,7
2,-1,-7,5,-1,0,-13,14,-5,3,-8,-11
-1,3,-14,4,2,10,-3,0,9,-12,0,-5
6,-3,-1,16,-9,25,7,12,-2,11,5,16
6,-4,-9,23,8,21,6,12,-4,-1,7,18
-2,5,1,4,9,25,-2,-4,-6,0,5,-4
-1,8,-5,-8,6,9,-4,-3,-16,8,6,22
2,13,-14,12,4,15,-10,10,-2,13,7,14
-5,5,0,30,-17,15,9,25,9,0,-4,30
-16,22,-16,23,-16,2,5,11,-6,-1,-15,26
7,0,-4,26,9,-2,1,9,-9,20,-3,10
5,2,-6,23,-3,26,5,0,-6,9,8,29
-1,5,7,2,-1,3,-14,7,-17,27,9,6
4,-1,-15,7,3,3,7,14,-16,20,4,5
0,20,-1,3,-10,35,1,31,1,10,-1,13
2,-34,-1,0,-7,-23,-4,-13,-6,-8,-3,-7
-7,0,-13,-27,0,-2,0,-23,9,-30,-12,-18
9,-22,-12,-4,-8,-10,7,-26,-4,-2,1,2
10,-10,-7,-32,-12,-30,7,-5,-2,-31,-8,3
5,-13,8,-19,-9,4,10,-21,-3,3,5,-31
0,-9,0,-8,-9,1,-16,-6,1,-6,9,-8
0,0,1,1,-11,-25,-6,-17,9,0,9,-10
3,0,-8,-2,8,-15,3,-28,5,-21,-15,-5
4,2,-6,-6,4,-20,7,-13,5,-15,2,0
1,-5,10,-25,5,-16,9,-9,4,-16,2,-3
6,-8,-13,-8,-9,-7,3,-5,-13,-9,0,1
8,-6,2,-18,-2,11,-8,-11,5,-23,8,-5
10,-4,-16,-17,-8,2,10,-8,-8,4,0,5
-1,9,10,11,-16,-3,-1,-13,-2,-20,0,9
0,1,6,-3,-7,-6,0,13,8,8,6,-1
10,-6,-1,-11,5,2,9,4,7,-2,8,-3
10,-15,-4,16,-7,-16,-11,0,-13,-6,-4,-7
-3,-12,0,-13,-7,-13,-4,13,-1,-11,-1,-13
0,0,8,-4,8,-18,1,3,10,5,-3,13
-16,-11,0,0,-7,11,9,-8,0,0,-13,5
-1,9,-9,4,-10,-8,0,-9,-1,-9,-4,6
2,-3,7,8,-8,13,4,13,5,-11,-2,-15
8,-3,-6,3,7,-14,0,12,3,-8,1,-11
1,1,8,22,-1,-3,-14,13,8,8,0,1
-1,16,4,21,-1,10,10,3,-2,-11,-4,8
1,0,-12,5,3,10,2,18,2,21,2,14
2,0,3,15,2,15,2,2,-7,23,-4,14
2,0,3,5,-1,-8,5,-7,-14,20,3,15
1,0,3,24,0,7,-8,27,-3,-2,-9,-7
-8,22,-16,11,-14,16,-1,11,-2,-3,0,10
-11,2,-2,19,-11,6,-5,0,-14,12,-2,30
-2,0,10,-4,-2,23,-6,9,1,2,-11,5
4,-3,-3,-3,-8,21,-14,29,-12,-2,-2,0
-1,0,9,-1,-5,11,10,-1,-12,33,4,18
-2,1,-2,24,9,31,0,19,6,6,-2,1
8,0,-10,20,-5,7,4,4,7,29,-14,26
-1,0,4,30,-10,11,-5,2,-9,36,-14,35
9,-33,1,0,-4,-14,-9,-8,3,-28,-13,-14
-9,-35,-11,-33,2,-21,6,-29,1,-4,-12,-33
4,-21,-3,0,-15,1,-8,-4,-8,-31,3,2
6,-11,2,-25,8,-3,2,-33,10,-11,10,-16
6,-12,8,-3,-11,-6,4,-26,9,-32,4,-28
0,-15,-4,4,-2,-27,-12,-26,-12,-24,-11,-26
4,-3,-12,4,-3,5,-5,-10,-8,-25,6,-27
4,-5,5,-3,-2,-14,5,-21,6,1,-14,-10
2,-16,2,-10,-1,-9,-10,5,-2,-20,-8,1
7,-15,-7,-13,-5,7,-14,-26,3,-10,-11,-20
1,-5,10,-2,5,3,-9,-15,0,-12,11,-23
6,-16,-7,-4,2,10,-12,-25,0,0,-14,-11
-2,-23,-2,-14,5,-5,-11,10,-6,-8,-3,-3
2,-21,-9,-8,-12,4,-2,8,-2,-12,8,12
-1,4,7,2,1,-1,-5,-5,1,-19,0,-21
11,-3,3,-12,11,-21,-13,4,-9,-13,-7,-3
3,-5,8,5,10,-12,10,-3,0,6,7,-19
-6,-7,0,0,-13,-19,-9,15,-1,-11,1,0
-10,-4,-7,-15,-14,-15,-12,-17,8,-12,9,-5
-3,-8,4,-1,-9,4,-9,-11,1,-1,1,-11
1,-2,-10,-11,-8,17,-4,9,0,-16,-14,14
5,-6,-10,19,-4,-2,-6,6,9,-8,3,-13
9,-7,-13,6,7,-12,8,11,10,-6,-7,5
10,-7,0,22,-5,0,-14,0,-1,13,-4,-3
1,-3,-7,-4,10,-1,-11,-9,2,19,10,13
7,-4,10,4,-4,-1,-9,-4,-1,25,-6,-10
0,21,-8,1,-14,9,-3,21,-6,20,10,25
0,2,9,12,7,7,-5,7,0,1,1,-1
7,-6,0,17,-9,23,10,5,-9,14,-4,15
-4,4,7,26,10,3,5,-6,10,-5,-4,21
-3,30,-1,13,-15,30,-5,15,-7,15,-3,24
-3,1,6,4,-1,20,6,18,0,25,-14,4
3,-4,0,19,5,9,-12,15,5,25,-1,25
-1,31,-13,30,3,28,-6,22,-11,14,3,12
1,2,10,11,5,13,6,13,2,20,7,20
1,0,-11,21,-5,2,3,14,2,4,8,33
-1,1,8,35,-3,14,9,8,1,11,9,12
-9,-8,0,-7,5,-13,4,-34,-9,-30,4,-1
-13,-28,-5,-30,4,-31,-6,-8,6,-3,10,-28
4,-33,-1,-21,-10,-29,1,-31,11,-28,-12,-20
6,-19,-6,-28,4,-15,1,-24,-4,-6,-12,-7
9,-27,4,4,-8,-6,-14,2,-11,-32,-13,-10
-6,-28,5,-27,0,3,-9,-27,-13,-30,11,-25
2,-17,-8,-17,-9,-29,-10,-29,1,6,-14,-18
-1,5,0,-23,0,1,-10,-14,-9,-1,5,-9
-11,-23,7,-16,-1,-5,-1,-10,-9,-14,6,-19
-9,-4,11,-11,-3,1,11,0,2,-21,2,-12
3,-13,1,-22,5,5,6,-20,-13,8,-7,-5
6,-20,-1,-19,2,4,12,11,1,-22,-8,-10
-10,-19,9,-9,2,3,-13,-4,8,7,5,-7
-6,-21,1,-16,-1,-13,-5,11,-2,11,-8,-17
5,-22,10,-12,0,-7,-7,12,9,-7,2,-18
-6,3,10,12,0,0,1,-7,-1,1,-5,1
-8,14,-4,14,-9,15,9,9,-2,-16,-14,-6
-3,6,1,-13,-3,-8,-8,0,-9,14,-11,7
-7,-3,1,-6,4,-15,-3,9,-1,18,-11,2
-11,1,-9,-15,-2,12,-4,-9,-9,19,-8,5
-2,11,-7,-3,0,4,-11,11,-3,-5,2,4
-6,-8,-7,7,6,2,-8,16,-14,-4,-11,15
-6,22,-1,5,-1,15,1,17,-14,-8,-10,9
0,-5,-11,1,-14,0,-9,-11,-1,-12,-7,0
12,-8,-1,8,-6,8,-1,24,-13,16,-2,15
4,-4,0,11,-10,13,-7,17,-9,7,-5,-3
8,-9,-2,0,4,-4,-11,14,4,26,0,17
-9,17,-9,-9,1,15,-10,2,-10,24,-9,-4
-8,21,-3,20,-10,21,1,16,5,8,0,17
-3,21,-12,-5,-2,6,-7,-3,4,-7,-11,-2
-7,0,-10,17,-3,21,5,27,-14,17,-1,-6
-14,-5,6,1,-2,13,12,15,11,27,-12,13
3,31,2,12,-4,28,-9,-1,0,12,0,4
-8,29,0,1,-1,0,1,22,0,11,-8,1
2,0,7,22,6,33,-2,8,-10,23,7,17
10,1,7,6,4,22,-2,14,-13,32,5,7
0,4,2,0,-9,28,-14,31,-3,32,-1,17
0,-4,-8,-13,8,-17,4,-2,-11,-11,1,-30
-8,-34,10,-25,-12,-6,13,-29,4,-17,1,-12
6,-32,4,-18,13,-5,13,-5,-6,-22,0,-12
-6,-1,7,-14,0,-21,-5,-24,-11,-9,-13,-27
13,-32,-1,-24,2,-4,-10,-15,-13,-20,4,-12
-4,-28,-9,-23,-11,-23,6,-29,9,-17,13,-19
-7,-26,-3,1,2,1,1,-15,6,-13,4,-25
-9,-4,-5,-6,1,-15,0,-16,-8,-16,0,-25
-12,0,-9,-3,4,2,5,-20,13,-11,-6,-9
-13,-25,-6,6,-2,-23,12,5,-9,-11,2,-5
-10,-2,-11,-20,5,9,-8,-11,5,9,-12,2
-8,-1,-5,-14,0,5,0,-8,-3,-14,0,9
-8,-22,-2,-23,7,3,3,-23,-6,1,7,-24
-1,1,-12,-16,6,9,12,-3,-11,-14,5,-5
-11,13,-11,0,-1,-16,4,6,3,-3,0,-14
-2,-1,2,12,1,-13,-13,3,-6,-5,11,5
-3,-17,5,10,9,-19,-6,-12,8,12,-9,7
-1,-1,-7,3,2,-13,6,-1,-12,-16,-9,9
4,-1,4,4,-11,10,9,-3,-5,11,-7,18
-5,0,-3,-17,10,12,-4,5,4,-7,12,-16
-3,0,8,-14,12,16,9,8,-2,12,4,17
-11,5,-9,0,-2,10,-11,15,-8,1,-3,-6
-5,9,-8,19,3,-7,-1,6,-8,-14,2,17
-8,-6,-9,0,-7,5,-4,-8,0,-10,-9,19
-5,-1,0,-8,-10,14,-5,-5,-1,-6,-7,5
-6,0,-12,3,0,0,-3,20,-5,3,-5,12
-10,-8,0,-10,-2,7,6,2,-11,4,-1,1
-11,-4,-11,23,9,-9,-2,10,10,16,10,17
-11,14,-1,-4,0,16,8,8,12,28,-3,27
-2,6,-4,29,-2,8,6,-2,9,-2,-8,5
-12,29,5,13,-6,4,-7,29,1,14,2,2
4,14,11,18,-12,17,-2,4,12,8,-13,3
-13,26,-10,25,-3,4,-12,-1,13,4,-3,19
0,2,-10,8,-8,3,3,28,-7,6,-11,3
-3,32,-11,3,2,23,-7,19,-13,12,-13,5
-1,32,1,12,5,4,-6,22,-10,21,-10,31
-9,10,-10,22,-8,34,-8,0,0,32,2,4
8,-19,2,-28,-8,-25,-10,-32,-9,-12,1,-3
2,-11,-12,-34,-11,-27,3,-29,0,-6,-9,-28
-6,-8,8,-17,-9,-10,-8,-27,1,-34,3,0
-9,-20,1,-21,-12,-27,-10,-21,-10,-11,-10,-9
-8,-3,-4,-12,3,-15,-8,-32,0,-21,-6,-12
-3,-27,-12,-22,-7,-6,7,-4,-11,-8,9,-2
-1,-1,13,-27,8,-7,5,-8,12,-17,-3,-3
0,-4,12,-14,-6,-16,-10,-21,-4,-29,-8,-23
-11,-24,4,-8,7,-14,9,-7,-3,-18,-1,-9
-1,-18,2,-10,9,-27,12,-21,-9,-23,14,5
-10,4,1,0,14,-22,-2,0,-7,-5,12,7
0,-13,9,-14,-9,11,13,-11,8,-9,-7,-17
-9,10,0,-23,8,-10,5,3,11,-11,-4,-10
-8,-22,-5,-17,-7,4,13,-19,11,-14,4,-18
-9,-8,-3,1,-5,-14,-3,-8,1,-1,-5,-13
1,0,-4,-19,11,-13,6,5,-3,13,-2,1
-10,5,5,7,0,-5,-1,-7,5,13,-8,-6
-2,0,-8,-7,1,9,6,13,11,16,-11,-8
1,-2,-6,14,-11,-1,12,-7,14,-13,1,-13
0,-1,4,4,-4,18,-4,16,3,-2,13,5
-11,5,8,-6,13,5,4,9,9,-6,13,12
0,0,1,16,11,-14,6,13,-1,-2,-5,0
-5,2,1,21,-10,8,-2,5,-7,21,-9,11
2,6,2,2,-7,-11,3,7,-1,23,5,-9
-10,22,-12,-12,-10,-9,-9,9,-3,-11,-1,-9
-7,-7,2,5,4,-1,-6,-10,-8,20,3,-4
-12,23,1,23,-5,21,4,7,11,24,-5,13
-12,4,-11,-8,1,12,0,8,2,9,8,7
-10,20,0,25,2,-3,-9,7,6,-7,-8,18
-11,-7,8,8,-1,13,1,16,13,9,-6,-6
-10,-6,-11,5,3,24,-7,17,5,13,-9,5
-11,20,14,27,2,1,3,21,7,4,0,13
-9,18,-8,3,-10,17,9,-3,-3,9,10,-1
-2,29,-6,21,10,5,8,17,2,25,-6,4
-5,21,1,26,10,33,-5,10,4,7,-11,6
-1,0,-1,19,7,6,7,-1,5,26,14,26
-3,20,3,27,7,34,4,19,7,14,-1,15
-10,-5,-8,-24,1,-3,6,-18,-6,-17,-6,-22
0,-1,3,-4,0,-32,14,-32,-5,-9,8,0
1,-3,-6,-18,0,1,10,-1,12,-22,0,0
1,-4,-10,-13,11,-21,-11,-32,-4,-5,-4,-9
-9,4,-2,3,13,-10,-4,-10,12,-25,0,-10
-11,0,13,-7,7,-17,4,-20,-10,-26,2,-24
0,1,4,-10,-8,3,-2,-3,-5,-19,7,-16
1,1,-1,-20,1,-8,-3,-16,-6,-3,-1,-26
-11,-23,-8,7,3,-11,10,-3,-11,7,-7,8
0,-1,-4,-17,-6,3,6,-17,-10,-16,8,7
2,1,10,1,-7,1,7,-1,11,10,-9,6
-11,2,5,-18,-1,-3,10,2,-10,10,9,6
2,-2,13,-15,-11,2,6,-9,-7,-24,0,-23
7,-7,3,4,-1,-18,0,0,8,12,0,-2
-9,-5,-11,-16,4,-10,10,-11,-8,3,-3,-12
-7,11,3,0,0,10,10,5,0,3,-11,-20
-4,1,14,12,6,14,8,-7,1,-3,1,-19
-1,-1,-5,-9,-1,-2,7,-8,13,-17,9,11
2,1,-11,-16,13,-1,13,-6,2,-1,0,17
-3,1,6,-6,10,17,6,-16,-6,6,15,0
-7,2,5,-7,3,17,12,-15,14,-5,-3,-1
-5,-1,2,-7,9,-3,14,13,-5,14,15,-9
-1,0,1,12,14,6,8,-5,-1,16,0,-3
0,-10,2,-10,13,20,6,-8,10,15,-10,-9
0,0,10,-11,10,-5,5,18,-11,1,8,7
6,-6,-5,14,3,13,13,11,4,24,-3,22
0,-5,-4,-8,-8,7,13,3,-1,-3,-11,-5
2,0,-11,-1,7,7,1,-3,-5,1,-7,21
-9,-7,-10,-5,-10,-3,-3,0,0,11,-9,-4
-1,-2,-1,29,13,-2,14,-6,6,9,-1,-1
-8,21,-11,-1,13,12,12,7,-5,-5,-8,-6
-11,21,13,13,4,15,11,8,14,15,-1,6
-9,22,-1,2,10,26,10,0,-1,13,15,-2
-1,1,7,5,10,15,2,25,9,1,5,23
-1,4,7,15,13,32,12,29,-11,14,-8,10
-6,20,-7,26,14,1,9,33,-6,9,5,22
1,21,-6,36,-3,30,-10,33,10,31,-6,3
-9,-14,4,-29,5,0,7,-29,-5,-19,14,-21
-7,-6,-5,-11,-3,-26,-9,-28,16,-21,2,-21
2,-21,7,-31,-7,-30,10,-18,10,-27,-8,-14
-10,-29,-5,-1,-10,-19,-5,-5,5,-28,-10,1
0,1,10,4,-5,-29,12,-30,5,-20,-3,1
-6,2,10,-17,-6,-21,-2,1,-3,-11,-10,-20
0,0,6,-25,-10,-18,-3,-6,2,-8,16,-19
-10,-7,1,7,0,-2,8,-28,15,-29,-10,-10
0,-4,-4,-11,-10,1,11,-18,1,-18,-2,0
0,-27,15,9,2,-27,14,-20,12,-15,10,6
-10,-2,-2,-16,0,0,0,-15,-2,9,14,-17
1,-23,4,10,-5,-1,12,-21,3,6,7,-23
-8,3,2,7,4,-11,2,1,-2,10,1,-22
0,8,-6,-17,0,1,-9,13,-6,-16,-10,-10
-10,-7,2,6,11,11,10,-12,-4,5,2,-12
-8,3,1,-6,0,2,7,12,6,-14,-7,2
-7,1,-1,10,9,-12,-9,-2,10,-12,7,-20
-3,0,-2,9,1,-12,7,5,16,15,12,4
-1,-5,11,-15,8,10,16,-18,13,2,-3,-6
-3,-4,12,-8,0,-2,-7,-7,16,-14,10,17
-6,3,13,-12,6,19,12,-4,-2,3,-10,2
-5,0,-4,3,2,8,10,6,-5,14,3,15
5,4,-1,-1,-10,4,16,3,-1,15,-3,-11
-2,7,-3,1,14,-3,0,19,-6,-12,-5,10
-2,9,16,-4,13,-10,-1,24,-9,-10,2,3
0,16,10,16,-5,15,2,-11,9,16,5,25
0,-3,-10,23,-3,-9,-4,15,-5,15,-2,24
0,3,-5,2,2,18,2,-8,-10,-6,-1,7
4,8,-10,3,-7,23,-10,-2,2,7,-9,-2
1,-3,16,-4,-9,-6,8,29,11,29,11,20
-9,17,16,5,-7,16,8,12,15,8,5,6
0,6,-4,24,-5,15,-3,26,7,18,-10,-5
0,32,-7,28,-1,4,1,20,15,25,-9,11
1,3,9,18,-1,6,-9,2,1,12,3,23
0,27,-8,7,-1,5,10,11,9,24,6,8
1,9,13,31,-7,13,0,28,-9,-1,-5,28
0,9,-4,5,-5,13,-8,35,-10,1,14,16
-8,-6,-2,-20,0,-11,-7,-13,-1,-32,1,-18
2,0,-4,-34,0,-11,4,-2,-1,-22,-6,-2
-6,-22,17,-22,0,-5,10,-15,14,-26,15,-12
-6,3,1,-3,0,2,-4,3,6,-31,15,1
3,3,11,-28,0,0,10,-16,12,1,-8,0
-4,-26,9,-27,0,5,-5,-18,9,-13,4,-4
0,1,17,-4,0,3,-3,-8,5,4,11,-24
-2,-26,13,-15,0,1,15,-15,9,-16,16,-10
-8,-19,14,2,0,-1,-8,3,-8,-11,-1,-23
-1,-26,16,-27,0,7,13,1,13,-16,-4,-16
-6,6,2,-17,0,5,-5,-20,15,-12,-1,-4
6,-6,-6,-20,0,1,-4,-8,-8,-3,16,-12
-6,-14,17,12,0,-14,-6,-13,1,-8,0,-10
-9,-20,4,9,15,-22,7,-5,9,-17,3,10
-9,-2,-6,5,-2,-18,3,-6,-7,-21,3,14
-5,-1,13,-13,-9,-20,7,8,4,-7,-2,-19
1,-7,11,-11,5,-9,5,-19,-5,15,-3,-17
3,-2,5,1,-5,-2,5,16,-2,5,13,-13
2,-1,-5,16,-1,-7,-5,12,2,7,6,-2
2,-1,5,-12,12,7,7,7,2,-11,11,-4
-7,0,1,8,8,8,9,-12,3,-9,3,-11
-3,6,2,-7,5,17,-7,6,5,-6,-6,9
-4,5,7,20,13,14,2,-9,-4,-12,1,-9
1,-12,6,4,8,12,-7,11,1,-9,8,22
-8,1,7,19,-4,5,-9,-4,0,0,1,18
-3,-2,3,13,-5,-3,-4,-10,1,4,5,13
-2,0,17,-1,17,-2,6,2,17,1,-6,5
-2,0,7,5,-7,24,11,-5,-1,7,12,0
-7,3,-6,15,-5,6,-9,24,17,18,-3,19
-1,-3,2,12,9,-6,16,12,6,14,7,-7
5,0,-7,19,17,10,0,18,-4,1,6,8
0,19,0,-1,13,12,5,13,-5,22,13,3
5,27,5,29,0,17,10,16,-7,19,-7,-1
-3,-1,-5,28,3,8,-7,29,11,10,-3,8
0,26,-4,29,-8,4,7,21,10,27,-2,8
-1,-1,8,3,17,27,12,4,5,31,-4,6
-5,9,-7,28,5,4,-3,0,13,1,8,21
0,-3,15,-27,16,-34,4,-8,13,-25,-7,-3
6,-21,4,0,7,-33,11,1,12,-9,-2,-23
7,2,0,-9,16,2,9,-32,1,-32,1,-27
17,-32,15,-13,13,-18,2,-27,18,-12,-5,-17
5,-21,10,-32,-5,-19,7,-17,14,-14,16,-32
-2,5,-1,-4,-5,4,17,3,12,-21,8,-13
-1,4,-7,-22,5,-11,0,-2,-7,-5,4,-1
0,-2,13,-29,-7,-6,10,-6,-4,-20,3,2
0,-3,13,-15,9,-19,-7,2,-3,-19,2,0
5,-27,18,-21,16,4,0,-15,15,-24,-2,-3
-3,5,12,-24,14,-11,-2,7,-5,5,8,7
-3,2,-3,-15,18,-1,-3,-12,-3,-24,18,-20
-1,1,7,-22,12,7,2,-19,16,4,-3,8
-4,11,10,-3,-5,-2,2,13,15,6,7,-6
-8,-3,-1,-7,7,13,-3,-6,7,-6,-3,-22
1,0,3,-11,-8,-11,-7,-19,4,15,5,-8
3,-2,-2,-16,15,6,8,16,18,-4,0,0
1,-1,14,-14,12,2,-6,9,13,-18,11,4
-1,0,1,-1,-7,-4,8,-10,7,-9,2,16
0,-4,-3,-11,12,9,17,9,15,10,18,-13
-7,0,6,8,15,-6,6,9,11,14,-3,11
11,3,1,6,17,2,16,2,6,-8,1,-2
-2,8,-2,20,-2,22,-7,-10,3,9,9,-2
4,7,5,-2,8,1,2,2,13,11,-4,9
-2,0,3,20,11,-10,-3,-3,-4,20,9,5
-5,12,-6,10,13,16,1,24,4,14,6,11
0,0,-7,8,-6,1,8,18,-7,19,4,-8
-2,1,11,13,12,0,-8,27,9,-3,13,16
-4,20,18,7,14,17,1,-8,-5,24,17,-8
-2,1,-2,-6,-1,13,-8,12,12,-5,1,4
-7,5,14,-4,4,25,4,20,2,0,11,20
1,29,-8,8,-8,-1,-6,-5,10,0,-5,8
5,-1,11,27,13,2,-5,-2,11,32,18,31
7,4,12,5,15,22,13,10,-8,18,12,25
1,9,8,24,7,3,-1,0,2,6,-8,30
1,31,14,9,10,-1,15,8,2,34,1,25
1,36,-4,21,-7,18,3,30,14,27,12,36
12,-35,11,-33,18,-10,7,-4,-1,-34,6,-18
18,-35,-3,-30,15,-16,17,-31,5,-23,9,1
1,1,3,-26,10,-30,8,-18,3,-1,3,-24
11,2,-5,-29,16,-28,1,-27,4,-11,11,-27
8,-8,15,-6,0,-15,9,-19,0,-18,-5,-3
1,-1,3,-24,1,-2,8,-18,4,-23,-6,-28
6,-18,9,5,14,-14,-3,-10,-1,-2,12,-28
0,7,-6,-4,-6,-18,-2,1,4,-13,4,7
-3,-1,7,0,3,-22,5,-1,19,-16,12,-18
1,1,-7,-7,14,8,-3,-6,6,-20,6,-8
-2,3,19,-6,9,-4,3,4,17,-14,-1,-1
0,2,-5,-10,12,-6,-6,-17,0,1,16,-2
-3,2,19,-6,-1,-21,12,10,17,-18,1,-23
6,0,7,9,-1,-13,-3,10,12,-5,3,-2
-2,-5,4,-19,-3,-9,17,12,-6,-12,3,-9
5,1,11,11,5,-13,15,9,7,0,8,4
2,-3,4,-20,6,11,17,5,5,-17,0,6
-7,2,18,-12,-4,1,4,-19,9,5,19,-18
2,-2,2,-9,1,-17,8,11,1,2,6,-7
-6,-2,5,6,15,-4,4,11,13,13,0,-1
5,-2,18,-7,15,5,14,20,-2,4,2,-1
7,3,8,3,-1,15,2,-13,-1,8,-3,9
11,3,6,0,16,19,-6,-5,0,-14,-3,7
3,7,5,0,8,2,2,2,0,18,8,6
6,24,3,-8,-3,16,-7,17,4,-9,7,6
1,1,14,4,15,11,-1,7,5,15,-6,9
-1,15,-6,-4,9,-8,-7,-3,-5,16,3,23
7,11,16,-1,5,16,13,5,3,5,1,-1
-5,4,1,14,0,7,0,7,-7,1,-7,1
-5,2,6,11,-2,14,7,6,0,-5,4,0
0,1,9,12,-5,19,9,10,-2,6,2,3
2,3,0,23,14,21,-5,17,1,31,3,24
0,1,5,-1,11,16,16,32,-1,3,-2,11
-1,2,12,7,9,0,1,7,0,-2,3,33
-3,6,12,4,-4,8,4,32,-2,32,-6,29
-1,5,10,25,4,25,-2,11,-6,14,14,25
-7,9,13,34,-5,9,3,3,16,36,7,7
-1,-6,13,-25,17,-9,5,-21,2,-10,9,-36
1,0,-4,-23,8,-8,-1,-27,15,-1,19,-21
12,-29,18,-23,16,-5,-2,-25,-5,-20,6,-34
2,-2,-2,-1,0,-4,0,-6,3,-25,-2,0
0,3,7,-5,-5,-4,3,0,15,-26,20,-16
1,0,-4,4,1,-18,0,-14,14,-19,9,-1
0,1,-2,5,-2,-7,-6,-8,6,-6,4,-3
0,-1,-1,-20,-1,-10,0,-6,3,-14,6,-1
2,-2,2,-2,0,-27,8,-1,2,-27,15,-26
0,6,6,-22,6,-24,3,-23,-2,-1,-5,8
1,0,-4,-3,18,-15,1,10,-1,5,-4,-1
-1,8,-2,-22,-5,11,-6,3,3,0,6,-22
7,9,-2,-15,1,3,7,8,2,9,3,-24
-3,2,8,13,-1,-12,12,-7,14,8,2,-16
12,-4,-4,-15,2,12,-6,5,3,-19,1,-5
1,-7,16,11,9,-14,11,-5,-2,-10,0,-7
0,0,1,-19,7,12,0,0,3,1,7,-17
0,0,5,2,4,12,0,10,13,-17,14,-15
2,-3,-5,-5,7,-10,0,6,1,3,15,-3
0,0,20,-17,-3,-12,-4,-11,10,3,-1,4
0,0,10,6,15,-2,-2,16,12,4,8,14
-3,5,8,8,4,-5,-3,11,0,5,7,17
4,1,6,7,-5,-14,15,-7,-2,5,-3,22
-1,7,-6,9,-1,18,6,16,-3,-10,7,-7
2,-4,-5,10,11,17,15,-9,10,1,19,-9
-1,-1,13,19,5,12,-3,14,1,19,6,24
1,-2,1,-5,4,20,12,-4,-6,-10,1,12
11,-3,15,-5,4,16,13,20,18,2,9,19
7,-4,17,-6,0,7,-6,-5,4,13,2,1
2,-1,6,20,1,-7,6,29,4,15,5,13
-3,1,13,11,12,6,-2,17,-4,-6,3,29
-3,4,14,11,19,-5,4,2,2,18,2,19
3,25,9,25,16,10,13,22,1,13,8,17
3,7,3,9,0,29,-5,8,1,3,-3,18
3,25,0,4,1,28,-1,25,5,12,-1,4
8,34,19,11,15,9,3,30,-3,34,16,32
-5,34,3,26,17,7,-4,31,3,19,-1,17
11,-30,5,-1,9,-14,5,-35,18,-26,15,-18
0,-24,5,-7,-1,-5,0,-1,4,-24,3,-6
7,0,15,1,0,-1,10,-6,1,-10,1,-2
1,-6,8,-31,10,-25,12,2,-1,-10,-1,-20
0,0,0,-29,15,-4,12,-18,4,-26,-3,-30
0,-6,2,-19,-3,-17,-4,-21,0,-4,3,-28
2,-6,6,-13,11,-29,6,6,8,3,0,5
2,1,15,0,1,5,20,-29,15,6,-5,-26
9,-7,17,3,19,2,-5,-15,-2,-22,7,-24
8,2,10,5,8,-20,4,-19,14,-24,13,-11
1,-2,6,-2,19,-18,4,3,-5,-22,0,7
1,5,12,3,8,10,5,-13,20,-16,11,-24
8,1,14,-5,10,9,4,6,1,-7,-2,3
8,7,14,-3,4,-18,1,13,21,-22,7,11
4,0,-2,-13,17,12,2,-1,7,-2,3,-11
2,-1,-1,7,-2,-21,-3,-5,9,6,9,-1
8,-6,15,-19,-2,9,9,1,3,-13,5,-18
5,3,-3,-18,11,-3,1,11,7,-6,17,10
4,-4,6,13,4,-15,8,-6,11,-17,4,6
8,1,3,12,1,16,10,19,20,-5,15,7
-4,3,-3,-16,11,-16,10,19,-4,14,9,-6
3,-1,-1,-11,13,4,-3,-4,0,17,8,-1
0,8,-3,-1,16,15,-3,6,17,-5,-1,1
5,-5,-3,1,4,-12,9,17,8,6,-3,-13
8,14,0,5,-1,7,1,1,12,5,-2,19
-3,-1,15,12,12,-6,-4,16,-1,3,0,11
9,13,20,-6,12,-8,7,24,4,13,-4,3
10,-3,10,5,-2,3,-5,-5,-3,11,10,23
4,-1,5,25,7,-4,15,10,2,14,9,7
-2,1,-4,26,3,5,-5,7,10,20,20,4
9,21,19,2,6,18,-2,8,9,27,6,18
8,23,-3,19,-5,17,9,15,-2,24,2,-5
4,26,0,10,-1,30,0,31,1,2,17,15
-4,7,-4,-1,17,23,19,7,19,31,15,24
-4,30,10,14,15,1,-5,21,6,28,-1,29
-2,3,-5,24,19,2,2,-1,6,26,16,19
-2,6,12,13,-3,29,2,10,7,5,-5,21
0,-5,4,0,9,-18,-2,-9,17,-11,15,-4
0,-22,15,-34,2,-26,20,1,9,-7,19,-18
6,-6,1,-15,-1,-2,-1,1,-1,-24,11,-31
-4,-32,9,-16,19,-21,-3,-19,-1,-5,0,-25
6,-22,-4,-2,15,-6,9,-6,-1,-21,1,4
-2,-28,7,-13,1,5,9,-23,2,-13,10,4
0,0,15,5,0,1,0,-20,2,-14,9,-18
3,-25,-4,2,9,-27,16,-10,3,5,7,-13
10,8,7,-22,6,7,17,-11,0,-24,2,2
13,-11,13,-25,22,-10,-4,-18,12,-22,7,-14
9,-13,1,-11,7,10,-1,-20,13,9,-2,-15
9,-23,-1,8,2,-6,5,-15,-1,-23,6,-9
2,-13,-1,1,14,12,0,-20,14,-8,-3,-22
1,-14,-3,-23,3,-16,-1,-11,10,-4,12,11
5,-3,9,0,3,0,18,-16,8,-21,2,-9
7,0,-2,-10,20,-6,19,5,21,-6,7,-3
6,-3,9,4,6,-16,7,-12,2,-8,3,0
-4,-2,8,10,3,9,18,2,20,12,0,0
-1,-1,-1,-3,18,-9,12,-3,5,2,18,-6
-1,2,1,10,13,-11,21,18,14,17,11,16
-2,2,22,13,12,-4,-3,18,4,2,14,13
-4,3,6,11,13,7,19,-5,21,-8,2,18
-2,5,21,-13,13,-6,16,19,20,-4,19,-12
3,-12,-1,13,19,21,1,18,11,4,4,8
2,-5,0,-12,-4,15,11,20,11,22,3,-1
4,-2,1,7,12,-2,3,18,3,-2,1,15
1,2,6,5,1,22,4,21,-4,9,3,8
0,14,15,20,22,-4,4,-6,0,20,-4,-7
5,17,11,20,3,4,-1,26,22,1,9,15
9,-1,0,10,0,29,-1,26,22,3,7,18
5,27,16,22,13,25,5,6,18,-3,4,29
-1,6,18,-5,12,21,11,29,5,2,8,1
0,3,-3,13,4,18,7,14,0,24,-3,-4
10,12,6,16,13,0,9,26,2,22,-3,22
1,34,9,19,10,33,9,-1,11,30,16,10
-2,6,-3,31,2,34,9,1,6,0,8,7
-3,5,4,16,11,27,16,26,9,26,5,31
9,-4,9,-19,20,-25,15,-17,18,-22,11,-23
1,-29,7,-24,15,-14,6,-26,5,-33,8,-35
-1,-32,16,-21,3,-32,-3,-34,7,-31,16,-1
-3,-1,1,-7,-3,-30,3,-21,-1,-18,-2,-7
2,3,20,-25,16,-14,1,-3,11,-10,6,-14
0,0,21,-19,0,-29,0,1,8,-10,8,-1
-3,-18,18,2,20,6,0,-1,7,-21,-2,-18
-1,-6,12,-21,16,-12,0,2,1,-21,22,7
9,-28,8,-3,23,-25,7,-28,10,-15,4,-23
10,-7,6,-12,-1,-25,10,3,9,-27,7,-23
0,2,2,-5,16,-6,8,-22,-1,-22,9,6
11,3,3,8,0,0,2,-6,-2,-21,-3,-8
0,-24,-3,-10,16,-8,11,-2,10,5,10,-14
-1,-10,14,7,21,-19,-2,-23,3,-2,11,10
-3,-15,14,-16,-1,2,-1,-12,6,14,14,-21
12,-4,23,-8,-1,14,18,13,17,-7,16,1
10,-5,-1,-1,9,-13,10,14,3,14,20,16
1,-3,10,-12,23,14,17,13,9,12,20,-7
3,-3,4,8,23,2,1,6,0,-3,6,-13
0,-1,9,-10,13,6,21,1,18,4,15,-7
1,6,16,-7,-1,20,21,11,23,6,17,4
-2,3,19,8,16,12,23,13,18,1,10,13
9,-12,2,-1,13,3,13,6,14,6,-1,-5
1,-2,4,12,1,2,3,2,-2,18,-3,20
3,-9,4,17,11,-3,16,-9,5,13,10,23
6,15,0,13,9,-10,10,-4,4,4,-1,2
16,6,7,-9,-2,20,15,10,19,6,4,21
1,3,6,10,0,-3,13,18,10,-5,-1,21
-2,4,18,0,19,19,8,25,1,-5,6,24
10,28,2,15,2,3,4,-4,-1,-4,16,29
4,-6,6,18,7,30,3,-3,2,24,4,1
12,30,18,31,1,27,-3,21,3,-1,1,4
-2,32,2,3,21,3,1,-2,7,20,8,1
10,5,3,25,8,9,2,23,5,24,19,4
15,17,-3,15,-3,0,-2,26,-2,11,1,9
9,27,-2,26,0,0,5,20,3,29,5,-1
-3,29,2,28,8,30,1,25,15,25,-2,17
11,-5,-1,0,9,-7,13,-9,2,-26,10,-19
0,-21,5,1,21,-26,4,-31,0,-19,20,-5
9,-11,14,-1,0,-4,21,-34,-1,-16,21,-20
3,-30,21,-16,19,-2,6,-15,14,-1,-1,-28
1,-6,0,-14,4,-25,8,-8,16,-17,23,-28
18,-13,18,-28,22,-2,5,-22,17,-10,11,-11
0,-24,22,0,12,-29,11,-3,17,-29,21,-22
-1,-26,23,-23,1,-22,14,3,-2,1,22,-2
-1,-2,18,-16,0,-1,3,-7,0,7,16,-1
-1,-3,10,-21,8,-26,0,-12,0,7,19,9
10,-25,1,-5,2,-22,12,-23,15,0,13,-24
3,-12,8,-23,7,-23,14,-3,15,-23,5,9
-2,-1,1,4,1,6,20,-24,1,-11,8,7
9,-16,9,-19,11,-22,0,-16,10,-13,11,-8
10,-18,6,-9,21,6,-2,-11,12,-9,8,-8
6,-2,5,9,15,0,20,10,22,-5,3,10
11,-3,1,11,7,-3,5,12,22,-12,5,-14
5,-2,17,-14,16,13,7,1,19,10,19,-11
12,-1,2,0,0,1,-2,-1,6,-13,1,1
6,-1,5,-14,24,4,24,15,18,-2,2,8
-1,4,22,-15,-1,5,23,8,10,-8,22,-6
0,0,4,21,2,1,20,10,19,-12,21,-11
-1,19,15,21,21,-10,8,21,23,21,17,2
3,21,15,10,6,1,9,-10,13,-9,9,16
-2,-2,10,7,8,21,1,-5,1,-3,10,19
0,-3,14,18,11,11,1,-7,9,24,2,18
-2,1,5,25,13,1,11,-6,9,-3,8,14
6,-4,22,-4,8,19,3,-2,3,6,23,3
-2,27,2,-7,5,21,-1,4,15,28,13,21
9,29,22,10,10,25,21,7,11,-5,4,12
7,-1,-2,15,13,13,5,29,8,-6,10,1
10,21,21,-4,11,9,11,14,24,10,1,9
-2,4,23,1,15,-3,7,-1,18,30,3,12
3,-3,8,22,12,4,6,26,10,30,24,12
2,2,24,22,13,16,2,3,-1,7,7,10
9,29,10,11,6,8,12,7,15,23,15,26
0,4,8,27,6,17,7,11,19,9,0,21
6,-34,15,-26,21,-6,6,-22,21,-6,4,-35
8,-34,19,-3,25,-29,14,-27,8,-17,7,-10
8,-32,7,-22,14,-13,18,-11,3,-19,24,-25
-1,1,24,-15,16,-6,5,-19,22,-16,22,-27
8,-26,18,-4,3,-20,4,-8,8,-1,24,-25
2,4,24,-9,17,-22,10,4,10,-29,16,-7
11,-7,23,-5,6,-16,25,-21,22,-30,21,-13
1,2,5,-2,1,-17,24,-24,16,-25,2,6
13,-21,13,-19,25,-19,0,1,4,-6,14,-13
11,-17,18,0,16,-7,0,5,21,-25,16,-14
11,-21,0,-7,-1,-19,7,8,23,10,1,-11
9,-2,16,-16,10,-4,9,-16,21,1,11,-6
8,-1,5,-16,5,1,0,-1,20,-12,2,-14
3,-2,22,-12,14,9,3,5,23,-22,24,-15
0,-21,13,-8,2,-19,20,2,0,-16,15,-15
1,0,0,2,17,-10,3,-4,22,-16,9,-20
5,-7,1,6,22,-6,9,14,8,-20,16,-5
4,-3,8,10,13,-16,20,-11,15,6,-1,7
3,-3,22,-2,17,15,11,4,8,8,19,-10
0,0,17,-2,25,1,21,0,23,16,2,0
10,6,21,-12,17,8,20,2,17,13,15,19
3,-1,4,15,12,21,19,0,20,-10,-1,8
9,12,-1,-2,1,-10,21,-13,14,17,3,-4
15,6,16,4,8,-13,5,3,7,-4,13,-8
-1,16,0,-8,1,14,13,11,3,1,14,-7
10,-3,21,-8,8,1,9,-9,5,20,10,22
2,-9,15,-6,8,1,14,9,9,26,9,2
4,-3,25,-4,15,10,16,27,3,11,1,1
2,22,8,14,1,-3,13,1,13,7,4,1
15,28,25,9,21,-2,1,-6,6,16,0,20
10,26,16,-5,21,-3,9,17,6,4,-1,-2
12,5,19,19,13,21,23,28,5,27,16,23
0,2,7,31,1,30,6,3,8,0,19,6
3,33,19,15,16,-3,4,26,4,1,10,29
0,27,14,28,2,26,-1,10,1,31,19,17
3,2,13,2,15,10,8,6,2,7,22,6
10,27,16,14,11,12,1,5,24,4,17,5
9,-27,14,-18,9,-21,20,-33,8,-26,10,-11
1,-27,20,-22,19,-30,10,-7,7,-31,18,-14
13,-10,14,-23,19,-1,10,-30,16,-30,0,-4
9,-33,19,-30,12,-7,5,-8,2,-23,21,-23
3,1,8,-1,4,-23,22,-21,12,-9,1,4
4,-29,6,-22,6,-15,12,-10,17,-19,7,-17
11,-6,23,6,0,-2,20,6,16,4,22,-20
2,3,3,1,15,5,14,-27,8,-14,5,-9
15,-23,21,-2,0,-23,18,-11,9,4,6,-2
1,-25,24,-27,4,-21,15,-20,5,-3,8,5
10,-1,3,-19,7,-20,1,0,20,1,9,8
0,0,14,-25,23,10,8,-2,24,-8,10,-5
10,-22,8,-5,19,-21,20,6,2,6,13,0
11,-23,12,-7,8,10,12,10,11,3,6,5
0,-8,9,-8,1,9,26,-9,0,-20,14,9
10,0,6,-2,4,-19,25,-19,15,3,1,-11
3,-5,12,-18,2,0,8,-18,20,13,22,-9
8,3,25,1,1,-9,3,-3,1,13,2,-2
11,-3,10,-6,8,-3,22,8,7,0,2,-13
4,0,6,-1,21,-15,26,5,17,-16,15,10
7,6,21,-10,20,6,24,10,0,15,12,-7
0,1,12,15,9,5,16,-1,15,3,2,4
12,5,11,-3,12,8,15,9,10,-1,4,-13
11,6,18,-8,12,21,17,7,0,-6,20,4
3,-9,7,7,1,0,11,-1,19,-4,0,-2
10,24,5,9,10,18,10,22,17,17,1,7
2,23,15,24,4,11,3,13,3,10,7,15
6,-8,26,-5,17,27,11,23,7,26,13,-7
4,-8,10,13,15,15,6,2,11,21,6,27
11,26,6,13,12,29,23,20,0,-2,8,20
1,8,4,18,0,26,5,-1,10,4,6,10
2,24,19,-5,17,28,9,23,0,5,6,-3
6,19,7,-4,20,26,18,31,1,15,1,-3
16,2,12,15,7,0,13,0,10,9,21,2
4,33,20,-2,13,7,6,6,22,30,22,30
12,2,6,30,10,11,20,16,2,1,2,33
12,8,3,17,6,17,23,6,16,8,8,12
