-1,-1,-26,-1,0,-36,-20,-33,-2,-1,-7,-20
-13,-12,-17,-24,0,-31,-16,-24,-18,-21,-7,-9
-16,2,-26,-13,-8,-11,-15,-31,-19,-17,-22,-18
-13,-25,-14,-20,-23,3,-15,-20,-8,-31,-8,-16
-20,-27,-11,-1,-10,-17,-7,-7,-25,-2,-17,-17
-18,4,-20,-12,-8,-9,-12,-3,-10,-8,-22,-28
-9,-4,-16,-9,0,-2,0,1,0,4,0,-2
0,-1,-3,-10,-1,-19,0,-1,-23,-9,-26,-18
-22,-3,-8,0,-2,0,0,-7,0,3,0,-10
-13,-21,-3,-9,-1,-1,0,-8,0,0,-25,-21
-18,7,-14,-21,-25,-21,0,-3,-4,1,-25,-14
-4,-3,-2,-24,-10,2,-13,0,-21,-13,-2,-6
-18,-17,-9,-8,-9,-1,-7,-23,-16,1,-15,-12
-9,10,-2,-23,-13,9,-9,11,-4,11,-9,-3
-2,3,-20,-4,-17,-11,-23,-22,0,-3,0,-6
-13,-5,-22,9,-10,12,-15,7,-6,14,-14,-15
-1,3,-8,7,-17,16,-16,11,-9,-20,-4,-7
-7,1,-11,13,-1,15,-23,11,0,14,0,7
0,0,-4,13,0,0,0,17,0,11,-24,-6
-20,2,-26,17,-23,4,-24,-16,0,13,0,3
-15,10,-21,15,-16,-6,-2,19,0,16,-19,12
-1,-10,0,2,-13,6,0,2,0,13,0,-1
0,2,-6,-3,-1,4,0,-2,0,6,-7,0
-3,-11,-8,1,-14,-12,0,19,0,1,0,4
0,-4,-1,5,0,1,0,17,0,6,0,0
0,3,-2,0,-2,-1,-1,23,0,6,-7,0
-21,7,-13,25,-2,-9,0,-1,0,-3,0,-3
0,6,-5,24,-3,1,0,18,0,2,0,-3
-9,19,-3,6,-14,2,0,10,0,7,0,5
-13,-5,-23,22,0,10,0,15,0,2,0,-3
0,0,-25,22,0,28,0,-6,0,2,0,-6
0,14,-5,3,-3,7,-1,30,0,8,0,5
-9,-4,-1,1,0,29,-1,29,0,1,0,5
-19,3,-2,4,-14,5,-1,29,0,1,-1,26
-10,28,-8,22,0,1,0,14,0,0,0,6
-8,30,-2,25,-24,34,-1,28,0,5,0,2
-18,11,-4,0,-17,35,-1,28,0,3,-1,22
-11,-3,-2,-28,-1,-15,-18,-11,-2,-3,-18,-10
-9,-12,0,-21,-1,-13,0,-4,0,-4,-9,-21
-15,-2,-24,-9,-2,-11,0,-4,-23,-21,-8,-9
1,-1,-1,1,1,-9,0,-7,1,-33,1,-31
-3,3,-7,-23,1,-17,1,1,1,-10,0,-11
-1,-8,-20,-26,-25,-17,0,-10,0,4,-13,-18
-21,-14,-7,-29,0,6,0,-3,0,0,1,-29
0,-1,-17,-19,0,1,0,-9,0,4,0,-1
-21,-23,-4,6,-25,-5,0,-9,0,0,0,-4
-11,-2,-4,-8,0,2,0,-9,0,-8,0,-9
-15,-25,-8,9,-1,-7,0,-11,0,-10,0,-7
-11,-1,1,4,-4,-3,-17,-8,0,-10,-22,-12
-11,-20,-13,-9,-19,7,-23,-24,-4,-4,-23,6
-8,-7,-1,-20,-19,12,-17,-10,0,13,-25,-13
-15,-17,-4,-4,0,2,0,-8,-10,-3,0,-5
-10,-16,-12,-6,-22,12,-23,-17,0,5,-16,13
-11,-17,-18,10,1,-6,1,-5,1,-4,0,-5
-23,3,-4,13,0,16,0,-11,0,-5,0,7
-1,-14,-20,15,-1,11,0,-8,0,-5,-14,6
1,-4,-13,19,-2,11,0,-10,1,-5,-6,-12
0,2,1,-2,-1,-1,0,-10,0,13,0,-2
-20,6,-13,9,-1,-12,-1,19,0,9,-18,8
0,3,-19,1,1,-4,1,6,0,4,0,2
-22,-10,-20,19,0,0,-1,16,0,-1,0,0
-10,-3,1,-1,1,4,-1,19,0,-4,0,-1
0,-4,1,4,0,21,-1,19,0,-4,0,-2
-14,15,1,2,-1,-8,-1,18,0,-1,0,-3
-2,-6,1,0,0,-2,-1,14,0,-7,-7,19
-25,26,0,8,0,0,-1,12,0,-8,-7,7
-10,23,0,4,0,-1,-1,12,0,-6,0,-1
-12,25,1,4,0,-1,-1,6,-1,24,0,-4
1,4,1,13,0,-1,-1,6,-1,22,-19,25
-3,-4,-2,1,-3,14,0,0,1,-3,0,-4
-2,-2,-1,1,-3,8,0,-1,-1,26,0,9
-8,5,-10,25,0,17,-1,30,-1,22,0,8
-18,8,-18,21,1,8,-1,26,-1,22,-1,29
-8,31,-20,10,-1,11,-1,26,-1,22,0,5
-11,-27,2,-23,-3,-17,-24,-24,0,-21,1,-33
-19,-26,-6,-32,-1,-4,2,-21,0,-17,-5,-14
-20,1,-22,-9,1,-7,2,-23,0,-17,-20,-5
-13,-1,1,-18,-3,-20,0,-15,0,-20,0,-4
-11,-10,-2,-22,-1,-7,0,-22,-1,-16,-2,-23
-23,-5,-12,-1,-7,-28,0,-6,0,-10,-14,-18
1,-1,-24,-29,-3,-18,0,-23,0,-18,1,-29
-10,0,-8,1,-3,4,0,-26,0,-10,0,-1
-21,-10,-11,4,-10,5,2,-15,0,-20,0,-4
-5,-1,-4,1,-2,5,0,-26,0,-18,0,-5
-21,8,-11,-7,1,-23,-1,5,0,-19,-19,10
-14,-23,0,-6,-2,-9,-1,3,0,-22,-14,-11
-22,-6,-4,-5,0,-4,0,0,0,-22,-1,9
-24,-5,2,-15,0,-11,0,-2,0,-17,0,-7
-3,3,-12,-16,0,10,0,-5,0,-21,-2,-17
-4,11,-12,14,-1,5,2,-14,0,-21,-2,-17
-23,1,-1,16,0,-3,0,-4,0,-16,-7,13
-6,16,-6,13,-1,5,0,-10,-1,5,-21,7
-23,-17,1,17,0,-5,0,-4,-1,18,-15,4
1,-8,-2,19,1,-2,0,-11,-1,14,0,4
1,-6,-2,1,-2,-7,2,-6,-1,-3,0,-4
-8,3,-2,15,-2,-11,-1,11,1,12,-1,12
-18,10,1,14,1,-14,0,-1,-1,16,0,-6
-2,-11,0,5,1,1,-1,12,-1,16,0,5
-8,-12,1,-4,-1,6,-1,10,-1,9,-23,-5
-22,-8,1,1,2,11,0,-9,-1,-2,0,-7
-18,8,2,13,-1,-4,0,-10,-1,-6,0,-7
-12,-7,-2,7,-1,-9,-1,10,-2,21,-7,22
1,4,1,26,1,-6,0,-3,-2,9,0,-7
-24,-2,-5,14,-2,3,-1,10,-2,8,0,-7
0,0,0,3,0,10,0,-2,-1,8,-1,24
1,3,0,19,-2,3,-1,25,-2,5,-8,19
0,14,1,3,-9,12,-1,25,2,6,-1,25
-15,6,-2,2,2,17,-1,24,-1,9,0,14
2,5,-1,0,-1,-1,2,4,-1,8,0,13
-24,2,2,2,-2,0,-1,23,-1,7,0,13
-20,22,1,0,0,7,-1,23,-1,6,0,13
-9,-14,-12,-21,-4,-34,3,-10,0,-31,2,-1
-14,-35,-5,-9,-23,-25,-15,-28,1,-15,-6,-8
-11,-10,-1,-12,-13,-18,-9,-26,2,-11,-1,-32
-14,-31,-3,-4,-19,-3,0,-12,-1,-27,-6,-20
-6,-11,-1,-6,-4,-9,3,-27,-11,-32,-6,-20
-15,-26,-9,-27,-1,-2,3,-29,-2,2,-11,-17
-16,-27,0,-9,-2,-12,0,-10,-2,-1,-6,-19
-2,1,2,2,-10,-18,0,-11,0,-27,1,-18
-7,3,-1,0,-1,0,0,-12,0,-27,-4,1
-2,-6,-13,-19,0,-5,0,-19,2,-17,1,-17
-21,-26,1,10,-1,0,0,-12,0,-26,-7,3
-2,6,-1,4,-2,-5,3,-24,-1,6,0,11
-23,-5,-14,-10,-1,-7,2,-1,-1,4,-5,-10
0,9,-4,-15,0,-15,0,-10,-2,4,0,5
-2,10,-12,13,1,-13,0,-17,-2,3,-6,-13
-9,10,-22,0,-1,10,0,-9,-1,3,-6,-13
-8,-12,-1,-2,1,-12,2,-3,-1,2,-6,-16
0,2,-16,-13,-20,10,0,-8,-1,7,-16,8
-18,-2,-14,2,3,-11,0,-11,2,-12,-7,4
1,-10,-3,1,-9,-1,0,-2,-2,6,-5,4
1,-6,0,15,3,-5,2,-3,-2,2,1,-14
-3,-14,-3,-3,-10,15,0,-12,-2,1,0,2
0,2,-1,10,3,-6,2,-2,-2,1,0,7
-9,8,-1,1,3,-7,2,-2,-1,8,0,-1
-9,2,-2,18,-1,8,0,-6,-1,6,0,6
0,-1,0,-2,-1,8,0,-11,-2,0,-7,22
-1,-5,-2,14,-23,23,0,-6,-1,4,-7,-10
-18,13,-6,-5,-17,16,2,0,-2,-1,0,7
-3,-6,-7,21,3,-3,-1,8,-2,-2,-8,9
0,8,-1,6,2,16,-1,8,-2,-3,-11,29
-2,-4,0,6,2,15,-1,24,-2,-6,-12,30
1,3,-2,12,-1,2,-1,24,-3,27,-8,26
-23,31,-18,2,2,16,-1,24,-1,28,-11,1
-10,11,-2,4,1,-3,-1,2,2,1,0,11
1,17,-23,10,2,-1,0,8,-3,28,0,11
-20,4,-19,24,-13,12,2,4,-3,18,-7,7
-4,2,0,25,-12,3,-1,27,-3,15,0,0
-5,-18,-1,-25,-11,-23,-12,-17,1,-4,-12,-10
2,-1,-1,-19,-21,0,-15,-19,-5,-14,0,-2
-17,-15,-17,-10,-8,-17,-4,-32,-7,-28,-8,-32
-6,-7,-19,-33,-9,-32,-11,-29,-9,-18,-11,-31
-17,-22,-2,-2,-11,-10,1,3,-4,-10,-12,-14
-4,-8,-6,-8,1,-1,0,-5,-2,-10,-6,-6
-7,-4,-1,-1,3,-2,0,-6,0,-17,-9,4
-13,1,-7,-4,-2,-3,0,-6,0,-17,-12,-6
-2,1,-9,-20,-10,5,0,-7,0,-19,-18,8
-3,1,-1,1,0,0,0,-9,2,7,0,3
-17,-6,-5,-5,-11,-25,1,-17,4,-5,-22,9
3,-25,-11,-24,-1,6,0,-8,0,-17,-15,4
-2,0,-18,9,-10,7,0,-10,-2,-12,0,-23
0,1,-6,5,0,0,0,-10,-2,-16,-18,12
0,1,-12,9,-1,7,3,-19,0,-18,-1,9
4,5,-11,3,-1,-20,0,-12,0,-20,-9,-12
-22,-19,-3,10,0,10,0,-19,0,-20,0,1
0,2,-6,17,2,-13,1,-17,2,9,-16,17
-10,-18,-5,13,4,1,3,-17,-2,-15,-9,14
1,-9,-2,-2,-2,-5,-4,5,-2,-15,-7,11
-18,-6,2,0,0,6,3,-16,-1,20,-19,-11
-2,-12,2,0,-2,15,2,18,-1,13,-20,3
-9,15,-2,-1,2,-9,2,8,-1,12,-21,20
0,2,1,11,2,-9,2,2,-2,-12,0,1
0,-4,-2,-2,1,4,2,-4,-2,-12,-22,16
0,3,-1,3,1,-4,0,14,-1,3,-22,9
-2,-5,-1,2,1,-8,0,9,-1,2,-22,-2
-2,9,-2,25,-11,20,0,-2,-1,1,1,2
-15,-7,1,2,4,27,0,4,-3,25,1,2
-6,-1,-22,21,-4,21,0,-1,-3,25,1,-2
0,11,0,3,-10,3,-3,15,-3,20,1,-2
-11,-4,-4,1,-11,3,4,3,3,29,1,-3
-1,-1,-1,2,0,11,0,7,3,21,4,30
0,0,0,0,-11,6,0,7,-1,6,1,-2
-17,9,-1,0,-19,13,0,2,-3,22,4,27
-1,-1,-3,34,1,20,0,2,-1,6,4,23
4,12,-8,32,-10,35,4,4,2,26,0,31
1,-11,5,-9,-9,-34,-7,-18,5,-10,-20,-25
-2,-2,-8,-29,-7,-32,0,-2,-14,-19,-5,-31
-7,-26,-18,2,-19,-10,-18,-31,-2,-11,1,-6
5,-9,-1,2,-13,-31,-5,-13,-8,-26,-6,-12
-4,-15,-1,-7,-1,-23,2,-31,4,-12,3,-25
-16,-31,3,1,-2,-7,1,5,1,-12,-4,-3
-2,-8,-8,-27,2,-1,1,-28,3,-5,5,-7
-17,-20,-9,-22,0,-3,1,-29,-2,-14,5,-14
0,0,0,-7,-1,-11,0,3,0,-25,1,-10
5,-24,-4,3,-2,6,0,5,-2,-14,1,-11
-4,-6,0,-4,0,-16,1,7,3,-21,4,-3
-17,1,-17,-12,0,2,1,7,3,-9,-2,8
-14,-16,-2,4,-3,-9,0,6,-2,-13,0,-2
-12,-20,-2,-8,-20,-5,0,6,0,-21,5,-12
-2,1,5,-3,-3,-17,1,-14,0,-21,0,-10
-17,-19,-11,11,0,-16,0,7,-1,12,0,9
-17,-20,-4,-3,0,-17,0,3,-2,-15,0,8
-20,15,-10,-9,-7,-11,-10,14,-20,-18,-16,-3
2,4,-7,-10,-11,-16,-8,11,-18,17,-17,-13
4,5,-17,1,-11,-16,2,16,-1,12,-16,2
-8,12,-11,20,-18,-7,-6,2,-15,1,-10,-6
1,-9,-13,2,-7,14,-8,12,-8,-1,-10,-10
0,-8,-8,9,-16,-11,1,17,-2,-11,4,22
-3,-6,2,4,0,-5,1,7,-3,20,0,5
0,3,-2,0,-1,-4,0,10,-1,14,4,18
-9,0,-1,5,0,-5,0,3,-3,17,0,6
1,2,-2,4,-1,-3,0,3,-3,2,-7,0
1,2,-5,1,-1,24,-1,4,-3,2,4,-1
-18,-4,-3,-4,-3,10,0,2,-1,17,4,-4
0,9,-4,-2,-1,3,0,2,4,25,3,24
-1,13,-5,27,-20,24,0,1,-3,-3,3,3
-20,2,-1,4,5,24,-1,23,-1,18,0,10
1,15,-5,5,-1,28,-1,20,-4,29,3,2
-9,-2,0,2,-20,19,-1,17,-1,19,2,28
2,4,0,1,5,28,0,17,-4,29,0,12
2,18,-1,3,5,31,-1,16,-4,27,2,14
-13,24,-8,9,-4,35,0,16,-1,16,0,13
3,-13,-19,-23,-9,-21,1,-2,-7,-4,-18,-14
4,-4,-2,0,-8,-28,-8,-22,-1,-14,-20,-31
-7,-9,-10,-14,-2,-28,-2,-5,-13,2,3,-8
-13,-28,2,1,4,1,1,-18,-19,-2,-4,1
1,1,-17,-1,6,-6,3,0,-3,-5,-8,-29
-5,1,-16,-12,4,2,0,-16,-3,-17,1,-25
-4,-28,-16,-24,0,-7,1,-3,5,-9,3,-27
-20,-27,5,7,5,-4,1,-3,-3,-17,-8,-4
-6,-28,-10,-28,0,-6,1,-17,5,-11,-8,-9
-9,-20,-9,-24,4,-1,0,-13,-3,-17,2,2
-12,-22,-6,7,5,-15,1,-1,0,-12,6,7
-2,4,-18,10,-5,-24,1,-17,4,-11,-12,5
2,8,-5,-12,0,-9,1,-21,-3,-15,1,-21
-19,-3,-1,-12,4,7,1,-22,-3,-18,0,7
-1,-22,4,0,-4,8,0,11,5,-11,-9,9
-9,13,4,6,-2,-12,0,11,0,-8,-11,-3
-7,13,-8,-6,-9,-10,-9,-14,-1,-2,-4,0
-6,15,-5,-14,-3,2,-14,0,-19,-10,-5,-11
-5,17,-3,-12,0,-4,0,13,-3,-14,-10,-3
-3,8,-1,7,-7,14,-15,7,3,5,-8,9
-5,18,-19,-4,-9,20,-2,-2,-10,-16,0,12
-17,-7,-11,14,-20,-8,-1,-15,-8,3,-11,-5
4,2,-8,8,-10,-8,-15,-9,-15,-10,-7,6
-13,13,-2,-2,5,-1,0,14,0,-4,0,11
-1,4,6,22,5,4,0,-1,4,-1,2,10
1,3,6,9,-8,-7,0,-1,0,-3,-9,4
-3,-6,-6,2,5,7,0,-4,0,-4,-9,-3
-4,-4,0,-1,-11,19,0,17,0,-4,-10,20
-6,3,5,5,0,-4,0,17,0,-4,-12,11
-1,-2,-5,3,-9,-7,0,16,-1,23,2,10
0,11,-8,19,-3,5,0,12,-1,21,2,9
-1,-1,-1,28,-20,26,0,-3,-4,8,2,5
-15,22,-14,29,4,21,1,20,-5,9,2,4
3,9,-17,3,4,20,1,18,-5,9,2,3
-8,15,-18,27,2,23,0,14,-1,20,0,14
4,11,0,2,-18,19,0,0,-1,13,0,13
-15,25,1,35,-1,1,-7,34,-14,20,-7,11
1,-11,-6,-2,-13,-4,-19,-30,-12,-13,-19,-9
-12,-33,-6,-28,-17,-4,-5,-24,-15,-13,-11,-1
-18,2,-4,-4,-6,-7,-15,-9,-14,1,-5,-18
-19,-16,-4,-17,-13,-26,-3,1,-19,-20,-6,-19
5,-8,0,-29,0,0,0,-2,0,-20,3,-32
-11,-29,0,-13,0,0,-1,-19,-5,-18,-11,-10
-14,-12,-7,-29,1,-27,1,-18,-7,-5,3,-27
3,-1,-7,-26,0,-15,0,-15,-7,-17,1,-17
-7,3,-16,-3,-2,5,7,-25,6,-23,1,-17
7,-23,-17,-14,2,-2,2,-9,3,6,1,-20
7,-15,1,-4,0,-13,1,-17,5,-16,4,-19
-14,9,-16,10,2,10,6,11,4,3,2,8
-17,0,-9,2,-2,7,0,-14,0,-8,-10,1
-10,-22,-6,-19,-3,-10,1,-18,0,-15,-12,-9
-5,-13,-19,-16,1,3,-1,8,0,-15,0,9
7,9,-4,13,0,1,2,-9,-2,3,2,-11
-19,0,-8,11,-10,3,-19,12,-9,1,-3,-10
6,8,0,6,-2,1,-2,-4,3,-12,-15,-8
-4,-2,-4,17,-4,18,-1,7,-11,10,-18,8
-14,18,-7,-8,-11,-14,-12,1,2,5,0,13
7,19,-7,-14,-12,0,-5,-2,2,5,-8,9
4,20,-6,-4,-9,13,-13,5,-17,8,0,3
-2,9,-17,-6,-10,7,1,20,-14,-11,-18,-6
3,3,-17,4,7,12,3,21,-11,3,-19,2
2,-4,4,3,2,4,-1,16,-7,-10,2,24
0,4,-6,15,0,0,1,-7,-8,-3,2,18
-8,2,5,3,2,5,-1,17,0,-6,0,5
1,4,5,1,2,8,-1,17,-9,2,0,1
2,-1,4,8,2,6,-1,15,-12,-6,1,-6
1,8,-13,24,1,4,-1,6,-1,24,0,0
-13,11,-4,5,-2,23,-1,4,-1,7,0,0
3,8,-2,7,1,16,1,-2,-14,24,2,11
2,15,-17,-3,0,24,1,-4,4,23,-15,19
-10,26,7,19,0,24,2,3,-14,11,0,1
4,9,-12,23,-3,9,2,3,-15,31,-1,29
-18,14,-14,27,1,-1,2,3,-15,30,-13,27
-13,34,-2,19,-2,30,0,29,4,35,-8,14
8,-11,-5,-8,-10,-17,-18,-36,-4,-26,-11,-2
2,-2,8,-3,-4,-10,-3,-29,-9,-31,-14,-26
-4,-32,5,-21,-12,0,-8,-8,-11,-3,-9,-6
-7,0,-3,-9,-11,-28,3,2,-15,-23,-8,-16
1,-14,6,-26,1,-25,3,-30,0,-22,5,-9
-17,-9,-15,-23,1,-25,1,0,-16,-4,-13,-22
-6,-20,-2,-14,4,-9,0,-24,0,-15,0,0
-7,-20,-9,-11,3,-1,-1,2,-16,-19,3,-20
1,1,-18,-20,1,2,-1,-27,3,3,-3,-9
3,0,-9,5,1,-15,0,-16,8,9,-6,1
7,-20,-16,-20,-2,-16,1,1,5,0,-8,-4
-6,3,-5,-20,0,-8,3,-25,-5,-12,-8,-6
-18,-1,-11,12,-13,1,-14,-6,-16,10,-11,-22
2,11,-2,-22,-2,9,-1,-16,-16,-19,-8,-20
-8,-18,1,9,-6,-10,1,-10,2,5,2,3
3,2,-4,-15,-10,5,0,-3,-2,15,-5,7
-15,3,-11,-15,-17,-7,-12,-7,-17,-17,-16,1
-14,-4,-14,-12,-9,-13,-11,3,-2,8,-3,-13
-14,3,-10,-9,-1,1,-2,8,-3,12,-13,4
-17,6,1,15,-15,-14,-3,19,-5,7,-16,-11
6,5,5,-5,-8,8,-2,2,-12,6,-5,8
-14,-8,-2,7,-12,-6,-4,11,-7,2,-7,-12
-5,22,-8,-1,-8,8,-2,-10,-5,6,-8,-9
-5,-10,-12,-13,-14,1,-2,-10,-10,23,-7,9
3,0,4,3,0,18,0,-3,-2,-3,0,1
2,-4,-3,2,6,20,0,-7,-2,20,3,-6
3,-1,-6,24,1,-5,1,-3,3,9,3,-8
1,5,4,3,1,-1,-1,21,-1,-6,0,3
0,-2,-4,26,-15,-3,0,-5,3,5,-12,7
-12,16,-1,4,-15,-1,-2,23,-1,23,2,10
7,7,-7,3,-16,26,-1,10,-5,11,-8,29
4,2,4,6,-4,-4,-1,22,5,20,0,6
3,14,-13,23,5,23,-6,-4,2,27,2,-3
-12,17,-14,28,-2,20,-1,6,2,25,0,7
5,11,2,4,0,-1,2,28,2,22,0,4
5,8,5,32,3,20,1,4,2,17,0,4
-3,24,-11,4,0,12,-4,19,-1,2,-5,16
-9,-28,-8,-19,-9,-5,-13,-17,-4,-8,-2,-16
7,-9,-6,-9,-11,-22,4,-15,-14,-20,-14,-8
4,-12,4,-19,5,-32,-11,-20,8,-31,5,-10
8,-2,-12,-8,3,-28,-1,-20,7,3,0,3
-11,-25,2,-23,2,-28,-2,-15,0,0,-3,1
2,-6,-5,1,0,-27,8,-6,-4,3,-4,-24
-16,-30,-7,-12,1,-19,-1,-19,1,-25,1,-26
1,1,-8,-16,-15,-2,2,-25,-6,-28,1,-26
-5,-21,4,-15,6,-8,1,-27,4,6,-16,3
6,-27,-6,5,-12,-10,2,-24,-3,-10,-12,6
-12,-25,-1,-26,0,-20,3,-4,0,-20,3,-26
8,-24,-9,-25,-10,-14,1,9,6,-6,-7,0
-3,11,5,-22,-6,-1,-7,8,-3,-2,-7,-14
7,9,4,0,-15,-21,1,10,-7,-4,1,12
9,-1,8,8,-1,-8,8,-6,-6,-19,2,-10
4,3,-6,-10,-1,-9,-1,-13,-1,7,-14,-4
1,-1,-12,-20,6,-1,-8,11,-1,14,-2,6
-17,-5,-3,-4,1,-11,-15,16,0,15,-17,4
-7,8,-10,6,-5,8,-17,-3,-12,2,-2,12
3,-13,-7,-7,-9,5,-16,-6,-17,-11,0,-16
7,6,-2,2,-2,14,-17,18,-6,-9,-10,14
1,10,-6,-2,2,1,-12,11,-9,11,-2,-15
9,20,-16,4,-7,21,-4,10,-1,-9,4,-14
-17,9,-10,10,-14,22,0,6,-5,19,-7,11
4,-1,-2,16,-1,19,5,10,-4,-7,1,-3
2,2,-1,2,9,16,3,-3,1,-5,0,18
-9,8,-10,16,-8,-5,3,-3,-4,-4,-16,3
-8,15,0,0,0,-4,2,23,-3,3,0,5
1,6,-1,0,6,24,4,9,-5,-7,2,0
0,-2,-14,14,0,1,2,21,-5,27,2,-4
7,5,-8,1,-4,3,-17,24,-11,15,-5,11
-4,-4,1,11,-7,24,-1,-4,-2,23,-8,-4
-7,7,-4,8,-14,6,2,20,6,13,-12,26
5,6,-12,27,7,11,1,29,-1,5,1,26
-1,1,6,24,0,11,3,27,-1,9,0,3
5,17,6,6,0,13,2,21,-1,11,-1,30
9,0,-3,17,2,10,-5,34,-17,3,-8,36
3,-17,-15,-1,-1,-17,-16,-7,-14,-20,-15,-15
10,-6,-7,-9,-9,-26,-8,-23,3,-16,-15,-35
3,1,1,-5,-1,-12,-16,-30,-5,-34,-3,-3
-2,-23,0,-31,-14,-33,-15,-2,-13,-6,-1,-19
2,-8,-13,0,-3,-6,4,-11,0,-2,4,-1
0,1,1,1,2,0,4,-12,0,2,-4,-15
2,-4,-7,1,-6,-9,1,2,1,-22,0,-18
-10,-23,-9,-15,2,-19,1,0,1,0,1,1
-9,-24,10,8,1,-1,3,-13,2,-24,1,-10
3,-10,-5,-25,1,1,1,1,2,-13,-11,-13
8,-21,-6,-25,4,-24,1,-16,7,-11,-11,-18
-3,-25,7,-2,1,-16,-1,-24,-7,-11,0,-14
-4,3,-16,-24,4,-5,0,5,-3,-20,6,2
2,10,10,8,10,8,0,13,-7,11,-1,-10
3,2,-13,-10,-11,11,-1,-8,-5,13,-11,-12
-10,-19,-8,10,-1,-14,-8,-16,-11,-6,-5,9
-6,-17,-8,-17,0,0,-3,-17,-13,-18,0,-2
-14,8,-9,-18,1,7,-13,17,-5,-5,1,4
-12,-7,3,-1,-4,2,-1,-2,-5,-7,-10,-15
-5,4,-5,-12,-5,-3,-11,1,-3,-5,-13,-9
-7,3,0,1,-12,3,0,11,-5,2,-7,14
-10,-4,-12,-6,-6,16,0,1,-15,-9,-7,14
2,4,3,-8,2,19,-4,9,-8,8,4,4
-2,-7,-10,8,1,-11,3,0,2,13,-9,19
-15,-4,-8,12,8,24,-7,12,-5,18,-7,-12
2,2,2,-1,-2,16,1,-5,7,-4,-1,0
4,-1,3,6,-1,3,1,-6,-2,14,0,20
2,2,5,1,-15,10,3,2,2,21,-2,4
3,-1,-14,8,-16,16,1,-5,-2,26,-1,17
-1,7,3,0,-9,-1,0,24,8,25,-3,-5
4,8,-12,16,5,24,3,27,-5,17,4,4
2,-5,0,14,-15,27,-7,12,-13,4,1,-3
-8,26,-5,12,-7,13,7,32,-14,7,-6,17
-5,8,-7,21,-10,17,-7,19,-2,29,2,33
7,15,-16,18,-11,8,8,34,-5,18,-15,25
8,13,-2,18,-2,35,-9,35,10,23,3,35
3,34,3,34,-10,2,10,25,0,25,-9,10
-8,-29,4,-17,8,-2,1,-13,-5,-9,-6,-25
10,-5,7,-3,-9,1,1,-23,0,-26,2,-20
9,-4,-7,-18,-1,-27,-11,-8,-12,2,1,-15
2,1,-3,-7,-1,-11,-2,-25,-2,2,-10,-29
1,-8,2,1,-4,-25,0,-30,0,-21,4,-10
-9,4,5,-11,-3,-7,4,-8,9,0,-1,-7
-4,-22,-2,6,-7,-24,4,-14,4,-24,-1,-18
1,-22,-12,-5,-3,-23,-7,-4,-7,-19,-14,-6
-5,-16,-13,-18,-9,-13,-5,-8,-7,-7,-15,-12
10,-23,-12,1,-10,2,0,-5,4,-18,-3,-5
-13,-24,-9,-13,-6,-19,-13,-5,4,8,-9,1
9,-24,-5,-6,-12,-23,-1,6,-13,-3,-9,10
4,8,-4,-10,-2,5,0,-24,0,-4,11,12
-3,3,-10,13,-11,9,-2,-1,-2,-20,-3,-21
-6,-14,-6,-7,-1,-8,-14,-22,-11,-2,2,0
3,-1,-2,3,4,14,-13,15,-9,4,-11,4
-11,-3,-1,1,-12,6,0,12,-5,-4,3,5
-5,6,-11,-19,-7,14,-5,-17,7,1,-1,-8
-14,-7,-5,-12,4,-9,-1,3,-1,2,-12,7
-10,-3,-8,15,-2,-11,-8,3,-6,-14,-5,-9
-9,15,-8,15,2,-16,-2,16,-8,-4,-9,15
5,-9,-9,5,-15,14,-13,-9,-11,-5,-2,-14
-5,-6,-6,-12,-7,-13,-6,-9,-1,-10,5,21
-11,23,-8,-2,1,23,-7,-4,-15,16,-15,-6
8,-5,-5,18,-10,1,-3,13,-5,14,-3,-1
-7,6,1,3,5,-10,0,0,-3,22,5,-8
-3,2,5,23,-9,17,4,-2,-13,23,-3,25
-8,7,5,5,-9,19,1,5,-13,16,-3,-5
2,-2,-3,-8,-11,14,-2,-4,-15,-7,-1,28
-4,23,1,-3,-12,12,7,28,-11,25,-6,5
6,28,1,29,-14,3,-8,21,2,9,-2,-3
-10,31,-11,0,-15,-1,2,13,-8,5,8,20
1,-3,-8,12,2,13,-15,20,-14,15,-3,-4
-8,7,2,23,-5,5,4,16,-12,19,-2,7
5,33,-10,1,1,4,-10,0,-10,34,-1,13
3,20,-7,33,-5,6,-10,35,-7,11,-3,20
8,24,7,23,-14,0,-2,28,-1,3,0,4
-1,-9,-9,-19,-12,-15,4,-16,3,-20,-9,-19
-1,-25,-6,-17,-9,-5,-3,-4,0,-6,3,-9
-10,-26,-9,-21,-1,-18,-12,-25,12,-11,-1,2
1,0,-13,-16,2,-17,3,2,3,-16,11,1
11,4,-1,-10,-6,-19,-3,-9,-3,-13,-12,-29
6,5,-5,-1,-14,-9,3,5,9,-11,11,1
7,-1,0,-12,-10,1,1,3,-2,-11,-12,-23
6,-29,0,-26,1,-1,0,-14,1,-26,7,5
-10,-5,-12,-14,1,1,-1,-11,-5,3,-5,-14
10,-25,-12,-5,-2,-27,-3,-7,-5,-14,-11,-6
1,-9,-3,7,0,9,0,9,3,0,1,-21
3,4,-7,3,-8,-8,-3,11,2,-24,-13,-8
-14,12,-12,10,-3,-8,-6,-13,0,-10,-2,-1
10,-23,6,4,-2,-8,-6,-22,2,-4,-1,-5
4,12,11,10,-12,-13,-13,6,-1,7,-4,-10
-12,-20,2,4,-8,-9,-7,-6,-10,-4,3,-5
8,7,-9,-19,3,14,-10,4,-7,0,-5,15
-8,13,-9,-3,0,-8,-4,-2,-8,-13,-6,-16
-2,2,9,2,0,-18,-3,6,-8,-14,-5,1
-10,-5,1,-11,1,16,-6,10,2,-14,7,7
-8,-1,-14,11,-12,7,5,18,8,7,12,5
-11,-8,-9,-4,-4,-11,0,-12,-5,12,-9,8
1,9,-13,22,8,-14,1,14,-3,-10,-12,-10
-9,-6,-7,-3,1,10,1,11,-13,-13,-14,-7
2,-8,-13,20,2,-12,2,-3,-7,12,-13,7
4,1,4,7,-13,18,-1,2,-9,23,-9,-5
-1,1,11,8,0,9,-2,25,5,21,-3,-10
-13,-7,-14,-2,-1,10,-12,14,-4,21,-4,-5
-2,24,-13,6,5,12,-4,-5,-9,14,-8,18
3,25,-6,8,-9,9,-2,15,-2,2,0,23
-4,27,3,-3,4,28,4,30,9,17,4,18
9,31,-11,22,9,-2,2,-3,3,30,-10,-3
10,32,8,0,-10,-4,-6,28,-11,7,-6,25
12,33,5,-2,-6,18,-4,2,-3,23,0,25
7,33,2,19,-11,6,0,7,-8,11,-1,10
4,0,3,33,-6,24,-9,34,1,-1,-10,23
11,25,-12,2,-9,2,-6,29,-14,17,-10,20
-12,-17,12,-9,-7,-14,-8,-23,-1,-29,5,-9
-4,0,-9,-31,-7,-35,-12,-5,-11,-34,8,-12
1,2,2,2,-8,-30,0,-4,9,2,-11,-15
12,1,-10,-3,-13,-32,-5,-9,-1,-28,-3,-6
3,-10,-3,-9,-12,-15,-9,-20,1,-4,-13,-32
-3,0,-5,-10,-8,4,-7,5,-9,5,-4,-11
9,0,-11,-19,0,-26,1,-8,-10,-13,-7,-28
4,-18,-5,-3,-9,-11,1,-4,-11,-27,-13,-11
7,2,6,-18,3,-6,-13,-8,1,-19,-13,-6
-12,-21,-10,-4,-12,-7,2,-12,6,9,-11,7
-9,8,-10,-23,-7,-2,-2,6,4,10,-2,6
13,-20,-7,10,-1,-20,5,-1,-12,-21,-2,8
5,-2,4,1,5,-8,2,7,-4,11,-5,-13
0,-16,-4,-11,0,-3,0,-8,2,6,3,-8
-5,-16,-7,0,1,-1,0,1,2,-14,-4,-6
0,0,3,-15,-6,3,-8,-4,-3,13,-11,-21
5,-12,10,12,-4,-8,-5,-17,-11,0,2,7
-4,-6,-8,-12,-12,8,-5,3,-12,8,7,17
-11,13,9,2,-5,9,0,2,-12,-8,1,-9
-10,16,2,-16,5,19,-6,17,5,2,1,15
-5,10,3,8,-8,-9,-7,-1,1,-8,12,9
4,13,0,1,-12,19,-13,-1,-13,12,-8,19
4,-11,3,6,-13,12,-10,-5,-6,19,-8,4
6,-2,4,-12,-6,19,1,10,-8,5,-4,11
6,-4,-8,7,-11,3,-7,-5,-12,3,-3,4
6,1,-9,-3,-9,-3,2,2,-9,19,0,-6
7,-2,12,0,3,-1,-1,-8,10,8,-1,24
12,10,-6,-2,10,27,-12,-8,-4,-3,-12,6
-4,2,1,12,4,2,5,13,-2,19,-9,19
11,26,4,21,-6,29,2,-4,-3,15,-1,26
1,-1,-1,-2,-8,26,-9,17,7,4,10,16
2,2,-6,10,8,31,-9,30,-13,18,9,20
-7,6,-8,11,-8,8,-4,2,1,15,2,20
-10,23,-5,25,-5,1,-3,26,-3,0,10,5
-10,33,4,12,3,27,-12,4,5,22,8,25
-10,19,-1,7,-9,1,5,4,5,17,-2,18
-13,16,-13,18,-4,3,-8,7,-9,2,4,10
0,0,-6,-8,-4,-18,5,-34,0,-15,-5,0
-6,-32,-11,-28,-3,-34,1,-4,4,0,-11,-6
11,-4,-10,-10,-11,-1,-2,-33,1,2,-7,-6
-5,-22,8,-10,3,-27,-3,-14,1,-25,8,-25
-1,-4,-11,-8,-5,-5,-6,-15,3,2,-8,-13
3,-6,9,-30,11,-14,2,2,10,-15,-9,0
12,-15,-4,0,9,-30,-12,-13,-3,6,-4,-28
-3,-7,-2,-24,-5,0,1,-3,-3,-6,11,-9
7,-22,1,-28,-8,-8,-1,1,11,-17,-7,-7
-12,-27,-10,-9,-4,5,-8,-20,10,8,-5,4
0,-17,0,-8,-12,-15,-10,-24,1,-1,-8,-12
-12,-1,-3,10,4,-8,-4,-5,-11,10,12,9
-2,10,6,-9,5,-12,0,3,8,-4,-1,-23
3,13,-1,13,-9,-6,-10,4,-4,-14,1,-2
8,4,2,9,1,-4,-11,-3,-6,-13,-3,-15
2,-4,-8,3,0,-2,-11,15,-11,-19,-4,-6
-2,0,-3,1,-12,-2,-2,-11,-6,16,9,-13
-2,3,11,16,11,-14,-1,-8,-10,16,2,-13
-5,-1,8,14,-10,11,-4,-3,-8,16,2,2
-11,10,-11,-1,10,17,-8,19,0,3,4,10
-4,6,4,-13,-4,-2,5,10,3,9,-3,1
-6,10,-8,-5,4,11,0,-7,4,-11,-8,16
0,4,13,11,8,2,-11,9,-11,2,-9,15
-8,15,-12,11,-7,21,-10,20,-4,6,5,-7
0,18,-1,16,-5,16,-12,-4,7,-11,-9,2
-5,16,6,23,-8,-10,7,-5,2,0,5,10
8,2,6,3,4,-2,3,2,0,-6,-11,23
6,-5,1,11,-2,25,1,1,-9,-5,-6,3
3,-4,-9,12,-8,3,-1,2,0,21,-2,-7
-10,10,-1,0,-12,20,-6,19,-5,27,-4,29
6,26,-7,3,0,16,-5,15,8,5,-2,25
-2,4,6,15,-10,3,-5,23,-2,30,-11,25
7,27,9,-4,14,-2,-5,31,-1,29,-10,-2
-9,16,13,18,10,2,-8,10,-9,25,-7,9
14,0,9,29,-12,19,0,34,8,15,-10,-1
1,31,-10,6,12,23,-7,18,10,10,-10,12
8,20,12,33,6,14,-2,15,11,3,-8,33
-9,-10,6,-23,4,-22,1,-22,-6,-5,-9,-22
6,1,-7,-21,5,-33,-2,-21,-4,-16,-3,-17
15,-3,-11,-29,-4,-31,-10,-17,6,-11,-6,-21
-7,-9,11,-14,13,-6,1,-12,6,-15,2,-3
7,4,7,-25,-2,-1,5,-10,-11,-17,1,-1
1,-15,-7,-10,7,-27,1,-2,-8,-13,-3,-15
7,-2,-9,2,5,-26,7,-22,-7,-12,13,-4
-2,-14,6,7,-2,-14,5,-24,-2,-21,0,-1
6,-18,1,1,-9,-22,7,-12,-6,-4,-3,-24
-10,-22,-4,8,4,4,2,-20,6,-20,4,8
5,-9,1,2,4,1,-2,-23,4,-22,-8,-3
-4,11,-10,-2,-11,5,-3,-11,-1,8,6,7
12,10,-11,6,12,9,-2,-1,11,-19,-6,11
3,9,15,-17,14,-14,2,-12,11,6,9,-8
13,-19,-6,12,-3,-6,0,-8,5,-8,4,-21
-1,0,13,-16,-6,-21,7,10,11,4,-6,10
-4,11,-5,5,-6,11,4,10,6,5,7,13
-8,9,11,16,11,-7,-4,-10,8,10,-8,14
-11,11,6,4,1,3,3,-2,5,-3,4,15
-4,13,4,12,-1,1,-7,-2,-11,17,9,10
-11,-6,13,4,5,5,6,1,1,-6,1,-7
-4,-3,12,12,-3,-10,-5,20,3,0,-4,10
0,2,-9,9,1,18,7,5,11,-11,-7,8
-8,18,3,16,0,-1,6,10,6,-12,-8,11
0,17,0,9,-4,10,4,-2,-3,5,3,-7
-3,9,-9,-8,-10,-4,-10,14,-9,-8,-5,11
10,3,-10,16,15,11,-3,11,4,13,-11,26
7,-6,7,-1,2,3,1,-3,-4,17,-3,17
9,23,-1,19,-9,4,-5,15,-1,5,-4,14
-5,2,10,29,11,-4,-4,22,-7,22,-9,24
-3,-3,-11,17,2,28,-6,-3,0,0,7,-4
-8,-5,-4,14,9,1,-9,24,1,30,7,27
0,1,15,31,-7,1,-2,30,-8,1,-10,32
4,18,3,22,-9,4,8,6,-1,3,-4,14
1,21,12,-2,9,34,0,33,-5,33,-8,5
12,26,11,26,-4,-1,-3,7,4,25,8,27
5,29,14,9,-7,34,1,33,7,17,-6,27
10,-13,2,-3,-7,-6,7,-14,-1,-10,5,-2
4,-34,4,1,8,-8,4,-6,-4,-34,-8,-6
-8,-14,-7,-27,-10,-21,2,-27,-8,-16,7,-31
-6,-29,12,-8,1,-16,-2,-29,-4,-1,5,-10
12,-1,16,-31,6,3,-3,-25,8,4,16,-1
-8,-12,4,-17,0,-26,-8,-5,-1,-19,-1,-23
2,5,-10,-4,5,-26,4,2,5,-12,-10,-25
13,-25,1,1,-4,-6,0,7,5,-27,3,-4
5,-10,14,2,0,-8,-2,-2,-10,-20,-6,-18
-8,-21,-3,-10,9,-2,-5,-26,-8,-12,-8,-4
1,-16,8,-3,-7,-2,1,4,5,-25,-2,2
12,-5,4,3,-6,-16,0,-19,9,-8,0,-23
-9,-21,-1,-2,-6,-14,6,-17,12,-22,5,8
12,-13,15,-22,1,2,-5,2,0,-16,-6,7
-2,-6,-1,-19,8,-2,-5,0,-5,-17,6,-9
0,-8,14,2,6,13,2,-10,5,-6,-2,-1
-10,-8,-3,9,3,-6,0,-7,-7,-1,-2,5
0,-2,8,14,-4,11,4,-6,-5,-18,16,13
-3,15,-9,11,0,-4,-2,-8,0,5,6,-17
-6,16,-8,-5,1,16,4,-5,-5,15,4,18
-6,11,2,5,6,-11,0,6,-5,17,-7,-4
-7,14,15,7,-8,1,1,10,-6,-10,-2,16
-8,-10,5,-7,6,5,-3,-2,-3,-13,12,6
-8,0,-3,5,-2,-5,8,2,11,17,-3,-5
-8,21,0,10,-4,-9,7,21,-4,21,16,7
-3,10,-6,9,8,-8,-6,16,0,6,-8,14
3,3,2,7,5,1,-10,21,-2,3,-2,2
15,2,-1,-9,-5,27,1,13,6,12,-8,24
9,28,6,24,-4,11,-3,15,-9,-3,9,1
-5,-4,11,20,1,25,3,11,4,-2,-3,28
0,0,8,6,-1,18,-4,10,-10,27,11,19
-7,16,15,14,-7,29,-1,6,-3,13,4,16
-7,12,-10,15,-9,7,-10,32,5,32,-9,18
-5,21,2,8,-6,22,-1,13,-1,6,-1,29
-10,19,-8,2,-5,21,-5,19,9,-2,10,30
-1,30,4,8,4,25,4,33,4,0,2,26
1,4,-10,33,-5,9,-5,20,-2,15,-10,25
-5,-16,1,-21,11,-23,2,-19,-1,-25,16,-9
1,-5,11,-28,5,-12,-8,-8,6,-13,7,-26
-8,-9,6,-8,2,-3,3,-16,0,-17,-5,-22
0,-27,14,-32,6,-28,-2,-27,-3,-5,-3,-22
0,4,1,3,0,-16,2,-13,-9,-16,6,-20
6,-9,10,-4,-9,-29,1,4,6,-7,5,-31
-4,-28,9,-13,-4,-25,-6,-8,5,-23,-6,0
7,5,-1,7,0,1,-5,-25,-8,4,-2,-16
10,-18,15,-16,-4,-7,-2,-23,-1,-3,-3,-14
-9,0,0,0,-3,-17,-8,-14,-6,-19,4,-1
-1,2,1,-9,-7,-21,1,-2,-1,4,2,-10
-3,1,9,4,-6,-2,-6,-9,5,11,-7,3
-7,-10,13,-23,2,2,6,-5,-3,-22,-6,8
0,2,16,-20,3,0,1,2,-3,11,9,0
0,1,-8,0,0,-14,-3,2,-2,5,-1,-12
1,-2,2,-21,3,4,-8,11,3,3,7,-5
-9,8,12,5,-3,13,-2,-18,1,-8,11,-1
-2,4,17,11,-7,6,0,-11,-6,10,0,4
0,-6,-5,-2,4,7,-5,-13,-6,-12,-5,-17
-9,-8,-1,12,-6,5,-1,13,9,-17,-6,18
2,1,-6,-14,9,5,-8,8,-5,-16,0,17
-2,17,4,18,8,10,-7,0,8,5,14,4
-7,15,17,-14,-5,15,-4,-8,9,7,3,-4
2,10,5,-6,-6,12,-3,-7,8,9,11,8
1,6,8,15,-2,-5,-6,21,6,21,13,7
1,12,-5,18,-5,1,2,-11,-6,-11,12,15
9,17,-3,-1,6,-2,4,-9,-2,12,6,6
7,18,6,11,2,2,-6,17,3,2,-7,6
4,18,1,-4,1,3,3,-4,12,24,11,14
17,3,-3,27,3,22,-3,15,-7,0,-3,-3
15,29,4,7,10,-3,-1,30,6,4,7,26
-6,19,16,18,17,-4,3,-4,7,-3,-1,1
5,11,9,27,4,32,1,12,-4,-4,10,23
13,30,6,5,6,22,3,25,-1,-1,-9,10
14,31,6,21,4,8,0,-2,4,17,9,18
-1,35,-5,10,2,27,-5,5,9,7,-5,25
0,7,8,0,-2,20,9,7,0,0,-3,23
17,-3,-7,-32,-4,-15,-7,-32,8,-20,8,-8
14,1,0,-12,-2,-21,10,-18,-1,-27,-1,-31
5,-19,-8,-18,8,-10,-8,-7,2,-6,8,-31
10,-31,0,-27,-8,-25,9,-13,7,-1,-2,-15
-5,-7,13,-12,-8,-4,-7,2,2,-28,3,-12
16,-11,-4,1,6,-19,3,-22,-6,-19,-6,-15
16,-2,11,-7,3,-12,9,-17,3,-28,5,3
14,0,-2,-2,10,6,-7,-19,-3,-4,-6,-20
16,-15,5,-14,5,-21,7,-20,6,-28,16,-5
9,-8,-7,-16,0,-7,-3,-23,-6,-27,10,-26
4,3,-2,0,-3,0,-6,-19,-2,-18,6,-25
-6,5,-5,-8,7,-16,-3,-2,2,-11,18,0
2,-8,7,-2,-7,-20,5,-12,5,-3,6,-10
6,7,-8,-19,2,-23,-6,9,5,-13,-7,12
-8,11,7,-8,9,-7,2,1,11,3,11,-22
1,7,10,-16,15,-6,4,11,-2,-3,8,-4
4,2,-5,13,3,-14,-4,11,18,5,11,5
-8,-11,5,-18,-6,-9,9,-5,-1,13,-4,-2
-7,12,13,-14,10,6,2,3,-5,14,-2,-1
-6,-8,-6,-17,0,-2,12,18,-2,-5,14,-10
6,-3,13,10,12,11,7,11,1,2,13,4
1,-1,-7,-15,15,-1,0,19,1,6,4,-8
-7,-1,1,-4,17,17,9,-14,-4,12,-8,19
7,0,-8,2,15,-4,9,11,-7,19,3,13
-1,8,2,-9,14,24,-4,4,2,8,-5,-9
-3,18,9,12,-1,6,-7,11,3,13,-6,-1
-4,8,5,17,0,25,-6,1,10,19,-1,-5
17,5,6,1,0,15,3,6,5,24,-1,-3
5,16,16,17,0,2,9,4,0,-5,5,-2
10,-2,5,14,15,6,-1,7,-1,2,0,-6
-6,30,5,24,-5,7,12,30,5,-4,5,21
17,15,10,20,6,15,9,6,-1,9,1,-1
-6,30,7,15,0,8,-4,25,-2,10,-1,17
15,23,8,15,0,26,-2,31,5,23,4,15
-7,33,0,6,7,22,8,31,-3,15,8,0
17,20,0,1,-5,-1,0,34,1,31,-7,1
13,36,-5,11,4,17,3,2,13,35,15,34
9,-20,-2,-18,8,-16,8,-10,8,-15,0,-16
4,-8,1,-3,-2,-7,-1,-4,0,-22,8,-17
1,-34,-1,-24,-5,-15,4,-33,-4,-22,-6,-10
3,-33,1,-19,-5,-19,8,-8,-4,1,1,-6
12,-31,7,-10,2,1,6,-18,4,-16,-1,-22
17,-2,16,-3,12,-16,5,-7,14,-7,11,-15
13,-8,-7,-19,11,-4,2,-28,14,-13,12,-13
18,-13,0,-29,13,0,1,-11,2,-9,2,-24
9,-20,13,8,1,-21,5,-25,0,-21,-6,-8
1,0,5,-17,-6,9,10,-19,7,-1,2,-6
10,-17,9,-19,3,1,2,-6,1,7,8,-11
8,-13,-6,-23,4,-23,-1,-17,-2,-2,4,-2
14,-14,11,-5,5,-6,1,7,-5,-3,-5,-13
1,2,7,-21,6,-21,9,-2,9,-1,5,-8
13,-12,9,-7,8,-7,7,-15,-7,-8,4,5
-2,-8,13,0,-2,-10,-4,7,10,-2,8,-19
-2,-8,18,-18,8,-3,-4,5,-7,6,11,-1
3,-5,18,-13,3,13,8,-15,4,6,-1,-12
-6,11,12,2,19,5,6,3,9,-18,11,-18
-6,-3,5,-5,-4,-5,-4,-6,-6,19,12,18
-7,-1,18,10,-5,1,1,-10,-4,8,8,-13
3,14,-1,15,-5,11,0,-11,7,1,8,-5
6,-2,19,10,6,19,5,-4,-3,-1,17,21
0,12,-7,9,4,22,1,-11,2,-2,-7,4
-5,20,5,4,-1,17,-3,-9,8,4,4,5
0,3,6,14,0,4,0,-11,12,24,8,18
14,10,2,-6,-4,-3,-4,10,-2,-1,-1,-10
5,-6,8,8,-2,-3,10,-4,6,21,-1,-8
7,-1,15,-2,7,5,9,24,0,17,-4,28
4,-7,10,13,5,29,-4,16,-3,0,10,12
11,11,-7,26,6,17,-3,26,14,-1,-3,-6
-4,-3,-5,22,10,27,5,7,6,18,9,0
16,21,11,-4,-4,16,4,4,-3,15,1,1
17,24,10,-1,10,33,-4,4,-5,14,12,-1
19,18,8,19,4,32,2,8,-6,5,-7,28
-1,3,0,1,-6,1,-5,4,0,5,-1,18
16,28,8,15,-3,27,0,11,8,14,0,9
0,0,20,-34,0,-28,9,-7,2,-30,-1,-34
10,-10,0,-34,-5,-10,5,-1,-6,-3,-4,-8
-4,-18,-3,-15,2,-17,4,-22,4,-16,4,-27
9,-30,8,-32,5,-28,-1,-2,3,-17,-3,-13
15,-6,0,-8,8,-14,13,4,2,-5,15,3
-1,-8,15,-22,7,-3,4,-24,-6,0,-4,4
5,-24,4,-2,1,1,3,5,0,-3,5,5
2,-14,-2,-6,4,4,13,-12,14,7,-5,-24
10,-15,11,-20,2,-28,3,-15,3,1,-6,-27
0,-6,8,-11,12,-25,6,-18,7,-26,-3,-25
6,-12,-2,-24,-1,-11,8,1,2,6,6,4
-3,-10,4,-18,4,-13,-2,-14,12,0,8,4
19,-9,2,11,-5,2,6,2,2,-24,-3,-14
16,-19,3,-15,14,1,-5,-8,6,7,5,11
9,-2,1,12,-6,-6,13,-2,9,5,-2,-15
-4,-10,8,-21,-5,-15,10,4,2,-1,8,10
-3,-10,3,-4,6,10,1,12,5,8,0,-7
-5,-9,11,-12,-4,-18,-3,-14,1,-14,-1,-8
8,1,0,-11,0,-2,20,6,8,9,-1,-13
1,-2,9,-15,1,8,-3,7,2,-10,8,8
-3,-5,-6,-14,17,19,7,17,5,-6,8,18
-3,17,1,12,-2,21,-2,6,-5,3,14,8
-6,18,-2,21,8,16,-5,0,17,20,-1,10
1,0,2,-8,-6,21,3,-1,-3,13,8,-10
8,6,8,12,2,18,2,11,-3,19,8,-4
-2,2,1,10,-2,5,5,7,-1,0,6,-3
14,18,13,-8,3,22,0,8,7,1,1,-10
6,-5,4,15,-5,22,10,1,-6,3,5,20
3,-3,-1,0,14,10,0,-6,-4,-2,13,12
12,8,-3,27,16,-1,7,9,-1,3,4,2
-4,29,0,30,7,7,15,30,-3,10,-4,30
11,25,20,21,-5,16,9,18,19,17,9,2
20,19,-5,11,12,25,-2,24,6,11,10,22
8,20,4,6,-3,24,0,-2,-5,17,1,0
11,33,-4,13,13,34,1,28,5,10,-2,4
-1,4,-2,25,3,13,3,31,4,4,-1,2
19,26,3,6,5,4,7,5,-1,8,5,11
21,-14,4,-11,13,-4,-3,-12,4,-3,-4,-20
1,-35,1,-19,3,-24,4,-14,-1,-8,7,-15
1,-26,-4,-28,-1,-28,1,-25,-5,-12,12,-10
11,-19,0,-12,11,-8,-3,-13,-2,-10,-3,-7
-5,-1,8,-22,6,-5,-1,-30,3,-27,1,-8
5,-3,-1,5,9,-25,5,-13,0,-3,-3,1
11,-10,20,3,2,3,11,-24,4,-23,7,2
7,-8,10,-25,1,-3,-1,5,5,-5,10,-7
0,0,6,-16,16,-26,0,1,1,-25,21,7
7,-12,8,2,8,-12,14,8,9,-4,5,1
14,-23,9,-15,4,-22,4,0,11,-8,9,-22
-5,1,20,-21,9,3,1,-14,-3,-20,-1,7
15,-8,13,-2,5,-15,2,2,6,5,3,-11
16,-6,14,13,14,3,4,10,9,10,16,-4
11,-10,21,3,-4,-21,9,-12,9,-1,0,-2
3,-9,-2,1,3,2,4,7,11,-14,11,-14
-4,-11,-2,6,5,3,-3,-3,6,-7,2,-13
8,-1,17,-12,-3,17,2,14,-1,2,-2,-10
10,1,19,-16,4,4,11,-1,5,-17,-2,4
8,3,-2,-3,2,-4,-3,-3,11,12,1,-8
2,6,11,-4,16,8,-3,-3,6,18,12,1
0,16,6,14,2,-11,-2,14,14,13,8,4
-5,16,-3,7,3,20,5,14,14,-4,7,-13
11,-2,21,20,7,-10,0,-3,5,23,9,13
-5,-1,7,8,-1,5,6,4,4,16,11,23
3,10,2,9,5,-8,0,22,4,-9,0,-10
-5,-6,5,2,-2,-6,-2,11,2,-6,11,11
19,8,3,-5,5,17,1,1,-5,0,2,2
20,24,18,-2,2,22,6,19,5,7,6,13
-4,26,-4,26,15,28,-5,-5,7,7,2,5
12,18,21,15,2,4,10,1,-4,6,-4,22
-3,3,9,8,2,29,8,1,10,26,17,18
-4,13,6,13,-2,27,-2,23,-1,8,-2,7
11,33,3,22,12,-2,1,29,6,2,12,-3
10,13,1,1,-2,30,1,27,7,1,-4,12
-4,23,13,1,4,33,6,11,0,29,17,33
6,35,5,34,-2,1,3,19,11,17,11,6
6,-29,10,-9,8,-2,3,-33,14,-1,1,-11
-3,-19,-2,-30,17,-1,12,-35,4,-17,1,-20
-2,-11,1,1,9,-12,-1,-32,9,-12,4,-20
-1,-3,9,-2,10,1,9,3,1,-17,3,0
2,1,-2,-13,9,3,0,-24,5,-27,0,-4
1,-16,20,-3,15,-2,1,3,-1,-6,16,-2
2,-18,11,-30,19,-26,9,-28,2,1,9,-22
1,1,7,-7,19,-18,1,-18,4,-6,0,-11
2,1,-4,1,11,-16,21,-4,-1,-27,6,-22
1,5,1,2,16,1,3,-14,14,7,1,2
1,7,15,-21,16,5,-1,-9,0,2,10,-19
7,-7,12,9,6,0,2,0,0,-9,7,-12
5,3,-3,-15,0,11,10,6,0,-18,7,-18
14,-14,-2,-3,11,-21,7,-16,11,12,15,-22
14,-12,7,5,-3,-6,21,0,4,-18,3,-21
1,6,1,-9,5,-3,2,-17,10,-15,1,-21
-1,-7,5,13,5,0,-3,0,2,-15,-2,-15
4,10,2,-14,11,2,3,0,1,-13,6,17
17,-13,12,8,0,5,6,-14,1,3,2,-13
5,1,9,-15,15,2,-3,-12,0,8,5,-11
-3,12,0,1,15,2,9,19,3,-1,10,1
13,-3,6,1,-3,-5,5,-6,14,5,-4,-6
15,-5,9,4,-3,-11,-3,-7,12,-8,6,18
16,-2,10,10,10,-8,14,-13,-2,13,4,-5
13,2,10,18,10,19,11,-3,9,4,16,22
13,-3,-4,25,-3,-3,-1,23,2,13,5,2
8,3,14,26,12,-9,-1,5,6,19,13,25
17,-8,5,0,3,14,13,16,-1,-6,10,14
-4,17,16,-6,7,22,-1,11,2,11,22,19
18,27,20,7,5,20,5,23,-4,23,18,4
13,-5,20,29,1,2,6,4,7,15,0,7
-2,20,-4,8,0,10,-3,28,-4,15,9,10
4,30,7,19,9,20,-3,-1,14,-3,10,23
4,29,2,11,-4,29,1,27,14,4,10,16
-1,34,-3,3,9,-2,-2,10,5,23,-3,30
11,1,1,1,11,25,11,33,7,30,-4,18
8,33,13,24,22,36,8,31,12,20,2,6
8,0,16,-7,14,-12,-1,-11,6,-14,1,-28
-2,-17,3,-24,8,-16,5,-2,9,-29,3,-19
6,-1,4,-26,19,-21,11,-30,11,-9,5,-34
1,-1,8,1,2,-9,23,3,8,3,2,-1
10,-13,20,-2,-1,-14,4,-31,0,-2,3,-24
3,-1,21,-10,2,-30,23,-1,7,1,0,-3
3,-17,6,-7,2,-3,0,1,-1,-16,19,-18
3,-1,0,-19,15,-16,-3,6,1,-6,-1,-21
1,-14,19,-7,-3,-9,2,-1,6,-13,0,-27
3,0,1,0,-1,-14,-1,-24,9,-19,-2,-17
4,3,19,7,18,-19,2,-26,15,6,21,10
0,2,-1,1,16,-25,3,-4,-3,0,17,-5
-1,-9,2,-20,4,-3,16,-6,11,6,12,-15
8,-20,-2,-22,2,-3,2,-11,9,0,0,-19
5,-21,20,0,1,-19,-3,-21,-3,14,5,-13
6,-5,8,-2,12,-21,1,1,7,-12,3,-1
-1,-15,10,-3,15,5,11,-18,3,-5,-2,-16
3,-3,9,4,4,-5,-1,0,4,-8,0,-4
20,0,0,-9,7,12,7,16,3,-7,0,16
20,14,11,9,-2,-2,2,-8,10,-17,11,5
16,11,12,-13,11,-7,13,3,3,-9,19,20
20,-10,5,-3,23,-3,2,1,9,12,21,-10
18,-10,20,15,0,14,5,2,3,9,20,10
-2,19,2,9,22,9,-2,-4,1,2,1,8
8,8,13,-1,-3,24,20,22,10,-3,8,-3
13,-2,20,-7,3,0,10,-2,9,25,2,-4
11,2,20,24,6,-1,0,2,10,8,3,19
-2,-5,3,-7,11,-7,12,12,13,17,10,8
7,2,-2,11,4,0,-1,0,-1,20,10,27
9,18,11,28,18,-3,6,0,15,20,22,13
13,15,19,2,18,3,-1,4,-2,18,16,13
23,28,17,-4,13,23,-1,25,-3,2,19,30
22,20,3,4,-1,30,5,-4,7,6,7,29
10,2,5,17,18,29,9,13,15,13,22,28
19,24,-3,23,6,-2,-3,20,4,19,20,30
23,26,0,0,-1,29,-2,11,8,14,23,4
12,1,0,18,-3,12,0,35,5,35,0,6
12,-20,24,-31,0,-8,0,-14,-1,-15,22,-9
6,-25,17,-9,9,-15,0,-7,-2,-11,11,-12
15,-32,2,0,20,-20,8,-1,3,-15,4,-13
2,-3,14,-2,7,-23,1,-23,16,-10,4,-1
6,-19,-1,-2,13,-14,1,-19,-2,-22,21,3
2,0,18,-7,8,-14,1,-25,3,-4,7,-5
9,-15,15,-20,4,-9,-1,-4,8,-22,18,-26
8,-2,24,-25,10,-1,0,2,5,-26,18,-23
0,-16,22,-20,6,-19,0,-12,8,3,17,-5
10,-8,23,-3,12,-12,1,5,9,-18,18,-18
9,-4,-2,-23,10,-13,1,-25,2,-12,6,-3
24,-8,3,1,0,-3,-2,-20,6,-17,11,4
22,-15,-1,-14,7,1,9,2,13,-17,16,-16
10,-15,6,-1,13,9,4,-11,-1,-1,19,9
-2,-15,2,-19,8,-3,10,-17,7,-21,-1,3
13,-21,4,-9,3,-7,2,-11,4,-11,2,-6
9,4,3,0,0,13,14,15,7,4,10,4
4,-18,6,-6,0,-16,-2,2,-1,-8,6,14
3,-12,-1,-10,7,8,8,12,3,-11,15,16
14,-2,17,-17,2,-10,8,-9,-1,9,17,15
1,-15,4,1,4,-11,8,-16,22,17,18,-11
21,-1,3,-1,7,-13,-1,-13,13,-10,16,19
6,-5,6,13,8,22,4,-14,2,-13,14,9
7,-2,5,-10,4,5,12,4,4,16,5,6
7,9,2,0,14,-5,8,2,0,19,18,1
5,7,4,21,2,15,4,19,24,24,-2,20
11,20,22,21,-1,2,3,4,6,21,-2,2
5,10,8,16,20,15,12,11,10,7,-2,-7
-2,-2,5,1,15,10,-2,8,0,0,7,19
11,27,15,8,10,9,7,18,10,10,2,-3
11,29,5,6,9,18,2,3,2,3,6,26
8,30,22,24,22,13,9,16,1,9,20,27
0,17,6,-3,3,14,10,11,17,-2,11,-4
13,25,24,13,18,31,-1,15,5,26,-1,15
23,1,22,15,20,33,12,34,10,11,-2,24
17,20,-2,8,5,17,17,1,6,28,19,3
21,29,7,19,4,1,1,14,2,4,20,27
11,-2,6,-23,-1,-21,8,0,10,-4,2,-36
6,0,2,-19,15,-17,6,-4,7,-1,19,-2
19,-13,3,-19,1,-23,14,1,11,-12,5,0
2,-21,-1,-16,7,-5,-1,-22,6,-3,20,-25
10,-18,24,-12,6,-13,4,0,13,-14,7,-10
2,-22,9,-20,14,-21,4,-3,17,-22,19,-5
6,-2,8,6,10,-9,3,3,15,2,20,-19
5,-7,0,2,3,4,4,-14,-1,-8,20,-28
7,-5,22,-25,18,6,-1,-3,5,2,18,-4
8,-7,25,1,5,-21,10,-22,3,-24,9,-27
8,-9,2,-13,16,-19,5,2,1,3,11,-14
6,-25,7,-18,-1,0,2,-17,0,-12,8,-23
14,5,24,5,3,0,13,0,18,-4,6,-6
8,-19,10,2,4,-1,13,-22,8,7,-1,1
11,-16,10,-14,13,2,0,-14,13,-20,-1,-8
10,-19,17,0,12,-4,14,-16,-1,7,9,13
11,-15,9,-18,16,2,14,0,3,15,9,0
21,-18,7,14,1,-15,5,-14,13,12,2,0
25,-17,1,10,7,18,1,0,4,-16,23,15
6,7,18,5,17,2,4,-9,11,14,0,-8
16,-1,0,11,5,-12,9,11,11,12,15,20
2,7,11,16,0,-1,11,2,-1,3,18,19
3,-11,15,13,20,9,2,-10,15,10,-1,18
14,14,6,20,12,-8,-1,0,-1,22,6,3
15,-2,9,17,6,-11,15,16,6,-12,5,21
12,6,5,18,11,0,-1,7,5,5,12,-7
7,9,19,21,14,24,17,25,1,20,18,3
10,10,16,9,8,10,12,-9,4,4,20,12
9,16,15,-3,8,21,11,11,3,3,1,16
15,12,1,26,16,9,15,17,7,-6,13,11
13,14,10,14,-1,11,13,-6,8,13,7,29
14,1,5,-1,8,8,12,14,7,19,16,2
3,15,10,0,4,15,8,25,4,22,14,32
15,25,5,3,21,30,8,1,5,23,2,15
24,0,10,16,9,13,16,19,-1,9,-1,27
13,27,19,-1,6,11,0,20,10,21,23,19
18,30,0,3,12,3,11,20,14,17,23,32
7,-2,1,-2,12,-9,9,-9,3,-15,24,-11
16,0,20,-9,3,-24,4,-18,1,-21,0,-1
14,-7,3,-30,19,-17,0,-11,20,0,4,0
2,-5,15,0,0,2,0,-7,0,-31,25,0
8,-18,4,-4,19,-11,6,1,17,-21,13,-10
9,-5,3,-26,7,-5,26,3,17,-18,11,-23
1,-18,19,-17,14,2,7,-22,2,-11,10,-19
3,-15,18,1,24,6,8,-1,16,-19,11,-11
4,1,2,2,3,-14,6,-1,6,-28,18,-6
0,-14,12,-8,1,-4,1,-11,1,-19,11,-23
1,5,14,-21,18,-19,9,-8,1,-9,8,-19
14,1,2,11,0,-5,16,-10,3,-12,3,-9
9,10,9,10,15,11,1,5,2,0,18,-17
5,-15,20,-18,0,-17,4,-9,1,0,8,-6
16,11,8,-3,14,-18,7,-12,3,11,7,-7
17,1,12,6,12,-7,14,-16,12,5,18,5
20,7,10,13,14,-10,0,13,2,-11,12,9
9,13,9,9,1,5,14,-13,3,-12,26,3
8,13,6,5,7,17,4,-18,4,6,6,7
15,14,1,3,15,-14,7,7,1,12,1,-16
23,4,10,-2,0,-7,9,-15,2,16,0,5
3,2,9,-10,3,3,12,15,13,12,10,15
5,-10,5,9,16,-11,2,20,10,-12,2,3
4,-12,8,-2,3,3,4,7,1,12,8,11
15,-2,26,-5,25,21,4,18,13,19,23,-6
11,2,20,6,7,-9,7,6,0,-6,23,-2
15,1,4,-9,21,1,0,-7,4,-2,1,-7
17,4,19,-5,13,-1,0,1,1,25,9,22
10,7,3,7,18,-8,1,27,7,27,9,-5
2,3,0,24,1,21,0,21,1,21,26,23
6,8,2,3,0,-1,4,-5,9,4,9,3
11,26,9,-4,4,-1,0,14,2,31,5,21
3,2,15,5,4,24,0,3,7,24,7,20
18,13,0,11,0,-3,19,23,0,1,2,17
2,5,0,8,4,11,0,7,14,33,13,11
4,5,2,30,20,19,3,17,0,-1,18,17
13,4,11,6,0,3,9,15,0,19,0,3
