-10,-34,-13,-29,-5,-7,-12,-17,-13,-30,-1,-19
-7,-34,-16,-2,-3,-29,-5,-4,-25,-35,-24,-17
-4,2,-8,-12,-13,-13,-24,-28,-22,-14,-25,-25
-10,-32,-5,-15,-16,-18,-2,-18,-25,-17,0,-9
-6,1,-1,-19,-18,-32,-10,-10,-14,-10,-1,-12
-22,-11,-10,-24,-4,-15,-18,-8,-19,-10,-1,2
-24,-28,-21,-7,-11,-17,-26,-25,-12,2,-14,-24
-14,-9,-5,5,-2,-18,-26,-29,-14,-13,-10,7
-20,-21,-17,-23,-19,-24,-3,-15,-9,3,-24,-15
-10,-24,-5,-22,-24,-17,-16,-12,-1,3,-10,-11
-6,-10,-20,10,-4,3,0,-19,-7,6,-2,-8
-11,-9,-5,0,-13,-14,-17,-22,0,-18,0,-3
-20,1,-13,-3,-20,-1,-23,4,-9,3,-16,-22
-25,-2,0,-11,-17,-16,-14,6,-3,-5,-26,0
-18,-17,-26,-10,-15,6,-1,-17,0,1,-2,9
-24,5,-4,3,-23,12,-9,-13,-16,11,-24,-6
-2,8,-11,-16,-3,9,-16,14,-3,-13,-2,-8
-3,-9,-19,-3,-18,-17,-6,-3,-1,-6,-11,-14
-15,3,-10,15,-13,13,-13,-10,-23,-4,-13,-5
-1,12,-4,-2,-8,2,-21,2,-26,-2,-8,17
-3,-12,-12,-1,-9,-16,-25,-14,-16,12,-10,10
-4,1,-7,-1,-23,9,-7,21,-25,17,-5,-14
-16,19,-1,-14,-1,19,-25,-9,-17,7,-16,-9
-16,22,-17,16,-7,-3,-16,5,-26,17,0,3
-24,23,-4,19,-14,8,-22,7,0,12,-10,17
-24,-6,-15,-3,-16,10,0,14,-2,19,-23,-6
-17,25,-9,23,-23,9,-14,-4,-3,17,-7,-8
-21,2,-9,16,-11,-9,0,18,-26,24,-15,11
-24,12,-22,13,-15,-6,-6,22,-1,18,-25,3
-1,16,-14,27,-21,4,-16,12,-7,2,-11,28
-19,9,-15,30,-18,0,-4,12,0,11,-12,26
-12,16,-9,13,-9,-4,-17,20,-19,19,-10,23
-17,30,-19,16,-25,0,-14,22,-1,25,-8,-2
-25,7,-9,11,-4,29,-25,32,-15,21,-13,24
-26,31,-26,30,0,20,-22,0,-2,25,-14,0
-4,4,0,20,0,23,-2,5,0,28,0,2
-3,26,-2,21,0,20,-23,5,-2,24,-1,21
-4,-2,0,-19,1,-5,-3,-27,-14,-3,-21,-11
-10,-1,-6,-12,-1,-30,-7,-33,-13,-21,-7,-26
-13,-8,-6,-3,-14,-34,-13,-34,-1,-17,-18,-18
-3,1,-15,-24,-2,-23,-21,-15,-9,-33,-11,2
1,-15,-3,-23,-6,-2,-2,-14,-23,-17,-1,-13
-23,-30,-5,0,-14,-18,-21,-10,-10,-13,-14,-19
0,-6,-8,-9,-23,-17,-14,-17,-7,-1,-8,3
-9,-15,-2,-12,-4,6,-16,-12,0,-12,-9,-26
-1,-27,-14,-1,-19,-10,-6,-5,1,-1,-17,-16
-18,-20,-17,-16,-4,-12,-19,-11,-17,-8,-18,-1
-7,-5,-8,10,-2,-17,-16,-10,-12,-26,-19,-24
-10,-19,0,-15,-13,-7,-3,-24,1,-4,-18,6
-21,-22,0,-6,1,11,0,-22,-17,-3,-4,-11
-25,-8,-11,-14,-14,-5,-4,6,-24,11,0,-11
0,-12,-3,-17,-1,-4,-19,-12,-3,3,-25,-8
0,0,0,-2,-10,-14,-9,-5,-3,-6,1,-12
-11,-14,1,-19,-5,-3,-8,-5,-23,-7,-15,2
-16,-8,-6,10,-10,-14,-13,6,0,-16,-1,16
-8,6,-21,4,-7,7,-25,-14,-21,7,-5,-12
-10,-7,0,-9,-4,-16,-12,19,-9,1,-3,-12
-20,2,-13,5,-24,4,-23,18,-14,-7,-7,-16
-20,-1,-10,9,-25,-4,-18,-5,-1,5,1,6
-1,6,1,-9,1,-14,-18,18,-2,-12,-6,14
-3,16,-23,8,-25,7,-10,15,-5,18,-13,-12
-6,20,-2,18,-11,-10,-4,-3,-4,16,0,13
-14,5,0,9,-21,-1,-1,-3,0,23,-9,2
-8,-7,-2,26,-25,-6,-10,-10,-2,13,-4,16
-19,27,-4,-8,0,7,-3,-5,-1,3,-5,1
-14,25,-14,27,-21,9,-5,5,-3,21,-10,16
-16,29,-6,29,-18,-5,-3,26,-5,16,-15,6
-1,18,-2,15,-1,10,-5,5,-17,-6,-11,-3
-14,12,-15,21,-1,7,-13,-2,-13,18,1,13
-16,26,-19,3,-22,14,-8,5,-21,13,-10,23
-20,2,-10,6,-9,23,-24,23,-2,0,0,32
-22,24,-8,33,-22,23,-13,32,1,14,-1,30
-22,15,-15,30,-15,24,-2,28,-25,18,1,22
-11,7,-15,6,-24,10,-20,31,-2,26,-11,20
-9,-33,-5,-17,-21,-27,-2,-22,-8,-5,-19,-16
0,1,-9,-23,-16,-24,-7,-21,-13,-10,-21,-22
-16,-4,-7,-18,-3,-14,2,-4,0,-19,0,-24
0,2,-2,-23,-10,-9,-12,-22,-3,-25,-17,-14
-20,2,-7,-2,-8,2,-4,-30,-14,-14,2,4
-4,-25,2,-7,0,-1,-11,1,2,-31,-23,-13
2,-23,-24,-28,-10,-21,-24,4,-4,-17,-6,-5
-13,-21,1,5,-4,5,0,-17,-8,-23,1,-1
-14,-21,-9,3,-23,-19,-19,-10,-10,7,-15,-2
-2,3,-8,-11,-9,-11,-23,-15,-5,-27,-13,0
-1,9,-19,0,-5,7,-18,1,-2,-5,1,-26
-6,-10,-7,-25,0,-8,1,1,-1,-1,-12,-8
-23,-15,2,-9,-8,-11,-1,9,1,-14,-18,-14
-16,6,-4,-4,-6,-1,-14,-23,-2,8,0,1
-8,-9,-9,14,-2,6,-8,7,2,3,-10,8
-2,-11,-5,-5,-11,5,-13,-14,-3,1,-13,-15
-15,-15,-18,1,-11,15,0,-3,-21,-7,-7,10
-3,9,-23,-2,-8,-2,-11,12,-7,-2,-7,-6
-16,6,-8,2,-8,-11,-13,7,-19,-1,-15,-12
-1,3,2,15,-1,-4,-13,-17,-13,-9,-4,-9
-5,12,-4,7,-10,-12,2,2,0,6,-18,7
-24,9,-2,7,-14,9,-9,11,-20,0,-3,13
-21,-12,0,-9,-1,20,0,22,-20,8,-5,-10
-23,-8,-24,21,-2,17,-1,14,-7,17,0,10
-23,-5,-4,-4,1,3,-7,21,-11,-9,-1,16
-24,-1,0,0,0,2,-12,-7,-9,20,-10,1
-19,19,-12,1,2,-2,-13,4,-15,0,-6,14
2,-6,-18,18,-1,18,-3,2,-1,-8,-5,3
-4,16,0,-1,-3,26,0,17,-4,-2,-11,14
-1,0,-10,27,-11,-1,-5,28,-14,23,-7,2
-4,-3,-16,18,-18,8,-3,13,-5,2,-16,24
-16,8,-20,10,-17,9,-6,15,-9,-3,-14,4
-18,13,-5,8,1,23,-3,22,-6,21,-4,25
1,11,-12,-2,-17,3,-13,27,-14,3,-13,5
-23,20,-9,3,-20,29,-23,22,-2,17,-2,22
-18,-1,1,21,-16,33,-23,31,0,20,-1,23
-10,23,-5,8,-6,32,-18,15,2,26,-15,30
2,-1,-21,-14,-6,-12,-15,0,-5,-23,-19,-25
-8,-34,-20,-26,-23,-7,-1,-12,-14,-21,0,-5
-10,1,-2,-13,1,-20,-5,-7,2,-1,-8,2
3,-2,-12,-20,-21,-1,0,-28,2,-29,3,-23
-10,-14,-11,-19,-14,-8,-5,-16,-14,-8,-12,-19
3,-23,-17,3,2,3,-4,-3,-8,-6,-6,-30
-2,-13,3,4,-11,-8,-8,-1,-2,-29,-5,-9
-6,-2,-20,-14,-7,-17,-13,1,-3,-28,-4,-21
-10,-13,-14,-27,-16,-5,-2,-6,1,-2,2,-14
-16,8,-3,-13,-1,-17,-9,9,-21,-3,-6,-4
-3,9,1,7,1,-20,-5,10,-22,-18,-18,6
-9,-9,-11,0,-22,1,-23,8,-1,-16,-12,10
-21,-11,-4,-7,-2,6,-6,-19,-6,10,0,-18
-3,-15,-23,-5,3,-9,-8,-7,-23,-11,-7,-16
-4,-8,3,-11,-13,-16,-23,5,0,0,-6,6
-23,1,-19,4,-4,14,-4,4,-15,-7,-5,-7
-18,14,0,-11,-14,-1,-18,0,3,-9,1,-12
-4,4,-9,-8,2,-1,-15,8,-15,-1,-11,-7
-10,-7,-6,5,-2,0,-17,8,0,-1,-12,-14
-6,-3,0,-1,-13,18,-9,-15,-13,9,-16,-17
-8,10,-20,-2,-5,0,2,4,-6,-1,-7,-14
-10,-7,-7,-7,-12,19,-9,8,-7,-6,-22,2
2,17,-14,14,-3,-1,-20,8,-4,19,1,1
-12,-8,-19,19,-10,-4,-14,8,3,-3,3,22
-9,18,-17,1,-7,9,2,-12,-20,4,1,-8
-22,17,2,5,-14,-8,3,-11,-18,7,-9,-10
-22,14,-1,9,-12,4,-4,7,-14,12,-1,16
-18,-2,-2,-1,-8,26,-23,9,0,6,1,-8
-22,28,2,-7,2,5,-23,14,0,13,-14,12
-19,-6,2,-5,-20,9,-7,7,-5,7,-12,3
-9,-1,2,-3,-7,-3,-11,11,-8,9,-4,13
-7,23,-14,20,-16,14,2,26,-2,10,3,15
-15,17,-6,5,-21,19,-14,19,-2,10,-1,23
-8,16,-12,12,-10,15,-11,29,-17,10,2,-2
-12,17,1,33,-18,11,-23,12,0,17,-8,7
2,2,-3,6,-8,19,-16,19,1,8,-12,18
-4,12,-21,20,-10,20,-15,6,-16,10,1,6
-5,-35,-12,-7,-12,-29,-3,-18,1,-23,3,-32
-3,-32,4,-19,1,-15,-6,-20,-2,-2,-5,-14
-9,0,-1,-2,0,1,-1,-22,-9,-7,-3,-5
-19,-10,-15,-12,-14,-13,-5,-23,-12,-12,-1,3
-8,-14,-18,-27,1,-28,-8,-5,-7,-11,1,-19
-19,-19,-7,-17,3,-20,-8,1,3,-17,-6,-4
3,-21,-11,-23,-13,-15,-6,-30,-2,-28,-4,1
-9,-20,-2,-29,-18,-20,-3,3,-22,-7,-5,-14
-12,-19,-11,-28,-18,1,-2,7,3,-22,1,-14
-21,6,-15,-14,-18,0,-5,-16,-1,-22,0,6
4,-16,-5,-11,2,-4,4,-12,0,-19,-12,-9
-8,1,-14,5,2,-17,-13,-11,-1,-18,-9,11
-21,2,2,-1,4,3,0,-8,-1,-18,-9,-18
1,-8,-7,-21,2,2,-22,-14,3,1,-1,-21
-9,8,-5,5,-13,4,-22,-12,-3,14,1,-1
3,-6,-6,7,2,-12,-8,-12,-8,-5,-4,-15
-11,-7,-13,-17,0,-6,1,-11,-4,-12,-12,3
-19,-5,-9,0,-17,4,-8,3,-10,2,-15,8
-5,1,0,11,-7,1,-4,-9,0,-1,-15,-8
-1,6,-15,-6,0,-15,-20,-1,-8,-2,3,-12
-15,8,2,6,-22,18,-11,11,-5,-6,-6,8
-14,-5,-9,-13,-7,-3,-6,-9,-3,-5,-20,14
-16,17,-1,5,-8,-2,-14,11,0,8,3,2
-5,8,-6,-4,-3,-9,-7,-5,-20,-2,3,0
-13,-11,-3,13,-20,18,0,-6,1,2,-13,-7
-18,17,-6,-1,-7,20,-6,23,4,22,-17,2
-20,15,-16,0,-13,2,-11,7,0,10,-9,2
1,3,-13,4,1,14,0,-1,-3,26,-1,9
-2,7,-2,8,3,-8,-7,-6,0,-2,-14,1
-1,-1,3,14,1,29,-4,5,0,-2,-3,15
2,-4,-16,22,-4,2,-17,6,1,22,-6,19
-12,7,4,24,-9,3,3,3,-9,25,-12,16
-16,17,-15,22,-5,14,-3,11,-14,8,-7,6
-14,14,-16,8,-1,29,-16,16,-17,17,0,26
-1,11,-14,1,-6,28,-9,14,0,9,3,20
-19,2,-13,14,2,14,-14,8,-7,18,2,29
4,9,-6,31,-14,28,-3,27,-15,18,-7,3
-2,-1,-1,-27,-11,-22,-5,-8,-8,-28,-12,-24
-6,-17,-9,-2,-2,-4,-20,-22,-1,-3,-8,-2
0,-9,-6,-5,-16,-29,4,-22,-9,-33,1,-25
-5,2,-19,-16,-17,-11,-4,-32,3,2,5,-19
-7,-15,-6,-11,-2,-10,-4,-10,-18,-21,3,-10
-6,-24,3,-19,-7,-30,0,-30,-4,-17,-11,-16
3,-9,-2,-27,-18,-7,-12,-29,-18,-15,-13,-22
-17,-14,2,-21,4,-8,-3,-4,-3,4,-7,-12
-10,-18,-13,1,-14,-12,-12,-17,-6,-11,-2,-1
-6,-27,1,-11,-6,-13,1,-12,-14,-27,-10,-22
-8,-4,5,-1,5,-3,-16,-17,-4,-5,3,1
-10,-24,-5,9,4,-8,-4,9,-10,-11,-11,-17
-21,-8,-12,-17,-17,-10,2,-3,4,-3,-7,4
1,-4,0,5,-21,-11,-18,-2,3,-15,-13,-8
-3,-10,5,0,-5,6,5,13,-11,12,-8,9
-11,-3,-1,-8,2,11,-8,-21,2,13,-13,-10
0,6,-13,-8,-10,10,-10,-9,-2,-14,3,-7
-18,13,0,-8,1,-18,-2,-8,3,-5,-6,-7
2,12,-9,0,-19,2,-9,0,-11,-15,-9,14
5,7,3,13,-13,9,-1,4,-4,2,-3,-6
-11,3,-1,10,4,15,-6,2,3,3,-3,7
-2,-8,-2,7,0,-1,-14,-7,-14,10,-13,-10
-15,-10,1,6,-5,-13,-18,-5,-1,13,-17,2
-6,12,-19,17,-16,-11,4,-10,-13,-8,5,4
-21,11,-18,1,2,-1,4,2,4,-7,-9,14
-20,-3,-3,-7,-8,-10,-3,-8,2,14,2,15
1,10,-11,13,0,14,-6,-3,0,1,-10,7
-11,21,-8,-6,-14,6,2,-3,-1,3,-6,4
-16,-7,1,20,-6,13,-5,18,-3,10,4,26
-7,8,-12,15,-6,4,2,10,-7,20,-5,13
-21,22,-13,12,4,23,-5,1,-6,16,-15,7
-3,22,-5,22,-2,10,-19,2,-5,21,-14,15
-17,4,3,5,-6,13,-10,31,-15,15,3,7
4,2,-6,23,0,22,-1,20,-1,2,0,5
-5,6,2,13,-1,10,-5,2,-7,2,-3,2
-5,4,2,24,-4,13,-10,32,-12,14,-7,13
5,35,4,4,-1,7,-5,21,-1,15,-14,3
-5,-1,-2,-26,-13,-1,3,-2,-4,-13,-7,-36
-8,-34,-12,-29,-15,-18,1,-33,-11,-9,2,-27
3,2,-15,-5,-16,-11,-12,-15,-8,0,-14,-17
-9,-30,-4,-21,-4,-9,4,-20,-19,-16,-14,-32
-1,-32,-1,-26,3,-16,-5,-7,-19,-31,-6,-9
1,0,6,-25,-3,-22,-4,-30,0,-20,0,-20
1,-18,1,-13,6,-28,-15,-26,2,6,-15,-13
-14,-6,-10,-11,-8,-5,-19,-12,-2,-24,4,-24
0,-16,6,-24,-4,-24,3,-26,-3,4,-15,-6
-7,-24,-13,-24,-1,-13,-19,-17,-3,9,0,-11
-11,-22,5,5,-2,9,-12,-8,-1,-2,3,-6
-16,-25,-5,-18,3,3,6,8,6,11,0,-7
-2,0,-9,-3,3,7,-14,-2,-10,-4,-13,-12
-20,-10,-12,-18,-9,8,-6,-16,-15,-8,-6,-12
6,-8,0,14,-5,-19,-8,2,5,-21,-19,-3
-12,6,-12,-12,6,12,-17,-4,0,-4,0,-20
1,15,1,4,-12,10,-7,10,-3,-19,-9,3
-14,14,-15,-10,-3,8,5,-12,-1,-12,-2,8
4,11,-9,-17,-12,7,-2,12,2,16,0,-9
3,16,-14,6,1,14,-5,-7,-5,3,-2,-9
-6,-2,0,4,-4,7,-3,-3,-2,-12,-10,0
2,-11,-9,-10,-7,19,-7,-10,-4,17,1,16
-19,16,-14,1,-6,-4,-17,5,-19,4,-13,11
-17,12,-2,0,-12,-9,-1,-3,-19,-2,3,6
-15,21,-6,23,-1,8,-15,-1,-5,-5,0,13
-18,1,2,1,-4,-11,-16,11,-3,-2,-5,3
-12,-8,-7,-4,-2,7,-3,15,-7,6,5,17
2,13,-2,-3,-1,27,-9,17,-12,1,-2,-6
-4,12,-1,5,4,-8,3,4,-5,-4,-12,14
-8,4,-17,1,-8,6,5,11,-3,-2,-1,4
2,-5,-7,21,-12,23,-6,18,-8,24,5,12
-8,11,-3,-2,5,19,-11,15,3,24,-6,-5
-1,20,-19,10,-5,23,-10,17,5,23,-14,20
-2,32,-11,14,2,18,-19,19,-5,6,0,28
-7,31,-9,8,-15,13,-12,11,1,10,-4,15
-2,32,-9,30,-19,4,-15,2,6,4,-4,18
-8,2,4,8,-3,2,-7,12,1,23,-6,29
-1,-34,-12,-22,-1,-25,-13,-8,-10,-11,1,-17
-16,-15,7,-32,-12,-23,-6,-13,-7,-4,-16,-12
-7,-15,2,-31,-18,-28,5,-29,-18,-31,-9,-28
-14,-1,-2,-23,-9,-6,-9,-17,-17,-21,-12,-28
0,-2,-5,-19,-5,0,-13,-15,-2,-12,2,-17
-17,-25,-1,-8,-9,-28,-5,-16,-12,-8,-14,-16
4,-28,5,-11,-10,1,-8,-10,1,-6,-6,-4
-14,-12,6,-15,-6,-24,4,-13,2,4,-13,-29
-3,4,-4,-20,5,1,-15,-15,-9,-26,3,-16
-17,-18,-14,-14,1,-2,-17,-5,-9,-8,-6,-12
-17,4,-6,4,-12,-4,-9,-22,3,-16,-4,-7
-19,5,2,-18,7,-18,7,-14,-7,7,-12,-12
6,-6,2,-12,-19,-7,7,-21,5,-14,-7,-1
-1,-7,4,3,-6,9,-10,-16,3,-20,2,12
-3,0,-7,-7,2,0,0,-18,-2,11,-5,-3
-12,-21,0,3,-5,8,4,-18,3,2,-2,-15
-2,-13,-11,5,-18,-6,-7,-15,-10,-17,2,-8
5,12,-6,-11,-1,-4,-9,9,-12,1,1,-19
7,1,-12,4,-3,9,-17,-6,-3,-7,7,13
-10,14,-4,-4,-4,-7,-8,-9,2,-8,-12,13
4,5,-6,8,1,-10,-15,8,4,-7,2,-7
-3,15,-3,17,4,-14,-8,-14,-10,8,-5,9
2,15,-1,13,2,-3,-4,16,2,-1,-2,21
-12,12,4,-8,-11,23,-12,1,-6,8,-6,4
-13,-10,-17,4,1,20,6,12,-1,-5,2,12
-14,-8,3,14,7,1,-3,16,0,0,-7,-7
0,11,-2,7,0,-8,6,19,-2,8,-4,-8
1,-5,-8,5,6,-5,-4,8,-15,1,6,27
-15,24,2,-4,2,-6,-6,13,-9,21,-1,-3
-8,11,-11,21,-8,2,-4,-2,-5,27,-11,3
6,1,-7,25,7,15,5,21,0,16,-9,28
1,27,-6,27,-1,13,0,24,-11,-1,-10,-2
2,26,-6,31,-5,7,2,9,-6,16,-9,26
-15,21,0,7,5,23,-12,4,-8,27,-11,17
-8,25,-10,21,-17,6,-19,34,-12,11,-9,8
-16,21,3,1,6,9,-4,14,3,29,1,33
-7,0,3,1,-5,35,-2,36,7,19,3,22
8,-24,5,-25,5,-36,3,-26,5,0,-6,-9
-3,-3,-11,-17,-5,-11,-3,-4,-6,-29,-1,-13
8,2,-6,-28,-17,-4,3,0,6,-29,2,-2
-1,-11,2,-4,8,-29,-13,-17,-15,-16,-2,-24
-13,-6,4,-29,-11,-12,-1,-14,-5,-27,3,-15
-5,-7,-12,-17,3,-10,-15,-20,-11,-29,4,-18
-13,-11,6,1,3,-27,-4,-5,-7,-7,-10,-2
2,1,-9,-15,-5,-14,-1,-6,8,-11,-14,-5
3,-4,0,-4,-12,-2,4,-11,0,2,1,-14
-14,-5,-9,-6,1,-6,5,-8,-9,-9,-1,-24
-18,-12,-6,-3,0,-23,7,-7,4,-8,-13,-10
1,-19,6,-8,2,-22,2,-6,-4,-22,-5,-23
-11,-23,-2,12,-16,-6,-6,9,-1,-11,3,10
5,-14,-1,-16,-11,7,0,-8,2,-9,-15,-6
6,-9,-7,0,1,3,1,-15,-7,12,0,-2
4,-15,-6,9,-11,-21,-11,9,-8,4,-1,-7
-4,4,8,-10,-4,-14,8,-11,3,-4,-5,0
4,-17,2,-4,-5,9,6,-5,-4,3,5,-4
-12,-2,-6,-13,-17,-3,7,18,8,14,-4,4
-15,-17,-3,2,-11,12,2,19,-4,2,4,4
-2,10,-14,3,-13,2,6,19,1,5,-12,0
-11,6,-9,-3,-7,-8,6,18,-9,-2,-1,-10
-8,2,-4,-12,-1,-10,-8,-13,2,15,-6,-6
-6,-7,5,-7,-4,-10,-5,-12,-8,-9,4,22
-10,16,1,-7,2,24,1,-11,-5,2,-2,0
1,18,3,19,6,-1,-14,14,-15,11,-6,23
-15,7,-5,12,-8,12,6,8,3,20,-1,-8
6,-2,6,1,-12,24,-4,-3,-12,18,-3,-2
-7,-6,-9,11,-11,20,-11,23,8,-7,-15,8
-5,20,3,26,-12,6,-17,-6,-9,0,-4,2
-5,19,-11,4,-6,-4,0,8,0,0,-13,8
-11,18,-3,12,-10,11,-4,26,1,-2,-5,3
-17,0,-4,17,5,29,2,2,-3,-4,-1,22
1,-1,-16,10,-1,26,-12,21,-12,33,-12,17
2,0,-4,21,5,15,1,17,-1,23,-1,22
3,35,-6,3,-11,25,-6,6,6,31,1,6
-5,0,6,27,3,4,-3,13,-16,4,1,9
9,-23,-3,-28,8,-35,-4,-26,0,-7,-8,-27
-2,-18,-1,-30,9,-26,5,-1,7,-19,3,-7
9,-32,-3,-17,-5,-3,0,-30,-14,-13,-3,-24
1,-4,8,-1,-7,-14,-3,1,-9,-8,9,-3
-13,-25,0,-1,1,-6,-7,-22,1,-6,-5,4
-15,-16,1,-1,3,-11,-7,-9,-5,-13,-5,-24
5,-9,7,2,8,0,1,-13,-4,2,5,-30
1,-7,-4,-28,-6,-5,-6,-19,2,-13,-6,7
-10,8,2,-17,9,-12,-4,-17,-11,-18,4,2
-1,-6,0,-5,0,-2,9,-23,7,-14,-11,-6
0,-1,6,-4,6,-24,-11,-24,6,-26,-12,5
-16,0,1,0,-14,-8,8,-14,-3,-24,5,3
-1,-6,1,-7,-1,-13,3,-12,-6,-6,4,-1
-10,-19,1,-4,1,-3,-3,-7,9,-20,-9,0
4,-12,-12,-7,-15,-7,-10,4,-3,-9,-15,-11
-6,-10,3,-17,-6,-20,-10,-4,-2,-15,-7,3
-17,-1,-6,6,-15,-4,4,7,-9,-19,7,-6
0,9,2,-18,-11,-12,-13,-4,2,12,9,15
-9,-9,-15,-6,8,8,-2,4,-3,-12,-12,5
9,8,-5,-14,-7,-12,6,8,-11,17,2,1
-17,20,1,-9,-5,-16,-5,12,-12,-6,2,9
5,3,-12,6,-1,18,-4,4,-10,2,-6,9
-5,-5,-1,-1,-13,-1,-12,1,5,2,-3,-6
-10,13,-6,-10,-11,15,-10,3,9,17,2,17
-12,4,-15,11,-16,0,6,23,-1,0,-5,-12
-2,-3,4,16,-4,5,-6,7,-9,-4,6,-7
-3,-2,-13,13,2,-10,-14,2,1,-7,3,10
-10,-1,0,15,9,8,4,-6,-2,-1,-15,-6
1,20,9,11,-3,26,-15,22,-7,4,4,13
2,1,7,18,8,29,-2,-3,-6,-2,-10,16
2,25,5,0,-9,27,-3,-5,-7,8,6,2
-8,2,-10,0,-9,17,-2,-4,-3,6,-8,12
1,1,9,26,-12,12,-8,8,7,-2,-2,11
-2,28,-14,30,-5,23,9,18,-2,2,6,4
6,32,-15,22,-16,22,-11,11,-3,29,-14,10
-5,2,-8,19,-12,32,9,28,-6,6,7,-1
9,33,4,36,-3,30,-3,28,-13,24,9,11
-14,-15,8,-10,6,-11,-3,-12,5,-10,3,-33
-12,-23,10,-4,-7,-25,-9,-12,-1,-2,-2,-31
7,-5,-13,-9,-9,-25,10,-2,5,-3,-12,-17
-3,-1,5,-7,-8,-30,4,-15,-4,3,-8,-7
-15,-21,9,-3,-1,-2,10,-19,6,1,3,-9
-6,-16,5,-22,-1,-27,-4,-12,7,-20,9,-2
-10,-10,-16,3,0,6,3,4,-1,-1,4,-8
-2,0,4,5,-8,-19,9,-2,5,3,-13,-23
0,-18,-10,-28,-4,8,0,-5,6,0,7,-23
6,1,6,9,0,5,-3,-20,-5,-1,-5,5
6,1,-11,2,1,-23,-1,7,-3,3,-11,2
-5,-18,0,-22,-15,-23,0,-12,-7,-20,1,7
2,-10,1,2,1,-17,-11,-11,-1,-11,1,-8
10,-2,-2,13,6,-20,-2,-10,-12,-2,0,8
9,-3,1,-14,4,-20,-4,-8,-14,-4,3,9
1,-1,2,-19,-11,3,7,-7,-3,-3,4,0
-12,-7,9,3,3,-7,-9,9,-1,-10,-3,-16
6,-5,-8,3,-14,0,-7,13,-14,-3,-11,7
3,-5,8,-12,10,0,-8,-15,-4,17,10,-13
9,8,-4,15,-1,8,-6,-4,3,-15,0,-6
-5,18,-6,20,0,-1,-4,20,-1,16,-1,16
-10,-12,4,15,-8,-14,-12,-1,-5,5,6,-5
1,-10,9,-8,-9,19,-3,11,-6,1,2,19
-5,12,-2,11,9,-11,-11,13,0,-9,5,-9
-10,7,2,-3,3,22,9,18,7,-8,-11,13
-1,1,6,2,-9,7,10,20,-14,10,-9,6
-7,19,-10,10,-11,24,-10,13,-9,12,7,2
-6,1,-3,1,-1,0,4,13,3,-5,0,12
-2,23,-3,6,-14,-8,4,18,4,13,9,-2
-6,7,3,26,-6,24,5,18,6,-3,-4,4
-10,21,10,29,-6,17,2,20,-11,13,-9,5
10,1,2,-4,-5,12,-12,11,10,10,-7,2
1,12,-9,26,-10,25,-7,23,-6,6,-4,9
-2,-2,5,7,5,10,-7,15,-1,11,3,3
-2,-2,-5,21,9,30,-8,29,0,23,6,2
3,33,-1,10,9,5,-16,16,3,29,-2,5
10,34,6,32,-4,27,0,5,8,36,10,25
-12,-21,5,-11,-10,-33,-3,-24,-5,-12,-6,-18
-3,-14,-5,-25,-4,-23,-1,-17,5,-16,2,-4
-4,-11,11,-20,-7,-26,-12,-24,8,-3,8,-17
-15,-33,4,-15,7,-33,-2,-5,0,-22,-3,-11
-6,-29,5,-21,0,-26,0,-5,-4,-29,-6,-24
6,-27,-8,-4,-14,-14,5,-31,-1,-24,9,-29
-13,-13,10,-5,-8,-19,-1,-26,2,-14,-7,-11
2,0,-5,-28,7,5,-5,-9,0,-3,-7,-8
-6,0,8,-10,7,-22,9,0,-6,-26,-4,1
6,-6,-8,-4,-7,-15,9,-5,-11,-9,3,-26
7,-14,10,-15,1,-18,-2,-9,2,0,-5,-14
8,-14,-7,-5,-10,-3,-11,-8,-11,-12,0,5
10,-18,-4,-18,-1,-2,1,-7,9,-23,-9,-6
-6,-9,8,-23,-5,6,9,9,-8,-8,0,-19
-8,-19,-3,-10,5,-4,5,-5,-8,5,5,-10
0,-7,-7,0,-14,2,8,11,-12,-11,7,-3
9,-2,7,6,3,-8,9,-13,-9,-11,10,-1
-11,2,-6,-15,3,-18,11,-2,-6,-15,-12,-8
-7,-10,-5,3,5,5,-2,-3,3,-18,3,-8
3,13,-9,0,2,19,9,-13,-3,-5,-6,19
1,-1,-2,0,5,12,4,-10,-5,11,5,-12
-5,7,-12,4,-6,-11,-12,0,4,0,1,-15
3,-3,-5,-9,-1,9,3,-10,-1,7,2,11
5,16,-13,1,11,-7,7,-8,-2,9,0,15
10,5,-12,6,4,15,9,-9,5,-3,-13,-6
-11,6,-7,-4,-1,-6,-5,-2,-4,21,0,-3
-7,8,-5,9,-6,4,-7,-3,2,25,-9,2
-11,7,1,13,-9,3,9,21,-5,2,1,9
9,-2,-10,12,-10,13,-11,25,-1,-6,11,5
-12,29,-2,19,3,22,-4,27,-2,19,7,12
-12,29,5,0,11,5,1,3,7,26,9,15
2,-5,5,23,3,22,11,3,-15,31,2,5
7,28,0,30,-5,9,2,-2,0,23,1,4
11,29,-12,23,5,6,-2,20,5,31,7,12
-12,19,-2,13,1,33,11,17,-8,24,-8,19
-2,25,8,34,-9,24,0,19,6,9,9,25
-2,1,-1,14,-15,0,7,28,3,34,-9,29
11,-34,-1,-13,-2,-11,-7,-3,7,-9,9,-3
7,-3,-1,-23,2,-17,-3,-6,-2,-33,-7,-27
-4,-31,-11,-11,5,-10,4,-3,-1,-33,-11,-16
0,-8,-13,-32,-11,-31,-1,2,6,-15,10,-16
0,-29,10,-30,1,-6,-6,-22,-14,2,1,1
1,-16,8,-8,-9,-31,3,-15,-13,-17,6,-16
1,-1,-8,-5,11,5,-2,-3,-5,-24,12,-22
-5,-8,-7,-20,8,-9,9,-5,0,-12,4,3
-6,-9,-14,1,-5,-15,-10,-16,12,-14,-6,-25
2,-23,4,-24,-1,-13,-6,-3,-13,-22,8,-16
-13,-23,-8,4,-9,-7,4,-19,9,-6,11,-15
5,1,6,-7,0,-25,10,-24,11,11,-3,-24
-8,8,-9,-8,-8,-2,-4,7,11,7,-3,-8
9,-9,4,9,6,-18,0,-9,7,6,-1,5
3,4,12,-4,-8,-21,6,-7,-10,-3,11,-7
9,1,-5,-15,-9,-17,-14,-5,2,-4,-9,-12
-8,-6,-3,-16,-3,7,5,2,3,-13,-2,-15
11,15,10,-16,-4,-19,9,-9,10,-16,7,10
-1,-1,-10,-17,-12,16,8,6,-2,11,0,13
5,-13,9,11,-2,11,0,-14,-8,-15,0,-1
-13,19,7,-1,4,14,10,13,-1,3,7,-9
-5,4,3,-11,-5,5,-3,-3,-6,1,6,8
2,-5,6,19,4,17,1,7,3,-2,-2,2
-9,9,-9,11,4,1,3,18,-3,22,11,-6
-8,6,8,-12,5,16,-11,14,-9,19,8,5
1,-2,2,-11,3,21,-2,-2,11,-2,0,10
0,-1,4,21,-6,-5,8,9,-2,-10,2,-5
4,17,-6,18,-2,14,4,20,4,11,-10,13
-10,-4,-9,14,10,15,-2,7,10,-8,7,-5
4,3,2,-1,9,-2,11,9,9,5,11,2
10,-3,-6,9,7,21,6,19,2,29,6,-1
6,12,5,21,5,6,4,18,1,7,7,-5
-5,22,7,16,-2,26,5,12,7,0,-1,28
11,29,-4,4,0,30,-4,4,-12,20,-4,29
2,5,3,17,-2,12,10,32,-2,5,11,6
-3,-1,-1,17,-2,2,2,18,4,11,-5,14
0,33,-2,29,-12,12,10,19,-7,14,-8,22
-8,-24,12,-10,-7,-1,7,-26,-8,-6,9,-16
4,-33,-8,-30,-8,-7,-8,-10,-3,0,3,-31
11,-2,3,-15,13,-31,3,1,9,1,-2,0
5,-33,5,-17,3,-4,10,-25,10,-25,-4,0
13,-21,-13,4,5,-30,-4,-23,3,-4,0,2
13,-5,2,-11,9,5,13,-16,-10,-8,1,3
10,-27,-1,-30,1,-14,-5,2,-3,1,10,-1
-3,-5,10,-2,5,7,8,-5,-3,7,-5,-4
-4,-5,-12,-13,-4,0,-1,-5,-12,-15,-8,-7
7,7,4,-15,8,-21,-4,8,-3,-26,11,-20
0,-24,-10,-16,7,4,-10,-13,-7,-10,8,-7
2,8,-6,8,-4,-17,9,5,3,-3,-4,7
7,-19,-2,-8,10,-9,-6,-6,-4,-4,3,-10
4,-15,8,-9,-2,-1,0,-14,-5,1,-13,-23
5,3,-2,-20,7,-21,0,-4,2,2,8,-12
11,-2,5,12,6,11,-6,4,-3,-12,-5,6
3,-20,-2,-1,0,-1,-7,11,-5,7,-1,1
-1,-4,11,1,-6,5,8,-2,-3,-11,4,-11
4,-3,5,-3,-8,-12,-7,-14,-1,-14,-2,12
7,2,2,8,0,12,10,6,9,9,5,11
4,1,10,7,7,6,5,5,5,11,-3,-2
1,5,5,6,12,-10,2,-12,0,-8,8,-10
-4,8,11,20,-2,19,8,14,13,-8,13,-13
1,-1,2,9,-9,20,2,6,6,16,-11,4
-1,0,0,-1,0,-2,-3,14,12,3,7,-5
-3,17,-8,14,7,5,7,-4,4,13,-6,-2
7,4,0,18,-3,8,8,22,0,-1,9,-7
2,4,6,0,7,1,-1,-8,13,3,5,17
-13,-2,-10,8,0,19,-9,24,-4,27,-6,7
4,3,-9,23,8,0,-12,4,-6,0,6,-2
-7,9,0,30,-2,5,2,6,-2,23,5,29
-12,9,-2,25,-9,31,-4,1,-3,11,1,13
12,4,-9,9,11,27,8,11,10,1,8,18
2,-1,10,0,11,16,0,3,-2,25,-3,25
3,4,3,28,12,5,8,16,-6,10,-9,11
8,32,8,21,4,7,12,31,-5,27,-3,2
-1,24,12,9,-4,6,7,8,10,6,-4,24
-10,-26,-4,-22,2,-17,-2,-22,12,-7,-3,-5
10,-4,14,-27,14,-34,7,-23,9,-16,-6,-26
7,-9,0,-32,-4,-17,2,-34,4,-29,-2,1
-4,2,6,-25,-1,-30,-5,-12,-4,-25,-3,-5
-9,-28,-4,-9,-5,-7,-4,-24,-4,-3,11,-1
-8,-25,-4,-31,7,-2,8,-11,12,-13,-2,-6
-3,-6,6,-4,2,-13,9,-9,-7,-23,4,-15
1,0,-2,-4,-8,-22,-4,-17,2,-20,-4,-11
-10,-10,6,-8,0,-12,-4,-26,-1,-24,11,-18
-2,0,-7,-24,-9,4,11,-5,-3,9,0,6
5,-20,-3,4,10,-22,1,-22,3,4,5,-22
-10,11,-3,-1,2,-7,10,10,-6,-3,10,-9
14,-8,14,-1,14,5,-5,-11,4,-22,-2,-5
13,13,5,-17,14,7,-1,-7,13,5,11,0
11,10,-3,-14,12,11,10,-1,2,-10,-1,3
14,-21,8,-16,1,15,-2,-10,-7,1,5,-21
2,15,14,-7,-10,2,-6,-9,-4,0,7,16
2,13,4,2,-7,7,6,-14,2,5,-11,-5
-8,5,4,-17,12,-11,-2,17,-8,14,3,-12
6,-16,2,-13,5,18,6,18,-7,18,-4,16
11,8,3,7,-8,-4,-1,-14,13,6,4,6
3,5,-1,14,1,-12,-9,-7,3,19,11,-4
-1,-8,6,-14,-4,7,-2,3,13,6,-8,-2
-4,9,-2,21,8,22,-9,11,7,10,-12,-10
-5,6,12,16,-8,3,7,-4,-5,-7,4,23
-2,-5,12,-7,8,13,12,20,2,-3,0,-1
7,10,7,20,-6,7,-1,21,11,6,3,8
8,0,7,-5,-2,-1,-6,5,5,-7,0,21
-8,23,-1,17,-7,4,-5,11,-4,24,11,26
-9,12,-8,22,8,19,8,22,13,-7,0,12
8,21,4,29,-11,22,11,14,3,22,1,12
10,19,7,30,-4,27,2,21,-11,23,4,1
11,27,2,24,-6,20,10,6,-1,8,3,7
-4,31,-1,17,5,18,14,20,-8,9,-8,7
6,29,1,18,10,10,7,7,2,8,5,16
12,33,-4,25,-12,28,6,10,1,30,8,29
2,2,-2,0,5,20,-2,23,-2,13,6,16
-9,-25,-10,-20,11,-13,-10,-27,1,-23,3,-10
7,-1,-1,-33,6,-22,2,-1,3,-2,7,-20
14,-22,13,2,7,-21,7,-26,-5,-5,8,0
-2,-6,-3,-14,-3,-2,-2,-29,-3,-10,-1,-32
3,-21,11,-5,10,-23,0,0,-3,-23,2,-2
-10,-13,-3,-30,4,-29,6,-25,15,0,-3,1
-2,-10,0,2,-8,-8,-4,-21,-2,4,-2,-14
3,-1,-6,-2,-4,7,11,-17,11,-5,-1,-11
6,-10,-1,-13,-6,-27,-2,8,13,0,6,-9
11,6,9,5,1,-17,8,4,-4,1,4,-4
11,-3,-2,-16,0,0,4,-3,-6,-5,0,-4
14,-14,12,-23,7,3,-6,-11,8,-20,-4,9
7,-18,-3,-20,15,-9,-2,-9,7,-7,15,-9
1,-9,4,10,-1,3,-3,-8,0,-21,3,-21
11,13,6,6,-10,-22,-2,-12,1,-13,15,7
-1,0,11,-17,2,2,1,-11,-5,-9,8,-11
12,-4,-4,5,12,-1,14,8,2,-8,-8,-20
-5,16,7,-14,12,-7,10,1,-7,-5,3,8
6,18,4,17,-1,-16,-9,-9,0,-1,11,14
8,1,15,9,-3,2,2,-4,11,-5,9,-15
8,3,-4,8,-7,10,10,7,0,5,12,2
4,-10,-3,-5,1,6,-4,-12,13,19,2,9
2,-9,-4,-2,3,7,11,-11,14,-2,12,-12
-4,9,9,14,3,13,-2,21,-5,2,3,0
2,2,-6,5,-4,1,-3,22,4,-9,0,3
4,0,14,13,9,10,15,5,12,-1,2,18
-4,6,12,23,-8,4,-3,7,4,6,3,26
-10,10,1,10,3,18,4,0,9,-5,7,4
-11,-1,10,-8,-4,-5,-7,-3,-5,25,-2,17
-10,10,-6,25,1,0,-6,10,13,18,2,2
7,7,12,1,-5,4,10,0,3,-1,2,19
-7,25,-6,9,-10,-2,3,7,-3,31,1,13
6,27,-7,7,0,16,2,-2,9,31,-4,0
8,7,0,8,-1,17,-7,23,12,30,7,27
10,0,2,7,-10,11,3,19,2,34,-1,18
15,17,-10,21,-4,4,-3,32,10,23,1,27
-11,8,-7,28,9,14,14,21,10,21,-10,3
-4,-2,16,-29,14,-16,-3,-31,-4,-25,10,0
12,-10,15,-28,6,-25,-4,-28,3,-2,0,-2
2,1,-3,-5,9,-17,7,-7,13,-4,-1,-5
0,-2,8,-21,-8,-19,8,-23,8,2,13,-11
9,-23,6,-6,5,-9,8,1,6,-29,-9,-26
13,-25,10,-28,5,-23,11,-15,2,-14,-9,-10
6,-11,4,-20,11,-18,-3,4,15,2,9,-9
2,0,-6,-21,3,-12,-4,3,3,-1,9,-9
11,-6,7,-8,8,-21,-3,-6,8,0,-2,-4
2,-10,-1,-11,8,-23,4,6,3,-17,3,-20
-5,-5,-6,1,9,-7,1,-7,3,-24,5,-1
-3,-5,8,-11,7,-13,3,-5,6,5,-5,-6
15,3,4,3,7,4,1,-9,15,-16,1,-17
-1,-10,7,-18,1,-4,2,-2,4,2,14,11
-6,-12,13,-9,8,-13,13,-18,-7,-3,11,-6
-1,4,1,-3,4,-8,15,-15,10,-5,-1,6
1,6,10,2,0,10,0,-17,6,0,12,10
-10,-1,7,-8,7,4,11,17,-3,-3,16,-19
16,4,14,-2,0,18,-9,2,9,9,-4,8
12,-4,0,-1,8,16,8,7,8,5,1,4
8,-13,0,-12,2,16,-9,-1,-7,-4,3,19
13,10,-9,-3,14,21,9,-13,10,-5,4,18
-2,-2,9,-7,6,17,11,-10,12,-1,-3,18
-6,14,8,22,-4,-11,10,20,2,12,-1,6
-1,4,-1,21,2,17,-2,8,7,16,-2,1
13,-10,6,3,12,6,8,21,8,21,11,3
10,-3,1,14,0,0,-7,6,2,-2,5,-10
2,22,13,3,4,16,15,-5,7,-9,10,5
-9,4,6,16,-7,13,-6,15,-4,17,10,18
1,17,11,-1,0,27,9,7,-2,4,7,5
11,-3,-1,3,-5,30,-1,7,2,5,0,-2
2,20,7,8,-1,16,14,5,14,-1,5,17
14,18,10,17,8,1,-5,30,0,3,-9,28
-7,10,-1,-1,16,31,-6,-2,-4,3,-3,19
-4,-1,-8,0,1,3,-4,1,9,-1,-5,1
11,13,4,17,12,30,-1,18,-5,31,-1,21
-8,31,4,25,-6,0,-8,3,8,23,12,14
9,-28,12,-5,-6,-4,10,-31,11,0,3,-7
-4,1,0,-35,14,-13,10,-5,3,-7,-4,-27
11,-16,-5,-27,-2,-3,-4,1,-1,-4,-5,2
-5,-8,4,-20,-2,1,-6,-13,-4,-29,-2,-31
14,-27,-2,-32,-1,-9,-7,-6,-2,3,-2,-31
17,-2,-2,-3,-4,-17,3,-11,-5,-24,-3,0
4,-18,-3,-6,8,-20,8,-1,7,-20,2,-4
7,0,5,-23,-2,-28,-4,0,-2,-28,-2,-23
-8,-12,9,-17,9,-4,11,-24,17,-24,12,-1
9,-20,16,8,3,-26,4,0,5,-13,1,-20
-4,-17,-2,-9,9,-26,17,8,6,9,-8,-11
6,3,6,-25,11,2,-1,-9,16,-6,4,-20
7,-1,-3,-6,2,-9,-6,5,9,-3,7,8
-6,-5,10,-21,2,2,-1,-18,4,1,17,10
-1,1,-7,-12,14,-19,7,9,4,-9,8,-5
1,5,6,6,-3,-1,-6,-3,13,-20,7,-11
-2,-1,2,-8,-7,-3,-4,8,-8,-10,15,-17
-5,-1,9,9,8,3,-4,-11,13,8,9,3
10,-2,13,0,16,-15,11,-4,8,-15,0,-14
5,2,-4,1,17,-12,-8,-9,0,10,14,18
2,-7,3,11,13,2,3,15,9,-1,8,4
0,-6,11,20,17,-5,8,15,7,1,0,-4
-5,21,5,15,7,-5,12,0,4,1,4,-3
-6,-8,4,21,0,21,7,23,-3,4,-4,-2
-8,8,7,13,6,20,7,20,10,2,15,8
17,16,1,3,-7,-4,-6,-8,0,19,4,10
-8,-10,16,2,-7,-4,-7,-8,13,-2,9,2
17,6,7,8,16,19,3,-1,-1,13,-1,-7
15,15,11,-6,-4,24,17,28,-5,18,7,25
4,-1,-4,3,-5,-4,-6,7,3,-4,16,25
15,9,6,12,-5,12,9,-5,-3,29,-4,4
8,4,15,8,10,0,9,17,12,31,6,12
13,13,-9,-3,7,12,8,-4,-9,12,-5,22
3,5,7,15,11,12,2,2,8,5,9,33
15,25,15,-2,-5,23,-6,25,0,27,14,14
3,21,11,9,11,32,-2,1,-4,0,2,10
12,15,0,27,12,5,8,32,15,11,1,11
10,-4,-1,-1,-2,-32,-4,-5,-2,-32,-2,0
3,-20,0,-33,-6,-11,-3,-25,-8,-24,-6,-2
2,0,-2,-3,3,2,-3,-29,-3,-23,-3,2
-6,-26,-2,-24,18,-5,-2,1,1,-21,2,-2
-2,-20,17,4,-8,-19,5,-18,2,-32,15,-7
13,-24,8,-2,11,-8,2,-2,-3,-5,10,-2
9,0,15,-1,9,1,1,-8,11,-17,4,-5
16,-12,5,-25,8,-9,15,-18,16,-23,1,-29
2,-8,-6,-13,8,-6,18,-4,13,-8,15,-19
1,-15,12,-26,11,-9,-2,-2,9,-21,11,-1
-2,-4,-7,3,9,-20,10,-8,10,-7,-6,-4
-6,4,4,-11,1,-3,7,-14,12,-3,4,-16
8,-13,9,-22,9,-19,15,6,1,-7,-4,-5
3,-3,0,-15,2,-12,11,-20,12,3,15,-20
14,-19,15,-3,5,8,13,-22,1,-13,15,10
18,-16,1,-3,0,-8,14,-8,-6,-14,-3,-3
-3,-7,-1,-18,9,14,-7,-1,0,6,12,4
4,9,7,13,8,-17,12,9,-6,12,8,4
3,10,-7,-7,10,16,6,-8,12,2,8,16
0,-3,-8,5,3,-1,8,16,10,-16,18,15
9,-3,14,-5,1,11,11,8,3,0,4,-1
18,-11,-5,-9,-2,6,14,14,3,0,14,16
6,8,11,7,14,1,-7,2,8,20,-6,5
14,2,-5,-1,-3,-5,6,22,10,-11,7,-12
-5,18,14,18,8,13,-2,-7,11,16,16,21
0,-10,-2,15,-4,-10,-2,-10,12,-8,-2,14
-5,0,6,12,7,19,9,14,11,7,13,22
3,26,4,1,3,26,-1,-8,18,-7,18,-2
16,25,18,1,-5,-5,-1,16,-6,6,14,-1
5,14,-5,10,4,8,10,21,11,18,18,5
-3,29,12,18,-4,13,8,5,1,22,6,9
2,6,-3,28,8,1,-3,2,8,24,-6,-4
7,17,7,12,-4,28,1,29,8,29,-6,28
4,30,3,6,0,32,1,5,-4,2,1,32
-8,19,8,2,9,15,13,3,-4,1,0,33
8,23,6,31,-4,7,-5,31,10,35,-6,30
17,4,2,11,12,29,2,8,11,20,-4,18
-7,-1,2,-5,17,-9,8,-22,-3,-36,1,0
1,1,7,-19,9,-16,4,-32,1,0,-2,-2
19,-4,2,0,8,2,-5,-19,-5,-5,11,-15
-3,-24,18,-28,2,-32,15,-22,4,-11,-3,-4
13,4,3,-12,15,-10,-4,-31,-3,-31,8,-16
9,2,5,5,2,-14,-2,-30,-5,-25,-4,-2
10,4,19,6,18,-21,1,-30,-4,-5,3,-30
13,-9,-3,-29,5,-23,17,-3,-4,-20,-3,-25
4,-6,7,-8,-2,2,-4,-28,5,-8,5,-8
1,-23,8,-17,10,3,-5,-13,4,-27,-5,-27
16,2,5,-6,4,-16,10,-5,14,-26,-1,-15
18,5,-4,-24,-3,-4,17,-9,18,-2,1,-9
18,-2,17,-23,12,-16,9,-6,19,-11,5,0
14,4,17,-9,-4,6,1,3,0,-12,1,-16
3,3,10,-21,2,-6,0,-16,13,3,-3,-8
1,-1,8,7,-7,15,-2,-21,-6,-6,12,3
7,-10,6,-20,10,-1,5,-18,14,-2,18,11
6,-9,14,-3,12,-16,17,-17,6,-15,-5,-5
6,-5,5,-11,0,3,3,6,6,-7,12,-17
2,1,6,-12,12,-10,0,18,19,17,2,4
10,-4,13,-4,14,7,9,14,8,-15,5,-2
16,2,1,2,14,11,10,2,2,1,19,-9
9,11,5,8,-1,2,4,8,-1,18,12,2
0,21,19,4,4,-5,0,23,3,20,4,20
-1,16,-6,-2,11,-2,-3,24,5,-7,13,-9
-2,9,9,0,-2,-4,0,16,-7,15,-4,8
17,-5,-3,-8,-2,15,5,12,0,20,-1,25
10,-4,-2,-2,-3,21,-3,26,-4,-5,-2,3
-5,26,1,25,0,19,6,21,0,-5,-7,1
14,13,-1,12,6,5,-2,-1,-5,25,-5,17
16,17,6,27,-4,7,-1,29,2,13,0,22
14,-4,-2,14,-7,-2,-4,25,11,11,-6,17
8,26,0,30,2,29,-4,29,9,-3,-2,31
17,13,2,29,2,27,6,0,0,31,8,31
17,12,0,2,-1,32,-7,11,15,0,-6,27
8,21,2,34,-5,0,-2,26,-4,2,-7,12
-7,20,-2,1,4,29,0,12,1,34,4,0
-4,-36,0,-20,5,-30,-5,-8,2,-34,-3,-22
-5,-33,0,-3,6,-27,5,-12,-1,1,0,-7
3,-24,20,-14,-6,-16,15,-1,0,-4,-5,-24
14,-23,-1,-3,7,-26,-2,-13,0,-32,11,-4
1,-2,2,4,-6,-9,18,-8,11,-28,-3,-30
19,-31,-3,-3,17,-23,19,-8,-4,-3,-1,-2
-2,-4,0,-25,8,-16,-4,2,-5,-6,7,-14
2,-18,1,-28,-3,5,2,6,2,2,-5,-24
14,-2,13,0,13,-16,8,-20,-5,-9,5,-19
18,3,4,-5,-5,-11,9,-3,1,-8,13,-10
-6,-25,13,1,9,-2,12,-20,15,-9,18,2
1,8,16,-18,6,-16,14,2,12,-14,16,-24
1,-11,15,-1,7,-2,-1,0,3,-16,12,-7
2,-8,9,-20,-5,11,-4,-2,9,0,-4,-7
-4,-3,9,-16,7,-9,-2,5,4,1,16,1
7,7,8,-21,0,-2,9,11,-1,2,16,15
4,9,-3,4,17,-6,-5,-16,11,2,1,-2
2,-3,4,5,14,-8,8,-14,17,16,-3,-9
6,12,-2,17,13,-9,20,-17,10,-5,18,7
9,10,19,-2,15,0,14,15,6,10,20,9
19,0,16,18,1,-9,0,13,-4,1,9,4
5,-3,15,20,12,6,3,11,18,16,-3,-12
13,8,8,5,16,-3,-1,8,13,12,7,-13
-3,-4,17,19,-6,9,0,-13,19,12,11,14
3,21,5,21,3,-1,16,15,15,23,-5,-8
-1,-1,19,22,6,-6,-2,-3,-4,-2,4,15
14,15,6,18,-5,26,0,-2,1,19,20,-8
1,2,0,13,-1,18,18,0,-4,1,-3,-2
11,25,0,4,-5,24,17,20,1,24,9,23
10,20,11,22,9,21,-2,0,11,4,-3,14
12,17,8,-3,-2,-1,-4,25,-3,26,-4,1
12,-1,-5,28,8,15,-6,15,10,31,-1,29
13,7,13,16,6,8,-4,32,10,10,4,25
-5,20,-3,17,10,2,-1,30,-5,30,17,33
20,26,-2,32,-2,2,7,24,-3,29,11,9
19,19,0,1,-6,26,0,11,5,35,0,7
4,5,20,33,3,0,-4,25,-3,1,4,27
0,-12,-1,0,-1,-30,-3,-12,13,-12,-5,-10
19,-27,-1,-4,-5,-33,-3,0,-2,-17,2,-28
-1,2,-2,0,-2,1,-2,-3,1,-3,4,-33
-1,-14,-3,2,-1,-13,20,-20,9,-4,1,1
-3,-29,3,-1,17,-24,-5,-8,11,-5,-1,-27
-2,-25,5,-4,-2,-1,-2,-6,20,-20,-3,-6
7,4,4,6,-2,-25,19,-30,-4,-5,-1,-7
9,-2,3,6,-3,-2,-2,-23,-2,-29,0,-5
3,3,-1,-25,-1,-4,2,-24,11,-13,0,-1
0,-2,7,8,18,-20,-3,-10,14,-9,16,6
2,-17,19,-8,5,-10,-1,-16,7,-2,17,-24
5,-21,2,-17,13,-19,20,10,7,-6,12,9
0,7,9,-23,12,2,11,-14,11,-17,1,-10
5,-10,17,-9,14,-22,20,10,8,2,6,-5
4,-16,10,8,-4,-11,1,-4,15,6,20,4
2,-4,2,-2,6,0,14,-1,15,-21,21,6
18,-12,4,-9,5,-11,3,8,17,-20,20,-18
15,9,16,10,16,0,-3,0,15,-12,10,7
6,12,7,-10,11,-4,4,12,5,-1,14,-18
11,-5,10,-16,9,14,5,10,-1,-1,15,16
-3,0,18,-12,7,-12,11,-8,7,-1,15,-3
13,2,15,2,0,20,12,11,6,-5,19,1
-3,14,18,0,18,12,18,-13,14,-2,10,7
0,-5,11,-11,20,12,6,-9,0,-8,2,20
21,11,17,21,15,7,-3,-8,7,21,8,2
6,25,-1,1,-1,17,0,19,-4,-9,21,-7
9,-6,-2,1,1,-5,7,25,4,23,4,0
18,4,7,17,12,24,17,27,8,25,4,14
2,21,3,24,-1,27,0,-6,-1,28,0,22
1,3,0,27,3,8,17,13,-1,-3,-5,28
8,17,-1,20,-5,-5,12,22,21,16,-5,22
-5,26,0,30,19,30,17,26,-2,-3,0,-1
19,0,-5,21,-4,-3,18,22,10,32,-1,-3
13,33,18,28,20,17,18,4,0,25,-5,8
5,15,-4,26,20,10,-4,25,9,34,0,5
-5,28,-4,26,8,32,-2,6,-2,28,16,24
-3,27,17,21,-1,16,-3,28,1,18,-2,36
13,-4,22,-9,17,-8,-4,-30,10,-8,-1,-3
14,-16,-3,-14,1,-26,-3,-1,-2,-15,1,-29
6,2,1,2,1,-3,18,-8,7,-15,-1,-7
11,-9,8,-24,10,-5,14,-14,1,-6,2,-26
18,-21,-4,3,18,-25,19,4,0,-2,1,-32
22,-30,6,-23,-2,-5,-3,0,-1,-25,-1,-6
15,-15,1,-18,11,-12,13,-23,1,-18,-4,-3
-2,-15,-3,-21,0,5,17,6,-4,-8,4,2
3,0,-3,-23,19,-7,15,5,-2,7,-4,-3
0,6,22,-25,17,-19,13,8,14,4,5,-14
17,-10,20,-11,20,-24,22,-20,22,-17,15,-13
-1,-14,10,-18,9,-23,16,-24,7,6,7,-11
8,-6,1,-16,-2,-20,0,6,-2,-19,9,-21
8,13,-2,-4,15,3,16,-20,-1,-15,20,6
14,-4,-3,10,7,10,7,-13,12,-3,0,-1
8,-11,19,-11,1,-1,10,-10,15,-2,7,-19
20,5,-3,15,9,-20,21,-11,7,7,-2,-10
5,13,10,-7,-4,16,22,-7,7,-8,19,-18
1,-3,15,-18,20,10,6,7,16,12,14,0
-3,-2,19,3,15,-11,-1,6,-2,13,8,18
3,-11,0,-2,10,-8,7,-10,3,-8,20,20
8,-2,18,2,7,8,1,8,2,6,-1,5
18,-6,6,14,4,13,18,-14,2,10,17,-3
12,3,8,4,16,-13,4,-9,19,19,-1,15
9,7,22,16,8,-1,11,-6,7,-6,16,15
0,0,14,18,-2,-6,-3,-5,12,13,19,16
13,25,-1,12,20,22,12,14,4,3,15,25
8,-5,6,3,-1,-2,3,-9,17,25,17,11
20,3,2,0,6,9,-4,24,2,-1,-3,-6
-3,-1,-3,18,10,29,11,28,-2,29,1,-6
3,4,-3,12,-1,-2,13,6,-1,14,-1,2
17,0,-4,9,10,2,12,20,-2,29,-1,-4
1,-4,-4,23,8,13,-4,27,-1,3,21,20
5,5,12,20,6,9,18,22,2,2,-3,13
-3,11,2,-1,19,28,-4,26,-2,6,0,4
6,-1,19,33,2,10,0,5,4,14,0,14
12,31,-2,32,-1,1,2,6,-1,27,-1,31
22,-10,-2,-17,7,-35,-1,-7,4,-32,-3,-29
5,-2,0,-3,6,-6,16,-35,4,-29,1,-33
3,-8,0,-13,19,-8,18,-27,1,-11,1,-3
-1,-29,14,-1,9,-14,-2,-30,-1,-31,5,-29
-1,-10,11,-1,18,4,-1,-24,2,-8,3,-28
3,-1,4,5,-3,-17,23,-11,2,-22,-3,-26
21,-30,-3,-21,20,-5,-2,-1,4,6,-3,-10
3,-23,15,7,-3,4,3,-20,2,4,1,-22
2,-24,-2,-28,0,-1,0,-26,-1,-27,5,-28
4,0,-2,-23,3,0,3,9,6,5,0,-5
6,-11,0,-19,17,5,16,-5,2,-10,-3,4
17,-3,-3,-10,-1,-16,17,-20,4,-16,0,10
13,10,1,-8,16,-8,16,-11,11,2,19,10
16,10,5,11,5,-14,10,10,1,6,14,13
11,12,-2,14,3,-13,13,-20,18,-20,-3,-14
17,10,11,12,4,-4,13,-18,3,-13,-2,-21
-3,-16,7,10,9,13,17,11,10,3,16,-5
11,-6,10,6,11,-4,-1,-1,14,4,6,-5
9,5,18,-16,6,5,15,16,17,-10,6,-16
19,9,22,11,10,8,23,-7,19,-3,8,11
7,16,8,12,17,-8,9,14,18,-13,16,17
10,21,16,0,-2,7,17,9,11,8,5,-1
18,-5,5,-1,19,-9,8,10,22,4,10,9
19,-6,16,21,4,-5,5,9,0,22,0,17
7,11,1,5,19,1,-1,-2,21,-5,23,16
12,-7,7,21,21,23,4,4,13,10,3,16
9,17,4,22,18,-10,14,-7,5,-4,0,5
18,10,10,22,-1,24,3,11,3,11,4,5
18,-8,3,-2,15,15,6,16,-2,23,-2,-7
5,0,-2,17,5,7,4,4,6,24,0,-3
0,27,1,-2,6,3,11,14,5,27,-3,23
21,7,-1,0,3,25,9,11,5,12,-1,29
-1,29,-1,-3,-3,5,12,30,-3,24,18,2
-3,29,-1,23,22,11,-3,-1,13,5,15,4
-1,21,4,5,-1,23,2,34,-1,-2,4,33
2,5,14,33,6,34,18,29,6,-1,22,2
2,30,-3,0,18,33,-2,18,10,17,23,19
4,-27,13,-21,10,-2,12,-7,3,-7,0,-8
-2,-1,0,-2,1,-15,4,-2,-1,-26,-1,-15
4,-26,2,-1,-1,1,6,-4,-1,1,-1,-3
22,-24,17,-1,-2,-17,-2,-4,4,-33,4,-18
2,-27,20,-24,13,2,24,-4,10,-6,0,-27
19,-20,5,-16,1,-21,3,1,23,4,4,2
23,3,4,3,20,-6,7,-2,4,-2,4,-27
1,2,1,7,-2,-19,23,-28,22,4,3,-27
-2,-17,1,-23,2,-17,8,-26,0,5,-2,5
4,-3,2,-21,-1,-20,-2,-6,4,-24,5,2
1,3,1,-26,-2,-7,-1,7,7,-15,2,4
15,-2,0,2,19,-9,6,-4,-2,-15,-1,-2
21,-6,6,-8,13,9,7,-19,3,10,10,-21
4,-12,2,1,9,-19,20,9,3,-9,0,-2
22,4,0,-4,24,-9,4,-1,-2,-2,0,4
11,-5,-1,5,19,-11,0,-8,19,4,0,-9
21,7,12,10,-1,5,5,8,12,-20,12,-15
2,-5,14,-4,20,0,9,17,-1,2,0,1
14,-1,9,-1,7,7,8,-13,16,-9,12,-11
9,12,8,-14,8,15,22,-6,10,-7,13,12
5,-2,10,8,24,20,23,9,8,6,5,8
19,3,8,2,0,6,14,-3,12,3,11,4
13,22,3,-14,13,1,24,-12,4,9,2,13
1,11,7,13,22,8,-1,-6,2,18,0,-9
-2,-9,19,1,-2,3,12,5,24,8,18,23
-1,-10,4,-7,22,-7,-2,24,0,-8,7,23
18,-10,5,-4,20,17,-1,4,6,-7,-1,14
5,3,-2,21,-1,18,-1,14,3,-1,-1,27
0,24,2,10,15,3,15,12,5,23,-1,27
2,-4,21,-6,24,25,10,6,0,18,0,-5
17,11,10,10,7,12,6,8,-1,6,-1,28
9,9,1,-2,22,-2,18,29,3,1,0,25
1,4,0,4,24,15,6,25,24,4,0,5
6,29,-2,21,-2,29,20,-1,5,30,21,-3
9,30,0,26,8,26,6,-1,12,28,2,18
6,-1,1,28,23,18,8,35,2,32,4,18
-1,34,-1,2,8,4,8,32,-2,23,-1,33
14,-13,4,-25,5,-4,9,-3,3,-9,3,-27
19,-24,21,0,-1,-4,-1,-12,3,-7,3,-27
19,-33,12,-5,0,-5,1,-1,2,-29,3,-31
2,1,1,-2,6,-1,24,-18,-1,-19,1,3
6,0,2,3,7,-8,23,-11,10,-31,3,-4
18,-26,23,-7,5,-16,8,-31,12,4,5,-26
12,1,13,-4,21,3,1,-7,-1,-21,0,-2
15,7,5,0,11,6,9,-17,4,-26,18,3
5,-23,1,-17,0,3,0,-28,0,-1,3,4
25,-7,5,8,-1,-2,25,-22,3,8,3,6
11,-19,-1,-7,8,10,14,10,2,0,3,9
9,-17,4,6,-1,-18,25,-3,0,5,1,10
17,-4,1,-17,14,-23,8,5,3,10,4,-19
19,-2,1,2,8,-18,13,7,0,-19,1,4
19,-9,-1,-18,9,11,20,-14,-1,13,2,-13
10,10,3,-12,21,-12,-1,9,2,12,2,11
17,-11,22,4,6,-10,24,-3,4,5,24,10
19,4,17,-1,2,-19,15,1,5,-5,5,-13
-1,8,1,-18,0,3,19,-9,25,17,12,-8
7,9,10,17,22,1,4,4,1,5,7,-11
16,-5,13,-11,7,-9,25,10,13,4,0,14
0,14,23,14,12,-11,1,5,9,-10,16,-8
11,18,24,16,2,12,21,8,0,22,5,16
21,-13,0,-7,25,12,-1,12,4,-11,1,10
18,24,4,-10,24,-4,3,-12,3,-3,2,14
7,-5,1,18,7,7,3,23,-1,-7,0,16
13,26,-1,-3,16,5,23,13,3,-2,0,2
3,20,2,-5,-1,-1,3,20,-1,22,0,17
2,19,5,-5,2,3,21,-1,18,26,-1,26
12,-3,4,-1,-1,23,3,21,2,21,0,6
9,-4,2,-4,5,25,2,28,2,18,5,26
8,12,0,18,1,31,1,-4,3,1,9,31
24,-3,3,16,-1,22,23,16,0,25,10,-1
8,-3,2,27,19,1,-1,8,3,-1,6,33
4,0,0,11,14,20,1,9,0,18,-1,4
2,6,1,8,25,25,24,21,24,1,19,16
2,1,3,10,1,11,10,21,0,22,10,31
11,-32,10,-23,3,-21,25,-26,6,-10,0,-4
7,-29,0,-4,2,-7,2,-8,1,-12,1,-27
2,-26,2,0,5,-24,0,-26,3,-4,0,2
23,-14,1,-2,3,-5,1,-8,0,-28,8,-16
5,-5,5,-28,1,-13,0,-20,3,4,12,-1
6,-2,3,0,6,-23,25,3,0,-24,0,-7
23,-30,2,-27,3,-18,0,-4,1,-4,4,-30
13,-22,1,-26,6,-29,0,-28,0,-2,16,-28
0,-16,13,-11,6,-22,4,-19,0,-3,3,6
9,-25,0,1,3,-21,9,-25,0,-19,14,-2
2,-2,0,-6,9,-24,3,9,5,-26,0,-11
22,-16,1,-5,1,-7,10,-19,5,-12,1,-18
7,-22,1,10,3,12,4,-21,25,-17,0,7
12,-18,0,-10,3,-15,23,-8,0,-22,0,-4
25,-9,2,-18,25,0,18,-9,1,-16,0,0
0,4,0,-18,24,-20,2,-16,3,13,4,13
5,3,2,16,6,-17,3,-16,18,-10,0,1
0,-2,0,-8,2,-17,17,0,0,10,8,10
6,-5,0,-12,24,6,18,-18,24,5,2,-10
8,8,3,10,1,16,0,-14,2,2,25,6
19,11,0,1,9,16,3,20,0,8,0,-15
25,13,25,12,0,6,6,15,2,11,0,1
21,-6,10,21,6,22,11,14,26,14,0,-4
0,14,0,8,0,-7,23,-13,0,0,3,11
1,15,18,22,2,17,0,7,0,-9,8,-11
13,9,0,-6,25,12,23,20,0,-9,22,14
24,0,1,-1,23,14,1,20,4,1,8,24
10,-8,0,7,1,-1,1,27,0,9,0,-7
3,20,0,15,2,23,1,13,1,-1,0,9
1,24,1,23,2,28,4,-3,0,10,1,18
8,-3,26,-6,0,18,4,5,2,21,22,0
0,4,1,2,4,-3,8,6,0,27,0,13
1,28,0,22,17,12,9,27,9,-3,24,5
5,25,0,5,5,26,0,12,0,-3,25,7
0,3,7,29,0,3,19,24,0,4,0,10
7,30,2,5,23,34,0,6,25,15,16,29
0,2,0,10,2,3,2,0,11,13,0,4
