-17,-31,0,-9,-1,-3,-1,-6,-5,-7,-1,-26
-26,-31,-4,-19,-17,-14,-6,-14,-11,-20,-3,-32
-2,-1,-1,-1,-12,-13,-10,-26,-15,-31,0,-31
0,0,-2,-22,-3,-3,-7,-20,0,-21,-23,-10
-20,4,-16,-19,-6,-21,-26,-15,0,4,-23,-2
-21,-21,-12,-29,-14,1,-24,-24,-10,-7,-11,4
-21,5,-13,-15,-11,0,-16,-27,-22,-22,-23,-6
-11,-17,-22,-19,-13,-29,-16,6,-4,-1,-20,3
-23,-1,-4,-26,-12,-5,-19,-21,-1,-7,-19,-7
-12,3,0,3,-6,5,0,-1,-8,5,-1,-23
-2,3,-2,-13,-13,8,0,7,-11,-26,-23,-19
-21,-22,-9,-8,-2,-6,-6,-25,-20,3,-7,-20
-11,-13,-9,-20,-12,-12,-8,-4,-13,-5,-26,-5
-1,-17,-1,-7,-9,-4,-24,3,-23,-3,-4,-8
-8,7,-18,7,-24,-2,-3,-3,0,-5,-15,-12
-6,1,-15,8,-26,-14,-15,-6,-17,11,0,-10
-4,4,0,-12,-26,-5,-21,16,-2,9,0,0
0,-10,-5,-5,-1,-19,-22,-17,-7,-13,-15,-4
-3,4,-22,11,-23,9,-15,15,-25,0,-3,3
0,0,-6,-16,-3,-8,-11,8,-23,12,-3,15
0,-4,-5,-7,-7,18,-15,0,-8,7,-12,4
0,-1,-5,10,-13,21,-18,12,-6,-1,-4,-14
0,5,-6,8,-19,-2,-3,-8,-2,-1,-2,13
-5,4,-23,-5,-24,10,0,23,-25,-13,-23,23
-3,-1,-2,11,-6,11,-3,23,-9,-9,-12,-5
-4,6,-22,-3,-20,-3,-19,5,-3,21,-25,-11
-8,-2,-25,21,-2,-10,-16,-9,-3,2,-17,3
-6,22,-1,0,-1,9,-2,20,-15,2,0,5
-4,12,-5,11,-13,16,-16,25,-19,8,-12,13
0,9,-13,5,-7,-2,-14,8,-8,27,-13,15
-8,21,-9,20,-21,1,-11,9,-9,-4,-1,12
-20,12,-8,3,-1,31,-8,14,-18,2,-7,-2
-8,10,-8,30,-12,27,-3,17,-13,8,-16,7
-9,30,-1,10,-4,4,-4,2,-12,31,-2,-3
-19,28,-11,25,-24,13,-24,25,-9,15,-9,7
-10,20,-13,23,-5,27,-5,31,-22,6,-11,21
-13,9,-3,10,-18,13,-19,29,-17,12,-8,34
-25,-18,-25,-19,-3,-27,-4,-33,-9,-5,-2,-23
-3,-2,-4,-4,-13,-18,-8,-21,1,-13,-18,-32
-19,-29,-18,-33,-2,-15,1,1,1,-5,-6,-12
-20,-33,-25,-8,-5,-23,-3,-15,-14,-6,-5,2
-10,0,-17,-20,1,-19,-1,-18,-21,-30,-21,-7
-13,-13,-4,-20,1,-26,-17,-9,-2,-15,-21,-12
-8,-26,-3,-19,0,-1,-7,2,-2,-24,-3,-1
-9,-3,-10,-29,-16,-10,-13,-17,-21,-26,-5,-4
-22,-17,-7,-6,-22,-9,-17,-20,-6,8,-3,4
-24,-25,-6,-23,-1,-12,-4,2,-24,1,-21,-6
-10,-13,0,-25,-25,-13,-12,-25,-19,-23,-11,-25
-8,-9,0,-15,-21,-5,-17,0,-4,0,1,-7
-9,-16,-3,-7,-1,-12,-23,9,-19,3,-7,-20
-6,-15,-20,-16,-23,13,-9,12,-3,-11,-1,-11
-3,6,0,13,1,-22,-10,4,-4,10,-9,-19
-24,4,-13,2,-6,12,-4,-12,-16,-19,-3,15
-5,3,-9,-4,-24,6,-13,7,1,8,-1,-2
-2,-2,-9,15,0,-11,-12,-6,0,9,-3,14
-23,12,-6,3,-8,18,-13,5,-16,16,0,18
-1,-3,-3,9,-14,8,-4,-2,-19,17,0,-5
0,-2,-21,15,1,-1,-15,-8,0,16,-6,-10
-5,1,-20,15,-2,18,-21,2,-2,19,-1,19
0,2,0,4,-5,-14,-23,-5,-4,17,-15,11
1,0,-1,-4,-5,-11,-4,20,-2,22,-3,9
1,-5,-18,13,-2,8,-4,14,-8,-1,-11,22
-2,4,-5,25,-20,0,-25,1,-25,21,-21,-11
-1,2,-12,-6,-16,0,1,14,-4,24,-2,16
-1,-1,-22,10,-16,2,-15,27,-18,11,-3,9
-3,5,0,11,-24,2,-6,26,-9,21,1,2
-8,4,-16,-6,-24,28,-19,-6,-20,16,-20,-6
-2,14,-8,1,-13,8,-13,13,-20,7,-3,-2
-24,10,1,7,-1,16,0,10,-25,6,-10,29
-7,22,-15,22,-16,27,-20,-4,-23,-2,-19,20
-25,11,-5,5,-2,8,-22,19,-20,24,-18,30
-25,25,-6,15,-17,30,0,-1,-5,0,-10,3
-5,34,-19,23,-5,25,-20,21,-17,21,-5,-1
-1,1,-11,16,-1,32,-24,27,-16,6,-18,5
-2,-30,-15,-4,-2,-22,1,-28,-15,-29,-6,-36
1,-35,-23,-10,-20,-4,-22,-25,-8,-24,-2,-5
-17,-1,-2,-16,-17,-13,-11,2,-3,-31,2,-4
-7,-31,-15,-33,-3,-10,-6,-24,2,-14,-16,-11
-13,4,-15,-20,-20,-13,-11,-7,-7,1,-13,-7
-7,-18,1,5,-14,-1,-19,4,-18,-5,-24,-16
-10,-2,-13,-24,-15,-2,-11,-22,-17,-16,-10,-27
-12,3,-2,7,-10,-15,-17,-6,-22,3,-11,-12
-8,-14,-9,-7,-21,-19,-23,-6,-17,-3,-10,-14
-20,8,-3,-1,-10,-24,-16,-10,-4,-27,-5,-16
0,-11,-1,1,1,-14,-11,-24,-19,9,-5,-18
-2,2,-24,3,0,-9,-9,-24,-9,-17,-8,-14
-10,3,-9,12,-10,0,2,-10,-1,-19,-3,9
0,5,-1,-2,-2,6,-9,-13,-17,-14,-14,-10
1,5,0,3,-9,-14,-19,-17,0,-1,-6,4
-1,3,-17,-11,-3,-18,0,4,0,14,2,-21
-2,-11,-16,0,-18,1,-2,13,-16,-17,-3,-3
2,-1,-19,5,-4,-1,-11,-3,-23,-12,-3,6
1,1,-6,-1,-5,12,-3,2,-20,-7,-3,-5
-5,-5,-4,-5,-7,6,-6,10,-19,-17,-24,-13
-1,3,-17,-8,-6,9,-13,1,-2,9,-3,13
-1,3,-21,1,-12,-3,-1,7,-2,-13,-14,2
-3,-4,-19,-13,-3,1,-7,-7,-17,4,-3,22
-3,0,0,4,-5,-4,-18,-8,-3,-1,-5,-11
1,-2,1,22,-6,4,-5,-3,0,5,1,-4
0,2,-1,-8,-23,10,1,-1,0,25,1,23
-6,-1,0,4,-3,15,-23,26,-1,7,-19,11
-1,0,-6,19,-23,27,-14,15,0,16,-17,-9
-2,6,-14,2,-7,18,0,0,-7,24,-9,13
-24,22,-12,-7,-13,21,1,16,-1,4,-19,20
-1,26,-23,28,-7,19,-23,20,-10,-6,-15,28
-8,25,-5,26,-16,-3,-14,17,-7,20,-15,5
-14,5,-6,-1,2,32,2,2,-7,14,-19,11
-14,8,-23,14,-10,3,-24,27,-10,25,-5,31
-13,5,-11,11,-8,18,-23,33,-23,2,-21,4
-10,31,-9,32,-6,16,-5,0,-24,22,2,14
1,36,0,27,-12,25,-4,25,-10,4,-23,14
-2,0,-14,-22,-2,-6,-6,-9,-3,-15,-22,-4
-1,0,-13,-20,-9,-5,2,-3,-13,-16,1,-11
-17,-4,3,-1,-21,-18,-4,-26,0,-16,-16,-8
-15,-17,-5,-4,2,2,-15,-28,-7,-10,-11,-9
-17,-7,-2,-16,-12,-13,1,-8,-23,-32,-20,-15
-10,-1,3,-14,-2,-17,-11,-2,-1,-23,-3,-22
-7,-28,3,-21,-14,-7,-12,-20,-12,-15,-2,-8
-15,4,3,-10,-23,7,-2,-22,-18,3,-7,-24
-9,-23,1,-9,3,-7,1,-12,-3,-16,2,-25
-5,-2,0,-25,-9,2,-8,2,2,6,-12,-19
-3,-1,-10,-16,-5,-20,-12,-18,-1,7,-11,-18
0,2,-23,-15,-8,1,-11,-1,1,-25,-21,-8
-8,-14,-8,-2,-20,1,-22,8,-3,2,-11,-19
3,-17,3,-18,-17,12,-4,13,2,0,0,7
0,4,-1,6,1,9,-4,-10,-20,-14,2,-8
-5,-11,-18,13,-11,-6,-16,15,-13,-8,-1,-4
1,-2,-20,-17,-1,14,2,5,-18,-11,3,3
-1,-1,-22,17,-17,-4,-16,16,0,-10,1,-11
2,-3,3,-8,-15,-1,-20,11,-10,-1,3,3
-3,-4,1,14,-7,-13,-1,-2,-3,17,-1,-7
-7,-10,-8,10,-2,16,-20,3,-4,11,-15,8
1,10,3,21,3,5,-21,-12,2,-9,-14,7
1,-3,0,0,-17,16,-16,16,-20,-4,-3,15
0,1,-1,12,-17,20,-20,8,0,20,-13,5
2,-4,-10,5,-18,15,-5,-8,-17,21,-5,17
-2,0,0,8,-13,12,1,11,0,19,-1,20
0,6,2,21,-1,10,-14,24,-20,-4,-1,11
-2,6,0,26,-12,5,-8,26,-12,20,-20,10
2,12,-8,-1,3,-1,2,8,-16,2,-14,-8
2,-2,-23,-5,-5,6,-9,24,0,24,-8,21
-23,-4,2,18,-9,5,-17,-4,0,18,-23,25
-15,-2,-17,2,1,28,-8,18,-21,-5,-15,5
-14,17,-4,6,-2,13,-8,9,-4,17,-19,-2
-17,5,-16,20,-15,8,0,5,0,18,-21,0
-20,21,3,9,-15,19,-17,17,1,0,-4,8
-19,24,-6,35,-11,28,-19,32,-1,13,-19,10
-17,2,-21,19,-1,30,-20,10,-9,31,2,7
-21,-36,0,-17,1,-31,1,-13,-22,-18,3,-4
-22,-16,3,-10,-21,-23,-9,-20,3,-20,0,-8
-3,-27,-17,-7,-13,-29,-5,-33,1,-20,-19,0
1,0,3,-12,-6,-26,0,1,3,-21,1,-13
-15,-7,2,-26,-17,-26,-2,-10,-12,-11,4,-5
3,-27,-11,-18,-2,-25,4,-20,-10,-12,-9,-31
-6,6,-19,-5,-19,-29,-11,-10,1,-27,-5,-10
0,0,-17,-15,-16,-15,-22,-4,-1,-27,-18,-21
-4,6,-20,2,2,-20,2,-19,-2,-1,-16,-25
3,-20,-2,-25,-15,-14,-3,6,-1,-6,-6,-26
0,-5,2,10,-2,-7,-14,-15,-3,-14,4,-19
-12,-24,4,7,-20,8,-21,5,-21,-1,1,-6
3,-6,-4,-8,-6,12,-5,-24,3,-5,-13,-10
-18,-11,-4,10,-22,1,-19,-7,-16,-22,-16,-6
1,6,-18,-5,-10,-3,-15,-10,-1,4,-15,3
-9,-1,2,-5,-6,12,1,-21,0,5,-2,-9
-3,16,-19,0,-18,-15,-18,-20,-1,13,-5,-5
-8,-13,-22,-5,-2,11,-13,12,-21,4,-7,-12
1,3,-2,-14,0,13,-19,-13,-18,10,-2,-15
-6,-10,0,14,-14,2,-18,17,-12,-5,4,-9
-19,-15,-21,7,3,15,-20,14,-19,0,0,19
-2,-4,4,-14,0,18,-1,20,1,14,-17,17
3,-1,4,9,-19,17,4,-2,3,-3,1,10
4,-5,4,8,3,21,-13,5,-2,4,1,2
2,-3,4,19,4,6,-20,17,2,4,3,12
2,8,-5,4,-2,-4,-13,21,-4,-3,-21,12
-3,-1,-19,8,4,-4,0,7,-12,4,-10,3
-14,23,-16,5,-22,-7,-14,5,-1,4,3,12
4,14,-1,9,-9,23,-20,8,-18,6,-16,21
-10,-1,-11,21,-5,13,-18,-2,-15,10,-12,20
-8,6,-10,-4,-4,28,-7,10,-8,1,-1,20
-10,7,-5,5,1,24,0,6,-17,1,-3,-4
-15,8,-22,19,-16,14,-13,26,4,26,4,-2
-2,3,-2,-3,-13,0,1,29,-8,22,-20,-3
-1,2,-19,15,-18,26,3,18,-3,22,-4,13
-14,5,-19,9,2,26,-19,30,-10,19,-10,22
-3,5,-21,11,-4,3,-12,10,-3,7,-1,8
-13,-1,4,-8,4,-8,4,-1,-19,0,0,-6
3,-33,5,-22,-9,-2,-10,-21,-13,-6,3,-24
-8,-15,-13,-31,-1,-18,-16,-28,2,-32,-11,-25
0,-25,-18,-9,5,-8,-21,-31,-8,-22,-13,-29
4,-3,1,-18,-13,4,5,-10,-2,-13,-19,-11
-14,-24,4,-1,-8,-27,-19,-26,-13,-22,5,2
-13,0,-9,5,1,-5,-12,-26,-17,-24,4,1
-19,5,-15,-26,3,1,-20,-12,1,-24,3,-14
-1,-11,-16,-20,-11,-22,-2,3,-11,-12,-20,-8
-13,-7,-11,-6,-20,4,4,-14,-16,-3,-4,-10
-17,-15,-6,-24,-1,1,-6,-14,-14,10,-19,0
-1,4,-5,-24,-14,-24,5,-10,-8,-1,-1,9
2,-1,-10,10,-18,0,5,-6,-1,-16,2,1
-1,4,-6,-22,1,-21,-18,-14,-21,7,-2,3
-12,-21,3,-21,-2,3,-7,-15,3,-11,-1,5
-13,-2,-15,9,-7,-6,1,-13,-4,-8,1,-21
-14,-20,3,12,5,6,4,-9,-4,-10,-14,-12
-10,-9,3,2,2,15,0,6,1,-16,-5,3
-2,14,-6,-15,1,3,-10,12,0,12,0,-2
1,8,-15,11,-14,12,-21,18,-20,16,-14,13
1,-1,1,-10,-4,-6,4,13,1,-1,4,1
1,4,1,9,-10,0,3,-13,-1,-2,-2,14
-21,2,-12,17,-3,22,0,5,-10,16,-6,-13
-21,-1,-19,14,-20,5,-9,20,0,-13,2,9
-2,-2,-3,19,2,2,1,10,-18,13,4,8
-1,1,-6,2,-9,2,4,11,5,23,-18,-8
-1,4,-15,21,-12,-1,3,18,3,-1,-19,0
-2,7,-9,11,-14,17,-9,1,-3,1,-5,18
-2,6,-2,-1,-1,5,-1,12,-2,7,-2,16
-13,21,-5,19,4,6,-4,13,-2,-5,-21,-2
-12,12,-3,0,4,0,-1,11,-8,28,-8,29
-10,7,2,4,-1,12,0,7,4,4,-11,9
-19,2,2,9,5,0,4,23,2,15,-4,7
-17,17,-8,28,-19,28,3,7,1,31,-15,4
-18,15,4,18,-20,15,0,11,-7,20,2,27
-17,18,-3,9,5,13,-12,-1,-12,21,-15,19
-14,11,-8,25,-21,0,-2,20,5,11,-10,14
-6,-33,-4,-22,-14,-16,-10,-6,-3,-6,0,-28
-9,-34,-4,-22,-14,-26,-4,-12,4,-2,5,-19
-5,-1,-15,-31,4,-20,0,-32,-3,-20,4,-1
-3,-1,-7,-3,-11,-11,1,3,6,-30,-1,-26
-2,3,-11,-7,4,-10,-7,-9,-8,-20,-7,-24
5,-10,-4,-14,-5,-29,-17,2,-5,-14,-18,-18
2,-8,-12,-3,-19,-7,-12,-27,-1,-20,-17,-28
6,-19,4,-21,-10,0,-17,-16,1,-21,-7,-15
-6,-20,-16,-5,-12,-23,-17,-5,-14,-28,-6,-13
-5,0,0,3,2,-12,-9,-26,-8,-20,-13,-4
-13,2,-8,-12,-4,-15,6,4,5,-26,5,-24
-20,5,-18,0,-7,-10,4,-13,-5,-13,-9,8
-2,-17,-10,-13,-8,-3,0,-16,-10,-19,-11,-7
-3,-13,5,4,-9,1,2,-10,-5,6,-16,10
-16,-12,-19,-17,2,-9,3,-4,-10,14,-15,-15
4,-17,-16,4,-20,12,-13,-6,-12,-20,-12,0
-7,-16,5,-18,-3,9,-3,-17,4,-19,-3,12
-19,-15,-12,-1,3,-7,2,13,5,5,-9,-10
4,-11,-16,-6,6,5,3,-8,-14,0,-14,4
6,-14,-9,19,-6,3,3,-12,-15,12,-19,-2
5,-5,-3,6,-20,-12,2,8,-1,-5,-13,-4
-20,0,-4,-15,-3,-3,0,-4,6,-6,-10,1
-19,0,6,21,-5,4,-12,10,5,-13,-6,3
1,13,-9,-1,5,-9,4,4,4,5,-18,21
-4,-7,-16,-10,-14,16,-9,13,-20,10,-18,20
3,2,6,17,-9,19,-14,10,1,0,-13,23
-4,-6,-6,11,-5,13,-9,-5,6,5,-15,3
-3,22,-17,14,-5,11,-4,18,-12,17,-1,-9
-19,11,-5,10,-8,14,3,4,-15,26,-13,8
0,14,-17,6,-10,-6,2,9,-1,27,-18,0
-16,0,-10,10,6,2,-10,-6,-19,-5,3,11
2,-4,-18,31,-12,28,6,4,6,27,1,7
-5,21,-5,28,-18,31,1,0,1,3,-10,11
-15,28,0,11,1,26,2,11,-19,23,5,16
-13,13,-12,6,-6,34,-19,6,-20,32,-16,30
-20,33,-1,32,-12,25,4,29,-5,3,0,3
-2,5,2,29,-9,18,-12,36,0,3,2,12
2,-4,-12,-2,3,-14,-10,-19,-1,-25,-16,-21
-9,-35,1,0,0,-22,-6,-2,-19,-16,-19,-8
1,-8,5,-8,-8,-1,-1,-26,6,-17,-8,-8
-1,-14,5,-21,-8,-32,-6,-29,0,-4,-13,2
-3,-22,-2,-1,-18,-32,-12,-19,6,-7,-8,-13
1,-13,4,-27,1,-9,-5,-15,-3,2,-7,-12
-1,-10,-10,-4,4,-15,-12,-2,-1,-29,-7,-20
-14,-2,-15,-20,4,-19,-14,-3,4,-29,4,-19
-16,-15,3,-20,-14,8,-9,-17,-15,-9,-14,-6
7,2,-1,-18,-9,-2,-8,-20,-1,-10,2,-25
-19,2,-16,-26,-13,-7,-4,-18,-1,9,6,0
-2,-18,-12,-16,-1,-23,-1,6,-7,-16,-17,10
-3,-23,-8,-1,3,11,-4,-22,-1,-4,-12,-2
-2,11,-4,-19,-17,9,-19,-15,-7,3,-12,8
-3,-11,-14,-7,-15,-22,-3,-17,0,-22,-11,-14
-8,7,2,7,-2,0,-19,-3,-4,9,3,3
-7,-1,2,-2,0,2,4,4,-13,-14,4,-11
-18,-16,-11,14,7,3,4,17,-4,-18,4,-8
-12,-2,-3,-3,-9,-4,-6,14,3,-11,-15,10
-4,-14,-19,-13,-3,0,-9,-4,-13,-4,-1,-11
-2,1,-14,-6,-4,-12,2,-8,3,19,-11,-4
-15,12,-9,-13,-12,-11,-4,19,-8,3,3,-9
-9,7,-18,-13,1,17,-12,-4,-19,-5,-11,1
-11,-6,-15,17,5,-10,1,11,-19,12,1,17
-12,6,6,0,-5,-3,7,20,-19,21,-15,5
4,-1,5,22,0,-8,-7,25,-1,-7,-7,-5
-1,1,1,6,-10,-10,-6,10,-5,1,-6,20
2,5,-12,12,-5,19,-15,5,-3,21,6,4
3,2,-7,28,2,16,-6,20,6,-3,-15,23
6,25,-13,19,4,14,-14,-6,-9,13,-13,26
-11,-1,-4,17,6,19,-1,-5,-9,23,2,3
-17,13,2,1,-2,12,7,14,-7,8,4,31
3,-4,2,-1,-12,31,-12,20,-8,9,4,30
-8,12,-3,1,-10,27,5,23,1,1,-7,12
-6,8,6,1,-1,7,-16,25,7,4,-6,17
-11,16,-4,9,-8,-1,3,0,-12,2,5,13
-11,18,2,23,-10,25,-8,36,4,4,-3,36
-12,-21,-16,-4,-4,-17,-2,-7,8,-9,-13,-31
-1,-21,7,-21,-15,-15,2,-7,-4,-3,-9,-23
-3,-32,-4,-20,-1,-7,2,-3,-4,-21,-1,-11
-5,-4,-16,-18,8,-4,-3,-1,1,-20,-17,-29
-1,-24,2,-21,-6,-2,-17,-31,-9,-22,0,-2
-14,-30,5,-7,-18,-14,-16,-6,6,-4,-1,-30
3,-21,-13,-9,8,-13,-14,-2,-8,-6,1,-16
8,-27,-1,-20,-15,-22,-11,-12,7,-15,-11,-2
-9,3,-11,-24,-17,-27,-9,-15,-18,-11,-15,-15
-4,-16,-3,-22,1,5,-18,-27,-9,1,-4,-21
6,-4,-5,1,0,7,-6,-20,-1,2,-1,-2
-2,7,-11,-14,-3,3,-5,-22,-13,-7,-3,-17
0,12,-7,-8,-4,-24,0,-12,8,7,-11,12
-8,2,-6,7,-11,13,-5,-18,4,-13,6,-4
-7,13,-1,-1,-7,-11,1,2,-11,6,8,-13
-4,-12,-5,-15,1,-9,-10,-9,-12,14,-3,-12
1,5,-14,4,-12,-7,-12,-20,-1,15,-6,12
-5,-17,2,8,-12,17,-7,-19,-12,5,6,-13
3,4,6,-18,-15,-3,-4,10,-10,17,-7,-5
1,2,2,15,0,-12,-14,8,-13,16,-4,-1
-10,18,-13,16,6,-3,-15,9,-5,-3,-13,17
7,15,-13,16,-18,1,-4,-12,-5,-9,-5,18
2,5,-8,6,-16,0,-5,-8,-12,-2,-2,20
-6,1,-12,8,-13,18,-17,16,-11,-1,-3,12
6,4,-3,-4,-6,22,5,-5,-13,7,-10,22
3,5,-12,2,-4,-7,-12,24,4,7,4,0
-1,14,-6,0,-16,9,-17,23,-3,17,-13,4
5,3,7,-4,-10,5,-4,-3,-15,17,3,23
4,4,-17,6,-12,18,3,-6,8,-6,7,1
8,16,-7,-4,-15,-7,-3,10,-1,17,-1,29
-13,7,4,4,-8,-1,-18,7,-18,0,-17,-3
1,-1,-7,16,5,-4,-8,2,-7,14,2,2
-16,13,7,13,0,0,-3,14,6,20,-7,-4
-15,5,4,9,2,17,4,-1,6,4,4,13
3,4,-14,20,-2,29,-4,9,-12,30,-8,-2
-5,34,3,32,-6,15,-13,28,-17,26,-7,5
-6,22,-14,20,-2,35,-7,26,-5,28,-2,13
8,-13,-8,-9,1,-10,-15,-32,-7,-26,0,-10
6,-27,1,-20,-14,-33,-7,-6,5,-12,-5,-33
-4,-29,-14,-5,-14,-18,2,-23,-17,-7,1,2
-13,3,-6,-9,-5,-2,-1,-9,-17,-28,4,-29
-1,-15,-16,-23,8,-12,-2,-8,5,-26,0,-32
-4,-28,6,-14,2,4,-3,5,6,-9,-11,-22
-15,-28,7,-8,5,6,-1,0,5,-21,1,1
-17,-21,1,-17,-15,-24,-3,-3,-8,-16,1,-24
-5,5,-17,-20,7,-10,-12,-1,-1,-27,-11,8
-16,-16,-11,0,-6,-5,5,-24,0,-7,-12,-11
-11,-22,-9,5,-2,-21,-5,-1,1,3,2,-22
-4,-3,-3,7,-2,-6,5,-18,-15,-13,-16,4
7,-4,-12,-22,3,-20,-15,-24,-9,-20,-4,-3
-7,-18,-12,-12,-4,0,8,1,-15,12,1,-11
-3,-20,-4,12,-1,-19,-11,0,3,8,-12,-5
1,9,-17,-16,-7,-12,9,0,-13,0,-15,-1
-9,-19,3,5,-11,-10,-11,10,3,12,0,-18
-2,15,-5,-11,-1,-6,-4,12,5,5,-4,-8
-3,8,-10,1,1,12,-3,11,3,7,-16,0
0,10,-7,-16,6,10,-13,5,-10,10,4,-14
-10,-2,-6,-7,6,-9,1,-3,-9,-1,-13,-3
-1,14,7,15,-17,6,-5,20,7,-9,-13,9
-16,-4,-1,8,-16,15,-8,15,-14,9,-2,-10
-15,13,-4,-12,-9,-12,-10,-9,6,7,-12,-10
-1,19,-11,11,-10,8,-17,10,0,14,7,-10
-1,-8,-9,-4,-2,2,-9,-1,3,-2,1,12
-1,6,-3,0,1,0,-12,21,-1,-3,-14,18
-4,-2,5,14,-6,18,5,17,-2,9,-13,5
5,18,4,-4,7,3,-14,-7,-17,-7,-4,1
2,4,-11,12,-12,-6,4,27,-1,-4,-1,7
2,9,-9,26,0,-2,0,0,5,10,-15,30
-14,27,-7,23,-14,21,-13,3,-3,4,-6,6
-2,15,-10,24,-4,-3,-9,24,8,31,-4,-1
-2,17,-2,11,-11,13,2,16,-16,29,-10,-2
-5,19,-1,34,1,18,-16,16,8,27,-9,9
-5,-1,-5,6,-2,8,-16,14,8,26,-2,2
-17,7,-9,6,-6,9,-2,5,-5,0,-14,14
1,-17,2,-31,-3,-27,0,-5,-6,-19,-8,-29
3,-12,-5,-31,-4,-15,2,-2,-16,-21,0,-31
6,-26,8,-30,-6,-19,-15,-15,-7,-3,-3,-14
-2,-23,10,-15,-11,-11,10,1,0,-25,0,-31
2,-31,0,-2,-9,-27,5,-2,10,-9,-14,-20
-15,-14,-12,-13,-9,-8,3,-6,-3,-16,6,-12
-9,-13,-8,-7,-5,-26,-4,1,-16,-6,-5,1
-13,1,5,-9,-9,-1,9,-20,-4,-8,-9,-20
-8,-5,4,-19,1,-17,-10,-4,-4,2,-7,0
-14,-24,3,-9,8,9,-7,-8,5,-22,3,-10
-3,7,7,-4,7,-1,-10,-16,-16,-22,0,7
6,-18,3,5,-4,-19,-9,6,-3,-11,1,-20
4,8,-8,-9,-15,-20,9,-5,-13,-12,10,-11
-7,-4,6,-14,6,-19,-15,-13,4,-7,10,-22
0,0,0,3,0,0,6,-3,-4,2,-5,-10
10,13,-3,1,-4,-14,-10,-18,2,-14,0,4
1,-19,-5,-20,-4,4,-10,9,-3,-16,-2,5
-3,-7,-9,-4,6,-11,-11,-8,-1,13,-6,5
-9,16,-2,-3,-8,7,-12,-7,0,-12,-4,8
6,14,10,-11,0,9,-14,14,2,1,-13,5
-15,-11,-4,-11,-8,-12,-16,-1,6,20,-3,18
8,16,5,-13,9,-10,1,20,-11,-14,-10,11
2,19,-2,22,5,21,1,11,9,-4,-12,-4
-16,18,6,17,-10,-7,0,23,-11,2,-2,10
-8,19,5,17,6,-12,6,17,-7,12,1,18
9,17,-4,2,5,10,5,-6,7,-1,-1,0
10,10,-6,13,3,-8,7,7,-14,-6,-10,-9
4,19,-7,10,8,-7,10,20,-12,-4,-8,10
9,14,-4,11,-15,17,-9,-3,-15,4,-2,19
4,8,-16,-6,9,-5,-13,29,-14,1,-3,8
6,5,-9,14,-14,24,1,28,7,21,-5,30
8,5,-4,29,-6,-3,2,11,-11,-2,-7,-4
9,8,-5,10,-3,12,-8,16,2,9,5,27
3,28,-12,31,-6,19,5,8,-9,29,8,26
-12,-2,-3,6,-11,22,5,15,0,2,-8,4
5,17,5,33,-9,30,7,3,4,27,0,30
-1,35,-13,32,-16,10,-13,26,-2,8,-9,24
-13,-3,-7,-32,-2,-31,-7,-32,-6,-13,-8,-4
-8,-22,0,0,-1,-30,3,-13,7,-35,11,-6
4,0,8,-5,2,-12,-12,-10,2,-12,0,-7
7,-1,2,-13,-15,-8,-14,-26,-10,-12,-1,-29
-9,-12,2,-30,-15,-31,5,-25,-6,-31,-11,-27
-13,-31,1,-11,9,-7,-1,-4,-6,-5,10,-31
3,-9,-8,-24,9,-2,-8,-5,-11,-13,-14,-25
3,-16,-14,-16,-6,-15,-14,-5,-6,-24,-7,-2
-1,-6,-6,6,-15,-16,4,1,-7,3,5,-4
-7,-25,7,-26,-5,7,2,4,9,-12,6,1
-10,-9,-5,8,7,-15,-1,-5,-13,-16,4,4
2,-19,-11,-10,-2,5,-1,-25,2,-17,-2,-12
1,-6,9,11,8,-8,-4,-12,-4,-23,1,-16
-4,-23,1,-4,6,-3,2,5,-8,-4,6,-16
-15,-13,1,2,-6,-9,-15,12,-8,-18,9,4
-4,12,-12,-9,2,10,1,-1,-12,-2,-13,-19
-5,6,0,8,6,14,4,-2,-15,11,10,8
-5,-1,-8,-19,-8,5,9,-14,1,6,-12,-14
0,0,6,17,-14,-4,8,10,-2,-13,0,-6
-9,-11,-3,-2,0,8,8,-2,5,7,2,-9
11,19,6,20,2,-7,3,-11,-9,-12,3,5
-12,-15,4,-12,4,6,-10,-6,-2,18,-11,-3
-5,8,-1,-1,1,-4,-11,18,4,19,10,15
-15,8,-10,-4,-11,-10,-15,-4,4,-5,-14,0
-15,-7,-1,-6,-3,6,5,-7,1,-12,1,3
2,12,-6,0,2,-3,-3,-7,-3,-10,7,-6
-4,11,-8,23,-6,22,-2,4,-13,18,-4,6
6,20,9,9,11,25,7,19,-13,21,5,-7
7,22,-5,-8,0,14,-9,4,-6,9,-10,3
9,19,-7,17,-10,6,6,7,6,17,-4,-5
3,12,-9,-1,-10,-1,10,12,-11,21,-1,7
-11,4,-15,-5,9,4,-6,19,5,-4,9,8
-14,8,-1,-3,-14,18,6,23,-2,27,11,31
-4,19,10,29,-6,13,-12,15,-14,33,9,13
6,23,-15,33,-2,4,10,3,0,21,-5,27
9,23,5,6,6,8,-1,3,0,20,5,9
0,16,-6,15,3,22,6,18,-13,34,-5,7
-1,0,1,-5,9,-32,-5,-26,5,-4,-8,-36
12,-5,-2,-19,12,-26,-6,-35,-9,-28,8,-12
-10,-17,-8,-22,-11,-22,10,-3,-10,-34,9,-11
9,-26,-2,-1,-3,-2,9,-31,8,-14,-13,-7
-1,-32,4,-28,-13,-13,6,-5,12,-22,4,0
-1,-20,5,-18,-3,-14,-14,1,-3,-27,-13,4
3,-18,-2,-3,-2,-25,2,-17,-13,-5,-7,-24
6,-21,-9,-13,8,-5,7,-13,-12,-7,3,4
-5,-26,-9,-22,-14,-14,-7,-14,7,-22,-2,8
-2,-20,12,-11,-10,-25,-4,7,-2,-13,-9,-3
-1,-18,-9,-4,-8,-9,9,7,0,-8,7,-15
10,-22,4,-4,1,-15,-4,-13,3,-18,-10,9
-12,-14,-2,-2,9,-21,-12,-12,-13,-16,-11,1
-4,-11,5,6,1,-23,10,-2,-3,10,-2,11
-9,-11,-4,-18,1,5,-5,-2,0,5,9,13
-3,4,-3,10,-1,-1,6,2,-1,-14,11,14
1,3,-3,15,2,1,12,-15,8,-19,12,8
1,9,-8,6,-14,10,-10,11,-6,6,-14,-8
-11,-6,-14,-3,-12,4,4,11,3,-6,-4,-13
4,5,-12,-14,-10,13,-14,6,-6,3,-3,3
-1,-3,-6,3,10,-10,2,-4,-2,-12,3,-9
0,9,-6,11,-5,-11,10,18,11,-13,12,19
1,10,-1,4,1,15,-1,4,7,0,-10,8
-5,-9,-10,-7,-11,-10,-5,-1,-5,7,0,6
-11,14,-6,4,9,10,2,2,11,8,-5,11
-12,-7,0,12,3,21,-13,20,10,-1,3,14
1,4,0,-7,-5,-4,11,18,10,-5,-1,26
0,20,-7,22,11,5,0,1,10,-6,-12,-4
-7,24,-13,12,-6,-8,4,-2,0,-3,5,4
-9,2,-13,14,-2,29,-4,18,8,-3,-4,12
-6,-6,-13,0,-11,28,9,19,6,12,4,11
10,0,-9,18,-8,2,-2,11,-12,18,2,13
11,-2,3,29,9,-2,-5,-1,0,32,9,4
12,8,6,3,4,-3,-10,26,10,17,0,25
-12,13,9,24,-12,0,-5,12,-2,9,-13,0
3,28,-4,17,-10,12,2,31,-6,5,-8,20
12,31,12,15,-7,9,-11,12,1,2,-8,30
3,-12,4,-23,3,-4,3,-15,3,-1,-1,-33
-9,-1,-3,-18,-5,-28,12,-18,12,-19,-10,-23
5,-30,5,-14,-8,-25,10,-4,8,2,-13,-34
-10,-18,-7,-24,-10,-16,2,3,-6,-27,12,-28
2,-2,6,3,6,-1,-7,-9,-6,-30,7,-18
6,-31,9,-28,5,-19,6,-29,11,-8,-7,-25
-1,1,-7,-13,0,-23,-2,-11,-12,-25,11,-29
-2,-20,5,-22,-2,-21,6,-19,3,-17,-1,-18
1,-15,-11,3,6,-2,2,-22,2,-12,-7,-20
1,-26,-1,1,-13,-16,-5,-14,7,-7,-2,7
-4,-19,-11,-16,-8,-12,8,-2,12,-13,-10,3
-3,-17,3,8,0,-3,4,-16,4,-2,-10,-24
-5,-12,-9,2,-9,-1,-9,0,-12,10,11,6
-2,-19,3,-2,-3,-13,3,-6,-6,-15,-13,6
3,6,-2,-21,6,-5,9,3,9,7,0,-4
-1,7,3,11,13,-18,11,2,-12,-11,-4,4
-7,-4,-4,16,7,13,7,9,-7,-5,4,7
-1,17,2,6,-13,-14,2,-5,-10,12,0,-17
-4,-12,-5,-13,-11,0,-5,13,-8,13,3,6
0,8,0,-12,-7,5,-12,-8,-12,3,-5,12
-7,15,10,14,-2,-6,5,19,0,-13,-12,20
1,6,10,-14,-5,5,11,21,-6,14,-4,12
3,13,1,8,3,11,-5,16,7,-4,3,7
1,21,6,-7,3,15,8,-13,-9,-9,-6,-9
8,23,0,16,-12,18,-3,14,-3,18,-10,9
-7,-10,-2,9,5,18,-4,-4,-7,-2,4,-5
-6,-5,-5,18,-9,6,9,13,12,-3,-5,23
10,-4,8,12,7,16,-12,19,11,-5,0,-8
-1,0,1,22,4,20,11,-1,9,22,-9,18
13,8,-2,18,-9,27,-4,28,13,19,1,28
4,24,-13,13,-6,-6,0,28,-1,16,12,19
-1,-1,-2,25,3,-5,-13,15,-3,1,-1,24
0,28,-11,10,-6,15,1,9,8,31,5,7
13,25,10,4,-10,1,-11,20,-12,28,2,-3
-11,10,10,29,10,21,-4,31,11,17,6,13
-6,0,8,7,6,18,4,17,2,9,3,19
12,1,10,28,-9,35,-10,14,0,22,5,13
-4,-7,-4,-1,-4,-8,0,-22,-3,0,-9,-28
7,-17,-12,-4,6,-34,10,-15,0,-27,4,-7
-4,-23,-6,-18,-5,-31,-10,1,10,-12,-4,-20
8,-32,14,1,4,-15,7,-29,14,-20,6,-30
9,-1,-12,-10,5,-30,-2,-11,9,-12,-9,-28
-5,-23,5,-26,6,-3,-11,-25,1,-6,-5,-2
7,0,5,-27,3,-15,8,-18,9,-29,3,3
5,-26,-10,-7,14,6,-7,-1,-2,-22,5,-25
-3,-14,5,7,-3,-8,9,-18,-12,-25,-7,6
-2,1,7,-15,-10,-17,11,-1,-3,-12,10,-25
7,-24,6,-3,6,-2,9,-3,-11,-9,-1,6
-6,-25,3,4,7,-21,-6,11,6,-4,-4,-7
0,0,-3,11,-12,-18,-11,-3,9,-14,0,-20
-11,12,9,-11,13,-14,-7,-19,-9,-18,-11,-15
-11,-15,-3,2,-8,-21,-11,-6,-10,-7,13,-7
-1,10,6,-2,-1,0,6,0,-1,-4,2,10
-3,9,-9,-11,10,6,-10,8,10,-3,-12,-18
13,12,-11,8,3,-12,5,-17,13,-1,5,-3
-9,-4,-5,6,-7,3,-1,-15,8,1,5,-8
-9,11,-4,8,-2,-14,6,1,9,11,-11,-6
-2,-12,-10,-14,-12,2,4,-15,-6,1,-9,-5
-12,-14,9,15,-1,-10,1,11,-3,-15,1,-11
-11,8,2,-9,4,-8,8,-13,-9,-5,-6,2
-4,12,14,-9,11,5,8,3,10,0,-4,3
6,-12,-6,24,-7,11,2,23,0,5,7,19
-4,-3,-10,12,-8,1,-5,15,7,7,-10,-10
-5,25,-6,-2,5,-3,-11,-6,-8,8,0,25
7,17,-11,1,9,-9,-1,20,-9,-8,-9,9
-1,22,7,7,8,0,12,-5,-9,19,-1,14
9,16,-12,29,-9,14,4,-3,-5,23,8,11
-9,27,-12,20,-3,30,-12,25,13,16,-10,13
-10,-4,5,14,9,0,-9,-2,3,20,8,-4
-3,21,4,5,12,-3,6,3,6,21,-4,16
-9,26,-4,11,9,16,-9,5,-8,22,-7,-1
7,27,-11,-2,-5,15,-11,9,-8,33,-12,-1
3,6,-12,32,9,35,0,2,7,22,1,30
3,9,10,21,-10,29,6,28,-7,36,3,15
-5,-2,13,-8,9,-33,-8,-1,-11,-23,-9,-5
10,-14,-4,0,0,-23,-11,-6,1,-20,12,-35
-8,-15,15,-31,-1,-16,-9,-26,4,-31,-9,-11
-10,-15,-9,-17,14,-16,-3,-31,-7,-4,-9,-27
-1,-1,15,-8,11,-4,1,-4,0,-25,6,-4
-6,-17,-4,-17,3,4,-7,-5,1,4,-1,-9
0,-28,-8,-19,-3,1,8,2,1,-25,4,-7
15,7,3,2,-6,5,-3,-23,8,2,7,-9
15,-4,-4,1,4,7,5,-22,11,-7,4,4
-11,6,11,-7,5,-25,-10,-4,13,5,-1,4
-4,-16,-9,-2,-11,0,14,-23,5,-24,-6,-20
-9,-4,-10,-6,10,-12,5,1,5,-10,-1,-13
-7,-20,-6,-12,3,-7,-6,9,-8,11,-9,3
11,0,-8,-22,14,-8,-7,13,4,8,11,-16
4,-16,4,-13,-5,7,8,-8,-5,7,2,10
1,14,11,14,11,6,-7,-6,3,-15,6,-7
-11,-14,-10,-13,-7,6,7,-6,3,-1,0,4
5,-7,-8,-4,-8,17,-5,12,5,0,0,-1
-4,13,-6,7,13,17,-6,16,-6,-13,3,4
6,4,5,-15,3,-9,7,-17,-5,-1,8,-1
-2,-6,3,10,5,13,5,-14,11,11,-8,15
-5,14,-3,15,11,4,10,6,5,5,5,-3
10,-14,-7,0,-6,-12,-4,20,4,8,-5,5
-10,18,9,20,14,-2,-4,8,-10,22,2,3
0,-6,5,-9,12,-12,5,-1,4,23,13,23
2,-10,12,9,-7,-4,6,18,13,1,-1,-9
-4,26,-7,-3,-2,-8,13,25,-8,-10,6,12
-11,11,-11,2,6,15,2,3,6,27,13,-2
7,7,0,7,9,21,10,14,14,28,7,14
5,13,1,2,11,10,-6,18,-1,-3,5,-7
-8,1,5,25,15,25,14,27,-5,13,3,20
6,31,-10,11,-6,-5,12,15,7,0,11,-2
12,25,-5,31,-3,12,10,-3,-9,-3,-2,26
9,27,-7,32,-6,17,-4,3,-6,11,-5,2
-10,-1,9,18,-11,25,-11,5,-8,28,2,22
4,4,-3,33,7,13,0,10,0,24,13,3
-10,30,-5,10,11,23,3,5,-3,8,1,17
-8,-25,-9,-6,0,-1,5,-27,10,-1,15,-35
16,-35,4,-1,-7,-6,14,-16,-4,-21,-3,-24
-9,-26,11,-29,10,0,-4,-14,-9,-12,11,-24
14,-27,11,-6,-2,-21,0,-31,-7,0,8,-9
-8,-1,15,-32,-9,-23,0,0,-2,2,2,-23
10,-24,7,1,7,-13,6,2,9,-15,10,5
1,-25,7,-14,7,-14,4,0,1,4,1,-2
-6,3,15,-18,12,-17,10,-11,10,-23,5,-3
13,-24,-2,-27,11,3,14,-17,11,-9,-10,2
1,-16,4,1,-4,-15,-10,-22,7,-22,11,8
-8,-18,3,-17,-4,-24,-6,-3,-1,-7,-10,-4
-6,-4,6,10,-3,-11,7,-20,3,7,-5,-6
-5,1,-2,-13,11,-12,-5,-7,-6,9,8,1
-1,-1,11,-16,5,-11,14,-8,9,3,4,-15
15,11,4,-11,-3,5,7,0,-5,3,12,12
-7,-11,4,14,0,0,2,-10,3,-11,-8,-7
-6,11,-6,16,-10,-12,0,-5,10,-5,-1,-18
-4,7,-8,16,-3,6,-1,-8,8,17,16,-3
11,16,16,7,-5,14,4,-10,-2,1,10,-5
6,-2,8,-15,-8,-11,3,-6,2,19,11,-17
4,7,-9,-12,-3,-6,2,-8,6,1,10,15
3,1,11,17,14,14,10,-11,-7,6,9,21
0,10,-10,18,7,-14,10,18,5,19,-10,-11
-9,20,14,-8,0,-5,16,18,7,2,-2,12
4,23,0,7,2,-11,-4,22,11,10,1,15
-9,5,0,20,-3,21,-9,23,6,5,-6,-10
1,16,14,24,-1,7,-2,-9,14,-2,4,26
0,-7,3,7,-9,-7,15,-7,6,13,9,4
-3,18,0,22,10,20,5,-8,-5,0,-1,-1
-2,19,10,14,6,17,-6,12,13,21,14,-4
11,27,-4,23,-5,10,-6,-5,1,3,6,20
1,3,9,14,0,8,-1,11,-8,15,13,1
8,20,-8,22,-2,20,6,30,4,-3,11,-3
7,32,8,8,-1,24,10,32,2,3,-9,9
-1,26,-9,16,13,26,1,33,10,9,-10,14
8,27,-6,32,4,17,-6,5,-1,3,2,19
14,27,3,3,-4,31,14,18,-2,32,-2,26
0,-6,-1,-15,6,-2,-9,-3,1,-10,4,-11
6,-20,14,-10,-7,-7,11,-21,13,-4,6,-5
7,-34,8,-34,3,-26,5,-32,-7,-18,-8,-13
17,-32,14,-28,13,-27,2,-27,-2,-26,0,3
16,-6,0,1,11,-20,-3,-4,15,-18,16,-9
2,-8,3,-10,4,-20,-1,-12,9,-1,10,-8
1,0,-6,-3,14,-17,15,-26,-2,4,2,-25
9,-6,16,-6,-1,-2,17,-9,-4,-19,10,-2
5,3,-3,-27,17,-4,-2,-27,9,-6,-9,5
-7,-20,17,-27,17,-11,-4,-3,-7,-14,14,4
4,-8,16,-4,-7,-1,-8,-12,-5,-13,5,-24
10,-4,-4,10,8,-20,8,-10,-6,-18,8,6
-4,-16,1,12,-5,-14,-7,-23,-7,5,-9,10
1,-10,-3,10,17,5,5,1,4,-15,2,0
14,-20,7,-10,13,-19,4,-3,15,12,-8,-21
-8,6,3,5,12,-19,17,-4,-7,6,-9,-14
0,3,10,-6,4,-7,2,2,-6,-3,-8,14
-2,0,-4,1,3,-10,0,-17,10,-2,-4,-10
2,9,-7,-17,12,15,13,3,0,-2,1,17
5,3,9,9,2,19,7,-2,-2,16,-1,0
1,-10,5,-12,4,13,6,11,3,16,1,-12
14,-9,3,-11,1,1,-9,21,-1,15,3,16
15,16,-8,12,0,21,-3,-10,-8,-8,9,-12
0,-1,-9,-6,3,-10,-4,-11,1,18,-7,9
-4,-8,-7,22,-5,15,-5,1,-1,9,-9,-2
-3,-4,-9,5,-3,21,2,13,10,19,-5,-2
8,18,0,0,8,25,7,-1,-2,12,7,-4
-4,9,9,16,15,-4,10,26,9,-3,-9,27
-1,7,8,20,1,3,-9,3,3,25,10,11
-2,13,11,11,6,24,1,-3,17,26,-4,1
-5,23,0,2,-5,23,-9,20,14,20,-8,22
-5,13,1,27,16,25,13,-1,-2,6,9,28
1,12,17,16,2,31,-9,-1,3,23,7,3
14,33,9,11,-3,21,-1,26,16,27,0,1
1,5,0,0,0,-1,11,17,8,17,6,18
15,16,17,1,-5,24,0,27,8,-1,6,12
-1,24,-1,9,-9,32,5,23,2,22,1,26
2,-33,7,-24,6,-11,-3,-17,4,-5,6,-25
-2,-17,12,-9,2,-7,15,-34,-5,-21,3,0
1,-1,-6,-23,0,-24,5,-24,-8,-19,0,-34
18,-8,9,-25,3,-27,-4,-21,-6,-16,3,-30
7,-24,11,-24,15,-1,17,-28,11,-12,-2,-7
16,5,6,-31,8,3,-3,-19,-4,-9,-5,4
15,1,0,-13,-1,-28,16,-29,-3,-8,-2,-15
17,-26,-3,-3,0,0,0,6,14,-9,11,3
2,7,-1,8,6,-1,-1,-1,-7,-12,9,7
-2,0,15,6,12,-18,0,5,3,4,12,-4
0,1,11,-1,-8,8,-2,-12,-3,-15,1,-10
-2,-11,10,10,4,-14,5,10,-4,-9,5,3
11,-2,6,-17,-6,-24,12,10,11,11,1,7
-4,-18,4,-11,-4,-2,6,-3,5,-23,8,7
0,-8,17,7,-1,12,-7,3,15,-14,15,-6
1,15,-1,-19,10,0,-4,-12,7,-14,-8,11
-8,6,7,0,18,10,9,13,-8,-12,12,2
3,-16,-6,-2,0,-13,-7,-6,8,-10,6,5
-5,17,3,1,0,0,-5,-1,1,3,0,18
-7,15,10,7,8,13,11,-14,0,-15,9,1
5,18,-5,-2,-5,7,0,0,12,13,13,7
4,-12,-6,-11,7,-1,-3,-12,6,-3,1,-7
-6,5,8,-8,8,-13,1,-13,1,4,10,4
5,4,5,16,-2,-2,-4,3,3,-5,12,-8
0,-8,-4,4,-8,11,9,9,10,-10,-3,13
-8,-11,-6,7,7,10,15,-2,-4,15,12,10
9,-5,4,15,7,6,7,12,8,26,-7,-4
-7,0,13,-8,18,23,14,0,-6,-2,-7,-2
4,12,1,13,-1,10,-6,-6,5,10,-1,-6
-2,4,1,21,2,-7,5,0,2,16,6,22
-7,7,17,20,2,30,2,-1,15,7,1,-3
-3,-4,-1,27,-1,17,3,8,2,4,18,7
5,2,3,3,5,15,-1,16,18,12,5,3
-6,13,18,11,-1,12,-8,18,-6,22,10,24
1,22,-3,26,9,32,9,8,3,-2,1,13
-3,27,-8,23,-1,29,10,9,11,8,17,5
7,29,4,3,-8,3,18,27,9,16,7,18
13,-12,2,-30,-6,-2,1,-18,-3,-21,7,-4
3,-25,17,-20,-2,-6,-5,-15,14,-20,17,-10
-3,-21,-5,-6,3,-2,8,-4,-2,-22,-1,-24
-5,-5,4,-31,16,-25,2,-10,13,-10,11,-25
13,-23,9,-22,-4,-19,5,-19,5,-29,2,-26
-6,-2,-4,-29,15,-26,15,-25,-5,-10,-3,-15
6,-9,11,0,-1,-27,1,-23,19,-16,-7,-9
8,-7,1,-19,-5,-22,19,-1,1,-13,2,4
13,6,4,-23,14,-1,17,-22,3,-13,6,-16
-3,-11,2,-23,7,-26,-2,-20,-5,-1,17,-10
4,-7,13,-13,-4,-8,9,-10,15,6,1,-23
8,1,10,2,18,7,0,-17,4,-23,3,-19
0,-15,0,-7,11,-16,2,-3,17,7,-2,-6
0,-2,5,-17,12,-7,2,4,-2,-6,3,-13
-5,1,12,12,19,-3,3,-4,3,-22,-5,11
0,-17,8,-4,-7,14,3,-1,2,-13,-3,-14
11,-14,12,-11,-4,13,1,1,18,14,12,0
-7,-6,-7,1,14,-8,0,-17,4,-7,2,2
14,12,3,-11,1,-15,13,-3,0,13,8,6
-5,10,0,5,-4,-3,11,7,-3,-16,-7,-11
13,4,-3,11,3,10,-4,-1,8,-11,6,7
2,12,10,-14,12,-4,-5,2,8,-4,1,-14
19,7,18,-8,-5,-10,-6,-12,4,21,-1,-1
5,4,9,-8,19,14,3,6,-7,16,5,15
-3,2,12,14,16,5,13,1,-3,20,2,-7
-1,-8,1,2,18,-10,-3,-7,12,17,-2,-7
4,4,15,17,4,13,-7,14,-3,2,19,-6
13,-7,15,-9,18,17,5,0,3,19,14,18
3,19,18,-1,-2,2,8,25,19,-7,-1,19
5,22,3,7,11,4,0,2,4,7,15,6
11,-4,16,2,2,9,-2,12,2,29,-3,12
7,12,0,-2,-1,0,-5,13,-1,20,14,0
1,9,0,12,7,18,3,19,8,5,15,5
14,2,8,3,-2,16,10,14,-5,3,9,6
-2,17,12,25,-6,3,11,23,-1,20,16,25
2,15,12,27,4,28,19,22,-1,22,12,24
12,33,19,26,6,27,2,26,-6,30,12,33
7,-10,17,-24,12,-5,17,-25,7,-6,8,-6
-1,-30,7,-28,15,-13,17,-1,13,-13,15,-11
12,-18,-5,-32,7,-31,1,-1,8,-32,3,-2
2,-24,13,-28,13,-18,8,-21,14,-28,20,-14
17,-29,1,-14,-6,-23,8,2,2,-18,20,-6
-1,-1,-1,-13,13,-8,15,-25,7,5,11,-12
3,-19,15,-17,18,4,9,-2,-6,-9,16,-22
-1,7,-6,-17,-1,6,17,-16,4,6,-6,-5
-6,-4,14,3,2,2,-3,-28,14,8,-6,-20
3,8,-5,8,3,-3,0,0,3,-2,15,-9
10,-1,6,-15,15,-8,-2,-6,5,-20,-4,-8
-1,-19,7,1,11,-11,4,-11,20,-7,14,1
-4,1,-4,-18,7,-14,9,-21,4,-16,16,1
0,5,3,-14,-4,-12,-6,-22,-4,-12,3,-14
-1,-2,8,5,-2,-8,-1,1,0,-20,7,-16
-2,12,7,-7,15,-20,19,5,20,4,19,-10
10,3,14,-15,2,-11,6,-20,7,-18,17,-18
4,15,5,7,10,4,6,-1,7,-10,12,9
6,-9,9,-7,-4,9,-6,-14,4,16,-6,2
19,7,-1,0,12,2,-6,-1,6,8,-2,-13
9,-12,4,-10,-4,-13,10,-16,0,-9,3,-5
3,17,10,13,8,-8,1,7,-1,15,-5,12
7,1,-3,-10,0,-14,2,9,9,22,-1,-14
7,1,17,5,19,14,14,13,2,14,4,17
15,15,8,21,10,15,-2,-2,-4,-7,-1,23
13,2,11,0,16,-1,13,11,1,2,0,0
-2,18,4,15,-4,16,13,20,-4,-7,9,6
-6,8,14,8,5,25,-3,-2,2,19,1,6
8,8,15,7,17,24,19,13,0,23,17,4
1,22,6,22,3,1,13,-1,20,-7,17,-3
8,1,3,10,8,20,18,21,-5,-3,13,22
-5,15,-3,16,9,12,-5,0,8,12,2,27
15,16,3,25,6,24,0,21,2,7,1,14
-6,22,6,30,19,19,6,27,10,29,19,19
-1,24,11,27,0,2,9,29,8,1,0,26
6,26,16,14,6,34,5,1,-6,1,9,18
3,8,3,5,15,10,5,4,1,35,8,18
-3,-4,3,-36,10,-25,21,-34,12,-27,2,-26
14,-32,8,-14,19,-28,-2,-33,1,-25,-4,-18
-4,0,9,-14,14,-7,9,-33,3,-29,10,-17
9,-19,8,-31,-5,-14,6,1,4,-6,-3,-25
-3,-23,-5,-26,2,-26,21,-28,14,-7,19,-22
1,2,-1,-27,-1,-13,7,-14,-4,-29,3,0
-2,-25,17,-17,-2,5,20,-24,0,-10,10,6
0,-6,0,-10,19,-25,13,-26,1,-9,-4,-20
4,-28,12,-16,12,-22,0,-18,8,1,13,-12
19,-4,16,-17,20,-4,12,-14,6,-7,4,-1
-2,-20,1,6,14,-26,14,-11,10,8,12,8
1,7,-4,4,-3,-13,7,-24,5,-7,20,8
0,0,1,-22,18,0,-3,-5,0,-22,10,-14
8,1,4,-1,14,1,20,-11,-1,0,15,-6
-5,1,-2,9,13,13,10,-2,21,2,0,-2
0,8,-4,12,12,9,19,-8,15,10,-2,11
-1,2,19,9,5,-13,21,-19,-2,8,19,11
5,10,16,-19,4,14,-4,-7,3,-19,21,6
18,-18,1,-18,21,-7,19,2,8,5,-4,4
10,0,9,-8,-1,5,11,1,10,11,4,3
12,10,14,8,15,5,6,15,-4,3,-4,9
-1,11,7,9,2,-7,-1,3,-2,17,6,-11
19,20,18,-8,-4,-6,3,12,-5,-2,7,-13
5,6,-3,0,3,21,9,19,-3,18,6,-12
4,-9,12,18,-1,21,-3,-1,13,7,10,2
11,23,8,12,13,21,-3,13,12,10,18,3
-5,1,8,9,1,24,14,7,5,-9,0,18
11,26,-5,4,5,-5,1,-2,-2,25,2,5
-3,21,14,8,16,-1,5,9,-2,-6,-4,8
7,8,7,-6,5,12,8,2,14,7,1,11
19,-6,-5,3,6,10,9,12,9,9,16,0
6,11,-2,17,20,16,19,29,2,16,0,31
19,28,-5,25,5,29,9,21,9,16,21,28
7,13,6,19,0,0,9,11,13,23,7,27
9,-2,7,15,5,15,7,5,-5,24,15,30
-1,14,13,31,12,32,9,32,12,33,12,20
-1,30,-4,22,8,18,8,24,8,21,-2,20
0,-28,15,-13,14,-21,3,-18,17,-13,0,-1
16,-25,7,-3,-2,-18,2,-18,-2,-16,3,-15
7,0,16,-6,4,-11,9,-17,-4,1,19,-16
14,-30,2,-22,-3,-27,2,0,18,-22,13,-30
2,-10,-3,-4,7,-19,20,-32,-1,-10,-4,-4
6,-11,14,5,0,-20,15,-24,-2,-22,6,-8
22,2,9,-10,5,4,5,-22,10,-6,15,-9
18,-13,-4,1,13,-28,14,5,2,-8,-2,-13
13,-28,18,4,20,-5,18,-28,13,3,3,-11
2,-18,5,-7,1,3,15,-27,22,-23,9,-22
3,-2,12,3,5,-14,18,9,1,2,17,8
1,9,10,-6,7,-22,2,-12,10,8,16,-14
15,-18,3,2,17,2,6,-18,4,-12,-3,-5
-1,-7,5,-10,7,-16,7,-14,12,-9,1,6
2,1,1,11,-1,8,3,-19,-3,7,14,-12
1,-6,10,-4,-4,1,2,-12,8,8,6,-20
-4,12,0,-7,9,1,9,10,20,2,18,0
17,-17,0,0,0,17,-2,-5,21,12,15,-10
-1,13,-1,18,20,-8,7,0,14,-9,-4,-6
1,-15,20,-15,21,2,17,11,15,-12,20,15
19,18,2,4,21,8,16,14,11,-10,16,-10
19,-14,4,7,18,-14,13,11,15,-11,11,16
4,22,8,17,6,6,11,5,3,9,10,-14
12,20,-1,-7,9,15,0,22,0,18,15,5
8,-10,6,0,16,24,9,10,-4,-2,8,2
14,21,9,-11,9,1,10,-2,22,-3,-2,4
22,-6,16,19,2,-9,11,11,22,-3,16,10
21,16,15,-9,17,-1,8,-7,11,10,4,-4
14,4,15,-7,14,-1,21,26,-1,7,-1,8
-2,6,2,8,1,5,1,6,17,10,8,11
7,23,0,-6,22,-5,1,24,-3,8,13,23
1,7,11,29,20,15,13,3,14,7,-2,20
-3,2,10,8,-3,24,-4,6,10,17,10,8
13,12,10,21,14,20,22,22,9,-2,-1,24
-1,20,18,32,22,0,-2,30,7,22,6,18
-2,34,-3,2,8,25,6,30,13,26,0,22
12,13,12,27,19,6,10,22,6,22,10,5
5,-14,21,-16,10,-3,-3,-17,5,-13,19,-22
23,-30,7,-30,4,-19,0,-5,9,-25,0,-9
16,-33,6,-31,6,-27,14,-15,15,-18,21,-29
3,-21,13,-10,8,-13,11,-18,15,-6,5,-3
20,3,-1,-20,16,-22,6,-17,5,-22,14,-20
17,-26,16,-11,16,-17,22,0,20,-16,17,-15
11,-26,11,-5,6,-1,15,-7,3,-22,-3,-4
4,-2,3,-23,11,-19,3,-23,8,-19,6,6
14,-3,7,-20,6,-10,12,-21,18,-24,0,-18
21,8,14,-3,21,-2,6,-5,18,-18,6,-9
7,-3,17,-16,11,7,19,1,-3,-19,3,-3
-3,11,23,4,12,-1,13,-6,14,-19,21,-2
-3,11,12,-9,0,-19,10,3,13,4,8,-17
1,1,17,-8,4,-12,0,-3,0,-19,-3,-9
1,-20,20,-11,16,7,5,-13,23,-1,21,0
12,0,4,-8,-2,3,23,-13,17,-14,13,11
0,0,16,12,22,-17,13,8,10,6,-1,-9
-2,4,16,-8,22,-9,19,17,20,6,23,5
2,14,-1,3,8,8,-1,3,4,-17,18,3
-3,-7,17,-14,10,-3,9,9,12,7,3,-5
2,5,4,14,-2,16,23,-13,-2,5,8,1
5,6,-1,-10,15,3,7,1,0,21,13,4
9,-4,14,4,6,12,8,18,4,10,12,-8
11,23,19,-8,3,10,5,2,0,0,10,16
9,-1,20,11,0,-4,9,9,13,-2,21,24
7,6,-1,-11,1,-2,-2,9,23,-6,-2,19
12,21,19,23,13,2,23,-10,5,23,6,19
3,12,11,9,-1,25,5,25,16,-6,13,1
19,28,19,14,5,7,1,13,20,-7,17,25
-2,17,5,29,2,26,8,21,11,3,20,-6
7,27,0,28,10,2,7,21,0,-3,-3,29
9,18,3,29,18,11,15,-3,7,22,13,12
2,29,20,32,4,29,0,0,20,32,9,-4
11,15,21,0,12,0,19,28,1,21,23,3
11,23,-3,32,17,-1,14,10,3,9,18,17
16,27,14,24,5,7,-1,21,9,1,7,32
18,7,16,2,8,2,15,30,9,34,2,30
2,-13,9,-25,18,-31,17,-8,14,-9,4,-34
24,-8,1,0,19,-31,0,-20,12,-9,4,-31
19,-10,7,-11,10,-30,10,0,16,-3,2,-5
-2,-30,3,-4,8,-9,16,-18,23,-25,22,-24
8,4,17,4,12,-19,3,-12,16,-4,8,-24
17,-14,2,-30,17,-3,-2,-4,13,-17,15,-18
23,-13,8,5,22,-4,10,-8,3,-4,5,-23
-1,-8,-2,-2,17,-21,14,-26,6,7,19,-9
9,4,1,-23,8,-16,3,-20,9,-2,18,0
18,9,14,-9,19,-21,4,-12,19,-9,0,3
5,-4,7,4,2,-20,21,-10,19,1,21,-21
20,-23,1,3,3,-17,5,-14,-1,-12,3,-2
9,-11,-1,-9,3,4,5,-24,3,-8,23,6
1,-14,11,12,2,-19,7,-18,17,-22,11,4
20,-17,23,-14,-1,-15,12,-3,11,5,24,9
5,2,7,-4,23,-5,17,-5,22,9,2,6
4,4,14,-9,10,-18,18,-14,4,-15,3,6
18,-15,21,-3,3,-1,0,17,22,9,10,6
1,0,7,0,4,9,10,14,9,14,5,-5
3,5,13,2,17,-10,10,3,4,13,10,10
-1,12,16,-3,20,16,7,-10,6,-3,6,-3
17,12,-1,17,13,21,7,10,16,-1,16,4
21,11,20,-10,9,18,10,-9,16,10,3,-4
7,21,11,23,21,22,0,0,0,5,18,2
7,3,10,6,-1,-1,-1,-9,5,14,16,-11
0,13,1,-4,8,16,17,12,7,3,7,13
-1,16,16,-10,0,-1,8,18,-1,1,22,11
5,-6,16,18,13,23,22,23,6,9,6,14
5,-2,7,-1,-1,8,9,13,14,5,6,20
7,13,3,29,13,-6,21,-4,9,21,-2,16
20,-3,11,26,2,2,18,-3,16,-3,24,-1
12,28,-2,13,0,3,4,3,12,25,5,14
4,15,20,3,10,-4,15,32,18,18,-1,29
1,0,18,31,0,18,21,28,2,27,0,25
2,1,6,0,11,15,-2,26,0,22,14,14
13,-1,4,17,12,33,16,10,1,10,9,28
14,9,21,34,6,22,9,23,1,18,14,35
1,0,16,-22,18,-18,3,-29,15,-31,11,-14
7,-25,1,-28,15,-16,16,-24,8,-32,11,-19
19,-31,23,-24,12,-8,16,-18,-1,2,4,-22
11,-7,19,-14,12,2,0,-33,25,2,24,-6
9,-18,24,-17,19,-18,25,-19,24,-6,2,-32
12,-8,10,-21,4,-16,5,-5,-1,-11,9,5
20,-2,23,-23,15,-21,17,-4,15,-9,9,-9
13,-10,10,-21,19,-14,16,1,11,-1,3,1
10,-8,1,5,5,-3,3,-1,8,5,12,-18
1,-22,9,-18,12,-2,25,-20,10,-22,3,-24
11,-1,2,4,21,-8,18,0,9,-1,3,-11
24,-16,14,5,18,-5,7,8,16,-21,14,-23
15,-5,14,0,15,-8,2,8,3,-4,21,2
20,-20,10,4,17,4,2,5,8,6,11,10
2,-1,10,-5,2,-12,22,-8,22,-15,17,-8
8,-12,1,-12,6,-14,22,6,17,-21,10,0
2,-18,18,2,14,13,20,11,13,-4,22,-13
2,15,25,3,19,16,12,10,14,7,10,11
19,-18,16,5,3,-1,24,18,19,15,3,2
5,18,3,11,25,16,-1,-3,14,3,0,7
5,-6,0,-4,12,-14,4,5,6,-1,5,18
16,7,9,14,0,12,21,-5,0,0,-1,3
18,21,4,-10,18,22,3,-11,3,-5,11,-2
8,13,0,11,13,-11,15,-3,-1,3,14,16
11,-7,1,-4,9,19,4,20,1,21,8,7
23,10,12,0,-1,17,14,-7,12,5,19,8
5,3,3,-7,0,-7,2,-4,1,4,13,0
20,-8,0,-1,11,1,3,22,-1,19,18,26
13,7,6,19,11,15,16,24,7,16,6,20
11,27,22,25,4,18,16,-3,6,-7,12,19
11,7,16,0,0,14,16,18,2,18,7,3
4,11,23,19,25,5,19,5,13,30,-1,4
22,26,4,9,1,-3,5,14,17,11,9,24
16,17,2,30,1,10,14,8,7,14,3,3
20,17,1,18,16,13,4,14,20,14,15,21
11,0,2,25,-1,29,19,8,9,32,17,6
2,4,3,5,4,4,18,5,11,23,3,36
1,0,23,-21,24,-19,11,-9,24,-10,10,-4
3,1,18,-34,26,-23,26,-19,16,-17,24,-7
10,-19,7,-27,17,-31,20,-1,14,-20,0,-17
0,-11,15,-17,1,-18,9,3,10,-1,14,0
7,-30,10,-8,16,-18,16,-10,17,-31,0,-7
12,-1,11,2,4,1,13,-10,17,-2,6,-17
17,-21,10,-8,23,6,17,-7,11,-14,8,-28
11,-12,10,-26,2,-5,10,-20,4,7,16,0
19,-8,7,-16,0,3,7,4,13,-8,23,0
4,-20,26,-20,5,-10,2,7,10,-25,8,8
18,-9,7,-21,14,-10,6,-15,11,10,2,-2
11,-7,4,-14,3,-3,6,-9,15,-12,21,-10
3,0,6,-20,3,4,19,3,23,-1,5,7
3,2,5,-18,19,-17,26,-13,25,-19,26,-1
2,-2,4,-1,14,10,16,3,16,4,0,-9
10,11,0,-18,15,-15,25,-7,11,0,18,14
15,16,20,4,0,0,25,-20,12,-2,10,14
11,5,2,10,1,14,5,-4,18,14,21,-5
9,-5,5,-18,23,8,2,-12,26,2,12,-11
2,5,10,16,20,7,23,12,13,18,2,12
21,-4,11,2,5,10,25,-9,25,-13,2,-12
2,-1,16,-8,3,17,22,-3,4,-5,22,13
22,20,14,-6,16,-9,3,-3,5,-10,7,21
13,15,20,10,4,2,16,-6,10,-2,26,4
15,-11,0,9,4,12,13,-12,1,-3,23,21
20,22,14,18,22,5,3,23,12,5,18,-2
9,7,17,24,13,22,0,-4,6,26,12,11
13,18,23,-9,8,26,14,8,9,21,6,22
25,27,25,-4,3,3,9,1,14,15,3,1
25,27,18,11,17,6,5,7,11,16,1,24
18,25,21,16,16,9,22,24,14,23,3,27
19,19,16,3,19,-4,20,31,4,29,2,4
17,14,21,20,1,9,6,28,9,7,10,-1
26,23,13,30,3,3,18,33,7,2,26,33
13,29,4,30,12,25,19,19,10,1,1,8
5,6,6,21,25,6,18,16,16,33,14,8
22,4,10,27,16,8,7,19,9,9,24,20
