-18,-25,0,-25,-11,-33,-10,-8,-19,-27,-9,-5
-5,-7,-6,-22,-3,-20,-2,-11,-3,-14,-19,-23
-19,-25,-5,-32,-10,-30,-26,-8,-1,-3,-14,-9
-20,-24,-19,3,-7,-8,-8,-18,0,2,0,-22
-5,4,-5,-24,-2,4,-12,2,0,-31,-3,-12
-10,-8,-14,-4,-5,-9,-5,1,-1,-26,-4,-20
-6,-5,-12,2,-14,-22,-3,6,-4,3,-4,-25
-7,-3,-15,-18,-3,1,-26,-25,-3,0,-3,2
0,-2,-3,-8,-16,-6,-3,7,-11,5,-21,-16
-6,-11,-3,2,-19,-2,-5,9,-2,5,-1,6
-2,7,-5,7,-4,-26,-4,6,-2,2,-23,-6
-7,10,-10,-3,-22,-22,0,7,-14,9,-6,-17
-17,-23,-1,-14,-18,-18,-16,0,-6,-13,-23,-9
-4,-22,-11,-20,-20,9,-19,8,-25,2,-25,4
-5,-16,-17,-1,-10,-21,-19,-3,-12,-11,-17,-14
-2,-4,-19,1,-8,1,-14,13,-21,9,-10,-14
-21,7,-16,-7,-2,0,-23,8,-14,-14,-14,-3
-21,3,-21,16,-8,-8,-11,-7,-9,-19,-4,-5
-13,-3,-23,16,-2,12,-10,-13,-24,9,-6,8
-19,2,-14,3,-2,-10,-1,5,-24,-4,-2,12
-26,2,-4,4,-3,16,-12,-7,-26,19,-11,-7
-24,12,-3,-6,-26,-10,-10,-4,-5,14,-10,-3
-19,13,-1,-2,-3,-8,-8,-12,-7,7,-3,1
-26,17,0,2,-16,-1,-2,6,-3,6,-4,7
-26,15,-19,15,-25,-3,0,2,-15,13,-25,10
0,-2,-22,18,0,16,-16,-9,-26,14,-7,20
-26,19,-11,9,-6,11,-9,21,-15,26,-23,17
0,1,-16,21,-1,-9,-25,23,-7,-7,-20,15
-25,22,-24,-6,-4,14,-14,19,-2,11,-13,20
0,9,-26,1,-6,9,-1,19,-12,8,-10,3
-26,8,-25,8,-18,26,-21,6,-16,26,-10,23
-3,7,-8,6,-8,28,0,2,-25,23,-18,5
-24,21,-2,-3,-17,2,-8,8,-26,17,-24,16
-1,13,-9,9,-20,16,-24,5,-7,0,0,26
-23,11,-12,20,-2,26,-17,1,-25,17,-12,7
-12,14,0,22,-26,3,-15,19,-4,7,-25,34
-17,27,-4,2,-12,6,-21,4,-5,19,-23,4
-19,-30,-17,-29,-14,-23,-1,-1,1,0,-15,-18
-5,-27,-23,-15,-10,1,-10,1,-17,-1,-25,-33
-11,-25,-14,-20,-7,-31,-1,-5,1,-4,-1,-24
0,1,-2,-22,1,-10,0,-27,-14,-3,-2,-27
-12,4,-17,-8,0,-5,-8,-11,-13,-25,1,0
-5,-2,-6,1,-5,-11,-10,-27,-8,5,-22,-20
-7,-4,-7,3,-22,6,-7,6,-1,-1,1,6
-6,-6,-23,-18,-25,-15,-11,4,-18,-26,-11,4
1,0,-7,-3,-16,-9,-23,-23,-11,4,-14,-8
1,0,-6,7,-19,-14,-6,4,-4,5,1,1
0,2,-16,-16,1,5,-23,1,-3,-5,-18,-6
-20,-11,1,-22,-22,9,-18,-3,-19,-13,0,11
-25,-18,-8,-3,-16,-16,-7,-21,-4,10,-15,-2
-10,-18,0,-3,-8,-3,-9,-17,-15,-2,-5,-3
-17,-5,-25,-1,1,0,-13,-1,-5,-1,-4,0
-16,11,-2,-2,-1,-20,-11,-14,-24,11,-12,8
-21,-17,-11,8,-4,9,-4,-15,-22,14,-10,14
-5,-14,-17,-7,-2,-10,-1,3,-18,-15,-1,-7
-19,-15,1,14,-24,-12,-18,0,-7,16,-19,14
0,4,-3,16,-5,2,-9,9,1,-11,-17,6
-25,-4,-5,-10,-17,4,-14,-9,-7,11,-8,-7
-2,-13,-24,20,-23,-2,-1,-10,0,-12,-20,19
-1,0,0,-8,-2,17,-14,2,-12,10,-1,19
-23,8,-14,17,-21,10,-15,-4,0,-2,-24,4
-18,10,-22,7,-7,17,-8,-6,-21,7,-16,21
-17,14,-1,17,-12,2,-24,8,-1,14,-1,-2
-20,10,-10,7,-20,26,-17,14,-22,17,-9,20
1,-2,-8,4,-8,-1,-2,6,-8,11,-14,4
-24,13,-17,22,-22,17,-6,22,-2,12,1,14
-19,15,-5,17,-1,11,-21,17,0,-1,-14,29
-24,14,-3,-6,-6,13,-13,23,-10,-1,-12,2
-25,11,-5,21,-12,0,-14,-5,-10,-5,-16,17
-20,25,-15,3,-25,29,-7,26,-8,23,1,27
-15,22,-15,32,-24,29,-22,29,0,16,-1,4
-2,4,-23,22,-7,2,-19,8,1,3,0,10
-8,3,-4,5,-23,4,-4,6,-12,14,0,15
-18,14,-9,8,1,11,-15,8,-16,32,-6,24
-10,0,-23,-10,-18,-36,-9,-8,-24,-27,-1,-1
0,-1,0,-33,-15,-20,-24,-25,-24,-31,-7,-24
-5,-16,-9,-5,-2,-17,-2,-3,-2,-12,-11,-23
-18,-25,-4,-33,-19,-2,1,-22,-18,-20,-8,-15
-1,2,2,-15,0,0,-24,-25,-24,-32,-6,1
-5,-6,-5,-23,-20,-7,-17,-29,-12,-12,-24,-23
-16,-18,-22,-30,-18,-9,0,6,-3,-9,-21,-21
1,-3,-3,0,-2,-8,-9,-29,1,-12,-21,-12
-11,7,-14,-1,0,5,-3,-11,-3,2,-14,2
-2,7,-17,-1,-24,8,2,1,-1,5,-20,-16
0,4,-9,-16,-15,5,0,-18,0,0,-7,-3
-2,-3,-9,-3,-12,-12,-15,-11,-11,-6,-17,-25
-7,-12,-21,-3,-11,9,2,-11,-16,-15,-7,-16
-8,-10,2,-2,-18,-19,-19,-15,-8,-1,-1,-6
-13,7,-8,11,-3,-3,-24,-5,-22,-10,-21,8
-15,-7,-10,-15,-14,-15,-13,7,-22,-2,-17,-8
-1,-3,-2,1,-9,-15,-21,-14,-16,-12,-10,-14
2,-19,0,-15,-10,17,-2,-3,-23,-9,-20,-19
-3,1,-12,7,-11,-1,-6,3,-18,-9,-13,-11
-16,19,-20,4,-3,-3,-1,-10,-20,15,-8,-12
-17,14,-7,-12,-10,-11,2,-10,-24,-9,-17,0
-5,0,-7,-12,-2,0,-24,9,-3,-7,-20,14
-23,-14,-17,-11,-16,-13,0,0,-4,10,-5,-13
-20,6,-21,15,2,16,-12,3,2,-4,-12,23
-22,18,-20,-3,-16,17,1,-3,-17,9,-16,10
-12,3,-1,22,-14,23,-22,0,-23,4,-2,6
-21,-5,-8,15,-18,8,0,17,-20,-10,-22,-8
-22,22,-9,-4,-24,-2,-24,12,-14,-7,-6,16
-24,28,-24,12,-13,6,-1,-3,-11,6,-13,21
-23,10,-20,5,2,11,-3,1,-2,6,-15,8
-23,10,-8,1,-17,14,-19,-1,-4,-3,1,-1
-18,26,-10,16,-15,0,-1,16,-1,11,-8,4
0,2,-19,-2,-5,19,-4,22,-1,24,-7,-2
-22,16,-22,30,-16,16,-20,32,-20,24,-12,20
-2,5,1,12,-23,25,-18,29,-8,6,-9,30
1,6,-12,4,-16,21,-24,28,-8,11,-17,33
0,2,-22,17,-11,36,-24,5,-13,12,-21,31
-8,-19,-14,-7,-17,-28,-14,-7,-3,-4,-6,-10
2,-6,2,-33,-7,-12,1,-1,-14,-7,-8,-28
-6,-5,-19,-12,-17,-12,-12,-13,-3,-34,-21,-5
-5,-11,-2,-33,1,-31,-16,-21,-15,-3,0,3
-7,-15,-23,-23,1,3,-9,3,3,-19,-11,-11
-5,-8,-16,-19,2,1,-3,2,3,1,1,-16
-6,-15,3,-3,-19,-2,-22,-18,-5,3,1,-29
-8,6,-18,3,-3,-25,-10,4,-10,-23,-2,-15
-7,7,-20,3,0,-6,-4,4,-21,-6,-21,3
0,2,0,1,-1,8,-3,-20,-4,6,-2,-25
-1,2,-16,-9,-10,8,-7,10,-20,-21,-11,6
-12,-19,3,-15,-3,2,3,10,-16,-19,-9,7
-11,-13,-20,0,2,-11,-4,-22,-17,-19,-3,-2
-20,-16,-17,-11,-15,-16,-18,12,3,0,-11,12
-4,-22,-22,-21,-14,1,-2,-3,-4,9,2,-19
-2,-1,-12,8,1,-2,-13,8,-11,-5,-16,-13
-13,-17,3,-4,-14,-19,-13,-17,-14,-7,-2,1
-12,9,-23,8,-15,12,-9,11,-17,10,1,9
-16,-3,-11,-4,0,15,-22,6,-14,13,-23,3
-23,-7,-10,8,1,-7,-8,-8,-23,7,2,-13
-14,-12,-12,10,-17,-6,-10,8,2,-14,-6,12
-12,17,3,-3,-2,11,-4,8,-12,6,-12,-1
2,5,0,2,-10,-7,-22,3,-17,-6,-1,9
3,-8,-1,-9,-4,16,-17,-13,-18,5,-21,-4
-15,9,-20,-1,-6,-3,-11,-10,-20,-12,-6,-7
-15,12,-4,10,-1,5,-14,-5,2,17,-9,17
2,3,-8,-4,0,24,-6,22,-11,11,-12,22
-23,24,2,20,-3,-3,-20,-4,-13,11,2,19
-23,23,-19,15,2,26,-9,5,-14,-5,-21,-8
-22,26,-20,28,-16,2,3,-4,-14,22,-15,-5
-23,20,0,6,-11,17,-15,12,-19,24,2,16
-19,22,-6,-5,-23,24,-14,15,-19,7,-6,20
-10,10,0,3,-5,-2,-21,20,-18,8,-12,20
-13,7,-8,28,-5,4,-9,28,-12,6,-8,27
-22,21,-20,8,-12,7,3,15,-4,6,-5,27
-22,23,-9,12,-4,9,-9,11,-20,27,-7,7
-15,16,-22,16,-7,20,-10,1,-9,29,-20,26
-4,-23,-19,-3,-21,-8,-5,-14,-1,-31,-6,-20
-5,-5,-21,-11,-17,-33,2,-10,3,-14,-20,-5
-6,2,-9,-13,-15,-2,4,2,4,-16,4,-22
-5,-10,-19,-28,1,-32,0,-13,-12,-5,-17,-16
-1,2,-3,1,3,-8,-22,-21,-5,0,-18,-23
-2,3,-1,1,-2,-30,-2,0,-2,0,-14,3
-7,4,-18,-19,-22,-5,-1,5,4,-2,-16,-18
-1,2,3,-1,2,-21,-19,-19,-20,-29,-7,-21
-2,2,-10,-26,-22,-27,-7,-25,-5,6,-20,-24
-4,8,-9,-11,-2,2,-9,-5,-2,-13,-5,-13
-2,-3,-9,-3,-8,-11,1,-16,-1,-26,1,8
0,-1,-12,8,2,-1,-15,-20,3,1,-9,-19
-17,-14,-17,-1,-16,-13,-17,10,-21,-18,-20,-3
-14,-14,-18,-3,-17,-8,0,11,-13,-2,-20,-1
-7,6,-13,12,1,-2,-2,6,-5,-19,0,-21
-8,-19,-14,11,-8,0,-5,-10,-20,0,-22,-21
-10,10,-22,13,1,-20,-3,14,-21,16,-20,-3
-19,-5,-13,6,-1,16,4,-19,-20,11,-13,-15
-12,-13,0,14,-9,-12,-13,-18,-19,-8,-7,5
-18,-8,-10,4,-22,-8,-21,12,-8,17,-4,10
-3,-9,-9,-15,-5,18,1,-2,1,-15,-16,11
-11,20,-12,13,-13,-15,1,16,-6,12,-16,20
-16,16,-7,9,-19,-8,-22,-6,-13,6,-9,20
-6,12,-3,-10,0,-7,-13,9,-12,-6,-8,0
-17,23,-6,-3,-21,-4,-13,3,0,5,-4,-4
-21,14,-9,16,2,11,0,15,0,19,1,21
-16,24,-14,-7,4,-3,-16,-7,-10,19,-17,11
-13,20,4,24,-15,19,1,16,-12,-8,-16,8
-22,-6,-9,27,3,12,-14,-6,3,10,-10,21
-13,19,-14,1,-8,24,-21,20,-17,7,4,0
3,0,-8,2,-18,5,-10,17,-13,-2,-13,-4
-19,23,-9,25,-16,11,-17,1,-10,4,-17,21
-17,26,-9,29,-22,9,0,-1,-12,27,-16,3
-12,10,-16,28,-20,4,-21,7,-19,20,-20,30
-2,-1,-14,-1,-12,12,-22,16,-2,16,-7,14
-19,34,3,14,-17,28,3,12,-13,34,-5,18
-18,29,-20,21,-8,13,-9,9,-9,36,-8,27
-3,-11,-20,-16,-1,-12,0,-2,-1,-17,1,-28
3,-3,-21,1,5,-21,-17,-35,-19,-10,-5,-9
5,0,-15,-8,-14,-10,-3,-1,0,-23,-19,-15
4,-6,-17,-5,-17,-33,-13,2,0,-31,-10,-10
1,1,-21,-26,1,-1,-20,-6,5,-1,-8,-6
-1,2,-9,-31,0,1,2,-3,2,-1,-17,-14
-6,3,-13,-11,-19,-4,-17,-21,5,-1,-20,-22
-3,2,-1,4,-6,4,2,-6,-18,-10,-19,5
1,1,-17,5,-5,-17,-1,-22,-8,-3,1,-18
-6,-4,-14,-22,-21,-9,-21,-25,3,-17,0,1
-9,-18,-2,-15,-20,4,-6,-6,-21,5,3,-4
-9,-21,-17,10,5,3,-7,-25,-3,-21,-2,-5
-1,-2,-13,-10,-13,-10,-19,5,-15,-2,-20,2
-1,-6,-16,4,-21,-20,-19,-5,-21,-1,-12,11
-12,-15,1,-8,-14,1,0,-1,-19,-15,-20,-7
-14,-10,-10,-14,3,-8,-2,1,0,10,-2,-12
-9,-14,-13,-3,5,-17,3,8,-19,6,-1,3
-11,-19,-12,-19,5,-11,1,-4,-6,-12,-8,8
-16,-6,1,-15,-14,-10,-20,-5,0,-14,-15,12
0,0,-6,4,3,12,-3,11,-21,-12,-5,-15
-6,-9,-5,11,4,-12,-17,14,-9,-6,-7,-13
-12,-7,-18,11,-8,1,-5,-7,-15,13,-2,13
-2,-10,-13,-3,-6,-4,-13,13,-8,3,-21,1
-12,8,-2,14,-17,2,-1,9,-5,19,-13,19
-15,8,-20,1,-3,-2,-5,23,3,-5,1,6
-11,23,1,-5,-19,8,4,21,-13,-11,1,10
-6,3,-19,-5,0,3,-9,5,-3,4,-2,3
-4,2,-4,26,-15,-7,-9,2,-6,2,-13,21
-8,3,-7,6,-3,6,-6,17,-15,-1,5,0
-1,21,2,27,3,4,-13,6,-10,-6,-20,2
-1,15,-4,16,-16,22,-18,10,-12,1,-12,3
-10,9,-12,17,-8,7,5,15,-11,14,-19,8
-3,3,-4,1,5,9,-16,17,-2,21,0,16
-10,22,-18,33,-17,-1,-13,5,-2,9,3,10
3,19,-14,2,-5,30,-10,4,-18,29,-16,26
-3,15,-12,23,1,13,-8,7,-3,25,-4,19
-15,29,3,18,-17,20,-16,16,-7,21,1,29
3,-4,-18,-27,2,-23,1,-3,3,-26,-15,-3
3,-8,-11,-23,-14,-2,4,-2,-7,-35,-3,0
-15,-26,-5,0,-2,0,1,-6,2,-3,5,-5
-5,-2,-11,-3,6,-3,-20,-21,-12,-9,1,-20
-2,2,-18,-24,-5,2,3,-30,-5,3,-18,-8
-7,2,3,1,2,-12,-6,-4,3,0,-8,-9
0,1,-6,-1,-17,-21,-5,-25,0,3,-13,-7
1,1,-8,-11,-6,4,2,-29,-5,-23,1,4
-5,2,-8,-20,3,-21,-10,-5,-11,-5,-14,-9
-9,-12,-11,-10,-18,-25,-2,-18,-9,-3,-17,1
-5,-15,-11,-13,-16,-1,-9,8,-9,-18,-17,9
-9,-9,-11,-6,3,-9,5,-17,-7,-23,-1,-17
-1,-11,4,-18,0,9,-4,-20,-7,-14,-2,-1
3,13,1,1,-15,-2,1,2,-4,-18,-20,9
-6,-12,-11,13,-3,13,3,-6,-2,-20,-14,0
-3,6,-7,-11,4,-21,3,-8,-4,-20,-17,-11
4,6,-4,-6,-2,-8,5,-15,6,14,-16,7
-11,-17,-20,3,6,14,-2,4,-19,-10,-19,5
4,7,-15,-18,-4,10,-3,2,-1,10,-18,-3
-9,1,-2,18,-14,-2,-1,-2,-7,1,-6,2
6,15,-9,1,1,-7,-12,9,6,9,-13,14
6,14,-20,13,-16,19,-15,12,-11,-10,-4,-4
-9,-5,2,14,-10,1,-11,-4,-18,22,-6,7
6,8,2,-2,3,4,-3,2,-2,-7,-4,9
5,23,-20,2,-3,4,-6,13,-12,6,-2,1
-12,7,-12,2,-13,15,-17,8,-4,7,-16,3
-3,18,-1,19,-4,-1,-5,9,-2,10,-12,8
-13,7,-15,-6,-9,3,5,6,-8,15,-14,-7
-7,8,-16,18,-12,3,-6,15,-15,7,-19,5
-5,1,-2,17,-3,22,-10,9,-9,28,0,2
-12,-5,-4,-2,-8,19,0,4,-1,17,4,-6
-20,4,-11,9,-1,0,-17,25,-10,11,-9,20
4,16,-9,2,-8,23,-18,0,-12,31,-12,20
-11,33,1,10,5,26,-12,7,-2,7,-13,7
2,13,-14,26,-20,8,-10,-2,-19,-1,-11,19
-17,16,-14,16,-14,24,4,15,-20,9,1,22
-18,5,-2,28,-13,11,-3,36,-12,6,6,19
5,-9,-14,-7,-9,-28,-6,-29,-12,-26,6,-9
0,-6,-15,-8,-18,-25,-3,-3,5,-14,-9,-12
-4,-22,-9,-18,-10,-27,-15,-12,-8,-27,-10,2
-1,-19,6,-1,-3,1,7,-22,-2,0,-12,-6
2,1,-18,-10,-13,-27,-17,-30,-19,-24,6,0
-3,3,-2,-11,-16,-21,5,1,6,-2,-16,-19
0,1,1,1,2,1,3,-5,-4,2,-2,3
3,1,2,-19,-7,-9,-8,-26,-5,-26,5,-12
6,5,-9,-19,2,-13,-16,-25,7,-2,-8,-13
0,0,-7,1,-17,-6,3,-25,3,7,0,-24
1,0,-13,-5,-5,3,7,-10,1,-24,-9,-5
7,8,-18,-23,7,-13,-5,-10,-3,10,-8,1
0,0,-9,-22,-16,-13,-10,-23,-16,-3,-6,-5
5,6,-17,-1,-19,-17,-3,6,-19,13,5,-21
6,9,7,-4,-8,6,6,-19,2,-19,4,-14
1,-8,-5,-1,-6,-1,-8,-4,4,-17,-8,1
-8,-3,6,-12,0,-11,-18,11,3,-16,5,-17
3,-19,-15,-18,-3,-2,-6,-16,-12,-18,-1,12
-4,-18,-10,8,-3,-16,3,-8,-19,12,-6,12
-19,-12,4,4,-4,-5,-5,7,-4,8,-18,-3
-15,-9,-12,7,-7,20,-7,2,-10,8,-5,14
-10,-3,-12,19,-18,5,-15,-12,0,-2,-7,16
-2,-12,-15,-7,3,4,-5,8,-6,13,-1,-3
6,-10,4,18,2,15,-11,17,1,17,-18,-3
-16,-9,-7,4,-13,0,-10,-7,-5,4,7,14
-10,7,-14,2,2,7,-11,15,7,-1,-8,5
-18,-6,-19,13,7,14,2,21,-4,-2,7,-5
0,-6,-19,-5,0,11,7,21,-7,3,6,-7
2,5,7,21,-12,22,-2,9,4,9,1,25
0,2,4,-4,7,-7,-19,7,-8,4,-7,12
-11,23,-19,-4,-9,-6,-12,15,0,13,6,7
7,-2,-14,17,-19,21,-19,31,5,4,7,12
-2,-1,-14,13,-8,26,-4,25,-6,25,7,11
1,-3,-19,27,2,31,-1,23,3,21,-6,21
-3,6,-7,-1,5,12,-2,31,6,-1,4,20
-10,33,-3,31,6,29,6,35,-8,1,-18,30
-11,32,7,28,4,13,-16,8,-9,25,0,19
-5,-2,-17,-27,-11,-7,-5,-10,8,-3,8,-32
-3,-11,-7,-10,-16,-27,1,-23,4,-20,-6,-25
0,-7,2,-20,-2,-13,-16,-24,-17,-1,-3,2
1,-3,-3,-24,4,-3,0,1,-16,2,7,-24
-1,2,-1,0,-1,1,6,-1,5,3,-8,-5
2,1,3,-5,5,-17,0,4,-2,-15,-18,-22
0,0,-5,4,5,6,-5,-16,-16,-7,-3,-17
-1,-15,-16,-3,3,4,-5,6,4,-13,0,-17
-10,-15,5,8,-7,7,0,-17,-4,-9,-4,-3
-9,-21,-8,-4,-17,-26,1,-16,-16,-23,-13,0
-11,-18,-11,5,-18,5,-8,9,-5,-21,1,6
-11,-18,-13,-15,-5,4,-3,-1,-5,-24,8,-11
5,11,-3,-9,-15,-8,-15,-4,-15,-10,-3,-7
-13,-7,-4,13,-1,1,-13,-12,-10,-12,-15,0
-12,-15,-12,-14,-6,-4,4,-3,-2,8,-14,-10
-2,-9,-12,15,-18,-13,3,3,1,-10,-4,-20
-1,2,4,10,-16,-19,5,-11,-13,3,-1,-8
-4,-1,1,-12,-10,16,-1,9,4,1,0,9
-8,-11,-2,-2,7,17,1,-8,-13,-16,4,16
-4,12,1,0,-13,5,-1,-10,-14,-1,-8,7
-15,4,-12,-11,-1,10,3,-6,-11,-1,-2,4
-10,-11,-12,20,-4,17,-10,17,-1,4,-14,21
4,7,7,-3,3,-6,-16,22,-13,-8,-13,9
4,22,-12,3,-4,6,-6,-1,-16,19,5,1
-2,14,2,-9,-4,-8,1,5,-13,1,-11,21
-15,0,8,24,8,-10,-7,15,0,25,0,25
-1,-4,-16,-7,5,13,1,9,7,3,6,10
-9,-6,-5,11,-3,-1,7,1,-11,18,1,16
6,15,-18,21,-6,23,6,1,-2,3,-8,20
3,11,-17,1,5,18,-18,20,2,27,3,24
6,13,0,2,1,5,-7,-2,5,1,3,3
-14,-3,7,16,3,20,-6,23,-17,2,7,19
-8,28,6,23,3,2,3,7,-13,20,-18,0
6,13,-9,1,4,20,8,5,-16,8,3,24
-6,11,-13,3,-16,15,-16,15,5,24,7,28
7,3,-16,11,-4,33,-13,17,-16,9,-13,34
2,2,2,11,1,21,1,21,-14,31,-2,4
6,-6,-2,-8,0,-14,-5,-22,5,-7,-1,-2
2,-18,4,1,-15,-17,3,-5,5,-24,-11,-17
2,-12,-4,2,-7,-32,6,-1,2,-33,-15,-20
5,-1,-1,-22,7,-27,-14,-31,-10,-25,9,-15
1,1,-1,-31,-4,-23,2,-29,5,0,0,-22
-1,2,4,-15,-1,-1,-14,-22,-15,-28,-2,2
0,1,2,-20,-14,-22,1,-14,7,1,-15,6
6,-1,4,-11,9,-9,-11,-18,1,-24,-17,5
-5,-19,-16,0,-1,-14,-8,-19,-12,-11,0,-12
-1,-3,-8,-12,-14,-1,-11,2,-4,1,-1,-21
0,-1,-15,8,9,6,1,-2,3,9,5,9
-4,-16,4,-6,3,-23,-7,6,1,-7,-2,-3
-3,-8,2,-6,1,-4,8,-3,-14,-9,-6,-15
2,5,-10,-15,8,-7,3,-6,-13,-8,-9,-9
-3,9,-10,11,5,-20,-5,-22,-1,4,-14,-20
-1,9,-15,15,8,1,6,9,-13,-20,-8,14
5,6,-3,14,-4,1,-7,-1,-10,-15,-6,7
-15,-11,-6,15,3,-9,-16,-16,-1,-17,-11,12
-7,-10,-17,-18,-7,5,-11,0,-16,17,-8,-17
-4,-10,-10,13,3,6,8,-13,-17,-1,-8,-1
-2,13,-7,-15,-3,9,-2,2,-3,4,-17,0
-10,-9,-3,0,4,-3,-14,-1,-13,-9,-4,18
0,21,8,10,-15,16,-6,4,-13,12,-16,20
8,19,4,4,0,0,-5,-9,-14,-9,-4,-1
-10,-10,-6,-4,7,14,0,17,0,17,3,17
9,14,-11,0,2,13,8,13,-10,7,-3,18
0,3,-6,18,-1,2,-4,1,-2,12,-17,7
-6,-4,-14,13,1,21,6,-9,6,3,6,24
-14,-7,-16,25,-10,10,1,14,-2,9,-10,18
1,-2,-12,24,-7,9,-11,-2,-3,20,-2,-3
1,-2,-10,18,-6,11,-14,25,-2,-4,9,24
5,-1,-16,14,-10,28,3,15,-8,31,-17,1
-4,13,-13,32,7,30,-14,25,8,28,2,6
-8,32,4,8,-2,4,-6,28,9,13,-6,18
-7,34,-17,10,-16,29,-13,19,-6,8,5,1
3,13,6,16,-12,15,-13,12,-6,2,-1,2
-7,4,-16,11,0,3,3,27,-5,17,6,23
6,-5,4,-2,-4,-30,9,-9,-8,-10,6,-6
4,1,-15,-30,3,1,6,-5,-4,-35,-14,-30
8,2,-4,-25,-1,-8,7,-2,0,-13,-12,-29
3,-1,9,2,3,0,2,-25,1,-2,1,-1
2,0,4,-2,-14,-28,-5,-17,10,-17,-12,-11
-2,2,-3,-7,7,-10,-3,3,-12,-2,-9,-24
5,-1,-16,-13,9,-24,-16,4,9,3,10,-17
-7,-19,-13,-15,-1,0,-9,-1,-12,-25,0,-6
-9,-16,2,2,6,-24,3,1,-11,6,-6,6
-2,-16,4,0,0,-27,-3,-27,-11,-24,-9,-21
1,-7,8,-18,-15,3,9,5,-14,-2,-13,6
-6,-16,-10,-16,-16,-5,6,-2,2,-25,-10,-21
-1,-10,-8,-9,-7,1,-5,-2,-6,-15,-12,-11
4,-16,2,-23,-11,-17,-7,3,-5,-6,-3,-3
3,-1,4,-15,-3,-4,-11,-12,1,-7,5,-18
-11,-21,0,3,-15,-18,-13,6,-4,-3,-6,11
5,1,-5,16,2,3,0,-11,7,14,-5,15
7,0,6,-1,-9,15,-3,-1,3,-4,-4,-12
9,6,2,1,-6,-11,-7,0,-1,2,-9,0
-2,-3,2,-2,-11,13,-9,-3,8,-14,8,9
-3,16,6,-15,-6,-6,-2,-6,-6,-4,-5,-15
0,1,6,16,2,10,3,-9,10,-12,-16,5
2,10,-12,-1,-7,4,4,-5,-9,10,-6,-5
7,-2,-7,5,-15,1,-12,18,0,6,-9,4
7,11,10,22,-12,5,-1,9,-10,24,-13,2
-2,10,-13,14,-12,8,-13,7,4,-1,5,-10
5,12,0,0,5,-3,3,4,-14,5,10,-4
-2,10,-4,15,-5,15,-6,13,5,0,7,10
5,2,3,14,5,16,0,-8,-10,26,6,24
8,11,1,29,3,5,-16,24,7,1,5,18
3,0,1,28,1,21,-7,25,-16,11,3,11
-6,26,-2,28,3,22,-9,20,6,18,-16,24
4,0,2,0,-10,5,1,8,-12,14,-15,24
-5,19,-6,0,9,28,-3,10,-12,20,7,-3
-14,7,-4,21,-6,30,-10,20,-7,32,-4,-1
-5,3,-9,15,-2,0,3,0,-13,16,4,9
-1,9,0,29,6,25,5,18,-15,21,-7,3
-1,-4,-15,-17,2,-5,3,-5,-15,-30,9,-1
6,-11,-1,-28,9,-19,-3,-10,0,1,-7,-18
2,-8,-5,-19,-14,-15,-1,-8,-8,-32,-15,-8
4,0,11,-24,2,-1,6,-10,-2,0,1,-1
2,0,2,1,-8,-22,-4,-30,9,3,9,-14
0,1,6,-1,-10,-14,1,3,8,2,10,-30
1,1,4,-6,2,-2,5,-6,-3,-22,-12,6
8,4,-4,4,-12,-8,1,-5,-9,-8,7,-16
-9,-18,-9,-5,-3,-27,-11,-16,-11,-26,4,-14
-6,-27,1,4,-10,-24,7,8,3,-2,5,-8
-1,-18,7,-16,-7,-1,-14,2,11,-12,10,-7
-3,8,-10,-24,-3,-11,7,-24,0,-16,-14,-13
-7,-14,-15,-9,10,-15,-12,-1,3,-9,-7,-24
0,-20,-3,13,5,-6,0,7,3,6,-6,1
-3,12,-7,11,-1,0,2,-8,3,-9,10,4
1,-10,10,-5,3,-3,0,-15,-8,-1,0,-1
-9,-7,9,0,-2,-5,-7,-3,-1,-14,-8,-11
-1,-15,-4,-1,-2,6,-8,17,-7,-7,8,8
-8,16,2,10,-2,13,-2,2,-12,4,10,7
-7,-14,3,-16,-11,19,-12,-13,-11,8,-2,19
1,6,-6,-5,4,0,-7,-16,6,2,-5,0
-7,-8,-1,2,-3,20,-8,-11,-10,-14,0,11
-11,3,7,8,-10,-2,4,-6,0,1,-15,8
-9,5,-6,14,2,-1,-13,15,2,13,8,5
-6,-1,-8,-5,3,24,3,13,2,-3,-1,0
-1,16,4,-11,0,19,-15,9,-6,-5,-9,3
-5,8,0,-6,-4,0,-5,15,2,20,-14,22
-1,8,-2,6,-11,1,3,5,1,5,-6,3
-2,21,10,10,-1,22,-11,21,7,11,-14,10
-1,-1,2,-1,2,3,9,13,-3,24,11,16
-6,3,0,26,-7,11,-6,17,-4,23,-11,17
-3,16,6,15,3,-4,1,26,-9,21,11,11
9,20,7,25,-13,16,-2,21,10,31,-5,7
-1,10,9,21,5,19,4,32,-2,32,1,-2
-14,6,-5,30,3,25,9,5,3,14,3,3
2,8,4,29,10,2,-3,16,-8,11,-4,4
-2,13,5,22,4,35,11,12,-11,36,2,34
10,-8,-4,-12,-14,-14,6,-4,-9,-5,-2,-12
1,-13,0,-30,-3,-9,3,-34,-1,-4,8,-2
10,-3,1,-16,10,-3,9,0,-3,-6,-5,-24
5,1,11,0,8,-13,6,-33,2,0,-11,-15
7,0,-9,-13,1,-28,11,3,-7,-2,2,-4
2,1,11,-27,-10,1,-7,-30,11,-1,10,-1
1,-14,3,0,-9,-6,-2,-6,-6,-16,-6,3
4,-29,10,-22,11,-15,-8,5,-5,-4,-10,-14
0,0,-11,1,-6,-23,-6,-23,10,-6,4,-21
5,-7,-2,4,5,-1,-12,-8,0,6,7,-11
-11,-22,8,-3,-2,-5,9,-6,11,-10,4,-25
1,-4,12,-20,-4,5,-1,-13,0,-8,-2,2
-12,-21,-14,7,-12,-14,-10,4,0,-10,8,0
7,3,3,-16,-3,-17,3,-23,-4,12,10,-7
-6,-8,-6,1,9,5,7,7,0,-17,2,-8
-4,-15,5,-6,-7,-8,10,-10,-8,-21,9,-5
-8,-6,-9,5,-8,9,1,-9,-4,-7,0,0
9,-1,-2,-8,2,-3,11,0,-4,-14,5,-19
9,-18,-3,-2,3,-1,6,-6,-7,-18,-6,1
2,-2,6,19,-2,-2,-6,-5,1,-14,-3,16
-7,-6,-2,-6,-5,-4,-1,-1,-8,2,-11,-11
9,-10,-2,17,-14,-13,4,5,1,1,-2,0
-13,1,12,-13,-3,7,-13,1,-7,19,-1,2
7,1,10,13,10,-8,8,15,-4,23,7,-1
9,8,-8,15,1,-10,11,5,-5,3,8,-10
-3,-10,-13,16,3,-6,-9,-9,-11,15,4,5
1,-8,-13,-6,0,4,11,20,-7,26,10,22
-9,-2,7,26,-13,-4,10,-5,10,27,-14,10
-1,23,8,7,-1,0,-4,20,0,17,-1,5
-1,12,12,12,12,28,-8,23,5,7,11,11
-2,1,-4,20,3,-5,2,17,-9,15,5,-2
-2,10,-11,15,10,-1,9,-4,-10,5,-4,24
9,22,7,8,11,6,0,24,-2,0,5,17
9,-2,-12,28,2,5,9,24,-7,25,-9,-2
-8,-1,-10,23,0,0,-13,20,-11,6,-6,-1
-11,9,-9,20,-13,14,-11,11,0,12,5,17
2,1,-10,30,-14,12,-8,32,11,22,3,30
12,-6,2,-6,5,-10,-5,-33,-13,-34,0,-27
4,-14,12,-32,3,0,6,1,-8,-35,6,-23
1,1,10,-10,-4,-31,6,-8,3,-6,-7,-24
10,-2,11,-17,-4,-6,1,3,8,-27,11,-12
1,2,3,2,-11,-21,13,1,-1,-30,-3,-7
4,2,6,-30,-8,-11,4,3,8,2,5,-29
13,2,-6,5,6,-23,0,1,7,-1,-5,-9
11,6,0,2,-8,-19,10,-18,-2,-10,13,-4
0,-2,-2,-8,-4,-15,5,4,12,-21,-4,-1
-1,-15,1,-23,-3,-1,9,-23,-7,-12,4,-23
2,-16,-4,-23,5,-5,8,-6,-5,6,-8,-11
-2,-22,10,0,-5,-23,13,-10,11,-24,6,4
0,6,8,-20,3,3,2,2,-13,-13,10,4
3,-23,-10,-15,6,-8,-8,6,-7,-19,-4,5
-9,-18,5,7,-10,-3,7,1,6,-5,-8,-19
-12,-20,-11,2,-8,-8,13,1,8,-8,1,-19
1,5,-10,-11,-1,-10,-9,-6,12,-6,1,-2
-1,12,0,-15,8,-18,7,-15,13,0,8,7
0,3,0,4,-7,5,-3,-1,-3,-1,0,-17
13,19,-12,8,-1,17,-9,-6,-7,0,2,-12
0,-6,11,-5,-5,-3,-4,-4,-5,-3,-3,-11
13,15,8,-8,12,4,-10,6,4,7,-11,13
-6,22,4,11,1,6,-11,16,-3,4,-9,-11
-4,6,4,14,8,-13,-4,14,6,-6,13,-4
-8,-10,3,5,6,6,7,-11,-3,3,-9,6
1,9,-11,14,-8,8,-6,6,9,16,7,24
12,15,10,-6,5,-4,-11,15,-3,12,2,0
-1,1,7,9,-8,-1,-3,-4,-3,-6,2,20
8,19,11,26,3,2,2,0,5,14,0,-6
4,9,2,9,2,2,-7,28,11,6,10,-3
13,29,7,-1,11,-3,0,30,-11,11,-10,27
7,15,-10,22,-7,-2,-2,-4,7,31,-8,13
-3,-2,4,11,-3,-1,5,3,0,-1,-7,1
2,23,13,11,-9,3,-12,17,-5,24,-12,18
-1,1,10,20,8,18,-12,7,6,33,8,8
-2,-1,4,15,-3,23,-12,22,-4,18,-11,17
7,18,1,3,7,32,-4,7,-9,7,0,5
10,-9,11,-9,-7,-32,9,-30,-1,-2,1,-18
3,-17,11,-21,0,-23,-6,-28,-1,-17,-3,-24
9,1,3,-20,0,-1,3,-18,10,-22,6,-14
-8,-18,-10,-1,7,-16,0,-27,12,-27,0,-25
1,-32,-8,-1,-2,-14,-3,-7,0,-10,4,-7
8,-7,1,-14,2,-15,-9,-9,5,-18,-9,-7
0,-30,1,-21,-4,-21,4,-28,8,-5,1,-8
1,-1,2,6,5,-8,-6,7,-8,6,-7,-9
-9,-20,-9,-11,4,-22,6,-22,-1,3,7,-6
-9,-25,-5,-13,7,4,2,-21,-5,-16,-1,3
0,-24,-3,-25,-3,6,-11,-19,-5,5,14,-6
-2,-24,-6,9,-1,-18,-3,-21,13,9,3,0
6,-12,-2,-18,-3,2,11,-20,10,4,10,-18
14,1,-1,0,3,-1,8,-8,-11,-18,-2,-19
-8,10,1,-15,-10,-22,8,-14,-10,-8,9,13
11,-6,7,-7,-6,6,-9,13,8,-13,10,-5
-9,-4,10,4,10,16,-10,-5,11,4,-3,-2
-2,16,12,-4,-2,-18,4,-3,9,6,6,3
-4,-3,-7,8,-5,4,1,11,-10,16,11,-13
3,3,10,2,-10,-11,-8,16,1,-5,1,-14
1,-11,13,18,-10,13,-3,-5,-7,13,9,-10
4,12,-5,17,5,10,1,2,-6,-5,6,9
1,4,13,-5,-3,-4,-12,-11,-10,-12,-2,-8
10,4,8,-1,-3,15,-9,4,-10,7,-2,4
-8,24,-11,18,-1,10,13,4,3,11,-9,-11
9,-6,3,1,-10,22,-5,-1,3,-7,12,14
5,7,-1,12,-9,17,-6,15,2,-6,-2,-8
-1,22,5,17,-6,-3,-4,0,-11,13,3,12
3,7,1,-5,-4,7,-7,9,6,1,7,7
5,29,-2,24,-3,29,12,8,6,14,2,10
-1,1,6,25,-4,24,4,6,14,16,-8,26
2,17,7,23,-9,28,6,22,-9,30,-12,0
-5,-3,-11,13,8,31,8,32,12,8,-4,5
-6,12,1,23,-11,22,0,30,10,15,14,18
4,0,-11,32,-10,1,-2,12,-7,8,-12,26
-2,14,-1,23,0,2,1,27,-7,7,4,35
3,6,-8,0,-11,18,-8,23,-8,14,8,6
9,-1,1,-21,6,-17,13,-26,-2,-34,-3,-11
13,-35,3,-10,2,-33,11,-14,4,-23,-2,-16
7,-24,13,-29,-7,-13,9,-31,8,-29,-9,-7
-5,-16,4,-31,6,-22,13,-10,4,-12,-2,-27
-5,-27,10,-1,8,-31,11,-8,10,-5,7,-15
-2,-26,2,-19,0,-31,-10,-17,5,-18,3,-8
1,-2,-3,-12,-5,-10,-11,0,9,-25,4,-19
3,-26,-2,-1,-1,-24,6,-25,-3,-1,-7,-9
-3,-23,8,-16,-4,-14,13,-16,-1,-20,3,-2
10,-11,15,4,7,1,2,-11,2,-7,8,0
0,1,6,-25,-8,-25,15,-3,-2,0,1,4
1,2,5,-20,-4,-19,-1,-12,3,11,-11,-14
-3,-22,-5,1,4,-3,5,-6,6,-12,-11,-21
-5,13,3,-23,14,-11,5,-22,15,-15,2,-8
-11,-7,1,-9,-3,-12,0,-13,-2,-8,-10,-6
-9,-21,-1,-16,0,2,-7,-16,5,3,6,3
-7,-10,13,-17,-7,13,0,9,-10,4,-5,-5
-10,-7,2,-17,3,-7,-3,-5,-2,-2,6,2
14,-16,-3,-9,-1,15,-7,-11,15,-7,9,16
-6,-8,4,19,0,1,8,1,1,6,-6,-3
-2,-1,2,2,5,-13,-10,-12,6,9,6,-3
-5,-3,-6,-7,12,4,3,5,2,7,11,21
2,10,-9,13,8,16,10,-5,-8,2,8,22
1,-12,-7,1,-6,10,9,1,-5,-10,-10,23
-8,18,-8,-6,0,4,-9,-11,-2,0,-3,19
11,-2,-1,11,-10,-9,-1,9,-9,22,-10,-11
11,3,0,2,-1,9,-5,-6,-11,18,-3,17
-4,26,14,10,-7,-4,-9,0,-8,-2,7,9
-3,25,1,22,-10,25,-4,12,13,0,7,24
9,20,-10,-4,5,0,10,-5,12,4,-8,9
3,17,-4,15,13,17,-2,27,14,-2,10,24
0,25,-6,29,-11,31,15,-1,13,-5,13,14
4,0,8,27,2,24,12,2,12,-2,2,3
-11,5,-1,9,-4,-2,-10,-1,8,33,0,1
11,18,-5,13,-8,10,7,-2,3,5,-7,4
13,0,13,18,2,34,-10,20,-10,2,-6,3
5,5,8,20,8,2,-3,6,5,29,-3,36
3,-28,-6,-30,-1,-12,13,-19,7,-30,-3,-17
7,-27,-5,-5,-4,-1,-4,-29,0,-5,-2,-30
8,-14,16,-27,-2,0,2,-33,3,-26,8,-20
3,-30,0,-4,7,3,-8,-12,-7,-30,11,-22
8,-24,-2,-1,-3,-32,2,-13,-3,-7,16,-5
9,-21,12,4,15,-8,7,-29,-9,-1,1,-25
-7,-18,-3,-21,10,1,11,-16,14,-12,8,-20
-6,-21,5,-22,-9,-3,1,-15,14,5,-6,-19
2,-9,5,-20,8,4,5,-14,5,-1,13,-15
-1,-14,13,-14,1,-26,-10,-5,-5,-23,-7,-20
0,4,-5,2,-7,3,4,-9,-1,7,13,-17
-3,-21,-2,3,12,2,15,4,-2,8,11,-18
-4,9,-4,9,10,-24,14,-11,-2,7,8,-3
-7,9,11,-1,-8,2,7,4,10,-14,1,8
13,-15,-5,-13,5,2,12,-10,-1,-21,1,-22
-2,9,-6,-5,11,2,1,-8,-8,-20,10,-7
14,-8,10,1,1,9,-10,-7,-4,-1,-10,7
0,-8,-1,-10,-6,7,5,-2,-5,-10,-6,0
-6,12,-3,1,1,13,-1,17,-9,16,6,15
1,9,-6,-2,5,3,-1,19,12,-14,-6,-1
-7,-7,6,-1,-7,1,-4,12,6,9,-9,3
5,10,1,-6,8,-10,-4,-14,4,-6,6,-15
3,-2,5,12,-1,0,-7,10,13,11,-3,-13
4,17,-6,4,2,11,16,16,4,9,-6,15
6,-9,16,14,5,2,-8,10,4,6,0,3
16,12,7,7,-3,6,12,25,10,16,0,9
-5,13,14,2,10,26,-1,24,-10,3,12,5
-8,6,-6,-4,-2,24,-4,6,-2,8,8,0
2,8,-3,10,6,5,7,0,6,7,1,10
10,3,13,19,6,19,1,3,1,8,1,12
4,1,8,8,13,22,11,20,12,29,-1,17
10,4,8,31,-2,3,-8,29,9,24,-9,-4
-8,7,-2,1,0,21,-9,30,11,-3,4,32
-10,1,11,31,-10,29,-10,25,0,30,13,22
-8,-1,10,21,-2,25,-3,9,-7,31,-1,18
0,13,4,11,10,6,3,20,1,5,11,33
3,23,10,28,13,8,-4,27,7,2,-5,2
-1,-36,-9,-33,11,-23,-2,-30,-6,-6,0,-11
-2,-35,1,-21,8,-5,8,-10,4,-31,9,0
8,-33,7,-11,-5,1,3,-21,-4,-6,-5,0
-7,-21,-7,-32,14,-23,-4,-32,-1,-30,8,-30
1,-10,-8,-9,15,-15,-2,-25,13,-25,-9,-25
15,-9,11,-27,-7,-17,-8,-23,3,-1,-6,-28
7,-21,5,-11,-2,-25,3,0,12,-13,-8,-1
-5,-1,1,-29,-2,-8,17,-19,-8,2,17,6
-3,-7,-4,5,17,-22,6,-18,-3,5,-4,-20
0,4,-8,-21,5,-18,-3,-25,14,-9,17,-27
1,7,-3,-16,13,-2,11,-10,14,-12,-7,-14
-7,-12,-9,9,8,-2,13,-3,-8,-8,-5,8
-1,-2,17,-20,-2,3,-5,2,2,-2,0,-24
-1,4,-3,-22,2,9,1,-2,-2,-4,8,-5
-3,5,3,-5,13,-15,-6,3,-2,-5,5,0
2,2,5,9,15,4,-5,-4,-4,11,3,-21
16,-3,9,-4,8,-16,-7,-7,-8,3,-2,8
-1,15,0,13,0,-10,-7,16,-9,14,15,-14
-2,3,-7,1,7,11,6,-17,13,-12,0,11
-8,-14,4,-4,-7,10,-4,7,6,1,-5,18
-7,-6,-1,18,-4,19,10,-3,1,-2,-3,4
-6,3,8,14,-1,11,3,-7,11,-3,16,-5
-5,-3,5,4,2,-6,8,9,3,1,-3,15
-2,4,-9,-8,-5,-6,3,7,-1,8,-3,13
11,-1,15,2,3,-7,12,4,-9,2,8,24
-8,-5,3,11,10,2,2,12,8,6,7,13
2,-2,10,16,0,1,15,16,17,14,8,12
3,23,7,-9,14,3,8,7,0,1,-9,14
-2,5,3,27,1,3,-4,28,5,2,3,-3
8,-7,-6,16,12,14,-7,9,2,19,11,-5
7,13,0,1,14,12,6,27,6,7,0,7
8,19,-8,-5,11,29,17,22,9,-2,-7,6
5,-3,9,9,13,5,3,3,15,13,1,-4
1,16,10,22,-3,14,-7,9,-8,-1,12,-3
-4,34,13,23,-3,22,13,16,12,24,7,29
0,16,8,1,-4,32,-6,6,15,26,11,6
-7,7,-1,21,-6,13,-5,19,13,25,10,5
5,-34,-2,-36,-1,-20,5,-30,13,-20,6,-25
5,-29,16,-25,7,-24,5,-3,3,-22,-4,-34
3,-14,13,-33,5,-7,5,-24,-8,-33,6,-29
5,-11,-3,-9,7,-27,17,1,17,-10,15,-30
2,-6,16,-23,14,-3,11,-12,9,-4,12,-32
3,-12,3,-29,0,-28,-2,-5,6,-3,5,0
-5,-1,8,-12,-1,-28,-2,-6,-5,-10,-2,-5
-3,2,11,-16,10,-13,0,2,7,-28,2,-17
-1,3,-1,-26,2,-24,7,-26,0,8,-6,-27
11,-25,0,8,3,-24,-3,4,15,-5,-3,-20
0,0,16,4,-2,4,8,-4,0,3,-6,-18
3,-12,0,0,7,3,0,-6,9,10,6,-21
-5,2,-1,-4,3,-9,9,2,-7,5,2,-17
18,-6,15,7,5,-13,-6,9,13,-13,7,-20
0,2,-6,-8,-8,-7,-3,8,-4,-19,5,-5
-8,3,1,15,-1,14,14,-10,-6,-12,2,12
0,8,-3,-8,10,11,12,-1,-7,-7,17,-13
-3,15,4,7,3,8,-2,-11,6,-17,4,-5
-4,5,11,5,-3,16,2,14,-5,-6,-6,7
13,-13,7,8,18,-1,-2,2,-7,1,2,-14
4,20,6,15,4,6,10,-12,9,5,9,-10
13,-3,15,0,8,21,17,5,8,-6,-4,9
3,22,17,11,-5,-7,11,10,5,18,-3,-1
-1,-8,12,-5,9,1,13,-1,15,2,14,12
-2,-1,9,5,14,-2,9,12,5,1,-4,14
14,25,-4,-7,7,4,7,20,5,12,15,18
10,26,9,4,15,1,8,15,5,6,11,1
12,3,16,23,-5,23,2,-8,-6,20,-5,10
8,21,-5,22,-8,8,4,-3,17,7,3,4
8,21,17,-2,12,23,3,20,13,28,16,24
10,22,-8,4,3,30,-3,26,17,30,-5,15
7,31,-8,30,17,28,-5,6,16,10,0,-2
8,17,-6,24,-8,23,3,7,-4,7,14,23
8,4,3,2,15,23,1,-1,1,19,0,1
10,16,8,18,10,15,15,16,9,16,-8,12
-1,32,17,35,13,35,17,1,12,25,-7,22
-6,4,5,5,-8,23,-6,3,-8,18,13,24
14,-27,-2,-22,19,-19,-3,-32,-7,-17,5,-30
11,-18,19,-29,-4,-12,5,1,-3,-18,8,-7
-4,-28,1,-34,8,-16,7,-16,-2,-8,18,0
3,-5,-1,-13,-7,1,-3,-18,17,-31,-6,-31
2,-4,-5,-22,0,-28,14,-17,12,-28,19,-22
18,-30,-1,-2,7,-24,15,-18,-3,-26,-6,-25
12,-29,15,-21,-5,-8,7,-22,10,-19,6,-9
13,-26,-6,-17,10,-22,-4,-28,9,7,4,-1
5,-3,5,-9,5,-17,7,-23,4,-28,8,-10
-1,8,15,-15,1,-11,-3,0,1,-26,10,0
19,-12,2,-6,15,0,4,4,-1,-25,-5,9
-6,4,16,-20,15,-17,16,1,-5,6,15,-18
-7,4,12,-5,-2,-10,14,-2,5,-10,-3,-22
-6,4,11,3,-1,-16,4,-15,-2,-7,15,-11
1,-3,-4,-6,7,-14,4,-10,-5,6,19,11
15,-10,11,-4,18,4,-3,13,10,-20,-6,-14
-7,3,-7,-7,-7,10,-1,13,1,0,1,8
15,-17,4,-18,7,-19,-5,12,-1,6,-5,4
2,6,14,3,13,8,12,-2,-2,1,9,9
14,-15,10,7,3,14,15,-11,-2,19,11,-13
7,10,13,-15,8,7,17,-13,18,9,1,19
14,0,2,16,-3,-14,-2,-1,12,15,3,11
-5,-8,-7,2,2,15,-6,-8,0,9,1,-1
13,-7,4,-9,-5,21,4,19,12,11,13,2
5,12,2,11,10,-10,-3,20,16,24,2,20
5,-6,4,-8,5,15,4,22,4,22,-7,1
7,-10,-5,3,18,11,3,-6,-4,8,18,21
9,11,13,-7,4,16,16,15,6,-2,14,23
5,27,10,11,-6,28,14,-7,-1,15,8,-8
11,14,0,-7,6,-3,8,16,-1,25,-3,0
18,30,-7,19,8,-6,15,21,-4,18,16,-5
1,1,4,-5,19,5,19,16,8,5,8,9
6,21,4,11,6,26,13,7,-1,20,9,11
15,13,11,0,-6,14,19,-2,11,29,15,1
16,14,-3,1,-7,15,17,28,-2,23,-3,23
-7,2,3,10,11,34,1,0,19,3,10,28
-7,11,9,6,5,28,6,4,-7,23,8,24
-1,-31,14,-16,15,-25,-2,-28,4,-32,16,-8
-3,-14,17,-34,14,-17,18,-35,6,-30,17,-33
-3,-9,8,-25,0,2,-6,-18,10,-31,-2,-26
-2,-12,13,-24,7,-19,4,-27,5,-1,1,-31
-2,1,19,-6,-5,-9,4,-25,-1,3,5,-22
-2,-26,-5,-2,13,3,0,-11,2,-27,3,0
0,-4,18,1,5,-28,-2,-28,16,-25,20,4
-5,-16,13,6,18,-8,-6,-28,-1,-9,6,-18
13,-16,13,-24,7,-2,2,-5,12,-20,1,-4
4,-3,4,7,0,8,17,-8,18,6,-2,4
1,-3,12,-17,8,-3,-3,10,16,0,0,-10
-1,-6,3,-17,15,-9,20,-20,4,9,13,-9
-2,-2,20,1,16,-12,-1,9,10,-24,1,-20
-5,9,12,-21,10,8,-5,-5,19,-14,8,-16
-6,13,1,-21,5,-11,4,11,11,-6,18,-18
-5,-3,15,-12,-3,-1,10,6,9,5,1,-16
-4,0,9,-19,2,4,-1,2,14,2,8,-4
-3,15,18,3,20,2,-4,-12,-3,13,-6,12
-5,16,18,15,-1,0,17,4,2,4,15,11
-2,-11,0,-14,3,16,12,-4,8,-5,12,-17
-5,-5,5,16,-3,2,1,10,10,-12,6,0
-1,-2,5,-2,14,-1,0,6,0,-1,0,-9
7,-13,9,10,3,16,-6,1,13,2,0,-11
16,10,-4,-7,10,11,11,-4,13,-7,20,11
7,8,19,-12,-3,-9,-2,6,-4,-7,-4,14
16,14,15,14,14,-2,-4,22,20,16,7,14
1,8,-5,11,19,-3,5,15,11,13,14,17
2,-1,16,7,-3,-4,9,6,15,13,-5,21
15,17,11,2,-6,16,2,25,6,25,19,7
10,11,-1,13,6,25,18,10,4,17,7,7
12,23,17,0,3,16,3,15,-5,10,19,14
13,31,1,23,6,12,1,10,-1,2,10,16
10,6,-3,-3,7,7,5,1,18,7,14,32
17,18,0,29,14,22,13,-3,0,32,17,8
12,9,13,34,3,0,13,23,1,30,5,32
-2,12,10,20,-4,30,1,32,16,1,2,7
5,21,10,3,12,13,-6,23,18,5,12,26
16,-13,14,-34,-4,-14,21,-11,17,0,8,-36
10,-8,-1,-17,-1,-26,1,-12,4,-24,-4,-32
6,-24,7,-31,9,-16,-3,-20,7,2,14,-27
13,-31,16,-10,0,-8,7,2,14,-7,-2,-25
4,-10,18,-14,20,-24,2,-5,0,1,15,-15
18,-17,-2,-19,5,-4,8,-4,-1,-9,7,-11
19,-27,-1,4,7,-1,-1,-14,13,-6,-5,-20
17,-24,-2,-14,17,5,20,-22,4,-13,-2,-16
3,3,5,-11,8,-25,1,-15,15,0,11,-15
17,-13,13,-15,8,-5,12,3,16,-12,20,-10
21,-25,13,1,10,-13,11,-7,10,-12,20,-12
10,-6,8,7,15,-14,0,-16,7,0,10,-23
-1,-4,2,5,4,-7,-3,-4,10,0,7,-21
-4,13,5,-13,16,7,-4,12,16,-9,1,-2
18,-13,9,-12,16,-19,16,-19,14,-2,1,-21
-4,-7,10,-8,-3,14,0,5,15,-8,1,-10
-1,-2,-2,-18,-1,2,8,3,19,10,20,3
20,-4,12,-11,9,-16,3,17,21,-12,21,-16
-5,-17,-3,-3,10,9,0,2,15,-2,0,13
19,-6,-3,-13,17,-16,15,-12,7,-4,-3,-11
5,13,5,3,10,1,2,19,1,14,19,-5
0,2,1,15,20,-13,0,13,9,8,17,-15
5,2,16,13,1,0,4,3,4,13,6,-6
-1,1,7,20,14,1,14,14,15,-12,15,12
-1,4,15,3,2,3,7,20,5,14,14,23
1,-7,17,25,16,-6,8,8,9,13,5,3
13,-9,20,3,14,-2,5,0,0,1,-2,19
14,-1,8,-3,-1,5,16,4,-4,18,15,23
12,-1,20,14,8,15,-4,17,14,26,5,0
7,22,-1,17,0,4,6,12,5,22,21,-5
18,19,-4,12,-3,30,-4,30,-3,0,15,24
0,1,4,1,12,1,11,25,-1,8,6,12
-2,27,5,14,7,5,15,25,-5,28,-3,6
0,-2,18,20,-4,-3,15,32,18,6,19,20
2,1,11,24,11,16,20,23,4,28,-4,18
19,14,-1,1,6,32,10,26,-2,28,3,28
-4,5,14,5,21,9,11,10,21,12,14,30
-1,-17,20,-19,11,-17,4,-25,1,-31,16,-5
2,-16,0,-27,-1,-11,4,-14,9,-5,19,-14
22,-14,4,-8,5,-30,16,-21,22,-17,2,0
5,-10,22,-25,-4,-22,16,-15,13,-26,1,-8
2,0,10,-31,20,-17,8,-10,8,-6,18,-13
1,1,4,-4,17,-4,6,-20,14,-3,13,-16
3,2,0,-11,-1,-16,9,-28,3,-1,-4,6
20,-25,8,-23,21,-11,4,0,-4,0,16,-28
-2,5,-2,1,0,-20,5,2,19,-1,11,-22
17,-26,0,-17,0,-15,12,-6,0,-3,2,6
6,-9,12,-13,17,-24,18,-12,3,0,20,1
-4,-4,14,7,-2,-16,13,-15,5,-25,6,-15
-3,-5,5,-22,0,-8,14,-5,7,-10,-1,1
5,2,14,-3,16,-8,17,-19,-4,-3,-4,-22
0,9,8,7,7,-3,19,-19,13,-12,-3,-17
1,5,-4,-20,6,-8,1,4,14,-4,21,0
14,-14,12,-1,0,11,12,-5,5,-12,-4,10
-1,5,6,-15,21,-4,-3,-3,11,10,-1,15
5,15,13,5,10,6,22,8,20,5,16,0
5,-1,13,14,17,-7,3,12,18,-3,-1,-11
22,-14,2,3,14,-1,-1,17,2,-10,14,-10
16,4,16,20,12,4,6,-3,14,4,16,-12
1,1,17,14,15,-14,13,-11,-1,-1,12,3
13,7,19,-11,4,-1,22,11,16,4,5,1
10,0,11,8,16,-4,-1,3,5,6,6,7
1,-8,10,13,8,-9,15,-2,16,-4,15,-5
-2,-8,10,13,3,-7,10,22,22,-8,15,24
-4,-2,22,27,21,19,22,-7,15,23,3,22
10,16,21,22,6,21,3,-8,18,2,3,6
9,20,21,24,11,28,-2,16,14,5,22,-6
14,13,10,20,10,22,3,18,8,14,18,3
19,19,9,-5,18,28,15,0,2,6,-4,30
-1,18,18,23,19,20,15,0,21,4,8,5
17,8,9,8,6,25,3,31,17,20,18,28
11,-1,-2,14,13,16,-2,24,5,7,3,23
-1,14,17,2,21,16,-1,25,11,30,14,18
0,1,16,9,-2,15,6,30,14,1,20,8
22,-31,5,-32,1,-18,9,-26,7,-36,9,-8
0,-12,12,-8,19,-32,2,-20,21,-19,7,-4
16,-23,15,-24,5,-16,7,-8,4,0,9,-22
0,0,19,1,7,-13,0,2,0,-32,15,-30
7,-11,12,3,2,-6,19,-25,17,-12,-1,-16
16,-17,5,-21,11,-21,21,-10,1,-3,2,-9
22,-12,21,6,20,-25,21,-29,11,-30,0,-30
22,-7,23,-5,20,-27,9,-3,8,-13,-3,-16
7,-1,11,-12,-2,6,8,-4,16,-1,17,-12
8,6,4,-17,-3,-27,3,-13,4,8,12,-12
22,-18,3,-20,5,2,-2,4,14,-12,3,-3
22,-13,10,-6,7,11,2,-22,11,-24,4,-4
20,-16,13,12,1,-11,22,-10,19,-23,14,-24
-1,11,7,-3,-2,-2,11,-4,13,-16,2,-4
19,-16,-2,-15,10,10,7,-7,20,-17,10,13
9,2,18,-16,0,9,6,-5,12,13,16,-19
0,16,15,-14,-1,8,15,9,22,4,3,-20
7,4,5,-3,0,9,14,-1,14,-11,17,-15
6,12,23,12,0,-3,4,-5,-1,-2,11,-8
-1,19,17,15,-1,15,0,-4,9,18,1,5
-2,19,5,4,5,5,5,6,0,20,22,-10
2,9,9,-3,12,16,4,-6,16,3,6,-10
23,8,2,22,12,2,1,22,10,-5,2,-8
9,13,0,-9,11,4,13,1,4,0,21,21
21,-5,2,-6,9,4,5,4,14,12,12,7
14,-6,7,-3,23,25,-3,24,13,-1,6,6
8,1,22,-3,14,5,16,23,11,16,3,-1
13,-5,8,26,20,-6,20,-1,11,26,19,17
3,8,21,5,11,27,0,-8,-2,3,18,11
11,-2,20,-7,12,25,19,1,11,23,22,-7
2,5,20,4,16,26,23,25,22,-6,20,24
14,5,4,10,5,-5,15,5,16,17,11,29
18,-1,9,0,22,-3,22,19,4,12,10,6
21,2,2,12,10,-3,14,10,13,14,-1,0
3,-2,8,17,13,13,4,14,22,10,12,10
16,15,15,17,11,25,18,-1,20,5,-2,24
8,34,6,33,16,3,6,8,20,23,5,12
11,-32,14,-8,22,-24,3,-36,21,-33,-1,-32
15,-17,3,-17,11,-16,14,-18,14,-12,17,-9
0,-10,1,-31,3,-27,4,-17,8,-24,14,-15
5,-13,9,-2,2,-3,16,-16,-1,-21,3,-33
3,-14,12,-21,7,-11,14,-25,2,-11,16,2
6,-11,18,-2,17,-25,23,-19,9,-8,11,-27
0,-2,-2,-4,18,-18,12,-14,3,-3,3,-25
1,-2,16,-22,14,-24,16,-11,12,2,22,-23
21,-25,4,-15,20,0,10,-25,-1,-24,19,-10
0,5,3,-23,8,-6,2,-26,10,-24,12,-12
2,-1,10,8,6,-3,7,-13,6,-10,18,-13
2,1,-1,7,16,-1,-2,7,9,-21,11,7
9,0,7,-8,17,-2,12,-21,1,-18,7,2
8,-3,4,-21,14,-1,13,-1,19,-16,2,-19
22,-14,14,-10,15,-22,13,-15,9,-2,18,-17
0,-7,22,4,4,7,2,-1,15,-17,23,14
-1,2,4,-16,-1,-13,12,-18,6,3,19,16
7,1,0,-12,11,-18,21,10,22,-5,12,-5
20,-15,5,-12,3,9,10,13,2,-10,22,18
0,5,1,-10,-1,7,2,-11,1,-15,3,12
0,1,21,-8,23,20,6,12,2,18,6,-10
23,-4,16,8,-2,4,5,-12,14,5,3,17
21,-10,18,3,4,12,11,-9,-2,12,-2,11
2,22,13,-2,16,-4,18,12,6,12,12,-5
2,22,18,-2,23,-1,3,1,3,10,15,5
23,12,16,-6,19,6,0,-11,-2,1,4,25
3,-6,19,4,14,23,-1,-5,11,24,10,16
21,13,22,20,10,21,5,21,22,11,3,0
16,7,16,26,8,27,12,13,2,12,18,13
17,12,13,26,5,12,8,20,19,13,-2,11
18,9,6,30,12,21,23,-6,18,17,-1,27
19,3,14,30,20,0,14,-2,-2,22,8,-4
4,-2,2,28,16,4,12,25,4,23,19,11
24,1,15,8,16,16,16,-2,18,3,23,8
23,-2,12,0,7,14,2,8,16,21,18,10
2,11,17,5,13,24,22,1,6,14,19,4
6,35,4,14,8,17,20,29,14,6,3,16
-1,-23,18,-20,6,0,7,-2,12,-25,22,-29
22,-25,1,0,25,-1,21,-30,2,-10,16,-34
6,-5,-1,-23,-1,-6,4,-15,12,-13,10,-32
4,-12,21,-20,2,-11,25,-14,5,-13,6,-22
4,-4,24,-15,24,-6,7,-28,0,-12,7,-17
-1,3,21,-5,12,-7,19,3,-1,-16,13,-31
-1,-10,21,-25,25,-25,-1,-30,23,-6,14,-29
5,-4,9,-8,22,-25,23,-23,24,-9,22,-3
0,3,0,8,1,-16,21,-11,16,-23,-1,-4
24,-17,10,-17,2,-27,0,-26,0,-27,1,5
0,2,14,-26,19,-21,-1,-20,11,-15,4,-2
25,-17,25,-12,11,-18,14,7,12,1,13,6
1,2,16,-15,10,-4,19,-3,18,-15,6,-9
25,-5,25,-1,7,-19,20,4,9,-12,10,-12
23,-12,19,-3,13,-11,-1,3,15,12,7,4
5,2,23,-21,21,11,14,14,7,-2,5,-8
6,4,1,-2,17,-20,6,-12,20,4,17,10
1,16,23,2,0,16,19,-17,0,7,6,10
1,0,-1,-11,4,-17,10,17,24,-8,13,17
24,-8,7,-11,4,-8,13,-6,14,13,4,-6
-1,1,24,11,1,7,16,3,20,20,20,-13
5,9,11,-8,3,12,5,-6,7,-8,15,20
3,10,1,16,18,14,15,6,-1,-11,11,20
21,-5,25,7,20,-9,18,15,25,-13,19,-2
4,21,5,6,14,-11,8,12,2,-1,20,-4
24,9,13,16,23,16,12,19,3,-2,14,24
11,7,15,-8,25,9,14,24,1,-2,4,20
15,5,7,20,1,7,20,21,7,-7,22,1
3,-8,22,27,2,-6,16,27,7,2,0,3
11,13,5,15,8,27,24,21,19,-3,4,3
0,1,10,15,7,30,10,30,17,5,18,27
0,4,0,5,6,7,25,13,14,23,23,19
10,-2,2,-4,10,1,15,29,18,6,3,26
18,2,15,27,6,4,8,29,22,-3,5,5
17,1,6,23,21,9,9,32,21,-2,6,20
22,12,9,24,25,25,-1,18,18,-1,6,31
25,6,6,11,8,35,3,25,6,7,4,36
0,-14,0,-4,25,-31,2,-30,4,-3,13,-13
11,-23,10,1,16,-10,5,-12,21,-23,23,-11
26,-15,18,-13,12,-15,10,-16,10,-28,18,-19
2,-10,25,-32,26,-18,5,-26,15,-14,22,-11
0,-32,1,-17,1,-21,14,-31,8,-27,0,1
26,-16,13,-3,26,-27,15,-18,22,-22,10,-18
0,2,6,-6,5,-30,8,-23,26,-9,3,-8
5,-4,24,-6,1,-25,26,5,10,-6,10,6
0,-9,20,-12,12,-28,23,-16,24,-24,7,8
7,-2,13,-13,2,-3,24,-9,20,-12,12,-23
22,-16,9,-21,26,-1,10,10,11,-21,10,10
26,-12,8,-23,4,-21,19,-18,12,7,7,-22
2,-8,18,-2,23,11,16,-11,11,3,8,-8
1,3,13,-15,5,9,7,0,18,7,25,-15
6,6,0,-4,12,-18,12,-13,23,-9,7,13
25,-7,22,-4,3,10,22,-12,0,13,12,12
7,6,26,-18,20,-17,1,13,16,11,20,4
0,6,0,5,3,-15,25,-18,2,-1,12,-1
26,-7,21,-3,23,11,17,-13,12,-17,20,10
26,-5,5,-1,11,17,1,-17,6,-1,6,11
10,-4,11,11,6,-15,26,-7,6,15,23,-4
24,-6,25,8,0,6,8,5,10,12,19,8
22,-2,8,8,24,-5,8,1,12,14,21,3
7,15,6,-6,19,-9,25,5,7,1,12,0
24,1,3,1,11,-8,25,21,18,23,14,12
1,-9,20,14,6,20,22,22,18,-4,8,-4
12,8,7,3,10,-1,14,-6,18,21,15,21
18,0,22,-2,3,26,14,5,7,13,8,11
3,-8,24,27,1,8,0,25,3,1,24,6
22,12,3,11,5,-2,0,2,25,20,17,0
22,12,26,-6,20,22,18,-1,14,2,8,5
1,5,22,3,1,7,6,11,1,3,15,22
21,-4,13,25,7,27,7,28,1,10,2,3
16,3,1,28,4,26,1,8,26,17,12,-1
21,5,5,9,1,11,6,10,12,25,11,1
12,21,5,6,9,19,9,27,21,27,9,6
2,29,3,32,26,2,9,19,6,2,9,30
