-1,-3,-1,-30,-5,-4,-9,-25,-6,-1,-24,-7
-2,-9,-3,-11,-10,-7,-3,-32,-3,-5,-16,-8
-4,-12,-5,-3,-16,-17,-6,1,-12,-21,-26,-33
-18,-20,-26,-2,-5,0,-26,-32,-1,-33,-13,-12
-15,-14,-19,-20,-14,-3,-14,-11,-13,-17,-21,0
-2,-6,-15,-31,-6,-5,-2,-23,-26,4,0,-8
-2,-10,-8,-26,-7,-12,-9,-30,-10,-20,-7,5
-1,-15,-22,-2,-5,-1,-22,-3,-25,-22,-19,-15
-5,-12,-19,-20,-13,-19,-1,-23,-2,-3,0,-9
0,-15,-1,-25,-17,-22,-2,-27,-2,1,0,0
-12,-7,-1,-26,-6,-18,-18,-20,-18,6,-10,-13
-3,0,-25,-10,-12,-16,-15,-1,-2,-17,-19,-16
-2,12,-6,-1,-11,-8,-16,4,-2,-6,-4,10
-3,4,-14,5,-14,-9,-25,13,-23,-23,-5,-21
-18,-7,-22,0,-13,-9,-9,9,-13,-2,-2,10
0,1,-25,-7,-17,12,-4,-19,-5,-9,-14,-21
-25,-1,-4,2,-13,0,-10,-3,-11,-20,0,-17
0,5,-2,-3,-19,13,-1,10,-12,14,-25,3
0,3,-23,-16,-20,-15,-10,8,-16,-7,-14,-1
-2,-14,-20,14,-17,10,-16,1,-5,-8,-3,8
-19,-2,-6,12,-26,13,-13,-1,-18,-6,-10,4
-14,-13,-7,-11,-3,19,-2,18,-7,-4,-9,-5
-25,3,-20,21,-20,18,-12,17,-4,-12,0,16
-12,17,-14,-5,-7,-8,-2,-1,-14,5,-4,6
0,22,0,11,-23,10,-7,7,-8,19,-2,-9
0,8,-15,6,-13,4,0,-7,-19,-7,-18,-9
-17,4,-18,7,-16,22,-15,26,-25,21,-5,17
-3,23,0,17,-8,17,-1,16,-14,-9,0,13
-16,16,-6,18,-1,19,-3,-1,-24,12,-6,23
-19,-2,-3,18,-26,18,-1,9,-2,23,-19,20
-25,9,-16,3,-17,22,-26,-2,-21,-6,-7,8
0,-3,-18,26,-26,4,-25,1,-9,7,-9,13
0,-3,-11,8,-13,10,-15,17,-12,2,-17,0
-22,7,-2,18,-13,7,-15,26,-22,32,-26,32
-3,-1,-10,5,-7,-2,-20,14,-20,18,-21,32
-21,4,-4,28,-9,27,-13,15,-17,13,0,11
-13,1,-16,8,-19,9,-5,13,-1,21,-12,1
-4,-12,1,-36,-21,-15,-12,-7,-13,-5,-7,-21
-22,-15,-24,-1,-8,-32,-10,-16,0,-20,-3,-17
-3,-1,-19,-1,-22,-17,-17,-8,-14,-16,0,-2
1,-10,-17,-19,0,-23,-22,-15,-4,-31,-10,-15
-23,-13,-15,-15,-24,-14,-18,-14,1,-12,1,3
-3,-28,-9,4,-20,5,-10,2,-19,-27,-25,-31
-22,-12,-22,-11,-7,-2,-1,-6,-23,-13,-7,4
0,2,-13,-10,-14,4,-17,-22,-13,-24,-10,-13
-6,-13,-2,-7,-7,2,-22,-27,-19,-9,1,-3
1,1,-11,-3,-4,-25,-25,-8,-6,-23,-15,-14
-14,4,-8,-14,-3,-11,-11,8,0,4,-10,7
0,1,-14,-21,-15,-5,-6,-1,-21,2,1,-16
1,11,-14,4,-8,12,-3,1,-18,-4,-12,-5
-16,8,-10,0,-6,5,-1,-10,1,-1,-3,13
-16,-19,-25,7,-22,-8,-22,-12,0,-12,-6,-15
-11,-1,-13,-9,-12,-5,-1,-20,-24,-4,-25,13
-1,4,-18,-2,-21,-12,-9,-10,-23,4,-18,2
-19,-1,-21,-5,-12,-19,-2,16,-9,-17,0,-5
-2,18,-11,14,-12,-16,-14,5,-7,-4,-13,10
-22,2,-6,-8,-10,-14,-4,11,-25,-4,-11,-14
0,16,-17,16,-7,7,0,12,-21,12,-2,12
-17,-1,-25,-1,-20,-1,-24,11,-18,1,-22,2
-2,21,-4,-14,-23,15,-25,16,-24,-4,-7,-6
-8,2,-11,18,-3,13,-22,4,-15,2,-17,-4
-6,9,-3,24,-11,18,-12,7,-9,18,-10,17
-13,12,-23,11,-15,-10,-16,2,-1,-2,-4,13
0,10,-7,0,-15,9,-4,6,1,-5,1,5
-2,15,-2,26,-6,6,-11,9,-21,3,-12,-2
-10,-8,-24,21,-21,27,1,18,-14,22,-15,4
-11,-7,-5,7,-8,-5,-25,22,-11,2,-2,-7
-24,20,-23,21,0,15,-1,22,-21,7,-12,12
-15,31,-6,29,-9,10,-18,-1,-16,10,-18,0
-3,1,-25,14,-15,21,-9,-2,0,20,-4,17
-20,24,-3,16,-9,21,-8,10,-12,6,-16,32
-14,8,-13,28,-16,16,-1,4,-3,15,-24,3
-24,2,-1,17,-25,20,1,13,-23,28,-24,20
-24,1,-11,27,-19,6,-25,17,-16,2,-15,7
-1,-10,-22,-26,-4,-30,-10,-26,-21,-8,-21,-8
-22,-15,-8,-8,-21,-12,-16,-18,-4,1,-11,-32
2,-3,-10,-13,0,-6,-17,-25,-23,-7,1,-8
-19,-14,-14,-11,-2,0,1,-1,-5,3,-17,-16
-11,-5,0,3,0,-21,-23,-16,-24,-17,1,-1
-11,-3,-15,2,-4,-12,2,-28,-18,-7,-12,5
-1,-26,-16,4,-23,-30,-23,-1,-7,-22,-13,-26
-20,-10,2,-1,2,-24,-24,-1,-2,-26,-14,-13
-8,2,-18,-25,-1,-1,-12,-5,-8,-24,-13,-8
0,-8,-20,5,-5,5,0,-25,-11,-1,-22,-13
2,3,-17,-23,-12,-1,-3,-1,-20,-23,0,-25
-4,10,-5,10,-6,11,-23,10,2,-22,-3,-11
-18,-10,2,5,-22,-11,0,-8,-8,-8,-4,-23
-18,-6,-22,11,-21,9,-20,-23,-11,0,-9,-21
-2,-4,-6,-17,-3,-1,-21,-15,-18,-15,-1,-4
-13,-19,-6,-20,-21,3,-2,11,-24,12,-3,-17
-2,7,-7,-14,-1,-11,-8,1,-14,-13,0,-5
-13,13,-16,1,-18,15,-22,-17,-12,3,-6,0
2,7,-9,-11,-17,2,-16,0,-14,-18,1,11
-15,-1,-24,10,-19,-4,-14,5,-22,-7,-14,9
0,-8,-22,14,-1,20,-17,17,-10,11,-21,14
-1,-2,-17,-11,-4,2,-10,-9,0,-3,1,12
-3,17,-5,-7,-14,16,-9,-4,-5,-6,-20,-2
-3,9,-16,-11,-14,-13,-14,-1,-9,19,-23,4
-14,6,-10,18,0,-3,-8,16,-11,-9,-11,13
-15,7,-19,-7,-22,3,-9,-11,-1,-11,-4,16
-24,9,-13,22,-24,26,-15,-4,-12,-9,-18,7
1,4,-5,5,-3,-8,-8,-3,-23,0,-12,16
-6,28,-20,11,-5,22,-9,6,-24,10,-9,-1
-6,11,0,18,-18,12,-15,0,-7,8,-22,25
-9,9,-3,23,1,3,2,-6,-24,13,-1,16
-17,14,-19,10,-6,-5,-1,21,-10,9,2,11
-12,20,-15,12,-4,10,-11,19,-17,1,-22,16
-16,14,-11,21,-12,-3,1,24,-9,11,-3,-2
-2,12,-10,0,-14,12,-14,19,-16,18,-23,18
-24,3,-21,35,-21,2,-14,18,-15,35,1,19
-13,5,-3,23,-4,7,-16,34,-16,16,1,8
-2,-11,-13,-12,2,-7,-23,-27,-3,-21,-6,-36
0,-32,-6,-17,3,-33,-22,-30,-1,-2,-20,-29
-2,-8,-9,-33,-3,-19,-2,-11,-23,-4,-17,-30
1,-16,-19,0,3,-12,-16,-9,-6,-31,-23,-20
0,-12,-2,-2,-22,-18,-1,-27,-12,-27,-7,-5
1,-13,2,-28,-11,-21,-11,-29,-6,-15,2,-25
3,-20,-19,-27,-11,-3,-3,-1,-2,4,-11,2
-15,-9,-1,3,-9,-1,-18,-4,-20,1,-5,3
1,-5,-12,-4,3,4,-20,-26,-5,-23,-21,-23
-3,-1,-5,-21,-19,-27,-17,-3,-6,3,-5,-7
-2,-7,-12,-13,0,-6,-13,7,-6,-6,-22,-19
1,-12,-13,-13,-23,-18,-5,-17,2,10,-17,-24
3,-13,-3,-3,-4,-23,-22,-3,0,-22,-23,-5
-21,-6,-22,2,-1,-12,-2,-6,-16,3,2,-5
-1,-3,-20,-7,3,13,-7,-2,-1,-3,-11,-14
-3,4,-23,-15,-16,12,3,0,-14,5,-18,7
-1,-5,-16,5,1,-19,0,2,3,16,-20,-9
-15,-15,3,-5,1,-2,2,15,-7,-10,-2,-7
-14,-3,-23,-7,-5,0,-7,-17,-23,9,-19,-17
2,17,-8,2,-13,-14,-1,-11,-7,12,-2,-12
0,5,-22,12,-20,2,3,7,-17,9,-12,2
-3,19,-2,0,-22,6,-3,-15,2,4,-1,-6
3,-7,-20,-7,-5,-7,-10,22,-21,9,-2,3
2,-5,-12,13,-23,9,-15,11,-9,10,1,3
-3,-3,-1,22,3,5,0,9,2,2,3,1
-3,22,-3,18,-15,-9,-5,-7,3,2,-1,17
-9,6,-19,-1,-4,16,-13,-3,-16,-10,-2,-2
-2,8,-11,13,-15,7,-7,4,-6,4,3,8
-2,-8,-6,6,-8,-3,3,8,-9,21,-21,25
0,8,-21,29,-2,19,-14,12,-19,15,-13,4
-10,7,-8,12,0,0,2,-4,-11,17,-10,23
-7,2,-5,22,-13,22,-5,14,3,27,-7,18
-11,21,-4,14,-15,9,-10,29,-10,9,-10,9
2,26,-21,15,-15,15,-14,29,-10,32,-13,11
0,32,-10,16,-8,17,-19,17,-13,14,-8,-2
-1,6,-7,28,-4,20,-20,-1,3,27,-7,13
-6,5,-3,27,-20,35,-12,20,-7,12,-5,26
3,-9,-7,-20,1,-6,-7,-16,-12,-23,-15,-32
3,1,-21,-31,-8,-17,-12,-20,-5,-26,-1,-17
4,-1,-5,-29,3,-18,-10,-27,4,-13,-20,-16
-11,-14,-20,-29,2,-7,-18,-13,-14,-29,-6,-4
4,-15,3,-2,-6,-26,-9,-5,-7,-28,-3,4
-4,-12,-19,-28,-16,-30,1,-11,-15,-2,2,-1
-10,-22,-20,-21,3,-25,-22,4,-17,6,-20,-7
-14,-26,-2,-29,-10,-8,1,-15,3,5,3,-24
-17,-11,-14,-7,2,6,3,-9,-20,-2,-5,5
-5,-2,0,-11,-13,-21,-17,-25,0,-22,2,-4
-1,-5,-4,-19,-17,-14,-13,3,-11,-22,3,10
-11,-10,-11,-20,-1,-10,-18,4,-17,6,3,-24
4,-9,0,-21,-20,2,-16,-20,-4,-24,-12,-14
1,-11,-21,-1,-6,4,4,13,-18,-9,2,8
0,14,-10,13,-4,-8,-2,-8,-4,-3,2,14
2,-9,-14,-2,2,1,-1,9,-10,-15,-8,14
4,-12,-5,-7,-3,4,-1,9,-14,15,0,0
1,4,0,-9,3,-7,-15,15,-4,-17,-8,3
-12,-4,-5,11,1,-8,0,10,4,15,-10,-3
-12,13,-13,-12,-10,18,-12,8,-1,1,-7,-16
1,3,1,-9,-9,16,-8,-1,-18,3,-2,14
2,19,-1,-10,-19,-5,-9,19,-15,0,-8,-13
-10,2,4,-4,-18,16,-4,15,-13,9,4,-8
-1,-8,0,-2,-8,8,-8,3,1,9,-22,5
-5,1,-1,1,-19,21,-19,10,-21,-7,2,8
4,-5,-15,16,-7,17,-22,-9,4,1,1,2
-3,24,-16,-2,-22,25,-19,-5,-15,22,-13,10
0,-1,-11,20,-17,11,-4,9,-5,10,-14,11
-9,18,1,28,-4,23,2,13,-17,-5,-1,7
-13,20,-4,12,1,-3,-3,-1,1,24,2,14
-4,29,-4,19,-14,13,-13,-6,-10,14,-21,10
-12,11,-2,26,4,-5,-12,8,-8,19,-8,8
-13,20,1,10,-4,0,3,2,-11,23,2,1
-6,23,-14,15,-7,5,-2,9,-10,10,-13,6
-5,34,-8,15,4,32,-14,29,-5,24,0,-1
-18,23,-16,35,1,25,-11,32,-8,17,-16,27
-13,6,-15,23,-2,12,-10,28,-18,8,2,18
-8,-22,-5,-32,-9,-12,5,-4,-12,-23,-13,-8
3,-2,-19,-15,1,-13,-7,-24,4,-9,-7,1
5,2,0,-12,0,-14,5,-1,-13,-3,-16,-28
4,2,4,-24,-16,-1,4,-11,-6,-9,2,-24
-3,-17,-7,-29,-8,-6,-3,-4,2,-4,-10,1
-18,-14,-6,-18,3,-6,-5,-27,-11,4,-16,-27
1,-17,-19,-1,-11,6,-12,0,-16,-2,1,-13
0,-14,4,-22,4,-25,0,7,-13,7,1,-7
1,7,-20,-22,-13,3,-20,-16,4,-19,4,-19
-8,-18,-9,-1,-21,-26,-3,-15,-11,-22,-1,-21
-8,-10,-13,-4,2,-11,0,-26,5,-11,3,-9
-14,-12,-4,9,2,-14,4,8,-15,-2,-21,8
-1,-2,-7,-13,-4,-18,3,-17,-5,12,-17,10
-14,-6,-12,-20,-18,6,-16,-8,2,-5,2,0
3,-11,-13,5,-20,11,-12,-12,-5,-5,-8,11
-15,-8,-17,-15,-17,-19,-3,12,-20,13,1,10
-3,7,0,-18,-13,2,-5,-11,-1,-1,-3,-10
-2,6,2,-2,5,12,4,-5,-1,-19,-21,8
0,9,-1,-6,1,16,0,-3,-1,-10,-13,17
-5,8,0,-6,-21,-15,3,14,-4,5,-21,14
1,13,-14,14,-1,8,2,-6,-21,7,2,-6
1,15,-6,21,-6,-1,1,5,-19,-15,1,6
-13,2,-20,4,-19,-10,-1,16,-16,1,1,-12
-21,5,-16,-13,1,-7,-7,-12,2,22,-18,22
3,3,-10,15,-19,21,1,-8,-4,23,-3,0
0,12,-17,-11,-7,12,-15,21,-16,-10,4,14
-13,21,-4,20,-21,21,-5,21,-7,-8,-15,26
-12,27,-20,18,0,-9,4,8,-2,9,1,5
-3,-2,-1,16,-17,2,-5,4,-10,21,2,22
-7,20,-7,1,1,-6,2,22,5,3,-4,29
5,-6,-11,-3,-3,29,-7,7,1,19,5,-2
-19,28,-11,26,-8,30,-16,13,-18,9,3,17
-21,28,-6,30,5,0,1,13,-3,17,2,13
3,-2,-17,-1,-19,24,-13,27,-2,18,3,26
-21,21,4,13,-3,14,-17,10,3,27,-13,25
-13,24,-8,34,2,17,-1,10,-20,29,-20,3
-16,23,-3,11,-8,34,0,8,-5,28,-8,27
-4,-7,-13,-30,-13,-20,2,-24,4,-31,1,-7
5,-14,4,-7,-17,-4,-3,-27,6,-9,-13,-12
6,-2,2,-17,-3,-30,-19,-10,2,-5,-10,-12
4,-6,5,-7,3,-30,-16,-10,-6,-33,4,-23
5,-4,-11,-2,-9,2,-6,0,6,-30,-9,-3
4,4,-13,-26,5,-14,-11,-27,-6,-26,-9,-1
-8,0,-6,-23,6,-11,0,-14,5,-22,0,-23
-4,-14,-16,0,-14,-11,-3,-20,-16,-23,-3,-15
0,-1,-4,-17,-19,-4,-15,-5,-16,-26,-12,-6
-6,1,-3,8,-1,-11,-2,-22,1,-20,4,-14
-8,0,-15,-17,0,-8,-5,-24,2,-8,2,3
3,6,-4,-8,-16,2,1,-23,-4,-14,0,-20
2,-15,-10,-18,4,6,4,2,-16,0,3,-13
-14,-8,-9,-21,-19,-22,-2,-1,6,-4,2,1
-7,10,-12,-18,-10,0,-17,6,2,-11,-18,5
-6,0,-14,-10,-6,-5,-5,0,-9,-12,-4,9
-6,5,-10,-1,-13,-14,0,6,3,12,6,-18
1,-6,-13,-10,-12,-14,-6,-2,-11,5,-6,9
-7,3,-7,-12,-1,9,-1,16,-16,-8,-6,-14
-1,-5,-2,-3,-19,-15,3,-1,-9,7,-9,-6
1,-9,-16,20,-20,8,-2,-13,0,11,5,18
-13,-11,-2,-13,-11,-8,-1,-3,-3,2,2,-9
-6,1,6,11,-3,13,0,-10,-10,-4,3,-7
-1,-8,3,21,2,3,4,12,-11,14,-20,11
-4,6,-4,-12,1,22,-14,-7,4,-11,-8,10
-15,3,0,-6,-1,-2,-13,2,4,12,-17,7
-5,13,-11,0,2,-1,-15,6,-3,18,-1,7
-5,19,-20,19,6,6,-7,1,-3,23,-8,15
-5,12,-18,16,-10,26,-10,19,-1,27,2,24
5,16,-3,25,1,16,6,15,-2,23,-14,24
1,8,-1,26,-2,28,-9,24,0,24,-4,-3
-7,2,-2,3,-13,-1,-1,9,-9,15,-6,5
-18,5,-2,9,-12,31,4,1,-17,27,-8,-1
-3,7,3,10,-13,22,-5,12,-1,3,-8,16
-11,7,-2,28,-13,3,-9,14,-11,4,-1,25
-20,7,-19,9,-6,18,-3,28,-15,31,1,9
-4,33,-9,31,6,28,-8,20,-12,13,-5,35
-1,-27,-12,-12,2,-18,-13,-19,-11,-3,3,-26
0,-15,3,-9,-3,-34,1,-8,-7,-5,-3,-7
6,-4,7,-31,-10,-2,7,-22,-18,-18,-2,-11
-9,-33,-11,-30,-19,-14,-10,-15,-12,-30,3,-3
6,-17,-7,-17,-6,-13,-4,3,6,4,0,-19
-8,-31,-14,-17,-8,-29,3,5,0,-30,5,4
-18,-10,-3,-25,-17,-2,-17,-27,-15,-10,-11,-26
5,-20,7,-21,2,-5,-7,7,-19,-17,3,-16
-2,-7,-9,-2,-9,-26,-9,-4,6,-23,-8,6
2,-26,-14,-11,-14,-24,-4,-15,-3,-3,3,0
-10,-13,3,-1,3,-14,-4,-21,-18,2,6,-5
-7,2,7,8,0,-15,-1,-2,5,8,6,-6
1,-3,-8,9,-4,-14,-12,3,-12,-23,-10,-17
-6,2,-4,12,1,-1,6,-8,-1,-22,3,-7
-4,-8,5,0,-12,9,0,-19,6,-18,4,-20
-1,1,-17,12,-17,-11,1,1,0,-9,0,7
6,-2,-7,1,-10,-18,-13,-6,-8,-3,-5,1
-3,0,-9,13,3,-9,-11,2,-12,9,-13,8
-2,4,-19,-8,6,18,-11,18,0,9,6,-5
-1,-4,0,-7,0,-13,-14,15,5,19,1,-13
-9,-12,2,-13,-16,-7,-17,8,-5,-5,1,-16
-15,-1,-14,-13,-3,3,-17,7,4,-5,2,21
0,-6,-1,14,-4,-8,-4,11,-14,-2,6,9
-4,12,1,20,-5,14,0,0,4,-5,3,13
-1,11,-16,-2,-6,0,2,7,-18,-12,1,-9
2,-2,1,-5,2,-7,1,-9,-4,-4,5,8
2,-7,-13,19,-1,19,-18,15,-18,11,2,10
5,5,-9,7,-8,-1,-13,2,-6,-2,-15,1
-9,-5,-6,24,-19,0,0,12,-16,17,-6,-4
-2,7,-15,8,-2,6,-7,23,-7,14,-7,9
2,22,3,18,-1,27,-5,27,2,19,-1,30
-14,29,-8,20,2,1,-17,29,-9,27,4,30
-10,7,-17,11,-6,18,-7,13,5,7,1,24
-19,31,-12,31,-9,3,-6,3,-7,25,-2,-1
-13,4,-6,26,-7,21,-14,22,7,29,-18,34
-3,31,-5,32,6,23,6,30,3,-1,-11,23
-12,33,-4,0,-7,19,-17,6,5,4,-1,25
1,-7,-2,-12,6,-20,-15,-15,3,-26,5,-15
5,-17,7,-7,-11,-16,8,-34,0,-17,-7,-20
5,-18,-14,-3,-15,-15,-11,-3,-7,-6,-7,-8
-10,-14,1,3,-16,-8,-13,-3,-8,-4,0,-17
1,-10,-5,-5,-7,-16,2,-14,5,-31,4,-20
2,-12,-6,-4,-16,-14,-5,4,-16,-1,1,1
2,-13,4,-28,-1,-25,2,-20,-5,-18,-11,1
-3,1,6,-29,-1,-12,-9,-18,-6,-17,6,-20
6,-23,-11,-13,-2,-6,1,-18,-2,-14,5,-9
0,-3,7,-11,-2,-19,-2,2,7,-9,5,-12
3,-15,-8,-11,-9,-10,1,-15,-7,-19,5,-18
-7,-9,-17,-18,5,-9,0,-24,3,-9,3,-16
-4,5,6,-12,-4,-9,-18,-4,-8,-20,0,-13
1,-14,7,13,2,2,2,11,-11,8,3,-17
-1,-4,-10,13,8,-15,1,-21,-18,14,-5,6
-4,-12,-10,7,-7,14,-6,-11,4,-12,1,-9
6,-10,-3,-16,-10,-13,-9,6,-8,-19,-1,5
-6,2,2,-6,-7,-13,6,-2,-15,-11,-18,-5
7,-16,-7,-8,7,-18,3,-14,-7,17,3,-11
-5,14,6,0,-16,-10,-1,15,2,17,2,12
-3,8,-9,5,2,5,-6,-8,-11,-2,-10,10
2,-7,-5,19,-5,-14,-16,21,2,-11,-5,-14
0,20,-14,4,7,-13,6,13,4,14,5,10
2,-8,2,21,-9,1,3,-12,-2,-13,-5,19
-4,12,4,23,0,7,-10,2,1,10,-10,19
8,-7,-5,19,2,0,3,-4,6,3,8,23
-1,17,-17,21,-4,-6,-12,-4,5,16,1,8
-4,5,-5,11,-6,21,-13,10,-7,22,-9,24
-7,0,-13,5,0,-5,6,26,-1,-2,-1,13
6,14,6,-1,-3,8,8,2,4,19,-17,24
-9,27,-16,-3,6,-1,-3,-3,7,1,-18,11
1,13,6,-3,-9,15,-16,0,-9,28,6,-1
-2,2,0,31,6,32,3,29,8,-3,-4,14
-6,30,-6,28,-6,28,4,5,-11,24,2,17
1,9,-13,15,0,3,-12,17,-3,14,6,9
-2,11,2,8,-13,17,-7,7,3,25,-10,24
2,29,5,1,-5,7,8,11,-4,35,2,19
-10,-15,-10,-1,-2,-2,2,-34,2,-34,7,-30
6,-13,-9,-19,-9,-32,-2,-31,-11,-32,9,-9
5,-23,-1,-32,-16,-2,1,-19,-4,-9,-6,-18
-6,-8,-16,-21,9,-32,0,1,9,-19,-16,-23
0,-25,-5,-26,-1,-6,4,3,9,-7,6,-18
-1,-11,1,-8,-1,0,-4,-3,-17,-15,3,-14
6,-21,3,2,-8,-19,-8,4,7,5,9,-6
9,-24,2,-16,-1,7,-15,-20,7,-2,-11,-24
-12,-15,-10,1,1,-19,7,-17,-1,5,-13,-3
1,-11,6,6,2,8,-12,-10,-4,-11,7,0
5,-9,-14,-1,1,-1,-7,-23,-7,1,-12,-9
3,-2,-14,2,-9,-10,-9,4,-17,4,4,-22
6,-16,-3,-19,-4,7,5,-14,-17,-16,-1,0
-6,1,-12,-20,1,4,-5,6,6,-11,3,-21
7,-20,9,-18,6,10,-3,13,9,1,-6,-14
6,-14,7,-8,-5,-4,2,-12,4,2,0,-16
3,4,-5,-11,-17,14,-7,-9,-7,-14,1,9
1,-5,-8,12,9,-6,-14,0,9,10,0,1
-5,13,8,3,8,-11,-3,18,4,13,-16,-10
-1,-4,-16,7,-3,-5,0,13,-9,5,-5,-12
1,14,-5,7,-7,13,1,-3,4,-11,-6,12
-8,2,5,12,-6,-8,-12,-2,-9,-3,9,-10
-5,18,-17,1,-12,-12,6,14,4,-1,7,-12
-2,-4,-7,15,-17,19,-7,-11,1,-10,-9,-1
-6,5,6,-3,-1,20,0,9,3,-10,1,21
-9,19,8,-6,-15,-10,-5,22,-10,13,-7,24
2,0,4,23,-2,14,-15,7,-16,5,-4,13
-14,6,1,7,3,14,-4,13,-17,-2,-8,13
-6,28,3,0,4,22,6,10,2,26,0,0
5,9,-8,1,-5,21,-15,-6,-9,1,-1,29
2,13,-11,7,9,3,-13,30,5,26,1,1
-8,18,9,30,8,-3,-9,0,0,-5,1,9
-15,12,0,7,1,9,3,17,5,23,2,0
1,25,-6,19,5,5,2,19,-8,-3,-14,0
-17,11,9,10,6,33,-3,12,2,22,8,8
1,30,-17,2,5,29,1,15,-12,12,-5,3
1,10,6,0,-6,29,-6,13,-11,15,-11,6
-13,-2,-13,-1,1,-11,2,-19,-10,-2,1,-10
3,-22,4,-19,1,-28,-12,-17,6,-34,-1,-1
-7,-15,5,0,-16,-7,2,0,4,-3,8,-27
-15,-6,-3,-20,-1,-6,4,-2,-6,-3,0,-26
-9,-1,-15,-9,-12,-17,-7,-5,10,-14,5,-32
-2,-24,7,-19,-1,-10,-2,-9,5,-12,-15,-6
4,-23,-11,-11,4,-28,2,-23,3,-25,-12,-15
0,-1,-13,-6,-12,-22,2,-5,-2,-10,3,-9
-1,-10,4,2,-1,-10,7,3,-16,4,3,2
8,-20,0,-26,6,1,1,-1,-5,-11,-8,-6
7,7,-5,-11,-12,-17,10,-9,3,-1,-1,-9
2,1,-11,0,4,-24,-15,-6,8,-9,1,-14
6,4,-8,0,1,8,2,11,-14,7,-12,2
-1,-7,-12,-12,0,-6,-7,-9,-15,10,-6,2
6,-21,-9,-12,-12,-17,-10,-13,-13,-13,4,11
6,-15,-11,11,3,-7,-2,2,-15,3,-13,4
0,-6,1,8,-11,8,10,-13,-4,-11,10,-12
5,15,-5,11,7,3,2,-5,-1,-17,-13,-6
-7,12,4,-11,-14,16,-7,15,10,-12,1,-5
10,-4,-2,-5,-6,16,-5,14,-9,-4,-16,-2
2,16,-5,-9,6,8,2,-6,-1,-3,9,0
-11,0,7,-7,10,11,4,10,0,3,-4,14
-7,-14,9,0,-9,21,0,4,9,15,3,-4
-14,16,8,19,4,7,9,-6,6,-6,-13,16
-11,19,-5,11,4,21,-10,-4,7,9,5,7
-16,15,-10,-4,-9,10,-16,-5,10,-7,-6,23
-10,10,-8,-5,6,-5,-1,22,-11,-5,-15,20
-4,27,4,8,5,1,-14,20,0,13,-4,26
0,27,-4,6,-10,20,1,25,-14,28,10,10
4,24,-10,-3,-5,21,1,17,6,17,-6,10
3,11,-4,23,-3,18,7,26,-9,13,-1,3
-5,-1,1,2,-3,12,1,10,-7,30,10,24
-9,24,-4,-4,9,24,6,31,-2,4,-5,31
-7,32,-3,30,-12,23,-16,20,-3,33,1,25
-15,11,-3,-2,-2,15,-4,33,-7,19,-8,13
-9,10,5,27,-4,12,-15,17,4,16,8,33
-16,24,8,19,-10,25,10,31,-6,2,7,16
-5,-30,-6,-13,-8,-23,8,-6,-7,-8,-13,-29
6,1,-1,-21,-14,-27,1,-12,4,-15,-4,-22
-1,-24,2,-24,1,0,-6,-26,6,-26,-6,0
-7,-28,-8,0,-10,-16,6,-12,-2,-33,-12,0
-4,3,-3,-15,6,-1,2,-22,-2,0,-2,-17
-4,-22,4,-29,5,1,0,-1,-6,-30,-6,-13
-1,2,3,-9,9,-20,6,-18,9,-17,-1,0
6,0,7,-14,11,-7,-11,-13,8,-13,-11,-12
4,-21,-15,-28,-14,-17,-3,-22,8,5,-8,-22
-2,-19,5,-7,-9,-1,4,4,8,-4,-10,-13
8,-15,9,-19,7,-7,7,-10,-12,8,-8,7
-3,-7,-13,1,-9,-20,-6,-3,10,-5,3,-23
7,-14,-1,4,-12,-23,1,1,3,-15,-7,8
-1,-15,-6,-9,-8,-8,5,-10,-11,6,-8,-12
10,-19,2,-20,3,-11,1,-6,0,3,-13,-21
1,-19,-3,-14,-1,-16,6,-10,6,6,-6,11
-4,-6,0,6,4,14,7,-6,3,-13,0,6
8,-5,0,-4,-13,-14,-13,-6,-8,-8,6,13
0,8,2,4,7,-4,-2,3,-9,18,-2,-7
5,19,-8,11,2,7,-12,-5,-10,-3,0,8
2,-5,-5,-14,-2,-11,11,11,-6,-4,-9,-1
-12,16,-6,-8,-13,9,9,20,9,-9,8,12
2,21,8,14,10,-6,-14,19,-4,5,-4,3
-8,-10,11,-11,-13,-11,0,13,7,8,-12,1
-7,0,-3,1,-11,24,1,12,6,9,-10,7
-2,-5,-10,10,4,18,7,-2,6,6,3,2
-1,23,0,11,-11,-6,-10,-4,-6,-7,5,25
-6,17,-15,14,-4,5,2,19,0,19,-8,19
0,-5,3,12,1,22,0,0,-7,9,-13,-4
-7,21,-5,28,-14,12,5,13,-2,-1,-11,12
-4,-3,-2,15,5,23,10,17,5,15,-2,2
-4,2,-1,18,-12,15,-8,15,9,19,0,18
-13,7,-5,16,11,19,1,31,-1,13,-9,28
1,20,-2,14,3,9,8,22,5,0,-5,0
3,-1,3,24,-4,23,-5,33,-12,18,-10,19
-12,23,9,25,10,30,9,2,11,23,-11,19
-13,8,-8,0,-10,15,6,5,2,27,7,7
-9,-35,-14,0,-10,-8,-1,-27,-10,-13,-5,-10
6,-23,-4,-31,6,-5,-1,-31,-13,-23,-13,-20
-14,-22,-8,-9,3,-16,-5,-10,5,-3,-9,-23
-11,-32,-11,-15,-13,-26,2,-18,-6,-18,7,-20
-5,-4,6,-7,5,-7,-14,-8,-2,-17,11,-8
-14,0,-10,-26,0,-31,0,-10,-7,-23,-7,-7
5,-3,9,-4,-12,-24,12,4,-7,3,-3,-16
-7,-29,8,-16,0,-4,7,5,2,5,4,-24
-3,-2,6,-17,-4,3,-3,-1,2,-5,-11,3
-2,-14,8,3,-3,-4,-5,-18,8,-5,-5,-17
3,-6,-3,-8,-9,1,4,5,10,6,-11,-11
5,3,-11,-3,1,5,-9,-13,8,-12,5,4
-3,5,-7,-3,-10,9,3,-4,4,10,-4,5
2,-18,10,13,4,-3,3,-1,8,-11,3,9
-4,5,5,0,9,7,1,1,3,11,-13,13
3,-13,2,13,10,-18,-7,2,0,-9,9,15
1,2,8,-15,-3,4,4,0,-9,13,6,16
9,10,-10,-6,-5,4,-3,-17,-1,-15,-2,11
-10,-15,2,1,1,-5,-4,-9,-13,4,-8,15
5,7,1,10,-5,18,2,-12,-2,-13,2,8
-7,4,7,3,-2,18,0,10,8,-10,-4,20
-3,-2,-4,19,4,-9,-3,20,4,9,3,1
1,-7,6,21,2,-1,-13,-10,2,1,-13,-1
7,-5,-7,18,-5,-10,-13,19,3,10,0,-5
-11,1,-1,24,4,-4,0,18,6,-2,-10,-4
1,22,-10,-3,-3,6,3,-9,-9,10,7,12
4,-3,12,20,2,15,-2,24,-8,18,-11,10
-11,-1,8,-9,1,20,-7,10,-7,26,0,11
-3,20,-13,12,2,-8,6,16,-9,16,6,24
-6,26,3,9,10,-1,-12,1,9,17,-2,-6
4,15,7,29,0,7,11,20,3,25,3,0
8,-3,-7,12,7,11,4,20,11,28,2,7
-5,-2,-8,16,-7,8,10,26,-12,9,-6,-4
11,3,10,1,3,26,0,25,-12,3,-3,28
-10,-1,-1,10,-5,19,-2,22,-6,21,2,24
-14,0,8,0,-1,24,7,9,9,18,5,5
-14,0,-8,18,-7,8,-4,10,-11,13,6,9
-6,-12,-1,-32,-2,-18,11,-27,-9,-19,-11,-19
6,-21,-9,-12,-3,-20,13,-29,-7,-2,3,-35
-5,0,3,-11,6,-14,-6,-34,-3,-22,6,-26
12,-33,8,-17,1,-26,-1,-15,6,0,3,-23
-5,-32,6,-26,-9,-16,12,-22,-10,-16,-1,-19
-6,-2,0,-30,-12,-27,5,-29,4,3,8,-9
7,-17,0,-5,3,3,6,2,13,-30,1,-1
0,-14,13,2,1,3,-2,-25,-8,-12,-1,5
3,-28,3,-8,2,-17,4,-5,12,-12,-9,2
-5,9,6,-7,8,-24,-5,-18,-12,-16,-5,3
9,-22,11,-11,11,-14,-5,-26,4,-19,1,-1
-3,-23,-11,0,11,-2,4,-19,-9,-7,-12,7
10,-7,12,9,-7,-4,4,-21,5,11,-5,-11
-1,-18,-7,-17,2,0,1,-15,10,-12,7,11
6,-19,6,5,-13,-8,-11,6,9,-6,-3,-7
-3,5,11,9,11,-8,-6,-16,6,2,5,-15
-12,9,-12,1,3,0,10,-11,4,4,10,14
12,-8,3,-3,-6,3,6,16,-5,-18,-11,-4
-6,-6,12,0,0,-7,-3,-14,-10,-6,5,-17
7,-3,3,-2,-8,-9,5,-6,6,-14,11,16
-9,12,-3,11,-12,1,1,-14,0,6,4,18
-6,8,10,-9,-9,-3,7,8,-5,-1,-1,-4
-7,18,4,-11,8,5,13,-1,9,-6,-3,-12
-5,11,-7,4,5,4,-13,14,1,23,-6,-13
-11,-12,12,1,2,19,-6,10,-3,19,-2,24
-12,-1,1,14,5,11,12,-7,-2,4,-7,-1
9,22,4,16,10,-2,8,21,5,22,-4,19
4,3,7,6,-1,9,9,17,1,23,0,11
4,-7,-10,5,-9,10,9,23,1,12,-10,4
-3,27,-6,9,7,3,3,-7,3,20,-13,16
12,6,8,11,-4,9,4,8,0,13,-2,18
-6,11,4,19,-13,13,-5,14,11,-3,2,-1
-3,11,1,0,9,9,4,8,-13,-4,-4,11
6,32,-13,14,4,12,6,15,3,22,12,-3
-8,2,-7,21,-7,33,-5,11,-2,24,-10,-1
-13,1,-1,35,-12,8,4,15,3,7,-3,0
-9,2,12,8,-10,26,-5,27,9,23,-5,1
-4,-9,14,-25,8,-20,-2,0,-8,-2,-5,-33
13,-25,-10,-12,0,-2,13,-22,13,-34,5,-20
-10,-20,12,-33,12,-26,12,-30,3,0,7,-23
-1,-12,1,-19,8,2,3,-5,3,-32,3,-5
-2,-10,5,-12,-7,3,-6,-12,10,-22,-2,-14
-6,-2,-8,-3,-5,-1,-9,-23,-1,1,13,-9
1,-7,2,-14,5,-4,-6,-29,4,5,3,-6
11,-23,9,3,-11,-14,3,-7,-7,-7,4,6
0,-6,5,-13,0,-26,0,-13,-11,1,-3,-5
5,-24,14,-12,7,-24,-11,-12,-11,-14,-5,-25
11,-21,9,-2,2,-2,-9,3,-2,-6,11,7
-3,-3,-7,8,5,6,13,11,11,-11,-10,-15
5,-1,14,-2,-2,-6,-8,-11,1,0,-1,-22
4,-2,-5,-22,-3,7,4,7,1,7,9,11
8,-4,-7,-15,1,7,10,1,-7,7,9,3
-8,-1,-4,-9,-1,10,7,-21,6,7,5,3
11,8,6,-5,-1,12,0,-1,11,7,14,8
8,-4,13,16,-3,0,-1,6,12,7,-4,-11
1,-15,3,-15,14,9,-10,-7,-2,-4,1,-2
12,15,-1,-9,-9,-11,-2,15,-4,7,1,13
5,1,11,15,-4,17,1,8,8,8,6,15
4,-7,-4,-7,2,-7,2,10,10,-11,-1,-12
6,-3,13,15,-3,15,2,-14,-7,21,-10,16
0,21,1,-11,0,-10,8,-7,-7,17,-10,-1
-10,-6,-9,-3,-11,4,-9,-9,-12,16,2,19
-10,21,1,0,-12,0,4,-3,3,10,4,4
7,-10,-8,20,-3,7,-8,20,-7,-8,-8,23
0,5,6,9,4,12,0,16,5,-6,-2,0
-8,-2,8,11,-12,15,-6,15,13,15,10,0
9,-1,-9,13,-6,26,-9,-1,-5,10,1,24
6,2,-3,-5,-7,5,1,-4,-3,-1,0,15
1,24,9,22,2,28,11,-1,1,9,-8,26
8,24,-3,9,-2,31,11,29,-3,27,-12,12
14,11,-1,8,-9,13,0,6,6,3,14,7
9,28,-12,14,5,-2,12,8,-8,14,-1,4
-5,0,-11,25,-7,5,-12,35,9,14,8,21
-11,0,-9,11,8,3,0,11,0,33,8,16
6,-7,5,-11,1,-30,-7,-22,-10,-30,-9,-36
-1,-18,5,-32,3,-4,9,-18,-2,-16,-11,-15
-9,-11,4,-33,11,-13,10,-20,0,0,-10,-34
4,-28,10,-19,-6,0,-5,-11,-8,-26,7,-5
-7,-32,-2,-14,-3,-11,4,-14,2,-21,9,-18
8,-29,8,-26,-9,-13,4,-22,-6,-8,-3,-14
3,-28,-10,-30,15,-24,-9,-4,3,-26,-9,1
6,-10,-11,-8,14,-3,8,-12,2,-12,-2,-18
1,7,3,-2,1,-6,-6,1,0,-28,1,3
5,7,8,-16,-10,-15,-7,-16,2,-25,4,-19
14,-10,-6,5,0,-7,3,-23,4,-23,-10,-8
2,9,-8,-25,2,11,-11,-20,2,4,1,8
-7,7,12,-2,-11,-11,-5,-24,-1,-16,-2,3
5,8,8,6,-9,-7,9,5,1,11,0,-18
9,-22,-3,7,14,0,-6,-2,3,4,7,5
-3,-3,-5,7,-8,15,0,5,6,-11,6,1
-1,-1,11,13,2,-16,-9,-2,-4,-8,7,-3
-1,12,-3,4,-10,-14,-6,14,15,-3,-4,-7
15,8,13,15,4,-16,-5,-8,0,-4,3,6
11,8,5,-3,0,-16,-1,0,1,9,15,14
1,12,0,-7,15,-4,-9,14,14,11,6,3
11,16,2,-8,-2,19,2,2,6,-1,11,20
10,21,0,2,10,-9,12,-8,-6,4,2,0
13,-9,4,-11,3,7,12,-8,12,-9,5,-11
-10,9,-8,21,4,5,-10,5,2,15,8,-7
12,-11,3,11,3,11,-11,21,7,0,12,1
2,12,-2,17,15,-7,7,26,1,25,11,1
-1,20,5,22,15,1,3,-4,-10,10,-1,-5
-5,4,-5,4,4,-7,-6,27,4,19,-6,-7
-1,13,3,13,-11,13,5,4,3,23,-2,-5
10,12,-9,-1,5,-1,-3,-2,1,4,-4,13
14,14,-8,19,5,4,10,1,9,21,0,-4
12,26,-9,13,-3,28,6,14,11,10,-5,-4
8,20,8,27,-2,-2,-5,31,-5,10,8,19
13,4,2,13,0,7,-3,10,-9,6,0,5
-4,1,1,1,3,10,11,21,9,10,-2,13
0,6,9,4,9,36,-2,23,4,10,-5,30
4,-13,-6,-10,3,-9,5,-5,-9,-35,-4,-13
14,-5,-8,-21,15,-1,10,-32,-7,-3,7,-26
8,-29,2,-24,3,-4,-1,1,-4,-26,1,-34
5,-31,16,-17,8,-1,-2,-31,8,-18,-7,-9
1,2,-1,-8,-8,-17,-5,-10,4,-25,8,-14
15,-30,6,-23,-9,-18,1,-31,2,-29,-1,-6
-5,2,15,-18,13,3,1,-16,-6,0,-2,-23
1,-7,0,-4,-10,-14,-3,-14,-6,-14,6,-18
-8,2,11,-24,5,4,16,-3,-5,-18,5,-9
-10,-11,-3,-1,14,8,2,-23,-9,-19,8,3
6,-4,8,-14,5,-22,-7,10,-3,-5,5,-11
10,-15,5,-15,-1,-25,-5,9,-6,-4,4,-25
4,-6,-9,8,-3,-22,4,3,15,-2,-9,4
-6,-11,-1,5,13,1,3,-22,4,-22,-1,-2
-4,2,3,-12,12,-15,12,-3,-2,-17,-2,-12
4,-8,-1,-4,-7,4,10,12,4,-11,15,12
15,-3,-1,14,9,-3,16,4,2,7,0,-1
16,1,6,-9,16,-11,10,17,-5,6,-7,0
-9,0,5,-9,7,-6,-1,-6,13,-12,-9,-4
0,15,3,-13,13,11,13,7,5,-6,1,2
9,15,6,17,1,5,-4,-4,10,16,-1,-16
7,1,11,-14,12,21,-8,-11,-1,15,12,-12
0,-13,7,7,-2,15,0,-14,1,-13,8,21
-4,6,16,-8,6,-11,4,6,4,8,5,8
-8,-5,-9,-11,13,0,-1,13,16,22,5,-6
-9,-2,-5,15,-5,11,-6,-7,8,18,-5,19
-6,13,8,-10,-10,7,-2,23,-1,19,11,16
-8,18,8,15,4,27,2,13,9,4,3,-9
-3,-1,-5,3,-4,5,-2,20,6,18,1,15
-4,26,-4,12,6,7,6,-4,8,13,5,23
11,27,-10,13,-1,30,9,20,-4,26,15,-3
9,21,12,26,16,20,1,23,3,3,-9,24
-6,13,4,15,8,20,-2,31,9,28,-3,17
11,-1,8,26,0,5,0,27,-6,-3,14,5
-5,5,0,5,15,18,13,34,1,11,4,21
-6,6,-6,15,16,32,9,32,11,2,-4,10
7,4,-10,12,7,35,5,13,2,32,4,33
4,-17,15,-9,2,-9,3,-33,6,-16,-5,-9
13,-15,7,-3,-8,-1,4,-5,10,-5,11,-9
13,-11,11,-24,-6,-29,-2,-22,-7,-20,-7,-6
3,-24,-3,-1,15,-29,4,-20,17,2,9,-29
16,-27,8,-9,-8,-2,-3,-14,12,1,4,-20
-8,-9,-4,4,-7,4,10,5,6,2,-5,-9
5,6,-1,-24,13,-26,-5,4,11,-21,-4,-21
-1,-6,8,-10,8,1,-1,-13,6,-7,8,-28
6,-22,-5,6,-9,5,16,-7,-6,-2,17,-27
-6,-13,12,-6,-2,-1,11,-26,-2,-5,8,-10
4,-22,-2,-24,11,8,-2,0,16,5,17,7
5,-3,-6,3,7,-9,-2,-18,5,0,-3,-12
-4,-4,9,-7,13,-4,12,-21,4,10,3,-1
-8,1,0,13,-7,-23,3,-18,-3,7,-9,-2
-9,6,1,14,-8,-16,13,-11,7,-1,5,-3
15,8,1,12,-3,3,9,11,15,-11,-3,-2
12,-8,15,-11,12,5,-9,6,4,1,17,1
15,3,6,14,10,17,14,-17,11,-3,5,-5
17,-2,3,-2,9,3,17,-8,17,-7,16,17
6,4,14,-15,17,12,-6,9,9,6,5,-8
0,-8,14,7,14,15,11,3,-4,-10,7,-10
8,-9,7,-6,2,5,16,3,9,12,6,-4
2,19,6,18,0,17,-7,-14,0,14,-4,11
-9,17,-7,0,5,16,5,-4,9,4,8,-1
-9,21,8,5,-2,-1,1,2,-9,-3,2,13
-8,1,-8,25,-3,-11,1,-6,-6,25,-1,25
1,1,17,-3,15,4,-3,21,15,11,13,-6
9,8,4,20,-3,8,0,-7,2,13,12,26
13,4,-5,9,15,24,3,-8,-7,7,7,26
9,26,-6,7,14,16,17,-5,17,1,-5,-7
14,4,4,-3,3,20,1,17,7,7,3,3
5,7,4,18,-1,12,7,28,0,11,-8,14
-7,0,16,20,6,16,-4,24,-5,28,5,13
-8,22,-6,31,6,23,2,16,6,33,4,14
-8,33,-8,3,13,0,13,5,9,10,4,8
6,35,-9,21,12,16,2,31,13,19,16,3
-6,4,-4,27,7,29,13,18,10,17,-8,1
9,-12,-5,-35,-2,-29,5,-25,3,-11,-8,-29
10,-15,6,-26,13,-6,-5,-19,17,-24,-3,-13
14,-10,18,-7,-2,-3,-5,-4,17,-22,-5,2
-6,-15,15,-3,11,-14,-7,-30,0,-27,10,-9
1,-28,11,-7,-1,-14,1,-31,1,-14,11,-32
10,-27,10,5,-3,-21,18,-1,15,5,8,-10
5,-12,17,-7,3,0,-3,-19,-1,-21,6,-24
1,-28,4,-4,15,-28,-6,6,7,-24,-8,-1
-1,-2,1,-13,-3,-2,12,-20,15,-13,7,-8
12,-25,15,-8,-7,-2,-5,8,7,-4,1,-15
-3,2,-2,-11,-8,-22,9,-22,16,-9,16,-14
-2,-25,11,-13,-3,5,13,-16,-4,6,0,-22
-5,-19,1,-13,0,-10,11,-17,12,-1,7,-14
-5,-2,17,-19,-2,-12,18,6,13,-12,1,-20
-6,2,10,-19,-4,-19,-2,3,-6,-13,-3,4
7,-9,9,-12,-2,-6,-2,-14,-2,-5,5,3
-4,-11,6,-7,-3,1,2,-14,-5,2,18,-9
11,-13,17,6,9,0,3,-2,4,-16,6,-7
9,-9,7,10,12,-18,10,8,10,18,11,8
-1,19,16,-12,18,-1,18,18,13,-11,-3,-2
-6,20,-2,-14,9,-15,14,5,7,-10,12,-8
7,20,9,12,11,-13,11,-11,-7,20,5,21
-1,8,-2,2,5,4,18,4,11,0,-7,10
-4,-2,2,1,7,20,14,2,12,7,5,9
1,-2,-2,14,17,13,-3,-2,0,6,1,24
-5,25,-3,18,12,-2,2,15,-6,-4,-6,25
-7,-4,18,26,-6,22,4,4,12,8,-3,13
7,18,-7,4,17,23,2,-8,8,11,-5,-5
-8,-3,7,23,9,12,-1,6,7,0,-6,26
-7,0,11,8,-2,2,15,-6,16,24,-5,-7
12,0,17,25,-8,24,-7,14,-3,20,7,8
2,30,7,25,-1,22,-5,10,-6,0,-7,21
7,7,1,25,14,14,-6,29,13,24,-2,-1
-3,21,-7,27,8,8,-1,26,17,22,-7,31
-5,5,8,28,4,10,13,25,3,21,15,30
-8,2,9,-1,6,33,-7,1,4,16,-6,8
6,1,4,33,-3,31,-2,36,7,29,11,9
9,-20,15,-29,0,-33,6,-31,-4,-9,-3,-27
2,-1,0,-16,18,-12,17,-16,13,-34,8,-4
3,-1,11,-3,9,-11,6,-27,-6,-30,5,-8
15,-7,0,-19,7,-31,1,-11,3,-24,-1,-7
4,-31,12,1,5,-21,7,-25,14,-2,-4,-5
17,-15,0,-18,18,-28,1,-16,16,-28,-3,1
6,-13,1,-20,17,-12,-3,-25,4,-20,12,-27
5,-22,2,-23,18,-15,-1,-14,0,-19,6,6
3,0,-5,-28,18,7,-4,-5,4,-17,0,1
8,2,13,-24,18,3,0,-11,-2,0,3,3
13,-23,1,-25,5,-22,18,9,2,-17,-1,-10
-2,8,15,-17,7,1,-5,-18,15,9,6,-19
-6,6,4,-18,5,12,12,4,-6,-22,1,5
10,9,6,-1,18,-8,1,0,9,-4,3,-2
-3,3,5,-11,-6,-19,3,9,-1,-4,16,-2
-2,0,-2,-15,18,-15,12,8,-3,5,5,-15
-5,-5,12,-20,-6,15,4,-10,8,15,9,-4
18,-12,10,-15,18,-8,18,-8,-5,9,-4,-11
0,14,15,5,0,10,8,9,14,14,2,-17
1,18,-6,-15,18,2,11,-8,0,17,18,11
11,-16,19,16,1,8,6,9,-5,-5,-3,5
3,-8,18,-4,1,-5,2,-12,2,5,-2,-7
1,12,1,19,2,-10,-4,17,0,16,9,19
-2,22,2,-9,13,-8,2,-8,11,9,7,13
-1,-2,18,7,-6,8,-1,1,5,-5,15,13
2,-4,9,11,1,-5,-5,3,0,-9,3,13
-7,0,18,10,-5,11,-3,14,-5,25,6,24
9,0,5,-4,5,11,7,20,3,8,4,0
-1,-1,3,-3,19,10,12,13,11,2,10,-5
13,4,9,21,2,6,2,13,11,9,-6,5
6,27,9,12,4,9,10,1,14,8,2,13
-5,8,7,13,5,3,9,17,-3,6,13,8
7,1,8,7,19,32,8,30,6,24,-3,2
-7,22,12,16,-5,20,19,16,15,28,-1,17
3,7,3,-2,7,8,13,7,-4,1,7,32
7,3,7,5,-5,7,15,26,10,35,17,25
-2,2,11,34,16,2,3,29,-1,6,13,18
11,-3,17,-9,16,-7,2,-33,13,-10,-3,-27
13,-31,13,-14,15,-8,15,-13,2,-8,-3,-30
18,-3,3,-32,20,-10,16,-4,20,-7,2,0
6,-4,19,-1,7,0,7,-19,10,-30,-1,-31
16,-11,9,-3,16,-29,-2,-15,-3,-13,4,-12
-2,-13,-6,-1,20,-1,-4,1,15,4,19,-24
10,-6,18,-27,18,-3,-6,5,9,0,4,-22
-2,0,18,2,10,-19,18,0,11,-18,-1,-17
0,0,5,7,18,-28,-4,-8,4,0,13,-9
-3,6,13,1,17,-13,5,-26,9,4,10,-8
-5,7,19,-4,14,-22,1,6,4,10,9,10
2,-4,10,-12,0,-23,15,-7,7,-20,16,-2
2,-22,3,-24,5,-19,-5,-11,9,2,-2,11
9,-6,18,-15,4,-2,1,-13,0,-18,20,-9
0,1,-3,-6,-2,-16,9,7,2,7,10,-18
-2,0,1,11,2,2,-4,4,0,-11,14,-9
11,-20,5,0,6,-15,10,12,11,-15,2,-15
6,-18,4,-6,20,-8,20,-4,6,-3,2,-3
1,16,6,-15,11,-8,17,-3,-2,-17,9,14
-1,12,18,-6,15,-9,2,8,18,3,13,4
13,16,1,-9,7,-10,3,15,-5,-13,17,13
-1,-5,-6,9,-2,14,-5,-4,14,10,-1,12
0,16,3,-5,2,-6,7,4,18,-14,8,-9
0,-10,12,20,14,14,13,2,-3,-3,-2,-2
-3,-2,4,-1,-6,16,12,-12,4,9,6,6
-2,25,-3,-6,-1,-4,4,9,3,-1,3,-3
3,2,11,26,-4,1,6,2,2,16,6,4
11,22,15,17,-6,-9,6,-8,18,10,13,-8
19,14,13,-7,-5,28,4,0,4,26,3,23
7,23,19,-6,11,7,15,25,4,11,20,13
15,14,10,6,4,-2,-6,12,10,25,3,24
4,3,20,13,5,17,18,27,9,14,17,-2
-4,21,18,10,1,20,-1,1,15,25,17,27
10,1,-3,28,-1,6,1,-1,-4,13,15,13
2,20,1,18,7,26,-5,7,0,7,19,10
2,0,3,34,10,18,2,7,-3,14,2,10
10,1,9,17,10,7,17,11,19,17,-3,10
1,-25,-3,-25,16,-14,-5,-24,3,-29,12,-9
8,0,19,-25,5,-22,4,-19,-5,-31,12,0
7,-24,17,-25,10,-27,-4,-20,-5,-8,21,-27
8,-13,15,-32,3,-32,18,-33,7,-4,18,-29
-1,0,12,1,0,-32,-1,-22,3,-7,4,-15
7,-14,8,-23,-3,-28,-2,-4,3,-1,-5,-23
14,6,1,-21,4,-21,19,-7,14,-2,20,0
7,-17,6,-15,12,-6,-5,-15,20,-27,1,-11
-2,2,6,-25,1,-1,8,-8,0,-19,0,-25
7,-21,1,-6,-2,-23,10,-16,0,-20,-5,-22
3,-16,-2,6,3,-14,19,-4,10,-8,6,-5
-1,-12,0,5,14,-14,11,9,-3,-21,2,10
-4,4,12,1,16,-11,1,5,13,-20,11,-19
-3,8,-5,3,1,7,-2,-3,-4,-9,9,-12
1,-1,-5,-2,3,3,6,-4,4,-18,-3,-16
-4,13,-4,-12,10,4,-2,12,-2,14,0,-11
17,-20,7,-19,5,-4,-3,11,-2,-14,10,-8
18,-17,13,-10,-1,13,10,-18,9,9,7,-17
1,7,3,-18,-2,-6,-4,10,-3,15,10,-15
7,-13,21,-16,-3,5,2,-11,0,-9,14,-2
-4,-2,5,-6,1,0,0,-7,16,8,-2,16
-2,-3,0,19,19,14,-4,-7,19,7,3,-1
-5,7,10,8,-2,16,2,11,3,-11,16,19
10,21,0,-3,-2,-2,5,3,-2,5,7,-3
-4,11,21,22,-3,19,20,-3,2,-5,2,14
13,-9,0,-6,12,-2,20,-3,-5,13,-3,14
11,0,9,24,-3,20,1,17,7,14,9,6
6,22,-4,24,17,16,20,15,8,1,-1,-5
2,7,9,28,7,-7,15,7,16,-7,-1,-3
7,-7,7,17,11,-3,16,19,21,2,2,27
19,22,-5,-1,18,15,21,2,20,0,-5,19
12,23,3,8,17,-5,18,7,0,15,-5,25
-1,23,17,0,3,0,-1,11,21,26,4,2
12,27,4,29,6,23,20,-2,1,26,15,20
-1,33,18,9,19,0,0,1,16,20,18,3
3,5,18,17,17,22,9,11,7,7,19,-1
-3,1,-2,8,16,9,0,4,-4,23,-2,2
-2,-1,18,-18,13,-28,13,-31,16,-29,14,-13
2,-19,15,-9,1,-31,0,-4,17,-15,6,-4
1,-12,6,-13,19,-27,1,-13,16,-12,5,-10
10,-7,17,-8,6,-28,18,-4,2,-31,12,-24
5,-3,9,-6,3,-22,15,-7,-2,-10,5,-19
-4,-4,0,-30,-1,-29,11,5,1,-12,-3,2
15,3,11,-24,0,-19,4,-19,13,-12,10,-23
-2,-1,1,-6,-1,-8,12,-10,3,-4,10,-14
11,-20,5,-16,-1,-13,7,-22,3,8,0,0
-1,1,4,-12,13,7,15,3,-1,-25,15,6
13,-24,5,-6,18,6,15,-21,-1,3,-3,-24
-3,-9,18,-5,6,-15,0,3,4,-16,7,-3
0,-20,18,-10,13,-2,13,-5,11,-7,0,-22
3,-14,0,-19,17,-9,19,0,2,-12,8,-11
0,0,20,1,0,-9,0,10,2,9,4,-16
-4,-7,5,4,1,-20,12,-14,0,-14,-2,14
16,-16,12,1,15,13,7,-13,-1,-9,0,-6
-3,12,11,-5,5,6,-3,4,19,-6,11,-14
5,2,4,-7,16,13,0,4,3,0,5,10
4,-8,-2,14,20,14,3,-16,16,16,0,-4
-4,6,2,-15,-2,3,9,-13,8,3,3,-15
4,-7,8,19,19,-2,14,-9,11,-6,-2,-4
-2,-2,-2,-6,3,3,-1,18,1,-10,1,15
3,12,20,11,15,18,2,-10,13,16,1,20
2,23,13,-4,8,3,17,8,2,0,3,4
0,-3,-3,0,11,24,3,-8,-3,25,3,-3
10,-7,0,10,12,2,22,-5,7,23,1,-10
22,21,6,9,12,26,1,-1,-3,11,-1,13
1,10,10,27,1,8,1,-7,-1,-4,16,7
17,25,-4,26,6,4,5,14,-2,27,15,9
5,26,1,-5,3,-5,7,3,8,5,-2,18
18,29,10,10,7,-5,7,29,5,12,19,-4
0,1,-1,22,0,18,2,29,16,9,0,12
-3,5,-2,16,1,21,8,24,6,22,2,9
-4,7,14,20,6,22,19,32,13,2,1,16
1,5,19,14,11,21,-2,15,8,13,12,7
12,36,4,26,7,36,21,20,19,25,8,27
11,-2,18,-29,-1,-16,21,-18,15,-28,16,-11
2,-5,-1,-28,8,-24,1,-32,20,-26,19,-20
10,-24,-2,-17,11,-28,14,1,2,0,7,-2
15,-21,10,-17,7,-24,19,-33,19,2,14,-26
18,-22,23,-12,2,-7,3,-6,-1,-5,10,-23
17,-1,23,-14,4,5,1,-4,-1,1,19,-31
13,-19,20,-20,6,-8,-1,-15,1,-25,15,-27
0,0,12,-4,-2,2,14,-4,0,-24,13,-28
2,-19,13,-22,5,0,8,-13,16,-28,8,-16
-1,-6,17,-9,1,-26,9,5,-3,-2,15,-18
0,-3,4,10,14,-5,19,7,3,-5,2,-19
3,-3,18,-13,11,-24,14,2,2,-14,21,-1
2,-12,-3,-15,15,-23,6,-9,16,-15,16,7
0,2,3,4,16,-17,7,11,0,0,3,2
10,-10,23,-3,7,-10,-2,-12,-1,-19,-3,-18
15,-18,20,-1,0,-21,14,-20,17,8,23,-21
16,10,6,-1,21,1,1,-13,17,8,12,7
10,17,8,-18,11,-5,20,-6,22,-6,10,-14
12,-5,5,12,16,-11,1,15,3,-4,2,2
1,13,23,4,0,11,11,7,16,-1,10,-15
-3,-5,5,-9,20,9,22,-13,13,-10,7,-11
1,1,16,1,7,13,21,0,11,16,1,21
0,8,23,-1,18,-7,14,22,20,6,0,-7
1,20,-3,-11,3,16,20,-5,20,21,15,9
2,-1,10,-7,8,-8,16,11,15,1,-3,-10
0,16,4,0,5,9,-1,-1,-1,14,17,13
16,6,10,-1,1,9,22,20,21,-7,10,16
22,0,15,23,21,24,10,22,6,25,22,2
9,11,10,23,-1,1,17,24,8,-2,9,-1
-3,13,12,1,16,5,-2,15,-2,18,7,-1
10,18,-1,10,20,13,8,5,15,27,20,20
17,15,20,-2,1,15,23,23,15,20,6,11
12,28,2,8,15,11,9,12,5,-2,7,29
12,7,17,-1,5,8,2,28,3,24,17,7
-2,2,2,6,-2,27,3,28,16,17,-3,27
7,4,2,23,3,35,10,11,17,4,4,35
0,2,1,21,3,4,8,22,-3,10,4,15
1,-27,8,-13,4,-13,5,-8,12,-14,9,-26
1,0,3,-13,1,-27,2,-26,0,-34,19,-24
1,-18,17,-11,7,-10,17,-18,21,-5,15,-30
6,-4,24,-24,9,-30,16,-12,10,-8,12,-6
9,-5,19,-24,15,-21,0,-11,1,-31,22,-7
15,3,21,-2,3,-12,9,-19,23,-28,-1,-4
-2,-1,3,-12,4,-9,-2,-15,17,-1,0,-27
9,-18,0,-8,1,-2,0,-17,8,-10,4,-20
7,-7,4,-28,17,-6,11,-20,8,-5,5,-21
17,-26,6,9,4,-17,5,8,20,3,-2,-17
0,-4,19,-20,3,-3,17,1,5,-20,4,-24
3,11,3,3,19,-13,3,11,-2,-14,3,6
3,-8,14,2,-1,-14,0,3,20,-9,19,6
4,13,18,-1,-2,-7,18,-16,1,-2,19,8
6,-11,23,-5,20,-5,4,6,5,1,24,10
5,-11,2,3,22,-2,3,-21,17,-14,-2,-10
4,11,24,-14,18,8,5,10,-1,-2,17,-18
6,13,3,1,7,-7,24,1,19,-19,17,15
8,3,2,-6,1,-5,-2,13,18,-12,4,16
14,0,12,-17,2,17,-1,14,2,19,18,4
12,19,22,18,8,7,3,-9,9,-4,1,5
4,-6,4,-10,4,7,16,12,7,7,1,11
3,-6,14,22,5,9,6,18,21,3,17,9
8,-1,-1,-5,4,-5,2,-11,14,19,24,23
14,-9,7,14,11,-4,1,-3,1,21,4,23
0,23,-1,24,12,24,14,25,6,10,-1,-2
15,16,21,-6,20,17,3,17,15,-9,14,21
10,-6,10,9,19,26,6,11,23,19,5,11
9,12,4,16,2,16,-2,17,0,11,5,10
10,13,1,22,-1,15,23,5,4,15,0,15
23,19,4,16,15,27,13,1,0,12,6,27
16,20,1,12,0,31,22,15,6,-5,2,-2
0,1,1,17,6,-4,4,31,7,7,5,28
11,2,9,33,21,14,6,7,8,21,23,14
-2,33,20,19,17,6,-2,8,4,24,16,19
13,0,9,11,10,6,22,13,-2,19,13,12
4,1,17,24,3,34,11,0,11,33,6,19
-1,-30,5,-6,3,-19,0,-9,-1,-30,6,-26
0,-24,22,-30,18,-12,13,-31,20,-31,3,-28
3,-8,-1,1,9,-8,0,-4,3,-1,4,2
20,-29,10,-14,25,-13,-1,-12,23,-26,22,-27
15,-5,5,-18,-1,-26,12,-6,15,-25,4,-19
24,-27,22,1,24,-18,4,-17,2,-7,-1,-19
8,-5,20,-21,7,0,8,6,22,-23,10,2
14,-25,16,2,22,-29,2,-16,-1,-28,-1,-26
25,-25,12,-9,13,-25,21,-25,14,-16,11,-8
11,-16,24,7,11,-11,22,0,19,-15,5,-13
5,8,5,8,6,3,2,-22,8,-1,1,-24
4,0,5,-15,24,-7,12,7,11,11,1,-17
10,-12,3,1,25,-10,0,10,13,-8,1,-3
9,-10,18,8,0,3,0,-23,13,11,14,-1
9,3,25,2,23,-15,21,-9,14,-7,4,-6
6,6,20,-1,12,-18,5,0,4,-5,5,-13
14,11,24,7,23,4,21,-19,10,-17,18,4
4,-19,2,-13,20,17,-1,-12,7,0,15,13
2,-12,18,-10,15,-15,7,-17,21,18,0,5
0,19,-1,17,21,18,2,8,10,4,1,9
5,-8,19,20,10,-3,21,18,-1,18,23,-2
7,-8,10,6,14,-3,15,12,-1,-10,5,7
0,18,13,15,20,-3,22,5,-1,7,10,13
2,13,20,5,8,13,3,-7,22,-8,0,-2
12,-1,1,0,5,2,8,5,7,-1,23,16
6,-3,3,24,4,18,6,0,-1,-8,6,14
9,13,13,0,6,4,6,11,24,22,15,8
25,0,10,25,7,17,2,2,10,-1,8,-4
-1,9,-1,24,21,23,5,-6,5,9,3,15
24,17,1,-6,19,6,14,-1,12,11,2,16
25,21,18,-3,3,25,15,8,0,26,20,22
10,18,9,25,22,0,-1,8,18,10,1,8
6,2,-1,4,4,1,17,26,25,13,16,25
0,2,1,25,18,10,8,25,12,28,13,29
-1,5,11,30,8,6,11,29,9,20,5,5
-1,35,-1,24,17,1,18,7,3,24,5,23
1,2,3,10,-1,10,2,14,0,26,19,11
14,-25,22,-8,17,-20,11,-33,9,-28,16,-19
2,-32,8,-26,0,-23,0,-19,4,-31,16,-13
7,-4,12,-14,2,-22,3,0,17,-9,5,-10
20,-1,22,-21,12,-24,5,-7,21,3,25,-31
15,-13,25,-22,3,-25,7,4,10,-6,17,-1
14,0,15,-26,0,-5,4,4,8,3,8,-8
3,-30,24,-1,7,-23,15,-13,11,-28,22,-25
2,-19,1,-13,11,-17,12,-16,13,-28,25,-14
0,-13,19,-11,24,-8,0,-6,2,-26,17,2
20,-26,21,-17,1,-4,0,-16,14,-24,3,7
6,0,23,-10,8,-17,24,10,10,7,6,3
18,4,15,-5,13,-2,11,-20,20,-11,0,-19
13,-22,1,-5,7,-24,23,-7,16,-19,1,-18
4,-8,21,13,7,11,15,1,24,-8,1,-20
6,-18,8,3,6,-10,2,-3,6,-22,4,-4
5,5,17,-20,11,-11,0,-21,3,-4,3,-5
3,12,9,2,24,-5,25,-20,9,-13,2,-4
6,8,22,-13,4,-5,4,2,10,-16,10,4
5,-15,2,-16,15,18,1,-17,26,-11,5,-13
2,9,10,12,15,-8,4,8,19,-7,0,9
14,-10,2,16,13,5,12,10,0,6,10,12
14,2,1,-12,9,-5,20,-10,11,21,4,9
3,-3,7,8,0,-11,15,2,2,7,2,5
9,-8,10,-12,8,14,0,20,0,-11,5,22
4,22,5,24,4,11,17,5,9,20,6,9
10,-1,4,-4,8,25,14,9,0,6,8,7
3,-7,0,-6,3,24,4,-9,4,-1,0,12
26,9,15,15,8,25,21,15,0,22,22,24
12,7,3,-4,18,2,3,16,6,-7,10,-8
20,9,3,5,12,25,1,0,14,8,0,2
7,12,0,1,25,27,7,11,0,8,7,7
7,30,0,8,15,-5,4,3,18,21,18,-5
6,1,0,-3,10,3,2,19,16,-3,7,26
13,-3,2,3,4,22,22,21,17,18,0,33
24,-2,2,33,1,26,0,6,6,33,4,27
6,1,24,19,0,4,0,2,2,11,0,31
1,2,3,30,1,27,7,8,24,34,20,25
