-6,-22,-24,-11,-25,-25,-23,-30,-25,-37,-11,-21
-16,-14,-18,-24,-19,-25,-24,-1,0,-27,-20,-35
-3,-18,-12,-32,-4,-6,-1,-6,-25,-6,-14,-8
-16,-31,-5,-3,-3,-13,0,3,-17,-16,-9,-24
-15,-27,-16,-16,0,4,-6,-26,-24,-7,-23,-1
-17,-29,-4,-10,-24,-3,-15,-1,0,3,-25,-28
-22,-25,-11,-16,-13,-6,-13,-22,-25,3,-19,3
-15,-27,-1,6,-18,-22,-15,-13,-7,-18,-19,-9
-20,6,-25,-24,-8,-7,-22,0,-7,-20,-4,-10
-20,9,-11,0,-15,-21,-10,-10,-9,6,-2,9
-11,7,-17,-2,-18,-9,-11,-8,0,4,-21,-20
-14,9,-12,-19,-16,-16,-7,-8,-16,2,0,10
-22,11,-5,8,-23,1,-18,-21,0,12,0,8
-7,1,-4,-8,-25,-11,-25,3,-15,-22,0,13
-12,11,-5,-6,-5,-13,-24,11,0,7,-4,-18
-15,13,-1,12,-11,2,-15,-9,0,12,0,8
-7,-11,-6,12,-9,-3,-7,-7,0,12,0,8
-8,-10,-3,1,-25,4,-13,-17,-7,-14,0,4
-17,14,-13,17,-14,17,-10,-6,-10,-15,0,8
-18,15,-21,-13,-9,-19,0,18,-11,-17,-22,19
-18,8,0,7,-16,-18,-25,-16,-7,-14,0,14
-6,-7,-5,14,-23,14,-3,3,-17,-3,-1,8
-5,3,-1,15,-16,-8,-21,12,0,17,0,-6
-9,-6,-1,13,-11,21,-22,-2,0,15,-24,23
-13,-9,-1,13,-16,-12,-18,-4,0,15,0,15
-8,-4,-1,6,-16,13,-21,-6,-25,23,-22,-11
-17,14,-6,19,-24,0,-17,-11,0,10,-23,26
-12,-1,-6,17,-13,5,-9,3,0,17,0,-10
-19,28,-1,8,-22,3,-21,1,-18,27,-1,24
-19,28,-25,-2,-9,-8,-3,2,-16,16,-23,-9
-15,-3,-2,3,-23,3,-17,-1,-21,16,-11,25
-9,29,-2,-1,-23,3,-12,14,-7,5,0,16
-12,6,-1,9,-14,32,-20,21,-14,19,-24,-4
-11,0,-6,5,-11,15,-11,33,0,8,-22,30
-5,19,-1,8,-8,33,-20,0,-23,33,0,15
-3,17,-4,12,-15,6,-21,5,-3,-1,0,15
-9,36,-4,2,-16,20,-20,31,0,7,-1,27
-13,12,-4,13,-14,20,-13,16,0,26,-3,26
-6,6,-8,8,-15,6,-3,21,-15,31,-3,16
-14,-23,1,-7,1,-1,-14,-18,1,-1,-3,-1
-13,-34,-9,-35,-16,-1,1,-22,-14,-9,-19,-13
0,-30,1,-7,-6,-32,-14,-20,-14,0,-13,-11
1,-10,-5,-29,-15,-25,-13,-4,-17,-2,-3,-8
-1,-15,-6,-19,-9,-22,-17,-25,-17,-7,1,-7
-2,-18,-8,-25,-16,2,-8,-9,-19,-31,0,-11
0,1,0,-22,1,4,0,-6,-3,-23,-6,1
-1,-1,1,-3,1,4,1,5,1,-5,-23,-31
-5,-4,-3,-23,1,4,1,5,1,-23,0,-15
-4,6,1,-5,1,-22,0,-6,1,-4,-6,-19
-3,5,-6,10,1,5,1,6,1,-4,1,-6
-3,3,-6,7,0,11,1,6,1,-21,0,-17
0,0,1,-4,1,6,1,6,1,-3,1,-9
1,9,1,2,0,12,1,6,1,-20,1,-4
-4,8,1,-5,0,10,0,-8,0,12,-1,8
0,12,-3,-23,0,10,1,7,0,8,1,-11
-1,14,1,-8,1,9,0,-8,0,8,-6,-13
-1,2,-4,16,0,11,1,8,0,8,-20,-4
-6,-12,-4,13,1,9,0,-14,0,7,-18,-17
-2,6,1,-2,1,9,1,9,-4,-17,1,-11
-6,14,1,-6,-22,2,0,-16,1,3,1,2
-1,-3,-6,15,0,13,1,10,0,7,-10,-2
0,21,-4,14,1,11,1,10,-5,-5,-20,3
-3,8,-6,15,0,14,1,10,1,5,-20,8
0,3,-6,14,1,12,1,9,1,5,-1,13
0,-4,-18,25,1,12,1,9,1,5,-24,16
-4,17,-4,13,0,13,1,9,1,5,-1,13
-2,17,1,0,0,13,1,9,1,5,1,5
-5,18,1,-3,0,13,1,9,1,5,1,5
-6,22,1,-5,1,15,1,9,1,5,1,-2
-3,26,1,-8,0,13,1,9,1,4,1,5
1,24,0,31,0,13,1,9,1,4,0,30
0,7,1,10,0,13,1,8,1,2,-24,-3
1,32,-1,32,0,11,1,8,1,-1,0,31
-11,26,0,32,1,19,1,8,0,18,1,7
-6,26,0,26,0,12,0,-2,0,16,0,32
-8,31,-2,0,-6,3,1,9,1,0,1,3
-1,16,0,25,-6,5,1,8,1,0,1,3
-11,32,-6,8,1,22,0,0,-5,8,-19,6
-10,-20,-2,-6,-20,-2,-1,-16,-13,-3,-22,-7
-6,-37,-13,-21,-23,-33,2,-27,-23,-35,-9,-23
-3,-3,1,-13,1,-22,2,-28,2,-36,0,-1
2,-22,2,-33,1,-23,2,-28,1,-23,2,-33
-13,-28,-22,-25,-10,-18,2,-28,-14,4,-6,-1
-2,-1,2,5,1,-22,2,-28,1,5,1,-2
-5,3,-1,1,2,-11,0,6,1,5,0,-10
-7,1,2,-22,2,-11,2,-27,1,-21,-17,-17
-4,-1,-3,-13,2,-11,2,-27,1,5,1,-2
1,5,1,-8,1,-19,2,-27,1,5,0,-11
-1,9,-23,3,2,-10,2,-28,1,5,-1,8
2,-1,-2,-1,1,-19,1,11,1,-18,1,6
2,-8,-22,9,-19,-11,-8,-2,-17,-21,0,7
-6,-19,1,-11,-18,-21,1,11,-7,9,1,-5
2,-18,-23,14,-17,-16,-5,-13,-15,5,-6,0
-5,11,1,-12,1,-16,0,6,1,9,1,-4
-5,16,1,-14,2,-5,1,13,1,6,-7,6
0,16,1,-14,1,-16,1,13,1,5,-23,7
-14,10,-2,15,0,18,1,13,1,5,-1,-10
-2,-7,-5,8,0,16,1,13,1,-11,1,13
-2,17,1,-13,2,-2,1,11,1,5,1,-1
1,-6,0,12,2,-3,1,11,1,-10,-6,13
-4,-9,1,9,2,-3,1,11,-5,9,-2,19
0,6,-3,1,2,-3,1,10,1,6,-23,21
1,-2,1,-12,0,20,1,10,1,6,-6,12
1,10,-18,22,2,-2,0,12,1,5,-22,-8
2,5,-3,3,2,-2,1,10,1,-10,-1,6
-10,20,0,24,0,20,1,10,1,6,1,19
-2,19,0,24,0,20,1,10,1,-10,1,17
-5,21,0,21,0,20,0,8,0,20,1,12
-5,20,0,18,0,20,1,11,1,8,1,10
-8,23,-2,-5,2,2,-6,13,1,8,-17,9
-2,9,-2,30,2,-1,-8,3,1,8,-15,13
-1,22,0,3,2,-1,1,13,0,23,1,11
0,7,-13,24,-20,22,-17,24,-12,-2,-3,33
-17,27,-23,14,-13,34,2,-2,-20,-3,-15,4
-4,2,-11,11,-7,18,-22,5,-6,1,0,9
-6,28,-3,28,2,1,1,16,1,12,-22,21
-6,4,-5,11,-2,21,-19,14,-19,27,-14,3
-3,-24,-21,-38,3,-23,-12,-32,2,-27,-5,-17
-13,-4,-19,-24,-14,1,2,-22,-13,-13,-17,-22
-2,-20,1,-15,1,-9,2,-23,2,-30,0,-10
-2,-9,1,-16,-4,-7,2,-23,2,-30,2,-22
-15,4,-7,4,-21,-6,2,-23,-6,-9,-21,-13
-4,3,1,-28,1,-7,2,-23,2,-32,2,-21
0,6,-1,5,3,-32,2,-23,1,6,2,-21
2,-4,3,-30,1,-6,2,-23,1,-6,-13,4
-2,6,-2,-16,2,6,2,-23,1,-8,2,-22
-2,5,-2,-16,2,6,2,-24,1,-14,-1,7
-1,3,0,-23,2,3,1,-19,1,9,2,-21
1,11,1,4,1,-3,2,-23,1,9,-1,-9
-14,-19,-21,-9,-19,-12,-10,5,-7,11,-13,-19
-22,-12,-14,-23,-4,-5,-9,-7,-15,-13,-21,-13
-18,14,-12,-13,-14,-2,-22,-17,0,-14,-2,12
-1,-6,-13,-17,-2,-5,1,-15,-13,-2,-2,12
2,-12,-2,-10,2,6,1,15,1,-9,-20,-21
3,-7,-2,-17,1,2,1,-16,1,14,2,-7
3,-1,0,-11,1,1,1,16,1,14,-1,1
2,-14,-2,-19,1,1,1,-17,1,14,-2,12
2,-2,-2,-11,1,1,1,17,1,14,2,-13
0,16,3,1,2,10,1,17,1,-7,-2,13
0,-3,-8,12,1,2,1,17,1,15,-2,12
2,6,1,3,2,11,1,-14,1,15,2,-14
-1,-7,0,-1,1,2,1,18,1,13,-2,13
-1,23,-2,25,1,2,1,18,1,13,-21,13
1,21,-2,-7,1,2,0,25,1,12,-2,6
2,18,1,3,1,2,1,19,1,12,1,25
2,18,1,3,1,-2,1,18,1,11,1,24
1,19,1,0,1,-3,1,18,1,11,1,21
0,22,1,-1,1,-3,1,18,1,11,1,21
3,2,2,23,1,-3,1,17,1,11,-21,30
1,1,2,18,0,31,1,17,1,11,1,9
-4,-1,-19,10,-8,17,-8,4,-18,20,-12,29
-1,16,-3,-4,-15,28,-20,33,-20,1,2,5
-6,31,-10,-2,-2,5,-14,10,-10,21,1,28
-7,22,-14,22,-8,21,-11,18,-18,20,0,1
-8,11,-6,13,-3,11,-10,14,-1,19,-6,24
-10,0,-19,31,-2,20,-18,4,-15,19,-16,13
-15,-24,-17,-9,-1,-38,-11,-33,-19,-20,-21,-28
-18,-34,-11,-18,-14,-2,2,-15,-16,-32,-18,-27
2,-27,-1,0,3,-14,1,-11,2,-20,-1,-12
4,-27,-1,0,3,-17,2,-14,2,-21,3,-29
-4,-6,-2,-15,-6,-7,2,-14,-5,-10,-7,-33
4,0,0,-28,3,-16,1,-19,2,-21,3,-31
0,5,1,-17,1,3,1,-20,2,-25,2,-19
4,5,3,-9,3,-18,2,-12,2,-22,-19,-25
4,2,-1,-3,1,0,2,-12,2,-24,3,-30
1,-3,-2,8,1,0,1,-26,2,-24,-1,-29
2,7,-2,8,3,-19,1,-27,2,-24,-19,-20
3,-13,1,-9,3,-21,2,-12,2,-25,2,-15
-15,3,-13,6,-3,4,-14,-18,-15,4,-7,0
-20,-12,-12,-1,-5,3,-2,-5,-6,0,-9,-25
-18,-14,-16,-10,-19,-15,-6,-4,-11,8,-3,-21
-3,14,3,-6,-3,8,1,-23,2,-22,2,14
2,-10,1,-3,3,-21,0,16,2,-14,-8,-9
2,6,3,-5,2,16,2,-7,2,-21,2,7
1,-14,-1,6,-8,-5,3,17,2,-17,-4,-19
-1,-5,1,4,4,-11,-19,13,-4,17,2,-10
-6,13,-2,15,2,18,0,18,1,10,2,-11
2,-2,-17,19,4,-11,0,17,1,21,2,6
2,-8,-1,-14,4,-15,2,-3,-3,-7,2,5
1,-10,-2,15,2,-15,-7,-4,1,11,2,-10
2,-1,1,15,3,-10,2,-2,-18,-7,-2,22
3,5,-18,25,1,15,2,-6,1,12,-10,22
4,26,-2,15,1,13,2,-6,1,25,-2,18
-2,19,-1,13,1,13,2,-7,1,25,2,-9
-4,21,-1,-9,2,23,2,-7,1,10,2,9
-4,21,-2,26,2,23,2,-9,1,26,2,8
2,24,-2,15,2,14,1,30,1,26,2,-7
1,27,-2,22,1,16,1,29,1,26,-19,30
1,11,-2,-5,1,8,1,29,1,26,-2,19
-18,0,-6,18,-17,19,-7,21,-11,14,-10,1
-17,-1,-15,-4,-6,16,-12,3,-18,7,-6,30
-21,-1,-8,25,-11,32,-17,15,-10,31,-1,20
-20,31,-9,32,-19,14,-19,7,-19,28,-5,28
-5,2,-18,1,-12,4,-9,7,-3,0,-3,25
4,0,-5,21,-5,15,-16,13,-19,13,-2,3
-1,-25,-10,-5,-3,-33,-11,-8,-19,-20,0,-28
-12,-6,-2,-19,-20,-16,2,-3,-6,-12,-12,-15
-2,-29,4,-27,2,-24,2,-3,2,-17,0,-28
-1,-4,-1,-19,2,-27,2,-3,2,-4,3,-19
-9,-30,-7,1,4,-34,2,-3,-17,-12,-4,-10
2,-1,2,1,3,-16,2,-4,-3,4,3,-19
2,-16,2,3,2,-28,2,-4,2,-2,3,-22
3,-5,4,-31,-2,1,1,2,2,-2,3,-23
3,-14,3,6,3,-18,2,-3,2,-3,-16,-20
5,0,-1,-3,1,8,1,2,2,-5,-1,-20
5,-1,-1,-24,1,7,2,-2,2,-11,0,-24
-6,2,-11,1,-14,-20,-2,-25,-4,-6,-4,0
-7,-2,-16,-23,-8,7,-11,-9,-10,7,-9,-7
0,-24,0,-4,1,-15,-11,-22,1,-14,-16,-5
-20,-24,-13,-8,-10,-20,-1,-6,-4,-5,-14,6
2,13,-2,14,1,11,2,1,2,0,3,-23
1,-6,-1,-7,1,11,2,1,2,-16,-2,8
-4,8,3,6,1,11,2,-2,2,-16,2,11
-5,13,-2,15,-9,-15,2,-2,2,-16,-2,9
0,-13,-1,-12,-5,-12,1,9,-4,17,-5,-14
3,-13,-1,-13,3,-9,1,9,2,0,-16,3
-9,13,-6,-2,-8,18,-8,3,-6,-3,1,-7
1,-10,-2,-6,-14,1,2,1,-7,2,-9,20
-4,-10,-2,-9,2,17,-14,2,-8,10,2,19
1,-5,1,-2,1,17,2,2,2,2,-6,-3
3,21,-20,-3,1,16,2,2,2,2,-8,-5
5,23,5,18,1,15,2,1,2,2,-7,25
-1,25,-2,18,1,15,2,-2,2,2,2,19
4,20,-20,27,1,15,2,-2,2,2,2,21
5,19,-2,-5,1,14,2,-2,2,0,2,20
4,24,-3,25,1,9,2,-2,1,30,2,17
-1,25,3,18,3,0,2,-2,2,1,2,21
1,32,-3,23,1,10,1,12,2,1,2,15
-11,2,-6,32,-17,26,-6,0,-10,8,-5,16
-20,16,-15,11,-5,13,-6,9,-11,4,4,-1
-18,8,1,16,-2,23,-16,-1,-17,6,-11,16
-12,8,-6,32,-6,19,-2,19,-18,8,-13,18
-5,0,-1,8,-10,19,-14,15,-9,-1,-15,34
-19,29,-19,21,-2,19,-3,22,-7,21,0,11
-3,-23,-9,-17,-17,-16,2,-22,-12,-13,-6,-22
-6,-28,-4,-23,-15,-35,3,-33,-4,-37,-6,-19
3,-29,-2,-32,2,-22,3,-34,3,-35,-14,1
4,-6,-17,-3,2,-22,2,2,2,-4,-6,-20
-8,-28,-2,-15,3,-18,2,1,-12,-17,-7,-5
5,-2,-17,1,3,-32,2,-1,2,4,-13,-12
0,5,-17,3,4,-29,2,-2,2,4,3,-12
1,-1,4,-7,4,-29,2,-17,2,4,-8,-1
1,7,4,-8,2,-22,2,-1,2,-1,-13,-1
6,-14,-17,9,2,-24,2,-3,2,-21,6,6
-1,-10,-9,-26,-12,-23,-4,-7,-4,-8,0,-6
-8,-18,-10,-1,-11,-27,-18,-23,-11,-15,3,-4
-4,-13,-7,-20,-19,2,-12,-25,-10,-14,-6,-20
5,-24,-13,9,-10,9,1,-5,-4,-24,-16,-24
4,-22,-11,-13,-8,9,0,-9,-8,-4,-18,-5
-15,6,-10,4,-8,0,-7,9,-2,-11,5,1
-5,10,-4,0,-16,11,-4,13,-13,-16,-17,-19
3,14,4,-4,4,-20,2,4,2,13,3,-4
2,-7,3,18,3,18,2,-7,2,13,3,-7
1,-4,-3,4,3,17,2,5,2,-14,-18,-18
-8,11,-16,12,-2,9,2,-6,-5,-15,-1,4
0,0,-8,11,-7,14,-15,-14,-3,1,-9,-14
-13,12,-4,-16,-6,4,1,-13,-8,-6,-5,11
-5,15,-9,-6,-9,8,-10,-6,-15,1,-1,12
-3,-7,4,-14,3,20,2,9,2,18,-2,-5
0,14,6,20,3,20,2,4,2,-9,0,15
-2,20,-16,10,3,19,2,3,2,18,-7,1
6,5,-3,-9,3,16,2,-3,2,17,3,1
5,26,6,26,3,16,2,-3,2,17,-18,-4
2,17,4,7,3,10,2,-3,2,-8,3,0
-3,22,-19,13,3,10,2,-3,2,18,3,7
2,20,4,8,3,10,2,-3,1,29,3,7
1,19,-15,-1,3,9,-14,32,2,19,3,1
1,26,-16,0,1,31,2,-3,2,19,-8,-2
-14,26,-7,16,-7,16,-8,25,-15,3,-4,-3
-19,32,-4,18,-19,21,-8,6,-11,0,-7,31
0,21,3,8,-16,0,-8,12,-13,8,-18,13
-2,26,-14,4,-7,2,-6,33,1,33,0,9
-6,13,4,1,-7,13,-11,12,0,23,-2,25
-11,-24,-18,-3,-17,-11,-17,-33,-17,-36,-7,-15
-8,-29,-9,-4,-3,-1,-5,-37,-11,-32,-11,-21
7,-29,-2,-3,4,-23,3,-27,3,-13,4,-28
7,-5,4,1,4,-26,2,-14,3,-13,4,-30
1,-9,-11,-32,-12,4,-11,-30,-14,-8,-13,-6
-2,-2,-14,-26,4,-26,3,-32,2,-3,-17,-26
2,-4,-13,-5,4,-26,3,-32,3,-14,4,-31
3,-3,4,-1,4,-26,2,7,2,-3,4,-31
7,-6,-15,-14,-14,-7,-16,-5,-10,-6,-11,-1
-14,3,-5,0,-18,8,-12,-18,-7,-7,-13,-6
-15,8,-18,2,-18,-25,-15,-26,-8,-18,-17,-17
-2,1,-4,-26,-10,0,-12,-4,-11,-13,-2,-14
-13,0,-16,-20,-11,-9,-9,-20,-1,-10,-17,-8
-8,0,-6,-2,-15,-18,-7,-12,-12,7,-13,6
-17,13,-8,-16,-14,3,-2,-13,-2,-1,-8,5
-1,-2,-9,-12,-11,11,2,14,-7,-9,-10,-22
-2,-8,-14,-10,-8,9,0,-22,-12,-11,-15,-5
6,-14,4,6,2,13,2,15,3,-4,4,-19
-3,-13,-18,8,4,-20,2,15,2,7,-16,14
7,1,-16,-14,4,-17,2,15,2,-1,-17,-10
-17,16,-7,14,-5,-17,-4,-11,-14,11,0,0
-13,7,-2,11,-6,2,-18,0,1,5,-6,0
-5,5,-11,-5,-10,-5,-18,0,-7,0,-16,7
-11,21,-17,13,0,12,-10,6,-7,-14,-9,13
4,-2,5,-12,3,24,2,19,3,2,-6,23
-3,-9,4,-10,-1,13,-8,23,-9,-13,-12,-13
-2,15,7,8,-10,-3,-9,7,-3,10,-15,-5
-3,15,4,15,-5,-4,-1,2,2,-7,3,22
-18,-4,-3,3,-1,8,-4,-8,-5,28,3,28
-17,18,-3,-8,-13,6,-13,6,-8,12,3,25
-2,27,-9,14,-11,7,-15,10,-13,5,-16,21
6,1,4,18,3,29,2,11,1,29,-15,12
-8,24,-13,30,3,16,2,26,3,9,3,23
6,10,-6,10,3,19,2,3,3,9,-15,31
-5,25,-14,-2,-11,-3,-16,17,-6,27,-2,31
-17,-2,-18,15,-1,33,-18,24,-2,12,-12,17
-7,35,-13,36,1,25,-5,17,-14,28,-6,23
-6,3,1,1,6,1,-12,11,-12,35,-8,37
-3,9,3,16,-17,11,2,31,-12,0,-8,10
-9,-24,-1,-9,3,-6,-11,-13,4,-25,4,-15
4,-35,1,-25,-13,-26,-8,-32,-7,-36,-10,-28
4,-11,5,-12,4,-33,3,-6,-14,-5,4,-4
2,-1,-2,-6,4,-34,3,-6,-1,-6,-11,1
-4,2,-3,-32,-4,-24,-9,-32,-7,4,-7,-23
5,-2,-5,-4,4,-15,3,-5,2,1,-14,4
5,-3,-11,-31,4,-17,3,-5,4,-20,4,-15
6,0,-16,3,3,0,3,-5,2,0,4,0
-5,-18,-12,0,-14,-19,-17,-24,-11,-26,-4,6
-5,-28,-9,-26,-10,-25,-6,-18,1,-7,2,-9
5,-17,-11,5,-17,10,-6,8,-8,-26,-3,-16
-7,10,-12,7,4,-27,-15,-13,-8,-9,-17,-15
-15,9,-16,10,-11,10,-9,-10,-12,4,-10,-19
-11,9,-4,-9,-11,-22,3,-21,8,-22,0,10
-16,2,-16,-5,-11,-18,-12,-13,-3,-2,-5,-20
-14,4,-2,-12,-13,-20,-9,2,-13,8,-15,-7
0,16,-6,1,-4,-11,-14,7,-16,-7,-10,3
5,3,4,-1,-9,2,-11,-8,-7,-4,-2,-8
7,5,-15,-13,-6,-14,-9,17,-14,15,4,-5
0,14,-11,-3,-2,12,-9,17,-11,5,-7,-11
4,4,4,-7,-4,1,-4,-10,-7,-6,-8,4
6,-16,-14,-7,-2,4,-7,21,-10,6,-6,-7
-8,5,2,-4,-12,22,-10,-16,-8,-1,-3,12
5,8,-5,15,-11,10,3,-13,-13,-11,-9,23
3,-9,4,4,3,16,3,11,2,16,-10,3
3,7,-10,10,8,-10,3,11,-17,25,-9,3
-6,4,-14,-6,-15,3,3,5,2,17,4,0
-13,2,-14,24,-7,14,-8,14,2,15,4,19
-5,6,-11,25,-4,7,-5,2,4,-3,4,15
0,6,4,22,-4,20,-5,4,2,6,4,7
-11,-6,-11,7,-10,30,-4,12,4,11,-10,3
2,-2,-11,29,4,5,2,30,4,-1,4,2
0,1,-10,19,3,23,2,29,2,-2,-10,29
-2,27,-4,28,4,2,3,11,4,-2,4,9
-3,3,2,-1,-8,24,-9,26,1,19,-7,20
-13,34,-12,22,-9,30,-7,28,-8,31,-5,33
-7,33,-16,3,1,31,2,29,0,9,-6,11
-2,9,-5,17,-6,0,2,29,-12,36,-13,6
0,35,-10,35,1,37,-4,13,-12,17,-14,6
-4,-21,-9,0,3,-36,-11,-3,1,-28,5,-25
-12,-28,-3,-23,0,-23,3,-8,-10,-15,-1,-19
-9,1,-9,-35,-10,-23,-12,-14,-6,-28,-14,-1
6,-31,-7,-10,2,-12,-9,-21,-1,-3,5,-7
-11,-26,-7,-26,3,-9,-1,-19,2,-34,-4,-31
3,-15,5,0,-10,-33,-13,-10,3,-31,-14,-1
-4,-26,5,2,-1,-14,-14,-6,-6,5,5,-24
-1,-23,6,-14,-3,-5,-9,-14,5,-29,5,-26
4,-26,-3,7,-8,-10,-5,7,-6,4,5,-23
6,-7,-8,-11,-15,4,-2,-11,-3,-26,5,-25
-15,-18,-16,-9,-16,-11,4,-13,-9,6,-5,-2
-7,-5,-9,1,-6,11,1,-24,-15,-2,-1,-27
-7,-14,0,1,-6,0,-14,-19,-7,-22,-14,-17
-10,2,7,-15,5,-23,-10,12,-15,-22,3,12
-3,2,-14,-14,-3,10,-12,10,-13,-9,7,-20
-7,3,1,-2,5,-17,-4,11,3,-7,-8,-12
-10,3,-1,-6,-1,0,-13,3,-14,-8,-15,-6
-8,15,-7,-12,-5,-17,3,4,-13,0,-4,5
4,4,-8,-3,-9,6,-1,-12,5,-20,5,-18
-14,15,0,-1,-5,-1,-15,2,-11,5,-8,-2
-11,-16,0,2,-7,1,-13,-2,-2,-2,1,1
-6,6,-16,8,-5,-7,-7,1,-1,-15,-8,4
-7,8,-6,-16,-12,3,-6,1,-5,2,-13,11
-13,23,-11,13,-1,10,-10,14,0,-14,-1,-7
2,-9,-2,-5,4,24,4,0,4,24,-14,-7
-2,8,-14,12,-2,-6,4,0,-16,5,2,-11
-4,3,5,26,-9,0,4,0,2,26,-12,3
2,3,-8,25,-7,-5,8,20,2,25,5,-10
-9,13,-8,28,4,18,-16,0,4,27,4,24
-15,14,-2,23,4,26,3,18,4,26,-12,26
-5,10,-13,6,-6,5,-11,18,-7,15,-11,3
9,4,-13,29,4,26,4,0,4,26,5,-7
3,32,-12,21,4,21,3,1,4,26,4,23
4,22,-2,28,4,12,3,1,2,26,4,20
-8,26,-4,-4,0,-2,-15,30,1,-3,-4,17
1,34,6,18,-7,6,-3,26,7,8,-2,1
3,7,6,18,-15,-1,-10,18,-12,16,3,24
-6,33,0,-1,4,25,-11,29,-4,12,-8,35
2,10,-5,29,-8,31,3,5,-2,15,-5,33
0,-20,1,-7,4,-34,5,-32,3,-8,-6,-38
-3,-17,-10,-24,0,-26,5,-32,-3,-1,-13,-9
-1,-32,-4,-10,-12,-9,-9,-6,0,-17,-5,-27
-1,-11,-12,-24,-15,0,-7,-9,-5,-9,4,-14
-11,-1,-11,-33,-8,-16,-5,-1,-7,-34,-2,-6
9,-29,0,-23,-12,-25,-14,-5,-9,-12,6,-7
-2,5,1,-26,-11,-27,-2,6,-6,-18,0,-5
-8,-1,-3,-5,-8,-3,3,-8,-14,7,2,1
-1,-22,-6,0,-1,-18,-2,-23,-14,-8,-15,-4
-13,4,-8,-21,-8,-23,-11,-23,-6,-19,-10,-26
4,5,7,-12,3,-17,-3,-2,-1,-19,0,-3
-8,2,-8,-3,-13,1,2,10,-4,-4,-2,-13
0,-23,-4,-25,-6,3,-11,7,-14,-14,-11,-15
-5,2,-2,13,-7,4,-11,-15,-11,7,-5,-4
-14,6,-2,-1,-13,-20,1,-23,9,-20,-5,-6
0,13,-10,-7,-12,-19,-2,5,-2,3,-3,1
0,-11,-10,-16,-12,-10,-4,13,-15,7,-6,-16
1,-11,-2,0,-5,15,-15,12,-15,-2,4,-2
0,-15,-6,14,7,-10,-9,-12,-3,14,-6,-10
4,2,-11,-8,-3,-10,-14,-2,-10,-5,-11,-10
3,4,-12,-6,-6,-5,-15,1,-3,-2,-3,-11
-3,16,-1,7,-2,4,-6,9,-1,4,-5,0
-3,19,-4,-10,-10,7,-9,-10,-14,-2,-8,3
-5,17,-15,-1,5,7,-13,16,-3,-6,-12,10
9,24,7,-14,-6,7,5,-14,5,17,-4,0
-7,-4,-9,10,-13,-7,-15,11,0,0,-6,3
-1,4,0,-6,-2,-8,4,26,3,16,5,4
3,4,6,-5,3,-1,-3,11,-15,1,-4,1
-8,5,1,-7,0,13,-14,-1,-1,14,-1,9
3,4,0,0,5,-4,4,27,5,20,5,29
4,14,-7,8,-15,-3,-13,12,-15,25,-5,-7
10,14,7,7,4,31,4,27,5,19,-6,2
5,32,-10,23,5,19,4,27,3,10,-11,30
9,19,-5,1,1,0,-2,5,-2,24,-11,33
-7,33,-9,10,-3,0,-11,23,-2,7,-12,24
-7,5,7,25,-6,21,4,1,-10,32,-10,33
-1,7,-1,8,-3,35,-3,23,-14,28,-7,21
-1,9,7,6,5,1,-11,0,-11,12,5,32
-9,36,-2,10,4,5,-12,8,-12,20,5,32
-9,-25,-8,-13,5,-32,-1,-27,-12,-17,-1,-8
-5,-34,-6,-24,-2,-22,5,-5,-3,-11,-1,-34
-7,-32,-3,-18,-8,-25,0,-3,6,-26,-3,-12
-14,-10,6,-27,-13,0,2,-8,-14,-11,0,-33
-12,-7,-9,-14,-7,-31,-13,-22,6,-15,-8,-17
9,-29,1,-16,6,-14,1,5,-10,-12,-14,-32
7,-28,-4,-22,6,-31,-9,-3,-10,-27,-8,-14
-1,2,1,-1,-4,-1,4,6,-1,-21,6,-16
-9,-25,-14,-14,-13,7,-8,5,-7,-8,-9,3
-12,8,-1,-28,-7,-5,-4,-27,-4,-20,-4,-27
8,-20,-9,9,5,6,5,0,-12,-6,-9,-24
-10,-22,-6,-18,-9,10,-1,-15,-4,-3,9,-24
-13,6,0,-23,-1,-23,-8,-17,-6,-16,-4,2
-14,-15,5,-17,-6,-13,5,-2,-7,-16,-1,7
-13,14,-3,-20,0,-6,1,12,-9,-8,-5,-1
-9,-17,-12,-23,2,-6,0,2,-7,-17,2,9
-1,-21,4,-3,10,-19,-5,-11,-13,13,-6,-8
-6,-9,-8,7,-8,-19,-4,-21,-11,-4,-8,-13
0,5,-11,0,-8,-15,-3,-4,-9,-1,2,6
-4,-7,-10,7,-3,-2,-6,3,-2,-9,-6,7
-4,-18,-5,-17,-7,2,6,-7,-6,-2,-2,-12
10,-14,2,-6,-2,-15,-3,4,5,1,1,12
3,-2,-13,7,-1,2,-3,-8,-3,-7,0,4
-8,-14,-3,-13,-14,3,3,19,-2,-1,-5,14
11,-4,1,18,-3,11,4,21,-12,18,-5,24
-10,-13,-9,11,-8,22,5,13,-10,-2,-3,3
-1,5,-13,26,-7,17,5,-3,-2,17,-8,25
-6,4,-9,22,-7,-9,-2,-4,-3,0,-5,13
-9,4,-12,9,-5,2,-6,13,-1,25,-9,4
4,7,-8,8,-9,16,5,-6,6,16,6,5
11,-6,-10,6,-2,4,-9,26,-10,9,-7,-2
11,16,8,-6,6,17,5,-5,-11,11,6,19
11,6,-4,24,5,24,4,28,6,18,-8,32
4,28,2,2,5,23,4,24,6,12,6,12
-6,31,-8,22,5,5,4,24,-2,-2,-4,11
-4,35,-2,8,5,-2,5,-2,-2,-3,6,10
-3,33,2,7,5,5,-2,4,-12,36,-7,34
6,10,-10,32,-10,30,0,34,-4,14,-10,32
2,37,-10,8,5,26,4,10,2,37,1,4
-4,-23,-13,-26,8,-34,4,-7,11,-35,7,-26
-7,-6,4,-23,-13,-31,4,-7,-8,-4,6,-25
-9,-32,-8,-13,-2,-21,-7,-22,-1,-1,3,-22
-6,-35,-9,-5,-2,-22,2,-13,-6,-14,3,-20
-6,-29,1,-15,8,-23,-4,1,1,-8,2,-1
2,-6,-7,-15,-10,-12,-3,-14,-8,-23,7,-26
2,-18,0,-14,3,-8,-10,-20,3,-29,-13,-11
5,-7,-1,0,1,-26,1,-8,-7,-18,-2,-2
2,5,-12,3,-7,3,4,5,-12,3,6,-24
-2,-18,-9,5,-8,-5,0,-27,-4,2,-10,-17
4,-20,-6,-10,-1,0,1,-20,-13,-17,-9,-28
0,-20,6,-16,-10,-21,-2,-27,-8,-20,-6,-24
2,2,-1,10,6,3,-2,2,-8,-17,-13,-22
-1,4,-4,-11,0,5,-9,-9,-12,-24,7,-23
-13,4,9,-16,6,7,5,14,-8,1,-6,13
-11,15,-11,-15,2,-10,-10,5,-1,-3,-2,-19
-5,6,-4,-5,6,0,8,-2,3,-12,7,-13
-4,6,-2,6,6,2,2,16,0,-12,9,12
1,-9,4,16,3,-14,-10,-20,-8,-9,2,-18
-1,19,-9,-10,-12,6,-8,-2,1,15,5,-2
0,-4,10,-15,-11,-18,-7,-15,-5,-11,1,-11
-1,17,5,-4,-12,-15,-6,-10,-3,-6,-1,15
-4,-3,-1,-14,-13,20,-9,4,-10,-3,0,-12
-1,-6,-12,-2,1,-12,-11,18,-6,-8,0,8
5,13,-2,7,-11,-6,-10,-11,-12,-6,-6,24
4,5,-5,7,7,10,-6,-2,3,-1,-7,13
-5,4,0,20,0,19,4,12,-10,22,7,-11
2,6,-2,19,0,21,4,6,-10,27,7,-5
-10,3,-6,-10,-10,13,-5,0,-5,-1,-2,-1
3,7,8,21,-8,-9,3,28,-9,6,6,29
-7,1,-1,6,-8,9,-3,0,7,-5,0,18
10,3,2,24,-5,-4,-3,27,-4,4,2,-1
-5,32,9,6,-13,25,-1,13,-8,23,-6,18
0,1,12,32,-2,-5,2,-4,3,28,6,29
1,29,-12,20,10,6,-7,23,-1,4,-12,9
9,7,3,29,-8,8,-10,4,-2,34,-4,18
4,8,9,29,-12,-2,-6,29,-8,4,6,31
6,23,1,35,-11,24,-5,23,-1,6,-6,11
-7,35,-4,19,1,6,5,36,7,16,0,27
-12,-21,13,-6,6,-2,4,-2,-8,-2,3,-29
-12,-32,5,-25,-7,-27,6,-4,5,-12,-9,-15
-8,-10,6,-15,-8,-15,9,-25,-8,2,-11,-6
4,-15,-5,-32,6,-23,-7,-25,-1,3,1,-30
-11,-6,-9,-34,5,-9,-8,-13,-12,-13,2,1
-2,-4,1,-2,-7,-24,0,-9,-7,-33,7,-2
-3,-24,7,-15,-3,-29,-7,0,-2,-32,-4,-1
1,-27,1,-1,0,3,-7,-29,-8,-28,5,-18
-2,-4,2,-4,8,7,1,3,-7,-12,-12,-6
7,-14,-5,4,7,-11,6,3,-6,-21,-10,-17
6,-22,1,-13,3,-22,1,-13,8,-13,-8,-2
2,-14,-4,-23,2,1,-2,0,-8,-18,0,-22
-2,-25,12,6,0,3,-9,6,-2,-4,-12,-6
-9,6,-12,4,-6,2,-8,13,-12,2,-9,9
9,-14,-7,8,-7,-22,-4,-9,-2,5,-2,-18
-12,14,-10,1,-11,11,-1,9,6,3,1,-1
-5,10,7,10,-8,10,3,-22,7,-1,9,0
1,6,-7,10,-9,-11,-3,-13,-4,-10,-7,13
-1,-18,1,4,6,15,-6,-20,-9,-6,3,3
2,-1,9,10,-5,17,-3,15,1,-5,3,-5
-1,-3,-2,-17,4,3,-9,6,7,-8,3,-3
2,17,4,18,-3,3,8,2,-4,1,-7,-7
0,16,-7,-13,4,2,7,5,-5,4,-3,18
-6,-2,-4,18,-3,23,-6,-8,-1,2,1,19
9,-6,13,9,6,20,-8,18,-6,3,7,15
-5,-4,-8,11,9,7,4,21,4,19,-9,16
-2,6,-2,24,-8,22,6,19,-8,25,-4,12
-11,10,2,19,10,-8,1,5,-6,14,7,16
-8,4,10,27,11,1,4,23,-11,24,7,6
1,7,-6,28,-8,28,4,20,-6,7,7,6
3,-6,-8,5,5,16,2,19,6,3,-2,25
8,11,3,0,-11,-4,-10,8,8,7,8,-2
2,25,4,-1,2,24,-7,-3,-6,12,-4,24
4,1,5,4,-7,1,2,17,-6,14,7,30
4,0,-5,0,4,7,-2,11,4,18,-9,12
-12,23,8,20,-1,16,-7,17,-8,11,2,33
5,20,-6,0,7,11,-9,18,0,24,-11,31
0,18,-11,21,-5,15,-5,25,-11,36,-11,34
-9,0,-10,16,-9,25,5,19,5,26,-5,8
0,-26,-2,-9,4,-37,-10,-16,4,-17,-3,-38
14,-34,2,-18,4,1,-10,-24,-5,-6,0,-15
-3,-14,1,-27,-6,-17,5,-19,-5,-8,5,-26
7,-33,10,-8,4,2,-11,-12,4,-2,-3,0
0,-24,7,2,-1,-16,-11,3,-7,-32,8,-20
-5,-9,0,3,4,-14,-8,-14,-3,-10,-6,-3
-7,-20,2,-27,8,-18,1,-11,-7,-20,4,-10
7,-10,-6,-13,8,-14,-6,-12,2,5,2,4
2,-8,4,-26,-4,-7,3,-30,9,-9,3,-24
-11,-14,-1,-17,-2,4,0,-10,2,-7,-5,3
-3,-28,7,3,8,-12,-10,-3,-5,9,5,6
5,-6,-8,6,-6,-13,-11,9,3,-27,-3,-23
-6,-26,-4,-16,-9,6,0,-3,-9,9,10,-15
-7,5,6,-14,5,-18,-1,-3,-9,-24,-7,6
-3,-1,7,-4,-10,7,-9,-19,11,-3,0,3
-10,-23,-7,-1,5,4,0,-13,-6,-3,2,10
9,-12,-10,-4,11,-2,-6,0,-11,9,4,-3
-7,7,11,-15,1,9,-7,9,0,8,12,5
-10,-14,-1,2,1,16,0,13,9,2,8,-12
3,1,-6,-10,-2,-3,6,-7,5,-5,-7,13
11,-17,13,15,-7,-10,-10,6,3,9,-8,-7
8,-17,4,-9,-9,-5,-6,-1,0,-13,2,8
-2,-16,-4,-2,4,-2,1,22,4,-1,-2,-11
-4,4,-5,17,8,0,-5,-13,0,17,0,17
-5,2,0,20,-4,7,-5,-13,-4,10,-11,2
-5,4,-2,19,2,-5,0,4,0,6,-4,10
-9,6,5,1,0,-1,-11,6,-5,21,-3,25
-9,5,-9,10,-11,23,-1,1,-2,-8,1,9
-9,4,-4,-1,-6,3,-9,-10,-2,18,-1,25
-7,8,1,-5,2,14,-4,11,-1,11,0,22
6,8,0,8,-4,14,-5,-3,-2,12,-10,6
11,2,-1,27,-7,29,5,5,4,24,8,0
9,7,14,28,4,4,5,-3,-4,23,14,27
13,14,6,25,4,24,7,25,9,8,8,27
3,34,0,13,-1,7,6,32,7,-1,7,-4
10,-2,12,9,1,20,-11,12,8,14,8,-3
-9,24,4,17,0,33,-9,28,-3,23,7,35
2,2,-9,13,7,20,-6,0,-3,5,11,21
-11,22,-1,25,-11,19,-5,24,-8,12,-1,4
7,-36,3,-18,-7,-21,0,-31,6,-18,-8,-21
-3,-26,-10,-3,2,-30,2,-19,-8,-8,-1,-36
6,-17,6,-32,-1,1,-6,-13,-3,-1,-6,-7
2,-27,-4,-24,-9,-20,-9,-25,-5,-27,1,-28
-4,-28,-3,-5,-8,-8,2,-18,1,1,-10,-19
2,-11,-9,-30,-9,-14,5,-15,3,-21,6,-16
-4,-29,-1,6,-9,-11,6,-14,-8,4,2,-2
3,-12,3,-6,-9,-13,7,-16,5,-14,6,-25
12,-28,-7,-9,-9,-8,-9,-16,2,-3,9,-12
6,-27,2,-1,-9,-13,2,8,-8,-21,13,-9
2,-26,-2,-5,-9,-8,2,8,10,-20,7,-17
8,-24,0,0,4,10,-9,-8,-7,-2,-3,4
3,-6,-1,-14,2,12,1,-21,-9,10,11,-23
1,0,-9,-5,10,-9,-6,0,10,-13,-9,2
6,-24,4,-16,9,8,4,-8,-1,12,10,-21
-2,2,-6,2,-1,-9,-9,-17,-5,11,-5,-4
-9,-19,-2,-14,7,-10,3,8,6,-18,9,-9
-9,-10,-10,-6,7,-21,-7,-15,4,15,3,-12
-5,-8,0,-16,-2,-10,8,-2,10,0,10,1
-10,2,-4,-14,-8,17,0,-6,2,3,-7,-19
12,-15,2,17,-3,-4,6,-18,-4,20,9,-16
14,-15,4,0,-2,13,4,19,4,-4,-3,4
5,5,-7,1,-9,-2,10,-6,-7,8,-7,15
-5,2,-10,-12,-5,19,5,1,-5,7,0,-2
-8,7,-4,-2,2,3,10,8,4,9,9,-13
-3,4,6,6,-4,19,0,-2,10,-2,-4,11
-2,5,-10,12,1,24,3,-3,4,23,-2,-7
-8,8,4,11,4,24,-10,27,7,8,-1,14
-7,10,-2,15,0,2,1,-7,1,2,13,-4
-4,9,-3,17,-7,7,-7,24,-7,21,1,-4
-2,11,7,17,7,7,-6,-8,-8,3,2,7
5,8,4,24,10,14,-3,15,5,4,6,14
-5,28,1,25,5,29,6,4,3,1,-6,6
11,13,13,18,6,3,-2,9,-3,33,8,30
6,7,-8,8,-7,34,-10,1,-10,33,-8,18
0,21,4,24,5,-3,6,-1,-4,23,0,24
0,20,-5,17,7,9,-4,34,5,25,7,15
-8,1,6,9,6,31,-5,27,-8,22,6,7
-10,33,11,25,-10,15,5,23,-1,16,-8,30
3,-15,3,-6,-4,-3,0,-25,0,-31,-7,-23
-9,1,9,-15,9,-36,-7,1,-8,-11,-1,-5
9,-27,-9,-13,2,-12,-2,-6,-3,-13,-2,-10
-9,-26,-6,-10,5,-20,-3,3,-5,-1,4,-11
-2,1,-8,-5,-5,1,6,-2,12,-24,-4,-14
13,-19,5,-27,11,-18,6,-27,11,-26,5,-28
11,-25,6,-6,11,-18,5,-15,11,-26,8,-28
14,-9,7,-14,1,-9,-2,3,-1,-14,-4,-10
12,-25,5,-26,9,-1,9,-13,-1,5,1,-23
10,6,0,-19,11,-16,9,-13,11,-24,10,-24
14,-22,14,10,9,-13,5,-24,11,-27,13,9
0,-25,2,-3,-7,8,2,-3,-1,-23,-3,-18
9,-6,5,-21,6,8,0,-22,5,7,-1,-20
2,3,6,9,-6,3,14,-15,4,2,5,-12
9,-1,11,-15,-7,-10,12,-3,10,0,2,-13
-4,5,1,8,12,-14,-3,-5,-2,3,-1,-3
11,-5,0,-7,6,8,4,9,11,-22,10,-18
14,-3,-1,-2,6,11,4,11,-7,-14,9,11
14,5,16,15,6,13,4,17,0,10,0,-6
4,-19,-1,15,9,-10,-6,-15,1,-17,-3,14
6,4,1,5,5,-2,4,5,13,-18,-7,-7
-7,-17,4,19,7,-8,8,11,-2,15,5,4
-9,3,-2,4,-9,17,8,7,-6,11,5,13
-6,0,-5,1,-2,-2,-9,-2,-9,-6,-3,-3
-4,2,16,-9,0,1,4,3,-8,-3,9,1
-7,4,1,22,1,20,9,1,-3,-1,-9,1
5,3,7,25,-5,0,9,-9,-1,19,0,18
-5,13,12,13,1,23,-8,26,10,8,16,15
5,7,-7,20,-5,20,-8,-10,-9,15,4,11
-4,12,6,28,5,5,-9,11,-7,16,8,27
-5,12,-7,-7,5,-7,6,17,1,-4,-1,21
-5,14,0,16,2,9,5,3,-1,-6,8,-1
-4,23,0,25,5,25,-4,8,0,16,9,6
11,4,8,27,2,25,1,30,0,27,9,33
5,22,-2,30,-9,8,8,-2,-3,3,-7,14
5,19,-7,30,-7,4,2,-2,-7,30,5,22
-1,0,10,19,-9,5,4,4,-3,25,0,34
-3,31,14,19,-4,27,13,29,10,37,2,1
-4,7,5,35,7,33,4,5,6,8,9,21
2,-17,11,-16,4,-33,10,-25,10,-21,7,-22
1,-12,5,-30,8,-3,-5,-27,-5,-35,-3,-28
14,-15,-3,-32,8,0,15,-20,-6,-21,6,-36
6,2,9,-12,-2,-5,0,-27,6,-34,2,-15
4,-16,3,-27,6,-32,11,-21,-4,-11,-4,0
-6,-3,0,-19,5,-24,11,-16,9,-20,-7,-4
12,-11,2,5,1,-14,4,3,-6,-15,10,2
5,-8,1,6,0,-25,-6,-2,-2,-29,-5,2
9,-7,2,8,1,-13,-7,-12,2,-16,-7,6
2,-26,9,5,-5,-5,-6,-28,-2,-26,8,-17
-5,7,3,-14,8,-6,12,-19,4,-5,-1,-24
9,-7,-1,3,4,-16,2,-4,-1,9,6,7
-1,-20,6,-14,12,-17,14,-16,0,4,-2,-16
1,10,0,-4,1,7,1,-2,5,8,1,-10
-2,-19,-7,-22,-4,-23,1,-2,-1,-13,-6,7
1,-12,4,-16,4,-1,-1,-5,-5,6,-3,-23
7,-22,9,16,-5,0,8,-1,11,15,10,14
-2,-13,8,17,11,-2,-6,-11,-5,-20,10,-7
5,5,3,5,10,2,2,17,11,15,1,17
9,0,2,5,5,8,-3,-12,7,-3,-6,0
-5,12,2,-4,-7,8,8,20,5,10,7,14
-5,-8,-8,16,10,-9,6,-2,7,9,9,17
16,-16,4,8,9,19,-1,3,-4,-10,-2,15
-4,7,-2,12,6,11,-6,-11,-4,4,16,8
2,5,-6,22,7,2,6,23,-6,10,-8,-12
-5,5,2,-8,5,-8,-4,6,-5,23,10,-6
-5,5,11,1,6,-1,-2,19,-7,8,7,25
-2,4,-3,15,-3,-6,1,9,-1,-7,5,-3
-2,10,13,-9,11,0,-5,28,6,20,9,28
-2,13,3,6,-8,17,-5,22,-7,10,16,17
-6,14,0,21,3,26,3,26,0,20,-7,20
-6,17,4,15,4,7,8,8,-8,19,4,4
-4,19,-1,25,0,31,-1,22,11,-6,-2,9
16,17,10,2,10,2,10,7,11,28,9,24
-7,1,3,16,0,20,-1,23,-3,17,-5,4
10,-3,5,10,-6,16,0,15,1,-2,2,2
1,26,-1,5,2,19,-2,2,1,33,-4,26
-3,2,0,-1,-7,7,10,8,-1,27,4,21
-2,4,4,19,8,29,4,28,4,6,-3,12
2,-4,2,-25,-6,-32,-1,-19,5,-34,13,-19
-5,-6,2,-37,1,-9,-5,-2,-4,-21,-2,-5
6,-25,-5,-18,7,-3,12,-26,3,-13,-1,-30
1,-29,7,-17,1,-20,-2,-14,6,-1,13,-13
2,4,-6,-19,6,-28,7,-13,8,-30,0,-19
14,-19,-6,-2,8,-29,0,-8,4,-30,-6,-9
14,-8,-6,-2,9,5,0,-3,-4,-28,3,4
8,-25,2,4,10,-10,2,-30,-6,1,3,6
12,-22,-6,7,6,6,4,0,-4,-27,11,1
7,7,11,-27,-4,-26,1,-18,5,-12,2,-11
13,-6,-7,-15,-3,0,-3,8,-1,6,6,-26
12,-7,12,-3,-1,-12,-5,-9,0,-9,-5,-2
7,-12,8,-14,2,-1,1,-22,15,-23,9,-4
-7,9,-7,-3,3,-23,3,-4,12,7,-7,-6
3,-13,9,10,8,-19,2,-9,-5,-5,3,-8
3,8,8,-8,4,-3,4,-21,8,1,2,-19
-6,-20,13,-12,4,-13,-7,13,8,-19,5,-8
-4,-15,-6,11,10,-1,7,-2,7,-17,10,6
-5,-17,5,-4,-2,12,2,-4,1,1,9,-16
9,-18,16,13,0,11,11,6,8,9,3,11
12,-15,11,-9,-1,6,4,-14,10,3,18,6
-4,-16,9,-5,-1,2,1,12,-3,11,11,-16
16,-16,18,-13,-5,17,13,7,-3,-6,10,-4
-4,-1,-7,11,5,-15,5,-1,-7,-5,-1,-11
0,6,4,-9,-3,3,-3,10,12,14,10,-7
0,5,5,-1,4,18,7,15,-1,7,1,-1
-4,9,4,1,2,-11,0,1,4,-4,-7,-5
-4,5,-6,-10,0,26,2,21,5,0,-7,22
-3,8,-5,-6,-7,-10,-2,2,-1,19,11,18
-2,9,6,18,6,3,0,28,-1,6,3,16
-1,15,0,29,-1,8,0,16,1,25,-2,21
-6,12,13,21,-1,11,-2,-2,6,30,9,26
4,18,2,10,7,-2,5,-6,11,21,1,12
17,15,18,1,10,28,11,3,-4,1,-7,30
12,15,-6,21,2,27,8,0,-2,0,5,5
7,16,-3,25,7,7,-2,28,6,27,9,17
5,23,-1,22,-6,2,8,3,2,24,5,8
1,2,-5,8,7,16,1,16,-6,9,-4,20
-3,36,-3,0,12,8,1,20,14,21,-2,8
6,-31,2,-7,-2,-22,9,-31,2,-2,1,-37
-1,-12,7,-35,-1,-36,6,-10,9,-14,-3,-28
19,-14,-5,-10,10,-24,15,-26,13,-22,-1,-20
0,-2,4,-3,13,-35,5,-20,0,-34,-3,-17
3,-5,10,-12,-1,-27,1,-32,10,-7,-3,-8
11,-28,16,-29,10,-3,0,0,5,-18,-3,-18
19,-28,-2,-22,11,0,0,-22,2,6,5,2
19,-26,11,-30,12,-17,-1,-6,13,-4,12,-6
14,-18,1,-8,-4,-7,9,-13,5,-6,-6,-8
11,5,1,-10,15,-10,-4,-17,6,-17,5,-9
4,-19,10,-27,-1,1,-4,-11,6,10,4,4
11,-14,1,-10,0,1,-5,2,-6,7,4,-8
4,-16,1,-14,-6,-4,8,6,8,-7,5,-5
8,-24,14,-14,8,7,1,-13,6,-24,11,-15
3,-23,4,-6,-2,-18,-6,1,1,-16,1,10
7,15,8,-2,14,-11,-2,-10,8,-15,-4,-10
-6,9,10,-7,19,8,15,-19,9,13,7,-22
9,8,5,17,-4,-4,8,10,7,-13,12,-5
5,12,8,3,1,-12,-1,4,0,-6,0,-9
12,-18,-1,2,0,7,2,12,3,-14,2,9
6,-4,-1,-8,13,15,3,20,-2,17,13,-7
-4,12,10,19,5,11,1,16,7,6,12,-9
-4,-15,0,-13,0,-2,2,17,-1,20,2,-3
-5,2,-2,17,8,-6,-2,11,3,-9,3,-4
3,4,13,0,4,-9,6,-11,-5,-14,-4,22
-3,11,0,16,14,-6,12,-6,-1,25,-6,19
-1,7,17,-8,11,19,9,18,13,-3,12,-6
0,8,18,-7,13,24,-3,25,13,-4,-4,13
-1,13,0,12,-4,8,-3,-5,7,15,12,-5
-3,13,19,-1,11,21,9,22,5,-4,5,28
-5,7,19,2,11,21,9,25,7,23,-3,-3
-4,18,11,24,11,0,12,-1,0,28,3,10
3,30,1,9,-6,14,-5,2,5,21,-1,16
8,1,7,7,8,14,8,19,-5,1,-2,-1
6,20,14,18,-5,5,9,-1,-3,24,4,8
9,22,-1,19,14,0,15,19,5,28,-3,20
-1,8,-4,13,14,4,-6,10,10,11,-2,22
11,2,-5,13,0,28,5,24,7,31,2,7
5,5,-1,17,12,38,1,32,-3,33,11,28
11,-16,-2,-9,13,-22,-3,-4,14,-32,0,-25
4,-28,5,-34,-5,-29,-3,-13,2,-24,2,-24
18,-12,12,-31,1,-2,5,-7,9,-19,11,0
1,-23,12,-17,6,-21,3,-7,12,-20,-2,-32
2,-9,-2,-10,9,-5,16,-15,-3,-30,11,-33
4,-27,6,0,14,-13,11,-7,-5,-30,-1,-27
18,-12,-4,-22,10,-4,12,-11,-5,-28,13,-28
15,-23,12,-24,-1,-2,-5,-22,14,-26,11,-2
11,-22,7,-5,-1,-20,-5,-22,14,-27,12,1
-5,0,-3,-6,3,-16,9,1,11,-29,12,-29
5,0,15,-9,14,8,11,-5,13,-4,4,4
5,-7,3,-15,1,4,-3,9,-2,5,8,-26
10,-3,-5,-21,3,-21,3,8,14,-25,1,-25
-5,-14,0,-18,-1,13,5,0,4,-6,7,8
-5,12,4,-20,0,6,-3,-2,6,-18,1,10
7,-12,3,4,12,-13,0,-17,5,-5,9,1
11,-10,1,-2,3,-8,7,-11,-5,-8,1,-3
17,-2,5,-1,-3,-18,2,-15,9,8,12,-16
10,-1,0,-9,-5,-9,-4,0,12,8,2,12
15,-17,-3,7,6,8,11,0,13,18,20,-16
15,-15,-4,-10,-1,-14,0,-10,9,19,7,10
-4,8,10,7,-1,-4,4,-3,14,-4,7,14
-2,13,5,1,10,10,6,10,4,-7,0,2
8,0,-4,-3,5,-12,0,-6,-5,-8,-5,8
5,2,-3,8,3,12,-2,-3,13,21,-1,23
-2,12,16,-4,5,-3,10,-2,2,18,-3,-3
-4,4,-3,17,2,21,13,14,12,23,0,-7
5,6,-5,16,0,7,-1,24,6,19,7,24
-3,13,1,11,13,15,-2,25,-4,-1,-5,24
3,9,8,2,-4,27,-4,-8,7,6,11,29
0,14,11,22,12,8,11,-3,13,26,11,29
-4,11,16,6,12,2,-5,19,-4,-3,11,16
2,6,2,-1,0,21,13,-1,3,26,13,17
16,14,3,5,3,-4,-4,28,13,28,8,5
8,4,6,6,1,-3,11,12,-3,2,10,-1
2,30,8,23,6,19,1,23,9,35,7,20
-4,7,16,20,-2,28,-3,25,3,11,-3,25
6,22,10,35,12,18,3,26,2,2,-1,2
14,12,3,1,14,24,2,16,5,30,-4,17
4,-5,-2,-10,7,-12,-4,-24,9,-36,5,-26
12,-24,13,-22,5,-10,-4,-7,-1,-14,-2,-11
9,-31,5,-15,0,-14,1,0,9,-23,17,-12
-3,-4,8,-25,-2,-1,5,-35,13,-33,7,-17
-4,-30,2,-25,0,-27,15,-23,1,-22,-3,-9
4,-28,9,-27,2,-11,12,-27,-3,-28,12,-2
5,-27,0,-17,8,-26,14,-28,11,-23,12,-23
15,-20,-2,6,2,-8,14,-30,14,1,12,-24
7,8,9,-13,0,3,12,-23,6,-25,12,-28
7,-22,11,-11,-4,-20,15,-29,3,-28,13,-6
-4,2,7,-20,14,-25,14,-6,16,-5,8,-27
-3,-15,6,-14,8,-26,9,-24,14,2,7,-27
2,-16,21,-5,-1,-21,-4,-15,14,-11,10,11
-3,10,-4,-14,14,-12,13,8,13,-8,3,-11
7,-23,13,-24,10,14,-1,2,11,-10,4,10
1,14,0,-3,13,-6,-3,3,-2,-23,9,6
8,-12,16,-2,-3,-17,8,8,-3,-6,9,-2
1,14,0,-17,2,16,10,-15,13,3,11,14
12,3,9,-11,13,18,7,-2,-3,4,13,-17
1,-8,13,-2,4,-15,2,-4,6,6,7,-2
19,-15,10,-7,12,13,4,20,18,4,1,8
0,-16,-1,11,3,10,5,4,5,0,8,10
18,-16,20,-13,-1,21,13,16,0,-8,5,4
13,2,10,-2,16,-11,13,14,14,-1,1,-8
-3,8,10,11,13,-8,13,2,11,-4,1,3
9,21,8,8,8,-5,15,6,3,2,15,10
0,-1,18,20,13,2,1,6,-3,16,1,26
9,-9,-2,6,3,-1,-1,6,-2,17,12,7
-2,2,17,0,10,3,-4,22,13,4,4,-7
2,-9,12,16,7,-7,-1,12,-2,7,14,15
-1,4,13,-6,6,-1,0,4,10,12,10,15
3,14,19,26,3,18,12,1,-3,22,4,18
-4,6,2,25,6,23,11,21,1,22,0,12
6,28,-1,27,13,23,-3,33,9,10,4,-3
3,20,16,-1,-3,28,12,5,-2,16,1,-3
5,34,1,5,0,6,10,26,8,29,0,13
1,29,2,28,9,36,12,23,4,20,5,31
6,1,11,34,11,8,10,0,7,35,1,26
13,25,15,18,1,8,4,6,3,30,13,2
1,-32,1,-7,13,-13,-2,-11,-1,-12,9,-26
8,-11,2,-25,16,-26,10,-1,-1,-3,13,-21
14,0,5,-8,13,-32,0,1,15,-31,10,-17
0,-1,6,-33,7,-19,4,0,13,-33,12,-4
1,-3,-2,-30,13,-8,14,-24,11,-16,11,-26
3,-7,14,-27,5,-31,5,-30,14,0,12,-7
15,-7,8,-29,6,-25,6,1,10,-28,13,-27
2,-27,21,-30,5,-12,4,5,8,-24,12,-1
1,5,1,-11,2,-18,12,4,0,-25,12,-13
8,4,0,-28,13,-6,3,-8,12,5,12,-1
-1,-21,20,0,0,7,12,1,14,3,0,4
2,5,18,-24,9,-17,13,-5,15,-9,4,6
1,-16,11,-19,3,-6,12,2,13,-21,13,-7
18,-14,15,-24,0,4,5,-25,14,-2,4,3
-3,-16,0,10,8,-12,13,-11,11,-12,19,11
-1,-18,21,11,8,-15,15,1,11,-18,12,-12
13,4,16,16,5,10,0,5,10,-5,12,2
-1,-15,15,4,16,16,1,-12,2,-20,9,-2
-2,-12,7,6,5,1,8,-14,-2,1,4,-20
18,-16,21,-6,8,-12,7,-10,12,-13,2,6
2,-9,8,17,13,17,14,-9,-2,13,14,-4
9,-14,-2,-10,5,8,-3,4,14,13,19,7
11,-14,14,4,11,8,12,10,5,10,1,-2
12,1,6,21,14,-11,14,-7,13,-9,-3,23
8,3,3,-7,13,24,14,-7,14,15,1,11
16,-11,11,1,6,10,7,-12,-2,-6,5,2
11,-12,15,-12,19,-1,4,-9,4,-12,12,8
6,6,-1,-9,7,6,-1,-9,-2,2,12,-1
3,11,11,-10,12,-8,-1,3,3,-1,3,13
9,28,9,-1,14,-1,4,29,10,-8,11,13
-3,10,15,15,10,29,-2,3,11,20,8,-7
-2,13,8,2,-2,3,13,21,13,0,-1,-5
8,16,3,7,12,18,6,23,13,5,0,7
1,3,0,2,7,9,16,7,7,11,8,3
4,-1,0,22,0,-3,7,24,15,16,19,7
4,4,12,24,11,31,15,17,15,18,7,19
5,22,1,21,2,19,14,12,12,34,14,13
8,19,0,17,-3,1,-1,15,13,7,-3,12
0,33,22,15,4,0,11,14,-3,15,4,2
-1,-34,6,-33,17,-35,15,-32,1,-30,15,-1
19,-16,-2,-28,14,-21,15,-32,7,0,15,-21
9,-2,2,-19,2,-10,3,1,15,-28,12,2
1,-7,16,-11,1,-15,7,-7,10,-30,9,3
2,-27,9,3,4,-24,1,0,10,-4,1,-30
1,-25,23,-20,4,-24,8,-29,15,-26,12,-1
14,-7,15,-6,4,-11,14,-2,11,-26,13,-25
2,3,2,-10,16,-7,15,-27,-2,-31,-2,-23
1,-26,6,7,8,-2,15,-29,11,-14,12,1
2,-2,15,-2,1,5,14,2,12,-23,20,9
7,4,1,-25,8,-9,16,-1,16,-26,15,-8
-2,-13,-1,-16,9,5,10,-26,13,-9,7,-19
23,-25,11,-26,0,-13,11,9,3,-11,14,-23
9,-11,7,-18,11,-3,9,-3,1,-6,17,-1
15,-23,1,-15,10,8,0,4,5,-8,7,3
10,3,7,-20,11,2,9,15,11,-3,15,-5
3,11,19,-14,8,10,12,-10,15,16,13,-10
-2,-14,13,-16,7,-17,14,11,14,-12,-2,-10
13,-8,1,7,2,-2,14,-16,15,14,-2,11
6,13,4,-11,3,3,4,13,2,1,10,-3
-2,5,4,-12,3,-15,8,-15,15,4,22,-14
4,-6,-2,-9,3,14,7,10,13,-5,10,21
9,-16,11,-13,-2,11,8,8,3,15,2,6
14,2,15,-2,6,19,6,4,3,-12,8,8
7,5,0,6,1,18,6,18,14,2,4,-12
19,-13,9,-2,8,2,17,9,7,20,5,5
8,2,7,8,11,2,7,-2,-1,11,6,15
2,12,15,17,11,13,2,20,14,17,16,2
2,9,9,12,5,21,15,16,11,14,16,9
-2,7,9,10,12,-9,6,-4,0,0,13,27
-1,16,5,24,-2,24,2,-3,0,23,4,19
5,15,18,-1,2,18,7,17,15,-2,15,1
9,2,15,16,11,22,11,-2,17,19,15,16
10,26,1,18,8,-5,10,24,1,5,1,15
6,17,14,20,6,4,10,19,17,16,16,7
12,24,2,15,9,26,-2,19,10,0,9,12
0,7,0,29,5,5,0,9,15,18,2,28
10,26,8,6,10,26,11,0,3,25,6,32
6,29,0,27,17,21,7,12,7,13,12,3
8,-7,3,-3,8,-8,-1,-37,2,-1,12,-27
14,1,17,-23,15,-24,14,-24,12,-32,22,-13
16,-12,2,1,17,-19,9,-26,13,-26,14,2
0,-28,7,-28,13,-27,1,-29,13,-24,-1,-8
6,-7,24,-8,11,-16,8,-3,16,-30,2,-4
4,-6,16,2,7,-16,10,-26,13,-2,12,-21
14,2,16,5,11,-11,8,5,7,-24,13,-23
1,1,17,-5,14,-28,22,-20,3,-31,21,-12
11,0,2,-22,14,-15,3,7,8,-3,0,-22
10,2,2,-10,4,-13,8,7,1,-17,21,-25
6,-15,11,-25,1,-27,0,4,3,-27,0,-5
17,-8,10,-27,8,8,2,-26,1,-25,9,-1
19,-26,16,-23,0,-9,2,-4,16,-8,11,-8
7,-12,-1,-21,10,-22,14,-23,7,-20,20,-6
14,-4,20,-3,8,12,0,-1,12,-5,5,4
-1,-20,2,-19,2,-5,16,15,16,-23,1,-3
1,14,17,-6,11,2,9,4,13,10,0,10
16,-9,20,7,13,6,2,-12,16,-15,13,-11
-1,-19,17,-3,-1,3,9,10,-1,0,7,-11
7,-8,21,-8,0,10,12,-5,13,-12,-1,-2
11,3,6,-12,-1,11,12,8,17,1,8,13
13,6,10,-5,17,-15,16,-17,-1,-4,19,3
-1,8,5,3,12,-3,15,4,9,11,2,-2
4,0,17,-12,1,9,14,-5,19,-6,12,-8
6,2,0,-8,7,2,7,21,3,19,12,3
8,3,11,14,6,-2,8,-11,9,-6,6,17
2,7,14,13,19,-2,-1,22,10,16,9,2
3,5,5,-7,17,-11,12,13,-1,-3,8,2
1,10,9,5,17,8,4,-10,-1,22,9,-10
3,6,1,2,2,10,16,2,15,29,5,16
4,12,7,-2,16,-7,10,19,14,-1,2,16
2,16,14,21,3,13,11,-2,14,22,-1,11
5,1,12,28,3,8,12,19,21,5,3,7
11,31,11,12,16,-3,23,-2,4,18,3,-4
8,16,7,11,12,31,7,5,11,15,6,6
1,7,14,17,21,18,16,24,4,29,6,19
10,17,1,11,4,18,16,16,0,15,6,25
13,2,18,19,7,6,16,24,2,25,8,25
1,8,3,37,9,1,1,23,16,9,13,30
7,-28,7,-2,0,-28,13,-11,17,-6,1,-4
8,-10,24,-31,0,-7,25,-13,15,-7,24,1
7,-35,0,-34,5,0,16,-1,7,-34,25,-36
14,-7,15,-2,2,3,0,-6,16,-18,25,-29
16,-10,14,4,1,4,2,-31,8,-32,25,-25
17,-7,18,-28,17,1,12,-31,12,-5,13,-2
7,-1,8,-10,2,-11,15,-20,0,-10,0,-2
0,1,24,-11,0,-30,1,-29,16,-5,4,-26
12,-2,7,-3,4,-30,1,-27,12,-12,6,-23
7,-1,12,4,3,-29,0,2,7,-19,22,-23
9,-18,4,10,8,-10,6,-6,17,-1,4,-1
2,1,12,11,10,0,1,3,11,-6,0,10
18,-14,17,-16,12,-1,0,-23,0,-21,13,12
13,3,9,-20,13,8,0,-25,5,2,1,-22
7,-16,16,2,15,-16,0,-20,11,9,1,-4
0,4,5,-22,10,1,6,11,8,14,25,-9
1,14,5,-20,16,-19,1,9,18,-16,14,-6
3,11,8,9,5,5,3,-6,12,0,1,-17
8,-19,12,-15,2,-15,4,-5,16,10,25,16
15,18,7,2,2,18,4,-2,12,18,2,-5
11,9,0,18,6,-14,2,1,18,-10,0,-12
7,-15,6,-7,16,-7,4,12,15,21,6,-12
11,5,13,6,5,17,7,-1,19,-4,16,-16
10,-2,2,-12,1,8,14,-12,0,13,9,-13
11,-1,8,21,1,10,3,0,0,-8,2,-10
2,0,10,16,2,-11,19,3,8,21,14,5
18,5,19,13,2,17,1,3,0,11,0,-3
8,9,18,22,13,-11,7,10,8,4,10,20
1,4,17,14,2,20,1,6,10,-4,8,0
2,6,17,7,0,7,12,24,8,18,12,-7
16,10,15,-5,1,5,7,15,2,19,4,-6
9,7,0,13,17,6,19,7,8,13,0,18
3,5,1,10,17,16,11,6,11,7,18,14
4,-3,16,11,17,-2,5,18,12,28,19,12
5,-3,14,16,13,-2,19,20,2,-1,7,1
3,-1,0,-2,21,25,14,31,13,-3,0,-3
19,-1,0,30,3,13,13,20,0,15,1,8
3,25,5,-1,3,8,20,0,0,15,2,20
2,4,0,0,1,7,12,9,16,31,2,5
