-4,-2,0,-5,0,-30,0,-29,0,-32,-6,-19
-2,-27,0,-10,-8,-28,-25,-10,0,-33,-5,-26
-11,-9,0,-17,0,-27,0,-30,-18,-30,0,0
-5,-21,0,2,0,-31,-1,2,0,-32,0,0
-1,-5,0,-10,0,-31,0,-30,-1,4,0,-4
-2,-5,0,-10,-1,5,0,-30,0,-12,0,-4
-3,-17,0,-19,-1,4,0,-30,0,-13,0,2
-7,4,0,-10,0,-29,0,-31,-1,4,0,-5
-3,-3,0,-13,0,-23,0,-23,-1,0,-18,-13
-2,4,0,-13,-18,9,-1,9,-1,-3,0,4
-3,0,0,-19,-18,-3,-1,8,0,-11,0,-7
-16,7,-10,-7,-19,11,-1,8,-1,-2,0,0
-1,-11,-1,-19,-16,-18,-1,7,0,-10,-8,4
-4,-22,-24,12,-17,-21,-1,9,0,-12,-2,-6
-7,-8,0,-9,-1,11,-1,8,-1,-6,-9,-15
-4,1,0,-9,-17,-21,-1,8,0,-11,0,1
-2,-20,-10,-14,-1,9,-1,6,-1,-5,0,-4
-12,7,-1,-15,-1,7,-1,5,-1,-5,0,1
-3,-17,0,-13,-1,7,-1,5,-1,-5,0,-4
-4,6,0,-7,-1,6,-1,11,-1,-6,0,-6
-10,10,-12,-4,-1,6,-1,11,0,-7,0,1
-7,11,-15,-1,-1,6,-1,7,0,-7,0,0
-7,1,0,-11,-1,6,-1,11,-1,-5,0,-6
-5,1,-1,23,-20,-4,-1,8,-1,-5,0,-10
-4,4,-2,20,-1,5,-1,5,0,-5,0,1
-10,14,-1,21,-8,10,-1,5,0,-5,0,-1
-5,5,-1,17,-1,6,-1,5,-1,-3,0,-1
-3,27,-1,17,-1,6,-1,3,-1,-4,0,-2
-9,17,0,28,-1,6,-1,12,-1,-7,0,-3
-8,24,-1,18,0,2,-1,4,-1,-9,0,-3
-1,1,0,3,-1,7,-1,4,-2,27,0,-4
-4,16,-2,17,-1,6,-1,4,0,17,0,7
-9,12,-1,20,-8,-4,-1,3,0,1,0,-3
-19,30,-1,20,-1,7,-1,3,-2,25,0,-5
-25,28,-7,21,-12,23,0,1,0,-2,-3,18
-22,35,-2,17,-1,8,-1,13,-2,26,-1,35
-21,8,0,30,-1,8,-1,13,-2,24,-1,34
-3,-1,-18,6,-10,-1,-2,34,0,4,-6,6
-9,12,-2,9,-1,9,-2,34,0,0,0,8
-6,-31,0,-14,0,-30,0,-28,0,-2,0,-5
-6,-4,1,-27,0,-30,0,-30,0,-3,0,-5
1,-26,1,-28,-1,0,-1,-3,-1,-11,0,-5
-1,-4,0,-12,1,-29,-1,-3,-1,-12,0,-6
-8,-6,0,-15,-1,1,-1,-9,-1,-14,0,-6
-2,-19,1,-3,-1,1,0,-27,0,0,0,-6
0,-6,0,-10,-1,1,-1,-13,-1,-17,0,-6
-5,3,0,-14,-1,1,-1,-13,0,1,0,-1
-3,3,1,-24,1,-25,-1,-13,-1,-16,0,4
-3,6,0,-15,-1,1,-1,-13,0,0,0,-4
-4,-2,0,-16,-1,1,-1,-15,0,0,0,-6
-6,-1,-18,4,1,-27,-1,-15,0,0,0,-20
-4,1,-1,-19,-1,2,0,-26,-1,-14,0,-10
-17,10,-20,12,-1,1,-1,-14,0,-1,0,-19
-3,8,1,-20,0,13,-1,-15,0,-1,-7,-22
-5,9,0,-12,-10,-18,-1,-15,-1,-13,0,-2
1,-4,-22,2,-1,3,0,-19,0,0,0,-18
-1,-2,-1,-21,-1,3,-1,-14,0,-2,0,-13
-7,9,0,-10,-1,3,-2,16,0,-6,0,-20
-7,0,0,-10,0,-13,0,-17,0,-7,0,-16
-7,9,-23,2,-1,0,-2,17,0,-10,0,1
-7,11,1,19,0,-14,-2,11,1,18,0,0
-4,-10,0,-12,-1,1,-2,11,-1,-13,-1,20
0,-8,1,-13,0,-13,-2,11,-1,21,0,0
-15,13,-1,18,-1,2,-2,11,-1,-14,0,0
-18,21,-1,15,-1,2,-2,11,-1,21,0,0
-18,21,-1,15,-1,2,-2,11,-2,23,0,0
-19,24,-1,15,-1,2,-2,7,-2,22,0,0
-4,-3,-5,1,-1,2,0,-9,-2,20,-16,12
-2,8,-1,16,-1,2,-2,8,-1,24,0,1
-2,16,-1,9,-1,2,-1,29,-1,24,0,1
-19,26,-1,8,-1,2,-2,9,-1,21,-1,25
1,7,-1,8,-1,2,-2,9,-2,22,-1,29
1,7,-1,8,-1,2,-2,9,-1,22,-1,28
-21,0,-2,2,-21,7,-13,30,-24,18,-9,29
-15,28,0,18,-12,10,-1,-1,-2,23,-1,28
-9,-2,-2,32,-5,9,-2,11,0,35,-1,26
-6,-1,-7,24,-5,8,-3,18,-1,23,-1,26
-5,22,-1,12,-6,37,-24,7,-1,18,-1,30
-1,-2,-1,-7,0,-35,0,-2,0,-21,0,-22
-2,-10,1,-1,-10,-30,-1,-36,0,-21,0,-29
0,-29,-7,-21,-10,-34,-1,-36,0,-23,0,-36
-2,-19,0,-24,-1,-1,0,-4,-1,-10,0,-9
-1,-21,0,-24,-1,-1,-2,2,0,-23,-22,-31
-1,-7,-1,-9,-1,-5,-2,1,-1,-9,-1,-1
0,-5,-1,-15,-1,-5,-2,1,2,-4,0,-15
0,3,1,2,-1,-6,0,-1,-1,-13,-1,-15
-1,2,1,2,-1,-13,-2,-2,-1,-13,0,4
1,4,-2,5,-1,-13,-2,-2,-1,-15,-2,-13
1,-14,-1,5,-1,-13,0,1,-2,8,0,1
-1,6,-2,-24,-12,7,0,1,0,-18,0,-3
-1,8,-2,-2,-1,-12,-2,0,0,-18,-10,-13
-18,3,1,5,-1,-12,-2,0,0,-18,0,-18
-14,-4,1,-8,-1,-17,0,3,-2,11,-12,11
-1,-21,-1,5,-2,13,-2,1,-1,13,0,-8
-7,-2,-1,5,1,-22,0,4,2,5,-1,2
-11,-19,1,-6,-18,17,0,1,-9,-16,-2,-13
1,3,-1,3,-2,14,-2,-2,-2,13,0,-6
2,-2,-1,-5,-2,14,0,5,-1,15,-1,-1
0,-9,0,20,-2,9,0,5,-2,7,-3,1
0,-6,-6,-9,-2,9,-2,0,-1,15,-3,-1
0,-4,-1,-3,-2,2,2,-5,-1,11,-4,-13
0,1,1,-2,-2,2,-2,1,-2,3,-1,2
0,-6,-2,19,-2,2,-2,1,-2,3,0,-1
0,10,-2,15,-2,2,-2,1,-1,10,0,-1
2,14,-8,10,-9,1,-4,-4,-15,0,-14,-12
-9,7,-21,-7,-1,19,-8,11,-6,-4,-1,-4
-7,-4,-11,5,-22,24,0,-5,-10,10,0,1
-1,14,1,-6,0,22,-3,25,-1,7,0,1
0,9,-2,19,-2,6,0,7,-2,8,0,1
-4,12,-2,19,-12,11,0,7,-1,8,-5,21
-4,12,-2,9,-2,7,-2,7,-1,7,0,-3
-4,1,-2,8,-2,3,-2,3,-2,10,-1,30
-13,22,-9,12,-5,22,-2,3,-1,4,-16,20
-18,9,-23,32,-14,6,-2,-1,-1,4,-5,0
-6,10,-2,15,-5,7,-3,25,-3,33,-1,32
-17,20,-2,7,-15,21,-3,31,-3,33,-1,32
-19,12,-2,7,0,27,0,10,-3,33,-1,28
1,-14,2,-36,-1,-31,-2,-12,-1,-4,-4,-38
1,-11,-2,-4,-1,-36,1,-34,-2,-5,-5,-19
1,-7,1,0,-2,-3,1,-36,-1,-8,0,-9
2,-25,1,-2,-2,-8,0,2,-2,-8,-6,-22
2,-23,-2,0,-2,-8,-2,-9,-1,-7,0,-8
1,2,-2,-16,-2,-8,-2,-15,-1,-7,-7,-5
2,-19,2,-32,-2,-14,-2,-15,-2,-6,-13,-27
2,-12,-2,-3,0,-31,-2,-15,-1,-7,-1,4
2,-2,-8,-21,-2,-13,-2,-15,-2,-5,0,-15
2,1,-2,-22,-1,-1,-2,-15,-2,-11,-13,8
2,4,0,-21,-1,-3,-2,-15,-1,-14,-1,-4
2,4,-9,-23,-2,-11,-2,-20,-1,-14,0,-13
2,9,-3,-9,-2,-11,-2,-20,-1,-18,-7,-17
-4,-6,-2,2,-2,-11,-2,-25,-2,-9,0,-12
-13,9,1,6,-2,-11,-3,11,-2,-10,-14,7
-15,5,-3,-16,-2,-16,0,11,-1,-16,-13,4
-5,-16,-12,1,-2,-14,0,11,-21,16,-7,10
-3,4,-11,16,-22,7,0,11,-21,13,-1,-19
-5,-16,-11,9,0,-16,2,-16,-11,14,-8,18
1,3,-2,7,-2,-13,0,-11,-2,-6,0,-19
1,18,1,11,-3,17,-3,16,-1,-18,-1,16
2,-14,1,6,-1,7,-3,16,3,8,-1,16
2,-10,-2,-1,-3,18,-3,11,-2,-9,-1,12
2,22,1,1,-3,18,-3,11,-2,-9,-1,12
2,7,-2,-1,-3,13,-3,5,-3,21,-1,12
1,5,-3,22,-3,13,-3,5,-2,4,-1,2
-19,23,-3,-11,-4,24,-5,10,-9,9,-7,9
-15,21,0,26,-21,14,-20,-5,-11,12,-1,1
-7,-2,-2,27,-21,-6,-5,10,-20,20,-21,17
0,3,1,-1,-3,10,0,-2,-2,6,-18,22
0,23,0,24,-3,10,-3,9,-3,26,-1,6
-9,10,-3,27,-3,10,-3,9,-2,-7,-7,0
0,12,-3,27,-3,10,-3,9,-3,27,-1,7
3,11,-4,22,-3,10,-3,9,-3,26,-15,30
-10,18,-8,15,-1,-4,-2,15,-3,23,-14,0
-8,33,-4,16,-4,-3,-3,10,-3,15,-1,-3
-17,5,0,-2,-5,34,0,1,-3,15,-2,33
-15,6,-4,16,-21,2,-3,6,-3,15,-2,33
-2,23,-3,32,-22,13,-3,6,-3,26,-2,28
4,-33,-10,-4,-1,-3,-2,-36,-2,-31,-1,-11
4,-31,-2,-10,-2,-23,-3,-30,-2,-18,-1,-11
3,-19,-11,-23,-2,-23,1,-34,-2,-21,-6,-33
3,-19,1,-5,-2,-28,-2,-35,-2,-32,-17,-7
3,-10,-2,-8,-1,0,-3,3,-2,-20,-1,-17
-2,-17,-3,-24,-1,-5,-3,2,-2,-20,-7,-18
3,2,-2,-13,-1,-13,-3,2,-3,3,-1,-17
-2,-4,1,-5,-3,3,0,4,-3,3,-1,-19
-4,4,1,-5,-3,3,-3,3,-3,3,-16,4
-2,-16,1,-13,-3,-1,0,3,-3,-1,-7,-18
-2,-14,-6,-21,-1,-28,-3,-1,-3,-10,-6,-6
3,-2,1,-12,-3,8,-3,-7,-3,0,-1,-13
4,-18,-4,7,-3,1,-3,-8,-3,-7,-8,-11
-1,0,-2,-7,-3,-6,-3,-8,-3,-18,-1,-12
-1,8,1,-16,-3,-6,-3,-18,-3,-7,-19,-22
4,-4,-4,4,-3,-6,-3,-20,-3,-20,-17,12
-10,-14,-17,-6,-2,16,-8,1,-21,5,-9,-21
-21,-21,-8,4,-5,16,-6,2,-15,2,-5,2
1,-1,-14,-20,-9,-1,4,12,-3,10,-11,11
-3,-13,-2,-4,-3,-12,-4,15,-4,15,-1,-13
-1,1,0,18,-3,-16,-4,15,-3,-16,-1,-18
-1,1,1,12,-4,17,-4,11,-3,-17,-2,18
-2,1,-2,-2,2,22,-4,22,-4,12,-2,18
-2,13,-2,13,-4,18,-4,12,-4,18,-2,18
-3,4,-2,-1,-4,14,-4,9,-4,11,-2,13
-4,5,-2,-10,-19,11,-4,6,-4,4,-2,13
-7,-8,-1,18,-14,9,-2,18,-11,-6,-12,-9
-13,12,3,-10,-2,10,-7,2,-9,-11,-10,19
-12,14,-2,26,-4,17,-5,2,-14,0,-10,-7
-9,-2,-3,5,-4,5,0,-8,-13,-2,-2,8
2,22,-3,-5,-4,11,-4,10,-4,19,-2,7
-1,-5,-3,28,-4,11,-4,9,4,27,4,16
-4,11,-3,28,-5,22,-4,9,-4,13,-2,8
4,9,-4,12,-5,12,-1,30,-4,10,4,27
-15,-3,-13,15,-2,-1,-4,31,4,14,-13,-2
-11,12,3,2,-4,10,-4,8,-4,15,-8,5
-20,8,1,8,-14,17,-4,8,-5,25,3,21
-12,12,-4,10,-21,14,-1,32,-4,13,-2,12
-1,22,0,0,-17,33,-4,9,-15,37,-2,2
5,-29,-14,-31,-12,-35,-4,-10,-3,-25,-7,-34
-1,-4,-2,-4,-4,-26,-4,-10,-3,-33,-16,1
1,-22,-4,-22,-4,-33,-4,-20,-4,-19,-1,-36
1,-27,-19,-28,-5,-7,-4,-32,-4,-20,-2,-1
1,-8,-4,-7,-5,-7,-4,-32,-3,-32,4,3
-4,-16,-2,-15,-5,-24,-5,-17,-4,-20,3,5
1,2,-2,-6,-14,-7,-5,-17,-4,-4,-19,-25
3,-18,-8,-18,-6,-4,-5,-21,-4,-23,1,-20
3,2,4,7,-7,-21,-5,-22,-4,-28,-2,-4
3,-15,-7,-1,-7,-25,-5,-23,-4,-26,5,-27
3,-13,-3,-10,-8,9,-6,-1,-5,0,-18,-9
4,-15,-2,-20,-15,-10,-6,-9,-5,0,4,-25
5,-23,-4,-9,-19,-6,-3,-12,-5,-9,3,-6
-5,-19,0,7,-13,-23,-12,12,3,-3,2,-13
-5,-14,-13,-23,-3,14,2,-2,2,-4,2,-19
-12,2,0,-11,-12,-8,-20,-3,0,8,-6,-1
-1,7,-9,-20,-14,-13,5,16,-12,-5,-13,-6
0,-20,1,-2,-5,-13,-13,-21,-8,14,-3,-13
-19,4,-12,9,-7,9,-3,-8,-15,-20,-5,-2
-5,-17,-9,13,-19,18,-15,15,-20,0,-4,19
-13,-15,-11,13,1,4,-3,13,-2,11,0,12
-8,-13,-17,-10,-16,5,-16,4,-17,6,-3,-2
-7,0,-11,20,-14,8,-12,4,-5,-4,-2,17
-2,22,-1,-15,-8,1,-7,14,-19,-14,-4,-11
-13,-4,-10,3,-2,-1,-7,17,-18,-1,-6,-9
-6,3,-6,17,-8,-4,-12,2,-12,6,-1,7
-3,-5,-3,22,-8,15,-6,5,-5,-5,-2,17
-6,-3,-7,21,-7,17,0,-3,-15,21,-8,12
-5,24,-8,15,-17,11,-6,6,-5,-6,-1,0
-11,-4,-4,-2,-1,-7,-16,-2,5,6,-4,-2
2,0,-3,11,-8,-3,-6,7,-6,19,0,30
-5,10,-3,2,-9,10,-6,-2,-6,10,-2,3
-6,11,-3,-3,-10,-1,-6,-3,-6,5,-2,11
-7,-3,-9,22,-11,29,-7,7,-5,10,-8,5
-18,25,-1,27,-3,2,2,7,-7,3,-8,26
-17,4,-9,15,-20,3,0,-1,-6,0,-11,33
-6,30,-10,3,-15,22,0,-1,-7,35,-2,12
-8,29,-2,14,-11,-1,-1,2,-7,26,-11,12
-7,19,-4,22,-2,6,-2,28,-7,15,-2,13
5,-2,-2,-28,-10,-5,-2,-25,-6,-27,-2,-4
5,1,-3,-26,-10,-17,-6,-33,-4,-26,-5,-20
6,-32,-10,-23,-10,-19,-7,2,-5,-1,-8,-26
6,-28,-4,-20,-10,-19,-7,-8,-6,-27,-2,-2
-1,-7,-3,-25,-10,-29,-8,3,-5,-6,-11,-1
0,-26,-14,4,-11,-5,-8,-28,-14,5,-2,-5
-1,2,-3,-24,-11,-27,-9,-29,-7,2,-9,-23
0,-16,-4,-4,-2,-10,-3,5,-7,-2,-12,-20
5,-3,-3,-12,-12,-19,-3,-8,-7,-3,-2,-13
0,-3,-6,6,-13,-22,-10,4,-5,-14,-10,-6
2,-21,-1,-28,-14,2,-10,-2,-5,-16,-3,-20
6,-16,-4,-24,-3,-12,5,-7,6,-5,-13,10
-2,-23,-9,-24,-3,-3,-3,-12,6,11,-12,-19
-3,1,-4,-19,1,-14,-10,-7,2,7,-4,-11
-17,4,-19,9,-17,9,-12,-12,-14,-20,0,13
2,-22,-6,-7,-18,1,-9,7,-17,-7,-7,-15
-12,9,-15,-5,-11,-14,0,-12,-11,-14,-18,-13
-13,3,-8,-21,-9,6,-17,-12,-7,-5,-4,-19
-1,-6,-5,12,-8,9,-1,-1,-1,2,-10,-11
-7,16,-13,-13,-11,17,-16,-13,-13,-3,-5,7
-9,-18,-9,1,-19,19,-4,1,2,5,-9,-12
-7,-4,-14,11,2,15,-1,-15,-7,-4,-3,4
-4,22,1,-14,0,-8,-10,1,-7,-6,-2,-2
-5,23,-7,8,1,-13,-4,-11,-9,3,-2,-4
-7,23,-5,-10,-4,8,-10,-5,-1,0,-3,14
0,11,-9,2,-6,-2,-10,-8,-10,13,-11,6
6,10,-9,24,-6,-4,-2,-5,-7,5,-4,24
-11,26,-19,1,6,-1,-16,21,-14,15,-13,20
-2,25,-18,-7,-5,2,-11,20,-9,-7,-18,28
-13,-7,-6,24,-15,-2,-1,-9,-14,2,-4,22
6,-6,-18,28,-3,19,-11,20,-7,0,-3,9
5,15,-3,-4,0,-7,-5,26,-8,11,-3,-5
5,12,-4,11,3,-5,-12,32,-10,28,-3,8
5,0,-10,15,-2,5,-13,32,-8,12,-17,-1
-8,18,-7,34,-3,14,-13,23,-8,12,-2,27
-1,-2,-10,27,-12,20,-6,30,-17,22,-10,14
-9,29,-19,13,-17,15,-14,0,-12,20,-13,25
-9,34,-3,34,6,31,-13,31,-2,11,-9,10
-8,14,-18,26,-18,6,2,10,-17,14,-11,36
-2,-28,-4,-10,-3,-18,5,-17,-2,-4,-13,-1
4,-26,-10,1,-8,-7,-5,-27,7,-23,-4,-30
-14,-8,-7,-25,-11,-36,7,-9,-18,-23,-10,-4
-1,-27,-3,-25,-1,-3,1,-10,4,-29,-18,0
-2,-30,-17,-6,0,-3,-14,-9,-14,-24,6,-10
6,-25,-14,5,-1,-16,-1,4,-9,0,6,-15
1,3,-4,-5,-2,-18,-12,-14,-9,-11,-3,6
3,-3,-10,-3,0,-28,-12,-25,-9,-7,-7,-18
4,5,-4,-19,0,-7,-12,-28,-9,-10,-10,-17
2,-16,-15,-24,-15,-11,-13,-11,-9,-12,-18,-25
-9,-26,-11,-11,-18,-4,7,2,-5,-14,7,-8
-15,6,-12,-25,-13,-18,-12,-1,-12,-22,-8,-10
-17,9,-15,5,-16,-17,4,-7,-13,10,-2,3
-12,-22,3,6,-3,-18,-13,-8,-10,-7,-8,9
-3,-8,7,1,-9,2,-13,-8,-9,-8,4,12
-3,-10,-3,-23,-16,-3,7,-2,-14,-2,-9,-4
-12,-12,-10,-10,1,1,-6,-12,-12,-1,0,9
0,-8,-12,-11,3,-2,-14,-8,-2,14,-9,-9
-3,-1,-6,-13,-5,16,-10,-1,-1,15,-10,-3
-11,11,-8,-7,3,-8,-18,7,-14,-15,-2,-8
-13,6,-9,1,-10,6,3,4,2,5,-13,4
-6,-2,1,20,-2,-8,-4,-9,-9,-10,6,-12
-7,21,7,13,6,-12,-5,19,-10,17,-3,11
-5,0,7,11,-8,-6,-13,-1,-9,-10,5,-11
-1,1,-6,21,-18,-5,-7,-2,-2,23,-6,20
7,-13,-16,-2,-18,7,-17,14,-6,19,-6,25
-11,-7,-5,14,-5,-9,1,-11,-15,20,-15,13
-2,-3,-1,4,2,-10,-6,17,-7,26,-12,25
-13,28,7,10,1,18,-7,7,-10,20,-15,4
7,23,-14,-6,-4,-6,-13,1,-11,29,-3,2
6,-6,7,-5,4,24,-14,24,-11,29,-4,19
-6,21,-4,10,6,-6,-14,3,-10,21,4,23
5,32,-4,-5,6,23,-7,1,-11,25,-4,-4
7,15,-12,30,6,25,-15,29,-10,-3,4,26
-18,4,-8,34,-4,11,-15,18,-11,15,-16,14
-18,22,-8,27,-7,3,-9,3,-3,29,-13,1
-11,10,-15,18,-13,30,-10,29,-13,7,-5,30
-13,29,-1,30,-7,4,1,10,-2,-1,-11,14
-9,8,-17,21,7,19,-16,13,-11,21,-9,8
-2,-34,-3,-33,-17,-38,-6,-37,-10,-21,-4,-11
8,-6,-4,-34,-7,-34,-8,-15,-11,-1,5,-27
-4,-31,4,-26,-14,-9,-8,-32,-3,-20,-14,-5
0,-26,-13,-12,-3,-24,-11,-26,-6,-10,2,-26
-14,0,-11,-7,-5,-6,-4,-26,-6,-20,-12,-3
3,3,-2,5,-3,-29,-4,-31,-10,-18,-4,-22
3,-17,-6,-15,5,-30,-15,-1,-10,-19,1,-9
3,-3,-3,-28,-3,-5,1,-30,-11,4,-15,6
3,3,-13,6,-3,-2,-16,2,-11,-1,5,-1
6,-4,-14,-1,3,-25,5,9,-12,-26,-15,7
-16,-23,-13,-8,-2,8,-17,-23,-14,2,-1,8
-9,-21,-11,-1,8,-3,-4,-1,-17,-18,-14,-23
-13,-21,-10,-23,8,-1,8,-3,-7,-14,4,4
-4,-7,-13,1,-4,-5,-15,-24,-7,8,-7,12
-17,-20,-3,11,-7,1,-1,2,-15,9,-9,-4
-12,9,-7,-20,-2,9,-15,3,-15,-12,0,15
-10,0,-8,-19,1,-6,0,-21,0,-17,-12,-9
-4,2,2,4,-4,-5,-14,-11,-15,-16,5,0
-5,-4,1,3,-9,-19,-9,18,-8,18,-16,-7
-8,16,4,-14,-6,2,-6,8,-4,5,-11,-15
-7,19,5,-6,-14,-12,-17,18,-2,0,-4,-13
-11,3,6,20,-2,17,-16,-12,-11,17,5,-9
-4,21,-6,-13,-10,8,-10,-5,-7,19,-12,-15
-9,-1,-6,-3,2,7,2,8,-13,-4,-4,21
8,24,0,22,8,3,1,8,0,24,-13,11
-15,23,-15,8,-4,4,3,-9,-15,8,-3,-7
-1,-1,5,8,-13,-9,3,10,-4,20,5,-1
1,-7,-13,-4,-10,3,-14,13,8,25,-12,15
-13,23,-4,-5,7,22,8,-2,-11,17,5,-7
-7,-4,-17,13,-2,-6,-2,-6,-11,24,-4,-6
7,12,7,27,7,25,-9,21,-11,-2,-5,5
7,-3,-8,27,7,27,-15,21,-11,8,-2,-1
5,1,-9,8,-2,-2,-7,-2,-12,13,-6,11
8,20,-12,15,-2,8,-3,2,-12,10,2,27
-14,21,-12,-3,-6,27,8,22,-6,3,-17,15
-13,6,-16,24,3,19,-14,6,-17,17,-6,11
-1,30,-7,16,4,35,-14,19,-12,32,-6,7
-13,10,-13,5,-2,20,-15,28,-5,18,5,19
-7,30,-9,8,-9,11,8,37,5,11,-8,32
-3,-34,-1,-8,-4,-31,1,-13,-6,-22,-16,-10
-12,-3,-13,-13,-2,-21,-11,-6,9,-4,-5,-4
1,-25,-14,-36,-11,-28,-13,-10,-7,0,-6,-18
1,-25,-13,-19,-1,-17,-15,-1,-14,-31,-6,-31
0,-29,-5,-3,3,-2,0,-11,-12,4,-2,-24
6,-17,4,3,-11,-18,-13,-5,-11,-20,-7,-26
4,3,-13,3,2,-28,-8,-21,-12,-25,-3,-26
5,-18,-6,-11,-11,-12,-13,-2,-11,-24,3,-13
5,-15,-13,-13,-11,-10,-12,-24,-11,3,2,-23
-1,-26,-5,1,-3,8,7,-23,-15,-12,-10,-4
2,-23,8,3,-5,9,2,-5,1,-8,-15,3
4,-23,-9,-12,-4,7,6,4,-10,-14,-16,-3
-10,-21,-9,-21,3,-20,-3,-9,7,-25,-13,3
-13,1,5,5,-10,-15,-11,-20,-9,-25,3,-2
4,-14,-7,2,-9,-4,-12,2,-5,-3,-5,8
-5,-12,-6,11,6,-2,-4,6,1,8,-8,4
-13,-22,-2,7,4,9,-10,9,-9,2,2,-21
6,-20,-9,4,-15,12,-12,-1,-5,1,-7,14
-8,6,8,-2,9,1,-9,1,-12,-8,-10,8
-10,10,-7,-19,9,8,-1,10,4,-11,2,19
-16,5,-13,-16,-7,-8,-8,-12,-12,19,9,20
-14,5,-1,17,0,5,0,-8,-12,10,-8,18
-2,-1,-12,8,0,22,1,16,5,5,-15,-8
-7,-14,3,14,-2,14,-4,10,-3,18,-3,3
-15,19,-5,-8,-15,22,-7,15,-5,10,-3,17
5,-3,-4,-3,-10,16,2,-5,1,-5,-4,-4
0,9,-7,21,-15,-1,-14,21,-10,16,-6,-12
0,23,-2,27,1,1,-12,-11,-4,-9,-10,-10
0,-7,-16,8,1,-7,-9,18,-4,21,-8,18
9,20,-2,5,-9,28,-9,15,-13,26,5,16
9,7,8,0,4,24,-1,9,-11,15,-9,26
-3,20,5,18,-10,-1,-1,11,-13,24,5,-4
6,24,-8,29,-9,6,-13,27,-15,31,1,19
-9,28,0,29,-6,18,-1,23,-11,15,-9,28
-11,2,-16,17,-3,-3,-12,-2,-7,24,-12,16
-14,29,-7,5,-13,16,9,33,-6,-2,-7,19
3,-1,-7,16,-6,32,-7,33,-7,29,-4,9
-7,31,-15,23,-16,29,4,19,-11,11,-13,17
-14,26,-8,20,5,5,-6,16,5,29,-16,18
-5,-4,2,-15,-12,-38,-15,-20,-7,-16,-11,-20
-6,-12,-1,-16,10,1,-3,-7,1,-21,-6,-9
-9,-30,-8,-2,-11,-1,4,-7,-12,-33,-14,-19
-15,-28,1,-19,-4,-8,0,2,-4,-16,-9,-27
5,-22,3,-10,1,-5,-10,-1,-4,-19,3,-9
1,-31,-11,-14,0,-18,0,-28,-10,-15,-9,1
-8,4,8,3,8,-30,6,5,-12,-17,-10,-25
-8,3,-8,2,-5,-16,-2,6,-14,-21,10,0
-10,6,-3,-10,2,-4,-2,-16,-10,-14,-9,-15
-4,-2,-14,-18,1,-22,6,-20,-11,-23,-6,-4
3,1,-2,-26,0,-26,0,7,-14,-8,3,-26
6,-18,-3,3,-7,2,-4,-24,10,-1,5,-26
-7,-2,2,-26,-13,11,0,0,-7,-13,-4,-24
2,-25,-1,-1,10,-2,7,-15,-5,-11,6,4
-15,-18,-7,-13,-11,14,-9,-14,-1,-11,-9,-10
3,1,0,-22,-8,5,-12,-5,-12,13,-7,-23
0,-10,-7,5,-11,5,6,-2,-1,9,2,13
-6,-9,-4,-20,-9,15,1,-14,-6,-12,-9,-10
5,-20,-1,2,0,9,1,-19,-15,-9,-8,9
-4,-6,5,-16,-4,0,-3,4,0,10,-11,-16
-7,-1,-4,6,3,-17,1,-14,-11,18,7,20
-7,2,-14,1,-8,-11,1,-9,-15,4,-3,14
-2,-3,-2,18,4,8,-14,8,4,-15,3,16
-11,-2,5,5,-14,8,6,6,6,-12,-15,6
-10,-11,-2,9,3,6,5,24,-9,-5,-10,16
-14,-10,-12,12,-9,-11,-13,23,3,25,-14,9
1,-3,0,24,10,6,-14,9,-2,22,8,-10
-3,-6,5,24,-8,7,1,2,-11,24,2,12
5,-7,-9,5,-9,25,0,-1,-9,28,-10,26
-6,12,-13,1,-9,19,3,-4,0,26,-12,29
-7,-3,2,-1,-9,23,4,4,-15,6,6,24
-9,21,0,-3,-7,5,6,31,9,13,-10,28
-2,1,5,10,0,-5,0,32,2,24,5,3
-4,-3,-4,16,-6,22,1,10,-14,0,-5,11
-13,0,-3,0,-7,12,-5,14,4,34,6,16
-13,20,0,16,-4,12,-5,10,3,9,-2,-3
-3,15,-10,27,-9,20,4,2,-5,32,-5,27
-15,26,5,13,-2,24,-4,23,-6,31,0,7
6,11,-12,13,-9,16,-12,13,-11,20,-10,33
1,-31,-2,-19,-5,0,3,-14,-8,-12,-10,-19
5,-25,6,-29,-12,-21,-11,-32,-8,-36,-12,-12
0,-25,-8,-15,-11,-14,-14,-3,-5,-28,-7,-26
1,-10,-3,3,-1,-35,-11,-20,-5,-35,-8,-12
-6,-33,0,-22,6,-24,2,-17,-3,4,3,-34
7,-16,9,-15,7,-31,-10,3,-9,4,-9,-13
0,-4,9,-29,-1,-26,-9,-26,-9,-4,-8,6
6,3,-9,-16,0,-25,-9,-18,5,-22,2,-16
-2,-3,-11,4,7,5,-9,-15,3,-6,11,7
-3,-23,2,-3,1,-24,1,-15,-8,-15,-13,-11
-14,-2,-14,-19,2,-12,6,-25,7,9,0,-14
6,10,-6,-3,0,7,-13,-21,-10,4,-9,-8
-7,-22,-2,-9,-11,-25,-11,1,0,-5,8,-24
-14,-23,5,-15,3,-1,11,-6,5,-20,-13,-25
-1,11,6,-23,-2,8,11,-6,-5,5,-8,0
-11,-14,-4,2,-12,-5,-2,-19,7,-12,-1,-1
1,8,-7,-18,-8,-3,1,-2,-13,9,2,-3
-4,8,2,-16,-13,-8,-13,5,-2,12,-2,-1
7,0,-11,10,-11,15,-12,1,-12,-11,4,-8
11,-18,-11,-19,1,18,-2,-11,-4,-10,-1,5
-12,-6,-3,5,1,-4,11,-8,6,-14,-3,5
-14,4,-1,-10,-8,10,1,-10,-7,1,0,-14
-14,6,8,19,-9,20,0,-12,-12,-10,-9,2
-5,22,-2,-9,-2,-11,-9,4,-1,21,-6,-7
-13,22,1,11,-6,0,-14,10,-1,-4,0,19
9,7,-9,17,-14,-2,-12,-9,-7,12,-5,18
3,8,-8,21,-7,-9,9,26,-10,21,-9,3
7,26,1,-2,-11,5,8,18,-9,24,-10,23
0,-3,-3,4,-9,16,-13,-6,-9,12,-10,5
9,-5,8,9,-12,-3,-9,11,-13,9,-11,26
7,23,-10,0,-4,28,1,13,-12,11,-6,1
11,21,8,-4,-4,15,4,4,-11,0,-12,6
2,1,-14,21,-7,26,-14,22,1,14,-11,0
11,29,-8,9,-8,7,-3,20,5,5,-2,2
-5,18,7,18,-10,5,-14,26,1,20,7,33
-1,35,-2,13,-11,33,-14,18,-13,9,-2,21
-9,21,5,36,7,7,-14,-1,-10,7,6,30
-11,36,5,11,-5,6,-3,12,3,36,-5,29
-4,28,-9,12,3,31,-5,2,-5,22,-12,17
-7,-38,8,-6,-3,-31,2,-13,-10,-24,-10,-4
-6,-28,0,-37,-1,-27,-2,-6,-13,-27,-1,-8
2,-12,-11,-23,-9,-25,-9,-31,10,-34,6,-25
-5,-23,-8,-25,3,-3,-2,-31,6,-11,-6,-9
9,-29,2,3,7,-11,-2,-1,7,-10,-3,-15
-4,-10,-7,-30,5,-19,-10,-29,1,4,2,-29
-12,-28,-4,-4,-3,-24,-1,-32,6,-11,-3,-2
5,-22,-12,0,-9,-19,12,-9,9,-26,-10,-5
0,-21,0,-1,-2,5,12,-2,10,-11,-9,-19
-3,-23,-12,3,-4,-28,-13,2,-10,-19,8,-25
8,-24,-1,-17,3,-22,-11,4,-10,-11,2,-4
-10,-26,3,11,-9,3,-6,-18,4,-6,0,7
4,4,12,-26,-4,-8,1,-2,-12,2,-12,6
-7,2,-13,-18,1,-8,-6,-19,-9,5,6,-17
3,13,-3,-10,-1,5,-3,8,-12,0,3,9
3,-23,-12,-15,0,0,-7,-12,-1,15,5,1
-12,-14,-10,10,-4,7,-3,12,-1,-1,1,-22
-10,11,5,-20,3,-20,1,10,-1,-9,0,2
-10,11,-4,3,8,10,-1,-14,-11,12,-7,6
-3,-12,-11,-18,-2,4,-12,-3,-9,5,-2,18
3,13,-9,-17,-5,0,5,-8,-9,11,10,4
-10,5,-10,2,0,16,-1,-5,-3,-7,-10,16
-5,-1,0,11,-7,-11,-3,11,-10,9,8,2
-7,-1,1,5,-4,9,0,23,-12,20,7,18
-1,4,3,-2,-4,23,-1,8,0,-13,-9,7
-2,-8,5,-11,-7,13,-11,-2,-12,0,1,22
-9,25,-8,23,12,0,8,-9,12,17,7,6
-9,24,0,2,2,-5,4,-9,12,9,7,-4
5,12,0,9,0,21,-11,-8,6,15,-8,1
-11,22,7,0,1,21,-7,14,3,-8,5,-1
-2,27,4,16,-10,-5,1,14,4,3,-10,2
7,-2,-11,22,2,18,-5,20,-2,24,-12,17
12,15,7,-6,9,-3,8,-6,-3,21,5,-2
-6,32,3,16,4,-1,7,23,-4,7,-4,-1
-6,-3,-12,19,11,17,-12,31,-8,17,-9,13
0,33,-10,-2,-9,26,-2,16,-6,29,-9,26
-5,28,-9,27,3,8,-12,31,-4,23,10,3
-8,0,-9,11,0,14,-1,34,-5,14,-6,21
-3,12,-1,29,-9,23,6,21,9,4,-7,20
2,-16,3,-33,3,-8,5,-35,-8,-19,12,-3
-11,-7,-6,-19,1,-5,2,-12,-12,-14,-8,-35
-5,-7,0,-34,6,-12,-6,-21,-3,-35,-8,-6
4,-10,-9,-25,-8,-11,-3,-23,-9,-13,-9,-12
-7,-24,-12,-15,-12,-12,3,-10,7,-4,-7,-6
-11,-7,-7,-25,-1,-20,6,-8,0,-7,10,4
3,0,8,-3,10,-23,11,-31,-5,-24,-4,-26
7,-23,5,-17,-12,-5,-11,-2,-1,-20,6,-25
-8,-7,4,1,-1,-26,2,-29,12,-26,-5,7
-10,-28,-12,-3,1,9,-5,-19,-12,-4,5,-7
-2,-5,-7,3,11,9,5,-24,-7,-14,-2,-3
-10,-24,10,-8,-12,5,-12,-16,8,-15,-1,-3
8,5,11,-24,2,-25,5,-9,-1,-21,0,-22
1,-3,-4,-24,-3,0,13,-13,-11,-22,-5,11
-9,-16,-7,14,13,-23,-12,-22,-11,-18,-9,-15
6,-11,-10,9,0,15,6,8,9,-17,5,-16
-2,-8,-10,14,-12,9,-1,8,9,16,10,-21
10,0,-3,-10,9,2,0,-12,-4,3,-3,3
-7,-20,-6,-3,0,6,-7,-16,13,11,-12,-5
2,0,-7,-17,3,12,-1,13,-1,9,2,-10
0,20,-5,-2,-2,11,-2,1,-11,-7,-6,-16
4,-2,-3,-2,5,13,-6,-3,-7,-9,9,-12
5,-3,8,-12,-3,19,5,20,-9,-4,9,-10
3,-1,-2,17,-8,5,10,-3,2,10,12,-14
1,16,1,10,-9,24,3,16,5,-8,1,-4
-5,-13,-8,1,6,2,3,19,12,8,4,21
-7,-4,-1,-4,-4,8,5,-12,-7,17,1,-11
-8,-9,6,11,8,26,-11,17,-6,-1,0,-5
1,2,-12,1,13,27,-10,17,-6,12,-6,6
-4,23,6,3,8,12,13,11,-1,-6,8,1
4,28,-3,14,-4,29,-6,17,1,8,-8,6
-2,-4,-5,17,0,29,8,24,7,-1,-2,26
6,26,2,31,2,29,9,17,10,25,3,-1
-4,-3,-11,7,3,18,2,1,-2,24,-2,-2
-10,21,3,12,-9,16,-10,34,4,2,2,30
7,-3,-3,7,-12,5,2,27,-6,-1,-7,26
0,8,-9,34,-11,29,9,2,1,29,9,17
-4,21,8,18,2,1,-6,-1,-3,18,-9,19
-6,31,-10,8,-10,11,1,6,-7,10,-2,8
-3,-10,14,-3,1,-14,-2,-28,2,-26,-11,-4
4,-19,-4,-11,11,-11,-4,-20,4,-34,-10,-2
11,-11,2,-19,11,-28,7,0,4,-30,-11,1
11,-6,6,-22,4,-24,-4,-16,-8,-2,-10,2
10,-32,-9,1,11,-16,7,-30,-11,4,-4,-4
7,-23,-10,-33,-6,-12,8,3,5,-13,-9,-13
-3,-24,0,3,-6,5,2,4,0,-6,-1,-17
-1,-29,-6,-9,-1,6,-3,-28,9,7,-9,-5
12,-27,4,-19,11,-7,-2,-14,6,-7,-7,3
0,-8,-10,-14,-8,1,-2,-9,8,-18,-3,-28
-3,-28,7,-12,12,-24,3,-16,9,1,-2,-7
7,-24,10,-7,0,-2,5,-9,-9,4,-2,-25
4,0,-7,-22,3,-3,-2,1,1,-6,-11,3
4,10,3,-19,2,1,0,-25,11,-24,4,5
-6,-15,6,-18,-9,7,3,-5,3,2,-6,0
0,-14,4,12,6,-15,-2,8,5,-14,0,-18
3,2,-5,-3,1,13,-1,-2,-3,-18,-2,7
-1,4,-6,-21,11,-9,-6,17,1,-15,-1,6
0,-5,-4,0,3,12,9,1,-1,-5,-1,-19
-10,-8,-2,10,-3,15,-6,9,2,0,-6,2
-9,2,9,6,2,1,5,-13,9,12,-3,-8
-3,-1,-6,-4,-4,-16,11,-8,0,13,-11,-7
3,21,2,20,11,8,10,-4,12,21,-9,13
-4,5,-4,3,-2,-2,-2,-8,3,3,4,10
5,16,-11,-1,6,1,2,18,-9,23,0,-6
1,18,10,-2,-8,19,-6,16,10,7,12,24
10,-12,10,17,-7,5,-9,23,5,20,-8,-12
5,13,0,14,2,2,-4,-10,-3,5,2,19
-2,16,-9,20,4,7,6,19,-8,3,-2,6
-10,20,5,1,-6,13,3,14,9,0,-2,2
10,21,10,29,0,16,-11,-8,-8,16,-8,20
-4,-5,5,18,3,24,3,4,4,1,1,-4
9,2,-2,10,-9,-6,8,-1,-8,21,-10,24
-3,33,-5,17,11,31,2,17,14,33,-2,10
8,16,-6,19,-9,22,0,7,7,20,-8,9
-1,6,4,15,5,28,1,34,-11,23,3,27
3,-1,-3,19,-3,19,10,9,9,20,2,10
-1,31,14,0,-6,15,8,8,5,4,-8,10
8,38,-8,37,-10,21,3,9,-7,2,-10,19
-2,-29,-1,-33,6,-19,-1,-2,-3,-26,-7,-33
-6,-29,4,-22,0,-23,10,-25,1,-35,-9,-3
-4,-4,0,-9,-9,-24,2,-33,10,-16,-2,-31
10,-15,1,-30,-4,-14,0,-34,-4,-24,-9,-2
2,-23,-6,-7,11,-5,0,-13,0,-15,0,1
-7,-10,12,-11,-1,-10,9,-1,2,-9,-5,-25
1,-20,1,-17,-6,-22,8,-11,-9,-32,7,0
1,-24,8,-10,-5,-17,2,2,15,-8,9,-1
15,5,-4,-26,1,-2,9,1,11,-25,7,-24
6,-6,-2,-13,8,3,0,-4,9,-17,4,-6
-2,7,-3,3,7,9,0,8,-3,-17,11,-27
6,-8,4,-19,-4,-13,-3,7,-2,10,-4,-9
6,-4,-9,-13,3,-4,-8,-18,4,-12,8,-5
7,-4,7,-4,-3,-8,0,-3,14,-20,-4,-25
-3,1,11,-18,12,14,9,4,5,-15,0,-2
-1,6,-4,5,6,-10,10,13,6,-19,-5,-9
3,7,-4,-11,-9,4,-4,-17,-2,7,5,15
-5,4,-8,13,5,-11,8,5,10,-20,-6,16
-7,-8,-7,2,-2,-3,-4,2,8,11,-3,7
-7,1,2,-11,-9,-12,-10,3,-9,6,-5,-14
-9,-6,4,-8,-6,-4,10,5,1,-17,4,18
-6,-3,-6,-6,0,16,-7,20,1,-7,-2,12
-7,-5,2,15,-8,-12,-2,19,9,7,-6,-12
1,21,-4,-14,8,23,3,19,-6,13,-6,7
-3,0,-6,11,6,21,-3,17,-5,16,-3,-6
-7,-3,9,10,1,-4,13,-9,4,-13,3,24
5,24,-3,1,-10,21,-9,-3,1,0,2,3
-1,-2,13,8,-3,16,1,25,5,10,-6,12
-2,10,5,13,-3,24,1,10,-5,21,3,25
9,2,-2,-4,6,27,15,24,-3,21,-10,22
13,13,0,14,-9,0,2,18,-1,6,-9,-7
13,30,2,26,4,0,3,4,-10,-6,-7,0
4,-4,-10,-5,12,29,-1,28,6,16,8,10
15,28,7,15,0,-1,-1,-2,9,23,-4,0
-4,19,-6,6,9,8,-7,-2,3,21,-6,20
9,28,-3,24,0,9,-4,14,0,28,0,25
5,29,3,16,-4,15,7,19,-7,4,-1,24
-1,29,7,31,1,19,10,36,-9,7,-2,2
-9,7,0,35,-1,3,8,9,13,4,-3,25
-2,0,-3,-4,-1,-28,7,-17,5,-2,-4,-38
5,-31,-6,-4,-5,-18,5,-27,14,-32,14,-16
-4,1,3,-31,16,-14,2,-15,-7,-1,-4,-20
4,-29,6,-4,4,-5,12,-29,-9,-1,-3,-28
6,-5,11,-13,1,-10,-8,-4,4,-5,8,-22
5,2,6,-9,4,1,-5,-10,3,-3,5,-17
5,-32,1,-4,5,6,1,-22,7,-8,5,0
9,-29,2,-3,0,-16,5,3,11,-28,8,-2
13,-20,-9,-7,6,-18,-3,-14,-7,-10,7,-4
3,-4,-7,-3,5,-5,9,-13,-6,-9,-7,9
12,-6,6,4,-7,7,-3,-4,13,1,0,-10
14,-22,-5,-14,4,-6,11,-17,1,-14,2,-7
8,-3,3,6,-5,-13,16,-2,9,6,-9,12
-6,11,-2,-15,-3,-7,1,-16,10,-21,-7,5
3,0,6,-11,6,14,9,14,-6,10,-3,-5
-4,6,7,-22,-1,15,-3,-20,9,14,-8,-9
2,11,4,0,12,-10,1,4,0,15,4,-3
3,-12,9,-10,-2,-8,3,0,-6,-19,-7,-14
-7,-2,-3,3,12,-17,0,18,-5,-5,-2,0
-8,-5,3,-19,-5,12,-1,4,5,4,3,-19
-9,-4,5,7,-3,19,6,18,9,-9,-8,-3
-9,2,0,-5,-5,15,8,13,1,5,-8,-7
7,22,-1,-16,5,5,-9,16,9,-12,-6,21
-5,6,10,-9,-2,-8,16,-14,-3,3,-8,5
-9,-3,12,-5,16,15,-2,11,-5,0,-7,9
0,-2,1,24,8,-13,-7,-13,12,6,-3,-10
-2,12,-4,24,3,21,0,7,-1,26,-9,18
-8,17,0,-4,-5,15,2,11,3,-4,-3,2
-1,26,4,10,-6,18,5,-8,4,8,-2,8
-9,29,-6,-3,-5,-4,11,21,11,12,-9,16
8,8,4,30,6,16,5,28,3,15,5,5
16,20,-2,28,6,12,-3,14,9,19,-2,31
4,-3,9,-1,-7,23,5,14,3,9,-2,-6
-3,32,-1,13,-4,1,3,31,-3,25,8,21
-3,22,0,-3,14,18,12,26,7,6,10,18
-9,28,0,22,9,18,-2,26,-2,-1,6,12
-5,22,12,-1,0,12,-6,-2,1,24,13,2
-8,31,-6,37,1,19,-1,20,-5,2,-6,7
2,23,-6,9,16,28,4,21,-1,36,-3,22
-3,-4,-7,-4,4,-32,0,-28,1,-27,2,-18
-2,-1,16,-17,8,-35,1,-16,2,-26,-1,-18
17,-12,14,0,4,-34,-1,1,0,-1,3,-18
14,-26,17,-13,5,-21,2,0,3,-8,0,3
5,0,-1,-32,0,-25,6,1,14,-34,1,-33
-2,-24,-5,-25,-3,-29,11,4,8,-26,2,5
10,-2,10,-2,-6,-4,2,-9,12,5,-3,-30
9,-29,-1,5,-5,-8,4,-16,4,-17,12,5
10,-22,-7,-21,-1,-1,1,-15,-1,6,5,3
2,-28,11,-5,-8,-22,16,-24,6,3,4,-3
12,10,-8,-3,-2,-28,-1,-13,-8,-4,11,-7
5,-16,1,-21,5,-15,4,-7,4,-26,9,-11
6,0,3,-22,-3,-13,3,-8,2,-5,-4,-25
-3,1,11,-20,2,-15,-7,-8,-2,-18,-1,6
3,-14,13,-3,14,-14,-1,-2,2,-16,3,-18
2,-4,-6,14,4,-6,-6,0,3,-23,0,-7
6,8,9,4,-4,-1,4,-6,0,-12,-3,10
-2,-9,-8,-1,-5,16,5,9,14,-12,6,0
-7,1,0,-18,-8,-10,-7,-8,4,2,0,5
1,-1,-2,-7,3,11,1,-19,3,17,9,-18
3,0,0,14,17,18,9,-13,-5,20,2,-6
-6,-1,-4,-8,-8,12,-4,1,7,13,7,2
9,-2,13,-14,-5,-2,-1,11,8,15,-4,-16
4,-15,4,13,-1,16,13,-10,6,-8,12,-13
1,1,-6,-11,6,8,5,4,8,19,4,8
4,21,2,13,2,22,-3,14,17,-12,14,6
-5,18,-1,20,-1,-2,-7,1,-1,-11,-6,4
3,20,11,-7,13,27,-3,12,13,11,4,8
-4,20,-1,-2,1,-8,-1,4,-1,4,8,21
3,16,-5,3,-1,27,14,21,7,14,-4,0
14,-4,2,-4,11,-3,13,21,-1,12,4,24
2,26,9,-6,8,19,11,15,9,-6,4,14
8,-5,4,12,8,27,-2,-5,-4,7,-3,32
17,25,2,28,17,9,0,4,14,-3,-4,8
6,17,9,12,8,17,0,4,4,24,1,29
14,17,-2,10,2,35,-4,0,-1,26,8,-2
-3,25,-7,4,9,-1,-2,26,7,-2,7,33
1,9,15,5,14,21,8,31,6,32,-2,20
-4,6,2,9,2,11,5,7,-4,23,3,29
15,-1,-6,-3,10,-33,9,-3,6,-33,-7,-27
-3,-1,18,-3,5,-36,0,-29,6,-31,4,-10
-1,2,-7,1,-6,-31,-5,-11,-1,-17,3,-31
18,-12,6,-24,-4,-25,-6,2,6,-26,5,-18
4,-8,1,-17,-2,0,6,-31,11,-11,7,-33
-7,-24,16,-32,4,-17,0,-30,10,-17,6,-17
5,-31,5,-29,-3,-24,4,3,-5,4,14,6
12,-29,-5,0,16,-11,13,-22,6,-29,7,-11
7,-10,-2,-26,10,-1,1,-25,-2,-28,-7,-8
-3,-2,4,-16,1,2,-7,9,-7,-27,-7,-21
5,-8,-7,3,9,-23,5,-21,15,-16,14,-6
7,-18,0,-6,0,-11,0,-22,-4,-26,12,4
0,-20,7,5,6,-21,7,2,-3,-18,0,6
8,-3,-4,-7,5,-11,2,-1,14,-15,12,-20
2,-17,4,-5,-6,-9,1,-22,-4,-8,4,-5
2,-7,15,-21,-3,13,0,7,0,-19,13,-3
-2,-6,6,-14,-4,-7,0,-4,13,6,5,-17
-2,-1,14,2,2,-15,9,10,13,-2,6,-7
2,-3,11,9,5,-5,2,5,-7,-13,-2,3
-5,-2,12,-17,1,11,-1,0,18,13,-1,-2
-2,1,0,19,2,3,8,-6,3,-11,4,-2
-2,-3,-6,-16,9,-13,8,-17,11,-2,5,-3
3,2,10,-4,4,10,-7,-3,1,-10,-4,6
7,16,-7,-5,-3,-15,-2,11,10,-5,12,14
-5,-3,10,-12,1,-8,2,-3,5,-9,14,22
-1,-5,7,-13,5,7,-4,-10,-3,12,-1,-7
-6,19,5,-11,0,-3,3,-7,3,-10,-3,-6
-3,18,0,-5,-5,-1,-2,1,-6,12,5,7
4,-9,-1,22,-2,-7,3,-8,5,-1,5,2
14,-4,2,26,-5,-8,0,17,9,20,-2,16
1,25,8,6,0,25,11,21,7,2,8,12
9,22,6,-6,-4,24,15,14,-7,22,8,5
-5,-6,-7,23,12,4,0,10,11,10,-5,3
8,28,13,17,16,1,-4,3,1,16,8,21
1,6,9,28,-6,10,18,25,-5,23,9,-4
6,29,-4,1,3,10,11,10,-3,13,6,25
-5,28,0,27,15,18,11,13,4,30,3,19
13,28,-7,33,1,32,4,22,6,22,1,22
-3,0,14,38,5,8,6,20,9,38,1,24
11,-12,1,-10,1,-12,4,-1,1,-5,10,-28
8,-34,-2,-4,1,-32,1,-24,2,-36,7,-28
13,-33,7,-21,-3,-29,4,2,11,-27,9,-19
-2,3,6,-21,3,-24,1,-33,2,-26,9,-25
11,3,9,-1,19,-14,-6,-17,5,1,0,-22
13,-10,-1,-30,7,-23,3,-32,9,-20,9,-17
-4,-24,-1,-23,19,1,-4,-20,6,-14,7,-3
8,-26,19,0,3,-27,0,7,8,-23,11,-26
12,-9,7,-20,-1,-3,11,-22,-6,-22,14,-1
9,-28,-4,-24,-5,-7,1,-22,4,-4,5,9
10,-12,12,3,4,0,16,-22,9,-18,-1,-25
19,9,8,7,18,-1,-5,-2,4,-10,12,-5
2,-5,5,-16,2,-13,0,9,10,-15,7,-5
4,-14,1,-11,8,8,8,1,1,-16,1,-4
10,-10,-4,-2,6,-6,0,-4,4,4,-1,-15
-6,-8,-6,-7,-4,-9,13,-3,-4,15,-5,-7
0,-3,4,-12,12,3,-4,-3,10,-3,17,-21
-6,-3,0,-21,8,4,-3,17,-2,-3,14,0
4,-4,7,1,-6,5,-1,-19,19,10,-3,-4
-3,-3,4,5,12,10,-6,0,-4,7,12,11
5,-1,3,-14,-4,1,4,-4,8,11,10,6
-1,0,8,6,-4,4,4,-10,3,-7,10,-12
0,0,8,20,6,14,-5,-2,11,-16,-5,7
3,21,7,22,5,21,-2,4,10,21,5,7
5,5,6,-5,16,5,-1,8,-4,-7,-6,2
0,17,11,-8,-2,15,-3,-1,2,13,4,11
5,17,6,12,-4,22,1,-8,12,8,10,4
-1,20,15,-7,8,-1,-2,20,8,27,-5,0
12,5,0,-2,16,-4,5,6,8,-1,1,-4
-2,23,12,29,19,6,-2,8,3,14,3,1
8,15,15,4,-5,24,14,-3,16,11,9,26
4,15,17,-2,4,10,10,30,-1,-2,-6,6
1,21,2,19,3,30,3,22,12,-5,-6,11
-4,29,10,31,1,17,10,-5,15,25,13,7
-4,2,14,27,-3,25,0,30,12,4,-4,-3
18,-2,-4,35,13,26,10,30,4,-3,7,23
6,27,5,31,-6,19,14,22,13,35,1,11
3,13,5,6,5,7,8,-1,9,18,-6,22
11,31,1,23,14,20,5,8,13,8,10,22
10,-29,0,-31,16,-18,0,-35,18,-7,18,-20
7,-16,-3,-9,-2,-4,6,-11,4,-10,11,-19
16,-30,14,-20,12,-11,6,2,8,-1,8,-19
8,-27,13,-31,12,-19,1,-31,8,-32,12,-26
4,-30,5,-13,-3,-32,-1,4,5,-14,5,-2
13,-13,0,-28,-5,-29,4,-25,15,3,11,-3
9,1,-5,-2,14,-1,-3,-22,17,-29,20,-4
9,-21,4,-17,0,2,6,-25,2,-26,-4,-19
-2,-27,13,7,-5,-27,0,7,17,8,11,-3
12,-7,3,-14,1,-18,-1,1,-4,1,9,-4
-1,-24,-3,-14,19,-23,9,10,10,-14,8,-21
14,-22,-2,0,12,-7,5,-27,13,-21,9,-19
-5,7,18,-4,7,-14,-1,9,7,-1,5,10
14,-16,4,2,10,1,-4,-22,11,-13,8,0
-3,-9,5,-16,-4,-23,0,12,0,0,14,0
-3,-9,0,4,-4,4,8,-18,11,-2,10,6
-4,-9,-1,0,18,-21,10,11,16,-13,6,-21
-2,-4,11,12,0,-14,-2,-5,5,-16,10,2
-4,-2,3,-10,-2,14,6,-18,6,-7,16,-11
0,-4,1,6,0,12,-3,11,8,11,-5,-5
-1,1,-3,9,0,17,8,-9,12,-15,11,-6
0,1,9,-4,7,-14,4,20,13,-6,1,-8
-1,0,18,-12,-2,-12,-1,-2,3,11,3,14
-1,3,5,-15,3,20,7,17,9,-14,-1,-5
7,0,0,7,4,18,20,17,10,-12,0,-4
-2,-7,17,-9,10,22,3,11,-4,8,-4,8
4,-12,0,13,20,23,5,12,-2,-8,15,11
2,-3,14,10,8,7,1,-3,10,20,15,11
6,22,11,-10,-5,26,3,16,15,-8,-3,1
5,-1,12,29,0,19,3,-2,-4,10,2,-5
6,20,15,30,4,4,3,10,10,14,15,-4
-1,-4,3,0,-4,28,5,8,9,13,8,13
4,-3,7,21,-5,29,3,6,6,2,-4,20
18,1,0,13,5,1,7,-3,16,-1,14,1
-1,21,2,18,-1,30,1,8,-3,-3,14,21
-3,6,-3,17,2,5,6,7,18,35,5,23
1,20,1,3,-4,14,2,31,5,34,-5,31
7,7,3,25,13,10,6,27,3,4,9,18
-4,9,11,23,-3,36,3,0,1,3,6,12
11,-33,9,-29,-4,-33,18,-18,13,-12,-2,-5
12,-4,19,-6,12,-17,0,-25,11,-32,-1,-35
11,-25,11,-8,7,-34,2,-7,15,-36,13,-23
15,1,1,-19,2,-1,11,-1,9,-31,0,-28
9,-14,13,3,-4,-18,1,-27,3,1,4,-23
10,1,-1,-7,3,-18,4,-8,5,-20,10,-2
-4,-27,13,-3,16,6,5,-18,5,-17,13,-8
-4,-1,7,-5,19,-26,0,3,1,-30,6,-17
8,-18,1,-4,1,-30,6,3,14,6,0,-18
-2,9,11,0,9,-5,10,8,7,-9,7,-22
5,10,0,2,-4,-27,5,-5,15,4,10,-24
8,-24,0,5,-1,-14,2,-14,18,-5,4,-12
16,4,6,5,14,-14,1,-5,15,-4,0,6
-3,0,5,-1,-2,-2,8,-8,11,8,16,6
-2,-3,10,2,14,6,0,-9,7,5,1,3
3,-5,-2,-14,-4,-4,6,6,2,-11,10,6
0,-2,11,4,17,-16,4,14,3,1,4,-10
3,-4,-3,-4,-3,-21,-2,-6,2,4,18,-15
-4,-4,5,-18,14,-12,10,9,-3,-13,-2,-10
-3,-2,7,3,7,-19,6,9,-1,18,2,-9
-3,-2,4,-14,1,5,-2,-4,3,16,0,-13
-4,-5,7,-8,-3,2,-1,14,10,7,-1,15
-1,-1,12,-3,10,-16,1,16,12,2,3,12
2,2,-1,14,-1,-10,-3,21,-4,18,1,-3
5,5,0,7,6,18,8,17,6,24,-2,8
8,19,1,11,-2,12,0,-5,9,25,0,14
13,-11,-2,13,16,18,14,20,2,8,5,-6
14,27,1,-5,8,12,-3,4,9,-11,-2,21
-4,0,-2,13,4,22,3,22,8,-7,10,8
2,16,12,20,19,-9,9,6,2,8,8,26
6,-4,12,20,10,10,8,-3,5,-4,4,6
5,21,-1,8,8,15,-1,28,1,-1,14,11
4,-2,21,12,13,1,-3,2,5,-3,14,29
1,-3,7,11,2,27,8,8,9,12,6,2
17,15,13,0,-4,13,8,30,10,30,3,5
9,21,-4,14,5,28,16,26,9,19,11,-3
20,-2,4,21,1,27,8,22,2,6,10,35
16,20,13,34,-1,16,0,3,12,24,9,37
9,0,5,9,7,22,6,11,-2,10,11,13
0,-10,14,-10,3,-35,-3,-24,4,-35,14,-11
10,-27,15,-9,12,-21,2,-2,1,-11,15,-26
5,-33,4,-6,-1,-23,1,1,21,-30,-2,-31
8,-32,3,-6,-1,-3,-1,-11,14,-3,3,-5
18,-4,1,-6,11,3,16,4,12,0,-3,-28
17,-9,22,-5,4,2,20,-13,11,-31,8,-12
-2,6,13,-30,19,-3,-3,-3,0,-27,8,2
-2,-31,2,1,19,-20,2,-7,12,-5,13,-6
-1,-20,3,-14,22,1,5,-16,14,6,17,-6
1,2,4,-17,-1,-21,7,-23,8,-23,-2,-4
2,-23,1,6,19,3,13,-8,7,-24,7,-15
1,-5,16,-5,11,9,2,-27,12,10,16,-26
12,-11,17,-3,5,1,0,-1,-1,-18,-1,-14
3,-10,-2,8,8,-13,22,9,16,-23,5,-18
3,-6,16,-4,11,-10,22,-8,1,-19,13,13
0,-9,17,-17,17,-20,-2,-5,11,-19,11,5
0,-9,15,-2,13,-10,10,-6,12,14,8,9
-3,-8,3,9,20,-2,2,4,-1,-3,16,7
-3,-3,0,-17,13,4,14,6,-1,4,0,-19
4,-4,13,-15,8,13,1,-3,17,-9,8,7
-2,-3,13,19,7,13,8,-3,9,19,4,-4
1,-2,5,-8,9,-6,-2,-17,20,-11,17,-9
-3,4,19,-7,9,9,-1,0,19,5,12,-15
4,4,7,-9,13,-15,17,-4,8,18,3,17
-2,9,-1,-2,3,9,11,18,-1,8,22,-13
11,0,19,-8,2,-12,22,4,17,-8,11,-1
2,9,12,0,-2,-3,13,12,5,20,8,3
14,21,10,19,7,10,12,-10,9,0,-1,16
5,21,-3,28,16,10,2,-1,13,13,4,2
19,-3,-1,-3,1,7,14,-3,16,11,5,17
22,29,-1,11,19,-3,19,-4,2,9,13,-2
-1,28,2,12,3,26,22,8,5,24,18,10
15,5,17,12,3,-5,12,-4,18,-5,13,29
18,7,2,28,17,4,-2,14,11,1,14,-1
16,0,15,6,20,17,2,4,0,4,15,1
10,28,6,29,17,2,5,19,6,32,-3,9
16,28,8,18,17,22,4,33,6,28,16,2
9,35,16,7,3,19,5,0,-2,31,14,20
5,13,12,21,8,33,-2,11,-2,26,-1,0
5,-17,5,0,19,-7,-1,-15,7,-32,18,-35
8,-16,2,-2,8,-11,2,-4,11,-24,16,0
-2,-35,4,-27,16,-26,4,-3,12,-17,19,-13
-1,2,10,2,-1,-17,7,-3,-1,-20,-2,-3
1,-7,6,0,-1,4,14,-28,1,-6,16,-25
11,0,17,-24,20,4,1,-3,6,-22,15,-23
10,1,6,-19,14,-7,10,-18,14,-18,5,-9
8,-7,18,-21,19,-21,12,-10,5,-24,9,-31
6,-1,-1,-11,9,-20,0,-8,10,6,9,6
3,-18,15,1,9,9,14,5,14,-3,15,7
13,-8,5,-9,15,-17,23,-14,8,-4,-2,-21
18,-16,18,-22,8,-25,10,-8,5,0,16,-7
9,12,4,-6,8,-10,8,-18,16,-1,10,-10
2,-8,7,13,-2,-2,9,-11,13,0,14,-22
5,-8,6,-21,8,-24,-2,-1,0,-1,17,14
9,-7,10,3,7,5,9,6,0,-20,-2,-20
0,-3,9,14,0,-19,14,8,22,-20,2,-14
1,0,17,9,2,4,6,-5,10,-17,-1,8
-1,2,16,16,4,10,-1,0,1,-20,7,18
-1,1,3,-2,22,-5,-2,-9,9,-10,8,-9
1,0,-2,-4,2,19,1,2,5,8,3,-12
1,2,-1,-13,12,-8,1,-10,4,15,-2,19
-1,3,4,8,-1,-14,22,5,7,-14,0,-10
0,-2,4,22,22,5,4,21,2,19,2,21
8,3,1,-3,0,-2,14,24,0,15,19,7
3,0,6,-7,2,5,-2,-7,12,9,10,20
17,9,11,0,10,-12,13,-1,2,10,1,0
17,-1,13,-9,18,25,2,-10,8,26,19,-4
11,15,15,12,19,11,1,-9,6,24,6,8
-1,-3,-1,21,12,-1,-2,-1,1,2,14,23
-1,-6,10,26,-1,9,6,24,0,4,8,15
7,-1,-1,-5,0,0,0,-2,15,15,-1,-5
-1,-5,18,19,15,16,7,24,0,-6,1,18
1,19,14,15,1,21,20,0,16,8,4,30
-2,24,2,-2,3,14,11,23,-1,23,-1,0
2,23,8,-2,2,3,11,25,21,18,15,0
1,27,5,9,6,21,5,18,14,28,5,3
-1,26,20,37,-2,17,-2,8,0,1,9,10
16,25,-1,16,17,30,0,3,8,32,15,37
-1,-2,3,-38,11,-17,0,-36,3,-21,16,-19
20,1,0,-32,-1,-25,14,-10,0,-23,2,-22
-1,-2,9,-29,24,-23,2,-25,3,-4,1,-22
11,-9,20,-21,24,-9,12,-16,13,-5,1,-27
7,-7,19,-23,8,-4,12,-9,1,0,-1,-14
9,-13,9,-22,1,-28,4,-3,3,-33,5,-4
-1,-29,6,-23,24,-16,1,2,0,-10,17,-17
16,-7,13,2,10,-30,2,5,7,-8,20,0
1,7,1,-14,10,-23,0,-20,6,-2,10,-5
17,-6,5,7,2,-4,8,-16,2,-20,7,8
15,7,2,-7,18,9,2,-9,-1,-22,12,-26
19,-18,15,-3,6,-23,3,-18,21,10,1,-22
9,12,9,3,13,-7,12,-13,18,3,9,-24
22,-24,1,-7,3,-10,15,-15,8,-7,1,-10
11,-1,3,-9,24,6,7,-7,17,-14,11,-22
22,-23,4,-9,19,6,17,1,-1,-6,15,-3
5,-15,13,-20,5,-9,13,-8,0,11,3,-6
7,-14,15,-15,18,-20,-1,-18,9,9,16,-1
10,-20,0,2,2,4,0,18,23,-19,2,-17
13,-5,21,-18,15,11,3,-8,16,10,17,17
11,1,7,4,9,1,0,-11,5,6,13,6
15,-4,5,21,8,2,12,-16,10,-13,2,10
12,-2,8,1,9,-15,12,-16,7,-16,4,1
7,3,7,21,10,-1,-1,10,17,-10,17,12
9,22,11,-2,10,-3,17,-2,7,6,6,-12
7,21,13,5,24,21,24,12,20,-1,0,-7
12,-11,0,13,3,-8,15,-1,-1,18,6,-9
17,25,21,10,14,22,0,11,0,18,-1,-6
-1,27,1,5,6,20,-1,5,2,11,18,6
12,17,17,-1,19,3,3,19,2,9,2,8
2,-6,20,8,18,-4,2,6,-1,24,1,13
4,-3,20,11,17,-2,5,0,4,20,1,24
1,18,1,-4,11,25,0,-5,20,-4,19,19
9,22,0,5,7,2,24,8,7,-2,-1,22
1,1,11,17,-1,34,-1,31,5,27,1,20
16,22,17,3,-1,31,2,20,-1,2,22,20
2,3,3,3,13,18,1,5,-1,14,2,17
1,26,22,20,-1,1,-1,36,4,24,19,36
-1,29,8,37,12,35,7,4,2,29,0,36
13,-17,18,-25,8,-12,15,-25,0,-10,22,-13
8,-26,2,-4,5,-25,2,-20,6,-37,2,-3
10,-26,0,-31,9,-14,8,-3,24,-5,3,-15
11,-5,21,0,3,-33,8,-1,0,-32,23,-10
19,3,14,-27,8,-9,16,-9,10,-11,2,1
6,-22,2,-26,19,3,19,-9,0,-2,24,-13
17,-27,8,-2,5,-27,10,-1,0,-28,3,-2
11,3,0,-27,3,-19,16,-2,0,4,25,-6
17,6,2,-13,17,5,2,-12,21,1,3,6
7,-3,22,-18,19,-4,10,-12,15,-13,2,-1
7,-17,0,4,16,6,13,-4,4,-27,0,-19
4,-26,13,-21,18,-5,2,-7,1,-25,6,6
18,5,16,-7,2,-4,12,-25,13,0,7,-25
14,0,18,7,8,-6,18,5,8,-11,4,1
10,-11,13,7,2,3,21,7,8,1,11,4
14,6,3,-9,1,5,0,-19,6,-19,2,-20
5,0,5,12,21,-18,12,-11,1,-6,12,3
4,-14,8,10,3,-12,1,10,15,-20,12,16
21,1,12,16,5,-18,11,-11,13,8,12,8
6,-6,1,19,16,-11,4,3,22,-9,22,-10
15,19,0,10,5,-8,15,13,2,10,12,18
7,-4,4,1,5,8,12,1,1,-8,9,-3
17,22,0,-10,8,-16,4,8,19,20,19,20
2,-8,16,15,10,3,16,4,18,6,1,13
14,-2,12,8,2,1,18,0,1,22,23,-8
11,11,1,16,11,-10,4,14,2,4,11,-9
15,11,1,2,1,-2,4,17,0,3,0,14
11,-7,8,26,4,-10,8,2,2,4,21,-1
12,-4,8,23,4,-8,5,1,0,8,18,9
2,-7,0,15,2,21,6,21,0,28,8,25
15,13,3,15,0,6,2,29,7,8,20,-3
1,27,9,14,0,20,10,5,3,12,9,13
2,27,0,30,3,2,7,17,20,5,0,-5
22,17,0,3,6,-1,0,11,15,33,8,16
6,0,5,7,1,26,7,32,0,8,12,23
0,21,4,28,1,26,3,14,1,1,9,31
0,33,0,-2,6,13,0,10,0,-2,22,21
11,19,0,2,6,7,25,34,0,35,0,1
7,23,0,2,2,38,0,34,3,26,0,0
