-21,-24,-4,-18,-10,-10,-24,-5,-7,-28,-8,-13
-15,-4,-4,-31,-3,-31,-21,-13,0,0,-20,-12
-6,-26,-16,-22,-22,-35,-5,-1,-18,-11,-18,-33
-19,-19,-13,-28,-7,-34,-14,-27,-17,-34,-5,-14
-7,3,-15,-34,-7,1,-13,-17,-21,-26,-1,-13
0,0,-15,-8,0,-23,-25,-18,-20,-7,-14,-28
-1,-12,-25,-6,-15,-8,-7,6,-22,-3,-8,5
-24,-14,-19,-21,-9,-12,-5,-12,-24,-12,-10,1
-3,8,-15,0,-21,-17,-19,-18,-2,-21,-18,-5
-4,-15,-8,3,-21,9,-9,-21,-8,-12,-18,-6
-2,-3,-20,-3,-17,-8,-6,-8,-25,-25,-12,-13
-20,6,-13,-24,-14,-16,-6,-16,-9,-8,-9,1
-17,-22,-9,-23,-25,12,-8,4,-20,-24,-8,-11
-3,-6,-11,-7,-6,-4,-18,-5,-15,-4,-25,-15
-16,-22,-9,-19,-9,-2,-15,-2,-22,-15,-14,-6
0,4,-10,-19,-23,-17,-25,-4,-12,0,0,0
-3,13,-4,-8,-6,-8,-8,-15,-5,3,-10,6
-13,14,-19,0,-17,-10,-1,-2,-11,-9,-16,-18
-25,-5,-8,0,-4,-19,-17,4,0,16,-17,12
-2,2,-22,-12,0,0,-20,-14,-17,7,-3,1
-18,19,-5,5,-18,-6,-12,-3,-12,12,-24,-1
-22,2,-16,21,-3,-8,0,-5,-3,-2,-15,15
-4,11,-3,11,-3,-13,-19,18,-22,3,-6,-6
-11,22,-6,-5,-8,3,-8,-13,-11,-5,-22,12
-2,6,-19,17,-17,2,-10,-9,-21,2,-4,-8
-1,5,-6,-4,0,0,-4,25,-6,-11,-23,11
-17,-10,-11,16,-13,5,-16,22,-17,3,-24,10
-21,-11,-21,-9,-17,-4,-6,6,-6,2,-11,17
-4,-4,-12,3,-2,5,-5,8,-7,22,-6,15
-24,10,-4,7,-5,6,-10,6,-20,13,-17,7
-10,10,-6,24,-3,16,-1,14,-3,30,0,11
-14,15,-2,15,0,28,-20,24,-3,5,-16,24
-1,4,-13,29,-12,-3,-14,29,-7,20,-6,-6
-17,3,-10,0,-1,30,-11,-5,0,19,-24,15
-11,-4,-3,14,-9,9,-21,3,-18,33,-12,34
-11,1,-14,28,-4,11,-12,26,-9,25,-13,26
-13,18,-14,0,-8,18,-24,1,-10,6,-19,0
-22,28,-4,33,-21,15,-14,0,-10,12,-13,29
-23,0,-16,7,-20,30,-6,30,-21,1,-18,36
-7,-7,-9,-16,-6,-30,-6,-38,-11,-9,0,-5
-23,-4,-3,-7,1,-8,-9,0,-15,-18,-7,-24
-20,-20,-10,-33,-24,-22,-9,-8,-7,-35,-16,-10
-15,0,-5,-4,-6,1,-9,-28,-21,-31,-24,-35
-2,-5,-14,-21,-17,-7,-21,-16,-11,-33,-6,-31
1,-1,-12,-33,-23,-28,-22,-19,-13,-9,-15,-7
-1,3,-23,-1,-11,-16,-22,-6,-24,-30,-3,0
-4,-14,-17,7,-22,1,-12,-12,-6,-13,-24,-12
0,0,-16,-2,-22,-17,-6,-25,1,-27,-1,-18
0,0,-24,5,-8,-21,-19,-17,-13,5,-12,4
-12,-14,-20,3,0,0,-14,0,-15,-27,-24,-12
-24,1,-13,-14,-9,-13,-24,-20,-13,-26,-6,-21
-23,9,-19,-24,-7,-13,-1,-6,-21,-19,0,8
-18,-24,-4,-16,-13,2,-20,-3,-16,10,-2,-15
-14,11,-2,-18,-21,-14,-3,-14,-22,-1,-15,10
-7,9,-22,-15,-8,7,-12,-11,1,10,-10,-23
0,14,-7,2,-18,-5,-13,-18,-5,-2,-23,16
1,13,-4,3,-10,3,-10,2,-8,14,-7,5
0,13,-21,-2,0,-13,-23,2,-17,9,-15,-8
1,2,-3,0,-9,7,-23,-17,0,0,-20,19
-22,18,-8,14,-23,1,-17,-7,-18,-14,-3,15
-2,-13,0,5,-11,-16,-24,-3,-19,13,0,14
-18,-16,-10,10,-4,14,-3,-16,0,-1,-22,-9
-17,-12,1,-13,-7,13,-16,-10,-7,-5,-20,11
-3,11,-22,-3,-17,-4,-21,19,-24,20,-8,3
-2,-2,-11,24,-17,7,-13,6,-6,8,-22,6
-3,-4,-14,-7,-10,4,-1,12,-2,18,-8,11
-1,5,-17,-1,-24,-2,-21,-7,-16,19,-1,6
-5,-6,-23,26,-1,24,-15,6,-5,-7,-22,27
-3,6,-1,-6,-21,8,-12,6,-3,-8,-13,24
-16,23,-17,27,1,28,-20,-5,-24,18,-3,-5
-23,17,-19,3,-16,-7,-3,4,-9,28,-15,12
-5,12,-1,22,-15,12,0,0,-20,16,-11,19
-5,15,1,1,-1,26,-9,-4,1,4,-3,10
-2,11,-19,20,1,16,-17,0,-15,32,1,23
-13,2,-7,23,-24,13,0,26,-11,10,-14,2
-19,4,-1,25,0,17,-3,25,-7,12,-16,13
-23,27,-17,30,-19,13,-2,19,-10,8,-20,18
-3,31,-4,4,-11,29,-4,27,0,3,-17,9
-23,-31,-5,-21,-4,-30,-18,-16,-1,-29,-8,-24
0,-10,1,-3,-1,-32,-12,-26,-17,1,0,-13
0,0,-6,-22,0,0,-22,-35,-16,-13,1,-14
0,-1,-11,-3,-6,2,2,-29,-6,2,-13,-17
0,-1,0,0,-8,-24,-10,-8,-22,-1,-7,-3
-14,3,-9,-16,-7,-8,0,4,-14,1,-22,-2
2,-15,-13,0,-19,5,-9,-30,-5,5,-5,-24
1,-12,1,-21,-21,-17,0,0,-15,-28,-13,4
1,5,-20,-15,-11,-28,-15,-29,2,8,-12,5
-18,-12,-4,-29,-6,-29,1,-21,-18,-10,-9,-28
-7,9,-17,-2,-18,-19,-16,6,-21,-16,-3,-9
-14,10,-14,-16,-19,-6,-8,3,-11,-12,-23,5
-19,-6,-1,-1,-8,-17,-10,-22,-19,-7,-19,-5
-22,6,-12,4,-2,5,-14,-18,-11,-14,-18,9
-15,-24,-9,-16,-20,-8,-4,14,-19,-22,-11,-13
-15,10,-6,-23,-21,-3,-17,-5,-10,-12,-7,-23
2,-2,0,-13,-17,15,-21,-19,-1,-22,-10,2
-7,17,-5,16,-12,-16,-16,-4,-10,10,-8,6
-22,-2,-5,-17,-8,-16,-9,-6,-16,-12,-13,-5
-2,5,-17,17,-4,13,-8,-2,-3,9,-1,5
-20,-13,-18,0,0,0,-10,-11,-15,4,-16,-17
-3,18,2,10,-15,14,-11,8,2,-10,2,-6
-23,-13,-19,14,-19,14,-9,1,-9,11,-13,-4
-6,-10,-9,18,1,-3,-5,10,-22,2,-4,-13
-7,-11,-11,10,-13,9,-8,15,-21,22,-22,19
-15,-6,-18,18,-7,-9,-16,3,-22,12,0,1
0,-2,-13,-4,-7,-6,-15,16,2,4,-5,4
-16,-4,0,19,-21,-7,-7,19,-11,-9,-21,-6
-20,-10,2,10,-14,21,-23,13,0,20,-5,11
0,4,-20,12,-3,-1,-14,2,-1,5,-12,18
0,0,-1,12,0,0,-15,10,-3,8,-17,17
-5,4,-23,4,1,30,-13,-4,-22,2,-13,4
-7,12,-16,5,-11,28,-17,25,-14,23,-6,2
-4,29,-12,16,-3,-4,-17,4,-16,-4,-3,4
-17,5,-17,2,0,18,-18,2,-12,11,-4,34
0,6,-21,0,-9,15,-11,27,-15,10,-1,6
-21,4,-22,27,-17,3,-14,-1,-16,12,-15,19
-13,31,-21,37,-15,33,-20,25,-17,36,-19,0
-12,14,-1,4,-16,31,-15,37,-17,32,-20,10
-18,-23,-2,-3,-17,-34,-16,-12,-8,-25,-7,-22
0,0,-11,-1,-3,-10,-22,-9,-2,-37,-20,-25
0,0,-5,2,-2,-7,-5,-30,0,0,-8,-6
1,-4,-11,3,-7,-5,0,0,1,-9,3,-17
-21,-5,2,-32,0,0,-14,-26,-2,-32,-2,-33
-12,-15,-19,-22,0,-1,0,0,-6,-8,-13,5
-17,-1,1,-20,-8,4,3,-21,-9,1,1,-17
-4,-15,-1,-13,-16,-27,0,0,-11,-9,2,-3
-21,-14,-14,-24,-13,-19,-21,-23,3,-28,1,-7
-20,-13,-2,-22,-16,6,-19,-9,-19,-1,-22,1
-20,-9,-7,-1,-2,7,0,-7,-13,-17,1,4
-5,9,-16,-3,-14,-26,-7,-5,3,-2,-13,-23
-12,-20,-4,4,-17,-19,-20,-1,-5,-23,-2,-6
-22,6,-14,7,-9,-1,-22,-3,-1,-1,-19,3
-18,-3,-16,-8,-8,-12,-7,10,0,-14,-8,-21
-3,1,-12,-16,0,5,-18,-23,-20,-12,-21,-2
-3,5,-11,1,-21,-18,3,-8,3,-4,-9,-9
-19,-1,-15,-9,-3,8,0,3,-12,6,3,-1
-9,18,-16,0,-3,-4,1,-7,2,11,-10,14
-4,-2,-9,5,-6,10,-6,1,-14,15,-15,-4
-16,-7,-4,-4,2,-5,3,19,2,-8,-4,-1
-2,-4,-6,7,-4,0,-2,13,-22,-3,-19,19
-22,13,3,6,-11,-15,-12,-8,-19,-2,3,10
2,-11,-1,16,0,0,-11,11,-22,-11,-1,-8
-12,-10,-11,21,-17,-4,-2,0,-7,3,-19,-1
-6,2,-9,7,-4,-7,0,-12,-9,6,-4,16
0,0,-12,22,-4,2,-3,15,-1,18,-13,5
-13,-6,-4,-5,-13,19,-18,2,-1,27,-7,22
-8,-1,-19,0,-14,15,0,0,-19,-4,-4,-8
-12,-4,0,3,-22,-9,-19,15,-14,-7,-21,10
2,-3,-22,-3,-8,30,-15,-8,2,-2,-8,21
-20,-2,-19,17,-9,31,-4,4,-10,-7,-10,24
2,0,-22,32,-14,17,-14,19,-17,28,-16,18
2,21,-20,20,2,24,-18,4,-10,28,-12,-4
0,5,-15,26,-6,24,-21,7,-21,31,-20,12
-9,4,-8,-1,-13,5,-5,32,-20,17,-12,34
-14,14,-8,25,-11,17,-8,9,-19,11,-18,6
-17,25,-1,34,-1,5,-1,24,-12,31,1,7
-4,7,-20,23,-14,6,-6,28,-20,22,-2,3
-19,-26,-11,-9,-15,-27,-4,-28,-16,-18,-1,-34
-10,1,-18,-1,-21,-25,-18,-15,1,-33,-10,-36
-18,-22,-10,-16,-10,-4,-10,-13,-1,-6,-1,-36
-15,-29,-5,-1,-16,-23,3,-34,-16,-4,2,-16
-16,-10,2,-14,-1,-15,-15,-23,-6,-11,-13,-3
-9,-11,-17,-32,0,-23,-15,-6,-14,-20,-1,-28
-13,-2,-18,-1,-11,-10,-19,-13,-12,6,-9,-9
-10,-3,-12,3,-18,-29,-16,-28,-9,-15,0,-8
-2,3,2,8,-17,-27,-10,-12,-4,-6,-13,-23
-19,-11,-19,-5,-11,-20,-11,-12,-10,0,0,-21
-12,6,4,-19,-5,-12,-5,1,-18,-18,-7,-13
-21,11,-20,11,4,10,-12,-23,-3,-27,-2,0
-18,12,0,12,1,-7,-15,10,-21,-5,-18,-4
0,-7,-2,-24,-9,2,-18,-17,-16,-20,-19,8
4,-11,-14,0,-18,3,-10,14,-15,-17,-16,-19
-10,-13,-17,-15,-14,-16,-1,-21,-18,-12,-7,-1
-6,10,-4,-17,4,-14,-21,-22,4,8,-5,8
-20,15,-11,-6,-13,-16,-15,-8,-15,-3,-15,13
-5,-6,-11,0,-17,-2,4,-13,-10,-1,-8,10
-16,13,-3,-19,-7,0,-3,2,-4,17,3,4
-14,15,3,19,-3,-15,-19,13,-12,14,-15,3
-3,21,-10,-2,-19,6,-5,16,-19,7,0,-5
-1,9,-17,-3,-6,1,-2,13,-1,-15,-14,-9
-16,-3,3,-1,-8,4,-4,7,-11,-9,1,7
-19,13,-18,21,0,-7,-10,-2,-14,-7,-3,11
-5,-1,-7,18,-13,-5,-21,0,-3,20,-20,-12
-2,-11,-4,3,4,4,-10,4,4,-1,-17,19
3,20,-1,19,-8,20,3,24,1,0,-15,4
-11,26,2,22,-17,5,-3,-4,2,17,-7,28
0,3,-13,12,3,25,-15,-9,-12,7,-21,-6
4,-4,-13,15,-21,-6,-17,27,-9,14,-8,25
-10,-5,-13,-4,-20,6,0,2,-13,9,-12,26
-21,27,2,25,-8,6,-12,20,2,-3,-21,12
-15,3,-3,30,-15,28,-10,2,-14,6,-15,22
-15,28,-8,31,-21,22,-17,11,-7,7,-4,26
-1,30,-14,30,-11,29,4,10,-3,16,-19,7
-18,24,-9,28,-8,21,4,1,-16,6,-21,5
-16,24,4,23,-6,-1,-6,20,-9,33,-1,32
-4,15,4,28,-7,30,-12,35,-3,14,-21,23
1,-10,1,-15,-14,-23,4,-15,-4,-18,-6,-5
2,-7,-20,-37,-17,-32,-15,-22,-17,-13,4,-34
-6,-19,-1,0,0,-16,1,-13,-11,-28,-8,-16
-20,-1,-11,-11,-3,-32,-15,-28,-17,-34,5,-20
-7,-24,-7,-8,-12,-25,-17,-15,-13,-6,-8,-15
0,-32,-16,1,-6,-5,-10,-31,-10,-25,-6,-8
-11,-11,-8,-3,-13,-6,-18,-14,-17,-5,-20,-17
3,-31,-20,-24,0,-7,-19,7,4,5,-12,-3
0,2,-5,-11,0,-25,-17,-15,-2,-2,-16,-10
-12,-10,-4,-29,-3,-8,-20,-9,1,0,-3,-18
-10,-7,2,-19,-2,-5,-3,-15,-3,-6,-19,9
4,-12,-10,8,1,-2,-18,5,-9,-24,-16,-17
-4,-13,5,-22,-18,-10,-11,-26,-9,7,-3,-10
-1,-3,-10,-23,-18,2,-12,5,-19,11,-14,-22
0,0,0,-19,-4,-9,-4,-7,-3,-8,-2,9
-10,-23,-17,9,-8,-15,-8,11,-17,-15,5,2
-9,-16,-1,1,1,12,5,0,1,0,-18,5
-8,15,1,5,1,-6,-14,16,-16,-12,1,17
-8,18,-10,17,-6,-7,-12,-14,-17,-4,-19,-20
-11,-11,0,0,1,5,-13,8,-15,13,0,-17
5,6,-19,1,0,0,-18,19,2,-17,-14,18
-12,3,-20,0,-16,7,-12,-17,-13,-11,-1,3
-9,17,-6,16,0,-3,-13,8,-1,8,-9,-16
-14,-12,-6,23,-16,13,-15,22,2,6,-20,14
1,-5,-2,6,-11,24,-15,2,5,-13,-4,-7
-14,2,-16,22,-14,11,4,2,-6,21,-18,-13
-5,-12,5,-12,-15,20,-3,22,-6,24,-7,2
-9,24,-13,7,5,-11,-9,9,-10,22,3,11
-5,2,-19,-1,-12,0,-10,-4,-9,1,-2,3
-3,8,-15,28,-3,2,2,20,-9,-9,-16,2
-1,0,-19,-7,-20,15,-5,23,2,14,-14,-7
-7,26,-16,15,-14,20,-10,14,-17,13,-13,-1
-10,3,-14,5,-7,-6,-16,6,-12,21,-18,0
-9,3,-19,13,-13,17,-3,24,-10,-5,-15,21
-18,19,0,12,-8,-1,-8,22,2,29,-19,1
-15,7,-17,27,4,1,-9,22,-7,29,-10,35
-8,10,-6,34,-2,8,-6,30,-6,5,-2,28
-3,24,-8,11,-17,29,-15,37,5,9,0,6
-6,34,-5,6,0,2,0,28,-7,7,1,11
-5,0,-11,-12,-18,-26,1,-32,-13,-17,-9,-24
4,-15,-19,-23,-8,-25,-13,-30,-5,1,-5,-21
-5,-35,-10,-4,-13,-27,-12,-18,-8,1,-2,-14
-7,-2,-11,-18,-11,-23,6,-26,-4,-30,-10,-13
0,-13,-7,-26,-6,-27,-19,-31,5,-5,-12,-3
5,-17,-12,-26,-9,-30,0,-31,-5,-19,-3,0
-18,-12,-16,-9,-6,-4,-12,-20,-17,-18,-3,-23
-13,-7,-15,-13,-18,-9,4,-8,-2,-20,-18,-16
-12,-11,-17,-10,4,-21,-16,5,-12,-25,-9,-6
-1,-6,6,-14,-11,-16,-13,1,-2,-3,-10,-8
-5,-15,-4,-16,-9,-15,2,-7,-4,-16,6,3
2,-6,-13,-9,-19,-2,-9,-7,2,-7,-12,-23
-16,10,-6,-20,-8,-10,-13,6,-10,-24,3,4
-6,11,-15,-22,-19,11,-7,12,-4,-25,4,12
-10,-23,-4,1,-10,-21,-8,7,-15,14,4,4
-19,-15,5,8,-19,-8,-5,-1,4,9,-5,-2
-13,16,-1,-1,-4,7,-15,-1,-17,-20,-2,2
-12,13,-18,-11,-14,-19,-1,-6,3,13,-3,0
-13,-13,1,11,0,-11,1,6,-5,-17,4,13
-11,-18,0,-13,2,-2,5,-6,-11,-12,-6,12
5,-15,3,-1,-4,-16,-1,6,5,-17,-15,-9
-15,-7,3,5,-4,-1,-17,-7,-18,-15,5,-9
-2,-16,3,10,0,14,-18,10,-5,-11,5,22
-4,-1,3,21,-12,2,-1,4,-2,-15,-19,21
6,-12,-5,10,-16,-6,-17,-5,0,-13,-14,2
0,0,-8,4,-11,19,-7,-11,-7,18,-3,-8
5,-5,0,25,-12,17,-14,-8,-13,21,1,13
-12,1,3,3,2,5,0,1,-10,9,-17,17
-3,1,-13,27,5,1,-2,-2,0,12,-5,3
4,23,-11,22,-5,23,-4,0,4,4,-4,11
2,-3,4,-6,-5,17,4,-4,-17,-4,-11,12
0,0,4,3,1,9,-6,16,-9,17,0,11
-12,7,-14,2,-2,25,-12,-4,0,31,-8,8
0,10,-9,1,-6,3,-12,25,-5,10,-2,2
-2,14,3,-4,-3,29,5,12,3,4,-14,2
-13,34,-7,23,-18,32,3,1,-15,27,4,17
0,12,6,21,4,9,-11,11,-17,30,-13,4
-4,15,-18,31,-4,2,-11,35,6,21,0,27
-18,9,-1,11,-8,36,-17,16,2,19,2,18
7,-20,-17,-27,-13,-32,-9,-13,4,-21,3,-14
1,1,1,1,1,-4,-16,-22,6,-29,6,-2
5,-19,0,0,-5,-22,-2,-2,7,-22,-14,-12
-13,-16,-6,-20,-4,-1,-7,-25,-14,-1,-8,-35
4,-11,-14,4,1,-29,-9,-29,0,-28,6,-20
2,-23,1,0,-15,-24,0,0,1,-3,-18,-22
-8,-15,-8,-13,-11,-18,0,-19,-1,-2,-3,-17
6,-18,-1,-21,-15,-13,-11,-25,-14,-7,1,-23
7,-1,-6,1,-6,-23,4,-12,3,-7,2,8
-9,-17,-10,7,4,-6,7,-12,0,-28,-9,-27
-5,2,-11,-1,-4,-28,-8,-15,3,8,-13,-18
-12,-10,7,8,0,0,-13,-9,-17,-17,7,-20
7,-1,-16,8,3,10,2,-14,-16,11,-16,-15
5,-20,-1,-19,2,-21,0,12,-9,6,-17,5
-13,-15,0,2,0,0,-15,-12,-8,12,5,6
-8,-16,-14,10,-16,1,-17,2,-13,5,-13,-15
-12,5,-6,0,-8,3,-5,0,7,-14,-7,-2
-11,-4,-5,-2,1,1,4,11,-14,8,0,-2
-3,-12,-13,13,0,-11,-8,-19,-7,-15,-2,12
0,-11,7,11,-17,-17,-17,11,-7,-2,-16,1
-17,-13,6,12,6,12,1,-5,-2,12,-17,10
6,7,1,5,-11,8,-14,19,-5,17,-10,-14
5,8,-2,15,-18,14,-9,7,-7,14,-10,-3
-16,10,-4,-11,5,14,-10,6,-12,1,-5,-5
0,17,-13,-11,-16,-3,1,5,-5,11,-17,20
-8,-12,7,-6,-15,15,7,-8,-13,-7,7,23
0,22,-8,21,-12,4,0,0,2,5,-12,26
-5,24,6,-5,-8,19,-6,3,-9,-2,-5,-5
7,20,-14,15,-17,-7,1,12,-3,10,-9,20
-7,-5,-4,26,-9,-2,0,0,4,-6,7,29
-8,3,0,17,6,30,-8,24,-7,24,-18,-6
-9,4,-3,9,-3,-2,-17,27,-4,-1,0,0
-14,17,-14,22,5,6,-4,-1,-18,29,6,24
0,1,-12,-3,-11,25,-11,0,0,0,-8,23
0,0,-4,8,1,-1,-10,25,-3,21,-11,33
-14,5,-8,24,-1,32,-4,35,-4,26,1,18
-18,19,-4,8,-5,20,-5,31,-15,32,4,27
2,11,-10,12,1,27,-2,12,3,5,4,27
0,0,-16,2,7,22,-10,12,3,2,-1,27
0,0,-8,-22,0,0,-2,-18,6,-5,-3,-14
0,0,0,0,-16,-9,2,-2,-7,-14,-14,-34
8,-21,-4,-14,4,-13,-5,-4,-16,-28,-14,-28
2,-5,-15,-13,0,-12,-10,3,-2,-31,-13,-10
-14,0,-10,-9,-9,-15,3,-27,7,-20,-9,-26
-14,-18,-17,-12,6,5,-7,-21,3,3,5,-8
-16,5,-6,-26,-13,-13,-7,-32,-17,-2,-14,-2
-17,-29,-13,-7,8,-24,-8,-18,-11,0,6,-30
0,0,1,-14,-3,-4,5,-19,-10,5,5,2
-8,2,5,-6,-10,6,-13,8,-11,-19,-6,-17
-5,2,7,-27,-7,0,4,-14,6,-22,7,-28
-5,0,4,-23,-15,-24,-17,8,-10,-15,6,2
-7,3,-10,11,8,-9,-16,-18,-15,12,-17,9
1,4,-2,9,5,10,2,-25,8,-8,-8,7
-10,-14,7,3,-12,-24,-4,1,-12,-1,5,10
-8,-16,-8,-20,-6,-15,-16,0,1,-1,-9,-9
-3,8,-3,0,-7,-11,0,16,-10,-18,-13,5
-2,0,6,-5,-14,15,-16,10,6,-2,4,-20
-9,-3,3,9,2,-19,2,-10,6,18,-7,-17
-3,-5,-15,-13,-2,-11,2,-13,-12,-19,1,-5
-16,12,0,9,-5,7,0,-18,-1,-17,-14,8
-15,20,2,1,-5,-16,-9,15,2,1,8,17
-11,17,4,-6,0,0,5,0,6,-11,-16,16
-3,-7,-10,-11,-14,20,3,-10,-15,15,-8,10
-11,22,-10,-1,2,-3,2,0,-11,12,-1,-3
8,22,1,-3,-9,1,-7,20,-14,24,-3,-4
2,7,8,4,2,23,-5,23,-3,11,5,1
-13,-7,-13,4,-14,18,7,-1,5,20,4,16
6,-8,3,-4,7,21,4,10,-1,1,1,5
-3,3,6,4,-2,9,-14,2,-9,23,-10,4
-8,7,-16,25,3,29,5,14,-14,-8,-7,8
-7,5,-5,29,-11,5,4,15,-9,10,-3,-1
-10,19,2,2,0,24,6,27,7,-2,3,26
-2,12,0,14,5,22,-5,28,2,22,-14,7
8,4,8,-3,-6,25,-1,-3,-1,10,2,15
-14,22,2,4,-9,24,-13,7,-5,7,-8,21
2,14,-11,25,7,8,-7,7,-1,13,-1,24
-12,28,-9,3,-5,-1,-5,22,-10,33,2,25
8,6,3,37,7,0,-1,32,-10,33,6,26
-9,-2,6,-1,3,-38,5,-23,0,-1,-4,-1
-1,1,8,-21,-9,0,-1,1,-3,-19,4,-3
5,-25,-1,-16,-13,-14,-11,-6,-11,-32,-12,-18
-4,-30,-16,-29,-13,-22,-3,-11,0,-26,-9,0
-5,-34,-14,-16,-10,-13,-2,-21,-3,1,-13,-1
5,-16,0,-10,-2,4,-5,-27,-4,-7,-15,-4
5,-3,-8,-21,4,-4,2,-25,0,6,9,-29
4,3,-10,7,0,-5,7,-20,-12,-5,-16,3
2,-15,-9,-8,7,-20,4,8,1,-21,-11,-1
-11,-1,-3,-12,9,-8,7,-20,6,8,-1,-5
-11,-7,-4,9,-4,-22,-15,4,4,-8,-5,-24
-3,1,9,-16,-6,4,6,-12,-3,10,-16,-26
-3,-6,-8,7,-10,3,-7,11,8,-10,6,-14
-7,3,-8,-11,9,1,-15,4,7,3,-15,-7
0,0,-2,13,-10,6,5,10,-1,6,4,-2
-7,-7,-5,-14,-1,8,-5,-21,-6,-4,2,-18
5,11,8,16,4,4,-15,14,-5,13,4,14
-2,4,-3,2,-15,2,7,14,-6,-18,9,3
-7,6,5,-9,9,5,-6,-10,-9,18,9,-7
-3,0,8,-4,-11,-18,7,-14,-14,-14,8,0
3,-1,-8,-18,-6,18,-1,0,-6,-5,-10,12
-9,14,-5,-7,-6,1,-3,13,-12,10,2,-7
-11,-16,-1,12,8,-1,0,-14,-10,12,-4,1
-1,20,-16,16,-7,2,4,21,-14,14,-9,6
-13,-4,-10,15,-1,19,-8,1,-1,8,8,23
-13,4,-7,23,0,-12,4,7,-5,-4,6,-2
-14,-3,6,23,7,8,-1,12,6,-7,0,3
5,9,1,12,-3,-6,-11,25,-15,-6,-6,-3
-7,9,0,-9,-5,24,2,-6,-13,13,-2,9
3,26,2,-8,-9,-9,6,-2,2,6,-14,6
0,0,-14,-1,-2,3,7,26,-16,15,6,28
0,-3,7,8,1,22,-3,-1,-8,29,-14,-6
5,-5,-9,-3,5,22,-10,13,-9,18,-5,20
-2,-2,-8,7,0,-3,4,4,7,6,-9,-3
-4,12,-14,-4,-13,2,8,26,3,1,-5,7
7,12,-6,1,-16,18,0,0,-3,6,-15,5
-16,-2,-15,23,-16,1,-6,34,-7,19,-6,27
-13,21,-16,32,-7,15,-12,17,-12,32,-8,21
-9,24,-11,13,7,1,-1,27,0,32,-15,11
-6,0,10,-6,0,-18,-12,-17,2,0,-11,-4
-13,-23,-2,1,-1,-35,-3,-17,-11,-30,2,-32
4,-27,5,-22,4,0,-14,-27,-15,-4,-6,-27
-13,-28,1,-22,7,-10,8,-29,-11,-4,9,-20
-9,-24,4,1,-8,-2,-2,-18,-11,-17,-4,-21
7,-26,-8,-14,1,-10,10,-31,-12,2,-10,-22
-6,-29,-7,-24,-7,-10,-7,-25,3,-3,-7,-3
-3,-24,1,-19,-6,-10,3,-21,-3,-18,8,5
2,-27,5,-4,0,-19,2,-16,-9,-13,-5,-13
3,-1,6,7,2,-20,10,7,6,-13,-13,-16
0,0,4,-16,4,-5,-3,-24,-13,-15,8,-7
3,-5,3,11,5,-4,0,-8,-7,1,-10,8
-3,-5,-14,1,-3,4,3,-4,7,-10,8,-22
0,0,-15,-15,9,-16,9,-5,-5,4,-8,-5
0,2,-15,6,-15,11,9,-24,-12,9,-4,-1
-9,-4,-11,13,9,-3,1,14,-5,-21,4,7
-9,4,5,14,-15,-21,2,5,5,-19,-14,-13
-7,6,1,15,-15,16,-5,5,-3,7,6,10
1,1,4,6,9,16,-15,-18,-14,7,-15,17
-11,11,5,-1,9,4,3,1,-11,1,9,-10
2,-14,-12,11,8,7,6,11,0,15,-7,1
-9,8,10,17,-7,-14,0,16,10,-5,-7,-7
-12,-13,1,-10,1,-7,-1,-6,-5,-12,-1,7
-7,7,-6,-13,10,19,1,-11,-10,6,4,-10
5,-12,-15,-2,3,5,8,13,-3,16,-11,23
-11,21,9,-8,1,-10,3,19,9,-2,-6,7
5,7,10,9,-8,7,1,23,-7,9,1,1
-12,19,9,24,0,21,5,-10,-5,17,4,3
-14,13,-4,20,9,8,8,2,10,24,-9,22
7,25,-3,11,-9,9,5,4,-2,17,6,7
10,29,4,19,-5,7,-1,18,3,4,4,9
4,-2,1,19,-14,24,-10,1,9,5,8,28
-1,0,-15,23,-13,15,-11,22,-5,8,3,31
-12,-3,-10,4,9,-2,-12,-4,-5,11,5,1
-10,-2,-12,24,6,14,9,28,6,3,-6,25
-7,11,-13,-2,5,7,1,11,-3,16,-4,29
0,5,-15,20,-8,19,10,19,8,-1,-7,25
4,11,9,8,1,33,-4,12,-1,31,-15,21
-14,27,-12,3,-7,18,-11,38,5,15,-4,34
9,-10,-12,-5,-5,-23,-11,-7,-13,-9,1,-28
4,-27,-10,-16,11,1,10,-3,6,-30,-1,-20
7,-10,-5,-1,3,-11,-5,-19,-2,-15,6,-9
11,-19,-2,-21,8,-21,-1,-23,-9,-22,-9,2
4,-7,-10,-28,9,-30,-11,-9,4,-32,-6,1
8,-19,-12,-29,-3,-16,-5,-31,0,-8,-3,-2
-9,6,-14,-31,1,-17,2,-25,7,-15,4,-14
0,0,7,-4,-3,-1,-8,-14,9,-9,-12,-8
-7,-8,9,-6,6,-13,-12,3,-12,-9,-14,-17
-1,-6,0,-4,-9,-3,-2,0,2,-23,3,-23
-2,1,10,-8,-10,-22,-11,-28,-5,-3,-5,-12
-3,2,-10,5,-13,6,-1,-10,0,-5,-11,-27
-2,0,0,-6,0,-5,10,-9,-8,9,-1,11
-7,1,-5,12,-13,-18,-6,10,-3,-7,11,-16
0,4,7,-12,-12,13,-8,0,0,-22,0,-22
3,-1,9,-17,-14,4,-2,-13,-13,-10,-14,-2
-4,5,10,6,-2,15,10,11,-12,4,-1,-2
0,0,1,17,-14,-11,-13,3,6,-16,11,1
-5,4,6,-19,-4,-14,4,-17,-11,-17,3,12
-11,-18,3,15,-8,17,-9,-10,-12,-16,7,6
4,-16,-11,-2,-14,14,-6,1,1,-17,5,-15
3,17,11,2,-3,16,3,3,-1,-1,10,-16
9,-4,10,10,-4,13,-11,-10,-13,4,1,21
-12,5,-5,15,-5,-2,0,22,6,-7,-9,-1
-5,-5,1,-3,-7,-1,0,4,6,-2,-8,-14
2,-8,-13,22,7,7,0,-1,-13,8,0,-1
4,20,-5,-2,3,7,7,6,2,21,0,19
-7,5,9,6,-6,17,2,8,0,15,3,-8
-7,-4,7,7,-7,-1,5,22,9,-6,-9,5
8,1,-13,19,-2,9,4,-8,-13,-2,-2,-1
-12,-7,-8,25,-11,25,9,2,-5,9,4,-4
-8,-5,-5,18,-9,16,8,16,-7,12,1,-3
-11,1,-8,3,0,23,10,-1,10,17,-11,-2
-12,-2,-9,16,0,12,-4,0,2,5,7,12
-6,9,-8,18,-6,26,11,11,-12,2,-9,3
10,-1,8,18,-7,5,0,12,-5,10,-7,14
-12,27,-11,2,11,16,5,19,5,23,0,18
3,0,8,14,-14,33,-9,1,8,12,-11,33
6,14,-2,16,-9,38,-6,22,11,35,-11,29
-13,-29,5,-5,5,-23,0,-29,-6,-35,-1,-36
0,0,-9,-33,12,-34,1,-30,12,-5,-13,-9
8,-26,3,-22,-2,-30,2,-22,-11,-27,-5,2
2,-33,6,-14,12,-5,9,-1,9,0,0,-32
11,-9,-8,4,-7,-27,1,0,-6,-13,8,-4
3,-32,-11,-20,-8,-22,4,-15,-1,-29,-12,-20
-1,-29,-1,-23,2,6,-5,-21,10,-3,2,-7
-1,0,-2,-5,-4,-5,-13,-25,10,6,-7,-18
4,-4,-8,-19,0,0,6,-5,-7,-21,7,-17
1,-2,1,-20,-9,-3,10,-21,10,-21,-11,-15
3,-1,9,-18,-3,-24,-5,-14,-13,-8,-10,-10
-1,-2,7,0,-8,8,-12,8,6,-1,-7,-13
1,-3,6,-6,-13,3,7,-9,-13,-15,11,-24
-6,3,3,-6,9,-13,7,-14,-2,-19,-8,5
-8,-1,-4,-24,8,11,-5,-4,-11,-14,-13,2
3,3,0,5,2,-2,9,-9,-1,-6,-9,10
0,0,-12,-17,-10,4,-6,1,10,-1,4,-8
2,-1,-5,3,-12,11,-9,9,10,-4,7,-5
-2,6,2,6,-8,11,10,-19,4,-1,5,-8
-8,11,1,0,2,6,-13,12,-5,-19,-1,-15
6,-18,2,-10,-3,9,-9,-13,-5,-8,-3,2
1,-2,7,15,-12,-9,4,-12,-5,16,4,4
10,22,-2,-11,8,-7,-11,4,1,-12,-7,6
-9,20,0,-10,12,-14,9,-15,6,-4,1,-10
1,22,4,2,-8,23,-6,11,6,-6,-3,11
-12,-13,9,15,8,-5,-3,1,-3,21,1,19
-13,11,3,9,-3,-10,8,24,-7,-1,0,-7
10,-4,11,-3,-11,24,-10,3,-9,25,-3,2
7,-7,1,-5,10,-4,12,-6,-1,-5,3,25
-2,-8,8,-8,6,11,-10,20,6,10,6,-2
10,-2,-2,-5,9,-8,-9,3,-3,29,-5,29
-10,-3,-13,28,2,12,-1,-1,0,-2,3,-1
-1,0,-3,8,0,0,-6,29,-3,6,-7,25
-13,22,-9,9,-13,14,9,1,9,27,-5,29
0,13,-13,28,10,-4,10,10,0,16,2,8
-1,16,12,2,6,31,0,0,4,1,4,28
-9,20,-10,23,1,7,10,30,-11,15,0,26
0,13,-2,24,-9,-1,1,35,10,9,10,37
10,14,0,0,9,22,8,1,12,31,-8,3
-2,-4,-1,-10,-10,-10,-10,-21,-10,-5,13,-5
12,-14,6,-35,-1,-2,7,-19,9,-5,6,1
8,2,-2,-25,0,0,-4,2,-8,-18,-7,-35
8,-24,9,-10,-9,-14,-10,-34,4,-18,12,-17
13,-12,1,2,-12,-14,0,-12,-11,-34,-10,1
-9,-22,9,-31,1,-13,-11,-18,0,-1,3,-20
-8,-5,-6,-32,2,-26,-7,-19,-7,-25,-6,-12
-2,-18,-9,-22,13,-19,11,-6,-10,-24,10,0
5,-2,-6,2,-5,-28,-1,2,-12,-13,-5,-16
2,-3,-12,-25,-1,-14,-12,7,-2,-19,-3,-1
-3,-1,4,-3,-9,-25,-11,-28,-7,-3,3,-28
5,0,0,0,-9,-12,-4,-24,6,-10,1,-15
4,2,5,7,0,-12,-3,1,3,0,-6,-7
-1,5,-6,-24,-4,-4,9,-21,7,-9,1,-21
-3,5,-6,-16,7,-17,-4,-8,0,-23,-5,-16
1,4,7,-9,-11,11,-11,14,-10,12,4,2
-4,7,1,-8,-7,11,5,-7,-2,16,-1,-14
1,8,-2,1,6,-1,7,-14,-6,-21,5,-11
-6,9,-10,6,-3,-8,-5,-13,0,0,-11,-17
-3,-1,4,14,5,3,-1,-16,-5,13,-2,14
0,0,-2,-17,-6,8,-12,11,10,0,10,15
-1,15,-9,-9,0,-5,-6,-15,0,21,1,-1
2,16,-5,4,13,-14,9,12,9,-7,7,-5
5,-6,-1,-8,10,18,0,3,-8,-10,13,1
10,-11,9,-11,6,7,1,7,-8,-2,8,9
3,2,-7,1,2,-5,3,19,11,7,6,21
-3,-2,2,1,8,-6,11,26,-10,-4,-10,-3
-11,10,-7,1,8,20,-9,12,-4,-7,0,-11
5,14,12,14,4,-10,5,-7,-5,5,-9,-5
0,1,8,-1,-2,3,-11,18,-12,-8,-8,-6
-10,24,3,6,-6,-7,12,29,-8,7,9,14
2,26,11,16,5,-3,1,-7,11,18,12,9
-12,18,1,28,9,15,7,31,11,17,-6,31
7,23,12,31,13,1,-7,12,-4,15,9,31
-3,0,10,4,-1,34,6,4,6,21,11,5
-4,15,-2,25,-8,30,-10,24,-7,24,7,33
-12,20,-1,12,-9,22,10,35,-1,2,13,-1
-5,-1,-11,19,-3,36,-6,22,-4,10,-7,8
1,8,2,15,4,10,6,14,12,17,-8,17
10,-1,12,-19,1,-34,-8,-8,6,-13,14,-8
-11,-1,5,1,2,-4,-8,-30,1,-10,2,-3
0,0,-8,-22,5,-31,1,-29,7,-5,-7,-24
9,-15,-9,-8,4,-1,8,-11,2,-29,0,-33
-7,-16,5,3,-7,1,-2,-1,5,-7,11,3
11,-2,6,-11,-2,-24,-9,-9,-9,-2,5,-19
-3,-17,14,-18,-5,-7,11,-13,14,-6,-4,0
0,0,4,2,-9,-23,12,-10,-11,-16,-1,0
2,-4,-6,5,8,7,-9,-18,-2,-24,4,6
3,0,-5,-26,11,-12,-1,-6,-11,-23,7,-6
-7,-4,-9,4,2,-19,-1,6,8,8,0,-6
2,-2,14,-2,6,-26,-11,-16,2,0,4,-25
-1,0,-6,-3,-6,-11,-7,7,10,0,-1,0
0,0,13,-13,1,-2,4,-2,-6,-9,-6,8
0,0,-4,4,-4,-21,12,12,3,13,14,8
0,0,11,7,-2,-18,0,-1,-10,-5,-2,-18
5,-13,0,0,-7,-17,9,10,-5,8,12,5
8,-18,6,-4,0,0,2,15,-4,10,4,1
0,-17,-2,1,4,2,-4,11,12,-18,-6,-18
5,10,-8,-6,-10,1,-5,-11,1,16,12,-9
6,11,10,-18,-5,-15,9,-3,-7,14,13,14
10,17,5,0,-2,16,14,-7,4,14,10,3
-6,11,0,0,-10,1,5,-1,11,11,14,19
-4,8,5,12,2,-11,3,12,-3,-10,8,-9
9,17,1,11,-5,6,-6,7,10,-2,6,14
-3,-4,-1,4,12,11,1,15,2,25,9,22
11,-12,-1,-2,2,22,-5,13,-8,18,7,-11
8,-9,9,-9,-10,16,5,7,5,-11,5,16
13,17,-11,-8,5,22,13,-6,13,-10,-5,7
8,-3,3,2,-7,16,-4,-6,2,-5,13,18
6,15,11,-1,-4,20,-4,7,10,25,1,14
-9,27,-7,22,2,3,-1,-3,-8,18,8,6
5,25,-3,12,7,6,-7,25,-11,-1,10,22
-5,7,-6,24,-10,25,10,12,13,29,-5,4
7,9,4,14,-9,26,2,27,7,9,7,18
7,-2,9,12,0,-1,5,7,2,33,-7,33
-3,10,11,22,9,7,-8,15,9,21,-5,8
-2,5,2,30,-11,4,-6,9,7,29,-4,10
-9,33,-2,23,11,7,-4,29,14,27,-3,25
0,0,6,-28,15,-5,-2,-34,6,-7,-9,-31
13,-14,12,-18,4,-33,15,-12,-3,-35,5,-26
-8,-25,-6,-17,12,-26,14,2,-8,-2,-6,-13
-3,0,10,-18,7,-11,12,-7,-8,-35,-8,-9
-10,-16,3,-16,8,4,9,-8,5,-27,-7,1
-9,-32,-9,-3,14,-28,10,-23,4,2,10,-21
-3,-14,1,-13,-9,-32,1,-27,12,-8,-7,-7
0,0,0,-15,9,-29,-5,-8,-1,4,-5,-14
-2,-5,-10,-11,-1,-1,7,-18,9,-7,-5,-26
-2,-8,-5,-1,1,-6,-7,-26,-4,-7,-1,-19
6,-5,1,-16,9,-24,14,-16,4,-20,11,-18
4,-5,13,-13,12,-1,7,-6,1,-2,-1,0
4,-2,-2,-16,-1,-25,-10,1,2,3,9,6
0,0,8,4,-7,-18,-10,5,0,0,1,-1
0,0,7,-17,5,-1,15,9,-4,-16,5,7
0,0,-9,-10,-2,10,-3,-2,4,-3,0,0
-2,13,-9,-19,-1,-3,-3,10,14,-20,0,0
6,15,-6,-10,-8,-12,11,3,9,8,-1,-3
-10,6,0,11,4,-19,7,8,5,-18,15,9
3,-8,6,10,7,-2,2,5,-8,-18,-2,-1
-3,-3,3,15,14,7,-3,-17,0,0,-5,1
2,0,-8,12,2,-1,-8,5,15,-17,-6,-1
0,0,12,-13,12,-14,14,-13,10,3,12,2
0,-1,2,-14,10,17,8,2,9,-1,-6,-9
8,7,7,4,-7,0,-4,-9,7,1,-9,21
3,11,13,24,2,18,4,-7,-1,-6,12,-11
-3,18,-10,16,10,2,-8,-1,-2,17,15,-7
-1,3,10,2,-8,4,0,14,5,8,-1,2
0,9,9,5,13,22,14,4,-9,22,1,-3
14,3,8,-2,-6,-2,-7,1,0,-8,-6,20
11,14,3,8,6,19,7,3,7,15,-3,10
3,-7,-7,26,13,6,5,3,9,-3,-6,21
-7,25,6,-2,13,27,-8,23,2,3,-10,-1
11,25,-2,25,9,7,-6,12,12,23,3,21
12,21,3,28,-8,15,-5,23,11,17,5,5
14,25,-4,2,4,0,-7,24,7,25,7,-2
-7,16,-10,23,3,16,-1,22,7,32,13,14
-10,5,12,33,5,35,4,7,0,8,1,37
14,37,-4,25,13,37,-6,25,-5,35,-4,12
-5,-21,3,-4,0,-10,-4,-37,-6,-2,7,-19
14,-7,0,-8,4,-24,-6,-28,2,-25,15,-12
15,-4,-5,-9,13,1,-1,-10,-7,-18,8,-34
7,-3,5,-19,-2,-24,5,-6,13,-6,-1,-5
3,3,9,-15,14,-6,14,-18,-9,3,-4,-7
-6,0,4,-12,4,-8,-1,-2,15,-11,-3,-5
14,-21,-1,3,3,0,-8,-15,0,-8,8,-20
2,-13,12,-18,3,-11,11,0,-4,-20,11,-14
0,0,8,-19,2,1,-2,6,-5,-2,3,-18
-1,-1,5,1,10,2,6,-25,2,-6,2,7
6,-1,-4,-8,9,-24,-3,-14,-5,-5,15,8
3,1,4,-26,-9,6,-4,6,6,11,-4,-4
3,-2,-2,0,-2,7,13,-14,-7,-1,-2,-16
0,0,6,-16,12,-20,-7,-18,7,-20,-5,-18
5,-4,7,-22,-9,4,9,10,1,7,-5,6
6,0,-4,-23,0,-3,16,-22,16,-2,-9,15
13,6,-2,-7,12,-10,3,-14,0,11,16,-20
-2,-16,7,1,1,0,12,-9,7,1,10,12
3,-20,0,0,6,15,-2,8,4,-8,6,-1
-7,-11,-9,-11,12,14,0,0,-3,-4,-1,-14
12,-16,6,13,-7,-11,13,20,-9,-10,5,-1
13,15,4,-14,9,17,-4,8,11,-4,-8,10
0,1,0,10,-6,22,11,18,-8,-10,-6,0
14,-14,10,-10,3,14,8,21,12,-11,-8,21
12,9,-1,13,4,22,2,7,15,24,9,22
7,-6,3,-2,4,2,14,5,-4,5,4,8
8,-1,-7,-7,3,16,7,12,7,6,6,11
8,-3,0,-6,-4,14,-8,17,-4,1,11,20
-1,14,8,19,0,0,14,-8,6,4,-2,16
1,11,-4,7,-2,-5,5,21,3,-2,-8,15
-7,-4,-5,15,0,-6,7,3,10,24,2,11
13,10,-2,-6,-7,-2,4,7,3,-4,-4,29
-6,17,13,-1,-6,26,-9,27,9,28,3,-3
-6,3,6,32,2,15,-7,30,13,-3,10,-1
10,19,-1,5,9,29,5,-1,3,8,7,-1
1,-1,15,29,10,21,3,10,10,32,8,1
-4,34,4,27,-2,32,0,1,12,11,14,4
2,6,-4,31,14,2,3,10,8,32,-8,13
6,11,-1,19,3,21,4,28,-5,4,14,0
-5,-22,-7,-4,10,-1,6,-18,9,-36,16,-14
-7,-22,14,-5,13,0,12,-13,1,-11,1,-14
0,0,10,-13,-6,0,9,-32,5,-34,14,-20
15,2,1,-16,9,-30,1,1,-7,-31,11,-13
-7,4,-1,-32,-6,4,3,-7,-6,-6,11,-3
10,0,16,-33,-7,-22,12,4,5,-16,13,-14
14,-27,1,-31,-4,-9,5,-21,16,-23,12,-22
5,-27,9,-22,11,-16,1,-10,15,3,-6,-27
5,1,9,5,12,-18,5,-20,13,-15,3,-2
-2,-15,-5,5,11,-16,-2,-25,7,-13,2,7
-3,-6,7,-13,10,-21,-2,-25,11,-21,-2,-10
5,-6,17,10,-2,-17,-2,-5,0,-19,8,2
0,0,0,-24,6,-4,4,12,9,1,-5,6
4,-2,0,0,6,-10,10,-9,-4,-19,6,-15
11,7,5,-17,12,-2,11,-15,0,0,0,-24
-2,8,13,-18,17,0,11,-19,0,0,6,4
4,-9,-1,14,14,9,13,13,12,7,16,7
7,3,-2,2,8,14,14,4,12,-12,16,-4
0,14,0,17,-2,18,10,7,-8,-11,4,-6
2,18,16,-1,17,12,14,-11,6,-3,-5,-10
-5,9,-3,-12,13,-18,13,8,17,1,15,7
12,13,10,10,11,1,5,-16,-8,-4,17,-9
2,-1,17,-3,3,21,4,11,16,9,3,0
-2,8,-1,17,-2,19,10,3,8,-3,-8,-7
7,-9,6,9,-4,-10,9,18,-3,-4,11,23
14,11,9,8,2,4,15,16,11,18,5,-13
10,6,1,-3,11,-6,-3,22,0,6,14,26
-6,10,7,-1,14,27,14,-9,6,6,-1,8
10,25,2,16,-7,26,14,-7,-2,13,5,-3
9,11,-3,-5,17,-4,9,17,-5,17,-6,9
5,-2,8,1,8,9,8,15,1,19,8,8
10,-2,10,15,10,21,7,6,14,16,-8,-3
12,21,3,2,-4,-5,6,27,15,8,-2,-2
17,7,16,2,-2,-5,17,29,11,10,1,32
-6,31,15,-4,2,-4,3,25,16,20,8,20
12,-3,5,9,14,27,1,9,14,16,7,18
4,2,6,19,3,24,15,15,17,26,3,4
9,11,-8,8,3,17,14,4,9,34,4,6
15,19,11,19,-2,23,-5,13,10,7,5,19
15,-17,4,-11,14,-12,10,-22,8,-4,4,-35
12,0,12,-7,-6,-13,12,-3,8,-5,11,-13
17,-15,-6,-34,-6,2,-5,-15,9,-15,-1,-28
6,-1,16,-9,10,-23,8,1,12,-7,3,-28
8,-21,-1,-30,-7,-12,13,-12,2,-19,-1,-18
12,-7,1,-11,-6,-27,-1,5,14,-28,4,-16
13,-16,13,6,-4,-32,-7,-27,9,-6,10,-3
11,-7,-4,-5,13,-24,10,-6,1,-6,0,-3
7,-20,8,-17,0,-14,7,-29,9,-7,14,5
15,-27,14,3,8,-23,-4,-13,-3,-18,-7,2
8,1,8,-4,13,-28,14,-23,7,-27,13,-10
0,0,1,11,10,6,-1,-7,12,-27,3,-8
-2,-6,6,-15,7,-12,18,9,-3,-23,8,9
-7,-6,11,9,-3,2,6,-20,6,-25,13,-14
-5,2,14,0,0,0,-5,-22,-3,13,6,-13
4,-8,10,5,-2,-7,3,6,14,-9,3,-13
9,0,2,-9,15,-6,-5,6,14,3,5,3
0,0,18,15,0,-15,-7,5,1,10,-2,-3
2,3,0,-20,13,-9,18,4,-4,-5,4,17
4,-2,15,10,12,-2,8,-11,5,-11,14,7
8,-12,-1,1,17,-16,0,-5,11,9,5,-13
15,-16,18,0,17,5,12,-9,4,14,5,15
6,-13,14,6,-1,16,8,19,8,-6,15,5
-2,-1,12,1,17,-1,3,16,-4,3,11,-6
4,13,7,-14,2,8,14,18,17,-1,6,-5
-7,-12,2,-7,4,-3,14,20,7,15,16,18
-7,13,9,18,12,7,7,19,-3,13,1,-10
1,-8,10,-9,4,-2,-1,18,6,-8,11,15
-5,14,-6,13,13,23,1,17,9,14,16,1
2,11,17,4,-2,-6,15,27,15,16,11,23
1,-3,-5,7,17,-2,8,-8,14,3,9,-4
-1,23,11,2,14,24,13,-7,-7,21,2,4
4,6,2,2,11,19,7,10,18,14,-5,23
-4,23,15,33,16,18,13,11,-7,20,-5,3
1,2,8,-2,2,-4,-3,28,13,27,-6,22
4,18,14,5,10,12,17,-1,0,33,15,24
18,9,4,9,5,33,13,23,1,17,5,25
0,0,7,5,10,31,17,6,17,27,5,9
5,15,8,36,17,17,7,9,-6,22,-4,1
14,-10,3,-20,11,-12,8,-10,17,-3,19,-21
13,-1,12,-6,7,-20,7,-2,19,-22,6,-31
11,-23,4,-15,2,-1,14,-32,5,-29,3,-21
-3,2,6,-16,2,-6,12,-6,14,-9,14,-9
-2,2,10,-18,3,0,5,-4,13,-17,9,-26
19,-7,12,-25,4,4,3,-15,-1,-9,-3,-12
-2,-26,3,-10,-5,-22,11,1,-6,-20,18,-22
-1,-27,19,-2,-2,-22,17,-12,-1,6,9,-28
-3,-9,3,3,-1,-17,16,-4,14,-19,15,-25
11,-19,-6,8,9,-22,14,-26,12,-9,-2,-27
9,-9,0,2,15,-25,-4,2,17,-12,17,-26
1,-7,9,-4,-6,-23,3,4,7,-13,1,2
9,-4,17,-5,1,12,15,11,13,7,2,-22
19,-22,-3,13,-2,-8,18,-16,1,1,9,-20
7,8,15,-9,6,-15,0,-8,18,-4,10,-4
1,6,14,-13,5,2,6,-22,19,-10,14,5
0,0,7,8,12,4,-6,2,-3,-17,5,8
0,0,-3,-16,3,4,7,17,-2,-21,4,9
0,0,1,1,4,-19,13,-17,-5,-8,-6,0
4,11,1,-14,7,-17,8,0,7,2,2,17
0,0,-3,-1,10,0,10,13,6,-4,18,8
-5,5,13,8,-2,-6,13,16,-1,-16,0,9
14,13,0,19,18,-15,12,19,3,-13,0,7
6,-7,-1,0,17,-10,6,-10,0,-2,8,20
1,0,-3,6,1,-13,-5,7,12,-3,12,13
16,3,0,0,1,10,10,-4,3,-9,3,1
0,1,17,-5,14,22,19,-4,0,7,1,-12
-1,0,7,-2,8,9,9,-9,5,17,7,12
-3,-1,2,-3,13,15,-4,26,1,10,2,-1
-2,24,15,20,11,27,15,21,6,-3,16,-8
-2,24,7,-4,15,11,3,-2,4,9,14,7
1,-5,13,-3,0,12,15,0,13,27,-3,-1
-2,-5,17,-2,7,5,9,19,13,6,16,-2
2,18,6,8,1,13,2,-3,-5,9,-6,9
6,28,-2,6,15,18,11,-3,18,29,18,9
-1,0,-6,0,16,15,12,20,14,31,11,30
-6,2,19,6,2,15,19,26,14,36,-5,0
14,8,13,28,5,3,18,23,3,36,-5,24
3,33,0,34,10,36,17,22,0,2,9,6
1,-34,10,-9,13,-9,12,-29,18,-26,6,-23
6,0,1,-23,13,-32,18,-7,11,-3,7,-22
11,-1,-3,-24,-5,-23,17,-23,0,0,17,-33
19,-21,20,-17,18,-14,-5,-19,19,-3,15,-21
6,0,10,-13,0,0,10,-8,6,-8,-3,-3
20,-10,-3,-5,10,-21,16,-25,10,3,1,-4
3,0,15,1,5,-16,8,-5,1,-31,14,2
-4,-6,2,-8,14,-21,4,-11,12,-19,11,-9
-1,-1,0,0,1,-22,-4,-10,15,-8,13,-10
16,6,7,-8,20,-18,17,-20,11,-26,11,9
10,-25,18,-3,-1,-6,13,3,16,-20,6,-7
17,6,2,7,18,-11,-5,7,3,-13,14,-11
9,-7,9,-12,16,6,11,1,18,-8,9,-15
-1,3,18,-20,5,-15,14,-9,18,-10,20,12
6,-8,13,-19,0,0,0,0,20,-19,17,-18
-1,3,15,-20,5,-18,-2,15,10,6,10,15
11,3,-1,-22,20,2,20,4,4,6,13,13
11,-1,14,-4,0,7,12,10,17,5,17,14
12,1,13,-7,0,2,-3,-20,11,-4,14,4
6,-6,0,0,-2,-7,0,0,2,8,10,-12
12,-4,1,-11,0,0,4,-4,11,11,9,0
-5,-6,-3,0,9,16,8,-4,13,-1,-4,-5
-5,1,14,-14,20,-12,16,-13,-4,7,18,-9
-3,16,1,0,16,-11,20,12,16,-5,16,6
1,-9,-4,8,-5,-6,0,0,0,0,11,22
0,-5,-4,-9,12,-3,3,4,0,16,0,0
7,-10,15,22,9,23,19,13,19,-5,2,0
10,-1,15,14,1,-9,8,7,6,5,5,23
9,8,4,5,3,-6,3,0,18,-10,13,18
2,-1,5,3,8,28,-5,9,14,12,15,20
13,4,-1,12,15,13,4,7,11,-4,2,16
11,10,-3,29,4,20,20,12,9,26,1,4
-1,-4,6,27,-4,10,-5,26,15,26,14,3
0,0,-4,2,-1,29,-1,11,-5,-5,-3,31
3,6,6,-4,12,3,14,27,16,24,2,26
-4,23,11,17,6,0,11,9,5,12,-2,14
-5,18,17,14,19,19,7,14,-5,17,-4,4
0,0,0,0,19,26,1,5,9,-1,20,-1
8,9,15,21,20,15,6,24,9,31,7,18
14,-8,18,-7,5,-15,4,-5,-3,-14,1,-10
1,-2,1,-11,8,-11,7,-9,5,-32,3,-3
-2,2,19,-7,8,-25,1,-4,5,-24,12,-35
1,2,-4,-19,-2,-13,21,-35,5,-17,8,3
17,-18,19,-16,-2,-34,13,-11,2,-9,4,-11
17,-14,0,-7,-4,-26,17,-2,3,-24,0,-28
21,-22,10,-31,-2,-20,3,-24,19,-25,16,-8
1,-16,13,-19,4,-5,1,4,-3,-5,11,-13
20,-30,19,-19,14,1,3,-21,-2,-14,20,-23
17,3,9,-27,-3,0,20,-1,10,-11,10,5
12,-9,18,-17,6,7,-4,-20,11,-19,9,7
10,-16,16,-7,7,1,-1,10,14,-3,13,8
13,9,13,-25,13,8,0,0,17,5,8,-5
15,7,4,9,16,-22,3,-11,9,3,17,-16
2,4,5,-12,-2,-22,-3,-18,16,3,0,-11
5,9,0,-11,2,5,-3,-18,2,13,6,-17
-3,-15,-4,14,10,-15,8,9,6,13,4,-5
12,-19,4,-1,5,-7,11,-10,10,-2,12,13
8,-9,17,-11,0,0,-2,-15,11,17,13,-2
16,-1,5,-2,14,-6,7,-5,21,10,19,-14
8,16,6,20,3,-13,21,2,-3,20,-1,19
21,2,10,17,21,-3,0,-11,20,18,8,-16
19,13,6,2,3,20,12,-11,12,-14,19,2
16,11,7,3,13,-1,8,-15,-4,14,13,-15
1,4,-1,-12,0,0,5,-6,11,4,3,19
15,16,15,15,4,11,3,6,17,14,13,7
10,-7,4,-7,0,0,-3,6,-4,6,11,5
19,-7,8,7,14,19,2,22,11,10,6,-7
0,21,11,-3,8,28,5,19,20,17,5,-4
16,27,-4,15,-1,28,19,-2,16,1,1,29
17,-1,1,14,6,6,5,1,12,28,-2,26
0,5,7,25,11,20,8,14,16,7,9,22
18,0,20,-3,19,11,11,-3,1,9,10,-2
-2,25,11,30,7,17,6,13,8,13,20,-1
10,12,-2,27,16,32,0,0,6,1,1,17
-2,7,17,4,21,25,8,6,11,24,12,7
20,6,12,13,0,0,0,0,13,6,1,-2
21,0,0,16,12,23,20,10,20,20,1,23
21,28,16,22,11,37,13,19,-4,33,9,2
19,-12,17,-26,6,-34,-3,-37,21,-8,8,-13
3,-2,16,-26,18,-8,11,-33,9,-13,10,-19
2,-2,13,-29,8,-12,18,-30,15,-32,9,0
0,0,2,-1,19,-27,6,-7,14,-29,19,-18
10,-19,19,-33,0,0,5,0,0,-13,5,-1
13,1,-1,-14,-2,4,-1,1,3,-27,14,-14
-2,2,1,-16,16,-6,10,-13,-1,-13,20,2
-2,1,8,-7,3,-9,22,0,20,0,21,-20
10,-29,5,-29,7,-11,2,-19,20,-6,19,-22
13,-23,8,-25,13,-18,22,1,-3,2,-3,-17
6,-15,21,-9,2,-11,0,0,21,-2,6,7
1,-2,15,1,9,6,-2,-23,4,3,9,-11
8,-7,17,-26,2,-6,21,1,15,-18,3,-21
13,-15,21,-8,7,8,5,-2,17,10,-1,13
19,-11,12,-7,20,6,22,-6,0,-12,19,2
22,-14,-2,-2,15,9,21,13,1,-13,1,-1
1,-9,7,14,7,-2,6,0,-2,6,-1,-20
-3,9,4,-15,2,-16,21,0,17,3,18,-21
12,16,10,5,0,0,18,-4,18,-17,13,-2
5,19,15,13,14,-17,12,-7,4,-1,19,-12
14,-2,20,17,3,-4,7,9,13,-5,0,1
4,21,4,-3,-1,17,17,4,8,-3,16,-16
7,6,-2,-2,17,11,13,9,-3,0,1,16
19,12,21,6,11,12,16,21,14,17,7,12
6,8,18,7,5,24,22,2,10,8,11,-6
19,7,8,-12,6,22,-1,-5,-3,14,19,1
17,11,9,21,-2,-3,16,-7,6,11,16,3
17,11,-1,24,19,10,20,15,9,14,14,-2
9,-9,-3,3,6,26,3,5,8,11,11,-3
2,4,16,4,-1,1,13,17,19,-3,19,-4
9,1,21,15,17,30,1,15,11,16,14,28
-3,-2,12,-6,10,25,6,3,8,13,-3,20
1,-1,10,4,14,21,7,10,10,18,22,0
21,6,4,4,12,8,15,23,4,5,2,27
-1,24,-2,8,1,4,1,-3,7,16,22,8
8,8,18,34,20,23,7,8,8,5,9,32
22,-2,15,13,6,30,0,0,12,4,18,35
7,27,3,16,19,19,6,29,10,9,-3,5
12,31,-2,0,21,26,7,30,9,23,-2,10
4,-4,21,-37,16,-27,13,-22,-2,-31,1,-18
7,-37,16,-13,20,-24,18,-8,3,-28,9,-27
-2,1,23,-10,1,-11,0,-30,-1,-20,5,2
12,0,1,-34,0,-6,12,-11,5,-35,23,-21
1,-22,9,0,14,-13,3,-34,9,4,-1,-18
16,-24,10,-28,1,-2,-1,-17,14,-26,0,-16
22,-15,7,-5,11,-5,8,-8,12,-11,21,-19
5,-27,3,-4,9,-24,16,5,6,-25,0,-6
20,-12,2,-23,10,-8,19,-17,10,7,-2,-21
11,-17,8,-26,15,-23,18,-21,-1,1,23,-25
2,-19,16,-10,20,-24,23,4,5,-11,10,-15
21,-24,13,3,8,11,10,9,13,1,8,-25
16,-7,16,-14,10,-7,3,2,19,11,16,-26
19,-25,15,-22,14,13,11,7,3,-8,15,-2
19,-11,1,-24,16,-22,14,-18,16,-21,1,-17
13,10,12,6,15,-15,21,-20,23,0,-1,0
18,-15,11,-14,2,14,8,-15,11,-14,22,-16
2,17,14,-10,10,-8,11,-13,18,-15,-2,3
12,-13,1,-14,-2,-14,17,-5,2,-7,11,-19
-1,-9,-1,-11,10,-4,22,7,9,17,6,5
0,-5,10,-1,0,0,3,2,15,3,2,-4
23,14,13,-17,7,-11,2,2,8,-10,4,16
23,-2,5,-8,9,-2,4,12,4,11,1,22
-2,-3,0,22,2,17,15,2,17,-6,9,14
22,20,8,10,6,23,15,23,18,-10,23,7
13,24,3,4,0,13,-1,6,-2,11,12,13
0,5,9,25,2,17,1,22,4,17,7,-11
18,10,2,26,21,-4,20,6,19,-11,23,-1
-1,-7,5,7,11,25,6,-1,15,21,2,5
5,23,17,25,3,20,16,17,17,1,17,14
22,1,4,20,10,2,9,9,13,-5,6,-7
19,-3,15,1,14,5,-2,10,9,3,18,23
15,1,15,19,22,10,19,-4,7,8,12,30
-1,-3,1,22,16,11,11,-3,5,11,11,22
18,4,6,12,16,14,21,-4,7,6,10,20
5,8,1,34,2,7,3,26,8,27,12,11
18,2,1,17,5,13,14,14,2,33,3,18
23,6,13,2,12,30,2,19,-1,2,14,7
15,6,-2,23,8,26,0,23,7,0,15,17
24,0,3,-33,10,-38,3,-11,5,-14,18,-9
18,-12,-1,-22,9,-29,3,-3,14,-22,7,-25
3,-17,9,-27,0,-35,0,-23,15,-28,8,-36
17,-10,11,-25,4,-27,4,-9,20,0,18,-23
3,-23,24,-22,15,-27,3,-26,1,-19,2,-19
2,-1,11,-29,10,-20,9,2,12,-18,21,-33
17,4,-1,-12,9,2,0,-18,6,-10,19,-24
22,-13,20,2,19,-6,10,6,7,-19,14,-5
12,-28,1,-20,1,3,24,8,-1,-8,9,-21
0,-25,24,-19,15,2,6,-19,5,-24,2,-18
15,-28,16,-15,1,3,15,-28,19,9,22,-25
10,-7,18,-24,-1,-3,-1,-6,2,-25,1,-6
3,-23,1,-12,0,0,5,-25,16,-21,21,-3
0,-17,22,11,21,11,8,7,4,-22,7,-19
12,-19,6,5,0,-6,13,-3,23,-19,2,-10
14,-22,8,5,-1,-6,17,7,0,8,20,-21
16,-20,23,3,17,-22,10,-13,19,11,1,0
1,1,3,-12,2,-2,23,-3,17,2,18,14
10,-11,4,16,2,3,-1,-10,24,-14,11,6
19,-14,1,-10,2,-8,22,-4,19,2,6,-14
1,-3,24,20,22,17,-1,20,2,14,3,-18
0,-5,1,-1,20,-6,-1,20,24,-13,7,-6
16,17,15,12,1,9,2,20,9,-5,12,-8
7,22,24,18,0,0,15,23,0,0,2,-13
23,8,0,1,21,-13,-1,11,0,20,6,13
0,0,9,10,4,23,13,12,17,25,16,25
-1,1,12,3,1,5,9,3,5,8,20,22
-1,-1,18,13,15,26,2,21,7,27,16,23
2,3,24,-7,13,0,18,18,5,2,2,13
12,9,15,26,22,18,22,19,20,25,2,15
20,-5,14,24,22,-6,12,12,14,3,8,0
24,-2,8,24,14,17,9,31,19,11,14,23
14,-2,-1,12,15,8,6,20,17,3,4,25
2,1,16,25,17,17,12,32,23,32,3,30
17,10,11,19,1,-3,18,-3,8,18,9,17
13,-1,8,1,11,21,2,2,2,14,15,9
6,7,20,26,15,18,20,17,3,12,12,20
22,25,1,29,20,12,8,37,14,23,-1,32
12,13,19,11,4,27,24,23,5,3,23,5
25,-2,24,-34,1,-24,19,-15,18,-2,24,-26
22,-15,0,-10,6,-31,10,-18,19,-31,21,-24
18,-10,22,-23,21,-9,11,-36,12,0,12,-27
0,0,5,-28,15,-34,24,-4,14,-5,7,-13
0,-2,24,-1,23,-20,2,-21,21,-16,9,-27
22,-25,2,-12,10,-26,11,0,6,1,21,-19
5,-25,17,-1,6,-19,13,2,17,-25,11,-23
18,-28,22,2,0,-20,1,-19,1,-30,22,-12
24,8,24,-19,13,-9,11,6,11,-28,15,-29
15,5,1,8,22,-18,22,1,3,2,15,0
8,-17,18,-24,9,-4,2,-24,10,-2,13,4
3,-3,23,6,23,-8,7,6,3,-5,5,-5
16,4,8,-11,13,0,16,-5,9,4,16,11
24,-24,16,-7,24,-17,1,-15,24,-7,12,3
20,-18,3,-2,8,-22,16,12,0,-14,22,-9
19,-12,20,5,5,-2,11,-8,23,13,13,13
4,-15,13,5,25,5,18,-20,1,-11,21,-18
20,-6,17,-17,1,4,6,-11,0,15,2,9
10,-10,12,8,3,-16,4,-6,17,-2,0,5
15,11,8,10,24,5,7,3,19,19,18,-8
4,19,1,-12,0,0,16,4,17,2,7,-2
5,-1,12,21,4,14,0,-8,17,12,0,0
0,0,1,8,25,16,7,21,17,-3,24,4
16,18,23,-7,14,-10,4,14,18,20,20,22
21,22,6,-2,8,22,20,19,8,-5,25,14
1,1,24,16,21,-11,11,21,11,14,9,23
21,26,1,4,24,21,0,0,2,15,14,25
20,26,22,-9,1,10,14,24,0,27,21,18
1,1,1,16,0,21,12,-7,1,27,4,-6
0,5,5,-4,22,20,22,18,22,-2,6,26
10,0,17,28,5,11,6,27,11,5,3,23
13,9,25,24,24,25,25,22,10,15,15,27
10,-3,12,0,25,3,17,18,4,15,18,25
15,4,14,2,12,0,15,1,5,33,6,2
1,2,1,13,8,11,6,17,3,34,1,0
2,-1,12,-1,19,35,10,34,6,11,5,9
16,14,3,10,14,21,0,2,8,35,2,30
18,19,16,7,21,37,2,37,22,19,16,1
17,19,7,16,6,31,20,23,5,33,2,3
