0,-4,-23,-2,-21,-28,0,-3,-18,-4,0,0
0,-9,-25,-11,0,-1,0,-3,0,-1,0,0
0,-5,-25,2,0,-6,-16,-15,0,1,-24,1
-1,-34,0,-5,-1,-18,0,2,0,0,0,1
0,-16,0,-6,-25,-10,-23,-6,-23,-30,-23,-7
-1,5,-5,-31,-1,-3,-1,4,0,1,0,0
-1,5,0,-5,-1,-17,-13,-8,0,1,0,0
-1,4,0,-5,0,-3,-2,-16,0,-1,0,0
-3,-22,-25,-25,0,-3,-20,-17,0,-1,0,5
-3,-28,0,-6,-1,-1,-1,7,0,-4,0,0
-5,-25,0,6,-1,-12,-3,-15,0,-5,0,-1
0,-15,0,2,-2,1,-5,-25,0,1,0,-3
-5,-24,0,-1,0,-13,-8,-2,0,1,0,-3
0,4,0,-3,-2,2,-12,6,0,-4,0,-4
0,3,0,-6,-23,3,-16,12,0,-4,0,6
0,2,0,-6,-3,1,-1,9,0,-4,0,-4
0,4,0,2,-12,11,-1,6,0,-5,0,6
0,0,0,0,-21,17,0,12,0,5,0,-3
0,2,0,-4,-13,-13,0,11,0,4,0,6
0,1,0,1,-16,16,-1,11,0,-4,0,-2
0,-1,0,-3,-2,8,0,12,-1,18,0,-2
0,-1,-1,19,-16,10,0,12,-1,16,0,8
0,-2,-1,15,-2,-11,0,16,-1,15,0,6
0,0,-1,15,-20,20,-1,12,-1,15,0,0
0,18,0,-2,-7,0,0,12,0,8,0,0
0,-2,-1,24,-17,20,-1,10,0,5,0,0
0,18,-7,-4,-6,17,-20,-4,-3,0,-1,3
0,2,-13,21,-18,20,-12,-7,-4,23,-21,17
-3,18,-16,23,-18,15,-7,-3,-8,11,-12,12
-12,29,-20,0,-7,4,-7,15,-18,4,-25,13
-1,-5,-20,18,-25,5,-17,22,-13,4,-5,4
-10,0,-4,25,0,-7,-10,6,-14,5,-14,-6
-11,17,-21,0,-7,22,-17,-1,-19,-1,-7,18
-17,10,-2,29,-13,17,-5,23,-4,25,-21,10
-4,17,-16,18,-20,12,-14,14,-14,25,-25,14
0,16,0,30,-23,33,-25,20,-14,3,-21,28
-9,21,-19,12,-5,15,-5,32,-3,0,-11,23
-4,1,-24,26,-11,20,-17,25,-1,33,-4,6
-13,31,0,32,-18,38,-24,23,-10,24,-16,37
0,-12,-12,-5,1,-12,1,-19,0,-9,1,-18
0,-25,0,-4,-1,-12,0,-15,0,-9,1,-25
0,-6,0,-8,-20,-1,1,-20,0,-9,0,2
0,-2,-8,-25,-8,-32,-18,3,-3,-14,-2,-20
-6,-4,-21,-2,-9,-23,-14,1,-21,-14,-3,-30
0,-16,-5,-7,-13,3,-1,4,-5,-16,-23,-25
-2,-23,0,-3,1,-7,1,-17,1,-16,0,5
-1,7,0,-4,-21,-1,1,-17,0,-5,0,0
-2,-20,0,-4,1,-7,1,-2,0,-5,0,-2
-1,7,0,-4,1,-8,0,-8,0,-5,0,7
-2,-28,0,-4,1,1,0,-8,1,-14,0,5
0,4,0,-11,1,-3,0,-8,0,-4,0,5
-2,-19,0,-3,1,-4,0,-8,0,-4,0,-6
-1,12,0,-3,1,-5,-16,3,0,-4,0,-8
0,5,0,-3,1,-5,0,-7,0,-4,0,-11
0,2,0,-11,1,-7,0,-8,1,-10,0,-11
0,2,-1,7,1,-11,0,-10,0,16,0,8
0,7,-1,7,0,15,-19,12,0,-2,0,8
0,7,-1,4,0,9,-1,9,0,17,0,7
0,4,-19,-13,0,8,-1,9,0,-1,0,-10
0,3,-1,3,-1,6,-1,9,0,14,0,8
0,3,-1,3,-1,6,-1,9,0,0,0,8
0,-1,-1,2,-1,6,-1,9,0,0,0,8
0,-1,-15,-3,-14,13,-3,-8,-3,-2,-2,-3
-3,-9,-1,3,1,0,-23,5,-24,-12,-4,22
0,9,0,6,0,13,-1,11,0,2,0,10
0,1,-2,11,1,3,-12,-11,0,0,-1,16
-4,-6,-4,9,-24,-1,-1,-3,-10,-5,-19,25
0,-6,-8,-8,-21,0,-19,9,-1,23,-12,15
-3,13,-19,10,-22,-1,-3,4,-5,6,0,13
-1,27,-20,18,-7,-8,-14,13,-7,17,-15,30
-2,-4,-14,-5,-4,13,-7,15,-7,12,-11,16
0,3,-16,30,-1,1,-2,23,-4,16,-2,30
-7,5,-5,22,-14,-1,-11,22,-4,15,-12,16
-12,18,-8,17,-12,12,-20,33,-4,20,-22,16
-4,6,-21,17,1,3,-5,32,-16,10,-15,13
-2,27,-16,25,-11,32,-19,25,-15,2,-6,-2
-4,6,1,18,-12,37,-12,-1,-12,10,-1,1
-11,32,-23,18,0,37,-11,21,-3,35,-1,13
-10,-5,-16,-23,-8,-25,-10,0,-3,-31,-10,-19
-10,-15,-6,-28,-8,-31,-9,-23,-8,-22,-22,-11
1,-18,-22,-13,-18,0,2,-23,-18,-28,-16,-1
1,-25,-17,-10,-16,-31,1,-35,-5,-32,-22,-6
-20,-11,-13,-30,-15,-30,-4,-16,-7,-25,-14,-25
-6,-7,-12,-6,-16,-19,-8,-9,-18,-18,-13,-8
-14,-19,2,-28,-3,-19,-19,-28,-22,-18,2,-21
-7,2,1,-30,-11,4,-21,-16,-20,-3,1,-10
1,6,-7,-17,1,-23,-13,7,2,-24,-20,-3
0,-10,-1,-7,-10,7,-1,-22,1,-18,-8,-19
-1,-13,-15,-9,-23,-5,-4,4,-4,9,-14,-26
0,2,-1,-6,-21,-4,0,-4,0,2,0,-1
0,-4,-6,6,0,-5,0,-4,1,-13,1,-7
0,-1,-6,-2,1,-2,-6,-2,0,3,1,-7
0,3,1,-6,-23,4,0,-3,0,2,1,-8
0,0,-8,11,0,-3,-9,-19,0,2,1,-9
0,3,1,-5,0,-3,-10,-22,0,2,1,-11
0,-6,-11,1,0,-3,0,-5,0,2,0,8
0,8,-11,-15,0,-3,-1,-14,0,7,0,2
0,11,-17,10,1,6,1,19,-1,3,0,2
0,0,-19,-14,-1,4,2,9,0,4,0,9
0,0,-23,-13,-21,1,1,-1,-1,2,-3,16
0,0,0,11,-1,7,-22,17,0,5,0,3
0,6,0,0,-20,-7,-14,4,0,0,-2,18
-3,-8,0,12,-1,-2,1,19,-22,6,0,11
0,0,2,-6,-3,14,-8,19,2,18,-4,-7
-2,-1,-5,17,-17,0,-10,4,-11,-3,-3,-9
-1,7,-23,-9,-12,26,-5,-1,-3,1,-9,12
-10,24,1,-4,-18,5,-11,26,-18,0,-19,19
-2,14,-17,7,-13,5,-3,2,-5,15,-6,24
-3,0,-7,24,0,4,-5,15,-12,11,-9,2
1,-7,-12,1,1,-1,-23,17,-2,4,-18,4
-2,-5,-8,12,-23,25,-14,-1,-1,21,-19,8
-9,3,-6,23,-2,21,0,8,-2,31,-14,-2
-7,25,-19,8,-18,30,2,8,0,16,2,0
-7,32,-16,27,-18,-2,-3,-3,-5,-1,-23,23
0,9,-5,17,-23,20,-21,36,-16,33,-2,25
-10,34,-23,24,-10,11,-1,9,-8,12,-4,-1
0,1,-23,12,-8,36,2,9,-23,23,-18,5
-18,-24,-17,-17,1,-3,3,-32,-1,-15,-3,-11
-18,-20,-2,-31,-11,-8,-10,-4,-20,-1,-6,-29
1,-29,-2,-26,-14,-23,-2,-35,-9,-17,-18,-13
-18,-35,-5,-31,-10,-1,-21,-14,-22,-6,-18,-23
-12,-25,1,-4,-12,-17,-5,-23,1,-34,-3,-8
-12,-27,-21,-8,-10,-5,-19,5,-10,-15,-14,-5
-22,2,-17,-12,-1,-4,-6,-23,-7,-7,-5,-30
-8,-27,0,-25,-16,-24,-7,0,3,-31,-12,-30
-14,2,-1,-26,-2,-22,-22,-24,-7,-28,-4,0
0,-27,-3,5,-14,-15,-21,-27,-21,-21,-16,-16
-6,8,-7,-12,-7,-8,-10,-22,-5,-14,-8,4
-1,-7,-20,-13,0,3,-7,0,-1,-17,-3,-7
2,-20,-13,-17,-1,10,-15,12,-1,-4,-18,-16
3,10,-2,-13,-6,9,1,7,-10,9,-10,-8
0,0,1,1,-4,-12,-3,9,-2,-11,1,-6
0,-1,1,-1,-6,-7,-5,-6,1,-4,1,1
0,-1,-19,-17,-22,-3,2,7,1,-4,1,1
0,-9,-3,12,1,9,2,5,1,-4,1,-1
0,0,1,-1,-20,-1,2,5,1,-4,1,-4
0,0,-8,19,-10,-4,2,5,0,5,0,4
1,2,1,-15,-22,-16,-22,19,-2,-1,-21,9
-13,-3,-9,-4,0,-1,-7,-15,-18,-9,-21,-5
0,0,-15,10,0,1,-4,-14,-3,2,-4,5
2,17,-2,12,-2,-9,-12,-4,-11,11,-3,-8
0,0,1,2,0,17,-10,1,-5,17,1,3
-1,-7,0,11,-5,-4,2,1,-8,6,0,9
0,11,1,-10,-8,-10,-19,13,-4,18,0,8
-1,-1,-14,18,-21,-7,-8,12,-8,4,-6,-10
1,16,-13,20,-11,13,2,21,1,-2,-19,12
2,10,0,11,-20,29,2,25,-2,20,-15,24
0,-2,-9,-1,3,26,-18,6,-12,12,-4,24
2,9,1,5,2,3,-17,-4,-3,26,-21,3
3,18,-15,0,-5,7,0,24,-11,11,-19,27
0,0,-9,25,-4,2,-10,6,-11,0,-13,10
-4,4,-15,23,-3,2,-5,-4,-3,22,-7,12
-6,29,-19,8,-13,7,-9,26,-19,32,-6,31
1,8,-15,5,-15,35,-11,5,-13,18,0,0
-1,23,-5,23,-9,27,1,32,-10,36,-16,21
1,2,-1,7,-1,38,-16,29,-12,37,-14,25
-15,-28,0,-10,-18,-12,-20,-25,4,-27,-15,-20
-17,-18,4,-27,-2,-24,-17,-34,-2,-1,-14,1
-2,-18,-18,-29,-2,-16,4,-34,1,-13,-9,-16
-10,-32,-8,-18,-5,-13,-19,-18,-21,-32,-10,-23
-1,-16,4,3,-10,-32,-14,-21,-3,-20,-4,-3
-11,-13,1,-31,0,-17,-13,-10,-17,-21,3,2
-21,-16,-13,-9,-9,-2,-19,-28,1,-26,-5,-15
-9,6,-3,-17,-14,-25,-5,-8,-21,-17,-14,-26
-11,6,-2,-11,-12,0,-19,-22,-6,-4,-15,-15
-3,-4,-10,1,-8,-14,-4,8,-11,-11,-5,-24
-2,-18,4,3,-14,8,-10,-13,0,-23,-3,-15
-21,-25,-2,-26,-5,-6,4,-24,-5,2,-6,-6
-1,-3,-9,10,2,-20,3,-13,-12,-5,-9,-2
-12,0,-7,-10,0,-24,-9,6,-6,-4,-3,0
0,-5,-6,-5,-2,-19,1,8,-6,-20,-12,5
3,11,-3,12,-1,-9,-7,-1,1,-23,-20,-22
-14,3,-11,-11,-9,14,-16,4,-17,11,2,13
0,-18,-14,16,-7,7,-9,6,-2,14,-19,10
3,-13,-2,0,-15,5,-17,16,-6,-11,-11,-6
-5,19,-8,-13,-10,12,-16,13,2,19,0,1
-3,-15,-5,10,-3,-15,-2,-9,-1,12,-2,10
-15,-10,-19,7,-19,-6,-3,-14,-7,-3,-17,-6
-17,5,-8,0,-10,-16,-10,5,2,-11,-13,-1
-6,-11,-5,0,-7,9,-6,8,-19,-4,-12,9
2,-2,-8,-5,3,21,-5,-11,0,-2,1,18
0,1,4,1,-15,8,-3,-9,-4,22,-6,-12
0,-4,4,-9,3,20,-12,16,-1,-10,-7,18
0,2,3,9,-13,23,-20,15,-21,21,-17,-3
1,1,-1,22,-17,18,2,10,1,-9,-2,26
0,0,2,-1,-1,27,-20,26,2,4,1,10
1,5,-20,-8,-11,26,-19,16,-20,-5,-12,-8
0,0,-17,-5,4,30,-7,3,-19,21,-5,23
2,8,-18,29,-2,5,-6,13,-6,1,-18,-3
4,32,-10,16,-4,20,-13,16,-2,22,-12,8
-11,18,-15,7,-17,3,-13,0,-1,0,0,11
-5,34,-2,4,-9,21,-12,8,-12,13,-2,16
-9,31,-19,23,-7,29,-19,12,-21,20,-19,32
2,30,4,7,-9,5,-21,34,-7,12,1,9
4,36,-1,14,-8,29,-18,19,-1,33,-18,9
-7,-33,-5,-37,-19,-38,-17,-29,-1,-37,3,-24
-7,-34,1,-1,-14,-24,-19,0,4,-30,3,1
-8,-26,-19,-26,2,-18,-5,-11,2,-15,2,-23
-19,-4,-6,-24,5,-30,-2,-17,-14,-4,0,-21
-5,3,-6,0,-10,-18,-4,-9,1,-2,-1,-23
-17,-1,-3,0,-8,-4,4,-22,1,-18,3,3
-9,-25,2,-4,-2,-17,-4,-13,3,-29,1,-24
-3,-17,4,7,-7,1,-6,-5,2,4,-7,3
-4,-21,2,1,-4,-16,-15,-5,-15,-23,-1,3
-18,0,5,-16,-17,-5,-1,7,-2,0,-18,8
-19,-25,-9,8,-10,8,-14,-19,0,-23,-20,-13
-17,-21,3,4,-17,2,-20,-14,0,1,-3,-18
-16,-3,-17,-4,-8,-15,-17,-13,-11,-26,-20,-5
-2,-7,-15,3,-14,7,2,10,-3,-16,1,-22
-5,-21,-13,-23,-12,0,-17,3,-2,11,-4,4
-10,-10,0,12,-11,-23,-4,-21,-7,-6,1,-14
-14,-21,-5,-7,0,-1,1,4,2,-6,-5,-15
-1,-10,1,14,-4,-10,2,16,-5,-1,2,12
1,13,-7,-12,-3,13,4,-14,-20,-8,-12,-19
-18,1,-6,-1,-9,-16,-9,-5,-11,-4,-1,-18
-12,-10,-2,0,-14,-7,1,-14,1,20,-2,-14
-15,-8,-12,-10,-12,-5,-11,-13,1,20,-8,12
-4,10,3,-12,0,-7,-8,-13,-8,6,-12,-2
-4,2,-6,7,-5,9,-18,-3,-8,-2,-14,15
-16,19,1,-11,0,-2,-4,-1,0,20,-16,3
0,0,-3,-7,-2,-11,-1,9,-4,3,-12,-9
1,13,-14,19,1,3,0,18,-2,11,-19,4
3,-8,1,14,4,23,-15,19,-3,21,2,-2
5,13,-18,5,-15,-1,2,21,-10,16,-18,20
0,-8,2,25,-4,9,-2,-3,-13,-5,-7,19
4,3,-7,24,-16,4,-3,0,-18,30,-7,-3
2,18,-20,10,1,18,4,-3,-1,-3,-2,19
1,6,-10,4,-3,6,-20,20,2,22,0,21
5,28,-14,4,-9,9,-20,22,-19,-5,-6,11
-16,16,-4,21,-11,0,4,6,-8,6,0,0
5,-2,-13,2,5,5,-6,4,1,3,-2,33
5,36,-4,36,-16,35,-20,31,1,27,-20,5
0,9,-20,18,-2,29,3,30,2,19,2,23
3,6,-14,32,-3,19,-19,12,-5,27,-3,7
-17,-16,-5,-36,-1,-15,-2,-5,1,-27,2,-38
-13,-6,3,-37,5,-4,-17,-19,-2,0,-2,-18
-7,-29,5,-4,-10,-8,0,-17,-9,-17,3,-1
-14,-2,-6,-30,-15,-31,5,-30,2,-35,2,-25
2,-4,-6,-3,5,-15,-4,4,-1,-22,0,-5
-18,-11,-1,-1,3,-27,-10,-31,0,-10,-1,5
-5,-32,-4,-19,-10,5,-1,-13,-19,-11,-10,-27
-14,4,-1,7,-18,4,-16,1,-4,4,-6,-13
1,2,-12,-30,-10,-29,-11,-12,-19,-30,-6,-15
-10,-9,1,-10,-1,-11,0,-12,-2,-27,3,-4
-5,-8,1,-7,-4,-26,3,0,-5,-1,-14,-1
-10,-10,-16,2,5,-24,0,-22,-8,-2,0,5
-10,4,-13,-22,1,5,-14,-19,2,-7,1,11
2,-8,-2,-3,-3,2,0,-13,-17,-12,-16,-13
2,8,2,-5,-9,-18,-11,7,-3,12,-4,-13
-8,10,-13,-1,-16,-7,-10,-11,0,-3,0,0
0,1,-16,-12,-11,3,-4,-13,0,0,6,-21
-1,17,4,-8,-1,5,-16,-17,5,14,-6,12
-10,12,-5,-17,-17,-16,-13,-15,3,-11,-8,-12
-13,15,6,17,-6,0,0,2,-3,-8,2,-17
-19,-18,-5,-2,-14,4,-4,16,-5,-15,-2,12
-12,-16,-12,-9,-11,14,-3,17,-4,11,-14,7
-11,19,-2,0,5,15,-15,6,-7,4,2,21
-3,6,-17,5,-1,16,-17,12,-8,15,6,-8
2,1,-10,17,-14,11,-10,3,-13,14,0,0
-2,-10,-14,12,-2,2,-4,-1,-1,19,-11,-10
0,-5,5,2,1,22,-16,10,6,-9,-17,23
0,2,-14,-3,5,13,2,18,-10,-3,0,1
-8,-5,-5,20,6,-7,2,27,-16,26,-5,10
-5,17,-8,-4,-3,-7,-16,11,1,29,-8,10
-7,-3,-19,26,-12,-3,2,27,0,0,0,16
-9,4,-7,27,3,31,0,6,3,19,-8,6
-2,30,3,13,1,4,-16,8,-9,-6,-5,-4
-11,-5,-17,7,-8,17,-11,6,-2,29,-19,9
-9,-1,-3,-4,-11,6,-10,18,4,0,0,11
3,14,2,24,-6,20,-9,10,-16,23,-14,-2
6,4,-7,4,-11,20,0,8,3,30,0,11
-11,3,-7,34,3,26,-11,33,-4,9,-8,17
1,14,4,6,-3,31,-3,21,2,28,-9,12
-15,-35,4,-30,-9,-27,-16,-8,-8,-9,-11,-16
-2,-24,-14,-13,-15,-20,-11,-36,1,-7,1,-12
-1,-13,-1,-16,-16,-19,-14,-26,-2,-24,0,-29
-1,-23,-2,-24,-13,-9,2,-29,0,-30,4,-34
-3,-29,3,-20,-7,-28,0,1,-4,3,0,0
-7,-33,-5,-33,-12,-16,-14,-13,0,-2,2,-25
-11,5,4,-18,1,-23,-18,-31,-16,-11,-4,-15
-1,-9,-9,-4,2,6,-4,-19,4,-17,2,-2
-8,7,-1,8,-11,-9,7,-25,2,2,5,-29
0,4,-7,6,-17,-8,-1,-20,0,-3,2,-24
-13,-9,-6,-3,-15,-15,-15,7,-8,-6,-7,0
-5,-8,-7,-13,-13,-22,0,-10,2,-13,-2,-9
-11,-18,1,-23,-7,-11,-2,-20,-1,-8,3,-14
-14,-23,-10,-12,3,6,0,-20,-8,-22,-5,1
-16,12,-15,-18,-6,7,-17,-19,-5,13,-16,-13
0,13,-2,10,6,-1,-4,-14,4,10,-2,-9
-4,2,-5,5,3,5,-1,-17,2,14,-4,9
-3,-10,-10,11,2,-20,-2,3,-6,-18,-13,16
-3,-10,-13,3,-5,-2,-2,12,-3,9,-4,16
-10,-16,4,6,1,15,-2,18,-8,-12,-4,-1
-3,-17,-8,-5,1,-2,7,20,-1,6,6,-12
-7,-16,-9,20,-4,2,-15,11,0,0,0,0
-18,11,-9,-13,-12,22,-1,0,1,3,1,-7
-8,11,6,0,-17,17,0,1,-4,11,4,15
0,-3,-7,-8,-10,21,3,-12,-5,2,-1,7
0,1,-14,15,-15,-9,-12,18,-2,25,-3,-7
-9,22,-3,0,-10,14,-12,20,-9,0,2,20
-7,1,-6,-11,4,-4,-11,19,-9,8,0,16
-16,-9,-11,24,1,2,-12,-6,-11,6,-8,17
-4,5,0,6,-17,0,-17,-2,-2,21,0,13
1,11,1,13,-7,4,-6,30,-9,10,-3,18
2,19,-2,23,-13,7,-2,-2,3,1,0,28
-6,32,-15,17,2,9,4,21,3,11,-16,7
-9,-2,-7,-1,-8,-3,-12,-5,2,21,3,31
-9,8,3,27,2,-2,-1,16,-2,1,-1,18
0,18,5,29,-2,30,-1,-2,-15,14,-13,9
5,2,-18,16,-16,20,-16,35,-2,16,-9,24
-6,34,-18,5,2,28,-6,7,-12,0,-5,29
-15,5,-4,28,-3,23,-15,30,-6,23,-7,25
-2,-32,4,-26,-3,-4,-10,-33,-8,-21,1,-15
-7,-23,-8,-3,4,-20,2,-33,1,-17,2,-2
-3,-1,0,-2,0,-34,-1,-26,1,-29,-1,0
-8,-33,4,-26,-5,-14,-1,-24,1,-7,-13,-29
-1,-20,2,-34,-12,-28,2,-5,0,-11,-4,-18
-10,0,1,-3,-1,-21,0,-7,2,-30,-4,-13
0,-26,-8,-15,-16,-20,-6,-32,-12,6,-1,-21
3,-15,3,5,-8,-28,-6,-30,-11,-25,5,7
-8,-9,-1,-29,-7,-17,2,-27,-8,-1,-2,-11
-3,-17,-4,-25,-16,-11,-7,-28,-10,-4,5,-8
-4,-7,1,0,-10,-5,-6,5,2,10,0,-12
-12,-17,-3,-1,-2,-2,-5,-1,-10,-3,-5,-14
-15,6,1,-23,-12,-6,2,-24,-15,-3,-7,-21
1,10,-13,-18,1,10,-10,-11,-7,-16,-5,2
-10,-22,-17,-8,4,-24,0,11,-13,-5,-16,-4
0,-15,-1,14,-12,-10,-10,2,-10,-23,-5,-16
-1,-7,4,7,0,7,-7,14,-1,-2,6,-11
0,-10,-15,-11,-13,-20,-14,-11,1,-11,-2,16
-16,-13,2,-15,-11,-11,0,1,8,-10,-17,-9
-13,-15,7,-6,-6,9,-12,-18,2,-5,1,-3
-10,-9,5,-1,-13,1,-8,-10,2,-2,-8,13
-2,2,3,-4,3,-12,-15,16,8,-15,-2,11
-10,-13,2,0,-2,1,-12,21,-5,13,1,-1
-14,16,-7,-1,-6,-2,-1,5,5,10,4,11
-3,-4,-13,3,-11,14,-4,20,1,19,-9,9
-1,-3,-5,7,4,-9,-17,7,0,23,5,1
1,17,-2,26,-15,8,7,-5,-10,17,5,-6
8,-6,-1,-4,-10,24,-17,10,0,18,-2,-3
-11,-1,-3,-1,-4,21,3,-2,-11,7,-5,23
-6,0,-6,15,-4,-1,-15,-2,-4,19,-2,0
-8,29,5,5,6,30,-16,22,-6,15,-1,-2
-1,18,-6,4,2,-3,7,-5,5,6,-3,-3
-1,16,-8,0,-4,14,3,18,0,32,-17,-1
-12,27,3,19,0,-1,-4,30,-5,28,-16,29
-13,8,-2,1,-15,10,1,29,-6,28,3,11
4,34,-8,8,-9,2,-11,23,-14,19,-8,27
-8,6,3,32,-3,33,-5,7,-13,1,-5,26
-11,1,-10,8,-11,9,5,37,5,29,-5,-1
0,13,1,17,6,9,-13,30,-11,30,4,11
-4,-2,3,-1,-1,-26,-13,-15,3,-28,1,-1
2,-36,-3,-26,-4,0,-5,-5,7,-27,4,-35
-3,-9,-7,-32,-3,-6,9,-29,-10,-15,-1,-7
2,-15,3,-4,6,-31,4,-14,-14,-21,-2,-24
9,-27,9,1,-1,-27,-13,-13,-1,3,-8,-29
-1,-25,-15,-29,7,-1,-7,4,-3,-29,-1,-2
-2,-3,-2,-20,5,-13,-13,-32,-2,-27,-5,-16
4,-20,-8,-26,4,-20,-4,-10,1,-21,-1,-1
0,-6,-1,-1,5,-12,-6,-24,-12,-5,-6,-11
0,2,0,0,-1,-19,2,5,-3,-15,-10,4
2,-15,2,-3,-12,5,-2,-8,-6,-14,-1,-25
-11,-2,-11,-22,-1,-22,-1,-23,-1,-24,-15,-8
-16,6,-15,-2,0,12,-6,-23,-2,7,-13,0
3,-9,7,8,6,4,-7,0,5,-7,1,-11
0,6,4,-20,9,-22,-1,-23,-10,3,-16,-8
-3,3,-7,-13,-4,10,0,10,-14,-7,-11,15
-12,16,-16,-2,-6,-2,-3,-8,-3,14,-9,8
-9,17,-6,6,-7,-9,4,17,7,11,-4,9
2,6,4,-5,-7,-5,1,-18,5,-16,-8,0
5,15,7,-12,0,16,0,-1,-14,7,-16,18
4,-3,4,-17,-14,-18,6,-17,-4,8,0,-2
-6,-15,-7,8,3,1,-14,-16,-11,5,0,-2
1,0,-5,-4,-7,10,5,12,6,-8,-11,-1
-4,-2,-10,12,-11,-7,-3,-7,2,6,3,2
-7,24,4,4,2,6,0,-13,-5,7,-9,14
5,5,-8,-5,-11,6,-2,12,1,-12,-14,-10
-15,21,4,14,-12,-4,3,14,-6,22,5,12
-1,-11,-7,-6,-11,21,4,16,1,-11,0,22
-14,23,-10,27,7,-8,3,-3,2,-2,4,7
-6,24,4,20,3,15,-12,18,6,25,-16,18
0,-7,3,28,4,-1,-1,7,-2,13,-9,4
-11,-4,2,5,3,-6,-3,17,-12,-6,-4,5
-14,15,-9,-4,-11,-3,-6,19,4,0,-16,2
-15,16,5,33,6,8,-7,28,0,-2,5,30
-2,21,-14,25,1,1,-15,7,-16,32,7,-1
-13,5,7,33,-6,29,3,34,-1,33,1,-3
1,32,4,3,4,28,-5,29,-5,33,4,32
-5,37,-12,32,-13,10,-14,5,-5,27,0,28
1,37,-12,21,7,8,5,25,8,14,2,14
-14,-32,-8,-20,-12,-35,-4,-10,6,-24,1,-35
-5,-2,6,0,-7,-7,8,-7,4,-30,6,-23
-13,-13,-8,-1,3,1,-10,-36,-11,-16,-2,-5
-14,-3,-10,-17,-14,-13,-2,-22,-7,-6,5,-11
-13,-25,-14,-27,9,-25,-3,-16,-6,-12,3,-22
-15,-10,-13,5,8,-18,-6,-32,-14,-1,2,3
-7,-26,-9,-31,0,-2,-11,-23,-15,-8,-12,-15
0,-19,-1,6,-9,-29,-12,-19,-3,-29,0,-31
-15,-19,-6,-28,-12,-7,-15,-12,6,-23,-8,-11
10,-21,4,-17,5,-5,-5,-15,4,-29,-9,-13
-6,-27,-4,-28,-4,-18,1,3,-7,-24,-10,-3
0,0,9,-16,-9,0,3,11,9,-21,-7,-21
-7,-4,-2,12,8,5,-1,-13,-10,-10,-3,-22
-11,7,-1,-1,-12,-5,8,-18,1,-11,-6,-18
4,-21,-5,6,-11,-15,-6,-18,9,-23,-7,12
-15,-15,-7,7,0,-22,6,13,7,-5,-2,-17
-2,2,0,0,-8,-11,1,-6,-10,5,-4,-8
-7,3,-2,-7,-3,5,7,-19,-7,-7,-12,-8
-7,0,-1,9,-11,7,6,14,-7,5,7,-17
-12,-1,6,-9,2,16,3,-4,-6,-12,-15,14
-2,10,8,20,9,0,-8,3,3,18,-8,-12
-5,10,-11,-6,4,14,-12,7,-8,14,-15,-7
6,0,8,-15,-7,-1,-10,15,-5,11,-6,6
3,13,4,2,-7,-15,2,10,-6,9,-7,1
0,14,0,-11,3,-13,-14,-11,-12,9,2,10
-7,-11,-9,-8,-3,-9,5,-8,8,-6,2,21
-14,-2,-13,19,-7,9,4,16,-3,-4,-1,-4
0,-2,-2,-1,0,-3,0,-1,-4,-9,-13,-11
4,-8,2,-2,-4,22,5,-6,-2,22,1,22
-7,5,0,-1,6,20,2,6,5,-6,1,0
-2,22,-5,8,-7,12,1,21,-1,22,-3,29
-5,-7,-12,23,-15,8,7,9,-8,3,4,27
-15,4,-13,-6,7,28,7,11,-2,4,-10,27
-12,32,-11,25,1,21,-9,16,-1,12,-3,4
-3,26,-3,33,-5,21,2,32,-1,28,2,19
3,20,9,-1,-15,23,-13,13,-5,14,7,1
-8,32,-1,21,-8,7,-3,2,2,26,-5,9
9,4,-12,8,1,12,-4,26,-3,35,-3,2
-2,10,-11,20,0,29,1,8,-5,10,2,12
-6,-25,8,-23,1,-10,5,-30,5,-14,-3,-29
-14,-28,-7,1,3,-11,-9,-23,-1,-30,9,-32
2,-2,-11,-34,6,-13,-10,-15,-7,-34,-3,-34
9,-26,3,-22,2,-7,3,-32,-2,-16,1,-23
9,-26,-6,-28,-5,-21,6,-2,-10,-20,-14,-33
-2,1,-11,4,-9,-33,-9,-10,-9,-31,2,-33
10,-30,-8,3,3,-16,-13,-15,-5,-31,5,-1
9,-31,3,0,9,-31,2,-16,9,5,4,-28
11,-27,4,1,-11,-24,-3,-4,-2,-13,-8,-10
9,4,-13,-9,7,-9,0,0,-1,1,-3,9
-14,-10,3,-13,9,5,6,-14,2,-3,-1,-11
-3,-7,-3,4,7,-24,-1,6,8,-24,11,-21
5,-1,-13,-10,11,-22,7,-4,3,1,0,-5
4,-21,-5,-5,-9,6,3,2,-1,1,-10,5
5,-24,1,1,7,-1,8,9,-6,-6,8,-24
11,-19,6,8,-12,11,0,5,-7,-1,-4,11
1,4,7,-4,0,-13,5,-8,8,9,-2,1
-12,-9,-3,5,5,-18,7,-5,1,2,-8,-17
-9,0,-2,4,2,17,-12,6,-2,1,6,6
0,-1,-4,0,-2,-1,-6,-4,6,18,0,-19
-11,1,-5,17,8,-7,-1,19,-5,-13,-1,-18
-11,9,4,-1,-3,-9,7,-12,4,-17,9,-10
-9,-2,9,-16,0,0,6,-9,-3,-12,9,21
-8,-1,-3,7,-13,0,-8,-14,5,10,-1,10
1,0,-2,12,-14,-2,-6,11,-12,-8,-2,-8
1,21,-8,-13,9,0,6,24,5,-7,-11,12
-7,20,-2,0,-13,22,0,-9,4,25,-9,10
-5,22,5,13,7,2,-5,3,3,9,-6,-11
8,21,5,3,5,0,1,8,2,27,-2,26
0,-2,-1,27,-13,-4,-2,8,1,13,4,24
1,15,5,21,-13,29,-5,22,5,21,-1,27
4,8,3,-5,-12,28,3,-3,-11,14,4,24
-2,2,-1,-5,7,31,3,7,-5,29,-7,-4
-3,6,-10,13,6,21,-8,32,3,21,-13,19
3,11,4,6,-13,2,-1,11,-5,9,3,6
-11,-2,-14,26,-2,-1,-5,6,-8,32,5,0
5,18,-3,17,-1,36,-4,2,3,6,-1,34
5,35,-8,17,-11,33,-6,36,-13,27,-1,3
-4,34,-4,37,-8,4,-7,9,-9,0,1,2
5,-19,-1,-34,8,-17,9,-23,-2,-1,5,-9
1,-6,5,-36,-1,-32,5,-16,1,-21,1,-2
12,-36,1,-31,-2,-31,-7,-18,3,-21,-13,-36
0,1,-8,-28,11,-22,10,-16,0,-34,-6,-35
8,-34,-3,-9,5,-13,-3,-15,-12,-3,9,-27
0,-2,5,1,6,3,5,-8,-2,-33,-10,-15
9,-5,2,1,-13,4,-10,-14,-4,-23,0,-29
9,5,11,-21,-9,3,10,-14,10,6,-4,-30
-1,-4,9,-25,1,-1,-4,1,1,-1,2,-8
-1,-5,2,-12,7,6,-13,-17,-9,-2,2,6
-6,-16,7,-12,-8,-21,-6,-10,2,5,-12,8
3,-7,9,-11,4,-6,6,-7,10,4,12,-18
1,4,1,10,-7,-26,3,10,12,-21,7,-5
-3,-20,0,0,-6,-18,-5,-15,-10,-12,-12,-11
-8,-8,5,-20,-2,-7,-9,-9,4,-20,3,14
-13,-9,8,-8,-7,-15,1,-18,-3,2,2,-9
-6,13,-1,8,-9,8,12,-21,4,-5,-3,-7
-6,9,5,-14,2,1,8,17,-2,-1,-12,12
0,-3,1,11,4,2,7,5,-8,15,-13,9
-6,1,4,10,-7,10,-7,16,-9,18,-3,-16
-10,10,0,15,-12,-1,12,-10,3,-16,2,-14
-2,2,-4,12,1,-14,-4,3,-11,7,0,-10
2,1,-7,18,-1,9,10,-2,-6,7,7,-6
2,3,6,17,4,8,-4,-15,-10,19,-11,-9
7,-2,7,-3,-5,5,-5,6,2,24,-8,-8
5,-4,2,7,0,-4,0,7,-1,12,-5,16
-2,-4,-13,-11,-11,-11,-6,24,-1,4,2,22
4,9,-2,12,3,-5,2,10,8,9,0,-10
-10,26,5,13,6,9,-12,-6,-7,-2,2,28
-3,29,3,27,-7,-8,-4,9,2,23,0,-7
6,30,6,30,8,4,0,20,-3,16,-7,18
-4,19,-13,24,-8,-3,1,17,-7,7,-6,6
-9,29,2,5,0,11,-6,22,2,-6,-6,15
-1,4,-7,19,-3,19,1,-4,-8,13,-2,1
-8,1,10,5,1,1,-7,4,-9,18,-9,33
0,-1,5,10,-3,26,-7,27,5,6,0,34
0,4,0,33,0,0,-6,27,-5,36,-1,0
-10,37,-5,15,12,6,-9,32,1,22,2,31
6,24,2,37,-10,35,-1,7,-10,16,1,28
-11,0,-1,-22,-5,-19,10,-33,-2,-17,-4,-12
-10,-13,5,-26,7,-16,-1,0,2,-29,4,-14
5,2,-9,-18,-10,-24,1,-11,8,-13,-1,0
5,-14,-1,-6,3,-9,7,-8,12,-33,-7,-1
2,-1,10,-33,9,-12,7,0,0,-3,-1,-34
10,-7,13,-27,-6,-7,1,-7,-4,-24,2,-30
1,5,5,3,2,-17,-8,0,1,2,0,2
0,1,10,-22,-12,-22,9,-20,5,-20,9,-18
-5,-19,-4,-6,-4,-28,-1,8,1,-7,5,-2
0,-14,0,-2,-12,-23,12,-28,-5,-9,-8,-26
-2,-11,12,-20,-3,-21,5,-21,9,-1,5,-23
2,5,1,-7,-1,6,0,-14,-8,-16,11,-23
-3,-26,-10,-10,5,4,-3,12,6,-11,-7,-12
-8,-17,0,-4,9,-16,3,8,-5,-13,11,8
-8,5,13,-19,-1,6,-7,-3,11,-15,-12,-12
4,-5,1,0,4,13,-1,-14,-2,-8,4,-19
12,-14,-1,-5,6,11,2,8,-4,-1,9,-17
-5,1,-7,9,-4,-14,-2,5,4,1,-1,-1
-3,-2,-9,7,6,9,-10,2,-9,-18,11,-10
-9,-2,10,-8,5,19,0,-3,2,-17,-1,14
-9,-3,-3,-17,2,-17,10,6,4,16,12,-18
-5,1,-9,-13,2,-7,-11,-7,2,-16,-5,14
-4,11,2,3,5,-5,-1,0,6,-10,-11,1
-11,2,10,17,-3,18,-7,7,5,-2,-3,21
-3,2,-11,0,3,0,1,-4,-4,-13,2,24
-12,9,-4,-1,0,6,-7,4,-7,-7,-12,22
7,25,-3,26,2,-12,10,11,-7,25,-7,-9
3,14,-2,21,-6,22,4,-7,3,20,-11,-11
2,27,7,25,7,23,-2,19,-2,26,6,-2
3,24,-11,-8,-11,18,-5,8,7,25,5,-1
-1,2,-10,-6,1,-7,-8,3,1,10,11,-2
2,2,4,27,-7,26,-6,15,-1,4,-2,25
5,23,-6,15,6,26,-4,2,6,-2,-3,5
1,-1,0,6,-12,13,-11,26,-4,2,-2,19
6,6,-2,19,-9,3,5,8,-4,12,0,7
-12,2,3,3,10,18,1,20,7,8,3,33
2,36,-2,4,3,31,-12,13,1,-2,1,8
-10,36,9,7,-7,37,-2,26,7,8,-11,21
-12,1,-8,13,8,16,5,30,1,12,-2,0
8,-16,4,-8,-4,-11,-1,-5,-8,-11,12,-29
11,-5,-3,-19,12,-27,2,-1,-2,-26,-2,-23
0,1,4,-4,2,-14,12,-26,-3,-14,9,2
-4,-30,-6,-19,-9,-5,10,-21,-3,-7,-9,-13
9,3,-9,-31,13,4,0,-15,3,-16,3,-7
-9,-30,-1,-15,-3,5,-4,-9,14,-1,-11,-2
-9,-27,-3,-28,10,-30,-3,4,-6,-21,-2,3
11,4,4,-22,-3,-30,4,-1,-3,-29,0,-4
-1,0,-5,-2,7,8,-2,-20,5,-30,-1,-21
-3,1,-7,-21,6,3,-6,0,-9,-14,2,0
0,-13,6,-1,0,-21,6,-9,5,7,6,-11
6,0,-1,-26,-1,-27,9,-8,-2,-24,-5,-15
7,-24,2,2,-3,3,-7,-24,9,-17,9,-20
-1,-4,-2,-12,-4,-1,3,13,9,-9,6,0
-3,4,0,-17,-2,-3,0,11,3,14,-7,0
-2,5,1,-15,-6,5,0,-10,10,-21,1,9
9,3,0,6,8,3,4,7,-8,-11,6,4
-9,-7,-11,-14,13,-10,1,11,-10,1,-6,8
-3,-1,-1,6,-4,2,3,-12,8,12,-3,7
-5,1,-8,14,10,-11,11,3,12,16,11,-11
-5,-3,6,-11,-10,-17,-3,-1,4,-1,-5,-4
-8,-4,-3,-17,-5,-2,-6,17,-7,14,-8,17
1,0,-9,-8,-7,-16,-7,12,6,-13,3,-9
8,11,-3,10,9,-12,12,-15,5,-8,10,7
9,3,14,-12,-6,7,5,0,-2,17,-8,15
-6,-9,8,15,-2,11,8,-7,1,-7,10,17
-5,25,-6,-8,2,-5,0,11,4,-4,-11,7
-11,10,5,20,-10,3,-4,23,-9,14,-10,17
-2,21,2,-7,14,22,-5,14,5,0,7,9
-6,25,3,4,11,-1,1,1,-8,10,4,15
9,25,-4,23,-7,6,-1,4,-5,18,-4,18
9,14,11,29,-7,4,3,29,14,5,-1,23
0,21,3,27,6,12,5,6,2,9,1,10
-7,17,-5,12,2,9,4,6,-8,13,2,33
5,12,-11,24,11,22,-1,11,8,8,5,16
-11,22,11,26,-7,17,5,32,1,11,0,18
-11,27,-4,10,-5,12,-5,25,-10,19,8,35
-9,37,-10,14,6,33,7,29,-8,30,-1,3
-9,2,14,38,10,32,-9,31,14,8,-11,32
13,-33,10,-5,1,-18,11,-35,-3,-21,2,-7
7,-32,10,-15,8,-20,-4,-23,-7,-13,-1,-12
8,-2,-6,-17,1,-27,-7,-29,5,-18,-3,-20
-1,1,-3,-2,4,-13,8,-23,3,-15,2,-34
-4,4,11,-23,-8,-24,13,-25,-4,-19,-5,-25
-9,-10,-3,-16,-2,-6,1,3,3,5,-4,-4
3,-25,4,-28,8,4,-2,3,-9,-7,-4,-4
7,-12,-9,-22,14,-29,-5,4,10,-12,15,-26
-2,-7,-7,-14,-8,-24,14,-27,-7,-21,-2,7
-1,0,12,-22,-8,0,-9,-2,-6,-27,10,-28
-5,0,9,-22,14,-7,12,-7,0,-17,-9,-19
1,1,-2,-5,10,-27,7,5,-5,3,1,3
-2,11,-3,-12,6,3,5,9,-8,11,14,-24
1,7,-2,1,-4,-9,11,-25,1,-10,4,-1
1,-1,-2,-4,13,-13,10,-21,6,-11,-6,1
0,6,0,-20,-5,-21,-8,12,2,9,-8,13
-3,2,5,-1,8,-22,4,-22,-5,14,4,0
8,10,-8,-2,5,14,14,-12,-2,11,5,-16
0,-12,3,1,1,5,-6,-2,-9,3,-1,8
-3,0,-5,-5,-8,18,0,-9,6,-15,-5,-2
0,-2,-3,1,12,-8,11,-10,7,-11,-6,-17
3,3,7,-7,-9,-7,13,-6,9,4,4,-16
10,6,-1,0,6,4,7,22,14,-12,-10,20
-4,-12,9,-13,15,-14,5,5,6,4,2,11
10,-10,8,13,-7,-12,-6,2,-4,6,-5,-7
5,17,1,7,-1,18,5,-7,11,18,10,3
-9,3,0,-5,10,13,10,5,-4,-8,-3,-8
4,-9,-2,10,2,16,10,9,-2,20,12,7
-2,-3,10,-7,-5,0,11,-4,10,17,-8,-5
-7,12,10,29,-6,9,0,21,7,7,-4,-9
9,1,5,28,-8,20,10,5,3,27,-3,19
-3,-7,-8,26,6,10,-8,16,-6,21,1,24
-8,5,-1,26,-7,30,-2,13,5,5,-8,15
7,-1,9,9,14,0,0,33,-6,33,-7,30
-4,23,-9,27,-10,-1,2,33,5,26,-6,29
9,14,8,23,7,-2,6,25,-5,22,0,25
4,32,6,33,9,13,6,36,-2,31,8,16
-9,13,11,15,-1,1,6,29,1,12,13,14
-10,20,9,30,-8,13,4,21,5,16,-1,12
10,-37,12,-33,12,-32,6,-10,-7,-20,9,-29
8,-12,-6,-12,-4,-10,-3,-27,-3,-34,2,-3
0,-1,3,-26,7,-31,-9,-2,15,-26,-4,-26
-1,-2,6,-33,12,-24,-9,-18,5,-24,-2,-15
-1,0,6,-3,1,-26,2,-4,5,-22,-4,-2
10,-18,1,3,0,1,-6,-4,5,1,-1,1
-7,-22,2,5,4,-26,-7,-12,7,-6,3,-10
10,0,12,-7,14,3,-7,-22,12,-7,2,-5
-7,-12,-2,-10,13,-30,9,2,3,-2,15,-23
-5,-1,8,1,8,-21,13,-18,8,1,-4,-11
-8,-9,-5,3,12,-14,-9,-19,-1,-22,-3,-7
-2,2,-9,3,6,7,0,-4,-2,-21,1,-9
-4,-25,2,-25,12,8,10,-25,0,-24,-9,-6
4,-2,13,-22,0,-2,12,-15,-3,4,6,-7
0,-5,1,-4,11,4,2,-13,-2,-9,15,10
-4,6,8,-11,7,-23,1,-5,1,9,-4,-3
-7,6,-7,-11,0,16,3,-8,0,16,2,0
6,-1,-6,-9,4,-17,-6,15,-3,17,9,-10
10,-8,15,-17,-2,-12,5,-9,0,10,15,-16
-3,5,7,8,14,-5,3,11,12,-18,-3,16
-6,-6,-2,3,4,17,-2,4,14,-16,14,-10
-6,-3,3,6,0,-3,-8,-9,5,5,4,4
-1,22,-3,-9,-3,3,5,19,-9,-8,12,9
-2,-8,-9,-5,5,17,13,10,14,-14,15,-10
-8,14,15,-14,7,5,-6,-3,15,-11,-2,-7
10,-5,3,3,8,4,5,14,-8,-2,-3,14
6,4,-3,1,7,-4,4,5,5,24,0,7
-1,-2,6,12,7,-7,11,4,4,11,4,1
10,-6,-4,23,12,20,2,24,5,-10,2,7
0,13,11,-9,11,-5,14,-3,4,-7,-8,26
6,13,-1,27,9,16,14,-5,7,16,-3,30
13,27,13,11,13,21,12,12,-3,18,2,-2
14,28,8,-3,-2,23,11,20,0,0,-1,24
1,-1,-7,25,5,25,16,20,8,17,12,18
-1,17,10,18,-7,11,11,8,-2,4,10,17
9,19,13,27,1,32,12,29,-8,1,13,26
3,25,9,0,-7,31,10,28,0,25,-1,30
7,18,7,17,-8,32,-2,14,-4,22,5,4
13,33,1,8,8,37,-2,3,-9,35,3,18
2,-13,13,-36,2,-12,2,-10,2,-30,1,-15
-8,-24,12,-28,14,-12,-4,-18,-4,-2,-4,-3
0,0,7,-12,3,2,-2,-16,5,-27,3,-32
3,-13,11,-12,0,-12,-3,-25,1,-7,-3,-22
0,-29,0,-23,4,-20,14,-15,6,-30,1,-26
6,3,-6,-5,15,3,-4,-27,-6,-32,-1,-25
-7,-19,9,-6,11,-2,-2,-13,10,-14,0,-1
4,-25,4,-13,2,6,1,-16,2,-26,-1,-7
-1,-2,6,-24,-1,3,10,-21,-3,-29,-5,1
2,-1,2,4,16,-9,-7,-23,-6,-9,-6,-25
1,-1,-7,-6,17,-16,-1,-5,13,-2,17,-25
-6,-10,-3,-15,-5,-13,-7,-9,0,0,-6,-1
0,0,3,-13,-8,1,1,3,10,-25,-5,-5
17,-16,14,13,-7,6,3,-20,5,-22,12,-5
-3,-17,-1,0,10,-5,3,-12,0,2,9,-20
4,6,14,10,-6,-7,1,3,-4,7,-6,-7
3,-18,6,-1,9,9,2,12,-4,-16,14,-17
-5,-17,9,-4,1,-15,2,-14,-1,17,9,8
11,-14,8,-16,14,13,-1,7,-4,-11,0,-7
-3,-6,-4,18,11,-5,10,10,-6,-16,9,-16
-7,8,1,-18,11,4,13,5,-4,-3,-2,13
-3,-6,2,-2,-5,15,10,-3,3,-14,-5,13
3,15,2,-7,13,-9,-8,9,17,-7,-8,8
15,17,3,18,17,18,-8,4,3,16,2,16
13,13,15,-9,-4,1,5,-5,-5,11,0,10
-3,11,-5,2,-6,-11,10,-2,10,6,8,-6
-3,0,1,24,-1,-11,-7,-11,-2,-1,7,8
4,14,5,8,-1,5,0,-8,-7,-2,13,20
8,-6,2,-10,2,-1,-5,-9,12,-9,3,14
-1,18,11,2,0,23,10,-1,-4,25,2,20
-3,19,13,25,10,2,14,12,5,25,-4,-1
5,18,3,25,-3,17,1,25,-8,11,-1,3
8,-6,-5,13,3,-2,12,23,8,22,4,32
-7,4,9,-4,7,-5,-7,17,5,3,8,21
1,11,-2,6,1,5,7,-4,3,10,0,31
17,7,6,-2,1,5,14,23,3,-2,-5,-1
17,0,10,3,5,8,-2,31,14,36,6,35
14,29,2,27,11,1,10,0,4,-1,-1,17
2,1,0,3,7,19,12,10,-2,32,-4,36
0,-2,9,-35,14,-5,3,-7,4,-22,10,-27
10,-30,3,-16,2,-15,-7,-37,1,-3,4,-5
0,-30,-7,-4,-6,-33,4,-19,-3,0,9,-12
0,-4,-6,-16,-1,-1,-2,-29,-5,-2,18,-27
8,-32,0,-6,10,-24,17,-26,13,-26,6,-7
7,-22,-5,-32,-7,-4,8,-28,7,-9,6,-25
8,-19,-5,5,-2,-21,-7,4,3,-16,5,-13
12,2,10,-26,-4,-31,11,-31,-4,-28,-4,7
-1,0,16,-20,7,7,5,-5,-3,-9,-4,-2
2,-6,14,-8,-7,3,-4,-27,0,-15,-5,9
3,-5,7,-18,6,9,-4,-2,2,9,10,-27
-2,-6,15,-23,15,-22,12,4,-7,11,-3,-14
8,3,5,2,9,-11,-7,4,-1,-10,0,6
13,-25,9,-16,0,-10,9,-3,13,-10,11,-24
-4,-13,9,-2,3,-13,2,11,7,4,14,-5
5,-5,6,11,-5,-14,16,12,-6,12,-5,-15
0,-7,6,-10,0,-12,16,14,-7,5,1,-5
5,-2,11,3,-6,-19,11,7,11,13,7,13
0,-4,14,2,17,-16,-2,16,11,7,-5,-8
6,-3,16,-5,-4,19,10,-5,-4,14,1,-12
-1,-1,12,7,15,17,0,8,11,7,9,1
-3,-8,15,-7,-7,17,14,7,-2,3,15,20
1,15,-6,-4,12,11,-3,7,11,-5,-6,2
-7,23,5,-12,8,-6,5,-10,15,2,16,-3
-1,8,12,1,-3,10,2,-1,10,1,-5,10
5,1,7,19,-3,-8,5,-11,7,7,-6,8
-3,3,-2,-11,9,18,-2,12,-2,17,3,14
2,-1,0,-7,3,19,-7,-1,3,20,4,24
10,-8,10,4,13,22,-2,10,1,25,15,6
15,28,-3,0,9,14,15,-1,-5,25,6,5
1,17,-4,-5,13,10,14,23,6,16,-1,15
-6,4,-2,6,12,1,8,0,12,-5,-1,25
4,7,2,17,12,1,15,-2,-7,-5,12,-4
8,19,0,11,3,0,11,21,1,6,4,5
-3,-1,1,5,3,8,1,28,15,25,-6,34
6,-3,-6,18,15,33,-2,9,3,1,1,7
6,-1,5,-1,-3,15,9,24,9,21,7,27
10,29,5,28,12,27,2,15,17,4,1,11
-3,37,9,16,9,7,4,2,-1,18,-6,3
-3,-3,5,0,9,-7,4,-14,5,-11,-2,-20
-3,-30,0,-34,1,-34,17,-3,11,-4,5,-22
8,-14,3,-18,4,-13,-6,-28,-3,-36,4,-19
-1,1,-5,-5,8,-22,-2,-34,3,-3,-4,-18
8,-21,10,-22,4,-15,19,-10,6,-19,16,-7
0,0,12,0,-2,-20,0,1,-5,-20,2,-15
9,3,2,-4,18,-18,11,-26,14,-7,1,-9
0,-5,-1,7,7,-15,15,-30,1,-12,-5,-26
-6,-13,8,-10,0,-6,13,-6,4,-28,17,4
2,0,2,4,-5,7,-3,2,-3,-15,19,-29
-4,-9,14,-5,-5,-3,-6,-24,9,-27,18,-27
-4,-1,4,-5,8,-9,-2,-19,1,-26,0,-26
5,8,-2,3,16,11,-3,-18,16,-22,-3,-6
8,-10,10,-17,-2,-2,3,-22,-1,1,15,4
9,-9,-1,7,-4,2,-1,-8,2,-5,-2,11
-2,2,-4,-19,-4,-18,0,-8,10,-17,16,11
-2,-11,1,-11,16,-19,7,-10,7,-17,4,-14
8,-5,6,-2,4,-20,5,-18,5,-11,3,6
2,-3,5,-17,-2,-18,12,0,14,15,0,-15
11,9,-1,-16,-5,10,14,14,4,4,9,14
2,-2,15,-17,4,-3,7,-7,6,-14,0,16
-3,-1,6,-10,5,-16,-2,-12,0,-8,13,-7
-2,10,6,-14,6,1,-3,-11,-1,-3,-2,11
-1,15,-1,21,13,20,4,5,2,-3,12,-13
1,9,6,1,3,3,-1,14,1,14,12,-8
0,0,6,0,-2,19,6,7,12,3,14,0
3,-5,15,11,-5,-4,4,-7,-3,-11,8,3
11,13,10,6,-1,6,-4,-6,0,12,2,11
1,16,-4,-1,4,28,11,19,7,-4,-2,9
-6,3,1,4,6,14,14,0,19,-5,5,-6
-4,-2,-6,0,12,8,9,14,-2,2,1,9
-3,23,4,5,8,13,1,13,6,0,4,16
5,0,15,7,0,16,9,10,-4,21,3,12
3,4,-2,33,-3,14,-4,31,2,32,-2,33
-4,21,15,22,-2,18,7,-2,13,27,10,-2
4,7,12,19,-2,23,2,19,10,18,14,20
15,26,11,16,5,14,10,25,-2,16,-1,6
5,35,4,4,-5,10,0,24,4,11,-4,31
-5,1,-4,34,5,35,3,24,1,9,-4,7
13,-31,4,-30,15,0,6,-13,-4,-22,16,0
5,-6,1,-14,2,-25,14,-26,19,-28,-2,-26
11,-8,6,-27,17,-34,-3,-17,14,-23,7,-26
6,-14,18,2,9,-29,8,-29,4,-10,4,-18
-3,-26,2,-5,-5,-18,-4,-25,6,-27,7,1
8,-20,15,-16,5,-12,16,-21,14,-28,-5,1
13,-20,-2,2,20,-14,3,-3,2,-5,-1,-10
11,-20,4,-10,12,-25,-2,-16,-1,-7,1,6
8,-15,19,-25,0,0,13,-3,9,-5,14,-26
-5,-10,-5,-8,-4,9,6,-25,-5,8,10,-14
1,1,-1,-27,-4,2,4,-21,-3,-23,-2,-9
-1,0,0,-16,7,-26,14,-12,-1,-20,14,-22
-2,3,12,10,-2,1,9,7,0,7,12,-8
1,-9,-5,-22,9,2,8,7,7,2,10,2
7,4,13,12,20,14,-5,-17,-5,7,-5,-18
14,4,1,10,3,13,1,-17,11,8,-1,-23
9,-3,12,-3,4,14,20,1,-5,-2,14,-14
2,0,-3,5,-1,8,-5,10,11,-13,-1,-12
2,-6,-2,-20,13,-14,17,-17,17,-9,5,16
1,-1,8,-1,7,-6,2,-7,0,-16,0,2
-1,-5,-4,8,17,-3,5,4,15,0,5,-2
6,1,4,-10,19,-16,5,-9,17,19,2,8
1,-4,15,-9,19,-16,1,-5,10,18,0,-16
8,3,14,-5,14,11,12,-5,-4,14,0,-11
7,6,14,-10,-5,3,-4,1,-5,-1,15,-5
3,-1,6,5,-3,18,-5,9,7,22,0,13
-4,4,5,26,5,10,13,10,5,1,-2,2
0,-9,-1,21,10,5,15,24,-5,23,16,10
-4,17,0,14,6,17,3,-9,0,9,3,23
16,26,3,22,10,18,9,7,5,26,3,29
1,3,6,26,-5,29,2,-2,0,4,-2,29
4,-2,19,-3,13,20,10,10,8,22,-5,31
12,-5,15,24,11,18,7,28,-3,6,1,11
12,-5,11,18,13,4,15,31,18,1,15,2
14,17,0,13,16,1,6,20,13,9,18,26
11,3,4,25,8,2,16,27,18,8,-3,12
10,29,20,-1,16,8,20,20,6,16,3,9
-4,23,2,24,13,7,16,32,11,0,0,34
-1,24,10,10,2,32,-3,21,5,1,16,28
-2,-8,11,-3,10,-31,13,-20,0,-25,-1,-30
-2,-30,21,-28,18,-23,4,-21,5,-1,5,-16
15,-2,-4,-27,-2,-15,2,-13,3,0,6,-34
9,-27,1,-6,18,-16,5,-1,-1,-27,16,-5
12,-31,12,-28,18,-14,-3,-18,12,-17,0,-32
17,-4,11,-26,15,-10,11,-7,-2,2,6,2
10,-26,-3,1,13,-25,8,-4,-3,-8,10,1
-1,-22,10,-23,14,-20,17,-22,4,-21,2,-20
-1,-5,12,-11,16,-8,6,-14,18,-25,16,-12
9,0,9,-5,16,-10,7,-21,0,3,20,-21
7,-4,3,8,3,2,1,-24,9,-17,16,0
8,-10,9,-1,7,-6,-3,11,-1,-22,5,5
0,4,8,-12,12,-25,7,3,14,-4,17,-8
13,7,2,-17,2,6,7,-19,9,0,5,-5
-3,-24,19,11,15,-7,0,0,-1,-17,12,7
-1,-1,7,-8,-1,5,10,-6,-3,11,-3,-21
11,0,15,-13,-2,-15,12,-22,4,2,0,-6
-4,7,16,16,18,11,6,-21,8,-16,19,10
0,-2,20,-11,3,0,4,-7,1,-6,13,-7
15,11,1,16,7,7,15,-3,-2,10,3,15
8,-14,-3,11,9,9,17,3,14,20,10,-5
5,-6,-2,15,16,16,16,-1,6,21,-4,-4
-2,11,10,-2,4,-8,1,-11,4,-8,3,-1
1,3,14,-15,15,17,0,19,17,1,-1,8
10,3,4,-13,19,-11,6,-12,0,9,1,2
14,14,15,5,3,13,18,21,17,12,4,-5
13,5,-4,10,6,-2,17,3,-2,18,17,4
4,7,16,-3,2,12,7,-1,2,8,-3,21
1,7,9,5,13,10,0,19,11,9,3,19
16,11,20,25,1,3,6,14,13,3,6,28
16,27,3,15,5,-3,3,0,15,20,16,14
16,31,-1,21,3,-7,0,28,17,-4,-2,26
-2,25,4,8,0,-3,-4,8,-2,13,11,7
11,31,19,6,4,32,-3,-5,3,6,2,1
7,31,2,15,3,9,0,27,8,20,3,7
-1,7,10,32,3,25,8,26,-1,35,-4,14
14,-2,1,35,21,7,19,10,6,26,-1,14
6,11,6,23,-2,23,3,31,1,30,0,19
-3,29,-3,34,4,11,0,12,3,3,10,14
-1,-4,3,-2,-1,-35,3,-25,4,-6,0,-33
-2,-2,-3,-14,0,-22,5,-4,5,-34,6,-27
2,-5,2,-4,12,-33,0,-19,-3,-20,6,-32
13,-28,4,-32,-3,-30,16,-12,22,-34,-1,-16
9,-22,3,-32,5,-16,2,-23,-1,-17,11,-22
-2,1,1,-28,8,1,22,-29,0,-18,11,-24
-1,-17,-2,4,-1,0,2,-23,-2,4,12,-7
11,-26,1,-31,3,-13,19,-13,2,-10,13,-21
17,-2,20,-7,6,-14,3,-13,6,3,-1,-16
5,-19,11,-4,12,-25,-1,0,-3,-14,7,4
8,-12,14,-7,10,-2,11,9,12,-14,21,-18
2,-4,1,-11,-3,-19,4,-23,-1,-17,19,4
3,-5,13,0,-2,-3,5,-20,22,-19,16,-4
7,-18,15,-4,1,0,-3,4,-3,1,5,-23
3,-18,1,-9,18,0,4,-22,5,-4,10,-11
0,1,-2,14,7,4,6,4,-3,10,2,-4
3,1,16,-14,16,-22,-2,6,4,11,0,-21
1,-11,1,2,11,2,-3,-10,2,-17,7,-11
8,-18,1,-10,1,1,-2,4,-2,-10,17,-20
9,4,-3,8,12,-4,9,3,2,9,3,-17
3,1,10,4,5,-1,11,-16,3,4,22,16
11,10,7,17,3,20,19,-8,8,19,-2,6
11,12,11,1,5,-13,10,6,19,-6,13,11
11,6,3,15,10,-2,17,7,8,7,21,-12
-2,4,17,11,11,11,11,17,5,9,13,7
4,0,-2,19,18,22,18,7,19,24,16,5
3,-8,2,15,11,24,18,15,17,-2,7,9
-1,5,14,-11,15,14,4,-11,20,23,2,17
-2,-5,19,17,6,10,3,2,8,23,9,-2
1,25,6,6,1,22,10,-2,1,7,7,29
10,6,12,20,-2,12,11,7,-2,7,-1,-6
1,-6,-2,-4,14,29,1,0,13,20,3,18
10,5,3,6,0,31,5,18,4,20,13,29
11,-2,-2,30,3,25,4,14,-1,17,-1,18
19,0,18,16,10,7,5,23,-3,26,-2,11
-3,33,7,32,0,-2,0,13,0,34,3,7
12,30,-1,21,7,16,10,-1,-3,3,0,22
9,10,0,13,-2,23,5,37,-1,7,-3,1
17,30,7,31,10,3,20,18,2,9,18,1
15,-5,13,-11,1,-26,12,-20,0,-36,5,-29
19,-11,1,1,12,-29,8,-5,18,-6,15,-2
16,-31,19,-36,-1,-20,15,-2,4,-24,1,-36
2,-28,5,-13,8,-2,6,-35,0,-26,3,-12
16,-28,11,3,-2,-1,5,1,-2,-17,1,2
3,5,0,-11,7,-8,20,-33,-1,-15,18,-8
15,-1,16,-23,5,-14,16,-1,2,-32,-1,-21
8,-16,9,-21,14,1,-1,1,9,-23,16,-11
14,-25,12,-30,23,-20,21,-28,4,-6,2,2
4,-29,14,-15,10,-19,23,-29,9,5,0,-1
-1,-3,-1,0,6,0,12,6,8,2,0,-3
0,-14,-1,-16,9,-8,1,7,7,-13,15,5
3,-18,2,-4,3,3,5,-19,6,-11,16,2
16,-8,22,10,1,0,0,-22,12,10,3,-23
5,-14,1,-7,3,-6,18,-1,6,-24,9,5
-2,3,13,-19,12,10,13,-9,0,-23,1,-17
1,5,1,14,1,-1,21,-18,12,-15,14,0
2,-5,3,-6,1,1,0,-21,5,0,18,-10
9,-6,7,4,11,1,16,-7,11,1,4,16
9,10,13,-19,4,-13,6,-7,3,13,11,-10
7,6,2,9,11,7,13,19,5,-13,-1,-12
8,1,19,13,1,-8,15,11,10,13,16,-7
19,-12,0,-10,4,-13,10,19,1,-12,14,9
1,5,0,-2,15,-12,3,0,2,2,6,-6
8,5,2,20,8,-11,6,0,0,18,1,-7
9,4,-2,1,-2,1,-2,3,11,0,23,-11
-2,21,10,5,20,-3,4,24,3,12,4,-9
2,-6,0,6,12,3,13,25,18,-11,21,21
16,22,10,-1,8,-3,-1,10,6,-5,7,23
15,0,6,1,5,8,2,4,-1,-3,-2,-5
11,1,8,21,17,29,6,-1,-1,11,11,3
1,-5,23,4,10,13,18,24,19,26,-2,23
-1,31,15,31,-2,5,2,-6,2,-2,16,31
0,-1,8,12,13,13,23,12,4,31,6,14
4,4,3,18,13,34,0,28,21,8,0,14
10,-2,-2,8,3,34,20,33,7,20,8,4
-1,2,2,1,10,1,11,17,6,15,0,-1
17,34,11,28,12,3,23,17,14,32,6,20
10,3,6,17,23,35,20,14,23,38,2,26
0,-8,5,0,15,-28,23,-3,5,-25,1,-29
1,-37,-1,-22,8,-18,22,-36,8,-3,19,-6
4,1,2,-15,13,-10,1,-2,5,-29,-1,-13
17,-11,17,-24,11,-23,0,-1,0,-34,18,-19
14,4,17,-28,0,-8,17,2,0,3,15,3
2,0,15,-28,10,-9,10,-11,9,0,21,-5
-1,-29,2,-24,5,-12,12,-14,20,-23,2,0
-1,-1,13,-24,11,-31,3,-14,16,-26,15,-19
19,-6,7,7,15,-21,11,-7,7,6,3,-9
15,-21,5,-14,11,-20,11,-10,15,3,22,-29
0,-8,7,10,10,-17,12,2,0,-21,16,-22
4,-21,0,-19,2,6,24,-16,16,-21,20,7
7,-15,3,-1,-1,9,15,-19,6,-8,10,-15
20,13,21,1,5,11,5,-18,5,-25,17,-20
11,-22,8,2,14,13,0,-10,5,13,2,-20
0,-11,3,13,5,-18,1,-10,1,-16,21,3
-1,13,12,-20,2,9,-1,16,2,-12,10,15
15,-9,24,-21,22,16,6,16,-1,-17,5,-13
8,-14,21,15,4,3,15,-3,0,10,9,2
9,5,7,15,11,13,1,-17,2,10,20,-2
10,12,21,19,12,6,9,-9,19,3,6,-4
4,-2,14,-3,24,14,-1,15,3,12,16,-2
19,20,4,-6,2,-11,6,0,21,-9,0,15
5,17,21,-3,-1,-14,12,-12,10,-6,0,15
8,-10,2,12,7,-8,24,-4,12,13,8,20
18,19,7,2,16,14,3,12,2,17,-1,15
5,24,20,22,-1,8,7,-10,11,-11,9,-6
17,26,23,-4,16,3,18,14,4,-6,10,-4
13,-9,13,17,10,8,20,7,4,24,5,9
2,25,0,-3,23,-1,2,28,10,29,11,-4
12,4,4,26,-1,-1,4,30,5,2,4,23
-1,24,2,-6,13,5,18,-7,14,-1,19,28
16,12,15,18,15,19,18,32,23,2,2,9
-1,-1,0,33,12,-5,6,26,5,29,6,-2
3,32,17,16,-1,34,21,8,2,2,21,7
19,24,1,4,14,29,5,13,13,6,6,34
0,34,7,0,21,-1,14,6,9,4,16,36
0,1,1,17,24,16,2,32,13,30,20,31
18,28,19,28,16,24,20,18,4,17,0,25
21,-2,5,-38,18,-4,6,-35,6,-5,7,-37
6,-12,2,-16,14,-26,25,-17,1,-10,1,-33
2,-1,12,2,14,-19,14,-17,0,-17,0,-27
17,0,4,0,4,-19,14,-3,3,-23,10,-22
20,0,21,-17,3,-16,8,-25,1,-1,16,-21
5,-33,3,-9,8,-17,3,-27,22,-18,20,-14
11,-7,7,-22,0,-7,4,6,0,-23,2,-3
3,-31,0,5,19,7,15,-28,11,-7,21,-25
20,1,0,-17,2,-5,20,-12,23,0,25,-20
20,0,11,-27,9,-11,1,0,4,-3,17,-2
20,-9,2,-23,24,-16,4,-2,15,-16,0,-3
18,-11,3,-14,14,11,2,-17,1,-25,19,3
6,-21,9,-12,1,-13,23,-21,7,4,9,-20
16,2,0,12,15,-4,6,3,1,13,22,-8
12,-24,18,13,7,10,17,7,2,7,0,-21
19,-18,3,8,9,9,14,-17,6,-21,11,0
4,9,6,4,0,-1,1,3,9,4,13,2
10,11,0,12,4,15,10,-4,23,-7,1,-14
5,6,11,5,23,-4,23,18,1,-3,6,-11
6,9,15,7,4,-13,0,-14,15,-14,15,-2
5,4,17,7,0,-18,2,7,7,-11,5,12
7,0,4,-3,1,2,5,-15,14,-7,12,-2
16,-14,9,3,18,6,11,4,0,-9,14,10
22,23,6,5,9,14,18,22,1,-10,6,-8
21,17,5,-12,7,-12,25,22,0,-3,3,-4
12,8,1,4,23,-12,6,-11,4,-8,10,7
8,-11,1,-7,1,-5,13,-7,13,19,12,2
11,15,0,13,10,20,25,10,24,-11,17,9
6,25,21,-4,18,-5,0,18,1,16,7,26
4,-3,7,23,12,-1,5,9,0,-3,1,4
0,-1,0,27,0,-4,3,-5,9,2,4,-3
0,30,6,-1,8,2,2,4,0,21,14,-1
1,2,2,29,0,24,7,4,3,26,19,32
0,1,0,-5,18,-1,12,7,7,32,13,27
0,11,1,9,6,31,0,-2,0,21,2,6
19,11,2,24,23,1,7,30,8,27,15,20
7,2,16,18,1,26,1,34,12,36,14,17
0,23,12,30,17,27,0,2,0,9,4,3
19,29,1,2,23,29,7,11,1,12,6,24
