-4,-17,-20,-24,-1,-37,-4,-14,-21,-3,-12,-35
-7,-13,-5,-24,-17,-33,-17,-31,-18,-18,-15,-4
-8,-34,-22,-22,-1,-3,-24,-23,-8,-1,-1,-22
-5,-8,0,-34,0,-18,-23,3,-16,3,-3,-21
-7,-13,-12,1,-5,-2,-18,-26,-21,-6,-13,-26
-7,-19,-10,-32,-12,-23,-19,0,-11,-8,-17,-12
-5,-4,-10,0,-22,-2,-19,-4,-8,5,-17,-29
-7,-2,-17,-28,-23,7,-3,-28,-7,-23,-6,-7
-7,2,-20,-7,-22,-30,0,-6,-12,-8,-11,-20
-7,5,-11,-22,-16,-6,-8,-16,-1,7,-18,-8
-7,2,-16,-9,-24,-11,-10,8,0,6,-5,8
-7,4,-8,3,-18,-10,-19,-16,-25,1,-5,0
-7,-13,-19,-10,0,-23,-7,-18,-17,3,-23,-22
-7,-13,-2,-4,-11,-16,-6,-15,-17,-2,-9,-2
-7,-13,-24,13,-16,4,0,13,-16,9,-13,-6
-7,-19,0,8,-10,-22,-22,-18,-5,-6,-14,-23
-7,-20,-12,-6,-20,-13,-18,-13,-5,-9,-17,2
-13,4,-9,9,-19,13,-2,-9,-7,1,-24,1
-7,-19,-1,-17,-17,17,-5,-18,-5,6,-7,-12
-4,-10,-15,-11,-18,-4,-20,14,-10,10,-13,0
-3,15,-7,14,-15,-8,-22,-8,-8,-4,-17,14
-6,-11,-5,0,-5,0,-3,13,-21,-2,-18,11
-4,-5,-8,-2,-5,-5,-8,21,-4,1,-18,7
-3,10,-13,-13,-20,-2,-11,2,-2,-4,-16,-2
-3,2,-6,-3,0,-13,-4,21,-8,-8,-21,-13
-2,12,-6,21,-15,7,-11,-10,0,18,-6,25
-2,21,-21,-6,-17,-2,-15,10,-11,14,-4,21
-1,26,-6,2,-25,-3,-3,7,-19,15,-7,-6
-1,16,-9,11,-12,2,-2,-6,0,23,-9,10
-2,10,-7,12,-11,12,-9,0,-5,9,-1,-5
-1,6,-14,17,-23,4,0,22,-14,2,-20,-6
0,1,-1,-5,-17,-5,-20,30,-3,5,-6,12
0,-3,-3,6,-7,8,-7,1,-18,-3,-19,25
-12,28,-11,-5,-2,27,-13,11,-12,-4,-11,4
-12,31,-2,7,0,31,-22,16,-4,7,-17,14
-14,15,-4,28,-13,5,-6,5,-15,26,0,14
-14,18,-8,3,-8,26,-12,7,-1,16,-23,17
-14,18,-4,28,-1,35,-5,10,-10,5,-6,17
-15,0,-12,3,-17,29,-1,4,-9,10,-7,33
-3,-9,-6,-14,-23,-17,-21,-3,-15,-8,0,-17
-4,-16,-8,-35,-15,-13,-15,-16,-4,-26,-17,-37
-6,-18,0,-21,-19,0,-3,1,-22,-12,-2,-11
-3,-3,1,-5,-10,-15,-16,0,-6,-29,-1,-34
-6,-24,-2,-2,-19,-9,-12,-22,-23,-29,-3,-18
-3,-9,-9,-8,-21,-14,0,-9,-18,-17,-1,-14
-13,-25,-10,-23,-8,-32,-17,-3,-6,-32,-12,-15
-13,-26,-14,-20,-15,4,-17,-9,1,-24,-5,-28
-4,-14,-1,2,-10,-20,-16,3,-1,2,-11,-12
-4,-12,-9,-19,-11,0,-10,5,-1,-14,-8,-8
-4,-5,0,-19,-24,-22,-1,-12,-11,-9,-7,-27
-6,-19,-14,2,-17,-18,-2,10,-3,-23,-10,-15
-3,5,-2,-7,-19,4,-15,12,-16,-22,-17,-6
-6,-19,-8,10,-18,7,-18,-18,-8,-9,-11,-17
-5,-14,-18,-20,-18,-6,-20,-9,-12,-17,-16,-10
-3,-18,-7,-14,-18,-21,-4,14,-9,-16,-11,3
-1,5,-1,16,-16,-11,-11,-5,1,-9,-7,12
-13,-18,-8,-13,-24,12,-17,-7,-11,-21,0,-21
-1,9,0,13,-9,-17,1,-18,-9,-1,-15,-6
0,2,-5,-15,-12,14,-4,15,-3,11,-17,0
0,5,-16,0,-21,8,-17,10,-10,-7,-10,5
-2,-6,-4,21,-4,7,-1,17,1,4,1,20
-1,2,-7,19,-11,-13,-22,-1,-9,21,-8,3
1,21,0,-1,-9,-13,0,18,1,-6,-1,-3
-2,-7,-1,22,-21,21,-7,10,0,23,-15,10
1,4,-9,-1,-24,15,-10,3,-5,5,-5,-4
0,0,-4,9,-4,13,-2,-6,-3,-9,-7,23
-1,-3,-12,1,-16,-6,-16,8,-9,1,1,-7
1,8,-17,11,-10,3,-19,1,-18,15,-3,22
-12,17,-5,6,-23,23,-19,13,-3,24,0,-4
0,-2,-1,-6,0,5,-5,-3,-2,21,-20,-4
-1,-7,-9,24,-20,-6,-21,9,-1,-4,-18,5
1,-6,1,5,-1,30,-3,23,-9,22,-9,19
-13,9,-5,-2,-1,19,-1,20,-8,22,-4,19
1,-2,-3,18,-7,33,-17,8,-2,32,-18,9
0,6,-1,2,-20,11,-16,33,-21,12,-14,12
-13,11,-22,8,-18,14,-10,31,-16,18,-6,23
-13,16,-19,36,-21,1,-1,12,-18,8,-18,-1
-12,28,-10,10,1,19,-7,22,-19,9,-15,27
-3,-36,-12,-7,-9,-27,-18,-18,-8,-17,-1,-14
-3,-34,-8,-18,-19,-29,-20,-3,0,-9,-2,0
-1,-10,-3,-11,-17,1,-2,-24,1,-31,-17,-26
-1,-6,-5,-17,-17,-16,-14,-12,-4,-14,-9,3
-2,-32,-1,-24,-18,-10,-4,-16,-1,-11,-18,-23
-4,-32,-8,4,-17,-12,-6,-12,-1,-6,-4,4
-1,-4,-20,-21,-20,-4,-4,-32,-18,-16,-2,-24
-4,-29,-10,-8,-21,-22,1,-16,-4,-9,-18,-16
-4,-30,-10,-8,-18,-13,0,-6,-14,-4,1,-28
0,7,0,-7,-21,-8,-5,7,-9,0,-22,8
-2,-20,-9,2,-22,-16,-15,-25,-6,2,-13,10
-4,-24,0,0,-18,-9,-1,-1,-4,-18,-4,0
-3,-25,-1,-21,-16,-7,-14,6,-2,2,-8,7
0,13,-10,-8,-9,-13,-14,9,-9,-12,-5,-16
1,7,-11,-24,-17,-15,-17,6,-15,2,-10,1
-1,-8,-18,4,-5,14,-2,5,-19,-13,2,-8
0,2,-20,-3,-7,15,2,-21,-1,-13,-1,13
1,-1,-3,11,-7,5,-4,6,2,6,-9,-1
-1,-8,-7,-2,-16,-20,-23,6,-4,-12,1,-1
1,5,-5,10,-6,1,-17,7,-2,6,-15,-4
1,0,-5,17,-9,10,-19,-16,0,-16,0,-13
2,21,-5,2,0,-3,-6,-3,-17,-5,-3,-11
2,8,-12,-3,-8,19,2,5,-8,4,-8,-14
0,-3,-8,-12,-15,-1,-5,-13,-4,-5,-23,-15
-1,-13,-9,-8,-20,9,-8,-3,1,11,-4,12
2,-4,-5,-2,-7,11,-10,2,-19,1,-8,5
-11,15,1,-12,-15,8,-3,-5,-18,9,-8,9
-12,1,2,27,-11,11,2,21,0,9,-8,6
-12,0,-23,2,1,6,-6,16,-3,-1,-8,9
-10,29,-11,-8,1,3,-18,-6,-2,4,-6,4
-12,7,-10,2,0,13,-6,21,-21,12,1,25
-12,9,-13,25,-3,23,-21,6,-9,-3,-6,-7
-10,31,-15,15,-18,13,-9,4,-4,13,-7,2
2,2,-5,17,1,27,-5,32,-15,1,-2,5
-1,0,-15,20,-6,15,-2,32,-3,18,1,22
-12,6,-1,0,0,-3,1,24,1,21,2,19
1,-1,-16,17,-15,28,-1,-1,-15,36,-9,3
-1,-1,-17,20,-6,37,1,0,-2,23,2,32
2,5,-17,1,0,27,-3,33,-8,3,0,13
-1,-32,-7,-30,-21,-2,-21,-8,2,-26,-9,-23
-1,-30,-4,-24,3,-11,-5,-7,-9,-27,-13,-28
0,-14,-1,-18,-21,-1,0,-36,2,-29,-4,-34
1,2,-6,-24,1,-17,0,-3,-4,-34,2,-3
1,-2,0,-33,3,-4,-10,-28,2,-26,1,1
0,-16,-2,-4,2,2,-18,-16,-3,5,-2,-11
1,2,-2,-5,-6,3,1,-21,-8,-20,2,3
-1,-27,-6,2,2,-11,-10,-17,2,-10,-8,-12
-1,-27,-8,-2,-6,3,-9,-10,-10,-11,-13,2
0,-6,-9,-25,-16,-26,-10,-20,0,-5,-6,6
0,-8,3,-15,1,-6,2,6,2,-8,-8,-25
0,-8,-20,-9,-5,5,-15,0,-7,7,-3,-27
-2,-26,3,-10,-19,-4,-20,-6,-10,-16,-4,-25
2,8,-9,-24,-21,-19,2,-14,0,-22,-14,-3
0,-10,-4,7,-5,-11,-15,-6,-6,11,-2,5
2,13,-6,8,-21,8,-9,1,3,0,3,-2
2,13,-4,-7,-5,-4,-2,-1,0,-11,-13,13
1,1,-18,14,2,-19,-22,-13,-3,8,-4,0
2,-1,0,14,-10,1,-22,16,-3,-3,-5,18
3,13,2,10,-21,-16,-14,15,-4,16,-4,8
3,19,-9,10,-6,16,-4,-7,-16,-8,-6,-7
1,-1,-15,13,-15,17,1,-3,2,-14,-6,-17
0,-8,-2,-2,-19,-1,-15,-13,-14,-14,-6,2
1,0,-8,-1,-15,23,-12,4,3,-9,-6,-14
1,0,0,-10,-19,20,-18,-13,2,-10,-1,9
3,12,-14,21,-18,16,-22,7,-3,1,0,-2
0,-9,1,3,-6,15,-17,23,-16,21,-19,-1
3,3,-5,-10,1,15,-10,8,-14,4,-15,23
3,3,2,20,-19,6,2,3,3,12,-17,-9
3,3,-7,12,-2,-3,1,13,-8,21,0,1
3,2,-3,17,-22,-7,-9,13,-1,19,-2,17
2,-3,-5,5,-13,23,-13,19,-7,31,3,-2
2,4,-6,19,-17,9,-1,27,0,-2,-10,-5
3,10,-2,29,-13,31,-6,19,-10,0,-2,-2
3,15,-6,16,-15,19,-6,23,-4,22,-5,4
0,2,-3,-2,3,1,-19,24,-8,30,-15,14
1,5,-8,27,1,9,-10,6,1,2,-2,21
3,15,-3,5,3,27,-13,30,-8,17,3,22
2,8,-11,12,-9,26,-7,38,3,35,-19,13
-1,-27,-17,-20,-15,-13,1,-17,3,-15,-2,-3
-3,-37,2,0,1,-33,-14,-16,-13,-36,2,-28
-2,-25,-3,2,-21,-34,-8,-26,-1,-28,-9,-16
0,-25,-2,-33,-19,-15,4,-24,4,-35,-7,-13
-1,-26,1,-18,1,-1,-2,-22,4,-8,-4,-11
1,4,-9,-13,1,-30,4,-15,-7,-11,-7,0
1,-2,4,-27,-4,-11,-21,-32,-8,-9,-4,-8
-1,-26,3,-25,-9,-27,2,-4,4,-2,4,-2
1,6,-7,-19,4,-19,-18,-7,-9,-8,-8,-23
-10,-23,4,-11,-9,-19,-4,-6,-7,-9,1,-10
-2,-19,3,-4,-20,-10,-6,-16,-6,-4,-5,-23
-2,-19,-15,9,-20,3,-16,4,3,-13,4,-14
1,5,-9,-11,0,-19,4,-22,-1,-25,-4,-7
1,2,3,-9,-2,11,-8,-9,-1,-9,-14,-22
2,7,-20,-7,-15,-10,-3,9,-7,10,3,-11
2,3,-18,10,1,-21,-20,4,-7,-8,3,15
3,10,3,9,-19,-11,4,5,-7,-1,-9,-11
2,9,4,-15,0,1,1,2,0,14,-6,-12
3,10,-16,5,-3,-19,2,1,-3,3,4,-13
3,9,2,-5,0,0,-1,-7,2,-18,-6,13
3,4,-13,12,1,16,-14,-18,-2,-7,1,11
2,0,-5,-1,1,-7,4,17,3,-15,3,5
4,19,-20,-5,-21,-12,-18,-5,-8,9,1,-10
3,1,1,22,1,14,1,0,2,3,0,3
4,14,3,22,-3,-3,1,3,4,-6,-3,5
2,-2,-13,0,-3,10,-7,-13,-3,-11,-6,18
2,-6,-3,-10,-21,20,-3,26,-8,2,-1,26
2,-6,4,14,3,4,4,17,2,24,-6,25
3,-3,2,20,-6,27,-9,-3,1,-10,-5,27
2,-6,-3,-6,-16,28,4,7,-3,22,2,20
4,3,4,28,2,-2,-21,9,2,-1,2,-5
3,-7,-4,19,-1,24,-7,14,1,11,4,23
3,-4,-8,14,-3,6,-8,20,-14,3,-4,12
3,-2,-20,-5,-20,28,-16,9,-15,9,-3,32
2,-2,4,18,-17,28,-2,3,4,34,2,-2
2,-2,4,5,-20,22,-18,21,-8,9,2,22
4,4,-3,-2,-5,26,-3,10,2,24,-6,8
4,0,-3,32,-12,37,-20,23,-4,21,-3,37
-10,8,0,35,-14,11,-15,0,-13,5,-6,26
-1,-21,5,-35,-12,0,-18,-1,-2,-35,-7,-10
-2,-20,-8,-20,1,-31,-1,-26,-1,-5,-13,-23
-2,-17,-3,-17,2,-18,2,-28,3,-28,-4,-9
1,0,-2,-26,2,-15,-9,-8,-8,-32,2,-34
0,-15,-13,-5,-4,-15,-2,1,5,-2,0,1
1,3,-11,2,-2,-14,0,-9,-6,-2,-1,-12
1,-4,-1,-16,-12,-16,-6,-14,-4,-1,0,0
1,6,-7,-29,-7,-11,0,-4,-4,-8,0,-3
0,-15,3,-26,2,-24,5,-13,3,-6,-7,-21
1,-3,-8,-19,-14,-19,-10,-11,3,-10,-2,0
1,-5,-6,-3,-8,-12,-13,2,-1,8,2,-19
1,-2,-7,-21,5,-15,-18,-10,-15,-12,-8,-12
1,1,-3,8,3,-6,-14,-11,2,4,-5,2
-1,-12,-1,10,4,-7,-6,-6,-13,2,-3,2
0,-12,-2,-4,5,-18,4,-17,4,7,-2,-18
1,-11,3,-10,5,1,4,-6,3,8,-12,-11
-1,-15,-7,5,0,14,2,2,2,-21,-5,0
2,14,-3,-1,-3,-12,2,7,-6,16,0,-16
0,-13,4,1,3,9,4,-15,5,-18,3,-2
-1,-14,4,-6,-18,-11,-16,-16,-6,8,-1,-11
0,-14,-7,-13,-20,5,3,-12,5,7,-5,20
2,7,-20,-6,-17,-4,-13,2,-1,-11,-8,-5
2,2,5,-1,-19,-5,4,-6,-5,19,-12,-14
4,19,4,-7,-2,9,-6,-13,5,-4,0,-2
4,13,2,8,-1,-13,-15,2,-20,-1,0,-13
4,12,-19,8,-4,12,5,-8,5,15,-6,22
5,19,-12,0,-8,1,4,4,-3,12,-5,23
1,-11,1,-7,-8,4,0,-6,-4,19,-19,-4
5,19,-2,20,4,28,-8,0,-1,-7,-3,6
4,6,3,20,-15,22,5,16,-4,20,-7,7
5,18,0,-5,2,16,-3,30,2,13,-2,12
5,20,5,3,2,20,4,-7,2,13,-3,25
4,7,4,-2,5,-1,-20,12,-3,21,-12,7
3,4,-12,30,3,29,5,8,-4,2,3,2
5,16,-13,29,-6,25,5,11,-15,20,-7,15
-4,0,3,21,-3,28,-14,18,0,33,-13,21
2,0,2,-2,4,3,4,36,4,15,5,8
4,4,1,10,-12,33,4,29,-12,9,-5,3
-9,11,1,5,5,27,3,5,-20,37,3,33
-2,-38,-17,-8,1,-35,4,-20,-2,-26,-4,-18
1,-6,4,-37,-16,-27,-6,-12,3,-15,-2,-23
0,-15,-1,-10,3,-31,4,-6,-5,0,-1,-10
1,-3,-13,3,-4,-2,-18,-25,3,-19,-6,-25
0,-14,-13,-16,3,1,6,-27,-4,-9,-4,-11
1,3,5,1,-1,-29,-14,-3,2,-18,-12,-20
2,-16,5,-12,-19,-6,0,-26,-2,-17,-15,-19
0,-9,-5,-4,0,0,6,2,4,-21,5,5
1,4,-6,-15,-4,-19,-11,-6,-12,-25,-1,-23
1,0,-15,1,2,-5,-17,-21,5,-23,-15,-11
1,9,-13,-17,0,4,-19,10,-9,-24,3,-28
1,11,-10,1,-3,-9,-14,-21,-10,5,5,-7
0,-7,4,-6,3,-10,2,-19,-7,-13,6,0
0,-9,0,-8,4,-16,4,-15,5,-3,-15,-23
0,-9,3,6,-2,-7,3,-4,-19,-10,5,-6
1,-1,-1,11,3,-15,-11,-18,-6,3,0,-22
2,0,-4,16,-6,-3,-13,-6,-5,-3,-5,-14
-7,3,5,1,3,17,4,7,-18,-11,-3,5
2,18,2,-20,0,14,3,-4,-7,-2,0,-8
1,-6,-6,0,-19,-6,-10,16,6,17,-4,18
2,-5,-5,-16,-1,-13,6,4,-5,-9,-1,13
3,21,3,-3,-11,18,6,3,-3,4,-6,-13
1,-10,-7,6,6,7,-2,15,5,17,6,-7
0,-11,-12,-4,-5,20,4,21,1,14,-10,7
3,7,3,3,-4,18,1,-14,-1,15,-2,6
5,16,5,15,-18,11,2,-5,6,11,-5,19
5,26,-1,-11,-5,20,-18,-12,-1,26,2,12
4,12,1,-4,3,-2,3,-7,-15,1,3,-8
4,11,6,19,3,5,-18,-9,4,2,3,6
2,-8,0,0,-5,24,6,3,3,19,6,26
6,26,6,4,-7,-3,4,11,1,4,1,23
3,2,-2,16,4,8,6,31,-2,25,-3,23
-6,30,-9,7,-8,-4,-8,23,-7,19,-9,-5
3,1,-16,21,-15,22,-4,-2,-8,6,-13,2
6,17,3,29,1,24,0,0,-2,27,-10,25
-6,29,-10,31,-16,2,2,3,-6,21,-4,9
4,8,-7,2,-15,15,5,6,-3,15,5,-1
5,10,4,7,5,33,5,34,-1,36,3,30
4,4,-7,31,-18,37,-15,13,2,9,3,22
-2,-36,-10,-18,-6,-31,-5,-16,-18,-2,-4,-27
1,-3,5,-6,4,-23,6,-8,-16,-22,6,-6
-2,0,4,-13,3,-4,-5,-28,-2,-25,5,2
1,-11,-18,-33,-8,-17,-14,-19,2,2,2,-15
1,2,-12,-6,1,-13,3,4,6,-15,-10,-11
-1,-9,-4,-16,0,-31,-1,-32,4,-16,-14,-9
-1,-20,-4,-9,-2,-11,-17,-7,-2,1,7,4
-1,-9,2,-16,-3,-25,-1,-20,5,-22,3,-6
-2,2,-18,5,-6,-27,2,-21,-4,-24,-4,-13
-1,-18,7,8,3,-8,-5,-10,5,-15,-10,2
-2,0,-18,5,2,-28,-13,-24,-3,3,5,-20
1,10,-2,-18,-4,3,-4,11,-11,-10,-5,-4
-6,-25,5,7,3,-22,-1,-18,-6,-5,1,6
-1,-10,7,-6,-8,-9,-12,-13,-3,-12,4,11
-2,13,4,-9,-3,-14,-8,5,1,2,3,4
1,12,7,-16,1,6,-18,-14,-2,15,7,-11
-1,6,-5,-1,-3,5,-1,-12,1,3,0,2
1,2,-11,17,-15,-18,-6,-1,-16,-19,-2,13
3,-1,-17,0,-2,11,-12,-2,-10,-7,-9,-4
-6,-13,-12,-9,2,-11,-2,-17,-15,-10,-1,-15
-3,-18,-14,2,-3,0,-8,20,-17,-3,-14,4
3,3,-6,-8,-7,20,-17,16,0,-7,0,1
-1,16,-12,17,-17,11,-18,15,6,-5,-1,12
0,18,-13,11,-16,-9,-16,15,-8,17,-1,15
2,11,-8,16,-9,2,-10,13,-10,2,-9,12
3,21,7,7,-3,0,2,13,-2,0,4,20
0,-3,1,-5,-8,25,-4,2,7,5,-5,0
0,-4,-17,18,-3,6,0,-1,-15,12,1,-1
2,0,4,-8,-18,4,-4,-4,-13,-8,-11,16
2,0,7,14,-7,21,-11,23,-16,25,1,7
4,26,3,0,-3,6,-14,27,-1,26,-15,-6
-10,7,-7,-2,-8,2,-8,-5,-8,3,-15,-1
-9,16,-8,18,-9,9,-7,22,-17,31,-8,-2
7,28,-7,-3,-16,0,-10,15,2,15,1,20
6,13,-14,13,-1,21,-14,23,-15,29,7,-4
4,7,5,-2,-2,17,1,10,-5,13,-6,2
7,28,1,27,-17,27,-13,23,5,-2,-2,20
7,21,-10,8,2,36,-12,1,-6,0,5,3
5,13,-6,14,-3,38,4,36,-6,15,-5,22
0,-25,-9,-36,6,0,-5,-37,4,-7,-3,-25
-6,-37,-15,0,6,-21,-3,-2,7,-10,-2,-8
-1,-32,-9,-26,-11,-28,-9,-5,6,-15,7,-26
0,-15,0,-13,0,-23,-3,-27,-2,-35,-4,-24
-1,-34,-1,-17,-8,0,-16,-19,2,-33,-15,-22
-3,-32,2,5,-12,-7,-1,0,3,-5,-4,-6
-3,6,1,-5,-15,-29,-4,-29,-13,-14,1,-2
-2,5,-1,7,5,-18,2,-5,1,-6,7,-25
-2,-27,-10,-28,2,-28,-8,-18,-5,-21,8,-2
-5,-19,3,-10,8,-8,-2,3,-10,-19,-5,-16
-3,-1,-10,4,-16,-9,-1,-11,-7,-3,1,-24
-3,1,2,9,-2,-12,-1,-1,-15,-14,-16,-21
-2,-22,6,-1,4,-17,-10,-3,-11,8,3,-14
0,-19,-3,10,-3,-23,-8,3,-4,2,-3,0
-5,-15,-1,12,-8,-5,-11,3,-16,-10,-2,0
-5,-18,6,-17,4,6,-7,8,-4,-6,-10,-22
-1,7,2,-10,-2,-3,-16,14,4,-17,-13,-8
0,-7,6,-14,4,10,-9,-4,-11,-17,7,16
0,7,0,-7,-2,9,-15,4,-7,10,3,-20
0,14,-11,-14,-3,-15,-14,6,-10,1,3,-11
0,18,0,14,3,-14,1,-1,-5,11,3,-14
1,18,-3,16,-12,-1,-12,0,-9,11,6,10
0,21,-8,5,0,-13,1,5,5,16,2,6
0,-11,6,-6,-17,21,-2,-10,-17,-14,-3,12
0,24,-1,15,3,1,-17,10,-5,-8,6,-4
3,22,-2,3,-8,24,-16,7,-11,9,0,20
3,18,4,20,-11,-12,-1,16,-12,20,1,-9
-6,-10,-3,7,-11,9,-8,11,-4,10,2,3
1,12,-16,-4,-7,-3,0,24,0,-1,3,-3
1,14,6,10,-1,21,-1,-3,5,22,4,26
1,8,7,9,6,17,-10,5,-14,6,6,12
4,23,4,7,-16,16,-14,8,-2,9,-2,1
3,12,-12,13,-2,-1,3,23,-6,-4,-14,23
1,0,2,17,8,10,3,26,3,-5,8,26
5,28,-1,1,2,29,-11,15,-11,24,8,12
6,25,-7,4,-4,13,-16,25,-13,24,0,23
6,33,7,24,-11,22,-5,1,7,14,-10,27
5,12,-9,37,-13,5,8,34,-9,20,-11,4
6,20,3,33,-16,4,-11,36,-4,11,5,23
0,-5,7,-4,-8,-14,-3,-27,8,-38,1,-7
1,-21,-1,-23,9,-8,3,-36,1,-12,-7,-7
3,-7,-3,-29,8,-14,-12,-27,0,-17,-2,-36
3,-2,3,-30,8,-35,-9,-10,-1,-12,-12,-30
-4,-31,-15,-15,2,-8,-12,-29,1,-6,7,-13
3,-1,-4,-25,8,-14,1,0,-9,-29,-1,-33
1,-14,-11,-15,-4,-12,-3,-14,8,-6,6,5
0,-5,-2,5,-4,-22,6,-17,7,7,-4,-31
3,-4,5,0,-13,3,7,8,8,8,-7,-5
-1,9,6,-5,9,-19,-7,4,-2,9,5,-12
1,-23,9,-7,-8,-7,4,-20,-2,-26,7,-6
3,-2,-3,-9,6,-1,5,0,0,-2,-2,7
3,4,4,9,-9,6,-15,-4,-4,-14,0,7
0,2,7,3,7,10,2,2,6,-15,7,-14
0,6,2,-16,-5,1,-16,-18,-9,-24,0,-18
0,11,-10,11,-4,-4,-9,-16,6,-4,9,-4
-4,-22,0,10,0,16,-14,-6,6,11,2,-22
0,10,1,0,1,6,2,-7,-11,10,9,-13
3,7,3,4,9,-12,-16,10,-14,5,2,-3
3,9,1,-3,-14,-19,-13,-11,-8,-7,2,-7
1,13,3,15,-3,-16,-15,3,6,-4,5,-17
0,21,-7,6,-3,-9,-11,-9,-11,9,4,-6
-1,-15,6,10,-3,-9,-3,-15,-9,-14,3,-3
1,8,-10,7,-15,-8,-8,23,6,20,9,-9
1,15,4,10,-14,18,-11,15,-15,7,-2,22
2,23,-7,7,-14,5,-12,21,8,-4,-3,-13
5,5,8,23,-7,-12,-11,0,-2,23,6,14
1,-10,-9,13,3,7,-4,0,-9,21,6,4
4,16,4,13,-12,23,9,4,-5,20,-14,4
-3,22,4,3,3,3,4,-8,-3,9,2,23
2,17,6,5,0,5,7,-7,2,10,-9,3
3,11,-2,-4,-2,31,2,8,-2,25,-3,-6
-5,-4,-14,7,-10,9,-8,17,-5,8,1,1
4,15,2,9,-12,23,-2,18,-8,3,9,33
3,10,-1,7,6,26,-14,-3,5,25,-1,12
4,11,5,6,0,-2,4,25,-12,8,-12,13
2,1,-11,22,7,1,0,34,-11,1,-15,22
5,13,-13,0,-1,6,5,3,-13,3,6,11
3,12,-4,32,-12,7,-1,23,-1,30,6,21
2,-19,4,-6,10,-31,7,-11,-3,-24,5,-12
1,-13,6,-31,-8,-4,-1,-28,8,-4,10,-10
1,-14,-11,-24,-9,-6,9,0,-2,-31,8,-10
2,-28,1,-25,3,-17,3,-31,3,-19,2,-6
0,0,-1,-3,10,3,-10,-6,7,-8,-1,-33
1,-10,0,-18,9,-23,-4,1,6,-1,5,-14
-3,-24,-1,0,8,-1,-15,-25,-1,-25,10,2
0,2,1,-4,0,5,-12,-12,-11,-11,4,-29
-1,1,5,-21,-15,8,0,-5,9,-20,10,-29
0,-24,-12,-13,9,-1,1,-10,2,-12,-2,-24
1,-7,-3,-12,-3,-26,-2,-1,0,-13,-7,-11
-1,8,3,-10,8,-19,-8,-23,2,-8,1,2
-1,7,10,-17,10,-10,6,-25,-1,-10,7,-9
-1,5,-7,-2,7,-3,-14,-11,-12,-14,6,13
-1,12,1,10,4,-17,2,4,2,-23,3,-9
-1,6,-13,-20,0,8,-9,6,-6,-22,8,-9
-2,-6,-9,5,9,3,10,-13,10,15,-6,9
-2,-14,10,-21,-13,1,6,9,-2,-12,1,-12
-2,-12,1,-6,10,-2,8,15,-4,16,2,-11
-2,-17,-2,7,8,-6,-1,9,8,15,-2,1
1,2,-9,-5,-2,7,-12,-1,-2,-10,-9,5
-1,20,-9,3,1,-9,-6,19,0,19,-1,13
4,15,5,14,-13,7,4,4,-6,3,5,-7
0,22,2,-8,4,20,1,-10,-14,-8,4,15
2,-5,-11,18,2,-8,0,3,-6,17,1,11
-3,10,4,5,4,15,-12,23,-8,9,2,12
-1,20,2,-10,4,18,-12,10,5,11,-12,11
1,-10,3,-7,6,14,1,3,0,11,-10,16
-2,20,-7,22,-6,-3,1,-2,-14,1,8,22
2,12,-9,8,-6,-4,-10,17,-6,3,-9,9
1,27,-11,-7,6,9,0,-1,9,24,9,0
2,23,-13,20,-13,23,-1,22,-11,-4,4,8
2,20,8,4,-6,-3,9,6,-10,12,-3,15
6,13,-13,27,1,11,5,1,1,-4,5,11
3,23,4,27,6,-2,5,18,-12,25,-4,33
3,23,5,34,-1,34,1,22,6,15,6,16
2,1,-15,34,-14,20,4,15,-6,1,-14,0
3,14,7,10,-9,12,3,21,-6,22,-1,23
3,20,-14,24,1,22,-9,8,5,25,9,34
-1,-18,5,-38,-1,-10,10,-12,-2,-18,-14,-10
-1,-24,0,-3,3,-23,-2,-24,3,-1,5,-32
-2,-23,6,-31,1,-2,10,-13,2,0,8,-31
-1,-6,5,-7,-8,-4,4,-35,5,-33,8,-28
-1,-20,0,3,8,-33,-9,2,10,-33,1,-23
-1,-29,1,-5,0,-28,9,-1,11,-29,9,-2
-1,-21,0,-6,10,-23,8,-20,9,-3,-2,-29
-1,-30,-10,-17,7,-26,2,6,3,-5,9,-25
2,-15,1,-10,-2,-18,1,-14,-6,-19,4,6
0,-5,3,-5,-6,-7,-14,3,-6,-2,2,-1
1,-3,2,-28,7,5,-14,-1,0,-20,-7,-3
1,-20,11,-1,7,-4,2,-11,5,-4,7,-18
0,-22,-1,-2,-7,11,-10,0,4,-21,-7,9
1,-1,3,-10,-3,3,7,1,6,-22,10,-13
2,-18,-10,2,7,-11,-5,5,-11,-22,-7,7
1,-17,11,12,7,-5,-4,1,7,-9,2,15
-2,-7,-5,10,-9,16,-4,-9,-11,14,9,15
-1,4,2,1,5,-12,-4,-7,4,9,7,9
1,3,-12,-5,-8,-8,-4,-4,0,4,7,9
1,3,2,7,3,4,-11,9,0,9,9,9
0,4,3,13,-11,-6,-10,15,-8,6,11,14
1,4,0,-13,-8,-6,8,16,3,16,9,19
2,-3,9,-4,0,15,-9,18,5,15,10,-13
-1,12,-7,10,-1,12,5,18,5,12,0,-1
1,12,-1,0,-9,-10,7,6,4,-1,10,16
-1,10,-12,-13,7,21,-14,-2,-8,24,7,-2
1,-3,3,-1,5,5,-12,-1,3,-2,-10,-2
-2,10,-6,5,-14,13,-3,-9,4,-7,-7,-6
2,2,-7,-6,-14,15,-10,11,10,25,0,8
-1,19,5,28,-4,5,6,-6,-7,26,-11,0
0,-8,7,20,-11,17,-12,28,4,11,-6,27
-1,-7,1,-7,4,13,-10,16,-6,24,11,-5
-1,12,10,19,4,-3,4,-3,11,14,-13,32
-2,7,1,31,-6,13,2,16,-2,6,-9,8
-1,11,10,34,5,18,1,30,5,11,5,32
2,22,-8,26,-3,33,-10,29,-2,30,11,8
5,36,-13,8,7,13,-10,29,-12,15,-11,30
3,24,-8,8,-4,12,3,8,9,4,-7,1
4,37,-7,16,5,15,-2,36,3,38,3,12
-5,-26,-2,-31,-1,-10,-3,-28,-3,-16,-4,-10
-5,-17,-2,-16,-1,-10,-3,-12,-12,-11,3,-34
-5,-17,-5,0,0,-1,-2,-21,0,-6,5,-25
-4,-11,-8,-26,0,1,-13,-2,-4,-20,-9,-2
-2,-13,-2,0,-2,-20,0,-3,-12,-22,-10,-14
5,-5,-7,-8,-1,-3,-2,-27,3,4,-11,-23
7,-8,-1,-25,-1,-7,-1,-6,12,-14,-13,-25
8,2,0,3,-5,-24,-1,-7,-10,3,12,-6
4,5,-13,0,-6,-23,-2,-18,-7,-24,-2,-8
3,-13,-13,-21,10,-1,-9,1,-12,-27,-4,-28
2,1,1,-12,-12,-18,11,-3,4,1,6,-5
3,-10,-2,-27,3,-4,12,9,0,-7,11,-18
0,-4,9,10,11,3,-11,-5,-4,2,1,5
-1,-9,-5,-21,-6,6,-5,-9,10,5,0,8
-1,-7,-6,-19,-6,-12,-9,-2,7,6,9,3
3,-16,-4,4,2,-23,1,-11,11,-8,6,-17
1,-13,-5,7,7,-10,-7,16,10,5,10,-7
2,-5,-9,0,-12,-8,11,-1,5,-9,-5,-10
1,-8,-11,-11,-7,-14,-6,4,5,-5,0,-14
1,-6,-6,8,-4,7,11,9,4,-1,5,4
1,-3,2,5,-8,-6,7,-8,4,-5,3,-1
1,-1,0,-17,-11,8,-6,-1,-5,2,1,12
1,1,9,12,-7,-11,7,16,2,17,6,1
1,-1,4,23,-8,20,-3,20,-12,1,9,23
1,4,6,6,5,16,3,-10,8,24,1,7
1,-2,-5,-7,9,24,-9,11,-10,0,9,15
2,2,5,-5,-12,16,-13,23,-8,1,4,3
2,6,-1,0,2,9,-6,6,12,-8,1,-5
2,3,-6,-10,4,-8,-11,-6,5,14,3,3
3,-1,-8,21,9,12,-7,23,-12,16,-7,28
3,3,0,17,-10,3,-12,23,-6,18,7,7
3,3,5,30,-8,26,-5,14,6,27,3,0
2,2,-6,6,-9,24,2,4,12,9,-5,3
0,14,3,-4,-11,31,9,30,6,30,3,31
2,28,-13,21,7,-2,6,18,-6,26,1,-2
4,5,7,-2,-4,29,2,17,-1,-1,9,17
4,15,-5,13,-2,27,2,-2,4,19,10,32
-1,3,9,5,7,21,-13,28,-12,33,0,23
-1,2,4,18,-6,28,7,16,3,15,4,36
0,-5,-8,-2,-3,-30,-2,-30,-4,-2,-1,0
-2,-22,1,1,3,-33,9,-19,-1,-20,-11,-34
-1,-10,-1,-3,7,-23,3,-5,-1,-33,-1,-20
-2,-22,-2,-30,6,-25,-3,-17,-1,-8,-2,-16
0,1,8,-8,-9,-28,-3,-19,-8,-27,-5,2
-4,3,-7,-18,-1,-11,-5,-27,-10,-28,-1,-9
-2,-22,5,-28,0,6,9,-29,-9,-22,-7,-7
-1,2,-1,-11,-1,-8,-2,-5,-10,-20,-7,-28
-2,-10,-10,-18,0,7,-3,-26,-11,6,-5,-24
-6,-10,0,0,0,0,-3,-27,-7,-23,0,6
-4,-12,0,-1,1,9,-1,-6,-3,-12,-1,-20
-3,-8,-1,-12,-1,-17,-10,-21,-11,5,13,-3
8,7,-1,11,0,-2,1,6,-5,11,-2,2
0,-3,-5,10,6,-10,4,-12,-3,-16,7,6
3,-6,0,-18,-4,-1,0,-22,-4,-15,2,4
3,-4,11,-7,1,1,7,5,2,-9,5,-13
2,-16,10,-1,1,-5,-6,2,-3,5,-5,-4
0,-3,11,14,12,16,2,-16,7,-5,9,-8
2,-17,10,18,12,6,12,11,8,1,8,13
3,11,5,9,10,6,0,-14,10,-4,7,-8
2,-16,10,13,11,-1,-12,-14,-3,4,6,10
1,7,-6,13,2,-10,3,-13,-5,1,12,12
4,-7,4,-3,-8,3,-9,16,-10,-9,-4,17
0,5,4,13,-10,22,-4,-3,3,2,0,1
2,-7,2,5,-1,17,8,-1,7,-14,1,0
3,7,9,24,-5,-7,0,25,-4,4,1,0
3,0,-4,2,-2,-6,-6,-3,-5,11,9,14
2,-3,2,2,1,2,-6,9,13,-6,10,-3
3,1,-9,5,-8,-5,10,-5,-8,15,11,-10
2,11,3,-2,-4,10,5,23,3,23,8,25
2,11,4,11,8,-7,10,21,0,8,11,16
2,3,6,21,11,-5,8,29,-8,-6,11,16
3,9,8,2,10,-6,1,1,12,23,-4,23
2,16,8,6,-8,18,7,14,-12,18,13,15
3,6,10,23,9,33,12,10,3,10,7,0
0,16,0,0,-12,4,9,8,11,33,12,25
2,21,-6,0,-12,35,4,20,-6,13,10,2
3,26,-8,30,5,-1,-11,25,-10,13,-8,37
3,31,7,30,9,28,5,6,-8,2,0,4
-1,-9,-10,-6,-6,-32,-9,-13,-9,-7,-2,-28
-8,1,0,-27,-2,-31,-1,-1,0,0,-6,-31
-10,-4,-3,-36,-2,-22,8,-4,-6,-19,6,-25
-1,-31,-10,-13,-2,-22,13,-3,-1,0,10,-30
-1,-25,-11,-6,-1,-8,1,-1,-5,-34,-9,-1
1,3,-1,-18,5,-30,-1,-6,-6,3,-9,-13
-2,-30,-1,-10,-6,-25,2,1,-1,-31,2,2
-1,-12,-5,-31,8,-17,-2,-31,-5,-20,-8,-24
0,5,0,-16,-11,-27,0,-6,-7,-9,5,-26
-1,-17,-2,-13,-1,-25,-10,-12,-11,4,-1,-9
-3,-21,-4,8,-7,-28,-10,-25,-9,-6,-1,-1
-1,-2,-6,11,10,-13,-7,-21,-1,9,0,7
-1,-19,1,11,4,-1,-1,-3,-1,-23,-9,-5
-1,5,-1,-8,0,-24,2,11,2,9,0,1
-2,4,-8,8,0,-4,0,-5,0,-2,-7,11
-2,4,0,-15,2,9,0,-3,-2,-13,7,-1
-2,3,-8,8,2,12,-1,-2,-1,-7,0,6
2,13,-2,-12,0,-8,6,-17,1,9,-10,2
14,3,10,-1,2,13,0,-11,-6,8,1,13
0,-15,0,5,0,-11,1,6,-11,7,-5,15
7,20,0,-2,-1,-16,0,-15,1,9,1,12
3,17,3,4,0,-13,0,-9,-1,14,-2,-6
3,-11,-7,-11,7,11,-4,-6,5,6,-6,-11
2,11,-4,16,-7,16,-11,7,-4,13,7,-1
5,0,-6,7,12,23,9,16,8,14,-2,6
4,15,7,12,14,20,3,7,1,-13,6,9
2,-3,-6,16,-5,21,8,13,-5,1,-11,26
2,10,7,5,6,5,-9,-6,-10,-5,13,13
5,8,-2,23,2,8,5,-9,7,18,4,4
2,3,11,11,7,4,-8,21,10,-8,7,4
2,-5,6,21,-4,-3,0,23,2,-2,11,10
2,3,-7,15,3,7,-2,4,9,20,9,14
3,19,14,28,-11,-6,-6,26,9,28,4,21
3,21,14,19,-6,9,-3,-4,-5,12,5,27
2,2,6,29,-8,3,7,15,2,24,-3,21
5,2,1,16,-8,26,-1,2,8,17,1,7
2,3,3,18,-1,33,-8,29,4,6,12,15
1,13,14,3,-9,33,-1,6,9,13,10,26
5,19,10,10,9,14,0,14,12,13,13,11
-8,-11,10,-7,12,-2,12,-25,7,-33,-4,-27
-6,-19,0,-3,-3,-36,15,-29,11,-17,14,-20
-10,-33,15,-19,-4,-14,7,-17,-3,-21,12,-6
-10,-28,-6,2,7,-28,12,-28,3,-20,12,-22
-3,-31,2,-29,-3,-10,14,-12,9,-27,4,-27
-5,-9,1,-32,8,-5,11,-10,-7,-14,2,-31
-9,-13,-3,-31,-8,-22,-7,-18,11,-22,8,-22
-4,-1,12,-13,4,-8,4,-5,11,3,-4,-30
-8,-28,9,-11,-6,-18,-3,4,-3,-6,2,-24
-9,8,-7,-21,8,-21,-9,-22,-7,-23,-7,-21
-6,-21,-3,-21,2,3,-2,0,-8,-9,11,3
-3,9,0,-6,7,-1,11,-10,0,-25,-2,9
-8,5,4,-4,-1,-16,-1,-9,11,-5,0,6
0,-1,-4,-22,0,4,8,-1,6,-20,-10,-7
0,-10,5,-11,0,4,0,-21,-8,-16,1,-14
1,2,-5,-10,2,12,1,15,12,-15,-3,-15
-8,7,-8,11,-1,-5,-1,-19,-8,-6,-10,-12
1,6,-9,2,1,6,-2,-14,3,17,-8,15
0,-17,0,-2,-8,6,1,1,-9,15,1,10
0,-14,-8,-2,8,-10,1,18,-10,19,3,13
-10,17,5,-16,-10,-3,0,3,-2,16,0,-4
-8,20,-9,18,-8,12,-6,3,1,-1,-7,10
-10,18,-7,18,-3,-8,3,18,6,-14,-1,-9
-7,-11,-1,-14,1,-12,-1,-14,-9,14,1,-1
-1,3,14,5,1,1,1,3,0,2,-8,15
-8,-5,2,13,1,4,1,5,3,20,0,13
-2,6,0,0,1,-1,2,16,-10,10,2,12
-2,4,1,11,1,5,-6,-3,-10,23,2,26
-1,11,-1,-5,3,28,2,17,1,3,1,-8
-1,14,-5,-7,2,17,1,2,-10,6,2,19
15,-4,6,-5,1,1,2,15,-2,-1,-4,0
11,8,0,30,1,14,1,0,1,11,-9,4
7,28,1,26,1,-1,-10,28,-3,30,0,11
3,12,-9,-4,1,-5,7,-3,-1,-1,-5,7
2,7,15,23,14,19,11,-4,-2,20,14,3
5,-1,2,30,-7,14,-8,11,-8,35,-4,23
7,8,14,21,14,19,6,8,-2,28,11,13
5,34,6,36,-6,10,10,24,-3,0,15,17
2,7,-6,13,4,15,-3,31,7,11,6,31
-7,-32,-5,-11,5,-20,-2,0,-5,-38,-7,-21
1,0,14,-14,0,-12,9,-5,14,-15,-8,-16
-6,-19,-8,-29,-2,-32,8,-36,7,-8,-9,-22
-6,-32,6,-26,14,-25,7,-1,-5,-19,7,-19
-5,-21,12,-22,13,-15,7,-3,7,-14,8,-29
-8,-33,8,4,-5,-12,8,2,-7,-24,12,-26
-8,-25,3,-14,10,-8,-5,-32,-4,-20,-1,-32
-5,-25,0,-2,14,-26,10,-16,7,-31,6,-1
-4,-26,7,-7,-9,-25,10,-27,11,5,5,-14
-2,-21,3,9,-8,-9,14,2,9,-22,0,8
-3,-20,4,3,5,-6,9,-3,2,-7,0,-25
-4,-19,1,-27,6,-5,12,5,-6,-19,2,-7
-8,-17,6,9,-5,-22,13,-15,4,-19,3,-4
-2,-12,0,5,8,-15,3,-8,6,-7,-1,5
-2,1,8,-16,7,8,-4,-23,12,-2,10,5
-9,-1,14,-5,-2,-7,12,2,11,10,6,-10
-2,-2,12,1,4,-8,-5,-11,-6,5,7,-7
-1,1,12,6,-9,-9,6,-12,16,-11,8,-15
-1,-3,15,-2,11,-2,-3,2,-4,-10,3,-6
0,-3,2,0,5,-16,6,11,-5,18,-1,-14
-3,-2,-4,-2,-7,-5,0,1,-4,2,-6,0
-8,-6,-7,4,6,7,1,20,3,19,-6,20
-6,19,2,22,0,2,-9,21,-9,4,2,5
-5,16,-8,-1,-1,21,-9,-3,5,-10,1,-3
-7,19,5,24,0,-5,-7,5,-9,-8,-2,18
0,-13,-2,5,1,18,1,20,-9,-9,-6,2
1,4,1,-3,1,21,-8,20,-7,-8,-6,5
1,6,4,26,0,-7,11,24,4,2,-7,-8
0,-6,-8,-5,-7,17,6,-2,-7,11,2,9
-3,-3,-9,12,6,3,4,-3,-1,28,-7,-4
1,20,-9,18,9,-8,8,-5,1,6,4,28
3,23,0,6,-2,19,-9,16,-4,0,1,11
1,16,4,26,1,6,2,19,1,-1,-6,15
-5,18,2,13,2,1,1,-5,-2,2,-6,-5
-8,-1,1,31,2,15,1,-3,-6,21,2,9
-1,-2,-6,35,2,4,4,32,2,6,-4,5
0,24,-5,9,1,-2,2,14,-6,18,-7,23
0,19,2,34,2,17,-8,8,-9,8,3,31
-1,13,1,25,2,12,-3,13,-2,6,4,2
-5,-8,11,-17,10,-9,7,-25,-2,-33,-6,-8
-8,-4,13,-17,11,-37,-2,-2,13,-1,-6,-13
2,-4,10,-30,16,-19,0,-6,-7,-23,-6,-28
-8,-14,-7,-8,17,-1,-8,-22,1,-18,-5,0
-8,-8,2,-15,1,-5,12,-15,-6,-24,-8,-29
-1,-27,1,-7,0,-8,0,-20,1,-4,4,1
-4,-28,-7,-19,-5,-5,3,3,-1,-19,-4,-23
-5,-10,-4,-8,-7,-17,-4,-13,3,-31,-7,-6
-6,-29,-3,-27,-2,8,7,-12,-3,8,-1,-20
2,-11,-4,-22,4,5,-7,8,2,-5,3,-25
1,8,-6,-8,4,8,-6,3,1,-23,14,-26
-3,-21,-5,-21,0,0,2,7,2,7,3,-22
-5,-25,-1,-9,-6,-11,17,3,14,8,-2,-7
-3,-6,-5,-2,-3,-5,5,-20,17,5,2,-14
-2,-1,17,9,14,8,5,4,7,-19,0,-14
-1,4,13,-16,16,-19,4,11,-2,-20,11,5
-7,0,7,8,-8,12,5,-9,5,-18,7,-19
-2,-8,12,-1,17,-21,2,-9,3,-20,12,-4
0,7,5,-9,-2,8,10,8,15,17,0,0
-4,-11,13,6,1,14,15,7,4,-15,13,-16
0,8,11,5,10,15,16,3,12,1,16,9
-8,-2,14,12,-3,6,9,19,17,-16,-5,14
-6,4,17,16,-2,-9,-3,22,0,6,-3,1
0,18,9,2,-7,-10,-5,-8,6,-15,9,2
-4,0,16,-2,-7,-5,6,1,17,-2,3,13
-3,15,13,13,0,-5,15,-13,10,23,1,21
-5,11,2,26,2,11,15,-5,8,6,9,9
-5,2,16,-4,-8,18,7,-10,12,27,11,23
-7,10,16,-9,12,9,-4,0,13,6,4,-3
-1,21,0,18,-4,16,1,1,-2,12,16,16
-7,-6,1,-6,13,18,-8,6,4,18,-8,19
-8,-6,-5,24,-7,19,1,7,-3,15,-3,12
-6,19,-5,3,6,-6,13,13,-4,16,2,23
4,33,2,15,-5,-1,4,24,4,19,2,32
3,25,1,32,2,1,3,0,2,-4,2,32
-4,-2,16,24,13,5,-8,16,3,20,-3,33
4,30,4,34,2,30,-1,31,3,26,7,4
-1,36,3,28,1,11,8,2,-8,10,14,33
2,35,-1,34,2,27,-8,15,3,29,1,2
4,-14,3,-15,6,-29,0,-12,12,-33,-6,-24
-5,-7,13,-21,16,-25,12,-28,11,-17,11,-3
3,-5,15,-27,13,-9,17,-18,15,-11,-7,-27
-6,-6,0,-12,-3,3,13,3,-7,0,-4,-21
2,-21,-5,2,-2,-6,-4,-33,-6,-30,-7,-13
-7,-2,-2,-15,11,-1,14,-23,-3,5,-7,-30
-2,-6,9,-26,16,-31,-7,-29,0,-3,6,-2
-2,-1,-1,-16,0,-29,12,-10,15,-18,-6,-21
-4,4,-4,-9,-1,-13,9,8,5,5,-4,3
5,8,-4,-22,7,-21,-1,-25,4,-3,-1,-26
-2,-21,2,-22,-3,6,16,-19,-3,2,5,-3
-4,-21,-2,-21,14,-27,8,-12,4,5,1,10
-3,-10,8,7,-4,11,18,-20,8,-17,2,-20
-1,4,-2,-14,-5,-24,16,-17,13,7,9,-1
-5,-14,0,2,-3,-4,12,12,-4,14,-6,8
-6,-11,13,13,-3,-7,12,1,10,-23,1,-17
2,12,7,-17,1,-21,-4,-20,8,4,-4,-19
-5,-10,-2,12,7,-15,12,16,1,14,12,12
-1,4,14,14,-5,-4,-7,-18,0,-4,1,-1
-7,-9,17,-9,18,12,7,-12,5,-11,7,7
2,15,15,-10,3,4,-7,-8,5,10,-1,17
-6,7,14,16,17,13,16,-2,-7,-12,13,-3
1,18,-7,-15,7,0,13,4,18,-2,14,4
-4,-5,0,0,17,-7,6,8,10,-8,11,20
-6,-13,1,14,18,24,1,-5,-3,-9,-4,2
-2,19,0,7,16,6,-5,22,-4,15,-1,9
2,-1,15,13,1,1,2,12,-6,5,-4,12
-1,24,1,-10,5,0,9,19,11,-2,-2,21
-3,15,-2,22,6,13,1,5,13,-6,-7,23
4,14,17,23,15,22,11,17,2,-2,18,-6
-6,20,-7,-5,13,-3,-3,11,4,26,14,-4
-7,21,14,31,11,10,14,6,8,-3,6,10
-3,22,0,-3,13,3,11,-1,11,5,-6,28
2,-4,0,32,4,33,0,31,-7,7,0,32
4,34,-1,15,-4,10,-4,9,-4,13,5,34
3,24,1,4,5,29,11,20,3,10,4,29
-4,24,8,2,-1,2,9,5,-1,25,17,21
-7,35,17,36,-2,26,9,19,17,12,0,14
-6,30,-6,4,-4,32,7,31,13,5,-5,9
0,0,18,-33,-2,-23,-2,-31,6,-1,2,-10
3,-27,14,-15,13,1,16,-18,-1,-12,4,-30
-6,1,12,0,18,-29,6,-36,3,-28,-5,-1
-2,1,17,-18,3,-34,1,-20,10,-29,5,-17
-5,4,3,-26,-1,-32,-4,-8,-1,-33,-6,-22
-4,1,14,-33,-6,-22,5,0,-2,-27,10,-19
1,3,0,-18,-6,-22,13,-2,12,1,15,2
-2,-4,0,1,13,-15,-3,-13,4,-22,0,-1
0,3,0,-4,8,-4,5,-30,2,-16,4,-17
4,-21,6,5,4,-5,2,-7,-3,-22,2,-22
4,8,4,-26,-1,-20,6,7,4,-22,1,-21
4,-26,6,1,10,-23,-4,-24,5,-2,5,-18
3,-14,-5,10,11,7,-4,2,1,-15,14,-16
0,-25,-3,-1,2,3,8,-21,0,-7,-5,-8
-1,-23,9,10,11,11,17,-22,0,14,-1,-14
-6,-18,-1,6,-6,-5,10,9,15,0,-4,-1
-1,5,-4,16,4,-1,19,-12,10,4,-6,7
-6,-8,-1,13,14,-14,8,15,16,-19,-1,-1
-4,-8,14,-2,-2,4,2,5,15,-20,-2,-17
-5,-13,11,6,4,-4,-3,-15,0,1,9,-4
1,10,-6,-2,18,9,2,-8,1,20,-3,-8
-6,-8,-5,13,16,11,-3,-5,-4,18,-5,-1
-4,3,0,21,7,6,0,-11,-1,-11,6,13
-2,-10,3,-1,11,-10,3,-6,0,14,10,-3
1,20,14,-4,14,24,12,17,13,-10,-4,14
-2,11,-3,-11,-3,-12,8,11,4,15,-1,18
-1,-12,-3,5,10,-3,9,10,17,-6,14,-10
4,-9,-6,21,15,-1,1,0,15,26,7,10
-1,-8,3,-6,15,-9,17,-7,0,13,15,-10
-4,8,11,18,13,17,17,20,4,10,-4,7
-3,4,1,14,19,28,1,29,19,11,-1,-4
-5,16,8,5,9,1,-3,19,16,-2,3,12
-3,8,2,5,10,4,15,16,4,6,5,23
6,26,2,32,11,24,-5,11,4,16,4,-5
1,3,5,2,16,3,16,-2,17,13,-6,27
5,31,0,3,7,28,15,12,-6,14,14,27
-6,25,8,22,15,34,-5,16,-5,31,0,26
0,3,3,16,-2,35,9,27,-6,26,-1,22
-6,17,13,14,8,36,5,23,-4,0,-2,23
-4,-12,5,-12,-3,-5,5,-29,-5,-35,-3,-25
-2,-10,-4,-4,5,-26,1,-14,0,-8,5,-32
-4,-1,-1,-21,1,0,16,-27,6,-12,0,-1
-3,1,16,1,12,-31,-3,-17,-4,-35,5,0
-3,-2,-5,4,-2,-26,16,-13,-5,-13,-5,-32
-1,0,10,-11,0,-12,16,-19,-1,-29,-1,-12
1,2,8,-24,13,-1,4,5,2,-7,1,-16
-2,5,-3,-23,1,-5,-2,-25,-1,-7,4,-27
-2,-22,-2,-10,12,-6,17,-20,11,-21,5,-28
3,8,11,-25,-5,2,4,-13,11,-26,-5,-10
6,3,4,9,2,-8,11,1,8,3,5,-25
7,2,6,-23,15,-7,19,-25,-5,3,6,-4
4,11,-2,9,4,1,20,-7,9,-23,-2,2
-3,1,-2,-25,-2,11,19,-19,11,-1,-5,1
-1,-12,-5,-11,19,0,2,-19,0,-20,4,-3
-2,5,19,-12,-5,-7,0,-5,1,8,9,-19
-4,-1,-4,-7,4,0,17,0,-3,-21,16,-16
-5,-17,2,-8,3,-9,7,-3,-3,11,-2,-9
3,15,3,-3,0,-9,13,10,10,-18,1,-11
2,-5,4,-1,8,-18,19,-16,1,-11,-1,7
3,13,0,4,-3,-1,5,-7,20,-2,0,-9
1,5,0,19,0,-16,13,-4,15,7,3,-13
2,16,13,-11,1,13,4,-10,8,13,-3,7
0,1,15,-9,4,16,20,16,11,-3,10,-14
-1,5,6,12,13,24,17,-5,4,6,-1,3
-1,2,10,5,14,7,8,-13,9,-12,-2,-8
-3,6,1,11,17,11,15,6,13,2,7,11
-1,-11,2,-1,-1,-9,13,9,-1,15,1,9
-2,-10,5,6,20,10,14,24,9,0,-2,-9
-1,-7,6,18,9,25,-1,28,-1,20,7,17
2,-8,15,-4,-3,-1,12,12,0,19,13,8
-2,13,-2,11,12,4,-3,-7,-2,-4,4,16
0,19,13,6,-1,31,2,-4,15,25,1,11
5,21,1,3,9,19,1,20,-4,22,6,30
1,3,-2,21,12,4,1,-1,7,27,5,17
-3,32,6,25,5,31,6,23,6,17,-4,26
-5,14,12,-2,9,17,13,4,-2,-1,2,36
0,20,0,9,-4,1,-4,34,14,32,4,14
2,33,5,4,13,16,-2,29,4,21,15,37
0,0,0,-34,16,-3,4,-34,-3,-20,-1,-8
6,-4,9,-8,17,1,4,-37,-4,-21,10,-22
-1,-5,13,-26,3,0,8,-6,3,-22,-3,-18
0,-6,-3,-27,4,-20,18,-10,6,-2,0,-15
-3,-30,5,-10,10,-7,8,-19,1,-4,-2,1
-1,0,-1,-28,6,-16,-3,-21,0,3,2,-19
-2,-4,-4,-22,17,-5,17,-27,7,-27,3,-2
-4,1,17,-29,12,-25,14,-15,6,-4,-3,-1
0,7,-4,-16,17,-18,2,-29,2,5,0,4
-3,-2,9,-16,0,-7,9,-17,-4,-27,17,-8
8,6,-1,-15,7,4,7,-27,9,8,6,-20
-3,7,1,4,6,11,-4,1,8,-4,17,9
2,-24,17,-5,18,-9,4,3,14,-5,-3,10
-1,-1,5,13,9,-4,16,-2,-2,-2,0,-19
0,-14,-4,-6,3,-10,13,-17,9,11,2,14
-2,-20,-4,-17,12,-16,11,6,-2,4,1,5
-1,-7,4,3,16,11,11,2,12,10,6,-16
7,1,-2,5,-4,0,10,1,14,6,0,9
-2,1,14,3,-1,1,10,17,-2,16,-1,-16
-1,10,2,5,3,8,19,-2,13,-11,7,-13
0,-7,-3,-9,1,14,14,-9,14,14,-4,2
-1,-12,5,8,4,-8,4,-3,-1,1,-3,-2
3,-12,17,-1,19,7,8,-12,-4,16,11,18
2,16,16,-13,20,-9,15,23,1,22,-2,19
-2,-10,12,10,1,-11,0,15,1,20,-3,12
-3,1,11,16,16,13,13,14,16,-11,0,-2
1,10,-2,2,8,6,5,15,3,19,21,2
0,9,11,16,21,21,1,-2,10,6,1,15
2,10,14,0,2,13,9,-6,5,1,2,26
2,8,6,-8,15,10,13,7,5,-9,0,22
5,27,2,27,-3,-8,13,7,9,29,-2,7
2,14,4,1,12,22,1,16,7,1,6,27
2,21,1,29,4,20,1,21,-3,-3,5,6
6,6,1,3,11,18,19,15,-2,28,9,32
7,32,5,-4,11,12,2,13,-2,26,5,32
0,19,11,3,3,10,19,30,-1,29,17,19
1,29,17,1,0,16,-3,32,1,9,13,1
0,29,-2,0,-1,17,-1,36,-1,20,-4,12
0,35,-1,36,-4,30,15,23,5,14,7,15
2,-2,-1,-27,4,-16,8,-2,-1,-26,8,-21
-3,-13,18,-13,1,-34,1,-12,-2,-6,1,-10
2,-33,18,-35,-2,2,-3,-35,4,-2,-1,-25
-2,-27,-1,-12,22,-13,-2,-27,18,-27,9,-26
4,-33,2,-27,-3,1,21,-25,16,3,2,-34
5,-1,1,-30,20,-26,13,2,8,-2,0,-7
6,-18,-2,-14,0,-12,-1,-5,8,3,1,-32
3,-17,7,-3,15,-6,11,-6,1,-14,1,-16
2,-12,-2,-4,5,-27,17,-13,14,-7,-3,-5
-2,-24,2,-29,4,-26,1,9,11,-6,-2,-17
8,0,7,-1,7,2,5,-2,13,-24,8,-25
7,-6,8,-24,6,-25,6,-22,9,7,9,4
-3,-3,6,-15,13,10,16,-24,7,0,7,5
-3,-7,5,6,6,-4,11,-12,3,-18,2,-1
-1,-1,16,2,9,-24,11,3,6,-11,3,0
2,-18,11,-8,4,7,-1,-13,8,10,2,10
4,1,0,-12,1,13,5,-4,0,9,-3,-11
-2,-3,1,-11,14,13,-2,-17,-1,-15,3,11
5,-10,13,-8,16,-12,2,-18,-2,-19,-1,17
5,9,-3,-14,19,-7,8,-6,18,0,-2,8
-1,-3,22,-16,12,3,16,-2,9,-1,2,-2
2,-6,1,-17,18,13,11,13,5,16,4,5
2,-7,-2,12,-3,11,13,-5,-2,14,3,5
-2,1,-1,4,15,19,3,22,14,-12,1,4
3,-4,19,-7,0,10,19,24,7,-3,-1,-12
3,-2,1,15,20,17,6,0,1,10,20,3
4,12,7,19,5,19,13,11,1,1,-1,-5
5,-7,10,1,1,2,12,22,5,7,6,6
4,5,12,14,5,-4,2,11,6,25,0,26
4,20,18,8,10,-3,9,12,6,-7,13,-7
6,24,18,8,13,9,20,29,15,26,5,19
2,7,13,0,14,8,18,9,17,8,4,-3
3,26,12,-1,13,-1,0,15,6,28,-1,-6
0,2,4,3,11,-4,17,9,19,32,3,1
8,33,10,29,16,19,-1,19,17,2,1,3
3,0,-3,31,11,14,5,-1,18,-1,-2,6
1,30,-1,4,8,22,15,27,6,22,5,24
6,8,20,2,2,4,3,9,14,3,12,6
1,34,8,23,15,21,0,9,5,3,3,15
1,-13,3,-33,5,-13,15,-21,13,-37,7,-33
0,-32,-2,-37,-2,-20,17,-8,9,-33,-2,-5
6,2,21,-10,18,-15,7,-16,1,-24,-2,-1
3,-1,9,-18,6,-35,17,0,-1,-26,8,-5
5,-8,4,-3,17,-9,4,-28,9,-15,6,-18
-1,-23,17,-6,22,-19,19,-2,11,-30,0,-1
3,-22,10,-19,0,-28,13,5,2,0,2,-20
6,-23,1,-3,6,-14,3,-18,-1,-12,3,-1
5,-18,1,7,-1,4,15,-12,3,3,-2,-22
7,1,0,2,19,-26,23,-6,-1,-9,5,4
4,-3,-1,-12,23,-15,20,6,20,10,18,-10
5,-22,13,-10,23,-13,9,5,1,-22,-1,-19
6,-23,2,12,17,-23,13,0,21,-1,15,11
-1,-8,-2,-6,14,-23,-1,-6,6,-25,0,2
-2,-12,10,1,10,-10,6,8,1,13,22,-8
5,-13,-2,-14,16,13,8,-6,0,6,-2,-17
5,-4,17,-12,5,13,17,-8,1,0,-1,-18
5,-5,23,-7,23,-12,15,-16,7,15,3,13
0,-11,11,-11,13,6,3,-1,1,6,21,10
3,1,11,17,3,3,0,10,8,18,6,-18
6,-9,0,16,11,-7,8,14,0,10,10,9
5,4,18,11,2,-8,21,6,5,-5,3,4
6,-14,5,12,4,11,0,-14,15,-14,-1,-11
6,-9,20,20,5,14,0,7,22,15,4,-13
5,3,5,-5,17,-9,18,1,15,6,1,11
5,6,4,-1,16,-7,14,5,22,15,22,2
6,12,15,-6,-2,10,4,19,8,26,3,17
5,11,-1,1,17,0,3,4,-2,20,14,-1
7,19,1,12,17,0,-1,1,6,15,-1,10
-2,-3,6,17,1,22,4,5,-2,-2,15,-7
1,14,-2,7,3,2,19,26,15,8,1,26
3,8,2,12,0,-5,19,-5,9,-1,3,31
1,13,1,-2,4,-5,7,24,10,32,1,32
-2,25,7,-2,9,21,11,25,3,3,2,3
9,26,-2,25,8,21,5,-3,5,4,8,21
9,29,10,21,8,33,9,2,11,29,7,-3
0,36,-1,0,0,22,3,8,20,5,0,36
8,22,1,28,8,0,13,34,5,20,-2,22
3,35,7,22,-1,15,0,12,18,7,-1,28
2,-1,3,-5,17,-31,12,-9,15,-4,0,-7
-1,-37,8,-25,6,-16,12,1,14,-27,-1,-1
4,-3,20,-23,19,-26,17,-2,10,-24,1,-30
-1,-10,8,-4,15,-20,3,1,0,3,10,-4
5,3,10,2,19,-18,13,-2,0,-11,9,-25
6,-31,0,-30,1,-5,18,-2,7,-1,6,-21
-1,-3,5,-25,22,1,3,-20,22,-9,3,5
3,-22,-1,-27,15,-20,11,-9,10,7,4,-17
7,-1,3,-6,4,-1,15,-30,3,3,-1,-29
-1,-18,-1,-6,5,6,4,-24,5,3,-1,1
5,-16,-1,-4,4,6,3,-14,14,-1,20,-14
7,-4,0,11,6,-9,17,-9,3,-18,1,-1
5,-11,9,-23,23,-23,16,-14,1,-23,5,3
7,-14,9,-19,24,0,19,-21,15,-11,4,12
6,-13,1,-8,23,7,0,-18,9,-6,8,-6
7,2,3,-14,16,13,2,-20,5,-22,12,15
7,-17,15,-7,0,-6,5,12,-1,7,4,-4
5,5,1,4,-1,-1,6,-1,1,5,10,-20
9,18,6,-14,16,2,23,17,-1,-1,9,4
3,-2,-1,3,7,14,2,19,23,15,7,-11
6,20,2,-15,10,16,8,-10,9,-11,13,19
0,8,3,12,10,16,1,15,8,1,2,5
0,-1,1,12,20,4,0,13,18,-4,10,-5
4,2,1,-13,0,-7,14,6,8,10,20,-3
6,17,7,19,19,15,14,13,9,9,8,24
8,5,14,13,6,-3,24,13,18,17,5,20
6,-3,-1,25,17,10,-1,13,4,23,10,21
-1,3,-1,16,19,2,1,-2,9,9,21,21
8,5,6,4,19,13,-1,-5,4,-10,4,12
1,4,7,-4,18,18,8,16,8,-3,18,-2
4,4,4,-7,16,-7,15,4,22,8,20,-6
-1,13,3,27,21,4,9,-3,-1,-7,2,12
2,5,11,15,3,20,0,17,8,31,6,10
9,29,-1,12,-1,14,-1,16,9,12,-1,12
5,-3,9,29,11,2,0,34,15,4,-1,33
8,0,10,8,9,16,11,34,0,21,-1,13
9,4,1,27,8,9,10,28,-1,22,0,-2
2,31,2,11,20,15,-1,15,14,10,3,27
8,6,11,30,23,11,0,2,17,17,3,25
1,-5,13,-8,2,-7,7,-3,21,-12,8,-4
6,-1,1,-12,12,-14,10,-7,1,-29,10,-21
5,2,2,-29,10,-33,25,-36,13,-34,1,-3
5,2,14,-27,25,-33,9,-28,20,-25,6,-8
9,-26,8,-15,1,-33,10,-19,19,-10,19,-14
0,-25,10,3,21,-22,15,-19,11,-18,11,-26
5,-3,9,-17,23,-28,11,-22,10,-24,9,-24
4,-10,8,-9,14,-6,5,-7,19,-18,13,0
2,-23,19,-22,13,-15,14,-19,22,-24,0,-6
4,-26,12,-6,12,-12,4,-25,1,-1,2,2
9,3,10,-14,17,2,15,-26,3,-12,13,1
6,-22,4,-2,8,5,2,6,7,6,9,6
6,2,9,-19,9,-6,12,5,12,6,1,-7
9,13,11,-16,4,-15,5,-18,5,-6,10,-2
2,-10,2,-19,13,-24,1,-19,5,-10,7,-15
2,-1,2,-19,20,11,3,-23,5,0,15,-18
6,-4,0,9,19,15,15,-3,21,-16,11,-10
6,-12,14,-20,16,-7,25,-18,1,1,12,15
3,-11,2,2,21,15,2,14,21,-8,0,-5
0,-17,10,-9,18,16,13,-5,3,-19,2,-1
2,-18,2,6,0,-9,22,13,4,13,4,18
5,6,4,-15,2,18,4,11,0,-9,10,-7
3,2,4,0,15,14,8,-5,6,20,8,22
5,-2,25,13,10,-7,12,17,2,22,11,21
0,5,0,6,13,-10,17,11,3,16,6,11
8,17,3,14,11,22,10,-7,4,6,0,-9
3,-10,4,-4,15,16,8,25,6,7,6,-8
1,2,11,19,19,-5,5,-11,2,7,4,18
8,11,5,-6,13,-5,14,-9,4,24,7,17
2,7,5,3,16,3,2,-2,21,-2,2,-8
8,-8,5,12,3,30,16,7,6,22,11,17
3,9,1,27,2,7,15,-1,3,17,0,27
1,25,17,-3,3,3,13,-4,6,-4,5,1
9,2,17,31,13,25,3,28,4,3,1,-4
4,22,2,31,5,-4,10,24,0,6,4,28
0,35,1,28,19,1,24,16,0,15,10,19
2,22,9,8,2,17,18,-1,11,5,1,11
9,4,0,6,12,0,8,7,0,24,13,34
1,36,12,35,15,9,13,37,3,35,0,22
