-2,-5,-22,-29,-24,-33,-18,-33,-17,-2,-4,0
-8,-5,-17,-6,-3,-3,-4,1,-21,-33,-7,-22
-7,-3,-4,-2,-4,0,-8,-1,-2,-2,0,-29
0,-3,-14,-2,-1,2,-16,-22,-16,-22,-2,-31
-8,1,-21,-9,-16,-27,-8,-33,-1,-22,-15,-17
-8,4,-1,2,-17,-16,-2,2,-2,-11,-1,2
-12,-19,-5,-4,0,-10,-25,-16,-13,-15,-19,5
-16,-1,-11,-2,-7,-2,-6,-16,-12,-4,-12,-11
-4,-27,-1,-2,-3,-1,-5,-8,-12,-1,-1,-9
-8,-16,-18,3,-2,-9,-7,-11,-10,-5,-2,2
-8,-20,-5,-23,-11,0,-17,-4,-7,-17,-5,-1
-3,-11,0,-26,-20,-21,-24,8,-6,7,-24,0
-1,-7,0,-3,-14,-4,0,-14,-20,-8,-12,2
-2,6,-2,-21,-11,-10,-16,4,-4,-23,-5,-1
-8,-20,-10,-23,-6,-12,-9,-3,-16,-2,-3,8
-5,-3,-25,13,-9,-4,-20,-11,-25,-8,-15,13
0,-5,-9,9,-23,-2,-19,15,-7,6,-14,11
-9,-18,-21,-6,-20,13,-12,-7,-5,-5,-7,-15
-13,-2,-17,-4,-7,17,-14,-18,-12,-9,-11,-6
-6,11,-9,-3,-21,-5,-19,7,-2,9,-17,-15
-20,16,-5,2,-11,14,-2,6,-25,18,-1,-4
-15,-2,-3,7,-7,-2,0,-13,-2,-2,-14,4
-11,-8,-10,1,-12,-1,-22,14,-5,1,-2,1
-2,-2,0,23,-14,10,-3,22,-3,-4,-1,-9
-2,20,0,20,-4,0,-19,-13,-4,23,-12,-6
-3,23,-18,24,-6,25,-3,-1,-2,22,-6,24
-3,22,-1,-3,-25,-4,-24,25,-19,12,-1,25
-4,26,-2,1,0,24,0,24,-18,16,-12,25
-5,27,-11,1,-6,25,-3,25,-3,27,-12,24
-5,27,-18,27,-19,-9,0,28,-18,11,-1,-2
-6,30,-12,3,-18,0,-8,28,-8,7,-1,2
-6,28,-20,12,-2,4,-14,4,-12,8,-17,2
-4,6,-8,-6,-2,4,0,2,-9,9,-11,5
-1,8,-17,15,-9,26,-24,29,-15,19,-7,5
-22,12,-6,17,-12,2,-25,7,-10,27,-10,16
-2,13,-5,-1,-4,23,-23,31,-12,27,-13,7
-5,29,-6,6,-7,32,-18,16,-22,6,-5,0
-10,35,-18,-1,0,20,-6,9,-15,21,-7,25
-7,7,-24,26,-20,8,-15,38,-7,2,-22,10
-3,-30,-1,-2,-1,-4,-14,-34,1,-30,-19,-32
1,-24,-16,-4,-2,0,-12,-3,-2,-1,-4,-2
-2,-3,-5,0,1,-11,-18,-23,-15,-11,-5,-1
1,3,-2,2,-16,-34,-1,1,-16,-25,-11,-30
1,3,1,3,-7,-32,-2,-4,-2,-25,-4,2
1,3,1,0,-3,5,-23,3,-2,-23,-1,4
-3,-28,-5,-22,-22,-17,-24,-15,-1,-12,-24,-31
-9,6,0,0,-11,-5,-20,-15,-16,-10,-2,-10
-5,-5,-1,-15,1,-13,-18,-7,-2,-15,-4,-12
-6,-1,0,-25,-6,-20,-13,-28,-7,-29,-10,-1
-20,-11,-19,-14,-4,-10,-13,-11,-6,-8,-5,-17
-9,-10,-2,-23,-21,-13,0,-15,-5,8,-6,-8
-7,-4,-15,-25,-10,-12,1,-9,-19,5,0,2
-8,-23,-7,-23,0,-3,-6,5,-6,1,-7,7
-10,4,-10,0,-4,-11,-22,-21,-4,-11,-3,12
1,2,-6,3,-6,-21,-21,3,-16,15,-5,-2
1,5,0,0,0,13,-17,-3,-10,4,-15,-12
-9,-1,-3,-19,-9,5,-7,-18,-13,-3,-15,2
-13,-1,-19,5,-16,6,-16,-7,-23,-6,-15,-3
-21,-1,-20,-19,-9,12,-9,-18,-5,-2,0,-19
1,-16,-10,5,0,-18,-23,14,-24,-16,-10,11
-6,-11,-13,1,-3,-16,-15,-6,-2,-17,-8,15
-13,-9,-15,-13,-13,4,-11,22,-16,15,-1,7
-4,-10,0,-13,-11,-7,0,4,-16,2,0,4
1,20,-18,6,-19,17,-21,9,-4,5,-3,-3
-5,24,1,4,-12,-9,1,12,-12,0,-11,-9
1,-3,-12,0,-21,23,-1,-5,-17,24,-2,-3
1,-6,-14,9,-2,-1,-3,26,-1,0,-1,25
1,-2,-16,-8,-21,10,-23,28,-6,28,-6,26
1,1,-12,23,-16,26,-16,23,-21,-2,-13,16
1,3,-8,-5,-2,15,-11,19,-17,2,-10,-6
1,0,-2,4,-24,-5,-2,8,-17,21,1,26
-4,32,-1,24,1,4,-17,1,-19,8,-18,17
-7,26,-15,25,0,13,-11,24,-4,24,-5,26
-22,-1,-4,0,-5,6,-10,17,-5,15,-9,31
-4,22,-9,15,-23,34,-16,-2,-11,23,-18,25
-7,23,-16,15,-12,24,-21,3,-22,14,-14,-1
-7,22,-3,4,-8,22,-12,13,-10,18,-19,17
0,28,-24,32,-5,32,-8,32,-12,16,-4,0
-6,0,-2,-3,0,-2,1,-3,-3,-4,-1,-27
2,-4,-3,-2,-18,-25,0,1,2,-32,-13,-28
1,2,1,-2,1,-2,0,-30,0,1,-14,-1
1,2,-18,-3,-9,-24,0,-1,-22,-2,-9,-28
1,2,-12,-21,-19,1,-17,-29,-23,-10,0,1
-3,-27,0,-14,-16,-29,-5,-2,1,-20,-5,-15
-23,-9,-18,-28,2,-29,-12,-4,-9,-23,2,-9
-18,-6,-8,-17,-2,-23,-23,-23,-10,-8,-16,-14
-7,-14,0,-7,-3,-16,0,-3,-8,-27,-7,0
-6,-17,-6,6,-3,-24,-3,-24,2,-1,2,-4
-7,-28,-11,-28,-12,-15,-18,-3,-20,-28,2,-11
0,-26,-10,-6,-9,-24,-8,7,-12,-11,-17,-24
-7,-22,-16,-6,-1,12,-3,-17,-7,3,-18,5
-2,7,0,-12,-20,-8,-14,3,-3,5,-10,-6
-5,-24,-20,3,-4,-10,-11,2,-15,5,-10,0
-15,-4,-8,5,1,-13,-10,-7,0,-23,-20,12
-12,-1,-14,10,-14,-11,-13,2,0,-4,-19,-1
0,2,-7,13,-18,1,-3,0,-1,-7,-2,-13
-1,-5,-3,-6,-20,-7,-9,2,-23,6,-7,2
2,2,-20,-2,-16,7,-17,5,-11,-8,-3,12
-3,6,-6,3,-11,0,2,6,-4,-13,2,14
-4,15,-9,14,-12,17,-13,-8,-17,5,-11,1
-17,9,-11,11,-23,9,-2,15,-6,16,0,22
-23,16,-3,0,-2,18,-16,10,-6,15,-2,1
-2,-4,-10,3,-12,-11,-10,4,-4,-10,-12,4
1,-6,0,22,-19,19,-6,-2,-7,6,-12,15
1,-1,-11,-5,-11,-12,1,-7,-8,0,-6,3
1,-2,0,-3,1,2,-20,22,-21,1,-20,-6
1,-2,-2,28,-22,-4,-5,27,-12,15,-5,15
1,-3,2,-1,-9,8,-12,5,0,-4,-22,3
1,2,-5,30,1,23,2,8,-14,27,-19,25
1,-2,2,28,1,-1,-11,-2,0,0,2,30
0,-2,-16,-2,-16,-3,-20,4,-20,25,-13,22
-2,8,-6,17,-7,25,-16,3,-6,-2,-4,19
-11,20,1,16,-1,-4,-8,24,-10,21,-21,-1
-23,12,-15,23,-4,23,-20,9,-8,27,-7,24
-8,25,1,15,-10,11,-7,31,-7,5,-6,11
0,18,-3,29,-10,4,-13,29,-19,16,-21,34
-5,2,-8,13,-9,2,-3,30,-9,33,-18,17
2,-3,-2,-4,-3,-35,-11,-30,-3,0,0,-1
-5,-3,1,-15,0,-26,-4,-17,-12,-29,3,-27
2,-3,3,0,-4,2,-22,-2,-15,-20,-8,-32
2,-1,-16,-17,-1,-12,-13,-33,-21,-35,1,-28
-3,-22,3,-13,-22,-24,-2,-28,-6,2,-11,-21
-9,-22,-15,-19,-4,-5,-11,2,1,-9,-9,-12
-21,-31,2,-3,-16,-24,-9,-20,-1,-11,-19,5
0,0,-10,-8,-13,-23,-5,-26,-21,-29,-17,-16
1,0,-15,-22,-10,5,-1,-4,-6,5,-2,3
-19,-3,2,-5,-20,-10,-16,-17,-5,-8,3,-5
0,-9,-6,-27,-22,-19,-7,-11,1,5,-18,-11
-2,-13,-4,-24,-11,1,-7,-24,-1,-20,3,0
-5,-21,-7,-7,-4,-26,-5,0,-6,-18,-1,-4
-1,-5,0,-25,-13,-6,-1,7,-7,7,-9,0
-3,-2,-21,-6,-6,-22,-9,-18,-3,1,-9,2
2,-5,-14,11,-14,6,-20,-18,-21,-1,-10,5
-16,-1,-12,-18,-15,-16,-5,12,-16,-7,-5,-17
-2,7,-18,-16,-5,1,-19,-1,-6,-4,-17,1
-6,-15,3,10,-13,3,2,-7,-4,-14,-3,-14
-14,7,1,-18,-17,1,-6,-1,-10,-5,-12,15
2,2,-5,20,-2,-16,-8,-8,-15,12,-21,-7
-16,-2,-19,2,-5,-14,1,-14,0,9,-2,-7
0,9,-15,22,-11,17,-11,14,-20,-8,0,-16
-22,-1,-4,12,-18,11,-12,-4,3,4,-1,10
3,21,-1,6,-9,24,-17,1,-2,-8,1,12
1,-1,-18,25,-19,23,-1,-9,-13,21,-10,22
0,-6,-4,-7,-1,0,-13,-7,-22,-3,1,-3
2,1,-11,27,1,3,-7,18,1,-3,-8,4
1,-1,-5,18,-1,-10,-9,-8,-17,14,0,-3
1,-4,-3,25,-19,28,-2,25,2,25,-9,29
1,-2,-3,30,-18,26,-11,2,-11,29,0,-3
1,0,-7,1,1,-2,-13,23,-4,0,0,28
1,2,-18,24,-22,-3,-11,16,-1,29,-5,29
1,5,-7,31,-13,29,-16,11,-5,32,-7,9
-2,28,-10,15,-7,1,-11,5,-18,1,-14,15
-3,-1,-4,10,-22,8,-14,11,-2,-2,-20,33
-22,5,-1,13,-7,12,-10,23,-1,1,-4,10
-9,34,-20,17,0,26,-10,27,0,2,2,24
-4,15,-22,22,2,23,-13,16,-13,0,-6,13
2,-3,0,-1,0,-3,-18,-19,-4,-5,-6,-22
2,-1,-9,-28,2,1,-2,-24,-2,0,-1,-3
1,2,-9,-3,-4,-32,-11,-34,2,-32,-12,-2
1,2,3,-2,-1,3,-3,0,-2,1,-12,-29
1,1,-6,-1,-16,1,-9,4,-18,-29,-20,-13
-21,-11,-11,-10,-1,-27,-4,-5,-5,1,-5,-29
-1,-16,-6,-26,-7,-6,4,-31,-15,-24,-3,-24
-3,-15,-15,5,-6,-7,-20,-17,0,-31,-2,1
1,-7,1,-16,-21,-2,-11,-11,-1,-30,-21,-13
-8,0,-2,-6,-5,-11,-2,-9,4,0,-18,-10
-2,-9,4,-18,-4,-27,-6,-7,-5,-1,-5,10
-4,-12,-7,6,-1,4,-16,-24,-10,1,-1,-14
-5,-17,-6,-23,3,-11,-16,9,-19,-13,-14,7
3,-4,4,-25,-20,-13,-21,3,-16,1,-17,-7
-10,-8,-2,-4,2,-7,-6,-1,-16,-3,-1,-1
4,-5,-11,3,-5,-16,-8,-10,-9,-1,-15,-1
4,-21,-2,3,-8,6,4,7,-20,4,-13,-16
-12,5,-9,-4,-3,-8,-15,1,1,11,4,-7
1,1,0,-17,-2,1,-8,14,-1,13,-21,7
-12,-1,-2,-17,-18,-17,-8,18,-8,-2,-2,-16
-4,-2,-5,-11,-11,13,2,3,-5,4,-16,-13
-8,14,-20,-1,-8,15,-10,17,-4,5,-6,7
4,6,3,10,2,5,2,7,0,4,-3,14
-20,2,-11,0,-11,12,0,5,3,16,1,4
-8,-2,-14,8,-5,18,-18,24,3,8,-5,12
2,-2,-11,-3,-12,4,-2,25,-19,5,4,-4
0,-6,1,23,3,24,3,26,4,21,4,-7
1,1,-7,-5,-13,-1,4,25,1,1,-2,23
1,-1,-10,22,-18,14,-19,27,-19,20,4,-4
1,2,-3,28,-17,-5,-3,-4,-8,28,-18,23
1,2,-13,29,-5,2,-4,16,3,0,3,28
1,-2,2,30,-7,26,-11,26,-3,-3,-7,29
1,1,-8,26,-14,-4,-9,21,-16,32,-21,26
1,8,-6,19,-7,20,-5,0,-3,13,-21,20
-5,10,-18,24,-9,23,3,24,2,27,0,26
-11,24,-20,18,0,8,-2,11,-8,6,-12,29
-5,8,-2,28,-18,-1,-7,18,-2,16,3,29
2,26,-8,26,-9,18,-3,11,-6,28,-6,21
-4,1,-18,1,-1,12,-7,18,-21,7,0,20
1,-4,-3,-25,-17,-27,-2,-38,-16,-11,1,-3
1,-32,-18,-35,-2,-20,-12,-17,0,-2,3,-27
4,-32,2,-29,-6,-26,-16,-18,0,0,4,-31
5,-23,-8,-25,-13,-1,-14,-24,5,3,-2,3
4,-2,-2,-4,5,-14,-11,-3,-15,-14,-14,-15
-17,-31,-9,-2,2,-17,0,0,-8,-14,-19,-7
-3,-32,-17,-12,-5,-7,3,-19,-14,-7,0,-28
3,-16,-2,-22,-5,-2,-7,-30,4,-14,3,-4
0,-15,-16,-20,-10,-12,2,-26,1,2,-5,-7
-7,-2,0,-21,-16,1,4,-27,-7,-8,3,-16
-19,-3,0,-1,-3,-10,0,0,-3,3,-2,-24
1,-1,-3,5,-4,-5,-2,-26,-4,3,-9,0
4,-10,1,-7,-17,-1,-10,5,-1,-14,-1,-6
4,1,1,-3,-11,1,0,-5,-3,-7,-10,-22
-1,-24,5,-4,-1,-20,-13,3,5,-6,-8,-5
-5,-23,5,-21,-17,-8,-4,-22,-6,6,-1,-18
-10,7,2,3,-2,-4,-3,1,3,-19,4,-20
-3,-2,-9,-7,-1,3,5,9,-17,-17,4,9
-4,-1,1,7,-14,-19,-5,-7,-4,-18,0,9
-15,10,-16,-1,2,0,5,13,-17,0,2,-6
-13,-3,-4,0,4,1,5,-18,-5,8,-16,17
-3,4,-19,5,-15,-12,-11,-8,2,-16,-1,-2
-3,11,2,-3,4,-7,-7,17,2,-9,-11,-1
-13,-13,-13,-6,-7,19,-18,6,-7,-3,-9,-5
3,-11,-17,12,-11,23,2,-11,-5,23,-14,22
1,-2,-4,-7,-6,3,-14,-7,4,8,-2,11
-7,2,-10,-5,1,-2,3,14,-7,-9,-7,4
1,22,-3,1,-4,22,-19,-4,-16,4,-10,-9
-3,26,-8,-5,1,-1,2,6,3,20,-8,15
5,-5,-18,-9,-1,-2,-5,1,4,6,-5,4
2,0,-6,28,-2,0,-16,26,-9,0,-10,0
3,30,0,16,-10,13,-13,-1,-19,17,4,15
0,6,-16,14,-12,21,-18,6,-9,27,-11,-4
-1,8,-14,24,-8,11,-6,29,-15,1,-3,16
-10,15,-17,4,-7,26,-16,28,-4,21,-15,26
-2,14,-4,29,-3,8,-8,6,5,12,-10,34
2,22,1,30,-3,34,-18,12,-2,1,-5,30
-5,22,-20,0,-9,20,-4,6,-17,14,-16,19
2,1,3,5,-19,28,-6,17,-15,10,-4,35
1,-3,-2,-18,-7,-26,5,-1,5,-2,1,-1
1,-3,3,-3,6,0,6,-3,-12,-24,-10,-13
6,-30,5,-29,5,2,-18,-35,2,-2,2,-2
0,1,-14,-25,-17,-5,5,1,2,1,5,-1
-6,-19,-1,-11,-17,-21,5,-31,-19,-22,2,-1
-4,1,-18,-25,1,0,-3,-4,-11,-20,5,-15
-2,-22,-18,-15,-17,-6,0,-15,-1,0,4,-20
-17,-16,-18,3,-4,-19,-11,-1,-3,-15,-11,-8
1,-27,-4,-26,-16,-18,0,-12,-15,2,5,2
0,-11,-8,-9,-13,-7,-3,-13,4,-27,-17,-14
0,-12,-4,-16,-18,6,-15,-22,2,-3,0,-12
-1,-8,-17,-23,3,-7,5,4,-9,-20,-14,-11
0,-2,-16,-14,-11,11,0,-25,-17,7,4,-10
6,1,-5,3,-8,-7,-19,-12,4,-2,-5,-2
-4,-6,-19,-8,-3,-11,2,3,-18,-8,-18,4
-10,9,-9,5,4,8,-2,6,4,-4,-9,-5
6,1,0,6,4,8,-14,-9,4,7,-2,-20
-3,-4,-10,-5,-1,10,-14,8,-2,6,3,5
-15,6,3,-17,-4,-5,-6,-10,3,-18,-5,7
-19,9,0,-10,-5,0,0,-3,-14,-18,-11,-6
-14,-2,-19,-10,-17,0,-14,0,3,5,-15,-2
-8,9,-7,-13,0,-9,-5,14,-16,8,5,7
5,7,-2,0,-13,-11,-11,-1,6,-12,-14,13
3,12,-18,-10,-6,14,-16,-1,-3,-12,-8,1
-17,2,-12,2,-2,-5,-12,2,-10,10,-10,19
0,-2,-8,12,-7,2,-3,2,-8,-10,5,7
1,1,1,4,-6,-3,-4,6,-9,-1,-18,6
-7,-9,-3,10,-1,22,-4,13,4,5,-4,20
-8,24,6,12,-12,1,-2,8,-2,2,6,11
-6,1,-1,15,1,2,-14,14,-17,13,-11,11
1,-1,-17,22,-7,23,6,20,-4,28,6,14
-2,26,-4,31,-1,4,-11,3,1,11,-4,12
-8,12,2,30,-8,1,-19,32,6,19,-4,12
-7,22,-6,26,-14,32,-19,18,3,19,2,12
1,-4,-14,-1,6,9,2,15,-9,15,3,25
4,18,-4,28,2,-1,-17,23,0,17,-8,17
-2,18,-16,27,-12,29,-8,30,-7,5,-13,33
2,0,1,16,5,13,5,22,-11,32,2,12
-6,23,0,3,-11,20,2,23,4,26,-17,23
1,-4,-2,0,2,-3,-11,-9,5,-2,-1,-21
0,1,4,-32,4,-28,-18,-19,7,-2,6,-25
0,1,5,2,-7,-30,3,-1,7,0,7,-2
4,-31,-13,-34,7,1,-13,-8,-4,-28,6,3
2,-1,-11,-11,6,-4,-6,-26,-6,-14,-14,-22
4,-11,-7,-9,-2,5,-12,-23,-4,-5,-3,-6
-2,-26,-2,-17,-1,5,-3,-32,2,0,2,-21
7,-15,1,-2,2,-31,-18,-21,2,0,-2,-8
-7,-18,-11,-12,-7,-13,-4,-24,-9,-29,-17,-17
7,-29,-2,-10,1,-2,5,-12,7,-16,5,-15
1,-13,7,-4,4,-6,4,0,-1,0,4,-26
-2,-14,0,-11,-3,-9,-5,-8,-12,-4,1,-23
-1,0,-6,-4,1,-8,-5,-6,7,-4,1,-8
-2,-14,-9,6,-14,-19,-7,2,-15,-2,-16,-12
-9,-5,-6,-9,-9,7,-6,-7,-8,7,-5,-7
-18,4,-4,7,-10,-8,-3,2,1,-2,4,-8
3,-4,-17,-16,-2,-1,-1,-2,-11,0,1,0
1,0,3,8,-12,3,-17,-17,-11,17,-4,4
3,-4,-16,-7,7,8,-10,-14,-4,10,4,-16
3,-19,-12,-12,3,1,0,9,3,-11,-1,11
-1,11,-1,12,-18,14,-2,4,-17,-10,-7,-13
0,1,-17,2,-4,17,2,-16,-13,-1,-18,-4
-4,6,-9,-8,-10,8,0,-6,2,-1,-1,4
6,12,-7,1,-7,-13,5,13,-10,4,-9,-11
-6,11,-13,-8,-3,7,-4,21,4,13,0,-3
-3,2,-16,6,-11,-1,2,11,-1,3,-13,-10
-5,-10,0,13,-7,3,-8,4,-17,22,-9,24
-14,-10,2,-1,3,4,-10,27,7,0,2,-5
-12,0,7,19,-1,22,3,15,6,4,-5,-10
-7,-9,-16,16,2,1,-17,-1,-16,25,5,-8
-4,-5,0,-1,-5,10,4,28,7,-7,3,20
-4,29,-16,7,-1,19,5,23,-15,26,-4,24
-16,28,-15,-4,-1,27,-14,13,-13,23,1,3
-5,-1,-3,29,-5,26,5,24,-18,-1,3,21
0,1,-14,25,6,23,-2,23,6,26,-1,20
2,18,5,-3,-18,26,4,15,-2,17,5,25
2,-1,-5,14,-17,20,0,27,1,-1,-5,10
2,22,7,27,0,20,-18,5,-10,23,-16,9
-13,20,-17,4,-3,32,-7,20,-7,29,-8,7
1,-4,8,-31,-2,-15,-11,-10,1,-1,-2,-23
1,-1,6,-30,-7,-4,5,1,-13,-28,5,-1
1,-1,6,-2,3,0,-7,-16,5,2,2,0
4,1,-2,-30,3,-31,1,-31,1,-30,2,-5
4,-25,8,-31,-9,-15,1,-13,-2,-6,-9,-7
1,-25,0,-4,-6,-9,-17,-14,-17,-22,-3,-9
4,-2,-4,-7,-2,-4,-17,-29,-15,-30,7,-29
1,-9,-1,-17,-12,-5,-6,0,-4,-3,-1,-14
7,-1,-6,-15,-10,-10,-15,-10,-2,-24,-5,-4
-6,-14,5,1,-5,-9,-13,-9,1,-15,8,-28
4,-1,6,-3,-17,-11,-3,-25,4,-4,-4,3
-5,7,6,-7,-13,-22,-8,0,-4,-9,-12,-6
3,-4,1,-16,0,3,-7,0,-2,-3,-8,12
0,-8,-14,-1,4,-3,-3,7,0,-2,-14,-3
0,4,6,8,-2,-24,2,-13,-13,-6,8,5
-7,5,7,4,1,12,-9,-1,1,1,-4,-5
-5,8,3,4,-17,-18,-9,-5,1,9,-14,-9
-17,5,4,-3,-16,14,4,7,-17,-5,-12,-19
-1,6,-17,-3,4,-16,2,-1,7,12,5,2
8,5,4,14,8,-19,-7,-19,-14,9,-4,3
-1,-6,-3,8,0,-8,-1,-14,-16,-6,-5,12
-5,14,-4,-3,-8,18,-14,-4,-6,-2,8,-2
-16,11,4,5,-11,-1,-14,8,-13,-4,2,-16
-5,2,-6,12,-15,21,-17,17,4,8,-16,2
-11,-13,-14,1,0,13,-15,2,-1,0,3,14
-14,-1,-15,-5,4,-6,-4,15,3,15,5,15
-1,13,1,-11,1,-8,-2,25,-11,15,6,17
-1,19,-16,27,7,17,-14,23,-13,24,-10,19
-13,11,-1,7,-16,-10,-4,-3,-16,-4,-12,4
5,8,-6,14,-9,13,2,-3,-12,10,1,-7
5,6,5,-2,-14,-3,-7,-2,8,-1,-17,3
8,23,-3,8,-6,28,-8,10,-15,28,-13,29
0,8,-4,31,-2,14,1,27,3,21,-15,26
-15,24,4,2,-1,6,8,8,-2,29,-11,11
7,-2,2,7,-3,23,-13,7,6,23,2,23
4,22,8,29,-7,4,2,26,6,-2,-12,5
4,21,3,17,-1,13,-4,23,-3,11,1,7
-4,21,-12,21,2,18,2,1,-6,31,4,0
6,17,-16,0,0,21,-11,31,-14,26,-17,21
7,0,5,-29,-1,-4,3,-29,1,-29,1,-7
5,1,-14,1,-12,-4,3,-7,-7,-4,4,-29
5,-1,-1,-34,7,-17,-8,-5,2,0,1,-2
-3,-19,1,-2,1,-29,-6,2,8,-26,-9,-7
5,-27,5,-6,1,-19,-15,-3,0,-24,-14,-28
9,-2,-10,-16,-9,-33,5,-18,-9,-8,-7,-7
-9,-14,-3,-10,-8,1,-1,-18,1,-8,-4,-20
-3,3,-2,-11,5,-12,-7,-6,2,-6,-15,-21
-8,-7,-12,-13,-2,7,-13,-29,-6,5,-12,2
3,0,4,-5,-1,-28,-16,1,-1,-14,-5,-10
-11,7,6,3,-15,-21,6,-19,4,-5,-3,1
0,-5,-12,-19,3,-22,-14,-20,1,-22,3,6
-16,-1,-9,7,-15,-9,4,-8,-4,-21,-8,-9
-6,1,-14,-4,-3,-22,0,11,7,-8,7,-22
6,5,-7,-3,3,5,-9,12,0,9,-7,-3
-4,6,-2,-5,-4,2,-1,-18,-4,13,0,8
0,5,-6,-1,-8,1,-10,-18,-5,-1,-14,-10
-5,7,-13,-15,-8,-8,8,-5,-12,-13,-13,15
5,-1,0,7,-3,-10,-9,-9,-14,-3,-1,-19
-7,10,4,14,-16,19,-13,6,-4,7,-10,10
7,7,8,-3,-2,17,-5,19,-14,2,-11,-14
2,6,2,12,9,7,-9,6,-3,2,3,-16
-1,19,-6,-14,-6,22,3,21,-11,11,-16,-7
-1,18,5,1,-8,10,6,-13,-6,21,1,10
1,-11,9,17,3,-1,-4,18,-16,21,7,-3
9,6,-12,1,-4,8,-10,25,-9,-7,-3,-7
1,-3,-11,23,1,22,0,0,1,-4,-9,26
-7,12,1,-6,-1,27,-16,26,4,-3,-12,-6
-4,18,2,10,-2,-1,-2,5,-16,3,2,10
-9,10,-5,-1,-4,25,8,5,-16,8,0,27
-6,22,5,16,4,19,-12,21,4,30,-12,0
1,-5,-10,24,-9,15,5,-5,-2,7,-13,13
7,14,-14,23,-4,5,4,30,5,4,8,9
9,24,1,3,1,30,-15,25,3,26,-2,27
2,25,-13,12,-5,-4,-12,29,-8,19,-7,18
7,26,-9,7,-2,4,-4,7,-1,10,-3,20
0,6,-2,3,-14,0,-9,13,2,11,-9,30
-16,1,-2,16,-15,24,-14,14,0,20,9,15
2,9,-1,25,1,8,3,7,-6,26,-16,14
-2,-31,-1,-3,10,-24,5,-19,-7,-35,-14,-33
5,-29,4,-37,8,-5,-11,-23,-9,-26,1,-9
-3,-3,3,-32,1,1,5,-22,-5,-7,3,-19
-7,-29,-5,-4,6,-8,-11,-9,-10,2,4,-33
-3,4,-3,-6,3,-22,1,-20,0,-30,-3,-31
-12,-26,3,-31,2,-10,-9,-33,-1,-11,2,-29
-12,-2,-8,-8,5,-29,-10,0,-1,-9,-9,1
-14,-18,8,-29,2,-26,-6,4,10,-15,3,-10
-7,-12,1,-4,8,-23,-12,-19,-11,-24,-9,-20
-13,-28,1,6,-12,-26,-4,-4,6,-15,-12,-3
-10,-2,-13,8,-10,1,2,-3,-6,-12,10,2
9,-10,-13,-12,8,1,5,-2,-8,-10,-12,0
0,4,3,-11,-8,3,3,-10,-8,-11,5,-21
-1,-5,-13,-9,3,-22,-6,-4,3,-9,1,-11
5,-7,-5,-8,-5,13,-12,-9,-9,13,-3,-1
-8,0,-15,-5,-15,4,3,0,4,6,-4,0
-8,-1,8,11,9,-11,2,9,6,-18,9,1
-8,8,-11,0,10,-3,1,-13,-11,-1,-7,13
8,8,-2,0,-12,8,5,-20,-7,5,-3,-3
1,10,10,7,-13,4,-6,17,3,3,-1,1
8,-16,3,-4,-2,4,9,-7,0,-4,5,-9
9,-17,0,-8,-2,18,9,5,-8,14,3,10
8,2,4,-10,-14,0,1,-10,-2,-3,-5,0
-9,11,-14,5,-11,-13,9,-11,0,-15,-9,11
0,8,6,-3,-15,-9,3,8,-7,23,-5,-10
0,8,-7,-10,4,4,-7,-5,1,-2,-9,-9
-4,5,-7,-8,-11,26,8,20,3,-11,1,-12
1,12,-5,25,-4,-7,5,-7,-3,18,1,-2
1,10,7,5,3,6,-1,-6,10,21,-12,-8
9,6,2,17,-2,7,7,-4,8,12,-6,22
2,16,8,9,8,19,-7,-1,1,-2,0,-3
-8,19,-14,-5,-11,5,6,3,-12,30,-11,-5
7,12,0,31,-10,9,5,20,-5,3,3,-6
3,-4,8,21,6,26,4,27,7,28,-3,8
8,22,2,0,-5,22,-2,-1,-8,1,1,20
5,15,-3,27,0,0,-2,33,-10,10,3,4
-6,13,-10,21,-8,17,-10,3,-2,8,8,-2
9,23,-3,15,-7,4,-10,6,-9,8,-13,17
-3,21,1,20,8,1,-7,34,-4,6,-6,3
-11,0,-6,-2,-4,-36,2,-28,0,-2,-14,-14
-9,-14,-1,-11,2,-9,-11,-15,-13,-27,-3,-28
11,-8,-10,-8,4,-26,-3,-13,-5,-31,-5,-28
5,-4,0,-10,-12,-28,10,-18,-8,-2,11,-15
-14,-33,0,-21,2,-30,7,-34,-11,-23,4,-2
-11,-16,0,-14,-8,-21,7,-28,-10,-11,8,-9
-8,-8,4,-1,-13,-12,3,-2,-9,-29,6,-18
-14,7,-1,-3,6,-5,10,-6,-5,-1,-13,-12
10,1,-9,-22,6,0,8,-5,-3,-17,-2,-26
7,-14,-8,-23,10,-24,-6,-3,0,-14,-9,8
10,-27,8,1,6,-8,11,-10,-10,10,-8,2
2,4,-7,-24,-1,-13,7,-9,6,-20,-14,-23
7,5,4,7,2,1,4,-7,-4,-3,-2,-6
10,-3,-8,5,5,-2,4,-8,1,-18,2,-15
8,8,-3,2,-11,5,-6,-20,10,-5,4,4
-5,-21,6,-23,-2,5,9,-22,-9,0,-11,-20
-8,-3,-2,-2,8,-5,6,-19,-10,-20,1,7
-2,1,-4,9,-4,13,-11,8,-12,-16,7,2
-12,8,-2,9,-1,17,-12,11,9,5,4,-6
7,-17,3,-13,-8,-12,1,3,8,-2,1,2
-3,11,-12,-1,-1,2,-8,1,1,-13,-12,-2
4,-14,-14,10,-6,11,-6,2,-10,4,-8,-15
-2,16,7,-15,6,16,-1,-7,3,-14,6,1
1,-7,8,1,5,10,-1,-4,7,2,-2,0
-13,-10,-1,16,-10,2,5,-11,8,6,7,18
-6,16,5,-12,-2,4,-14,12,8,12,-12,13
0,15,9,2,1,21,4,14,10,-10,1,18
-7,-5,-9,9,2,18,7,-2,-13,17,-2,23
-2,3,-12,22,-4,20,-5,24,-11,2,-6,23
0,17,-10,25,9,-7,-7,0,-13,10,4,-8
0,29,-8,29,4,15,-1,16,6,-3,-10,-7
-5,26,-10,17,-8,14,-9,9,-6,0,-14,5
5,4,-14,6,6,23,2,20,-1,16,7,3
-3,31,-13,2,4,27,7,3,-4,11,-7,19
-2,-1,-14,30,-10,16,7,10,-10,22,-7,10
-3,11,-8,11,1,3,8,18,-3,31,-11,1
6,2,-9,29,-1,15,-3,31,7,10,-8,36
1,11,1,22,4,29,9,1,-12,14,0,-1
1,3,7,10,0,22,-2,20,-4,3,11,18
-8,-7,0,-37,5,-11,5,-11,6,-5,-12,-1
-9,1,-5,-13,2,-35,4,-25,11,-9,-5,-9
-13,1,-12,-23,-8,-20,-4,-18,6,-21,-3,-3
-6,-31,2,-20,9,-9,0,-27,-8,-35,3,-15
0,2,-6,-4,0,-15,-9,-34,-8,-25,-3,-22
5,-2,9,-15,8,-17,12,-2,-8,-8,-13,-25
1,0,-13,-28,-9,-8,5,-18,5,2,-8,-20
1,3,-5,1,-4,2,0,1,-5,-27,-4,-22
-2,-29,11,-22,-12,-21,12,-3,-5,2,-5,-27
-2,-27,-12,-20,7,-20,-6,-9,12,5,-10,-15
7,1,7,-16,-2,-2,-11,-22,4,-21,6,0
-10,10,0,2,-4,-13,5,5,7,-23,8,-8
-8,-12,-13,-15,4,-2,9,-26,-2,0,3,-10
-2,-14,-11,-13,-11,2,1,5,2,-4,-8,-2
-12,-22,12,-20,-7,4,2,-12,11,-24,10,-6
2,2,11,-2,1,13,3,11,-7,-3,6,-10
2,4,6,-18,5,2,1,6,-10,0,10,-3
9,-19,6,11,3,-13,9,3,-8,13,-3,2
-5,1,3,13,3,6,-8,16,12,6,4,8
-3,2,-11,1,-3,3,-4,-4,8,-6,2,9
-12,-3,-7,8,3,7,-9,-13,7,2,7,3
11,13,-7,-2,-13,7,-7,19,6,13,-4,2
1,-16,4,20,-13,-1,-6,18,-10,1,11,-7
1,-14,-1,21,-2,-7,-10,3,-2,20,0,12
2,18,7,17,-10,16,9,-13,-2,-2,1,4
-7,9,3,11,-10,5,6,13,-6,-10,2,23
0,18,-5,7,-7,-9,11,20,10,20,-6,9
1,1,-5,1,-3,-5,11,13,2,0,-2,24
1,1,-6,-5,1,-2,-6,27,11,16,9,15
1,-4,4,0,1,-3,-13,-2,0,7,4,9
1,8,-9,4,9,5,8,16,-8,-3,9,-2
2,7,11,3,-6,28,-2,19,-13,-6,-3,6
0,0,7,32,10,17,0,-2,-6,1,-3,-6
-2,28,9,7,10,24,6,26,8,13,1,30
-2,28,1,28,3,2,0,1,-9,30,12,22
1,-1,-4,2,-13,23,3,14,-10,10,-10,26
2,14,-10,33,4,15,-12,27,-13,16,-1,34
12,2,-4,34,-7,15,0,29,1,33,-6,36
3,37,-13,3,6,11,1,29,5,19,-6,26
-9,-19,-8,-2,8,-31,-8,-36,-11,-1,-3,-38
-4,-26,12,1,-4,-21,2,-18,-6,-31,-12,-8
-5,-24,-12,2,7,-2,6,-11,-12,-33,-5,-27
2,3,-11,0,5,-35,-1,-19,-1,-25,-6,-35
-1,-24,0,-32,1,-7,2,-33,12,-28,-5,0
-1,-8,-7,-15,-8,-4,3,-31,-11,-12,-2,-14
7,-27,-5,-26,11,-29,-6,-7,-12,-5,-8,-28
2,-6,3,-15,4,-14,2,-22,3,-15,-11,0
11,-30,-11,-29,-11,6,5,2,-5,-16,-11,-22
-11,-13,-6,-26,-1,-10,-4,8,-10,-22,-11,4
2,2,7,-4,-4,-7,-12,-14,10,-7,6,-25
6,-3,-1,3,-2,2,13,-6,1,-7,-9,-9
-2,-2,3,-4,3,-7,4,-7,13,1,-2,-5
9,4,-1,-18,13,2,3,5,4,-2,2,-6
2,-5,-12,0,0,6,10,-10,-1,-4,13,-21
5,-16,11,5,4,11,9,-1,-1,1,-6,-16
-11,-1,-11,1,3,-6,-12,2,6,1,7,-10
5,-3,0,3,-6,4,-7,12,-3,-18,-12,5
-7,-3,10,7,13,-1,-9,-11,0,-19,-8,3
9,2,11,-1,-10,-2,3,19,-2,-15,6,10
-12,2,-2,-13,-10,6,2,-5,8,7,-5,0
0,-11,-5,-2,7,11,13,-14,-6,2,-3,1
13,-2,9,-12,12,-15,12,-10,10,19,-9,-5
8,-5,-7,13,3,-6,12,11,2,-7,-2,0
0,-10,-2,8,-7,-12,9,3,-10,18,-1,-10
6,12,-6,8,1,-13,3,3,0,8,9,-8
-12,-12,-5,7,10,16,-3,14,1,19,11,21
1,-2,12,-11,7,20,11,7,-7,11,4,-6
2,-1,-2,28,9,22,1,11,-3,17,1,1
2,1,-3,20,9,19,3,26,-8,2,-7,4
2,5,2,29,9,17,-12,19,6,25,-10,30
1,-2,12,18,5,21,3,-1,-5,26,-9,24
1,19,1,4,6,13,-6,15,2,12,-7,32
1,28,5,12,4,19,6,6,5,-4,4,10
0,1,0,21,-2,-1,-5,18,4,33,-12,-4
3,8,5,31,-10,0,7,32,0,27,13,32
0,7,-2,4,10,10,2,10,-1,3,0,35
1,-1,-7,32,11,23,-8,22,-6,35,-12,5
7,8,-4,38,-11,15,11,4,1,8,-9,8
0,0,-6,-27,12,-26,10,-37,12,-32,-4,-28
2,-34,-3,-24,0,-7,7,-30,9,0,-6,-3
2,-4,0,-31,1,-4,-4,-23,-9,-27,2,-4
1,1,7,1,14,-6,-8,2,-11,-25,2,-25
1,-19,12,-25,6,-20,-9,-25,10,4,-8,-4
8,-30,-2,-22,-8,-24,-1,-30,-5,1,2,-30
1,3,10,-1,14,-25,-5,2,-4,-30,14,6
1,6,11,-22,-7,6,-8,-4,12,-22,-4,5
1,-14,4,-30,5,-16,-7,-23,-8,8,5,-19
3,-14,-2,5,4,-2,4,3,-3,-18,3,-16
3,-21,8,-11,5,-27,8,0,-3,2,-4,-20
8,-10,13,-24,11,-26,11,-10,8,-14,1,-6
-11,-17,0,-9,10,-8,-10,-11,4,-17,-7,3
8,-24,12,6,-5,-6,3,-17,8,-11,-2,5
13,1,-2,2,1,-1,-3,-12,7,5,-11,4
-9,2,13,-9,5,12,-8,13,11,-1,3,-1
11,4,2,2,0,10,10,-1,-5,-6,-6,-22
11,-21,8,12,8,-19,-3,8,-6,-4,-5,0
-9,7,2,-14,9,-1,-3,-4,5,-15,-5,-3
4,5,3,8,-1,-19,-10,-2,-7,10,13,-18
8,8,-6,8,-9,-14,6,4,-5,3,-9,10
3,-13,-8,-17,0,10,5,18,4,-7,-7,-6
0,19,-6,18,12,0,9,15,-10,13,-2,21
7,-2,9,17,9,7,-6,5,9,6,-7,4
11,14,5,14,14,17,-5,4,-1,16,9,-2
10,4,-4,14,-1,2,-8,-5,5,18,3,4
1,-12,-8,22,7,24,-7,12,6,-2,-7,26
-3,19,-4,-9,-9,-10,-4,3,-7,-10,12,19
1,-9,8,6,-6,20,11,1,-9,11,11,-2
0,4,-1,28,-8,7,-11,0,-2,11,3,21
-9,4,3,8,-2,4,-1,4,-2,20,5,21
-2,17,-3,23,-10,-6,1,-7,3,-4,11,-6
4,-4,-6,7,13,23,9,9,-3,22,6,5
1,2,6,6,-4,4,-11,30,-8,31,-5,26
-3,9,1,30,14,34,0,34,0,-3,-8,30
-11,13,-10,33,-10,11,11,29,-2,3,6,0
12,30,-5,3,-10,16,4,7,2,-1,-9,2
-3,23,1,10,-6,0,-7,30,13,4,-6,35
-4,0,-5,25,-9,16,6,6,3,25,0,8
5,-25,-2,-29,1,-33,-8,-38,14,-13,-9,-15
6,-1,8,-9,2,-24,-9,-31,-3,-3,-10,-18
8,-10,-1,-9,13,-3,-10,-34,15,-13,2,-3
9,-29,-7,3,-6,-18,-5,-16,-8,-34,-3,-29
9,-1,-9,3,15,-4,15,-20,4,-13,-3,-21
6,5,-5,-33,-10,-13,10,-16,7,-20,-7,-32
10,-21,-4,-21,11,-26,4,-6,7,-13,-6,-7
2,-11,5,4,9,-25,5,-20,2,-7,-7,-24
3,-22,-6,1,8,-4,2,-6,-7,-14,13,-24
4,-23,6,-25,1,-13,-8,0,-3,0,-9,-28
4,-14,0,7,6,8,3,-11,-10,9,3,-21
9,0,10,-5,1,4,-10,-5,0,-9,-2,-5
-1,1,10,-23,3,-19,12,-4,-3,-8,13,-1
1,6,15,-9,6,-22,2,-4,-8,2,-5,1
1,3,12,-5,7,6,9,0,15,-22,-4,-6
2,0,12,10,-7,15,6,5,15,9,-1,-9
0,-6,4,0,7,9,9,11,15,8,-2,-10
8,-7,8,-3,10,0,-7,-5,4,-1,-2,-3
-4,-3,15,-1,15,6,7,-1,-10,14,1,-3
4,-2,-10,6,-8,18,12,14,8,-7,13,1
-5,1,-8,9,-1,-16,8,-3,1,9,7,11
1,-9,-6,-13,-4,12,12,17,9,-7,2,-11
5,12,-3,5,8,9,15,4,6,16,12,7
5,4,-9,12,-2,-4,7,2,13,-1,1,11
15,6,-9,14,7,24,4,10,11,14,-6,1
-1,15,1,8,-1,12,-9,9,7,12,-9,11
9,2,10,1,15,-11,2,7,7,17,-2,-7
3,-10,4,-4,8,-5,10,12,14,27,-9,-8
0,4,-4,23,0,1,2,27,11,-4,0,21
0,0,12,-1,1,1,13,1,-7,12,-5,18
-9,4,0,3,-10,4,-10,18,4,3,-4,19
-2,5,-5,30,-10,27,3,24,3,0,-3,28
-3,8,-7,26,-7,26,9,-1,-1,30,1,-6
-5,3,0,29,2,5,13,0,-4,33,-1,23
-1,21,10,14,-8,30,-8,32,2,-2,5,6
-9,8,-10,3,10,31,-4,14,8,27,-9,27
0,33,-4,-2,12,16,-8,36,-7,1,7,14
8,31,-1,35,-10,6,-9,-1,15,8,0,19
1,5,3,7,-3,14,1,12,2,3,-4,5
3,-27,4,-5,9,-31,5,-13,-4,-8,-3,-37
11,-28,9,-31,1,-16,13,-24,-8,-20,6,-26
3,-28,14,-25,16,-4,5,-34,13,-28,-2,-25
7,0,-4,-5,9,-21,1,-17,-7,-6,8,-26
-7,-21,8,-33,-3,-3,6,-3,1,-28,3,-26
-6,-24,-7,2,7,-21,15,-32,4,3,-7,-14
11,-2,-6,-9,-6,-32,8,5,12,-10,2,0
-3,-19,10,6,0,-3,-6,-14,-9,2,12,-2
-7,-20,15,-18,-7,-2,12,-24,13,-2,3,-23
2,-26,4,5,-6,2,-2,-27,-6,-11,5,-20
4,9,7,1,0,-23,13,-21,1,-23,-1,-3
-8,-20,-3,-5,15,-7,11,5,9,-6,-9,-11
9,-16,15,-3,6,-22,8,1,7,-17,8,-19
7,-7,10,2,-8,1,-2,-13,15,-1,9,-2
7,-23,9,-24,0,-21,2,-24,-1,-4,0,-12
1,0,13,-21,13,7,-5,15,-8,-16,-8,-23
11,5,-5,-6,6,-15,-3,-13,11,-20,3,5
-6,14,-4,-5,1,2,16,-16,15,-18,-2,-2
-8,8,13,12,-5,-1,15,13,3,7,2,11
11,-17,0,3,-2,8,-6,-16,-2,5,-5,7
-7,-18,-8,7,10,18,-6,-14,5,14,8,9
2,7,15,15,-3,1,1,-3,6,0,-3,-2
0,0,0,-12,8,-4,5,11,-8,-13,-8,18
0,7,12,-2,12,-12,11,-8,13,14,11,4
9,7,-2,15,5,-9,6,-6,-4,18,-5,-11
0,8,12,10,5,17,16,13,0,6,11,12
14,10,15,1,16,-4,-3,-5,-7,14,-2,10
-1,3,-6,7,3,26,4,12,-9,-6,-8,-4
1,0,4,-1,-1,22,7,13,5,0,-1,0
1,-6,-3,4,-8,18,8,-9,-6,20,3,-4
1,28,16,7,-8,-5,-4,30,-6,1,-8,28
1,31,0,0,13,28,7,18,4,7,-2,-2
-1,28,4,-3,-1,-4,2,0,1,14,0,7
6,5,15,6,12,8,4,-5,-9,33,0,24
1,30,10,14,-3,33,-5,23,0,5,-7,7
4,16,11,33,-9,27,-2,1,-1,32,-5,28
0,4,1,6,13,1,15,8,-1,24,-2,2
0,2,2,9,-3,22,12,10,-3,9,4,32
-5,31,-1,14,1,35,13,8,-4,8,8,0
11,-34,-1,-31,-8,-32,-1,-38,6,-33,7,-36
-7,-28,-5,-27,4,-30,-3,-29,-2,-19,-6,-30
-4,-31,3,-8,-2,-3,3,-32,-4,0,15,-31
0,1,2,-6,-1,-3,2,-20,11,-8,7,-2
-4,-10,14,-24,2,2,3,-13,4,-25,-8,4
10,-3,-1,-16,-6,-28,3,-9,3,-29,-6,-3
2,-30,-5,-25,4,-24,2,-5,0,-20,2,0
11,-3,-4,-28,15,6,-8,5,-7,-30,3,-9
3,-24,0,-5,0,8,-6,-20,11,-23,16,-19
-5,-9,10,5,4,-15,10,-5,-7,-6,7,-17
7,-21,8,9,11,-12,3,8,-1,7,-5,-4
2,10,5,8,6,-3,-2,5,4,-17,0,9
6,9,4,-13,-2,-9,-1,5,-2,-21,0,4
-4,-7,-6,3,12,-10,14,1,8,3,3,5
10,-4,-7,-10,12,-7,16,-4,9,11,6,-18
12,3,-5,-20,12,-22,0,-18,2,-23,14,-6
14,8,2,5,-3,2,4,-6,9,-18,-1,9
-2,-7,-7,-9,12,4,-3,-17,16,-1,14,-7
7,11,-8,8,7,10,-6,13,5,14,12,10
-1,3,7,7,5,-15,9,-3,-7,-4,3,-5
-8,-5,11,-4,-5,-12,7,18,1,-14,2,4
13,11,0,6,-4,-16,12,-9,4,1,-6,10
-2,4,3,21,14,-14,17,-7,17,-4,-1,11
3,7,-6,11,15,-7,-2,-7,2,2,10,16
11,9,0,4,14,18,12,-4,1,12,10,-1
-1,15,-2,25,15,13,-7,-8,16,3,-4,-7
6,12,0,10,-2,-6,13,-5,7,7,14,-9
-5,10,-8,-11,15,2,17,11,-3,4,-2,1
-4,4,11,12,-1,27,4,20,17,-4,2,-4
11,0,-3,3,0,-9,8,11,-5,-7,-1,-9
-3,4,9,16,-2,26,-4,1,10,0,-2,1
0,30,2,18,-1,26,13,29,7,18,8,30
17,9,0,2,-4,21,15,31,-1,-5,-2,2
0,4,15,1,8,0,5,10,-4,-5,-8,-2
-2,9,-7,27,-6,28,-6,4,12,20,-2,7
2,4,8,8,-5,5,-4,0,-4,10,9,11
-4,32,14,26,-8,21,-1,1,-2,11,12,13
-3,21,3,1,-1,27,10,1,15,37,-8,29
-7,18,-2,8,7,36,-7,26,16,27,4,0
-7,-35,13,-31,16,-32,5,-20,-3,-24,18,-26
2,-2,18,-25,2,-10,15,-31,-1,-2,12,-11
7,-18,13,-30,0,-31,4,-29,4,-29,9,-3
8,-26,1,-24,16,-31,5,-31,8,0,10,1
8,-33,4,-34,12,-19,-1,-1,12,-32,-5,-14
1,-29,-7,-4,-6,5,12,-12,-1,-3,2,-13
3,-21,0,-31,10,-16,17,2,13,-29,7,-20
0,-7,4,-20,0,-24,-2,-14,-6,-20,18,-23
1,-29,4,4,10,-11,3,-29,17,-23,0,-5
1,4,6,-14,7,-29,6,-3,2,-22,1,-14
-3,4,8,-18,-2,8,-6,-10,-5,-25,6,-15
-2,-22,2,-21,-2,-16,14,6,-7,2,-5,-13
-2,-22,-6,-11,18,-17,1,-24,-2,9,1,-25
-3,-5,10,6,15,11,16,0,15,-19,18,-25
-1,5,-7,7,5,-2,17,3,9,-24,-5,-22
6,1,-4,-10,17,-20,14,-20,15,-19,4,13
9,2,15,0,17,2,12,0,12,2,17,-6
1,11,6,17,18,-6,-3,-17,2,10,6,-19
-1,3,3,-2,14,10,-3,8,14,7,15,0
1,-2,6,4,6,-17,13,19,3,-17,-3,-19
-3,11,3,1,17,-2,0,-8,17,-14,-4,-2
-7,2,17,-16,-5,-6,13,-4,-3,13,0,6
3,4,-2,8,-2,-16,18,-10,6,22,-7,-11
1,12,7,6,16,-15,1,-4,13,7,0,14
9,-7,-2,15,11,-13,2,-2,18,3,5,10
0,14,11,4,18,21,2,1,-1,13,-3,-3
16,12,-3,14,16,3,-6,-3,12,-12,1,9
0,-2,-4,26,-2,-2,14,1,4,3,7,10
6,28,2,4,17,-6,1,-1,17,27,13,-3
4,-5,7,-9,-5,-3,-3,4,9,4,7,-4
2,-3,17,28,-1,12,-4,24,18,-5,-7,-6
-3,0,6,-5,2,6,3,-2,7,-6,-6,25
-4,4,8,1,2,10,15,14,-2,-2,1,31
14,17,-6,-2,7,7,10,3,-4,5,9,1
10,26,13,25,-5,8,2,34,-2,7,3,23
-6,34,-1,-1,-3,33,-3,19,5,5,14,15
-2,5,-6,31,-1,12,-5,33,4,9,-1,4
-3,12,10,9,15,24,5,35,14,28,-1,24
-3,19,8,11,15,7,14,16,12,22,17,29
3,-34,8,-36,-3,-4,3,-37,-5,-2,8,-5
1,-7,11,-18,8,-16,19,1,4,-36,18,-29
-4,-27,2,-30,5,-35,17,-24,0,-8,2,-20
4,-27,-2,-2,4,-11,6,-24,5,-5,18,-18
-1,-19,10,-29,3,-30,5,-15,-5,-7,3,-9
-1,-20,4,-1,4,-17,19,-14,16,-17,-1,-5
-4,-24,16,6,-3,-5,19,1,7,0,-1,-8
13,-24,2,-3,6,-30,10,7,5,-9,10,-6
2,-30,-1,-15,-1,-2,10,-6,-5,-26,-6,7
10,3,8,-15,-4,-7,6,-22,0,-28,11,-23
-4,-17,8,-25,8,-8,5,-25,0,-25,-6,8
-5,-21,15,-2,16,-19,4,7,14,-16,-2,0
-2,-17,5,-17,4,-18,3,7,2,8,16,8
10,-10,16,-4,-2,-22,6,4,2,-7,14,-5
0,4,2,-17,-6,12,-1,4,-1,4,-5,5
-2,4,12,-2,4,-19,13,-15,2,-18,17,11
4,0,0,-3,8,9,11,-9,13,-11,16,5
4,11,18,-5,14,16,-1,-21,10,3,17,-6
4,-14,-4,13,17,5,3,-14,10,-2,11,-10
-5,7,1,9,8,-15,-3,16,3,-4,2,10
7,2,10,5,-2,-7,-2,3,18,-7,10,-16
9,12,-6,9,-6,-3,9,9,15,16,18,-4
-2,12,6,-2,-4,17,7,19,7,-14,17,8
7,13,5,4,-1,-1,13,21,4,-5,1,0
5,-5,2,15,10,-14,-6,15,16,17,12,8
10,15,9,16,16,2,14,22,2,2,11,6
13,8,19,2,-5,7,13,0,-2,25,6,19
2,-1,4,3,4,2,18,10,3,21,9,-11
0,-2,0,-1,16,14,-5,9,2,-8,7,-9
2,22,2,-8,4,1,16,20,6,6,-3,14
3,23,11,7,6,30,1,18,-2,-1,-1,24
-1,-6,8,5,14,16,-5,17,4,25,12,27
-4,-4,19,5,3,14,6,25,-5,3,15,21
-4,32,0,18,8,8,19,2,16,0,9,33
-1,7,6,-1,19,0,-2,26,-6,19,-4,21
7,14,-3,33,14,21,-4,25,7,1,6,8
-5,8,18,35,4,12,-6,31,4,36,-5,36
-3,32,17,9,4,24,-5,1,2,0,-6,6
3,36,-6,30,-1,33,4,35,5,0,-4,5
10,-34,0,-31,-2,-12,2,-10,14,-12,12,-12
-2,-5,2,-26,14,-7,-3,-35,1,-37,-5,-27
-5,-31,-3,-30,1,-6,5,-11,7,-4,-2,-30
-5,-1,-5,-22,-5,-19,15,-19,6,-12,-5,-13
2,3,9,0,6,-23,2,-4,-2,-7,11,-16
5,-32,7,5,4,-3,18,0,5,4,-4,-13
1,-23,-3,5,4,0,18,-24,-3,-9,3,-1
-5,4,1,-21,-5,-13,7,-18,9,-25,6,-20
-3,6,0,-21,17,-16,-1,-5,9,-3,2,-29
-2,-5,6,-28,-3,-29,-5,-24,1,-12,4,-28
16,-14,-1,-22,8,-3,15,-26,15,-16,-5,3
-3,-22,0,9,-1,-19,18,-8,5,-13,8,8
2,-19,2,-1,-5,-26,4,-19,-5,-6,20,5
9,-4,10,2,11,-9,0,-11,20,-4,-4,-9
1,-8,14,-12,-2,-14,-4,3,2,2,3,14
5,-6,3,4,5,-14,7,12,-3,-23,16,-8
6,1,11,-14,1,5,7,-20,1,9,10,-15
9,8,19,-3,10,1,-4,-8,-3,7,6,-6
18,-6,5,-7,5,-1,17,3,13,-5,12,17
11,14,10,1,10,-11,18,-19,-3,6,-2,9
11,16,18,11,19,14,10,-3,10,9,0,1
3,-2,18,-14,18,-8,14,-13,-5,-11,-4,8
4,4,1,12,-2,6,2,17,-4,-3,12,-8
3,7,4,0,-1,-15,18,0,-1,1,17,18
12,-8,14,1,8,7,10,13,-3,5,-5,21
1,14,4,4,9,25,17,6,10,9,11,-12
-2,16,10,18,2,1,-3,12,11,-11,16,-10
-2,-5,16,6,5,21,-1,-3,1,-4,14,-3
4,-3,12,-3,2,28,5,3,-3,-4,6,27
-3,11,0,18,4,-9,13,29,14,-1,9,7
2,28,0,30,3,-4,14,26,-1,25,10,-2
4,-7,-1,20,1,25,0,2,-1,18,-4,15
5,-2,17,30,-5,31,9,32,4,12,3,29
-2,18,2,26,19,12,3,16,6,33,5,5
-5,0,-5,11,1,6,6,25,11,8,-3,33
-1,8,-3,0,14,19,14,24,12,3,5,26
-3,2,4,7,16,22,-4,21,9,35,8,12
3,37,6,34,18,21,2,37,3,7,3,23
2,3,7,8,-1,22,-2,6,12,34,20,11
11,0,0,-29,18,-5,-3,-35,5,-28,-4,-4
-1,-3,6,-25,4,-28,20,-37,10,1,-1,-16
5,-27,-2,-13,13,-23,1,1,11,-28,14,-1
2,-30,-2,-11,-1,-2,6,-27,10,-11,4,-9
0,-28,-2,-33,7,-22,6,-2,9,-29,3,-27
2,4,3,-21,7,-19,5,-30,0,-30,7,-21
-1,-29,2,-31,16,-4,4,-5,10,-32,10,5
-4,-7,8,-25,-3,1,8,-8,-2,5,-4,2
-1,-17,0,5,6,-25,13,-28,-2,-19,11,-21
2,6,5,-4,17,8,-1,2,10,-17,13,-17
2,-24,-1,-17,17,-11,12,-15,-4,4,-1,-11
-2,-21,5,-17,13,-20,10,-16,9,6,15,11
11,-20,-1,-12,-1,-3,21,-15,19,-16,0,8
-3,-25,17,-25,18,-4,18,6,8,6,-3,-19
1,3,21,3,18,7,21,-14,-4,-24,5,3
3,-3,-2,8,20,10,1,3,3,-12,9,14
3,-6,21,-9,13,3,2,-7,-2,9,3,-6
-1,-20,12,15,4,15,8,-9,-3,17,8,-5
-3,0,-4,-13,10,9,-2,-1,13,-9,6,-6
-2,13,15,0,4,-1,7,-1,16,7,6,6
2,-11,17,-10,0,-8,-3,-2,16,-8,6,6
1,1,9,2,1,8,4,-17,18,-4,15,8
7,14,0,3,11,-5,14,-8,13,1,7,8
13,-4,5,4,18,-11,19,-4,0,8,9,15
-3,5,14,-3,3,7,7,1,11,6,7,-13
7,7,12,9,9,23,12,-10,16,-4,13,10
12,9,3,14,11,1,10,-7,7,7,8,17
5,26,5,22,-3,12,1,10,8,12,0,11
5,24,7,2,8,-1,-2,8,15,-7,-2,23
-3,25,-3,21,-4,24,1,13,6,24,7,29
2,-2,5,29,-2,17,1,2,18,10,-2,-8
-4,4,0,15,-3,-3,-2,15,2,-3,18,3
3,4,-3,5,21,10,7,7,9,0,15,4
0,-3,-1,-1,5,4,-2,12,4,22,20,28
-3,31,-2,5,21,2,19,18,6,17,9,5
3,31,21,22,-2,26,5,5,7,33,-3,12
0,1,19,14,4,4,1,29,-4,6,17,35
2,1,9,17,0,12,6,27,20,28,6,4
3,38,-1,21,12,20,-3,21,8,33,21,36
1,-26,22,-33,0,-31,-2,-27,13,0,-3,-20
1,0,0,-4,-1,-23,5,-2,-1,-27,-3,-17
1,0,5,-31,5,-6,4,-1,21,-1,19,-18
-3,1,-3,-30,18,-6,20,-4,12,-33,3,-21
3,2,0,-12,-3,-33,-2,-6,17,-20,1,3
-2,-11,3,-1,9,-4,-1,-10,-3,-3,1,-5
7,-32,1,-21,2,-14,14,1,15,-22,12,-24
-1,-9,22,-22,-1,7,20,-15,7,-4,9,-30
5,-22,14,7,-3,-8,-2,3,8,-21,13,4
3,9,11,-21,6,-14,17,-2,18,-20,7,9
-2,10,1,-27,-1,-7,2,2,0,-22,11,10
11,4,3,8,22,6,0,-25,11,-23,2,-2
-1,12,19,-25,-1,-17,4,-9,16,-20,0,-17
1,-9,-1,-20,20,10,0,-18,9,10,-1,-3
-1,2,6,-6,10,9,14,14,11,-7,2,-4
2,5,17,-2,0,-4,17,14,14,-3,-1,6
0,5,19,-2,10,1,7,1,15,-13,19,9
-3,-11,15,-13,2,-17,9,12,0,11,17,-5
3,-17,11,-10,-1,-12,9,-14,7,-8,5,-9
4,12,7,14,21,-17,3,-16,15,-19,1,-5
-1,3,15,14,13,-9,-2,7,3,11,5,-18
0,-13,19,9,4,1,11,-17,4,4,-2,-8
19,4,0,14,12,-6,2,8,14,20,20,16
21,-12,8,7,14,5,-2,5,16,17,21,-11
-3,7,9,17,16,-5,9,1,21,-13,16,-7
10,5,18,-1,2,25,17,16,-3,8,16,16
8,25,9,14,-3,9,22,-10,2,-5,11,14
-2,22,5,-11,3,0,-2,1,4,21,4,9
5,-3,6,10,-1,21,13,-10,6,27,18,-10
-2,21,1,-2,21,17,13,2,19,25,0,16
2,-5,7,-7,4,22,-2,2,-1,6,7,27
-3,25,18,7,21,14,19,20,-2,25,9,31
5,-4,14,19,2,7,17,6,6,17,8,28
3,29,-1,6,-2,3,-3,-5,15,12,2,4
19,-1,20,17,15,16,6,33,6,25,16,13
3,28,-3,32,4,-2,15,33,21,15,-2,32
0,20,17,9,2,19,3,0,9,23,22,2
4,32,11,37,5,33,11,35,4,11,12,36
0,11,13,25,8,9,22,15,-2,20,-2,14
7,-25,-2,-28,23,-27,2,-26,2,-14,9,-35
2,-22,5,-2,3,-20,22,-28,1,-2,19,-23
0,-22,8,-36,23,-13,0,-4,8,-21,9,-34
1,-30,11,-35,4,-33,6,-2,6,-13,1,3
4,-34,6,1,10,-1,20,-24,9,-3,10,-32
4,-15,11,-20,10,-27,3,-27,19,-14,10,-24
2,1,1,-7,6,-1,-2,-31,10,-4,19,-22
4,-1,7,-18,3,-21,10,-28,4,-19,9,-24
5,-5,16,5,2,-21,12,-16,11,5,19,-18
3,-19,16,-17,7,-28,7,-29,0,8,14,-22
-2,-11,18,-27,8,-11,-2,-7,20,-9,5,-25
-2,6,11,-15,2,-9,10,-26,19,3,0,-10
6,-23,9,3,6,-23,19,4,8,8,14,-7
6,0,7,-23,17,-24,-2,6,3,11,5,-13
8,-6,7,-1,19,-3,1,-3,5,-1,15,-2
6,-3,7,-11,13,-6,9,-18,10,-11,16,-7
7,-5,19,-16,6,-10,15,-13,23,-8,10,0
2,-11,10,-3,-2,-2,5,-20,14,5,23,-8
-2,9,15,-6,6,-6,2,-19,13,13,18,-19
16,-7,15,8,3,13,7,5,16,16,-2,4
11,8,2,14,2,-3,2,19,-1,0,2,-5
1,12,14,-15,17,-17,-2,-5,19,-1,1,16
11,5,18,9,-1,8,8,-9,7,1,6,-2
8,-2,-2,6,19,19,6,10,-1,15,2,9
0,4,16,8,5,11,4,15,7,-6,19,10
16,-9,19,17,20,-7,4,22,8,15,15,-12
12,21,20,11,7,12,21,2,6,2,0,9
5,24,-1,13,23,-6,22,4,-2,8,0,13
16,1,15,13,9,28,21,10,8,3,14,11
4,23,8,0,2,19,7,1,19,-4,13,16
5,-7,-1,24,-1,21,2,7,11,16,9,-2
3,-5,0,0,5,10,5,14,9,10,7,0
7,2,23,0,16,-1,12,27,9,-4,6,26
3,33,2,18,17,32,21,4,0,19,18,33
1,4,7,20,20,1,16,2,17,19,9,25
8,30,4,31,4,23,15,7,4,29,3,8
0,31,14,11,5,34,12,14,22,8,-1,2
10,25,12,0,1,20,2,35,-2,30,10,31
-2,8,17,35,11,24,14,2,13,38,17,23
2,-23,23,-8,11,-33,17,-25,7,-22,7,-31
1,-20,2,-32,10,-8,15,-6,2,-3,9,-26
-1,-6,-1,-22,4,-33,20,-2,15,-32,23,-10
3,-10,18,-30,4,-12,9,-6,8,3,2,-23
1,-10,10,-28,7,-27,8,-12,6,-34,6,-32
1,-14,24,-15,0,0,14,-13,2,-32,20,-26
3,-9,5,-28,8,4,15,-23,24,-32,7,-30
8,-19,-1,-12,3,-8,8,-27,8,-20,16,2
3,-26,23,-11,5,-17,16,-26,8,-18,14,-27
14,-24,12,-24,4,-2,7,-11,24,8,15,-26
6,-20,16,-25,10,9,8,-8,6,-24,8,-17
8,11,4,-25,6,-3,16,-12,3,-17,19,-24
5,7,-1,-24,11,10,23,3,6,-7,21,-10
3,5,22,2,5,-16,3,-8,11,-21,8,-9
4,-3,4,-3,8,14,-1,-4,2,-4,19,-2
7,-7,14,9,6,0,23,-15,8,-2,24,-21
7,6,15,8,11,2,13,-15,24,2,20,-19
11,-2,11,0,19,-5,14,12,5,-7,14,5
2,16,-1,13,8,2,14,-13,0,-15,3,-11
6,13,15,-10,8,2,4,-17,11,-19,13,-11
3,17,21,-1,0,-16,4,-7,11,-12,4,15
8,-16,19,20,4,-10,4,-16,6,20,21,21
2,-16,-1,-7,17,6,1,-3,23,17,19,10
9,10,18,-8,5,20,3,20,6,-7,0,-13
1,-7,9,3,8,15,17,-5,-1,11,15,-2
20,11,5,14,10,10,5,17,20,13,5,7
11,2,16,6,8,-6,19,-1,11,22,24,7
0,-6,15,-11,5,-7,2,-11,13,20,22,-9
2,4,22,14,23,-3,16,11,2,20,12,5
11,1,17,10,13,9,7,14,22,3,19,23
6,3,23,-2,13,15,18,17,20,-7,1,-7
9,5,5,5,9,21,1,4,4,-5,18,12
9,-1,3,31,9,6,23,24,16,8,13,-3
7,30,14,16,19,3,5,22,0,26,4,-4
4,28,8,24,24,8,1,-3,14,-3,14,30
0,28,8,35,24,-1,-1,1,2,11,5,21
0,22,-1,35,1,33,17,32,2,22,17,31
8,9,2,30,7,7,1,29,8,13,13,0
3,0,5,24,6,10,1,4,17,27,11,14
1,-2,13,-34,10,-37,10,-28,2,0,10,-12
5,-37,24,-32,15,0,10,-20,8,-31,23,-29
1,-33,4,-23,9,-18,0,-21,0,-14,18,-31
1,-6,4,-33,9,-25,7,-3,15,-17,5,-28
1,-26,13,2,11,2,6,-14,0,-6,2,-25
9,-19,19,-2,4,-8,10,-11,25,-13,3,-18
5,-2,21,-6,13,-31,17,-18,21,-1,6,-19
4,-9,7,-18,0,4,2,-4,14,4,24,-4
1,2,14,-26,0,-17,4,-20,4,-2,25,-2
10,2,16,-19,1,-18,17,-22,17,-3,2,-21
5,5,19,-15,12,-25,8,8,13,-28,21,-24
5,-21,10,-24,4,-20,25,-4,22,3,23,-5
2,5,2,-4,5,-7,7,-2,4,-7,6,6
9,-14,12,10,24,-17,10,-4,21,-10,16,-17
5,0,8,-3,14,-23,2,1,19,-8,10,6
7,-6,6,-7,6,15,18,-20,6,-21,23,-2
20,-3,5,-5,7,-7,5,12,1,3,21,9
14,2,8,-6,15,14,19,-21,21,-10,15,-4
2,15,2,-10,0,11,16,10,5,-8,19,-6
0,-7,12,-18,19,14,3,9,23,-6,2,12
5,18,10,6,13,-6,19,5,10,7,18,19
1,-3,5,-12,7,-1,10,19,14,-1,5,18
24,-2,9,-16,24,-4,8,12,8,-7,21,-10
5,22,0,8,12,-13,14,8,19,-6,21,6
0,-8,11,-10,1,-4,8,-11,25,-4,6,20
0,5,20,-4,21,-8,9,6,4,18,4,17
12,0,19,14,13,-1,12,10,7,-3,22,18
8,-6,1,18,3,-7,24,-4,17,27,17,27
3,15,11,-7,1,3,21,19,1,25,8,-2
3,22,7,25,4,22,15,10,0,5,4,-2
7,5,1,2,1,23,16,29,9,-6,15,-4
6,4,0,13,2,3,21,6,14,-5,0,8
4,2,12,31,23,12,15,-2,2,-2,5,4
5,4,13,3,19,15,9,18,12,33,14,29
1,19,16,8,1,26,6,10,12,33,3,-4
7,2,2,31,6,33,13,19,8,-3,14,7
18,25,8,8,24,23,9,30,19,26,9,3
2,29,14,8,4,20,24,17,24,22,22,11
2,23,11,36,1,21,14,37,5,33,2,34
