-9,-29,-25,-24,-1,0,-15,-5,-14,-36,0,0
-16,-19,-25,-4,-13,-3,-9,-7,0,1,0,-3
-7,2,0,-25,-1,1,-2,2,0,1,0,-24
-10,-20,0,-27,-1,1,-1,2,0,1,0,-24
-11,-9,0,-28,-1,1,-1,2,0,-26,0,2
-3,-26,-1,2,-15,-32,-3,4,0,1,0,-23
-9,-28,-7,-8,-3,-21,-10,0,0,0,-3,-22
-22,2,-14,-10,-3,-25,-8,7,-3,-2,-14,-5
-7,-23,-3,-30,-16,-6,-22,-22,-19,-13,-24,-18
-25,-7,-20,-11,-7,-23,-3,-18,0,-15,-5,-3
-10,-7,-9,10,-16,-17,-3,-24,-7,2,-2,-16
-1,-11,-5,-21,-11,-4,-18,-17,0,-11,-20,3
-7,-21,-3,-2,-18,6,-23,0,-5,-9,-10,-6
-8,-21,-1,-21,-5,-20,-9,-22,-7,-14,-24,3
-10,6,-9,-23,-4,-5,-18,-4,-1,0,-6,5
-20,-6,-23,-8,-7,-12,-5,-19,-24,-14,-6,11
-9,6,-23,-6,-12,8,-2,7,-16,-13,-11,-19
-22,5,-23,-9,-9,3,-2,-14,-3,-17,-6,-14
-8,13,-25,8,-23,-19,-14,-16,-4,0,-4,-13
-24,-4,-7,2,-20,-11,-24,-9,-8,-14,-20,-4
-22,-15,-1,-17,-6,-10,-16,11,-21,-3,-13,12
-8,-6,-18,11,-11,7,-3,13,-7,-16,-19,3
-9,0,-24,11,-8,11,-6,3,-4,17,-17,10
-2,-7,-1,-4,-1,19,-3,21,0,-4,0,20
-6,17,-1,-5,-1,-3,-8,22,0,-7,0,-7
-6,23,-1,-5,0,25,-1,22,-1,25,0,-7
-2,-5,-1,-6,0,25,0,26,-1,25,-1,26
0,23,-9,1,-1,-1,-3,24,-1,25,-1,24
0,26,-9,0,-16,24,-6,-1,-1,25,0,-1
-1,27,-10,-5,-21,28,0,28,0,-3,-1,2
-2,28,-10,20,-14,12,-23,23,0,2,-1,2
-3,28,-2,29,-18,6,0,-1,-25,6,0,1
-3,28,-3,29,-14,30,0,4,-24,28,-25,4
-10,3,-6,-3,-10,-5,-16,1,-25,26,-23,16
-25,13,-17,17,-5,8,-23,33,-4,10,-8,33
0,11,-1,22,-24,0,-7,22,-7,30,-17,32
-5,7,0,24,-11,-1,-1,22,-23,22,-23,14
-8,30,-1,21,-12,31,-9,32,-13,11,-24,33
-8,5,-24,16,-4,8,-17,34,-16,17,-12,17
-9,-29,1,-1,0,-29,0,-28,0,-4,0,-29
-3,-26,-2,-3,-16,-8,0,-28,0,-26,1,-32
-9,-22,1,0,-1,2,-8,-34,0,-26,0,-31
-9,-24,1,-1,1,1,-6,-19,0,-27,1,-31
-9,-24,-3,0,-1,3,1,2,0,-25,0,3
-2,-22,0,4,-1,3,-7,-3,0,-26,-1,4
-9,-16,-3,-21,-21,-17,-17,-24,-13,-6,-20,-17
-16,-9,-1,-24,0,-15,-1,-29,-23,-24,-12,-9
-24,-16,-3,-22,-4,-21,-8,2,-14,-15,-18,-15
-6,-15,-4,2,-18,-11,-21,-2,-6,-22,-1,-14
-1,1,-14,9,-23,-12,-12,-12,-20,-6,-21,-17
-6,-23,0,-4,-7,5,-19,-24,1,-22,1,2
0,-11,-10,-19,-14,-9,-13,-19,-21,-10,-11,0
-5,-13,1,7,-9,9,-9,11,-24,-6,-6,2
-1,-6,-5,-14,-13,-24,1,-23,-23,-16,-1,10
-16,-4,-11,6,-12,-8,-23,8,-24,9,1,3
-6,-4,-1,-6,-1,13,1,-13,0,1,-17,0
-14,-6,-18,-8,-11,2,-3,0,-5,-5,-2,-21
-6,5,-18,-13,-23,1,-7,15,-21,9,-6,-8
-5,-6,1,2,-3,10,-3,-16,-4,-1,-4,14
0,9,-21,-7,-2,-9,1,12,-6,-14,-1,-14
-23,-4,-1,0,-12,2,-11,8,-1,3,-4,-13
-12,-7,-18,-4,-3,4,-10,2,1,-3,-4,-5
-8,-5,-3,-9,-10,7,-22,-10,-16,1,0,-13
-2,-4,-3,14,-16,18,-19,17,1,19,-8,2
-1,25,-3,-12,-16,24,-12,-1,1,-9,0,23
0,22,-1,-3,-14,-8,-1,-7,0,-8,-1,-6
0,24,-3,7,-18,-10,-11,17,0,10,0,23
0,2,-4,24,0,-3,1,25,0,-4,0,-2
-2,27,-11,23,-5,-8,-5,26,-1,28,0,-2
-5,30,1,-3,-10,-3,1,16,0,-3,0,-2
-1,28,0,29,-11,17,-5,25,-2,28,-2,30
0,27,-15,22,-13,4,-10,29,-5,1,-10,23
-1,-2,-1,22,-18,-3,-9,21,-11,20,-10,12
-22,6,-15,13,-11,11,-16,25,0,24,-11,11
-1,-2,-12,9,-23,16,1,29,-23,14,-22,7
-5,3,-16,25,-9,-1,-1,18,-5,9,-1,22
-7,16,-9,18,-6,2,-22,6,-18,-1,-12,14
-5,22,-11,24,-24,31,-8,4,-1,14,-14,23
-1,-32,1,-4,-6,-7,-11,-3,0,0,-1,-2
-8,-25,-8,-19,-5,-19,-11,-14,-3,1,0,1
-8,-23,-9,-10,2,-1,-11,-33,0,0,-2,2
-2,-23,-10,-35,-17,-26,-12,-7,0,0,0,1
-4,-2,-12,3,-13,-31,-13,-26,-7,-24,0,1
-8,-27,-21,-7,-11,-24,-6,-27,0,-29,-20,-11
2,-32,-3,-21,-4,-5,-16,4,-2,-17,0,-11
-22,-3,-19,-30,-15,-8,-17,-7,-6,-27,-2,-12
-3,-2,-23,-9,-4,-30,-22,-10,-1,-28,-10,-5
0,-3,-14,-2,-13,-1,-20,8,-23,-20,-6,-8
-4,-19,-11,-14,-22,-14,-19,-8,-21,-22,-2,-6
-4,-23,-5,-7,-19,8,-5,-4,-9,-11,-15,5
1,-6,-9,-25,-17,-22,-22,-8,-5,-1,-4,6
-7,5,-1,-23,-19,-16,-3,-20,-8,-5,-20,-9
-2,-6,-4,-12,-23,4,-1,-15,-5,-19,-17,2
-13,3,0,2,2,11,-20,-18,0,-6,-9,4
0,-6,-21,-22,-21,5,-17,3,-1,-11,1,2
0,-19,-4,-20,-8,-4,-2,5,-6,-1,-23,14
-11,10,0,-6,-16,-1,-3,-5,-16,-7,-12,-2
1,-2,-10,6,-20,1,-10,15,0,-19,1,9
1,11,-21,-12,-20,10,-7,0,-11,-13,-12,7
-23,1,-3,-8,-19,3,-14,-17,-10,4,-23,-8
-22,-13,0,15,1,-16,2,-1,-14,5,-2,21
-18,17,-19,2,-3,-11,-21,4,-4,-9,-18,-2
-7,-6,-2,-1,-19,-6,-18,-10,-23,6,2,9
2,-7,1,-3,-12,22,-9,23,0,21,1,-13
0,-7,1,-5,-21,23,-9,12,-6,11,-3,25
2,-4,1,-6,-12,27,-9,14,-1,25,-3,24
2,-6,0,28,-18,10,-2,14,-1,21,0,-9
2,-4,0,28,-22,23,-1,23,-2,7,-1,29
2,0,-9,29,-23,2,-11,1,-7,7,-1,27
2,2,0,28,0,8,-4,-3,-2,15,-3,27
1,-1,-18,15,-10,22,-23,25,1,23,1,-2
-8,0,-10,18,-9,16,-22,17,-1,22,-2,1
-3,1,-4,9,-9,16,-7,30,-8,25,-22,-4
-16,26,-11,13,-6,8,1,3,-16,13,-1,27
-18,16,0,24,-3,13,-4,26,-20,1,0,26
-4,13,0,22,-9,13,1,25,-7,28,-18,20
2,27,-20,36,-4,20,-6,12,-5,16,-19,26
2,-35,1,-4,-19,-20,2,-31,1,-26,-3,-33
0,-32,0,1,-14,-20,-2,0,0,1,0,-3
-3,-3,-11,-12,-15,-30,-2,-1,0,1,-1,0
-1,-2,-11,-22,2,-29,3,-1,-3,-3,-1,0
-6,-28,-21,-6,-4,-24,-7,-31,2,-19,-1,-25
-9,0,-1,-33,1,-6,-9,-15,-16,-28,-3,-2
-22,-20,-7,-5,-11,-2,-7,-11,-4,-17,-11,-2
-4,-10,1,-1,-20,5,-4,-19,-5,3,2,-5
-1,-6,-2,-23,-15,-20,-5,-26,-14,-1,-7,-5
0,-10,-2,-11,-17,-25,-13,-26,0,1,-21,-23
1,-11,-6,-15,-12,2,-14,2,-10,8,-2,-18
1,-3,1,-3,-2,0,-20,5,-6,8,-4,1
-12,3,2,-5,-7,-7,-1,-24,-4,-3,-17,2
-9,-2,-3,-17,-22,2,-8,7,-11,4,0,-16
0,-6,-4,10,-22,-22,-2,-13,-8,-1,0,5
-22,-2,-3,13,1,-15,-19,-23,-1,0,-2,-10
-4,-22,-7,-17,1,11,2,9,-21,-11,-9,-18
-22,8,-14,17,-10,-3,3,-2,1,3,-20,-9
-11,9,-4,-15,2,5,3,-17,-22,10,-1,-19
-3,4,-9,-1,-1,-1,1,-5,-6,-17,-6,-6
-4,11,-2,-13,2,0,-1,-12,-3,-6,-15,-1
2,5,1,-15,-1,-1,-6,3,-21,4,-8,-1
3,0,-13,8,0,-6,-7,-2,-19,18,1,-6
-16,6,-22,4,-5,13,-21,15,-21,-5,2,-2
0,-10,-9,7,-19,10,2,1,-20,-2,-1,-1
-1,25,-7,19,-10,20,-2,-6,-4,-4,-3,-3
2,-4,-15,-11,-3,10,-10,-11,-5,-11,-1,22
3,0,-11,-2,-22,25,-11,-5,0,23,-2,27
2,-3,-7,3,-12,15,-2,18,-1,28,-6,0
3,-6,-12,-7,-15,29,1,28,-1,28,3,28
3,2,3,-4,-20,23,-8,26,-9,27,-4,16
2,-3,-8,-1,-20,-1,-17,-2,-9,-5,-6,-7
-2,32,2,32,-14,28,-19,25,-1,30,-4,3
2,1,-16,-4,-3,8,-2,3,2,22,-5,20
-14,20,2,-2,-5,8,-1,4,1,29,-19,21
-17,25,-21,21,2,25,-9,16,-1,-1,-18,28
-17,10,-7,24,-6,17,2,14,-4,25,-21,31
-10,31,-9,27,-4,6,2,20,-10,25,-3,3
2,28,-20,2,-11,23,0,0,-20,22,-22,25
1,-26,1,-1,3,-11,-15,-3,0,-3,-6,-7
-2,-2,0,0,-16,-6,-16,-14,0,-3,-4,-10
2,-26,-12,-24,3,-28,-8,-28,-1,1,-5,-4
-2,2,-13,-31,-7,-31,-10,-23,-1,1,-6,-19
1,-1,-6,3,-15,-4,-11,3,-5,-25,-21,4
1,-20,2,-1,-21,-17,-4,-13,-7,-9,-19,5
0,-15,0,-17,-20,6,-7,-20,-1,3,-5,-24
4,-10,3,-7,2,-11,-20,-27,4,-28,-18,6
4,-2,-14,-11,-5,-20,-2,-29,-19,-5,0,-2
1,2,-3,-27,2,-3,3,-6,-3,-3,-21,-12
-2,-21,-21,-26,-3,4,-4,-27,-11,-7,-2,-4
-20,-19,1,-11,-15,1,0,-7,-6,-1,2,-11
0,-5,-4,-11,4,-11,-14,-13,-1,-22,1,-22
-3,-16,3,-9,-5,7,-15,-14,-14,4,1,-23
-10,2,-20,-17,1,-20,-10,-8,4,-24,-10,-5
-12,6,0,-1,-5,7,2,4,0,2,-20,-9
-8,4,0,10,-6,-10,-1,-5,-20,2,1,-8
-21,7,-20,4,-20,1,-4,-3,1,1,-1,10
-9,6,4,7,-8,0,-1,-19,-1,-19,3,-6
1,5,-19,3,-17,6,-7,-4,3,-16,1,-8
-4,17,1,-10,-4,8,2,-6,3,1,4,-17
-4,17,-1,-13,-14,6,-6,-11,0,10,-5,10
-3,-3,4,4,-3,-3,-18,-12,-19,13,-17,12
-21,-8,0,4,-14,2,-3,9,3,5,-16,8
-7,2,-12,1,-9,2,-8,8,-12,2,-4,4
4,-1,-14,25,-12,12,-5,2,-9,-6,-5,-12
3,-2,0,24,-13,24,2,23,-1,22,-6,25
3,0,-1,27,-16,-4,4,5,-1,4,-6,23
-1,27,-1,27,-20,27,2,24,-2,27,-8,25
-1,27,-15,11,-10,0,-4,7,-6,16,-7,5
2,3,-7,26,-8,-4,-17,18,-7,-1,-8,-1
-1,27,1,29,-16,-1,-10,22,3,19,2,4
3,3,1,14,-15,32,3,2,-7,9,1,2
-5,0,0,28,-14,20,-19,10,-1,5,-17,11
-1,2,-21,23,-8,14,-1,28,1,9,-11,14
-8,24,-1,16,-11,13,3,-1,-16,29,-8,5
4,27,3,13,-2,36,-10,9,-14,18,-6,27
-1,28,-3,37,-21,24,0,31,0,31,3,15
-13,15,-12,6,1,14,-8,16,-3,14,4,31
5,-3,0,-2,3,-4,2,-4,-3,-27,-8,-31
5,0,-14,-29,0,-1,1,1,-4,-33,-7,-27
-1,-2,-16,-13,-2,-31,4,2,-6,-3,-8,-31
4,3,-16,-17,-6,-24,2,3,-8,-26,-9,-28
-5,-27,-14,-13,-11,-19,-18,-17,1,-13,-2,-3
-16,-33,1,-6,-19,-23,-8,-4,-5,-5,3,-3
-16,-7,-15,-7,1,-4,-8,-13,3,0,-6,-6
-1,-6,-20,-25,-2,-5,0,-22,-2,-11,2,-12
-3,-11,-9,-10,3,-26,-11,-29,-2,-28,-1,-12
-5,-1,4,-2,-15,6,-8,-14,-20,5,4,1
0,-5,-13,1,1,-6,-5,-19,3,-21,-5,-28
-13,-4,-2,-27,-7,0,-4,-20,-16,-2,-20,-13
5,-1,2,-17,2,-18,-2,3,-11,-11,-1,-6
5,-23,-1,-2,-19,-17,-12,-3,-11,-25,-7,13
-3,-3,-13,3,-18,14,-11,-7,-2,13,-1,-8
-8,10,5,-8,-4,-8,-5,4,2,1,-2,9
2,4,-6,9,3,-13,-3,-22,0,2,-10,0
4,-21,-13,-10,-11,1,-2,-10,-7,-1,-1,14
0,-6,-7,-3,-11,-12,2,8,-3,4,-5,8
-9,-4,5,6,-2,15,-20,3,3,4,1,6
1,13,-3,6,5,2,0,1,1,8,1,-8
0,-1,5,6,-12,-3,-16,-16,-3,4,-18,10
-14,4,2,14,-20,-7,0,4,-1,9,2,0
-16,-12,-3,-4,-5,17,-19,-6,-3,-7,-2,10
-6,18,-10,1,-18,-9,-16,3,-4,7,-3,2
4,24,-20,9,-8,12,-6,-2,0,1,-7,8
-2,25,-17,0,1,18,-13,-9,-2,17,1,6
-4,0,-19,24,-20,11,-7,12,0,22,-6,-10
-7,8,-16,-6,1,-3,-5,21,-19,21,3,9
-4,-2,-2,16,-4,-5,1,7,-16,29,3,14
0,27,-10,17,-10,23,-1,17,-3,28,-19,23
3,-3,-12,15,1,-3,5,13,4,9,-7,22
5,7,3,-5,3,-4,-16,-2,-1,30,-3,26
-2,31,3,-2,-2,26,5,24,-12,4,-1,17
4,20,-17,29,-4,16,-9,-2,-3,8,4,27
2,12,3,5,3,3,4,8,-3,6,-2,31
1,17,-17,8,-6,24,-15,16,-3,35,0,4
1,19,-1,34,-9,32,-5,33,-4,15,-15,25
-13,17,1,38,-4,38,-2,6,2,17,2,27
4,-1,1,-3,5,-33,2,-2,-8,-5,-9,0
1,-4,-4,-4,5,-33,2,-3,-9,-24,-10,-3
4,-2,-16,-4,4,-17,2,-35,-9,-28,-7,-11
4,-29,6,3,2,3,-1,3,-10,-11,-10,-2
-6,-2,2,-32,4,-21,-2,-29,-9,-27,-11,-15
-7,-15,-9,-13,-11,-11,-1,-2,-1,5,-2,-7
0,-32,-13,-14,5,-31,-19,2,-11,-7,-8,3
-2,-30,6,4,-2,-28,-3,5,-13,-13,-10,-2
-1,-13,-6,-3,-12,4,-2,-3,4,0,1,-28
-10,-10,-2,-2,-1,0,-3,-2,0,-1,-18,-8
1,-9,-3,-25,-18,3,-19,-16,-9,-11,0,-9
-7,-8,-7,-19,1,-16,-12,-9,-19,-27,2,-23
-5,2,-15,-24,-3,-17,-4,-11,-8,12,-7,-9
-1,-9,0,7,4,-15,0,12,6,-24,-1,8
3,-23,1,-3,1,-3,-9,-19,-15,-8,-1,-1
-10,-14,-4,-17,3,-1,-4,7,-12,-6,-5,-3
3,-22,5,-5,-18,6,-14,-15,-15,-18,1,1
-3,-2,-14,-4,-11,0,-17,13,2,7,-18,-5
-1,-18,-8,3,-15,3,4,-1,1,9,-18,5
1,-2,1,14,-17,7,-3,-2,-1,17,-10,9
0,-1,-2,-18,2,-5,-2,8,6,6,-5,4
-1,-9,-5,-12,-4,-10,3,-4,-4,-4,-10,8
-4,13,-6,-1,-16,20,-8,11,6,1,4,1
-1,7,1,-7,0,10,4,-9,2,-6,2,2
-5,-8,-12,12,-8,17,-19,16,4,-9,0,-12
-3,-12,-11,10,2,1,6,15,-9,24,2,-10
-4,-9,-11,-5,1,1,-11,11,-2,20,-15,10
-3,26,-16,11,-2,24,-1,-6,-7,19,0,15
-4,15,3,7,-15,28,-16,18,1,-1,6,4
-5,15,-3,0,0,2,-8,9,-18,7,-6,21
-3,5,-18,22,2,24,-2,16,-13,-6,-19,21
-3,7,-2,11,5,-5,-14,7,-18,20,-2,2
-6,29,-11,5,1,0,-10,31,-8,15,-6,0
-15,9,4,16,6,25,-7,0,-15,22,4,21
6,19,-3,21,-18,-2,3,15,5,-3,-2,31
-1,7,-19,17,-14,-1,-12,6,-2,16,4,29
2,20,-14,9,-1,7,-2,12,-5,35,-13,36
4,22,5,27,-3,26,3,16,-11,35,-12,14
0,19,-2,6,-13,14,1,21,-19,27,-1,35
4,-1,-4,-3,-12,-26,-8,-27,-9,-24,-11,-26
4,1,-17,-29,-2,-37,2,-1,-10,-5,-11,-37
5,-24,-5,2,-8,-29,7,-29,-10,-9,-12,-22
3,0,-8,-11,3,2,6,-30,-10,-9,-7,-1
-18,-9,6,-15,-18,-5,0,2,-8,-12,0,3
-17,-11,2,-4,7,-2,4,-8,-3,-16,4,-8
1,-17,3,-11,0,-20,-10,-8,-6,-11,0,-16
2,-24,4,-3,1,1,-15,-29,-6,-6,-1,-3
-5,-16,5,-26,0,6,-1,-13,1,-15,-12,6
6,-10,0,3,4,-1,-10,-12,6,-11,-2,-11
0,-17,-8,-10,6,4,6,-3,-18,7,2,0
-1,-3,-9,-1,2,-4,4,2,2,5,0,-12
4,-5,-12,-3,4,3,-18,-8,2,0,3,-14
2,-4,-8,-15,-16,-8,-1,-16,4,-20,-1,13
-11,2,-2,8,-10,-16,5,-7,4,9,-10,-8
7,-1,-10,2,-3,-13,-17,-15,6,-6,6,-20
3,-7,-2,0,3,11,1,-9,7,0,-15,6
-7,0,0,-12,-2,5,-18,8,-6,10,-3,17
-18,-1,-4,-4,-6,7,-8,-19,-13,13,-17,3
-9,3,-6,-16,-8,-14,-11,0,-12,-5,5,-12
7,6,-1,1,-4,16,-5,15,0,16,-11,-2
3,-3,-14,-2,-13,1,-1,-2,-4,4,-6,14
0,11,2,-1,-2,9,-2,-6,5,-6,-1,-13
1,12,-4,2,-13,11,1,14,-18,9,2,3
4,-5,-13,8,2,12,1,13,-17,11,-3,9
-4,22,-5,9,1,-9,-17,-7,-1,14,0,-9
-4,-1,2,4,-11,25,-12,5,2,-12,-6,26
-12,3,-2,19,-7,5,-12,19,-1,-5,3,12
-9,23,-15,9,-13,15,-9,-1,-1,28,-7,-7
-8,26,-4,13,-17,2,-8,4,-8,3,5,20
-4,30,7,-7,5,9,6,-4,-16,2,-16,-2
-6,6,0,16,-3,14,-10,7,1,27,-15,10
-8,-4,-10,22,7,16,3,6,2,24,0,15
-3,-4,1,6,-8,22,-18,20,1,8,6,18
-17,17,7,13,-9,-1,7,21,-1,9,7,16
5,18,5,16,-5,9,4,21,6,-3,-12,18
-15,23,-16,11,-14,3,1,21,4,6,-4,36
1,19,-1,37,-17,19,5,27,-6,19,-2,11
-14,26,-3,3,1,21,-13,37,-17,1,-1,14
4,-2,-4,-37,-10,-27,2,0,-7,-37,-11,-34
4,-3,-14,0,-16,-30,3,-3,-9,-36,-2,-25
4,1,-5,-31,-5,-29,2,-36,-10,2,-12,-4
6,-2,0,-28,-15,-21,-4,-24,3,-29,-15,-24
-1,-22,-7,-12,-2,-19,8,-21,5,-33,-13,-15
-2,-16,-3,-9,-1,-15,-11,-33,-4,-30,3,-12
3,-24,-17,-16,2,-15,-3,-3,-3,3,-6,-10
-10,-10,5,-30,-10,-22,-4,-29,-5,-15,1,-1
5,-16,2,-27,-15,-14,-15,0,5,-5,5,1
-5,-24,2,-10,-3,-10,-13,-19,6,-10,2,-21
8,3,5,-24,7,3,1,-14,-4,-2,-1,2
-1,11,-2,-10,-9,-24,4,-12,-7,2,8,-8
-3,-9,-1,-18,3,-8,-5,4,6,0,-1,0
2,-19,-11,-3,3,6,-7,3,6,-3,-1,-21
1,-21,5,-21,-11,-8,8,-22,-7,-8,-10,-5
-17,-3,4,12,6,-11,-4,7,-15,3,5,-18
-11,6,2,-7,5,1,-12,12,5,-19,-13,13
-1,2,-3,8,-2,4,1,-2,-16,-2,-17,-8
-1,4,-3,-2,-4,-4,-9,-2,8,10,4,-6
4,11,-1,-2,-11,-13,-9,-10,-2,11,6,-1
2,11,-8,7,5,3,7,1,4,-1,-3,0
1,11,-6,-14,-3,15,3,-5,-4,-1,-1,11
3,-16,-16,-4,-10,4,-3,5,-12,9,-2,11
-9,8,-12,5,-14,6,-8,7,-2,12,0,4
-13,-8,-10,22,5,-9,-9,7,7,8,0,10
-14,-11,2,3,-2,17,-16,11,-4,4,-12,12
4,15,7,6,-1,-5,1,1,3,9,-7,12
0,17,5,0,2,-1,0,-1,-1,23,1,-3
-17,3,5,-5,-3,18,0,27,-3,0,-3,22
-3,9,1,24,-1,-7,-3,21,-8,26,8,6
-15,6,-11,-5,2,7,-9,7,-7,24,8,-8
-15,14,-16,8,8,-2,-17,-7,-2,24,0,26
-2,12,3,24,8,19,3,-3,1,11,-6,30
-16,7,-16,29,-4,9,-7,20,-15,-1,1,5
7,10,-17,25,1,-2,8,10,-15,12,-12,23
-15,23,0,26,-8,-1,2,13,-9,19,-12,16
-7,19,4,8,3,12,-8,23,3,6,3,28
1,11,-14,23,0,4,-1,23,6,12,-12,5
4,1,0,14,-2,16,2,10,8,19,-2,3
7,-29,-16,-15,-8,-31,-3,-33,6,-31,-2,-25
9,-4,4,-34,3,-23,-12,-26,-11,-23,-1,-32
9,2,-11,-23,2,-28,7,-3,6,-27,5,-36
0,-17,-10,-18,8,-11,-2,-26,-7,-5,1,1
9,-2,-9,-19,3,1,-3,4,5,-3,-14,-3
0,-30,6,-14,-12,-20,7,-15,-16,-29,9,-17
-2,-19,1,-10,0,-1,-14,-16,1,-10,2,-21
-4,-20,9,-1,3,-2,-6,-17,1,-5,-16,-26
-4,-7,7,-12,6,3,-11,-18,3,-3,-10,-11
1,-4,1,3,1,-20,-13,3,-7,8,-8,-4
-14,-11,-13,-10,-12,-27,-4,-24,6,0,-12,-3
2,-3,3,-2,-15,-4,-7,-19,7,-18,-13,0
3,-16,3,11,-13,-7,1,2,-8,-21,6,-8
-14,13,-16,-21,-13,0,-15,-23,3,1,6,-19
2,-9,6,9,7,-17,5,-13,-13,2,8,5
-2,-2,5,-9,1,6,0,-11,3,-13,1,-15
5,-22,-15,4,7,7,-12,-22,4,-2,7,-17
5,2,-2,-11,-14,-14,5,-21,2,-13,4,-6
8,5,-14,5,5,11,5,-10,0,-12,-1,-11
5,-3,-2,0,1,15,-9,19,-2,0,-10,9
1,11,-6,-1,5,-3,0,1,-8,6,-11,13
4,7,6,-5,-5,1,5,8,7,-15,-14,6
6,6,-5,18,-8,-15,-3,8,2,12,-2,-12
1,17,-14,19,-2,21,2,20,0,11,-6,1
-15,6,-8,-11,-6,12,0,-14,-1,-8,-2,1
4,9,0,18,-16,22,-5,4,0,1,-9,15
3,-4,0,-7,5,9,-7,-5,-5,19,-9,25
2,8,0,26,3,17,-2,-1,-2,-10,-4,-9
-1,14,1,20,0,6,-10,8,0,-10,6,3
-1,11,1,16,-14,-6,7,2,-5,8,-11,9
-14,20,2,7,2,8,9,-3,-10,30,-12,30
7,18,-12,1,2,10,-14,-6,7,18,-4,30
-3,13,-11,-4,5,30,4,32,-4,29,-15,7
8,16,-2,22,2,19,-9,11,-11,14,5,0
1,32,-16,20,8,29,0,1,-11,-3,4,15
-15,22,-10,32,-3,28,-7,28,-9,4,-15,29
3,1,2,8,-5,15,2,35,-15,12,-9,36
-15,13,9,17,0,13,3,4,-2,19,7,1
1,30,5,24,3,26,-4,31,-14,28,-6,34
2,-24,-7,-20,-1,-23,8,-35,-6,-25,-5,-13
-1,-3,4,-23,9,-18,-8,-7,2,-30,3,-11
-1,-5,-6,-35,4,-13,-1,-19,1,2,-1,-12
-8,-32,10,-4,-1,-18,5,-29,-10,0,-15,-34
1,-1,10,-6,3,1,-4,-24,-10,-8,7,-6
-8,-1,4,-3,0,-28,-6,1,-9,-12,-12,-9
-7,2,-15,-29,-4,-24,7,-27,-14,-26,5,-24
2,-25,-14,2,0,-7,-6,5,4,-7,-14,4
-13,-29,-1,6,-5,3,-8,-4,-10,-17,4,-16
-13,-7,-13,7,-13,-4,-7,7,-4,5,3,0
10,-10,-5,4,10,-5,3,0,-2,3,-12,-23
8,4,-2,-20,7,-10,7,-11,8,-9,-9,2
8,-4,6,-14,-10,-9,3,-23,-12,-11,-9,6
-9,-8,8,4,-13,-7,-4,6,6,-25,-1,9
0,3,-5,2,10,-16,9,8,-9,-18,9,-2
-13,-5,-11,-16,2,-17,1,-15,4,-2,5,-23
-3,0,-3,7,-3,-18,7,-1,-8,-7,9,-7
3,2,3,10,5,-11,4,0,6,3,2,2
-3,-5,-3,6,-13,1,-1,6,-4,-20,6,0
2,3,4,7,6,-8,3,-2,9,-6,1,-2
10,8,3,4,10,14,-6,-14,3,13,-1,10
4,-15,-8,16,-5,1,-1,-4,10,14,-14,-16
2,-7,10,8,-11,-12,3,5,4,4,-3,18
4,-14,-5,8,-10,-14,9,15,1,-9,3,3
9,17,8,6,0,8,-4,18,1,-13,-10,-2
-6,8,0,23,-8,-1,-15,-10,4,-10,5,3
1,9,-12,-10,-7,1,-1,-8,-3,15,2,-2
7,5,1,15,-11,-1,-12,2,-12,25,3,-8
4,1,10,4,2,-3,3,5,-15,18,-13,9
-12,8,-5,7,3,18,-9,-6,-15,13,-2,-8
5,2,-11,21,1,27,-14,26,1,11,-15,22
4,9,-14,6,-6,28,6,7,6,0,1,31
3,14,-8,-3,-2,2,5,21,4,8,8,3
7,15,2,-2,9,7,8,18,-1,13,3,14
3,2,-3,17,2,26,4,20,1,7,-12,22
5,12,-14,7,6,24,3,-3,-2,33,3,-2
10,15,6,1,7,28,-5,7,-2,31,-7,21
5,26,-13,36,2,36,-13,21,-4,34,4,5
9,2,3,3,-14,34,-8,27,7,6,6,2
-9,-13,-7,-14,-9,-38,-12,-27,4,-6,5,0
-11,-16,7,-12,5,0,3,-4,-8,-25,-6,-36
7,-8,6,-19,5,-31,-10,-27,-4,-9,-12,-22
9,-8,-6,-3,-3,-1,-14,-11,-3,-5,2,-30
-12,-19,1,-18,-3,-15,-6,-8,1,-18,-8,-7
1,-7,3,1,-6,-24,-2,-22,-4,-24,-13,-25
-9,-31,8,-3,11,-15,10,-4,8,-20,-13,-30
-14,-1,8,1,-11,-15,10,-14,3,-28,3,-27
8,-1,-3,-19,-11,4,7,-12,-2,-22,2,-15
9,3,3,-8,-12,-29,1,9,-5,-6,-5,6
0,-1,8,-13,1,5,-14,-8,0,10,-4,-28
2,-7,5,-20,3,-2,0,-8,-6,6,-12,-24
7,3,0,4,2,11,7,2,1,-7,5,-1
8,-2,5,-7,-14,1,4,7,2,-22,-14,-5
6,-20,-12,3,-11,3,1,-12,7,-13,4,-24
-8,-12,9,5,0,-10,-9,-15,4,-1,8,9
10,4,5,9,9,-6,3,-9,3,-8,7,4
0,1,5,12,-2,-11,-14,11,-5,-20,-5,-4
-5,-3,-4,-15,5,-4,-3,17,-3,3,-6,16
5,9,-2,11,-14,14,7,-12,11,2,11,11
8,7,6,-6,4,10,8,5,-2,10,5,10
-13,0,6,5,-5,4,11,16,8,-2,10,10
2,15,6,12,11,11,11,2,-4,10,-6,-3
4,16,-14,23,7,10,1,-7,-14,0,4,7
-13,18,11,-12,-10,12,2,12,7,-13,-13,1
5,5,-13,-2,6,15,10,9,6,6,5,17
-13,-2,-8,14,-12,-1,1,-2,6,15,-7,17
-14,-1,10,3,11,-9,9,4,-9,-8,4,9
-1,-1,11,0,-14,3,-4,24,-7,-4,5,26
-4,3,-9,-1,7,-7,-14,-4,4,15,7,7
-5,29,7,9,3,5,-12,15,-5,17,2,23
-3,-3,-2,29,3,11,3,27,-9,5,5,-7
-1,18,4,20,-13,21,9,19,2,17,-2,15
0,7,-11,4,3,-1,5,21,-1,18,2,17
0,4,-14,4,3,4,1,7,-13,24,2,3
0,7,-2,-3,3,-3,-1,29,1,2,10,14
-9,18,-12,9,1,12,4,16,-8,13,2,0
0,6,-9,35,11,27,8,26,7,5,-10,11
-2,25,-9,27,3,14,9,24,6,2,6,27
-11,-15,-13,-7,1,-13,-3,-3,7,-22,-1,-6
-12,-31,-7,-13,-7,-17,6,-30,3,-9,0,-3
-12,-29,-8,-22,8,-10,5,-32,-6,-13,-7,-34
-9,-2,6,-26,2,-9,3,-26,-6,-9,-3,-28
-1,-22,9,-7,-1,-5,-7,-14,3,-7,-8,-27
-4,-10,-5,-25,4,-14,9,-26,3,-1,2,-19
0,-21,-8,0,-4,-16,-12,1,1,-23,-1,-6
5,3,6,-27,-7,-23,0,0,10,0,3,-17
-6,-25,4,-26,6,-23,-12,-17,6,5,-12,8
-3,-18,5,0,-11,-10,3,-15,-7,-6,6,-6
-12,-17,-9,-2,-12,-27,-9,-21,6,-28,12,-15
-8,-23,-8,-11,-6,-13,-12,-2,2,-17,5,-21
-2,12,2,-25,11,-13,2,-26,9,-7,3,9
-4,10,0,-5,7,-3,5,-3,6,5,1,-18
-8,-24,4,13,0,-21,-4,-9,-9,2,2,0
4,14,-7,-14,10,0,8,0,10,4,4,6
8,10,0,8,11,-1,7,9,-3,16,-1,7
10,-1,-12,-2,-1,2,-11,14,4,14,-2,0
-3,8,6,-15,-1,-17,-11,-18,1,6,6,-3
0,10,4,7,-6,5,-12,-2,-12,1,9,5
-11,-9,10,4,6,16,-8,-16,10,11,-3,3
4,10,-1,2,-1,-11,5,-7,-3,1,-5,0
9,-8,-4,19,-6,15,-9,7,-8,22,7,4
0,21,3,-1,-6,-7,-11,-3,2,-3,-1,-15
-11,6,1,14,-1,17,0,6,-8,-5,10,-1
-7,5,5,15,1,5,8,16,1,-2,9,20
10,16,9,10,-11,11,9,21,5,6,0,11
3,-11,-3,-7,12,-4,-3,5,-4,20,-4,-7
8,-5,5,8,2,-4,-1,-3,3,21,-10,11
0,28,9,9,10,-9,8,4,-9,25,-10,-5
-8,8,3,-6,-13,10,5,19,8,-4,-9,-6
-10,9,3,-1,0,14,1,7,-13,0,6,30
2,-4,-3,32,-12,27,7,23,6,12,-10,26
4,10,2,30,8,12,7,13,-1,-4,5,8
1,16,-7,33,8,20,2,33,1,8,-4,-2
-9,13,3,26,-12,23,3,8,-4,16,-1,10
2,29,0,3,-7,15,3,4,-9,16,-10,33
-13,25,0,32,-9,13,-13,32,8,7,3,33
8,4,2,7,7,16,-13,11,0,10,-10,33
0,-3,3,-27,-10,-23,-1,-30,3,-24,-1,-5
9,-28,3,-25,2,-6,7,-15,-5,-28,-7,-13
9,-23,-12,-19,9,-1,3,-19,2,-31,0,-1
-8,-15,-3,-25,1,-10,6,-1,-3,-32,1,-16
1,-22,11,-23,4,-13,12,-31,-3,-27,5,-34
1,-29,2,0,4,1,-6,-18,13,-15,0,-5
-8,-22,-9,-9,12,-6,5,-3,6,-19,-1,-12
1,-21,3,-16,-6,-10,-8,-10,3,-24,-10,3
3,4,2,8,-12,-24,7,-19,3,2,0,6
0,-5,11,-24,1,6,-5,-18,3,-27,6,-22
9,-25,6,-9,10,-13,-2,-9,-3,1,8,-11
-11,3,7,-21,-7,9,4,2,10,5,-5,-7
0,10,5,-13,3,9,11,-25,-12,-10,9,-18
7,1,-7,-13,11,3,3,4,2,-8,3,-8
5,-14,-2,4,-9,-7,5,-2,10,-4,8,-2
13,-4,2,2,10,3,-4,-4,12,-9,2,-21
11,-8,-4,-6,5,-6,-6,-18,-8,-21,3,4
-4,0,-5,-4,-4,-3,-3,-9,-9,-15,13,11
1,0,10,-10,7,-2,-11,12,10,-2,6,-15
0,10,5,4,-7,5,10,-9,-10,-8,13,9
-10,-18,9,2,-12,-3,-12,-14,5,0,4,6
-9,-6,12,3,0,13,5,8,7,-16,7,-4
4,-1,5,-4,8,14,9,-11,-11,21,-2,-12
9,-9,3,14,5,-13,13,6,0,-1,4,4
1,-1,11,1,1,24,8,2,-9,14,-2,-4
-10,6,-9,15,5,23,-1,13,-6,15,9,14
-5,6,-3,7,5,12,4,23,-1,3,5,19
2,4,2,-7,7,20,8,15,11,-10,4,-5
1,24,1,-8,11,15,11,21,-9,15,5,1
4,-7,4,25,6,24,-10,-1,2,25,1,15
2,29,0,25,6,30,-8,-2,-1,17,1,5
-2,11,0,24,8,12,8,23,-1,-3,-4,3
9,1,6,6,4,-1,4,19,-1,5,-2,31
4,20,-1,2,7,31,13,17,-10,32,7,28
-2,10,-3,16,9,5,-6,5,-9,15,4,32
3,32,-7,20,-4,13,-3,27,1,25,-12,33
1,5,1,34,9,32,-2,-2,0,22,-1,30
-9,11,-2,35,-12,-1,5,31,-7,36,-9,17
0,37,4,15,1,22,-3,38,6,6,0,4
-7,-26,-3,-5,3,-5,6,-27,-9,-20,9,-2
3,-33,3,-34,-7,-18,0,-36,-6,-20,3,-32
3,-33,-8,-5,3,-1,-6,-25,-8,1,4,-23
9,-10,3,-35,2,-1,-2,-7,-2,-30,-1,-23
4,-2,-6,-34,-9,-2,3,-32,-10,1,5,-31
9,-22,1,-8,-8,-32,-5,-2,-3,-20,3,4
4,1,-8,3,9,6,3,-4,-8,6,-4,-22
5,1,-2,-13,-2,5,13,-11,-7,-31,0,-30
13,-17,-6,-6,-1,-7,-7,-27,11,-20,3,6
9,3,-6,-20,-9,-9,6,-22,-1,-29,-1,-24
2,10,-5,-1,-4,-12,-7,-12,11,-28,3,7
13,-9,9,-2,-9,-5,4,1,8,-4,-2,-5
-5,-20,-5,-7,12,6,-10,-10,-8,-6,8,1
12,-25,9,-23,-1,-14,2,-10,-1,-6,10,6
12,-9,-11,-6,-11,0,9,-10,10,5,10,6
-2,2,4,2,8,7,5,14,4,-2,11,-22
-11,-6,-11,3,12,2,6,9,-2,-18,-11,1
11,-4,8,8,4,-10,-7,14,-11,-4,3,4
0,-1,4,-18,4,-18,7,6,-4,-12,-4,6
8,2,6,9,1,-19,-2,-3,10,-7,0,10
-10,5,-7,7,-1,18,6,3,6,-1,-1,1
13,15,3,-4,12,-14,4,-1,-6,1,-3,21
9,14,-4,15,4,-12,11,10,0,-10,6,18
-4,20,4,15,9,10,9,9,9,7,-9,-15
9,4,7,23,4,15,12,7,9,-2,14,-12
12,17,10,3,6,20,1,19,3,16,11,8
-8,25,-2,19,6,26,13,1,-10,-12,7,5
-10,-6,3,-3,1,-10,-1,27,-3,19,-9,19
5,24,7,1,-6,9,-9,4,0,-1,-4,14
0,16,-4,3,11,-8,-7,27,1,-6,-11,23
1,6,2,2,-3,2,-5,14,-5,23,-5,1
3,-7,-2,23,11,-5,-1,29,-4,27,-1,13
2,-3,-1,25,-4,1,12,2,-6,15,14,11
2,3,5,6,12,6,3,1,8,-1,6,10
2,-2,1,5,-6,12,10,18,10,6,-4,21
-9,8,-2,0,7,20,11,-2,3,0,-2,8
-1,11,2,6,0,1,-7,29,-4,23,-6,12
-1,9,-6,0,6,21,-3,2,-2,17,-2,31
-2,36,2,3,-1,38,-9,33,4,23,-2,3
4,-36,3,-32,4,-1,10,-25,-2,-21,-3,-20
4,-36,0,-30,-2,-35,15,-33,6,-1,-3,-6
6,-10,7,-1,-9,-27,10,-11,-7,-12,-4,-12
4,-2,-5,-4,5,-22,8,-28,-4,-28,5,-24
4,2,-10,1,-2,-19,-10,-18,5,-23,4,-24
11,-23,12,-7,-10,-19,10,-10,-1,-11,-7,-2
5,-28,12,-1,5,6,5,-25,-7,-22,4,-24
8,4,-1,-18,15,-15,12,-9,12,-15,1,6
-8,-14,6,-23,4,-14,7,-11,-3,-30,-2,-28
4,-15,-5,-19,8,-7,8,-9,10,-22,10,-24
7,-12,2,10,8,9,11,-1,6,-16,1,-4
15,3,0,2,15,-14,-7,-24,4,4,-8,-2
3,-5,10,-3,13,-8,11,-7,10,-3,12,0
1,3,15,-9,-2,-19,-3,8,12,-2,14,-6
1,3,-5,14,-2,-5,9,10,15,4,8,14
0,4,11,0,9,-14,5,-3,7,5,9,-20
4,7,9,-1,5,-4,12,9,-10,-10,-3,-18
-8,-8,13,-11,-9,3,5,-16,12,0,-2,8
-6,7,-5,-1,-4,11,-5,-5,5,4,15,-2
14,11,15,-6,-6,-2,0,-16,-9,-6,9,-7
-9,17,6,0,0,2,-1,5,-7,-11,14,7
-5,13,-6,5,0,-3,-2,10,3,20,-4,-4
-2,13,12,7,3,1,12,-10,15,9,13,15
13,4,0,4,15,9,-10,8,9,14,11,9
15,-13,-1,8,-8,-5,15,3,1,5,-5,6
4,17,10,11,-3,-13,-1,5,10,18,7,-7
6,5,-10,14,-10,20,9,18,4,13,-10,25
3,-10,3,0,-9,7,-4,-5,-3,-9,6,0
-6,27,0,1,-2,15,3,16,-4,26,-4,1
1,21,3,5,-8,28,0,11,-4,15,-4,-3
2,-6,2,3,-7,0,-4,-7,5,28,1,4
0,23,2,6,11,3,-8,21,5,-6,7,6
1,27,0,-5,-1,24,2,31,-4,24,0,7
0,31,-4,24,1,6,14,-5,-6,8,7,7
12,28,1,2,-8,-2,-9,24,-4,33,-4,8
-4,0,0,24,3,34,0,7,2,19,8,33
-6,6,-2,7,-2,9,4,-1,-9,0,-2,3
-2,11,2,5,1,31,-1,20,0,24,6,8
-10,0,-3,10,15,11,0,2,9,33,7,7
1,-15,-4,-31,9,-8,13,-24,1,-10,3,-26
7,-8,15,-37,8,-14,-5,-32,4,-5,6,-1
6,0,-9,-4,13,-11,6,-34,-6,-13,-1,-8
0,-22,-1,-34,-6,-26,9,-26,-6,-13,6,-29
1,-2,-9,-34,-1,-3,-8,2,16,-14,-2,-7
-1,-32,3,-23,-9,-13,-1,-28,4,-9,6,2
7,4,7,-4,-6,-1,-7,-28,1,-18,-3,-1
0,3,7,-31,6,6,-5,-13,-2,-13,6,-23
3,4,-1,-18,-2,-29,5,8,3,-26,1,-22
-6,7,-5,9,-4,-17,10,-15,5,7,1,-15
0,4,5,-26,0,-10,-5,1,-2,-1,0,-21
-8,4,-2,-7,2,-12,5,-5,15,-25,15,5
13,-23,8,-18,-8,-1,5,-6,-6,4,11,6
-5,3,6,-5,13,-7,5,2,-7,-8,1,-10
15,-1,4,13,1,10,3,-16,-5,-22,-8,-17
3,-2,11,-22,2,3,-3,-16,-3,-10,4,-12
4,-6,10,2,8,-7,10,9,14,-19,14,5
-6,-1,2,5,7,12,-2,11,3,8,1,8
-1,-3,7,0,-3,-1,10,-8,14,8,-3,-2
12,7,13,-6,-3,-4,-2,16,6,-11,14,6
-2,16,-3,-2,11,19,-2,-12,7,15,-4,-2
-9,10,0,4,12,-11,-6,16,7,3,7,6
1,6,3,-9,9,-12,12,1,10,-8,0,2
-2,1,-2,1,-9,2,1,0,13,11,4,7
4,14,1,7,10,-12,-6,-2,-3,20,16,-11
8,10,6,10,6,-10,13,-1,14,8,12,8
9,-11,10,10,11,22,11,10,12,7,6,18
2,13,11,-11,-7,-7,2,25,1,24,-5,25
-2,-6,3,-6,-2,11,4,27,1,-6,6,-3
-7,-5,12,20,0,11,6,24,-2,2,-3,-9
2,28,2,23,-3,5,4,13,1,-6,-1,6
-1,1,-3,-3,11,28,-3,9,6,2,4,-5
3,-5,9,24,5,3,-3,-4,-3,19,6,-5
-2,6,0,4,-4,5,-4,33,-1,15,3,14
11,9,-8,-1,5,-4,14,0,4,7,-4,25
4,2,-7,21,0,11,-7,35,2,-2,8,27
3,5,5,10,7,11,2,31,4,27,2,4
-8,0,3,27,3,4,7,0,-7,20,1,2
3,4,-3,34,-4,23,4,29,-1,2,5,6
-4,-8,9,-29,-2,-14,3,-3,10,-35,-4,-15
9,-35,9,-4,5,-28,0,-25,1,-26,-7,-1
9,-29,13,-27,1,-23,12,-3,-5,-22,0,-18
2,-32,-1,-26,-2,-3,-5,-15,-5,-27,8,-2
1,-26,0,-20,1,-25,5,-20,15,-19,-4,-1
3,-1,1,-10,-3,-1,-3,-6,5,-3,-2,-10
0,-26,3,6,17,-22,7,-8,-3,-32,7,-28
5,-6,-3,-27,4,4,-7,-12,3,-7,-1,-8
-3,-11,1,4,1,-30,-5,-23,9,-5,5,2
7,8,4,-9,-2,-19,-1,-15,0,-17,7,-19
0,-18,-1,-20,-6,6,-1,9,15,-17,-7,-18
4,-19,7,7,17,-1,5,-21,-2,-17,12,-18
1,-12,-4,10,8,-25,0,-13,-4,-23,3,12
9,1,12,7,6,-15,4,3,-2,10,2,-8
16,-23,4,-23,2,13,-5,10,16,9,-2,-19
5,-6,-4,11,2,-21,-7,15,-4,1,5,-18
14,-20,-3,4,16,8,7,13,-8,-4,6,-22
-8,-16,15,-15,2,-12,-1,13,1,11,17,12
12,-19,16,12,15,-6,-5,-9,6,12,9,0
1,7,0,7,8,-13,5,-6,-1,9,-1,-16
-5,1,17,-18,-2,5,9,-10,2,-15,3,5
14,11,7,7,7,3,6,20,11,-15,-1,4
0,0,0,19,6,-8,-4,3,-3,-6,9,-15
3,7,13,11,17,-9,3,-10,16,15,3,0
8,8,8,10,7,17,-3,2,7,4,5,2
0,7,4,24,-3,25,-4,11,9,-3,12,-1
7,10,0,3,13,0,-1,3,-6,7,6,11
-8,-5,-1,7,7,12,5,-4,3,5,3,3
-2,0,0,20,3,3,8,3,5,9,4,10
3,-7,7,0,4,13,0,-7,-4,22,5,24
-5,1,5,26,11,16,-6,-8,6,-8,-6,21
1,-1,2,23,4,7,0,21,1,20,-5,5
-6,18,7,-6,-1,24,5,-5,1,20,4,3
2,26,-3,28,17,9,3,18,1,3,-2,11
-1,34,7,27,3,10,4,2,9,29,-6,20
9,10,3,2,-3,31,-5,18,3,4,3,28
-2,6,-2,28,-1,16,4,36,-4,9,-4,4
-7,35,-6,8,-3,36,2,31,-1,29,1,9
0,33,-5,13,-1,26,5,4,2,34,5,0
-1,-15,-3,-25,-7,-19,-1,-17,1,-28,-4,-19
-5,-8,-4,-37,1,-10,3,-20,-3,-27,-2,-37
4,-24,16,-24,6,-25,5,-3,-3,0,-1,-3
-4,-6,-1,-21,-7,-28,-6,-6,16,-27,-5,-20
3,3,-5,-4,-2,-1,6,-17,2,0,-7,-22
2,5,4,-29,-2,-20,5,-6,1,5,18,-6
5,6,0,0,-1,3,2,-12,-1,-16,0,-19
4,-28,2,-20,12,-25,-4,-2,1,-10,1,-31
4,5,0,4,-1,-27,7,3,-3,-25,5,-20
-1,5,-1,-14,2,-3,3,0,-5,9,14,-18
4,9,-5,10,9,-11,12,-13,1,-28,-3,-4
4,-22,-3,-17,4,-22,4,-5,-5,-24,13,-26
-2,-12,0,-19,-2,1,5,-12,-2,-18,-3,-16
-6,-7,4,4,5,-14,1,-17,-2,-10,7,6
13,-4,-4,6,-7,6,12,-7,5,14,-2,11
6,7,0,-9,10,-2,15,-20,3,0,-4,-9
3,-3,6,-6,14,-17,-7,-5,5,-3,17,-4
-5,13,1,-1,-2,0,10,2,-1,8,12,-12
10,-2,1,9,9,16,4,0,14,10,9,0
-1,7,12,9,5,9,17,15,0,3,-2,15
-1,-2,11,9,-5,12,6,-18,18,9,8,1
1,8,6,14,18,4,15,1,-2,14,-5,9
6,6,0,21,8,-7,2,16,12,-7,7,-7
-5,10,4,4,18,-15,4,4,14,-12,15,5
14,-12,-4,12,17,0,8,-1,14,-9,15,-2
-4,14,9,10,4,-1,-1,24,-2,11,4,-2
18,8,-4,13,14,11,-4,24,18,14,12,9
0,-3,5,23,15,-11,6,-1,-5,9,-5,9
4,4,-5,13,0,5,-1,13,0,22,3,17
3,24,14,-5,-4,-3,3,22,6,-1,5,-1
0,1,-7,1,9,4,-1,0,6,1,-5,25
3,-7,-1,-7,4,18,-7,12,-2,21,-2,4
3,32,-3,3,-3,6,0,-1,-5,-5,5,10
0,5,-3,-5,-3,26,-6,16,5,-5,8,-3
-1,18,10,27,-3,23,12,4,7,23,17,-3
-2,20,0,20,2,25,-7,32,3,17,3,32
-7,33,1,35,1,10,11,0,1,32,-2,34
-3,20,5,21,-4,22,4,2,1,30,-4,8
2,10,5,27,3,21,-1,12,4,8,-2,22
-2,-25,1,-16,5,-17,6,-21,1,-34,-5,-9
-6,1,7,-2,16,-17,4,-19,13,-20,3,-29
0,-4,1,-30,3,-13,13,-30,19,-7,6,-12
5,-4,2,-25,0,-24,3,-30,0,-32,8,-24
1,-21,14,-21,7,-32,13,-1,7,-16,16,-27
-2,-24,-1,-27,19,-24,-5,-18,18,-21,-2,-24
4,-7,-4,-24,0,5,5,-32,3,6,5,-23
-5,2,-2,-28,3,-19,8,-24,-5,-27,-2,-23
-3,1,0,2,-3,0,5,-6,-2,-21,9,-8
3,-26,-2,-23,10,-6,2,-9,4,4,-3,9
5,-20,-3,-21,-3,7,2,-27,1,3,-2,-24
0,-27,5,9,1,0,6,-7,8,-21,6,-16
4,-19,1,9,5,-20,13,-23,5,6,3,-13
10,2,0,3,2,-20,2,6,8,-11,3,-4
5,-4,14,3,16,12,8,-24,5,-12,-2,-21
2,4,-5,-21,2,15,-6,-16,-5,-18,3,4
9,1,18,4,16,-19,17,-13,12,-1,1,-16
4,13,-4,-4,-3,12,16,-6,5,-18,18,-9
-2,-9,18,11,3,-13,-4,-2,5,7,-4,-12
-4,8,19,-7,8,-17,1,5,-6,7,-2,8
11,-15,-2,9,2,17,-3,-3,2,10,15,11
-5,2,-1,11,-6,4,2,-7,9,5,17,5
3,4,5,11,3,-6,3,17,12,-6,7,-7
16,12,7,4,-2,21,3,-5,0,-11,14,10
8,-5,1,7,10,14,-5,-11,5,4,6,4
3,3,18,-1,6,-1,1,-9,12,-1,19,12
11,8,9,9,14,5,-6,14,11,3,2,3
4,13,-3,3,0,15,-3,5,8,-3,3,-2
1,4,-4,10,14,23,-4,-7,1,-7,-2,-3
-1,-1,-1,-6,18,11,-1,16,5,5,17,-9
6,-5,-4,-3,1,27,18,4,-5,22,4,23
1,5,-1,23,5,0,18,20,7,-6,-2,30
-3,9,2,-6,4,2,-2,32,11,25,-5,13
-1,17,2,-3,16,32,-3,21,0,17,-1,5
0,20,1,-2,0,30,6,9,7,3,1,5
2,4,-3,31,2,17,5,31,2,0,4,8
-1,29,-3,13,-5,34,0,17,0,25,0,23
5,8,2,30,4,-1,6,25,-1,21,5,12
-3,35,-3,3,6,8,-6,8,4,10,-3,15
5,-34,-1,-27,11,-30,3,0,-4,-15,0,-35
-5,0,3,-31,20,-33,-3,-27,-1,0,2,-4
4,-31,-5,-23,7,-16,-3,-23,10,-33,-1,-36
-1,-4,1,-4,17,-23,7,-11,8,-35,-1,-24
7,-34,-1,3,8,-1,2,-5,-1,-28,0,-29
-1,-11,-4,-10,17,-20,8,-24,0,1,2,-32
-3,3,-3,-28,7,-30,-3,-8,-2,-20,2,-24
1,4,12,-21,-2,-31,19,-17,13,-12,0,2
-3,0,4,-26,4,-11,6,-15,2,-18,1,0
-2,-23,3,-5,8,-28,3,-4,8,-24,0,-12
-5,-26,-3,-25,13,-27,-4,-14,-2,3,2,-17
-3,5,-4,4,2,9,-2,-8,9,-25,3,-24
-1,8,-4,11,-2,-12,3,-26,7,7,1,-18
-5,6,7,-7,2,-22,-2,0,6,-3,17,-2
5,-8,9,-9,17,10,0,6,-4,-9,-2,-23
4,4,11,-2,9,6,0,-3,5,13,0,14
5,-5,9,-1,0,-19,-3,5,8,-16,3,-2
-1,-4,15,-7,11,-18,19,-3,-3,-16,-5,-2
-2,-19,7,15,19,2,13,13,11,2,3,14
9,0,18,-6,5,0,17,-17,-1,0,16,13
3,14,8,8,15,14,11,13,3,1,18,15
-4,10,4,12,-1,16,4,-6,9,5,18,-14
1,11,5,-16,3,10,-5,-7,1,16,-1,-2
7,13,6,0,14,-3,11,13,15,10,8,5
15,-11,1,-4,3,10,18,12,14,8,0,-12
6,3,6,9,-1,2,10,-12,15,15,-5,11
0,14,6,4,-5,22,20,14,1,-11,15,12
5,-10,-4,-10,0,-6,4,16,8,1,3,1
1,-6,4,-8,9,-4,3,27,10,27,-4,27
7,1,10,5,3,-5,-1,28,-1,-1,-3,-5
3,1,1,3,20,10,1,28,-1,20,-3,29
0,4,-5,-2,3,23,14,11,3,-3,-4,-4
6,7,4,-1,4,25,1,32,15,5,3,21
-1,24,-2,0,5,24,6,16,-3,10,-2,-3
4,-2,5,8,4,29,18,26,11,21,2,3
3,-1,-2,1,7,21,-3,33,10,31,20,21
4,5,14,32,-4,-2,8,1,5,29,-3,3
8,14,0,33,1,26,-2,23,1,8,2,1
-5,9,-3,35,6,1,10,18,15,13,8,37
1,-14,11,-30,-1,-34,2,-6,8,-1,-2,-16
1,-27,12,-4,19,-16,2,-10,7,-1,4,-7
4,-22,3,-31,8,-4,20,-3,3,-17,-3,-16
-1,-31,4,-22,-4,-32,8,-13,2,-24,2,-13
2,-27,12,1,2,-27,1,-25,4,-16,1,-30
4,3,12,-6,4,-33,-1,-27,4,-26,9,-5
14,0,-4,5,-1,-10,3,-25,2,1,7,-16
19,-18,2,-25,6,-21,21,-19,-3,5,4,6
3,-24,0,-6,5,7,-1,-16,1,-19,1,-21
-4,-26,21,-22,16,-28,0,5,7,-9,1,-28
-3,9,6,6,17,-28,3,-6,8,4,2,7
0,11,4,-22,4,6,0,-12,0,-20,4,-23
3,-25,16,-6,-1,-21,14,-25,6,-15,7,-21
-4,8,14,-12,10,2,0,-3,19,-19,-3,-8
4,4,21,9,6,-18,8,-3,0,-4,9,-21
3,4,14,-15,6,-8,2,-10,12,-18,5,8
3,-2,18,3,9,-12,1,4,5,11,16,7
17,4,17,9,8,-4,8,-19,0,11,16,-14
-1,-20,2,-18,20,9,4,12,1,-18,5,-19
1,-17,-3,-13,-4,-7,12,4,-2,-5,8,-5
2,-16,14,-2,7,-14,5,-5,11,15,7,-8
-4,-2,7,1,12,12,16,-7,8,-2,8,6
8,0,14,20,13,-6,0,12,-4,9,-2,12
7,3,12,4,8,6,3,2,20,17,17,18
0,1,11,24,18,2,17,17,12,4,8,19
8,14,-2,15,16,16,10,3,2,7,5,3
5,3,15,15,18,20,3,9,4,2,14,-10
1,22,3,-11,-2,-1,-3,26,2,-3,6,19
15,20,-2,8,2,26,17,23,-3,8,6,-9
4,22,-2,10,7,15,7,21,-1,-8,5,-4
17,0,6,27,18,27,-4,5,3,2,7,-6
-1,27,-3,25,15,12,1,28,1,20,5,-7
5,18,3,7,15,27,3,-5,-2,30,-2,7
-2,-2,-3,31,7,-3,0,9,1,1,-3,4
4,26,-2,28,10,8,21,-4,13,-2,3,31
12,32,7,29,-1,4,-1,19,9,1,0,29
4,9,10,12,-1,9,-1,16,-4,27,-1,8
2,18,11,21,13,19,2,25,15,18,7,-1
-2,31,1,37,0,28,3,12,15,38,-1,30
6,-8,14,-37,19,0,7,-8,-3,-36,5,-31
-1,-30,-3,-7,10,-32,1,-7,5,-2,20,-29
2,0,-1,-5,1,-4,5,-20,5,-21,22,-15
-1,2,1,-30,4,-2,21,-34,6,-15,13,-10
5,-16,9,-17,21,-17,4,-9,9,-21,3,-33
-2,-7,-1,-12,19,-14,13,-11,-1,-25,3,-26
14,6,7,-26,4,-3,0,-15,4,-31,-2,-2
6,-30,12,-21,-1,2,1,-4,13,6,6,-19
5,-17,3,8,-3,8,18,-21,5,-7,7,2
-3,7,7,-16,6,-12,19,-9,4,4,1,-16
19,2,14,-23,15,-7,5,7,-1,-5,18,-13
0,-9,-2,-7,2,-16,12,-2,14,-27,1,-7
-1,10,8,-25,7,-13,3,-12,-1,9,21,7
2,4,2,-20,11,13,11,6,-2,7,3,9
5,2,5,-7,21,-21,2,-7,18,-11,6,-9
6,5,-2,-14,1,-2,18,14,5,-15,17,-20
9,-2,14,-2,6,16,-1,-13,4,13,21,-2
-1,-9,6,-21,15,4,6,14,6,15,11,0
1,-19,1,-6,3,-20,0,15,-3,-9,0,0
3,14,8,-11,6,-14,2,13,0,-8,6,-13
4,12,4,12,4,-14,2,-12,1,3,10,-4
14,-17,19,4,20,13,20,-1,14,13,-2,-12
15,14,16,4,14,-15,1,17,21,15,5,5
2,-12,0,12,18,-12,-2,-8,10,12,8,2
-3,18,17,-4,10,-7,20,-1,16,17,-2,13
4,6,6,25,17,11,-3,-7,-1,14,19,2
12,-12,21,1,19,12,1,-10,4,-7,-2,14
4,-9,-1,3,9,2,-1,14,13,2,0,12
5,-10,18,-3,10,-10,20,22,2,-5,1,8
15,24,8,16,-2,26,13,7,8,19,6,27
-1,0,6,29,10,21,3,25,11,22,-1,1
-3,4,2,22,2,22,6,7,2,16,-2,-3
7,2,6,30,2,9,3,22,13,1,1,23
1,2,15,12,-1,8,12,17,12,33,7,-3
-2,12,3,32,20,-3,18,0,13,20,14,-2
3,26,19,3,3,19,4,-1,18,15,-3,19
3,3,7,6,0,1,9,-2,2,14,22,20
-2,-1,14,1,0,28,20,-1,8,4,0,33
0,30,14,16,17,2,14,3,16,5,4,36
5,-23,0,-37,14,-27,9,0,0,-6,12,-26
-2,-29,11,-24,23,-4,3,-4,23,-28,0,-19
-2,-2,4,-3,0,-7,8,-32,-1,-3,12,-6
3,2,1,-6,-1,-22,9,-10,0,-35,6,-11
6,-29,7,-1,-2,-29,19,1,0,0,0,-32
-1,-31,-1,-33,18,-30,9,-20,3,-4,9,-25
4,-7,9,-30,11,4,10,-14,13,-17,5,-27
4,6,0,-2,7,-4,3,-2,-1,-9,8,-5
9,-20,4,-5,2,0,1,-20,0,-28,8,-21
9,5,7,3,4,4,4,-19,20,-15,-2,-11
9,-21,-1,1,2,-25,21,-6,6,-17,2,-11
4,11,16,-23,18,-19,8,-5,-2,-6,6,-5
1,6,-1,12,23,-14,23,5,1,-5,1,10
8,-16,10,-1,13,-17,7,-1,14,-8,-2,-19
16,2,10,-1,14,-2,2,-16,15,-8,11,-6
3,4,2,10,3,7,2,2,23,-21,12,-4
5,6,9,11,16,-22,23,-11,8,-17,4,-5
0,-15,18,5,-1,-17,3,-8,5,0,20,-4
9,-20,-2,-13,22,3,11,7,4,-1,9,-16
2,16,16,-13,-1,-7,3,17,23,16,6,-11
5,19,22,11,6,10,9,-4,2,5,6,-9
1,-12,8,-14,2,-17,3,-16,0,-8,1,12
2,2,22,14,1,21,17,-14,5,-2,2,-11
11,-15,23,7,17,-12,-2,-14,2,18,21,-1
5,11,16,-13,-1,15,1,24,5,10,21,6
17,11,17,4,7,16,-1,-13,6,-7,10,14
12,-7,1,4,20,-5,-1,-7,11,26,11,15
10,20,-1,6,13,16,21,-1,0,2,-2,10
-2,-6,0,0,11,3,8,-4,7,2,1,-2
6,-5,9,26,1,29,1,0,11,13,14,28
4,22,12,1,7,-2,3,11,1,27,2,26
3,14,9,10,1,3,1,23,7,-5,-2,24
2,30,22,27,7,26,3,22,-2,32,6,5
2,-1,1,33,8,27,8,16,23,10,1,1
4,32,2,17,10,22,10,21,-2,2,0,-3
3,6,16,11,9,25,22,26,-2,11,4,7
6,36,10,0,10,34,-1,21,0,31,10,1
2,22,11,11,10,36,1,0,3,3,3,7
13,19,7,14,15,17,19,30,10,10,7,20
10,-37,3,-19,22,-33,10,-29,0,0,6,-8
13,-11,3,-5,3,-3,16,-35,4,-7,13,-4
9,-31,-1,-24,20,-35,0,-10,14,-1,8,-17
3,-33,-1,-20,9,-13,11,-25,10,-22,10,-8
5,-25,10,-4,24,-5,-1,-20,14,-34,-1,-23
2,-26,3,-2,3,-15,21,-25,2,-28,1,3
2,-19,4,-17,0,-15,15,-11,14,-28,4,6
10,-25,12,-22,3,-25,8,-29,12,3,8,7
0,-1,10,-16,-1,7,6,-2,3,-1,0,-8
4,6,24,-26,1,-17,7,-25,17,-29,3,-8
1,-23,15,-12,24,-25,9,-4,0,-16,7,-22
8,-23,3,-7,6,-25,19,-25,8,-17,9,-21
6,-4,22,7,8,-22,12,10,0,0,19,-12
5,-12,8,-18,19,-18,9,2,7,12,15,-4
19,-22,23,-21,8,-23,1,-4,12,-11,23,-3
9,-3,18,-23,3,1,0,-22,0,-20,18,-22
10,-5,20,-17,19,-22,14,1,23,3,21,-19
2,7,7,-2,-1,2,-1,0,11,2,15,8
16,-8,3,10,6,2,19,-20,17,15,12,16
7,18,2,-2,17,0,5,15,11,15,-1,-16
4,-13,1,15,1,6,18,2,3,-6,18,-3
1,-15,9,-3,-1,-13,12,-5,1,-10,14,-2
0,-7,24,3,12,3,12,19,0,13,16,-11
19,11,7,21,6,-10,-1,21,5,11,9,13
4,-7,22,-14,-1,-3,7,19,19,-9,12,-2
-1,10,16,23,9,11,9,13,11,-7,-1,15
8,0,16,5,10,10,24,15,2,-10,17,2
0,27,8,5,2,2,-1,16,-1,22,9,22
5,21,0,-6,22,12,0,1,2,3,-1,5
14,29,0,5,17,5,3,3,6,27,2,-9
0,-4,-1,28,3,14,7,-2,3,6,2,-1
8,4,3,5,17,8,13,16,11,10,14,11
12,25,10,4,3,-4,13,2,2,-6,7,27
8,-5,20,26,11,33,-1,10,2,13,8,9
4,11,8,4,5,1,17,26,4,16,1,31
7,32,4,32,2,9,22,33,4,33,16,19
3,22,6,23,9,10,11,34,3,33,14,19
2,23,17,6,10,26,9,11,2,8,10,27
3,19,24,29,12,26,14,19,22,16,5,37
6,-26,8,-4,22,-11,19,-2,14,-25,7,-4
10,-31,1,-15,22,-6,7,-37,3,-4,7,-23
1,-12,6,-31,25,-35,2,-30,10,-6,9,-12
2,-2,2,-28,3,-33,14,-32,12,-17,9,-12
7,-27,1,-13,18,-14,6,-29,4,-4,2,-2
3,-23,1,-28,4,-4,0,5,4,-16,9,4
20,-20,11,-4,11,5,12,2,10,-8,6,-29
11,-8,25,-22,5,-22,1,4,3,-27,9,-5
5,8,22,-16,6,-5,15,-26,10,-24,8,1
0,-5,0,-19,1,-14,25,-21,3,-12,15,3
4,-23,13,-24,14,-25,2,-7,2,3,10,8
5,-21,3,-19,5,-5,7,4,3,5,9,3
7,-26,4,9,15,10,4,-13,0,-18,15,7
5,9,14,7,10,10,5,-1,13,-11,0,8
7,0,14,-1,6,5,5,-14,16,6,13,7
12,-6,22,-16,14,-16,1,-11,0,14,1,1
25,-7,4,6,20,-2,0,-20,13,-7,22,0
14,2,14,-1,0,-13,25,2,7,16,17,-4
9,11,3,0,1,-14,9,6,0,16,12,-14
0,-18,0,-18,2,-11,2,10,11,-9,4,-18
17,-10,1,0,4,-7,10,-11,9,10,0,9
7,16,3,-11,3,9,6,12,3,10,2,-10
3,7,10,17,4,0,7,7,12,-5,12,-15
4,17,11,-15,13,-9,14,-10,2,15,0,-11
8,-11,16,22,24,1,0,-4,9,-8,19,-3
20,18,19,25,23,18,5,9,20,-10,1,5
13,-6,12,3,5,2,0,25,25,0,2,5
11,0,10,-2,4,-4,9,8,14,17,0,23
7,21,11,2,25,9,3,13,14,-6,0,-10
5,4,3,12,7,19,18,-1,0,-8,3,4
3,0,16,-4,11,21,1,19,11,29,0,-6
3,31,14,4,2,21,5,14,5,0,0,9
1,28,0,5,15,22,5,-6,0,17,3,-3
12,1,3,-4,0,-4,16,33,0,-2,0,3
3,10,18,31,14,26,8,3,0,6,0,22
3,19,4,13,3,29,4,29,25,20,4,27
6,13,0,32,1,3,0,26,17,27,7,30
6,0,7,3,1,29,8,10,12,1,1,10
7,36,12,32,5,28,10,23,0,5,0,7
