-1,-27,-25,-33,-22,-31,-2,-23,-11,-11,-12,-12
-3,-17,-19,-37,-12,-17,-12,-20,-9,-20,-11,-32
-17,-26,-1,-23,-10,-20,-20,-7,-23,-24,-15,-14
-22,-30,-5,0,-2,-12,-4,-2,-17,-1,-14,-14
-25,3,-24,-28,-17,-8,-4,-21,-16,3,-8,4
-8,-14,-13,-30,-1,-29,-18,-25,-14,-28,-7,-8
-25,4,-5,-27,-5,-26,-23,-6,-12,-20,-8,-20
-7,-12,-14,-25,-4,-19,-3,-6,-8,4,-19,7
-18,-20,-15,7,-9,-26,-8,-28,-17,-18,-17,-22
-3,9,-16,-22,-5,7,-19,6,-19,-26,-20,-12
-8,-12,-2,10,-18,-15,-6,-15,-18,-16,-10,-28
-20,-3,-2,-16,-24,-27,-14,5,-1,-19,-2,11
-8,11,-9,1,-16,-7,-4,-8,-7,7,-8,-5
-18,11,-5,8,-4,6,-12,7,-13,-21,-18,12
-1,9,0,-1,-6,-8,-22,-16,-4,-1,-17,2
-1,-5,-4,-20,-13,-11,-11,-12,-1,-10,-25,-13
-5,-3,-10,-15,-17,3,-25,-17,-11,2,-23,9
-4,-1,-9,5,-12,4,-23,-4,-19,7,-24,12
-2,1,-8,-3,-24,-6,-20,-2,-18,-10,-9,3
-19,17,-16,10,-19,-1,-6,8,-16,10,-10,6
-3,8,-11,-17,-11,-14,-7,20,-14,-10,-5,-15
-18,-17,-11,16,-14,-11,-10,11,-6,5,-20,-16
-3,-9,-14,10,-11,-2,-1,13,-11,6,-8,-6
-9,16,-11,-8,-13,-4,-24,19,-13,22,-15,-13
-25,19,-24,14,-23,5,-20,3,-14,10,-11,19
-20,-13,-13,-3,-2,-1,-2,4,-6,4,-7,-1
-17,-1,-18,-7,-14,9,-13,18,-11,19,-15,5
-3,2,-10,4,-12,16,-7,24,-11,8,-12,22
-18,5,-14,11,-23,0,-16,-5,-13,-3,-12,7
-4,3,-3,-4,-1,4,-4,8,-25,4,-22,2
-11,18,-20,15,-20,16,0,18,0,1,-5,-7
-16,17,-17,-7,-19,29,-18,9,-24,23,-9,3
-14,28,-4,30,-21,31,0,2,-8,27,-11,31
-24,29,-12,4,-4,5,-17,14,-12,22,-5,22
-6,0,-6,20,-8,12,-21,-1,-11,21,0,9
-3,-3,-1,15,-7,21,-1,-3,-2,-1,-5,-1
-5,0,-1,-1,-3,8,-4,0,-24,13,-20,8
-8,0,-6,1,-3,23,-5,2,-17,0,-4,1
-8,5,-21,10,0,26,0,19,-9,4,-16,20
1,-12,-21,-27,-9,-14,-15,-14,-24,-29,-19,-33
-11,-7,-16,-10,-13,-34,-24,-22,-3,-27,-19,-11
-17,-27,-21,-9,-1,-28,0,-30,-15,-22,-9,-28
-7,-23,-21,-20,-16,-8,-2,-32,-3,-7,-7,-10
-6,-10,-16,-2,-19,-1,0,-9,-23,-23,-11,-11
-20,-7,-11,-30,-15,-20,-14,-8,-19,5,-3,0
-18,-17,-22,-27,-5,-22,-21,2,-1,-1,-3,3
-3,-12,-14,1,-9,4,-16,-5,0,5,-19,-7
-2,-11,-17,-30,-19,-24,1,0,-12,-7,-5,-11
0,-21,-16,2,-23,9,-24,-21,-9,-19,-22,6
-7,-4,-16,9,-7,-18,-1,-7,-11,1,-11,-12
-12,-13,-23,-7,-16,6,-22,-15,-11,-17,-6,-26
1,7,-7,-15,-22,-22,-13,-25,-9,10,-7,-19
-1,-7,-8,-2,1,-1,-1,-16,1,7,-22,2
-9,-1,-12,-4,-4,-11,-21,-24,-14,-6,-5,-2
-1,-6,-2,-19,-5,-21,-14,-7,-10,-10,-15,6
-17,8,-15,-1,-8,-9,-21,-8,-17,-17,-17,5
-24,-2,-14,13,1,-10,-22,17,-12,-20,-1,12
-4,-4,-24,8,1,-6,1,-11,-23,8,-3,9
-13,-15,-4,-7,-20,-16,-4,0,-22,-2,-19,-7
-22,-6,-23,-18,-20,9,-18,9,-22,-3,-7,19
-17,-16,-18,-12,0,-1,0,-12,-8,19,-9,0
-14,22,-15,9,-1,-5,-8,-7,-17,17,-16,0
-13,-6,-15,8,-5,-1,-16,5,-4,15,-24,22
-21,1,-17,15,-1,17,-23,-6,-11,-3,-12,10
-7,25,-9,19,-12,16,-16,-3,-20,24,-6,19
-20,2,-13,19,-8,22,-22,4,-1,-9,-13,21
-22,15,1,26,-4,4,-22,16,-24,-11,-19,11
-3,17,-13,0,-18,9,-19,-1,-23,28,-8,27
-21,4,-19,18,-4,1,-7,23,-9,29,-23,-8
-19,-7,-5,9,-20,22,-14,13,-4,12,-21,14
-23,9,-1,7,-5,5,-19,26,-13,29,-23,27
-23,31,-2,2,-18,25,-8,6,-3,-3,-6,17
-18,33,-4,17,-10,7,-18,32,-13,32,-5,22
-9,-4,-12,2,-14,2,-23,15,-10,-3,-15,3
-1,-1,0,-1,-14,9,-9,0,-11,34,-16,-3
0,0,-8,2,-20,4,0,1,-9,19,-6,0
-11,5,-8,30,0,0,-14,25,-21,0,-1,1
-5,3,-1,3,-24,2,-2,1,-1,30,-9,1
-7,-11,-18,-20,-22,-15,-19,-10,-19,-33,-13,-5
2,-12,-23,-6,-12,-18,-10,-22,-1,-3,0,-12
-15,-6,-21,-5,-9,-9,-12,-17,-14,-27,2,-10
-11,-6,-18,-19,-16,-11,-22,3,-17,-34,-15,-18
-16,-23,-4,-28,-15,-29,-10,-20,-3,-6,-8,-30
-7,-20,-10,-13,2,-17,-23,-22,-13,-30,-23,-30
-21,3,-21,-22,-1,-7,-17,-13,-5,-13,-15,-17
-6,-16,1,5,-7,-21,-20,-3,-17,-21,-1,-7
2,-6,-14,7,-10,-9,-21,-17,-1,-9,-14,-24
-17,-29,-1,-7,-1,5,-11,4,-17,-16,-10,-14
-5,-5,-8,1,-2,-10,-6,7,-20,2,-19,7
-14,-4,-4,-9,-15,-9,-16,2,-9,7,-15,-26
-9,-2,-20,-2,-13,-5,-12,0,-20,2,-13,-22
-17,-13,-13,-6,-16,-6,-2,-9,-15,-22,-9,-16
2,8,-23,14,-6,13,-21,-4,-3,0,-8,-12
-10,11,-13,-9,-12,8,-13,-6,-2,-4,-16,-11
-21,11,-4,9,-22,5,-4,-3,-22,-13,-2,-15
-8,16,2,17,-1,-16,-19,17,-7,-19,-15,10
-9,-6,-16,8,-5,14,-22,4,-5,-13,-14,-5
-4,-9,-9,4,0,3,-14,-1,-11,-3,-20,6
-1,19,-19,-16,-21,15,-6,-2,-14,0,-15,-13
-23,-6,-7,-6,-18,11,-13,-9,-7,-7,-11,1
-6,11,-4,-6,-1,10,-12,12,-7,-3,-2,21
-5,-10,-8,23,-18,17,-11,17,2,-10,-19,4
-10,-13,-18,10,-16,19,-4,-10,-15,-12,1,14
-2,25,-1,10,-6,-12,-14,24,2,-11,-17,15
-4,14,-11,11,1,26,-19,12,-5,5,-7,24
-2,4,-19,4,-12,-9,-1,27,-21,9,-7,-2
-3,3,-9,12,-9,22,-13,-1,-11,12,-1,16
-23,3,-22,5,-5,2,2,6,-11,0,-19,13
-15,20,2,0,-1,11,-19,6,2,23,-15,14
-13,-3,2,4,0,19,-16,-4,-22,17,-7,31
-15,31,-6,30,-18,16,1,18,-20,3,2,15
-8,27,-9,9,-8,13,-13,8,0,31,-13,6
-17,29,-4,33,-13,3,-4,34,-17,25,-2,23
-11,6,-8,0,-7,-2,-6,0,-17,3,-6,0
0,1,-16,28,-4,5,-1,-2,-5,18,-13,5
-2,1,-22,14,-14,0,-4,2,-23,19,-14,1
-4,2,-12,14,-2,2,-6,7,-6,7,-20,20
2,-17,3,-2,-4,-34,-7,-38,0,-23,-18,-31
-12,-31,-12,-32,-8,-12,-11,-30,-3,-37,-6,-25
-4,-6,-8,0,-6,-30,-15,-4,-1,-24,-9,-6
-20,1,0,0,-20,0,-6,-7,-2,-32,2,3
1,-21,-3,-5,2,-15,-12,2,-9,-12,-15,-2
-16,-9,-21,-30,-19,-30,1,-29,-3,-23,3,-22
3,-3,-19,-7,-8,-19,-4,-24,0,1,-6,-4
1,-1,-2,-23,1,-18,1,-15,-6,-15,-3,-10
3,-2,-16,-16,-6,-19,-1,-11,-6,5,-6,-1
-18,2,-2,-20,-20,-5,-2,-8,-7,-16,-9,-15
-10,-5,-17,-25,-12,3,-17,-20,-13,-4,-9,-10
-22,8,-4,-17,-17,3,-5,-10,3,-1,0,8
-18,-26,-13,-12,-17,-17,-9,2,-3,-10,-1,-8
0,-4,3,-16,-13,3,-21,-23,3,-6,-4,10
-19,0,-4,-24,-6,-2,-22,-14,1,-12,-21,-13
0,8,0,-14,1,-22,-5,-23,-13,-13,-18,-21
-18,5,-13,-10,-10,-4,-15,-11,-21,1,-13,11
-1,4,2,5,-16,-1,3,15,-6,-3,-12,-21
1,7,-14,-19,-6,-3,-16,0,-2,18,-2,18
3,1,-12,3,-16,11,-21,10,0,16,-17,10
-14,-2,-18,-15,3,14,-10,-7,-13,10,-11,-17
2,9,0,-10,-12,-17,-13,-16,-16,-13,-17,-10
-22,18,-5,8,-1,-13,-19,-7,-2,-2,1,20
-7,-8,-1,1,-19,-2,-17,-10,-20,9,2,9
-1,18,-20,12,1,3,-8,-4,-7,-9,-11,-11
-14,-5,-2,8,-1,0,-12,-8,-8,24,-14,19
-22,18,2,12,-4,15,-14,-5,-20,18,-21,17
-18,13,-6,-4,-15,-6,2,24,-9,3,-7,7
-21,8,-10,-10,-18,9,-1,28,3,1,-16,-4
-5,5,-10,9,-21,-5,-11,-9,1,-1,-5,22
-7,22,2,20,-11,9,-8,22,-15,22,-12,20
-20,-4,-7,21,-11,21,2,23,-17,20,1,-3
-4,1,2,32,-6,-3,-3,11,-12,3,-11,2
-3,28,-9,21,-5,15,-7,1,-4,5,-7,2
1,1,-7,4,1,32,-8,3,-21,15,-8,27
2,1,-19,1,-10,-1,-15,-1,-20,35,-15,19
1,-1,-10,19,-4,0,-22,24,-9,4,-17,1
3,2,1,25,-7,0,-14,4,-17,13,-22,17
2,5,-17,9,-20,29,-10,16,-2,12,-22,5
-17,-15,-4,-7,-11,-8,-7,-37,-14,-37,4,-24
-5,-25,-19,-20,0,-4,-15,-13,3,-15,-6,-34
-20,-1,-10,-24,-16,-21,-10,-20,-16,-29,-13,-12
-5,1,-11,-19,-10,-26,-7,-30,-11,-18,-5,-1
-15,-32,-2,-14,-19,-3,0,-13,-11,-33,-12,4
-18,-7,-21,0,-2,2,-9,-9,-6,-14,-4,-25
-5,-18,-18,-3,-8,-3,-8,-11,-12,1,-20,-12
-19,-10,-1,-24,1,-1,1,2,3,-20,-7,-12
-18,6,-13,-5,-8,3,-11,-2,2,-21,-18,-16
-8,-2,-20,8,4,-7,2,0,-14,-23,-7,-16
-16,-26,-14,-3,-19,-7,2,6,-4,-12,3,-15
0,6,-9,10,-14,7,-15,-13,-21,-17,-1,3
1,7,-15,-19,0,-7,1,-14,-16,-5,-2,-15
-20,-6,0,-14,-15,1,-9,-12,-15,1,2,5
-14,2,-13,0,-12,9,4,-24,1,8,-8,8
-17,-20,-12,-17,-19,-14,-6,-11,-9,5,-8,2
-9,3,-1,-9,-2,-5,-11,10,-2,12,-1,-6
-6,13,-14,10,-12,15,-3,16,1,-13,-9,6
4,-9,-18,12,-14,-14,-7,-14,-12,0,-6,8
1,9,0,-1,-6,7,-5,-3,-6,10,-18,-15
-3,13,-19,-2,4,-1,-5,19,-16,-16,4,7
-16,-11,-3,12,-6,-14,-8,-11,-4,21,-18,0
-2,-3,-16,17,-5,19,-1,17,-16,-5,-1,9
2,7,-20,-3,-13,-2,3,12,-19,10,1,7
-20,3,0,0,-8,-7,3,-5,-5,-13,0,3
-15,-7,0,12,-20,5,-2,-2,2,-9,-8,25
4,2,2,11,-18,-3,-19,-8,-10,-8,-21,-3
-2,1,-11,18,-20,2,-18,21,-1,-6,-3,-2
-18,2,-14,1,-8,28,-19,13,-1,23,-10,-4
-8,27,-10,23,-11,8,-10,-4,-15,10,-12,-1
-7,4,-20,1,-21,7,-13,17,-15,12,-10,5
-16,22,-3,0,-15,-3,-16,0,-8,28,0,17
-17,31,-8,18,-20,27,-20,9,1,1,1,4
1,0,-15,32,-10,31,-13,18,-7,3,-14,28
-8,4,0,13,-6,28,-1,20,-8,0,-3,9
-8,6,-14,20,-18,34,0,22,0,29,-11,0
4,2,-5,0,-9,20,-20,33,-18,5,4,-1
1,1,-19,8,-7,2,-21,3,2,24,-6,1
0,5,3,21,1,35,-13,8,2,23,2,0
-16,-21,-17,-26,-2,-9,-8,-3,-11,-33,1,-34
-15,-23,-14,-18,3,-37,-11,-3,-7,-5,5,-17
-11,-8,-9,-12,-18,-28,-18,-17,2,-27,-5,0
-7,-21,-8,0,-20,-31,-15,-8,-8,-23,-1,-10
-13,-6,1,-19,-19,3,-1,-22,-2,-34,4,-3
-16,-3,-6,-12,-14,5,-14,-17,-8,-19,-10,-15
-7,-32,-9,-7,0,6,0,-4,-12,-24,-14,-17
1,-15,4,-8,0,-3,-15,-15,-10,-4,-15,-13
-8,-15,5,-12,-5,-10,-18,-8,1,-13,-3,-19
3,3,-10,6,-13,9,-11,-25,-7,-14,4,7
-4,-17,2,6,0,-24,-13,-2,-3,-14,-4,2
-1,-5,-1,-23,-16,4,-16,-22,-18,-8,-12,3
-8,-23,-3,0,-9,12,-14,10,1,1,-17,10
-16,-19,-20,-8,-10,-10,-17,-18,-2,-20,-13,-9
-6,-7,-5,-11,-2,12,-18,-10,-1,-13,-1,-8
5,-5,-19,-4,3,-19,-10,-5,-7,3,-7,-13
-18,0,3,-18,0,-17,-5,3,-14,16,-4,-6
-15,15,-10,4,-8,14,-6,6,3,-2,-3,6
5,16,-6,11,-20,-10,-7,10,2,-3,-1,12
-4,-3,-10,-10,-16,-3,-12,2,-17,17,-1,10
1,17,-4,-2,5,9,-4,11,-18,3,-14,8
0,3,-3,-11,2,0,-17,13,-10,-3,1,4
-18,-6,3,3,-11,16,-4,-11,-13,2,-17,-1
-16,21,-16,-2,-18,21,-1,-13,-9,15,-18,22
-2,0,-17,5,-6,14,-3,1,-8,15,-10,2
-15,-10,-2,10,-18,-2,1,17,3,20,-4,2
-14,16,3,17,-19,-11,-6,6,-20,10,-6,12
-16,1,-16,18,-2,-11,-5,8,-18,-6,-9,0
-10,-2,-5,1,-1,9,-16,7,4,-1,4,20
5,10,-8,3,-17,-9,-9,16,5,29,1,23
-10,-6,-15,26,-14,0,-2,28,-16,-4,2,23
-11,30,-16,-3,-19,15,-11,31,-10,31,1,8
-11,32,-7,-4,-16,-2,2,4,4,9,5,21
-16,33,-12,0,-15,30,-18,27,0,-5,-19,2
-5,1,-10,2,-7,31,-1,14,1,5,3,33
-6,4,5,29,-15,17,-9,34,-4,4,-16,30
4,1,1,10,-11,6,-8,1,4,-2,-3,0
1,3,-5,0,-19,28,-17,35,-18,7,-2,2
-18,29,-8,11,4,32,5,13,-2,26,4,35
3,-29,-10,-5,-1,-33,-2,-27,-5,-9,2,-38
4,-2,1,-31,-8,-26,4,-27,-19,-33,-9,-24
-14,-17,-13,-16,1,-24,-7,-29,1,-1,-9,-12
3,-12,-5,-25,2,-3,-10,-7,-11,-35,4,0
-12,3,-13,-3,-12,-30,-19,-22,-16,-5,5,-8
5,-27,-19,-7,-8,0,-11,-20,-8,-17,-16,-23
-5,-7,-18,-14,4,-7,-13,-19,-13,-5,-9,-24
-12,7,-5,-31,5,-28,-10,-2,-15,7,-18,7
-9,0,-3,8,4,-15,-2,8,0,-16,3,-10
0,-18,-9,-3,-18,-3,-17,4,4,-9,-10,-1
1,-13,5,-21,-1,-11,-12,-5,1,-1,-13,-27
-9,9,3,-27,4,-3,-2,-15,-9,9,6,7
-8,11,0,-7,-12,5,2,-18,-16,7,-7,9
-17,3,-18,-4,5,-14,-6,-21,-5,-15,6,-16
-13,-6,-2,11,3,14,-19,5,-9,7,-2,-11
2,-10,-7,-14,-9,9,-1,-4,-14,-17,-4,-9
-10,-17,-13,2,-8,-8,-5,15,-7,-7,-15,5
-7,-8,-7,-8,6,17,-17,-19,-13,-10,2,5
-18,-15,5,-6,-8,-4,-2,7,-2,-1,3,16
-13,-14,1,-19,-19,12,-5,-10,-1,-6,-11,4
-13,1,2,-9,-13,16,-2,7,-18,7,-3,-1
6,0,-9,4,-2,1,-12,1,-19,20,3,2
-2,4,-16,18,0,8,3,-10,-12,-1,-9,-2
-16,10,-5,-4,-3,21,-13,-9,-15,-1,-17,18
-15,-10,-5,-6,-4,-9,-19,8,-17,23,6,5
1,1,-4,-7,1,4,-4,-2,1,12,-13,-2
-4,26,-8,-5,4,21,-14,-2,-17,-2,-5,14
-4,-3,-2,-11,-18,25,-1,18,-8,14,-5,7
4,23,-10,0,-15,28,-12,21,-4,-1,2,13
-4,18,-16,13,-8,-8,0,16,-7,-1,5,8
-2,26,-3,21,-5,30,5,26,-19,-5,4,-2
0,1,1,9,-2,19,-11,22,-17,27,2,-4
0,21,-18,11,4,-3,-4,28,4,8,3,26
-6,5,-1,7,1,4,-10,10,-18,3,-8,17
-14,30,5,26,-2,5,-14,26,-8,-2,1,2
-7,4,-8,20,-13,29,-18,13,-16,24,-7,7
-3,-2,4,18,-3,36,-16,8,-8,21,5,0
6,1,-9,17,-13,11,2,-1,3,5,-8,19
-9,24,-7,17,-12,8,-4,18,2,18,-2,14
-13,-8,-4,-22,-8,-14,7,-14,-13,-15,0,-27
-17,-5,6,-17,-15,-23,7,-20,-10,-15,1,-32
-8,-17,-15,0,-5,-13,-1,-7,-5,-6,4,-24
-12,-24,-14,-13,-12,0,-14,-15,3,-5,-2,-28
-5,-3,-12,-9,0,-3,-3,-2,-2,-6,-10,-5
-7,0,-15,-32,0,-14,6,-1,7,-3,-14,-7
-4,6,2,-30,-13,-19,5,-8,3,2,2,-32
6,0,-1,-8,-5,-28,-4,-2,0,-10,-15,-3
6,-2,-3,-21,2,-9,6,-10,-17,-17,6,-1
1,0,-15,-21,3,-7,1,-6,-14,-12,-8,-2
-9,-12,5,-12,-12,9,3,4,-13,-10,0,-4
-18,-2,-10,-25,-13,-1,4,10,-3,6,7,-21
-10,-21,-1,4,-18,10,6,-16,-18,2,2,-8
-13,-20,6,-14,6,2,-14,-14,-14,-18,2,4
-1,-11,-10,12,7,5,-10,7,6,5,-12,0
-18,4,-6,3,-9,4,-3,-8,1,-4,7,-23
-3,-13,-18,-3,-12,-9,-14,-15,3,-22,-2,10
-12,8,-3,-21,-16,2,-5,5,7,16,-14,-16
-18,-14,0,0,-15,3,5,0,-14,-4,7,8
2,10,-10,11,4,-15,7,13,0,-18,-9,-5
-9,-16,2,6,-8,-10,-13,-5,-2,-4,-8,13
-2,13,7,-5,3,7,-3,10,-12,1,-11,3
-13,12,-18,-13,1,-5,-14,17,-1,-7,-8,5
-14,-4,-6,16,-1,17,-16,16,-10,4,-7,19
4,1,-6,-13,0,-13,4,2,7,-14,-7,10
-18,16,7,7,-4,-11,0,20,-10,11,4,8
-11,4,-14,16,-8,-2,-15,13,-15,-6,6,11
0,0,7,8,-15,6,-11,16,-14,17,5,20
-7,15,4,7,-8,3,-12,-2,-5,-7,5,16
-2,14,-15,7,3,26,7,3,1,15,1,-5
-16,22,-12,22,2,0,-16,10,-15,2,-15,-2
2,20,-3,24,2,0,-12,-4,4,19,-12,6
-12,2,-4,12,-11,10,5,20,-13,28,-1,11
-4,-5,-8,28,-14,8,7,32,-2,15,-6,23
-14,30,-10,13,-15,4,-11,29,0,5,3,7
-2,2,-16,12,6,-3,-2,1,-4,15,0,3
0,1,4,-1,-10,29,-6,16,-15,32,1,31
-15,37,7,9,-15,1,-14,20,-2,20,3,21
4,4,5,7,5,10,-15,11,-18,32,0,20
4,-30,-1,-24,6,-32,4,-34,-7,-3,-16,-17
1,0,7,-18,-16,-34,-10,-16,8,-27,2,-30
-6,-8,-2,-2,-5,0,-15,-33,1,-8,2,-36
-16,-10,1,0,0,-27,3,-22,5,-23,1,-4
-8,-22,-13,-15,-10,-31,2,0,1,-3,-10,-4
-5,-32,5,-18,-15,1,-4,-20,-12,-17,6,-30
-5,-30,-10,0,-4,-30,2,-22,-1,-13,6,-23
1,1,-2,-11,-1,-16,-17,-18,-8,-24,5,-17
-16,3,7,-14,-12,-18,-4,-30,-3,-23,-6,-25
6,0,4,-1,7,-24,3,-22,-10,7,0,-7
0,0,3,-25,-3,9,8,-21,-12,-9,4,0
-7,-24,8,0,-14,-16,-12,-23,-11,9,6,1
2,9,1,-7,-17,0,-13,-8,-16,6,2,-12
-10,-18,-4,2,-7,-14,-4,-15,-1,-3,-9,2
4,12,5,8,-9,-24,-10,10,-11,-7,-11,8
2,-8,-11,4,-3,3,6,-23,4,3,-7,-17
7,5,-13,10,6,15,3,8,4,16,7,15
-1,3,-16,8,-3,3,-6,3,-17,-2,-7,13
-9,13,-12,-18,-1,1,-5,3,-9,5,-4,14
6,15,-2,17,-5,-4,5,-10,-6,9,-6,19
1,7,-14,19,8,-9,-7,-6,-3,-4,-3,2
-3,3,-15,-17,3,1,-11,21,-11,-3,-8,20
6,12,0,12,-12,-11,-17,5,-7,3,-3,13
-16,-15,-4,21,-17,2,-1,-5,-10,-13,-8,4
7,10,8,12,-9,18,-9,13,-10,9,-11,6
-10,12,-13,-2,3,-2,4,7,-3,19,-8,5
-12,4,-17,24,-17,-12,4,-3,-13,14,-16,19
-8,18,-4,12,-2,11,-11,4,-6,24,6,1
-17,28,3,18,-9,-9,-17,17,-13,-1,-15,0
-14,1,2,0,7,14,-2,-1,-9,29,8,15
-15,7,2,30,0,7,-8,19,-16,28,-15,-2
-7,6,-11,6,-13,19,-13,3,-8,10,7,-4
4,1,4,23,-6,26,-1,26,-2,0,4,25
-6,3,-4,13,-10,17,-9,-3,-7,27,-14,26
8,-4,1,2,-16,27,-10,8,8,23,-15,24
-4,4,7,5,1,0,1,0,-16,0,-8,8
0,2,7,1,-17,21,-8,1,1,32,-13,9
7,0,-10,13,-15,16,5,22,-16,19,-10,-1
3,3,7,35,-1,37,1,15,-9,20,0,32
3,-19,4,-34,5,-18,-5,-34,-10,-13,2,-28
2,-10,-5,-33,-3,-18,-2,-6,-4,-31,9,-7
-3,-10,4,-22,-10,-14,-11,-24,3,-15,0,-18
9,-13,-4,-21,-16,3,-6,0,-1,-5,-1,-6
3,-11,0,-28,5,-30,9,-13,7,0,5,-22
-4,-33,-9,-14,-8,5,-1,-26,6,-14,-10,-4
-8,-13,1,-17,0,-5,2,-15,0,1,-9,3
7,-20,-15,-5,-13,-19,0,-6,2,-20,7,-14
-9,-16,-9,-26,-9,-23,2,-20,9,6,-15,7
-4,-12,-1,-25,7,9,-16,-27,-6,-23,3,2
2,-10,5,-1,6,-6,-4,8,-12,1,1,-10
-15,-15,1,7,-3,-14,4,10,-11,-26,-2,5
-13,2,2,6,2,-5,5,3,5,3,-16,5
-10,-11,-12,1,6,3,2,-3,-3,-1,-6,12
-3,1,7,-9,9,-19,-5,-13,-9,2,2,14
-5,13,6,-20,3,-14,4,13,-9,6,-1,-7
9,5,-11,4,-11,3,-2,-6,9,-9,1,-7
-12,1,-1,5,8,4,-7,-11,-15,-21,-13,3
-5,-15,-9,-4,-14,-13,0,-19,-15,-14,5,-12
-15,1,6,6,-16,6,3,-11,-2,-10,1,5
-9,1,-1,-6,-15,-16,-16,12,-5,-3,5,-5
0,16,-15,-13,-4,-12,6,-9,2,-14,-1,-2
-6,11,5,-16,-4,5,-12,19,-10,7,-10,6
9,-6,1,-2,2,-3,3,-8,5,16,0,11
5,12,-7,16,-2,-9,-4,17,-13,5,1,9
-13,17,-5,6,2,0,7,10,5,-7,0,12
-10,4,5,12,2,-2,-11,13,6,2,-11,24
8,23,-16,7,-13,16,-14,-11,9,-3,3,15
-1,2,-5,18,-8,6,1,8,4,-6,-7,16
-14,-4,-2,8,-5,1,6,27,7,23,-9,29
-7,-4,-1,2,-1,2,-12,7,1,14,-11,1
3,-1,5,-2,-5,28,0,4,-6,17,7,20
7,10,-8,2,8,12,-8,27,6,31,-8,5
9,-4,-1,-3,-1,1,1,0,6,-3,-9,-3
6,-3,1,-1,5,4,-13,-2,-9,-1,1,1
8,-3,2,0,0,-1,-13,-2,-8,2,9,0
2,0,5,2,-13,30,-1,20,9,1,-12,8
0,2,-16,9,-11,10,-10,20,-14,5,-7,21
-2,4,2,2,9,1,-1,1,-14,14,-12,13
8,-26,3,-5,-9,-10,-3,-30,1,0,5,-4
8,-14,-15,-25,7,-28,8,-15,-15,-3,8,-19
9,-27,2,-7,-2,-35,1,-5,-8,-12,-11,-4
4,-4,3,1,4,-30,-8,-13,6,0,-6,-19
-15,-32,1,-25,-4,-22,-10,-11,-15,2,-6,-29
5,-10,-1,-3,-11,-13,3,-19,4,-8,-14,-21
7,3,-11,3,3,-25,-12,-8,-9,0,-10,-5
-4,-24,-3,-26,5,-4,1,-5,-11,-18,-14,-9
-3,-18,-11,-18,7,-3,-5,8,-12,1,-1,-8
2,3,10,-14,-14,5,10,-19,1,5,0,-5
6,-4,9,-13,10,-25,-7,-28,-5,-28,-7,-21
6,-9,-8,-1,0,-12,-14,-23,6,-12,0,4
8,-6,-9,-3,-11,-8,-7,-11,-5,7,-7,12
6,12,2,-6,6,-9,-7,-3,0,1,-5,-13
-12,-2,1,12,-1,-16,-6,-11,2,-3,3,5
-6,-13,-12,8,-8,5,-3,3,2,-23,6,15
-10,-14,1,-4,1,7,4,-13,-11,10,-2,-2
-1,2,8,15,-7,15,-5,6,-2,-2,-3,-1
-6,0,-12,-2,3,3,-2,3,7,-16,-1,-12
7,10,-13,8,3,-1,-12,1,-3,19,-14,-2
-10,-1,-14,-11,-11,5,0,18,-13,18,-9,-6
-4,4,-4,-6,5,17,-15,14,-7,-3,-13,13
9,9,-4,2,-7,-12,6,-9,-3,-13,-1,14
9,22,4,15,7,-2,1,12,9,20,5,11
5,-2,2,-9,-6,1,-9,-14,6,23,1,-6
-10,-1,2,-11,3,19,-2,18,3,5,-4,5
1,25,-2,17,7,2,-5,-1,-7,20,3,-12
2,20,-6,-3,-5,7,-15,26,-14,20,5,24
-8,-2,-13,13,10,21,-3,10,2,5,4,18
-15,14,-2,19,9,24,-12,-4,-5,17,-12,-8
-4,-6,-2,0,6,-3,-1,18,-1,-6,4,10
-10,20,8,21,-9,-2,8,-4,2,25,8,6
4,-1,1,26,10,13,-4,7,9,22,-3,13
-3,5,-12,21,-6,7,-12,33,-14,11,2,4
-1,-3,2,8,-15,33,3,20,1,19,10,31
2,-1,10,-1,7,-1,10,1,4,0,1,-2
1,0,-1,2,6,28,5,14,-8,5,-10,0
0,1,-12,6,6,25,-15,6,0,2,10,1
-1,3,-12,0,9,2,10,2,-10,10,-9,4
7,-29,6,-27,-4,-3,-9,-6,-6,-27,2,-17
11,-16,7,-31,-1,-37,8,-2,-5,-10,-3,-28
8,-14,-3,0,-5,-26,-6,-12,3,0,-8,-1
-3,-15,-7,-27,-2,-29,-2,-30,1,2,5,1
9,-8,3,-20,-14,-12,-5,1,4,-10,6,-13
-5,-6,-9,-3,0,-27,9,-21,2,-6,1,-20
9,-32,-14,-17,1,-20,1,5,-1,-27,11,-9
-8,6,0,1,-6,-12,-8,-5,-8,-31,10,-24
-5,-19,-2,-3,-7,-18,-9,7,5,2,-7,-7
9,-5,11,-15,-6,-15,-2,9,7,-7,-1,-17
-9,-3,-12,9,-6,-4,7,-1,-2,4,3,7
-8,-7,-12,5,-6,8,3,-14,-1,-14,3,9
-13,-11,-8,6,3,7,7,9,-14,-18,-7,-18
-5,7,6,-15,-11,-5,8,-1,-10,9,10,-3
6,-17,-8,5,2,8,6,-15,-14,7,1,13
-4,-16,0,11,0,-7,7,14,-11,-20,-5,7
-11,10,6,-21,-14,5,-8,0,-2,-11,-8,8
-3,-3,-6,17,-12,-5,-4,-19,-3,-20,-3,-14
-1,2,8,18,8,17,1,3,-3,7,2,15
-2,1,6,13,11,-12,5,17,-4,-6,9,-11
-6,3,7,19,-14,15,-10,-2,5,19,7,-2
-3,9,-14,18,-10,-7,-14,15,5,-9,10,1
6,20,-2,20,-4,13,-12,-15,11,5,-9,-5
0,19,3,12,-3,-2,-5,5,1,5,11,21
1,10,-2,15,2,4,2,21,0,1,-10,20
6,5,-7,11,-5,25,-13,-3,4,25,-9,15
-12,5,2,3,-11,9,8,7,2,13,1,22
0,17,8,0,-8,12,5,21,6,23,0,6
11,13,-9,-2,8,22,6,-10,6,1,9,22
-7,-5,-7,18,-12,29,5,19,-3,22,7,1
5,17,-3,19,-14,27,10,11,2,23,-5,23
6,15,-9,18,-1,3,4,14,0,26,9,8
-2,0,-11,11,-13,0,-12,2,11,29,2,25
-1,-2,-6,17,6,19,-10,4,1,22,-9,1
-9,33,-1,8,-11,0,-14,16,-14,11,-2,18
2,1,0,0,-7,6,10,4,2,9,-8,2
0,0,2,1,9,0,4,0,8,8,-5,7
1,2,3,3,11,1,8,1,-13,9,0,0
4,4,-10,16,-8,29,-8,34,-5,34,-1,11
5,-12,1,-10,-12,-31,12,-20,1,-12,7,-29
12,-22,-8,1,-11,-23,-1,-33,11,-17,-6,-8
-4,-29,3,-3,2,-8,7,-4,9,-7,2,-10
6,-11,3,-22,8,-28,-9,-6,3,-9,1,-7
8,-3,-11,2,-6,-20,8,-6,-12,-20,9,-25
-9,-24,1,2,-5,-16,7,5,-2,-4,6,-13
8,-31,-8,-21,-9,1,6,-1,10,-21,-11,-18
7,-30,-9,2,-11,-31,-10,-28,12,-25,-3,7
-11,7,5,-15,9,-15,11,-12,7,-15,12,1
-4,1,-7,-12,1,-10,-1,-28,4,-6,1,-2
3,0,2,-14,-9,-3,-6,2,-1,-2,-7,-3
-9,-6,7,0,6,2,0,-7,9,-9,1,9
-8,9,-4,9,-6,-1,6,11,9,-10,7,-3
6,-4,-12,2,0,-21,-11,-20,12,8,5,1
7,9,11,-12,-8,-7,-3,7,2,-12,4,-5
2,-7,7,6,-1,1,-6,-19,9,5,-7,-7
1,-4,-1,-20,-12,-11,2,-20,-13,-10,-11,-11
-6,2,5,13,-5,-1,7,4,-6,0,-13,-8
1,1,-13,9,-10,-4,-13,-20,4,5,-1,-7
1,0,-5,-16,-13,5,3,-5,-6,-2,10,4
0,3,11,-12,11,11,1,-15,11,15,-2,1
8,13,8,9,9,14,-12,15,-3,-9,0,-11
-8,15,8,-15,6,21,-8,6,-8,-11,8,-11
0,1,-5,8,6,-11,-1,12,-8,7,0,-12
4,12,5,14,1,-3,-7,-10,6,13,10,8
11,19,-8,8,-3,23,8,1,6,5,-5,15
-6,22,1,3,-10,23,0,-10,-4,13,4,22
-11,0,-2,24,-3,17,-3,12,-4,-3,12,27
9,7,4,10,3,21,-2,5,-4,9,5,26
-3,28,-13,25,-8,9,5,18,12,16,-1,29
4,-1,-7,8,-2,29,0,17,-12,-1,7,0
5,-7,9,13,-12,21,-8,14,-13,-5,-3,8
8,0,9,4,-13,5,-13,13,-5,11,10,5
2,-1,8,-3,12,16,-10,1,-3,2,-9,-2
3,-3,9,-2,8,11,12,-1,9,23,6,34
2,-2,-7,-1,12,7,5,-3,10,3,-13,29
4,1,-10,0,-1,15,-11,5,11,0,-11,14
0,3,8,33,6,31,5,0,12,6,7,3
2,6,-2,16,2,36,12,27,-3,22,-5,10
13,-33,11,-6,5,-19,-11,-24,-3,-34,-3,-34
8,-5,11,-2,1,-20,7,-37,-2,-9,2,-34
-1,-24,-1,-35,13,-16,-10,-26,-2,-16,-5,-5
2,-6,4,-13,12,-18,-9,-31,-7,-18,-3,0
1,-19,9,-26,13,1,11,-15,6,-2,2,-11
-12,-2,10,-2,5,-27,-9,-20,-11,-11,9,-24
-11,-28,2,-23,-6,-25,4,-17,0,-19,-7,1
-9,-13,-4,-27,7,-3,-3,-31,-10,-18,-12,-11
-7,-19,5,-12,4,-4,0,-16,-8,-10,-5,-21
-3,2,7,6,-6,-14,11,-22,3,-18,0,-18
-6,-6,2,9,11,0,8,6,6,-14,0,-2
13,11,6,-3,1,9,-1,3,5,-14,-1,-2
-7,6,7,1,0,-19,-11,-25,-11,-9,-3,-13
-6,-8,13,-4,-4,9,8,10,3,-10,3,7
6,-2,-5,-9,-2,2,-6,-15,11,2,11,10
3,13,1,-23,-2,-22,-3,2,-5,-4,12,-11
1,-4,11,8,9,-22,2,-2,0,-1,-4,15
-3,-3,1,0,-1,9,4,0,3,2,-10,-17
0,2,-1,18,-12,-15,-2,4,-9,0,8,-7
1,0,13,-19,-6,-16,-1,16,-6,-11,12,15
3,1,-8,-1,2,-1,3,8,-8,0,13,-13
5,0,-5,17,-5,-15,12,6,3,5,9,2
-2,19,1,-5,-9,-11,-10,18,12,9,-1,-1
-1,4,-6,3,1,0,7,14,-11,18,4,7
12,8,0,14,0,24,7,8,-2,1,11,5
-11,11,1,21,-9,5,7,-8,6,-7,12,14
1,20,3,18,-12,-5,-11,10,-9,12,-4,24
1,0,4,10,7,7,-5,24,-12,10,1,25
-3,4,10,19,5,20,-4,20,6,20,4,4
-3,6,-4,-2,-6,15,11,18,7,17,11,5
0,0,-4,6,1,4,-12,-5,-9,-8,-12,0
6,-6,-9,21,-8,-7,-1,1,-3,15,10,31
10,-3,-11,28,5,1,5,14,10,-1,-10,6
-10,29,-6,23,5,8,3,16,-3,7,0,12
3,27,-8,17,-4,18,-2,26,8,27,10,33
3,22,-12,13,6,6,-2,3,7,30,-3,21
7,30,13,26,-12,30,-5,3,-9,35,6,5
-11,5,-2,1,-3,8,1,26,4,14,13,17
3,14,13,33,-7,8,3,9,-1,6,-6,3
10,-35,11,-8,-7,-4,3,-34,-7,-28,11,-21
-7,-24,7,-7,7,-12,3,-18,-6,-17,-7,0
13,-29,10,-23,-1,-31,11,-32,4,-19,6,-7
6,-10,-2,1,-6,1,-10,-24,6,-7,3,-20
12,2,-2,-18,-7,-17,3,-13,-3,-27,-4,0
10,-5,-10,-28,-4,-10,-10,-16,9,-11,-5,-2
11,-24,0,-30,3,1,-1,5,9,-14,0,-3
6,-8,-9,-20,-9,-18,11,-20,1,-21,0,-29
13,-13,-6,-26,11,-30,2,3,-8,-13,-5,6
-3,-5,-1,9,2,-11,4,2,-4,6,0,8
-3,-27,-1,-11,-2,-8,-8,5,-11,1,-6,-9
5,-9,13,-27,8,-19,14,-13,10,-2,-4,-22
7,-9,8,8,-2,9,-1,-4,3,-5,-1,9
11,-1,12,-1,9,-2,7,-20,-7,-6,-1,-16
8,12,10,9,-11,10,11,-19,10,-16,-10,12
7,13,-7,-9,-6,15,4,10,-9,8,-9,9
5,-5,-6,10,8,-2,4,8,0,-11,1,8
0,-5,7,-12,-7,-20,5,-18,2,-14,-7,-21
4,2,2,-19,1,-1,7,-9,6,-19,-6,-6
-4,2,13,-9,-10,16,-3,16,4,15,13,-11
1,3,1,-10,1,-18,-10,-18,4,-18,-8,12
-1,6,-5,-8,1,13,13,-1,-9,-17,-11,19
3,0,8,-15,9,14,8,17,8,-4,11,14
-1,14,-6,20,3,-15,6,-5,8,8,9,22
11,16,3,-8,2,-5,13,-13,9,9,3,20
2,0,-1,-10,4,-5,11,8,-6,22,0,14
0,-6,2,18,-10,-2,-1,2,14,4,0,11
9,23,-11,3,-8,14,-10,1,4,5,1,23
-3,28,8,18,4,15,-3,28,-8,13,3,0
3,-4,10,26,-5,8,11,6,-4,5,9,19
5,-2,5,4,-6,-5,3,0,-3,10,-11,27
6,-1,6,31,8,20,-3,7,11,17,8,1
8,28,-11,19,2,5,0,15,1,28,8,6
-1,5,14,20,-3,32,-3,11,-7,30,-4,2
5,3,12,14,-4,31,-6,-4,-10,17,-2,-3
-4,0,12,22,-1,30,1,16,10,11,-3,3
-7,5,7,29,4,19,-6,13,10,18,-11,27
6,8,-6,0,-11,2,13,35,12,21,-1,18
-8,2,-2,2,3,31,14,20,-11,1,1,3
9,-20,4,-14,-1,-13,9,-8,2,-2,6,-18
9,-21,12,-13,11,-8,9,-11,4,1,10,-17
8,-16,10,-18,6,-12,0,-26,-1,-21,14,-20
6,-6,-5,1,-6,-13,13,3,14,-8,14,-10
-4,-24,-7,1,11,-33,7,-33,2,1,0,2
-9,5,14,-16,6,-13,12,-5,12,-32,10,-28
-2,-17,8,-28,0,-29,15,-21,14,-9,1,-16
9,7,-9,7,2,-21,3,-23,6,-7,13,-2
0,-10,0,-6,0,-21,12,-17,-3,7,15,-18
2,-3,9,7,7,5,1,-9,3,7,14,-10
7,2,1,-25,-7,-6,-6,-2,15,-8,-2,5
2,-3,8,11,10,-1,6,-4,-7,-19,10,-8
4,-11,0,-11,-3,10,-4,-8,-1,-26,-2,-5
6,-5,-7,-5,1,-1,2,9,-8,-14,12,-9
15,-17,-2,-3,4,5,-6,-2,-1,-1,5,-1
5,-6,-6,-3,14,3,-6,-22,5,1,2,-11
1,1,8,-4,7,3,0,11,-4,12,-6,2
1,1,-7,17,3,11,10,-16,-9,-20,1,-4
-4,3,7,-10,-7,8,-10,-2,15,2,6,-20
-1,16,2,13,12,1,-8,10,-5,-11,-5,-4
4,4,3,20,-8,8,-9,7,-3,14,12,15
5,1,-9,-1,7,-15,0,2,-7,-6,5,-7
5,5,-10,-12,7,22,4,17,12,-3,5,19
0,1,5,12,14,-9,13,21,4,-15,2,16
6,18,11,17,12,19,6,16,9,-1,4,0
-7,-10,15,9,2,10,4,2,9,-6,-9,1
-6,21,9,14,3,-7,10,8,4,18,12,16
5,22,-4,24,-7,8,6,-5,2,-11,7,-5
7,-10,1,-2,5,-8,5,28,-2,-4,12,-5
4,22,-5,11,5,21,-9,14,1,-9,1,1
2,3,-8,5,-3,7,-1,24,-1,24,15,29
-9,24,0,-3,11,10,-1,5,14,-1,-10,-6
1,-6,-10,31,-7,27,-3,9,-9,-1,13,14
-9,-3,1,-5,-1,29,2,7,3,3,15,3
12,28,-8,-2,3,2,-4,26,10,6,-9,9
-1,31,1,34,-8,2,11,8,14,16,-9,1
-3,0,-4,1,14,32,-2,30,-7,14,8,32
0,0,-3,20,-4,8,-7,14,4,3,11,24
-2,34,-10,22,-5,29,-2,4,3,18,8,30
-1,-25,9,-17,15,-24,-7,-8,1,-1,13,-4
4,1,0,-18,4,-21,6,-23,16,-20,11,-15
1,-3,0,-9,15,1,4,0,2,-19,-9,-25
1,-14,-3,1,-7,-32,11,-8,6,-10,2,0
-6,1,-4,-12,7,-4,-8,-28,-9,-29,-1,-15
5,-22,-6,-12,2,1,-3,-32,8,-23,9,-15
-1,-28,6,-16,15,-4,8,-28,-1,-11,-8,-27
15,-12,10,-19,4,-1,3,-6,8,6,-1,3
-7,2,10,2,13,6,-2,-10,2,-4,10,0
4,-12,1,-9,2,-4,-2,-1,-1,-25,-7,-9
-3,2,-2,-10,1,-9,-5,-1,1,-16,7,-17
-6,-4,-5,-3,3,-26,10,-3,7,5,9,10
-2,5,10,-19,15,4,2,-24,0,12,1,-1
-6,-9,-7,-4,-7,3,-1,3,7,5,-9,9
14,-20,5,2,-9,-5,-7,-15,-6,-20,4,11
14,14,-7,10,-4,-23,-6,6,1,-21,-4,12
7,0,12,-3,11,15,-1,-4,15,-1,3,-20
3,6,1,-9,5,-11,-4,-1,3,9,9,-2
7,18,-9,-19,7,-12,-3,-9,-4,-17,-9,-18
2,5,0,13,5,15,-5,-7,15,5,0,4
-2,0,2,12,11,-16,-5,5,0,18,9,9
2,0,-2,-4,6,10,2,-14,-2,-4,13,12
0,1,-2,-7,14,-9,15,17,-9,2,4,-7
-6,16,2,0,-4,4,-4,4,8,3,12,-1
4,-12,1,9,15,8,4,10,-5,7,4,-12
1,-2,13,3,14,6,11,13,6,-9,4,11
-8,1,6,12,-1,-5,10,9,15,18,14,4
9,23,-5,14,5,-2,-7,0,-3,10,4,-7
5,27,14,24,2,-3,11,-9,5,-4,-8,15
-9,23,4,-5,0,2,-8,9,-6,-7,13,9
-1,19,2,25,15,2,6,21,-3,25,-7,28
-7,24,-8,4,12,31,-3,25,-3,-5,1,-2
-2,26,-8,19,-2,21,8,27,-8,21,-3,3
-7,-5,9,12,-1,5,-6,7,8,-2,-7,14
7,30,-5,3,3,23,15,0,4,29,10,11
-9,2,9,5,7,9,3,14,12,10,-4,18
10,7,0,2,-9,18,10,12,12,-1,-9,26
-6,26,8,0,15,19,11,1,16,13,2,3
1,25,-7,18,10,0,15,2,16,29,-6,19
12,-34,10,-16,-1,-28,15,-5,11,-32,-3,-13
12,-31,-3,-8,17,-12,-1,-13,-7,-3,12,-26
17,-20,-3,-21,-4,-24,16,1,12,-29,-8,-29
10,-6,-4,1,17,-1,-5,-18,-4,-8,3,-23
-3,-19,9,-2,3,-29,4,-32,-5,-8,1,-2
-7,-6,-7,-11,17,-20,11,2,16,-28,6,-22
0,-29,0,2,12,-18,14,2,10,-17,-1,-15
9,-10,6,-4,6,4,13,0,16,6,-3,-1
3,-3,17,-1,16,-15,16,1,2,-5,4,7
13,-7,5,-24,2,9,-5,-10,15,-13,7,-20
17,3,12,-13,-7,-4,-2,-16,-8,-1,-4,-5
15,-2,10,-14,12,-5,1,-13,4,0,11,8
-2,0,5,-10,-2,-16,12,-3,-2,-2,16,-12
5,4,-2,-4,10,-5,1,-23,-1,0,17,4
1,-16,-7,11,7,-1,-4,6,9,-12,-1,1
14,2,12,2,-1,3,-7,5,-6,5,-5,3
7,7,1,-7,3,-14,-6,2,-1,9,-5,7
1,-2,6,-16,-5,-15,0,-15,-4,9,8,-18
-4,0,2,-12,1,11,-5,3,10,9,7,-9
7,-4,5,-2,13,15,8,0,-3,12,6,-12
5,5,1,13,-7,3,15,10,5,7,13,12
5,3,8,-12,10,-11,2,12,-3,-17,14,-13
4,19,11,9,13,9,-5,15,5,-15,15,8
12,-15,15,12,-8,15,-5,11,15,23,4,14
12,7,2,-4,3,9,3,15,-6,-10,2,18
-5,24,-5,0,-6,7,16,1,6,23,9,3
12,14,12,14,16,12,-1,2,5,-12,-6,17
15,3,-2,11,7,8,-1,-5,15,4,7,-5
4,23,-2,1,0,-2,-6,18,17,14,1,2
0,16,2,21,4,-6,14,23,-4,27,16,-8
0,4,16,-4,-7,-3,12,-4,11,12,14,-7
-4,18,8,12,1,23,-7,14,2,14,-7,16
-8,4,-8,26,13,31,17,10,-5,8,-2,1
-7,9,11,0,9,22,12,5,10,20,1,29
2,-4,17,1,11,11,-2,13,2,1,12,11
1,0,-8,8,6,12,3,14,3,9,-3,31
11,15,11,-2,-8,26,-5,35,7,30,11,15
-8,27,-3,4,0,22,10,15,10,34,-2,7
3,13,-6,28,-8,13,-4,6,-8,30,-8,24
13,-30,18,-14,-1,-32,6,-27,17,-21,-3,-10
7,-4,2,1,11,-22,14,-34,-7,-21,8,-32
16,-30,-5,2,9,-22,13,-21,2,-34,7,-20
0,-13,11,-10,8,-35,9,-28,14,-24,14,1
-2,-11,-5,1,13,-18,-6,-4,-5,1,4,2
5,-29,13,-10,11,5,7,-8,2,-7,10,-3
-7,-29,0,-10,6,-8,17,-15,7,3,9,-13
2,-9,0,5,16,-11,-7,-17,12,-29,12,-21
8,-2,1,-14,13,-27,-1,-5,1,6,9,3
-3,-11,6,-4,1,0,15,1,10,-23,11,-7
18,6,0,10,8,-14,13,-14,-1,-23,13,3
9,8,9,-10,12,11,-1,-17,16,-17,6,2
5,4,13,5,-2,-16,2,5,0,-17,0,-23
17,13,8,10,10,-13,10,3,-2,-13,5,-24
9,-9,1,-5,1,-18,12,-23,11,-16,-3,-4
6,12,9,7,6,8,10,8,14,10,0,-5
5,-3,18,13,18,-18,4,-10,16,-15,-4,-14
1,2,17,11,16,9,0,-21,6,-19,2,-18
1,2,14,2,2,-15,17,-8,17,-10,7,5
10,10,-6,13,5,15,7,-7,11,-17,-4,-16
1,0,2,6,-6,-3,15,0,2,-17,-2,14
3,1,-4,6,8,-4,10,9,18,1,1,-3
9,5,-3,15,0,2,1,-15,16,2,11,5
-2,18,-2,2,11,22,2,-7,18,13,5,6
2,22,4,-5,11,19,13,-6,-1,-7,0,-4
14,-3,6,-7,4,16,-5,-7,-3,10,6,6
5,25,4,17,9,7,1,-9,1,3,0,9
18,2,5,22,-1,-11,-2,23,13,6,-4,-9
-1,22,-7,-3,-6,7,16,21,10,14,15,-2
-7,13,-2,5,-7,-3,9,13,-3,15,-7,14
4,-5,6,24,-3,28,9,5,6,23,14,26
16,2,2,27,0,-6,15,19,15,31,-5,1
13,3,-1,4,7,1,7,17,2,0,4,-6
0,0,-6,8,10,24,15,15,10,3,-2,8
11,29,-5,10,-6,21,5,18,10,13,-6,23
15,11,16,19,15,15,4,24,-5,-2,1,10
-5,0,0,0,-7,7,-2,29,-4,36,-5,16
12,19,3,10,0,31,17,20,15,22,-4,22
-6,10,-5,6,2,22,4,9,-5,29,18,15
12,-30,-3,-33,15,-29,-2,-19,13,-9,-3,-5
-5,-7,-6,-28,19,-22,1,0,-5,-11,-4,-12
17,-29,10,-36,5,-14,1,2,8,-13,-3,-29
14,-5,6,3,0,-19,13,-15,14,-29,0,-12
5,4,1,-14,5,-16,6,-28,-2,-12,11,-34
6,-28,9,-12,16,-25,9,2,4,1,18,-18
16,-26,18,-23,18,-25,14,-3,3,-1,3,-5
11,5,6,-15,14,2,-4,4,9,-17,3,-21
13,0,2,-10,12,-4,17,-17,19,4,2,-5
16,-18,5,-24,9,-18,17,-28,9,-1,18,-8
3,-3,-5,-4,17,-7,16,1,0,-19,11,0
0,-23,18,2,-6,-15,15,-4,-1,1,0,-9
4,5,1,-9,6,-18,4,-23,11,8,9,1
16,11,2,10,8,-24,17,0,11,5,-3,10
-3,-18,9,13,-1,-3,-2,-16,1,-4,18,-15
2,-3,4,-10,1,6,8,-10,12,-1,13,-22
11,-4,19,-5,5,-7,7,15,-2,-16,14,-8
6,-3,8,-9,11,2,-6,-4,-5,14,-1,10
4,-3,14,16,3,9,1,16,-3,-2,1,-6
9,7,7,16,19,18,5,-9,1,15,14,-9
-2,1,-3,15,6,15,19,5,-5,19,4,11
0,-16,-6,-17,-6,-9,16,-10,1,11,3,19
18,20,10,12,-2,-8,18,-5,17,19,19,-6
-3,2,9,7,9,14,-6,8,5,-5,-5,-5
18,9,-5,19,7,0,7,15,8,-2,16,-7
19,22,17,-7,13,-7,6,24,18,25,6,3
16,6,1,-5,16,11,8,24,17,9,-2,13
18,2,19,-5,-5,1,12,1,13,19,18,0
-6,10,-4,19,-3,20,7,-9,3,1,-3,-1
-4,18,10,11,15,5,-2,-7,2,14,-6,7
2,-1,2,18,11,23,-3,14,16,22,-3,26
5,-6,-5,-5,1,30,7,11,15,-5,-5,-4
3,-5,-4,-5,6,14,8,22,17,-5,0,28
6,27,-1,2,11,16,5,26,12,22,-5,4
18,6,19,30,-2,7,-6,-3,-6,29,11,0
12,25,4,4,8,20,11,31,17,26,-4,14
12,7,19,-1,14,17,-1,26,6,23,-2,15
13,13,-2,-1,4,33,7,37,10,8,-2,15
-4,7,8,25,1,30,19,22,5,33,5,32
9,-6,-3,-19,7,-1,11,-18,-1,-35,14,-14
0,1,7,-18,-3,-19,15,-25,7,-17,19,-27
9,-28,17,-18,18,-7,-1,-11,11,-25,-5,-14
3,0,8,-21,19,0,0,-32,0,-6,15,1
5,-25,8,-19,10,4,11,0,1,-22,7,-19
8,-28,4,-13,11,-33,16,1,0,-9,19,-1
19,-17,-5,-5,12,-32,13,-14,-3,-10,-4,-14
12,-9,16,-8,4,-25,-5,-6,-2,-10,10,-12
2,-6,14,-15,6,-30,3,-13,-1,-18,2,-11
-2,-28,2,6,-1,-27,18,-23,0,7,2,-14
11,-18,-5,2,-1,1,6,10,12,-23,13,-12
0,-23,11,-19,18,7,13,-7,6,-13,19,-7
-3,-3,7,4,19,-5,4,4,18,2,2,10
6,5,13,-9,20,5,16,-20,-1,-10,8,3
1,1,16,-14,-3,1,13,10,12,2,17,-11
9,4,1,3,13,-7,19,-8,3,5,1,-4
10,13,13,4,15,13,6,0,19,-21,9,13
20,-9,3,7,6,-1,3,13,15,5,8,10
1,-11,20,11,9,1,9,-20,15,-1,7,-15
0,1,11,5,1,6,-5,17,17,12,6,11
0,0,16,12,4,-16,14,-12,-3,-2,15,6
16,12,15,0,4,4,0,-3,6,4,14,-4
-2,5,7,18,18,-2,10,-6,20,-1,-5,11
13,-3,-1,-10,8,19,12,-6,17,-4,9,-15
5,12,19,20,14,-13,15,-8,-1,-12,3,-5
-2,7,17,8,1,8,5,7,10,-6,14,24
13,-2,1,-11,16,-1,8,0,-2,0,-4,12
17,23,18,-9,2,6,4,0,19,3,7,-7
20,20,8,9,6,17,11,14,2,17,-5,20
13,12,20,21,4,9,17,8,3,28,8,18
-1,21,18,-7,0,-4,1,-6,-2,27,-4,-8
-5,8,1,-1,11,-2,12,7,18,10,-1,22
-5,2,2,-5,3,5,2,-5,15,23,8,1
-4,2,-3,7,10,-1,7,4,15,31,8,-5
-5,0,8,27,12,10,4,29,15,-2,3,8
20,5,4,15,2,17,-4,33,14,2,-5,3
-5,-2,18,11,-4,18,19,6,8,32,-5,2
14,27,2,11,11,6,-3,35,10,0,2,12
12,10,1,8,20,8,13,32,19,26,18,1
-2,0,16,0,-3,-22,2,-9,15,-29,-4,-5
15,-37,1,-37,16,-37,17,-15,4,-8,-3,-9
7,-26,-2,-29,8,-8,4,-25,-2,-29,9,-15
9,-11,13,-2,-4,-34,14,-7,21,-12,4,0
3,-28,11,-1,4,-32,13,-15,14,-22,13,-14
17,-33,19,-21,7,-7,14,-24,16,-24,-3,-1
19,-22,6,-5,18,-11,14,-9,9,-9,4,-12
8,-15,21,-24,0,-16,2,0,-1,-6,10,-27
16,-6,19,3,18,-18,-1,-14,2,0,19,-23
14,-23,11,-12,16,-4,21,4,5,6,17,-28
16,-3,4,1,12,-5,13,-20,19,-15,-1,9
0,-19,20,6,2,0,3,-17,10,-10,5,-2
-4,-2,-3,4,5,-22,1,12,4,9,-4,-1
7,10,16,12,21,-19,10,-23,17,-21,0,-4
10,11,8,-9,15,-1,11,0,12,-16,5,-7
16,15,18,-17,10,13,7,11,14,-7,-1,9
21,15,9,15,11,9,10,-5,19,5,9,-17
20,-7,10,17,16,8,10,3,0,4,8,-14
3,9,14,7,5,4,9,2,2,2,14,-6
10,17,9,14,5,-3,11,-6,20,-1,6,4
1,8,21,-15,0,17,15,-2,-4,-11,12,6
2,14,-4,-9,11,17,7,16,2,14,7,11
9,12,1,15,9,12,-4,22,8,15,18,11
11,-2,19,6,7,-11,17,-14,9,2,16,-3
13,19,-3,17,-2,18,-3,-5,4,17,11,24
7,18,6,-12,0,15,20,0,0,-12,0,-12
16,23,9,-5,17,16,21,22,12,-9,-2,-11
2,-8,9,-1,2,22,5,11,10,-8,3,17
14,3,2,-6,2,-8,6,-3,21,-6,0,5
-4,0,-2,21,19,7,18,13,16,-8,0,29
4,1,-4,-2,16,-7,19,-3,12,-8,-1,8
0,3,2,5,1,0,14,18,16,30,21,10
-2,12,19,3,18,-3,1,0,0,-6,-3,24
-2,8,5,0,21,31,7,31,21,7,18,-2
9,29,-2,4,13,18,-4,2,13,16,6,6
5,30,20,22,17,24,-3,34,3,35,1,13
10,28,16,32,5,12,2,26,11,29,9,-1
12,8,17,37,21,-1,-1,34,6,10,-1,12
20,20,19,8,-1,31,9,9,-4,11,-2,7
16,-37,1,0,14,-10,3,-5,8,-31,3,-38
8,-26,5,-26,0,-3,13,-35,9,-18,16,-14
11,-27,-2,-13,16,-10,10,-1,0,-23,14,-10
5,-18,3,-20,0,-6,1,-1,18,-19,16,-26
6,-21,10,-21,21,-22,16,-19,5,-24,12,-4
4,0,7,3,13,-17,22,-27,10,-5,6,-33
3,-19,12,-13,13,-23,10,-29,3,5,9,-9
7,-9,17,-1,14,5,6,-24,15,6,13,-27
21,-1,7,-2,4,-30,18,-18,14,-3,7,-4
17,-1,1,-23,20,-24,22,6,0,3,12,-9
21,-16,14,-7,2,3,15,2,-1,5,22,-21
4,-10,20,10,16,-14,20,-19,4,-5,-2,8
20,5,15,11,2,11,2,-2,6,-10,8,5
20,-6,12,-7,0,-1,18,-19,13,-19,3,-11
-3,-8,20,-24,13,4,-1,-3,5,6,19,-9
1,12,13,12,1,1,-1,-8,3,-7,14,10
5,4,9,-15,19,-6,15,-15,8,16,18,-16
14,-10,19,16,9,-7,10,-5,13,8,12,1
15,-5,17,-1,22,-2,6,-3,11,8,19,5
4,16,5,-9,11,11,-3,16,10,2,11,2
3,17,4,19,2,5,13,-10,7,-2,4,6
11,-4,4,16,-1,5,15,9,21,-5,18,3
7,16,12,-11,17,4,-2,-9,10,0,-1,5
1,0,-1,-12,9,-2,6,1,18,21,6,6
7,14,-3,6,6,-14,18,-4,-3,12,8,12
18,8,19,14,5,17,4,-4,19,-10,-3,8
-2,16,13,22,-1,-6,13,-12,14,19,7,18
-2,11,11,-9,15,17,4,-4,2,-7,-3,6
5,-8,8,3,0,0,7,-6,22,-9,21,23
5,23,18,11,-1,-7,-3,7,14,20,-3,17
16,-1,16,14,20,10,6,1,19,-8,0,10
9,29,19,19,21,24,4,18,2,18,9,26
6,0,22,7,1,8,-2,20,16,9,-1,3
-2,18,16,16,15,3,10,29,17,11,13,-3
-1,2,-1,0,18,2,5,33,-2,0,9,28
20,5,6,0,14,32,11,11,-1,24,21,3
17,8,14,7,14,22,14,34,11,9,0,3
9,30,14,21,18,35,1,12,21,33,19,1
20,15,18,21,5,3,15,4,11,16,4,6
4,-4,20,-25,8,-11,-2,-14,-2,-15,23,-6
22,-21,0,-13,2,-30,1,-19,6,-28,11,0
11,1,17,-23,6,-27,19,-10,-2,-22,4,-15
6,-4,16,-30,15,-32,15,-14,22,-28,20,-12
8,-20,12,-5,21,-7,-1,-29,20,-12,16,-6
15,-25,2,-6,23,-10,3,3,9,-15,6,-15
14,-13,13,-9,11,-10,3,-6,20,-7,1,-11
13,-11,14,-6,8,-11,15,-8,-2,-7,4,-14
0,-22,17,-22,4,-16,12,5,21,-25,21,-9
15,6,2,8,10,2,21,6,-2,-4,12,-17
21,10,16,-17,10,-3,8,-13,8,2,17,-22
4,-6,6,6,-1,5,10,2,18,-14,1,-15
20,-10,16,-25,17,10,15,-20,6,-10,2,4
16,-9,9,-5,10,1,18,-3,9,-12,2,11
10,4,3,-5,5,-3,6,12,17,4,10,-16
9,-8,17,0,13,10,-2,5,16,13,22,-18
3,-9,10,-18,18,9,6,-13,9,12,11,-9
18,10,11,1,1,5,1,0,17,15,21,-11
7,6,15,5,3,-6,4,-15,2,13,23,2
18,18,15,-12,3,-3,13,-2,16,4,20,-8
18,-1,1,-8,19,3,22,20,4,17,23,15
0,8,3,11,21,18,14,19,9,-14,3,-17
-1,-7,2,-8,10,-12,-2,18,14,-11,11,6
8,-3,6,-6,12,7,15,7,2,16,0,23
0,-5,7,-1,13,-7,-1,-1,5,-14,4,23
0,11,17,1,3,14,20,14,10,5,0,-11
1,-5,15,-4,23,16,11,7,19,9,-2,26
1,-11,14,26,1,-10,7,25,7,-8,5,-7
2,-5,14,-9,3,-8,10,18,1,-5,10,-10
0,10,12,11,1,29,10,-9,5,2,1,29
2,20,-2,-6,-2,10,12,26,1,7,-2,7
19,4,17,-4,-2,9,15,17,-1,-5,2,2
-2,12,21,-1,16,29,18,25,3,7,8,-5
19,18,4,33,8,17,9,9,22,11,14,8
-2,17,22,27,7,13,23,27,6,9,12,-2
8,2,13,22,19,20,2,-3,9,16,10,33
17,35,7,-1,18,30,20,12,8,27,0,20
9,13,-2,22,8,1,0,36,15,1,3,36
-2,14,-1,10,7,3,2,31,0,2,22,4
13,-32,2,-32,24,-26,24,-37,-1,-3,3,-24
2,-3,21,-25,11,-5,11,-22,19,-5,21,-37
24,-30,22,-5,4,-35,14,-20,17,-32,9,-16
6,-15,18,-24,21,-24,17,-22,16,-24,17,-20
9,0,16,-18,5,-23,24,-29,10,-12,14,-1
11,5,21,-14,5,-32,19,-15,7,-6,19,0
3,0,5,1,21,-26,20,-17,18,-1,4,-12
7,-2,13,-18,11,-15,20,-7,22,-31,11,-22
14,-20,20,-23,4,4,22,-16,8,-9,13,8
2,4,1,-9,21,0,20,7,12,9,18,5
24,-18,7,-10,7,-16,14,-23,4,-19,1,-25
8,-27,21,9,1,0,15,-10,1,-1,1,-22
23,9,24,-10,12,0,13,-4,14,9,15,1
4,-16,3,5,1,12,0,6,23,6,4,13
0,-13,15,-14,17,6,5,-17,4,9,3,-16
6,-10,11,1,17,-1,4,12,6,-15,0,-17
10,7,13,-3,16,-11,15,11,22,15,6,4
19,-10,19,-1,15,4,15,-3,5,-6,5,-11
-1,-7,23,2,18,2,0,0,23,-17,0,-4
2,-8,6,-16,12,-11,2,8,20,5,0,-17
2,-4,4,-8,13,2,23,4,18,-14,-1,-4
21,-7,10,17,14,20,16,20,18,21,14,4
0,20,1,9,21,-15,13,22,14,2,17,-11
4,-5,0,-14,24,18,22,15,3,-4,1,19
5,-7,-1,10,11,-5,10,9,15,23,7,-12
3,-11,0,-5,3,19,4,-12,4,2,23,-13
15,14,3,6,23,-4,10,-6,1,6,3,6
-1,6,2,-8,6,0,17,-5,22,13,7,-7
20,4,21,23,16,7,0,-7,6,-6,7,-7
2,-5,4,4,0,10,3,28,21,11,18,-7
0,13,9,-8,-1,21,22,3,11,9,13,-2
21,5,6,3,1,-6,5,16,0,5,12,1
8,3,5,28,1,6,14,14,14,2,11,19
1,15,22,12,7,16,9,-4,19,16,15,1
0,22,20,28,8,3,11,17,10,16,-1,15
1,1,21,25,22,6,22,-1,1,29,18,0
21,25,11,20,16,2,9,-2,4,24,17,2
6,26,22,9,0,7,8,18,21,35,1,23
1,14,7,15,2,36,22,32,16,4,24,4
20,-33,8,-25,19,-17,20,-21,12,-5,6,-5
8,-23,0,-24,9,-11,9,-14,0,-20,6,-10
10,-21,2,-2,13,1,5,-25,13,-16,18,-28
9,-14,4,-12,10,-21,10,-1,9,-22,18,-18
1,-31,9,-8,19,-1,24,-6,14,-29,12,-20
13,-21,1,3,10,-29,12,-23,5,-3,2,-7
7,-20,18,-18,4,-11,16,6,19,3,2,-19
18,4,9,-3,22,-24,14,1,11,-22,1,-23
21,-13,24,-25,10,-14,23,-12,13,-21,12,-24
8,-23,8,-17,4,-24,0,-20,5,3,5,-21
2,-27,5,-16,3,-13,7,-15,9,2,1,-2
12,7,25,-23,0,-6,18,4,15,-25,1,-12
14,-16,22,-12,9,11,11,-8,5,11,16,-21
3,4,12,0,1,5,7,-6,0,13,0,-25
24,6,3,-15,15,-7,1,9,10,-14,3,-24
3,-15,3,7,19,2,9,-2,14,-3,2,-8
16,-14,9,-22,8,-7,25,6,1,7,7,-21
4,-5,11,1,19,10,17,9,7,-5,4,-15
8,16,9,-11,16,13,22,11,21,-15,5,3
5,3,7,-13,15,-10,25,6,2,-10,3,8
0,8,9,-1,10,19,25,20,19,-17,0,-6
1,-9,17,20,24,19,24,9,2,-14,5,-13
5,5,5,21,14,2,4,20,20,-8,25,0
18,23,10,16,17,-10,4,-11,12,9,6,-13
2,2,9,-3,19,-11,4,18,10,9,7,-3
21,21,4,-12,19,17,1,14,12,-11,17,-12
1,17,24,15,23,20,9,-6,8,14,4,-8
5,-4,9,11,4,-2,23,26,11,21,22,-5
8,-10,19,6,18,4,20,1,10,-6,2,-10
3,10,5,-3,24,0,13,-2,8,24,2,14
3,1,4,26,8,20,25,21,3,14,4,4
15,4,2,15,2,8,9,19,2,16,4,24
1,-5,19,27,10,17,7,11,4,2,23,-1
11,27,11,12,9,18,2,20,1,13,11,9
0,3,4,5,0,10,0,29,24,0,1,15
16,22,24,34,19,31,8,9,21,4,18,30
0,-1,0,19,10,23,15,2,0,4,20,30
4,0,8,5,2,29,13,4,24,31,20,6
6,27,3,14,1,9,5,2,12,5,20,17
