-1,-29,-2,-1,-14,-33,-9,-25,-3,-17,-10,-4
-19,-37,-8,-36,-6,-9,-18,-10,-2,-3,-23,-16
-8,-4,-14,0,-25,-35,-17,-29,-22,-5,-3,-26
-1,-14,-4,-15,-2,-16,-17,-33,-23,-26,-19,-35
-7,-9,-9,-7,-14,1,-24,-24,-23,-31,-21,-3
-10,-7,-20,-15,0,-15,-6,-21,-9,-22,0,-24
-8,-4,-23,-15,-25,-18,-3,1,-5,-25,-1,-13
-3,-9,-19,-4,-24,-2,-23,-9,-5,-16,-12,-13
-6,-19,-9,-26,-23,-29,-8,6,-3,-11,-9,-22
-11,-1,-11,-20,-16,-9,-12,-26,-17,-7,-8,-19
-20,8,-11,-5,-3,2,-25,-23,-15,-28,-3,-16
-19,-3,-7,7,-21,-18,-19,-26,-7,-16,-21,-19
-17,4,-8,10,-6,-26,-9,1,-18,-12,-19,-23
-9,-1,-22,4,-5,-19,-19,-14,-3,13,-16,4
-8,-3,-15,10,-21,-21,-1,-6,-20,-15,-24,-10
-9,6,-14,-7,-10,-2,-13,-12,-20,-6,-5,15
-15,-16,-12,-3,-17,15,-10,-1,-9,-9,-6,-4
0,-12,-5,2,-18,10,-10,-8,-13,-6,-17,-2
-22,2,-12,-2,-7,-1,-13,6,-9,-5,-6,-8
-6,19,-1,-3,-14,11,-19,16,-4,4,-8,13
-4,7,-16,-11,-18,14,-12,-16,-17,-16,-5,11
-19,-12,-12,-14,-25,5,-24,14,-12,1,-24,-6
-24,20,-19,12,-13,0,-9,0,-15,0,-24,4
-8,12,-19,3,-12,23,-1,10,-24,20,-22,14
-11,17,-23,14,-24,14,-13,-1,0,23,-10,-6
-10,20,-20,16,-23,24,-9,22,-23,12,-13,24
-2,5,-3,13,-7,-3,-14,13,-23,11,-4,-3
-25,25,-9,-11,-18,5,-6,27,-16,-6,-8,-3
-4,10,-21,14,-16,-6,-20,-6,-19,13,-17,18
-25,-2,-7,26,-12,25,-8,10,-7,16,-15,13
-24,-2,-15,3,-16,13,-11,20,-25,5,-19,-1
-23,14,-7,3,-22,-1,0,12,-22,27,-7,28
-24,-4,-18,6,-14,1,-11,14,-14,25,-9,11
-25,1,-23,21,-13,22,-16,30,-3,23,-13,25
-4,-4,-24,28,-22,23,-23,32,-19,24,-7,6
-16,12,-4,1,-21,32,-8,8,-4,15,-24,9
-5,0,-1,0,-16,-1,-10,1,-9,1,-5,5
-8,4,-1,-1,-11,1,-9,0,-10,2,-6,1
-8,4,-23,29,-20,11,-12,5,-10,2,-6,38
-16,-38,-4,-33,-5,-3,-4,-27,-23,-18,-24,-32
-8,-21,-12,-6,0,-13,-15,-33,-8,1,-12,1
1,1,-17,-15,-20,-22,-24,-2,-23,-29,-13,-23
1,-7,-17,2,-16,-27,-19,-3,-2,-5,-4,2
-3,-21,-24,-15,-5,0,-24,-10,-23,-32,-16,-32
0,-22,-14,0,-24,-5,-11,-4,-12,-3,-22,-32
-2,-9,-13,-32,-23,-17,1,-12,-21,-17,-16,5
0,-3,-22,-16,-16,-10,-8,-24,-7,-4,-11,-23
0,8,-9,-29,-19,7,-18,-18,-16,-30,-1,-11
-14,-10,-4,8,-17,-3,-10,-14,-2,-5,-20,-27
-18,-15,-5,-10,-20,3,1,-14,-23,-23,-14,6
1,-1,-24,9,-14,-10,-5,-1,-24,-1,-9,1
-9,4,-4,3,-5,0,-13,-20,-16,9,-23,-22
-20,-7,-12,-12,-17,-5,-13,-18,-9,-2,-21,-1
1,-4,-20,-22,-17,-3,-19,-9,-12,-23,-6,-11
-6,-8,-23,-16,0,2,-4,9,-6,-23,-19,-19
-20,13,-7,-11,-4,-3,-13,0,-14,0,1,0
-21,14,-11,-19,-19,6,-9,7,-12,10,-1,-6
1,-2,-3,-1,-10,-15,-11,7,-18,-2,-2,-13
-6,4,-11,-2,-2,-10,-14,15,-19,8,-24,4
-24,13,-13,-4,-24,-6,-17,4,-4,16,-11,-9
-4,12,-2,-5,-13,21,-24,-1,-1,-8,-9,-8
-22,17,-19,-8,-15,-13,-2,6,-19,20,-10,-5
-2,-8,-16,2,-22,-2,-19,23,-4,-7,-8,7
-18,20,-16,-11,-5,19,-1,5,-3,-13,-16,24
-2,-7,-14,23,-22,22,-18,10,-7,10,-17,5
-23,20,-22,7,-10,10,-23,9,0,7,1,4
-22,-5,-16,23,-13,0,1,-2,-6,18,-22,15
-19,5,-3,17,-2,24,-12,-6,-13,27,-3,22
-24,9,-20,16,1,18,-18,4,-6,17,-4,7
-5,8,-8,2,-20,-3,1,-1,1,-2,-8,19
-1,14,-11,25,-23,18,-21,23,-21,13,-6,18
-3,20,-21,12,0,-6,-24,9,1,-4,-2,16
-14,28,-17,20,0,2,-20,4,-13,-5,-19,11
-2,1,-12,4,-14,34,1,9,0,28,-23,2
1,0,-18,8,-23,23,-10,3,-3,21,-22,22
-2,0,-5,5,-17,0,-18,1,-16,30,-18,10
-2,-1,-14,5,-6,23,-8,2,-7,3,-22,19
-6,3,-1,20,-13,2,-1,3,-1,2,-18,4
-3,-13,1,-1,2,-38,-1,-7,-12,-28,-9,-30
-7,-25,-14,-18,-4,-34,-14,-21,-10,1,-23,-37
-3,-21,-9,-26,-21,-27,-21,-30,-21,-23,-18,-16
-16,-22,-17,-16,-17,-23,-22,-22,-8,0,-7,-19
-17,-16,-5,-12,-21,-34,-7,-10,-5,4,-7,-15
1,-14,-1,0,-8,-26,-20,-7,-18,-2,-3,-15
1,-19,-5,-31,-6,-4,-19,-26,-1,4,-21,-2
0,2,-22,-5,-13,-8,-1,3,-10,-17,1,-1
-20,-10,-22,-9,-18,-27,-19,-19,-9,-30,-6,-26
-1,9,-21,-22,-23,9,-9,-28,-21,4,-13,-16
-17,-6,-12,-1,-18,-16,-11,6,-5,8,-2,-18
-15,-8,-10,-22,-5,-9,-18,-26,-11,-2,1,-1
-2,10,-1,8,-9,5,-5,11,-22,1,-15,3
-11,9,-6,2,-19,-10,-1,-21,-5,2,-12,-14
-5,4,1,10,-20,-6,-17,-8,-5,-20,-14,14
-2,-1,-10,5,-16,-18,0,11,-11,-7,-5,-19
-14,-3,-5,-5,2,-11,-22,-19,-6,-2,-7,-4
1,-13,-3,-18,-6,-6,-11,-6,-10,-20,-22,-4
-6,13,-14,-18,-11,4,-15,-15,-16,-2,-17,-7
-19,-15,-9,6,-15,-2,-14,12,1,15,-20,11
-23,4,-16,-16,-8,12,2,4,-1,15,-9,0
-18,-15,1,-3,-18,-15,-20,-17,-15,-11,2,-2
-6,3,-10,10,-6,-14,2,-14,-15,22,0,6
-21,-6,1,21,1,-12,-13,17,-18,6,-22,9
-10,-4,-5,-14,-16,22,-10,24,-16,3,-4,14
-23,2,2,9,2,17,-18,-13,-21,11,-3,17
-17,-4,-12,-8,-8,4,-20,-3,-10,-10,-17,-4
-19,10,-7,5,-19,0,-16,-10,0,11,-3,4
-6,1,-17,-3,-1,13,-6,-1,2,-2,-6,28
-20,-2,-7,2,0,15,0,1,-16,-5,-19,-6
-21,8,-5,5,-22,-7,-6,21,-18,-3,-20,25
-5,2,-1,12,-6,-1,-23,5,-4,2,0,1
-16,10,-3,22,0,-3,-10,-6,-2,14,-4,29
-3,29,-2,23,-3,28,-19,2,-1,1,-11,19
-6,4,-19,17,-15,20,-13,24,-5,29,-19,33
-19,34,-13,-2,-4,3,-4,8,-10,19,-20,22
-9,6,-17,11,-6,19,-19,-1,-23,2,-3,7
1,0,-7,2,2,2,-20,24,2,0,-2,1
-7,5,-21,1,2,10,-3,2,-1,27,-2,4
-20,-15,-12,-31,3,-4,-16,-32,-14,-9,3,-8
-7,-3,-21,-28,-9,-13,-7,-19,0,-26,-21,0
-20,0,-21,-6,-21,-29,-7,-25,-17,-32,-8,-27
-21,-11,-12,-14,-10,-27,-20,-4,-12,-30,-6,-7
-15,-10,-10,3,-3,-5,-15,-4,-8,4,-13,-9
-9,3,-18,-3,-6,2,-12,2,-12,-24,-22,4
-18,-16,-16,-16,-4,-26,-4,-9,3,-16,-4,6
-17,-27,-20,7,-1,0,-8,-20,-12,-16,-2,-26
-19,-17,-22,3,-2,-5,-8,-13,-3,-30,-10,-22
-9,5,-12,-10,-17,-9,-21,-9,-18,-12,-7,9
0,8,-17,6,-21,2,-19,8,-18,-13,-3,-8
-14,-1,-15,7,0,6,-4,4,2,-4,3,-3
-2,-12,2,-7,-15,2,-3,-3,-20,-21,-1,8
-22,4,-10,-16,-15,-6,-13,8,-16,-14,-16,-14
-21,-1,-22,3,-21,-1,-21,9,-21,10,-21,14
-11,-8,-9,-12,-10,-21,-9,14,-21,-22,-18,-4
2,7,-10,7,-15,5,-4,-21,-22,-11,-12,5
-6,16,-13,-8,-4,-21,-13,17,-13,-15,2,16
-7,15,-1,15,-10,-15,-14,-16,-21,-17,-7,0
-16,17,-1,-11,-4,15,-4,1,-6,-2,-3,-14
-4,6,-1,8,-1,1,3,-6,-19,-4,-16,19
1,21,3,21,-17,16,-4,-17,-12,-3,-16,9
-2,2,-12,12,-14,-9,2,-13,-11,-14,-2,-6
-3,6,-20,6,-11,-5,-22,-14,-13,0,-3,-11
-1,18,-14,23,2,14,2,23,-13,-10,-2,0
-16,-9,-3,9,-14,19,-16,11,-19,16,-6,11
-6,13,-22,1,-15,-8,-12,-7,-10,-5,-8,20
-15,-10,-14,17,-20,5,-22,27,-12,26,-16,21
-6,1,-6,16,-10,0,-15,10,-10,-10,3,-5
-15,23,-21,14,-5,2,-16,-1,-21,12,-2,11
-10,-5,-22,6,3,28,-21,-7,-12,9,-11,9
-3,21,-10,11,0,3,-6,29,1,19,-1,0
-13,-6,1,8,-8,0,-18,9,0,17,-4,23
-3,22,-15,26,-1,4,-8,19,-2,23,-12,26
-3,30,3,26,-16,28,-16,26,-20,11,-3,7
-20,35,1,14,0,22,1,29,-7,28,-20,29
-8,30,-10,-2,-21,25,-16,13,-8,25,-5,24
3,0,-5,6,-19,16,2,3,-7,37,-18,20
-5,1,-6,2,-4,3,-3,3,-6,2,-21,15
-19,-3,-7,-32,4,-15,-6,-16,-8,-9,-11,-30
4,-8,-2,-28,-13,-9,-9,-32,-11,-10,-16,-6
-17,-6,-2,-3,3,2,-19,-28,-13,-20,4,2
3,-9,-10,-12,-15,-4,-5,-33,-2,-34,-5,-35
2,2,-17,-3,4,-19,-16,-6,-7,-23,-4,1
-14,-23,-13,0,-2,3,-21,-26,-21,-5,-11,-5
-19,-17,2,-1,-7,-31,-12,-26,-14,4,-21,-3
-13,-6,1,-16,0,-26,-8,-9,3,-21,4,-11
-17,-23,-6,2,-10,-29,-3,-3,-4,-17,-17,6
-18,7,1,-2,-13,-17,2,-28,-13,8,-9,-12
-15,3,-21,-5,-5,-16,1,-18,2,-23,-14,1
-6,-3,4,10,-15,-14,-18,-7,3,4,0,1
-21,6,4,-15,-17,7,-2,-16,-5,-6,-3,-17
1,-9,-9,-18,-19,-22,0,1,4,11,-6,-11
-17,-19,-2,-18,-7,4,0,-11,2,13,-1,-16
-1,8,-1,-4,-9,-10,4,-18,-8,12,3,0
-17,4,-20,13,-1,1,-9,14,-12,0,-1,3
-4,10,-4,5,-2,-2,-21,-12,-2,1,-18,0
-7,4,-19,5,4,12,-11,-6,-16,13,-9,-1
1,2,-9,-18,-2,11,-9,6,-21,0,-18,3
-3,-4,-20,-12,2,5,-9,1,4,-9,-19,15
-15,13,-15,5,0,-5,1,10,-2,17,-18,15
-21,-5,4,19,-14,-13,-5,12,-2,-3,-10,17
-20,16,-21,23,-19,9,-7,1,-15,-14,-4,7
4,10,-17,19,-4,2,-4,16,1,-14,-21,13
-16,11,-20,-3,3,3,-21,4,-9,13,1,13
3,5,4,-2,-3,-11,-18,12,-14,8,-15,7
-18,18,2,27,-16,-4,-3,18,-5,17,-20,-10
-3,-2,-4,24,-13,-9,-11,0,-15,22,-9,8
-13,-2,-6,-3,-21,20,-13,26,-3,-4,-7,20
2,2,-7,28,-14,9,-12,24,-7,-6,-2,11
-21,-4,-4,18,-15,28,-6,24,-2,23,2,18
-5,17,-7,22,-5,-4,2,11,4,25,-14,9
-16,33,-11,33,-2,9,-6,9,-8,14,0,21
0,2,-2,30,-15,23,-10,7,-4,17,-14,17
4,-1,-17,-2,-3,24,-3,10,-1,17,-5,32
0,0,-12,16,-18,30,-10,8,1,-1,-5,0
-17,37,-10,30,3,0,-3,34,0,11,-9,13
-8,7,-9,21,-20,9,-8,18,2,25,2,3
-8,-1,-10,-23,-16,-26,0,-37,-15,-31,-10,-19
-16,-22,-20,-6,-7,-16,-14,0,-9,-21,-2,-6
-14,-17,-19,-32,-10,-8,-7,-27,-8,-32,-14,-16
-18,-27,-15,-35,2,-27,-4,-1,-6,-4,-1,-8
-5,-18,1,-10,2,-10,3,-20,-1,-7,3,-4
-1,-13,-7,-20,-4,-22,-20,-30,-10,-31,1,-25
-8,6,-8,-27,-10,3,-15,-14,-3,-18,-11,-26
-7,-20,-16,-27,0,-16,-1,-22,-16,-24,-5,-15
3,-24,-16,-7,0,-16,-4,-13,-9,-27,-7,-9
-5,0,-14,-9,-4,-22,-14,5,2,-15,1,2
-3,-3,-4,1,-14,-21,0,-14,1,-15,-2,8
4,-15,-13,2,-20,0,3,11,-14,4,-3,9
-17,1,-10,-1,-3,5,1,-5,-13,6,-11,-19
-19,-13,-20,-9,-13,-7,-17,-23,-11,-9,1,10
-8,-19,5,-10,2,14,-18,-3,-13,2,-10,9
-16,0,-4,-10,2,6,-2,-8,-6,13,-6,-11
4,11,-14,1,-19,-11,2,-15,-1,-17,-4,12
2,-1,-14,0,1,-14,-4,-12,-4,12,-3,-3
3,-13,5,12,-11,9,2,16,-13,15,2,15
-4,-12,-10,5,-12,-9,-9,5,-9,-14,-5,-14
-11,-11,5,-2,1,5,-4,4,-9,-4,-2,-7
-15,-1,-17,4,4,-12,-15,9,-1,-2,3,7
-9,15,4,-3,-15,-8,-11,10,-2,-10,-15,13
5,-7,-19,18,1,-2,-11,21,-15,-15,-11,-1
-19,-7,-9,15,0,10,-13,1,-16,9,4,0
-4,2,-19,2,5,15,-2,1,-1,-1,-17,24
2,1,-10,-2,1,-9,-3,26,-5,0,-19,23
5,3,-1,5,-13,-11,-5,25,-3,21,-11,-6
-1,7,-18,-1,-8,10,-8,-1,-19,-2,-9,9
2,16,4,-5,-12,-4,-15,25,-3,10,2,22
-10,-8,-14,23,-15,-2,-1,20,-15,24,-14,30
3,19,-20,19,-13,30,1,5,-12,3,-2,15
-9,2,-20,15,-2,26,-20,30,-11,20,-18,21
-19,32,5,28,3,32,-11,32,-9,23,-6,11
-7,-1,2,22,-3,32,2,24,-13,9,-18,31
5,2,-20,0,-20,6,-2,7,2,9,2,24
3,2,-2,4,-3,36,-16,1,-20,18,4,30
3,1,1,35,0,-1,-6,34,-5,12,-10,13
4,0,-16,12,-14,29,-12,10,-19,24,0,28
-14,-38,-14,-28,3,-23,-4,-28,1,-20,-4,-28
-13,-25,-12,-27,4,-9,4,-15,5,-13,0,-37
-3,-1,-15,-18,-9,-28,-7,-1,1,-4,-7,-11
6,-25,-1,-27,6,-13,-5,-10,-6,-30,-15,-5
-1,-12,-4,-1,-13,-32,-11,-2,1,-33,-19,-25
-12,-8,-8,-12,-6,-3,0,-16,-11,-19,-10,2
2,-25,-18,-12,-2,-14,-7,-20,-6,2,-2,2
-9,7,-11,-24,-7,-1,-10,-7,-12,3,-2,0
-10,-27,5,-15,4,-24,-9,3,-9,1,-5,8
-17,3,-5,-16,-15,-19,2,-7,-9,-9,-4,-6
-15,-9,0,-2,-14,-15,-11,1,-5,0,4,8
-8,-1,-19,-16,-19,9,1,6,-1,7,5,-3
-14,-18,-7,6,0,-13,-5,5,-1,6,2,-9
1,7,-16,-2,-10,11,2,11,1,0,3,-10
6,-7,1,-13,3,-7,-8,-10,1,-1,-17,14
2,-9,-12,1,-14,5,-11,10,-15,14,-13,2
1,2,3,13,-5,12,0,7,-18,3,-13,6
-11,6,6,8,-2,-7,0,-20,-9,13,-15,-15
-12,14,-7,-18,-16,-9,-7,7,-14,-2,5,11
-10,5,-4,3,-18,-11,-12,17,-2,7,-1,4
-10,-12,2,13,-14,12,-1,3,-3,19,-15,10
1,-1,-13,8,1,-6,-12,-3,-14,7,-16,19
-5,-5,3,7,-16,15,-12,-7,6,19,1,8
2,-5,2,-9,-4,4,-2,3,-10,-1,-10,-5
-15,11,4,20,4,22,-2,10,-18,-4,-2,-8
-11,-11,-4,-3,3,5,-17,15,4,2,-7,-2
3,20,-4,-5,-1,17,-11,4,-19,23,-6,-10
-1,-4,-1,-4,-13,-11,1,-3,6,1,-3,3
4,8,-19,5,0,2,-5,9,0,27,-18,-7
-10,20,-3,29,2,7,-7,15,1,24,-14,2
0,24,2,6,-3,-3,1,2,-17,11,-12,8
-10,-6,-16,5,-11,18,-11,12,-19,18,-12,27
-16,31,-12,7,3,7,5,3,-2,18,4,3
-7,26,1,13,4,25,1,4,-10,30,-19,16
6,2,-16,22,-18,-4,-14,8,3,13,-19,21
-11,34,-3,31,-4,8,-15,23,1,32,-4,32
4,-1,-14,12,-11,31,6,24,-15,33,-10,7
-2,2,-19,9,1,1,-2,2,-5,2,5,2
-3,2,-1,2,-3,38,-9,2,2,4,-16,19
-1,-24,4,-17,-9,-33,-17,-10,-13,-30,-12,-24
-3,-10,7,-19,1,0,1,-31,-9,-27,-13,-7
-18,-11,5,-21,-17,-20,1,0,-2,-4,-11,-25
-1,-19,7,-15,-1,-23,-1,-29,1,-19,-5,0
-3,-19,-5,-19,6,-30,-7,-22,-13,-8,-3,-23
-5,-31,-14,-11,0,-23,-11,-29,-10,0,6,1
3,-5,-7,-29,3,4,-14,-9,1,-25,-6,-4
4,-14,-6,-9,-7,3,-1,-30,-11,-25,-6,-24
4,-1,3,-29,-2,7,7,-27,-4,4,3,6
-13,-7,-17,-26,6,2,-13,1,7,-10,-9,-28
-14,-8,-10,-9,3,-17,1,7,-1,-3,-12,3
4,3,-10,11,-1,-18,-8,-26,-2,-27,-6,-4
-4,0,2,0,3,12,-17,-8,-5,-6,-1,-6
-3,-13,-4,-9,7,-12,4,10,-8,0,4,12
-4,-15,2,6,2,-21,-14,-7,-8,4,3,-3
-17,12,-13,-4,-7,-23,6,0,1,5,-6,8
-14,2,-13,9,-13,-5,1,15,-8,16,-9,8
0,-9,-3,16,-4,3,0,1,-3,-6,7,11
-9,-4,-2,15,-3,-5,-2,13,-6,18,-11,7
2,-12,-2,5,-17,19,-3,-17,-3,18,3,19
0,17,-3,18,-2,-4,2,9,7,9,-13,10
-12,-16,2,18,-10,13,-13,-15,-7,-8,-8,6
-12,0,-8,11,-1,17,0,3,-16,13,2,-16
-7,12,-16,-4,-16,11,-4,11,-8,-12,-8,-15
7,16,-2,14,3,8,-4,-7,5,0,6,15
6,19,2,-6,-5,-8,5,-13,5,14,-13,13
-18,7,1,12,-16,-6,-12,-2,0,18,-4,21
-9,-3,-1,22,6,-3,-1,9,-12,15,-6,25
7,24,1,-5,-8,12,4,20,3,27,-12,6
-11,8,-15,15,-10,22,-11,2,-6,-4,-14,13
-18,13,-3,-4,-12,-7,-1,25,-18,7,-8,29
-9,26,3,30,-5,16,5,28,5,0,0,-6
-10,-3,-1,15,-7,13,-12,8,3,27,-2,14
-7,31,-14,9,2,17,-10,19,5,33,-9,28
-3,3,-11,4,-4,6,2,13,-3,30,6,9
-1,-3,-9,22,0,9,7,22,-18,15,-18,33
1,0,-2,29,-14,4,-18,24,-15,4,0,4
0,1,-2,0,-3,0,-3,0,1,1,-9,7
-2,4,6,1,-4,4,-7,0,-9,13,-16,4
-17,-14,-8,-9,-3,-12,-12,-24,-12,-16,5,-14
4,-19,-4,-14,-11,-1,-2,-18,0,-37,-16,-7
-9,0,1,1,-11,-18,0,-20,-10,-29,6,-25
-11,-10,-15,-27,0,-25,7,-6,-1,1,2,-11
-3,-7,-7,1,-14,-31,-13,-1,-9,-10,-4,-22
-17,-24,-5,-29,1,2,-11,-4,-8,5,0,-26
-10,-26,8,-11,6,-14,-13,-7,6,-19,-12,-14
-6,-6,-2,-19,-8,0,3,0,6,-11,7,-3
-12,5,-10,-14,-15,-25,7,-13,3,1,-5,-1
0,-3,-16,-2,-1,-23,3,-26,0,1,3,-25
-5,-5,-8,3,-11,-3,5,-23,-17,-6,-11,-1
-4,1,5,-23,-1,2,-1,4,-8,-16,0,-4
-16,-18,-1,-1,-15,4,-12,-21,-16,10,3,-4
-8,11,-12,-21,-13,-24,7,-3,-2,-9,-3,-11
-8,3,-2,-8,-4,-21,-10,-3,-3,5,1,-5
7,1,-5,-8,1,-18,-5,-9,-2,-17,-4,10
5,-11,-15,13,-4,-12,-3,-10,0,-16,-15,-11
1,-2,-15,12,0,-1,-4,10,-2,-16,-9,-6
-12,-3,5,4,3,-16,0,7,-12,-1,-1,13
5,-10,7,-8,-16,12,-9,-16,-11,2,3,14
-6,6,-11,8,-7,-13,-6,11,-3,2,3,-17
5,11,4,-12,2,-16,7,13,8,-12,-1,6
6,12,-13,16,-7,-10,-11,20,-8,13,-7,0
3,15,-10,-12,8,-11,-2,22,-2,6,-8,19
4,23,0,2,3,23,-4,16,-15,-7,-4,-9
-5,17,1,11,-8,5,6,-4,3,-3,3,23
-17,-11,8,12,6,23,-16,20,-13,-4,-13,15
-7,15,4,22,-3,-8,-3,-11,-16,27,-6,24
0,5,7,13,-13,28,-11,16,2,1,-5,0
-12,14,8,-1,-17,-1,-6,7,-11,-2,-10,21
-14,1,2,13,-7,10,-4,-4,-4,-1,-6,-8
-17,26,8,6,5,13,-16,2,-15,7,-9,24
-2,0,1,25,-9,32,-12,19,-17,25,-4,4
-3,28,7,1,7,12,-17,20,7,25,-13,0
7,0,0,2,-15,30,-16,15,-5,23,-3,33
-4,3,3,-1,-10,4,7,-2,-11,16,-2,0
2,1,0,2,-8,12,4,28,-15,30,-14,18
0,1,5,0,6,1,-7,25,8,14,5,5
-2,1,1,3,8,26,2,2,0,3,8,3
-9,-26,-8,-24,8,-23,-1,-30,8,-29,5,-1
-9,-1,7,-27,-5,0,-16,-6,-13,-9,-7,-17
7,1,-6,-5,-2,-3,2,-8,-13,-28,4,-2
-10,-15,-2,-13,1,-28,-13,-1,6,-3,-3,-31
-6,-13,-4,-4,5,-1,-5,-25,0,-15,-6,-22
-5,-20,-9,-33,-6,-31,7,-9,4,-28,-15,-5
3,5,4,-15,-3,-21,-4,0,-8,-14,6,-2
2,5,-7,3,-11,-21,9,-3,-1,-5,0,-16
-7,-18,-5,-10,6,-3,8,6,-4,-13,4,-17
0,3,-15,-27,-2,-21,8,3,4,-3,-6,-14
4,10,-8,8,-1,-20,-2,9,5,7,-3,-8
8,8,0,-8,-10,-18,-2,-18,-13,-23,-9,-8
-13,-21,2,-10,0,-6,-6,12,8,-4,3,-1
-1,-12,9,-20,1,-25,0,-2,0,2,6,-5
2,13,-5,0,-4,-12,5,7,-8,-5,6,9
6,-15,1,-3,-10,-2,0,2,5,-16,-5,0
-16,15,-4,-8,4,-13,3,2,-13,-10,-8,3
-1,-12,4,-6,4,-3,-7,-13,8,17,-8,5
-5,2,0,3,-2,7,8,-18,1,-9,-3,12
-7,7,-10,11,-11,2,-7,10,-10,-13,6,6
-11,1,0,-6,-12,19,-2,-4,-14,13,7,-18
2,15,-8,14,-4,9,4,5,5,-7,9,11
-12,16,5,0,-1,7,-4,-14,2,5,-12,18
-2,5,-8,14,-14,-3,-7,-14,-5,-8,-13,11
1,10,6,3,6,2,9,3,-5,-13,9,-1
-15,7,-1,7,-13,6,-3,20,-5,9,-8,14
-12,-10,-16,0,-4,3,-1,14,4,10,-13,-12
-8,18,-13,14,9,-3,-4,-4,-4,1,-5,1
-1,27,-1,21,7,7,-10,9,5,9,5,10
-1,5,-8,17,4,-1,7,27,7,7,9,18
-12,3,-11,5,-14,17,-14,6,-3,0,-16,27
6,27,-11,16,-5,15,3,7,-6,25,-9,5
-13,4,-11,21,-3,14,-6,5,4,13,-13,10
0,26,-13,10,-13,-1,-8,-4,9,23,-5,31
5,-1,-1,14,-2,5,-6,33,9,25,-14,9
8,-1,6,15,5,34,-6,22,0,2,7,14
0,1,-5,11,-4,9,4,5,-9,36,-9,3
0,0,-8,4,6,0,2,2,8,1,-11,12
-2,2,3,2,5,30,5,2,6,2,0,4
10,-26,-3,-14,1,-28,10,0,10,-8,6,-14
7,-4,0,-35,10,-35,3,-7,9,-24,-1,-13
-8,-36,-13,-13,-11,-8,-2,-8,-4,-24,-6,-36
10,-4,2,-20,-1,-28,-4,-14,-2,-26,-3,-9
-9,-8,-1,-4,-12,-12,5,-22,-3,-23,6,-16
-8,-4,-8,-15,-13,-29,-3,4,-5,-21,10,-7
8,-7,5,-1,-12,-6,-6,-23,7,-25,10,-31
-6,-17,3,-10,-3,-17,2,-19,2,5,-1,-1
0,2,-1,2,-3,6,9,-19,-13,4,10,-7
-6,8,6,-6,-14,-16,-3,-13,10,-16,-12,2
6,-13,3,-3,-4,-16,3,6,-14,-19,-6,0
3,3,-3,-11,-11,9,-5,-7,-14,-23,2,2
-3,0,5,1,5,-6,-13,-9,1,9,-8,10
-14,9,-10,-20,-10,-16,-12,-2,4,0,-7,11
-2,-24,-8,11,8,9,9,14,-11,2,9,-6
5,10,-2,12,-10,1,-5,-17,-1,14,-5,-2
-7,-12,-12,-2,-11,8,4,8,3,2,0,2
0,15,2,-21,3,1,6,-6,3,-13,3,16
0,2,-15,-16,0,6,2,-13,-4,-7,-9,9
-1,2,-12,-9,2,3,10,8,-14,3,-3,-19
4,12,-12,1,-5,14,7,-15,-11,7,-3,-3
-3,3,10,17,9,4,0,-10,5,-17,1,-4
-2,19,-9,8,4,-11,-7,-8,9,9,8,-2
-3,13,4,12,-5,5,6,-8,-13,3,1,14
2,4,3,16,9,12,-14,9,-6,23,10,-8
-2,14,8,-6,0,21,5,-7,6,18,-6,0
-9,16,-11,-6,-11,17,-3,17,-3,20,3,2
-2,15,9,-4,-12,-1,-13,16,-5,7,2,13
5,9,-3,26,0,22,0,-1,10,23,4,-4
2,26,2,0,10,28,-8,-7,4,24,10,-2
4,-1,-2,4,7,27,-2,18,-2,25,-5,-7
-1,3,9,22,-8,2,-14,1,7,28,-7,15
5,11,-4,-5,-7,14,-2,2,4,2,10,8
5,16,-12,25,5,25,-3,3,-1,-4,-14,29
-3,7,6,25,-14,30,1,11,-12,15,-5,7
0,2,4,12,1,31,-13,12,-3,34,-4,-1
7,-1,-3,8,8,30,-13,32,-12,25,3,5
0,2,2,1,0,2,9,6,-7,4,8,1
-1,4,9,28,2,3,-9,38,10,34,-1,4
-7,0,7,-38,1,-10,6,-4,-10,-8,-7,-38
-13,-7,8,-31,3,-12,4,-19,-8,0,-7,-35
11,-21,-6,-34,-5,-3,-11,-21,4,-21,3,-3
-1,2,-7,-3,0,-21,-14,-7,-8,-8,-9,-2
11,-1,0,-7,-3,-19,-11,-13,11,-13,-1,2
-6,-17,2,-18,-11,-8,-1,-21,11,-23,0,3
6,4,0,3,-13,-8,-5,-29,-8,-15,5,-18
-3,-20,1,-10,-14,6,5,-15,9,-19,-8,-9
11,-26,1,-25,2,-29,1,-14,-12,-26,-3,-4
6,-25,-5,9,-4,-20,11,-21,8,-25,-6,3
9,3,2,-6,4,-20,0,4,-1,-12,-5,-5
1,1,-5,-1,-12,-5,-14,-16,6,0,7,-27
-13,-1,1,9,11,-7,-10,12,-7,3,5,-17
-9,6,7,9,9,-20,-10,-20,-2,-23,5,-4
-3,10,11,2,-2,-21,-2,9,-9,10,4,-7
-4,-12,-1,-16,-7,-9,-8,2,2,2,5,-10
-2,3,2,8,-5,2,-2,1,0,2,6,-10
-5,-3,-14,-13,11,14,10,-9,3,-9,2,-15
-1,2,-13,-9,6,6,-6,-3,-8,-20,-5,11
-4,-1,0,-2,-1,10,11,2,-13,11,-12,-9
0,-3,7,7,-9,17,1,-18,10,-3,0,2
-6,6,-14,0,1,-11,-5,-15,-12,-9,-6,17
-3,5,9,0,8,6,6,2,-5,11,4,8
3,15,-14,20,-7,0,3,-2,2,-1,10,2
-4,16,6,18,-7,21,-13,-14,-14,16,-8,21
-1,11,-12,19,-14,20,5,18,1,15,5,-6
-9,2,-2,-1,-3,-8,-4,-5,-6,18,11,7
3,27,4,17,-1,4,7,17,3,18,-3,4
2,16,-7,5,4,16,-12,14,5,14,-2,2
-7,-4,-11,24,2,16,-3,4,-5,25,3,-9
-7,29,5,0,1,5,11,2,10,29,-3,14
-1,31,8,3,6,28,7,3,1,12,9,3
-3,4,-12,6,-3,19,-6,-6,3,25,7,8
2,1,-4,32,10,17,6,8,10,2,7,7
10,1,9,29,-13,29,-6,16,-6,-1,2,34
7,1,-8,2,11,13,-13,9,-14,7,-1,-2
1,0,-11,-2,-10,-2,0,2,3,0,-10,9
0,2,0,3,-13,4,3,3,4,2,1,0
4,4,-9,20,9,25,-10,29,-14,3,-14,7
7,-30,-10,-34,-7,-10,1,-15,-13,-31,8,-15
-7,-4,5,-33,-10,-1,5,-12,2,-23,-8,-30
-10,-2,12,-24,2,-14,-3,0,-7,-20,-4,-10
-3,-20,-8,-3,-2,-12,-6,-27,12,-24,-8,-8
-9,-7,-8,-8,-13,-34,-12,-5,11,-1,-5,-4
-3,-17,-12,-2,5,-13,6,-13,-13,-28,-4,-1
12,4,4,0,-11,4,10,-2,0,-15,3,-2
-4,-27,7,-21,-3,-21,7,-10,9,-15,9,3
-13,4,-13,-8,-7,-22,-10,-19,-4,-10,9,-19
-12,-24,11,-17,-6,-4,8,5,-8,-27,7,-10
5,1,0,-14,-10,1,-8,-12,11,-11,6,-13
3,-7,3,-6,12,-2,-12,-13,5,-10,0,-2
-9,5,-8,-1,2,3,12,5,3,-4,-6,9
-4,5,7,-9,7,7,-9,2,9,6,6,11
-11,-2,-2,10,-13,-5,0,-13,8,14,-10,-12
8,7,-5,7,-7,-4,6,-23,1,-10,3,-20
-2,13,6,-8,3,-18,0,-9,-7,16,-13,-14
1,2,11,12,-5,-8,9,-7,7,-8,8,-15
0,0,9,-15,-4,-10,-8,0,-2,1,-12,-13
-1,3,-10,-13,-11,-1,2,4,-8,-16,-3,-1
2,3,12,9,1,0,10,8,-10,-2,-5,-2
1,2,6,0,9,-15,3,-13,1,1,9,15
0,0,12,7,-13,-10,-10,-2,-4,-13,-2,22
1,14,8,-2,-3,-8,5,-10,6,-5,0,19
-1,21,0,22,-11,17,-11,16,-6,-3,5,7
-8,12,-2,2,1,16,3,-5,-12,-13,12,22
-7,5,8,18,-5,24,0,23,-12,21,10,1
2,14,8,-4,2,16,10,0,2,-4,8,-6
7,17,2,17,-3,4,9,11,1,6,-6,13
-3,15,1,-9,2,26,3,3,-6,22,5,23
7,-7,-2,9,-8,30,-2,7,-12,3,11,8
1,-2,-3,-5,-8,19,-11,25,-13,9,-9,7
-1,1,-2,22,0,10,5,2,-4,-6,-11,-1
3,-5,-6,23,-5,-2,-5,21,-11,-4,-9,11
-1,5,8,7,12,13,10,11,3,-3,12,-4
-4,35,10,19,4,23,-11,0,8,29,7,3
6,-2,-6,20,2,12,-11,24,2,-2,-12,7
-3,13,-10,31,-11,22,12,36,-8,15,11,37
4,34,-7,0,0,35,-7,31,-11,30,-5,21
-7,-1,4,-1,-3,-16,12,-25,12,-38,-2,-18
1,-29,-9,-9,2,1,-1,-2,11,-33,0,-10
12,-21,8,-35,7,-4,-9,-9,6,-35,-4,-28
-10,-15,-9,-4,-3,-28,-12,-5,6,-21,3,-16
11,0,-11,2,2,-13,-3,-17,0,2,8,-8
1,-15,7,-29,13,5,-1,-31,11,-14,12,-8
-11,-32,-1,5,-8,-15,-10,-9,-6,-17,4,-25
-12,-29,-11,-9,-12,-14,-3,-31,2,-23,9,-4
-8,-1,11,-18,4,6,0,-30,1,2,4,-21
-9,-11,9,-11,6,-1,12,2,7,0,11,-1
1,1,2,-16,-5,-27,8,-3,9,2,-6,-7
5,-15,8,9,5,-26,9,11,-8,-7,11,6
9,5,-10,1,8,8,3,-14,-12,-17,2,1
5,-8,4,-7,12,-6,5,-17,-10,-13,3,-7
-3,-2,-2,-10,6,-3,11,-18,0,-1,7,-16
6,-5,10,-7,-2,-8,6,-16,-4,2,-6,-5
3,-2,11,-3,4,1,-1,-21,-8,11,12,-7
-2,14,5,-3,-5,17,-3,4,12,6,6,5
3,-1,11,6,4,6,-7,-9,-11,-5,2,-17
0,2,11,-6,1,-13,12,-19,-1,8,6,11
-4,4,-2,11,-3,-10,5,5,-11,-1,-12,-3
-5,4,-2,0,12,-15,0,1,2,15,5,-4
0,2,0,1,-1,2,3,16,6,2,-7,16
-5,16,10,-7,6,-1,0,23,-11,3,4,17
-5,9,11,-14,-4,-12,5,-12,-4,22,0,21
-4,11,9,-11,1,9,0,17,-2,-5,-1,11
-11,-3,2,17,3,21,4,26,4,4,4,13
3,20,7,8,6,19,8,13,9,-11,-11,-6
-4,4,-1,25,-2,15,1,13,0,-4,-3,27
0,-3,2,9,-9,6,-8,26,10,20,2,14
13,-8,-5,30,-10,-6,8,29,1,3,-12,25
3,-3,-3,20,7,11,10,30,-2,17,-5,17
0,4,8,6,11,14,-5,20,-9,5,2,-1
-1,4,8,4,-1,28,9,20,9,1,-11,11
7,29,5,8,-3,15,-1,23,-4,27,-5,21
7,3,10,17,-3,8,-10,35,0,26,9,30
-2,34,-12,-2,8,29,9,7,-7,35,-9,36
-2,27,3,7,-3,-1,8,35,8,29,-10,-1
-12,16,-2,20,-6,33,-10,11,-8,2,4,11
3,-32,-8,-11,12,-16,4,-34,-6,0,1,-25
10,-32,-7,-21,-8,-21,9,-21,10,-22,-10,-37
-10,-18,14,-8,-1,-3,-10,-10,0,2,0,-6
1,-31,5,-18,0,-14,13,-19,-8,-35,-6,-10
8,-21,7,-2,6,-11,9,-11,-11,-13,-3,-10
-1,-6,-6,2,10,-25,13,-19,-9,-27,3,-5
-9,5,10,-10,-2,0,0,5,-6,3,7,-20
-10,7,14,-12,-4,-25,8,1,2,-16,2,-17
-3,2,13,-21,1,-7,-6,-1,-10,-4,-6,-30
8,-6,-2,1,6,-24,2,7,13,6,8,3
-4,-6,-8,-19,-3,-6,0,0,-7,-6,-5,-5
10,-8,13,-9,2,-25,7,-1,4,6,-8,-4
8,5,-2,-20,1,-22,9,-11,8,-8,8,-25
2,-2,5,-11,-9,-8,0,-20,12,-14,0,-17
4,-7,5,-18,-7,-2,12,-19,6,-6,11,5
13,7,-10,-10,-2,-7,6,2,3,0,2,-12
-6,-2,3,2,0,2,-3,0,-9,4,-2,-3
-4,-1,-6,0,-2,-15,-3,-9,3,-9,3,-11
3,2,-7,-11,-9,-9,12,17,-8,6,-4,-7
-3,1,3,2,-8,-7,7,-10,10,2,-4,1
0,2,9,-5,-4,4,-2,12,-7,3,2,20
3,-1,7,6,-7,8,1,14,11,20,13,5
0,2,-1,2,4,4,-11,21,1,18,0,2
3,3,-10,14,9,-14,12,-7,1,13,4,7
0,2,-4,-13,5,1,-7,-6,-1,-10,-2,10
-6,0,-3,7,-6,10,5,5,-5,17,3,22
-9,-10,-7,3,5,19,4,26,6,21,1,9
-11,17,13,9,-9,16,-5,-2,-4,5,3,6
-5,1,8,13,-5,-5,10,7,-4,15,4,3
3,-8,14,16,-1,18,-8,4,3,1,10,13
2,-3,-2,1,13,10,-7,5,-4,-5,13,12
6,0,-9,-3,0,6,-11,13,-4,1,6,-4
-1,4,-11,3,-7,21,11,12,11,-1,-3,0
-9,24,-10,0,-8,28,0,15,-8,31,-10,5
-10,0,-9,9,12,27,8,15,-3,23,-11,20
-10,18,2,22,-11,10,-5,2,0,1,13,3
-6,9,-6,35,3,11,12,29,-3,10,11,1
7,12,7,26,-6,21,-3,8,-5,12,5,20
-8,2,12,11,6,27,13,6,-8,5,14,37
4,-31,5,-23,-7,-17,3,-18,-3,-15,2,-36
14,-23,10,-12,8,-12,1,-11,11,-11,14,-10
8,-31,2,-24,-5,-17,5,-9,1,-2,9,-7
0,2,-6,-6,-3,-23,-7,-25,3,-8,-7,-29
-7,-4,8,-16,-6,0,-8,-1,2,-14,5,-5
2,-6,-5,-3,-6,-31,9,-15,7,-24,-8,-2
3,-19,0,-27,14,-22,11,-26,-3,-5,-8,-16
-2,-16,3,-7,3,-3,3,-7,10,-2,7,-20
-4,-28,-9,7,4,-5,0,-17,9,6,13,-23
5,-6,1,-21,2,-23,-1,-14,-10,5,0,-5
0,-5,-6,-18,-7,-20,-2,8,-1,-19,9,2
2,-3,10,-19,-8,-6,-1,-14,-6,11,10,-4
-10,1,6,-21,5,-9,8,-14,9,6,-5,10
-1,6,-6,-5,-9,-13,0,-2,7,-18,12,-12
-6,12,8,2,-4,14,-1,-13,-4,-19,6,2
-3,10,4,3,3,-6,13,-19,-10,-11,13,14
-2,12,-4,10,8,-5,13,5,12,4,5,11
-2,14,-1,0,1,-18,1,15,-1,7,4,-19
0,2,4,-9,9,-11,13,5,-8,16,5,5
13,5,5,-8,-4,3,-2,-6,-8,2,15,17
-1,7,2,-12,1,14,-8,-5,7,-3,-3,15
-4,-2,15,-8,15,-12,5,0,3,14,2,-8
-2,2,-2,7,11,2,-10,-6,-1,20,-5,5
1,2,7,23,-7,-13,-9,7,3,22,-4,-14
3,1,7,10,-2,5,10,15,9,17,8,1
10,13,4,20,13,8,10,15,10,-7,11,-10
10,-12,9,16,-5,-11,15,6,5,24,13,22
2,1,-6,17,-9,8,5,-6,13,22,-6,9
-5,11,8,26,13,-1,-3,9,-9,4,8,8
4,16,14,15,2,29,-2,9,12,-1,-8,20
9,10,14,2,-6,-4,12,1,4,-4,14,28
0,-5,-9,7,-4,4,-4,-7,8,13,-8,27
-1,-1,-7,10,6,13,-8,4,12,12,-9,7
-10,7,-1,-5,7,8,12,1,6,2,-5,0
-7,2,14,34,-2,12,-5,27,-10,34,15,17
-2,10,14,28,14,26,11,34,5,1,-10,10
3,-1,-7,6,-6,30,-3,29,9,24,2,1
0,24,-1,4,12,11,-5,36,4,4,14,6
-2,5,3,0,-5,4,-3,35,-4,8,-10,32
14,-24,4,-11,7,-20,-2,-4,7,-34,-7,-31
5,0,10,1,2,-23,8,-27,7,-11,9,-21
13,-32,3,-11,9,-32,-7,-32,-2,-8,-5,2
14,-30,6,-18,-1,-31,-8,-18,0,-14,8,-7
14,-19,-7,2,-3,-30,15,-6,-9,-26,0,2
7,-11,-1,2,10,-22,-7,-14,-6,-3,-5,-9
13,-18,-8,-20,5,-12,12,-27,-5,0,-1,-21
-8,-17,14,-29,-7,-23,8,-10,-4,-8,-8,-10
2,-23,-3,-1,2,-2,15,3,5,-9,7,6
7,4,8,1,1,-18,13,-14,4,-4,-1,-9
-3,-14,14,-7,-4,-14,-1,6,5,2,11,-7
0,-6,13,11,0,0,16,-27,-7,1,-2,10
1,5,-6,-12,-9,-11,-5,-7,1,4,14,-10
0,-5,1,-12,15,-11,6,-10,7,-2,4,12
15,13,13,-17,4,-23,-2,-18,-9,8,0,-7
1,-11,14,4,6,13,0,-2,3,-13,7,-13
-8,-19,10,-10,7,6,11,-3,16,0,4,8
7,15,-3,-15,14,17,5,8,4,5,1,-15
-6,1,14,9,6,-8,-3,-18,16,-6,10,-4
7,0,10,-8,12,-19,-1,11,-3,-10,14,8
2,10,7,14,0,-1,8,13,4,-14,1,-1
-5,5,4,13,5,15,9,15,15,-14,6,20
6,2,-5,10,8,16,3,4,11,8,0,2
0,2,2,-8,-3,5,10,-7,-1,8,1,-11
-9,24,0,2,3,20,10,11,-8,15,5,17
10,-9,-9,19,15,24,3,-12,8,15,1,17
0,1,1,18,-4,17,16,22,-4,-11,-7,25
9,15,-9,18,-9,7,-6,7,-4,0,-1,-6
10,12,4,-9,0,25,8,24,9,-3,11,-8
1,-8,-4,-2,4,16,16,7,-3,3,2,5
-8,7,-3,6,11,-1,8,27,-5,-2,-4,15
-7,0,-3,-3,14,20,-7,30,1,-1,10,10
-6,2,9,6,9,25,11,-2,-7,16,-6,-4
-2,3,-6,6,3,2,-6,-4,14,12,-5,-1
11,33,3,19,-3,26,-6,18,7,30,2,17
11,6,4,6,3,32,16,12,11,14,-7,9
2,-2,12,15,-3,24,13,18,-6,1,-1,8
3,0,6,-1,-4,14,-5,30,12,8,11,16
8,9,5,19,16,31,16,30,3,3,4,16
-5,-23,9,-10,4,-13,3,0,-5,-13,-3,-4
2,-24,15,-29,3,-8,1,-18,15,-6,3,-3
9,-30,-7,-8,1,-24,8,-7,-8,-12,13,-23
-3,-1,0,-27,-6,-2,11,-13,7,-8,1,-20
-8,-14,8,2,8,-13,10,-17,-5,-2,7,-4
3,-3,-1,-13,11,-8,5,-17,10,4,-3,2
3,5,8,-23,11,-9,2,-29,-1,-32,-3,6
10,-25,-8,-13,-7,-25,-1,-13,15,-8,-3,-12
-6,-30,9,5,14,6,-3,-22,1,-6,7,-3
0,2,-6,-26,5,-17,-7,8,-4,-15,15,9
-1,-14,-2,-11,-8,-24,16,-18,3,-17,-3,-26
8,0,0,-27,5,-13,-1,-3,4,-18,3,-17
17,-7,16,9,2,8,8,11,-6,-24,3,2
5,8,12,-11,6,-6,-4,5,12,-14,-2,11
17,3,3,-22,16,12,12,-4,0,-11,14,-20
-6,4,12,-2,11,-7,5,-13,6,-14,5,-10
8,-5,9,1,-6,-3,16,5,16,-18,-1,-8
5,-2,9,-4,15,-17,8,-11,16,-16,-8,-19
5,1,13,-8,-3,-2,5,-5,5,-17,-8,14
4,0,8,1,4,-18,0,-8,-5,-17,-4,-19
-5,14,12,6,6,-7,9,-18,13,-4,1,9
-2,6,11,13,5,-8,-6,1,16,11,4,17
2,1,-8,-11,13,-1,-3,17,-4,-5,-4,-7
0,2,7,-12,-1,19,14,17,-1,4,-6,0
-3,16,-3,8,-8,-4,-2,18,15,-14,10,14
11,-5,-6,1,-8,7,4,8,-1,24,9,-11
13,5,15,18,-2,-6,-4,9,13,15,-6,6
-5,-11,0,2,3,-3,9,6,-5,2,-6,8
17,1,0,1,13,-4,8,-10,4,11,10,-8
2,11,-6,25,0,18,6,24,-6,18,-5,-8
-5,15,-8,22,-6,24,1,26,5,15,9,9
7,1,17,-1,16,28,-8,-7,12,-5,-7,22
3,6,4,27,-8,26,13,13,4,8,-7,19
3,0,-1,4,-8,6,15,28,14,10,7,1
-5,-3,17,3,0,31,3,19,1,14,3,28
5,29,-1,3,14,2,16,18,13,-1,17,30
11,23,16,20,13,22,15,16,-4,16,6,-1
-5,16,15,17,5,26,-7,5,10,22,-7,18
11,35,3,10,4,28,-4,14,-5,24,-8,12
11,-4,12,-18,13,-10,-2,-14,7,-19,-2,-16
0,-30,2,-27,2,-3,14,-36,14,-29,0,1
-4,-3,11,-31,-1,-21,0,2,13,1,-4,-26
3,-1,5,-1,-3,-27,10,-9,18,-3,13,-4
10,-21,8,0,12,-13,-6,-9,12,4,11,-34
4,-10,3,-7,-6,-23,-5,-13,1,-16,14,-3
13,-10,17,-6,8,-1,11,6,1,-11,8,-17
7,-31,3,-15,16,3,10,1,16,-25,10,-1
17,4,4,0,13,-14,0,3,-3,4,-3,-7
10,-7,11,-15,15,-18,-4,-1,2,3,-1,-5
-3,-11,-1,-26,0,-20,14,-5,-5,-18,14,-13
7,-14,-2,-16,9,5,0,2,6,-17,18,-16
-5,-2,-2,-20,13,10,-2,-20,-1,-2,6,-19
-7,-20,0,-18,-7,-22,7,-4,17,4,15,-4
10,12,12,13,16,5,4,-7,18,2,8,-24
-6,-22,3,9,18,1,16,-21,12,-2,7,3
12,7,6,15,1,4,-4,13,-3,-3,13,13
4,-2,12,10,4,-1,-7,1,6,-9,-6,12
5,-4,5,7,-4,3,12,7,0,2,8,-13
1,2,-6,5,10,5,3,11,7,3,4,-10
14,6,15,11,-6,-4,16,5,16,-8,18,-6
11,14,5,21,-5,-2,-7,1,-1,17,4,-14
18,22,7,18,4,20,11,8,0,-15,0,1
6,15,8,15,12,-5,9,-10,-4,23,8,11
17,6,3,-2,11,1,13,-9,0,16,8,22
7,-1,-5,24,6,-9,3,8,-5,25,5,-9
15,19,10,10,6,19,6,20,14,22,11,-4
16,12,-3,-6,-7,5,11,-7,-4,-10,5,21
9,28,-2,-8,13,3,-6,6,0,2,-7,6
10,28,16,23,16,2,18,26,-3,-5,-4,0
15,11,13,26,0,3,3,23,6,16,-6,24
0,23,1,20,0,23,6,7,3,6,1,-6
3,-2,13,16,12,18,0,-3,-5,29,8,26
-5,23,-7,23,6,2,-3,29,6,1,-4,-2
1,0,-7,-3,-4,34,-1,14,1,5,-5,20
11,18,1,12,17,8,7,5,8,22,15,13
-6,14,-6,23,12,6,-2,1,18,2,-1,13
-6,27,10,4,13,4,12,3,-4,34,10,0
15,10,2,3,-6,21,14,0,4,30,-4,28
8,0,15,-35,2,-4,14,-8,1,-14,7,-9
9,-37,0,-3,-6,-3,0,-4,8,-12,17,-6
12,-36,16,-6,-3,-36,7,-15,-2,-27,19,-2
7,-26,0,-26,1,-22,4,-16,12,-22,-2,-34
-6,-4,-1,2,17,-19,15,-5,16,-31,9,-3
17,-1,2,-17,10,-9,8,3,0,-23,7,-18
7,-28,5,-21,1,-22,-4,-23,17,4,4,-23
15,-30,5,-26,-1,3,-1,-8,-5,-19,-2,-13
18,6,3,6,6,-8,11,7,-3,-13,1,-29
6,-12,6,-3,16,-15,-1,7,-6,-6,17,-11
-4,-2,9,-2,7,-10,9,-4,6,7,17,-24
5,-21,-5,11,15,-17,3,-5,17,-9,8,7
-2,7,19,5,16,-19,-3,5,9,-16,-4,-17
1,-21,-6,-1,-3,-12,16,0,3,-17,7,-2
3,11,2,0,8,-9,18,11,17,11,-3,11
13,-9,8,-22,12,-21,-2,-11,9,-12,4,13
18,1,17,6,2,-22,4,-22,-3,11,-1,2
4,8,13,-11,4,-9,6,-18,-1,4,12,-1
17,10,11,-10,14,18,18,14,12,-4,15,-9
-2,-11,15,-10,13,1,3,-14,-3,4,-1,-4
6,11,15,-8,-3,-11,-4,-11,9,2,11,-3
7,-3,1,0,19,3,10,-3,11,-1,8,-10
3,7,13,20,18,7,3,-9,10,8,5,13
6,0,9,4,7,18,1,2,19,3,13,11
19,18,9,-5,4,10,13,7,-2,-9,10,-2
18,14,10,20,9,11,-3,-6,7,15,13,24
7,13,11,-4,16,-8,5,18,19,8,11,15
16,24,18,10,5,15,16,27,7,19,2,6
2,18,2,0,13,5,8,3,3,-8,18,-10
5,29,-3,25,14,1,10,12,-4,2,17,-4
-1,1,-6,26,4,13,19,16,-6,21,-1,-2
5,-6,17,29,6,2,6,15,10,1,-1,5
4,2,3,6,-2,1,5,-2,18,15,-1,-3
14,15,-6,32,4,26,2,1,5,14,4,2
-3,24,-1,-3,18,16,7,-3,2,3,5,-3
12,13,7,28,15,-1,1,9,-1,3,-6,0
-4,15,-3,-1,13,36,12,34,10,27,-3,2
14,34,-2,12,6,-1,-5,10,16,9,4,4
-6,17,16,2,7,13,13,15,-4,0,8,19
1,-1,12,-1,17,-1,-1,-36,-4,-15,17,-15
13,-36,18,-2,12,0,2,-37,10,-7,19,-32
14,-35,-4,-20,8,-36,17,-20,3,-2,11,-31
7,-27,13,-2,3,-29,3,-10,6,-17,8,-13
1,-2,1,2,-2,3,9,-31,7,-16,18,-13
13,-22,1,2,14,-6,0,2,15,5,14,-2
-3,2,9,-1,16,-31,-2,-28,9,3,2,-28
0,2,6,-12,12,-1,16,2,5,-12,18,4
9,4,7,-2,6,-21,9,-3,1,-8,5,5
14,-5,13,0,0,2,-4,-14,7,-16,17,-10
-1,-16,4,7,19,4,-2,-25,14,-5,7,-12
4,-25,-2,10,-4,-24,1,-23,7,6,9,-12
-3,-22,0,-23,17,-5,17,-18,3,-18,10,-14
5,-20,3,0,10,-20,-4,5,-4,7,-3,-2
0,-6,10,0,19,-12,18,-8,19,-16,8,4
0,9,6,3,20,-17,5,4,5,12,16,-7
19,3,4,-11,16,10,15,13,16,-11,5,-12
4,7,-2,1,9,15,-4,3,10,3,11,16
-4,2,8,9,6,7,9,-15,9,6,17,8
-1,-5,2,0,4,6,14,15,1,10,-5,19
6,11,11,-11,1,-4,20,15,4,13,6,19
12,12,2,9,5,12,8,0,5,16,10,-13
11,2,3,-4,9,-16,11,3,16,13,8,1
18,14,17,22,1,22,-2,-3,1,-1,-1,20
20,11,-2,3,11,8,16,18,12,23,6,17
7,1,4,9,3,10,10,-7,1,12,9,-7
0,0,-1,7,-5,9,17,-10,-4,1,17,5
16,12,5,-2,6,6,12,3,-5,26,1,-1
16,6,-2,-8,16,-6,19,5,18,-2,2,-3
16,0,-5,-2,13,24,6,9,12,1,19,1
3,0,16,24,10,2,6,26,15,13,2,-2
18,2,5,-3,10,-7,-2,22,17,13,17,2
1,0,9,-3,10,32,2,26,11,25,-5,8
2,10,-1,-2,11,25,1,15,7,17,-5,5
3,2,0,11,11,-1,-3,25,6,16,2,4
7,33,-1,4,4,6,16,0,18,0,-3,0
18,6,12,29,13,34,18,10,14,2,-5,2
20,12,12,2,17,30,4,13,-4,18,8,-1
6,4,16,21,20,21,2,13,6,17,-2,15
18,-35,19,-33,1,-2,11,-18,3,-33,5,-34
19,-37,-2,-19,16,-20,1,-30,21,-37,20,-2
-1,2,8,-16,10,-19,8,-19,7,-1,5,-34
16,-30,10,2,12,-22,6,-13,2,-15,21,-33
12,-21,0,2,17,0,2,-13,2,2,10,-21
16,-10,0,2,0,-20,21,-1,2,-29,18,-28
0,2,5,-18,14,-21,-2,-16,12,-2,21,-3
-3,-2,8,-28,2,-14,-1,-14,15,-17,2,-14
3,5,14,-15,14,7,-1,-25,10,-15,18,6
10,-12,14,-10,-3,6,10,9,10,-23,6,-26
2,-21,5,9,5,-2,-1,-12,14,7,13,-7
17,-15,7,5,21,-20,0,-11,12,-18,15,-5
-2,-8,9,12,5,-11,6,3,0,-2,-1,-12
18,-10,2,8,17,-8,-4,-23,3,-4,-3,2
3,-5,4,-23,0,-3,15,-19,14,-12,6,5
21,-16,8,12,6,-4,16,3,5,2,4,-5
19,-10,6,-19,0,1,6,-4,4,-11,4,13
10,14,7,-9,0,3,18,3,3,-12,6,11
-1,4,3,3,20,7,0,2,12,-2,7,5
14,-9,20,-2,-1,1,20,1,9,-6,0,6
12,3,19,7,14,5,6,-3,15,1,3,14
9,0,15,-4,-4,13,3,20,19,11,21,-7
2,19,5,1,0,2,3,12,-3,15,16,-5
17,6,5,13,-1,13,5,-5,5,8,2,-6
-2,-2,20,18,2,-4,16,24,-2,6,7,6
-1,6,4,19,10,10,10,21,-3,-7,1,-4
1,-11,18,2,12,-12,5,8,20,8,2,-10
17,0,11,14,-4,24,17,13,16,1,18,-10
18,16,1,-1,-4,-5,-4,22,0,2,1,0
-2,22,-2,-9,18,-9,10,13,18,4,4,0
-2,-7,6,15,20,25,5,15,7,24,17,17
-2,18,18,25,18,-4,18,-6,-3,9,5,-4
3,22,21,30,-2,4,17,29,6,20,4,17
6,2,2,7,13,12,14,6,19,24,5,7
12,10,9,17,6,-3,-4,10,19,20,14,-1
17,31,11,35,17,17,15,10,3,-1,-1,14
14,25,-2,8,-1,12,15,31,0,34,0,11
-4,-1,2,9,11,3,18,11,4,3,0,14
5,10,9,10,5,28,14,16,15,17,6,2
22,-22,20,-14,7,-34,6,-20,20,-6,14,-26
17,-34,6,-4,7,-11,15,-31,14,-32,7,1
20,-33,6,-21,22,-35,7,-24,11,-29,2,1
15,-15,10,-19,2,-30,14,-30,12,-17,22,-10
2,-8,0,2,20,-18,4,-9,18,-12,1,-2
-3,-7,0,2,20,-32,8,0,21,-32,-3,-14
20,-16,19,-10,-3,-1,14,-4,0,-25,18,-3
-2,-4,1,6,-1,-3,11,-1,8,-2,9,-26
15,-13,8,3,21,4,8,-22,18,-14,19,-16
0,2,10,4,17,-8,3,-1,21,-17,15,-2
6,6,-3,-26,14,7,20,-15,18,-3,10,3
17,-16,2,6,-3,-2,-3,0,5,-7,1,6
-2,-15,-2,-7,17,1,5,-5,1,-13,-1,-12
1,-24,11,-10,-2,11,-2,11,17,-21,4,3
3,3,11,-19,11,11,17,-24,8,0,16,-1
18,6,16,9,11,-7,2,-14,8,-8,14,-4
4,4,11,-8,0,2,9,-16,-1,-6,21,-11
20,14,15,-10,1,-5,13,9,11,-7,19,17
5,-9,4,-15,1,0,19,-20,3,-18,21,-12
16,17,19,17,22,10,10,-12,19,-10,11,2
21,13,4,15,4,5,0,1,5,-3,10,-12
20,10,11,-9,3,17,-1,-15,14,17,10,7
9,-16,18,22,22,17,5,-2,-1,1,5,-9
-1,-4,7,-7,8,-9,1,-15,1,14,8,-11
-2,-4,2,14,6,-12,3,8,15,8,-3,3
1,15,8,12,7,23,5,18,3,-10,21,20
7,20,5,-8,10,-4,7,4,22,13,-3,8
21,11,12,3,14,-7,10,23,11,6,0,2
8,-7,21,-2,14,19,1,8,21,4,0,-2
-2,8,9,10,1,10,-1,26,22,14,11,16
4,-6,1,3,7,29,0,29,15,20,-1,20
-2,6,3,31,6,31,21,17,8,1,5,26
0,10,-3,0,14,13,22,-2,16,14,0,1
12,33,10,-1,0,30,1,19,17,4,14,11
18,34,2,8,5,10,11,-2,9,20,1,13
13,6,19,0,-1,26,3,4,-3,3,19,5
1,8,5,19,6,35,8,17,15,0,22,6
4,26,-1,19,3,2,11,9,-3,-1,16,2
17,12,22,1,16,4,1,20,2,10,21,9
9,-5,15,-9,-2,-31,-2,-17,0,-1,15,-1
22,-34,3,-20,10,-16,23,-36,23,-20,11,-34
4,2,4,-21,17,-19,-1,-9,9,-30,11,-9
18,-29,16,3,8,-32,-1,-33,8,-25,10,-15
12,2,5,2,5,-1,4,-7,1,-16,9,-7
23,-11,11,1,11,-1,2,4,5,0,7,-17
6,6,17,-29,5,-8,3,-13,2,-5,16,-27
19,4,13,-8,11,5,19,-11,23,7,13,-14
5,-12,13,-2,22,-17,17,-23,20,-8,5,1
-2,-6,18,-23,-1,-7,20,-16,9,-3,8,-4
17,-19,22,-23,-1,-11,11,-22,4,7,-2,-17
7,-16,7,-4,10,5,1,-21,13,-5,23,-23
19,2,12,12,10,5,3,1,1,-4,4,7
23,10,17,-24,14,2,0,-25,1,-4,2,-13
20,13,20,-13,5,5,-2,-11,3,4,15,-19
17,-13,0,-7,19,4,12,-5,22,-12,-1,13
1,3,3,-6,3,10,-1,12,14,-16,2,-15
14,7,-2,4,14,-5,3,-11,22,-3,0,1
20,4,4,-17,16,-13,-1,-13,-2,7,9,-13
5,-8,17,6,-1,13,19,8,7,-7,10,-13
16,20,3,20,13,-9,10,-8,19,18,-1,8
1,-5,22,8,23,-3,13,13,15,-9,4,17
14,-6,9,6,20,3,20,10,-2,20,10,17
22,3,2,-15,22,-6,2,17,7,-8,22,-11
5,-11,16,-5,13,-12,19,2,9,11,21,15
-2,0,20,-13,9,3,14,19,15,22,21,7
4,9,7,-8,23,0,20,11,3,0,5,-3
9,-9,23,-11,1,-2,6,27,7,8,18,-8
0,3,17,19,19,16,19,-6,8,-3,-2,21
15,11,4,-8,0,-2,13,20,23,-2,6,3
18,2,6,10,-1,12,14,-2,14,4,11,18
18,6,-1,1,10,30,21,13,2,-4,-1,-5
6,-5,17,-6,10,13,22,20,7,27,-1,16
-1,14,-1,12,13,32,-1,33,16,5,15,20
7,5,1,34,11,22,11,21,20,21,22,8
1,23,18,1,10,30,5,2,2,25,4,2
9,12,-1,32,10,16,20,17,13,-1,20,0
20,26,-1,0,11,18,11,18,21,20,20,17
0,3,21,3,10,17,-2,4,17,3,21,32
18,-33,3,-21,0,-20,23,-30,7,-12,22,-32
23,-21,22,-14,10,-6,1,-32,19,-21,16,-28
11,-23,24,-21,17,-20,3,-26,-1,-3,11,-35
8,-3,8,-11,0,2,2,-2,2,-26,22,-34
13,-4,16,-21,23,-28,24,-23,14,-17,5,-4
21,-15,24,-16,18,-11,22,-5,17,-2,4,-16
23,-26,22,-23,-1,-9,3,-4,16,6,20,-31
0,2,13,-24,4,-6,-1,-2,4,-11,16,-17
14,-20,16,-16,3,-4,14,3,9,6,2,-3
9,-20,23,-2,15,-21,17,-27,-1,-12,7,-15
17,5,21,3,16,-20,9,-20,9,-7,6,-25
16,-4,24,-24,0,-23,6,-4,-1,-25,7,-24
1,-7,10,-17,14,-1,4,-5,11,-7,23,-24
1,-11,19,-5,4,-25,6,-18,9,4,7,-12
4,3,15,-16,21,2,4,-11,19,-10,15,7
13,-9,6,-9,-1,-21,8,5,4,6,8,-12
22,-11,22,-16,21,6,21,7,12,-1,24,-5
1,-11,4,3,15,-4,8,-9,20,-4,0,10
-1,-10,21,8,8,-7,9,-11,20,-15,23,-19
5,-9,12,-13,22,-7,20,-11,-1,-5,17,14
-1,17,2,-11,2,16,-1,-10,14,-9,6,8
24,6,7,-8,18,14,-1,2,16,5,4,-3
3,-3,13,4,20,-2,16,-1,10,17,10,-10
15,15,21,-2,5,9,15,5,10,8,22,8
2,-3,8,18,21,-8,20,0,0,23,10,-9
11,-11,24,-9,2,17,2,25,18,-7,4,-5
4,-6,14,17,19,0,15,14,3,19,1,5
1,-6,22,-7,22,-1,24,12,6,-1,15,-10
-1,-6,3,24,7,8,-1,23,8,7,1,-8
18,3,10,-3,7,0,20,9,15,1,2,2
22,5,19,25,22,-1,3,-4,23,-2,-1,20
22,13,12,1,5,16,24,22,12,-7,13,-7
4,-3,1,-4,14,12,7,21,19,30,11,16
2,-2,8,3,22,21,24,31,3,-4,0,18
10,28,12,16,-1,20,22,17,3,6,0,14
12,9,1,3,5,13,11,25,-1,-2,2,15
0,24,-1,18,18,5,7,35,15,19,5,4
4,27,19,37,20,34,-1,22,20,2,-1,0
3,0,8,1,9,16,14,34,22,30,18,10
10,-35,7,-34,18,-25,10,-21,13,-2,23,-12
6,-8,3,-32,25,-28,7,-27,7,-22,3,-32
17,-26,13,-14,23,-36,17,-14,22,-2,4,-7
7,-26,10,-13,20,-6,24,-30,21,-7,7,-13
23,-15,15,-21,14,-4,1,-29,9,-4,10,-8
19,-14,17,-14,0,-7,0,2,15,-25,18,1
5,-3,7,-5,9,-2,2,-31,12,-24,1,-24
8,2,6,6,23,-17,8,-8,8,-30,22,-31
2,0,19,5,8,-19,18,3,20,-27,4,-4
5,-24,2,-5,17,5,9,-2,8,-1,11,-13
8,-16,21,-13,14,9,15,7,25,-4,24,-7
20,1,2,-22,21,-6,10,-3,5,-13,3,7
13,5,7,4,2,12,5,-9,15,3,0,0
15,-14,18,-5,8,4,23,-18,18,-16,20,2
21,9,24,6,21,5,16,-13,23,-23,4,-14
16,-15,4,4,16,10,25,-17,24,-7,0,-18
25,-1,8,-16,24,8,10,-18,25,-19,25,-4
22,-9,24,-18,16,-12,5,1,6,12,2,-15
3,-6,4,-12,21,8,3,12,15,12,7,-10
23,3,23,-18,14,-7,1,-15,3,18,2,17
4,-15,7,-7,9,5,21,-7,10,-7,19,15
19,-2,1,-17,8,-2,11,14,1,11,2,-9
8,-7,11,2,5,0,23,13,11,20,21,3
19,11,10,-15,18,23,11,-12,5,0,8,-15
5,-7,9,6,19,-12,0,-8,24,12,15,7
12,20,2,18,22,19,8,2,17,4,13,6
0,2,3,1,23,1,8,16,4,-12,0,6
5,-1,20,-11,13,26,22,0,10,12,25,20
4,-4,22,-1,10,-10,2,2,19,25,5,-9
6,-6,2,13,21,16,22,8,9,-8,9,12
3,-4,11,30,3,-3,4,28,4,8,23,4
0,1,8,15,10,6,15,18,17,-6,0,23
21,2,3,-3,10,24,7,10,3,4,15,-4
24,2,14,-3,23,3,2,20,5,8,20,27
6,5,25,-2,2,16,3,4,10,-3,14,18
4,6,6,5,3,-2,1,32,18,16,19,31
24,8,4,36,1,0,11,30,14,31,9,20
12,31,1,17,2,13,6,16,5,29,0,21
16,34,2,30,12,29,24,19,24,36,8,4
