0,-1,-25,-27,-8,-28,-24,-6,0,0,-25,-9
0,1,-25,-5,-24,-34,0,-14,0,-1,0,-6
0,0,0,2,-9,-1,-25,-15,-8,-3,0,-6
0,0,-25,-5,-3,3,0,-9,0,0,0,2
0,0,0,-12,-24,-2,-5,3,0,0,0,2
0,-2,0,2,-8,-22,-5,-20,-23,1,0,2
0,-2,0,-3,-1,-10,-25,-1,0,-2,0,-5
0,2,0,-3,-16,-4,-4,-21,0,-2,0,3
0,-1,0,-4,-2,-2,-25,0,0,-2,0,3
0,3,0,-10,-5,6,0,-5,-24,7,0,3
-1,8,-25,5,-25,7,0,9,0,-4,0,1
-1,11,-24,-5,-3,-25,-1,7,-2,-2,0,1
0,-5,-15,-19,-23,-11,-14,-6,-8,-2,-3,-6
-8,13,-20,0,-3,0,-10,-9,-13,-18,0,-14
-16,5,-12,-16,-3,0,-16,0,-13,-18,-9,-7
-13,-17,-4,-22,-9,-8,-17,-8,-16,-2,-10,-20
-20,-11,-11,5,-21,-11,-2,-3,-17,10,-7,-13
-20,-17,-18,7,-5,-1,-9,2,-12,17,0,5
-2,-7,-3,18,-17,-15,-17,-17,-8,-7,-6,-8
-25,-9,-24,7,-22,-17,-12,-7,-16,-14,-20,0
0,-13,-22,1,-11,11,-16,2,-24,-1,-25,-7
-11,7,-25,4,-12,9,-3,7,-10,19,-7,21
-17,-16,0,-8,-13,12,-24,0,-4,-10,-16,-11
-15,-9,-9,17,-1,-14,-11,7,0,7,-2,-15
-20,-6,-5,11,-24,-7,-6,19,-3,-4,-23,-1
-12,18,-18,-4,-2,-2,-1,22,-2,-8,0,4
-13,-4,-10,23,-2,-8,-17,-5,-25,7,-9,-1
-11,19,-20,15,-24,-11,-6,-5,-8,-4,0,4
-25,2,-17,-1,-20,8,-21,-8,-22,3,-2,13
-25,11,-11,-6,-15,5,-24,9,-12,26,-8,8
-21,16,-22,18,-4,18,-9,0,-20,15,-2,8
-22,20,-7,21,-3,11,-16,26,-7,-7,-4,16
-24,-2,-20,0,-13,20,-23,20,-23,19,-14,-3
-22,-4,-20,14,-23,-1,-9,14,-7,1,-12,8
-25,-2,-11,10,-22,17,-6,26,-14,18,-18,2
-16,0,-8,19,-12,7,-7,11,-4,-3,-25,-1
-23,25,-23,30,-14,20,-18,34,-23,30,-25,18
-13,30,-16,12,-13,-1,-8,14,-20,25,-3,16
-21,33,-21,5,-24,8,-8,13,-12,3,-3,0
1,-11,-22,0,-2,-2,1,-2,1,-20,1,-13
0,-2,-22,-1,-2,-2,0,-5,0,1,1,-13
1,-8,-21,-29,-11,-24,1,-1,0,1,1,-13
0,2,1,-10,-18,-16,-1,2,0,1,1,-13
0,0,-23,-3,-1,-9,1,0,1,-9,0,3
0,0,1,-10,-4,-30,-4,2,0,2,1,-12
-1,5,-8,-20,-12,2,-24,-30,-20,-24,-3,-23
-2,5,-6,-31,-7,-6,-23,-21,-3,-22,-3,-6
0,-8,-6,-17,-11,-15,-3,-6,-2,-5,-17,1
-7,0,-11,9,0,-12,-9,-5,-16,-19,-14,-11
-14,7,-21,-8,-14,4,-16,-17,-19,-24,-5,-17
-24,11,-22,-15,-1,-4,-19,-3,-11,1,-8,-27
-13,-16,-8,-3,-9,-18,-10,1,-22,-26,-7,6
-13,-23,-23,-2,-12,2,-5,0,-10,-20,-3,5
-12,-21,-19,-22,-1,-15,-6,-20,-18,-24,-2,-2
-23,13,0,8,-3,2,-23,-2,-2,-17,-23,7
-7,2,-24,-18,-14,-9,-11,4,-14,-19,-13,-13
-18,8,-22,16,-14,10,-7,-18,-21,10,-18,4
-17,13,-6,15,-6,-7,-11,-6,1,12,-15,17
-9,-12,-8,-10,-3,8,-1,-19,-21,0,-6,18
-4,-15,-4,-11,-7,19,-3,-18,-5,11,-5,4
-5,-11,0,-4,-19,7,-24,-10,-23,-1,-23,11
-4,3,-21,22,-17,2,-3,22,-5,18,1,-12
-4,-1,-3,23,-14,9,-19,-12,-5,12,-4,18
-3,-3,-21,1,-2,7,-5,0,-17,2,-3,-11
-4,16,-6,23,-7,9,-4,2,-9,13,-19,4
-2,-5,0,2,-9,7,-10,-7,0,4,-7,22
-2,14,-13,16,-11,13,-11,20,-3,8,-17,10
-7,22,-7,7,-7,-3,1,19,-19,7,-8,-4
-3,22,-8,-9,-21,17,0,2,-19,3,-9,-1
-5,20,-18,2,-1,2,-17,1,-8,2,-3,23
-5,22,-22,18,-1,9,-8,26,1,1,-3,6
-2,3,-7,29,-3,17,-24,13,-22,8,-21,23
-8,28,-6,3,-19,6,-11,-4,-9,-4,-3,10
-6,28,-16,34,-6,12,-2,-1,-5,26,1,34
-2,23,1,21,-9,9,0,22,0,31,-4,29
-7,34,0,28,-6,35,-4,22,-6,7,-14,10
-7,30,-22,6,-24,21,-5,15,-24,36,-24,21
-3,19,-12,12,-11,3,-3,16,-4,37,-3,4
2,-14,-15,-30,2,-6,1,-16,-11,-27,1,-8
1,-10,-2,-8,-19,-12,0,-4,-8,-9,2,-17
0,-2,2,-29,-19,-30,2,-9,-1,-15,-22,-32
0,-4,2,-14,-20,0,0,-4,0,-18,-9,2
0,-5,-21,-12,-14,-31,-12,-8,-17,-1,-23,-3
2,-15,-13,-15,0,-19,-2,-31,-3,2,-23,-1
0,-7,1,-11,-1,-15,-14,0,-3,-21,1,-5
0,-5,-1,-20,-20,-9,-5,-19,-10,-4,-23,5
-1,1,-18,3,-8,-20,-12,-27,-8,-17,-16,-14
-1,-2,-20,-5,-17,-7,2,4,-1,-2,-1,-10
-10,10,2,-27,-19,4,-8,3,-3,-18,-1,-3
-6,-25,2,-17,-5,-4,-7,-10,-10,-7,-8,4
-7,8,-21,7,-20,-23,-22,-17,-10,-12,0,-23
-5,10,-17,4,-2,-24,-18,9,-12,-4,-14,2
-1,6,-1,-17,2,-8,-2,-9,2,7,-1,-18
-2,15,2,-3,-4,13,-23,13,1,-2,2,-4
-5,16,-2,-13,-18,-6,-11,-11,-20,15,-3,5
-3,13,-1,-4,-5,12,-11,11,-12,-4,-8,9
-3,18,1,17,-5,15,-18,10,-13,16,-3,8
-2,16,-19,-15,-5,-9,-15,13,-3,-6,0,16
-2,15,-19,10,-6,-16,2,7,2,8,-3,6
1,3,1,8,0,10,-5,0,2,4,0,15
-2,18,-1,17,-20,21,-4,16,2,7,2,2
-4,17,1,20,2,18,-4,13,-23,12,-5,-15
-1,15,0,22,-3,24,-20,-7,2,6,-5,15
-2,23,2,5,2,18,-21,12,1,12,-3,18
-5,24,-2,9,-17,26,-19,13,1,21,-7,-7
-4,26,-2,-4,-16,-7,-20,8,-3,-5,-3,25
-5,24,-18,21,-21,15,-8,11,0,-10,-6,-10
-3,28,-3,18,-2,5,-10,28,-8,-3,1,29
-4,27,-1,23,-3,2,-19,4,-12,25,-1,-1
-3,28,-1,21,-19,17,-4,8,-9,27,1,29
-3,30,-1,0,0,20,-7,-5,-4,31,-11,-5
-3,26,-16,1,-11,33,2,-5,-6,31,-2,17
-6,29,-16,32,-2,32,-6,31,-13,25,-2,6
-5,30,1,23,1,5,-9,10,2,16,0,28
-8,35,-2,9,-3,17,-9,21,-1,32,-14,33
-7,35,-3,36,-9,2,-7,-1,-17,18,0,29
-2,30,-1,37,-11,32,-16,37,-4,38,-13,33
2,-7,-1,-24,-20,-14,1,-9,-1,-12,2,-3
2,-7,-2,-18,-20,-4,3,-15,0,-4,-16,-3
2,-7,-20,-34,0,-5,-21,-9,0,-7,-2,-16
1,1,2,-1,2,-28,-4,-9,-9,-12,2,-14
3,-9,-3,-23,2,-2,-3,-30,1,-23,-8,-7
2,-5,-2,5,-18,-29,-18,-14,3,-31,-14,2
1,-4,-7,-4,-13,-2,-5,-3,2,0,-16,-32
-1,6,1,3,-22,-1,1,-3,-13,-25,1,-2
2,-9,3,-30,3,-8,-12,5,2,1,-1,-30
-3,7,-3,-24,-17,-23,-12,-4,-20,0,1,-4
-22,3,-4,-5,-12,5,-11,-20,-10,-3,-20,-23
-9,-3,-3,10,-4,-20,-20,-5,-17,-17,-21,-7
2,-7,-9,-14,-1,2,0,-9,0,2,-18,-23
-7,11,-8,-12,-17,4,1,1,0,-5,-14,4
-1,-6,-11,-5,-10,-22,0,-8,3,-19,-10,3
3,-9,-14,-23,2,8,-10,0,0,-4,1,-8
-1,-8,-22,1,2,-1,-19,-19,2,7,-9,15
-1,-5,-4,4,-4,-13,-2,17,-3,12,-1,7
-2,8,-2,12,-18,0,-8,-16,0,-12,-13,-18
-8,18,-3,-12,-15,2,1,8,1,12,2,15
-1,11,-19,7,0,16,-4,20,-1,-17,2,2
-4,13,-14,15,-7,19,-22,-7,-7,-14,-3,18
-7,22,-15,17,-9,-10,0,20,2,11,-14,20
-3,19,-8,11,-3,0,2,-6,-14,19,-10,20
-2,19,1,11,-1,19,0,-7,2,12,-2,2
-4,24,-10,21,-21,20,-1,17,-21,-9,1,11
-1,20,-2,9,-15,13,-14,21,-16,-7,-14,15
-2,21,-11,22,3,27,-3,-1,-14,24,-15,4
-6,28,-15,22,3,16,-19,23,-2,11,-2,-2
-5,25,-10,21,3,26,-2,12,2,14,-3,19
1,15,-3,30,-22,-1,-3,23,-1,-4,-2,-1
-3,26,-17,27,-1,1,-4,-5,-9,-1,-15,29
-4,25,-8,14,2,3,3,-3,-2,13,0,6
-8,33,-2,13,0,22,-20,-5,-12,19,-8,-5
-1,8,0,17,-4,32,-13,18,-14,29,-8,12
-7,31,-9,6,-22,9,3,18,-3,1,-3,12
-5,26,-19,14,-11,21,-7,-2,2,20,-2,4
-1,20,0,1,-12,5,-13,22,-3,15,-1,7
-1,28,2,10,-15,12,-16,30,-16,12,-20,26
3,-13,-1,-15,-16,-19,-3,-28,-9,0,-10,0
4,-17,-21,-8,-8,-24,4,-19,2,1,3,-4
2,-4,-16,-4,-2,-32,-11,-30,-10,-8,3,-4
2,3,-6,-29,-20,-8,-3,-11,-7,-6,-3,-3
3,-2,-1,-17,0,-31,-2,1,0,4,1,0
3,-9,-4,-1,-9,-18,-12,-30,-11,-22,-4,-23
1,2,4,-26,-5,1,-1,-27,-3,3,-15,-27
4,-15,3,-25,2,-13,-12,-13,-18,-2,-21,7
-2,8,2,-27,-21,2,1,5,2,6,-13,-2
4,-14,-10,-22,-5,0,4,-13,-10,8,-20,-20
-17,-1,-12,5,-3,-16,-6,4,-12,5,-17,-10
-10,-3,-8,-10,-11,-12,-20,-20,-17,-18,-16,-20
-10,-26,-4,-2,-11,0,-15,1,-7,2,-4,1
-1,-25,-7,-7,2,-3,-7,4,-10,-19,-7,-16
-4,2,-10,-2,-20,-11,-20,0,-17,10,2,-6
-1,-11,-8,-3,-15,-21,-11,-3,3,7,-4,-22
-1,-5,-3,-13,-4,5,1,10,3,-7,-1,-5
-5,9,-20,16,-10,7,-17,-21,-2,-2,-5,17
-1,-4,-19,4,-11,-1,1,10,-6,2,-2,18
0,4,4,-4,4,17,-16,4,0,6,3,-10
-4,9,-20,15,-6,-17,-1,-4,-4,12,3,13
-2,-14,-20,11,4,3,3,21,-3,21,-15,18
-3,-9,-3,3,-9,15,-1,3,3,-11,2,-6
-20,13,-20,20,-5,3,-2,-2,-10,17,-12,9
-2,-4,-20,13,3,1,-18,-10,2,0,-2,6
0,-7,-11,21,-13,3,-13,-11,-20,11,-14,-2
1,-4,-6,4,3,-1,-16,-8,-3,13,-1,6
-7,25,-5,20,-19,16,-7,5,0,19,-15,3
-5,25,-15,27,3,17,-16,0,1,22,-2,-6
0,0,-4,19,-3,21,-6,28,-10,-7,-16,11
-5,24,-11,27,-19,-1,-12,-6,-17,2,-21,19
-1,20,-1,-4,-16,21,-1,-4,-4,-3,-21,-6
-1,7,-15,29,-9,17,2,-2,-13,23,-19,2
1,-3,-10,21,-14,-3,-12,2,-21,4,-17,22
0,11,-10,26,-3,-4,-8,-2,-12,-3,-19,13
-19,22,-15,21,-21,-3,-3,18,-1,30,-9,1
-14,2,-13,9,-8,34,-16,23,-4,26,-4,18
1,15,-14,13,-13,1,-7,16,-9,36,-13,22
-5,31,-14,30,-2,7,-16,8,-21,11,-20,13
3,-3,-17,-36,-9,-13,-5,-26,-11,-26,-1,-6
5,-14,-17,-28,-13,-17,0,-35,-10,-33,-8,-14
5,-10,-20,-2,1,-15,-19,0,-8,-17,0,-1
3,-2,-5,-34,4,-21,2,-25,-6,-5,-17,1
2,-1,-10,-15,-5,-12,4,-1,-19,-34,4,-5
-4,4,-9,-30,-3,-25,4,-2,-13,1,2,-7
-3,3,-15,6,5,-3,4,5,4,-4,2,-2
-1,0,0,3,5,3,3,-7,2,0,4,-3
1,-17,-1,-29,-14,-3,-1,-12,-10,-30,-2,-24
3,-7,1,-7,-4,-29,-8,8,-7,-22,-8,-13
-1,2,-16,7,5,-1,-15,-13,-14,6,1,-21
-2,-23,-18,-6,-1,-5,-17,10,-2,-4,5,-25
-19,-7,-5,5,-14,5,-11,-18,-1,-5,-14,-8
-9,-4,-14,-14,2,-13,4,-13,5,-8,1,4
-13,-11,-9,-11,4,-5,-2,-2,-3,-4,-7,11
-6,-20,-18,-4,-13,-12,-2,-14,-4,-8,-16,-4
-5,10,0,11,-13,7,-1,16,-8,-4,-1,-13
1,1,-7,1,-2,-19,-9,-9,-9,6,-17,-21
2,-15,-18,-12,-3,14,3,-17,2,-8,-19,3
-8,18,-2,12,-16,-10,-8,-13,-19,6,-3,-10
-1,-9,-9,10,-20,19,-13,1,-6,3,-18,5
-4,-10,4,7,-5,-4,-6,7,-8,10,2,-4
-17,14,-20,10,5,12,-5,3,-15,-16,0,-3
3,-4,-8,16,-20,-12,-7,14,-17,21,2,14
-18,-9,3,-12,3,-6,-9,17,5,-8,-6,6
-3,-13,-7,-9,-19,7,4,13,-18,17,4,13
1,-5,-4,25,2,18,-10,16,5,-11,-6,0
0,7,-16,15,-3,-7,-15,3,-6,-8,-17,3
0,1,-20,18,-18,20,-5,-5,-7,6,-11,19
2,2,-10,16,-1,-3,5,6,-15,-7,0,2
1,0,-6,-7,5,16,1,26,-9,-3,-5,-2
2,-1,0,-1,-5,13,-5,4,-10,18,-19,4
0,-4,-11,28,0,24,-18,-3,-9,-5,-15,-5
-1,22,0,0,-12,29,1,28,-18,11,-9,32
0,19,-3,-1,-4,1,1,15,2,9,1,28
2,-2,-15,32,-11,11,-1,17,-11,31,3,3
0,13,-8,24,-19,10,-2,27,1,35,-4,29
-7,36,-1,32,-6,-1,-7,-1,-14,25,-3,18
-5,33,-3,30,-13,30,-20,6,5,4,-3,30
5,-12,-3,0,2,-6,-8,-3,6,-31,1,-4
6,-15,-5,-37,-1,-6,1,-9,3,-32,0,-1
4,-6,0,-4,5,-8,6,-4,-13,-7,5,-11
4,-8,-2,-12,-19,-12,-13,-30,2,-14,-8,-16
6,-22,1,-32,-12,2,3,-22,-3,-30,-19,0
6,-20,-11,-20,-13,-5,-18,5,-4,-31,-2,-11
1,-2,5,-9,-13,-2,-8,-15,1,-14,-12,-3
-1,-30,-15,7,-7,-17,6,-19,1,-16,-11,-9
-2,-21,-9,6,-4,1,3,-4,-1,-17,-6,-18
-8,-3,-12,-9,0,-16,-2,-7,-5,-7,-16,-21
-8,-24,-13,-12,1,-28,-17,2,5,-14,-6,-6
-13,-20,1,-26,2,4,-10,-26,-19,-23,-10,-7
-16,-10,1,2,-15,-14,1,-26,0,-11,-14,-3
-14,-1,-6,-6,-14,-21,-5,-4,4,-7,-1,-9
-15,-15,3,0,-12,-7,-5,-10,-15,-13,-19,11
-5,6,-10,-1,-19,-9,-2,-13,-4,-15,-7,1
-8,7,-17,-2,4,-3,2,14,4,13,-6,9
-10,15,-7,-8,-2,-5,-18,12,4,-6,-1,-1
-8,18,-10,11,5,6,-6,0,3,-11,-14,-18
-11,19,6,17,-19,-9,-15,-14,4,14,-19,-1
-5,-13,3,8,-8,-2,-3,-5,-1,13,4,4
-13,19,-12,-15,-11,10,3,4,-15,-15,-13,-16
-13,10,-18,-5,1,9,-4,-1,-3,16,0,-9
3,0,5,2,-7,1,4,-2,-10,-13,-18,23
-1,-8,-1,20,-5,-6,-5,-7,-7,-10,-4,8
1,-8,3,5,-15,14,-2,8,-2,-13,-15,0
3,-9,5,21,-1,13,4,20,3,-10,-4,-11
-2,19,0,3,-14,16,0,-8,2,2,-17,18
-5,24,2,-4,-14,-3,-6,23,0,3,-8,4
-5,24,2,3,-12,18,4,-4,-6,-1,4,4
-2,2,0,20,-17,11,-2,-1,-12,20,-18,-1
-14,24,-18,27,-8,-6,-6,29,-13,14,-10,11
-4,-3,-10,9,-6,31,-13,23,-3,32,-6,15
-8,28,-19,20,3,32,-5,25,-9,21,0,13
-2,7,-9,7,6,26,-3,16,-18,23,-5,10
1,19,-3,8,-18,22,-18,27,-3,6,-2,5
3,8,-12,14,-11,7,-1,16,-3,1,6,3
2,3,-18,31,-16,18,-6,20,4,31,-10,3
2,10,2,10,-18,31,6,20,0,24,-15,28
7,-19,5,-12,-9,-3,6,-30,-8,-8,4,-24
4,0,-17,-35,-16,-14,-1,-25,-15,-7,3,-16
4,-4,-8,-32,-3,-8,-16,-35,-16,0,6,-12
-3,0,6,-19,1,-26,-6,-23,-6,-33,-4,-29
0,-5,5,-6,3,0,3,-29,3,-23,4,-25
3,-31,-5,-19,-1,5,-3,-5,-6,-16,-6,-19
-9,-1,-15,-9,1,-21,-1,-13,6,-20,-16,4
-10,-30,-14,-10,7,-19,4,-6,-9,-18,4,-23
-18,-16,4,-7,-4,-21,4,-11,3,-10,6,-22
7,-20,-17,-22,-4,-2,-8,-29,-9,-18,-5,-11
7,-26,-14,1,-14,-14,-11,6,-3,9,7,-16
-16,-25,-3,-9,-9,-11,-12,-4,7,-15,-8,-6
-14,-12,-9,-25,1,-12,-2,-20,-12,-15,-8,-10
-4,3,-12,-21,-15,-12,-6,-5,-9,-9,1,-23
-5,2,4,1,-11,-21,-15,14,-5,-9,-11,-24
-16,-11,1,2,7,-23,-11,-13,2,-22,-4,-5
-5,5,-11,1,-6,-11,-11,-1,-1,-7,-8,1
-2,8,-14,6,-7,8,-12,0,-8,-19,0,-10
1,3,-11,18,-10,-13,-12,-5,-10,-4,-6,-2
-7,6,-1,-17,-9,-4,6,0,-3,-19,-16,19
-15,8,2,12,-3,17,-4,-6,2,-15,1,-17
-15,7,-5,7,4,9,-6,11,-7,-13,1,4
-2,12,-12,2,-12,7,-1,-11,-10,11,2,9
0,13,2,20,-18,-4,-13,3,-9,8,-18,9
0,-6,1,9,-2,-11,-6,-4,-6,14,-5,-5
0,14,-4,-1,-1,23,-17,-1,3,19,-2,-3
2,9,-4,26,-12,21,-9,0,-10,-4,5,5
-3,-2,1,9,7,12,-2,14,-10,11,-11,2
1,10,-1,26,-18,7,5,1,-6,-7,-15,8
-3,5,5,4,5,20,-8,8,-12,16,-11,17
1,13,-6,27,-17,9,-2,-4,6,16,-3,13
4,5,0,-4,-6,11,-13,20,-4,28,-16,8
6,12,1,25,-2,5,7,13,-15,5,3,21
-8,23,-2,-1,0,33,-10,20,-10,-3,-15,-3
-5,-4,2,10,-11,28,-17,2,-16,1,0,15
-5,30,6,26,-15,15,-12,8,3,14,2,1
-5,32,1,27,-13,19,-12,33,5,35,0,24
-4,13,-15,9,-12,19,2,17,-11,12,0,20
3,25,-5,3,3,30,-10,21,-9,26,-11,7
5,0,7,-16,-12,-1,3,-30,6,-4,-16,-12
7,-14,-12,-17,-12,-28,5,-37,-2,-13,-6,-35
5,-8,-11,-33,0,-19,-3,2,-16,-26,-5,-8
0,2,-2,1,-10,2,-5,-20,-15,0,5,-30
-7,0,6,-13,-3,2,6,-22,2,-20,-5,-22
7,-19,6,-10,1,-32,-9,-33,-15,-24,-5,-28
-8,-11,-4,-31,-15,-27,4,-5,-4,-15,-4,0
-9,-11,0,-26,-7,-22,0,7,-7,-21,0,-10
-11,-19,-8,-27,-10,-6,4,-1,3,-5,-7,-10
-15,-23,-4,-19,-6,-26,-5,-27,-7,-8,-8,-22
-5,-24,-9,-26,-8,-16,-9,-20,-1,6,-1,-6
-6,4,8,-25,-6,-18,-8,-18,6,3,-7,-19
-3,-1,-3,7,2,-1,-15,-19,-3,0,-5,-11
-14,-10,-1,2,-15,-17,5,-14,-3,-2,-12,-10
-16,-16,-2,-3,-3,1,-6,-20,-11,-21,-6,6
-4,0,-7,-23,-9,3,-1,14,-12,2,-12,-12
-7,-8,4,1,0,9,-9,0,-12,-19,-5,10
-17,-2,-11,2,-3,11,-4,-5,1,-1,-11,3
-17,9,-12,-8,0,-7,-7,12,-11,10,-16,-6
-2,-8,-14,13,3,14,-16,7,4,-9,-3,-17
1,8,-15,16,3,-9,-8,-5,2,14,-14,-1
2,-15,-6,14,-8,-15,-2,-4,2,3,-6,19
4,-11,-11,10,6,15,-11,15,3,18,5,-12
3,-7,-8,22,-4,19,-14,-3,-4,19,-14,0
4,-14,-4,-14,-16,23,-10,4,6,14,7,-10
3,7,3,-2,4,-7,1,-6,1,20,1,15
0,-5,-15,-1,5,-11,-6,11,2,-9,-14,9
-6,21,-5,8,-1,12,-17,0,0,27,-7,25
-2,-2,7,-6,-13,-5,-11,24,-9,18,4,23
1,15,-5,-3,-16,17,-5,21,3,14,-2,23
5,-8,-16,1,7,30,7,22,1,10,-14,25
4,-4,-6,11,3,0,5,24,-13,14,-4,21
5,-2,-3,29,-9,31,-3,-6,-12,30,4,12
3,2,-3,3,-3,30,-2,2,-1,0,-17,7
-1,7,-2,6,-3,27,-6,10,-1,3,-1,11
-9,25,-14,26,-2,-1,-5,-2,6,26,-1,-2
-10,25,-15,21,-16,36,7,34,-1,-2,3,10
-4,2,1,28,6,29,-7,28,-12,34,-15,31
-10,26,2,9,-13,7,-10,13,1,4,1,35
6,-3,-9,-9,-7,-12,1,-37,-15,-4,1,-10
9,-20,-3,-26,-2,-15,5,-11,-5,-25,8,-30
4,-26,-5,-32,-4,-3,-1,-35,-4,0,0,-11
-4,-3,-7,-26,-1,-3,-11,-18,-12,-16,-8,-31
-14,-27,-8,-14,-2,-27,-9,-29,6,-20,-12,-27
-14,-29,-3,-18,-15,-27,-4,-29,-10,-18,-4,-27
-3,3,-13,-26,-2,-11,-7,-16,-13,-11,-3,-27
0,-17,-16,-18,-11,-17,-14,-15,-16,-30,5,-5
8,-19,-12,-7,8,5,-15,-15,-16,-23,-3,-16
-7,-5,-10,4,6,-14,-2,-18,0,0,-6,-14
-11,-14,-5,-27,0,-6,7,8,5,-26,-16,-22
-7,-19,-7,-25,-5,-13,-11,-22,-7,-3,-2,-3
-15,-15,-7,-18,-13,-15,9,-12,-15,-14,1,10
7,-8,-1,9,-12,-12,-14,4,-10,-23,-12,-9
-12,-3,-4,-4,-16,0,-7,3,-12,-4,-8,-6
-5,-7,-2,8,-13,-14,-11,-21,3,-14,-13,-12
-14,-2,4,-22,-14,-22,-3,16,-2,-15,-16,-1
-13,-11,-7,-5,-1,9,-6,-18,-6,12,8,-6
0,5,-9,-1,0,8,-7,-16,-7,2,-5,4
-13,4,-6,1,0,0,-10,-13,-5,12,8,-1
2,-2,-5,-16,-10,-11,-12,15,2,-13,-15,-6
-11,15,-12,-1,5,1,-4,-8,0,2,-3,-2
2,-6,5,9,-13,-1,2,14,-8,-16,8,-13
-6,21,5,5,2,-1,-12,1,-7,12,-3,15
-7,11,-8,0,-10,1,9,-1,-5,-4,-13,21
-6,25,-4,24,2,-10,2,-5,-12,9,0,11
2,6,-16,-9,5,7,-4,23,6,-9,6,-9
2,8,7,22,5,-11,-16,9,-13,-11,-1,-1
-1,-6,2,-3,-14,7,-7,9,7,17,-15,0
3,2,2,17,0,7,4,-2,6,7,-2,10
2,17,2,-6,1,-8,1,28,-12,-7,4,-6
-2,-5,1,20,3,12,-1,23,2,9,-6,-1
-6,21,-10,6,-14,4,-13,22,-9,14,1,9
4,1,-3,0,-10,27,-11,17,2,-3,0,30
5,-3,-6,23,9,17,-7,22,-11,28,0,8
-4,35,-6,25,-7,25,-5,2,6,8,-8,11
-2,-2,7,27,-16,16,-10,30,-13,30,-3,5
6,13,-7,19,-7,-1,2,26,1,18,-13,24
-5,36,-5,38,-10,26,-2,34,2,19,-5,26
6,-18,1,-23,-8,-25,1,-23,1,-11,-2,-18
9,-20,-14,-18,-5,-26,-14,-14,-4,-13,-10,-33
5,-32,-7,-3,10,-11,6,-27,6,-28,-13,-2
-12,-3,-6,-28,-9,-23,-9,-32,1,-18,-3,-27
-10,3,-13,-8,1,-9,-1,-24,-4,-20,8,-23
-9,1,1,-4,1,-3,-10,-33,6,-30,-14,-12
-11,-31,-4,-16,8,-15,8,-9,7,-10,-14,-32
7,-9,9,-29,-2,-27,-7,-26,-5,-13,0,-27
9,-18,-12,5,0,-4,-7,-4,2,-5,-13,-18
0,-7,4,-10,-5,-6,8,-14,-13,-21,3,-2
-12,-11,-11,-16,-14,-12,0,-24,2,7,3,-18
-14,-13,-1,-4,1,-17,-4,7,5,4,2,-2
-3,-5,0,-7,-3,-5,6,-23,-8,-15,-4,-3
-13,-15,3,-21,-7,-15,3,8,-3,-11,0,3
-14,-9,-12,-3,-14,-22,-11,13,-3,-14,0,-11
-5,-3,-14,-13,-3,2,-9,3,-12,-16,-3,-20
-5,-6,-15,2,-15,14,-15,-14,-3,-10,-9,-11
-5,1,-10,-8,2,-15,-14,-10,-5,-14,-15,-6
0,-1,-3,-4,-4,4,-10,-19,-3,1,-5,-1
-14,-2,-3,2,-6,-8,7,-5,0,16,-10,7
-3,7,-1,-1,8,3,-12,-3,6,4,9,5
6,0,-10,10,-7,-9,1,14,-2,20,-7,15
4,-8,2,22,6,19,5,-10,-12,-7,-5,9
-5,22,3,9,-4,22,0,10,-3,16,-3,-5
4,0,-1,-4,10,-10,10,-10,-15,6,-3,12
-10,25,-2,-11,8,-13,-3,-8,-13,-1,-6,-1
7,7,-11,6,8,1,-9,13,-4,13,1,6
-12,20,2,8,-4,-4,-9,8,-3,15,-7,15
-15,22,6,17,-10,15,-13,21,-15,26,-13,20
8,11,1,15,-10,1,-14,20,-8,26,-2,24
-14,22,-1,16,7,2,-15,1,-14,5,-11,-2
1,-4,4,11,-14,14,3,-7,-7,-4,-13,30
-10,28,-1,13,7,17,-11,4,-6,23,-8,12
0,1,-12,7,10,14,-4,-4,-5,9,-13,19
1,2,1,26,9,8,3,33,-9,32,-12,28
4,15,-5,2,-6,3,0,11,-1,15,-12,31
5,7,-13,13,10,15,-6,19,8,24,6,12
4,6,8,29,2,8,-7,3,0,10,-2,2
-6,34,4,8,-6,31,-13,34,-11,6,1,37
9,-14,4,-24,7,-9,11,-27,6,-18,1,-4
4,-35,1,-7,-8,-27,6,-14,-3,-19,-1,-36
3,-32,-6,-10,11,-33,1,-2,-12,2,11,-27
-3,0,10,-7,1,-1,-3,2,-5,-4,5,-29
-6,-1,2,-13,1,-10,-13,-21,5,-9,-11,3
-2,-23,-10,-11,-4,-11,-8,-21,1,-4,1,-21
8,-11,-14,-16,8,-18,2,-18,9,-25,5,-2
8,-11,9,-19,8,-11,-7,-17,5,-8,-4,-24
-12,-6,-11,1,-9,-7,0,-24,-10,-17,-10,-6
-12,1,5,-12,-13,-18,3,-5,-1,-25,1,-15
6,-27,10,-21,7,-4,-10,-5,-7,-27,5,-15
-1,-6,-4,-6,1,-27,-4,-4,0,-12,6,-27
-2,-8,8,-11,-10,10,3,-26,6,10,-4,-13
-6,-9,2,-8,6,12,-12,-7,6,-8,0,-12
-9,-5,-14,-4,4,5,1,-14,-10,3,11,-14
-2,0,-6,-6,-13,5,1,12,6,-21,11,-17
-11,-2,-5,-4,-7,-12,3,10,-8,-2,-8,-18
-5,-1,-10,-13,5,-1,9,13,-6,-4,10,1
-3,-1,-10,-10,9,18,4,-7,-13,-9,-12,-17
-7,-3,-9,-12,2,13,3,-1,-14,4,10,-7
-6,-7,-3,-4,1,-2,6,-2,4,3,0,-15
-5,-10,-1,-1,4,3,-13,-9,3,15,1,9
-8,12,5,20,0,-6,2,-5,-11,-14,-10,-12
-1,-3,-7,-7,-6,0,-11,14,-4,-14,7,5
-10,18,5,-10,2,13,-3,16,-9,24,-6,-1
2,-13,-6,-3,2,4,2,14,-12,-6,-6,-3
-13,20,-5,-7,-2,-5,-13,10,-13,17,-11,-6
8,6,3,3,-8,24,-7,-10,-10,13,9,-6
-8,17,-2,-2,-10,6,-14,28,-10,16,-9,-5
-12,29,-7,4,5,28,7,22,10,-6,3,-3
8,10,11,3,6,14,-1,0,-1,28,-4,-7
-14,28,1,0,0,11,-12,8,-2,16,0,16
-11,30,10,-3,3,8,-1,22,-8,12,-1,4
-5,33,9,15,10,8,-2,22,9,1,-4,-3
5,-4,-8,30,0,15,0,11,4,18,6,22
-8,22,-7,9,-11,13,1,30,-10,9,-5,23
-11,35,7,29,3,17,3,25,-11,23,-7,28
-7,34,-13,11,-8,3,-6,29,3,11,-9,13
-4,25,-10,2,-3,0,1,8,-14,16,6,10
9,-25,2,-30,6,-10,-2,-23,-9,0,-3,-21
-4,-10,-5,-1,1,-33,11,-10,-2,-11,2,-37
-2,-8,-2,-7,-9,-7,9,-35,7,-36,9,-35
5,-35,-12,3,11,2,5,-30,3,-29,1,0
6,-21,-8,-24,11,-16,7,-2,3,-16,1,-29
-11,3,-1,-19,-8,-28,-9,-22,1,-17,-2,-13
4,-31,-6,-32,4,-27,-10,-15,2,0,7,-23
7,-7,2,2,10,5,5,-6,-5,0,8,-29
3,-17,4,-23,6,0,7,-26,-13,4,-9,-5
-3,0,11,-11,11,-25,-12,-25,-7,-19,-1,-12
-3,-2,7,3,-1,-27,3,8,5,-13,-7,-9
-6,-8,0,-4,1,-21,-13,7,-2,-16,-12,-24
-5,-3,11,-18,12,11,-9,9,10,-2,-2,-20
-1,-6,11,-24,2,-20,-11,8,-13,-13,1,-18
1,-2,-3,-9,10,10,-11,-3,-5,-13,4,-17
-3,0,5,9,-9,8,2,-20,-5,-8,11,-21
-4,1,8,4,4,-1,-1,-5,-5,2,10,-1
-4,-3,12,-4,-12,-2,-9,7,0,-19,4,-10
-1,-3,5,-15,9,-12,-7,-6,-11,-7,-9,2
1,-1,3,-12,-6,-5,7,10,7,19,0,-13
-1,-3,4,-18,6,5,4,-16,-7,9,5,-16
2,1,0,8,-10,-9,-5,12,-6,-3,-4,16
-5,6,-3,0,-4,-9,-7,17,3,-2,3,3
-9,-7,-13,4,4,11,-3,-6,-12,-7,-4,-2
0,-10,-7,-9,11,-8,4,11,10,2,-10,-9
-5,-11,4,2,3,-11,-11,-9,-11,5,-1,17
-13,11,-8,-4,-7,-7,-11,2,-6,24,-4,16
0,-10,-5,4,-11,1,-4,-6,1,13,-2,7
-6,-10,-4,1,7,19,-3,-6,3,10,-3,22
2,21,-11,5,-4,1,-4,-3,-2,11,-3,28
-5,13,-7,-7,-8,-7,-12,27,-12,1,-9,21
-9,18,-2,27,-11,21,7,24,-9,22,-7,22
-12,18,5,16,-12,-5,-10,3,9,32,5,2
10,7,-13,2,5,23,7,20,5,22,11,1
3,5,-1,18,-8,9,-5,2,3,21,12,4
-6,33,-4,35,7,18,6,8,-11,8,-9,9
-1,33,-9,1,-3,35,-8,26,-9,13,6,25
2,1,-2,16,5,26,-1,23,-6,-1,7,36
6,5,7,13,-8,35,-13,24,10,20,0,27
7,-34,-4,-9,11,-5,-10,0,7,-10,-2,-8
6,-32,4,-34,9,-28,-7,-6,8,-25,-9,1
-3,-1,-6,-15,-12,-35,9,-25,3,-29,-6,-20
12,-27,1,-5,12,-19,-5,-15,-7,-16,-3,-1
12,-21,6,-14,-3,-2,7,-11,-11,-15,-9,-25
2,-32,-6,-19,7,5,11,-3,-8,-1,-6,-2
11,-32,13,0,5,-2,-9,2,-8,-14,11,6
6,-22,-6,-25,-8,-9,-12,-17,-2,-25,7,-26
-2,0,-8,2,-1,-20,-12,5,12,-26,2,-5
4,-24,-7,-6,-5,2,9,-9,12,-28,-8,6
4,-24,-2,-2,12,2,-8,-22,13,-19,3,-19
-5,-9,-1,-4,-1,-19,-8,2,2,-8,-2,-13
-1,-8,-4,-20,6,-15,-5,0,-5,-17,13,-12
-1,-8,3,-25,6,-6,-8,-18,13,-12,-9,3
-5,-7,-12,-24,0,13,9,-16,2,7,4,3
-3,-6,-4,0,-11,11,13,-13,-3,2,2,-22
6,-1,7,0,4,-14,0,-19,-5,-5,9,-11
-5,2,3,16,13,-12,3,17,-11,0,-12,-8
-3,-1,1,11,-10,6,7,-19,7,-2,-2,4
-6,-17,13,-6,7,5,-2,-6,-5,12,5,-15
-6,-2,13,-4,-3,15,-2,15,0,-5,4,8
0,-1,3,5,1,11,-2,5,8,9,1,-1
-6,3,-3,11,-3,8,4,5,1,16,3,1
4,4,11,-11,-2,21,12,0,-3,5,-2,-5
-6,3,-10,4,2,9,7,3,6,14,-8,24
-5,-10,-5,5,-1,-1,-8,13,13,-2,-6,9
-7,0,11,4,-4,13,-10,-10,-2,20,-4,9
3,15,9,7,-11,4,0,5,2,-3,-1,10
-1,-7,-9,7,-2,-5,11,11,3,21,-8,11
-2,-6,1,27,12,25,7,-1,-3,5,-7,15
4,19,-6,-6,-12,13,2,12,-2,-3,0,12
0,-2,-5,0,-4,-7,7,17,2,31,-9,12
-3,27,2,-4,5,18,-4,13,5,-3,7,4
-3,27,12,7,2,9,-7,2,-11,-2,-10,-5
-12,32,3,7,9,6,-8,28,0,30,-12,1
-10,20,-1,5,-1,3,-1,4,-12,0,6,19
1,30,9,6,-3,6,10,0,-5,17,5,3
0,1,-11,16,8,0,-1,12,-8,27,-8,1
5,3,10,19,13,15,-9,14,6,30,2,32
12,-37,-3,-31,-3,-5,3,-12,4,0,12,-1
-2,-11,13,-10,11,-9,13,-13,7,-3,10,-36
7,-19,7,-21,10,-23,-11,-32,0,-17,-9,-29
-11,-9,2,-14,-1,-14,-11,-23,-7,-21,6,2
2,-20,2,-8,11,-31,5,-6,11,-33,-7,-20
8,-16,4,-30,12,4,-8,3,8,-31,-7,-2
1,2,-6,-3,13,4,2,-19,-11,-11,12,4
-3,0,0,-19,-5,-10,2,-26,6,-14,9,7
3,5,-3,-18,10,-19,0,-30,0,5,6,-16
0,-2,2,4,-2,-16,11,-21,-8,-13,-3,-23
4,-13,10,-15,-1,-12,9,-1,-3,-3,-11,9
0,-14,-2,-3,6,-7,-3,-15,12,-4,5,-4
-1,-8,-3,4,-3,-7,-9,-6,-6,11,3,8
-3,-11,4,-8,9,-1,2,-18,-1,-3,-2,-3
-8,-24,4,2,-9,-22,-1,-9,-5,-20,-8,-20
-4,-8,8,3,12,-20,0,-4,-2,9,-3,-7
-3,-5,4,-7,-4,-15,8,-20,0,1,0,10
2,-3,-5,-14,-11,-1,-4,11,0,-14,-2,4
-10,-7,-1,11,13,9,-1,1,13,-18,-11,-13
-5,-10,-4,2,-5,-8,-2,10,12,-16,-3,5
-3,-8,1,-7,13,-8,11,-5,-3,1,-3,-17
6,6,-9,-13,-3,-4,2,-2,-4,-13,-6,-1
0,-4,8,-13,-11,-3,-9,-11,1,13,-10,0
-2,-3,-3,19,7,2,5,1,2,3,0,2
-2,-8,-9,-8,1,15,0,-3,11,3,-5,3
-6,-12,8,17,-1,-11,9,-12,11,10,-4,12
-9,1,-8,-7,11,-1,-5,1,-4,-2,-5,9
-2,3,-2,21,12,9,-1,-1,-5,5,-10,-6
-11,-7,5,10,14,4,-5,-3,8,-9,8,4
13,-4,-4,2,11,13,-5,-7,-11,8,0,26
-2,-4,5,17,5,13,9,3,8,28,-3,3
-9,-6,-5,-7,-1,31,4,22,-2,8,-3,-7
-7,-3,7,11,13,27,13,17,0,2,8,28
4,20,4,27,-5,9,-8,27,-2,12,0,-1
5,11,-1,-3,0,29,-4,13,4,21,5,12
-7,1,-5,16,1,5,6,13,4,24,1,16
-10,-1,-8,1,-5,11,-9,10,2,3,-8,11
-9,21,11,21,-1,28,3,31,3,9,-5,2
12,14,5,33,-3,24,1,18,7,17,-1,5
-3,-7,13,0,0,-20,0,-11,-4,-1,13,-4
8,-34,-1,-2,1,-2,11,-30,-4,-36,-5,-25
9,-17,13,1,-6,-3,-7,-20,-9,-3,-5,-7
-2,-6,8,-25,-6,-1,-2,1,4,-26,-7,-4
8,-23,-8,-7,2,1,-3,4,12,3,-6,0
5,-17,0,-25,10,-31,-7,-7,10,-1,-1,-2
11,-8,13,0,-3,-4,13,-24,15,1,10,-17
3,5,-5,-9,-2,1,14,-25,12,5,8,-24
5,-17,15,-14,4,-29,3,-19,-5,-15,-5,7
-2,5,13,-11,0,-29,1,4,11,-6,10,-15
-6,6,7,-22,15,-27,13,-8,-3,-4,-1,-22
15,-27,-3,-3,-4,-3,-7,-26,-7,8,-1,-6
0,-9,-7,-22,0,4,-1,5,0,2,2,-26
2,-5,0,-3,-8,-5,14,-23,8,-11,0,-3
7,-9,-9,-18,2,-5,14,-8,-3,-18,-2,-17
15,-20,0,1,-9,-5,9,-14,7,-5,5,-3
1,0,13,-8,0,-19,2,-1,3,3,14,-8
2,1,12,-16,-1,-16,1,1,5,-17,1,-6
3,-3,2,7,-1,0,11,-7,-2,-11,-7,-19
3,1,12,-5,-9,-14,1,-13,14,-6,-9,17
-8,-9,0,-9,5,11,-3,-18,-9,5,3,7
-1,-2,-2,11,9,-5,9,-17,-3,12,-8,2
7,6,12,-7,2,-3,3,3,-8,-12,-2,9
-9,-5,11,-13,4,2,1,23,-9,3,-6,22
-8,1,1,23,-9,-10,5,13,-5,10,1,19
-7,-1,9,-1,-5,-10,-10,15,-4,-4,-3,4
0,-12,-1,-2,1,22,4,-4,-6,13,9,19
14,-10,-4,-2,-5,-11,10,9,11,13,-6,25
-1,-10,4,-4,9,-10,-5,1,-7,-4,3,19
-9,-7,-1,8,13,-2,6,1,8,-2,2,29
1,-3,11,20,-3,11,9,-3,4,-6,5,10
2,0,10,2,-7,-7,14,-2,-6,-2,14,9
-1,-4,11,13,-8,8,7,8,-1,13,14,5
-10,13,-1,23,4,19,2,26,-3,10,9,11
3,11,-6,11,6,10,-1,30,0,23,15,-1
-2,23,-4,14,-5,31,6,21,-5,11,13,-2
-6,5,-4,30,11,3,3,25,0,17,-9,31
3,29,8,32,-9,8,5,21,-1,8,8,4
0,7,2,4,6,26,9,19,2,30,-7,7
-1,-1,16,-1,14,-3,13,0,-4,-18,14,-5
-2,-7,14,-10,14,-13,16,-9,10,-2,14,-9
12,-9,9,2,7,-27,-1,1,-4,-2,11,-31
7,-27,-2,-8,-6,-1,-5,-34,15,-24,-4,-8
6,-22,-1,-9,9,-28,0,-9,-5,-18,-6,-8
10,-18,13,-30,13,-27,-9,-18,13,2,-4,-2
10,-16,14,-8,-2,6,9,-1,3,0,-8,-3
0,-3,-1,4,-1,-13,2,-21,8,-20,-5,2
6,-25,-7,-17,7,4,16,-22,-4,1,0,0
0,1,13,-17,-6,-2,7,1,-9,-3,-4,5
2,9,7,-18,11,-15,3,-28,-4,-20,7,-20
-8,11,-1,-8,15,-24,7,-18,8,-4,-2,-5
2,-3,6,-3,-4,-24,3,7,3,-10,7,-12
-2,-5,-1,-3,10,-7,6,11,-8,-23,6,-2
-9,6,-4,0,-2,-15,-6,-13,-1,-1,15,-11
-7,-2,1,10,4,10,7,9,-3,9,-4,-13
-5,-2,-7,-19,-1,0,7,-4,15,-14,4,2
1,-2,-5,12,0,-2,-1,-20,-6,7,2,-8
2,-6,3,-5,-5,-20,-5,-16,9,17,7,13
-6,2,-6,11,-3,-18,4,-2,-6,-2,9,15
-4,2,0,5,-5,-15,-9,5,4,11,14,9
-3,1,12,13,-5,2,8,-9,1,-9,6,2
-2,-5,-4,-7,10,-13,2,11,0,-8,-4,20
-4,0,13,19,8,13,-1,16,-3,16,-3,0
-3,6,5,14,-6,-13,4,20,9,-4,0,9
-4,3,-9,25,2,6,4,12,2,3,0,-4
-6,-5,14,-5,8,11,-4,9,5,1,-2,-2
-6,11,3,27,4,10,-3,9,-3,27,3,-4
-8,-7,4,-3,-7,1,3,-3,-6,12,5,0
-6,16,-2,-4,4,5,-7,4,-6,11,-1,6
3,4,-6,19,-7,27,-2,-6,-2,4,-5,22
-4,19,14,24,-9,9,-7,3,8,20,8,28
6,17,-2,-3,12,9,3,20,-8,22,2,4
-9,6,4,8,4,30,9,-4,6,15,11,-4
16,3,5,5,-2,-3,10,33,1,9,-3,19
-6,11,8,7,11,14,1,31,-3,21,6,22
-5,3,7,0,14,-1,13,35,10,-2,0,-1
-4,12,3,24,-2,7,-3,9,8,36,-2,0
3,28,7,6,4,16,11,36,14,4,14,2
12,-12,-1,-4,16,-14,0,-3,-1,-1,15,-12
-1,-3,17,-10,-1,-22,14,-32,-2,-9,3,-3
11,-24,-2,2,-6,-2,3,0,11,-5,0,-24
1,2,17,-5,2,-1,8,-30,14,-5,14,-11
9,-22,11,-19,8,-3,1,3,-3,-1,-3,-2
-1,-4,12,3,-3,-1,15,5,-4,-29,14,5
6,-23,15,-17,11,-5,-8,0,14,-25,-2,0
0,5,-3,-27,12,-19,-4,-11,-7,-5,16,-12
10,-15,-4,7,11,3,3,-9,6,-16,-2,-4
-6,0,13,-25,-6,-28,4,-21,-3,-8,-6,-28
-1,10,-7,-24,7,10,5,-5,0,-24,11,-5
-3,3,-7,2,0,2,15,-5,12,-20,1,-17
-4,-10,0,-2,5,-1,7,-9,-8,-1,9,-3
-3,-15,8,-11,17,-19,-1,-2,-3,-24,-5,-3
11,2,7,0,10,-2,16,-7,4,9,-1,4
-5,-5,1,-2,4,-6,16,-22,5,8,-2,-14
3,-7,12,-10,3,9,-4,-13,7,-7,5,14
5,1,-3,-3,11,-13,10,7,5,-10,3,10
2,1,11,-20,-1,-4,-8,9,6,-19,-5,-10
-2,-9,-7,17,-6,3,-5,-11,-6,-16,6,11
17,-12,4,-13,-1,4,15,-11,0,-6,-6,0
8,5,3,-8,11,-16,11,-5,9,14,15,-3
-5,-5,-8,-15,2,-8,4,9,11,10,2,-12
-1,-3,9,1,6,15,10,-9,8,15,6,6
2,-1,-5,4,-7,10,-6,5,-2,-6,2,-14
-6,3,2,0,-7,10,1,2,-8,-3,5,-5
-2,11,2,-6,14,21,9,11,5,10,14,6
-3,7,3,9,-8,18,-8,6,8,12,-4,12
7,17,2,0,13,12,-4,-7,-5,-5,-6,17
15,10,8,17,-8,0,-6,-1,10,15,3,-4
10,5,-2,17,5,30,10,15,12,-4,3,0
3,-6,13,-7,-8,20,-4,1,17,-7,7,30
7,18,-7,-6,-5,8,16,23,10,5,9,20
8,16,-6,12,16,-5,-7,15,-8,8,-8,21
16,6,3,28,5,26,4,18,11,6,-2,2
16,6,-4,-3,7,8,-2,19,5,21,-3,6
10,21,7,12,11,32,2,3,-2,15,-4,15
15,15,7,3,-6,8,12,25,3,29,0,1
2,5,-4,14,15,6,2,14,9,34,8,21
-1,0,18,-5,10,-9,-3,0,-3,-2,12,-9
-2,-8,-1,-1,-1,-1,18,1,15,-22,15,0
12,-14,0,-35,2,2,-2,-27,8,-3,15,0
5,-2,13,-20,12,-4,-2,-15,-5,-12,-2,3
0,-6,13,-26,4,-14,-7,-7,-4,-24,15,1
9,-23,-7,-2,13,-29,18,-3,-1,2,15,0
10,-24,17,0,2,-3,-4,-9,0,-2,15,0
5,5,-6,-18,5,-11,1,3,3,4,-5,0
1,5,-4,-29,11,-21,0,3,1,-17,2,-27
6,-24,10,-25,9,8,17,-16,4,7,5,5
0,-7,3,4,14,-16,6,4,0,-7,-3,-19
2,-17,5,2,16,-25,3,-16,-5,-17,2,-19
-2,-1,11,-20,-7,-7,10,11,5,-2,10,-14
9,-7,10,-17,8,2,-4,-5,12,-3,-1,12
-3,-7,8,1,1,-12,4,-22,5,-15,0,-20
-4,-14,16,-1,-4,-18,13,7,5,-3,7,5
1,-4,-3,-2,-6,8,6,-12,0,16,15,-1
7,-2,9,-3,15,-8,5,15,-5,-15,11,-9
-6,-2,10,6,9,-8,6,-14,1,-13,5,16
7,2,1,-18,11,7,17,9,-7,12,18,-6
3,-8,-6,7,14,-2,-7,15,2,-8,11,18
7,6,7,4,17,3,-5,0,0,16,4,5
-7,-16,5,16,3,4,0,-8,15,-12,-3,-8
-1,9,6,-9,-2,-3,8,-6,7,22,-3,0
6,-7,5,22,7,-2,10,12,-3,-11,-6,-6
1,-6,7,2,1,-9,12,8,7,7,-5,7
-5,2,18,0,-6,-2,7,13,-5,-11,1,7
8,17,7,11,-1,18,17,-4,1,-5,7,4
-6,-5,12,14,-3,7,14,27,0,8,11,21
8,20,1,-6,0,14,18,0,4,-9,5,2
-7,-1,7,22,6,-8,2,9,0,0,8,8
2,-2,9,1,5,5,-3,24,-2,4,13,14
18,-5,-7,4,17,-1,-3,9,9,27,9,3
8,16,-6,16,2,20,17,9,-6,0,9,23
0,20,5,6,5,18,-1,20,15,22,-1,6
-3,10,11,18,4,10,0,24,-7,11,-5,11
-1,3,-6,-1,1,1,12,24,6,8,11,12
11,19,14,2,2,8,14,24,10,1,0,23
-1,33,3,2,3,12,7,28,1,21,10,16
0,-3,16,-2,-6,0,-6,-1,-1,-31,16,-7
0,-5,2,0,13,-35,7,-15,10,-29,0,-10
-1,-8,-1,-8,8,-21,17,-1,4,2,13,-19
0,-5,-1,2,9,-32,-4,1,8,-35,0,-5
11,-21,-3,-6,2,-23,9,-11,-6,-29,18,-17
9,-33,9,-24,-3,-9,16,-18,-6,-15,-4,-31
9,-31,7,5,6,4,-6,-19,5,6,12,-29
0,0,17,-31,2,-11,-2,-10,19,-28,1,1
10,-28,16,-3,-3,-13,2,-2,14,-1,16,-2
1,8,4,-12,15,-12,0,9,10,2,2,5
-1,7,6,-25,15,10,8,-9,-6,-6,-3,-8
16,-3,19,-18,11,8,13,0,19,-11,15,11
11,-12,-2,5,14,-21,18,-22,2,-6,14,-23
-4,-25,1,-8,13,1,12,-5,-1,-19,16,2
2,0,18,-5,4,-7,4,-5,9,-15,-6,-21
3,-7,17,-15,5,3,-1,-11,7,3,8,-6
2,-3,-1,-6,16,-6,7,2,2,-17,9,14
-4,-10,-4,-12,10,-17,6,8,17,-8,5,6
10,3,12,7,16,-13,-5,11,2,17,-1,2
-1,-2,-3,3,5,13,18,-9,3,16,13,-11
1,-8,12,-2,14,-10,-2,12,-3,8,15,19
2,-2,-6,-9,9,-2,1,-14,15,10,6,-15
-6,-15,13,-3,-2,-15,12,-5,-4,21,0,22
-5,-9,8,22,16,4,15,3,3,23,10,-11
-3,-6,-5,-9,0,-8,-5,0,12,-2,15,22
2,-9,-1,8,-4,0,17,3,-1,9,12,10
3,-3,0,8,7,6,11,8,7,0,9,-1
7,5,3,-5,14,3,8,25,-3,-8,1,9
7,18,11,15,1,-5,1,-6,-1,-1,-1,-7
1,-2,4,3,5,29,19,-4,3,19,0,-1
-6,8,15,16,14,8,-3,19,2,22,17,-4
5,0,1,3,-3,-1,-6,19,7,-7,0,0
0,16,-6,3,6,24,15,-5,16,12,5,22
6,25,7,24,8,-3,15,17,15,9,18,5
0,2,16,31,3,-3,4,8,-2,-4,-4,6
-6,3,7,15,3,31,15,29,-1,15,11,28
8,5,0,29,-4,36,17,15,16,22,2,3
6,26,14,19,5,1,-6,0,19,26,2,19
7,10,10,19,12,21,-4,6,-2,35,-3,30
-1,-1,3,-7,9,-33,0,-22,4,-2,2,-30
12,-32,4,-33,9,-3,20,-20,17,-37,2,-4
-1,-6,19,0,1,-19,12,-5,15,-9,1,0
2,-3,-5,-13,19,-33,1,-31,1,-21,-3,-2
3,-2,14,-32,3,2,15,-24,5,0,16,1
3,-3,-3,2,0,3,2,-3,-5,-4,-4,1
12,-7,-2,-21,13,-27,2,3,12,-10,-1,-31
13,-17,2,-6,3,-25,10,-11,-3,-3,0,4
-2,8,10,-18,-2,-5,15,3,7,-15,13,-15
9,-19,20,2,10,-4,3,-15,9,7,-5,1
-1,8,20,-23,11,-15,16,-24,-4,-14,12,-15
-3,8,18,-17,-4,-13,-5,-2,16,4,2,7
12,-10,4,10,1,-1,2,-19,9,-1,13,-2
8,-19,15,-15,8,-16,-5,-9,14,-20,3,8
19,-17,7,0,18,-19,2,7,1,-2,14,2
6,-3,6,-8,3,-2,-2,-17,2,-21,14,2
4,0,10,-2,1,-4,-2,-20,20,-7,5,-19
5,-9,-3,-20,-3,-5,-2,0,12,-11,11,-18
2,-18,7,-3,9,6,17,9,16,16,8,6
-2,-6,12,15,15,8,12,-15,12,-11,-1,-9
18,0,4,12,-4,4,11,-15,-3,2,1,15
-4,-8,6,-11,20,-10,6,8,19,-10,-3,-13
-3,-13,15,0,8,-11,0,13,19,4,12,-14
-4,-15,-1,-2,-2,-11,1,2,1,-9,-5,-15
3,-9,3,-9,5,-4,8,-5,-4,-7,6,-7
-5,0,4,6,3,1,-1,11,-2,-9,12,11
-1,3,11,1,-2,-2,1,24,12,-11,-3,16
1,3,-1,8,13,7,-1,2,0,-6,4,5
0,-4,19,-1,8,9,11,24,6,24,9,-2
-1,-3,20,-6,8,11,6,9,10,25,11,21
19,-5,0,-8,17,-8,-3,1,5,12,6,4
5,-5,1,15,11,13,4,3,-2,26,19,-7
5,25,12,12,16,14,8,-2,0,10,4,9
-1,-3,0,0,7,-2,11,2,8,-4,10,24
-5,17,1,4,10,33,18,5,-4,16,1,-2
7,-3,14,13,0,14,9,28,9,3,2,32
-2,33,13,-1,14,30,3,21,-3,17,13,16
11,0,-1,33,-1,1,2,28,8,18,12,28
6,11,-4,20,15,31,6,24,10,18,13,4
-1,-4,15,-4,13,-23,-2,-3,11,-8,17,-4
3,-12,6,0,16,-14,14,-22,12,-36,3,-28
1,-9,7,-1,7,-15,2,-8,-3,-1,3,1
11,-25,0,-28,17,-28,-1,-11,12,-33,17,-11
19,-28,2,-6,4,-6,18,-30,-4,1,4,-4
15,-32,13,-4,11,0,19,-8,6,-16,10,-7
9,-19,0,-21,12,-26,-2,-21,17,3,8,5
4,-4,16,-9,3,3,20,-28,3,-28,3,7
-3,4,13,-18,3,5,4,8,8,-29,14,3
-4,8,10,7,-4,-3,-3,-24,5,-25,8,4
0,10,16,1,8,-24,0,6,9,-19,7,-12
-3,8,9,1,13,-24,1,-21,2,-14,17,-8
21,-15,18,-10,21,-8,14,9,9,4,5,10
-3,-3,-1,-11,6,-21,15,4,0,-8,-4,-11
-4,-16,-4,-18,4,-7,5,-24,19,-5,8,-3
-3,-7,7,1,2,-15,9,7,20,-23,12,-16
14,0,14,8,-1,-10,7,-6,6,-13,4,9
-3,-9,13,-1,4,9,5,14,-1,-20,-3,3
-2,-3,1,-6,9,2,10,-17,12,-4,3,-15
-2,-1,7,17,21,-14,3,-8,13,10,14,-18
1,3,1,-1,21,-8,4,0,-4,15,2,2
2,-4,-1,19,0,-7,2,-9,1,11,-3,14
11,4,-4,21,0,7,9,-13,17,18,-4,-12
6,9,12,-14,7,-4,13,-9,17,-10,12,21
10,6,2,-1,21,-12,18,13,12,21,21,-7
4,-1,16,-9,10,20,11,-7,7,16,7,-12
0,7,-3,6,16,-6,6,14,0,19,19,-3
11,6,4,5,8,13,3,13,6,20,-1,5
12,10,20,28,4,28,4,14,13,16,9,7
2,-9,0,0,11,8,-1,1,10,3,11,18
-1,-6,16,16,5,13,18,10,15,3,10,30
10,24,9,25,19,5,-3,-5,-4,17,-2,-1
20,0,8,22,3,0,2,-6,19,4,2,22
4,-2,5,20,7,10,17,23,3,21,-2,17
-3,3,18,16,10,7,5,7,8,4,20,-3
-3,22,-2,26,1,17,-4,2,19,5,8,19
-2,24,3,2,10,35,15,34,19,7,11,33
7,29,2,26,4,34,11,17,6,22,-2,15
3,22,20,5,9,32,8,19,10,27,15,24
11,-22,7,0,4,-5,14,-5,18,-5,-3,-13
9,-36,7,-7,1,-2,0,-2,-2,-6,12,-4
-3,-9,19,-4,13,0,19,-30,13,0,7,-1
3,2,18,-18,19,-6,2,-3,7,-20,5,2
5,-9,18,-19,14,-1,6,2,-3,4,7,-7
11,-20,-1,-2,13,5,2,2,13,-7,7,1
1,-4,19,-2,0,6,18,3,-2,6,-3,1
1,4,5,-13,19,1,18,-17,0,-4,17,-9
2,6,20,5,2,0,18,-9,7,7,5,8
1,0,16,-23,12,-11,4,-4,4,-4,13,3
-1,4,-2,-12,6,-11,7,-21,0,-13,10,-26
-2,10,0,10,3,-24,-2,-10,0,7,-1,-18
7,7,12,-13,12,-19,-3,-4,21,-9,14,7
11,7,1,0,2,-3,9,9,21,-7,15,0
20,-20,6,2,19,-19,11,-23,9,-19,19,-22
20,-8,11,6,5,8,11,-5,20,-22,14,-5
10,-3,9,1,6,0,11,-13,5,4,19,-6
-1,-2,15,-9,8,-4,13,-9,16,-9,17,9
2,-11,1,4,12,-11,1,-2,2,-7,0,7
7,-8,7,10,-2,16,21,-19,13,18,19,-9
14,2,14,3,3,16,2,1,13,10,20,-6
5,-4,13,-12,17,17,0,-4,17,-1,0,6
4,-2,0,-16,6,7,11,19,12,7,11,17
-2,5,16,20,15,-11,17,19,6,15,-1,20
0,5,11,-7,6,-10,20,4,-1,7,16,19
11,4,2,-12,10,18,10,22,-2,19,17,10
1,0,20,-6,-1,9,18,0,21,7,18,-6
-1,-3,11,21,17,25,6,17,6,7,13,23
-3,5,19,0,8,-6,20,4,22,0,22,6
2,-6,15,28,19,0,14,0,14,12,13,11
21,7,8,-3,22,0,-2,11,22,6,5,1
8,-1,9,11,-3,-2,13,19,15,22,12,17
3,15,5,15,1,15,1,11,13,15,20,13
-2,16,14,32,16,30,7,-3,10,16,-2,13
3,0,10,31,0,32,5,5,-2,26,5,-1
3,0,2,0,1,25,19,17,8,10,0,9
10,27,8,8,22,11,-1,22,13,22,-3,8
13,23,11,15,9,5,-3,-1,20,20,1,19
20,10,3,15,17,26,8,29,3,23,7,9
0,-7,19,-22,13,-24,3,-2,19,-20,-1,-11
11,-35,20,-8,2,-19,7,1,19,-21,-1,-5
1,-3,5,-10,18,-25,20,-8,-1,1,7,2
9,-1,19,2,13,-29,1,-4,7,2,1,-11
12,-28,3,-4,12,-6,18,-25,13,-20,2,-2
-1,0,7,-4,-2,0,20,0,6,5,13,-28
-1,-1,13,6,11,-15,15,-4,9,-23,2,-27
17,-7,10,2,17,-26,20,3,2,-24,8,7
12,-26,20,-17,2,8,8,0,5,2,9,-5
21,-27,23,5,16,-14,8,-5,5,-22,-1,-12
22,-12,14,-12,22,-3,23,-22,15,-23,5,-1
15,-9,21,-26,14,-20,8,-26,10,8,9,-27
15,-9,2,-25,16,-2,20,-17,14,-14,23,-26
19,1,19,8,19,-21,19,-19,23,12,8,3
12,-13,0,6,1,8,0,-1,11,-11,17,-5
12,-11,1,10,8,2,18,-6,3,4,15,-20
4,-7,18,4,0,-19,21,-12,13,-3,11,-3
14,-5,13,6,14,3,17,1,5,1,21,-1
8,-19,15,11,0,-14,18,-8,5,3,-1,-18
14,7,2,-13,-2,12,16,-16,12,13,10,-6
12,8,10,-11,8,-17,16,-2,22,-12,12,-7
3,-15,17,-7,11,-9,16,19,6,-16,3,-4
6,-7,11,18,14,-15,19,7,18,8,23,-15
2,-5,7,-3,11,-4,4,1,1,8,5,-12
17,11,15,-3,9,4,1,16,14,-3,-2,9
22,-9,15,0,21,2,12,20,2,17,10,18
15,9,-2,5,15,20,-1,-12,5,-7,8,-1
3,12,5,11,0,26,1,14,19,17,5,12
16,2,7,-10,3,-2,15,20,21,12,6,-2
-2,8,5,26,17,8,23,-8,15,-3,0,12
2,-8,15,1,-1,28,1,14,12,25,20,3
1,-3,14,21,17,3,11,11,18,21,7,12
21,3,10,-4,-2,-2,14,23,13,4,2,-6
21,3,12,6,8,2,13,-3,1,9,-2,3
-2,0,0,-4,8,24,-1,-1,12,0,1,-1
18,22,10,6,16,31,17,31,-2,-3,7,-3
8,7,0,26,4,-2,16,32,16,1,13,5
5,7,11,26,9,29,23,1,12,16,11,3
5,1,2,17,8,35,22,18,10,0,8,29
22,-33,5,-8,9,-11,9,-1,-1,-6,3,-12
1,-3,13,-3,2,-6,9,1,17,-36,-1,-9
13,-28,2,-2,6,-10,23,-16,19,-31,23,-31
-1,-1,15,1,1,-4,1,-3,1,-9,14,3
16,-15,6,3,18,-5,14,-8,1,-7,15,-21
1,0,10,-33,4,5,5,-15,17,-1,20,-16
12,-23,6,-1,2,1,13,-30,20,-17,4,-24
16,-25,0,-23,6,-31,9,5,1,0,20,-26
15,-18,15,5,17,2,6,-2,23,-21,10,-19
-1,-1,2,-21,14,-8,6,-7,2,-21,7,-12
4,-28,-1,-16,24,-17,5,-19,0,-13,15,-26
13,-12,17,-16,21,-23,17,5,-1,1,21,-12
0,1,18,1,2,4,23,-5,17,-18,10,3
1,3,0,5,4,-10,2,-25,0,-24,18,12
15,-7,20,11,10,-19,11,14,3,9,9,2
-1,1,4,13,7,0,20,-6,1,10,1,2
-1,0,20,12,19,6,24,9,2,-4,11,-13
2,7,6,-6,8,15,0,7,16,-12,19,8
9,-12,23,0,12,3,18,-13,23,-10,16,18
8,-18,9,4,5,-10,21,4,4,10,18,-16
5,-10,14,-13,13,-5,1,9,8,-11,17,-1
9,-2,20,15,8,1,16,0,20,12,-1,0
3,2,3,14,2,13,7,-6,8,-16,0,-10
6,-6,4,0,23,8,22,-14,14,6,5,-2
11,0,1,2,4,19,16,-3,10,-11,20,-2
12,12,-1,1,10,23,8,1,6,14,14,-11
13,15,14,17,12,-5,7,5,2,12,17,18
9,21,14,-9,12,18,19,11,7,3,12,23
8,3,8,4,1,26,11,4,0,-4,17,3
10,-1,22,8,13,7,16,25,-1,21,8,8
6,-3,16,-7,-1,7,22,-2,22,4,8,6
11,17,-1,29,1,11,0,-6,20,5,21,16
0,23,13,-1,16,6,9,25,19,8,6,8
12,3,10,20,18,16,3,9,14,7,12,-5
-1,1,21,-4,-1,-2,7,16,19,26,12,19
2,3,16,30,3,23,10,6,14,14,0,19
10,7,0,13,12,-1,3,34,22,0,6,10
23,-1,22,4,11,9,7,26,8,2,4,17
6,6,7,27,19,18,5,1,1,22,22,7
2,-1,0,-11,14,0,5,-5,8,-2,12,-9
13,-26,4,-1,23,-5,16,-2,18,-1,12,-12
12,-27,22,-35,4,1,25,-29,8,-18,5,-8
4,-9,22,-31,5,-4,5,3,21,-28,13,-24
1,-8,22,-26,9,3,6,3,5,-4,14,-30
23,-30,21,-28,2,-1,9,-3,0,-18,13,5
4,-1,0,3,4,-2,10,-24,6,-25,5,-2
5,2,16,3,5,-5,16,-9,13,2,23,-23
0,-5,23,-11,17,-12,7,-18,4,7,2,-19
5,-22,24,-14,1,0,23,-27,12,-7,15,-14
0,-19,1,-4,13,-26,22,-6,20,-6,7,-9
12,-1,10,-13,21,10,8,-11,19,-19,14,-5
1,-3,21,10,2,3,7,-10,15,-21,14,5
0,8,8,-21,12,-20,0,-7,19,-8,21,-9
3,5,18,-6,11,3,12,-11,19,-18,5,9
12,-12,11,-2,14,-3,2,5,0,-21,0,-14
23,-15,24,-11,13,5,16,16,10,-10,5,-1
23,0,25,-17,6,16,11,7,3,17,14,15
12,-7,3,-7,17,-19,4,7,1,2,0,-1
22,4,5,-8,3,9,5,7,4,4,9,13
6,-17,10,-15,21,-16,10,0,17,-4,1,17
10,-13,12,-16,6,-1,1,20,2,7,4,-6
9,-5,1,-13,19,0,1,18,16,-3,5,-10
6,-3,0,-10,12,-6,16,-13,10,1,1,0
8,-6,16,8,15,9,2,23,2,3,16,15
8,-7,19,8,0,21,14,24,0,-5,5,12
4,11,11,-1,3,-5,11,20,14,-1,0,4
12,18,2,-1,0,17,0,-8,15,5,10,20
3,-5,14,15,3,13,7,5,17,6,14,19
5,-4,14,-5,20,6,3,-4,19,-2,1,16
4,3,0,10,0,0,18,11,2,-6,6,4
24,-5,0,8,4,1,5,30,16,15,19,-7
3,-3,24,-6,4,9,10,10,20,3,7,-4
15,26,23,6,15,-1,3,13,3,7,20,14
25,6,0,-2,8,-3,7,2,2,11,9,7
4,19,12,-3,0,3,8,10,11,12,1,34
5,20,23,7,3,18,1,23,18,24,1,-1
25,3,1,13,20,31,4,21,0,5,5,-1
25,8,2,5,0,25,5,13,20,8,1,19
