0,-2,0,-11,-21,-7,0,-5,-23,-3,-3,-1
0,1,0,-11,-25,-1,-7,-4,0,-3,-4,-2
0,1,-1,1,-10,-32,-4,-1,-1,-5,-2,2
0,0,0,-3,-6,-15,-2,2,-25,3,-25,2
0,0,-7,-9,-20,-26,-25,-1,-14,-30,-10,-9
0,0,-2,-29,0,-7,0,-10,-4,-13,0,-10
0,0,-2,4,-7,1,-16,2,0,1,-1,-2
-1,7,-1,4,0,3,-19,4,-8,-11,-2,0
0,1,-9,-22,-3,-30,-1,6,-24,-21,-2,3
0,1,-1,0,-24,3,-19,-4,-1,6,-4,-7
-1,8,-20,-25,-17,6,-7,-17,0,3,-4,-27
-1,7,-2,7,-6,-26,-7,-6,-2,-5,-11,-24
-2,12,-19,2,-1,5,-17,9,-4,9,-5,10
-2,12,-3,-5,-24,10,-1,12,-4,-4,-2,7
-1,5,-3,2,-21,9,-19,-19,-15,-21,0,10
0,0,-3,7,-6,10,-24,13,-2,8,-2,7
-3,14,-6,-15,-8,16,0,4,-7,12,0,-6
0,1,-21,17,-17,-17,-17,11,-3,15,-1,12
-3,11,-20,-13,-5,6,-7,16,-15,3,-20,7
-4,2,-5,-6,-7,-5,-10,-7,-12,4,0,-13
-4,-1,-10,2,-2,7,-7,10,-21,10,-8,2
-5,2,-8,19,-16,20,-22,-16,-13,0,-15,-15
-11,6,-16,21,-6,1,-10,-13,-12,17,-6,18
-1,-1,-18,-15,-12,21,-15,1,-15,10,-8,12
-19,-9,-10,7,-16,-13,-9,-12,-9,-2,-11,21
-15,-11,-20,25,-25,5,-17,-3,-18,-10,-23,-1
-18,-5,-14,17,-22,11,-1,13,-8,5,-24,-1
-23,12,-13,13,-2,16,-4,1,-23,16,-11,21
-20,14,-25,-6,-13,24,-20,-1,-13,16,-11,-5
-10,10,-23,-4,-8,27,-21,27,-19,9,-9,-5
-24,11,-18,18,-6,26,-19,9,-14,10,-1,13
-19,0,-11,-3,-18,0,-1,9,-17,19,-9,29
-17,1,-15,28,-15,1,0,1,-2,6,-22,14
-19,4,-23,23,-10,9,-9,21,-24,27,-22,2
-12,28,-15,18,-19,17,-18,4,-25,12,0,5
-20,4,-15,28,-3,7,-20,10,-19,20,0,11
-18,20,-19,35,-2,7,-24,33,-14,31,-10,22
-18,2,-9,28,0,0,-6,16,-10,23,-6,15
-13,27,-20,27,-2,20,-1,20,-1,15,-5,28
0,-3,-1,-1,-14,-9,-1,-8,1,-15,-3,-1
0,0,-2,-4,0,-8,-7,-14,-2,-31,-2,-5
0,-3,-4,-8,0,-10,-4,-18,1,0,-20,2
0,-3,1,2,-16,0,1,2,-20,0,-3,-33
1,-5,1,-4,1,3,0,1,0,2,1,-6
0,-2,0,-5,-17,4,0,1,-4,-33,-3,5
1,-4,0,-5,0,-5,-7,1,-3,4,-17,2
0,-1,-20,-23,-5,-7,-3,-22,-12,-8,-16,3
1,-3,-1,-22,1,-19,-3,-28,-1,2,-16,-5
-1,5,1,0,-6,-10,-9,0,-7,4,1,-2
-2,10,-1,3,-6,4,-23,5,-18,10,-24,3
-2,10,-19,10,-7,-25,-2,-26,-2,11,-5,-24
-1,6,-2,6,-7,-4,-2,12,1,-1,0,5
1,-4,-6,-19,-11,13,-16,0,0,13,1,0
-1,4,-21,8,-1,11,-16,6,0,3,-12,3
-5,15,-24,-1,-22,11,-13,1,-11,-5,-17,-10
-6,11,-11,10,-7,-6,-14,-13,-21,-20,1,-2
-15,13,-8,-1,-7,-6,-10,-14,-13,-10,-12,-5
-12,1,-17,-6,-14,-9,-10,12,-14,15,-19,-12
-20,1,0,5,-10,17,-17,-6,-23,-9,0,-12
-15,-2,1,-18,-22,0,-19,5,-21,11,-19,5
-18,-11,-12,8,-22,-1,-10,19,-10,-5,-20,-11
-18,-1,-4,-1,-13,-3,-7,-2,1,-8,-13,12
-19,5,0,-9,-6,3,-23,4,-1,12,-18,5
-15,7,-16,-10,-24,-8,0,-4,-20,16,-5,-8
-19,-3,-22,-12,-21,-2,-18,14,-17,17,-23,-5
-19,4,-22,-5,0,-2,-5,8,-11,16,1,-8
-13,12,-5,23,-12,15,-13,14,-12,10,1,4
-5,19,-12,12,-8,18,-20,-10,-23,8,-6,-7
0,6,-9,22,-16,28,-10,13,0,11,-20,-9
-10,21,-10,2,-5,4,-14,28,-15,2,-7,-3
-1,7,-18,19,-15,5,-18,12,-11,3,-17,21
-23,28,-1,19,-23,15,-8,22,-7,-2,-14,18
-10,15,-5,10,-24,19,-14,10,-1,6,-11,14
-21,26,-7,17,-1,12,-11,-1,-17,16,-19,32
-24,34,-17,10,-14,16,-22,1,-18,-1,-10,5
-10,1,-21,18,-22,12,-13,21,-3,31,-24,13
-9,9,-22,22,-21,9,-10,37,-5,23,-3,8
-7,26,-6,5,-11,6,-20,12,-14,5,-23,1
2,-12,-1,-2,-5,-4,0,-34,1,-6,-12,-3
0,-1,1,-12,-1,-1,0,-35,-9,-14,1,-1
0,-1,-3,-13,-7,-26,-6,-2,-1,-25,-21,1
2,-11,-21,-5,-4,-29,-1,0,-23,-1,-15,-26
2,-9,-3,0,1,1,-16,-1,2,1,-1,-1
1,-5,-3,-33,-4,-24,-20,5,-12,-6,-4,-6
0,1,0,-21,-13,-30,-2,6,1,-3,2,-8
0,0,-7,7,-1,4,-16,7,-2,-12,-5,-7
-1,5,-16,7,-9,-26,-8,-22,0,8,-15,3
-1,5,-9,-20,-18,-1,-19,-26,-1,4,0,5
-2,10,-7,-23,-7,-20,-14,2,-4,-21,-13,2
-1,5,-1,-24,1,3,1,2,0,-26,0,10
1,-2,-12,-3,-3,-6,-2,-25,-2,-1,-10,-21
-14,-2,-15,13,-7,5,-8,9,-20,-19,-17,-7
-23,-2,-4,-13,1,-3,-17,-3,-2,6,-9,3
1,-4,-16,-3,2,-8,-19,-4,-16,-11,-8,-3
-18,-22,-17,-18,-2,-7,-22,5,-17,5,-7,-13
-13,-18,-9,-5,-22,1,-21,-3,-7,4,-8,10
-18,-9,-16,15,-10,-18,-23,11,-14,13,-7,-6
-18,-17,-6,-17,-1,1,-13,-16,-13,-5,-3,-8
-1,8,-7,-4,-17,-1,-3,7,-10,9,2,-5
-19,9,-16,10,-20,-10,-8,-13,-11,13,-19,6
-10,-10,-15,-14,-2,10,-23,0,-14,-5,-1,22
-17,23,-2,-13,-10,16,-23,-13,-15,14,-3,3
-16,22,-23,1,-22,3,-2,-9,-21,17,-18,-2
-5,11,-23,-10,-1,5,-13,-7,-13,8,-20,-2
-7,22,-20,-3,-11,2,-5,-12,1,5,-16,14
-6,19,-6,14,-16,-3,-8,19,-22,22,-4,21
-4,15,-2,18,-19,20,-5,-8,2,7,0,26
-1,-8,-6,20,-19,-6,-19,23,-16,29,-3,7
-2,0,-6,-7,-23,13,-11,-8,-2,15,1,27
-6,26,-22,30,0,-5,-19,24,-2,-4,-20,27
-6,28,-7,16,-17,29,-17,26,-2,2,-22,30
-3,21,-1,8,0,1,-19,24,-10,15,-2,0
-3,13,-8,19,-15,29,-12,34,-22,24,-21,11
0,2,-15,24,-7,2,-8,21,0,32,1,6
-3,26,0,33,-1,36,-3,24,-5,2,-17,29
-5,30,-7,-1,-2,37,-4,8,1,9,-6,17
0,0,-2,20,-9,24,-23,5,-5,5,-18,3
2,-11,-2,0,1,0,-1,-18,-22,-5,1,-3
2,-11,-14,-34,-7,-9,-3,-4,2,-9,-1,-24
1,-6,1,-3,-20,-33,3,-1,3,-20,-1,-24
1,-6,-16,3,-1,-13,-12,-3,-19,3,-14,-21
2,-9,1,4,-8,-25,-19,-31,-2,-7,3,-2
0,0,-4,-14,-11,-29,-1,-15,-3,-31,-7,-30
-1,5,-1,-18,-20,-3,3,-2,-1,-18,0,-21
-1,5,-2,-14,-2,-15,-2,-12,-10,-21,-5,3
0,-1,-13,8,-8,-24,-7,-12,-16,-22,1,-29
-1,3,-9,-16,-13,-4,-4,0,-10,-4,-15,-8
-2,-8,1,-5,-6,-10,-4,-21,-12,-6,-3,-13
-4,-19,-9,-10,-3,-11,-17,1,-8,-11,-18,2
-10,3,-2,-21,-14,12,-1,4,-7,-7,1,-18
-9,-4,-21,2,-8,7,-19,1,-6,-4,-8,-23
-10,-14,-8,-1,-12,-6,-15,-23,-14,4,-2,11
-22,2,-11,-22,-17,-1,3,-7,-21,-11,-8,7
-7,-21,-12,-20,-5,-12,-20,-17,-7,13,-13,-15
-9,17,-7,9,-15,-7,-3,7,-17,-4,-17,-11
-1,-13,-15,-11,-18,8,-5,10,-1,-14,-15,-9
0,-10,-20,18,-9,5,-2,-11,-6,-9,3,11
0,-3,-4,-17,-20,18,-16,5,-4,-16,-6,-3
-1,-8,1,-2,-13,17,-10,-8,0,-8,-20,18
0,-8,-3,3,-21,13,-20,20,3,11,-13,-5
-1,-1,-7,13,-2,-1,-2,12,3,23,0,16
0,-7,-2,19,-21,24,-7,22,-2,7,-2,-6
-1,2,-18,24,1,21,0,-9,-4,-2,-9,21
-2,19,-1,3,2,24,-19,3,-19,21,0,22
-1,13,3,14,-3,11,-5,-10,3,17,-22,22
-1,3,-16,26,-4,-2,0,10,-5,-5,-7,11
-5,26,-18,-5,0,25,-18,26,-6,14,-4,9
-1,-8,-3,-3,0,29,1,24,-5,0,-15,30
0,9,-13,-5,-14,16,-18,20,-7,26,-22,9
-3,25,1,-5,2,28,-2,8,-6,18,-12,1
-1,-4,-5,30,-4,-1,-6,15,-1,19,-19,5
-2,-4,-1,8,-3,21,-4,20,2,8,-13,18
-2,10,-19,11,-12,24,-7,11,-15,21,-9,3
-13,20,1,12,-1,34,-17,31,-1,-1,-5,5
-3,2,-17,31,-17,29,-18,0,-15,7,-17,-1
-2,10,-12,8,-1,4,-12,37,-15,11,-5,8
4,-18,-20,-9,-1,-31,-13,-38,-3,-12,-4,-1
1,-7,-6,-36,-2,-16,4,-15,0,-25,-15,0
0,-1,1,-25,-18,-32,-12,-5,2,1,3,2
2,-8,0,0,-13,-24,-17,-21,-2,0,3,2
-2,2,-16,-11,-12,-8,-2,-15,-9,-1,1,-28
-1,2,-12,-16,-21,-24,-19,-32,-1,-7,2,-18
0,-10,-10,-32,-19,-21,-10,-18,-11,-23,-10,1
0,-12,-11,-31,-13,-30,-9,-20,-7,-21,-11,0
1,-18,-1,-3,0,-1,-11,-13,-11,-4,-6,-22
0,-11,-21,-17,-15,-23,-12,-11,-11,0,-16,-28
1,-17,4,-27,-20,0,-18,4,-3,-7,-16,6
1,-27,-1,10,-18,-1,-21,-9,-19,-9,-15,-4
-20,2,-3,-14,3,-4,-20,-14,-13,-3,-6,-10
-6,-20,-2,-9,-6,-6,3,-13,-19,-11,-15,-11
1,-21,-14,-7,-4,-18,-14,6,-15,2,-20,3
-1,-2,-8,-22,-5,-7,0,-1,-15,-9,-5,-12
-1,-8,-14,14,-4,7,2,-16,-2,-21,-2,-22
-4,10,-4,-13,-7,4,-6,-14,-18,13,-14,-18
2,-18,0,-20,0,-1,-19,-13,-14,-1,-14,-3
2,-18,-4,14,-15,18,-4,12,-19,-3,-10,4
-1,9,-14,12,3,10,3,6,-18,18,-3,19
-1,8,-3,-17,-21,20,-20,-9,-6,-10,-14,18
-1,-15,-10,11,-15,15,-8,0,-2,16,-9,-15
-1,8,-18,22,-3,6,-18,15,-8,-14,-15,11
2,-11,-21,16,-14,18,-21,-5,-1,5,-9,-14
-1,5,-21,23,0,-6,3,0,-15,22,-13,-10
-1,10,-16,-7,-15,2,-1,-3,-19,25,-11,15
0,-1,-20,-7,-19,15,-19,-3,-20,3,-13,7
-1,14,0,15,-18,22,2,13,2,23,-14,-5
1,-7,1,-9,-8,2,-14,10,-19,20,1,-1
2,-2,1,23,-17,28,0,16,-2,12,-11,30
-2,-5,3,26,1,-2,-3,11,0,30,-3,20
0,19,1,2,4,18,-9,26,-1,32,-7,16
1,12,-13,29,4,18,-7,12,-1,9,-20,28
-3,19,-3,23,-6,17,-6,7,-3,23,-1,-3
0,0,-13,13,-5,23,-8,17,-1,0,-12,6
1,19,-21,-2,-11,7,-10,20,-1,28,-7,14
-16,21,-19,1,3,19,-18,11,3,22,-6,17
-14,2,-10,33,-12,17,4,1,4,5,2,22
0,0,0,-20,-2,-32,-4,-2,5,-35,-7,-37
-2,-1,4,-33,-7,-37,5,-24,-1,-4,-20,-37
-3,2,2,1,-18,1,-4,-35,-14,0,-18,-30
-5,2,-16,0,-16,3,-15,-35,-20,-8,-19,-9
-3,2,-18,4,-13,4,-1,2,-10,-2,-14,-10
4,-10,-19,0,-13,-23,0,-1,-18,-8,-1,-31
-5,6,-16,-29,-19,2,-18,-9,-9,-13,-12,-2
0,3,-7,-13,-15,-17,-1,7,-2,-3,-13,-19
2,-17,-20,-13,-6,-7,-19,-15,0,4,-13,-14
2,-19,-8,3,-2,7,-17,8,-14,0,1,-29
1,-16,-12,-21,5,-6,1,-7,-2,-28,-5,-6
-10,-3,-18,-2,5,-8,-10,-5,-1,-10,-11,-11
-13,-8,-5,-10,-2,0,-10,-16,-20,-17,-19,-16
-20,8,-3,-15,-2,-13,-20,-1,-19,-17,-10,10
0,-16,-12,-13,-6,5,-16,-7,-10,-14,1,-20
-7,-22,-10,-5,-5,-7,3,-8,-15,-11,-10,-8
-1,-13,-7,5,-13,-13,-4,0,2,10,-9,9
-2,-21,-15,-13,-6,-7,-12,-12,-9,15,-1,1
-1,1,-1,-11,-16,-12,-20,-20,-7,-1,-4,-2
0,11,1,10,-3,-14,-1,-5,0,16,-11,10
1,8,-17,11,-11,14,1,-12,-6,-16,-17,-15
-11,14,-14,3,-13,4,-2,5,-12,-13,-20,-6
4,-15,-2,8,-2,-11,-12,3,-12,-13,3,-11
-6,-10,-5,-15,-4,2,-6,-14,-15,13,-15,1
-7,-7,-12,6,1,17,-9,-8,-9,7,-19,-14
-3,19,5,4,-2,22,-6,5,-11,2,-14,-5
1,-6,-11,15,-20,-8,1,16,-12,7,-5,-6
-1,-5,-18,9,-6,27,-11,16,4,2,4,0
-1,-6,-13,28,-12,-5,-8,-6,5,-9,-2,16
0,-2,2,10,0,0,-16,19,-12,-1,-16,18
-1,6,-17,-6,-5,23,-20,11,2,13,-3,21
-4,1,-11,-7,-18,5,-2,24,-8,-5,2,9
-4,4,1,31,-7,8,-6,8,-8,21,2,7
-3,18,-12,26,-18,22,-3,17,-14,-4,-20,7
-1,24,-19,22,-4,-1,-1,33,1,14,-15,5
0,-1,-4,31,4,35,-11,-1,-15,-3,-13,26
-11,31,-12,6,-14,7,5,3,-4,14,-6,34
-8,24,4,2,-17,5,-17,1,-5,35,-10,9
-20,38,-8,30,-14,25,-1,26,-19,25,-3,3
-1,-1,-16,0,-1,-38,-13,-1,-18,-3,-11,-9
2,-3,1,-17,-14,-17,3,-24,-19,-11,-12,-7
-2,1,-10,-7,-1,2,-14,0,4,-30,5,-9
6,-18,6,-15,-15,-17,-14,0,-5,-2,4,-18
1,2,3,-16,-12,-22,-7,-4,0,-24,1,-3
-1,5,-4,-28,6,-26,-13,-9,-18,-30,-16,-12
-3,6,-1,-1,0,3,-1,2,-8,-10,-14,-1
0,1,-2,-17,-15,1,-2,5,-10,-1,-16,-30
2,-19,1,-11,4,6,6,6,-13,-20,-18,7
-1,3,-16,1,6,9,-19,-28,-16,8,1,8
4,-24,-12,1,-2,3,-4,-23,0,-3,-19,7
-3,-21,-10,-22,-10,9,-5,-24,-10,-11,-18,-7
5,-18,-2,6,4,-13,-13,-6,-10,-12,6,11
-15,-6,-2,-10,3,3,-5,6,-19,-8,-1,-8
-13,-14,-14,-2,1,-12,-10,13,-12,-24,-12,8
-19,12,-18,-7,-14,8,-15,-17,-15,-7,-3,4
-12,13,-1,16,5,-6,-6,14,-17,12,-2,-6
-10,9,4,-21,-15,-7,-15,-17,-18,6,-5,4
-5,-20,-1,17,-9,17,-16,-13,-15,6,-1,15
-2,10,0,8,-19,6,-13,11,5,2,-5,-13
-9,11,1,8,-11,-9,-6,12,-4,-4,4,0
-2,-16,-16,-16,0,14,-8,0,-11,10,-3,17
-16,19,-2,1,-15,-3,0,6,-12,-11,-14,-1
-17,22,5,1,4,14,-18,11,-18,16,-3,-10
-13,-12,-14,6,-15,5,-18,23,5,-7,-8,20
-18,-8,-17,-5,-1,17,-12,10,-2,1,-15,-9
5,-9,-17,10,-8,18,-17,20,5,-11,-11,26
-9,22,1,-7,-7,-11,-18,23,-12,-4,-13,18
-11,22,-6,1,-2,27,-19,12,-9,27,-19,11
6,7,-8,6,3,3,-9,15,-2,21,4,-6
2,-3,-16,9,-12,16,-18,23,1,-6,-4,25
-3,2,-3,3,-1,-4,6,2,0,21,-9,-4
-9,28,-16,28,-12,21,-11,15,-3,24,-6,9
-5,2,-17,11,-2,-5,-10,-5,2,-3,-10,26
-2,18,-19,31,-12,24,-2,1,-5,15,-5,9
-9,34,5,2,2,18,6,11,-14,16,-7,26
-9,24,2,11,-12,2,-6,3,-8,7,1,25
-4,6,-12,32,4,0,3,9,-11,33,-14,29
-1,4,1,3,-10,33,-13,9,-4,3,-14,25
0,-3,4,-11,-3,-23,-11,-38,-2,-36,-12,-22
-4,1,5,-7,-15,-3,-16,-11,4,-10,0,-17
1,1,-5,-34,-16,-26,6,-34,-15,-8,5,-34
1,0,-9,-26,7,0,-4,-33,-16,-31,7,-27
-2,3,2,-9,7,-26,-13,-7,-11,0,-15,4
5,-7,-7,-16,2,-1,6,-1,-10,3,-16,-2
3,-12,-14,-18,-7,-24,-14,-19,4,-20,-10,-26
4,-27,-9,-1,2,-29,-17,-3,-17,-10,0,-29
4,-25,1,-27,-8,-8,3,-20,-16,-18,-11,-10
0,5,-9,4,-14,8,-11,-27,5,-25,-17,-14
-3,7,-6,-22,-6,-15,-15,8,-14,-18,-3,6
3,-25,-15,1,-18,0,2,11,-10,5,0,-27
-5,5,-7,-13,-5,-9,-6,1,1,-10,0,-12
-16,-10,-4,-10,-6,-4,-16,-22,-12,-13,-7,-25
-12,-11,-13,5,1,-13,-1,-13,-9,1,-2,-18
1,-12,1,-13,-9,-2,-1,-21,-10,-11,1,7
-8,8,-11,-1,3,-10,-9,6,0,-3,-2,7
-11,12,6,-12,-2,14,-11,-12,4,10,1,2
-7,7,-2,3,2,2,-4,-16,-2,-5,-6,3
1,1,-12,-8,-6,-15,-15,-8,6,0,-14,-11
-2,14,-15,6,-8,-6,2,13,5,0,-13,-13
-10,21,-6,10,5,5,-7,13,-14,-11,-7,3
-18,11,-17,20,-14,-5,-17,-10,-5,10,-9,22
-3,7,-15,-4,-7,9,5,12,-5,17,-9,-5
-11,24,-9,21,-5,1,-5,4,6,12,-18,11
-8,18,0,22,-9,-13,-12,-9,-18,12,-7,-12
5,-4,7,-7,3,18,-13,2,7,-12,-17,9
0,-8,-14,18,-14,-2,5,27,-10,19,-7,16
1,16,1,28,4,15,-14,8,-1,-9,-4,10
1,14,-14,21,5,-4,-10,25,0,13,6,4
-7,30,-10,21,-9,27,-6,6,1,-3,6,12
-4,-6,-14,2,7,6,6,14,1,4,7,28
5,6,-18,19,7,15,-9,13,-15,29,7,11
-18,31,4,17,0,-3,-11,12,-2,33,-5,4
2,0,-4,22,-8,29,-14,-2,-12,29,-3,32
-17,34,0,4,-15,0,-5,30,-9,24,-10,8
1,17,7,4,-11,29,-10,6,-11,11,0,-1
-1,24,6,29,3,5,-7,26,-2,36,-1,8
-1,8,4,10,-6,1,-11,4,-7,29,0,15
3,-5,-4,-9,-6,-22,8,-19,-1,-19,2,-10
3,0,-1,-33,2,0,7,1,-12,-12,3,-4
4,-3,-6,1,5,-5,-12,-14,-9,-5,-10,-28
-1,1,-11,-18,-10,-29,-3,-14,3,-20,-9,-18
2,-1,-3,1,-6,-14,-4,-11,-10,-8,-14,-16
3,-17,-3,0,1,-24,-12,-21,-3,-18,-1,2
7,-10,4,-29,-11,6,-14,-4,0,-32,4,-16
-1,4,0,-22,3,-30,-15,6,3,-6,8,-5
8,-12,-4,-8,-8,-25,-14,-24,1,-1,-5,-5
1,-20,-15,-12,-2,4,-16,-27,8,-5,-10,-6
-10,3,-10,-12,2,1,-14,-10,0,-19,-14,-26
-8,10,-9,-27,6,-3,-9,-24,-5,-24,-8,-2
-13,-1,-2,-13,-17,-15,7,-19,-4,-13,-6,-13
-5,-16,-9,-3,5,7,5,12,-4,-16,-3,-16
-2,0,5,4,5,-8,-13,13,-11,-15,-6,8
-9,-11,-1,-8,1,-10,-15,-21,-13,-23,-5,-9
8,-19,8,0,-9,0,-11,-20,8,-18,-7,0
-13,-16,-5,0,-3,-1,-16,2,-9,-10,3,8
-14,-1,0,10,-6,-15,-16,-19,-13,-2,-13,0
-3,5,-8,-12,-5,-7,-1,10,-9,5,-14,17
-11,17,-15,-15,-7,20,-6,-2,-1,-10,-9,-2
0,1,-16,8,-12,-5,0,-9,0,-15,-4,-14
-11,11,-4,18,-14,19,-13,-8,-6,-2,2,-4
-16,0,6,11,-3,11,-1,-10,-17,-10,-2,2
-12,18,-7,-5,-15,-1,-5,10,0,-11,-8,23
-9,20,-2,19,-12,8,-11,-10,-5,-8,3,-11
-9,22,-12,-8,-4,23,-6,17,0,-5,-3,14
1,11,5,3,-3,10,-11,25,-4,-9,7,12
-6,18,-3,-4,0,24,-9,14,-15,3,6,10
-2,-7,-7,18,-3,4,4,-9,-6,21,-17,19
-6,18,-14,27,-12,30,3,21,-5,-7,5,11
-1,0,7,25,-12,8,-16,14,-11,24,-12,30
5,12,-6,0,-13,17,5,3,8,5,4,15
6,5,-14,31,2,0,-3,4,-13,24,2,19
-5,-3,-9,14,-17,18,3,26,-2,19,4,32
-12,33,4,30,8,-1,4,16,-14,0,-15,16
-17,24,-7,8,-11,5,-11,6,-14,22,-6,14
-11,27,-6,15,5,14,-15,18,-12,30,-2,12
-2,11,0,5,-10,34,2,15,-13,4,-10,36
9,-19,5,-31,-7,-28,-8,-34,-1,-10,6,-24
-1,-1,-9,-15,-5,-10,-6,-4,7,-34,5,-31
3,-2,-12,-3,8,-24,4,-20,-14,0,-15,-14
5,-19,-1,-1,3,-17,8,-2,1,-9,7,-7
2,-33,-4,-30,-1,-28,-13,-21,-4,-30,-12,-33
5,-29,4,-17,9,-5,-12,0,8,1,3,-13
7,-25,0,-30,7,1,2,-15,-12,6,-8,-5
6,-3,5,-23,-2,-4,2,-23,-6,-13,-2,-21
-6,-23,4,-18,-2,-2,-6,-10,-1,2,2,-9
2,-19,-3,4,1,-15,-5,-25,-1,-18,1,-23
-14,-8,3,-11,-2,5,-14,-8,-15,2,-16,-24
9,-18,-4,9,-4,-8,-8,-26,-1,-10,4,-22
9,-15,-15,-21,-8,-26,-4,-24,6,3,-4,-14
-10,-24,-8,-13,8,-16,-8,-2,-13,0,-2,-10
-12,-2,1,-8,-13,-11,-7,-18,-7,-21,-15,-6
9,-19,-10,-4,8,-23,9,-20,9,-16,-11,10
-7,-3,-4,-3,-8,-1,6,3,3,-7,-5,-10
-6,-1,1,17,-11,-20,7,0,7,-14,-2,8
-16,-5,3,9,9,-2,-1,12,-13,-7,-5,-10
-3,15,2,4,-11,-1,6,-11,-12,1,7,4
-5,6,7,-12,-5,15,-7,2,-7,-11,0,15
-14,11,5,7,-12,3,-8,-5,-3,0,0,7
-4,6,-7,18,-10,2,5,17,9,10,-8,-14
-14,23,-8,13,6,7,0,18,5,12,-3,-2
3,-6,-3,-4,1,11,-4,15,-16,5,7,15
6,6,9,-5,6,13,-3,-5,-11,8,-8,-3
-1,-6,-3,-12,-5,-12,-12,8,2,1,-8,-4
2,-4,-14,10,0,-7,0,24,-5,20,4,9
-9,19,5,13,-3,-6,-4,2,1,5,2,21
-8,27,1,-9,7,6,-6,18,-2,11,-11,9
1,-4,-4,18,-15,-6,-13,16,2,0,-9,11
2,8,0,30,1,2,-7,9,0,7,-3,17
3,1,-15,25,6,24,-9,15,8,-3,1,27
3,17,5,21,-11,32,-11,21,-12,-4,2,18
2,22,6,12,5,6,-11,26,-4,3,-13,10
-4,-1,-10,12,9,26,6,23,1,35,5,29
3,25,-11,-1,-7,20,3,1,-16,29,-10,-2
-16,30,5,35,-6,31,7,15,1,10,-15,37
-16,34,-8,17,-8,3,-2,12,5,17,-4,17
5,-6,8,-6,6,-25,-15,-9,-14,-16,7,-36
-1,0,3,-15,-7,-6,0,-27,3,-22,-7,-22
7,-22,-1,-23,-1,-5,4,-2,-7,-16,-4,0
4,-35,4,-14,-4,0,8,-2,9,-27,6,-10
4,-29,4,-9,7,-31,7,-2,10,-5,10,-31
3,-28,-11,-12,5,-16,6,-22,4,-2,1,-20
-5,-9,1,-1,-6,-14,1,-2,2,-10,-1,-11
-8,-25,-7,-16,-5,-28,-5,-26,-12,1,-7,-3
-6,-12,1,-5,-7,-1,-14,-13,-1,1,-3,-4
-14,-11,-4,-5,1,2,-1,4,5,0,-5,-20
-10,-14,-7,-23,-3,8,0,-9,-12,-23,-1,0
-3,5,4,4,-5,-13,8,-15,5,-15,-2,-16
-2,-1,-3,-24,-9,-2,2,-17,-3,2,9,-8
-9,-25,-4,-18,7,4,2,-18,0,2,-3,7
-12,-15,7,-23,-11,0,0,-8,-10,-18,4,-13
4,-10,0,-9,-5,-18,6,-16,-13,-16,-2,8
0,-6,10,-19,1,-21,-3,-21,-5,12,-2,0
-7,-6,6,9,8,5,-14,-18,2,7,8,-5
-15,-20,-3,-8,5,1,5,-9,4,3,-14,-8
-7,6,0,-11,-8,-2,-2,2,-13,-11,-13,-3
0,8,3,-5,-12,4,-13,4,-9,-13,-11,-8
2,-15,-9,-17,0,5,-11,9,3,-10,-2,20
-4,9,-13,3,6,18,-4,-15,-3,8,-5,-12
-8,19,-10,-15,-13,5,-9,16,-15,-8,-12,-6
9,7,-4,-9,-6,24,1,-3,9,-9,-4,-7
-11,19,10,25,9,12,-15,8,-15,23,0,22
-6,14,2,0,0,-2,-4,16,-14,24,8,7
-15,19,-10,-2,-9,-6,7,11,10,-5,-3,-9
4,5,-9,6,-1,9,2,22,-3,10,-3,23
-1,0,-1,13,4,6,-5,22,-15,-7,-6,-8
-4,29,-1,30,-5,-4,-12,15,0,17,-4,16
-11,29,2,20,-13,14,-6,16,-4,19,-11,24
-4,25,-15,15,-4,5,-14,19,0,-2,-13,18
-15,23,-11,29,-14,0,-2,-3,-9,32,1,7
0,17,-2,27,5,27,-9,34,3,31,-6,8
3,24,-2,25,-8,16,0,-2,5,25,-12,3
0,2,-13,7,6,7,-15,24,-10,33,6,28
2,27,10,22,3,19,-15,6,2,28,1,7
-3,0,-14,9,-5,8,5,20,-1,9,7,22
7,-15,2,-12,3,-26,-3,-29,11,-25,-2,-14
8,-31,-9,-20,11,-23,-3,-27,-5,-5,-8,-22
5,-35,9,-26,-11,-5,-8,-24,3,-24,-10,-3
-2,3,-8,-3,6,-8,-9,-15,0,-29,11,1
9,-23,4,2,5,-32,7,-31,-8,-27,7,-23
8,-11,-9,-31,-10,-8,-1,-1,-1,-8,-13,-26
11,-24,-11,-14,2,1,-2,-25,-14,-29,-11,-20
-4,-26,9,-18,-7,-30,0,-12,2,-11,-8,-30
-7,-5,7,2,-5,-11,6,-6,-14,0,3,-16
-5,-4,-14,-15,-13,-18,-13,-11,-5,-29,-8,3
-13,-5,5,-8,-12,-28,-10,-7,-3,-4,-2,-8
-11,-12,-14,-17,-1,-11,1,-27,-10,-15,3,-6
-7,-9,5,-8,5,1,11,1,2,-8,3,-16
-2,-6,0,-7,5,-15,0,-14,-12,-22,-7,-1
10,-15,-7,-5,-4,12,-9,-17,-5,-22,2,-2
-11,-12,-11,-2,-4,11,3,-17,-8,-12,-3,-2
-2,-10,-10,3,-2,13,-2,4,-13,16,-11,-17
-1,-3,4,-12,-3,11,-14,-9,9,-7,8,7
1,-5,-7,-14,-12,-15,-2,-2,2,-7,-11,4
0,0,-5,0,-5,5,10,-8,-9,-8,-9,7
-6,-12,-4,-4,0,19,0,6,0,-15,1,1
1,13,6,12,-4,-17,2,-1,-4,-6,-14,6
6,-7,-4,9,-7,-13,3,12,-11,-16,-12,4
6,-12,-13,0,-11,-6,-7,-9,-5,-14,-8,10
-8,22,-2,-9,3,16,-4,12,8,9,8,-11
6,16,-2,18,2,-13,8,16,0,25,-6,11
2,8,4,18,0,-1,-6,14,3,13,-9,-8
-9,-7,1,7,0,4,-8,3,-7,-1,-14,13
-4,26,-9,3,9,9,5,1,-8,5,-4,11
4,4,3,15,9,2,-13,0,-3,29,-14,-3
-9,10,0,6,-12,-7,2,17,10,8,-4,-2
-9,21,3,15,9,7,-14,1,-1,-3,2,-7
0,0,0,6,11,14,9,7,-4,0,2,25
-13,27,0,24,-8,-3,-10,19,-1,10,-4,31
-12,28,-5,19,10,10,-12,13,3,17,-8,31
-7,29,-2,15,-10,3,-12,27,4,13,-7,34
10,3,-5,13,-5,6,1,25,0,19,5,3
-10,34,-14,7,9,22,3,34,0,21,-1,34
0,2,11,14,3,4,7,16,8,24,-10,18
7,-23,-1,-10,12,-28,-4,-33,10,-14,5,-30
11,-37,3,-2,-10,-16,1,-22,0,-37,2,-32
1,-11,-5,-11,-11,-17,-3,-13,7,-30,5,-3
5,-19,-3,-24,-7,-27,-3,-10,-4,2,-11,-13
-3,-2,-1,-33,-7,-21,6,-16,-10,-12,-13,-16
0,-9,11,-10,-3,-9,-5,-27,-6,-18,2,-18
-7,-6,-6,-28,5,-15,-1,-11,-6,-18,-3,0
-1,-23,5,-17,-8,-25,7,-19,8,-21,9,-13
2,1,-5,6,4,-23,1,-3,9,-22,0,0
11,-18,1,-27,-7,1,0,-17,-3,-13,-8,-16
-11,-17,11,-8,-7,8,-11,-16,-4,-2,-10,-13
12,-17,5,-7,-12,-24,7,-23,-4,-18,-12,-3
-4,-6,-13,-2,0,7,2,-11,-9,-2,5,-13
0,-9,-4,-1,-7,-5,-8,12,-12,-14,10,-11
-12,-7,0,-12,7,6,6,-18,-13,-6,0,-1
4,-12,10,-1,-13,-8,0,-8,-10,-6,2,-12
0,-8,1,-2,-10,-22,6,-1,1,-21,-2,-8
-3,-8,-6,-20,-3,-20,-7,-20,-13,11,-1,-13
1,-2,12,14,5,-10,-10,-20,-12,0,-9,-8
-2,-3,7,-9,-2,-7,0,-5,2,12,7,-16
2,-6,3,-5,-13,-10,-11,-9,-9,-4,0,-6
-9,-4,-3,18,0,-9,0,9,-1,-4,4,-6
0,-7,-10,7,7,13,-2,16,-12,7,5,14
5,10,-2,19,-1,9,8,19,-3,15,-11,10
3,19,9,-7,2,-3,-6,11,3,12,3,18
3,8,-5,20,-2,-3,4,3,-10,6,10,0
-8,21,-8,22,11,5,12,19,12,20,-9,7
4,8,-13,-6,1,-6,12,6,4,23,-4,2
-8,11,-8,21,-2,11,-4,4,3,23,12,-8
1,-1,0,16,1,3,1,20,-1,20,-3,11
4,2,-12,-1,-12,-7,-11,5,-9,1,11,-6
-1,19,-9,0,-1,-5,-10,12,-12,-5,-4,-4
11,0,-9,21,-13,8,-5,11,6,28,-10,19
12,-5,-4,6,-8,11,-11,19,-2,10,-7,23
3,7,-7,1,-4,10,11,10,0,10,-2,0
-1,33,-1,5,7,7,2,14,-6,15,4,29
3,22,-6,16,-12,10,-9,14,1,-2,7,21
-2,29,-11,5,-1,24,9,4,-8,28,-9,27
-10,21,-12,20,-12,7,-9,30,-5,14,2,28
5,-11,5,-32,-9,-18,6,-6,10,-16,9,-30
6,-35,6,-11,10,-26,-4,-15,-11,-36,-1,-18
10,-16,9,-2,-10,-3,4,-32,3,-30,-9,-1
-9,-1,6,-27,-12,-32,-10,-8,4,-1,11,-10
-6,-3,12,4,8,-9,2,-29,-6,-12,-12,-33
-9,0,-8,-33,2,-11,-1,-2,-4,0,2,-33
4,-9,-9,-20,-9,-16,6,-19,-5,-4,-10,-22
-12,-15,-5,0,10,-14,0,-23,-2,-12,-2,-6
1,-3,-3,-22,-5,-14,-12,-13,-12,-18,-9,-30
-7,-4,1,-5,4,-18,10,2,-1,6,2,9
-5,-28,1,-13,0,-1,-3,-27,-3,-8,12,-20
2,-16,-3,-5,11,-9,0,7,-11,10,-6,-14
3,-9,-2,-13,-7,6,8,2,2,-15,-3,-5
-1,-8,-3,11,13,-19,0,-10,-10,-16,3,-16
2,-11,-3,-14,0,-4,11,-14,-12,-13,9,-10
-12,-11,4,-17,13,-14,-4,-18,7,-10,-9,3
3,-9,1,-2,-6,-10,9,-5,-6,-1,2,-11
4,-7,-6,3,-4,9,8,-11,3,16,13,-11
0,-4,13,-1,-3,-11,-2,-8,0,-9,-7,-14
0,-1,-12,-17,12,-17,-2,-5,7,-1,-5,-5
0,-3,12,-7,1,-5,-7,-13,-6,2,-10,-17
-7,2,3,12,-3,6,8,16,3,-1,0,-8
-2,0,-10,-2,4,16,7,14,4,6,-12,-3
-10,-14,-10,-5,1,6,-11,-15,-10,7,0,-2
-12,-13,6,-3,0,-11,-9,-4,-8,11,-3,6
0,-6,11,5,2,3,-5,-10,-4,9,11,-9
13,2,-9,15,-7,7,3,25,-6,13,7,-2
10,14,3,11,6,11,-12,17,-6,21,5,1
3,13,5,-7,12,8,12,-1,-1,-8,-10,16
-1,-1,-5,14,-3,7,-1,-7,-12,19,2,15
2,27,12,0,-1,30,4,15,-9,4,8,6
-4,30,-3,11,2,11,-4,6,12,11,12,12
-1,1,-1,-2,-5,24,-3,27,-9,14,-5,25
2,18,-7,30,9,11,-5,6,3,10,0,26
-2,4,0,16,-2,21,11,20,6,5,12,22
8,2,10,21,3,27,-7,7,1,8,1,24
-12,5,11,14,8,6,-3,6,1,28,0,1
-9,1,11,20,-1,21,12,7,6,32,6,4
-11,26,0,38,-9,15,-1,37,8,36,1,17
8,-14,-11,-7,-4,-9,-11,-4,14,-18,-1,-24
4,-29,-2,-36,3,-20,8,-27,-1,-29,-8,-29
10,-9,-8,-30,4,-31,-6,-17,-3,-27,-4,-36
2,-30,10,-24,2,-3,1,-12,13,-33,1,-24
-1,4,11,4,-6,-23,1,-31,4,-25,-7,-9
-2,-1,14,0,-8,-8,2,-23,-8,-15,-11,-24
-5,-7,-10,-10,10,0,-10,-25,-6,-2,-1,-13
-8,6,10,-30,-10,-1,12,3,-2,-19,-2,-31
4,-10,-7,-24,-7,-26,5,-18,-11,-30,11,-4
7,-23,12,-2,10,-29,-3,-2,4,-27,-9,-29
7,-8,0,3,8,-20,-8,-6,-6,-8,-3,-23
7,1,3,-24,1,-12,10,-14,-1,-20,0,-22
-4,-6,4,-7,14,5,-4,1,-9,7,1,-11
1,-8,-3,12,-3,-9,-3,8,5,4,-4,-10
-2,-11,-6,-5,1,-7,-10,-10,8,-5,14,-2
-3,-6,-2,-11,5,-4,14,-5,-11,0,-8,-10
5,-7,-1,-1,-5,-12,8,-18,-10,-7,-5,-1
3,-7,-4,4,1,7,10,-6,11,-7,14,17
-1,-5,-8,-16,0,17,-11,10,6,-1,-4,-14
0,-7,-1,4,-3,-13,6,-1,-9,1,-9,-14
4,-4,-5,-5,7,10,-9,-2,-7,-16,-1,-17
2,2,5,13,-6,-14,3,20,-5,-17,-10,17
3,1,5,-5,-10,-12,5,-8,-5,8,-3,15
-9,2,-3,9,13,-8,2,19,13,-6,0,15
-3,6,7,-4,8,14,-2,-7,2,-6,3,3
-7,-7,-9,2,14,3,3,12,-3,-7,-9,-6
1,16,6,-5,-11,0,-9,-6,-10,4,1,26
-3,10,10,7,-6,16,0,25,10,20,1,8
-10,-4,3,21,1,-2,-6,19,-4,6,-10,20
9,3,9,27,-9,8,3,11,-10,-3,2,-9
-1,-4,11,21,0,-7,-7,26,2,-1,11,13
-1,2,11,-5,-9,24,-7,18,7,16,-10,16
12,11,-4,22,-5,17,-1,7,9,3,2,22
-1,1,-5,3,-3,21,-10,27,0,18,-10,12
-5,15,-11,3,-6,21,-7,11,4,-4,-5,1
-9,6,-5,-1,0,-1,5,29,-6,21,-1,15
4,23,11,32,-7,15,-1,-2,-7,19,-6,5
-11,4,2,18,-8,0,-4,11,-7,14,4,26
-7,18,-9,33,-7,22,12,25,14,22,13,4
7,-31,11,-17,15,-13,12,-5,13,-36,-6,-24
-3,0,-3,-3,10,-19,10,-16,0,-4,9,-30
-5,-1,11,-27,12,-28,-8,-25,12,-21,4,1
5,-32,12,0,14,-20,-5,-27,4,-31,12,-26
-3,-8,4,-17,-3,-11,6,-13,7,-24,-6,-19
-9,-12,0,3,10,-22,3,2,9,-3,8,-26
-10,-12,1,-20,-4,-16,8,-28,-2,-7,1,-29
2,-8,-7,-28,7,-3,0,-2,11,-22,15,0
4,-26,-6,6,10,-26,5,8,15,0,10,-15
3,-27,15,-18,-8,-21,12,-1,-5,-3,-10,9
-2,-1,6,-19,-9,-3,9,-26,8,-8,5,-28
3,-27,0,6,-6,-22,3,-26,-5,0,11,0
-4,-12,9,-13,14,-20,2,2,1,-6,0,-13
1,-7,8,8,5,-23,7,-6,-5,-18,2,9
2,-11,-1,8,5,14,-2,-8,7,-8,2,4
-2,-9,5,-11,-6,-16,-1,13,-1,-6,-1,1
-6,2,4,-1,-8,-13,-3,-7,-1,14,7,-7
4,-9,7,-10,-1,-19,-10,-18,-9,-16,3,12
1,-5,3,-13,-7,-8,13,0,-10,-5,-1,8
0,-7,9,-7,2,-9,0,-1,6,13,14,-9
5,0,4,16,14,5,1,0,6,-7,6,3
-2,-12,-5,19,-7,1,11,10,3,4,2,13
-3,-4,1,19,-10,7,8,9,10,21,2,6
-7,9,0,9,8,14,6,3,-8,-13,12,5
0,-3,-10,18,14,-6,0,20,-10,7,14,-14
-1,23,-7,-6,11,14,10,-7,-8,-7,-1,10
3,18,-6,14,-9,-4,-4,16,-9,-12,-7,-8
-7,3,-2,8,-10,23,-5,6,-1,8,4,20
-8,11,-3,5,15,7,8,4,5,10,13,-10
-5,6,-8,3,7,4,2,27,-5,5,-3,24
-5,-5,-4,17,1,17,1,12,-4,9,8,11
-2,-5,10,23,-6,8,-9,17,-9,17,-10,3
0,-5,6,18,2,12,-5,25,10,27,2,12
1,5,-4,7,-3,17,-1,12,1,20,-4,7
-10,17,-1,2,0,16,-1,9,4,4,0,19
-6,14,9,-3,-10,-3,-9,1,-10,34,11,4
5,31,12,21,-1,1,-1,20,8,15,-1,12
4,25,14,21,-10,30,4,12,-3,30,9,18
4,30,-10,1,9,23,10,34,9,36,2,35
4,-1,-5,-6,-7,-14,11,-31,-9,-37,11,-29
-3,0,12,-15,16,-10,-3,-19,15,-7,7,-27
-6,0,-4,-25,-7,-1,7,-30,11,-28,11,2
-4,2,-1,-25,-4,-9,16,-23,9,-34,13,-5
-8,-27,-1,-13,14,-26,-1,4,3,-12,4,-9
13,-9,6,-22,11,-28,9,-3,1,3,16,-4
8,-15,-1,-6,14,-29,4,-26,-1,3,3,-22
8,-31,9,-27,11,-12,16,-3,-2,-14,12,-11
-7,6,-4,0,5,-27,0,-20,6,-1,6,-23
-1,-1,-5,-1,8,-8,-4,-11,8,-23,-8,-25
8,-19,16,-13,13,-19,-6,-12,13,-23,11,4
-5,6,10,-19,3,-22,-4,-12,4,-5,-8,-13
-5,-10,-4,-12,3,7,7,-26,11,-9,11,-20
5,-10,7,-13,-7,-10,4,-16,-6,-10,-4,-5
0,-9,11,-16,-6,-7,10,-1,-1,-22,-5,0
-1,-1,-6,-1,11,14,4,4,6,-10,-4,-9
15,-6,0,3,-3,-7,-1,15,-5,1,1,-6
-7,-5,-9,-10,6,14,9,-20,-4,-5,2,8
3,-6,1,-4,-5,-8,-2,-6,1,-7,-9,7
4,-7,8,-1,13,2,3,-6,8,13,11,11
0,-6,-9,5,-9,-17,8,9,-4,5,-9,1
-3,-9,3,-2,-1,8,-4,-11,8,7,8,5
3,15,-9,4,6,11,-8,-11,-2,9,13,8
-5,-4,1,-14,11,-9,1,-8,4,-3,6,11
-4,-6,0,6,-2,12,-2,15,5,-9,0,21
-8,3,9,5,10,13,5,10,-1,8,9,-1
-7,6,-3,-6,6,-4,8,14,9,2,13,-5
-3,1,5,-3,-3,18,-6,3,5,21,2,15
-7,-8,1,18,-8,5,15,8,1,21,-3,-3
-9,5,3,4,-5,-7,11,28,0,19,-7,18
-9,3,1,24,-2,7,5,26,5,28,-1,14
2,-3,10,17,-1,8,9,2,4,27,0,26
-1,-6,1,-3,9,-5,7,9,1,-2,11,-2
-4,1,5,32,-4,12,6,23,14,-5,0,0
-9,5,1,25,0,0,14,14,4,25,7,13
-9,7,3,13,6,15,9,17,-9,17,0,15
5,26,3,27,4,3,16,19,10,2,-7,1
0,5,3,13,2,18,14,25,-4,1,-7,31
-6,17,0,26,4,22,10,27,2,12,15,22
9,-33,12,-37,3,-12,4,0,2,-37,12,-13
-5,-5,17,-2,13,-19,9,-16,-4,-24,16,-22
8,-35,-2,-5,11,-22,3,-10,-3,-4,11,0
-7,-2,11,-33,7,-35,16,-7,10,-3,7,-12
8,-29,9,-8,1,-21,11,-2,1,-29,8,-27
0,-2,15,-30,14,-29,5,5,-4,-22,-2,3
-2,1,13,-15,7,-31,4,1,-4,5,13,-14
10,-10,17,-22,8,-17,17,-25,11,7,10,-6
1,-3,7,-6,-3,-1,3,-18,4,8,1,-13
13,2,8,-2,-4,-13,11,-4,4,5,13,4
0,2,-2,-5,11,2,14,-4,-4,3,11,-2
-7,4,-6,-3,-8,-20,16,-26,-5,-1,5,-1
7,1,15,-2,13,-1,5,-9,1,-8,-6,-13
6,-9,1,-4,-4,-24,-5,-21,6,-12,7,7
5,-7,6,-13,3,-18,6,-16,11,3,-1,3
-5,-17,3,-9,-3,-16,8,8,16,-9,9,-10
16,-18,-5,-14,-8,-20,0,-20,15,-13,15,2
-5,-11,3,15,5,16,7,14,16,-17,-2,-19
5,-7,12,-14,4,11,1,1,11,-8,10,-10
3,-6,6,-14,6,-9,-4,-12,-1,-18,-8,-5
8,-1,12,-7,-2,8,-8,7,0,19,7,-4
8,-4,16,14,0,-10,3,17,12,15,-4,13
0,-5,0,7,3,-9,-6,17,0,-3,2,-16
-1,4,-5,16,2,13,-6,23,11,-1,9,10
-5,11,-7,21,14,-8,3,1,-1,23,13,20
4,7,6,17,-2,20,12,-11,3,4,0,19
-6,0,-7,7,-7,1,-4,-1,7,-7,-4,-1
-6,-7,-4,20,5,1,0,20,-4,16,5,7
-2,14,-3,18,2,25,-8,17,6,14,-6,18
-2,8,8,12,16,4,3,2,6,-2,0,-8
-2,-5,5,-4,-7,1,9,7,14,-5,0,15
-8,10,11,-6,3,22,14,-7,14,19,15,19
-4,2,-2,4,3,8,9,23,-3,-1,14,21
8,25,-1,-3,-4,22,8,8,8,26,5,31
5,32,7,29,8,8,12,31,-5,12,9,24
-7,10,1,28,8,26,6,23,7,5,3,19
-4,8,-2,7,5,32,4,33,7,10,-4,0
1,23,4,8,-6,1,0,28,12,4,3,10
-1,4,-6,34,17,0,7,22,-1,29,8,16
5,-35,15,-26,16,-38,17,-38,-3,-2,17,-13
3,-9,15,-33,9,0,-1,-15,17,-12,-7,-1
16,-21,-1,-6,1,-4,-4,-5,14,-14,11,-8
3,-8,-5,-4,12,-3,-1,-22,11,-32,17,-1
6,-11,-4,-1,11,-3,17,-7,9,-30,-3,0
-6,3,12,-10,-4,3,-5,2,10,-20,14,-30
2,3,12,-10,13,-4,10,-22,-4,-18,3,-6
-5,4,17,5,0,-18,2,-5,14,-18,12,-22
-1,4,18,1,0,3,6,-17,12,-1,-7,0
-1,3,6,-23,9,-4,-2,-8,1,-13,10,2
16,-19,13,-19,-4,2,10,-3,-2,-10,-3,9
2,2,6,11,14,10,15,7,15,-9,15,-26
4,10,10,2,2,-11,-1,3,11,-2,-7,0
6,-5,9,-6,14,3,3,-14,17,-14,7,-11
6,-9,11,-8,15,-1,4,-19,12,2,7,-12
16,-10,8,-6,8,0,5,-17,13,-13,0,-19
-2,-5,7,5,-5,-16,5,0,5,-8,6,-14
6,8,18,-5,1,-2,16,14,12,-13,7,12
3,-1,17,-7,3,-3,-4,7,3,7,-3,2
2,-5,4,-17,-1,9,-5,-9,3,5,13,-19
0,-5,4,8,9,4,12,13,-3,-10,12,-17
0,-1,8,-15,-2,17,-4,18,-3,2,12,-4
0,-2,-1,2,-6,0,6,8,-5,3,12,17
-5,-1,17,-14,1,-13,6,-8,-4,8,6,6
0,-5,5,-11,-2,-10,6,23,4,-7,11,22
-4,10,-6,17,3,18,5,3,9,-13,-3,23
1,-3,-4,14,1,0,-7,-1,1,6,-3,9
12,1,9,21,10,-3,1,0,2,11,-2,21
-1,11,-5,25,1,10,-2,-8,4,6,0,-1
-5,10,18,3,14,24,-6,11,-2,25,1,27
-3,-6,-2,8,1,2,10,-4,5,7,3,3
16,11,4,23,11,0,4,12,2,-3,-7,-5
-5,2,7,-5,-7,29,11,21,10,17,2,2
3,17,4,4,17,-1,12,11,8,17,17,-4
-6,7,-1,23,8,13,-4,16,0,17,16,7
10,12,0,29,5,4,6,1,15,25,-4,26
-2,7,4,36,-1,25,7,4,3,36,4,6
2,-1,16,19,6,2,2,11,7,16,-7,6
7,31,4,28,-7,13,4,0,4,1,18,12
1,-11,0,-3,19,-2,17,-7,17,-8,2,-12
-2,-9,-6,-8,12,-13,14,-22,16,-20,1,-30
-4,-7,16,-30,9,-33,14,-35,-2,-4,15,-19
9,-1,0,-2,15,-24,-5,3,3,-4,0,-16
2,-8,-2,-24,11,-33,0,-19,14,-16,11,-10
10,-29,2,-32,16,-19,-6,-19,17,-4,14,-14
-1,2,-4,0,1,3,2,-4,-1,4,2,-11
2,-2,17,-29,-1,5,-3,2,15,7,-4,-17
-2,8,-1,-6,15,5,-5,0,13,-24,15,-1
10,-29,4,-24,19,-24,-6,3,-3,-21,18,-15
11,-7,-3,-12,7,-10,12,9,15,0,9,-24
14,-21,19,-25,3,1,18,-5,10,-26,10,-24
-1,12,13,6,10,-2,6,5,-4,-21,2,-7
5,-19,-5,-1,-2,4,18,-19,8,9,13,-7
-4,0,8,8,16,-5,9,7,3,-3,-6,-7
0,-5,6,-23,-5,-9,8,5,9,11,10,-21
6,12,5,-14,-4,6,17,-15,-3,-12,11,-3
-5,1,7,15,11,3,16,-6,4,-21,-2,-16
-6,-7,4,-8,8,15,1,-4,3,-12,5,-11
1,-8,-2,1,-3,-17,17,-14,0,15,19,-8
0,4,1,-15,-4,-14,14,-15,-4,3,13,-14
3,-15,-2,1,0,-17,-3,-8,-1,5,16,18
-3,6,10,-13,16,11,19,18,14,0,2,-4
-6,-12,14,6,0,-12,11,5,-5,4,0,-4
0,2,-6,23,2,10,14,-1,16,-14,-1,7
-6,10,16,8,6,9,15,12,19,-11,18,16
6,21,-5,1,3,-1,12,-6,1,-3,6,-6
4,-1,6,26,4,5,17,6,2,27,-4,-9
1,0,13,-4,13,-3,6,0,5,24,6,11
-4,-6,-3,4,15,-4,18,-5,11,27,8,9
-3,10,-2,5,-6,11,18,11,16,22,8,-1
3,-6,18,14,-3,17,7,24,14,13,3,-3
2,17,-2,6,19,24,16,11,-5,11,0,-2
-3,22,8,14,11,15,10,22,-5,-1,15,5
-6,0,-2,20,12,23,-3,4,5,-4,-6,16
3,6,-3,22,2,33,5,18,7,21,4,9
13,8,1,8,-4,28,3,2,-3,25,1,16
-5,-1,2,13,-1,-1,-6,19,-3,20,17,20
-3,4,18,0,-3,8,7,28,4,12,10,26
-2,-10,10,-32,-1,-3,13,-19,19,-38,-2,-5
11,-11,13,-35,1,-33,-2,-8,17,-33,-3,1
12,-16,4,-8,-4,1,7,-31,-4,-2,8,-34
-4,-5,0,-2,-5,-9,20,-3,-2,-4,4,-16
9,2,-4,4,8,-33,0,0,13,3,11,-33
-4,2,0,-23,-5,-1,11,4,14,-12,9,-10
10,-32,14,-28,-4,1,17,-25,9,5,2,-31
13,-12,15,-24,14,7,-3,0,-5,-17,10,-30
19,-28,18,-1,-4,-4,-3,-5,15,-8,15,-23
10,-20,-4,-15,0,4,0,9,11,-22,20,4
8,-25,20,0,18,9,13,-25,-3,-2,-2,9
-5,2,5,-7,14,-27,13,8,6,-22,15,-10
6,-15,0,-1,9,-25,4,-1,12,-8,19,-10
19,-8,-4,-17,-4,-6,16,6,-3,-15,11,5
18,-2,13,-9,18,-12,6,-11,-5,-16,11,4
9,11,14,5,-4,1,19,-6,-5,-17,18,-11
19,-9,12,-3,7,-16,13,16,3,-12,19,10
11,-3,-3,5,-2,-16,13,-16,-3,11,0,8
3,-7,4,-17,0,4,6,13,2,-18,-1,-11
1,4,-4,-7,19,-16,8,-19,20,-9,6,-2
3,-15,-4,14,-5,10,8,7,0,19,17,-18
2,-12,-2,2,17,-16,-5,20,-1,-14,2,8
10,16,-5,-10,6,-1,13,10,7,3,17,-4
19,-3,2,-3,-1,11,9,-5,20,3,8,1
20,-1,19,-4,7,2,2,4,1,-8,14,-6
-4,-11,13,15,8,-3,-4,3,8,18,14,24
6,23,19,0,-2,25,8,10,20,2,-4,1
-1,-11,5,8,10,14,2,15,18,15,-4,14
5,7,9,26,15,14,19,13,3,-9,8,4
0,3,12,4,5,1,2,28,-4,4,11,16
-3,-1,11,25,19,29,17,19,-1,9,15,2
18,16,-4,-1,16,10,19,-2,-3,8,8,22
1,-2,10,20,4,14,0,19,13,30,1,21
13,7,-5,8,6,23,0,6,10,21,16,18
2,19,18,13,18,17,2,24,19,2,4,23
-1,6,15,11,9,31,-5,7,13,3,15,9
-4,6,2,5,20,1,6,5,13,16,13,27
-3,9,8,34,7,29,8,10,7,11,5,7
11,28,-5,18,-4,23,10,13,-1,22,12,2
0,-11,12,-37,9,-19,0,-15,6,-10,16,-4
0,-8,14,-16,5,-7,19,-37,3,-1,2,-3
6,-11,16,-4,15,0,15,-7,2,-32,20,-8
1,-8,15,-21,21,-3,6,-27,18,-34,6,-1
1,-8,3,-29,20,-1,19,-5,18,-24,19,-27
13,-9,17,-29,6,-20,-2,1,-4,-9,12,4
5,-4,17,-26,13,-9,16,-15,18,-7,0,0
-2,3,20,-16,19,-1,1,-28,19,-6,2,-9
8,-6,-3,-2,12,8,3,-10,16,-26,-3,2
19,-4,13,5,1,-27,-4,-23,4,-29,18,-24
-1,3,6,9,17,-4,6,2,15,-25,15,-14
1,4,16,4,17,-24,18,-25,17,-22,4,-23
-2,7,6,-19,19,5,19,-12,-3,0,16,-5
14,5,21,-12,12,9,1,-21,19,-10,14,-9
7,-15,7,-4,1,-11,10,-24,-3,-17,-1,-8
-4,-5,12,-6,16,-20,11,3,8,13,11,14
6,-4,2,-8,-2,10,1,2,12,-13,0,4
4,-3,7,4,-1,7,4,-3,1,12,-1,11
4,-4,2,1,14,17,1,12,17,-4,-1,7
-1,-3,-4,0,8,19,16,-19,9,-14,17,7
6,3,6,12,-4,-1,2,-12,13,13,21,3
-2,8,20,-10,19,-10,13,20,-1,-8,2,-14
19,5,-4,18,8,21,3,15,5,8,20,8
9,11,14,14,3,-13,13,-15,8,-15,0,1
-1,-13,17,-9,3,-14,12,20,6,1,2,24
7,-11,8,20,16,0,17,19,1,2,8,24
7,-9,19,-5,20,-1,15,12,0,-7,-2,17
14,0,11,25,9,-2,6,-10,4,6,1,17
3,11,-2,8,0,0,0,28,2,-7,6,7
10,24,0,14,13,23,21,1,-2,14,8,-2
20,2,1,7,19,24,14,7,5,30,-2,26
16,4,12,0,16,31,3,28,8,9,13,16
-2,-1,3,18,-4,24,12,4,-2,18,5,24
-4,3,17,22,16,30,19,14,-1,25,21,-5
7,29,8,3,21,0,20,11,5,25,-1,15
-2,23,0,12,6,18,17,23,1,1,8,1
0,1,11,13,5,4,15,-1,12,3,16,11
19,15,6,14,12,22,19,7,6,16,0,2
21,15,1,18,6,26,21,15,19,17,-2,8
8,-9,-3,-10,18,-36,22,0,3,-25,12,-28
16,-21,8,-34,2,-14,16,-32,2,1,-3,-5
-1,-9,5,-30,12,-2,0,-31,13,-30,19,-21
16,-17,-3,3,22,-2,6,-20,22,2,-1,-18
-3,-2,7,-28,5,-20,22,-32,3,-18,15,-28
0,-4,17,-11,7,-3,15,-21,19,4,7,4
1,2,5,0,-1,6,7,6,5,-17,14,6
5,4,-1,5,-2,-25,13,7,19,-24,17,-7
-1,0,22,-12,8,-21,12,-9,22,-15,1,-23
15,-12,20,-10,3,-28,20,-7,21,-7,6,-3
9,-23,-3,5,3,4,6,4,20,6,4,-6
18,3,16,10,14,-16,19,-24,20,-14,11,-23
8,-26,19,-17,2,-16,18,11,20,10,19,-9
22,-23,19,0,12,11,-2,-15,1,-18,12,-23
-3,-18,0,-19,7,-18,20,4,20,-3,7,4
1,-22,12,-19,8,-6,5,13,8,-20,22,-18
8,-8,-2,-22,3,-11,22,-14,1,12,11,-3
2,-8,9,14,21,11,19,-15,18,-21,14,5
14,-6,10,-12,15,-5,15,-10,19,-18,18,8
8,1,1,-14,-1,4,1,3,2,-11,11,15
1,-6,5,-9,12,8,-1,-3,9,-10,9,-13
-3,7,10,4,0,12,14,-5,9,18,19,-13
-2,-2,8,3,2,19,8,-13,13,19,16,19
6,-7,9,-5,12,-3,15,1,20,-7,-2,-6
22,-9,20,-5,10,-7,6,10,4,13,8,-8
9,17,11,12,18,-12,3,20,10,3,20,-4
6,-8,5,1,14,6,21,-9,0,-11,21,-9
6,0,-3,-2,8,25,-3,27,9,20,15,21
2,13,9,1,-2,26,18,-6,-3,-6,-3,-5
-3,-7,6,5,-2,11,0,8,13,18,21,-4
13,11,10,22,20,2,13,11,-1,-7,7,21
14,5,8,25,10,19,19,14,8,25,8,11
-2,-5,-2,5,4,30,6,-3,17,17,5,1
8,0,9,29,16,-1,14,-2,16,4,15,-1
5,0,10,12,13,17,19,19,18,0,0,27
13,26,12,35,11,27,-1,18,-1,8,15,8
0,6,10,24,13,11,4,8,17,22,15,20
13,30,-1,10,13,6,19,29,22,18,3,5
19,23,1,19,21,19,13,7,8,6,5,20
1,-18,1,-28,10,-29,13,-36,-2,-3,13,0
15,-21,19,1,2,-3,19,-29,19,-30,16,1
10,-30,22,-34,19,-13,23,-11,-2,-7,-2,-2
-1,-8,16,-1,15,-2,14,-32,19,-20,3,-13
10,-30,11,-31,19,-14,23,-23,15,1,3,1
14,-11,4,-4,0,-11,0,-5,0,-5,11,-1
14,-29,15,5,12,-25,8,-4,18,-25,1,-10
2,0,23,-7,16,-6,10,-6,17,-31,14,-12
3,0,-1,-20,-2,-20,18,-8,22,-6,19,1
14,-27,11,-24,6,-11,-2,7,5,-7,6,-16
15,-25,0,-15,15,-11,17,7,0,2,11,-8
22,-7,17,8,18,9,4,-27,20,-11,14,-7
4,3,0,3,15,9,20,-7,12,2,0,-8
10,12,8,-21,11,-2,21,11,13,-4,9,13
1,-21,13,-14,15,-5,7,14,3,-15,15,11
-1,-20,9,-5,9,-20,15,1,14,13,6,-23
23,-15,19,9,6,-9,19,1,5,-16,2,-5
-1,3,7,-8,9,13,5,3,12,14,11,-17
6,-1,9,2,5,5,19,-6,19,-9,9,-5
14,-3,21,-7,13,13,8,0,10,-13,16,-10
7,-1,21,-13,-2,2,9,17,20,1,15,-14
-1,3,11,-8,23,-5,-2,6,12,8,0,13
6,-8,11,7,13,8,5,-11,12,11,18,10
17,15,2,1,11,15,-2,-11,9,-7,9,-13
12,18,14,2,14,6,12,21,-2,-1,4,-4
7,-3,-2,13,10,19,13,20,5,10,8,20
8,2,8,26,14,3,15,26,18,-11,7,3
1,2,19,5,5,-6,6,4,23,10,17,10
4,1,3,2,22,-5,20,6,18,1,7,26
7,-2,13,18,4,25,7,2,20,4,0,-5
3,-3,2,-7,11,20,17,4,1,3,17,23
11,26,18,-5,9,16,6,0,20,27,-1,-5
17,11,6,24,1,13,23,14,4,13,13,23
1,-5,-1,16,12,3,13,15,18,26,20,18
4,16,13,5,13,3,8,0,14,24,21,23
8,-3,12,25,4,19,2,2,0,14,11,35
5,22,2,0,18,13,10,17,3,8,20,23
2,6,22,18,20,6,1,24,21,15,-1,28
21,19,2,22,-1,0,2,10,3,1,3,24
12,-28,24,-17,20,-24,15,-29,18,-16,1,-2
0,-12,24,-1,7,-9,6,-1,8,-3,18,1
3,-6,18,-3,3,-15,14,-13,22,-8,21,0
6,-5,15,-7,21,-22,1,-35,14,3,20,-11
0,-5,0,0,2,-1,0,-5,18,3,5,-25
6,-5,8,-29,16,-7,21,-22,16,-6,3,2
10,-10,23,-6,2,6,16,-19,13,-3,1,1
5,-1,7,4,15,-22,21,5,22,-26,24,-12
17,-12,5,4,11,-7,0,-17,12,8,8,4
13,-19,14,-22,16,-2,20,7,24,-20,10,8
11,7,22,0,15,8,7,-8,-1,-6,18,-3
2,11,23,7,21,-3,2,7,21,8,14,3
10,6,0,-24,-1,-21,14,-1,15,-23,13,-25
12,-17,14,-22,1,-18,13,5,1,-25,4,-6
14,5,17,-21,12,5,5,2,12,12,22,-18
12,-12,-1,-7,15,4,22,-14,22,-13,16,7
24,-21,19,13,7,5,6,12,6,13,2,-5
-1,-2,10,0,6,-3,19,-16,21,-1,-1,-13
10,-1,16,0,4,-11,18,-13,11,12,2,8
6,-11,12,-5,1,6,9,2,10,-6,18,10
15,-6,20,-8,9,5,20,11,10,10,24,-17
12,11,4,-11,19,16,19,19,22,2,21,12
3,7,2,-1,3,-16,18,-3,20,16,0,-11
7,-5,18,15,6,-4,0,7,19,-2,-1,7
3,0,14,23,4,-9,11,23,5,16,0,5
6,2,-1,14,-1,16,4,-12,5,15,0,-7
8,-9,24,-2,22,5,22,-1,3,21,23,0
24,-5,23,3,7,6,3,-2,13,3,16,6
2,-5,0,7,8,19,11,7,22,13,4,7
2,-2,5,-2,8,18,23,17,11,28,8,-3
1,-2,0,-7,14,5,24,-8,14,22,9,-3
0,-3,6,1,17,9,12,22,15,10,-1,-4
0,6,23,12,22,-2,6,26,-1,4,12,4
23,2,5,17,11,24,10,3,20,29,0,23
2,8,10,6,8,3,0,7,11,5,14,8
0,7,0,20,14,34,9,32,12,34,6,-1
8,3,23,15,14,27,14,7,11,16,17,32
2,25,19,23,5,18,-1,14,9,19,7,34
16,13,1,27,19,0,5,7,13,18,24,18
16,-13,14,-38,22,-36,24,-7,18,0,24,-32
21,-8,17,-14,3,-10,19,-37,15,-36,5,1
4,-15,6,-35,19,-17,16,-22,17,1,6,-3
23,-11,18,-18,22,-2,18,-12,24,2,2,-14
14,-13,17,-3,3,-20,25,-5,25,-22,21,-15
16,-6,15,2,20,-10,6,-22,7,0,17,-32
18,-3,21,-13,0,1,5,-16,2,6,1,-16
7,-30,22,-26,13,-11,23,-28,24,2,5,-20
21,-2,4,-19,16,-24,6,-20,8,-23,22,-20
2,2,1,-11,9,2,10,-27,21,-3,6,-12
4,9,16,-10,0,10,23,-27,15,-18,6,2
17,-21,14,-20,23,1,20,-4,3,-23,16,11
1,12,14,-2,16,-24,25,-22,13,-23,17,-26
9,13,22,-8,1,6,22,-13,9,10,2,-14
11,-3,10,2,14,-22,17,-7,1,5,4,-11
11,-22,4,-6,24,-22,15,-17,14,3,17,13
15,6,25,-18,10,-7,14,-6,14,8,1,13
13,1,5,5,17,-18,22,-3,13,-15,23,-11
5,-19,3,-20,20,14,9,9,8,-15,8,17
5,10,19,17,19,-16,22,-5,5,-16,12,17
4,-14,7,-7,13,9,2,-4,3,-11,1,13
8,-16,15,8,18,6,8,-3,11,20,5,-15
2,-3,6,-13,11,2,24,14,9,-3,9,16
23,5,1,-12,0,1,13,4,11,-5,3,15
8,10,22,1,1,-4,9,-5,9,9,7,-4
24,5,2,-9,8,-5,2,16,7,19,1,-10
18,2,12,11,15,8,0,23,21,17,16,11
1,-2,2,-11,21,-3,16,13,15,7,21,4
25,2,9,6,14,-10,19,-2,5,3,2,-1
4,6,25,-2,13,16,25,15,18,3,2,14
22,19,10,9,19,5,12,12,13,27,20,14
14,20,19,19,1,20,0,6,18,3,25,0
13,29,18,26,24,18,16,11,9,0,13,1
12,6,17,-1,11,26,6,11,18,25,24,12
13,0,12,13,7,16,9,31,10,-2,3,19
10,32,11,8,15,6,6,31,23,17,0,26
11,32,13,35,12,9,3,19,7,2,11,23
2,21,16,35,1,17,7,6,18,30,9,1
2,0,5,21,18,11,7,22,18,25,19,17
