0,-1,-16,-22,-24,-2,-24,-7,-4,-3,-22,-35
0,-3,-13,-6,-11,-30,-6,-22,-16,-3,-3,-26
0,-1,0,-2,-6,-14,0,2,-1,1,-3,-2
0,3,-5,-13,-3,-26,-25,-2,-1,-4,-4,-14
0,-1,-24,-1,-8,-6,-6,-1,-4,-27,-2,4
0,3,-4,-33,-23,-5,0,-10,-1,5,-13,1
0,0,0,-7,-25,-19,-1,-16,-2,-1,-3,-18
-1,7,-3,7,0,3,-18,4,0,0,-22,-11
0,1,0,0,-7,3,-2,3,-4,6,-17,-1
-1,8,-22,2,-1,5,-14,-29,0,-4,-23,7
-1,5,-1,2,-19,-15,-20,-18,-1,6,-21,-13
0,1,-1,4,0,6,-1,5,-8,-2,-1,10
-1,4,-4,-13,-2,2,-15,9,-9,11,-1,10
-2,10,-16,-14,-2,10,-1,9,-22,8,-19,8
0,0,-1,12,-7,8,-5,-18,-16,8,-2,-21
0,0,0,5,-18,13,0,11,-16,7,-2,-14
0,0,-1,7,-25,-18,0,7,-2,8,-1,4
0,0,-5,-4,-5,1,-1,10,0,-4,-4,9
0,0,-1,13,0,9,0,0,-4,-4,-2,15
-9,18,-9,12,-19,4,-2,-12,-1,4,-25,2
0,0,-12,-5,-9,-1,-8,5,0,11,-13,1
-7,8,-12,12,0,-1,-15,13,-12,6,-16,20
-3,12,-17,-12,-15,-5,-17,21,-22,15,-7,-15
-12,-11,-16,7,-12,6,-11,-13,-13,1,-24,-7
-24,-5,-6,-3,-10,-3,-10,-7,-9,15,-16,16
-20,7,-6,-8,-9,12,-17,5,-25,15,-19,-9
-17,-10,-18,6,-2,9,-18,10,-13,-7,-24,-6
-25,4,-5,23,-14,12,-21,14,-16,20,-10,-5
-20,0,-5,19,-22,-7,-8,-4,-13,16,-14,-7
-12,11,-1,1,-20,15,-21,-6,-17,-4,-10,25
-16,0,-8,20,-6,25,-6,28,-6,7,-7,29
-25,11,-23,23,-12,30,-17,10,-14,26,-1,3
-19,-6,-11,27,-5,15,-9,0,-18,0,-7,8
-25,-1,-13,28,-15,22,-21,19,-7,2,-13,28
-2,13,-6,22,-20,-2,-20,0,-11,24,-16,18
0,0,-16,3,-8,18,-22,14,-1,3,-14,27
-5,2,-22,18,-23,22,-7,28,-3,23,-15,2
-8,17,0,2,-24,17,-23,6,-16,13,-11,28
-12,36,-19,16,0,1,-22,6,-24,9,-18,15
1,-8,1,-5,0,-1,-5,-3,-24,-24,1,-3
0,-1,-22,0,-15,-11,1,-11,1,-17,-5,-26
0,-1,-12,2,-2,-26,-3,-25,-2,-6,-16,-2
1,-6,-2,-33,-4,-7,-24,-1,-14,-8,-1,-1
0,0,-2,-23,0,1,-4,4,1,-2,1,-4
0,-1,-16,0,1,-9,1,-8,0,-8,1,-8
0,-1,0,0,-17,2,-6,1,-6,0,-3,5
-1,7,1,-8,-5,-30,-7,-11,-3,7,-1,-3
-1,7,-2,-21,-24,5,-13,-18,-5,8,-19,4
1,-3,-3,-18,-1,4,1,1,-22,-2,-4,-1
-1,6,-23,7,-2,8,-21,-17,-2,10,1,10
0,0,-15,11,-2,-24,-4,-11,-1,10,-21,9
0,0,0,-1,0,2,1,5,1,0,-18,10
-1,3,-4,1,-23,-2,-1,-12,-23,5,-21,-1
-2,9,-24,11,-3,12,-12,14,-20,-5,-12,-2
-9,14,-21,-15,-22,-21,-22,-17,-12,12,-18,-2
-6,1,-11,-1,-8,-4,-24,-21,1,-7,-23,-13
-23,14,-16,2,-15,3,-15,-20,-20,4,-10,13
-17,9,-15,16,-5,-4,-8,3,-1,5,-21,-5
-23,-12,-23,-13,-8,11,0,1,-12,-8,-23,-12
-19,-12,-9,2,-20,-2,-14,0,-15,-12,-11,6
-1,3,-12,-12,-11,-5,-12,-17,-19,-16,0,-9
-20,-5,-16,-2,-23,-16,-1,16,-1,3,0,-5
-15,-15,-23,-10,-1,-14,0,0,-13,20,-7,3
-24,-3,-14,-14,-1,-4,-2,12,-21,12,-17,-3
1,-5,-18,10,-22,18,-7,-12,-12,-3,-22,3
-23,8,-14,20,-5,3,-9,7,-21,2,-12,3
-9,21,-5,25,-15,17,-7,24,-23,2,-20,8
-23,-2,-4,-8,-2,12,-16,15,-16,10,-6,17
-22,16,-14,-6,-22,4,-11,-6,-5,9,-16,16
-14,-5,-21,-5,-9,4,-14,-7,-11,10,-22,2
-13,0,-13,-7,-2,11,-7,29,-15,3,-15,10
-21,-1,-24,10,-13,25,-13,-3,-7,13,-15,2
-12,31,-13,28,-6,23,-23,18,-1,2,-3,-3
-15,31,-18,3,-18,4,-15,12,-21,2,-17,-3
1,12,-20,26,-17,5,-5,0,-8,-2,-20,1
-14,25,-6,4,-17,5,-12,27,-2,21,-14,7
-17,32,-17,28,-20,5,-7,12,-15,18,-16,27
-12,2,1,15,-2,12,-16,16,1,3,-11,25
2,-11,-1,-8,-4,-24,-10,-20,-22,-3,-22,-14
0,-1,-1,-23,-21,-23,-20,0,-8,0,-23,-3
1,-7,-20,-4,-4,-1,-1,2,-1,0,2,-9
2,-10,-18,-27,-11,-6,1,-9,1,-2,-17,-29
1,-6,-8,-31,-14,-1,-14,0,-6,-12,-2,1
-1,5,-21,-31,-7,-31,-1,-1,0,-31,-4,4
0,0,-1,5,1,6,-2,6,-6,-5,-20,6
0,0,1,-5,-3,-24,-6,3,0,4,-15,1
0,0,2,-6,-3,-16,-6,-2,-17,-2,-18,-2
0,0,-2,8,-5,9,-8,-19,-10,-26,-17,9
-1,6,-18,8,-17,3,-4,9,-16,7,-5,-25
-5,9,-18,2,-15,-1,-6,2,-13,-12,-12,-10
-3,10,-6,6,-7,6,-17,-6,-3,-23,2,-22
-15,3,0,0,0,0,-10,-11,-3,10,-15,-8
-12,11,-11,-21,-15,-3,-16,-14,-7,7,-9,-14
-8,7,-22,-6,-16,-1,-19,-1,-22,-18,-1,1
-20,-15,-4,-1,-8,7,-14,-9,-11,-20,-10,-7
-9,13,-18,-6,-8,6,-6,-19,-19,10,-8,-8
-6,-10,-9,-4,-22,-1,-6,-6,-4,5,-18,-3
-12,-16,-6,-1,-1,1,-1,3,-19,8,-3,1
-9,12,-23,10,-17,-2,-20,-8,-10,14,-11,14
-13,-9,-8,-8,-11,9,-12,-15,-7,19,-18,4
-18,-13,-22,-12,0,1,1,-12,-4,11,-13,1
-12,15,-13,3,1,-11,-13,17,-11,19,-12,10
-18,12,-16,-11,-11,0,-4,6,-7,11,-10,19
-11,-5,-22,-2,-12,19,-21,9,-12,7,-4,-5
-19,14,-23,11,-13,6,-7,21,-1,17,-19,15
-4,8,-21,-1,-12,5,-7,14,-16,18,-12,16
-8,-5,-11,-9,-10,13,-20,12,-18,-7,-11,-3
1,12,-12,29,-23,-9,2,3,0,12,-11,11
-17,26,-21,-7,-19,-8,-4,1,-12,8,-22,26
-2,24,-12,-1,-1,16,-2,26,-10,9,-21,8
-3,-6,-21,14,-12,23,0,5,-18,-2,-12,1
-1,-5,-15,30,-11,28,-9,10,-23,31,2,27
-1,12,-23,11,-23,5,-21,30,-16,27,-7,32
-3,20,-6,31,-6,-1,1,32,-18,32,-17,-1
-3,25,-14,24,-1,11,-7,33,0,30,-23,9
-1,1,-1,35,-5,12,2,27,-5,7,-5,30
-1,3,2,26,-4,36,-2,36,-23,26,0,21
0,-1,-6,0,-20,-3,1,-37,-20,-31,-4,-20
1,-4,3,-17,-19,-14,-18,-5,-22,-20,-13,1
0,0,-1,-14,1,2,-21,2,3,2,-3,0
0,0,-18,0,-11,-35,2,-6,-10,-7,0,-3
2,-9,-19,4,3,-11,-14,-6,-15,-18,0,2
2,-9,3,-11,0,-1,3,-6,3,-9,3,1
-1,6,1,-13,-1,-10,-3,-1,-5,2,3,-9
0,0,-22,-27,-1,7,0,0,2,-4,2,2
0,0,-5,-22,-7,-28,-16,6,-11,-7,-5,-23
-7,7,-20,-22,-8,-3,-10,5,-6,-2,-20,5
-1,-27,-14,-3,-2,1,-6,-16,-11,8,-11,-22
-19,-26,3,-13,-14,-5,-7,-10,-8,-8,-21,-2
2,-17,-18,2,-7,-2,1,-5,-10,-7,-9,-24
-11,8,-5,-19,2,-24,-17,-20,0,-19,-5,-25
-10,-3,-6,0,-8,-11,-8,-1,-12,-12,-20,-17
-22,1,-13,-19,1,-8,-7,8,-7,-10,-14,-3
-4,7,0,-3,0,-1,-14,-11,-15,-21,-22,10
-7,0,-16,-13,-1,5,-22,15,-15,0,-11,10
-9,-20,0,5,1,-11,-16,7,-2,3,-11,-19
-4,-13,1,2,-13,-17,-20,11,-11,-14,-19,9
-5,8,3,20,-19,-6,-11,17,0,-15,0,-18
-5,13,-18,-14,-10,-7,-15,-11,-9,-16,-10,-9
-1,-4,-22,15,-15,-7,-21,13,-6,-9,-5,13
-3,16,-18,21,-22,-10,-11,23,-10,-9,-6,11
-1,9,-3,19,-4,4,-20,22,-19,22,3,19
0,0,3,8,1,-11,0,0,-1,6,-21,25
0,0,2,16,-21,13,0,4,-6,-7,-21,21
0,0,1,17,-6,-3,-13,15,-4,-10,0,-1
-1,5,-15,23,-7,28,-3,19,-3,25,0,-7
-1,8,0,1,-5,15,-10,-8,-8,13,-1,11
-4,26,0,23,-2,15,-1,5,-1,-5,-21,3
0,1,0,27,2,18,-3,0,-10,-6,-18,31
-1,7,2,8,-5,16,-17,29,3,28,-10,32
-4,28,-17,27,0,0,-11,21,-2,16,-21,31
-2,12,-17,31,-7,21,-7,9,-3,-1,-3,15
-1,-3,-14,13,-15,28,-22,8,-4,-3,-19,29
-2,26,-6,-1,-3,22,-19,11,0,8,-5,24
-2,19,-1,27,-5,2,1,27,0,32,-15,34
1,4,-4,19,-6,34,-5,0,-5,9,-9,9
0,-1,2,-5,1,-8,2,-8,-5,-38,-1,-17
1,-5,-8,-29,2,-6,4,-15,4,-1,3,-7
0,0,2,-33,4,-14,3,-31,3,-1,1,1
2,-8,-14,2,-2,-26,-3,-32,-18,-15,1,-31
-4,4,-2,-7,-2,-5,-10,-9,-5,1,-12,-10
-1,1,-16,-28,-12,3,-11,-14,-3,-6,-6,-28
-1,-1,-20,-30,0,0,-15,-25,-3,-17,-2,3
-3,-26,-10,-6,-12,-11,-16,-3,3,-23,-10,-22
2,-6,-8,-2,-7,-19,-5,-13,-4,-19,2,3
-11,-6,-19,7,-15,-14,-21,-19,-5,-13,1,-14
-1,-18,-20,-19,-18,-22,-5,-12,4,-6,-17,8
-14,5,-15,-25,-20,-20,-1,-17,-11,-23,2,-10
-4,6,-4,-4,-8,-22,-10,-3,-18,12,-12,-7
1,-20,-10,-4,1,0,-3,-17,-12,-23,2,-2
-2,9,1,-9,-16,12,4,-13,-20,14,-2,-21
0,-9,-5,-2,-19,15,-7,-18,-2,11,1,8
-2,10,4,7,-10,5,1,-7,3,2,3,10
0,1,0,15,-9,-20,-15,-12,3,7,-16,4
0,-1,2,11,-1,-2,-13,-8,3,12,3,14
0,2,-20,18,-17,8,-4,-2,-19,-4,-9,6
-5,17,-4,-9,3,12,-13,-8,0,0,-17,-1
3,5,-1,-17,4,21,-16,6,-14,-15,4,0
-3,16,1,-12,4,9,-9,20,-6,-6,-1,-2
0,1,-18,-13,-18,23,-12,-1,-9,-6,-1,-15
1,0,-21,22,-17,-4,-5,23,-2,23,-11,1
0,-4,-4,-8,-16,22,1,-1,0,-2,1,6
-1,3,-10,-10,-20,25,-12,17,0,0,-19,26
-1,3,-4,-11,2,26,0,6,2,27,-1,26
4,7,-14,13,-2,24,-11,24,-6,7,-14,21
1,-2,-11,20,-2,12,1,28,-6,-4,-2,18
0,2,0,7,-6,28,-6,21,-18,20,-2,25
-1,14,4,24,0,13,2,-4,-1,18,-15,16
-3,16,-12,-6,-16,32,4,1,-4,24,-5,16
-3,-1,-20,29,-10,33,0,18,-17,12,-10,28
-3,-2,-3,23,0,0,-6,12,-7,19,-4,21
-1,6,-19,6,-2,5,-19,30,-4,2,-20,0
-1,4,-5,-2,-7,10,0,0,-5,36,-5,36
2,5,-4,3,1,34,-2,23,-5,3,4,19
1,4,-6,10,-4,11,-14,34,-5,9,-5,14
0,0,-5,-33,-18,-9,-2,-25,0,-20,-19,-3
-1,1,0,-2,4,-13,1,-19,-13,-26,-14,-7
5,-17,-7,-19,-4,-1,-12,-22,-9,-26,0,-3
-1,-1,-14,-8,-18,-35,-16,-7,-16,3,-10,-2
0,1,-14,-30,4,-26,1,-2,-10,-12,-12,-4
-2,2,-10,-25,-2,-24,-19,-9,-12,-15,0,2
-6,5,-6,-9,-11,-26,-1,-30,-20,6,1,-5
-11,-9,-9,-23,-17,-1,4,-31,-9,-1,1,-16
-4,4,4,-26,-1,-27,2,0,-10,0,-9,-9
-8,5,-7,-10,-11,-13,2,-18,-5,0,-20,-15
-7,-6,-11,-5,-6,6,3,-9,-1,-16,-19,-6
3,-24,-12,-26,-1,-7,-4,-9,5,-19,-18,-9
-2,5,-16,-16,-4,-19,4,10,-9,-7,-4,-22
-1,0,1,-16,-10,-23,4,8,-13,11,-8,-21
-1,-23,-1,13,-3,-18,-17,-21,-14,-17,4,5
3,-18,2,-3,-2,-16,-17,-18,-17,14,-14,9
2,-21,-2,11,-3,16,-19,-16,1,-7,-1,-13
0,-4,-14,16,-16,3,-1,17,-12,-13,-12,10
3,-18,-3,9,5,8,0,-1,-15,9,-13,-2
-1,-10,4,-18,-17,7,-7,8,-5,9,-2,3
3,-17,0,1,0,8,-20,3,-14,-15,5,13
-3,16,5,-17,-13,20,-16,4,1,6,-6,-11
1,-8,3,-11,-1,15,0,21,-20,-14,4,6
1,9,-19,10,-12,10,-15,-4,-4,11,-18,2
1,-3,-6,-11,-17,11,-20,24,5,-1,-3,14
0,0,-1,-11,-8,-7,-12,16,-5,-7,-4,-2
-2,9,-12,9,-10,2,-11,5,-1,17,-5,8
-2,7,-7,12,-11,7,-11,26,-14,7,4,8
0,12,0,17,-17,23,-5,-6,1,-10,4,21
0,16,2,-9,-2,14,1,7,-16,25,1,29
-3,23,-3,25,5,5,-3,18,-5,-1,-3,14
1,-1,3,13,-8,25,1,14,-18,7,1,2
1,-3,-3,1,-17,10,5,-3,-4,17,-2,-2
2,18,-5,27,2,12,0,0,-14,7,-1,5
-3,11,-10,10,-12,-3,-4,26,-10,13,-8,13
-9,33,-4,19,-15,16,3,20,-12,19,-14,0
-4,8,-6,0,-7,8,-9,15,-18,3,1,29
0,6,-4,25,-10,9,-17,37,-9,25,-16,30
0,18,-17,33,-18,37,-1,0,-3,18,4,18
5,-15,0,-20,-3,-34,-16,-18,-18,-12,-15,-14
-1,0,-12,-1,-15,-30,3,-18,-14,-27,-9,-8
2,-1,-1,-29,6,-15,-13,1,-12,-23,3,-23
2,-1,0,-11,2,-23,-10,-3,4,-30,1,-22
4,-8,-2,-18,-2,-29,-14,-13,6,1,-19,-27
2,-13,4,-29,2,-22,-16,-3,-16,2,-17,-5
-2,3,-4,-4,3,-32,-2,1,-8,-32,4,-30
3,-22,-12,-17,-12,2,-4,7,-14,3,-1,-23
0,-17,-10,-9,-3,-4,-8,-15,4,-8,-5,-19
-14,-10,-14,-1,-16,3,-6,5,-6,-24,-9,-10
3,-6,-1,-15,-3,1,-11,-22,-14,0,-19,-11
-7,10,3,-11,6,-8,-12,-26,-10,-24,-3,-24
-8,12,-11,4,-13,-4,1,-23,-13,9,-14,-16
1,-24,-3,4,-2,11,-4,-2,2,3,6,-24
0,0,1,6,1,-23,-7,-8,0,-3,-6,10
-2,-15,6,-12,-2,-3,-1,13,0,-9,-5,7
-7,16,-4,-20,-14,9,-4,0,-5,-9,5,-20
1,-13,2,14,-15,15,-12,11,-1,1,-16,10
0,2,-3,-14,-9,6,-3,-19,-19,11,-6,-6
-7,-18,-11,10,-12,13,-7,5,-9,15,4,-9
-4,-17,-3,-1,-14,15,-2,3,-4,18,-19,-16
-5,12,-16,10,-19,-5,-6,19,5,4,-9,18
-8,7,-6,2,-2,-1,-13,3,1,17,-19,22
-2,-8,-11,-9,-5,1,-3,-10,-5,-11,-11,-8
-1,-11,-15,17,0,-8,-17,-5,-1,6,-13,-7
-18,13,-1,1,0,0,-17,24,1,-1,0,0
-11,3,-7,4,3,-10,0,1,-11,25,-15,10
-9,3,-4,16,-15,9,-7,0,-15,4,-1,-5
-19,3,-4,1,1,2,-3,5,-16,3,-18,9
1,21,-19,21,-14,-1,-14,9,-7,-9,-9,22
-4,2,2,-5,-5,2,6,10,-2,18,-13,23
0,-7,1,8,-12,23,3,0,-13,29,-19,-1
4,1,4,31,-19,20,-13,20,1,9,1,3
0,-1,-9,19,-18,29,-1,4,-9,5,-1,-3
-6,34,2,14,-18,20,-1,27,-2,25,-10,28
0,0,-12,28,-1,12,-9,2,-19,26,2,7
0,3,-4,-1,0,23,-6,13,-15,9,-10,26
4,-1,1,8,-15,12,-17,30,-16,33,-19,4
0,2,1,18,3,33,-10,8,6,33,1,17
4,-9,3,-15,-4,-15,-15,-4,-15,-36,3,-33
1,-2,4,-31,7,-30,4,-3,1,-14,-14,-4
2,1,5,-35,6,-7,5,-7,2,2,-4,2
-1,1,-18,-22,-1,-34,3,-23,-15,-16,-6,-25
4,-28,-15,1,0,-28,5,-34,-3,-30,-14,-18
4,-18,-2,-10,3,-18,5,4,5,-30,-18,3
4,-22,3,-22,6,1,-17,-22,4,-18,3,-7
0,-30,2,-28,2,-23,-9,-4,-18,-12,-3,4
-4,6,-4,2,-18,-11,2,-8,-9,-2,6,-17
-14,4,4,-7,5,-11,0,0,-8,-13,-6,-2
-1,-3,-2,0,-2,0,-11,-3,-8,-19,-12,9
-3,-23,-11,-22,-18,0,0,-22,-10,-6,3,-20
1,-5,3,-18,7,11,-7,11,-10,-20,7,-5
-9,6,-18,2,-14,10,-5,-3,5,-19,-15,-6
4,-5,-5,-18,-11,14,-5,-24,4,10,-4,-24
-3,12,-18,10,-5,7,-10,-18,-15,6,-5,13
2,2,-9,8,-12,13,-13,-7,4,-13,3,2
-8,5,3,0,-9,-18,-18,-8,-11,-9,-3,-19
-6,-20,-15,-15,-3,-11,4,16,-16,-9,3,-14
-11,17,-12,14,2,-19,-13,13,-9,10,7,-8
-17,15,-2,-11,-16,9,-2,20,-6,-15,0,14
-17,19,6,18,-7,17,5,14,-18,13,-2,14
-18,21,2,0,-17,-14,-16,8,-7,15,-14,-4
1,8,-1,2,-1,-8,-4,-9,-1,-11,-11,-7
-17,11,-10,23,4,13,-6,7,0,-2,-8,-9
-13,-6,-14,-11,-14,-9,-17,-9,2,-3,-3,3
-17,3,-3,6,1,-1,0,12,-2,-2,-8,4
-7,-7,5,2,-10,20,-8,13,1,-2,2,7
-13,13,-17,-10,-12,7,-14,0,-11,-5,-7,4
-1,-4,3,25,-8,19,-12,-3,-13,5,-10,6
-14,27,-4,-7,-17,24,-6,12,-9,3,-8,30
-18,27,5,-7,4,27,-17,-6,-9,-3,-13,7
0,18,-18,13,4,1,-15,13,-13,-6,-14,-6
-1,22,-14,32,6,-5,-10,10,-13,28,-10,28
1,2,-16,25,-17,34,-8,27,0,33,5,14
-2,6,-15,34,-8,30,-12,22,-13,35,1,1
0,-2,3,14,-7,24,3,32,-4,6,-1,31
3,1,-9,1,0,1,-11,3,-11,19,-13,29
2,19,3,38,5,32,2,26,-18,33,2,1
2,-1,-15,-4,-17,-5,-10,-27,-15,-22,8,-10
2,-1,4,-20,-12,0,8,-1,7,-8,7,-2
1,2,-11,-12,4,-34,-12,2,-3,-12,4,-13
3,-3,-7,1,-2,-21,-6,-7,-16,-8,0,-33
0,0,-17,0,7,-2,8,1,-17,3,6,-33
4,-26,-2,-27,3,-20,-16,-1,5,-29,5,0
3,-6,-9,-25,4,-18,5,-24,8,-11,6,-26
4,-27,-2,-2,-5,3,6,-16,-3,-16,-7,-25
4,-5,-17,-4,2,-12,2,-22,7,-28,-10,3
0,-1,5,-26,-11,-26,0,-5,-16,7,-6,-3
-2,-22,-9,3,-4,-15,-4,-18,-11,-19,4,-28
-9,4,-4,7,-13,-16,-1,-6,-9,-20,-16,1
3,-24,3,-5,-12,3,-13,12,0,-5,-10,-16
-3,-25,-5,-4,7,1,-3,-18,-7,-6,-12,-18
-3,-15,1,-16,6,-2,8,-24,3,-7,4,2
1,-16,-3,-2,-4,-14,-10,5,2,5,-16,-5
-10,12,-12,16,-11,2,3,-15,-13,4,0,13
-5,2,-1,-16,-5,-2,-14,0,-3,-20,-16,8
-1,2,-17,-15,4,-15,4,17,-7,-20,-8,-14
-13,11,-7,-18,-16,14,-16,3,4,10,-12,-17
-12,3,0,8,4,15,-7,-14,-8,-13,-10,-9
-14,13,-7,20,-11,15,-6,5,-4,-5,-9,-4
7,-13,-13,-12,2,12,-7,11,0,1,-8,7
8,-15,-15,3,7,6,-13,-7,-3,5,2,7
-13,0,-13,6,0,-1,-14,-13,-1,3,5,-2
-5,17,-4,-2,-7,-13,-1,-3,-6,-4,1,3
-8,13,-8,3,-5,-10,-10,25,-7,-7,-15,-6
-17,12,-5,-11,-14,16,-16,8,-16,-11,-8,14
1,1,-13,2,-11,-4,-16,10,-12,12,-3,22
-3,-5,-4,-9,6,11,-5,3,-13,4,2,29
-2,12,3,6,-10,-5,-1,1,3,-8,-12,18
0,16,2,31,-5,15,-10,13,8,9,0,-2
-11,30,0,-5,3,21,-17,21,-15,20,1,28
-2,-3,7,19,-2,30,-15,27,-4,-3,-14,1
-11,34,4,8,-3,34,-13,10,-7,2,-1,1
1,27,-14,11,-3,19,-4,29,5,5,0,34
-16,30,-6,29,8,18,-6,12,0,31,-13,33
-2,2,6,5,-6,20,-6,15,-6,21,-4,29
0,24,-16,26,8,9,-13,34,8,30,3,36
0,0,6,-33,6,0,-4,-20,1,-1,-14,-3
1,0,-6,-35,0,-36,-4,-18,-9,0,-7,-3
-1,2,8,2,8,-5,8,1,5,-27,7,0
0,1,-9,-5,7,-8,9,-20,0,-14,-14,-35
5,-16,-6,-18,-12,-3,-4,-2,-14,-30,-8,-31
-16,-7,1,2,4,-23,0,-13,1,-9,-9,-9
7,-18,-5,-2,-10,-13,1,6,1,-1,-14,-8
-9,-1,5,-17,-16,-24,-1,-23,-13,-4,0,-21
9,-19,2,-6,-15,1,-3,-6,-9,-13,-11,-17
9,-20,-13,-1,-11,1,-6,-7,-1,3,-5,-10
-4,0,-13,-21,-6,-5,1,-6,1,-5,4,4
-3,-17,-7,-20,-4,-14,4,-16,-1,-9,-4,4
-15,1,7,4,4,-2,-11,-18,-11,-7,4,-24
-2,-3,-9,-24,5,-4,-7,-10,-16,-10,-14,-5
-4,-19,-13,-15,2,-13,-3,-23,-7,0,-11,7
-9,2,-3,14,-2,-21,0,4,1,-9,2,1
-14,10,-4,-16,9,-22,-15,-9,3,-3,-1,-19
7,-6,-12,6,0,-8,-4,14,-14,0,-5,-19
-3,-11,2,15,-5,5,-9,3,4,-1,2,15
-12,-19,-2,-2,7,5,3,-5,-7,18,-2,-6
-4,1,-2,-3,-7,19,-11,-17,-5,-1,-1,6
0,0,-6,13,-8,21,-15,-1,-5,-4,7,-1
-8,-6,-5,6,4,4,-2,8,3,10,-16,4
-13,8,8,-12,-15,13,-13,-15,-4,10,-4,6
-3,4,-3,22,-12,8,0,-14,5,17,-7,-2
-8,0,0,-2,-8,-2,2,24,9,-3,3,-1
-15,10,-16,5,4,-3,0,10,-1,14,-6,2
9,-1,-5,6,-8,-3,2,27,2,19,-3,24
-5,27,-7,25,-11,1,-4,5,-16,2,-14,15
1,20,-7,8,-16,6,-1,28,7,19,-6,2
0,0,-10,28,3,-3,-3,0,0,0,4,17
3,7,0,30,-14,4,1,4,-2,-7,-7,22
-8,21,3,-2,4,19,1,10,4,0,6,19
-10,30,-15,5,4,25,4,20,-3,2,-9,12
-12,28,2,21,-12,19,6,2,-16,-3,-1,24
-11,29,6,-2,-15,19,6,17,4,10,1,21
-14,35,2,29,2,19,-11,7,-14,15,-14,17
0,30,3,21,8,14,-12,3,-5,27,-16,0
-6,36,9,9,-9,6,0,13,3,8,4,27
6,-5,2,-17,2,-8,-11,-21,10,-15,8,-33
-1,1,-7,-13,2,-8,-7,-16,3,-9,1,-30
10,-20,8,-19,-6,-28,9,-33,-4,-4,8,-32
4,-8,-1,-17,-10,-12,8,-29,7,-7,0,-27
-3,-10,-13,-31,10,-16,-13,-30,-14,-9,1,-22
0,-4,3,-16,3,-19,3,1,0,-22,-6,-31
-13,-21,9,-13,-3,-4,1,-6,-2,-19,-12,-18
-7,-24,-11,-30,-12,-13,0,-17,-2,6,-6,-10
-14,-19,1,-3,-9,-1,-7,-10,-3,-13,2,-10
-1,-6,-12,1,3,8,7,-6,3,-10,-11,-8
1,-8,-13,-2,-4,8,-5,-18,0,-6,-5,9
0,-5,-6,-24,8,-27,-6,-5,8,-18,-5,9
-9,-1,3,8,-15,-5,0,8,9,-19,-3,9
0,8,4,-19,-9,-11,-5,-10,-1,-20,-7,-4
-5,-17,-10,-7,-11,8,-4,-15,-1,5,0,-13
-2,10,-10,4,-8,-19,-3,14,6,9,-8,-4
-15,-15,1,-20,-7,-13,-2,3,-9,-17,5,2
2,0,-4,11,9,-3,-6,-9,-9,-4,-1,10
8,5,-15,-6,-14,-16,10,-19,-9,17,-2,-14
-1,0,-4,-6,9,0,-2,7,-11,4,2,-6
-6,2,2,-6,-12,3,10,-16,-8,-8,5,-14
-14,6,8,-1,7,11,7,12,-5,-3,-4,-6
-6,3,-13,12,-10,0,-2,17,9,-1,1,-14
-4,4,-15,9,-12,-11,-10,-1,-14,-14,-6,20
-7,0,-8,-3,8,-6,-8,17,-4,-13,-1,12
-2,-1,-5,-1,10,-5,-1,-12,-12,-5,-13,13
-13,11,-8,7,8,14,-4,21,-5,24,-12,0
7,16,2,2,0,-8,-2,10,-12,-4,-3,0
4,-3,3,10,5,6,-11,27,5,-1,-13,11
8,2,-4,27,2,-5,-11,20,-7,7,-4,27
-12,26,2,-6,-3,4,-1,14,-15,14,8,-8
-4,14,8,4,-5,5,5,-7,5,0,10,11
3,20,7,27,2,20,-14,29,-1,5,4,17
7,13,10,30,-11,29,-6,28,1,14,-2,24
8,6,4,-1,-8,16,-13,10,-7,13,-9,23
3,17,-12,14,-9,34,-15,12,-11,29,6,31
1,-2,6,0,-13,21,9,10,-12,-1,8,20
2,-1,-15,31,-4,14,5,17,-5,28,1,33
1,33,-15,7,-12,29,-11,6,-8,38,-5,26
7,-6,-8,-19,-2,-34,5,-6,5,-34,-11,-1
8,-20,9,-10,-6,-8,-12,-24,-10,-16,3,-29
1,-29,-7,-21,-13,-7,-11,-22,-14,-1,1,-18
-12,-26,-1,-2,-9,-3,-5,-24,0,-10,-11,-9
-12,-12,-8,0,8,-18,6,1,4,-24,-6,-20
-12,-23,1,0,-4,-16,0,0,5,-33,-6,3
-12,-14,-7,2,7,-5,-2,-25,9,-9,3,-18
-11,-15,10,-15,-5,-22,0,0,-8,-7,-9,-11
-14,-14,-8,-1,-5,-11,-11,-3,10,-11,-11,-3
9,-11,9,-11,1,-10,-14,0,9,4,-2,-13
-2,-21,-12,-28,0,8,-4,-28,-7,6,-11,-24
-4,-21,-8,-16,-14,-24,-10,-27,-7,-27,-7,-2
-14,-25,7,-25,-5,-22,-12,-10,4,-5,-9,-22
2,5,-3,-24,-1,-10,-9,-19,-14,2,1,2
2,-5,-11,2,-14,6,-8,-24,2,10,-2,-21
-3,-1,9,-9,-4,-8,6,13,-2,4,2,5
1,5,-12,-17,7,-3,-12,-19,1,9,-1,-17
-11,-1,-13,-1,-8,-14,2,-10,-2,11,0,7
-4,2,-3,0,11,-3,-12,1,11,-16,10,1
-11,5,10,-6,-1,5,10,3,-9,4,-14,0
-5,-6,-3,-15,-5,-6,4,-17,11,-11,2,-5
5,-7,5,-4,-13,3,5,6,5,-4,-2,6
-3,-2,1,18,1,2,6,16,-8,-16,1,-4
-5,-1,-9,-1,-5,19,11,-5,4,20,-8,-1
1,3,-4,21,-3,-7,4,11,-8,5,-7,9
1,2,-2,10,0,-5,-6,22,10,-10,3,-3
-5,3,-7,-12,-4,-8,-14,-6,-1,23,-5,24
-7,13,5,1,-4,8,1,21,-5,14,0,11
-2,15,-14,0,3,17,-1,-6,8,-8,11,0
-9,28,4,-4,6,26,7,5,4,27,-10,-6
-8,21,-2,7,4,27,1,3,-10,10,-7,28
-4,30,-2,19,11,20,6,20,-4,21,-1,12
2,0,-6,2,-10,20,6,15,-1,20,9,14
2,-4,-1,-2,1,29,7,30,-12,26,-3,13
5,4,10,18,-1,7,8,-2,6,10,8,31
1,31,10,15,3,22,-1,17,-9,-1,-7,26
-5,31,-11,19,-3,10,-6,28,3,-2,6,32
-11,35,1,34,-1,2,-10,19,-13,36,5,6
-4,29,-9,9,-14,36,-14,19,6,24,5,20
3,-31,12,-2,9,-34,-7,0,-3,-20,-8,-33
-4,-7,-12,-8,2,-36,5,-33,6,-7,6,-7
-10,-36,-5,-16,1,-16,0,2,12,-36,-5,-9
4,-23,-10,-12,-9,3,-13,-33,2,-20,-10,-34
-13,-13,1,-20,-12,-21,-7,-4,-1,-14,-13,1
5,-20,11,-10,-13,-22,-11,-13,8,-3,-11,-31
11,-18,12,-13,-2,-2,4,-17,-3,-24,-2,-22
-1,-20,-5,-22,-8,-10,2,-6,1,-22,-10,-23
-4,-13,-13,-9,-1,-21,11,-22,-6,-3,-12,-29
-8,-5,-6,-27,-8,-20,-5,-26,-11,-28,9,-8
-3,-19,-13,-19,-12,-7,7,-24,-7,-1,2,5
11,-16,6,-17,-8,-23,-2,-7,1,-10,3,-2
-10,-15,-6,0,-11,6,5,0,-7,4,9,-4
0,10,-5,-20,-2,3,1,10,-7,-11,12,-25
-10,-16,-6,-14,0,-18,-7,-10,-5,0,-7,-24
-6,-23,-6,-19,-10,-15,7,7,-12,-9,-7,-11
5,6,-8,-3,-1,-19,5,-22,0,-14,-10,-5
1,14,-4,-1,8,10,-2,10,-11,-8,-10,4
-7,-14,4,-6,-13,12,-4,15,-7,1,5,9
0,-6,1,16,-5,8,-9,12,-7,-6,-10,-12
1,0,8,15,-1,-1,11,-8,10,-4,2,-18
-1,-1,3,3,3,2,8,-12,12,-3,5,-8
-3,-4,-1,8,8,-7,-13,2,5,18,10,-5
1,1,-11,9,-4,14,5,-9,7,19,-7,13
-1,0,-7,6,-6,4,-5,22,-2,15,5,-2
-1,0,12,-8,8,0,6,14,-13,-9,-12,10
-3,3,-6,5,6,18,-6,-4,-9,-6,-11,-8
-6,-9,1,2,0,14,0,1,-6,11,-1,2
-1,-1,-9,24,-12,17,-7,14,-2,-7,-3,-7
-2,-8,-7,17,-6,17,8,13,7,22,-12,7
11,-3,9,21,-8,-7,0,-6,0,13,-9,10
-12,27,-4,3,3,8,-8,-5,7,20,10,1
0,0,-8,31,-5,28,1,8,-1,17,6,18
4,14,-3,4,-12,7,-3,-3,-5,9,-12,16
11,0,-9,15,-10,20,4,-1,-8,33,-8,34
-8,24,-1,7,2,10,-13,17,-10,-3,-1,25
-11,33,-10,4,-5,12,-1,26,-11,35,-1,10
1,6,-13,21,-5,12,2,29,-2,7,-2,22
-3,32,5,21,1,21,-10,33,-1,12,-12,15
5,-29,5,-1,-4,-34,-12,-6,10,-27,-12,-1
3,-37,-9,-36,-6,-35,-2,0,10,-15,-1,-3
4,-11,6,-7,7,-24,3,-3,1,0,-11,-23
-9,2,13,-22,-3,-34,13,-18,-11,-29,-11,-9
-10,-8,1,-19,3,-1,5,-7,-8,3,7,-29
10,-9,13,-21,3,-28,-1,-6,-4,-5,10,-6
-8,-31,-8,-6,2,-29,4,-24,-1,2,4,1
-6,-14,9,-6,0,-31,4,-2,5,-19,-12,-23
-6,-12,12,-9,12,-28,-1,-23,-1,-28,2,-12
-1,-20,-11,-26,0,6,0,-2,-3,-11,-9,-13
-3,9,-4,-28,12,-21,4,-26,4,-4,-2,-10
-8,-11,8,9,0,9,-7,-5,-9,-10,3,-6
3,-2,3,-12,-12,-3,-11,-19,-2,11,-5,-4
-1,7,-9,-15,-8,-7,-3,-20,-1,-14,-1,3
-7,9,-12,-23,-3,-2,12,-5,7,-22,9,4
-11,7,-2,-19,-10,-4,7,-7,-2,2,0,13
10,-2,-8,-11,-9,-8,-10,-17,0,7,13,0
3,4,-4,-6,0,0,-2,-1,-10,4,-4,3
-6,-13,-9,5,-12,2,-12,-17,10,1,7,-3
3,-1,6,-7,11,-12,6,13,-4,0,-2,11
1,-1,5,13,-3,-4,-11,-3,-8,-13,4,-2
0,0,3,14,-8,16,-1,7,-12,3,-3,-17
2,-2,-11,16,9,-6,-5,10,-7,0,12,-2
-1,0,0,22,-12,13,5,-10,-8,-14,-12,11
0,1,7,15,-5,-12,-6,2,6,-3,-2,-14
1,3,11,10,-10,-10,-11,8,6,1,11,12
2,3,-12,-4,-1,23,-12,2,3,4,-6,1
-1,-1,-2,-4,1,22,12,7,5,-1,4,8
-7,-8,-3,-2,2,7,4,9,2,-4,-8,-8
-9,18,-12,-3,3,11,-7,-2,9,18,4,11
6,4,-12,-5,-1,6,3,-5,5,24,-10,25
-10,-2,-9,6,-10,-6,-2,14,-2,25,-3,9
-8,11,2,18,6,-5,-5,1,3,29,1,25
-6,23,2,7,0,18,13,8,-9,18,-10,-2
5,-1,-11,17,-4,3,0,-1,-10,31,4,4
1,4,-4,25,-1,2,2,24,-1,21,10,14
3,7,-12,10,-8,3,12,15,-4,25,-4,0
-1,26,-8,-1,10,36,8,12,-12,4,-7,11
-1,26,7,23,4,3,13,8,10,24,10,23
-8,-7,10,-14,4,-16,6,-29,-5,-32,4,-21
-6,-7,-4,-30,-6,-25,3,-28,11,-6,1,-35
-7,-2,-6,-2,-2,-4,6,-32,4,-15,12,-29
-5,-8,1,-7,4,-25,-2,-11,-11,-35,7,-14
12,-11,-9,-18,10,-5,-7,-33,10,-33,-9,-4
-6,-5,-1,-11,12,-17,-7,-14,0,-12,-11,-9
0,-8,5,-22,10,-7,7,-20,-4,-25,2,-20
8,-5,7,-15,11,-16,3,-13,3,-5,-4,-26
0,-1,6,-10,6,5,3,-13,2,3,-11,-2
-11,9,2,-22,12,-10,5,-22,-8,-14,-1,-6
12,-16,-2,-10,-3,-28,0,8,4,-20,-3,-6
3,-24,1,5,3,1,1,-25,4,-25,1,-26
-2,0,10,3,12,3,8,-22,4,-1,8,0
6,-24,-3,1,1,-9,8,0,-10,-14,7,-14
2,-1,1,-22,-4,1,0,-6,9,-22,9,-2
-10,-20,13,-6,-4,6,3,-7,9,-18,-7,-17
-7,-19,-2,-8,13,1,1,3,3,16,1,-8
-1,4,-8,-2,2,14,-7,15,-10,-4,-5,-1
-4,-12,5,-1,5,11,-10,-18,7,-14,4,11
4,-5,-3,-17,0,-10,-5,13,9,10,0,13
2,-3,-7,-2,1,-10,-6,-6,10,6,-6,1
0,1,8,-10,-3,19,5,17,4,-8,2,1
3,-3,5,0,-1,8,-4,1,1,5,-2,-12
3,-3,1,19,-1,19,10,-11,-10,3,9,-8
2,0,-7,4,3,23,-11,-6,7,15,-2,-11
1,5,7,-3,-9,8,-9,-11,3,19,3,2
1,0,12,-4,3,-3,-2,-9,-3,26,0,-8
-11,-1,9,12,7,1,-3,23,8,5,4,3
-5,-6,2,-1,-2,11,9,-8,0,4,6,7
-2,12,2,15,8,18,0,-4,13,9,13,6
-3,14,10,23,-8,14,-9,18,-9,-2,-8,25
9,-2,-6,19,-1,-6,12,19,11,19,-11,26
12,7,12,9,-7,19,12,6,14,-5,-3,12
-7,-1,-10,8,6,-5,-5,24,-3,26,4,31
-6,1,3,4,-6,21,3,7,-10,17,13,-4
-7,4,-10,11,-5,9,-11,9,-8,18,3,32
13,4,11,19,0,2,2,28,-5,8,-8,11
3,23,-5,11,3,34,0,29,-11,12,13,2
0,31,2,26,12,30,-7,33,-9,36,6,6
-4,-6,9,-30,3,-33,-7,-36,11,-32,12,-22
-1,-3,-8,-10,9,-33,10,-29,-7,-5,15,-29
11,-6,-5,-12,-3,-8,-10,-14,-2,0,-4,-12
-1,-28,-5,-17,9,-18,1,-6,8,-22,9,-6
14,-34,3,-29,-6,-4,-3,-29,13,-24,-9,-7
0,0,-4,-1,1,-22,2,-24,12,-1,8,-16
11,-27,15,5,2,6,0,6,5,-31,14,-5
-2,1,10,-6,12,-17,7,-23,10,-5,3,-4
3,-29,14,4,-7,-28,-7,-1,9,1,-1,-4
9,-14,5,-7,-10,-28,-10,-24,10,7,-6,-16
0,0,7,-13,-6,-7,8,-14,15,-1,-6,-14
2,-24,3,-26,-10,-7,1,-21,-5,-1,15,-12
8,1,13,-16,15,9,11,-2,-9,8,5,12
-4,6,-4,0,-6,4,-5,11,13,-12,-4,-9
4,-3,-5,-22,10,10,10,-12,11,2,2,-6
-8,11,-9,-11,1,-6,8,5,-4,-19,10,-13
13,-6,3,0,-10,2,-9,-5,7,-6,-10,-9
-7,-3,13,5,-2,9,0,-8,-5,-3,10,-2
1,-7,3,-6,4,5,15,-4,-6,-6,-8,17
-3,-3,12,9,8,-3,4,19,6,-8,4,0
9,-7,2,-14,-2,19,10,15,13,0,-8,-10
-3,-11,6,-2,-5,5,-3,-3,-4,5,9,11
-3,-9,1,8,14,-7,-4,-15,13,-4,6,-1
-2,-3,0,-2,-6,-14,1,19,0,6,15,-10
5,-1,0,-3,-9,-6,-5,17,0,6,2,-5
5,3,4,6,2,18,12,11,-3,20,14,-12
1,0,-1,12,-5,14,13,5,7,3,6,6
-4,10,-8,12,14,9,-1,20,-4,9,-3,9
-2,-5,14,-2,3,18,-6,-1,13,10,-6,-3
5,22,-5,-8,4,10,4,28,3,22,11,13
-10,-8,0,2,1,-6,5,16,-8,15,3,5
9,10,1,3,0,18,-5,10,-2,23,-7,-7
-9,4,-10,-6,-4,20,6,18,15,12,12,22
-7,21,-4,26,-9,25,14,-3,6,-2,-7,5
-10,16,11,0,5,28,-8,8,-8,8,-9,6
-8,4,-3,19,1,-2,5,17,6,30,-2,-2
-6,8,7,1,6,14,5,16,3,4,7,36
-4,15,15,16,1,18,5,20,13,25,-1,17
2,6,2,9,1,8,1,32,-6,9,11,11
0,0,14,-2,8,-4,-5,-3,16,-1,11,-7
-7,-37,3,-17,11,-26,0,-19,10,-27,1,-13
1,-16,-6,-14,12,-33,5,-4,0,0,10,-20
13,-14,-5,-12,-3,-7,5,-32,-8,-20,-9,-25
8,-12,-3,-4,7,2,9,1,14,0,5,3
14,-25,10,-1,-9,-23,9,-18,15,-13,16,4
-1,6,6,-7,2,-14,8,-22,-5,-2,0,-5
11,-28,1,-5,4,-12,9,-12,-4,-20,12,-13
10,-10,16,-3,14,4,2,-29,-8,-7,5,-26
-3,4,7,3,13,-23,5,-17,-3,-3,12,-16
1,6,10,-8,8,-9,1,-20,-3,-12,-4,9
-1,7,10,-18,-1,5,-3,-17,16,-21,13,-9
9,-11,-7,5,-7,8,-7,3,-8,-24,16,10
0,3,10,-24,6,-25,-8,11,-6,-16,-6,5
1,-14,2,-6,0,-13,12,6,-4,-11,11,5
-1,-23,2,-9,0,0,12,6,1,-12,0,-8
11,11,7,3,4,-5,6,-22,2,-15,14,4
-8,-21,6,-2,-6,-4,-6,5,10,-4,1,6
-6,-7,13,7,-1,8,6,6,7,8,3,4
0,-6,-7,-6,1,1,-8,-19,-9,-10,11,-13
9,-8,4,9,15,4,-7,17,-6,0,-8,-1
4,14,-1,-14,4,-3,1,0,-3,-16,-8,15
-6,9,10,19,8,-2,14,-6,-3,7,5,17
7,1,0,10,-6,4,5,13,0,5,14,0
7,0,6,-6,11,17,-8,12,-1,-10,-5,14
7,0,15,-11,10,-3,3,13,13,14,5,1
2,4,-9,-1,-9,-6,4,17,-4,-3,2,8
-1,9,3,24,3,16,-7,0,4,-2,15,-4
-3,12,-4,11,-1,6,8,27,4,24,12,23
4,19,-8,14,1,0,1,14,-5,13,-6,0
15,9,5,17,-9,6,10,26,15,6,-4,15
15,3,10,12,0,6,-2,-4,-3,26,-2,-3
-7,2,9,-3,2,7,-7,12,2,12,8,26
5,22,3,13,7,1,5,15,2,20,-1,3
0,-3,12,15,6,11,-8,21,0,23,8,8
15,12,9,-2,9,-3,-3,14,-5,4,-7,29
-2,3,-6,10,15,1,-9,15,10,20,2,35
14,21,-2,23,-6,12,5,25,12,9,12,28
-2,22,5,36,-7,15,-8,9,10,32,4,21
-3,-3,4,-11,-1,-23,15,-13,-2,-30,-3,-30
0,-12,3,-18,-5,-26,0,-33,-7,-29,-2,-22
-4,-5,16,-25,2,-31,11,-30,0,-26,1,-35
16,-34,1,-1,-5,-30,13,-25,12,-15,14,-30
0,-5,3,-8,9,3,-8,-30,-6,-32,13,-2
1,-1,-1,-1,-6,-11,10,-22,-6,-15,11,-32
5,5,17,-28,-2,6,10,-12,11,4,10,-7
13,-5,-6,-25,14,0,-7,6,10,-29,13,-17
-4,6,10,-15,10,-4,-2,-9,8,0,16,-14
6,-23,8,5,17,-18,-1,-29,-8,3,9,1
4,-6,-7,2,17,8,-7,-20,11,-23,9,-7
6,-25,12,1,13,-26,16,0,7,-27,11,4
5,-23,3,-11,6,-21,11,0,7,-7,2,2
8,-1,-6,-4,7,-21,2,-13,10,13,-7,-21
-7,-10,10,-6,14,2,-4,6,2,11,16,-12
17,-21,-1,-17,8,4,17,1,1,-1,3,-1
2,-17,3,-6,11,4,3,-9,6,9,-7,-20
-5,0,2,-1,17,-6,-2,7,14,-20,9,-10
-1,-6,5,0,-1,3,12,-5,-1,5,-5,-2
8,-4,-3,-6,1,12,-5,4,-3,-14,-6,4
6,-1,14,6,10,1,13,-18,2,20,-8,12
7,-5,0,-4,15,-14,-1,21,16,5,2,17
5,3,12,22,10,11,-6,-1,10,8,2,9
0,4,-8,5,4,15,13,-7,6,22,-1,23
3,3,-3,9,2,16,14,-10,0,12,-3,10
-2,0,-1,-4,8,7,-7,-10,6,3,-1,-7
0,4,8,1,-7,4,-4,1,10,-3,-4,-2
-1,0,8,-8,5,25,-1,19,3,-5,0,-7
-7,11,7,3,13,14,15,25,-1,-6,11,-4
2,8,0,8,-7,2,0,23,12,2,16,8
-6,-5,3,-1,17,2,5,1,11,-2,0,3
-2,1,0,27,17,7,-5,18,14,0,-3,20
15,15,16,0,-6,12,-7,22,-3,15,5,10
1,-3,11,20,9,11,9,26,16,-5,4,-5
15,15,-3,7,7,22,3,17,-6,-1,3,25
16,10,4,11,1,27,17,30,1,13,16,6
-3,-1,-1,26,17,4,17,3,13,2,9,17
-8,1,5,15,0,22,-3,12,13,33,10,29
-8,3,7,37,5,31,2,16,16,17,9,31
6,-36,-4,-27,11,-34,16,-34,14,-36,-3,-1
11,-29,14,-32,-4,-1,15,-36,15,-25,12,-5
11,-17,-2,-3,12,1,7,-32,15,-31,1,-27
0,0,15,-22,8,-28,2,-35,3,-2,9,-8
12,-16,-1,4,0,-34,-2,0,-1,-9,15,-4
16,-24,-6,3,-2,-6,6,4,10,2,16,-1
3,-1,2,1,-2,2,1,-32,17,-28,-7,-7
4,-6,7,-5,-4,6,0,-10,-7,-28,10,3
-6,-2,-5,-26,-1,-5,11,-13,-3,-18,-2,3
7,-21,11,-6,3,-16,-3,-24,-6,-22,-2,-18
7,-18,12,-13,-4,-13,13,-4,3,-4,-3,-20
4,1,3,-22,5,-16,-4,-23,12,-16,-1,-22
-7,-4,1,-15,7,4,5,-4,-6,-22,0,11
4,-19,-1,3,9,8,1,6,-2,7,-6,-20
-6,-20,7,7,8,-1,9,-20,-2,-17,-5,-13
2,-18,10,2,7,6,18,-19,10,-3,-5,-14
1,-19,-1,-7,2,-22,2,-13,9,-10,0,5
-4,-6,2,16,6,1,18,-7,14,12,-6,9
-5,-5,0,1,11,4,15,-20,3,-7,-3,-19
1,-2,0,8,-4,-12,-4,-11,-2,11,8,6
0,-3,2,-6,16,-7,13,10,8,9,9,-9
0,-5,7,-10,0,0,-6,1,-5,15,0,-10
-5,8,15,-4,0,0,1,7,13,6,3,-8
-3,-2,5,-8,9,-10,11,1,3,-8,13,8
1,4,3,-8,-6,-13,-7,-7,7,21,10,13
-2,0,6,22,11,17,12,17,2,-1,7,-1
0,5,-3,-4,3,10,0,0,-4,-7,1,25
9,7,10,12,3,-5,14,-8,14,26,-5,1
3,6,8,11,16,-6,7,0,7,4,8,20
-4,5,15,14,18,21,0,0,8,14,8,6
-6,11,11,18,6,19,12,13,-3,-5,-1,-7
2,11,0,5,17,7,16,17,4,8,11,12
-5,14,11,-2,7,21,10,26,15,10,6,17
-1,10,-3,10,-5,21,17,18,-7,16,8,18
18,1,17,1,6,14,12,18,-4,6,3,8
-7,5,-3,10,13,3,12,9,-7,5,2,4
17,5,-1,3,5,18,5,8,2,-2,-5,12
-4,1,-1,9,-1,26,1,12,18,10,8,31
14,29,7,30,15,24,-7,9,14,25,7,21
2,-8,16,-6,8,-38,1,-5,9,0,0,-3
11,-33,-2,1,19,-6,17,-35,15,-16,2,-2
18,-16,-4,-28,11,-19,2,-3,6,2,15,-20
1,-4,7,-33,15,-12,9,-29,12,-4,-1,-35
2,1,14,-10,15,-17,-1,-8,16,-19,18,4
1,4,12,3,10,-33,4,-7,14,-5,17,-14
4,-2,-4,3,2,-8,9,-31,11,-26,14,-2
-6,-1,8,-27,-3,4,4,-17,10,-11,-4,-18
-6,6,4,-3,14,-15,-6,5,-4,-8,-3,-1
0,1,15,-22,0,-8,0,4,-4,-21,0,-12
-4,2,9,-2,4,10,8,-9,11,10,10,-22
10,-1,-2,-3,2,-17,7,4,2,8,18,-21
13,-10,-5,-11,6,-8,0,-3,-5,2,8,-21
12,-11,7,-13,1,-13,6,6,16,10,10,-25
-3,-14,-5,-6,1,0,7,-11,-3,-12,5,-24
-4,-4,5,6,17,0,-4,5,7,15,-5,14
3,-12,4,-1,6,-17,6,-8,4,9,11,14
1,-11,0,-15,8,11,16,6,-5,-5,-6,1
3,-16,14,-16,-3,-10,15,7,9,-8,9,-1
-2,3,0,-2,4,16,9,-7,-3,3,-1,-4
-1,-7,6,7,2,-15,-2,-7,3,-5,-1,-12
-3,0,12,5,17,-4,6,6,2,-8,2,9
7,10,14,4,4,0,-2,2,18,14,3,4
-1,-6,9,2,1,-1,8,-2,9,9,0,10
-5,4,13,20,3,21,17,6,18,-13,19,5
10,-2,2,-1,7,-5,16,4,-5,11,8,4
8,20,14,0,-5,-9,-6,14,8,24,19,-6
2,-2,16,15,12,-1,7,17,-5,21,-3,10
1,11,19,-9,10,12,-4,17,18,3,18,10
3,2,-2,-4,8,-8,-3,19,-2,20,11,7
7,22,-2,-1,-1,-1,11,11,-1,19,8,16
-2,5,8,31,-6,24,-4,-6,8,14,12,21
0,3,6,30,2,12,14,23,-2,2,19,18
11,8,9,18,10,5,7,1,17,19,7,3
-6,10,5,19,0,6,15,22,0,30,-6,12
-2,12,5,31,3,2,-3,33,12,13,1,13
6,24,9,28,10,10,13,8,1,13,-3,32
9,25,8,33,-4,16,15,30,10,14,7,6
5,8,-4,12,-4,9,3,25,1,30,-2,9
3,-12,0,-7,15,-1,-1,-31,0,-2,10,-37
12,-20,4,-10,-1,-29,-4,-7,16,-20,12,-14
4,-13,18,-7,17,-25,10,0,16,-22,13,-3
0,-1,-5,2,13,1,-2,-26,14,-34,15,-27
12,-28,11,-20,14,-32,8,-18,16,-12,13,-34
5,5,-5,-15,10,-5,6,-23,19,3,1,-7
14,-4,13,5,10,-11,1,-19,13,-6,5,-31
11,-28,13,1,-2,3,16,-30,13,-26,17,-23
9,-25,15,7,-1,-16,20,-9,17,-11,15,-4
12,-9,6,-25,-4,-20,19,-18,3,-14,9,-27
5,-7,20,-18,10,2,3,-21,6,-16,2,2
20,-26,11,3,1,-18,10,-12,2,-8,20,-14
-5,6,18,-19,17,-25,15,-17,5,-23,8,12
10,-2,5,-6,-5,-17,-2,-10,2,-2,4,6
-4,0,9,-4,2,-3,2,-11,4,-9,10,-2
0,-11,20,-7,12,0,8,-4,15,-22,18,14
14,7,7,-11,13,7,5,-11,-5,2,6,2
0,4,-3,-10,20,-17,18,-13,-1,7,-3,8
1,-18,-4,4,8,-20,18,-15,18,7,4,-9
-3,-2,10,-7,15,0,-5,18,1,12,15,-8
-5,-6,12,-8,11,3,-1,9,5,-17,11,6
6,-15,19,-5,1,-16,17,18,8,-2,6,-9
-1,-7,18,-7,3,-10,0,0,-3,14,10,-9
3,8,-4,16,0,-9,18,-1,-1,-13,20,-13
9,12,7,5,6,-4,-1,2,12,-1,3,-14
-1,10,7,-1,10,18,0,11,10,20,5,7
1,0,10,26,12,0,1,3,7,24,-1,17
0,-11,4,20,-5,-9,1,0,0,1,0,18
3,-2,0,15,1,24,14,8,9,17,1,0
10,2,14,5,5,20,18,13,-5,-3,0,13
9,23,17,10,-5,30,5,21,15,22,0,1
0,11,7,6,20,-5,13,16,-1,17,19,-3
12,5,13,3,8,20,3,-4,6,32,-3,25
3,19,16,27,1,13,13,13,14,28,-5,22
0,12,0,2,18,2,4,-2,11,2,-5,11
-2,6,12,35,8,-1,2,21,1,12,2,-3
-1,0,-3,30,-1,0,10,0,12,0,1,32
20,12,-4,15,6,19,9,33,7,13,-4,19
0,8,-1,32,3,5,-2,7,-4,3,10,10
0,0,-4,-36,3,-3,-3,-5,19,-9,1,-3
1,-6,3,1,21,-5,21,0,18,-24,18,-36
12,-4,6,-5,11,1,-3,-31,-4,-2,17,-17
12,-30,19,-1,-2,-28,19,1,17,-15,2,-26
3,4,19,1,4,1,-1,-3,-2,4,12,3
11,-25,16,0,17,-15,-4,-8,-2,-24,18,-7
-1,3,4,6,17,-26,3,-13,3,-23,15,-32
1,7,11,-24,20,-4,-1,4,0,-31,14,-18
1,-1,2,-8,0,-27,-2,-22,9,-10,9,-13
4,7,0,-20,10,2,14,-2,15,-5,4,-13
-3,1,14,0,2,-28,5,-22,5,-27,7,-13
17,0,-1,2,17,-20,5,-17,18,-7,17,-24
-1,-23,19,12,9,-6,16,5,10,-19,6,-13
-2,-21,5,-12,-2,-9,19,9,3,-1,10,-18
-3,-7,10,13,6,-16,16,-23,1,-7,3,2
6,-12,5,-4,16,-6,4,-22,10,11,0,0
21,-18,8,7,7,2,5,-1,16,15,-1,0
0,8,18,-4,5,-6,19,17,3,7,7,-5
10,8,0,5,-2,5,9,3,4,-7,3,-6
5,17,3,6,14,-2,5,-12,15,-12,-4,-15
2,-7,21,-11,16,-13,3,0,19,-10,1,14
-4,-12,19,-5,5,0,10,-17,3,9,14,-10
8,17,11,20,8,8,15,12,1,9,9,6
-1,-11,20,-15,0,0,-4,15,1,5,8,-9
1,8,13,-3,10,-8,9,-7,16,-6,0,-9
3,5,6,10,1,2,-4,10,8,9,14,7
13,2,10,-1,20,-6,8,-4,1,12,12,17
21,-4,8,11,1,3,6,-4,-1,19,14,27
9,22,4,9,16,-7,11,25,11,4,10,6
11,10,5,-8,2,-4,0,3,10,9,2,-1
3,-5,-3,11,19,6,18,20,0,28,17,4
4,-6,0,-1,14,13,2,11,0,26,2,12
0,0,17,21,7,27,19,12,9,13,19,7
10,20,5,23,11,3,13,13,-2,24,16,0
7,1,2,31,-4,13,10,32,19,-4,13,5
6,32,21,29,14,19,7,8,15,17,18,3
1,15,12,10,-4,32,2,6,-3,20,21,14
21,11,15,27,-1,8,7,18,1,14,11,25
-1,6,2,9,8,25,-2,23,12,2,-2,5
-3,-7,4,-22,14,-5,18,-29,5,-38,0,-3
-2,0,2,-37,17,-5,13,-34,19,0,20,-6
0,-3,-3,2,21,-23,19,-27,5,-7,22,-10
-1,1,16,-4,6,3,13,-21,14,-7,1,-3
5,-1,7,-1,2,-24,5,-10,20,-17,20,-10
2,3,15,-31,-3,-8,19,0,11,-31,17,5
0,0,18,-26,15,-27,7,-29,1,-28,18,-28
14,-29,12,-15,18,3,-2,-20,13,1,20,-19
-3,-3,6,-1,10,8,19,-16,0,-27,1,4
-3,0,12,-5,12,-13,-3,2,18,-21,16,-27
4,-1,-1,-3,-3,1,4,8,6,10,10,9
17,2,22,-9,6,-17,21,-21,10,-13,1,-1
21,-18,-2,-25,-2,-20,13,2,11,-14,-3,-8
6,-9,2,-5,5,8,9,-19,3,-14,13,7
7,-5,0,0,22,-21,18,4,8,-20,-2,7
-2,-7,17,-13,21,-12,3,-18,12,11,11,4
1,-4,11,-17,19,7,21,-8,6,-15,4,-19
-2,-15,17,-10,18,9,8,-13,-2,-1,21,2
13,8,10,11,10,12,15,2,-1,-20,7,2
4,4,13,16,21,-3,15,-9,17,13,-3,-7
-3,-9,2,-11,22,-13,9,12,12,-15,9,19
9,15,19,18,11,16,14,-5,11,13,11,-16
7,-14,7,-1,-1,-11,6,7,13,2,0,-5
10,14,0,0,8,7,15,6,10,-5,21,9
16,-2,3,-14,22,-2,9,-9,15,4,10,14
4,6,2,-3,13,10,5,25,3,-11,12,16
1,13,-1,10,21,-7,17,8,6,23,10,-1
17,0,7,23,13,0,22,-2,5,-8,16,23
9,17,1,7,3,1,3,-8,4,4,1,15
19,17,17,4,4,2,12,18,-3,2,13,-8
13,21,13,25,5,4,19,2,10,20,2,8
21,11,22,-5,19,12,16,10,14,-4,13,23
-2,7,14,18,20,6,6,24,10,23,4,6
1,15,11,5,2,-2,12,0,13,8,12,-1
1,1,13,5,10,3,2,26,10,7,9,1
13,24,5,29,16,-3,5,6,15,30,1,27
7,22,-1,31,14,7,4,13,3,27,21,3
17,11,10,29,21,35,0,15,20,15,4,31
0,19,-1,19,18,16,1,15,15,25,16,15
-1,0,9,-11,9,-1,3,-18,21,-34,19,-21
-2,-2,22,0,-1,-11,22,-30,0,-9,19,-1
2,1,0,-19,5,-23,7,-8,13,-6,8,-4
7,-8,18,-27,18,3,4,-23,8,-9,16,-9
7,-5,12,-12,17,-11,15,-4,0,-14,17,-13
12,-13,16,-33,5,-28,20,-8,0,0,7,-23
13,-4,5,-19,14,6,3,-7,22,-27,11,-28
-1,0,0,7,4,-27,1,1,0,-21,16,-26
-2,-5,12,-30,6,-11,21,-3,0,4,-2,-21
0,0,20,-21,-1,6,3,-10,7,-3,9,9
0,0,8,-11,-1,-18,20,-25,15,-21,20,-19
10,8,22,0,19,-27,18,-13,-2,-2,17,-13
-2,-20,17,-9,11,-25,12,-18,23,-17,10,4
17,5,1,9,-1,-20,12,4,2,-15,8,-15
8,-6,16,6,5,-5,23,8,6,-12,11,-14
5,-3,3,-11,11,11,4,8,11,-23,-1,-23
0,-9,3,0,0,14,2,4,10,-14,7,-9
12,12,2,9,7,4,17,-2,7,-12,17,4
22,-8,-1,8,0,-14,12,5,23,8,2,-9
7,5,8,19,1,-18,0,0,0,5,21,10
4,-8,12,-12,9,-12,21,-9,21,18,0,9
2,2,17,-17,-2,1,0,0,10,7,13,20
6,-5,21,-14,3,-16,11,19,2,19,10,13
8,-2,6,12,8,6,21,1,19,-10,11,-15
0,0,21,8,4,19,6,-6,4,24,23,-11
4,10,9,-2,-1,2,19,-6,7,8,17,5
11,-1,23,-6,0,-2,14,20,23,7,18,-9
0,1,12,18,22,1,3,16,11,16,4,7
4,10,2,11,0,2,3,-7,23,-8,14,25
10,1,18,23,0,24,3,20,13,11,19,-1
3,7,18,-1,13,9,11,3,14,6,20,12
11,17,13,8,19,1,10,26,-2,9,15,-4
4,20,2,27,16,25,16,1,2,10,13,3
23,9,21,19,0,25,23,14,22,5,20,33
1,8,11,28,5,-3,22,24,22,7,-2,19
11,24,14,15,18,33,7,16,11,27,23,4
11,23,11,8,8,1,1,22,23,10,6,21
12,10,19,29,4,35,11,16,9,36,5,12
0,2,4,18,1,20,6,22,21,1,6,12
3,-11,4,-22,22,-2,23,-14,20,-25,16,-37
2,-8,19,-31,7,-35,23,-24,13,-27,10,-2
10,-36,18,-20,24,-10,23,2,6,-4,21,-29
1,3,20,-15,15,-11,19,-18,7,-3,24,-6
23,-32,0,4,17,-26,23,-9,16,-26,7,4
15,-29,14,-33,-1,4,18,-28,23,-7,12,-32
1,-5,24,-24,17,-7,5,2,15,-10,4,4
11,-27,-1,-6,5,-1,21,-10,0,0,12,1
1,3,20,-4,13,-12,2,-18,17,-7,12,-10
1,2,5,-28,13,-5,4,4,24,-24,5,-7
6,-2,4,-25,17,6,9,5,9,-5,15,-5
3,-6,4,3,4,1,0,0,4,-21,16,-23
6,-25,16,4,18,12,-1,-26,11,-19,2,-24
3,3,8,7,9,7,20,-10,17,-22,7,-15
8,-15,18,6,12,5,20,1,0,-5,7,-18
6,-10,13,5,20,14,3,0,7,-21,7,-4
2,0,7,14,9,15,8,-18,0,-12,10,-9
5,-16,6,-13,5,-1,7,-2,17,-4,5,-10
7,-14,7,-10,19,13,18,-19,-1,-10,17,3
5,-5,23,1,3,9,6,-17,11,14,11,7
1,-2,9,7,11,-11,-1,-2,2,-2,17,18
6,-8,8,-12,19,-13,8,19,19,-1,12,-14
3,8,0,-9,7,-1,11,-3,-1,7,10,-4
1,-14,10,-6,16,-5,5,-11,13,18,23,10
11,17,12,11,2,-14,16,-7,7,9,0,0
5,11,11,-5,1,-5,5,9,2,11,4,-10
-1,5,0,10,10,-9,7,14,2,-8,7,-7
12,10,5,3,13,-7,9,-2,8,6,10,-6
5,9,12,28,11,5,1,0,11,-6,13,26
5,-8,15,-1,21,-1,8,11,22,2,13,14
7,29,12,-4,16,24,6,8,3,12,24,4
8,-1,4,-3,23,3,14,2,22,8,9,0
1,0,10,29,13,8,19,17,12,16,22,24
1,16,23,2,12,11,21,0,0,7,24,4
7,0,3,18,3,8,0,8,23,12,4,14
9,-3,16,16,9,4,8,35,6,5,2,2
24,4,16,34,0,15,6,27,8,31,19,13
9,0,2,3,3,18,13,29,-1,17,16,14
0,2,19,31,4,18,15,36,1,19,20,1
17,-22,7,-3,4,-29,1,-4,5,-30,14,-35
0,-4,23,-5,10,-6,5,0,12,-19,0,-6
16,-15,3,0,18,-33,21,-16,17,-35,24,-8
0,-7,24,-20,16,2,20,-1,11,-8,10,-33
16,-32,22,-27,3,-3,16,-3,22,-16,23,-7
3,-5,15,-29,21,2,2,-8,1,0,14,-24
18,-15,20,-31,19,-13,24,-2,8,1,16,-15
3,7,8,-13,16,-17,0,-3,8,3,7,-29
6,7,18,8,3,-2,24,-29,8,-5,22,-28
18,-20,0,0,5,-9,25,-23,1,0,13,-3
14,-27,14,-19,5,-15,12,-11,7,-10,20,-12
7,1,20,-22,23,-22,8,0,7,-24,1,-15
18,-10,11,11,12,11,21,-7,18,-22,7,2
13,-20,10,3,19,-18,2,13,22,-8,7,9
13,-16,4,-10,5,-19,0,0,10,-22,3,-1
11,-3,11,5,21,5,10,-17,8,-12,25,-9
21,6,1,5,14,-7,19,-11,13,-5,9,-13
13,13,24,-12,2,-17,21,-15,22,-21,16,0
5,-16,3,-2,4,-3,24,-11,8,-19,4,0
9,-16,17,8,17,-11,6,-16,3,6,0,-16
0,1,6,-15,1,-4,2,-18,12,-5,2,-17
24,-1,11,-5,8,0,5,-17,14,-14,9,-12
1,-4,3,-16,7,11,11,-12,12,14,14,4
4,-7,16,21,15,-9,12,-11,17,21,6,14
5,0,2,0,0,2,24,7,13,-10,18,1
16,-1,11,-8,16,-4,15,15,9,-5,9,1
11,-1,18,-1,17,6,6,23,20,-8,5,-11
12,9,12,19,8,9,17,14,12,20,9,22
10,-6,6,11,2,10,22,8,0,-3,0,-10
22,16,6,4,17,22,7,18,13,16,22,20
12,21,8,14,24,9,10,28,6,24,14,0
8,14,3,9,9,0,3,11,12,8,2,15
16,17,2,9,7,4,1,8,13,18,10,15
24,14,7,15,9,22,4,-3,12,32,18,5
6,-1,1,4,19,28,10,24,5,27,7,17
1,-2,12,14,5,14,18,-1,24,6,20,9
1,3,16,2,10,34,14,19,24,10,23,12
7,3,9,8,20,1,13,4,3,10,0,28
11,34,14,27,4,37,10,25,9,23,14,25
