0,-2,-16,-6,-3,0,-25,-17,-9,0,-23,0
0,-2,-19,0,-3,-27,-14,1,-22,-3,-6,-1
0,1,-9,-31,-3,-28,-3,-20,0,-9,0,2
0,-1,0,1,-23,-4,0,-11,-14,-3,-17,2
0,-1,-21,4,-20,-4,-25,-32,-1,-8,-2,2
0,-1,-9,-25,-5,-4,-7,-32,-12,4,0,1
0,-1,-18,-29,-22,-1,-1,-6,-10,5,-1,-2
0,7,-1,5,-7,-22,-9,7,-8,1,-5,0
0,-1,-4,-23,-3,-21,-2,6,-3,-13,-23,2
-1,8,-23,5,-13,6,-3,-20,-16,8,-15,5
-1,10,-6,-1,0,4,-1,4,-15,4,-9,10
0,-3,-2,7,-17,8,-19,9,-15,-1,-14,2
-1,5,-17,9,-7,8,0,8,-20,11,0,6
-1,4,-22,11,-23,8,-4,-16,0,9,0,12
-2,14,-1,5,-8,13,-7,-17,-1,13,-21,10
-2,13,-1,8,-3,14,-3,14,-22,7,-1,6
-4,11,-17,9,-3,-21,-16,15,-23,12,-25,3
-6,16,-9,-20,-20,-15,-6,-9,-9,-7,-14,5
-3,16,-6,-16,-5,-16,-17,17,-9,-8,-17,7
-14,19,-1,-9,-7,11,-7,0,-15,-1,-20,-12
-14,15,-18,9,-10,7,-7,11,-23,14,0,-6
-20,19,-21,4,-7,11,-11,8,-12,12,-16,13
-12,-16,-25,-4,-18,11,-16,9,-1,0,-20,-6
-19,12,-4,-6,-18,11,-8,-2,-21,10,-18,-13
-22,-4,-6,1,-13,0,-9,0,-20,-10,-9,18
0,-5,-20,-12,-2,20,-14,4,-3,-1,-13,-4
-22,11,-13,19,-19,11,-23,25,-6,10,-17,8
-24,3,-18,21,-24,-8,-24,3,-4,-2,-1,-6
-15,1,-12,-8,-4,28,-7,15,-25,14,-20,15
-20,-1,-11,-6,-19,2,-10,10,-15,21,-12,-3
-18,-5,-18,-7,-13,-3,-13,16,-1,25,-2,-4
-21,17,-20,4,-16,-2,-23,18,-20,-1,-23,18
0,-5,-12,20,-11,26,-17,5,-12,8,-15,7
0,1,-8,4,-21,-4,-21,15,-17,16,-24,1
-19,9,-24,28,-2,-4,-17,10,-13,13,-15,15
-23,2,-20,4,-17,18,-24,4,-12,14,-25,10
-12,7,-9,17,-9,10,-20,25,-20,24,-12,7
-21,37,-23,9,-2,8,-12,12,-14,29,-19,23
-12,15,-25,18,-3,34,-15,22,-7,7,-1,10
1,-8,-23,-4,-17,0,-11,-11,0,-6,-16,-6
1,-9,0,-10,-2,-2,1,1,1,-7,0,-2
1,-9,1,-2,-3,-21,1,-11,-12,2,1,-6
1,-9,-6,-30,1,-2,-24,0,0,-4,-6,-3
0,1,-8,-34,-12,-32,-7,1,1,-8,-14,-2
0,3,-18,0,1,-8,1,-10,-1,2,-7,-22
0,2,-22,4,-18,-22,-4,-3,-8,-16,1,-6
1,-6,-2,-21,-15,2,-22,-4,-12,0,-1,1
1,-7,-16,-2,-16,8,-17,4,1,1,-15,2
0,-1,-3,8,-9,-5,-22,4,-20,8,-17,8
-3,10,-19,8,0,-9,-19,8,-10,9,0,4
-1,6,-2,-15,-23,8,-21,9,-1,7,-18,9
-2,12,-1,-12,-11,9,-5,6,0,9,-1,7
-5,10,-1,-13,-16,5,-12,5,-9,-12,-5,-17
-3,8,-8,-13,-9,-14,-21,-17,-1,-19,-9,-3
-10,13,-22,-5,-6,4,-19,-19,-14,-22,1,-5
-10,-11,-2,12,1,-2,-6,-7,-12,-12,-19,1
-24,-16,-9,-17,-5,5,-13,-20,-4,6,-6,10
-18,-19,-13,17,0,3,-9,11,1,-14,-5,-2
-24,-12,-16,-7,-9,16,-17,-17,-22,-9,-11,14
0,1,-14,2,-22,-3,-18,15,-21,4,-12,14
-20,-2,-19,15,-7,-15,-17,16,-14,12,-4,3
-22,-4,-12,3,-2,12,-5,3,-24,-1,-23,22
1,-10,-1,20,-1,-11,-13,-1,-16,-2,-9,9
-13,-4,1,-8,0,-9,0,7,-17,-3,-5,19
-17,-4,-11,9,-18,17,-5,12,-7,4,-7,-3
-15,1,-15,-4,-22,12,-13,22,1,-4,-10,-11
-8,20,-9,16,-17,5,-12,-2,-12,2,0,7
-19,-9,-15,1,-15,14,-1,13,-3,1,1,21
-18,-7,-13,15,-14,0,-5,2,-23,-7,-22,1
-13,-2,-8,21,-9,25,-18,6,-4,23,-9,-7
-19,-7,-20,9,-21,-2,-24,18,-5,10,-16,12
-7,11,-20,11,-17,13,-12,23,-11,25,-23,25
-11,-4,-22,3,-23,17,-4,14,-6,9,-4,-1
-16,25,-6,21,-10,8,-13,27,-10,1,-24,8
-17,27,-22,21,-8,28,-6,31,-17,13,-20,15
-7,-1,-18,0,-6,21,-9,23,-16,4,-15,32
-5,4,-3,34,-14,0,-23,0,-22,27,-1,4
-7,33,-6,13,-8,32,-18,4,-12,1,-13,19
1,-5,2,-9,-20,-37,-2,-26,-20,-2,-23,-7
1,-5,-13,-5,-18,-2,-13,-30,-1,-26,-17,-2
1,-6,-18,-1,2,-31,-22,-7,-1,1,1,-2
1,-8,-20,2,-2,-21,-1,-28,-11,-11,-1,-32
1,-8,-11,4,-21,0,-16,2,-18,-11,1,-32
0,1,-23,5,-11,-11,-20,2,1,1,-8,-20
-2,5,1,-2,-15,-14,-7,2,-2,3,-20,5
-2,5,-19,-28,-23,6,1,2,-15,6,-14,-15
-1,7,-22,3,0,4,2,-4,-19,5,2,3
-3,7,-20,-7,-22,7,-1,-11,0,-12,1,-1
-3,6,-6,-28,1,6,0,4,-10,7,-11,10
-1,6,1,-7,-12,-19,-15,-27,-6,-6,-11,-15
-10,10,-5,5,-5,-4,-13,-18,-2,0,-12,-14
-14,3,-11,-7,-12,-12,-19,-10,-16,-8,-4,-11
-11,-11,-11,5,-21,-24,-20,-6,-12,-21,-22,-4
-13,-18,-2,-8,-12,-4,-1,11,-13,-1,-7,-13
-20,-18,0,-15,-11,4,-14,-8,-19,14,-6,-3
-19,-8,-15,-2,-18,-4,-12,-5,-15,-16,-9,-9
-15,4,-15,4,-4,-7,-20,-14,-3,12,-9,-16
1,-15,-21,10,-14,3,-4,2,-1,13,-3,4
-12,-7,-6,-5,-13,-10,-6,15,-15,-16,-13,17
-11,10,-18,-17,0,2,0,1,-19,2,-22,11
-23,20,-23,-14,-12,8,-16,14,-14,-2,-21,-8
-8,-5,-23,-2,-20,-4,-9,1,-14,-9,-3,11
-6,-14,-12,-12,-21,-11,-23,14,-9,-2,-9,5
-18,24,-16,-7,-10,17,-10,5,-13,-11,-12,-13
-8,-8,1,1,0,-6,-11,8,-21,-12,-15,3
-3,0,-17,15,-20,-2,-8,16,0,-5,-5,27
-3,12,-20,8,-1,20,-12,-5,-4,2,-6,-2
-4,-5,1,23,-23,1,0,-6,-1,19,-21,22
-2,-8,-19,23,-9,-1,-12,-1,-21,7,-17,8
-4,26,-3,24,-3,29,-20,30,1,22,-16,26
-1,4,-18,20,-11,3,-17,24,-15,32,-12,22
-1,-1,-2,13,-20,17,-19,33,-22,0,0,-4
-1,1,-1,27,-16,27,-18,-3,-23,29,-18,32
-1,-1,-13,33,-9,30,0,34,-7,16,-9,10
-2,3,-1,35,-2,35,-2,27,-16,-2,-2,34
-5,32,-18,36,-17,35,-1,1,-4,34,-16,33
0,9,-9,16,-19,35,-8,4,0,2,-6,2
1,-3,-4,-1,2,-5,-15,0,-3,-27,-8,0
1,0,0,-30,0,-1,3,0,-13,-3,3,-36
1,-4,-22,1,-14,0,-16,-4,-15,-3,-2,-9
0,0,-14,2,-4,-35,-8,-32,-16,3,-5,0
-2,1,-20,4,1,4,-18,-25,-9,0,3,1
-1,1,-2,-16,-4,-31,-20,3,-8,5,-18,-3
3,-11,0,-21,-19,-4,-17,0,1,0,-7,6
-3,7,0,-25,-21,-16,-19,-12,-20,4,-22,2
-6,7,-5,-25,-8,-11,-3,-16,-8,-12,-5,-21
0,1,-19,-29,3,-10,0,-3,-17,-22,-20,-2
-13,6,-13,-8,-9,-12,-20,-23,-3,5,-14,-6
3,-12,-9,-10,-22,-21,-8,2,-21,-5,-19,-25
-17,-23,-18,3,-10,-20,-17,-8,-16,1,-5,10
1,-1,-12,-20,-12,-13,-8,-10,-10,-16,0,9
-10,-12,-17,-22,-14,-4,-20,-4,-18,-19,-9,4
-22,14,-4,-15,-14,2,-16,5,-6,12,-4,-10
-19,9,-12,-16,1,1,-19,-10,-19,16,-1,-13
-3,-9,-19,-20,-20,-4,-11,-21,1,-14,-17,-16
-6,-5,-7,12,-9,9,-15,5,-19,-11,-11,-14
-4,-19,-22,2,1,-3,-22,-18,-10,3,-17,18
-1,0,-3,2,-18,11,-22,-18,-1,-1,-16,15
-1,-2,0,-14,-6,-2,-3,-10,-6,-17,-1,3
0,8,-3,20,-7,-1,-11,21,-4,-6,-14,0
0,-2,-11,23,-3,5,-6,-12,-2,15,-17,-9
0,4,-3,16,0,-8,-7,-9,-13,19,-19,11
-2,17,-14,-4,0,-9,-12,25,-21,21,1,11
0,0,-5,0,-2,6,1,-3,-2,24,-17,19
0,3,3,16,2,19,-1,10,-5,-6,-20,25
0,6,3,15,-11,28,-5,-5,-21,21,-19,26
-1,4,-7,28,-5,26,2,-5,0,29,-20,25
0,3,-17,19,-9,17,-3,25,1,30,-7,-3
-1,-1,-1,4,-13,4,-2,25,-8,3,2,9
0,19,-15,32,-10,32,-9,8,-17,27,-22,16
-3,27,0,10,-1,6,-22,27,-22,31,-10,25
-1,3,-16,31,-19,33,2,26,-2,1,-11,29
-1,13,-17,26,-17,28,-15,9,-22,31,0,7
0,-1,-14,32,-3,3,-13,32,-1,32,-22,34
-4,31,-21,37,3,34,-16,17,-10,24,-3,27
-2,7,-2,27,-12,32,-1,8,-13,7,2,25
4,-16,2,0,-9,-1,-13,-2,2,-1,2,-1
-2,-1,-18,-22,-10,-16,2,-2,0,1,0,-25
-3,1,0,-7,-17,-28,2,-2,-3,1,-6,-34
0,0,-6,1,-16,-6,-16,-6,-6,-12,-14,-5
-7,3,4,-27,-12,-16,-14,-11,-11,-34,-18,-7
2,-4,4,-11,-10,-21,-20,-25,3,-3,-12,-27
1,-12,4,-17,-13,-27,-5,-12,-12,-23,-19,5
-3,-23,2,-2,-3,-28,-1,-29,-8,-11,-10,-11
-8,-19,-10,-23,-8,1,3,-16,-18,-28,-8,-4
-17,8,-21,2,-15,-2,-11,-23,-13,3,-4,-25
-11,4,0,-7,-19,-7,-11,-10,-14,1,-10,8
2,-19,-19,-8,-14,-19,-12,-19,-9,-23,-18,-19
1,-23,-13,-16,-16,-26,-5,-22,-12,-18,-12,9
0,6,4,12,-8,13,-21,1,0,-12,-1,-13
1,-15,2,8,-2,11,1,-4,-3,-16,-19,2
1,-17,-9,-21,0,-5,-21,7,-12,-1,-13,-6
1,-3,4,4,0,-2,-21,-14,-16,5,0,15
0,9,-3,13,-11,3,-6,14,4,15,3,15
-11,18,2,-19,-10,-4,-7,17,0,0,-20,7
-1,13,-12,18,0,15,3,17,-5,-14,-12,18
1,4,-14,18,4,9,-13,14,-15,19,-18,20
-10,20,-2,-16,-4,-5,-15,18,4,12,1,8
1,7,-5,-6,3,21,1,19,3,-4,-13,17
1,0,-1,14,3,12,-20,5,-1,-11,-17,1
1,-6,-7,15,1,2,1,-3,2,14,2,-14
-1,16,-4,25,-5,-6,-3,24,4,-1,-3,16
0,2,3,12,2,20,0,-10,-10,-4,0,18
0,14,-18,16,-12,4,1,-1,4,5,-17,17
0,1,4,20,-8,-2,-6,18,-9,16,-19,-3
0,3,-12,1,-11,21,0,5,2,-9,1,23
1,-8,-3,22,0,23,-1,28,-8,7,3,16
0,10,-21,23,-15,28,-20,16,-14,-1,-5,28
-3,6,-7,14,-7,-5,-20,27,-12,12,-4,22
-20,21,-14,26,0,22,1,26,-11,1,-4,8
-15,29,-19,-2,-16,21,-8,5,-14,4,-12,15
-7,13,-4,0,0,7,-8,18,-3,-3,-9,13
-1,11,-14,31,-9,-2,-12,29,-5,4,0,-2
-1,8,0,12,1,13,-16,32,-2,37,0,15
1,21,-17,37,-12,32,1,3,-10,38,-15,25
-2,-2,1,-16,-20,-16,-1,-3,4,-29,-20,-15
-4,1,-4,0,-12,-29,-3,-29,4,-10,0,-15
-7,2,4,-20,-3,-21,-7,-33,4,-22,-4,-31
-7,2,1,-30,2,-4,-9,-31,-1,-16,-14,-23
-4,1,-18,-9,-13,-31,-12,-31,-20,-18,-7,4
-1,1,-5,-30,-7,-33,-8,-7,2,-3,3,-30
-2,3,-1,-16,-12,-26,-14,-29,-6,-28,-5,-24
2,-24,-4,4,-16,-1,-20,-11,3,-23,-2,-16
-5,-25,-16,-17,-12,-8,-14,-5,-15,-27,-3,-15
-5,4,4,9,3,0,-3,1,-10,-5,-8,-14
0,-20,-6,-27,-4,-23,-8,-16,-13,2,3,-19
-1,0,-13,10,0,4,-20,-5,-12,-27,-14,0
1,-5,-20,-4,-13,-24,-16,-3,2,9,-11,-9
1,-22,5,-2,-15,-2,-16,2,3,-6,-2,-17
1,-2,0,-24,-16,3,5,-15,5,1,-9,-7
1,0,-17,-4,-2,-22,-15,0,-10,-10,4,-19
1,-21,-2,-21,-16,-12,-1,2,-1,-1,4,-11
-2,13,-18,11,1,-21,4,-15,-4,-8,1,-2
-8,16,-18,8,-6,0,0,-13,-4,-18,-2,-18
0,-13,-20,16,-4,0,-15,18,-15,-1,-5,-8
0,-14,-1,-18,-3,-2,-1,9,-3,18,-3,7
-1,3,-5,-16,-8,0,-5,-15,-15,15,-2,3
0,-6,-17,18,-14,17,-16,15,-9,20,-20,16
1,4,3,11,1,1,-3,7,-19,9,-4,0
1,-5,-6,24,4,14,-7,8,2,11,4,17
1,-5,2,11,4,-3,-15,21,-19,25,2,-5
-12,14,-14,0,0,12,-4,10,-5,-3,-6,6
-17,2,-6,14,5,6,-9,24,4,14,0,7
-20,-9,-7,8,3,18,-10,4,2,16,-11,1
-3,25,-4,8,-19,15,5,9,-19,18,-15,17
-1,13,0,3,5,-1,-3,20,-11,8,-12,28
-6,28,1,10,1,-3,-2,29,-7,-4,-8,30
3,22,2,30,-12,23,-17,-6,-5,-2,-9,24
-16,-1,-20,21,4,2,-13,-1,-18,-2,-13,-1
-17,25,-5,14,-4,25,-11,8,-1,9,-16,20
-3,10,-1,2,-18,6,0,13,-6,27,0,14
0,17,3,17,-5,21,3,10,1,19,-13,13
1,3,-1,7,-18,29,-2,34,-1,33,5,26
1,20,-20,24,-8,33,-16,25,-3,2,2,30
-1,0,-11,-35,-14,-1,-11,-10,3,-36,0,-34
-2,1,-4,-16,-8,-5,2,-7,-18,-14,4,-3
5,-11,-8,-6,-16,-3,-1,-4,-18,-11,1,-7
-2,2,-1,-25,6,-6,-17,0,-3,1,2,-17
-7,3,6,-31,-12,-16,-4,-12,-19,-11,2,-29
3,-16,-15,0,5,-1,2,4,4,3,1,-24
-4,3,-11,6,-10,4,1,-2,0,-2,-16,-1
6,-11,2,0,-10,-2,2,4,-18,-3,-19,-26
-16,-25,-11,-4,-9,5,-3,-18,2,-14,0,-6
-4,-5,-8,-8,1,-23,-18,-23,-19,-4,-2,-3
-15,2,-17,-15,-9,-15,-13,-20,1,-15,-1,-6
-3,-17,5,-1,-11,-17,-7,-23,-6,-17,-14,-5
-2,-21,-5,1,-10,-26,-3,-5,6,6,1,11
-2,10,0,6,-9,12,-3,-23,-16,12,-8,7
4,-22,1,-15,-16,-3,-5,-4,5,-11,-2,-12
-2,-17,3,-10,2,12,-17,-19,-15,-1,-13,0
-4,-14,2,11,-3,11,6,8,-7,6,-9,11
-2,-14,6,-2,-17,15,5,13,2,-9,4,6
1,0,4,-18,-12,9,5,7,-11,-10,-17,-19
4,-5,-5,-12,-11,13,-8,-16,-11,-15,2,16
-10,12,-2,9,-5,-14,-9,10,-10,2,-7,-4
6,-4,-4,11,-6,20,-16,-13,-3,4,-3,16
-6,11,2,18,3,10,-3,15,5,7,-8,-2
-1,16,-13,4,-5,14,1,6,3,-9,6,2
4,-1,-8,-8,-6,-5,-16,11,3,10,-12,-6
-6,19,-4,21,-16,7,-1,15,-15,4,-4,7
-4,16,-10,10,-8,22,5,8,-11,-1,-3,10
5,3,-8,11,4,13,-8,7,4,16,-9,-3
-7,9,-1,13,-8,10,4,12,-9,11,-10,11
-2,3,-4,3,1,4,-14,13,-4,18,-12,15
-7,23,3,24,-4,8,-4,13,-2,-8,-1,17
-3,11,-15,11,-17,0,-16,14,-16,26,-1,4
4,-5,-5,28,-19,10,-10,26,-13,11,-13,28
-5,-3,5,-2,-15,10,0,13,-19,7,-14,28
0,5,-10,30,-19,20,2,16,-10,27,-18,29
4,0,2,9,-13,18,-4,8,-13,11,-17,32
0,4,0,26,-5,25,-19,22,3,8,-13,-2
-3,6,-6,32,-14,2,-13,21,-2,7,1,34
1,5,-18,27,-14,20,-3,1,2,8,-10,31
2,-5,5,-18,-4,-23,-4,-32,3,-1,-14,-37
5,-6,-12,-5,-15,-1,-4,-11,-13,-7,0,-18
4,-2,-1,-30,-18,0,-5,-34,-4,-8,6,-10
-6,3,-11,-14,-11,-26,3,3,-4,-10,-9,3
3,-24,-3,4,-9,-31,0,-23,1,2,6,-34
1,-3,-17,-10,7,-2,-16,-3,-18,-2,-1,5
1,-1,-4,1,-17,-24,-6,-19,5,-21,-7,-17
-2,3,-6,-17,2,7,-8,-16,-15,-2,-15,-3
1,-20,-6,-17,-17,-11,-12,-14,-10,-18,-12,-1
2,-6,7,-29,6,-16,-5,-21,-11,-1,7,-1
0,-25,-5,-24,-5,6,0,-8,2,-21,-9,-1
2,-27,-18,-20,0,-14,-8,8,-15,-12,-15,3
1,-18,-14,-7,-1,-15,-7,10,-8,10,-8,4
-2,-8,-17,12,-11,8,4,-1,2,-8,-4,-20
-4,-20,5,-24,0,13,-4,-24,-11,-14,5,2
-2,-18,-2,-16,1,-2,-4,-22,-13,11,-5,-20
1,-11,-1,9,1,5,-10,4,-13,14,0,15
-2,-9,-10,6,-8,7,6,14,-4,-19,5,0
-5,13,2,-15,-3,-12,-18,-7,-5,8,-2,11
-6,-18,-1,-17,2,2,-5,-13,-18,13,1,-7
-10,12,-1,-14,-9,10,3,0,-7,11,-6,13
-10,16,-12,-11,-13,-12,-12,10,-18,-3,-14,-13
-3,-15,2,-8,-7,11,-4,22,-6,-11,0,-12
-2,-7,5,-4,-11,15,-7,15,4,7,-7,10
-17,-5,-6,13,-10,-3,-10,-6,-4,12,-16,14
-11,14,-6,20,0,22,-4,10,-8,-4,-3,14
5,10,-9,11,-1,-12,7,2,-18,7,-15,-7
-11,-7,1,1,-14,9,-13,3,-18,11,-1,6
-15,6,-8,7,-10,27,2,13,-14,1,-14,7
-16,25,-13,-5,-6,15,-10,18,-1,17,-6,4
-6,21,-7,28,7,3,-12,13,-7,-2,0,28
-6,21,-18,26,3,-4,-4,6,-17,1,7,3
-3,1,7,2,-8,9,1,30,2,2,-16,12
0,-4,0,27,-18,33,-4,4,6,-3,-11,30
-2,9,-18,1,1,27,3,-4,0,25,1,27
5,1,-11,32,-11,8,-14,0,-1,9,-14,35
1,27,4,17,-8,27,2,10,-15,12,-15,17
1,6,-12,33,-12,16,-15,33,4,6,-8,16
0,11,-13,31,7,10,-14,18,7,33,2,0
3,0,5,-9,-7,-2,1,-5,8,-21,-13,-25
-2,1,-9,-15,-3,-1,-9,-4,-1,-33,-8,-9
-3,2,-16,-26,3,-20,-8,-18,4,-11,-6,-32
4,-6,-11,-7,-13,-1,1,-23,3,-16,-13,-13
2,-6,-14,-4,3,-25,-14,-4,0,-12,5,-28
5,-5,3,1,-13,-30,8,0,0,5,-8,-19
4,-8,6,-10,8,2,-15,2,4,-13,-3,-10
6,-19,-13,5,2,-25,5,-31,-6,-30,-1,-25
4,-28,-1,-3,-8,-3,-14,-2,-7,-7,-2,-15
-3,-28,-16,-3,-9,-22,3,5,6,-6,3,-16
-7,3,-11,-20,-4,-22,-12,-28,-15,-10,-13,-23
-8,8,-6,-14,-17,1,-8,-25,-16,-11,-13,-24
1,-16,-2,-12,1,-12,-9,-11,6,0,1,-16
-4,-20,6,2,8,-12,-13,-6,-8,-12,-9,-22
-13,10,7,-13,-1,-2,-6,-15,-4,-16,-2,-5
-3,-9,-6,-8,6,8,6,10,2,-7,6,-21
-7,7,5,-21,-9,-19,-10,-19,6,-18,-6,-14
-3,-15,5,-7,-5,11,-2,8,-1,-6,5,15
-15,7,-9,-15,2,13,1,-11,-17,-19,-2,16
-10,9,1,-13,-5,-3,-2,5,-14,-1,3,-18
-3,-6,-5,-3,5,9,2,-14,4,-16,-13,-7
-4,11,-17,-16,-7,-3,-6,-9,1,6,2,-15
-7,-15,0,20,2,7,5,14,-16,-1,-8,-11
-9,8,-11,-11,3,10,-5,-10,-7,-1,-9,-13
-3,7,-8,-10,-3,4,7,24,6,-5,-17,2
-13,-2,-7,11,-7,4,-10,-3,-5,5,-8,13
-1,11,1,-9,-4,9,-14,3,-5,20,8,-3
-13,-2,-11,-6,8,-3,-2,21,-1,19,-16,13
-17,-2,2,3,-10,3,-17,26,-14,-6,-10,-9
1,-7,-1,27,-10,25,8,26,-4,3,8,20
6,-1,-16,20,-12,-4,-8,27,-8,17,4,25
1,2,3,-3,-1,-7,4,26,0,2,-3,9
-8,26,7,27,2,2,7,17,-7,-2,-4,26
-10,29,-3,-3,-14,13,2,10,-13,7,5,28
-10,27,-11,25,8,19,-4,30,-17,6,4,-2
-15,29,0,23,-1,32,6,11,-10,1,-14,9
-2,12,-7,12,-7,25,-11,13,-2,15,-4,33
2,15,-13,27,4,4,0,13,-13,33,7,36
1,6,-5,35,4,29,-15,7,-9,33,-11,37
4,-1,-3,-4,9,-34,6,-19,2,-37,9,-14
-1,-1,-3,1,6,-20,-10,1,-2,-30,-13,-4
0,0,-13,-5,-1,-31,1,-29,-15,0,0,-25
1,1,8,-10,-4,-23,-11,-11,-14,2,-13,-35
4,-22,0,4,6,-21,1,-32,2,-4,1,-27
2,-17,4,-13,-6,-17,-11,-8,3,-30,1,-12
-16,6,1,-14,-4,2,-5,-3,-3,-11,-5,-16
7,-10,-9,-17,-3,-18,-16,-28,-8,-5,-6,-13
-9,-13,-11,-10,0,-28,-11,-17,-16,-21,-3,-7
-2,0,9,-11,-2,-16,-5,-16,0,-7,-13,-19
4,-2,-8,-15,-15,-27,0,-17,-11,-11,0,-26
2,-6,5,-7,-15,-7,-3,2,-15,-15,3,-16
-12,5,5,10,-9,-4,-15,-22,2,2,-16,-2
-15,-2,-4,-20,1,-6,7,-10,-11,-3,-10,-7
5,2,-10,7,-9,0,4,7,-1,12,5,0
-16,-3,-4,-23,-5,-5,-11,-20,-12,-8,9,-9
-11,13,-3,9,-3,-3,-6,-21,-4,-14,-11,-10
-15,17,7,-3,-3,-19,0,-8,4,12,-15,16
-15,13,3,-6,-4,11,9,-20,-8,7,2,-3
-3,12,-1,4,-7,19,8,-3,-7,-9,-1,4
-7,8,-16,-14,7,8,-1,15,-14,3,-11,-17
-3,6,-7,-2,-10,7,3,-14,-15,-17,8,3
-1,10,-15,-5,-4,-1,5,8,3,9,-11,11
-8,2,-12,-15,-15,19,9,4,-14,-13,7,-3
-8,6,-16,22,0,16,-7,10,-6,2,-2,1
-13,9,-11,3,0,10,-11,-11,-12,5,-10,8
-14,5,8,-11,-1,7,-2,15,1,11,4,-9
-12,3,-7,13,-1,18,-7,8,-6,8,1,7
0,6,-16,24,-14,25,-6,21,-5,23,-8,25
0,-3,8,5,-14,16,-15,17,-2,-8,-15,-6
5,20,3,11,-1,6,-4,17,5,22,3,24
3,-4,-13,0,4,25,1,29,-7,10,8,7
3,16,-1,-4,-13,21,-8,19,-4,24,-9,25
1,6,-15,19,-10,26,-4,16,6,31,4,27
0,5,-5,24,-12,14,1,34,-3,18,0,15
-2,0,-1,21,-2,31,5,13,-13,29,2,-2
-13,32,-13,11,-8,22,-1,7,-16,11,7,18
0,0,7,35,-1,-1,-1,-1,-7,28,-10,5
-10,36,-15,5,5,6,-8,13,-14,17,6,35
0,-1,7,-21,-14,-1,10,-10,2,-3,-13,-14
8,-7,3,-37,4,0,-4,-9,7,-33,-10,-28
7,-4,2,-12,3,-30,-6,-16,-2,-3,-13,-15
-6,3,-11,-13,9,-14,8,-30,-8,-8,-13,-19
-11,-2,-9,-21,2,-3,3,-3,2,-5,8,-27
-1,-24,1,-8,1,-5,-13,-14,3,-7,-15,-32
-15,-17,5,-17,-13,-5,5,-32,-11,-18,-14,2
2,-5,-4,-8,-9,-24,8,0,5,-30,-1,5
9,-29,-11,-16,2,-26,-15,-7,-4,-4,-7,-19
-15,-23,-5,5,-11,-10,-14,-10,-11,-22,-8,-16
-15,7,0,-19,-1,-4,-2,2,-7,-12,-11,7
-15,0,-12,2,-15,4,-12,-3,0,6,-13,-4
3,-4,-9,-25,0,-23,10,-16,-1,-4,-8,-14
-14,-15,-14,-17,4,-1,10,-19,1,-2,-1,-8
1,3,-4,-13,-10,-16,-6,4,-12,-7,-3,-21
-13,-23,-7,-21,5,-11,9,-15,-8,-2,-9,-19
-7,5,-2,-22,-3,3,8,-2,6,1,-4,12
-14,9,6,2,-12,5,3,-13,-3,8,4,-6
1,-6,-13,-13,-5,6,3,-18,0,18,-9,6
-5,-4,-6,7,2,13,-7,-9,3,14,1,-19
-3,2,10,-14,5,-16,-4,15,-5,-7,-1,-16
-5,3,1,7,-3,4,0,13,-11,-1,6,-13
-10,6,-4,-2,10,8,2,5,0,6,4,-3
-2,5,5,17,-4,-1,-10,5,-1,-15,-11,8
-4,5,-8,10,-9,2,-6,-10,-7,-11,-11,-14
4,11,5,11,-12,12,2,2,-13,10,-5,8
-8,8,-7,11,-10,0,8,-2,-9,8,-5,-6
-8,5,1,9,-12,-8,-13,12,-4,20,-5,3
7,17,-4,22,-12,3,-15,9,-15,25,-11,-4
-10,23,-14,16,-4,19,-14,8,1,23,-10,-7
-15,22,-3,-1,-13,0,4,-2,-13,4,-8,20
0,-4,-11,23,-8,30,0,-4,-1,12,-5,8
5,12,-1,31,2,15,-5,31,4,23,0,4
9,19,9,7,-6,15,-12,17,2,5,3,0
5,24,-7,-4,5,13,-10,5,-3,7,-4,1
4,15,7,17,-9,15,6,25,5,19,-15,16
-5,33,10,12,-9,36,-7,16,-6,0,-13,4
-5,32,-4,30,-11,21,8,6,2,10,6,16
1,4,10,17,1,6,-8,31,-13,30,-3,35
8,-7,-3,-28,-8,-35,-4,-15,-8,-14,1,-6
8,-8,4,-23,11,-23,-14,-8,-2,-1,-11,-3
9,-26,1,-26,-2,0,7,-26,11,-31,4,-36
-4,-33,2,-13,4,-16,-14,-24,-9,-20,-8,-22
-13,-34,-9,-17,10,-20,-2,-1,-3,-7,-8,-6
10,-17,7,-6,-3,-18,7,-6,1,-18,-6,1
-7,-18,3,-4,6,-6,9,-19,11,-21,10,-26
-13,-15,-13,-28,-1,-14,6,-6,5,-8,5,-9
11,-18,-9,-5,-1,-29,0,-12,-13,-24,-12,3
-5,-18,2,-11,-3,-23,-7,-20,-2,-14,2,-6
-14,-28,-10,-8,2,-1,-2,-20,2,0,-5,-28
-2,6,11,-17,-3,-20,-2,1,8,-7,-14,3
0,2,-7,-11,-2,1,1,-6,10,-23,1,5
-9,-16,3,-10,11,-22,-6,-13,10,-10,5,-4
9,-1,0,-13,-10,-22,4,3,5,8,7,5
-1,-15,-12,10,-1,-13,-1,-8,-6,5,7,8
-14,2,5,16,0,-14,-7,-22,1,-17,1,12
-13,0,3,8,9,-19,7,-18,-9,-10,5,9
-13,-15,-4,3,-4,0,5,-20,1,8,3,0
-9,-8,0,7,3,10,4,-1,-4,6,-1,5
-2,6,10,-12,-2,1,-11,11,2,7,9,-5
-2,6,-5,4,-5,-4,-12,-16,4,5,3,6
-4,5,-11,-5,-5,-2,-1,-6,-13,13,-1,4
-3,8,-3,11,-7,-11,4,1,-8,4,-2,2
-6,11,-4,-1,-13,7,11,7,10,-10,-1,2
-3,9,-8,-3,-10,13,0,-6,9,18,-2,14
-1,9,8,18,-7,23,-11,21,3,15,10,21
-11,0,7,15,-11,-3,-11,15,-2,-9,-3,16
-1,-3,10,8,-9,4,-7,14,4,6,-10,0
11,9,-12,28,-12,28,0,19,-10,21,-2,-5
-13,27,8,25,-9,19,7,15,1,10,-9,3
-3,21,-2,25,2,7,8,10,9,-4,10,2
-11,26,-9,17,-14,-4,11,23,-3,29,9,23
-1,9,4,16,-4,33,-4,28,-8,26,7,5
4,1,-6,25,-10,12,5,-2,8,27,-5,6
1,-1,-13,11,0,23,7,12,-14,8,7,3
-3,34,0,33,7,17,-12,10,-7,30,9,13
4,17,1,7,-10,10,-6,18,-10,12,1,6
-1,35,-12,15,11,37,11,32,9,1,5,6
7,-17,8,-8,1,-36,-5,-4,-2,-4,5,-26
-1,-37,2,-22,-12,-9,3,-21,2,-37,-11,-18
-4,-33,-1,-14,-2,-34,-11,-30,-5,-22,9,-24
-8,-21,5,-13,6,-6,-11,-18,-3,-23,-1,-13
-10,-27,6,-28,-2,-25,0,4,-3,-17,3,-25
3,-5,-12,-21,-13,-19,6,-10,-4,-12,-9,-25
0,-16,7,-4,-4,-23,3,3,-7,-25,-4,-23
12,-22,6,-13,3,-21,-6,-25,-1,-11,-11,-27
-7,-10,9,-8,-6,6,-9,-29,-13,-28,-10,-19
8,-2,-8,-19,6,-27,-11,-19,0,-22,-8,-10
-6,-22,-6,-5,-8,-27,-1,-18,-10,-3,-11,-17
-7,-20,1,-22,-12,-27,3,9,-7,-21,-11,-14
-9,-9,-8,-20,6,-8,-11,0,-10,-3,-7,-15
-5,-17,12,-16,3,11,10,-9,-13,-22,-2,-18
-2,-17,2,-8,11,-22,10,1,5,-3,-13,-21
0,-19,-2,-7,10,-10,5,-18,-5,-1,-9,6
11,1,-13,-6,-10,-20,0,10,-7,-18,1,8
-3,-7,4,-5,12,-3,-12,1,-6,-18,-13,-12
3,12,-3,6,0,-16,4,3,0,5,11,3
-11,3,-9,5,-13,6,0,5,-1,-5,4,3
0,1,3,10,7,5,2,-5,-8,-6,1,3
0,9,12,7,2,-6,-9,-6,2,-9,-4,-15
1,9,6,21,-7,3,5,-6,10,13,8,12
-2,10,-7,9,-13,6,-1,4,6,-6,-10,-11
2,8,11,3,11,6,-4,-13,4,2,-12,-1
-9,9,-3,-6,0,5,5,25,-2,-8,2,22
-1,13,0,-6,7,-7,-2,13,-13,-6,-9,13
-7,13,6,12,4,-1,7,9,6,15,0,16
1,7,-6,9,12,-10,-9,7,-13,16,-4,-3
-8,17,-2,11,-3,-5,-1,2,5,11,-11,21
2,26,-10,17,-2,29,-6,8,-7,24,5,13
-13,27,7,31,11,15,3,11,12,-5,2,10
10,20,-5,1,-11,-1,-9,-6,-3,31,-9,31
10,22,8,-5,3,29,4,32,-5,24,-9,10
-9,-1,-6,6,10,10,2,10,3,14,11,17
-7,27,11,-3,-4,3,12,17,8,0,2,22
1,32,-3,0,-11,2,11,9,1,4,-13,13
6,18,-3,30,-9,31,3,36,-13,17,7,20
10,6,6,35,9,3,-5,7,-12,35,-5,7
5,-29,-12,-30,7,-6,-9,0,-11,-6,-11,-6
3,-31,-5,-25,-10,-9,-1,-35,-11,-19,-6,-23
-8,-7,-10,-22,-6,-16,-10,-23,6,-5,0,0
-2,-8,-2,2,13,-26,11,-24,4,-11,-10,-21
-12,-15,2,2,1,-19,-2,-31,-11,-14,3,-18
-2,-33,13,5,0,-4,-11,-20,4,-32,7,-14
-3,-23,6,-30,-1,-28,3,-25,3,2,-12,-28
-8,-23,-11,-15,12,-31,-5,-18,2,-2,0,-24
-1,-21,-10,-14,-8,-5,3,-14,-8,-20,13,-23
4,4,-12,-23,0,-21,-10,-13,-6,1,-11,-28
-6,-28,5,5,11,-3,-8,-15,1,4,-11,7
-9,-3,0,3,-2,-8,-9,-24,13,-23,5,7
-9,0,-12,1,-9,-3,-4,-22,-12,-18,-2,-15
1,-22,-11,-16,-9,-21,1,-2,9,3,-9,7
-7,10,-7,9,2,-8,-11,-8,-5,-17,-5,-19
-9,4,1,-18,3,-3,-9,-14,-3,-23,2,-16
0,-20,-2,-13,-4,-9,2,-18,-10,-17,-12,15
-11,15,5,-4,-2,1,-2,-12,-5,3,3,-15
-4,-11,3,6,6,18,3,-5,-10,2,2,-17
-3,-2,-7,3,11,-18,-11,17,-8,2,9,15
2,2,5,19,7,10,-3,9,2,2,1,-5
0,4,1,11,6,-10,5,7,-4,18,5,-1
-1,10,10,12,0,2,8,19,-6,-3,-5,1
1,10,-4,-9,3,-8,0,19,-8,-14,13,-11
-5,7,-12,18,7,-14,8,12,-6,7,-5,-4
0,5,-10,9,-1,4,-10,5,-9,-2,-1,11
-3,13,11,13,-12,-5,-11,25,-4,8,-7,18
-12,5,-10,10,-7,27,1,5,7,4,-2,13
12,-8,-1,2,12,-1,6,12,-7,4,-9,-3
-12,13,-7,-1,-7,13,0,26,-8,11,0,-4
0,3,3,22,-3,8,-3,-5,-12,-3,-12,13
-11,-5,-7,-4,12,4,-5,20,8,-5,5,-7
-9,-3,-4,14,-12,12,1,14,-1,31,0,0
0,1,5,27,-12,21,1,0,12,5,-4,16
-12,22,13,9,8,10,-9,23,-10,7,6,23
-6,25,0,20,8,12,-5,-2,-1,19,-11,8
-11,35,4,4,4,19,-10,-2,3,22,-12,36
6,19,8,9,6,7,-11,30,8,19,8,9
5,10,9,2,13,6,-9,14,3,21,12,8
-3,-3,-8,-30,-10,-28,3,-26,-11,-10,-10,-38
-5,-3,8,-13,4,-15,-6,-6,9,1,-5,-22
-1,-8,-1,-21,9,-29,-7,-24,-4,-2,14,-17
-9,-10,4,-4,-6,1,-4,-28,12,-13,-10,-19
4,-3,-2,-6,-5,-22,-2,-24,2,-15,-6,-14
1,-29,-2,-28,-10,-27,14,-18,3,-19,-10,-19
-4,3,7,-8,3,-4,12,-28,4,-20,6,-8
8,-29,12,-26,-5,-22,8,-2,-4,6,13,-18
-9,0,5,-15,11,-18,9,-16,-2,-29,8,-5
-6,0,3,-19,12,-26,7,-8,1,-29,0,-20
-9,9,-4,-10,-5,-26,-6,-13,0,-9,12,-14
0,2,-8,-17,6,-26,10,-10,2,3,8,11
7,-22,11,-5,6,12,4,8,5,-23,3,8
3,-20,10,7,3,-19,13,-3,-3,-2,-11,-17
-8,1,-9,-18,-2,-5,-4,5,7,-19,12,1
0,-18,-2,-10,3,-9,-1,-6,14,-16,8,-3
13,0,2,-21,-2,-1,-11,-10,8,-15,-3,4
0,10,-2,4,-3,-12,7,-4,-1,-18,4,-9
-3,-7,-9,3,7,11,-5,-19,11,7,4,-2
2,5,3,-6,-6,5,-2,-3,-8,-7,-1,-7
8,7,-7,7,12,19,-11,-13,8,-4,-4,-15
0,3,2,4,8,-2,-6,13,-9,-16,12,21
5,6,-9,-7,-6,2,-7,0,-8,8,12,6
-3,6,0,-12,-1,10,-10,17,8,-10,-11,3
-2,7,-1,5,-6,1,1,22,12,11,-5,-7
-8,-1,8,13,-5,0,9,-10,-10,24,11,13
-1,13,-10,8,4,-11,-1,12,-6,19,-3,-8
13,-1,11,15,-8,24,-3,6,2,-2,0,7
-4,-10,-5,-7,2,16,3,11,13,9,-1,10
-2,1,2,15,4,4,12,8,4,1,2,5
13,-3,2,28,0,-5,12,16,-10,11,1,11
9,17,3,11,10,21,0,8,-11,23,1,4
-2,17,7,32,-7,7,-9,2,-5,27,5,15
-9,18,1,6,6,31,-7,25,-7,27,2,25
-3,-1,0,-3,-7,19,0,16,-5,24,2,18
-11,-1,2,22,13,14,-7,25,-4,20,4,27
9,0,-8,12,-11,3,-3,0,-2,1,1,16
13,-1,-1,17,8,33,4,16,3,16,0,12
-6,38,-5,21,-10,4,-9,24,0,9,-5,19
12,-12,10,-20,9,-13,7,-37,7,-24,10,-31
2,-7,12,-19,-6,0,-3,-9,7,-3,10,-31
-10,-3,-10,-7,-7,-21,15,-14,5,-16,-5,-23
-10,-32,2,-19,-2,-23,3,-24,1,-17,8,-7
0,-4,-2,-30,1,-1,7,-28,-2,-17,-8,-14
13,-33,2,-24,-8,-1,6,-18,-1,2,10,-14
5,-21,14,-4,-10,3,-10,-1,15,-8,0,4
8,-17,8,2,8,-27,2,6,8,-29,9,3
13,-25,8,-10,12,-15,15,-25,11,-24,4,2
8,-16,9,-19,10,8,-8,-1,-7,2,-4,2
-8,0,8,-19,-7,6,10,-27,8,-19,0,-26
4,-17,-2,-6,-2,-23,3,-1,4,-6,-6,-20
7,-12,7,-19,-1,9,-5,-5,9,-25,0,2
-1,2,4,-13,5,5,-4,-25,-7,-25,-6,-5
-8,7,14,-9,7,-16,-3,2,5,11,-3,3
5,-8,10,-20,3,5,4,9,1,-11,-2,1
8,5,2,-21,-8,-2,7,-6,6,7,12,-18
-8,-18,3,2,13,-16,-2,-1,1,3,-5,3
-5,-3,-5,4,-10,-19,10,17,-1,4,0,-13
1,-2,6,7,8,-9,7,-8,-3,3,14,0
-5,0,-10,-8,-8,-5,-6,-11,6,2,-10,9
7,12,2,7,-9,-10,-5,-12,7,-10,15,-2
-4,-4,0,-16,8,9,9,4,7,12,4,4
3,7,2,-5,-3,10,9,19,10,0,2,-14
0,12,10,12,-10,15,4,-6,1,1,6,6
-8,3,1,14,-5,3,-10,-4,4,14,-9,8
1,9,-8,15,6,14,15,-4,12,-11,-4,-9
6,10,-8,-6,2,0,13,15,-9,6,11,0
1,25,-7,6,-5,1,3,-10,2,13,4,1
-4,-4,8,8,-9,9,-2,15,-3,16,10,-4
14,-5,-3,26,6,5,5,18,2,-2,3,4
-5,-5,5,13,0,-2,-4,13,9,-7,-5,22
2,8,-8,-2,4,15,-5,10,14,12,4,2
-8,-4,-9,8,14,-1,9,11,-3,9,-2,23
-9,15,-4,13,15,24,14,5,5,10,-5,0
15,8,-4,22,-2,11,0,17,-2,33,3,1
-10,8,-7,2,2,8,15,2,6,9,1,29
-2,3,14,7,-9,8,13,20,1,12,-9,11
-5,5,-1,38,5,21,9,26,-6,6,7,1
4,-4,-8,-3,13,-33,-2,-1,10,-30,13,-38
-9,-24,3,-3,15,-13,-6,-36,11,-12,-1,-12
0,-18,-4,-15,-1,-9,1,-25,-2,-10,11,-12
7,-24,15,-33,12,-9,11,-13,5,-24,4,-10
10,-34,0,-1,10,-15,-1,-25,-7,2,6,3
14,-22,13,-31,11,-22,3,-31,-7,-20,7,3
5,-17,4,-23,15,-6,-3,-26,7,-15,15,-15
14,-16,11,6,6,-27,1,-21,15,-24,13,-17
11,-13,13,8,9,-10,15,-6,4,-17,-4,-15
14,-12,14,-23,-3,3,-4,-22,-2,-24,-6,-3
2,4,11,8,-4,-7,13,5,1,0,-5,4
1,10,14,-6,-8,-15,12,-26,16,-9,-1,-22
14,-10,-1,-8,11,-23,6,11,-3,9,-9,9
-3,-11,2,10,-3,0,14,2,11,-1,1,-15
-6,-4,0,-15,15,-8,7,6,-7,-15,-6,-7
4,-17,8,-2,5,0,15,-22,16,-14,8,7
11,9,-3,8,-3,-7,6,-12,7,5,-3,-2
2,-20,-6,2,1,0,-5,-17,-6,-8,2,-18
3,-4,16,-4,-3,-20,1,-7,14,0,8,12
3,7,-6,-17,6,-17,-7,-17,3,8,1,-10
9,6,0,-15,14,9,11,9,16,-4,-9,8
-6,-2,9,-1,6,1,8,2,15,4,3,8
8,6,8,3,1,-6,-5,-11,-6,-8,14,-6
5,7,1,6,-2,13,11,2,-3,-12,12,12
3,8,6,19,6,3,-6,17,11,4,5,12
2,3,15,10,-4,0,-6,4,-1,12,-8,-6
6,9,5,5,-6,17,-5,21,6,-9,-3,-3
-5,9,4,9,-7,8,15,14,11,-5,-1,-5
-6,4,-8,-4,13,9,1,-6,14,2,8,4
-7,4,4,-6,9,24,-1,-3,-7,11,-2,0
0,-4,-3,12,13,-6,-4,4,-6,-3,16,-8
10,19,10,15,4,26,-8,2,-7,19,1,22
15,14,2,27,-9,-6,-3,25,3,6,-8,-1
3,0,-4,13,4,2,12,0,-1,2,1,22
-2,1,1,-1,16,26,-7,17,16,-3,0,-1
15,6,8,-2,13,19,6,9,10,7,-6,0
-3,14,-5,24,-6,-2,7,24,-7,5,13,25
8,29,-1,10,1,2,0,5,8,2,7,27
-4,20,10,33,8,24,5,24,15,0,4,1
8,-36,-5,-29,3,-2,-4,-4,8,-12,1,-5
-8,-14,-7,-30,-1,-22,10,-24,9,-17,17,-34
6,-36,-5,-31,11,-25,2,-31,10,0,2,-20
7,-26,-2,1,1,2,11,-7,14,-20,-3,3
6,-1,14,1,12,0,3,-24,-4,-8,2,-3
10,-4,0,-1,0,-18,-6,-4,-1,-14,5,-14
11,-31,5,-24,-7,-7,-1,3,-2,4,-5,3
12,-15,15,0,16,5,3,-8,8,-23,-5,-30
0,8,13,-22,17,8,2,-11,10,-12,13,-5
3,1,12,-16,-8,1,-4,-27,9,-11,17,-21
10,-21,-1,-15,8,10,13,-24,-1,3,11,-28
9,-19,8,-25,14,-3,1,-12,-2,2,17,-25
5,-24,-4,-21,-8,-17,-8,-19,7,-20,3,-16
-6,-1,8,6,-3,-16,-3,1,4,-22,-5,-2
6,3,-4,-15,4,-4,8,9,13,3,-8,-4
-4,2,-3,-4,8,2,9,-23,-7,-12,-1,-16
8,4,11,-15,17,-10,-1,-17,5,-4,17,-6
4,-11,-2,2,-6,-20,-7,-9,16,3,-6,-19
3,-5,8,13,5,-6,0,1,-7,-6,0,-8
6,0,15,-3,9,-13,6,-8,-8,8,4,14
2,4,-2,-11,9,-13,13,16,-7,-14,8,-11
5,1,-1,-1,-1,-11,-3,-11,13,-12,7,-8
10,7,3,-7,-2,-8,-4,13,9,-10,-2,-15
3,9,-8,-12,6,7,5,10,15,1,-4,12
4,3,15,-6,-2,-13,2,15,3,7,10,2
1,7,1,-13,6,-13,2,-13,-4,18,6,-3
0,4,3,7,8,-1,-8,5,5,-6,-1,-12
10,14,8,10,7,-5,10,12,6,12,0,19
1,9,4,2,-2,27,-7,0,-8,-10,17,3
1,5,2,-8,-4,8,5,28,17,12,11,-4
-1,3,6,-8,9,9,8,19,7,-1,10,6
4,8,-3,27,-7,25,9,18,-5,-1,8,27
3,12,5,24,-4,1,-1,16,2,32,-7,11
2,12,16,2,-3,21,9,24,1,18,7,24
-7,0,4,-1,12,18,16,24,4,12,-6,11
9,13,17,8,8,21,3,18,10,16,9,24
-7,1,-5,30,-7,3,-4,30,-8,19,10,5
-4,5,-8,19,9,26,8,23,3,3,-5,19
-4,7,-5,6,15,11,5,12,-2,12,-2,30
10,-35,2,-7,3,-5,-5,-6,14,-9,17,-11
2,-6,-4,-13,12,-28,16,1,13,-27,13,-29
5,-4,1,-3,5,-6,-2,-1,12,-5,14,-21
5,0,6,-23,7,2,-3,1,10,-20,16,-4
9,-31,-5,-3,-5,-18,-4,-21,18,-6,15,-27
10,-31,15,-17,11,-1,14,3,2,-3,1,5
13,-29,12,0,12,-2,-3,-10,8,-2,16,-9
10,-16,7,-27,-6,-2,15,-27,13,3,1,0
-6,4,-7,-11,6,-7,11,-4,14,-12,2,-15
6,-17,9,-25,-6,-18,-7,9,-2,-13,8,-1
-7,-3,-4,5,-4,-12,7,-14,-4,-7,-6,8
-3,-26,1,-19,2,-15,12,10,8,2,-2,-24
5,-19,12,-9,4,-16,6,7,6,-21,7,11
8,-7,2,-19,4,-20,-5,-11,3,-10,0,-5
17,-11,0,-24,6,-13,1,-23,3,-14,-4,0
-4,-15,-6,-19,6,-11,9,-14,-3,-15,10,-20
-1,-3,7,2,8,5,6,-18,7,-7,5,-1
3,2,0,-12,-4,-4,7,9,17,-16,8,-7
8,3,0,-18,-7,-8,18,-13,-4,-10,-6,-10
0,-7,-1,8,13,8,-4,-14,16,5,9,10
0,7,-3,9,1,-16,-6,-15,-5,13,12,-17
7,6,17,17,16,-7,-1,0,-5,10,6,-6
0,6,12,-13,17,-13,17,-1,-1,2,-5,1
-4,6,2,2,9,22,2,-2,9,-5,16,-7
10,10,-2,-5,9,3,9,15,16,19,2,6
3,6,9,-10,6,7,14,6,-4,6,0,12
1,6,-7,3,16,-5,13,3,16,9,8,-12
-2,10,15,14,13,17,1,18,-1,14,5,23
1,4,-7,1,5,3,9,0,7,3,-6,-2
-1,12,5,-5,10,14,3,25,6,-7,4,14
4,5,2,6,12,2,15,-2,7,25,4,3
-5,11,4,22,4,19,-7,-1,0,5,12,-4
3,6,14,19,10,-3,6,1,-6,27,-6,17
0,3,6,8,11,10,17,-3,3,22,5,3
-7,10,-5,-3,12,3,-1,33,3,16,-6,15
2,2,-5,-3,-6,10,4,3,5,18,4,18
17,5,-1,9,-2,17,10,29,-4,1,-2,-2
-6,30,13,15,-3,37,-2,7,12,17,0,31
4,3,7,22,-4,19,12,38,4,7,-2,8
12,-23,17,-5,4,-7,11,-4,13,-18,3,-2
8,-30,18,-2,16,-14,16,-29,19,-14,16,-6
3,-7,19,-3,16,-16,15,-30,18,0,5,-35
19,-16,11,-10,3,-1,5,-3,-2,3,9,-32
13,-17,15,-28,-2,-1,18,-34,13,-7,15,-26
9,-20,17,-30,-4,-27,18,-20,0,1,11,-28
4,4,11,2,-5,-5,15,0,5,-4,18,-31
1,5,12,-20,1,-10,16,-10,17,-21,1,-12
-2,3,4,-26,-6,-27,11,-4,2,-21,16,-19
19,-12,-1,9,2,-29,-2,-19,11,-4,-6,0
14,-13,10,6,3,-26,6,-5,12,-25,4,-5
-5,0,8,-6,5,2,11,-24,-2,-25,-2,-25
-2,0,2,-12,1,-14,-1,12,11,-22,19,-21
8,7,1,-3,-3,-19,-2,-17,12,0,17,5
-1,-8,-5,-2,-2,-18,7,-23,6,10,1,5
10,7,-1,-11,9,5,-3,0,0,-23,8,12
9,3,10,8,-3,-8,10,-5,13,2,6,7
-3,-2,8,-2,17,1,10,11,7,-10,3,-3
18,-12,15,-1,0,-6,18,-8,14,6,1,6
-6,-1,11,4,8,-2,4,13,12,-4,4,-14
-1,7,1,-11,10,2,13,-9,14,-4,19,3
18,-5,8,6,-4,5,15,9,-4,-11,-3,-3
4,-13,-3,22,18,-8,11,11,4,-9,18,-9
4,-6,2,-14,17,3,-6,12,11,-14,2,-7
13,9,16,13,2,12,4,12,-4,10,7,4
8,13,19,-8,-4,25,18,16,11,24,10,13
-2,0,7,7,6,-11,7,23,15,-12,6,-2
4,7,17,17,4,7,3,0,4,22,10,2
0,-6,-4,10,0,18,6,7,-6,10,4,16
9,20,16,14,-6,2,-5,-4,8,23,11,-3
5,26,-6,9,7,19,10,11,7,19,7,23
9,12,0,11,-6,6,6,0,19,-7,10,9
-5,9,3,21,-3,18,-3,-4,-5,1,15,26
-3,12,8,23,-4,5,3,2,13,-3,-5,10
-1,3,4,6,14,-4,16,-3,-3,3,14,21
-4,8,-3,23,15,9,4,18,13,25,-3,13
-2,14,8,29,18,-1,-5,19,-4,2,-5,2
-5,21,0,37,13,11,3,16,-4,37,-6,-1
1,26,18,4,5,25,17,29,-2,9,2,13
11,-38,4,-36,10,-2,3,-22,3,-4,9,-5
3,0,-4,-7,16,-29,16,-24,20,-18,15,-4
13,-6,20,-4,17,-25,-4,-11,10,-35,8,-2
10,-18,-3,0,2,-3,4,1,11,-26,10,-13
3,-2,16,-24,16,-25,19,3,20,-24,17,4
3,-2,16,-9,-4,5,20,-22,17,-20,17,-5
10,-32,17,-24,4,-1,7,-5,-4,-23,17,-8
13,-12,8,-16,17,-31,15,-22,16,5,4,-2
7,-27,13,-18,-2,-20,-4,-12,7,7,12,7
-1,-2,19,-8,4,-28,-4,5,10,-4,-1,-8
14,-14,15,-22,-3,-10,2,-10,-3,-3,4,-24
0,1,1,-27,14,-24,-4,8,12,6,3,-18
-2,11,18,-22,17,-5,10,10,4,-14,-5,2
10,7,19,-6,7,-21,16,0,19,-24,-3,-16
-3,-5,0,-11,-1,-19,7,-18,4,2,14,-1
-3,-9,-3,-20,12,10,10,-22,3,-4,-1,-11
-4,-21,8,-6,13,2,7,-22,6,-8,7,-20
6,-21,14,4,14,-4,10,-3,10,-19,14,6
19,-3,7,6,11,-19,9,16,11,-13,-3,9
12,2,2,9,16,-18,3,3,-4,-16,18,-2
2,-11,6,0,10,16,-3,20,-1,5,2,-2
0,-11,10,-11,-2,21,2,-2,9,-14,-5,-6
2,-6,9,-1,11,0,19,3,-1,-16,6,21
-4,-8,-1,-9,14,1,1,11,15,-15,10,-11
2,9,16,14,6,-14,9,19,12,10,17,7
9,11,5,14,-5,4,-5,21,-2,15,-4,9
4,3,5,-1,16,12,1,-10,2,8,9,-12
9,19,18,13,12,3,4,10,15,24,11,-10
5,3,-1,0,11,-7,11,-3,13,17,9,15
4,3,6,-9,1,-5,-2,7,7,-2,12,22
20,-4,13,21,16,22,-4,3,16,25,14,8
1,-1,18,3,12,0,20,20,6,4,-5,-5
11,18,8,5,15,14,17,16,0,7,2,16
4,19,13,23,5,-3,5,22,13,12,16,-4
20,10,6,0,7,24,17,9,1,19,11,14
-1,2,8,34,5,31,-1,11,17,6,0,31
3,4,2,15,-3,24,1,9,5,32,0,19
-4,17,10,28,-5,22,10,22,9,7,-5,5
4,0,-1,2,-1,36,14,17,0,10,16,38
2,-7,10,-29,-4,-30,0,-3,18,-22,18,-37
-3,-8,10,-29,17,-1,-3,-37,17,-15,18,-14
5,0,1,-6,21,0,5,2,21,2,17,-29
16,-21,-1,-7,16,-25,16,-27,-1,0,3,3
6,0,21,1,6,-23,18,4,0,-1,14,0
11,-17,16,-11,13,1,8,-2,17,-23,17,-12
3,6,15,-21,4,-16,-4,-17,18,-32,0,4
12,-12,-2,-1,20,-2,21,-29,-4,-14,17,-28
-4,2,9,-20,3,-25,2,-18,1,-29,-3,-12
-3,3,21,-17,0,-5,18,3,19,-11,12,-15
2,10,17,-27,1,-18,0,-4,13,-15,8,-28
13,-9,-4,-13,17,-25,8,5,13,-8,-4,-13
13,-6,-2,0,5,-1,8,-4,21,-23,7,-4
12,0,7,-8,3,-8,-2,6,-1,-9,3,11
9,-7,6,5,14,2,16,-18,0,3,12,-20
0,0,13,-3,20,-5,9,-4,21,-8,14,3
-2,-13,16,-8,15,16,-2,0,9,16,-2,0
19,-1,11,-16,19,15,13,-4,4,10,4,8
19,5,13,2,5,-12,-1,-9,5,-9,13,13
21,-12,13,-8,15,-5,9,12,20,19,1,9
0,1,7,-10,18,14,15,-5,11,14,-3,7
-3,-9,6,8,10,8,-1,-9,1,-8,17,5
20,-10,14,-9,16,-15,18,12,0,8,-1,2
5,-9,1,-10,-4,5,12,13,6,-7,16,-1
4,-2,16,11,-3,2,14,10,5,13,21,-8
-2,2,8,23,8,10,12,-8,18,5,19,6
1,0,7,22,14,0,7,15,20,-1,8,11
3,7,6,-3,13,7,18,3,14,23,10,13
6,-2,4,6,-3,23,3,10,1,18,11,23
4,-8,19,14,0,12,12,16,-4,20,13,20
5,-1,-4,-8,21,14,19,20,14,5,20,7
1,3,6,28,0,7,7,15,1,1,-2,-7
11,24,6,10,14,23,16,18,5,13,5,7
-3,1,8,3,17,17,-4,13,1,-3,4,-4
-2,2,11,7,4,27,12,-4,1,21,9,4
-1,-1,5,9,13,25,4,20,0,26,1,13
20,9,13,28,-1,5,16,2,12,31,1,30
10,30,-3,14,10,10,-3,14,7,9,15,25
16,25,12,13,13,13,8,1,-2,16,4,23
3,-1,5,-2,1,-38,-3,-1,22,-1,-2,-8
4,0,18,-23,5,-4,2,-27,-1,-8,22,-1
4,-3,16,-34,15,0,14,-24,-3,1,15,-3
2,-2,0,-18,19,-28,2,-16,13,2,8,3
6,3,5,-19,11,1,13,-26,7,-3,-1,-31
4,-1,20,-18,13,-15,5,-28,-2,-32,18,-20
14,-28,19,-32,6,-2,-2,-5,15,6,19,5
3,4,6,-1,10,-7,1,6,18,-7,19,-16
-2,-6,5,0,18,2,4,2,3,-29,19,-13
2,2,16,-8,14,-7,-2,-5,10,7,15,-26
0,10,7,10,2,4,14,-19,19,-7,20,7
14,4,4,-1,-1,-13,15,-13,-1,-13,-2,-18
-3,-17,21,-21,11,-17,7,10,2,-26,8,9
13,-5,1,-2,19,8,21,-15,21,-17,19,-20
12,-4,0,-12,6,-17,3,-14,1,-20,22,-2
-1,-2,6,-4,14,-3,4,-9,16,-17,6,-22
5,-11,0,-1,0,10,22,-5,15,10,13,3
-1,-14,16,8,9,-18,21,-16,8,-1,15,9
15,8,12,-1,11,10,9,-6,-2,-10,18,-6
21,2,16,15,15,-3,22,-6,18,-18,7,-15
7,-14,13,14,20,12,11,-16,10,-18,11,9
-2,-5,3,-1,14,13,15,-17,12,2,16,0
6,6,13,-4,14,9,9,0,5,-8,1,15
4,-2,21,7,1,-6,17,3,11,21,10,-10
6,2,17,-7,7,-7,9,24,20,1,19,-12
1,8,1,-2,20,2,22,-12,8,3,11,-4
7,12,18,-9,22,-10,7,4,-2,9,11,11
-3,6,6,5,13,-2,20,19,12,0,15,7
-3,18,13,-1,4,-3,11,12,5,8,17,24
7,1,7,19,-3,10,19,16,15,15,4,2
8,-6,11,-2,-1,15,19,-3,17,20,8,-6
1,3,4,-2,20,1,15,23,6,8,10,8
22,10,-3,19,8,16,19,21,19,13,21,6
6,-3,21,32,6,12,3,4,7,0,10,24
-1,-2,12,21,12,22,15,0,15,7,15,19
-3,1,7,19,8,-2,14,17,8,-3,10,18
11,6,20,15,-1,9,17,11,17,10,9,26
7,5,9,19,15,20,11,30,21,19,4,20
2,13,10,29,22,16,3,29,18,31,3,2
-2,-7,20,-34,13,-1,17,-28,2,-10,16,-3
0,-8,23,-9,6,-18,17,-6,19,-22,2,-4
15,-4,18,-24,18,-3,17,-31,6,-12,11,1
7,-2,7,-17,-1,-12,-2,-31,1,-34,4,-3
21,-16,15,-20,20,-9,7,-1,6,-33,21,-18
1,-3,13,-26,6,1,5,-22,5,-20,8,-11
0,-6,23,-30,10,-25,8,-20,4,-16,-1,-3
1,5,1,4,6,-30,17,-30,3,-7,12,-17
0,6,18,-11,14,-26,17,-22,4,-4,2,-11
21,-10,15,-21,16,-11,20,-6,20,-15,6,-11
2,-26,16,-24,16,-17,-2,-14,20,1,3,7
-1,1,5,3,6,1,4,-8,14,7,20,-8
-2,-5,14,-3,14,-18,10,-11,20,7,13,0
-2,4,13,-3,7,-15,21,-6,12,6,7,-2
6,-9,16,2,11,-21,6,14,5,-6,3,-7
5,-4,2,-19,5,0,12,11,18,-7,18,-21
-1,-5,5,3,17,0,21,-16,7,10,4,-12
13,6,11,11,22,4,-1,9,4,-12,23,2
16,6,5,-12,9,10,9,-1,12,4,7,5
4,-2,19,-3,19,2,21,-18,9,4,22,3
12,0,18,15,0,-16,7,11,13,13,18,18
9,-3,3,-2,13,-8,8,13,5,-8,2,9
4,6,2,18,11,-11,3,12,18,5,21,12
3,8,23,-14,18,20,5,4,5,-13,11,-13
4,9,1,-11,5,0,3,-3,16,21,23,6
7,-12,18,-12,11,19,7,-8,9,4,21,-7
15,13,-1,-12,-2,15,12,7,3,8,8,13
-2,1,-2,-2,21,6,7,-2,20,-8,17,-2
6,-3,8,20,7,13,16,-7,7,-5,4,-2
23,-6,1,11,4,25,11,27,12,0,-2,1
5,-6,4,7,6,15,1,2,23,12,2,6
1,-1,19,-3,8,-7,18,-2,15,23,8,30
9,21,0,5,9,17,22,-3,12,10,20,10
18,22,21,25,4,17,21,-5,11,11,1,10
2,14,10,2,-2,28,21,4,9,21,5,10
14,26,18,-1,15,23,14,20,11,23,4,14
-2,9,23,29,7,24,8,23,11,21,0,10
6,21,10,24,-1,1,11,27,16,5,1,21
0,8,10,21,22,6,10,3,18,3,12,31
4,-8,8,-2,14,0,21,-23,9,-3,21,-16
12,-27,15,-21,24,-11,20,-6,17,-33,19,1
5,-7,9,-3,20,-23,24,0,21,-13,23,-33
13,-22,22,2,23,0,5,-22,21,-27,5,3
7,2,20,4,4,-32,0,4,4,-5,24,-9
5,-1,6,-29,20,0,2,-1,6,5,22,-15
2,3,17,4,4,-4,7,-2,11,3,6,-9
17,-14,0,5,20,-24,8,-1,20,-27,3,-22
1,3,4,-2,5,-1,22,-28,24,-8,4,-16
4,-2,18,-20,16,-20,7,6,23,-1,-1,-22
12,2,13,-14,20,-11,15,-22,5,-26,4,-10
12,-14,3,-19,24,-26,20,-5,13,7,1,-22
19,-25,16,9,4,7,5,-3,8,-22,21,-13
18,-12,17,-6,19,-6,21,11,2,1,19,-9
9,-8,12,3,12,12,23,-7,0,-11,12,12
7,-4,12,-16,-1,11,16,-13,19,-14,0,-21
0,-11,23,-13,10,-11,0,-20,17,-10,20,4
6,-6,11,7,1,-9,24,-5,4,-16,12,-21
9,-13,8,-13,22,1,19,18,3,-17,19,-9
5,-1,14,-19,8,-15,12,-2,0,7,5,3
5,-7,0,-17,5,8,10,8,5,-13,2,-5
2,1,13,13,23,-5,6,4,7,-2,19,13
1,4,1,-4,9,7,4,1,23,6,12,-9
7,-15,17,0,-1,-11,6,2,5,0,5,-10
24,-4,4,0,6,-13,5,-9,22,16,7,-14
23,5,14,4,14,19,13,4,5,-5,2,8
7,-2,6,-1,17,-7,0,16,8,16,2,17
16,17,8,-10,24,10,24,1,21,23,20,12
11,-2,17,17,21,8,2,10,18,-6,9,-10
24,-9,22,4,14,22,1,6,20,-2,-1,8
5,17,6,12,4,-1,18,14,5,2,12,9
10,-3,19,16,6,-7,5,0,15,24,17,2
3,-6,13,26,0,24,20,1,23,11,18,4
24,-3,24,16,5,1,1,4,10,-3,13,1
5,6,0,17,0,22,13,6,1,4,8,8
11,31,12,11,3,9,10,8,1,30,17,3
16,25,0,15,-1,13,16,2,6,34,24,9
2,8,-1,22,13,2,11,17,18,36,6,5
7,2,24,20,23,15,3,21,5,11,11,20
7,-9,20,-8,19,-34,15,0,25,-3,8,-28
3,-36,22,-32,3,-7,20,-27,0,-30,22,-19
17,-17,2,-19,24,2,19,-6,1,-6,24,2
3,-2,7,-6,24,-4,0,-2,9,1,16,-23
8,-6,4,-27,1,-17,6,0,21,-20,22,-14
2,2,18,-15,11,-2,2,-22,7,-18,19,2
2,6,23,-23,20,-2,21,-21,20,-3,3,-26
8,3,20,4,0,2,24,0,7,4,0,3
15,-18,4,5,20,-22,15,-22,5,8,16,7
4,6,20,-8,22,0,4,-3,0,9,12,-5
13,1,1,-26,14,3,20,0,22,-23,22,1
1,-2,9,8,1,4,25,-24,9,11,10,-26
4,10,1,3,21,-3,22,-14,3,1,16,-23
4,3,8,-8,19,11,20,-14,0,-21,18,-1
19,-9,1,-6,15,-12,9,2,13,-20,13,-14
6,-14,6,-1,23,-3,9,-1,13,-22,9,-1
3,6,22,-13,2,7,14,13,15,-6,10,16
3,-21,18,14,4,10,9,-21,20,16,16,-13
24,-5,1,-1,13,2,0,-10,13,4,16,4
5,0,17,-9,5,15,18,-13,21,13,12,7
11,-6,4,-17,23,17,24,0,12,15,16,12
8,-12,15,18,7,3,17,15,15,9,9,7
6,-1,6,-7,4,-12,2,-13,23,-3,10,-13
11,-7,9,14,18,2,25,16,5,20,9,-7
7,-13,15,-1,1,0,9,9,3,6,7,4
17,10,4,2,19,-12,14,-8,5,6,14,16
5,12,4,0,14,-7,15,-6,8,18,8,2
6,-8,8,14,10,-5,24,-4,17,20,22,-2
5,5,11,15,14,28,20,23,20,13,20,5
6,17,12,8,7,1,8,22,20,2,23,2
7,16,11,-3,25,7,7,0,6,14,19,-1
2,-3,1,24,11,28,11,17,25,6,16,20
1,14,6,8,6,-1,17,12,23,8,19,31
5,-1,12,32,8,12,22,24,2,14,16,12
9,4,13,31,23,8,10,-2,14,31,19,25
6,5,16,11,4,25,0,13,12,16,14,25
2,8,4,30,14,8,4,4,24,4,1,24
1,12,0,27,3,11,6,23,7,0,3,8
12,9,10,12,21,25,11,12,5,21,20,28
