-2,-15,-20,-26,-4,-19,-23,-2,-25,-36,-16,-3
-6,-13,-11,-6,-20,-35,-9,-8,-10,-21,-22,1
-25,-6,-12,-22,-5,-21,0,-8,-4,-29,-21,-11
-5,-15,0,-15,-17,-8,-25,-27,-16,-9,-24,-27
-20,-3,-21,4,-5,-22,-12,-13,-9,-8,0,-5
-2,-11,-8,-3,-5,-26,-2,2,-2,-33,-5,-13
-2,5,-13,-26,-3,-4,-5,-9,-3,-10,-13,-15
-6,-6,-21,-18,-10,-10,-15,-10,-19,1,-18,-23
-2,8,-4,-30,-25,-14,-15,-7,-22,-19,-3,-1
-12,-23,-23,7,-12,3,-19,9,-3,-13,-22,-13
-5,-13,-15,-26,-5,1,-6,3,-23,-17,-12,-15
-21,-24,-12,8,-15,-11,-16,7,-9,-18,-15,11
-4,-15,-16,-3,-11,-17,-21,8,0,9,-13,-4
-23,-10,-18,-9,-13,-6,-2,7,-24,-22,-23,5
-4,-17,-6,-22,-11,-22,-21,-20,-6,14,-1,-7
-5,-9,-17,-20,-2,-6,-8,1,-10,-23,-4,-21
-4,-7,-1,-15,-10,-3,-1,2,-23,7,-4,-22
-3,-18,-1,-20,-24,-17,-22,8,-7,1,-8,1
-22,-16,-12,16,-7,5,-5,-4,-10,-17,-19,17
-7,-18,-25,4,-11,7,-24,-16,-21,13,-10,-18
-20,-14,-24,-1,-7,-2,-19,1,-12,-6,-1,0
-24,-17,-21,-11,-24,-1,-14,18,-3,16,-3,-3
-8,-2,-3,17,-22,-1,-17,7,-3,-14,-1,-12
-7,7,-1,-10,-21,4,-10,-12,-19,5,-12,3
-9,-7,-15,-13,-8,10,-19,23,-7,-5,-12,5
-11,14,-25,21,-17,3,-12,13,-2,-11,-11,9
-16,-9,-1,18,-13,19,-10,23,-24,10,-10,-3
-9,3,-10,25,-3,-4,-14,-4,-9,11,-3,16
-5,1,-23,4,-2,20,-23,-3,-15,2,-14,-1
-3,6,-13,10,-5,-3,-3,18,-10,22,-20,14
-4,-6,-8,14,-6,6,-10,28,-18,19,-1,22
-1,-3,-11,7,-9,13,-23,-7,-14,14,-5,-1
-25,-4,-14,31,-20,-5,-11,28,-6,20,-21,30
-4,-5,-7,21,-24,16,-6,19,-24,20,-18,-4
-3,-4,-18,-3,-3,14,-9,29,-8,14,-14,20
-2,-1,-19,30,-15,24,-21,25,-10,32,-3,4
-1,-1,-6,4,-10,15,-21,36,-22,22,-13,35
0,0,-16,9,-23,23,-24,5,-10,35,-20,21
0,0,-15,23,-6,20,-24,29,-25,34,-18,36
-8,-34,0,-23,-2,-36,-2,-20,-2,-29,-18,-12
-10,-20,-23,-14,-21,-29,-2,-17,-1,-21,-20,-17
-22,-22,-2,-26,-24,-18,-18,-32,-16,-1,-9,-18
-7,-5,1,-1,-8,-21,-9,-35,-11,-18,-16,-22
-7,-8,-22,-7,-17,-3,-19,-15,-13,-4,0,4
-23,-17,-18,-17,0,3,1,-11,-5,-28,-5,-32
1,-6,-10,-15,-16,-19,-3,-22,-22,-14,-10,-12
-7,-4,1,-28,-19,-9,-12,-13,-16,-30,0,-6
-15,-24,-6,5,-4,-16,-24,-10,-13,-25,-20,1
-12,3,-7,-1,-2,-25,-14,-26,-5,5,-22,-13
-3,-10,-21,-13,-6,-22,-19,-2,-19,-1,-8,-14
0,-20,-22,1,-24,1,-4,-14,-22,-6,-20,-13
-23,5,-3,-16,-10,-13,-18,-23,-8,-21,-4,-16
-12,-14,-22,-8,-11,3,-14,-23,-20,-12,-22,-13
-20,-1,-21,-17,-17,10,-12,6,-9,-20,-12,8
-16,-5,-5,-13,-17,6,1,15,-12,6,0,-11
-7,-20,-15,-7,-3,12,-19,6,-2,2,0,-21
-15,-17,-16,-16,-18,4,0,-6,-12,-21,1,-13
-6,-6,-15,7,1,16,-8,-10,-21,0,-23,-20
-8,-9,-15,-2,-16,-12,-4,11,-24,-8,-6,8
-10,6,-20,9,-8,-6,-7,9,-1,-3,-18,-11
-14,-12,0,-9,-9,7,-14,-7,-3,4,-20,0
-12,-12,0,-5,-11,-6,-13,4,-23,-16,-24,-3
0,6,1,-9,-18,-2,-20,-3,-15,-4,-22,-1
-10,6,-9,11,-18,-11,0,-5,-6,23,1,5
0,-3,-17,11,-19,-3,0,0,-13,20,-4,11
-9,12,-1,3,-7,-6,-9,0,-15,19,-19,1
-24,0,-14,27,0,14,-2,0,-11,18,1,4
0,-2,-15,-5,1,-5,-9,24,-1,24,-18,-9
-9,3,1,14,-10,20,-19,5,-3,4,-2,8
-6,8,-1,-4,-2,27,-1,25,-1,0,-10,22
-2,9,-22,8,-6,3,-12,8,0,14,-14,6
-16,-2,1,-5,-1,0,-14,19,1,-3,-11,30
-9,21,-15,25,-13,-5,-22,16,1,-4,-3,18
-7,-4,-2,28,-12,23,-4,33,1,22,1,19
1,-1,-17,28,-9,15,-12,-1,-24,15,-7,32
0,0,-1,33,1,27,-10,-1,-22,-2,-24,14
-3,0,-4,27,-4,4,-19,33,-20,34,1,20
0,0,1,2,1,32,-13,34,-20,30,-24,1
-13,-13,0,-37,-3,-29,-18,-9,2,-2,-18,-2
-22,-24,-11,-12,-1,-16,-14,-16,2,-21,1,-30
0,-16,0,-7,-23,-34,-14,-6,-17,-29,-21,-18
-11,-9,-16,3,-10,-5,-23,-24,-6,-21,-20,-31
0,-8,-9,-16,-19,4,-3,-3,-20,-34,-5,-34
-2,-13,-1,-8,-14,-27,-3,-13,-6,-16,-16,-29
1,-9,-10,-30,-1,-22,-9,-2,-16,5,-2,2
-8,-3,-4,-2,-23,-26,-14,0,-1,-17,0,2
-8,-10,-20,7,0,-4,-8,1,0,-18,-17,-30
-21,-20,-2,-17,0,-2,-11,-6,-18,-21,-15,-27
-7,-5,-7,5,-18,-2,-18,8,-16,1,-14,-13
-4,-4,-5,-7,-15,-12,-16,-8,-9,-16,-12,-1
-8,10,-18,-2,-17,-14,-22,-15,-15,-11,-7,3
-15,-16,-5,9,-9,-19,-2,-13,-5,-11,-14,-7
-17,3,-3,6,-20,-20,2,-7,-12,-18,-17,14
-19,5,-1,0,-7,-18,-18,2,-8,5,-2,13
1,-5,-21,-2,-13,-21,1,3,-22,-2,-11,13
-4,-12,-19,1,0,-6,-10,-7,0,11,-20,-2
-3,-17,0,-1,-12,-9,-8,-5,-10,3,-16,10
0,-2,-13,-10,0,-7,-1,-15,-4,13,-22,-2
-16,-18,-2,0,2,8,-5,-4,-17,-12,-19,-6
-19,-9,-13,10,-13,7,-12,9,-4,-16,-21,15
2,-6,-8,-5,-6,-8,-19,-2,-20,-14,-20,-6
1,4,0,22,-2,-15,-20,1,-18,16,-18,-9
-11,10,-13,0,-7,18,-6,1,-17,-6,-22,9
-7,15,-18,6,-12,14,-5,-2,-8,25,-7,-8
-18,-5,-8,-11,-5,8,-13,12,-1,22,2,4
-5,-5,-6,13,-20,10,-19,12,-7,21,-16,16
-8,7,-20,6,-11,1,-5,-9,-4,-10,-4,-1
-20,2,-2,18,-7,20,-1,12,2,12,-11,-9
-4,-3,-4,5,-2,28,-3,20,2,5,-9,13
-4,7,-13,5,-2,1,-6,-6,-1,6,-14,4
0,0,-17,18,-2,12,-7,24,-18,-4,-6,1
-1,4,1,27,-11,23,-11,1,-3,17,-20,20
-3,6,2,12,-6,21,1,12,-4,31,-15,24
-20,-2,-22,11,-16,20,-15,11,-16,16,1,5
-23,-2,-9,8,1,0,-8,18,-8,4,-9,24
1,2,-2,21,-8,34,0,9,-5,19,-4,6
-4,0,-22,29,-14,34,-12,9,-2,15,-23,27
-20,-27,-11,0,-18,-36,-7,-20,-1,-28,-10,-5
-1,-29,0,-25,-6,-13,-7,-27,-6,-26,1,-16
-5,-15,-14,-1,-11,-4,-12,-6,-13,2,0,-5
1,-17,-22,-23,-7,-21,1,-19,-11,-6,-18,-11
-8,-22,0,-23,-9,4,2,-11,-21,-15,-21,-16
-10,-32,-5,-20,1,-2,-11,-3,2,-8,-1,-16
0,1,-10,-4,-3,-29,-8,-25,-19,-13,1,-1
-9,-26,1,-7,-18,-28,-22,-25,-11,-6,-18,-5
2,-10,-9,-19,-8,-7,-21,-15,-18,1,-10,6
-9,-7,-18,4,-20,-21,-6,-15,-11,-1,0,-9
-16,-6,-10,-11,-19,-15,-13,4,-6,-12,-19,-4
-17,3,-9,-22,3,-23,-14,-22,-9,3,3,11
-20,3,-16,-3,-10,3,-19,4,-19,2,-8,-12
-17,4,-11,8,-13,-8,-22,-25,-15,-19,-9,-14
-15,13,2,-20,-10,6,-15,-24,-17,10,-3,-10
1,2,-16,-19,2,-6,-10,9,3,7,-14,-22
-22,-13,-6,7,-14,11,2,-4,-2,-15,1,5
3,-2,-22,-10,0,-21,-16,9,-20,6,-12,-2
3,-2,-4,-1,-22,-19,-16,-4,-21,1,2,9
0,-7,-2,-4,1,15,-4,-12,-22,8,-22,-1
2,-3,-10,14,-22,1,-10,20,3,13,-3,-16
-18,-15,-1,0,-4,-4,-6,-17,0,9,-10,-10
3,1,2,8,-5,-15,-9,-9,1,-9,-22,8
-5,-14,-14,-13,-22,16,2,-10,3,19,-8,22
-17,-8,0,8,-19,-13,-20,24,-6,-13,-9,23
-5,6,-22,18,2,8,-15,-4,-20,25,-9,-8
-3,3,-1,3,-18,18,-5,-9,-6,16,0,18
2,1,-2,-5,-16,5,-15,25,-16,12,-8,-7
-5,-6,-12,3,-9,-7,-21,17,-17,2,1,6
-5,-4,-17,14,3,14,-13,-4,-12,8,-8,3
-3,13,-1,-7,-21,21,-10,-1,-20,-3,-15,-5
-9,19,-10,19,-3,25,-7,6,-13,-7,-1,8
-5,9,-9,22,-22,15,-19,27,-2,17,-19,9
-6,1,-19,4,-3,13,-18,28,-14,24,1,29
3,1,-20,18,-5,-1,1,11,-21,26,-20,-2
3,12,-14,22,-10,22,-2,-3,-15,6,-13,13
-21,0,0,18,-21,3,-18,17,2,17,-4,34
-13,1,-16,27,-3,-1,-11,37,-10,13,-8,12
1,1,-7,16,-21,28,0,8,2,37,-15,19
0,-4,4,-5,-9,-6,-21,-1,4,-15,0,-13
-5,-21,-3,-5,-3,-16,-19,-2,-19,-18,-15,-7
-3,-19,-2,-4,3,1,0,2,-14,-31,0,-6
-8,-34,-16,3,-2,3,3,-9,-20,0,-18,-2
2,0,-4,-16,-21,1,1,1,-10,-2,-1,-33
-18,-4,4,-4,-12,-8,0,-32,-19,-24,-15,-21
-3,-13,3,-22,-12,-10,-1,-13,1,-4,1,-22
-2,-9,-5,-12,-8,-31,-18,-27,-3,3,2,-23
4,-18,4,-15,3,-26,-8,-6,-21,-27,-21,-1
-3,-4,-6,-19,-17,4,-16,-27,-14,-1,-14,-27
2,-17,-17,8,-12,2,3,-18,-3,-20,-3,-8
-1,-5,-17,-25,-2,6,-4,2,4,-12,-5,-23
-6,-24,-14,11,-21,-22,0,0,-2,-1,-10,-25
1,6,4,-4,0,-24,-7,-2,-8,12,-14,13
-6,-3,-19,7,-16,1,-3,-22,-19,-2,-1,-10
1,13,4,-11,-6,-10,-5,-14,0,-12,1,-23
-4,-10,-6,-19,-7,14,4,-7,-4,2,-8,0
-2,-10,-13,17,-3,13,-6,12,-12,6,-10,-4
-5,1,-5,-14,1,-5,-8,10,-11,-5,3,-5
-2,-3,-14,-1,-19,-6,-1,-10,-1,-11,-14,-6
-7,-11,-16,-17,-15,13,-21,7,3,11,-10,-10
-17,-11,4,10,-13,18,-2,17,-21,-8,-11,-5
-13,-11,-7,22,4,21,-17,-16,-19,-14,-2,-8
-13,-12,1,16,-20,5,-15,-15,-11,17,-15,19
-6,13,-4,21,-2,-5,2,12,-8,10,-21,-7
-13,-13,-3,1,4,22,-10,-10,0,15,-6,4
2,0,-7,4,-20,2,-21,-9,-5,-6,-3,10
-18,-2,-15,-8,-14,-3,-18,-4,-17,-2,3,2
-4,13,-7,-2,2,-2,-2,19,1,-3,-21,9
2,20,-4,-8,-8,24,-9,-1,-14,25,0,7
-21,9,-18,3,-3,16,1,6,-15,5,-5,19
-5,5,-10,27,3,0,-6,23,-18,26,-20,7
-9,-1,1,1,-3,29,-20,4,-15,5,3,30
3,13,-13,18,-15,-4,-17,16,-6,19,-17,-2
-19,-1,4,7,-2,30,-5,19,-8,10,2,13
1,10,-4,5,-16,9,-2,35,-14,-3,-17,-2
-2,-1,-16,27,-7,1,1,1,-15,31,-1,24
-3,1,-15,26,-11,37,-8,15,-9,21,-16,13
4,3,-9,33,-20,7,-4,20,-14,26,-16,37
-20,-4,3,0,-5,-38,-6,-2,-4,-7,-18,-21
5,-4,-20,-34,-15,-2,-19,-36,-2,-16,-2,-20
-17,-9,-7,-4,2,-16,-7,-7,-10,-16,-1,-15
1,-2,-14,-4,-7,-9,2,-22,-19,-26,-11,-14
-20,-7,0,-32,-6,-1,-2,2,-17,-30,-4,-23
-10,0,-13,0,-19,-15,1,-14,-12,-27,-19,-4
-2,5,-7,-7,-15,5,-13,-29,0,-12,-7,-20
-10,-3,-2,-26,-18,-11,-17,-20,-3,-15,1,-20
-15,5,-4,-18,-8,-21,5,6,-5,-8,-15,-30
-9,-4,-11,-1,-15,-16,-16,1,-17,-7,-5,-19
3,7,0,6,-3,5,-3,5,-11,-3,-14,-17
-18,-14,0,5,-10,4,-14,-2,-7,-9,-18,7
-7,-18,-16,9,5,2,-18,-20,-14,-17,3,-19
-15,-3,3,-5,-16,-19,-7,-20,-12,2,-10,0
-5,7,-5,6,-10,-12,-3,-6,-18,7,-1,11
-12,12,5,-10,-4,0,2,-4,0,11,5,-12
-20,-9,-3,12,-15,5,-1,4,-8,-21,-17,-17
-20,-15,-10,-1,-4,16,-15,0,-8,-14,-15,-2
-4,10,-7,-7,-9,-4,-4,-3,-18,-17,-1,8
-6,-19,-9,-6,-2,11,-3,9,-15,18,-4,-13
-15,3,5,4,-7,18,-3,-13,0,-8,-19,9
3,-1,-13,15,5,14,-1,8,-16,6,-20,5
-6,10,4,-14,-5,17,1,6,-4,13,-13,-6
-4,-7,5,11,-9,-3,5,9,-6,-14,5,-6
-4,10,3,9,-18,-4,-4,21,-9,12,-2,9
2,-3,-9,-4,-10,12,-10,20,-17,16,-7,1
-2,0,-4,22,0,-1,-4,-10,-1,-6,-17,14
0,-9,-20,-3,-16,24,0,-8,-15,11,-15,9
5,6,-12,-2,4,28,-7,2,-13,-3,-18,3
-1,-1,3,3,-1,26,-7,-1,-8,15,-8,0
-16,27,5,30,-4,3,1,16,-12,0,-9,-4
-18,9,3,10,-8,28,-9,18,-15,19,-8,4
-3,12,-8,9,4,18,-11,0,-7,3,0,5
-9,-1,3,11,-9,5,-7,12,0,8,-9,32
-6,17,-17,34,-7,27,4,26,-7,23,-7,20
1,6,1,6,-6,-2,-2,13,0,30,-10,26
0,2,-4,30,-20,5,-6,35,-7,17,-7,5
-11,4,-2,27,0,32,-5,24,1,26,-10,35
-13,3,-19,33,4,6,4,29,-5,14,-17,0
3,0,5,-10,-2,-21,3,-31,5,-23,-15,-36
3,0,-4,-11,4,-32,5,-1,-16,0,6,-9
2,-6,-17,-7,6,-6,-18,-22,1,-12,-2,-19
3,0,-15,-7,-10,-11,-12,-10,-4,-23,-4,-8
-9,-2,-2,-3,1,2,-1,3,4,-12,-18,-22
-16,-21,4,-2,-6,-26,-6,-27,3,-4,-19,-25
-15,4,1,-6,5,-31,0,-4,-9,-31,1,-3
-6,1,-12,-12,2,-1,-17,-4,4,-6,-5,-20
-15,2,5,-8,-14,-1,-4,-13,-15,-8,-7,-27
-15,-18,-3,-3,-6,-27,6,8,-11,3,-8,3
4,8,0,-3,3,-14,-8,0,-5,-10,-8,-14
-19,-11,-16,-22,4,-11,-12,2,-10,-24,-7,-6
5,12,-12,-21,-4,3,-3,-19,-2,12,-13,9
-3,-12,-16,-22,-18,9,-14,-2,-3,8,-11,6
1,-16,-12,-2,-4,-16,0,-7,-18,-14,-13,-22
-5,-13,4,-21,-6,12,-2,11,-1,-19,-12,-2
3,-1,1,-10,-18,-12,-6,11,-19,7,2,6
-2,-5,-16,1,-3,-15,2,13,6,-10,-16,15
-19,-10,-13,5,-12,7,5,2,-5,-7,-3,-13
-19,-11,6,-2,-5,-2,-7,-7,1,-18,4,0
-4,1,6,10,5,16,-7,-8,-16,5,-2,13
-3,10,-6,-8,2,0,-10,10,-4,6,2,-7
3,-12,-19,13,-15,8,-14,-12,-2,18,-15,-6
-8,-15,2,-12,-10,-12,-14,-12,-11,1,3,-2
-5,-5,0,-11,-12,18,-18,-10,-11,24,-17,-10
-16,-8,2,21,-2,8,0,-5,-18,-6,3,5
-1,-5,5,0,-6,-6,5,21,-13,5,1,10
-3,-10,-4,26,2,4,-16,-11,-7,1,0,5
0,3,-12,11,-17,22,-4,18,-15,26,-15,-1
-6,8,-9,15,-10,6,5,12,-10,9,-11,8
-9,5,-13,4,-14,11,-10,11,-14,1,5,11
-8,6,-7,-5,-11,11,-10,1,-7,20,-13,12
-12,8,-2,4,-14,12,4,13,1,-2,4,14
-5,18,-16,-3,-18,30,-16,21,3,1,-2,10
2,0,-13,33,-2,14,-8,32,-16,2,-1,22
-16,4,-17,18,-19,6,-11,27,-12,19,0,9
-9,-2,-18,22,3,30,6,18,-15,32,-18,18
4,3,-3,20,4,23,5,34,-16,37,-18,4
-10,1,-17,0,-4,26,4,34,-3,8,-2,11
-2,-7,-12,-8,-18,-35,-12,-10,5,-18,-16,-35
4,-5,6,-6,-15,-15,3,-26,-10,-37,-8,-20
4,-8,7,-17,3,-8,-15,-9,-17,-10,7,-1
2,3,2,-6,7,-33,-8,-7,6,-17,-15,-18
1,-14,-17,3,3,-7,-15,-11,1,-21,-17,1
-8,3,-5,-3,-17,-31,-6,-32,2,-33,7,-31
-15,3,-14,-27,-1,-2,6,5,-1,5,-2,-11
-13,6,4,-2,3,2,-13,-30,-12,-10,-15,-4
2,7,-10,1,5,-2,-14,-10,-7,-30,-18,-28
3,-4,-8,8,-16,-1,2,-8,4,-14,-5,5
0,2,2,-12,1,1,-2,6,0,-9,2,8
7,10,-6,11,-5,-13,-18,5,-1,-5,-5,11
-5,10,-17,0,-10,10,-3,11,-18,10,-3,5
-6,-18,-14,1,-13,6,3,-17,6,9,-8,-24
-2,-9,4,11,-9,-24,0,-6,6,-23,-8,13
1,3,-1,2,-17,-23,-1,2,7,9,1,10
3,2,-13,-4,-11,-6,-14,2,6,11,5,-8
-17,9,-8,1,1,-11,-10,15,-11,9,-11,1
4,-13,3,8,-10,10,-16,-18,-13,-7,1,10
-17,-8,1,5,-6,3,3,11,1,12,4,-4
4,-1,-8,16,-5,6,-7,-6,-11,-4,-12,-3
0,-14,-11,13,-9,4,-8,-4,0,0,-13,15
0,7,1,14,-4,8,-8,15,7,9,6,-11
-17,-10,2,10,-10,-13,-12,11,-1,21,-7,-9
5,-1,-3,14,2,24,3,19,0,1,-13,-4
-12,-10,2,18,5,-12,4,-3,-2,-11,3,7
0,3,-3,5,-4,6,-9,12,-18,20,-9,18
-3,-10,-7,3,-6,-6,-8,-5,0,0,4,22
-17,0,-6,13,-5,1,-16,1,-17,-5,-8,11
-5,1,-5,-8,-9,11,-16,28,7,11,-9,-5
-18,-1,-2,6,-14,2,-15,9,-7,8,-5,12
-11,12,-14,12,-8,-4,6,10,-13,7,0,0
-7,8,-13,1,-14,19,7,15,-8,-2,-9,11
-11,3,-7,-3,-5,3,-16,14,-11,8,1,5
4,15,-1,34,-11,18,-7,19,1,14,-10,7
-7,3,4,0,-4,27,-2,0,0,9,2,22
0,7,1,14,-16,13,7,23,-10,34,-2,-2
-7,0,5,7,-10,20,-2,12,-3,1,-9,12
-17,4,-1,7,-16,26,-17,33,2,11,-1,2
-13,-23,-2,-31,-9,-26,-2,-24,4,-21,-6,-3
-10,-3,-14,-2,-16,-25,-1,-12,-2,0,-13,-16
-11,-8,-4,-5,-12,-13,1,-9,3,-9,-10,-3
-10,-8,-11,-3,-15,0,-15,-27,2,-26,0,-9
8,1,-3,0,0,-11,-5,-8,-3,-9,-8,-24
7,2,5,-14,3,-20,-4,5,-5,-20,0,-5
-9,0,-17,-4,-11,-9,-17,-25,2,-15,2,4
-4,2,3,4,6,-21,-2,-15,-8,3,-9,-26
-12,4,3,7,0,-26,-1,-10,4,6,-15,-30
-14,-1,-16,-13,6,-29,-10,6,1,2,-17,-20
-13,1,-2,-5,3,-18,-3,-1,-1,8,1,-12
-16,5,8,-23,-12,-22,-1,-22,-14,-22,-14,2
-3,11,-9,1,4,-24,8,-7,4,-26,1,-16
-17,-7,-17,10,-16,-10,-8,0,-7,-25,-9,-4
-11,-3,6,-21,-11,-22,1,10,-3,9,-17,4
1,-5,-7,13,-16,-15,8,-19,-6,-6,5,1
-3,-7,-8,14,-14,6,-3,10,-10,2,-16,-21
3,5,4,-5,-10,-21,1,7,6,-18,7,12
3,-13,-15,5,-4,0,2,-4,-15,-8,-14,2
7,12,-12,11,-6,10,-1,7,-10,16,-15,-18
8,6,2,2,-10,12,-4,10,-1,-15,6,-8
0,-8,0,-15,-16,10,2,6,-16,0,-3,0
2,-6,-8,-5,-17,14,0,-7,1,0,-2,18
4,-12,-5,-3,-17,18,-2,-13,7,21,6,22
7,-1,-16,-2,-16,12,-14,10,-15,22,-9,9
-3,-12,7,6,-6,0,0,1,6,-4,-15,-2
6,-2,2,10,0,3,-12,26,-9,16,-4,16
3,8,-14,8,6,9,-4,8,-17,10,-2,-8
3,25,6,8,7,0,-7,8,-13,1,-11,7
-7,29,-5,7,-5,11,-13,6,-16,-7,-4,24
-3,17,-3,7,-5,-1,-4,14,-5,3,4,10
-1,-5,-3,-4,-15,5,-11,15,-6,-5,-1,23
-12,11,-13,8,-11,3,-3,5,-3,-3,3,-6
-6,4,-9,10,-9,19,-16,8,-11,9,-5,11
3,12,5,4,5,7,-11,4,-15,19,2,7
6,2,-8,22,-1,4,-13,22,-17,16,4,29
3,11,-4,10,2,10,2,31,-8,31,-4,23
-12,2,2,36,-7,19,-8,12,-1,26,4,26
4,10,-8,13,-1,0,-17,38,0,15,2,32
4,-7,-11,-10,-6,-6,3,-36,5,0,5,-12
-2,-31,-6,-7,1,-18,4,-36,-11,-9,6,0
3,-7,-4,-26,-11,-12,-16,-13,-6,-18,-2,-31
-15,-6,-8,-1,-1,-10,-16,-34,2,-17,-10,-19
-11,-26,2,-22,8,-5,-9,-1,3,2,-2,-1
-2,3,8,4,-3,1,-2,-24,-15,-29,-10,-10
0,-10,5,-26,-4,-32,7,-9,-9,-28,0,-30
-10,1,-4,-2,4,6,-15,-19,4,0,-2,7
-5,4,-7,-29,5,-14,-13,-20,-3,-17,-13,-7
5,-1,-9,-3,-14,-22,-11,4,4,-12,-11,-21
-5,8,6,0,1,-8,-10,3,-7,-15,6,-16
-11,0,9,9,9,-24,3,-8,-9,-17,-14,-20
-15,8,-13,-6,-11,-17,3,-23,-12,-18,-6,-20
-3,10,-15,-18,9,8,-14,9,-5,-17,3,12
-10,5,7,-15,-7,-12,0,-9,9,-15,-7,12
9,-2,-1,-1,-13,-3,6,-18,6,-19,-8,-19
-6,-16,-14,-16,-13,-17,-14,-9,9,-10,-7,-21
-2,-7,-16,12,-11,-21,-16,-7,-13,0,-4,3
1,12,5,-13,-2,15,5,9,-9,-12,8,17
7,14,-1,8,-11,11,4,14,-4,12,-14,2
9,7,4,-14,-13,15,-2,-10,-14,8,-9,16
-2,11,9,7,-14,13,9,-9,5,-12,-8,-10
-5,2,-16,-10,-2,12,-2,-16,-14,14,6,-12
-12,-11,-8,-6,-14,-4,7,-6,2,-13,-13,-9
-16,-9,9,-5,-5,11,-6,13,4,-9,4,21
-16,2,-1,8,5,-4,-5,-9,-3,-5,4,4
-5,5,0,23,-8,25,-6,0,-6,11,-8,-9
-8,-5,-6,-1,-3,5,0,-7,-11,7,-10,17
-16,4,-6,-7,-6,-10,-7,-1,-11,-5,-7,13
-10,-4,-2,-8,-6,-7,8,2,4,17,-4,10
5,14,-9,12,-7,5,-7,8,5,0,9,12
-9,-2,-10,15,-7,20,1,-7,-8,-4,8,14
-3,-4,-4,-3,-16,20,-16,25,1,20,-5,-3
-9,11,-4,-4,-9,32,-15,29,-1,3,-3,18
-13,4,-1,20,9,9,-11,11,-13,22,-1,34
7,4,-12,0,-3,24,-3,-1,3,24,-3,32
8,4,4,17,-8,2,7,20,6,-1,3,16
-1,8,-12,28,-7,25,-11,29,5,3,1,24
4,0,-1,18,-8,11,-1,1,-8,12,9,24
5,-4,3,-23,-13,-32,-11,-6,-9,-12,5,-10
-9,-4,-9,-8,7,-28,1,-26,-10,-12,-2,-20
-10,-3,-11,-26,-3,-23,-8,-25,2,-17,-15,-19
-7,-5,-15,-33,-15,-13,-5,0,-14,-24,7,-10
10,-6,-12,-24,-9,-4,-2,-3,8,1,-12,-27
-11,-2,-15,-11,-7,-2,7,-18,-8,-17,-2,-7
-7,-3,-10,-26,-10,-16,-5,4,-5,-27,-14,-19
1,-2,-6,-31,-5,-2,9,7,-3,-11,-2,-16
0,-1,-13,-12,-3,-14,-5,-1,1,-15,10,-27
-5,5,10,-24,5,-27,5,3,7,-19,-14,-7
-7,9,-6,-24,1,5,10,-27,-2,-12,9,6
-4,-20,2,-27,4,-1,-4,-6,2,5,-7,-2
5,-1,-9,-25,6,6,-13,-22,6,5,-2,-10
-15,8,2,-9,-6,-2,-12,-3,-15,-19,8,3
2,-13,9,-7,-8,-18,-8,-9,-2,7,-9,0
1,-6,-15,-2,-5,-15,-9,12,8,-22,4,15
2,3,-10,15,-13,9,7,12,2,-18,-1,-16
8,0,-13,12,10,-3,3,1,4,-1,-6,1
6,1,-14,14,1,16,-8,-10,8,4,0,17
3,1,-15,5,5,1,2,-7,-15,-3,-15,12
3,-13,1,-7,-6,-13,-7,-16,0,2,-9,0
-15,-5,6,-12,-11,11,8,10,3,12,-4,5
-1,-3,-14,12,5,-16,0,6,1,22,10,-11
-11,-1,-8,-7,-1,5,-9,-4,0,-8,3,-3
-4,21,-12,-8,-1,-2,1,22,-11,-13,10,-8
-12,6,-7,8,-1,-3,-3,22,-9,9,-11,24
-10,-2,-12,15,-2,11,-12,3,6,-10,4,22
-9,1,4,-2,8,0,-9,-4,-7,12,-13,-3
-4,17,-10,5,-5,-5,-13,14,-5,20,-11,9
1,9,-6,7,-11,6,5,29,0,12,3,-1
3,-8,-2,0,-4,0,6,6,9,30,-5,-4
-8,-3,-10,10,-9,0,10,9,-7,-5,-15,-3
-5,21,-7,1,-8,11,-9,14,-3,2,-3,7
-13,20,-6,15,-6,14,-11,6,-6,11,-6,15
-10,1,2,13,-5,17,-13,25,5,5,8,1
-14,5,-4,17,-11,9,8,15,-6,-1,-14,13
5,7,-15,30,3,26,3,-2,-4,16,-8,10
-5,15,10,31,-1,-1,-10,10,-13,3,-14,9
7,2,-10,2,-4,31,-9,5,-14,33,1,19
-8,-8,-9,-5,9,-3,4,-14,-8,-7,-10,-4
-3,-8,5,-22,-9,-16,6,-29,-3,-26,1,-26
-9,-8,5,-5,4,-34,-3,-5,-9,0,-4,-2
-10,-2,3,-32,-11,-11,9,-31,-13,-3,-9,-8
10,3,-11,-1,-8,2,8,-11,-12,-18,-12,-10
-6,-6,-7,-8,-6,-19,-6,-1,9,-6,-8,-28
3,-1,5,6,5,-11,4,-12,-2,4,-6,-3
4,3,-11,-6,-12,-4,-6,-22,-3,-16,2,-19
0,-25,6,-21,-3,-26,6,-18,-1,-19,0,1
-11,7,1,-23,-11,-4,-12,-1,10,3,6,-6
-11,-12,-13,-17,-1,-23,0,0,-2,9,11,4
5,0,5,-1,4,-23,-9,-14,9,9,-2,-4
6,7,-3,-1,6,-22,-10,-21,-10,-7,-14,-15
-8,-19,-9,-17,-13,-3,11,1,10,-8,-3,4
0,-5,4,13,1,-1,-7,-4,11,-2,4,-3
-14,-19,3,-19,1,13,11,-12,-7,-11,-14,-3
6,-17,-9,-1,-8,-17,-6,4,6,7,-5,4
10,4,3,15,5,2,6,14,10,-18,11,-8
1,-5,-6,16,6,-19,-10,2,-1,-18,10,-6
7,0,0,18,8,6,-10,-12,-14,-19,-10,-3
2,-15,-10,7,6,14,0,-15,-14,4,9,-15
-11,-4,-7,-13,2,-13,0,7,-10,-13,2,1
-2,12,-8,5,5,-12,-1,-7,9,1,-11,2
-8,-6,4,-14,-1,-6,3,-9,-4,-7,6,0
-2,-5,-2,22,4,-13,1,18,-5,21,0,4
-5,8,0,-9,0,8,-7,-11,-11,-10,6,24
-8,-1,-7,2,-13,-6,1,-4,7,17,9,13
-4,11,-13,25,-11,24,5,10,5,-3,-13,14
-3,11,-4,7,-3,-7,-10,0,-9,9,9,1
1,9,-13,9,-2,5,-3,9,10,11,-4,15
-5,27,-7,21,-4,10,-3,11,-11,9,-3,28
-13,30,-5,14,1,-2,-8,3,6,30,-5,31
-7,7,-3,13,1,-3,-4,-2,-9,11,0,-4
-12,-3,2,2,2,21,-1,-2,3,25,0,18
-12,0,5,17,-8,30,-1,-4,-14,11,9,9
-9,-2,7,29,-7,23,5,33,-8,26,-14,7
-6,0,-6,8,-13,23,-6,2,2,19,-5,22
-11,-1,2,-1,-13,2,-3,12,-1,2,7,21
8,1,2,4,-10,8,0,17,-4,31,-6,8
4,-9,1,-2,8,-3,10,-2,-2,-2,1,-3
5,-5,7,-16,5,-19,10,-25,7,-31,10,-13
12,-6,9,-9,-4,-7,-9,-5,12,-12,0,-5
-4,1,-5,2,-8,-1,-7,-29,12,-2,-5,-17
11,-12,-1,3,4,4,8,-16,-12,-5,4,-1
1,1,-12,-12,4,-1,-7,-20,6,-11,-10,-5
-13,-3,5,-14,0,-20,-6,-4,10,6,-13,2
0,0,9,6,11,-28,-1,-2,-12,-13,3,-7
-4,-4,7,8,8,-1,-8,-3,12,-20,-13,-30
-11,-3,11,-20,-5,-23,10,-28,-13,-16,-12,-27
0,-13,-7,-28,-12,-19,7,8,-1,-3,11,7
-7,-8,7,-9,5,-24,8,-10,11,3,10,-4
11,8,0,-11,-11,-21,-12,-2,7,12,6,3
-12,-10,-12,-12,3,-22,11,-23,9,-2,-12,-21
11,-15,0,-17,-4,4,-2,5,1,6,-12,2
10,-9,-13,3,-8,9,5,0,-11,10,3,5
6,9,-6,-22,2,16,4,-9,-10,-6,-8,-7
8,16,11,0,3,-19,10,-16,-1,11,3,15
-11,-10,-5,13,-9,9,-12,11,8,-11,-9,-5
-4,5,-9,-8,-2,0,0,4,0,13,2,-7
-13,2,7,-10,-2,5,-4,-11,-7,-6,10,-17
-6,5,10,5,1,-6,1,3,12,10,-9,6
-2,-6,-4,-7,-1,-12,-10,3,-9,5,-12,18
-2,5,-2,7,-3,-9,-4,3,-3,-9,8,-8
-1,-12,7,-3,-2,8,6,-7,-4,5,-3,12
-1,16,3,5,1,-8,-5,5,-4,2,-3,5
-4,-1,-5,6,-7,6,-3,25,-2,7,9,23
-9,1,-11,0,0,10,6,11,11,2,6,-6
-2,-7,-5,3,-2,18,6,4,-6,10,8,4
-8,6,-3,7,12,3,3,22,6,28,10,13
-4,2,11,-2,8,18,1,-3,-5,17,4,21
-1,8,-8,-4,9,12,-8,2,-9,-5,-1,3
0,8,-6,5,8,32,12,23,-5,13,-4,0
-9,0,-5,-4,5,7,-5,30,-11,10,2,27
-5,-3,-2,3,-5,-1,4,-2,-12,34,4,23
2,5,3,28,-4,30,5,18,-10,4,-3,30
-7,-1,-11,17,-10,29,-1,18,1,34,-1,26
-11,0,3,35,6,29,8,3,8,21,8,20
0,0,-12,2,0,13,-10,14,1,7,-3,3
7,-31,-7,-11,-12,-18,11,-21,11,-25,-12,-8
-8,-16,-7,-26,13,-26,-2,-17,4,-3,-12,-2
-9,-16,5,-25,-6,-8,0,-17,-10,-2,-11,2
-8,-9,9,-15,-12,-27,-4,-28,11,-4,8,-2
12,-1,8,-33,11,-15,-11,-9,-1,-12,-5,3
-11,-5,0,-33,-11,-2,8,-8,5,0,-7,0
7,6,12,-18,-4,-4,7,-20,0,3,11,-17
9,-2,-3,-2,-8,-5,13,-31,-8,-31,-7,-24
-3,0,-3,2,-9,-18,7,5,-12,-26,6,-21
0,-6,-2,3,12,-17,3,-22,11,-15,2,3
8,8,11,-2,-10,-24,3,-2,10,4,10,-26
-5,3,-2,-19,3,-7,0,-6,-3,-13,2,0
13,-19,11,1,-3,-8,-8,-17,12,5,-8,-19
6,-14,-9,-13,12,-12,2,-21,3,7,-9,7
11,-21,8,-4,-4,-23,5,14,12,-19,-8,-24
-9,-21,-8,1,11,-16,5,-6,-11,5,6,-9
5,-12,-9,-4,9,-12,-7,-2,-11,-16,-1,-15
-11,-12,-12,16,13,-7,-5,-4,11,8,6,-17
13,2,2,2,-2,-6,12,-20,5,-20,-4,2
-5,-9,10,11,0,-11,-1,-18,7,-12,0,-14
-4,3,-11,9,-4,-1,-2,-18,-10,-11,-3,7
-5,-6,-10,20,6,16,-3,9,-4,1,-6,-14
-5,-4,-4,1,-2,-6,-5,2,-2,-2,6,-10
-3,3,-4,9,-8,3,-12,-2,12,11,9,-12
-2,6,4,6,1,23,6,-6,4,4,10,14
-4,-2,0,-5,3,-9,-11,6,0,-4,7,6
0,9,1,-9,13,3,-1,2,-2,-5,-5,-6
-8,5,-5,4,-6,-3,10,14,3,18,-6,-7
-4,10,-8,-2,-4,9,-4,9,8,9,-11,-1
-3,6,7,-5,6,10,1,11,-10,8,-2,-7
-2,-5,2,13,1,17,0,-4,13,30,-4,8
1,14,0,0,-10,-5,-5,7,10,14,-11,29
0,4,-4,20,-9,31,4,21,10,32,12,14
-6,-3,-6,3,-6,19,8,19,2,4,-1,13
3,21,-10,-3,-11,19,-11,-4,13,25,9,0
-8,-2,8,21,2,4,6,32,-4,28,-1,24
-11,-1,5,13,-3,6,6,23,12,14,-7,32
-8,-1,9,7,9,19,2,37,-9,9,8,6
12,16,-10,3,7,11,5,35,-1,12,10,34
0,-8,0,-17,9,-10,-9,-15,1,-10,10,-3
-8,-11,5,-27,-7,-17,-5,-5,-8,-12,-6,-34
9,-6,4,-23,-8,-2,-7,0,-6,-6,-4,-18
-6,3,12,-1,5,-4,6,-31,-11,-18,-11,2
-1,1,14,-26,12,-32,-11,-19,-10,3,-9,-19
8,3,10,-9,-11,-16,9,-6,-5,-5,-7,-11
-6,-12,-1,3,0,4,10,-19,-9,-24,4,-27
-4,4,-11,-18,-9,-9,9,3,-5,6,7,-6
-8,-16,-8,2,11,-14,8,-21,-1,-21,-11,3
9,-6,-10,-25,6,-3,13,-9,-8,-17,9,-17
-9,0,-5,-13,-9,-14,12,0,-7,-12,-2,-28
5,-22,12,5,4,-12,1,-3,-6,-27,9,7
-8,-20,8,-19,9,-2,1,11,11,-6,-3,-7
-5,-25,7,-17,-10,11,12,-17,-9,3,-5,8
9,-23,-6,-15,13,-5,-4,8,0,13,7,-11
-7,-16,3,-4,3,8,0,1,-7,-11,-8,-20
8,-20,-9,-15,4,-12,-3,-1,-4,-11,6,-2
6,-4,-7,-17,-1,-8,1,-4,-3,-17,-8,-8
14,-6,11,1,5,10,5,4,5,-8,11,-11
-3,4,4,-14,6,17,7,-16,-3,-2,0,-14
-4,0,3,-13,-1,4,-4,-11,14,1,6,-12
-4,0,0,-5,-7,15,-5,0,9,19,12,13
-2,-8,2,6,0,-11,7,-7,-6,-1,-5,-7
-5,1,1,7,-7,-2,-1,-7,3,-13,0,1
-1,5,-6,-14,7,1,14,-1,6,-11,6,24
-3,3,9,4,8,-11,0,-2,6,-1,9,-5
-6,4,-11,6,10,19,-3,0,-11,18,9,7
-5,4,9,2,-1,8,-3,-5,6,12,8,12
-4,5,-10,-7,7,13,1,17,-4,8,3,-10
1,5,-2,5,1,28,5,7,9,19,9,29
-6,1,9,-1,-8,11,10,-6,8,16,0,17
-9,30,13,31,8,9,3,24,-1,27,-9,20
-7,31,14,4,13,10,10,30,10,28,8,11
-10,9,-3,1,-3,18,-8,27,4,29,-7,3
-5,0,-8,25,8,4,-5,20,-2,1,5,5
-11,0,13,26,5,15,-8,9,-1,7,-1,6
14,2,7,-2,0,36,-2,8,7,26,-1,33
-6,-1,-6,33,1,9,-10,25,8,13,14,29
10,13,2,17,9,3,3,15,9,14,3,7
-2,-10,3,-22,5,-32,-3,-25,4,-33,-8,-10
7,1,-6,-7,8,-26,-1,-34,-4,-12,-6,-7
3,-18,8,-9,7,1,-10,-6,11,-16,-1,1
-3,-9,12,-20,-3,-26,7,1,8,1,8,-6
7,1,3,-10,2,-8,-5,-18,3,-1,10,-18
-2,-14,-2,-22,-4,-19,-7,5,-10,5,-6,0
-6,2,-1,-1,15,-31,9,-28,14,-5,15,-31
-1,-4,-5,5,14,-3,4,-21,-10,2,-2,5
4,5,7,-3,6,5,-1,3,-6,-25,-5,-14
14,-18,11,-16,-5,-12,10,-22,0,-8,10,-20
-5,-2,-6,-5,-1,-19,6,-10,0,0,4,-13
7,-5,4,-18,10,7,13,-3,-3,9,5,-21
-7,-23,9,-26,14,-15,9,-26,4,-11,1,12
11,-13,-10,13,7,-14,3,12,-6,1,-3,7
14,-19,-3,-15,-6,12,-8,8,3,2,9,-21
5,-16,-7,-23,12,-6,1,10,3,-1,0,-23
12,-11,14,-19,4,-14,7,-15,0,16,-4,9
11,-4,11,0,-3,7,-9,-16,-4,-19,8,-6
9,13,4,-14,1,-5,4,1,5,-5,-9,-17
-3,14,-4,-14,0,4,-5,-1,9,-8,14,-10
0,-7,1,-13,6,-8,14,16,-7,-5,-1,-16
0,-3,4,6,-6,-3,11,-8,-8,15,1,11
-4,-3,14,17,-3,-14,-2,-5,8,10,3,14
3,-12,1,-5,11,10,4,-2,0,9,3,-11
0,-5,14,6,-6,2,0,1,4,8,-5,3
1,-11,3,-7,-4,6,-8,2,-5,-6,2,-12
-6,5,0,16,7,-10,-3,19,0,21,-1,-7
-1,6,-3,-9,0,23,-8,-6,-9,-10,-10,14
2,3,-9,9,2,13,2,6,1,-3,0,-5
-3,11,-1,10,14,5,7,22,-4,10,15,-2
5,-4,-1,-5,13,21,4,-2,1,19,-7,22
1,5,-1,0,-8,30,6,31,-1,15,6,18
-7,18,1,10,8,32,-8,-5,-7,26,13,23
-4,29,-6,10,3,24,13,25,-8,20,-10,1
7,4,6,23,-6,3,13,16,6,13,-8,1
9,0,-1,5,-7,35,15,9,9,30,10,28
-5,0,15,12,-9,17,14,6,2,2,5,18
12,13,8,5,-3,2,8,32,4,28,-9,29
-3,2,14,16,-4,32,-3,1,0,35,7,4
7,-6,4,-20,-9,-6,8,-15,11,-22,7,-23
3,-25,3,-3,6,-36,-9,-4,11,-25,16,-12
-4,-22,14,-25,12,-32,8,-26,4,-36,-4,-11
4,-23,-7,-12,-4,-24,12,-3,0,-27,-5,-3
0,-25,10,-15,10,-21,-1,-31,5,-7,0,-15
3,-16,15,-10,16,-6,15,-27,2,2,9,-9
-3,3,-8,-26,-3,3,-4,5,-6,2,8,-18
0,1,7,-23,12,-8,-1,7,8,-20,11,-27
16,1,14,-2,-4,-24,13,-14,14,7,-8,-9
12,-2,11,-7,11,-2,-9,-24,7,-9,3,-17
4,-9,-4,-3,14,-3,1,-17,13,7,10,-24
-1,-1,10,-22,4,-9,12,-7,-3,-27,14,-23
-7,-14,4,11,5,-7,8,-7,13,10,12,3
16,-2,-9,2,14,-2,-6,12,16,-17,12,-6
9,0,6,5,13,14,-5,2,-7,-10,11,-21
-7,-18,-9,-4,3,1,5,-5,13,-6,15,-23
-7,-15,13,-21,-6,1,10,-11,-4,-21,3,5
6,1,10,-4,-5,0,-6,-19,15,1,16,-3
8,0,13,-11,8,-8,13,-11,-5,13,-8,-14
-2,9,0,-1,0,-8,11,7,-8,5,12,-14
-8,6,-3,0,9,18,-7,-6,3,-2,11,14
6,-14,7,21,3,0,-1,-7,13,-5,-1,10
-2,5,5,13,-4,-1,2,0,15,-6,3,-1
-4,-4,15,20,4,0,2,-13,12,9,2,-13
-1,-7,6,6,10,10,-5,3,2,-5,-2,-9
0,-13,2,2,-3,7,-4,-7,2,-10,-2,4
-5,6,-3,22,-2,24,13,25,11,6,11,1
-1,4,2,-3,-6,7,-2,-5,0,9,5,-8
5,-8,2,-7,13,-2,4,3,-6,8,1,4
1,3,1,9,1,26,2,13,5,22,9,26
0,-1,15,5,11,23,10,2,5,20,8,1
-6,10,11,29,14,6,9,-2,10,-4,7,25
4,7,9,1,-1,-1,-9,28,6,24,6,-2
3,26,5,-3,-8,28,0,24,14,14,4,16
10,8,4,0,13,29,10,2,11,17,5,15
-8,4,-3,-1,5,29,6,21,1,19,7,20
15,12,15,16,13,21,12,29,3,16,6,26
14,14,14,12,9,28,-1,19,6,10,-6,11
-9,1,6,9,11,26,-7,14,14,18,13,23
0,-5,11,-26,13,-16,0,-5,3,0,-2,-25
-8,-14,9,-14,-6,-14,-4,-29,8,-7,16,-5
2,-26,9,-22,7,-25,-3,-28,-5,-5,17,0
-2,-27,17,-28,-2,-29,1,-20,-7,-23,17,-1
3,-23,10,-30,9,-7,-3,-2,8,-30,16,-6
-6,-10,3,3,-8,4,-6,0,10,-3,-3,-9
-6,1,14,-15,6,6,1,-18,-4,-8,15,-26
3,-8,-7,1,13,-17,17,-25,10,-30,2,-24
7,3,4,-16,17,8,10,-11,8,5,-6,8
-6,-2,-7,-29,-5,-22,-7,-21,3,-19,2,-9
11,0,9,1,-5,-12,-3,7,-2,-18,-2,-22
5,-16,13,3,16,-18,7,-21,-3,-16,8,7
-7,-1,-4,-14,10,11,-4,3,9,-5,2,-4
1,13,5,-2,12,-6,16,-13,-7,-2,13,-16
11,-6,15,12,7,-22,0,4,-5,3,10,8
10,3,-5,5,10,-18,-5,-5,-2,-20,7,2
8,-11,-7,-17,3,-1,0,2,6,2,13,9
-1,10,-6,5,12,-4,13,-15,-3,-15,4,-17
2,-16,6,-13,1,-4,-3,-10,3,-19,15,-2
4,3,-7,1,17,1,7,-15,6,-13,-5,-10
3,8,1,8,3,-12,12,-7,9,-11,16,5
-6,7,8,13,2,9,9,13,9,8,9,7
-4,-3,5,18,14,18,10,-10,11,-1,0,10
-2,-5,3,13,10,-1,-1,22,-6,-2,4,23
10,22,0,5,-3,-6,16,-10,-7,1,5,-12
15,-13,-4,-6,6,9,-3,9,-8,-8,6,11
1,4,-2,5,-2,9,3,3,-1,5,-1,3
2,-3,-2,8,5,11,-5,20,2,-9,5,-10
-5,8,-6,0,-6,24,-1,-6,-2,25,-5,4
2,14,-8,7,-3,27,16,19,16,26,16,18
0,9,-4,26,2,1,10,9,4,30,-6,27
6,-4,-8,18,9,28,-7,29,12,8,-2,18
2,12,2,5,-6,30,14,-5,17,12,-6,0
5,29,1,1,12,3,0,24,11,25,17,-5
8,5,17,26,11,18,-6,13,-7,23,4,27
6,13,15,18,7,27,0,13,7,16,11,17
2,13,7,2,8,32,8,10,1,5,-3,19
6,7,4,20,-8,5,0,0,8,9,-1,15
-1,1,9,32,-4,31,-7,2,-3,35,13,6
6,-10,9,-22,1,-6,17,-31,11,-13,17,-12
-6,-14,-4,-29,-7,-37,5,-34,9,-24,12,-12
1,-28,5,-31,5,-15,5,-22,10,-31,18,-22
-7,-11,11,-32,4,-5,18,-28,10,-33,15,-32
-7,1,-4,-11,9,-7,8,-23,9,-27,2,-1
18,-4,4,-32,1,1,12,-32,11,-20,2,-30
15,-8,2,-20,2,-18,17,-5,-5,-26,10,-32
15,-6,-7,-26,5,-25,5,-22,-5,-30,-7,-16
3,1,7,2,-2,8,9,-22,1,-25,11,4
3,-12,-2,-13,16,-26,2,6,2,-19,-5,-20
-6,-7,4,-2,5,8,16,-14,-6,-15,7,-20
-5,11,-5,-14,3,-12,9,5,6,-23,8,-5
-7,12,4,-2,-2,-12,2,-9,3,0,9,-9
1,-3,10,-4,4,1,14,-20,13,-23,-1,-15
-6,14,1,-10,4,-4,6,-14,8,-11,1,6
-1,-16,-2,-1,15,-17,14,2,15,-4,1,-13
8,-8,10,-17,11,-15,1,-22,12,-3,8,-7
-3,3,3,-17,-3,-10,8,0,3,-18,4,-6
6,-11,-1,-14,-1,2,2,-8,10,-11,4,10
1,5,-1,-10,-5,-16,-7,-15,16,11,11,-8
10,16,8,-3,-2,-14,16,-16,-1,6,9,-8
6,8,6,9,3,11,-4,8,4,17,-6,20
7,6,7,14,-1,-5,3,1,6,-9,-5,3
-4,19,0,-3,7,-11,2,5,4,-11,7,10
12,23,4,-8,3,3,7,5,-3,1,9,-1
-7,15,-2,1,3,-6,-1,8,2,-7,5,-11
4,7,-7,-5,14,25,5,10,-3,2,5,-4
5,8,7,2,2,-9,11,2,-3,7,-1,3
-3,9,14,16,10,-5,-5,16,17,2,18,-6
-2,3,8,23,17,24,6,2,9,-9,11,19
1,4,0,5,10,26,10,18,2,4,12,19
2,5,8,-5,0,7,-5,15,4,13,10,5
2,16,0,0,0,12,13,-1,5,17,-1,16
9,21,8,-5,0,2,10,16,10,24,6,22
-5,2,-1,16,10,10,5,29,-4,5,10,6
-5,5,-1,32,-4,0,-3,10,-2,29,6,0
3,-1,-5,10,-4,-2,15,36,18,26,-1,30
9,-1,17,-1,-4,8,4,5,12,20,-6,31
-5,0,-5,24,3,37,18,3,-3,37,-7,23
13,-6,8,-14,19,-38,19,-5,2,-28,6,-4
6,0,14,-27,18,-6,8,-23,8,0,-1,-6
7,-20,10,-12,13,-9,-6,-1,17,-15,12,-34
-1,-10,15,-16,-6,-12,12,-20,8,-25,4,-8
19,2,8,-9,10,-6,16,-6,0,-30,2,4
15,-7,4,0,17,4,19,-31,2,4,5,-22
16,-6,5,-5,-4,-15,1,-20,16,-21,-1,6
-4,5,-5,-6,5,3,15,-15,4,-20,16,-25
8,3,5,-26,-6,4,-6,-21,15,-24,1,-21
-3,8,-5,2,-4,0,5,-24,-6,-21,-5,-14
-4,-11,5,2,-3,2,19,4,-1,-25,3,3
0,-10,-4,7,19,-8,-5,-11,7,-17,5,-14
16,1,-4,12,16,-23,-6,-8,13,-16,19,11
3,6,10,0,11,-25,-5,12,17,-14,17,-23
8,-20,8,-12,10,14,9,-19,18,-1,12,14
-1,-5,-6,-9,17,10,11,14,8,-9,18,-1
14,-16,10,-20,7,-21,8,0,16,-4,-3,-20
14,0,19,4,19,0,-4,-3,17,-11,3,-7
10,0,16,-6,-2,14,11,-4,2,0,6,6
-2,19,17,6,7,-2,3,-15,10,4,2,1
10,16,3,19,12,-18,5,-8,6,15,-1,11
3,16,5,0,-1,3,-1,0,6,-2,13,5
9,7,-6,1,0,1,2,1,7,-15,19,11
13,2,-1,5,1,-11,16,2,4,1,4,-5
-1,5,4,7,1,-1,14,-4,15,2,6,-8
3,0,-1,0,2,-5,7,5,6,-7,0,-5
3,7,16,-7,17,6,17,-12,1,-9,11,6
6,7,5,12,15,-6,14,4,15,24,5,23
6,10,13,1,13,27,7,-6,6,-5,13,14
3,5,16,9,0,28,5,23,13,-7,16,7
7,21,10,7,0,2,14,21,7,30,-1,10
10,31,-3,24,-3,10,4,15,6,12,16,19
-5,6,-2,10,2,3,8,6,9,-1,5,4
7,-1,-3,8,17,31,-6,14,3,18,4,3
9,-4,7,34,19,5,15,11,9,-3,3,5
12,7,-6,-3,-6,12,-3,18,-6,28,-2,26
11,4,15,2,19,6,6,3,2,7,19,10
-5,2,7,26,9,26,13,4,4,26,13,-1
6,6,-5,10,1,1,0,33,-2,7,5,31
17,-18,17,-36,3,-16,4,-15,15,-6,17,-27
2,-1,18,-7,3,-17,11,-9,3,-16,13,-6
1,-13,2,-2,-5,2,11,-17,15,-1,5,-13
6,-3,12,-16,-4,-34,8,-8,17,-27,3,-2
1,4,9,-14,11,-17,8,-19,4,-30,10,-13
-2,-18,-4,-25,-3,-24,14,-6,12,-27,0,-28
2,0,-4,-31,11,-17,7,2,-3,3,-1,-26
-2,1,6,0,2,-7,12,-9,-5,-3,10,-7
-2,3,-4,0,4,-23,2,0,10,-12,12,6
-4,-3,6,3,4,2,20,-20,0,-25,12,1
-3,-7,-2,-7,-1,-24,5,-19,16,9,-4,-9
1,-1,-3,8,16,-3,3,7,5,9,10,-1
-3,9,12,-20,6,-17,9,9,-3,-2,9,-16
-3,-7,-4,-10,2,-4,16,3,4,5,16,13
4,10,19,3,7,-23,3,13,14,-1,13,9
0,13,15,-18,3,6,17,-1,7,-13,12,0
1,3,13,-11,11,-13,-2,-17,5,3,0,-13
8,-1,16,12,9,6,5,-16,1,-3,4,-14
0,4,-5,16,4,-10,1,-11,0,-10,13,17
-2,3,7,-6,-5,5,10,4,10,-9,-1,-15
-4,2,-2,-4,17,13,10,1,13,-18,6,-6
-2,6,15,-3,14,-11,-2,-11,4,-16,-4,16
12,21,8,17,10,21,20,11,13,-9,2,13
2,-8,-3,1,14,0,14,22,13,20,17,6
1,0,-5,1,12,-7,18,23,1,24,3,-2
4,7,11,9,14,-6,6,4,13,-7,4,-1
5,-5,1,1,11,10,0,-5,17,15,-5,9
11,25,17,25,13,20,5,-4,2,14,-5,-8
7,-7,15,17,6,-8,1,8,16,22,2,13
11,26,17,-5,6,9,4,2,0,7,12,12
13,20,16,3,16,4,16,15,11,29,5,7
2,18,2,20,6,10,7,18,3,17,3,25
17,17,5,0,10,26,10,3,8,28,14,20
15,7,1,6,0,23,-2,15,4,4,7,15
14,0,6,31,20,2,8,-3,16,15,19,20
-2,7,-2,33,-3,22,18,22,8,32,5,27
10,9,2,15,10,14,11,4,10,31,0,10
16,13,2,6,17,12,16,2,7,16,8,31
11,25,12,26,18,4,18,7,15,3,11,33
14,-7,20,-2,-4,-26,-2,-18,1,0,0,0
-2,-7,1,-33,0,-37,8,-9,8,-7,13,-3
-1,-15,7,-25,15,-8,10,-7,1,-12,21,-14
-3,0,15,-17,-2,-34,-4,-33,16,-5,20,-33
11,0,14,-9,-1,-23,12,3,-3,-26,5,-26
-1,5,16,-10,0,-6,11,-4,-1,-18,-2,0
8,1,-2,-23,20,-9,12,-31,8,-29,15,-19
11,6,20,3,12,-6,20,-12,2,-30,3,-24
2,-10,6,-30,21,-13,6,-29,2,6,-1,7
9,9,19,-23,2,-3,9,3,10,-25,21,4
2,9,10,-17,12,-20,0,-25,11,-19,11,7
14,6,6,4,20,0,-1,9,14,-17,12,-11
6,3,0,5,7,-12,-1,9,11,1,5,8
4,13,1,-15,11,-13,17,10,17,-22,7,-4
-4,7,21,-6,14,-15,17,-3,14,3,16,-3
19,5,2,15,18,7,19,-17,13,-13,13,-7
8,16,17,13,-2,-3,20,-21,20,-8,3,-8
11,14,-3,17,8,-9,-2,4,19,-15,10,-5
2,4,21,-20,17,-14,18,11,19,13,11,-4
4,-5,19,-14,-2,-3,18,-13,10,16,-1,16
7,10,11,-6,-4,18,9,7,21,-12,-4,18
-4,19,0,3,13,-8,-1,17,19,-13,20,14
1,7,19,-6,8,17,21,2,0,13,3,10
7,7,0,6,9,4,19,6,19,8,12,-7
12,23,3,-4,12,2,16,8,-1,0,6,2
4,0,17,12,-1,-11,3,-5,-1,17,-1,-2
8,4,11,26,-3,26,-4,9,17,18,16,18
8,-3,8,9,8,-8,16,-5,15,1,15,4
3,13,6,16,11,24,5,18,10,6,-3,18
-3,27,-3,13,16,12,3,7,10,3,17,4
6,22,8,-4,3,30,0,-6,5,16,18,14
5,22,15,1,7,17,10,19,16,18,9,1
2,25,16,-3,-4,19,2,9,4,8,7,-6
14,-1,10,21,3,30,3,17,-4,2,7,15
13,3,3,-1,-1,23,5,32,4,3,14,26
18,15,0,-2,-2,30,-2,0,-4,11,-4,2
2,16,19,5,10,23,5,36,5,34,-1,29
11,5,14,22,6,3,19,30,1,20,17,23
8,0,12,37,1,33,14,26,3,23,8,14
14,-10,-3,-18,-2,-27,19,-6,3,-8,11,-4
11,-5,6,1,18,-24,15,-25,4,-4,12,-35
-2,-17,0,-35,15,-9,11,-3,9,-2,20,2
9,1,15,3,-2,-22,-2,0,6,2,13,-4
9,-7,14,-1,19,-10,1,-33,18,-9,12,-1
2,-1,1,-33,15,-1,0,-24,21,-25,4,-9
-1,2,16,3,16,-27,4,-5,16,-3,1,-27
-1,-11,13,-22,16,-6,16,-18,-3,-8,18,6
0,1,2,-4,8,7,13,-9,-3,-4,3,6
9,5,-1,1,3,-25,2,-29,22,-29,19,9
6,9,19,-2,18,-25,2,3,10,0,20,-19
18,9,14,10,-1,-6,-3,-10,3,-22,-1,9
19,4,0,0,16,5,20,3,19,-26,6,3
19,9,5,3,22,-18,19,5,3,9,-1,1
18,7,10,-24,21,-16,10,12,0,12,0,-16
4,15,13,-22,18,-12,16,-5,15,-20,0,11
17,7,8,-22,11,-8,22,-12,14,-14,-3,10
7,5,3,5,11,16,19,-21,4,10,5,-12
11,10,10,0,17,-2,-2,2,21,-20,21,-4
8,-4,18,18,19,10,3,10,22,-2,19,-11
1,7,13,10,-3,-4,7,20,-3,-6,5,16
12,21,6,-15,1,20,16,15,11,-9,5,-2
-2,6,14,4,0,20,14,-5,15,8,3,11
5,-5,7,-10,13,6,8,22,11,-15,-3,23
7,7,0,16,14,-1,8,-6,14,14,14,18
2,0,19,21,10,-9,1,3,13,1,4,-13
4,-3,18,-10,1,-3,5,-4,7,1,-2,-1
-3,11,-1,-9,4,9,10,23,16,17,4,24
0,15,5,6,6,25,3,17,18,23,22,0
11,22,3,1,16,27,22,22,10,-4,19,10
6,17,1,1,4,11,5,5,1,2,9,17
20,25,9,2,5,3,7,7,1,-1,2,23
18,0,-3,-2,2,-3,21,8,22,8,14,13
7,-3,0,29,21,27,4,0,-3,19,2,21
22,5,4,32,18,17,-1,12,-2,32,5,10
22,10,20,30,16,-2,3,-2,1,35,20,-3
13,17,9,28,1,20,18,-2,-3,-1,18,6
22,10,15,30,21,29,14,31,14,0,18,0
17,17,9,27,9,18,-2,30,4,21,-3,26
19,-15,11,-19,21,-16,2,-1,12,-6,15,-37
19,-5,-2,-27,10,-3,6,-15,15,-17,22,-27
22,-4,5,-8,23,-12,14,-14,-1,-2,16,-33
17,0,16,-13,7,2,-2,-7,1,0,-1,-4
9,3,0,-26,7,-2,-2,-8,22,-6,0,-3
19,2,7,1,0,5,17,-13,12,1,2,-22
2,-2,6,-20,21,0,1,-19,20,-2,23,-15
5,-2,11,-21,15,-2,8,3,12,-11,2,-18
20,-1,20,-30,18,5,7,7,12,-7,10,0
18,3,-2,1,18,-13,0,-20,5,3,17,-23
14,5,6,4,5,5,23,-14,5,-26,12,0
10,3,12,0,4,6,6,4,3,6,15,-24
18,-2,7,7,8,10,-2,1,15,-13,3,-25
-1,-8,18,8,-1,12,23,9,16,7,13,-2
-2,8,14,-11,20,13,20,5,7,5,2,-6
9,1,13,-15,22,-1,-1,-6,22,-12,23,3
9,9,2,15,16,0,20,11,23,15,18,-20
6,4,23,16,13,-12,20,-9,-2,-11,6,-21
-2,5,10,4,13,-13,2,-14,11,0,3,-9
0,3,16,-9,16,-11,4,-5,4,-3,13,0
5,6,16,18,5,-8,3,6,10,8,0,-8
16,21,8,12,0,-17,18,-13,22,-10,13,12
17,18,4,-2,9,-15,8,0,19,2,6,-10
16,6,14,8,13,7,13,23,15,20,16,-14
13,-9,17,20,3,-7,23,16,19,12,0,8
2,9,10,22,21,-4,6,14,13,12,-1,11
0,7,11,17,-1,20,-1,-5,9,12,0,8
12,0,16,-2,-2,18,18,7,15,20,18,-6
21,21,-2,-1,12,24,-2,19,13,16,20,-9
11,14,3,26,21,29,7,-8,23,-7,0,14
18,10,23,27,23,17,4,28,19,4,9,11
21,2,17,16,2,-6,16,22,7,14,4,13
13,10,1,18,21,15,20,30,23,-1,14,-5
12,13,0,-1,20,31,10,-5,11,31,18,22
21,4,5,31,6,22,16,34,17,12,13,10
15,0,16,-1,17,16,1,25,2,22,20,29
13,11,16,31,1,8,-2,20,1,-1,12,34
-1,5,16,20,4,28,9,-1,-2,24,19,32
15,24,23,31,14,13,5,34,-2,20,14,20
19,-11,0,-29,23,-20,3,-20,4,-15,9,-6
1,-5,7,-8,17,-20,21,-11,13,-11,15,-2
22,-12,8,-12,8,-35,12,-1,3,-8,16,-28
3,-8,11,-4,9,-5,19,-21,10,-12,9,-24
20,4,18,2,3,-29,8,-12,17,4,14,-34
17,2,4,-28,1,-15,24,-28,13,5,22,-7
7,4,4,-1,11,6,9,-13,18,-28,7,-8
12,-1,1,-26,5,-31,20,-24,13,-14,9,0
23,-3,20,-1,21,-18,5,-28,7,-19,14,6
23,1,17,0,23,-24,1,-19,9,0,23,-26
3,-18,8,7,16,-18,23,-25,17,5,15,-25
12,10,16,-18,21,0,-1,-17,20,-26,2,-26
12,1,23,0,21,-21,22,12,8,-9,5,3
23,1,11,-7,5,2,6,13,7,9,14,-17
2,6,6,-1,19,-2,0,4,23,-15,7,13
17,6,4,9,-1,-12,0,0,9,14,21,-18
8,1,7,-18,2,4,19,-20,21,15,11,7
9,3,14,13,18,-4,14,6,21,10,15,1
5,16,13,13,0,-3,11,-9,0,-4,21,16
3,1,7,-19,23,7,20,8,11,2,12,-10
10,-10,7,12,13,-3,6,5,11,-16,2,2
-1,20,18,16,15,-16,11,14,6,-2,7,18
0,11,13,12,11,-1,1,15,7,-3,12,-10
20,1,22,-15,6,-10,17,-5,13,4,6,5
8,14,7,8,14,14,6,10,4,15,23,-3
13,16,17,17,17,13,0,7,12,12,8,14
10,21,20,19,24,10,17,20,16,15,8,16
7,23,13,24,24,5,-1,13,5,16,9,17
23,14,11,1,7,-10,2,-2,8,18,4,25
18,-3,5,-2,-1,1,0,23,-1,26,1,20
16,5,12,13,7,30,2,-7,22,20,24,23
10,9,13,-7,16,24,17,24,23,-5,20,5
21,0,20,30,5,9,0,3,22,-1,5,15
3,4,18,23,2,9,10,22,7,21,16,0
10,1,17,12,6,7,6,22,13,17,1,33
22,16,17,10,9,8,1,27,23,21,0,4
20,3,8,20,19,21,17,28,1,18,15,35
24,5,1,31,21,0,22,2,21,4,14,29
14,10,3,18,16,16,5,12,15,24,22,36
7,-32,6,-2,24,-23,17,-30,10,-19,18,-33
24,-8,16,-34,11,-4,1,1,7,1,13,-27
24,-8,4,-4,17,-8,23,-25,1,-5,0,-24
15,-5,3,-31,6,3,12,-22,18,-30,4,0
18,-7,10,-9,4,-11,4,1,9,-2,17,3
1,0,8,-13,7,-8,19,-3,1,-19,2,-8
25,-5,22,-19,24,-32,25,3,2,-22,16,6
0,-12,16,-14,9,-27,14,-15,4,-11,24,-25
2,1,22,-14,25,-20,22,-28,22,-5,5,-2
1,-11,11,0,24,6,24,2,13,-8,13,-29
24,8,15,3,3,1,8,-13,5,-8,12,-10
10,10,24,-2,22,-5,0,-11,11,-13,23,5
25,8,20,-26,12,-24,22,-2,24,-22,4,2
19,-6,23,-11,10,8,6,9,0,12,16,1
20,4,18,0,3,-18,0,-12,3,-16,0,-10
8,8,21,0,15,8,4,4,18,0,3,-2
23,5,10,-3,0,5,20,-5,21,1,18,-4
17,12,17,-9,9,15,14,4,21,-7,15,-14
23,10,22,18,14,-4,1,-2,8,13,7,8
17,17,15,0,9,19,3,-16,15,-2,17,-6
0,8,15,-4,3,14,25,5,16,7,18,1
0,4,21,21,24,3,0,19,11,-4,7,8
14,22,19,-2,25,18,5,-11,22,-13,15,-3
22,-7,3,2,22,11,5,-3,4,12,14,-14
19,16,10,1,11,21,21,23,13,-8,7,-3
15,19,22,-7,16,6,9,-11,8,17,23,22
12,23,22,12,4,5,19,3,2,25,5,-8
22,11,1,24,8,14,14,-9,8,11,9,21
25,28,15,25,20,20,23,3,6,5,11,13
12,16,21,5,1,15,8,16,23,17,4,18
25,12,18,9,20,17,7,13,25,-4,23,4
25,25,19,-6,17,15,10,19,24,-1,11,26
11,32,16,-1,7,6,6,17,13,9,13,23
25,3,0,-4,7,10,10,27,7,-4,7,26
18,4,11,14,11,3,24,28,4,13,14,5
13,21,10,4,21,4,12,33,16,16,14,26
22,3,4,15,1,28,18,2,4,1,19,29
18,12,15,32,23,13,9,-1,11,30,5,1
13,7,19,27,0,13,1,21,25,7,20,18
