-4,-19,-20,-32,-3,-6,0,-20,-6,-4,-25,-19
-21,-35,-11,-19,-24,-21,-20,1,-2,-31,-1,-13
-12,-9,-24,-21,-17,-7,-12,-2,-14,-8,-11,-17
-18,-20,-5,-33,-5,0,-14,-2,-7,-22,-13,-28
-9,-25,-14,-3,-22,-18,-5,-33,-24,0,-8,-1
-2,2,-1,-24,-18,-16,-1,-16,0,-13,-23,-4
-25,-29,-4,-22,-21,-6,-9,5,-21,3,-16,-25
-23,-7,-6,-5,-6,-18,-17,-27,0,-6,-23,-26
0,-11,-25,3,-11,-27,-21,-2,-18,-10,-2,-18
-20,-9,-22,-17,-16,-23,-13,-21,-14,-6,-21,-5
-16,9,-12,-25,-14,-28,-3,-5,-18,-22,-1,-19
-7,0,-2,-10,-23,-18,-20,-19,-3,-9,-25,-6
0,-6,-8,-15,-14,-8,-14,-10,-5,11,-25,-24
-5,-5,-22,12,-18,-21,-3,12,-22,-23,-17,2
-22,8,-25,11,-1,-18,-12,6,-17,-10,-24,-13
-20,-8,-15,9,-13,13,-15,7,-10,-17,-20,2
-3,10,-2,9,-10,15,-18,-5,-2,-2,-8,2
-17,16,0,12,-11,-8,-17,-16,-25,1,-10,-4
-25,5,-8,7,-9,11,-7,-19,-22,6,0,-14
-24,6,-19,-3,-20,-8,-15,-1,-14,14,0,5
-22,-17,-17,8,-25,-11,-14,20,-23,14,-10,2
-14,-2,-25,21,-25,-6,-16,20,-22,-2,-23,3
-15,7,-24,-16,-24,-11,-2,4,-21,-6,0,5
-5,-2,-11,9,-1,-6,-13,-13,-8,18,-12,21
-14,17,-12,10,-20,6,-21,-12,-19,19,-14,-7
-13,2,-21,17,-4,15,-8,6,-23,1,-3,-8
-5,-2,-13,-2,-10,0,-25,26,-11,-11,-25,16
-19,-3,-1,7,-25,1,-2,16,-4,3,-1,20
-15,8,-9,17,-20,14,-12,27,-18,-9,-13,1
-8,-6,-16,-6,-2,21,-5,10,-12,-4,-12,12
-21,8,-6,5,-12,19,-9,28,-6,30,-13,22
-8,-5,-2,30,-11,24,-14,-2,-7,17,-21,31
-8,-2,-18,31,-10,25,-7,2,-1,22,-22,26
-4,-3,-24,-1,-3,16,-2,7,0,2,-8,-1
-15,13,-20,-3,-4,6,-20,22,-20,30,-8,-1
-6,4,-11,30,-17,19,-3,4,-1,7,-2,24
-8,9,-24,22,-13,30,-16,22,-14,29,-21,32
-9,17,-4,35,0,21,-25,24,-21,28,-18,33
-17,14,-17,16,-15,5,-10,7,-7,21,-12,13
-1,-38,-21,-22,-19,-16,-20,-20,-20,-1,-23,-4
-12,-2,-22,-19,-17,-16,-1,-11,-8,-8,-23,-17
-5,-17,-13,-8,-7,-16,-1,1,-11,-18,0,-2
-15,-23,-5,-3,-14,-17,-11,-16,-23,-28,-23,-30
-24,-19,-18,-3,-19,-29,-4,-21,-19,-9,1,-3
1,1,-20,5,-12,-18,-15,3,-18,-12,-2,3
-8,-8,-14,-4,-6,-32,1,-25,-2,-17,-10,5
-18,-28,-14,-9,-8,5,-22,-10,-21,-8,-20,-29
-5,-13,1,-14,-4,-26,-7,-7,-10,-7,-3,-16
-17,7,-5,-22,-1,0,-23,-13,-15,-21,-6,-25
-16,7,-18,-28,-5,-19,-8,-19,-2,10,-23,-4
-16,-6,-15,-25,-5,-20,-22,-15,0,-19,-14,6
-11,-22,-1,7,-18,0,-19,-5,-2,-6,-12,-9
-6,4,-14,-21,-8,-15,-9,-1,-5,-9,-5,-5
-1,-20,-6,2,-1,11,-24,6,-3,-12,-1,6
-22,11,-1,-22,-8,-12,1,-12,-1,-19,-22,2
-23,-21,-2,-16,-12,-4,-12,-9,-23,16,-9,-16
-15,3,-15,8,-9,-10,-15,13,-3,-12,-4,2
-1,11,-9,14,-13,17,-2,-16,-23,0,-18,-15
-22,11,-16,-6,0,-11,-11,5,-4,7,-20,-5
-19,-13,-10,-18,-9,-13,-17,5,-3,20,1,5
-21,-5,-22,-9,-6,21,-3,-11,-14,1,-19,-12
-5,-1,1,3,0,-5,-22,-14,0,-13,-14,2
-3,-5,-10,2,-24,9,-1,14,-4,16,-12,-7
0,0,-18,-5,-10,23,-19,19,-8,-13,-9,19
-2,0,-18,-6,-7,-11,-12,14,1,1,-23,-12
-23,24,-20,7,-8,0,-15,4,-14,17,-23,11
-12,3,-1,-8,-9,27,-8,-9,-23,-6,-7,5
-21,27,0,-2,-4,2,-14,-2,-4,15,-17,-3
-23,10,-21,29,-9,12,-21,-8,-15,16,1,2
-18,4,-17,5,-14,-8,-9,8,-11,13,-14,17
-19,15,-5,10,-21,-6,-12,14,-5,22,-3,5
-14,-2,-20,27,-9,-5,-7,12,-3,30,-8,7
-8,32,-5,30,-4,16,-7,12,-7,9,-2,-4
-17,30,-16,14,1,20,-9,2,-8,8,-4,8
-23,30,-11,23,0,26,-2,25,-10,15,1,-2
-5,3,-14,12,-9,28,-15,30,-15,30,-20,17
-20,7,-7,12,-24,12,-17,23,-10,28,-7,9
-6,9,-12,27,-17,24,-15,6,-3,25,-3,6
-2,-10,-12,-12,-4,-38,1,-11,-11,-6,-7,-7
-20,-17,-22,-10,-16,-21,-14,1,-22,-11,-7,-15
-20,-11,-7,-24,0,-22,-1,-14,-11,-25,-8,-28
-17,-19,-5,-35,-10,-9,-10,-21,-23,-9,-9,-19
-17,4,-18,-3,-6,-19,-1,-26,-14,-28,-20,-15
-16,-1,-9,-17,-17,-13,-9,4,-13,-26,-4,-31
1,-2,-9,-27,-6,-15,-13,-28,-20,-11,1,-11
1,-30,-18,-8,-11,-19,2,-3,-23,-15,-13,-21
-15,-3,-14,-21,-20,-13,-19,-18,2,-29,-18,-11
-11,-22,-10,1,-17,8,-10,-4,-21,-26,-4,-1
-21,-5,-8,-11,-6,-2,-22,6,-14,7,-22,9
-16,-13,-1,4,-5,6,-23,-3,-16,5,-3,11
-1,-25,1,4,-9,-2,-21,1,-11,-16,-21,-5
-2,-25,2,-13,-10,6,-4,4,-17,-7,-7,1
-9,-19,-19,-17,-15,-14,-14,-23,-16,-13,-5,-19
-9,9,-4,-3,-12,-6,-19,-13,1,-21,-16,1
-22,-11,-23,3,-18,1,-19,16,-22,-13,2,-15
-10,-14,-16,13,-9,-11,-2,-3,-16,17,-10,1
-3,15,-11,-12,-9,-9,-16,-17,0,2,-19,9
-20,14,2,18,-20,14,-5,-8,-6,16,1,-15
-19,16,-22,-7,-16,1,-5,20,-18,1,-21,17
-11,3,-13,8,0,-1,-10,-12,-8,13,-19,5
-1,0,-14,-5,-2,-12,-19,15,2,-4,-3,-1
-7,5,-5,16,-9,21,-17,10,-21,-14,1,-9
-5,-10,-19,-6,-10,16,-8,-11,-5,16,-9,-6
-6,1,-4,-10,-8,14,-6,-3,-1,23,-11,10
-3,-5,-8,24,-19,-1,-2,0,-12,8,2,-8
-23,21,-9,-10,-14,15,0,2,2,-9,1,0
-2,-4,1,-3,-18,7,-17,0,-1,13,1,16
-2,-8,-12,21,-6,13,-17,10,-21,9,1,3
-10,15,2,20,-1,-4,-10,4,-2,11,-1,-4
-3,2,-4,8,2,12,-17,30,-9,25,-16,8
-5,0,-5,0,-2,30,-21,26,-7,15,-19,7
-8,13,0,19,-17,-1,-6,10,2,19,-14,18
-13,9,-5,19,-4,13,-10,19,-13,8,-8,6
-1,14,-18,26,-6,28,-20,14,-23,14,-7,8
-7,15,-17,26,-20,16,-9,16,-3,20,-4,11
-2,3,-3,7,1,37,-21,25,-11,27,2,1
0,14,-21,32,-8,28,-5,13,-23,27,-23,36
3,-11,-20,-34,-4,-10,-14,-15,1,-14,3,-12
3,-32,-12,-37,2,-34,-16,-16,-7,-1,-17,0
-15,-9,-7,-18,0,0,-20,1,-19,-31,-8,-3
-9,-6,-5,-26,-21,-25,-22,-8,-2,-26,-6,3
3,-30,-20,-28,-19,-24,-21,-26,-12,-14,2,-32
-8,4,-17,-20,-3,-30,-3,-12,-20,-10,-2,2
-20,-6,3,-12,2,0,-17,-21,-8,-17,1,-11
-22,-25,1,-29,-5,-22,-22,3,2,7,-14,5
-16,-29,-8,-16,-2,-2,-19,-12,-7,-14,-2,-22
-21,-22,-2,-17,2,1,-6,1,0,-26,0,9
-21,6,-15,-24,-1,-20,-3,-13,-14,-7,-13,8
-17,-1,2,-17,-20,-26,-19,-1,-19,6,1,6
1,-16,-14,10,2,1,-21,-17,0,-10,-1,-13
-10,-4,-17,-18,-9,-9,-21,-1,-1,-23,-21,0
-8,7,-2,-23,-15,8,-1,-5,2,7,-4,6
-7,7,-5,0,-13,8,-10,6,0,-18,-18,-20
-10,-19,-8,-14,-19,10,-12,15,3,-4,-6,-15
-11,-15,-8,13,-20,0,0,-7,0,-17,0,5
-10,-14,-9,13,-22,-3,-2,-5,0,1,0,5
-3,4,-5,9,-22,-4,2,-14,0,-8,-12,-19
1,6,-15,15,-18,-13,-19,13,-19,-10,-20,-12
1,21,-1,0,-12,10,3,17,-22,21,-18,3
1,-7,-17,20,-17,15,-18,14,-19,22,-10,18
2,-3,-4,-5,-16,8,-10,-1,3,-12,-3,-11
1,1,-9,-2,-13,-4,-13,-7,-7,17,0,-4
-11,6,-8,-9,-22,9,-17,12,-7,6,-3,-12
0,-7,-3,9,3,19,-10,21,-20,-10,1,-1
-2,-8,-17,24,-22,21,-13,22,-1,0,-10,13
-18,11,1,-3,-21,-7,-20,-3,-10,23,0,-1
-14,-3,-4,2,-18,24,-12,2,0,5,-9,19
-1,1,3,14,-11,18,-9,-7,-2,4,0,-5
-1,5,-8,31,-8,-1,-18,-7,-19,0,1,8
-10,11,3,32,-9,14,-1,16,-11,6,-18,-5
-8,19,-14,26,-5,14,-7,7,2,10,-15,4
0,0,-2,16,-6,22,-1,-4,-13,-3,-6,11
-16,4,-9,8,-14,28,-22,34,-22,32,-19,-2
-18,17,0,31,-9,27,-16,7,-2,26,-11,23
-15,6,3,9,-20,4,-18,4,-22,33,-4,21
-7,2,-4,36,-1,18,-3,5,-17,26,-10,25
0,-9,4,-14,-11,-30,-9,-10,-13,-16,-12,-25
-14,-9,-3,-24,-12,-9,-10,-20,-13,-24,4,-37
0,-3,2,-27,-5,-35,-3,-9,-11,-27,-6,-7
-13,-15,0,-15,-1,-16,-1,3,-16,-30,-4,3
3,-28,4,-3,-13,-34,-1,-34,3,-7,-5,-5
-7,-24,3,-7,4,-32,-4,3,-2,-12,0,-30
4,-26,-7,-23,-3,-23,-6,-5,-18,-32,-12,-27
-8,-26,-6,-1,-10,-9,-8,-10,-9,-24,-3,-18
1,3,-1,5,1,8,3,-4,3,-8,3,-22
-21,-27,3,-15,-3,-13,-18,7,-17,9,-3,-11
-19,-6,-1,-5,-21,-26,-6,-17,-20,5,-11,-26
-15,-12,-7,0,4,-4,-13,-1,-21,5,1,-19
0,-12,-21,-8,-11,-2,-7,-22,-10,4,-17,-15
-4,9,-10,-12,-5,12,-9,1,-16,5,2,3
-8,-11,-5,-9,-11,14,-3,-21,0,-14,-6,1
1,0,-20,0,-2,1,-13,-15,-20,-23,0,-2
1,-1,-7,-16,4,16,-3,10,-1,1,-8,10
-11,6,-17,-20,-1,17,-7,1,-4,-15,-19,-19
-12,13,-2,3,-8,17,-13,-18,0,-16,-1,10
-12,8,-13,4,0,16,-2,16,-21,6,-10,-16
-2,3,-8,-11,-3,-13,-1,7,-19,20,4,-13
-18,-6,-2,10,-21,12,-20,-4,2,-2,-6,10
0,-1,-6,22,-17,8,3,3,3,-16,-18,13
-1,12,-15,12,-16,13,-7,-3,-21,9,-13,13
-9,10,-6,19,-14,20,-9,10,1,21,-6,-10
-10,5,-21,16,-15,3,-16,6,2,8,-6,11
4,19,-2,12,-13,9,1,0,0,6,-8,-8
-6,4,-1,-7,-6,-2,-7,-1,1,23,-16,10
-16,0,4,-1,-19,14,-16,-5,-5,15,-14,15
-12,8,-6,18,-19,6,-12,5,-1,-1,4,-6
-1,3,-7,28,-20,9,-21,21,-1,8,1,11
-3,6,-13,17,-19,4,-15,-7,-9,16,-10,25
-5,-2,-14,8,-3,-4,3,4,-3,32,4,2
-2,-2,-9,31,-1,-4,4,7,-8,22,-6,29
-12,10,-18,2,-13,2,3,-2,-6,31,-10,29
-2,5,2,22,-8,8,0,0,-4,19,-1,10
-6,15,-17,23,-17,15,-17,24,-1,34,-15,9
0,6,-10,10,-4,34,2,30,-6,32,-18,7
-10,24,-8,25,-1,37,0,23,-1,0,-14,11
-20,-31,-15,-24,-18,-5,-4,-16,2,-13,0,-18
-14,-15,-13,-7,3,-26,1,-8,-5,-16,1,-7
3,-28,-4,-4,-5,-10,-3,-7,4,-18,5,-14
-9,0,-5,-25,5,-2,-14,3,-4,2,-3,1
-20,-33,-7,-17,4,-11,-8,-29,0,-30,-20,-22
1,-3,-15,-28,-20,-19,-7,-5,-3,-6,4,3
3,-9,2,-30,-6,-13,-16,-8,-15,-21,-8,-20
-9,7,-11,7,-20,6,-10,-15,4,3,-3,1
-4,0,-8,-2,-11,-25,-4,-6,-7,-11,-7,4
-12,-5,-14,6,-20,-28,-6,-10,1,1,2,0
-7,9,-17,-27,-9,-1,-11,3,-5,-2,1,10
3,-9,2,-10,-2,9,-1,4,-19,-19,3,-19
-15,-5,0,-1,0,-8,-1,8,-9,-2,-12,-15
-2,-1,-7,-23,4,-10,-10,-6,3,-25,-5,-4
0,9,-10,2,5,6,-16,-13,-17,3,-8,-14
-3,0,-15,-12,2,-7,-5,7,-1,-18,4,-18
-6,-2,-6,-12,3,9,-3,9,2,4,-16,-12
-18,-10,-3,-11,-20,2,-8,16,3,2,-11,-13
-10,-5,-20,-8,-6,1,-19,6,2,4,1,7
-5,8,-16,-7,2,0,-9,15,-18,-8,2,-6
-18,-13,-10,-12,-6,-10,-3,-18,-4,-18,-8,3
-19,13,-15,5,-11,8,-14,-1,-7,20,-17,-17
-3,-1,5,-3,-2,-13,-19,5,-14,11,2,-14
-1,-1,-3,-8,5,-9,-6,5,3,12,3,-5
-2,1,-1,-9,5,-9,-6,-12,3,-13,4,24
-10,7,-11,12,-14,15,-2,10,5,-8,-12,-7
-1,0,-9,6,1,14,-15,2,-2,3,-11,12
-20,2,3,8,-19,2,-19,22,1,-11,-6,6
-12,-5,-15,0,2,-10,-2,26,1,27,-5,-7
-11,-1,-18,12,3,3,0,13,-12,-3,2,8
0,-6,-4,26,-14,0,-7,10,-5,24,-11,11
-9,16,0,7,-4,28,1,20,-12,17,4,-4
-1,-2,-8,32,2,2,5,17,-16,6,-1,31
-5,20,-4,-2,-16,-2,-2,29,-1,-3,3,2
-11,-1,-19,18,-19,8,4,16,4,0,-12,9
-9,19,-9,6,2,20,-4,23,-6,7,1,5
0,10,-16,9,-12,34,1,14,-5,2,2,10
-3,11,-15,18,0,7,-11,3,3,9,-16,17
-4,2,5,21,-15,12,-15,35,4,11,0,0
0,-4,-11,-10,-2,-13,-16,-23,-3,-19,-5,-8
-8,-5,-1,-33,-12,-29,-5,-3,1,-3,4,-12
-2,2,-18,-30,-8,-15,2,-8,3,-23,-6,-7
-15,-30,-19,-5,3,-7,4,-18,-13,-13,-4,-17
-5,-26,-2,2,-19,-25,2,-24,-7,-28,-1,-15
4,-12,5,-6,-14,-1,-16,-9,1,-1,-11,-18
5,-24,2,-10,6,-14,-15,-10,-2,-14,-13,-29
-16,-3,-15,-14,-8,-30,2,1,5,-24,1,-24
-19,-26,-1,-29,-7,-9,-1,-5,1,-19,-19,-14
-17,-15,2,6,-10,-21,-3,-12,-14,-16,0,3
-14,-3,-19,9,1,-11,-2,-21,0,-11,-16,-11
-8,7,-8,-5,-1,-15,-8,-8,-4,10,-3,-3
-19,10,5,-3,5,5,-15,11,-3,-9,-6,-8
-1,0,-5,1,2,-5,6,7,-14,-13,6,2
1,0,-15,3,2,-17,-13,-9,-5,-16,-3,-19
-7,9,-13,-1,-5,-3,0,-21,-15,-19,1,-9
-17,7,-16,9,-2,-1,-14,8,-1,-20,4,-18
-17,-5,-13,3,-18,-2,2,-17,0,9,-17,-9
-12,-7,-11,15,-7,-17,-18,18,-5,-3,-11,-11
-10,12,1,-3,-7,-11,-8,-19,-18,0,-19,19
-9,-10,5,7,6,-8,-12,-11,-12,15,5,2
-2,-7,-15,5,-12,16,3,-11,-1,-8,-18,19
-2,0,-13,1,-1,6,2,21,-2,16,6,-7
2,11,-8,19,0,11,-1,0,-5,-11,5,1
5,-4,-7,7,-12,13,-12,0,4,2,-19,-3
-10,-7,-6,2,-5,-4,5,16,-3,-4,-5,14
-19,25,1,22,-19,-4,-12,26,-11,21,3,16
-8,-10,-17,6,-9,3,-7,6,-12,-11,-17,15
3,28,-16,23,-9,24,-12,11,1,-9,-13,14
-7,14,-9,28,-7,22,4,9,-7,7,0,7
-6,16,4,3,1,22,-18,11,0,-7,-13,24
0,9,6,-4,-5,-7,-17,-6,-5,26,-6,20
-4,20,-15,25,3,18,-17,16,-19,24,2,10
5,12,-2,0,-18,-5,-13,27,2,24,-5,21
-2,-3,-7,33,-1,19,-13,13,-1,0,-15,24
-2,-3,-13,-2,6,29,-4,30,-4,8,-18,-3
-1,-1,-1,10,6,34,-13,2,-4,7,-15,34
-9,1,-14,-1,-15,5,4,5,-1,34,2,21
3,12,1,7,0,1,-1,4,-5,31,1,26
-3,-29,5,-6,1,-8,0,-19,-17,-17,4,-38
-11,-6,-13,-35,-5,-2,0,-8,-13,-21,5,-23
7,-29,5,-31,2,-25,6,-4,-15,-14,7,-11
-3,-23,-2,-25,-5,-2,-18,-15,-5,-19,-6,-7
-8,-8,3,-9,-18,0,-17,-32,-1,-26,-3,-21
-4,-20,-1,0,-18,-15,-4,-20,-2,-29,0,-1
-16,-15,0,-15,7,-30,-17,-7,-9,-14,-9,-10
2,-8,-15,4,-13,3,-14,-23,5,-29,3,-21
-3,2,-15,-7,-10,-23,-13,-20,-6,-10,-17,2
-17,-3,-10,-12,5,-26,-8,-8,2,-24,-5,1
7,-2,-3,-8,-13,-20,2,9,5,6,-10,-12
2,-5,-15,-7,-10,-7,-18,-6,2,0,-18,-12
-1,1,-6,-25,-2,-24,-16,4,-11,-9,-2,-9
-17,-7,-15,11,-4,-9,-8,-20,7,-8,2,4
-13,-24,-18,-14,-4,2,-3,-11,-17,8,-9,-21
1,7,-16,3,-12,-4,-16,-9,-5,-1,-7,-11
-11,1,-6,-18,-8,-18,4,7,-3,-22,-6,5
-1,-1,-9,-21,-7,-17,0,1,-3,1,-7,-10
-10,-7,5,-5,-6,5,2,-11,-10,15,-4,-15
-10,12,-16,-9,-1,11,-8,9,-5,-15,-7,2
-8,15,5,8,-2,-9,-14,-9,-3,-11,1,-9
4,8,-3,-13,5,17,-8,5,-17,6,0,-8
2,0,-2,-11,-17,17,-4,19,7,14,-12,-16
5,1,-4,16,3,12,6,-14,2,3,-8,-6
6,-3,6,-9,7,12,7,-11,-8,0,3,-3
-5,12,-9,0,-17,18,-5,-6,-11,17,0,4
-10,-8,0,2,-5,-10,-10,12,-3,16,-4,26
-12,-2,-13,13,-6,26,-12,-9,-12,-7,-3,0
-8,11,6,7,2,19,-2,18,-6,-10,-15,-5
-5,9,3,19,-11,19,-2,25,3,26,3,-2
-8,16,7,6,-17,1,-7,13,6,27,-12,29
-6,18,-8,-4,-2,14,-6,29,-1,-3,-1,20
4,3,-12,4,7,-3,-8,30,-2,30,2,0
5,7,-12,3,-18,21,-1,4,-4,-3,6,-5
2,-3,-7,3,5,15,-3,28,-6,10,7,11
-2,12,1,1,-16,34,-15,35,-8,35,0,7
-7,18,4,7,-5,10,-18,21,-5,8,2,22
-5,15,-2,19,6,17,5,15,-11,13,1,22
-2,16,-2,11,0,10,2,36,0,31,-16,36
7,-35,7,-18,-15,-20,-11,-7,6,-33,7,-21
-12,-3,-2,-15,-16,-13,-12,-6,-4,-3,-10,-11
-8,-16,-16,1,-13,-2,2,-9,-3,-9,-10,-26
-9,-16,-8,-12,-12,-26,2,-23,-16,-34,4,-17
1,0,5,-30,-7,-32,4,-33,-6,-27,-15,3
-16,-5,-9,-22,-14,5,-5,-24,-2,-15,-14,-22
-17,-22,1,-11,-9,-27,-7,3,-6,-28,-14,-10
5,-11,-11,-8,-3,4,4,-29,3,-16,-7,1
1,0,7,-17,1,-5,-13,-23,2,-19,-1,-30
-14,5,-11,-8,-3,-11,4,-20,-6,-16,-10,-25
-15,-19,-16,4,-13,-1,-4,-25,7,9,-10,-10
2,-3,8,-23,-12,-27,-2,-12,-7,-23,-14,-15
-10,-14,-11,-6,-14,-1,-2,-24,-13,5,-10,-23
8,8,-7,-17,6,8,-14,9,-5,-21,6,-24
-3,-20,2,9,-15,-22,8,-9,6,-12,-12,12
6,-22,6,-5,-11,-12,2,7,1,6,-11,-6
-7,7,-9,-20,-7,9,4,-17,-7,0,1,-22
6,8,7,-20,-13,-11,4,17,-4,5,7,-6
-1,-13,-16,-12,0,-2,6,-1,-8,-3,-11,10
-17,19,-1,12,-8,-4,-4,7,-7,16,1,-16
-7,-18,4,15,8,-5,-2,-9,-11,-12,-4,-8
5,-6,1,12,-6,-5,-13,-4,5,-17,-14,-13
2,10,-3,-4,-17,-10,3,1,0,-5,2,-8
4,1,-4,-9,2,8,-9,10,-9,-8,-4,-3
6,3,-9,0,-14,14,-15,14,-1,-12,7,-4
6,-2,-4,25,-16,9,-14,-11,4,3,-3,-10
-7,-9,-7,26,-11,-9,5,13,-15,22,-16,14
-15,26,-13,21,-3,12,-12,13,8,25,-5,-10
7,3,-13,-5,-6,9,8,26,-10,-7,-6,21
7,7,1,26,-1,-5,-3,23,-11,2,5,28
7,1,7,-8,2,7,8,-8,-11,16,5,13
-3,19,2,7,4,9,8,28,4,14,-3,6
5,20,-16,22,6,26,-10,10,3,24,-17,20
0,4,-14,20,7,5,-16,5,5,14,2,9
-6,17,-17,28,4,15,4,26,-4,28,-12,22
5,7,1,0,-5,11,-3,11,-8,23,5,20
5,13,3,13,-8,33,-17,-1,2,10,0,12
-1,-1,-3,10,-9,31,-17,9,4,6,-5,8
-7,19,-7,34,-11,29,-8,17,7,5,-6,27
0,-3,2,-5,5,-5,-8,-32,3,-20,3,-26
-12,-9,-9,-19,9,0,8,-37,9,-29,8,0
6,-5,-11,-6,-13,-14,-3,2,-5,-10,-11,-1
-15,-19,-8,-27,-13,-4,4,-14,-11,-25,7,-22
-3,-1,0,-28,-14,-9,-2,-5,-8,-14,7,3
-3,-25,-3,-24,-9,-30,8,-3,1,-31,2,-18
-12,-32,-14,5,1,-24,-14,4,-2,-27,-10,4
6,-12,-3,5,-13,4,4,-25,9,-9,-16,-18
1,1,8,-18,-10,-18,-12,-15,6,-20,-5,-30
-1,-22,-11,-12,-6,7,3,-5,-1,5,-13,-23
-2,1,-15,-16,-7,-7,-1,0,8,-15,-9,-9
1,6,-14,-8,-10,4,3,-23,3,1,-10,-17
9,-3,-4,0,7,0,-4,-15,5,-2,-5,12
-10,-12,5,-25,9,-9,-16,7,7,6,-4,-22
0,-1,-9,-4,-15,10,-16,7,7,4,-2,-12
-6,-1,5,0,8,-18,-4,-4,3,1,-6,7
-1,-17,-14,-2,-7,16,-10,-2,-2,-1,6,2
-5,-4,2,-6,7,0,-3,15,-3,8,4,15
3,-9,-7,-13,2,7,-4,-16,-14,0,5,9
-9,-13,-14,-7,-7,-2,0,2,-15,18,-1,19
-4,19,1,1,-6,7,-7,0,1,-2,1,-3
-4,13,-12,-13,4,8,-5,8,2,-5,-5,13
4,10,-7,16,-8,12,2,-14,8,4,-6,12
-3,2,9,-14,1,-9,0,8,3,-15,-4,-1
6,0,1,15,8,2,9,3,5,19,-3,19
1,0,-3,-5,-10,4,3,0,9,21,-3,18
5,-4,2,18,-10,12,1,1,-12,-5,-3,-11
4,-3,-3,-1,8,23,4,-6,-4,24,-14,13
4,-10,-7,6,-8,-6,-13,15,-13,-7,-2,0
1,-4,-6,15,-2,29,-9,3,9,-5,-12,16
2,18,0,16,4,15,-2,7,-5,19,-6,29
0,-2,9,-7,2,17,1,-5,3,30,6,15
3,21,0,31,0,24,-5,-2,4,14,7,-1
5,8,-9,21,-2,23,-3,-3,3,9,-4,26
-8,3,-8,29,-4,34,9,-2,2,1,-5,1
2,5,1,21,-10,33,-6,29,-2,9,-10,22
2,15,0,19,0,30,-3,33,-3,7,-9,33
5,24,8,28,5,1,-3,8,-3,-1,-5,9
3,2,-4,11,-14,17,7,30,2,6,-16,8
-13,-23,3,-30,-1,-6,-7,-8,-11,-22,1,-3
-9,-31,9,-18,9,-23,-11,-17,9,-21,-11,-16
-2,-27,-10,-18,5,-16,4,-29,10,-21,-14,2
-12,-30,5,-2,-12,-27,9,-19,7,-4,10,-22
4,-1,-7,-28,-9,4,-10,-22,-5,2,3,-18
-15,-16,-8,-2,4,-19,-3,-30,4,-7,-4,-10
2,-8,-11,-6,-12,-8,-4,0,10,-32,-8,4
-1,-19,-8,-9,9,-31,-3,-9,-2,-19,-3,-25
-2,4,2,-29,2,2,-11,-29,-2,-5,6,-28
-4,-22,2,1,-15,4,-6,-9,-2,6,-5,-7
-4,-2,6,3,-12,-16,8,-3,-9,-9,8,8
4,5,-13,-25,-14,-6,-2,-21,2,-24,-2,-12
1,-20,-15,-25,0,-7,-12,-17,5,-9,8,12
7,-22,6,-10,1,-9,8,-22,3,-25,-14,-15
-5,-10,7,-4,-3,-2,-12,11,1,-10,5,-8
-11,13,2,-19,2,-7,4,-13,-2,-22,-13,11
-2,-8,-2,15,-10,-19,-3,-12,-2,8,-3,15
6,2,1,-2,1,-6,-10,13,3,4,-6,-17
-3,-12,-4,-15,1,-15,6,1,-12,15,-7,4
-10,-5,9,15,-4,14,-14,11,-3,-2,-1,5
-2,8,-7,-8,-4,-16,3,-2,10,1,-14,-4
-1,-1,-2,15,2,-5,-14,6,-1,-1,1,17
5,-2,10,14,-6,-15,-13,19,8,-9,-9,5
6,12,-6,-5,4,-4,2,17,-7,-12,-7,10
2,-6,0,-2,4,15,10,12,-5,-13,-4,-10
1,-12,-4,-10,10,4,3,-4,-1,0,1,7
3,-12,-5,24,-14,20,-11,7,-6,-5,10,20
2,-5,6,-3,3,21,5,12,-6,19,-9,-9
8,3,7,24,8,-9,-8,22,4,-2,-7,25
5,-4,2,16,4,23,-9,-1,3,25,8,8
7,-2,-12,1,-14,7,8,15,1,2,1,4
9,8,-13,18,-6,27,-13,10,2,5,5,-6
7,1,-2,22,-15,32,-9,12,-7,9,3,8
-1,20,-14,-4,3,3,5,9,2,2,-6,28
10,7,-13,11,-9,10,-4,7,4,5,-6,23
-14,18,-4,30,-10,10,-4,6,4,3,-10,-3
-6,3,-11,0,5,8,10,17,4,34,-7,8
1,11,-15,35,-5,28,-5,30,-8,36,-14,7
-1,19,-13,31,-7,3,9,31,-9,31,-10,13
-6,-20,6,-8,-10,-20,2,-33,-13,-28,-6,-21
-14,-10,-13,-21,10,0,-7,-29,10,-7,4,-2
9,-17,-9,-32,-4,-19,-13,-7,9,-33,1,1
2,1,6,-16,6,-29,-6,-35,-10,-30,0,-34
2,-7,7,-15,-9,-5,-3,-7,6,-10,-4,-31
0,-3,-9,5,-11,-14,9,-9,7,-20,-14,2
4,1,-13,-2,7,-1,8,-1,-2,2,4,-9
-1,1,-7,-3,10,-6,2,-31,4,-23,-12,-8
-2,8,-8,-19,-1,-27,-4,-20,-13,0,-9,-21
-8,-27,7,-11,7,-28,-12,-14,-1,-6,-8,-21
-4,3,-9,-8,-8,-6,-1,-18,7,-6,9,-8
4,11,-12,-27,-1,-17,-8,-16,-10,-21,9,5
9,-1,-3,6,-12,-26,7,0,4,0,6,-1
2,-22,7,-19,4,10,-6,6,-13,6,-10,-18
-4,-23,-13,-22,5,-4,-8,-18,-12,1,-2,-4
-14,-2,10,-12,2,10,6,8,-5,13,-1,-15
-11,-1,-7,10,9,-22,-10,-6,-2,-7,4,-21
-11,-12,-9,-6,0,1,-4,12,-7,-13,5,-10
-13,-11,11,-9,6,-13,-3,8,-6,-20,-4,-8
4,9,10,19,-5,17,-6,13,0,5,-4,-3
4,-4,6,9,4,0,8,-16,-8,11,-9,-1
0,1,7,-15,3,-10,-8,19,-8,-4,6,1
0,1,-7,-13,-2,-15,0,1,2,-13,-5,16
9,-8,-2,-2,3,-1,10,-3,-10,18,-3,-9
-7,6,5,-14,-8,-12,-1,6,-11,16,2,-12
-8,12,1,-10,-6,-1,10,5,4,6,-6,7
11,0,9,16,1,-8,-6,-1,-12,18,-1,-1
7,0,6,18,1,11,7,3,1,-8,-5,14
4,6,10,6,11,-6,-2,20,4,1,-7,12
-7,28,-13,11,-9,-5,6,17,9,26,-4,8
2,5,-14,-2,1,-8,8,-8,1,-7,-14,-3
9,27,0,13,2,11,7,27,-6,10,-9,11
-2,10,-4,-1,2,11,2,10,8,-5,4,15
7,12,4,19,-4,15,4,21,-1,1,0,1
11,12,-6,5,-6,10,-4,11,-3,30,10,3
5,3,-5,19,-9,7,8,29,-6,-2,3,-1
6,4,3,1,-4,33,0,-2,7,6,8,13
5,-1,-7,24,10,20,-5,22,-5,28,11,29
4,2,-13,29,3,34,-4,25,-8,17,-11,36
-11,-11,-11,-37,5,-32,4,-13,-1,-36,8,-1
12,-37,-10,-29,9,-15,4,-11,9,-30,12,-21
10,-16,7,-4,8,-23,-7,-35,4,-26,-6,-13
1,-21,-12,-9,5,-31,1,-29,-1,-10,7,-8
5,-11,-7,-2,-3,-23,9,-13,-10,-22,8,-17
2,1,9,-11,-5,-17,-11,-25,6,-11,-3,-25
1,2,-1,-23,9,-3,-13,-28,-9,-31,8,-27
6,-13,5,-4,10,-23,-5,-22,-4,2,-4,-1
11,-8,12,-5,9,-16,-10,-19,-1,-12,-2,4
-3,-20,-3,-16,11,-12,-11,0,3,6,-3,-6
-11,-27,2,-13,12,6,-12,-17,-8,9,-11,10
7,-8,-5,-2,6,9,-2,-9,7,2,-11,-13
11,-7,-1,4,1,-25,12,11,-4,-14,2,-4
5,-22,9,10,-9,10,5,10,0,-11,11,-2
-8,-16,-3,7,0,12,5,6,3,-19,-5,7
-2,2,-3,-3,-6,6,-11,-7,2,6,3,-22
-11,-1,-13,1,1,-18,-6,15,-9,-11,-13,-4
-6,-13,-7,-6,-5,-19,-10,-8,11,0,-10,4
-9,15,-1,3,10,-2,1,5,-2,-4,6,-5
5,3,-4,16,2,-17,11,19,-9,-17,-5,18
-8,-11,1,1,-11,-2,-5,2,8,-12,-2,8
7,-2,-4,3,0,6,1,14,-5,14,-5,1
0,5,-2,19,12,19,11,-10,7,5,3,-6
10,18,-6,-5,-3,0,12,12,12,20,-11,16
-12,17,0,-13,1,11,10,20,12,12,11,-1
2,16,6,15,-2,10,2,-3,-8,10,2,-4
2,19,7,-7,-10,1,-4,9,6,3,-2,6
-9,-5,-13,17,12,-11,-13,-5,-7,27,12,22
-10,20,-12,9,-4,8,-2,-3,-11,5,-10,4
8,28,-6,-3,0,10,-10,23,6,16,7,8
2,25,-1,6,7,6,5,16,-1,19,7,-4
-1,26,9,0,-8,14,-10,7,0,17,-5,-6
-12,2,7,18,5,7,4,-3,-5,6,-2,22
-4,14,7,31,-12,31,6,-5,4,18,-10,8
2,7,-7,0,3,-4,-12,16,-3,15,10,12
6,17,-1,16,2,21,2,22,-13,34,-7,30
9,28,4,0,-13,1,9,31,-3,3,6,-2
10,2,-1,17,3,18,2,13,4,24,-2,34
2,0,-4,36,-2,30,10,0,-11,10,-8,32
-11,-33,-3,-7,4,-9,-3,-3,12,-13,-1,-30
12,-37,-11,-4,7,-32,6,-16,-10,-8,-6,-17
-4,-21,2,-23,1,-2,3,-18,8,-34,-1,-23
-5,-9,11,-21,-3,-11,10,-1,-8,-26,11,-26
7,-9,-5,2,-7,4,-5,-32,0,-12,4,-25
9,-15,-6,-19,-2,-26,-5,-29,4,-5,-5,-27
5,4,7,-22,11,-10,3,-24,-12,-14,-6,-5
6,-21,3,-26,1,-10,-8,-27,-12,-28,3,4
12,2,6,-2,-8,-17,9,-17,-6,2,13,-2
11,-23,-9,-14,-1,0,10,-11,1,-14,-12,-20
0,-18,13,-10,-1,-20,4,7,-5,-12,-8,9
-1,-17,3,-21,0,-17,2,3,-5,-4,13,-13
9,-6,8,-5,4,1,-4,-25,-2,6,-4,-21
13,-16,4,-3,-7,12,-5,-6,-3,-20,1,1
7,-23,13,-17,10,10,-2,-4,-10,-20,8,8
3,-7,-7,-2,6,3,9,12,-1,2,4,-20
-10,10,-7,10,11,-12,-1,2,-1,7,1,-15
-4,-9,-4,8,3,-3,-11,-18,9,-6,-12,-11
3,4,10,-8,11,-13,-12,13,0,11,-10,8
-10,19,7,0,5,19,2,-16,0,5,9,-4
-8,20,10,19,11,-12,-5,8,1,-10,-3,-16
4,-6,-8,-11,-12,2,4,14,-9,11,-2,-2
-7,-3,-9,-16,-11,-15,-5,20,13,17,13,-6
-7,17,11,15,-11,10,0,-3,-7,0,-7,-1
-7,21,-4,13,-4,1,-11,-14,13,-1,-10,16
-12,17,5,-13,-7,1,11,-12,-9,21,-1,6
9,20,2,9,-11,11,-2,12,-3,-10,4,24
1,8,-6,1,-9,-4,2,-10,2,17,-7,4
9,24,0,-5,11,5,-11,18,6,8,5,9
-5,-9,4,-5,-8,6,-3,18,5,4,-4,3
-12,1,6,24,8,24,10,-3,-1,10,-4,-5
-7,26,13,16,-8,29,-1,16,-7,31,10,20
-11,21,9,28,-4,21,-5,3,7,13,1,14
-1,4,-12,29,-11,23,5,16,-2,3,10,1
5,21,-1,20,-8,8,12,4,-5,9,10,31
-12,2,-6,27,2,27,11,5,-1,7,5,25
2,19,-7,25,1,11,-7,2,2,9,11,24
-9,22,-11,35,10,26,1,28,-5,1,-12,19
13,35,-7,28,-4,8,8,32,3,17,10,16
-1,-10,1,-3,11,-18,-7,-35,7,-15,6,-18
3,-34,8,-8,9,-22,1,-17,-3,-7,13,-8
0,-24,1,-2,-11,-32,6,-30,10,-9,-6,-8
1,-26,-8,-28,6,-32,4,-1,-1,-10,4,-30
-7,-10,-10,-9,9,-31,7,-27,2,-1,-6,4
9,1,11,-10,-10,-22,-9,-8,-3,-29,8,-2
9,0,11,4,14,-11,6,-2,14,-23,-9,-17
-6,-1,-6,6,4,-25,0,-29,-11,-23,-10,-28
14,-1,-2,4,-10,-3,0,-1,-2,-19,1,-15
-2,-28,11,-19,10,-4,9,0,4,-14,5,-6
0,0,-3,-25,-7,-3,9,-12,-7,-1,2,-4
2,-21,-1,8,1,-23,1,-9,8,5,-10,8
-11,0,6,-14,-4,-25,-5,-23,7,-25,7,1
-6,-16,2,-25,14,-13,4,-6,1,-17,-5,13
9,-20,-5,13,14,-13,6,-8,-1,2,-6,-16
7,-16,-4,4,11,-22,-8,-17,-6,1,-5,8
-9,14,14,4,10,-17,-7,3,-6,-13,-10,0
1,-3,9,-3,1,-15,14,10,8,-14,10,4
11,-12,-11,-18,-3,-3,10,13,-7,5,-7,10
-2,-12,8,15,8,-11,4,12,-1,-8,-7,8
8,-5,-4,-6,4,15,9,2,2,10,-6,-17
3,6,-4,18,13,19,-8,5,1,13,9,20
-8,2,10,0,9,-16,4,-11,4,22,-2,-10
-10,5,-5,19,8,-3,14,-1,-2,1,-3,-13
-3,-12,1,8,1,15,-3,-2,3,12,5,7
-11,7,1,4,-2,1,-1,14,8,-9,3,21
0,18,6,9,0,13,13,11,-6,16,-11,5
-11,18,-4,0,-9,25,-11,0,-7,11,-2,20
12,20,10,-6,-9,-6,-10,25,8,3,8,12
-4,-5,-11,15,-8,5,5,5,14,2,-7,-1
-6,23,-2,29,1,27,4,13,2,30,-1,11
7,29,-11,-2,-9,15,-2,19,-5,28,-8,27
10,15,-9,24,1,17,-4,7,5,2,-2,23
3,31,1,15,2,17,12,30,12,9,-2,10
5,18,4,4,-2,12,-11,-1,-4,1,2,33
11,-3,-11,4,5,21,-3,34,0,2,-4,29
5,12,-11,1,12,34,14,27,6,15,14,17
-2,3,-7,2,-9,29,-10,31,3,-1,-2,13
-6,19,-4,0,6,11,0,20,6,29,2,19
-4,-17,-9,-4,11,-24,12,-23,-2,-9,-7,-35
-4,-13,1,1,7,-4,10,-2,-10,-18,11,-28
-4,-31,0,-15,-3,2,2,-11,-4,-20,-3,-35
-5,-18,9,-23,7,2,0,-34,8,-2,-5,-25
14,-16,5,-5,6,4,8,3,4,3,4,-6
3,-5,-7,-14,15,-25,9,-8,-1,-2,0,-19
1,-24,-3,-27,-10,-4,0,2,13,-3,-2,-24
15,-13,-6,-3,-1,-19,-10,-31,1,-10,-10,-2
-9,-13,14,-28,2,-21,-9,-23,12,3,6,-26
-8,-1,-6,-16,12,1,13,-14,-6,7,3,-23
14,8,1,-22,12,-17,-3,5,1,-13,11,-27
-6,-26,-10,-13,2,-25,12,-18,-1,-23,-6,-21
13,11,-4,0,10,-21,-7,4,-2,-18,-5,-24
13,1,10,-8,5,-22,15,-17,1,-24,15,13
6,-5,11,14,9,-8,-2,-21,7,-5,9,-21
7,-16,7,-3,14,-10,2,-17,1,-20,3,12
-9,16,5,-6,12,11,6,-3,-4,1,9,-4
-3,-5,1,15,-8,2,6,-6,3,15,-1,-9
15,-6,0,10,14,2,4,7,3,-3,4,-16
12,8,1,-4,-6,10,1,3,2,2,-7,9
5,-15,-2,19,1,-15,3,-14,-8,-2,8,15
4,-2,6,12,0,-11,1,-7,-2,20,4,14
-2,0,-7,-6,-1,21,6,-8,-4,14,9,5
-6,22,14,21,5,-5,-5,7,-9,-1,0,11
-4,-4,-10,1,-2,21,-1,15,10,19,-8,5
8,-1,10,0,-4,0,-6,20,-10,15,-6,-4
9,-2,1,-11,-3,-6,4,9,7,14,-4,-11
-8,22,-8,-8,12,1,2,4,-5,-3,-5,12
-10,9,5,-1,-7,5,0,2,8,-7,-5,20
-4,23,12,-4,5,26,-9,-3,5,3,9,-2
-6,7,9,-6,-7,-8,6,17,-8,0,11,26
13,21,-10,1,2,12,14,14,11,-2,-2,7
-1,12,-1,2,-5,13,-5,23,-3,28,8,23
-7,8,5,2,-9,9,-8,0,13,33,-8,11
0,7,5,15,-9,14,6,16,1,-2,-6,1
3,19,2,21,8,26,13,30,-4,33,-2,23
1,-2,7,12,-4,-2,-2,33,0,26,5,10
4,-1,-10,10,11,31,8,5,-6,16,9,28
0,10,-7,18,-1,29,9,37,14,33,12,11
0,-2,2,-38,0,-27,2,-30,0,-23,6,-15
-3,-3,-3,-19,2,-28,14,-35,13,-9,6,-11
11,0,8,-4,4,-12,-1,0,-1,-26,-6,-1
-6,-4,7,-10,-2,-23,-5,1,-6,-4,-2,-27
16,-4,12,-22,3,-8,-6,-22,5,-9,-7,-16
-1,0,4,-19,8,-29,11,-30,9,-5,2,-19
6,6,12,-23,-3,-27,16,-8,2,-10,2,-30
-4,-3,14,-23,1,-30,14,1,-4,-9,-9,-17
4,-27,-1,4,3,-6,11,-12,-1,-11,3,-30
-4,-27,-7,-18,12,-7,4,4,-4,6,-2,1
-6,-21,13,2,12,-25,-3,6,-8,-4,5,-3
5,1,10,10,-5,-26,16,-21,5,9,-8,1
-5,6,6,5,-1,-7,3,-19,8,-2,9,-15
-2,-14,7,-24,-7,-15,-4,-7,-5,-11,13,-11
10,14,15,-2,12,6,12,1,-1,-13,1,0
16,1,-6,-1,7,-3,6,-19,-5,9,-2,-2
-2,-20,2,-20,-7,7,-2,-21,-3,4,16,12
-3,-7,-2,-14,13,10,-4,-21,-2,5,7,-7
11,17,15,13,-3,7,15,16,0,14,15,-1
3,-14,0,-5,6,10,-7,-15,-1,8,12,16
4,2,-5,-9,6,-11,1,-11,1,-18,-2,-4
5,10,13,1,5,-15,1,12,-4,4,16,-5
13,-14,0,8,6,-3,7,2,-1,22,14,-16
5,-13,3,-3,3,5,-5,14,16,23,-1,18
-6,-11,8,20,1,-11,6,-13,12,14,-5,3
16,9,-5,22,-8,24,-2,-8,-8,-10,-9,-10
6,23,7,26,12,3,16,-3,-7,-5,-6,3
13,7,15,26,-3,-5,1,-8,-6,13,-8,-9
-3,1,15,14,-5,-1,1,4,2,25,13,21
0,29,14,3,-3,-2,4,6,6,5,11,12
5,14,11,1,1,15,12,23,7,7,3,-6
16,3,1,8,-7,28,3,27,3,-6,0,4
3,-6,15,15,1,31,-6,1,9,1,-9,24
0,10,-4,-2,12,1,-3,2,-4,-4,-7,4
-1,30,-9,17,-1,34,7,29,1,2,1,31
-1,5,-2,16,-9,22,1,-1,-5,27,11,19
2,0,14,33,-6,27,15,31,16,19,-4,27
11,24,-4,33,-5,7,-8,36,-5,7,2,15
8,18,-6,2,2,13,15,28,-7,21,8,31
-3,-11,13,-11,-8,-33,14,-14,17,-1,17,-9
1,-26,-3,-11,-8,-21,14,-27,3,-20,-3,-34
3,-22,-7,-29,-1,0,-3,-19,-6,-5,13,-13
-6,-4,17,-20,15,-12,-6,-22,16,-26,6,-24
7,-24,1,-28,5,-9,-1,-9,0,2,4,-18
10,2,4,-8,10,-22,2,-33,9,-33,3,-13
17,-30,9,-17,0,-8,-8,-19,12,-26,3,5
-4,2,4,-16,3,4,-3,-11,-6,4,3,-2
-7,-1,10,-5,3,-23,15,-9,16,-11,0,-1
-5,-13,4,2,8,-4,-1,-11,-8,-15,0,-25
-1,-9,13,-15,10,9,-2,-15,13,-27,6,-26
0,9,2,-8,14,-2,1,-18,2,-25,2,-20
-5,-26,0,12,1,-24,-6,-8,4,-13,5,-1
3,-22,11,5,1,5,17,-20,11,-2,10,0
1,-1,15,14,-5,12,-8,-15,-7,-13,-8,3
-4,-16,4,-21,16,3,7,-1,2,10,5,-20
-4,5,2,5,0,-21,-6,-19,5,-19,1,-6
-7,-9,10,-3,4,9,14,-2,15,-8,-8,-15
-1,-3,3,-8,11,13,9,14,1,-20,9,5
-8,-19,12,-13,0,-10,0,-5,14,3,-7,14
8,14,14,-3,5,-17,10,13,11,-8,14,2
-3,-11,2,-1,0,13,16,-10,2,-14,13,15
-7,-3,9,15,14,21,16,9,2,-6,6,5
2,-8,5,8,15,-2,0,0,9,22,6,3
0,-11,-2,19,2,16,-1,8,9,-13,11,12
2,-8,-2,23,2,8,3,13,-4,8,6,10
0,-11,8,-3,5,3,10,5,7,15,15,6
0,17,8,3,3,0,5,-11,16,6,9,-11
5,-10,-5,11,15,18,5,22,11,25,-2,-1
-3,-5,-4,12,1,-9,-2,26,-3,8,-2,4
-8,27,5,23,-4,29,11,20,15,28,-6,25
10,-2,15,13,11,-5,5,24,15,2,-5,24
3,23,4,10,5,11,-6,5,17,22,-6,-5
-8,13,10,17,7,9,2,8,17,18,16,27
0,6,11,5,14,6,6,3,-5,32,16,14
-5,7,-5,2,7,5,8,4,9,25,-3,4
16,3,7,35,4,26,14,15,6,18,-2,4
5,29,0,19,9,12,6,35,8,19,11,18
0,0,-2,13,10,34,15,22,-8,10,-7,19
-1,-5,7,-35,4,-7,5,-15,2,-1,6,0
-1,-10,-4,-9,1,-24,2,-22,2,-34,12,-31
-1,-16,11,-29,-4,-9,-2,-33,1,-8,3,-5
12,2,-3,-15,-5,-8,12,-24,11,-3,8,-35
12,-5,14,-2,17,1,12,-17,8,-26,5,-15
18,-5,2,-14,-2,-32,10,0,14,-2,2,-33
-1,-4,10,-14,-1,-7,2,-24,13,-18,-1,-25
2,-31,12,-23,4,3,-1,-8,3,-10,17,2
1,-21,0,-22,0,-12,18,-8,-1,-5,-6,-24
-3,-12,15,-4,-5,-1,-7,-12,1,-4,-2,-18
0,7,-7,-15,5,-28,-1,0,16,-10,-6,2
18,10,14,-1,7,0,12,-4,1,-4,0,6
-3,-16,12,-15,-3,-22,1,-5,13,9,-7,-22
2,7,1,-18,18,4,-2,2,5,-16,17,-24
-1,-5,15,-24,9,-18,-5,9,11,-2,-3,-1
0,-22,-7,-1,-2,-21,1,-4,0,5,2,-2
3,14,11,-2,4,-8,14,-14,7,8,6,-20
17,4,10,17,4,-15,-5,-1,1,5,-6,8
15,17,2,7,11,10,16,-13,17,-8,8,-1
-1,10,11,-17,7,-12,12,-1,8,-6,5,-1
14,18,2,8,10,10,9,-5,1,-9,16,13
18,8,13,-17,-5,3,2,-17,5,20,11,7
-5,19,10,0,-6,10,18,-15,-5,1,7,-2
15,21,16,-11,3,18,10,-3,3,-2,11,22
11,4,1,5,4,22,15,24,4,-8,9,14
-3,-1,15,-5,10,11,-5,-4,-2,-10,15,21
18,5,-7,19,9,11,15,-1,18,19,12,18
-7,23,-5,11,-4,23,4,3,12,16,11,15
5,18,18,19,16,7,4,5,11,17,14,23
-7,24,-4,20,-5,-1,-1,21,-3,25,7,23
14,-3,2,25,16,-4,-7,20,17,-2,8,23
9,14,5,25,14,10,1,21,-6,6,11,0
1,19,14,18,2,27,7,32,1,28,17,22
18,-2,16,17,14,7,12,-2,15,24,18,13
5,9,-6,10,5,29,17,31,2,10,-7,28
-7,13,3,-2,12,18,2,16,-1,31,10,23
8,18,15,24,4,18,-3,4,-1,1,-2,29
14,30,13,10,-6,37,12,32,-2,26,1,29
1,29,1,32,18,20,4,36,4,9,11,12
2,-6,15,-9,9,-22,-4,-32,11,-7,2,-17
-5,-35,4,-25,3,-15,11,-36,3,-28,4,-10
9,-17,11,-28,10,-8,7,-19,4,-12,1,-23
0,-4,7,-1,14,-8,15,-24,6,-6,-4,-22
-1,2,-5,-3,-6,-24,3,-24,1,-7,5,-19
1,-30,18,-18,18,-31,11,5,-5,-31,14,-22
2,-10,19,-24,-4,0,8,-24,7,-21,4,-21
3,4,13,-25,0,1,1,-11,10,-15,11,-20
10,-5,3,-15,3,-26,18,-26,-5,-18,13,5
9,-8,16,-28,14,-20,-3,8,-1,-27,11,-22
11,1,7,-7,18,-24,11,-23,16,-11,19,8
-2,-5,-6,-1,15,-16,9,-1,-1,6,-5,-10
17,10,9,9,12,-19,17,-17,11,-21,7,-21
2,1,13,6,18,3,-3,-25,10,2,3,13
13,4,16,4,4,-11,19,-14,-3,-20,7,-15
-3,6,3,7,4,-14,5,-10,-1,-17,10,4
19,-21,7,-4,13,-12,0,11,17,-5,-1,0
4,-9,8,16,12,-4,10,-15,-6,-8,14,7
14,8,9,1,14,-18,-4,11,3,7,0,-5
9,18,12,18,19,-4,3,-7,-3,-5,6,7
-4,-14,-3,14,-3,5,-3,1,-1,13,3,-1
14,14,-4,-3,3,-10,-3,16,0,-5,17,7
-4,2,-1,0,5,8,4,22,7,-3,6,20
18,12,14,13,7,-11,17,23,8,-8,-4,-4
0,9,14,17,-2,14,7,13,10,8,11,3
-1,3,-5,-4,-6,23,1,-3,-1,16,10,5
-6,10,14,10,-1,4,0,15,8,26,-1,0
-5,24,14,27,9,25,-4,8,10,12,14,23
18,19,13,26,1,25,-1,6,18,26,12,21
17,18,-4,4,-5,11,13,-8,3,11,11,13
15,-5,5,0,4,18,17,-4,1,27,4,-7
12,4,10,16,-3,4,1,23,2,25,12,13
15,16,19,-4,-3,-1,14,-2,5,31,1,31
-5,10,11,1,6,11,8,23,-3,14,9,2
3,5,18,2,15,25,14,30,7,16,17,31
19,18,-5,15,-4,3,0,23,18,26,-2,9
8,36,4,16,-4,5,11,33,4,35,10,31
17,21,-4,27,6,33,2,12,-1,-1,17,33
10,31,16,14,17,38,-3,20,-4,24,12,6
-2,-30,-3,-33,7,-33,19,-1,5,-15,9,-38
-2,-2,-1,0,3,-14,19,-15,15,-34,1,-14
7,-10,-4,-1,2,-25,-3,-26,11,-30,19,-14
1,1,-1,-25,20,-7,4,-22,-5,-24,19,-5
5,-4,10,-23,8,-26,14,-15,14,-3,6,-33
5,-27,11,-17,13,-19,11,-32,2,-8,7,5
9,3,4,-11,14,3,15,-30,-3,-20,18,-3
20,1,18,-15,-4,-1,19,-22,2,5,1,-17
19,-2,2,-6,6,-25,-1,4,18,-19,0,-6
10,-28,18,0,3,-18,3,-11,-4,-7,1,6
11,1,10,-2,17,7,13,-16,11,-17,4,-8
0,10,11,3,12,-17,12,-19,4,-4,20,-10
-1,-1,10,6,18,-17,-2,-3,-5,-21,5,-5
19,-4,-3,13,12,-25,11,13,2,-13,6,-16
0,14,2,-23,9,-12,9,-13,15,-11,-3,-2
-5,-12,9,-1,0,7,20,-10,-5,-17,18,0
19,15,11,-15,11,-8,7,10,13,-6,14,3
20,-6,6,-1,-3,17,9,-12,-3,-21,1,-5
6,7,10,3,6,8,12,4,9,2,15,13
-2,19,19,-16,5,-3,9,4,11,-12,-3,-16
-1,-5,5,-11,18,7,9,-2,11,12,12,-13
6,-6,20,-12,20,-10,19,17,19,-3,7,18
10,-12,11,10,-2,21,13,-11,-1,8,7,-11
0,-3,14,10,15,7,-2,-7,-3,12,6,2
1,-14,12,3,20,13,4,11,-3,22,12,20
-2,2,18,23,14,25,7,3,19,11,-2,10
19,11,5,11,-2,14,2,15,18,7,10,-11
-3,-5,-1,12,13,9,20,22,16,15,-4,16
7,1,14,-9,17,3,1,14,-4,7,19,4
4,1,-1,7,10,25,15,18,-4,27,12,26
4,-6,1,-2,-1,12,-5,27,-2,21,14,26
-5,21,6,22,2,16,19,7,7,5,-5,30
-4,-2,8,21,10,14,3,32,17,31,5,14
2,20,19,27,8,27,0,2,18,21,11,3
11,6,19,31,10,21,1,1,2,6,-2,3
5,13,9,25,-5,32,2,12,6,35,18,0
3,15,18,-2,1,28,10,34,18,30,1,27
13,31,16,6,12,28,12,3,13,13,-1,3
9,11,-3,27,1,9,8,8,-4,28,18,22
-1,-19,18,0,2,-5,8,-3,-2,-25,8,-16
-4,-6,10,-8,-4,-10,13,-17,1,-30,2,-18
20,-1,6,-19,15,1,-4,-14,15,-3,12,-11
-3,-32,9,-31,0,-3,9,-13,-4,-15,4,-16
11,-28,16,-8,3,-12,14,-34,0,-8,16,-15
4,-10,11,-9,3,-20,14,-19,0,-14,15,5
12,6,2,-7,12,-19,20,-19,12,-14,-4,2
-1,-9,12,-29,18,-5,14,-21,4,-15,6,-26
-2,-17,-3,-20,18,-25,12,-20,-3,-24,0,-15
-2,-29,3,-13,1,-22,0,-15,3,-22,12,-23
18,-6,18,-12,-4,3,3,-17,13,6,11,2
16,-9,-2,-11,20,-8,4,-17,9,-25,13,-15
-2,-6,16,11,17,12,-3,-11,-1,-6,11,-11
11,-12,2,13,1,8,-2,13,8,-6,2,-7
7,-20,9,5,0,-24,18,11,-1,-11,-4,1
-1,-17,8,10,-2,11,12,9,13,-2,-3,-11
-3,-16,17,-17,5,-13,18,-9,3,-4,10,-2
15,-12,4,-9,18,-6,5,-18,9,10,-1,0
2,-3,4,-20,14,11,4,9,4,-2,-3,-13
0,-16,6,-9,17,4,20,5,1,13,6,-15
-4,-4,-1,-1,9,0,-3,9,-1,0,3,11
-4,-5,4,-12,6,5,13,-3,17,15,2,-13
15,19,3,-14,15,9,0,7,8,22,19,3
2,20,10,0,8,2,-4,-8,5,-5,9,-15
0,0,4,8,13,-13,-1,-10,-1,-13,15,10
0,17,-4,-13,10,21,7,-1,14,23,13,-7
11,2,2,-9,3,-10,18,14,11,13,6,26
0,15,17,0,1,-5,11,27,21,-1,3,-11
21,28,3,13,18,-8,4,6,19,15,10,26
12,-1,4,6,12,-6,10,-4,11,1,2,3
21,5,19,15,5,11,16,20,6,22,3,20
7,29,5,-6,19,13,8,24,11,-5,1,-3
3,12,-1,21,21,8,4,16,-3,19,-3,12
20,-3,18,-2,9,23,-3,7,-2,4,-2,5
-2,-1,21,28,21,21,-1,12,20,19,20,23
8,16,4,-2,18,0,7,28,18,29,10,32
2,24,12,34,11,15,18,-1,17,15,11,30
3,4,10,6,5,12,4,32,-3,14,17,-1
1,1,-3,13,5,32,17,7,0,20,-1,33
11,-37,8,-17,4,-31,4,-9,4,-19,0,-28
-2,0,19,-26,16,-6,14,-15,-2,-19,14,-28
7,-11,20,-30,10,-27,2,-35,-3,-13,-1,-28
1,-24,22,-8,10,-35,19,-5,14,-20,15,1
9,-7,14,3,0,-32,-2,-20,22,-28,1,-34
3,-15,8,-17,4,-3,16,3,14,3,15,-31
1,-12,14,3,4,-17,22,-2,12,-8,6,-22
4,-2,-1,-24,13,-23,11,-7,2,-13,17,-29
7,5,0,-19,1,-16,12,-30,14,0,1,2
14,6,4,-12,18,-20,5,5,6,-8,17,-26
10,7,8,-9,20,-1,2,0,4,1,3,-2
10,-16,16,-5,5,6,20,1,22,2,20,-21
6,2,-2,-9,10,-21,6,2,11,-12,-3,-4
19,9,2,8,14,-2,5,2,0,0,16,-20
14,13,10,-11,10,14,8,11,3,-10,8,-2
8,14,-1,0,21,-22,11,3,19,-14,11,-8
15,-2,13,11,9,5,21,-11,6,-9,18,-3
9,8,6,-17,17,15,12,8,18,2,9,-17
15,17,12,-18,6,-17,2,16,8,-12,2,0
5,-8,20,-9,11,-5,1,-2,11,-13,14,-11
-1,-10,6,-13,8,-3,0,3,-3,-17,18,10
10,-15,19,2,-2,18,3,12,17,-10,-1,-17
1,7,-1,18,14,20,4,19,6,3,4,11
15,6,7,-6,20,9,8,15,-3,-6,0,5
8,-9,22,3,-1,-1,4,17,-1,-8,16,3
-1,12,19,16,21,-1,5,-6,1,10,18,18
18,26,1,6,12,20,13,17,-3,24,13,20
13,15,-1,18,6,9,-3,7,11,8,7,-5
4,12,13,18,1,6,-1,24,13,3,14,8
-3,-1,-3,-5,18,28,-3,3,9,17,6,19
6,26,14,18,5,10,22,-4,-1,14,17,2
6,18,10,13,2,29,12,28,-2,28,-1,0
21,25,9,1,1,25,1,26,4,25,5,-6
2,18,0,-2,18,-5,5,12,-2,11,2,11
6,17,20,30,7,8,4,30,14,5,0,5
2,8,12,11,-1,28,17,4,20,27,21,22
4,7,17,8,0,2,17,31,3,35,18,2
17,28,6,11,4,25,16,25,8,10,18,25
19,29,13,0,2,27,3,12,13,34,5,23
6,0,9,-34,6,-4,13,-15,8,-11,1,-8
2,-33,8,-35,13,-22,19,-13,2,-24,2,-21
15,-15,16,-2,2,-6,14,-25,5,-15,10,-3
20,-7,14,-22,18,-4,17,-27,23,-19,8,1
5,-4,1,-10,14,-12,17,-18,-2,-22,7,-8
0,-31,-1,-30,17,-15,18,-22,23,-6,3,0
21,-27,8,-21,2,6,3,-17,10,-27,15,-9
-2,-8,6,-10,6,6,22,-28,10,5,2,4
20,5,3,-21,15,-3,8,-21,12,5,5,-18
21,3,12,-4,-2,1,9,8,7,-1,20,4
15,2,22,3,20,-22,4,-6,-2,-26,21,-26
13,1,1,7,10,-14,8,-21,20,0,20,5
17,-4,11,-7,11,-20,0,-2,4,-16,-2,-3
15,-3,9,-15,17,2,16,8,14,8,16,-17
17,12,0,-15,11,-17,15,3,-1,3,11,-7
15,-4,16,-18,17,-4,21,-13,17,-3,15,14
19,13,1,4,20,-5,17,-2,18,16,-1,-13
0,-2,6,-17,2,-19,18,-13,21,12,5,-1
-1,-6,2,-5,21,-15,-1,-16,1,17,-1,-4
7,-6,7,-1,5,18,7,-14,6,-14,-1,-4
-1,4,20,6,20,0,13,-1,8,16,15,11
19,7,-2,-1,19,4,14,10,21,-9,0,10
18,5,9,11,18,0,0,7,2,-13,15,5
1,12,6,15,10,-4,16,3,15,23,0,-11
9,19,14,3,5,-5,12,19,16,3,18,-5
0,-3,16,6,23,-4,-1,4,5,-4,2,20
0,0,7,16,-1,17,19,3,22,20,23,23
11,20,23,23,8,21,2,24,21,26,16,17
23,26,9,15,2,12,14,-7,3,-6,-2,-9
-1,-9,3,-1,17,13,11,7,-2,-5,3,18
21,-6,16,1,1,-5,14,-4,4,7,8,5
20,17,22,21,1,14,16,13,23,25,19,17
3,18,19,24,21,31,23,19,1,11,12,3
13,3,9,18,17,1,14,7,-2,10,1,33
14,29,13,21,19,20,1,23,22,-3,18,27
7,19,11,2,6,22,1,7,10,0,12,26
5,31,3,23,4,16,8,15,18,17,10,27
16,18,2,23,4,9,17,37,14,30,1,1
10,12,4,19,7,27,13,20,4,5,11,16
2,-2,24,-32,4,-20,21,-11,14,-18,10,-14
5,-33,1,-2,1,-11,20,-20,-1,-4,12,-23
10,-20,11,-36,7,-10,24,-20,5,-29,18,0
11,-4,13,0,12,-21,21,-32,15,-9,2,-11
0,-11,11,-28,4,-8,8,-12,21,-26,15,-18
19,-16,13,-31,2,-24,19,-23,0,-4,2,-15
2,-28,1,1,0,-26,19,-20,7,-30,20,-12
6,-21,5,-29,1,-19,9,-8,6,-27,5,-3
4,-27,15,-12,6,-10,8,0,10,-30,8,-12
11,-7,9,0,17,-14,8,-18,1,-1,-1,4
10,-15,6,1,19,6,-1,-14,15,-4,1,-11
14,-5,10,-10,13,-22,2,-24,13,7,4,-21
15,8,22,-5,-1,-6,-1,10,3,-11,14,10
16,3,17,-9,23,-1,18,-3,17,12,2,1
-1,0,14,-11,15,-17,-1,-5,13,-21,-1,-17
5,14,14,-23,13,-8,23,-8,21,-17,15,-4
11,-18,14,-21,3,-15,12,-9,5,-20,7,10
3,-3,0,0,-1,0,18,-15,2,11,0,0
6,4,-1,0,23,13,16,8,10,-1,8,-19
0,13,18,-3,4,-4,19,11,20,1,23,16
4,11,12,-2,13,15,-1,8,10,14,0,-14
11,17,3,12,23,3,18,15,-1,4,8,-8
2,-2,15,-8,6,15,12,-5,0,-12,17,18
23,9,5,14,20,19,20,21,6,0,21,15
2,10,21,13,6,11,1,-14,2,-8,6,-9
6,8,24,22,1,6,22,23,-1,18,24,7
23,14,-1,15,13,17,9,14,21,-10,14,4
23,27,22,16,6,-1,10,-5,17,9,7,-4
14,26,15,25,6,-10,4,22,12,-3,2,17
9,23,20,-8,2,11,22,5,5,0,7,29
16,18,9,25,19,18,5,6,3,20,18,25
17,24,3,29,23,0,4,-1,8,17,2,30
9,31,17,32,10,26,0,25,20,-3,18,4
23,15,21,8,3,14,21,31,3,13,7,29
12,8,20,17,4,31,19,20,3,-4,5,30
11,-2,-1,16,5,32,0,33,10,33,9,26
12,-1,11,1,18,26,18,12,17,8,11,30
9,37,19,2,19,32,4,8,-1,28,14,13
13,6,8,17,6,14,22,11,2,11,7,22
17,-21,11,-1,10,-19,22,-22,15,-33,5,-4
24,-3,14,-14,20,-13,0,-29,2,-4,7,-21
4,-27,22,-15,23,-34,17,-25,11,-22,13,-13
9,-19,24,-31,1,-33,4,-14,2,2,17,-5
7,4,15,-6,6,-13,0,-29,2,-29,9,1
13,-18,21,-30,10,-23,3,-28,19,-30,0,-33
15,-9,21,5,11,-16,3,-3,6,-12,21,4
24,2,3,-1,11,-21,25,-10,24,-5,17,-18
5,-12,14,0,19,4,12,-29,7,-6,10,4
4,0,1,9,16,5,19,-20,20,-19,7,9
4,3,23,-15,18,-7,25,10,17,-8,12,-15
10,7,11,-13,2,-24,1,-22,2,-1,9,7
24,-19,3,-13,10,2,1,-4,6,-25,0,5
16,3,1,-20,17,-20,12,13,5,-5,22,-18
13,12,19,14,12,-17,5,-11,9,-2,6,-2
20,7,7,-2,11,15,5,14,9,15,14,-1
8,8,21,-8,5,3,25,-2,10,-7,7,-5
6,9,4,-7,4,2,5,2,15,2,25,16
3,-18,12,9,6,-5,4,7,10,-3,22,-2
25,-11,25,17,7,-14,3,9,16,19,4,12
3,-1,14,14,18,1,11,-17,5,18,1,13
9,13,7,-2,4,4,0,-1,22,-5,17,-16
12,20,19,2,18,-15,7,12,22,14,9,21
1,9,4,19,3,15,11,-12,2,4,7,16
20,24,3,-10,2,0,7,-8,6,14,11,22
3,13,2,23,19,-9,18,15,14,-4,15,-11
24,-8,13,10,6,-11,22,8,7,10,20,-7
17,21,22,21,22,-2,1,7,6,-11,15,17
14,23,4,-10,1,-3,21,10,0,-10,16,27
13,1,5,3,6,25,0,-7,10,7,19,18
14,2,6,-3,22,-1,5,-6,6,0,7,-6
1,3,0,10,20,6,7,-7,5,7,2,25
2,1,7,32,0,-6,23,-1,3,4,18,32
12,-3,13,30,3,1,9,-3,16,27,0,19
13,34,3,10,1,4,15,33,3,12,1,9
9,26,7,6,15,20,17,34,21,31,3,13
14,5,17,20,14,15,12,-2,0,5,4,24
19,30,0,8,9,22,1,0,3,8,16,29
9,26,2,24,1,4,0,15,10,31,14,7
