-9,-26,-17,-19,-16,-4,-23,-22,-25,-10,-23,-7
-19,-5,-5,1,-24,-20,-15,-30,-8,-8,-15,-8
-11,-17,-8,2,-3,-29,-16,-9,-22,-6,-17,-11
-23,-8,-15,-14,-16,-32,-20,-10,-5,2,-16,-24
-13,-13,-3,1,-4,4,-15,-20,-3,-28,-3,0
-23,-7,-5,-21,-8,1,-16,-16,-9,2,-22,0
-3,4,-19,-17,-7,-27,-22,-28,-9,-19,-5,-2
-5,1,-17,-1,-11,-8,-19,-11,-19,-14,-5,7
-25,7,-20,-26,-24,1,-14,-16,-25,-14,-12,-25
0,2,-13,-10,0,-14,-20,0,-19,-14,-6,-25
-25,-9,-20,-1,-13,-5,-5,-12,-13,-5,-13,-28
-18,-25,-6,-16,-24,-17,-24,9,-11,-1,-4,-3
-19,-25,-19,-22,-1,-25,-23,8,-15,-6,-3,-18
-12,2,-25,2,-23,-12,-12,-24,-23,7,0,-21
-7,4,-15,1,-21,-4,-5,-14,-18,-8,-17,-15
-4,0,-8,7,-22,-9,-5,-22,-14,-8,-14,-16
-17,-19,-22,2,-24,-13,-12,-15,-14,-6,-11,13
-2,2,-18,-14,-25,11,-9,-13,-1,-10,-2,7
-1,10,-7,16,-4,7,-4,14,-3,-8,0,15
-24,-2,-24,6,-15,17,-3,15,-14,9,-10,13
-9,9,-16,-12,-14,18,-2,-5,-15,1,-1,-17
-1,3,-12,20,-8,-6,-20,18,-25,-14,-7,2
0,2,0,16,-22,14,-3,-11,-13,20,-10,19
-6,-7,-18,9,-2,8,-10,21,-6,-8,-18,-12
-3,-6,0,-6,-8,10,-14,20,-13,-9,-4,15
-9,-5,-21,4,-15,25,-7,25,-12,-13,-3,-8
-4,4,-1,7,-18,21,-15,15,-7,-4,-24,8
0,3,-3,18,-14,21,-2,16,-21,2,-9,1
-4,5,-19,28,-19,11,-5,-1,-4,-6,-13,-5
-1,6,-3,23,-13,6,-25,2,-7,-4,-1,26
-4,5,-21,-2,-22,-2,-19,17,-10,27,-1,13
-4,4,-22,7,-3,19,-3,2,-8,-1,-8,18
-2,6,-5,31,-21,-6,-15,-2,-17,15,-2,23
-3,7,-4,26,-14,32,-1,24,-16,-3,-20,13
-1,14,-15,29,-14,29,-16,33,-1,17,-14,9
-10,5,-25,8,-9,7,-2,16,-1,13,-10,-2
-8,4,-5,4,-3,26,-2,3,-16,31,-23,28
0,5,-24,21,-18,25,-5,37,-11,0,-11,15
-15,27,-20,29,-17,0,-12,38,-6,17,-5,10
-24,-28,-19,-31,-19,-23,-8,-15,-7,-29,-21,-33
-19,-15,-17,-21,-23,-8,-17,-7,-19,-7,1,-10
-3,0,-21,-33,-17,-5,-10,-24,-21,-32,-6,-2
-22,-26,-13,-22,-15,-13,-20,-6,-19,-25,1,-35
-11,-31,-1,-31,-21,-22,-19,-4,-3,-32,-16,-33
-4,0,-7,-27,-22,-19,-18,-12,-11,-14,-15,-11
-24,-2,-11,-29,-9,-5,-16,-4,-2,-21,-12,1
-2,-8,-4,-11,-12,-13,-3,-9,1,-14,-18,-18
-24,3,-19,-6,-11,3,-20,-14,-3,7,-16,0
-11,-20,-23,-16,-13,1,-20,4,-17,8,-19,-21
-24,-19,0,10,-15,-10,-15,-10,-17,-17,-12,0
-6,-22,-8,-27,-19,-19,-13,-25,-13,5,0,-7
-16,-20,-12,-5,-13,-6,-12,-24,-13,-4,-12,-8
-4,4,-3,-1,-3,5,1,4,-24,-20,-13,6
-7,-15,-19,-14,-16,-5,-14,-1,-5,-24,1,4
-13,-15,-21,-18,-23,-8,1,14,-23,-15,-10,-23
1,7,-14,-8,1,4,0,13,1,-19,-19,8
-24,6,-2,-5,1,0,-2,7,-2,-8,-13,17
-11,9,1,0,-2,-8,-14,-15,-12,13,-2,-4
-9,-14,-3,4,1,-8,-19,-8,-5,-14,-15,13
-7,-18,-5,18,-1,4,-13,9,-19,-10,-15,7
-1,3,-8,4,-13,2,-2,5,-23,-17,-19,15
1,-15,-18,8,-13,-9,-10,20,-9,-8,1,5
1,-15,-20,22,-2,2,1,-13,0,14,-1,6
1,-6,-3,0,-12,23,-14,15,-2,1,-11,21
1,4,-22,-12,-18,0,1,12,-24,4,-2,-13
-1,4,-15,16,1,-2,-15,17,-4,22,-18,8
-4,4,-12,-5,0,15,-13,27,-17,13,-13,12
-1,5,0,26,-10,0,-11,18,-16,2,-20,-7
-4,5,-18,10,-3,-9,-2,18,-4,6,-5,26
1,2,-16,12,-3,18,0,17,-16,25,-4,24
0,3,-11,25,-21,28,-14,21,-15,-4,-21,11
0,6,-5,8,-3,10,-3,6,-15,25,-9,-2
1,4,1,28,-4,8,-10,29,-4,23,-19,19
-1,14,-14,-3,-17,20,0,18,-1,5,-21,33
1,18,-13,14,-12,3,-18,34,-20,34,-12,14
-6,5,-3,4,-18,24,1,8,-7,35,-10,12
-4,5,0,26,-18,5,-11,12,1,4,-7,28
-2,27,-12,17,-24,35,-19,34,-13,23,-23,14
-6,-11,-10,-26,-8,-28,-8,-27,-8,-10,0,-12
1,-14,-18,-25,-8,-3,-12,-24,-14,-1,-21,-3
1,-3,-20,-24,-8,-6,-22,-16,-13,-4,-15,0
-1,-35,-22,-27,0,0,-19,-14,-9,-26,-12,-14
-7,-32,-19,-5,-17,-26,-6,-15,-22,-14,-6,-28
-13,-15,-17,-32,-14,-4,-11,-30,-3,-30,-5,3
0,-8,-10,-31,-20,5,-23,-19,-12,3,-11,-19
-9,-14,-2,6,-19,-30,-15,-29,-12,2,0,-27
-23,2,-14,2,-23,0,-22,-19,-13,4,-10,-8
-11,-12,-13,-6,-8,0,-12,-26,-16,-15,2,9
-13,-24,-4,-15,-2,-25,-10,8,-9,-4,-3,-25
-10,-10,-8,-15,-8,-20,-8,5,-9,5,-3,7
-14,-23,-15,-13,-7,6,-4,9,-15,-23,-5,-22
0,-20,-19,-2,-1,4,0,4,-9,-18,-10,-18
-8,-24,-3,-15,-14,1,-20,-19,-7,-12,-19,-5
-2,-6,-2,-14,-18,8,-17,0,-6,12,-7,-9
-22,-3,-16,7,-16,-19,-9,-8,-8,0,-1,8
-16,-3,0,16,-6,-18,-16,3,-11,-4,-19,-5
-10,-1,0,-1,-4,2,-19,-16,-15,18,-5,15
-11,-17,-21,-2,-8,4,-3,-13,-18,4,-8,12
-14,-14,-6,-6,-13,-14,2,-12,-9,10,-9,18
2,-10,-16,-11,-3,-14,1,-9,-11,12,-17,13
-5,-8,-10,22,-14,-3,-2,-2,-2,-8,0,3
-2,-7,-13,-4,-18,23,-11,21,-4,4,-16,23
1,-6,1,-6,0,1,2,5,-3,0,-2,11
1,4,-10,-5,0,-3,-14,17,-12,-10,-18,2
-1,4,-11,16,2,15,-1,0,0,4,-14,-2
1,5,-10,19,2,13,0,14,-11,1,-20,21
0,4,-12,23,-2,2,-2,3,-1,-1,-20,7
-2,5,-7,29,-14,3,-19,25,-7,-2,-13,21
-1,5,-17,24,-2,16,-5,16,0,4,-20,30
-3,4,-4,24,-1,4,-12,23,-12,29,-6,13
-2,6,-1,28,1,0,1,13,-14,28,-20,6
-3,7,0,28,0,3,-3,15,2,6,-11,33
-1,14,-10,29,-19,31,-8,5,0,11,-15,13
1,18,-5,21,2,20,-7,-1,0,30,-11,34
-5,4,-6,8,-2,11,-1,14,-1,26,-23,32
-4,5,-1,26,-10,28,0,15,-22,6,-17,26
-7,5,2,0,-19,32,-9,37,-19,33,-17,17
-22,-15,0,-17,-10,-16,-19,-29,-1,-5,0,-6
-21,-27,-10,-7,2,-10,-7,-16,3,-14,-10,-25
-3,-35,-3,1,-20,-15,-16,-21,-6,-16,-12,-2
-12,-19,-9,-30,-3,-35,2,-35,-10,-25,-6,-11
-12,-19,1,-12,-18,-31,-9,-28,-12,-24,-11,-12
-21,-9,-20,-29,-12,-23,-21,-2,-3,-10,-14,-26
-21,-7,-15,1,-10,-13,-7,-20,-11,-2,-12,-27
2,5,-3,-3,2,-31,-17,-3,-8,6,-2,6
-10,-1,-13,-27,-20,-11,2,7,-5,-30,-12,-17
-22,-18,-8,-16,1,3,-17,-24,-8,-19,3,-4
-12,-25,-16,5,-16,3,-19,2,-16,-4,-8,4
-20,-17,-2,6,-14,-26,1,5,-6,7,-5,-15
-14,-22,2,-1,-18,-4,1,7,-17,-11,-4,-1
-10,2,-2,-8,-11,-23,-19,6,-8,-4,-9,-19
-12,-23,-15,-12,-3,-15,-6,-20,3,-11,-13,-22
-8,-22,-13,-16,-21,-3,-1,-12,-12,13,2,-15
2,-18,-17,-3,-9,8,-14,-9,3,0,-8,-3
-8,-5,-22,5,-16,17,-9,16,-10,11,-8,-8
-21,-8,-10,14,2,9,-7,-13,0,17,-11,14
-21,-4,-2,5,1,7,-22,12,-5,-15,2,-3
0,4,0,-18,0,9,-22,-17,0,-11,-12,6
2,-11,-7,5,-11,11,2,-1,-15,3,-7,12
-2,-8,3,18,1,9,-16,8,-12,9,-13,19
1,-7,0,13,2,-1,-4,-13,-13,20,-3,18
-2,-4,2,-3,1,-1,-9,-4,2,5,-6,17
0,4,-13,13,-13,19,-2,16,-16,-12,-9,4
3,4,-4,-2,1,2,2,2,-2,20,-20,-6
3,4,-20,11,2,1,-2,-3,-2,-7,-1,3
0,4,-19,-4,0,0,2,5,-5,23,-22,19
1,2,-5,23,2,-1,-9,16,1,28,-18,-2
-2,5,-2,27,-1,7,3,8,-14,17,-21,-8
1,3,-19,28,0,25,-12,19,2,19,-1,-4
2,3,-20,20,-1,4,1,2,-1,26,-21,0
3,7,-12,-5,-19,31,0,27,-8,-5,-18,-1
-5,4,-12,23,-8,34,0,11,-3,2,2,24
1,18,-17,28,2,8,-10,24,2,10,2,24
0,17,-5,19,2,18,-1,8,-4,1,1,0
-6,5,-17,13,-6,5,-5,5,-22,25,-17,22
-20,15,-16,31,-9,5,-6,7,-18,22,-15,23
-1,-4,-15,-13,-11,-26,0,-23,2,-37,-6,-26
1,-34,-10,-7,2,-37,-21,-12,-8,-1,-10,-1
-18,-27,-1,-5,-11,-28,-6,-8,-3,-5,-7,-28
-2,-5,2,-3,1,2,-4,3,1,-31,-12,-31
-12,-1,-5,-10,0,-28,-10,-17,-11,-11,-1,-25
-20,-3,-5,-31,0,-2,-9,5,-3,-29,-17,-1
-20,-21,1,-22,4,-32,-1,-19,-14,-29,-20,-19
-21,-31,-12,-20,-7,-5,3,-8,-10,7,-5,-18
1,3,-21,-14,-17,1,-8,-19,4,-12,-15,8
3,5,0,7,-1,0,0,8,-3,4,4,-13
-9,-10,-11,0,-13,6,0,-22,-13,-5,-14,-21
-1,-3,-2,-24,-9,11,-2,3,0,8,-11,4
-21,5,4,-16,-13,-2,2,-26,-15,-1,-21,-24
-7,-25,-8,-23,1,8,-18,12,-17,-9,-14,-19
4,-19,-17,-23,2,3,-13,13,2,-4,0,11
-13,-22,1,-10,-11,-21,0,-21,-4,5,-2,-9
2,8,0,-18,-7,-6,-6,-14,-2,8,-12,-2
-20,-12,3,3,-15,7,-7,5,-13,13,-4,10
4,-16,-4,-20,-8,2,-12,4,-3,17,-16,18
3,3,-1,-19,-11,14,3,-7,-4,13,-2,1
-21,-4,-1,-7,-2,3,0,-9,4,16,3,5
-7,-8,-8,5,-1,-16,2,11,-18,17,-1,-1
-1,-9,2,11,-17,1,-18,8,-1,7,-9,13
-16,3,-20,-15,-2,-4,2,15,-9,4,-14,-14
-9,21,-19,4,-13,14,-2,0,-4,13,-9,8
-18,11,-14,-8,-2,1,-2,0,-21,-6,2,18
-3,17,-12,17,-2,3,0,5,-19,-9,-19,-3
1,4,-2,11,-21,10,-18,-10,-8,10,2,1
3,4,2,0,2,2,-15,23,3,-6,0,1
3,2,-4,22,-15,25,-3,-4,-16,-2,1,17
0,2,2,17,1,8,-2,28,3,27,-15,-3
1,3,3,26,2,-1,0,28,3,18,-11,13
2,3,-17,18,2,14,-8,11,0,8,-3,8
-6,7,-12,8,-3,-2,3,0,2,-1,-7,-2
4,15,-9,29,3,5,-7,26,-4,32,-9,7
1,18,3,-2,-14,10,-5,2,-6,29,-20,2
1,18,-8,18,1,12,-3,31,1,32,-4,3
-6,13,-6,26,-2,28,-17,4,-18,21,-1,22
1,35,-18,26,-1,38,-1,4,-6,34,-13,37
-15,-36,-20,-19,-15,-4,4,-32,-13,-20,2,-13
-8,-17,-9,-36,3,-36,5,-14,2,-37,1,-4
-19,-15,-4,1,-12,-34,-6,-27,1,-24,-16,-24
-3,-32,-8,-26,4,-1,-13,-23,-10,-2,1,-19
-6,-2,5,-27,4,-18,2,-3,3,-32,-13,-17
-1,3,-14,-10,-9,-9,-3,-12,-11,-32,-6,-32
2,-28,-8,3,5,-1,4,-29,3,2,-3,-29
3,6,-12,-31,4,4,2,-21,3,-24,-15,3
-20,-6,-20,-2,0,7,-11,-17,3,-24,-12,-6
-3,-10,-6,6,-2,7,-4,-9,-8,-4,2,-1
5,-25,-19,-16,-17,6,-14,10,2,3,-13,-4
-18,-8,-14,-21,4,-23,1,6,-9,0,-4,-7
4,9,-6,6,-19,-5,-10,-10,-12,4,1,0
-3,3,-5,1,-1,8,1,-24,-12,-9,-19,12
4,5,-12,-7,-12,13,-3,-20,1,0,5,10
3,6,-2,-23,5,-10,-6,5,4,13,-9,7
-20,-5,-12,-14,-10,3,-2,10,-8,-15,-13,9
2,9,-12,12,-17,-16,2,3,-12,3,1,7
3,2,-1,15,-10,15,-2,-13,-10,15,-7,16
5,3,-20,-18,-14,14,-11,6,-15,-7,1,-15
-8,-13,-19,1,-2,16,-3,-15,-1,-5,2,5
1,11,-13,10,2,2,-15,-2,-12,12,-5,-8
-4,-6,-3,-11,-7,-1,-4,-5,-15,13,-11,7
0,6,-14,-4,-9,19,-16,-14,-17,-14,-7,16
0,6,1,2,-2,17,-1,14,-2,20,-14,21
-16,0,-12,12,-18,11,-1,14,5,-4,-8,17
-15,1,-2,17,-4,-7,-6,7,-17,6,-11,7
-8,5,-4,-2,-13,-6,-14,-4,-8,9,-10,11
3,3,-3,10,-14,-9,-10,10,-11,12,-16,4
2,2,-8,22,-13,3,3,5,-2,27,3,24
5,5,-10,26,5,4,3,14,5,11,-5,30
4,6,-16,18,-3,18,-9,28,0,13,-16,-7
1,3,-9,28,-11,5,-11,28,-9,28,-14,16
-5,8,0,27,2,26,2,3,5,26,-5,3
4,15,-6,-4,2,-2,-1,4,4,11,-12,0
-6,5,-16,11,-14,-3,-19,12,-9,-1,-19,7
-3,5,-10,18,-13,23,5,18,-12,33,0,24
-4,-1,3,4,-12,24,-1,5,4,7,1,26
-15,17,-11,16,-4,29,-4,9,-12,1,-16,27
-4,-21,3,-35,-7,-8,4,-31,1,-27,5,-12
-6,-17,-13,-25,-19,0,-2,-29,-3,-4,-1,-27
0,-21,-13,-36,-15,-23,-14,-24,-12,-11,-1,-8
-17,-7,-2,-24,-3,1,-12,-22,-12,-23,-10,-5
-5,-1,-5,-23,-13,-10,4,-23,-19,-15,-19,-25
-6,0,2,5,4,-29,1,3,-18,-23,0,-7
4,-29,4,-16,-2,4,-5,1,5,-12,3,5
-4,-12,-14,4,-8,-8,3,-2,-7,-23,0,6
-9,-1,2,-30,6,5,6,-25,6,8,-7,1
-17,-5,3,-3,-19,9,-1,-20,0,6,6,-9
-1,-1,-4,8,-11,-22,-5,-1,2,8,1,0
-8,2,5,4,-2,4,4,-25,3,2,-2,5
5,12,-9,5,-19,-22,-8,2,3,10,-18,-25
-7,3,-5,-5,5,3,-7,5,-2,-15,-6,-10
5,4,-9,-11,-11,-12,6,-6,5,9,-19,3
3,5,-2,3,-7,12,-10,5,-18,11,3,13
4,4,3,-21,-4,3,-10,1,-12,-16,-3,-20
-3,-2,-2,1,-8,-5,-11,-6,-2,-20,-9,-5
-19,-5,-7,-6,-9,4,-16,-13,3,4,-3,14
-10,-14,-16,17,-3,-17,-15,-17,-8,12,4,15
-19,0,-19,-1,-11,0,-14,-10,-17,-14,-1,0
-5,7,0,-12,1,6,-13,-3,-15,11,-13,14
-15,8,4,18,-19,15,-10,4,4,20,-5,1
-16,-9,3,8,-8,-10,1,10,-13,1,-14,1
-10,-2,-7,-3,-3,8,-9,20,-6,18,0,5
-12,12,-11,-2,-4,-11,-9,-10,-7,9,-15,22
-11,14,-7,11,-7,-4,-15,13,1,7,-6,-9
-13,-1,-5,-8,-1,16,-17,8,-7,2,-7,16
-17,15,-2,-1,-11,-3,-16,0,-3,5,-13,0
6,2,-12,9,-18,-7,-12,-6,3,-4,1,12
3,1,0,26,-8,5,6,27,-11,29,-10,-1
1,2,-10,5,1,24,-12,14,-9,-5,-5,-3
2,23,-4,18,2,11,-12,8,-10,21,-5,17
-4,6,-7,24,2,17,1,21,-13,25,1,0
4,15,-2,24,4,7,2,34,5,6,-5,20
4,4,-2,21,3,19,5,18,4,5,1,3
-4,7,-14,1,-5,3,-11,10,-6,32,-3,3
-4,6,1,26,-10,6,-2,6,4,23,-4,23
-14,15,-14,0,3,35,-11,30,-13,13,0,5
-3,-20,-5,-34,-1,-31,-12,-26,-4,-4,6,-19
-2,-6,-8,-7,6,-35,-13,-24,-18,-12,4,-34
-10,-4,-18,-32,5,-7,6,-19,0,-23,3,0
-7,-3,-2,-4,-6,-6,7,-27,-2,-35,-7,-3
-14,-16,-15,-2,6,-2,-1,-29,2,-25,-18,3
-11,1,4,-3,-5,-10,-2,-27,-17,-21,3,-16
-16,-21,5,-12,1,0,-5,-20,4,-16,-8,4
-9,-9,-7,5,7,-29,7,-14,7,-15,0,-18
-3,-26,-2,-2,-2,7,1,-29,4,-7,6,-16
-15,-10,-6,-2,-16,-2,0,-7,-18,3,6,-11
-2,-11,2,-10,1,3,-17,6,0,-14,1,-3
-11,-5,-15,-10,-3,-26,-11,-9,7,-20,-10,8
-8,-7,-4,4,7,8,3,-1,-9,4,6,-22
2,2,-17,8,7,-21,-2,13,-13,-16,-13,-16
-7,-23,6,-10,-13,1,0,-12,-16,1,-12,0
-8,-15,-10,15,-18,-9,3,0,4,2,-2,9
-1,16,-9,5,-6,-20,-13,9,-17,-1,1,-21
-3,2,-3,-18,-16,-17,1,4,-14,-2,0,5
-15,12,-7,-8,-14,-4,-2,-6,-13,2,-16,-4
-11,10,6,1,-13,-16,3,2,-15,13,-16,6
-10,-8,-7,-13,-11,-10,-2,-5,-13,1,-10,-12
-7,6,4,7,-12,-7,6,14,-5,10,-12,-8
-15,15,-16,11,-4,2,-9,-6,-17,15,7,-10
-11,-8,-3,22,-16,-12,-18,-7,-3,22,-9,19
-5,24,0,7,-14,-4,-14,23,-7,7,-14,17
-6,24,-7,22,-18,21,1,10,-15,4,-1,10
-13,16,-17,6,-4,9,-15,21,-18,3,-4,-10
-16,-6,-2,7,-14,16,-11,18,-12,-2,5,27
0,12,-2,10,-1,5,-12,-2,-3,-1,0,-3
-8,13,-5,8,-16,29,-9,0,0,17,-12,2
-1,15,3,5,-4,-1,2,-8,-16,16,-15,-7
1,16,2,6,5,29,-8,8,-14,18,-16,1
-4,7,-10,25,1,30,7,21,-11,26,-8,13
-9,24,1,4,-14,3,-4,20,-1,25,1,-3
7,16,-11,28,-6,10,5,2,-6,23,-8,-1
4,4,5,-2,1,1,3,5,6,28,-1,16
-2,5,-7,35,-3,34,4,12,4,8,1,21
-3,0,0,0,-7,26,-7,28,-5,12,-15,28
-1,18,-17,30,-8,0,3,28,-1,11,-7,20
-15,-38,-9,-17,-4,-14,-12,-6,1,-20,5,-5
-4,-7,8,1,6,-34,-15,-14,2,0,-7,-2
-10,-3,8,-21,2,-1,-10,0,-7,-8,-4,-8
-7,-25,-15,-6,8,-3,3,-20,3,-11,4,-3
-13,-1,-8,-17,-10,-4,1,-26,-6,-15,-1,-15
-15,3,-6,-31,-3,-9,5,-31,-4,-7,-8,-7
-1,-28,-15,-17,4,4,3,0,5,1,-1,-21
-2,-15,8,-1,-2,-18,7,-21,-2,-19,-5,-28
-12,-16,5,-13,8,6,-16,-30,-4,3,-8,-17
-12,-29,-3,5,-9,-25,-2,8,5,-2,-5,-4
3,-2,7,-10,-8,5,-9,5,-8,10,6,-4
5,10,-5,5,8,-11,4,-11,-5,10,-2,-6
1,-24,-4,5,3,-2,-2,1,6,-12,-11,10
0,-20,-7,4,-12,10,0,2,-5,9,0,-3
3,-8,7,8,-8,14,5,11,-6,13,7,5
-6,-14,-10,11,8,-17,-5,-13,-11,-12,7,10
-13,-5,-7,4,-4,-1,1,-6,-14,-7,-7,4
-5,-8,-8,12,-2,10,8,-17,-2,15,-5,-2
-6,-8,-4,-14,2,-12,-12,16,1,8,6,-10
-12,8,-11,7,-6,-7,-3,-15,-5,2,-10,7
-3,7,-13,2,1,10,-10,8,3,-18,-10,-14
4,2,-14,-13,-16,-1,-4,6,-2,-4,-4,9
-11,-12,-17,-14,-15,1,-7,-10,-11,13,-9,-8
1,19,-3,-5,-16,-7,-5,-14,-3,7,0,11
-16,13,-16,12,-15,-12,0,21,-5,-13,7,23
8,11,-15,0,-16,24,5,8,-8,5,-11,-11
-10,9,7,-10,-4,-8,-5,-3,7,-9,-8,-3
-9,7,-1,-6,-17,-6,-15,15,1,-2,-4,5
0,6,8,16,-16,15,-12,-1,-14,21,0,-10
-11,-2,-9,7,0,9,8,4,-11,10,-5,-7
-7,4,1,6,-15,2,-10,17,-5,-6,-15,9
-7,16,-8,-6,-4,27,7,6,-16,25,-15,17
1,8,-13,5,-14,2,-15,3,6,12,-13,19
-6,13,1,4,0,4,-16,0,-13,2,-9,-5
6,13,2,8,-2,2,-3,28,-13,26,-6,14
4,4,-14,16,-13,9,0,25,4,22,-17,33
-1,-1,5,17,-3,31,8,7,-10,34,4,3
-3,6,-4,14,-14,-1,-11,12,-12,32,-14,20
-13,28,-17,23,6,19,2,38,0,24,-11,0
-6,-7,-15,-7,8,-33,2,-34,0,-35,-5,-21
-8,-2,-11,-21,6,-33,0,-34,-13,1,-9,-16
2,-17,-3,-36,3,-2,-5,-32,-7,-29,-13,-2
-15,-13,-7,-4,-5,-26,-10,-24,0,-29,-15,-1
-12,2,-14,-15,-6,-27,0,-6,0,-33,2,-31
-9,-27,-16,-30,-6,-4,6,-26,-14,-11,2,5
-13,-24,5,0,6,-27,8,-21,9,-18,-13,-17
2,5,-6,-14,-11,-25,-1,-1,3,5,0,-27
4,6,-2,-7,-14,-1,-12,-17,4,5,4,1
2,-28,-8,6,5,3,-15,-7,7,-16,2,-21
-11,-7,-15,-14,1,4,-9,-27,-4,-17,9,-10
-13,-12,6,-19,-4,-6,-1,-26,5,-17,8,4
-7,-11,-9,-1,4,-4,-16,-4,4,-13,-1,8
7,9,-5,-15,-13,-23,-7,-23,-5,-18,3,13
8,-23,9,-10,3,-19,-14,0,-10,11,1,4
-7,-22,-5,-23,4,5,-3,1,-9,-10,3,1
-9,-8,-12,4,-16,-14,-15,6,-14,-16,2,-21
-11,-11,-11,-20,3,-20,-10,14,-1,-18,-8,8
0,-9,0,6,-8,-7,0,10,-4,-17,-9,5
-3,-9,1,16,-4,-3,1,5,-15,-18,6,-8
-14,-12,-2,-3,-11,-9,3,15,-14,12,-5,1
-4,-2,-5,1,-15,-3,-13,21,-11,-4,8,-10
-16,-11,-2,5,-15,-3,4,19,2,-15,0,14
-15,8,9,-14,-1,-6,2,2,-9,13,-16,-7
8,17,-2,-8,-16,12,-8,-10,-5,-13,2,-14
-10,-11,4,15,-16,12,-10,3,-1,25,7,-13
-15,24,3,11,-6,25,-13,23,-14,16,-8,-2
-1,-8,-4,15,1,8,-14,-3,-14,-1,9,-10
-14,-8,-9,7,-1,-7,-14,5,-1,4,-12,-2
-2,1,-12,23,-6,22,-4,-3,-12,-9,9,-6
-3,5,-6,30,6,5,-6,28,5,23,2,12
-12,4,4,8,8,8,7,-3,6,25,-8,13
-6,5,-9,20,-7,0,-11,21,0,19,-8,20
-4,-2,-16,16,-14,2,-16,2,-11,-1,-3,32
8,3,-5,27,-4,21,-3,25,-11,34,-15,-1
5,3,-15,20,0,35,4,21,8,6,-7,3
0,7,-10,0,-2,23,-6,29,5,26,1,8
-5,6,5,21,-1,11,2,33,5,10,-5,15
5,4,-15,5,-10,35,-15,27,-4,6,-13,7
-7,-17,-13,-31,-4,-9,-9,-2,-10,-4,-15,-12
-2,-1,-15,-7,-5,-31,10,-34,6,-24,-7,-32
-13,-32,-12,-26,-1,-30,6,-10,6,-2,-1,2
4,3,8,-27,-15,-22,-2,-9,2,-23,-4,-24
-1,3,-10,-28,8,-29,-8,3,-2,-30,-4,1
-10,-30,3,-8,-6,-31,3,-2,-6,-27,0,-26
2,4,3,-13,-1,-31,8,-14,3,-7,8,-9
-9,-14,10,-10,1,0,2,-22,7,-28,-13,4
-6,2,-7,-24,-7,2,3,-15,8,-3,7,-1
-12,-29,3,6,-15,-17,1,6,3,-18,-4,-17
3,-28,-4,-1,-3,4,-15,8,-9,6,2,6
-12,-26,-14,7,-2,10,9,-1,-1,11,-10,8
4,-22,-1,12,-8,9,-8,7,-2,-14,8,-10
6,6,-6,-2,0,-25,-15,13,-7,-3,9,-8
9,-19,6,-16,-7,-3,5,-13,9,-17,-5,-16
-3,-14,-1,10,6,2,-8,-12,-5,-10,-13,-3
-12,-9,4,5,3,-13,10,-22,-6,-18,-12,5
-13,10,-3,1,2,-20,-13,-4,6,-4,-15,-4
-9,10,2,-16,2,-20,-2,-5,-11,-12,1,1
-14,9,-2,-12,-12,6,-8,1,-15,19,-11,9
-7,15,3,-13,-12,0,2,13,6,0,-14,3
-6,-7,-4,2,-6,6,9,15,10,-17,-14,12
3,4,6,14,0,-11,-1,6,-14,-7,-9,-12
-12,-1,-12,15,-10,13,4,-5,-6,-6,-4,-14
10,21,-8,-12,-9,-10,-3,8,-11,-11,-10,23
-8,-9,-13,-5,-1,0,2,5,-3,2,-13,25
-10,7,-14,4,-7,15,-12,2,-11,23,6,10
-1,-8,-8,-7,4,5,2,-11,-3,20,-11,7
-1,11,0,-5,-1,7,10,20,1,16,7,7
6,-7,0,-3,-10,8,-13,1,-12,-1,5,-2
-13,-7,-4,16,-11,1,-1,3,3,4,-8,26
9,-5,-15,18,-12,17,-8,-1,-8,8,-15,14
-4,5,-1,20,3,9,3,30,2,32,2,12
-4,-1,-12,16,-4,13,7,8,2,21,-1,24
8,2,-15,16,-5,7,6,25,-7,32,-4,0
4,4,-1,4,-3,28,1,24,1,18,-7,11
8,-1,3,28,0,35,-4,24,-6,30,8,-1
-5,8,0,15,3,28,-13,17,-13,17,2,14
0,25,1,17,-14,27,-3,15,-8,7,2,30
-1,-3,-2,-37,5,-1,5,-9,-10,-33,3,-34
-9,-1,-3,-12,-11,-36,0,-14,-6,-37,-4,-25
-10,-26,9,-22,5,2,9,-16,-13,-22,-5,0
-10,2,0,-16,-7,-33,-9,3,7,-29,-9,-29
-12,-1,-6,-22,10,-3,3,-11,-2,-10,-5,4
5,-9,5,-12,0,4,-7,1,5,-8,4,-17
-14,3,9,-20,-2,1,-4,-20,-4,-25,-9,-11
-6,3,10,-31,7,-22,2,-2,0,-1,10,7
-2,2,3,4,11,-16,-12,-8,0,5,10,-27
6,-29,8,7,-6,-18,10,-22,-13,-11,-14,3
-11,-17,-11,-6,5,-25,-6,-3,6,8,0,3
-5,-11,-8,-14,-6,9,3,9,7,-11,1,-24
-11,0,3,-12,5,-19,8,12,-1,2,7,5
-5,-7,8,13,-12,-5,6,3,-5,-6,11,-8
-7,-23,-13,14,10,-14,-6,11,-1,6,-14,-23
-2,-22,7,11,-1,-11,9,-11,10,14,-12,-1
3,-2,1,-11,0,-2,3,-12,3,-2,-9,-21
-7,14,-6,2,1,-3,-2,0,7,1,9,-7
7,2,-4,-13,7,1,-13,10,-10,-9,-1,7
0,-4,-5,0,8,-19,8,-18,4,-2,-8,-16
7,20,6,-13,5,6,-2,-11,6,-2,4,-12
4,9,-2,3,-6,-2,0,-17,6,8,-12,-6
1,21,-9,14,-11,-9,-8,-7,2,2,-4,7
-12,8,5,1,-11,1,-10,-7,-6,4,-11,-5
7,-13,2,8,-14,22,-3,5,-10,22,6,-13
6,17,-12,25,-11,13,1,4,-3,1,6,-11
7,23,6,-10,-7,10,-7,10,1,-1,10,18
7,14,-6,7,-11,4,-13,26,7,9,-8,10
-13,21,-8,4,-9,19,-9,-7,-11,-7,7,10
-4,8,9,21,8,-8,-11,16,-13,27,9,13
-13,8,-9,3,5,4,-5,13,-11,17,6,12
-13,6,-7,8,5,6,-11,11,-4,10,-12,25
-2,8,-7,13,3,32,4,-3,-1,4,5,1
-4,0,-13,16,5,13,8,-2,-3,8,5,22
8,2,-13,28,0,-4,-5,32,7,19,-4,34
1,3,-13,6,-8,17,-12,22,-8,34,1,34
-5,-2,5,24,-13,24,-6,-1,-14,-2,0,8
0,5,-13,5,3,1,-7,26,-13,1,-5,17
-13,18,4,7,-4,32,-11,22,5,12,10,5
8,-20,-8,-25,3,-30,7,-4,-7,-5,7,-5
-13,-31,-2,-30,12,-15,10,-22,-7,-25,-8,-37
-6,-27,0,-18,8,-7,-9,-26,12,-15,-1,-27
6,-25,11,-6,-4,-35,-5,-25,5,-20,3,0
-5,-20,-6,-31,-5,-4,5,-20,-8,-17,11,0
3,-9,2,-3,10,-17,-1,-1,12,0,-6,0
-9,-30,5,-26,2,-4,-9,-1,9,-14,4,-8
-9,-10,9,6,7,-10,-7,-25,-1,-1,12,1
-1,3,1,-18,-1,-30,6,-12,10,-5,-6,-21
0,3,-13,-15,1,-1,-13,6,-10,-29,10,3
-12,-25,11,-16,-2,7,5,-15,-7,8,1,5
-5,1,6,-27,11,-20,-3,-19,-5,-1,7,-16
6,-23,5,-15,-5,12,-10,0,11,-2,3,7
10,13,-12,-21,-9,-19,7,-7,-4,-4,-9,-15
0,-23,-8,13,-8,12,9,-13,8,3,6,5
11,-23,-2,5,7,-17,12,1,6,-19,3,5
-6,-7,5,5,-11,-11,-10,-16,-9,-21,-8,5
-10,-14,12,-19,1,8,-4,11,-13,10,2,1
5,-10,-6,-20,7,-16,4,-8,-4,-9,-6,-8
-9,4,-9,-1,2,2,4,-4,-11,-4,-12,13
-7,10,-2,-15,3,16,3,3,12,7,-8,1
-12,17,-5,-8,0,14,-2,6,-2,-6,-9,-15
7,-13,12,6,-9,18,3,2,-5,1,12,21
-1,4,-6,-5,-5,5,2,20,-13,9,-4,-14
-13,-12,0,9,-12,8,4,18,-7,-11,5,-12
-13,3,1,12,-13,-12,10,25,-5,15,0,-5
-4,-4,10,-12,-2,13,-7,6,-9,20,12,-10
2,18,-9,27,11,22,10,13,-3,7,-9,-6
0,-2,-3,6,-4,17,5,-10,7,7,-10,13
-2,5,5,8,7,-9,-11,29,-13,25,6,1
0,3,-9,4,-7,1,6,12,2,22,7,21
-1,4,11,6,5,-1,-2,1,-4,17,-12,-5
-9,-1,-4,12,-13,0,-10,-6,12,-4,1,12
9,29,-11,16,-4,10,-6,18,6,11,3,22
-11,8,12,0,7,12,-7,0,-3,12,6,17
10,33,-4,12,-6,12,6,12,-13,-1,9,19
12,28,-12,26,-6,5,-7,-1,-11,18,5,28
-3,6,2,6,2,23,-10,2,5,15,3,36
9,26,-11,6,7,10,0,5,-5,31,-3,21
-4,-18,-1,0,12,-8,8,-8,7,-9,9,-25
-2,0,-12,-22,2,-3,-1,-13,11,-6,-8,-13
4,-23,6,-33,12,-23,5,-23,-9,-20,-8,-21
6,-14,13,-17,11,-14,6,-5,12,-1,7,-32
0,-24,-6,-18,6,-34,12,-32,13,-14,-2,-1
-7,5,-2,-21,12,-12,0,-22,-7,-32,1,-3
-6,-11,-2,5,-10,-10,10,5,5,-9,11,-5
0,-1,-12,-21,11,-13,-11,1,8,-23,-5,-18
-2,3,1,5,-5,6,-2,-5,7,-8,13,3
4,1,-6,0,11,-5,1,6,6,-23,6,-7
8,-27,3,6,9,-14,-1,-23,3,5,7,-16
9,-27,-2,-5,6,-19,-12,-4,-2,-27,7,-16
6,7,7,-9,6,9,-4,-26,5,-12,11,-6
-9,-9,7,5,10,13,-11,-2,2,-5,-8,4
11,4,6,-2,10,-6,7,-20,12,-24,7,-18
0,-15,-12,-23,-1,8,2,12,-11,-4,7,5
-11,4,5,5,-12,2,-4,14,-6,-4,6,5
-7,-16,-8,7,-7,-8,-4,3,11,-21,-9,3
4,3,3,15,-2,-1,-10,-7,9,-5,10,11
-8,-15,-12,14,10,17,-5,16,3,-19,8,6
-3,8,-7,-9,1,2,-10,-15,1,6,-4,-6
5,7,13,-6,-1,0,12,16,-12,16,1,21
-6,6,9,2,-8,7,5,4,-10,3,1,2
8,10,8,11,3,11,-6,2,6,5,1,-6
7,13,12,3,-10,16,2,-7,4,2,-6,14
-1,-10,2,4,-7,-3,-6,17,1,7,-11,25
-4,-7,-10,-2,1,24,-11,9,-8,-8,7,3
7,-2,11,-7,-6,-6,-4,21,-5,24,-4,4
-10,27,4,17,-5,-6,-4,-1,3,14,9,-9
-4,4,6,-5,5,18,-11,8,-1,11,-9,7
-8,-2,3,17,-3,29,13,3,1,30,5,6
-7,19,-3,31,9,4,11,3,-5,27,9,12
0,19,-10,-1,13,3,0,25,-9,6,-5,9
9,27,-8,5,-10,-4,-1,7,-2,10,-5,9
3,23,9,15,-3,17,3,11,-10,25,-3,27
6,6,-9,28,5,17,-12,15,10,19,-12,27
-2,0,-5,20,-11,4,-9,9,6,28,4,36
9,4,-7,7,7,18,0,28,2,3,-6,17
10,1,-11,29,-12,23,0,8,-2,5,6,23
-3,-30,14,-11,2,-24,-3,-32,11,0,12,-32
2,-22,1,-33,-4,-37,0,-6,-1,-34,7,-4
0,2,3,-5,-5,-20,2,-6,14,-24,-2,-33
-1,3,-7,1,1,-7,9,-16,12,-9,3,-7
-9,4,9,-5,7,-20,6,-5,13,-22,12,2
7,-16,-7,-26,9,-19,11,3,8,-2,-7,4
4,4,-1,-30,5,-28,-11,-11,13,-2,3,5
3,-1,-2,4,-3,-15,-3,-5,8,-4,2,3
4,0,-11,-12,1,-4,10,-23,-3,-25,-3,4
5,3,-2,7,4,-15,9,-17,-5,9,4,4
3,-8,5,-25,-6,5,4,-18,2,-27,-11,0
-11,-6,12,1,7,-23,-5,-17,11,-1,4,-10
8,-12,-10,-11,2,-13,5,7,8,7,-5,-10
-10,4,4,-2,-4,-24,5,-3,-3,7,-4,5
12,-24,14,-18,7,14,11,6,5,5,-5,-10
14,4,-6,10,11,-14,-11,6,11,-9,7,9
-11,6,-2,-8,8,-5,10,9,4,-2,4,-11
-5,6,-8,-21,8,7,3,-20,-4,0,-8,10
-2,5,-11,-7,3,7,1,-7,4,-5,1,-12
-4,8,-8,-18,-7,10,-5,8,1,-10,-1,-4
-3,-7,-5,4,5,0,-10,20,-2,-13,11,2
9,2,-5,4,5,-8,-11,17,10,-16,0,-15
3,-4,2,-6,6,14,6,6,-10,13,-9,3
-8,3,-3,-8,-2,1,7,12,-6,-10,-4,13
-8,14,-9,6,-5,3,13,-13,-1,-8,-11,8
-9,8,12,-7,5,15,-5,9,-1,16,-11,10
11,13,4,6,-3,2,-6,-11,-8,-1,-4,17
3,-7,11,9,5,-10,-9,3,1,3,-6,25
6,12,10,11,-4,7,3,8,-10,28,6,7
-4,15,14,28,9,27,-2,10,14,18,11,0
0,14,14,23,-10,30,-11,29,-8,28,-7,25
-6,1,-7,24,-1,8,13,20,-10,10,-11,24
6,7,13,24,7,7,-10,1,-5,14,-9,31
12,22,4,4,4,10,6,25,3,8,0,20
9,24,8,4,12,26,5,15,8,10,12,21
-1,-3,-8,34,5,17,5,14,-8,6,9,9
3,25,4,36,0,-2,2,29,13,3,-4,20
9,4,13,3,6,25,4,13,-8,5,-6,21
14,23,13,9,9,20,12,34,-11,18,-9,15
-3,-8,6,-19,5,-6,8,-3,-1,-26,-2,-5
-6,-8,0,-29,15,-29,3,-23,15,-27,11,0
9,-11,8,-4,-1,-31,10,-22,10,-29,6,-28
-10,-13,15,0,6,-16,12,-18,11,-9,-1,-7
0,-8,7,2,12,-19,0,-2,-9,-21,6,-34
5,-7,5,-2,13,-26,-6,-3,-1,-4,15,3
-3,4,6,-3,8,-8,13,-31,6,-22,12,-19
-4,-12,-4,5,10,-20,6,1,11,-2,9,1
0,2,-3,-22,10,-18,14,0,-6,-12,-8,-17
6,4,13,6,13,-1,-9,-13,9,-8,4,1
-6,-2,-2,8,6,-5,-1,3,0,-4,3,-15
-7,0,15,9,12,-3,2,7,10,-6,0,0
9,-26,8,11,-2,-16,2,0,-1,-1,15,-12
8,12,-2,1,11,-23,7,-23,6,-23,-5,-5
1,3,2,-22,12,-21,9,-19,3,-22,-5,5
12,6,14,12,3,-12,14,-19,-1,-10,-2,-10
1,-17,10,1,-9,1,-10,6,6,5,6,-13
8,4,-1,-13,4,-19,9,16,10,6,13,-4
8,4,11,7,10,-3,0,1,-2,7,14,2
3,-5,0,5,9,1,-2,1,9,-10,2,-15
-3,-8,5,2,8,-1,3,-18,-10,-9,3,-16
9,9,5,11,4,2,6,-2,-6,9,9,13
7,-6,-8,7,-4,13,-6,1,-5,-14,12,-6
6,23,-7,-13,4,-1,11,-15,14,13,-7,20
7,17,-7,14,15,16,12,4,-6,-5,5,9
-8,3,-1,24,-4,6,5,6,-6,18,11,-4
3,6,-10,12,-9,23,7,5,-4,-7,7,25
11,22,6,-4,8,1,-2,-3,11,27,12,4
1,24,9,0,0,12,-6,-7,-10,20,2,6
-4,15,8,24,-4,23,9,13,15,26,1,28
-4,5,13,16,-9,26,-9,11,2,10,15,15
2,17,4,17,4,8,-2,10,-2,4,-7,1
-7,-3,4,23,-9,-2,-2,-1,-1,20,5,12
-1,1,5,24,-3,32,-2,26,7,13,-5,9
9,24,15,19,-1,16,-1,-1,5,13,7,12
6,25,-8,-3,5,5,6,-3,5,28,-9,21
3,26,-7,14,7,6,4,4,5,23,-2,20
-1,27,-5,14,11,7,8,36,11,2,7,20
-10,25,6,12,-1,30,-10,10,-8,5,-4,8
2,-1,11,-28,6,-3,8,-24,0,-10,6,-18
12,-16,2,-28,-4,-25,0,-37,-4,-13,9,-6
-1,2,8,-33,0,-12,9,-35,10,-33,-4,-24
-8,-29,9,-23,9,-24,16,-20,15,-21,11,1
2,-8,10,-10,15,-12,13,-30,8,-27,11,-34
5,5,-1,-29,8,-29,3,0,-3,-19,15,-9
-5,-13,-6,-3,-6,1,-8,-26,5,1,1,-32
-3,2,-6,-13,14,-22,-9,1,-7,2,-2,-13
-8,5,7,5,15,-5,-9,-4,1,-3,10,-17
0,-8,9,-1,12,-28,0,-18,-7,-13,10,2
-2,-23,6,5,16,-10,-2,4,8,6,11,7
-1,-10,-9,4,-9,-27,9,-4,7,9,-6,-2
10,6,3,-13,4,-8,6,-13,5,-1,-5,-20
2,-5,8,-12,-9,4,14,-2,-4,-7,-5,-12
3,-17,10,-22,12,13,16,-3,5,-8,0,-3
16,5,13,-9,5,13,-1,-9,14,-4,-4,10
5,6,2,4,-1,-5,15,12,4,0,9,-13
1,4,-5,-6,4,5,5,17,-4,15,2,-21
9,-8,9,-7,8,-8,8,-9,6,-10,2,-15
0,-6,-7,6,16,1,16,-7,-7,-12,6,11
2,18,11,-2,0,8,-2,-14,13,-17,2,-3
4,-13,-8,-14,14,17,-4,6,16,11,16,9
13,-14,8,1,4,1,-2,1,-8,19,-8,-5
8,0,5,7,-7,13,9,6,7,9,-2,-15
2,1,5,-12,9,16,2,-3,7,0,-8,19
15,-10,5,5,16,-8,-8,1,-7,1,4,6
-7,5,3,-9,-4,-5,-8,23,-4,4,13,9
5,7,-7,20,-4,19,-9,6,-4,0,-6,17
-4,10,-2,20,4,-1,8,23,5,1,5,-1
-1,16,-6,24,3,25,-9,6,11,-7,7,14
-3,18,14,3,2,-2,7,29,10,24,11,10
-2,5,3,31,13,27,0,0,7,23,15,-1
-5,24,-1,-4,14,31,12,13,0,14,9,-1
-7,17,2,24,0,3,-5,17,6,16,7,21
-6,16,13,18,-4,-4,5,13,11,22,-9,7
2,3,-4,22,-5,22,6,20,0,-3,-9,9
8,27,15,19,14,15,-8,16,-7,32,0,27
3,5,16,2,3,3,12,2,-5,14,1,0
4,5,0,4,-1,8,-8,8,-7,13,-6,0
-7,-34,-4,-33,12,-31,-6,-26,3,-34,0,-19
1,-17,15,-24,-3,0,-6,-31,8,-5,-2,-5
7,2,8,-11,14,-30,5,-2,9,-23,4,-12
-5,-1,1,-10,17,-28,-8,-16,-1,3,7,-7
-6,-27,15,-16,13,-27,3,-2,2,-4,11,0
-5,3,13,-22,16,-15,15,-7,8,-5,14,-14
10,-14,2,-23,-4,-8,6,-24,1,5,-4,-9
1,-22,-6,6,7,7,7,2,13,-1,15,-28
5,1,1,-30,9,-17,15,-27,2,7,15,-12
-8,-25,17,-5,6,2,13,-25,4,-29,-5,-16
-7,9,11,-8,2,-15,-3,9,-2,-22,8,-3
8,-24,-1,9,4,-20,9,10,3,-22,16,-2
-4,-26,-7,10,3,-23,12,-21,15,-3,-8,-12
0,-3,-7,-5,-1,7,8,9,16,7,-4,13
-2,-24,-8,10,9,11,10,5,-8,-16,-4,2
13,1,3,-7,10,-1,5,-14,-4,6,3,3
15,11,-1,-8,6,-11,-8,11,-5,-15,9,5
-3,-14,15,0,17,12,-1,-21,-7,6,2,-15
-2,5,7,-20,-2,16,5,7,-6,-19,-4,14
11,1,9,14,4,-7,3,18,15,-2,3,9
-6,12,-1,5,-8,10,7,-18,11,-10,1,6
7,4,4,8,-6,6,-1,2,6,-9,12,-4
-7,-8,5,-7,-5,13,-3,-16,12,-4,-8,-10
11,-2,15,-13,-4,11,0,4,-3,20,5,-4
12,23,15,3,-5,8,4,0,2,12,15,-1
-7,-13,-4,-10,12,2,-4,25,8,-4,17,-1
0,-5,10,4,11,-10,-1,16,-6,15,-7,13
-2,-8,-4,11,-4,0,-6,25,-1,-6,-1,26
3,23,-8,-3,0,-1,17,24,-1,-1,8,5
9,3,-5,14,-8,8,2,15,-1,21,14,-7
1,3,-3,30,16,16,13,19,7,-1,-8,17
-4,1,11,25,10,18,8,29,11,11,16,3
13,14,5,15,-2,1,11,-3,10,17,-2,31
6,21,3,17,-6,11,2,-4,8,14,17,0
2,30,-3,17,8,-4,1,11,-2,18,6,2
3,14,10,-1,1,6,1,11,-5,23,-5,17
3,-2,9,17,0,24,0,1,3,27,8,16
5,-1,14,3,2,0,2,32,15,34,15,7
4,4,2,18,4,17,9,16,-2,27,-7,16
1,-1,0,-29,7,-29,-1,-6,4,-12,16,-31
-3,-15,-5,-4,7,-15,0,-28,11,-30,18,-29
5,-14,-7,-24,-5,-1,5,-32,-6,-31,-3,-25
2,3,14,-2,14,-12,8,-29,6,-4,4,-27
-2,3,13,-26,18,-17,15,-1,11,-34,13,-10
1,-10,16,-10,2,-29,-2,0,13,0,5,2
9,-10,11,6,7,3,8,-1,12,-17,7,-10
4,-1,-2,-26,2,5,18,-17,10,-10,-6,-5
10,7,-1,7,14,-2,-5,-2,17,-12,-1,-18
-4,-4,5,-5,1,-26,5,-29,15,-21,0,-9
1,-12,13,-9,-6,-4,0,10,8,-24,13,-24
12,4,6,-3,13,-22,3,10,12,7,0,8
4,-10,-5,-10,-7,-16,-7,-6,0,1,-1,-25
0,6,-1,-8,-1,-14,-1,9,10,0,6,7
6,-17,6,5,12,-1,5,-4,1,-15,-6,12
-4,-13,16,-16,14,-5,-4,4,11,-1,-7,-8
-4,0,5,-6,17,-19,3,0,12,-12,8,-6
6,-9,1,16,-1,-6,5,16,11,-2,-4,1
3,-7,14,0,18,-19,-6,-10,17,-14,5,14
13,-1,3,13,17,-2,3,16,13,-13,16,-4
13,20,-2,5,-3,1,3,-8,3,3,5,2
-7,-16,18,-1,-4,-8,-4,-1,1,-3,-7,2
7,-14,14,19,7,-4,4,9,17,-14,-6,3
0,4,18,-3,-2,17,0,1,7,12,-2,-2
18,18,10,15,-7,-12,2,8,14,-9,-4,5
-7,13,6,14,-7,3,-2,1,0,9,1,25
-5,2,3,-7,17,26,-2,10,-7,0,9,-11
17,21,13,23,12,-1,-4,6,-7,-1,-1,-5
0,10,-2,7,1,19,2,-2,9,7,-2,1
-1,-4,17,-4,13,21,3,10,-6,24,4,1
1,4,1,-7,-1,17,8,21,17,30,10,0
0,4,1,17,-1,30,14,17,4,2,-6,5
11,5,7,-5,14,-1,1,16,16,16,-2,-2
9,21,2,15,13,30,16,26,4,7,4,24
-3,11,-7,5,-6,1,-2,6,2,11,-4,32
3,18,13,19,-2,-2,18,28,1,15,16,27
-1,16,5,8,0,4,9,24,7,17,0,14
0,16,3,18,12,24,0,30,6,14,5,13
-7,12,10,16,3,26,-2,6,9,23,3,25
-3,-5,10,-27,3,-19,19,0,15,-31,16,-31
0,-1,12,-11,-1,-26,0,-37,-4,-20,16,1
-2,-9,-6,0,11,-26,0,-8,-4,-13,15,-30
0,2,9,-3,16,-10,12,-24,-2,-23,17,0
1,4,12,-3,14,-32,13,-15,1,-15,2,-32
6,-7,4,-30,12,-26,4,5,7,-8,0,0
3,-9,19,-15,3,-31,6,-8,-4,-32,3,-32
3,-1,11,-6,6,-4,-4,-10,12,1,15,-8
3,4,4,6,7,8,18,-21,16,0,7,-16
11,6,1,-8,-4,-11,19,-7,11,-14,18,7
16,10,18,9,4,6,7,-8,4,10,12,9
11,6,8,9,-6,0,1,-25,8,4,9,-14
11,4,5,6,6,10,6,9,4,5,0,-19
9,7,-2,-25,-1,-1,-6,-23,7,-22,8,-4
8,12,0,4,-2,-6,2,-8,1,-20,-4,-3
8,-9,1,-3,-4,11,-2,12,12,4,4,-13
0,-8,-2,-1,14,5,2,-15,-5,0,9,-12
12,-5,5,-1,10,-5,15,-1,-2,-1,-3,-19
4,4,4,-5,16,3,2,18,-1,17,7,-20
5,5,10,14,2,16,-1,-12,-3,14,8,-7
-2,-15,3,-9,-6,-11,19,15,9,-2,3,-3
2,2,9,-7,14,16,13,9,19,12,8,9
12,15,19,-7,0,6,-5,13,13,8,6,7
-2,-6,16,-4,10,2,2,12,16,2,13,7
13,23,17,17,11,2,-2,6,9,-13,-4,13
-6,25,12,-5,-6,7,9,9,2,-9,-1,-3
11,9,0,6,19,17,-4,-10,8,-10,0,3
11,21,12,4,5,-7,-1,6,10,27,12,18
-1,13,2,0,1,19,-2,8,-5,5,17,-5
13,10,16,-2,-3,-6,-5,17,-1,11,15,-7
6,4,-1,12,19,11,16,17,11,23,16,6
13,14,-1,11,3,28,14,14,2,-5,15,3
-1,18,12,14,6,-5,7,27,11,-1,-1,-4
1,23,9,16,16,16,3,21,0,-1,-1,12
-1,2,0,23,13,22,-4,29,11,13,14,15
5,10,16,3,14,6,3,1,-6,24,9,-1
8,9,0,3,18,34,14,31,9,0,-4,10
2,26,14,24,0,17,18,27,7,15,13,16
10,35,8,9,0,3,2,18,10,11,7,1
9,-16,9,-11,0,-34,11,-28,5,-24,9,-33
-2,1,-3,-9,11,-16,16,-5,20,-33,11,-31
4,0,11,0,13,-34,10,-2,-3,-1,18,-25
4,2,-1,-22,2,-26,3,-1,20,-29,-3,-17
-2,-32,2,-33,8,1,17,-28,20,-10,17,-30
1,5,16,-30,5,-30,4,0,3,-20,12,-20
7,6,-1,-28,4,-4,14,-25,-5,-31,1,-3
1,-11,11,-16,9,1,16,-26,18,-3,-1,-9
5,-10,14,-1,-1,-23,12,-5,18,-20,6,-6
11,5,-1,-2,5,-2,6,7,10,-23,1,5
13,7,18,8,1,-16,5,2,8,-14,-2,-14
13,5,0,9,15,-2,16,9,8,-16,17,-9
13,-22,4,-2,8,-16,19,-2,15,5,15,-12
8,-2,17,-20,4,-8,9,-12,-5,-14,-2,-14
1,-16,6,-18,-1,9,8,-22,19,-23,17,-12
13,-10,1,-16,10,-3,-1,-16,1,8,16,7
13,-7,-1,-6,10,-6,10,-6,4,-8,2,-12
5,9,16,-20,13,0,0,-2,-1,0,10,-7
0,5,1,-12,6,-6,-4,-16,0,6,16,1
1,-7,1,-9,18,-17,5,-6,11,18,6,-10
1,17,10,-4,15,8,5,-9,-2,-8,9,-11
15,-15,-2,-9,5,3,17,3,-3,20,14,-1
17,15,-5,21,-1,14,2,-1,-4,-5,3,16
19,22,17,16,-2,6,10,10,12,-7,10,4
8,2,20,5,13,4,-2,-6,-4,14,4,-2
18,19,9,-5,11,11,10,11,9,-10,-2,-4
-4,20,20,17,-1,16,17,7,17,9,10,-12
-4,-10,8,15,-3,22,0,10,20,4,0,15
16,24,7,27,-1,28,-2,9,1,11,-1,10
10,13,14,-8,2,19,12,-8,6,8,5,5
-2,-3,11,24,14,-2,9,21,1,24,19,-8
-1,5,-3,17,2,27,17,16,11,24,16,27
2,7,10,-5,9,24,11,25,15,23,10,19
0,4,-5,24,16,28,8,-1,14,-4,11,-2
-1,21,-4,20,14,23,14,13,6,2,-4,19
-2,27,-3,-1,14,27,6,12,3,12,20,6
1,7,-1,32,11,28,-1,4,19,20,-4,15
12,13,18,14,2,9,20,27,8,16,10,4
15,17,-1,30,8,3,-5,3,-5,22,19,11
0,-24,5,-33,8,-33,16,-36,9,-3,11,-23
-1,-14,11,-20,-1,-17,-2,-5,0,-3,20,-28
7,-26,20,-26,5,-26,2,-31,5,-19,21,-12
5,-21,3,3,6,-7,10,-4,18,-33,9,-31
-1,3,-2,-20,6,-29,18,-8,13,-31,1,-29
3,4,12,-25,-3,-21,5,2,6,-32,15,-15
1,-28,4,2,14,-22,0,-8,19,-21,2,-7
1,1,-4,-26,4,-26,3,-21,-1,-26,-2,-8
9,4,18,-5,13,-2,4,-19,21,-22,18,5
10,2,9,-4,-1,3,11,9,17,-20,9,-17
1,1,9,6,12,-21,20,-10,10,8,13,5
11,-12,3,8,1,-1,5,-15,21,9,4,-11
7,-7,15,-7,20,-7,16,11,9,3,21,-7
13,0,4,-11,0,-11,8,0,9,-20,12,-15
1,-13,7,-20,7,-16,7,-2,1,7,12,-2
8,0,15,15,2,0,-4,-9,2,-16,6,-21
3,10,8,-4,-4,-19,11,-19,3,-14,12,7
15,12,1,-19,0,-6,3,-14,-1,2,-2,7
11,11,-1,7,1,-6,16,7,3,9,9,0
1,12,-4,3,-2,-14,8,-7,-1,2,5,-5
9,6,0,-16,17,1,-1,18,18,2,-4,-8
7,18,13,-16,6,-1,7,1,-1,7,1,-10
1,19,10,21,17,-12,19,21,7,-6,2,10
8,19,9,-1,17,20,16,8,2,-13,14,9
11,20,18,-2,11,-3,-3,-5,-3,10,4,4
11,20,16,1,6,8,21,19,11,5,-2,-8
7,19,12,-8,19,19,14,14,9,11,8,-5
6,25,20,-8,12,22,8,12,6,0,3,0
0,10,2,-1,10,-6,0,2,7,8,3,22
11,1,5,12,8,15,2,22,14,15,17,29
16,14,0,27,3,3,15,-6,7,16,9,13
15,15,-3,-5,8,4,16,0,15,21,14,10
5,18,12,0,8,7,19,29,21,24,-4,27
0,30,7,9,3,14,15,7,-3,-2,5,22
0,3,19,5,11,29,4,19,3,29,4,7
0,28,11,1,0,-1,10,12,1,0,8,12
13,9,9,17,4,29,15,30,14,0,-3,6
15,16,-2,29,19,32,7,20,11,18,-4,4
-1,4,-3,37,6,9,13,34,9,6,-3,30
4,-15,1,-19,7,-21,2,-14,12,-11,-2,-23
-2,-4,1,-4,19,-7,7,-26,1,-14,-1,-8
-1,-28,14,1,3,-34,-1,-5,9,-1,22,-21
0,-6,6,-1,22,-32,-3,-26,9,-31,-3,-11
11,0,10,-23,11,-26,-1,1,5,-14,-3,-18
5,-4,14,-15,8,-32,1,-18,11,-21,0,-29
-1,0,4,-21,10,-31,7,-14,13,-24,17,-24
5,-1,13,-18,3,-4,2,-27,4,-21,20,-22
12,5,5,-8,8,-8,-1,-25,17,-8,-1,-30
-3,5,19,-20,8,-8,3,-26,1,-23,22,-22
1,6,22,-3,4,-14,-3,2,0,9,7,-17
7,8,20,-1,20,11,-2,-15,22,10,18,-19
-1,3,13,-16,10,-1,17,-9,20,12,16,-26
16,-9,22,-20,1,-4,16,-16,-2,0,5,2
15,-1,0,14,-1,-9,8,-14,17,-14,-3,-6
5,-14,14,-21,15,-22,12,-5,-2,0,-2,-14
5,-7,19,11,22,3,4,-14,1,5,-3,-15
15,-18,5,8,-1,5,-1,-14,11,-6,9,15
10,1,9,-15,14,2,-2,4,7,-11,19,7
7,-5,1,-10,15,4,16,5,18,2,19,-18
5,6,3,17,14,3,16,-2,-1,-9,13,-11
6,2,19,-15,6,-3,0,-2,-2,13,11,10
6,-9,21,-10,-2,14,16,-16,12,-11,14,-7
22,-13,21,-8,0,4,8,1,0,13,7,-8
-2,24,5,18,2,4,10,-6,4,-14,5,-11
13,8,18,-1,2,6,18,5,20,-10,-3,25
17,23,0,13,2,4,13,0,1,26,14,23
16,24,0,2,-1,21,13,13,1,6,15,10
17,-6,2,16,0,13,22,16,17,28,11,15
16,3,0,-2,4,12,21,11,19,10,3,14
13,29,7,-2,13,17,-3,-2,1,16,9,-2
13,9,9,-7,4,13,1,21,0,22,17,10
3,10,21,20,4,12,11,-3,16,20,12,20
21,19,9,2,19,15,2,11,0,8,16,3
-3,3,18,1,-2,29,0,17,1,6,5,19
4,23,2,19,12,1,9,13,0,32,13,13
3,9,2,32,8,24,15,26,-1,24,1,28
2,11,13,29,2,26,6,0,1,13,18,17
16,18,14,23,8,15,-1,27,10,37,19,24
-1,-31,-1,-37,0,-38,17,-27,3,-24,0,-5
4,-14,17,-33,-1,-34,14,-12,0,-6,6,-9
14,-21,-2,-4,3,-34,0,-36,7,-26,5,-31
9,-10,16,-1,13,-18,1,-23,12,-30,2,1
14,2,14,-33,11,-28,2,-25,9,-34,0,-32
10,3,21,-4,1,-5,6,-12,-2,-20,10,-12
16,6,6,-4,4,-2,2,-13,17,-30,15,4
14,-17,7,-21,3,-9,13,-26,5,-8,1,-1
11,7,2,-22,18,2,13,-4,19,-11,0,-29
15,-3,19,0,20,-21,21,-8,15,-13,8,3
12,-5,-1,-11,9,10,-1,-25,23,4,-2,-15
1,8,18,3,11,-19,1,1,11,-19,9,-13
21,9,13,-24,0,-17,3,-6,18,-25,2,-17
-1,-23,3,3,23,13,6,4,-1,12,2,-24
10,7,12,-8,14,-10,1,10,16,14,16,-13
4,-8,7,-21,1,-12,4,-4,1,-21,-1,5
11,0,14,1,5,1,-1,11,13,1,15,-15
-2,15,11,7,8,9,9,-20,-2,2,-1,10
14,-2,19,-18,-1,16,21,-3,3,12,22,-18
22,7,17,-12,18,-11,12,-14,12,-5,7,-14
15,16,0,-15,2,18,9,15,8,4,18,4
-2,-14,0,17,15,16,0,-16,22,10,22,-2
13,12,17,-1,19,4,16,3,3,-16,0,-13
17,-10,20,0,-2,-6,2,-1,21,17,0,-8
0,6,12,-10,2,-9,21,-5,-2,7,16,1
23,21,13,-5,-1,-12,21,23,4,-5,-2,7
23,21,19,-2,-1,-1,0,17,12,17,23,19
20,13,6,-8,14,15,16,-1,16,18,11,22
13,-8,19,18,0,2,11,11,5,21,16,2
-2,-1,9,14,9,1,11,-6,15,13,23,20
5,-5,0,4,5,8,13,-4,8,4,7,0
5,9,-1,4,14,4,19,23,7,16,18,20
-1,14,0,30,1,21,2,26,7,2,-1,29
20,27,11,11,0,26,0,32,-2,30,22,8
6,27,-2,4,0,33,-2,8,1,23,-1,14
5,5,18,4,15,3,16,15,1,17,-2,1
11,23,12,12,0,34,14,-1,13,24,1,4
3,29,21,37,3,20,0,19,4,22,15,0
17,11,5,31,22,23,1,13,8,4,11,24
20,-35,6,-25,12,-36,12,-16,5,-28,3,-21
17,-7,14,-24,10,-26,13,-21,19,-32,10,-4
18,-2,11,-28,0,-8,10,-27,1,-28,19,-21
14,-11,10,-27,12,-28,0,-22,0,-29,9,-18
5,0,0,-27,15,-21,3,-8,7,-28,14,-28
4,1,1,2,17,-13,2,-13,11,-5,12,-23
7,4,24,-19,4,-12,-1,-5,17,-22,13,-21
1,-28,23,-9,17,-12,4,-13,12,-22,16,-29
10,-9,13,-25,2,-17,3,-3,17,5,24,-8
5,0,7,-14,13,-26,1,-25,7,-21,20,-22
1,7,2,-17,20,6,21,-28,1,-26,16,10
8,-10,10,-6,3,10,-1,-11,12,-20,2,-1
22,-1,10,-15,7,7,17,-20,15,-21,9,-22
20,1,17,-7,17,1,12,-9,21,10,18,11
24,1,23,10,9,-10,-1,0,24,-23,13,10
24,3,-1,12,24,5,4,-21,8,-7,11,9
12,-20,9,13,16,-5,13,-20,16,-20,0,-18
4,-5,-1,17,2,-17,11,-4,4,-15,23,-9
24,17,5,14,11,-17,19,-17,13,3,10,7
22,-15,19,-15,5,-5,10,-19,10,-11,14,17
20,19,2,2,-1,0,10,-12,18,2,8,-1
3,21,1,-6,19,17,6,-12,2,-3,0,5
-1,4,18,-10,17,21,18,15,17,5,1,-6
0,-1,23,0,0,4,18,6,22,15,9,22
13,15,17,9,0,4,11,5,-1,6,0,-7
10,-11,20,12,4,-8,12,19,18,-2,24,-3
15,17,15,22,16,2,8,4,22,9,1,14
7,-11,12,2,1,-3,14,-9,7,-1,6,-9
6,-10,23,18,2,0,18,24,1,2,12,13
9,19,23,14,-1,10,3,-9,6,17,23,23
10,20,12,28,12,24,2,24,22,-3,16,3
23,20,16,0,1,-1,0,18,2,12,15,10
16,-4,9,4,12,10,10,14,10,19,11,4
20,22,20,2,14,17,9,-5,4,23,4,23
24,34,7,23,15,11,23,32,13,14,6,15
3,13,2,6,11,7,15,13,19,27,1,1
5,29,0,33,11,18,4,24,-1,27,-1,33
0,4,6,27,9,22,8,4,0,25,12,28
1,34,1,32,-1,15,17,20,12,18,4,3
17,-34,12,-26,17,-1,17,-12,20,-20,25,-8
17,-20,17,-29,0,-15,25,-1,2,1,5,-12
9,-5,7,1,13,-36,14,-16,5,-15,11,-30
3,-23,21,-9,24,2,25,-28,24,-12,7,1
20,-11,19,-16,16,1,6,-8,4,-32,10,-6
20,-2,19,0,25,4,12,-15,19,5,0,-33
23,-30,6,-2,1,0,24,6,2,4,5,-1
15,-11,0,-25,4,-27,3,-8,0,6,10,-22
5,3,2,-21,3,1,6,-1,7,-13,12,-4
13,-3,5,3,18,3,9,-23,2,-8,14,-9
4,-27,1,-18,3,-11,10,-26,0,-24,2,8
2,-14,3,7,2,-2,12,1,12,11,9,6
24,-1,20,-5,16,-23,9,12,14,-9,9,-10
25,11,20,11,13,3,25,-24,21,-25,21,-10
9,3,19,1,17,-19,18,1,25,2,16,12
5,-22,24,-7,18,10,14,1,17,-4,7,4
2,-4,10,-18,7,16,14,-12,8,-15,23,15
3,0,22,-3,20,-2,10,-4,16,1,11,-18
23,11,9,10,17,3,0,-15,7,-18,25,-7
16,1,12,-4,7,8,13,0,6,-19,6,0
3,-1,15,1,3,20,15,2,12,8,14,-3
6,-11,9,5,10,1,20,5,0,19,0,-14
21,14,15,-1,17,13,0,-16,5,11,19,-7
9,-13,14,13,13,4,20,16,24,2,25,-4
17,-13,3,1,8,9,4,22,16,-10,3,-11
12,-13,16,1,20,5,3,16,10,-5,7,-5
8,-10,25,16,0,-1,14,9,6,14,21,-12
19,18,6,9,9,20,1,-10,7,-10,21,1
14,-5,21,5,13,17,1,-8,0,-4,1,17
13,-3,12,27,16,18,13,9,0,5,22,-3
10,-2,20,-5,5,15,4,15,5,17,2,6
22,-2,17,8,18,9,12,-2,23,22,12,-6
19,-4,16,10,1,1,3,-4,2,5,4,15
0,8,6,-2,15,14,2,25,12,11,8,16
0,25,20,-3,1,-4,0,0,1,0,10,14
9,32,8,2,0,30,2,8,6,25,9,34
16,23,1,25,8,20,11,5,1,14,8,29
4,31,11,14,12,8,6,1,15,28,15,26
14,35,21,17,16,12,4,11,14,6,13,25
