-11,-7,-26,-6,-5,-13,-12,-14,-24,-34,-16,-24
-10,-27,-15,0,-18,-1,-2,-15,-6,-33,-11,-3
-12,-9,-3,-18,-22,1,-10,-30,-23,-18,-23,-24
-9,-23,-5,2,-15,-18,-9,-10,-26,0,-22,-28
-12,-6,-17,-30,-26,-29,-13,4,-3,-26,-11,-4
-12,-7,0,-2,-3,-12,-5,-26,-14,-12,-10,-8
-11,-24,-4,0,-1,-30,-4,5,-7,3,-5,-17
-5,-20,-8,1,-7,-1,-11,-28,-5,-22,-6,1
-4,-21,-3,0,-6,-4,-1,0,-15,-15,0,-7
-2,-26,-3,-6,-3,2,-8,3,-1,0,-1,-16
-11,-18,-4,10,-6,-14,-23,-22,-7,-8,-7,-16
-1,-24,-6,7,0,-13,-8,-2,-8,4,-4,-25
-2,-21,-9,3,-23,-4,-4,4,-8,-17,-25,-21
0,-20,-23,-13,-12,-20,-24,10,-7,-6,-10,-5
-9,14,-23,6,-4,8,-11,6,-3,-11,-10,14
-6,-9,-5,5,0,-21,-25,-21,-5,-18,-24,-2
-21,-6,-8,-12,-7,-5,-25,-19,-6,12,-7,-7
-1,-13,-25,8,-7,2,-9,7,-16,16,-23,-10
-11,9,-22,-7,-1,-6,-6,1,-10,-17,0,5
0,-11,-2,8,-9,-4,-15,15,-17,12,-1,14
-12,-9,-22,2,0,-14,-25,11,-25,-9,-16,-10
-9,19,-15,-3,-1,-8,-4,-9,-10,9,-11,-13
-11,-1,-10,5,-23,11,-6,22,-2,12,-8,12
-11,-1,-10,-11,-21,17,-13,-11,-14,3,-9,-4
-2,-7,-3,7,-1,5,-3,-3,-25,14,-15,-2
-21,4,-15,5,-3,20,-5,23,-16,14,-10,20
-21,8,-4,-3,-2,15,-23,11,-1,0,-2,4
-11,22,-1,-8,-8,0,-15,14,-15,2,-11,24
-11,24,-1,2,-16,9,-12,23,-3,-7,0,-8
-4,-7,-7,8,0,17,-8,28,-17,12,-1,11
-12,22,-15,3,-19,8,-11,-4,-9,11,-5,8
-5,-4,-24,6,-1,10,-4,-5,-5,-1,-17,18
-10,-2,-25,-1,-8,20,-7,29,-5,-3,-24,-2
-10,-3,-1,14,-7,29,-9,29,0,17,-2,3
-7,2,-24,22,-1,0,-1,-2,-15,21,-23,27
-12,29,-24,2,-16,13,-1,3,-2,20,-11,26
-12,1,-2,0,-5,16,-15,26,-23,5,-14,12
-2,-30,0,-1,-9,-23,-1,-25,-9,-2,-12,-31
-7,-18,-4,-6,1,-21,-6,-5,-22,-24,-5,-22
-10,-10,-14,-17,-3,-2,1,-3,-14,-19,-7,-30
-9,0,0,-17,-16,-8,-25,-9,-3,-6,-25,1
-7,-16,-14,-18,-1,-8,-5,-10,-9,4,-2,-25
-9,-21,-5,-8,-3,5,-22,-28,1,5,-2,-22
-9,-19,-4,2,-14,-24,-7,3,-9,-5,1,-17
-5,-18,0,-2,-5,-28,-1,-7,-14,-29,-2,-16
-3,-5,-8,3,-14,-20,-4,-17,-4,-17,-8,-3
0,-22,0,5,-6,-11,1,-25,-15,6,-11,-27
1,-22,-24,5,-3,3,-25,2,-3,5,0,-11
-1,-19,-13,-4,-14,-24,-25,4,0,-17,-23,-7
-6,-10,-21,3,1,9,-20,-20,-13,-3,-14,-5
-3,-11,-3,5,0,-18,1,-12,-9,6,-18,13
-8,-9,-22,4,1,-7,-5,9,-4,-17,-4,-6
-1,-11,-6,-2,-14,-12,-22,-19,1,4,-21,7
-7,-2,-16,0,1,7,-22,2,-4,-5,0,-12
0,-10,-8,-12,-6,17,-11,13,-2,-15,1,-9
1,-9,-7,16,-21,8,-1,-6,-8,2,-13,-3
-7,16,-7,15,-3,16,-13,2,-15,-16,-10,5
1,19,-14,-15,-2,16,0,9,-22,15,-3,1
-3,-2,-5,20,-5,10,-7,13,0,-9,0,-10
-7,21,-16,13,-7,9,-2,-2,-13,19,-1,-7
-8,20,-5,-9,-5,21,-4,17,-2,6,-25,-2
-12,8,-13,7,1,6,-24,22,-8,22,-2,8
-3,-1,-23,-11,-5,18,-22,-11,-8,13,-6,15
-3,-1,-1,-4,-15,6,-3,4,-2,4,-23,21
-9,25,-14,10,-1,4,-3,18,-1,-2,-16,11
-19,6,-9,14,-4,25,-14,25,-19,-7,-2,2
-9,29,-4,-2,-5,25,-21,26,-22,5,-14,20
-11,21,1,8,1,14,-4,14,-22,-6,1,28
-7,9,-6,11,0,30,-25,22,-5,20,-15,17
-22,17,-13,13,-14,1,-22,9,-20,26,-2,-3
-24,17,-4,-1,-10,23,0,5,0,16,-1,21
-12,12,-6,18,-1,28,1,31,-23,23,-4,32
-7,11,-1,15,0,13,-4,2,-22,18,-3,14
-10,1,1,4,-4,15,-5,10,0,2,-5,27
-1,-34,-15,-2,-3,-2,1,-2,-8,-28,-22,-26
-5,-23,-14,-4,-22,-8,-3,-6,-24,1,-21,-23
-18,-15,0,-11,-5,-20,-18,-32,-10,-5,-14,-4
-11,-15,-21,1,-15,3,-13,-4,0,2,-2,-15
-7,3,-13,-3,-8,-21,-13,-12,-18,-20,-23,-5
-9,-5,-13,-11,-15,-2,-13,-17,-14,0,-13,-19
-8,1,1,-17,-3,-8,-13,-28,-24,-9,-3,-22
-8,1,1,-5,-15,-6,0,-12,-20,-19,1,6
-10,-5,-10,7,-4,-23,-8,3,-1,-6,-6,-3
-6,9,-4,0,1,6,-24,-11,1,-18,-4,-5
-8,1,-12,3,0,0,0,-11,2,-3,-8,-16
-9,-3,-5,5,-19,-22,-24,-4,-8,-18,-23,-8
-1,-13,-3,3,1,4,-20,10,-20,5,-7,6
-8,5,-15,-8,0,-2,-21,13,-21,-8,-15,8
-1,7,-3,-6,1,-6,-11,-16,0,-10,-1,-17
0,-10,2,10,1,-8,-15,4,-20,15,-8,-17
-2,-6,-10,11,-4,1,-19,-17,-1,-11,-23,11
-5,17,-23,9,2,-9,0,6,0,-4,-8,9
-5,14,-7,11,-3,-14,1,0,-2,-10,-8,-17
-1,13,-2,1,2,-9,-21,-6,-1,-7,-6,-8
-6,15,-11,20,1,-5,1,-6,-13,4,-1,-13
-8,0,0,0,-21,19,1,4,-4,-7,-8,-10
-5,20,-1,19,-2,17,-2,2,-3,-8,1,12
-4,1,-9,-10,-22,-9,-1,-7,-2,20,-2,-1
-1,-2,-13,9,-4,-10,-8,18,-12,8,-10,15
-9,12,0,6,2,-7,-9,-8,-14,2,-4,22
-9,15,-4,8,-1,8,-3,22,0,13,-9,-1
-8,0,2,16,-5,26,-2,-5,-8,-6,-7,15
-1,-4,-13,-1,-4,22,-5,10,-21,19,-6,19
-1,-7,-6,-1,-23,24,-1,9,0,-5,-4,4
-4,-1,-3,-5,-24,26,-24,11,-10,28,-21,-4
-2,-3,2,1,1,16,-21,23,-12,3,-6,27
-22,15,-1,5,-22,7,2,3,1,-3,-14,22
-4,-2,-22,9,-5,14,-1,1,2,24,-19,1
-21,21,-4,4,-5,28,2,7,-8,20,-3,2
-10,2,-13,17,-21,22,-1,21,-13,17,-12,7
-21,16,-14,6,-24,35,1,22,1,15,0,1
-2,-25,-11,-24,-12,-25,-6,-9,-22,-7,0,-10
-19,-19,-12,-2,-20,-13,-1,-1,-6,-9,-13,-10
0,-29,-14,2,-23,-12,2,-20,-4,-22,-4,1
-8,-5,-5,-9,-22,2,1,-19,-6,-30,2,-4
-2,-20,-3,-6,-18,-19,-12,-10,-8,2,-22,-20
1,-23,-12,-29,-23,-13,2,-1,0,0,-3,-24
-8,-9,-9,-1,-12,0,-12,-24,0,-13,-5,-13
-2,4,-13,-29,-20,-16,-2,-27,-5,-26,-20,6
-2,8,-14,-22,-22,-17,-21,-16,-12,-20,-23,3
1,-12,-14,-11,1,-9,-22,-2,-6,-21,-11,0
-3,4,-1,-23,-12,-26,-3,-21,-7,2,-20,-15
0,0,-1,9,2,-6,-1,-16,0,3,-1,9
-1,-8,-1,-24,-5,4,-9,0,-7,-8,1,-1
2,12,3,-5,-20,1,-20,0,-6,8,0,-6
-2,-6,-12,14,3,-9,-4,10,-20,0,-1,-12
0,-8,-23,-18,-2,-4,3,13,-4,7,-3,15
-3,-5,3,2,-23,13,-6,8,-1,-5,-4,-5
-6,8,-12,-16,3,-3,-2,-18,-23,-19,-4,15
-1,16,-6,4,-1,16,-19,14,-19,-11,-3,10
2,16,-11,-14,-12,-7,-6,12,-1,-1,2,17
-1,17,-12,-6,-23,14,0,5,3,-12,-10,-4
-1,11,-3,19,-1,1,-11,12,-3,20,-20,2
1,-2,3,2,-2,14,-8,22,0,-9,-12,18
-7,11,2,8,-20,18,-19,-10,-20,11,-7,12
-7,13,-2,8,1,-2,1,11,-2,20,3,-10
-7,15,-19,17,-2,20,-2,25,-3,4,-20,22
0,-2,-3,19,-23,1,-11,3,-1,20,-3,8
-19,9,-13,-7,2,17,-21,5,-1,23,-4,23
-8,22,1,-5,-3,20,3,15,-21,20,-5,-1
-3,1,3,3,-14,6,1,-3,0,-7,-21,21
-9,0,2,12,3,-5,-3,29,-4,26,2,22
-20,15,-10,1,-4,26,-20,29,-12,5,-7,19
-3,-2,-22,20,2,4,-5,25,-1,32,-21,1
-21,14,3,4,-5,22,3,27,-22,18,-2,26
-10,11,-3,23,1,14,-7,33,-2,20,-7,4
-10,11,3,27,3,4,-7,8,-3,3,-12,20
-6,6,-2,15,-23,0,-23,33,0,7,0,16
3,-36,1,-5,-2,-1,-6,-29,2,-23,-1,-13
4,-33,-8,-33,-2,-8,-6,-30,1,-22,-8,-3
2,-32,0,-3,-8,-17,3,-18,-11,-13,-19,-12
4,-33,-2,-13,2,-11,-11,-6,-7,-25,0,3
0,-24,-15,-4,-3,-3,-11,3,1,3,-3,-3
3,-29,-10,-6,3,-27,-11,5,-22,-4,-11,-14
-18,-11,2,2,-7,-27,-11,-5,-11,-8,-3,6
4,-24,1,-26,-22,7,-8,-2,-22,-7,-21,-7
-3,-2,1,-6,1,-27,-20,1,-22,1,-12,-27
-4,7,-4,-6,-10,-21,-11,-9,-5,8,3,-6
-2,6,-22,9,-11,-1,-18,4,-13,10,2,5
-3,-8,3,-18,-17,-23,2,4,0,1,4,5
0,7,-22,-20,-11,-4,-9,7,-3,-10,-7,-3
2,9,-2,13,-2,-12,-2,-14,-1,1,-6,-2
-2,7,-21,3,-22,-16,-8,6,-12,8,-4,-7
4,-6,-11,-15,-4,0,-3,-19,4,-21,-8,7
3,-6,-12,12,0,7,-7,-8,-22,-11,-11,-17
3,6,2,-12,-22,-17,4,0,-4,-6,-18,7
3,9,-18,4,-22,11,0,-6,-7,8,-21,-11
0,11,3,3,-2,-3,-21,-12,-10,11,-10,-14
-1,18,4,3,-19,19,-17,7,3,-5,0,-11
0,6,-18,-12,-4,-5,-18,14,-17,-11,-6,-15
3,17,-3,22,-2,-11,-19,5,3,8,-11,0
-4,17,1,16,-22,21,-19,11,2,12,-18,16
4,22,2,0,-18,16,-19,3,-20,23,-20,-12
-1,2,1,7,2,20,1,13,-6,21,-10,15
-6,22,-5,0,-3,23,1,13,-2,1,-15,22
-5,3,-4,27,3,0,-3,6,-12,-3,0,20
-6,27,0,9,-1,24,-2,3,-4,22,1,17
-1,1,-14,13,-18,14,1,1,2,4,-12,4
0,-2,-21,-5,-1,-4,-2,27,-21,14,-5,21
-20,13,1,29,-22,22,-19,25,-21,22,2,6
-1,0,-11,27,-21,26,0,27,-9,32,4,4
-6,2,4,9,2,26,1,4,-22,25,0,5
-21,17,-21,15,-19,24,0,11,-12,13,2,27
-8,1,4,10,-13,14,-18,6,3,3,-2,28
-3,2,1,12,-2,31,-2,23,-22,14,-3,33
4,-29,-20,0,-11,-18,-12,-10,-6,-32,-15,-13
0,-20,-9,-25,-12,-7,-11,-34,-3,1,5,-6
5,-8,-2,-29,-6,-28,-9,-27,-16,-8,-4,-29
1,-16,-16,-32,-16,-12,-21,-33,-3,-15,-9,-28
5,-20,-18,-9,-20,-24,2,-17,2,-20,-13,-7
5,2,1,-27,-15,-31,-1,-14,-11,-13,-7,-22
-4,2,-21,2,0,-21,-2,-10,-6,2,-11,-21
5,-19,-18,-15,5,-8,-7,6,-17,-28,-1,-3
2,0,-19,6,-12,-4,2,-23,-19,-7,-11,-5
-1,6,-9,4,-12,4,-5,7,-12,-22,-19,-13
2,1,-1,2,-17,6,3,0,-3,-4,-11,-21
1,-10,-4,7,-20,-5,-2,11,-14,1,-1,-25
-1,10,1,-23,-17,12,-16,-24,-18,-7,-10,11
1,7,-9,4,-19,-21,5,3,3,-19,5,-1
2,10,-17,10,-17,7,-9,-8,-1,-2,-7,-12
-2,9,4,7,-21,5,-12,12,-3,12,4,-1
5,4,-20,-1,-21,-8,-13,13,-2,-4,-5,-13
3,6,-5,4,4,4,-17,17,-19,-12,-21,16
4,6,-10,8,3,5,-18,11,-12,-16,-19,5
5,3,0,2,-5,-7,-4,17,0,6,-19,-5
4,0,-18,11,-11,-5,-6,1,-19,20,1,-5
5,15,3,-2,4,15,-6,19,-17,13,-10,18
2,21,4,-10,5,3,-6,13,-1,22,-21,22
-5,10,-18,12,3,4,-5,-3,-11,19,-1,7
-4,17,-1,-9,-20,-2,-2,23,-2,19,-7,21
-5,18,-21,6,3,4,-4,3,-1,19,-19,6
1,14,-9,8,-10,4,4,3,5,20,2,9
-17,8,-12,16,-10,-2,-20,4,0,3,5,-5
-2,3,-20,18,4,-5,5,-4,-18,6,2,27
-17,13,0,-4,0,22,5,-4,-21,5,5,19
-1,-2,3,20,3,8,-2,10,5,7,-10,16
-5,1,4,31,-12,16,-21,30,5,3,-10,15
-4,3,-18,-3,4,20,-20,20,4,-1,-18,9
-7,2,-10,-3,3,25,-12,17,-4,5,-18,22
-5,2,4,29,-1,-2,4,21,-21,9,-1,13
-18,16,-6,1,1,16,2,0,-15,3,2,21
-6,4,-6,1,3,11,3,0,5,17,-6,7
-1,-8,1,-6,-16,-27,-10,-30,-16,-18,0,-22
5,-13,2,-13,-11,-23,4,-32,-6,-26,-20,-10
4,-1,-2,-27,-19,-11,-9,-23,-13,-25,-20,-11
1,-2,-2,0,6,-5,-20,-15,-4,-12,6,2
5,-17,-10,-14,6,-1,-11,-26,-10,2,-10,-15
-3,-5,-12,5,5,3,-10,-7,3,-1,5,-6
6,1,3,-26,-14,-8,-7,-5,-7,-30,-6,-28
3,5,-8,-28,-12,-11,-3,-22,-10,-9,4,4
5,-2,3,-1,2,-3,-5,-19,-20,4,-18,7
5,-19,-4,-16,-16,7,-15,-14,-6,-11,-11,8
1,-16,-2,-25,-17,-18,-8,-17,-12,-23,-13,8
-5,-18,-8,3,-11,-21,-6,-4,-1,-10,-5,-1
4,-15,-1,1,-8,-14,-19,-16,-6,-13,0,-1
-4,-2,-5,1,-8,8,-14,4,-2,-15,-10,-3
3,9,-13,9,-6,-20,-7,-1,-2,4,-10,-6
6,1,-17,10,-9,-3,-16,6,-11,9,-16,-19
6,-4,-3,15,-17,13,-5,3,2,-6,1,-8
0,8,-9,-4,-5,-15,-6,14,1,-3,0,-15
1,0,-2,-16,5,-8,-19,-7,5,3,-19,16
0,0,-8,7,-9,-5,-18,-11,-9,-1,-6,18
5,5,-1,18,0,7,1,-12,-16,-12,6,-10
6,2,3,-2,0,7,1,-1,4,-1,-8,10
3,1,6,-12,6,20,-8,2,-5,-11,4,-6
5,-1,-15,15,3,-5,-2,19,-6,2,-1,-7
6,-1,-18,18,0,7,-4,13,-10,-1,-1,-4
6,-4,-16,-10,-10,4,-2,14,0,22,1,14
-1,3,-9,-6,1,1,5,2,-10,14,6,14
4,-9,4,-1,-19,25,6,13,-9,-6,-10,-7
3,-7,1,26,3,2,-17,10,0,18,-1,6
-17,12,-18,8,-15,-3,2,26,-20,16,5,0
-14,12,-16,11,4,1,-4,2,5,7,-3,20
-15,7,-4,-1,2,2,6,3,1,4,3,13
-2,9,-19,14,4,1,3,-1,-10,4,1,23
-6,26,-9,8,2,1,3,-3,1,24,5,0
-17,22,-9,23,-20,11,-5,31,-17,21,-19,31
-19,16,-3,22,6,31,-17,16,-11,24,3,13
-17,26,-8,15,-16,3,-11,13,5,7,-19,11
7,-9,-5,-18,-18,-31,-11,-4,-14,-29,6,-6
2,-11,-4,-20,-7,-35,-11,-21,-7,-26,-8,-26
3,-5,-7,0,4,-4,-8,-15,-16,-1,-9,-19
3,-1,-4,2,7,-7,-2,-28,3,-14,3,-7
2,-15,-7,-27,6,-1,-4,-8,-10,-10,1,-1
7,-18,-19,2,-5,-13,-15,-30,3,-29,-15,5
2,0,-9,5,-17,-11,-3,-4,-8,-25,-9,5
4,-12,0,3,-1,-25,-10,7,6,-1,7,7
6,-11,6,2,1,-22,-17,4,-1,-27,2,-11
-3,-10,-6,-3,-2,6,0,-5,-15,-19,6,-3
2,-3,-12,-3,-17,-2,-4,-18,-4,-9,-5,-10
2,-6,3,-13,-3,2,-18,-19,-1,-15,3,-23
7,-6,-2,-13,-14,5,-2,-12,-4,-6,-7,-4
6,-10,0,-11,-13,5,-5,-10,-11,-8,-17,13
3,13,-3,-22,-9,12,-14,8,-3,-9,-19,-19
-2,9,4,-14,0,5,-12,-7,-1,2,-6,3
1,8,-6,-12,-1,-15,-6,7,-12,13,-6,15
-1,8,-5,17,-11,-12,-4,-4,-17,-19,-17,-6
5,-1,-18,12,-1,-2,-9,9,-8,-14,-18,14
6,3,2,1,-9,-17,3,7,-11,13,-1,17
5,13,3,17,-19,15,-15,-11,-18,9,7,9
5,1,-2,2,2,-12,6,-13,-9,-11,2,0
7,0,-7,16,1,3,-3,0,6,19,4,-14
6,21,-18,-8,-8,3,-1,13,1,9,6,-9
2,2,-15,-5,-4,-12,4,22,-1,20,-5,19
-4,-2,-9,0,-4,-10,5,-2,-1,13,-16,17
3,-4,3,3,-1,22,5,6,-10,18,1,22
0,1,-6,25,2,-1,-16,1,-17,18,4,19
2,-3,1,9,4,25,6,21,-12,9,0,17
-14,13,5,3,-12,21,-3,25,-5,29,-8,1
1,-6,-8,2,-3,-4,5,4,0,14,-8,-1
-4,-3,3,9,-4,22,3,-2,5,-2,-16,21
-17,12,5,-2,-2,28,-17,31,7,-1,1,2
-2,2,-8,25,-2,20,6,18,0,0,-9,5
-15,26,-11,26,-2,23,-19,11,-2,19,-4,1
-18,15,1,4,-3,3,4,34,-17,21,-2,28
-17,25,5,9,-7,28,-16,20,6,20,-7,21
5,-10,4,-17,4,-33,-14,-17,5,-15,1,-29
2,0,-15,-2,-15,-16,3,-26,-10,-13,0,-11
7,-4,-7,0,3,-27,-14,-13,-6,-12,-9,-26
2,-17,-18,-11,-7,-20,-4,-4,1,-4,7,-33
7,-4,-17,-3,5,-16,-1,4,-17,-19,-6,-14
0,-2,-18,-2,-9,-11,-9,-8,3,-1,8,-30
6,-16,-4,-5,4,-22,-5,-23,1,5,7,2
6,2,-9,-26,3,-16,-13,-18,0,-1,1,-13
8,-9,8,6,-13,-27,5,-15,-16,3,7,-9
7,-9,-18,7,-6,5,-16,4,-15,-9,2,-6
5,-5,-1,-12,5,-9,3,-4,7,-21,-7,-22
4,-5,-9,-7,-11,-9,3,-2,6,-9,2,10
6,-5,-9,2,-18,-16,-4,-23,4,10,-3,6
2,0,0,2,7,-3,-17,-13,-9,-20,-4,13
-13,-5,-8,14,-9,12,-11,2,-1,-13,-3,-22
-4,-12,-9,-11,-12,5,-18,-14,-15,8,-3,13
6,14,-1,1,0,-17,-2,-17,-2,-5,-14,-1
0,7,-8,-2,-10,12,0,-14,1,6,6,1
1,4,4,-2,-14,-17,-4,-2,3,2,-3,-14
1,2,-5,-5,-1,12,-6,5,-13,-2,7,0
3,6,-10,-4,-13,9,7,-9,-17,-13,3,-14
6,13,-8,-5,-14,8,-1,7,-9,-1,-16,-11
7,18,-13,8,-16,-11,6,16,-8,-2,6,5
-1,18,1,1,4,7,2,19,3,4,8,4
7,-9,6,16,-16,-7,-18,-8,-13,-12,6,23
2,-4,-6,0,-16,24,4,-10,7,15,-1,-8
-13,0,-15,-8,-7,14,4,-8,4,8,5,-4
-14,5,-11,13,2,9,-6,16,4,-4,4,18
-16,13,4,3,4,1,-6,15,-4,25,5,4
-5,15,-9,6,2,3,0,15,-2,-5,-14,11
-16,17,7,-3,-15,23,-6,12,-7,24,-15,0
-4,28,7,21,-16,25,-4,-1,7,12,-11,-3
-16,22,3,29,-18,17,-18,-2,2,13,0,31
-15,29,-15,0,4,15,-15,5,-15,29,0,28
-15,32,-2,25,4,11,-2,0,-16,11,-2,25
-18,24,-8,4,5,1,7,32,-17,29,-10,31
-18,31,3,24,4,0,-3,18,-1,19,7,1
9,-28,-7,-11,4,0,5,-29,-8,-4,-16,-26
2,-19,6,-20,5,0,-17,-29,-3,-34,-13,-25
6,-22,6,-14,7,-15,8,-19,8,-22,5,-27
2,2,-2,1,-17,-23,3,-5,3,-20,9,0
8,-21,3,-8,7,-20,4,-5,8,-16,4,-25
-1,-17,6,-8,8,-4,2,3,0,-3,9,-22
8,-1,7,-10,8,-29,-1,-7,-6,5,-14,-29
7,-5,-13,-19,9,-7,5,-14,-1,-24,7,-13
6,-6,3,3,-17,-21,8,-17,-1,3,0,-9
2,-9,-16,7,-2,-6,7,-26,4,-17,-14,-19
-11,-11,4,-20,-14,-5,9,-8,-15,-23,-17,-5
4,4,-8,7,-2,6,-8,-14,-13,-2,4,-22
7,-2,-7,4,-14,-23,-3,-12,-13,-21,-5,-7
0,2,3,-11,-3,12,-9,-19,-12,-10,4,-18
4,-1,-4,1,-3,11,-10,1,-11,14,-17,6
0,-6,-7,3,0,1,-5,-19,-5,13,-3,9
7,15,-8,-1,9,5,0,5,0,5,5,-4
0,-3,3,-17,5,9,-6,12,-16,15,-14,15
3,4,9,15,7,-9,3,16,-1,9,4,12
3,4,-1,-3,7,-14,-1,5,-5,0,-5,-1
4,4,1,-2,5,-10,-17,-1,1,3,2,12
7,5,3,-1,5,7,-13,-13,-1,-11,2,-15
2,15,3,-7,3,2,9,18,7,3,2,4
2,18,1,-10,-15,0,2,1,-2,22,8,20
-3,-4,-8,11,-5,-10,-4,-11,-16,-12,7,24
6,-4,-8,-7,-1,17,-16,17,-8,-3,-1,19
1,5,-8,2,6,-10,4,6,-8,-4,-17,6
-13,12,-8,5,3,-2,-13,9,-3,-4,4,-8
-2,28,6,24,6,14,-17,22,-16,-6,9,7
4,-7,1,28,-15,10,-17,7,-15,7,-15,-1
-11,5,6,8,-9,27,-7,-3,-13,26,1,22
-2,-5,-15,9,3,10,6,21,-1,6,6,-1
-15,20,-8,-3,1,30,9,13,4,32,7,-4
2,-3,5,23,4,9,5,8,9,8,-16,23
-14,11,4,12,-16,11,-15,8,6,6,-1,31
-15,33,3,10,-2,24,2,7,-17,2,8,8
-13,25,2,21,-7,6,-3,14,-3,18,-11,29
4,-23,-8,-23,7,-15,-14,-17,0,-10,-10,-35
1,-11,-14,-15,-8,-19,8,0,-4,0,-8,-15
7,-1,-2,-28,9,-5,-8,-33,-2,-7,0,-17
9,3,10,-33,-14,0,4,-26,-15,-11,8,-6
3,-5,-14,3,-13,-4,6,-24,-4,0,-12,-5
1,-3,-4,-9,9,-6,10,-21,6,-2,7,-29
7,-16,-4,3,-12,-26,-16,-7,7,-15,6,3
6,-11,-1,-6,3,5,0,-5,-11,-27,-4,-15
8,-2,0,2,1,0,7,-10,-12,-1,0,-26
7,-9,-14,-4,7,-13,5,-8,8,-5,10,-24
3,-3,-11,-14,1,4,-14,10,-7,-16,-14,1
10,3,-4,-11,-8,10,-2,-6,-8,-20,-5,-23
7,-5,-16,-4,2,-7,1,-14,-15,-14,-13,6
5,3,-7,-14,-8,-15,-11,13,-4,4,-1,-11
2,2,-11,3,-11,-17,-10,-12,-9,-11,-3,-20
0,-3,8,13,-8,-6,8,7,-14,-2,-11,-20
2,5,-12,11,3,5,-9,-8,-9,12,-14,4
7,1,-8,-15,0,4,-9,-11,-11,17,-10,11
8,9,5,-1,-10,2,3,-15,-2,-16,-2,3
5,11,-15,15,-12,0,-10,-9,-14,-8,-6,4
1,-2,-6,-4,-2,11,-11,-11,-5,-10,-11,-6
-1,-5,-5,7,-16,5,-8,19,-8,8,1,-9
4,22,3,-3,-10,11,-3,19,10,15,-2,6
8,-6,7,-12,-15,23,-8,-2,-7,14,-11,-6
-1,23,-10,23,-13,-8,-4,-12,-9,-4,-8,-9
-12,15,-2,-10,-3,13,-3,0,-1,-4,-2,14
-3,15,-3,-3,-4,26,3,15,10,8,-7,18
2,-2,6,15,-3,26,6,14,-9,13,-6,10
-6,6,9,7,-1,25,1,-6,-10,22,0,6
-13,0,-6,14,-9,1,-11,21,-12,23,-4,-5
-11,23,3,11,3,0,-7,24,-2,14,-13,-2
-3,21,0,3,-3,26,-16,15,-7,26,6,19
-16,6,-6,12,-8,21,10,24,3,18,-8,15
-6,18,1,2,-3,4,-14,0,-10,32,-11,0
-10,-2,6,33,-3,2,-2,0,1,8,-6,8
2,0,3,12,-3,29,-14,29,-2,5,5,10
-6,22,5,12,-3,0,-4,15,-15,15,-9,6
5,-26,-2,-16,-13,-28,-11,-26,-7,-20,-3,-2
7,-10,-11,-20,4,-34,6,-28,-2,-9,-15,-25
11,-33,2,-4,8,-29,1,2,2,-23,-6,-4
10,-29,-13,-7,2,-2,7,-28,5,-24,0,-32
-10,-13,-12,-16,8,-25,11,-26,-4,-3,-12,-14
7,-9,-10,-29,8,-25,4,-3,6,-3,2,-21
4,3,1,6,-12,-14,-15,-25,8,-27,-5,-16
9,-16,0,-12,4,-10,3,-2,11,5,7,-1
8,-4,2,-2,-12,-10,-12,-2,-12,6,10,-18
11,-6,-13,-2,7,-6,6,-14,8,-3,-5,0
1,-10,-15,-24,-7,4,-14,-4,7,-26,5,-17
10,-6,-14,-5,8,-1,9,-4,-5,-2,-5,7
4,-4,-10,-17,0,6,-14,-6,8,-6,7,11
2,-2,-13,-5,-14,-7,-11,0,3,2,10,-21
-1,-12,-12,-2,-13,-1,6,4,9,-13,8,14
3,2,-13,-17,-4,12,7,-11,9,-2,-9,-15
3,1,-6,-3,1,12,1,-5,10,16,-5,-2
0,1,-14,-9,-13,-12,2,1,-1,-12,3,-9
3,4,-2,-9,-14,0,-1,-7,-7,2,1,11
-2,2,-3,-11,-14,-17,-5,5,-3,-15,-1,-10
2,6,-11,9,-7,-2,-5,1,-10,0,-2,10
9,3,-11,-7,2,-6,-8,18,7,10,-12,9
11,22,-10,2,2,-11,-1,-7,-11,0,-11,6
0,21,1,5,2,-12,-8,5,1,-4,-11,21
-11,11,0,14,2,-4,-8,1,-15,4,-3,-2
-9,-1,2,-7,2,-4,3,4,-10,1,-15,9
-15,7,-15,6,-5,17,-10,23,2,6,11,10
-13,24,5,0,0,-2,-9,16,4,1,-6,23
2,-5,4,-1,0,2,-4,-3,-2,-1,-6,-5
-11,-5,9,29,-5,-5,5,-6,-14,-2,-14,11
-14,1,-7,20,-6,21,0,14,-11,3,-14,24
-13,2,-7,5,-8,6,-11,15,2,24,-1,0
-10,26,-11,1,7,22,-14,27,-13,12,1,-1
-13,2,-11,31,-5,4,-14,27,5,-2,-14,2
-9,2,11,1,-8,0,-6,12,-6,19,-3,29
-10,31,10,4,-14,3,-7,34,5,30,-6,12
-3,19,-11,26,6,21,11,25,6,25,5,12
-12,-14,2,-7,-12,-22,7,-15,10,-30,-3,-29
2,-32,-9,-4,-12,-12,10,-27,-14,-22,3,-24
-13,-16,0,-10,3,-14,6,-31,-14,0,-12,-12
6,-30,-7,-28,-3,-2,-14,-8,-11,-24,6,-14
2,-25,-5,-1,1,-9,7,-22,-4,-23,6,-30
6,-22,-11,-7,-2,-1,-12,-29,6,-12,12,-17
2,-17,3,-5,-5,-16,1,-26,-13,-14,12,-25
5,-14,0,-26,3,-2,-14,2,8,-16,7,2
2,-6,5,-22,8,-26,11,-8,12,-16,7,8
9,-4,-5,8,-13,2,7,-2,8,-3,9,6
9,-10,7,-4,4,-26,-14,-4,10,4,1,0
12,0,11,-2,-14,-11,2,8,6,-15,-11,-20
10,6,11,9,-10,-14,12,-24,-14,-19,0,2
12,6,1,-4,-2,-12,-1,0,8,-6,3,-8
7,3,1,0,2,9,8,-2,-12,2,5,8
2,-1,-6,-4,1,7,5,-2,8,-18,-12,13
3,0,-7,-11,5,-8,-13,-17,-12,-19,-10,-12
4,1,4,-3,6,-15,8,2,9,4,-5,3
3,0,-12,-8,-5,-2,-3,-9,11,16,-12,-2
3,6,-1,-12,10,-9,3,0,6,-5,-6,-7
6,2,3,2,-6,11,3,-1,-3,8,2,16
6,11,11,-9,1,-6,-7,-5,10,13,4,8
8,5,11,-2,-13,-13,-1,-11,1,11,-8,-6
10,10,-14,5,-4,-10,-4,17,5,8,-11,6
8,15,11,10,6,21,-5,15,-2,-7,0,0
4,17,-2,-7,-12,15,3,8,-13,6,2,23
12,22,-2,-1,-9,0,-10,4,3,-10,11,13
-1,12,-14,0,-10,6,-3,-1,4,-3,-3,22
8,-5,-11,4,5,2,0,18,-14,22,7,10
-9,4,-5,1,0,2,-10,19,1,15,-12,18
1,-3,-14,-6,3,12,-12,14,3,-2,-3,28
-10,24,1,-1,-3,30,-5,7,10,13,-5,14
-12,11,0,4,-11,32,-4,5,-7,11,4,15
-10,9,-12,25,-7,26,-4,10,-7,33,-8,-1
-14,24,-11,4,0,11,-6,21,-9,32,-5,22
-10,35,12,23,0,18,-4,14,5,25,-5,6
-9,0,-1,29,-8,3,-4,11,-5,15,-3,0
-12,-13,5,-10,13,-7,8,-36,-9,-34,6,-16
-11,-5,8,1,5,1,12,-8,8,-17,12,-22
-10,-3,-3,-4,-13,-18,8,1,-11,-28,10,-2
1,-1,4,3,6,-13,13,-13,-13,-9,9,-14
6,-23,2,-4,-1,-20,-9,-24,9,-23,-10,-17
6,-30,1,-3,11,4,2,-17,10,-15,9,-1
-11,-10,-6,-18,-9,-10,8,-6,-5,-9,-4,-25
4,-20,-9,-8,2,-5,9,-12,6,1,8,-20
11,-24,9,-7,-10,-11,7,-7,1,-28,13,3
6,-2,3,-2,-12,-15,13,-6,-9,-27,10,-16
6,-2,-9,7,-11,8,12,5,4,-14,6,-24
8,7,-9,-23,10,11,-8,-23,0,-14,-2,-9
9,12,10,-18,-2,-7,11,8,-4,-8,-4,-8
9,-12,7,-10,-2,-1,12,3,-4,-19,-13,-23
12,-12,-8,-9,-4,-4,-11,-14,-5,-18,-13,7
5,-2,-8,-16,-2,11,-5,-12,-10,-18,-1,9
11,16,-7,-4,-10,10,-11,-15,-5,13,5,2
1,2,-1,-17,-8,7,-4,10,-5,-2,-8,1
2,-2,-8,16,5,0,-6,10,-6,-15,-13,-3
1,-3,10,13,-5,-14,1,-2,-1,13,-4,4
2,3,-6,-15,4,-10,-11,11,-2,-2,0,4
1,-4,2,-7,-5,21,-6,-6,0,18,-6,15
11,7,2,0,-6,12,6,13,1,17,-6,0
7,12,-5,6,-8,18,6,-6,2,-1,-6,-9
7,7,0,-2,5,-5,0,-4,0,-9,5,-12
13,12,-6,22,6,11,-1,0,0,10,-4,18
4,1,-13,3,-11,-9,10,18,-13,8,0,19
9,-8,3,15,9,15,0,1,1,13,0,2
-10,10,-3,5,2,5,-4,24,-13,12,-1,1
-10,20,6,-7,-6,-1,5,1,-6,9,5,22
0,5,13,-1,2,-4,6,-1,10,30,10,15
-8,2,-13,22,5,22,5,19,8,26,-11,16
-10,29,11,0,5,29,-2,24,8,30,11,8
-12,21,13,6,-13,20,9,26,9,1,-2,22
-13,20,-2,3,-12,26,-12,27,8,12,6,29
-13,23,-2,31,10,10,3,10,-13,14,-2,35
-9,33,9,6,9,15,-2,15,1,32,10,34
-9,-28,-7,-21,-8,-17,11,-34,3,-12,9,-1
6,-27,0,-28,-3,-16,1,0,-12,-25,-1,-9
7,-28,6,-12,-9,-28,8,-34,-9,-6,8,-26
-12,-20,14,2,-7,-19,1,-7,14,-18,5,-15
-9,-22,-9,4,-5,-17,14,-5,5,4,-9,-5
-2,-12,-12,-6,0,-9,14,-7,14,-7,10,-25
-8,0,-10,-8,-4,-8,13,-25,-12,-29,14,-11
-7,-3,3,-2,2,0,-12,-17,2,1,4,6
7,-20,11,-2,1,6,0,-20,-4,-4,6,-14
-11,-2,7,-3,1,-4,-6,-1,-7,4,-7,-14
2,-22,1,1,-5,4,-6,6,-3,-8,-1,-25
3,-20,8,-3,-8,-7,6,-18,6,-13,-12,-13
9,-18,-1,6,4,1,-11,-10,1,8,-11,-8
-8,-8,-5,-23,4,-23,-2,3,1,7,-8,-16
3,-11,-5,-7,4,-3,-2,-8,1,-10,7,5
3,-7,-6,10,6,-2,-4,3,-4,-15,3,-15
2,0,-6,0,5,-16,-5,15,-4,15,8,-10
2,-1,-11,2,-2,4,-2,4,-6,10,2,-13
2,-1,-7,5,-7,-3,-2,-2,-6,7,-6,14
2,2,-6,12,1,0,-6,5,1,8,-4,1
2,-1,13,-16,-5,18,-6,-13,1,2,-4,-14
3,3,-6,-11,-6,3,3,-10,-1,21,-4,-3
3,1,-5,16,-2,-6,-7,7,-6,2,2,-6
-7,3,-6,19,9,-13,-2,-1,-5,-9,3,3
7,9,-5,-6,5,3,1,17,2,1,-6,21
8,13,-5,24,-3,0,-5,20,-2,6,-4,17
8,21,1,6,5,4,-4,17,-9,0,2,5
11,0,-10,8,-7,7,5,4,14,7,2,8
-8,14,-4,0,6,4,2,-2,-4,17,-1,16
-12,13,2,19,11,19,-2,1,-2,7,12,11
-8,4,4,28,12,-2,-8,5,-4,-4,-11,-4
6,6,12,22,11,30,-8,20,-8,14,7,16
7,1,2,11,-8,7,1,-4,1,20,4,8
-6,4,3,26,-8,11,-10,12,-11,33,-11,21
-11,31,3,19,-3,4,1,32,-4,12,-4,27
-9,35,-8,5,12,35,-3,18,13,23,7,0
-9,11,4,7,-9,0,5,6,-4,10,10,1
-9,-33,0,-12,8,-33,-10,-27,8,-30,12,-6
7,-35,-1,-34,-8,-32,-1,-31,9,-21,13,-13
-1,-22,-11,-22,3,-4,-9,-18,10,-32,6,-27
-4,-18,4,-17,8,-28,4,2,8,-32,-2,-27
1,-10,4,0,2,-30,-4,-12,4,-2,-3,-26
1,-14,5,-16,-2,-30,5,-13,4,-25,-4,-4
-2,2,-9,-25,-5,-13,2,-26,7,-15,2,-11
-1,-26,6,4,8,-21,-6,-9,-7,4,6,-13
-1,1,1,4,2,-27,5,-8,3,-4,-7,-3
1,-14,3,-23,-8,-25,1,4,-6,-16,-6,1
-2,-5,-3,-20,7,-12,6,-22,2,-6,-3,7
-9,-24,-11,11,2,-10,5,-6,2,4,4,-15
-5,-3,-6,9,2,-2,2,-19,-4,-6,-4,-6
-8,-20,-10,-9,-4,13,4,-12,-5,9,2,-7
2,-13,4,-22,2,-10,6,-21,-1,7,-5,-19
-6,7,4,-9,2,-7,2,-6,-5,-2,-4,-14
2,-17,3,3,2,-7,-4,-19,-3,6,-5,-4
-11,15,2,-4,2,0,-4,-4,-6,2,-5,12
-9,-16,-5,5,-4,-8,-4,-13,-6,1,-5,-9
-2,6,6,-9,1,-2,14,-16,-6,-7,13,-4
-2,14,-6,14,-4,7,-2,12,-6,1,-5,6
-10,-10,-3,-6,2,5,-6,16,-6,18,-3,-14
2,15,3,7,2,4,-6,20,-5,1,-4,7
-4,0,-9,0,2,8,8,-7,7,-4,4,-8
2,-4,-3,12,-5,12,-3,-12,-4,19,6,24
-2,24,-4,-7,-4,14,1,13,-5,6,5,2
-1,-5,-6,17,-6,10,-6,6,-10,8,4,4
-1,17,13,-8,2,2,7,9,7,8,6,19
-1,19,-3,21,-4,25,7,-4,-4,21,4,3
-4,28,5,28,2,-4,8,17,-4,14,-3,6
-1,22,11,4,-4,3,7,0,9,28,-3,-2
-1,2,-5,23,2,3,-9,29,-4,18,-3,9
-4,3,-7,10,-5,28,8,22,2,19,-6,28
-6,32,4,27,2,3,6,15,1,28,-8,18
1,-2,-7,18,-3,22,-1,30,-9,13,-4,24
-1,24,12,4,-5,22,3,22,0,18,-2,1
2,28,12,24,-4,7,12,20,7,35,-6,36
-3,-25,14,-15,4,-32,-8,-29,10,-13,5,-17
2,-6,6,-19,2,-32,2,-30,14,-15,13,-27
-1,-25,5,-25,2,-9,2,-4,-7,-8,5,-26
1,-5,7,-31,-9,-11,-1,-17,4,2,-10,-7
-2,0,-5,-21,-8,-3,1,-31,2,-7,12,-1
1,-29,0,-4,-2,-3,14,0,16,-10,-6,-15
-2,-20,0,4,-9,-4,-9,-18,-4,-25,0,6
-2,1,-4,-20,1,0,5,-7,7,-14,-2,6
-1,-27,-10,3,8,7,13,3,-8,-10,10,-23
-2,-22,0,2,2,-22,5,3,14,7,10,-11
-5,7,-9,7,12,-14,16,-13,6,-3,13,3
1,4,3,-22,13,-2,-6,-19,9,-21,0,-18
1,2,16,-7,12,-5,8,10,12,4,16,-8
1,-12,8,0,13,11,2,-2,-4,-23,9,-1
2,-18,8,9,-10,-7,5,-22,1,12,7,-14
2,10,7,13,6,8,-9,-2,10,-5,1,2
-3,-14,8,8,-8,-10,11,-3,16,-6,1,-5
2,-12,-7,3,7,0,-4,10,15,4,11,13
2,9,9,-15,6,4,15,14,10,11,0,13
-2,19,12,10,5,5,-8,8,-10,-13,16,15
1,6,2,7,-4,11,14,8,10,-11,6,-8
1,20,9,20,13,-11,-9,18,12,-8,13,8
1,-13,-6,21,5,15,-1,1,4,12,15,13
1,19,16,2,6,-12,11,18,-8,19,8,-5
1,-9,16,9,-10,-8,-10,-3,5,-11,14,9
-3,-1,9,22,9,2,11,17,-8,1,-3,-2
1,4,7,6,2,24,3,3,-2,22,-2,12
1,7,-10,5,-6,3,-6,26,-8,11,-8,17
-3,1,10,7,-8,24,-5,4,-1,15,6,11
-2,5,14,-2,2,20,13,4,15,18,-1,7
-1,-4,6,-5,13,-3,-7,-1,0,-6,1,23
2,-2,-2,10,2,2,10,3,-8,6,-8,2
2,11,15,15,-3,-1,12,28,7,-3,-5,26
1,30,-7,10,6,32,-7,11,3,3,5,12
-2,31,9,0,-8,23,10,22,0,19,8,1
-2,10,-7,20,-6,12,-6,14,5,22,13,30
1,30,-2,27,4,34,5,7,8,4,-5,16
2,-24,8,-8,-3,-21,-4,-4,-8,-4,4,-3
-2,-31,9,-18,1,-14,-3,0,7,-35,13,-13
2,-29,11,-1,8,-22,1,-1,9,-7,15,-8
0,-27,15,-9,-5,-3,3,2,1,3,12,-23
2,-28,16,-30,8,-21,-4,-8,10,-21,3,-32
2,-31,14,5,7,-17,8,-28,15,0,17,-24
2,-22,14,-30,6,-18,9,-29,8,-7,8,-8
2,-20,15,-7,7,-11,4,-17,2,-20,14,-2
2,8,-8,-26,1,8,1,6,16,3,2,-10
2,-7,-9,-19,1,6,9,-25,16,-9,2,3
3,-18,13,3,6,-12,6,-13,-7,-22,15,-21
0,-6,-7,2,1,5,4,-11,-1,2,-6,-2
1,-23,7,-14,1,4,-1,-6,3,-18,5,-2
-3,1,5,4,6,-8,4,-1,10,-21,15,-21
0,14,-2,14,-3,-9,-1,-7,6,-8,16,0
0,8,-3,-6,-4,2,3,-9,7,-1,-5,-20
1,3,-2,-6,-2,0,-7,-11,-5,14,2,-14
-8,-17,7,7,-3,-11,-4,-12,9,12,-1,17
-9,-14,13,-16,-3,16,-4,-12,0,-1,4,12
-8,-11,11,-17,-1,-7,0,-7,5,-14,10,-6
-9,-16,-6,-1,5,4,-1,15,-2,12,-6,4
-4,21,-4,11,-1,-6,5,2,5,2,8,-2
0,11,12,-1,-3,-2,-6,11,-7,-4,8,7
3,21,-7,3,-4,22,2,8,9,-8,5,-10
1,19,-6,7,-2,-12,6,4,12,1,17,0
1,19,12,-4,1,20,16,25,3,13,17,17
0,3,12,1,6,1,-8,10,3,-10,16,6
1,25,17,-8,1,13,3,-5,-5,8,-8,12
3,17,16,6,-3,-3,3,21,16,22,8,26
3,2,17,6,-1,25,-8,14,-6,-1,-5,-3
2,12,1,-3,9,0,6,19,15,18,3,23
3,0,-8,17,1,-1,0,30,10,-5,-9,-4
2,9,0,29,12,16,10,27,-4,-3,7,16
-2,9,2,10,1,6,17,33,3,11,17,15
0,6,10,20,2,19,-9,-1,10,6,-7,13
-2,32,17,22,-9,0,-7,21,13,9,14,14
3,30,7,3,6,35,-4,1,12,0,9,2
1,-36,-1,-28,5,-27,16,0,-6,-3,3,-25
1,-28,2,-13,-4,-19,0,-25,-1,-8,4,-34
-3,0,-7,-25,1,-29,1,-30,5,-21,1,2
0,-30,15,-8,6,-27,2,-28,4,-10,0,-18
3,-26,-2,-7,-3,-20,11,-31,-4,-19,1,-15
3,-14,8,0,-3,-4,1,-26,3,-30,4,-18
1,-19,4,-14,15,-3,0,-18,1,3,1,-30
4,-3,13,-29,10,-28,-6,-12,1,-18,1,-14
1,-16,-6,-19,8,6,-4,-12,-6,-20,1,-1
2,9,1,-20,9,-10,7,-21,-4,-1,-3,-21
4,-12,-2,-13,-3,2,12,0,7,-10,-2,2
3,-6,-8,-15,0,-5,1,-24,0,-17,10,-13
4,-13,-3,-16,6,-13,4,9,1,-15,4,9
4,9,11,8,4,12,-3,6,12,4,-6,-3
2,-22,10,-11,-5,-13,18,-8,10,-20,-3,-4
2,12,11,2,0,5,16,13,18,12,-1,3
4,-10,-5,-3,5,13,15,12,5,15,11,-16
2,16,-8,-8,1,-19,-3,3,-1,-14,5,-15
4,-16,12,-10,5,9,6,0,-5,-17,6,5
1,-3,-4,-5,1,-14,8,-5,0,-10,1,-6
3,5,-7,-5,5,-11,5,16,-1,3,-3,-2
3,10,5,-4,-1,20,0,-2,0,-4,-7,-15
0,-5,0,-12,5,11,1,-11,4,12,-4,3
0,-5,-5,-5,5,-3,0,-5,16,19,5,18
0,7,16,2,-1,0,9,-4,8,6,1,-2
1,-7,-1,23,5,21,0,-8,6,-7,-7,-5
-1,26,12,-9,6,-3,-6,8,-1,4,-3,15
-2,14,-7,-1,0,14,-7,-2,8,1,6,5
0,-4,18,19,10,5,6,2,-1,-2,14,15
1,-2,17,22,9,9,12,22,-7,2,-7,21
3,17,-6,30,4,14,-4,3,-5,1,10,27
-3,17,-8,14,6,-5,-3,20,5,29,13,28
3,27,4,9,4,0,1,27,15,28,9,-4
3,7,6,6,0,14,9,13,1,4,6,21
-1,6,10,17,-1,2,0,34,-2,26,1,24
-1,31,12,15,-2,20,-6,0,3,26,4,35
-1,22,-5,35,16,34,2,29,17,14,10,21
2,-26,16,-34,15,-13,-1,-2,6,-8,1,-20
1,-34,0,-24,6,1,-1,-22,7,-23,-2,-12
1,-20,6,-13,6,-18,11,-18,5,-22,0,-9
4,-9,-1,-15,12,-29,4,-23,1,-2,1,-6
3,-30,3,-18,9,-11,10,-21,-2,-24,0,-17
4,-16,-2,-27,9,-7,-1,-1,-2,-17,0,-31
4,-23,-5,-23,7,-15,0,-9,-6,-11,-2,-22
-1,-4,15,-24,-2,-18,1,-4,6,-25,-3,-16
0,-25,-1,-26,11,-20,2,-28,7,-9,2,-16
1,-25,-5,4,18,9,-6,-11,-3,4,6,-20
0,-26,-4,-21,8,6,11,-17,-2,-21,6,8
1,2,-1,-20,2,-15,1,-19,6,-23,0,-17
-1,8,-2,-18,-4,-9,1,5,9,-5,16,0
1,0,10,-17,12,-14,6,-3,2,-23,-7,-9
1,0,2,-1,12,-15,9,-5,-2,7,0,9
-1,8,0,11,2,-19,-2,-7,0,14,0,2
1,1,10,-7,0,11,0,6,-3,4,-3,-8
0,8,-1,2,6,7,0,10,17,10,0,-3
1,-2,1,17,0,14,-1,-3,-1,4,15,7
0,13,7,-1,8,2,-1,0,-1,-4,0,12
0,12,-2,-2,6,13,-1,2,1,-15,-1,-11
0,5,-2,2,7,11,-1,-3,-1,11,0,-12
-1,13,-2,18,2,16,-2,13,1,20,3,19
1,4,-6,22,-3,-6,6,15,-4,7,6,10
1,6,2,-1,-6,3,0,7,0,0,0,0
0,20,6,17,5,10,-1,-7,7,3,8,7
0,-9,-2,10,-6,-8,0,17,10,3,-2,7
1,20,1,5,12,-9,-1,15,6,-4,6,0
1,7,12,1,1,13,0,28,15,15,-1,11
-1,15,-2,11,7,18,0,27,7,16,13,-4
-1,25,7,5,7,4,-1,0,0,7,1,11
1,23,-1,21,5,18,3,5,19,-3,-1,9
2,-1,-1,23,5,4,10,5,1,14,15,16
1,10,7,30,16,25,1,16,8,6,7,10
0,0,-1,34,-5,26,1,3,19,-1,0,15
-1,29,8,4,7,4,-2,17,11,15,-3,21
-1,33,-1,19,0,24,-1,7,-1,11,0,13
2,-30,0,-22,6,-27,7,-18,0,-22,0,-26
2,-9,7,-35,8,-12,1,-18,0,-8,2,-28
1,-9,-4,-33,11,-32,1,-18,-1,-11,13,-25
2,-9,2,-32,0,-27,1,-33,7,-24,-5,-14
0,2,7,-10,12,-12,10,-16,13,-8,1,-12
0,-5,1,-24,-5,-24,0,-12,-1,-11,7,-18
0,-2,0,0,4,-4,20,-15,-1,5,9,-13
0,7,2,4,0,2,12,-12,12,-8,0,5
0,7,-5,-13,0,5,16,-6,0,-26,1,-23
1,-3,0,-15,2,-23,1,-21,2,-14,9,-7
2,-26,1,-7,2,-21,-4,2,7,-4,1,-7
2,0,7,-7,-2,0,0,-11,11,-18,0,2
1,-1,7,-5,2,-18,0,-15,3,-23,6,-18
2,-16,0,1,2,-11,5,-11,1,-21,0,-8
1,4,0,-22,1,-3,7,-6,0,-13,2,-1
1,8,10,-1,9,-4,1,-10,0,0,0,-4
6,-8,7,-19,1,-3,0,-4,0,0,-4,-19
3,12,1,-17,0,-10,7,-2,0,-16,7,-4
-6,9,-1,17,2,-16,3,-11,2,10,0,0
-4,-13,1,0,1,1,1,15,0,14,-1,4
1,5,1,5,4,16,1,6,0,-6,2,-16
5,19,1,14,10,-3,0,5,-1,17,-1,16
1,5,-1,7,10,3,0,7,0,10,-4,-5
6,3,6,-13,-1,23,17,16,0,-7,4,21
2,22,-1,12,-4,10,1,13,8,-2,0,-8
2,9,0,-8,17,14,1,-9,3,23,0,2
4,-4,-1,26,9,6,0,23,9,9,0,-3
3,8,7,5,0,1,0,27,1,-2,8,9
5,19,1,17,0,-4,7,1,-1,20,2,23
6,21,2,14,0,4,12,7,-1,15,7,10
6,0,1,4,-1,26,13,-2,6,4,-1,29
4,27,11,-5,-1,17,4,30,20,26,11,30
1,30,15,5,0,3,4,27,7,23,-1,29
1,2,-1,6,11,2,1,0,1,31,8,1
3,22,6,18,1,3,12,-2,14,4,2,21
2,34,7,16,2,10,4,24,0,33,7,0
2,31,7,25,8,22,3,2,6,1,7,14
-5,-33,1,-2,14,-12,9,-31,8,-35,2,-3
-4,-35,14,-8,1,-19,2,-31,2,-15,0,-11
4,-1,3,-3,0,-1,1,-11,10,-29,8,-7
7,-13,-2,-22,9,-12,3,-13,-1,-22,11,-24
7,1,4,-27,1,-18,5,-14,10,-19,12,-15
7,-13,-1,-7,10,-13,5,-10,1,-23,1,-11
-5,-21,8,-4,1,-29,6,4,10,-19,3,-25
0,-2,3,-7,1,-27,-4,-14,-3,1,-5,-12
-1,-28,3,4,5,-4,9,-8,3,-9,13,-27
1,-22,5,-8,5,-2,6,-11,8,-19,-5,6
8,7,10,-8,1,-7,3,-24,0,-1,8,-4
8,-9,3,-7,1,4,3,-4,-1,0,1,1
-5,-22,2,-8,1,6,5,-5,2,1,3,-13
13,-18,5,-15,1,12,3,-16,13,-3,1,-2
-4,-13,3,8,0,12,3,4,0,-16,1,-11
-1,6,2,6,7,-2,1,-20,1,12,-1,9
12,-1,3,-20,-5,-3,5,16,8,-4,-1,4
9,-6,1,-11,5,16,8,0,-5,-2,-3,11
9,-2,2,2,0,-18,3,4,14,-9,13,18
10,0,1,0,-4,7,0,2,8,2,3,9
16,11,2,-3,13,14,3,1,3,-16,1,-16
-4,13,13,0,0,3,1,16,8,2,1,9
1,2,13,-4,12,-14,7,-4,8,1,0,5
9,22,12,7,11,2,0,2,14,-8,4,-12
-2,23,9,5,3,-11,12,-12,2,18,0,15
-1,-4,13,1,2,10,5,9,9,-3,0,23
-1,-2,18,0,1,26,1,18,2,-10,8,11
0,-6,-1,7,3,4,14,14,1,-2,8,19
-3,1,6,19,5,21,13,-5,18,19,0,18
2,10,10,6,12,3,5,0,13,-7,0,8
13,-2,15,13,2,7,14,-6,10,4,15,18
-2,0,20,29,6,21,10,21,10,16,4,20
-5,3,-5,22,-5,5,3,24,0,5,2,18
5,10,18,14,11,13,9,6,7,10,2,-2
-2,2,7,6,3,-2,13,19,-4,4,3,7
-4,0,3,22,-1,30,13,19,0,26,-5,21
-4,3,3,3,10,8,9,8,1,18,17,14
14,-30,5,-6,5,-1,20,-17,-4,-11,20,-33
0,-34,0,1,6,-23,7,-5,22,-3,6,-6
0,-31,7,-11,5,-2,-1,-2,17,1,11,-11
1,-32,15,-4,10,-21,15,-4,17,-7,20,-8
9,-17,8,-6,17,-13,-4,4,11,-32,13,-9
-2,-19,9,1,7,-28,15,-18,20,-23,13,0
0,4,10,0,16,-4,-1,-14,19,-28,17,-30
-3,2,20,-11,21,3,20,-24,12,-15,-3,-16
-2,4,10,-14,17,-3,12,-22,17,-9,-4,-23
9,-4,0,-18,19,-12,0,4,15,0,3,-16
-2,-12,2,-16,-1,6,5,-2,13,-12,4,8
0,-1,21,-17,20,-19,16,-13,7,7,-3,-16
1,1,17,-1,22,-17,0,4,5,11,21,12
1,-15,11,10,0,-1,11,-4,13,4,11,12
-1,7,2,-16,0,11,-3,14,-3,11,20,8
18,-16,11,-1,17,6,-1,-15,5,-8,13,-19
16,0,10,0,-1,-8,5,-2,1,-2,15,-15
12,0,0,-6,10,9,1,-11,12,-7,8,16
10,-6,4,-13,9,10,5,-1,7,-11,4,-10
10,5,1,12,10,-9,12,-16,0,-1,9,15
13,1,2,-9,10,-15,6,12,0,-4,17,5
14,17,14,-15,-1,-10,8,21,19,18,2,10
-1,1,4,2,22,16,7,-10,19,20,4,16
15,-10,9,-11,12,-6,20,14,4,-4,9,-7
12,-11,10,0,-3,2,8,16,20,24,15,11
10,25,10,2,17,19,-2,10,2,12,15,-8
10,-10,14,-1,18,-5,-4,-7,22,-5,20,0
0,22,19,2,-2,22,-1,3,8,-6,14,4
2,5,12,-2,12,0,7,9,3,-7,-3,15
2,1,14,11,17,-2,-3,-3,1,-4,0,25
-3,2,20,5,-4,19,-1,-5,20,4,15,11
-2,3,20,28,12,15,19,28,9,5,14,1
9,-2,0,-4,16,32,16,26,12,13,1,5
-4,3,22,5,-2,13,-2,-3,15,33,18,18
2,1,15,2,0,6,9,28,19,27,-3,13
3,13,14,3,14,1,2,4,11,14,13,13
-4,1,12,13,-3,25,2,11,14,11,14,30
2,-34,10,-32,8,-34,22,-27,11,-11,15,-25
7,-15,-1,-27,16,-8,22,-32,1,0,2,-30
-1,-23,11,0,23,1,23,-33,-2,-26,22,-28
1,-28,-3,-5,18,-7,2,-24,1,-12,14,-32
14,-30,0,-3,23,-21,13,-4,0,-24,10,4
-3,-17,-3,-26,17,-18,12,1,-2,-19,19,-28
-3,2,4,-27,22,-12,9,-24,17,-9,16,-18
-3,0,17,-8,22,-23,15,-16,16,5,11,0
-2,-1,-3,-7,16,-10,7,-28,8,3,21,4
1,5,16,1,23,9,1,-3,-2,-4,14,-7
14,-22,1,-3,23,-3,9,-9,14,7,14,-14
1,-14,12,11,22,-3,-3,-6,7,-20,10,-22
-2,-2,-1,-3,1,3,16,-7,5,12,17,-7
11,11,21,8,16,0,1,-1,23,5,19,-14
2,-9,7,-2,1,2,20,5,8,6,-3,2
17,-15,3,12,23,-18,0,10,6,-9,11,13
20,16,1,10,1,-20,9,12,15,-6,7,8
22,4,-2,-19,15,-4,9,-18,13,14,-1,-8
18,17,11,-11,9,-2,4,-11,4,6,-3,1
13,-5,6,5,11,7,-2,9,2,7,10,1
12,17,3,-5,21,16,18,-1,7,11,-1,-8
0,10,-2,1,12,19,8,-15,22,-15,11,-4
-2,1,16,-4,2,3,21,-12,-1,20,10,-6
-1,15,23,13,9,13,17,1,19,7,6,20
10,12,-2,-6,21,21,16,0,20,13,19,20
0,1,18,-3,9,7,13,-11,12,17,3,25
7,7,7,5,6,-1,11,24,-2,25,13,5
7,6,14,3,9,24,17,9,19,2,21,-5
-3,0,12,3,16,3,23,27,8,18,9,16
15,-4,16,11,13,29,19,12,1,-1,1,26
-3,-1,19,19,4,21,17,21,23,29,-3,24
2,26,18,20,15,6,6,16,0,-3,21,23
10,-3,-1,25,2,20,11,21,17,-4,18,15
0,-3,14,16,9,14,19,15,-2,-2,15,2
7,22,17,8,6,5,16,19,12,27,1,29
7,8,1,3,11,30,17,15,10,30,13,15
6,28,16,1,0,7,17,4,0,21,18,28
16,-27,5,-18,21,-16,1,-9,18,-29,7,-18
-1,-21,12,-16,16,-9,18,-33,10,-24,16,-19
-1,-21,19,-30,24,-28,3,-8,10,2,12,-33
-1,3,19,-12,-1,-30,-2,-1,24,-11,-1,2
17,-25,19,-1,22,-12,0,-21,24,-22,24,-5
-1,4,12,-31,-2,-7,1,2,1,4,22,-16
4,-10,24,2,16,-1,18,-17,18,-6,2,-21
0,6,19,-1,-2,-1,22,-22,-2,-3,8,-25
-2,-5,16,-1,21,-16,-1,-26,-2,-26,23,-14
-1,-1,1,5,20,-13,16,-8,21,-7,-1,-19
16,-16,-1,-14,22,-26,-1,6,18,-23,6,-2
-2,-4,5,1,2,-20,24,-20,20,-3,1,-9
3,-15,8,-1,0,-12,-1,-7,2,-2,10,-20
1,-9,24,13,16,-1,13,-13,20,-17,22,11
1,0,13,-15,9,-3,5,8,6,-10,15,11
19,-14,20,2,22,-20,20,5,8,1,-1,4
21,-17,8,-11,9,16,3,-10,17,3,10,-9
15,-11,16,1,10,-6,15,14,19,10,2,-8
19,-16,2,11,10,-4,21,18,2,-3,10,1
19,-14,0,-15,0,-11,16,14,12,4,3,-5
-2,3,11,17,7,1,21,9,5,-6,7,-12
-1,14,1,-6,7,-7,14,6,8,-5,4,20
3,-8,6,20,0,1,15,17,8,14,2,-8
3,11,10,23,5,-12,2,0,-2,-6,3,9
1,-6,10,23,-1,5,10,14,7,8,13,19
16,-9,13,-1,10,13,12,19,-1,3,4,1
11,21,17,16,0,-1,16,26,10,-3,14,12
11,-9,-2,-8,6,10,1,-2,13,24,3,20
5,10,15,7,6,21,-2,18,13,-6,20,5
0,-7,16,6,12,9,3,28,20,-6,13,29
5,10,13,0,-2,13,10,-3,15,26,1,26
10,16,20,3,12,9,18,15,18,23,15,-1
8,0,16,1,12,32,7,30,10,14,11,6
10,20,11,10,17,-1,9,4,24,4,3,-1
7,20,-1,21,1,8,21,28,16,32,7,7
10,23,12,31,12,31,9,23,17,18,-1,3
7,18,-1,7,10,1,1,9,0,5,3,11
12,-19,13,-14,10,-9,16,-12,1,-10,-1,-23
3,0,16,-34,0,-3,11,-15,9,-32,3,-21
2,-25,16,-25,22,-21,20,-22,16,-12,2,-3
4,-28,17,-4,20,-32,14,-4,-1,-14,20,-11
16,-31,22,3,20,-26,22,-22,9,-30,21,-28
9,-13,23,-2,3,-29,16,-1,23,-31,19,3
3,-24,15,2,20,-20,24,-13,15,5,3,5
-1,6,1,4,16,5,22,-10,16,-27,1,4
-1,5,25,-8,16,7,3,-24,2,2,9,-4
-1,-12,2,3,1,-7,20,6,21,-15,1,2
-1,4,23,-7,16,10,19,-1,23,-21,18,-7
0,7,19,5,16,1,7,5,16,-7,2,-11
-1,4,16,0,16,-3,3,-7,0,4,19,1
12,-13,1,-4,15,-18,19,-8,21,12,13,-4
13,9,12,8,15,4,8,-14,9,4,23,-13
2,7,-1,3,15,-15,23,-15,20,-13,0,-1
0,1,8,8,15,10,15,9,-1,15,25,-9
2,11,21,1,0,14,1,7,10,-2,11,9
-1,0,21,-3,4,-11,16,3,0,13,15,8
1,12,2,-10,3,-11,24,18,10,16,14,8
-1,0,12,15,0,3,24,-10,14,4,6,19
1,-2,7,-4,20,-1,24,9,25,-6,12,10
-1,-2,-1,-7,25,-5,21,16,24,18,15,-3
12,23,15,4,2,14,17,-2,2,23,8,21
5,-11,16,-9,0,-3,14,9,13,16,17,6
12,19,8,-11,9,2,23,7,25,8,9,-11
0,-6,9,-3,8,23,22,4,1,19,19,-9
2,-8,7,16,4,0,0,14,18,-2,17,11
12,19,4,-8,8,18,0,27,14,28,0,6
9,3,25,23,9,3,22,10,2,-3,1,25
11,30,14,19,0,0,3,-6,3,14,3,9
11,-4,23,30,14,0,16,30,10,20,11,18
11,31,12,31,9,1,17,8,10,-2,6,6
8,31,0,10,4,3,4,14,8,21,11,4
4,21,0,2,6,20,8,7,9,17,2,34
8,14,18,7,14,19,18,9,-1,7,12,-1
8,20,13,5,9,1,18,9,-1,6,11,32
13,-29,6,-14,16,-3,18,-26,10,-29,17,-4
0,-24,0,-29,3,-24,12,-1,15,-8,2,-32
17,-34,2,-28,3,-20,0,-24,8,-5,10,-21
13,2,2,-1,12,-4,26,-4,12,-29,11,-20
6,-15,0,-9,5,-13,10,-30,15,-1,3,-32
1,-21,4,-12,11,3,2,-27,25,4,4,-28
6,-21,16,3,17,-6,21,-22,16,-24,21,-24
0,7,16,-1,1,-2,2,-16,26,-23,24,-12
1,-17,10,5,11,0,16,-1,3,-3,0,-26
4,-23,25,-2,16,-24,26,-15,1,-3,25,-15
2,-16,9,3,11,-3,21,-8,17,4,21,-2
10,-9,24,5,22,-15,26,-9,24,2,0,-18
5,-20,16,-3,21,11,3,11,25,5,7,4
6,-11,7,1,0,-18,0,-15,11,-11,0,-19
1,12,14,-12,9,0,6,-22,24,11,0,-14
1,9,5,-2,2,15,11,-18,3,-8,15,8
2,7,10,6,16,-11,11,-7,19,-7,4,1
2,12,22,13,20,-11,22,6,12,10,11,9
4,-9,15,13,21,6,16,-5,2,5,15,-5
4,-4,0,-2,11,-13,14,19,13,-3,0,-11
2,20,3,2,24,11,2,7,20,2,0,16
1,-3,8,-8,5,-7,21,-9,24,-14,0,-6
6,-12,3,-10,24,-12,22,22,9,12,3,-11
6,-7,25,-2,22,-2,9,9,2,4,19,11
13,20,5,-2,20,8,0,22,4,-7,0,6
13,23,3,-11,22,-10,2,13,16,19,10,-8
13,-4,5,-7,1,11,20,-4,1,-6,21,10
13,-5,6,-8,15,27,13,15,10,7,1,27
3,-6,21,2,23,1,8,8,0,23,4,-8
13,-2,16,2,18,24,14,-4,26,19,5,-7
5,15,23,2,20,3,24,27,17,-1,4,17
2,1,16,0,26,14,19,6,21,28,0,22
10,7,16,8,21,14,4,8,21,17,21,22
10,5,9,21,10,16,15,28,1,8,1,-2
9,14,10,2,2,16,24,11,23,24,12,20
9,25,25,8,10,19,0,10,22,20,1,28
9,27,22,9,2,0,14,0,12,15,3,7
