-24,-5,-14,-7,-12,-4,-12,-19,-4,-20,-12,-38
-19,-12,-20,-17,-20,-16,-6,-12,-18,-20,-13,-24
-18,-9,-7,-19,-3,-17,-20,-22,-23,-8,-13,-25
-1,1,-8,-24,-24,3,-15,-21,-17,-21,-17,-27
-18,1,-8,-15,-18,-8,-14,-9,-16,-34,-4,-11
-17,4,-15,-31,-2,-4,-25,-20,0,0,0,-21
-7,-1,-18,-22,-5,2,-21,-8,-24,-16,0,-16
-5,-19,-15,-16,-1,-17,-23,-5,-9,-22,-19,-30
-9,-10,-20,-27,-25,-11,0,0,-1,-2,-17,8
0,0,-21,-4,-6,3,-5,-11,-2,-3,-16,-19
-23,-7,-1,-11,-16,10,-24,1,0,-8,-17,-8
-16,3,-5,5,-20,2,-16,-7,-15,-22,-18,-1
-10,-17,-4,11,-23,5,-9,12,-20,7,-2,-14
-4,-10,-7,-6,-14,-1,-6,1,-14,-22,-11,-21
-16,-22,0,0,-16,-1,0,0,0,0,-16,2
0,0,-11,-15,-10,5,-17,11,-12,-18,-13,11
-4,-3,-6,-14,0,11,-24,-6,-11,-13,-9,4
0,-1,-8,-20,-6,-7,-16,13,-25,5,-9,-11
-22,5,-2,11,-2,-6,-15,14,-15,-18,-13,-8
0,2,-21,-17,-1,13,-6,-15,-2,-2,-13,-17
-19,-11,-22,-1,-16,7,0,0,-8,8,-14,-12
0,0,-15,16,-1,-15,-9,11,-6,1,-19,20
-2,-12,-25,8,-3,-4,-7,12,-4,-7,-25,18
-11,-2,-24,1,0,10,-20,-10,-18,-2,-4,-1
-24,14,-16,22,-20,-1,-19,5,-19,8,-19,18
-4,5,-13,22,-2,-12,-21,14,-12,12,0,-4
0,7,-5,3,-15,11,-12,2,-5,12,-16,-5
-9,4,-4,-3,-16,8,-24,3,-19,10,-5,-4
-23,-7,0,0,-8,26,-5,-6,-15,-9,0,13
-24,-1,-3,2,-4,11,-19,19,-3,-3,-23,-6
0,-2,-12,27,-7,18,-18,12,-8,13,-10,-3
-23,16,-3,26,-3,30,-12,0,-17,24,-9,-1
-20,17,-21,23,-7,23,-2,31,-24,25,-25,14
-16,22,-6,27,0,0,-16,20,-16,28,0,32
-25,1,-15,34,-4,18,-12,17,-15,0,-10,22
0,-2,-12,9,-11,5,-8,31,-14,4,-24,24
-4,10,-19,-1,-21,12,-14,18,-15,20,-11,19
-6,30,-9,25,-12,21,-16,1,-19,25,-13,30
-11,29,-9,10,-21,4,-15,12,-21,29,-20,20
-24,-4,-20,-21,-8,-35,-1,-17,1,-29,-23,-23
-22,-6,-5,-11,-13,-33,-4,-20,-5,-29,-6,-24
-16,-10,-23,2,-19,-34,-2,-11,-9,1,-20,-3
-16,-3,-19,-4,-16,-14,-3,-16,-2,-1,0,0
0,0,-6,-24,-19,-22,-19,-1,-7,-23,-6,-28
-5,-7,-1,-5,-9,-26,-2,-15,-11,-30,-14,-24
-20,-3,-17,-5,-4,-2,-23,-2,-13,0,-21,-22
-2,-5,-20,-22,-11,-19,0,-2,-16,-1,-15,-22
-4,-6,-16,-20,-14,-21,-3,-15,0,-1,-16,-8
-1,-2,-3,-2,-20,5,-14,6,-13,9,-1,-25
-7,3,-6,-26,-17,-7,-6,-18,-16,-26,-7,-19
-17,9,0,-5,-20,10,-19,7,-6,-22,-16,-11
-3,-24,-20,-20,0,0,-19,-16,1,8,-5,-13
0,0,1,9,-14,-4,-16,-23,-14,-16,-18,-8
1,7,-6,-4,0,0,-24,-15,-14,-12,-11,-2
0,0,-18,-19,0,-10,-16,14,-17,-7,-8,-19
-24,5,-7,-9,-21,-11,-11,-18,-4,5,-17,-8
1,-9,-22,-4,-17,-12,-14,9,-2,17,-13,4
-7,13,-21,3,-12,16,-9,-18,-4,-20,0,1
0,0,-7,8,1,5,-6,12,-11,17,-23,12
-21,1,-7,12,-22,-14,-19,18,0,-6,-23,7
0,-2,-5,-16,-1,-11,-3,-13,-22,0,-2,6
-17,-15,-8,-10,-23,-4,-19,-9,0,-2,-17,-16
-1,-13,-20,-10,-22,15,-4,6,-3,-7,-5,4
-2,-3,-19,18,-5,-8,-1,20,-1,1,-1,3
-4,3,-10,18,-13,1,-19,-1,-24,10,-24,-13
0,-2,-4,14,0,3,-7,24,0,-1,-1,15
0,1,-5,5,-12,-3,-7,-2,0,20,-10,25
0,1,-14,20,-24,21,-4,16,-1,0,-19,5
1,-5,-23,-7,0,0,-13,6,-6,21,-11,-2
-12,8,0,-1,-18,14,-2,-2,-15,-5,-9,14
-5,-5,-10,11,-23,-1,-6,0,1,1,-8,18
-18,2,1,0,-2,5,-21,9,-6,22,-17,28
-17,1,-17,18,-8,2,-22,-1,-14,15,-5,24
-19,10,-16,1,-8,0,0,0,-5,-3,-12,16
-7,13,-12,27,-18,7,-1,-1,-13,25,-5,11
-18,1,-22,-1,-19,24,-8,16,-15,19,-7,5
-17,9,-13,18,-1,19,-2,22,-12,6,-16,1
-20,9,-3,11,-1,34,-7,37,-2,24,-8,17
-13,-17,-17,-21,-17,-32,-23,-9,-17,-6,1,-21
-23,-2,-7,-9,-1,-10,1,-19,-12,-13,-1,-18
-2,2,0,-27,1,-26,-20,-25,-8,-24,-18,-7
-11,-1,0,-14,2,-35,-7,-31,-10,-2,0,-35
2,-29,-18,-15,-21,-13,-20,-32,-14,3,-15,-20
-11,-27,-22,-27,-7,-20,-5,-18,-5,-13,1,-23
-11,-8,-14,-10,0,0,-9,-27,-14,-12,-23,-17
0,-8,-9,6,-4,2,-6,-29,-12,-22,-18,2
-16,-7,-16,-27,-11,-6,-12,4,-16,-16,-16,5
-1,1,0,0,-3,-28,-11,7,-14,-14,-1,-1
1,2,-2,-5,1,9,-22,-24,-16,-2,-1,2
-19,-1,-18,-25,-3,0,-2,9,-20,-21,-18,-23
-4,9,-11,-4,-17,-22,-7,-11,2,0,-14,-22
0,0,1,-12,-10,-14,-7,-22,-3,5,0,0
-22,11,-17,5,-20,-5,-2,-19,-7,-2,-2,-5
-9,-9,-2,-20,-23,13,-1,-15,-7,15,0,0
0,0,-4,15,-4,8,-1,-22,-4,7,-14,-22
0,0,-6,8,-10,14,1,14,-15,17,-17,-8
-1,-6,-16,-14,-14,10,-5,13,-23,4,-14,11
-5,-4,-4,-19,-22,-2,-2,5,-5,8,-8,18
-1,7,-18,7,-12,3,-22,18,-12,-1,-20,-16
-10,-4,2,6,-5,-12,-10,-9,0,14,-11,-1
-19,7,-21,14,-16,-3,-9,-8,-9,1,-20,-1
-3,13,-11,-10,-17,16,-9,0,-9,0,-7,4
0,17,-7,10,-18,18,-10,21,-1,11,0,-7
-2,-10,-9,-13,-10,5,-12,-12,-20,23,-21,-8
-4,6,-11,-5,-8,11,-13,12,-2,7,-20,-4
-20,16,2,24,-11,0,-18,12,-17,9,-15,20
-17,1,-11,27,1,21,-14,21,-19,27,-2,22
0,0,-23,8,-13,25,-5,13,-17,2,-17,6
-13,5,-11,-8,-1,28,-7,24,-5,-7,-16,20
-12,24,-14,-2,-21,8,2,-6,-20,22,-23,-5
-6,28,-15,-2,-18,2,-10,27,-23,28,-13,6
-11,-5,-12,7,-3,1,-21,-5,-23,-4,-18,27
-11,29,-11,12,-4,20,-21,7,-11,14,-21,32
-5,-3,-23,32,-20,-1,-3,6,-18,4,-10,6
-1,16,-17,26,-3,22,-17,5,0,0,-14,1
-20,3,-1,12,2,27,1,7,1,7,-4,34
-22,30,-21,11,-22,7,-4,24,-17,5,-2,30
-20,-5,-22,-19,-18,-25,-3,-3,-16,-22,3,-13
3,-35,-2,-33,-12,-4,-20,-29,3,-21,-5,-10
0,0,-14,-2,-13,1,-13,-36,-16,-18,-14,-35
-18,-29,-14,-11,3,2,-12,-9,1,-34,-18,1
-10,-5,-1,4,-13,-17,-7,-29,-7,-19,-3,-2
-22,-29,-9,-24,-1,-5,-3,-18,-19,-22,-17,-12
-16,-2,-12,-7,-1,-1,-17,-23,3,-26,-12,-27
-10,-30,-18,6,-19,-30,-16,-17,-19,-8,-12,3
0,-29,-18,-14,-11,3,-20,-2,-5,-28,-18,-28
0,-2,-2,-29,-9,9,-4,-11,-11,5,-12,-19
0,1,-12,6,-11,-19,-7,-28,3,0,-2,-1
1,2,-18,5,-6,-18,1,-27,-12,3,-11,7
3,7,-20,10,-2,-3,0,-9,-14,8,-6,-24
0,-16,-15,-18,-1,-19,-6,-18,-9,-21,-11,-12
-8,4,-20,11,-9,-14,0,0,1,8,0,12
0,0,-22,-3,-16,-22,-9,3,-20,11,-19,-6
-18,12,2,-21,-4,-14,-18,-4,-17,8,1,16
-22,-5,-9,-4,2,-13,-3,8,2,14,-20,-15
0,0,3,-16,0,-19,-9,5,-11,-4,0,0
-1,-6,-12,13,2,3,-6,-9,-6,-9,-20,8
-6,-4,2,8,-1,-3,-20,-17,-10,9,-19,7
-3,5,-15,9,-22,-12,-9,-6,-18,2,-5,19
-20,10,-14,20,-5,-8,0,16,-14,-6,-4,-1
3,-2,-1,20,-2,0,-11,2,-17,-13,-17,-7
-21,12,-6,11,-8,6,-7,9,-4,-7,-12,7
-15,-13,0,-5,-10,2,-15,9,0,0,-17,-1
-16,-6,-1,-5,-7,-1,-7,-9,-12,-6,-9,12
0,6,-9,-4,-22,23,-18,-2,-8,0,-19,3
0,0,0,0,-2,2,2,17,-18,5,-2,21
-3,10,0,0,-9,-2,-13,4,-5,14,-8,5
-3,30,2,8,-6,25,3,29,-12,8,-6,20
-9,3,-19,-6,-5,20,-9,25,-8,16,-18,-1
-19,30,-6,28,1,-3,3,11,-14,6,-9,2
-6,12,-22,29,-21,17,-11,-5,-7,16,-10,23
-4,5,-9,-1,-1,28,-21,-4,-8,-1,-3,11
-17,12,-2,17,1,27,-15,13,-15,7,-6,18
-2,0,-16,7,-10,12,-12,23,-4,4,-1,36
1,27,-19,1,-14,8,-14,34,-15,11,-4,0
-17,3,-2,33,0,0,-18,29,-12,28,-9,28
-16,-9,-19,-26,-7,-31,0,-35,-11,-20,-4,-32
-14,-7,2,-34,-15,-13,-15,0,-21,-1,-4,-3
2,-3,-21,-21,-3,-5,-13,-30,-12,-27,-4,-15
-3,-23,-3,-35,-14,-12,-2,-33,-16,-19,-3,-26
-14,-23,-5,-3,-10,-7,-19,-22,-16,-6,-4,-22
-14,-20,-9,-2,2,-10,-17,-18,1,4,-12,-6
-10,1,1,-28,-19,-7,-2,-26,-10,-27,0,-4
-19,5,1,4,-9,-1,-20,-29,-13,5,-9,-9
0,0,0,0,-5,-5,0,7,-3,-19,-4,-29
-3,-11,-2,-15,-4,-16,-16,1,-1,-12,-19,-15
-7,-6,2,-12,-6,-20,-19,-23,-6,-28,-13,7
0,-23,-16,-3,-16,-24,-19,10,0,1,-7,4
-2,10,-21,-10,-7,-15,-16,-2,-13,-15,-8,-20
4,-14,-10,-2,-9,10,4,4,-12,7,2,-11
-8,0,-1,13,-3,-14,-10,-14,-20,13,3,3
-1,11,-15,7,-6,14,-8,4,4,7,-2,-19
-21,-12,-20,-7,-17,6,-15,16,-10,-9,0,-15
2,-16,-12,7,-5,5,-1,-14,-15,-21,-16,-11
-17,10,-4,14,-5,9,-19,13,-1,-1,-1,-18
-20,4,-14,-3,-2,8,-8,10,-18,-16,0,18
-8,14,-19,15,-13,5,-3,-2,-10,4,-1,18
-18,1,2,16,-19,11,-14,-7,-19,5,-4,0
-15,-4,-14,17,-13,16,2,12,-12,2,-9,-13
2,4,0,-1,-14,19,-13,-8,-18,-15,-7,14
-20,8,-3,0,-1,-10,-9,14,-17,21,-15,5
1,3,-14,8,-21,4,-12,-8,-11,-13,-18,7
-11,26,-2,7,-7,11,-14,25,-3,17,-15,14
-16,24,-16,10,-6,-1,2,11,-8,17,-3,11
-16,10,-9,7,-4,-10,-5,17,-13,14,-20,-9
-17,8,-4,28,-2,7,-18,-1,-5,6,-4,5
4,27,4,23,-14,-1,-7,24,-12,-7,-7,8
-16,-3,-15,20,-19,-7,-20,-2,-7,21,-3,5
-3,-4,-11,6,-14,0,-16,16,-3,4,-9,9
-16,27,1,9,-7,-3,-18,11,-14,27,-21,30
-5,22,-20,-3,-6,18,0,3,-11,9,1,12
-12,31,3,7,-8,-2,-15,32,0,26,0,7
-19,5,-13,14,-8,2,-7,4,-1,20,-3,3
-6,0,-19,23,-8,23,-17,7,-16,0,-19,16
2,6,-13,0,-14,24,-5,11,-19,4,1,34
-6,-31,4,-13,0,-27,-11,-11,-3,-33,2,-32
5,-23,3,-11,-16,-11,-1,-6,-20,-27,-8,-29
-5,-16,-11,-25,-16,-36,-3,-21,-17,-1,-9,-20
-6,-11,-9,2,-2,-18,-3,-24,-13,-10,-1,1
-2,-2,-19,-16,-12,-6,1,-2,3,-6,-8,3
-3,-14,-2,-4,-10,-30,2,1,2,-28,-2,-6
4,-31,-3,-18,-3,-12,-2,5,-6,0,-13,-21
-3,-14,0,-2,-7,-10,0,0,-3,-3,4,-31
-18,-24,-14,-27,-1,-25,0,-16,-9,1,0,-1
-12,-21,-11,1,-6,-7,3,-16,-20,3,5,-19
-14,3,-5,-25,0,0,-13,7,-14,-22,1,-4
1,0,-18,-22,-1,-27,-3,-24,-17,-1,3,2
1,0,-10,-18,-13,7,-15,11,-3,6,-5,-18
4,-12,-12,3,-19,12,-15,-24,-1,6,0,-12
-15,7,5,-13,5,-20,-9,-15,5,-13,-1,13
-20,-6,-12,10,-8,15,-15,-23,2,-8,-1,0
-16,-4,0,0,-18,1,5,-9,-15,15,0,-2
3,-18,-17,-8,-16,-10,-2,17,-15,13,-4,-3
4,-4,-20,-2,0,15,-8,-20,-7,11,-14,-16
-9,-4,-12,6,1,14,-3,-14,0,13,-5,0
-1,7,-20,12,-11,10,-15,-14,-19,12,-3,1
-9,-4,-2,11,-19,13,-9,12,-15,-17,-12,-4
-17,5,1,12,-17,21,-17,10,-1,6,-8,-12
-1,5,4,12,-12,4,-16,-14,5,14,4,-12
-16,8,-7,5,-14,21,-6,19,-13,-9,3,-13
-19,11,-14,2,0,8,-15,15,-1,-1,-8,22
-2,23,-16,22,-17,4,-1,6,-7,18,-16,19
-11,20,0,0,-2,27,4,6,-20,-2,-11,24
-13,11,5,7,-18,9,4,-4,5,5,-19,-3
5,29,-1,24,-18,13,-17,13,-9,14,0,1
0,-8,-9,30,2,26,-2,4,-1,26,-19,26
-6,2,1,19,-16,17,-8,5,-16,7,-16,25
-12,24,-5,32,-7,10,-15,-4,5,29,5,16
0,0,0,30,2,24,-20,22,-7,32,-9,-3
-14,1,2,16,-8,23,-12,6,5,6,0,4
5,15,-18,31,-3,12,-20,31,4,0,-19,13
-17,35,-15,5,-16,31,4,19,5,21,1,1
-19,37,-20,36,-18,6,-12,10,-15,3,-4,7
3,7,-14,34,-8,12,1,6,2,27,-15,25
-18,-1,5,-15,-1,-15,-3,-9,0,0,1,-37
2,-9,-3,-5,-14,-6,0,0,-19,-35,6,-8
1,-9,-1,-11,-17,-23,-9,-31,-6,-12,-19,-23
4,-18,-13,-30,-17,3,6,3,5,-28,0,-33
6,-2,-2,-3,1,-31,6,-19,-2,-28,-1,-2
2,-33,-17,-6,4,-23,-17,-10,-4,-14,-3,-28
3,-27,-3,4,4,-11,-2,-28,-5,-5,1,-9
-3,-25,-15,-13,-13,-17,-15,-9,-6,-16,-17,-11
3,8,-8,2,1,-20,-13,-13,-17,-20,-12,3
-4,-12,-19,2,-18,-3,0,-19,-3,6,-1,-12
3,-16,-19,-5,-16,-25,-18,-4,-4,-5,2,-7
-5,-7,-11,0,2,-8,-9,-21,2,-4,5,-16
5,-2,2,-20,-4,0,5,-21,-4,7,2,-17
5,-5,-19,-18,-9,-17,2,3,5,11,-5,-3
5,4,-14,11,-2,-12,-16,-18,-8,-12,-14,-10
-15,-2,3,-21,-12,-18,-11,0,-11,-10,-2,15
0,10,0,-1,-5,16,2,4,3,7,-14,-4
0,-11,-12,11,-8,11,0,0,3,-14,-18,-19
-2,-5,-16,-17,-13,8,-14,-12,2,0,0,0
0,-5,-16,18,-6,11,-9,-16,-12,4,-4,-1
-11,18,-12,-14,-16,2,-14,-3,-13,13,-17,14
-19,-2,-6,9,0,5,-8,15,-7,-15,5,8
2,1,-2,-8,-6,17,-2,2,-14,-13,-5,-10
-19,-4,-17,22,-1,17,-5,-12,-5,21,-3,-8
1,12,4,24,-9,21,0,13,-15,6,-19,-5
6,13,-5,-2,-13,21,-19,-2,-7,16,1,-1
-15,20,1,6,-19,25,-12,-3,-17,-11,-12,-5
-9,-5,-7,-1,-18,14,-2,-11,-8,15,5,12
-4,19,-14,7,-12,28,3,10,-17,23,-11,14
-9,13,-15,24,4,22,-17,1,-4,8,6,-8
1,1,-12,-7,5,17,4,28,-6,18,-13,19
-16,0,2,3,5,-7,-12,8,1,11,4,11
1,0,4,4,6,13,-19,-5,-1,-4,-10,9
3,3,-8,5,-19,21,-11,9,-13,10,-2,25
6,-4,-7,29,3,29,3,26,-6,2,-11,15
-7,22,6,-1,-8,8,-7,5,3,20,-3,24
-7,28,0,20,-13,28,-16,16,0,0,4,9
-3,0,0,3,6,10,-13,25,-7,16,-4,24
2,1,-14,9,-19,18,-7,18,-12,6,-14,37
0,-4,-3,-36,-5,-7,5,-30,2,-5,-8,-25
4,-3,1,-27,-13,-17,1,1,-13,-16,-17,-28
-17,-16,-15,-5,-10,-11,7,-31,-14,-32,-18,-15
1,-1,-13,-6,4,-3,-9,2,-7,-17,-4,-16
1,-19,-17,1,-6,-25,-5,-14,-11,-26,-8,-3
-13,-12,-1,-28,0,-17,-4,-8,-12,4,-11,-16
0,-31,-6,-8,-9,-3,-17,-1,-3,2,-7,-22
0,-14,-16,-5,-4,-26,-10,-16,-14,-5,-6,5
6,-23,2,-5,6,-13,-11,-12,-1,-14,-4,-7
0,-1,-14,-10,-1,-4,-6,-12,-10,-25,-8,-7
-8,-4,4,9,-10,-2,-14,3,-3,4,-14,-28
-12,-25,-4,3,5,0,-11,7,-9,-23,-18,-11
-18,-18,-4,-25,3,-26,-5,2,-5,-17,0,0
-11,-13,-6,-12,-17,-6,-6,-10,-4,4,-1,8
-7,11,6,-21,-1,-8,-11,4,-14,7,-16,-17
-12,-2,1,-6,-7,-3,-11,-17,-11,-19,-17,-18
-10,16,5,-17,-15,6,3,-1,-11,-7,-9,7
-15,10,-4,-5,-18,-11,1,-12,-1,14,-14,-9
-2,-13,-3,-3,-18,-17,-3,16,-3,-7,-18,13
0,0,-5,-19,5,-19,-14,16,2,19,4,-15
-6,-5,-7,0,-10,-17,5,6,-12,-1,6,-17
-13,7,-3,-6,-10,13,-13,15,-16,-12,-13,-14
0,0,0,-10,5,20,-3,11,-15,-2,-8,-16
5,15,-9,-13,-3,18,-9,6,1,-1,5,-2
-2,23,5,9,-15,-7,-9,-4,-18,23,2,11
-6,-1,1,21,-12,-13,0,-5,-17,-4,7,14
0,10,-1,20,7,17,-15,19,-8,26,-17,16
-16,26,-5,13,1,15,1,-6,3,19,1,22
-5,-7,2,-3,1,5,0,7,5,19,-16,13
-15,26,-8,8,-9,27,3,-9,-1,-5,5,13
-11,25,-16,5,-9,26,-5,-7,-18,9,-6,9
-8,12,2,3,0,-6,-18,7,-4,-5,-4,21
-2,27,0,-5,-4,-5,-11,-2,-17,2,-14,17
-6,-2,-9,10,2,13,-17,10,-1,7,4,19
-5,0,2,26,7,31,-15,15,-13,6,-18,15
-4,20,5,34,-3,-2,-9,26,-12,27,-6,2
6,24,-9,21,-16,22,-8,5,3,30,0,2
-2,22,-15,25,-7,21,-15,8,4,0,-15,0
-13,33,-7,22,0,9,-5,30,6,1,7,14
-12,-27,0,-22,6,-36,-8,-5,-11,-4,-9,-27
0,0,-7,-6,-12,-33,0,-7,2,-27,-10,-29
3,-13,-2,-17,-5,-35,0,-20,8,-33,-16,-26
-8,-23,-2,-8,5,-31,-15,-4,-2,-8,-6,-32
-4,-9,6,-22,-15,-26,-3,-25,-15,-27,-4,-17
3,-18,1,2,-10,-14,-17,3,8,-26,-12,-3
-11,-10,-1,-19,-3,-19,3,-13,-13,-30,-8,-9
2,-7,-3,-24,-14,-8,-5,3,-16,-11,7,-5
6,-14,-8,-13,6,-21,0,-22,6,-7,-9,-23
0,0,5,-4,-11,9,-12,-4,-1,-29,-13,-4
4,-22,-6,7,8,-22,-16,5,3,3,7,-23
-3,-25,-16,2,-5,-4,-5,-1,-1,-22,-16,-21
-14,-21,-17,-20,-8,-19,3,-18,2,11,-15,-10
-15,-1,-12,5,2,-6,4,-13,0,-7,4,-12
-13,-10,-17,-10,0,0,-9,-19,4,11,2,-7
-14,-13,-11,2,-7,6,-16,-2,6,1,5,-14
-12,16,0,0,1,-16,2,-2,3,-2,-16,13
6,11,-2,-1,-1,0,-17,-17,-4,-1,2,-21
5,-17,-13,2,-5,1,1,16,-17,2,-11,-9
-8,-19,7,-11,0,0,-15,0,6,-12,-8,-6
0,0,-13,-17,-9,0,5,-16,-1,11,1,-4
-5,-3,-13,-5,3,-9,-10,7,3,-13,-12,2
5,-1,-16,-5,-5,10,-17,-10,0,21,-15,-3
-2,9,0,10,-15,-5,-15,3,-17,10,5,7
-13,11,-6,7,0,18,-10,-2,1,-1,-3,-12
-7,-13,-16,8,-17,-9,3,-2,-16,-6,-12,-7
2,-1,-17,-12,4,-4,2,0,-17,8,-14,-8
-10,17,3,-5,-14,11,-15,13,1,22,6,23
-11,17,-2,18,-8,22,-14,22,-1,4,-8,-2
-17,12,7,29,2,20,-13,29,2,15,-14,12
0,4,2,1,5,9,-9,25,-5,1,-7,24
8,3,-6,-1,-3,-4,6,4,-8,27,2,27
2,3,8,10,-10,29,-7,16,8,30,-14,29
0,0,-16,25,-17,28,7,20,-16,1,-13,6
-6,25,-11,28,4,26,1,15,-3,31,3,29
0,-2,-5,0,-8,11,-13,31,0,0,-9,31
-6,30,-17,23,-6,15,-16,25,-8,5,-3,36
1,10,3,11,-10,2,-1,33,0,0,-6,29
-15,19,-17,3,3,29,-16,3,-6,11,8,18
-3,-36,-11,-37,0,0,2,-32,-7,-11,3,-29
-1,-12,-15,-34,-8,-32,-2,-36,0,0,8,0
8,-14,-13,-2,9,-10,-12,-17,3,-8,5,-21
-10,-1,1,1,2,0,5,-18,8,2,-7,-11
-15,-17,-3,-2,9,-33,-5,-21,-6,-8,-12,3
-7,-8,-13,5,9,-18,-6,5,5,1,-4,-33
5,-10,-10,1,2,4,-14,0,9,-7,-1,0
-4,6,5,3,-8,-28,6,6,7,-11,-2,3
-4,-3,6,-30,-8,-26,-9,-19,-12,-27,4,-21
-1,2,8,-8,-10,3,-6,-29,-16,-29,-2,-18
8,9,-10,-22,-7,-4,0,-23,-1,-25,-14,-17
-1,-8,5,-7,-15,-25,0,-14,-1,2,1,-24
4,10,5,-7,5,-8,2,4,5,11,-7,-8
0,0,-5,-20,-7,8,-2,-25,2,-11,-1,-5
-15,-13,-6,-23,-9,-16,-2,-7,-1,12,-6,4
-8,2,-15,-9,-15,-7,-8,-14,-15,9,3,-5
-3,-8,-6,6,-11,12,1,6,-15,13,-15,-5
9,9,-13,-14,1,5,9,14,-4,15,1,5
0,1,5,12,-4,-16,9,1,2,-16,-12,-12
-9,-12,2,-4,-8,15,2,5,-8,4,-2,-4
-11,4,9,20,-1,9,7,8,-4,-4,-2,-18
-1,1,-11,20,-15,12,-10,15,7,-9,-9,19
-2,19,8,-1,7,-4,-8,9,-12,2,-7,21
1,10,-7,-15,9,-3,9,21,-3,-1,-7,-4
3,23,-16,12,-4,6,-3,-4,-6,11,-2,-5
6,20,-12,2,7,5,-2,9,7,17,-15,6
-2,-6,-14,-4,-11,-5,-15,23,-3,5,-3,13
8,16,8,25,-5,18,0,14,9,3,-5,-7
-7,-4,2,1,-3,-4,0,21,4,27,-5,27
-7,0,-4,3,-1,29,-7,21,2,8,-16,16
1,0,-6,14,9,12,3,15,-8,21,-12,7
-1,3,9,20,2,-5,9,24,-3,3,-5,0
-12,-6,2,31,-9,26,-10,5,-14,25,1,7
-1,11,8,23,8,14,-11,6,8,-1,4,27
-12,8,-11,0,-6,26,-9,34,-9,24,-14,18
3,5,3,27,-5,12,4,-3,5,18,7,0
-6,31,0,21,-14,35,-15,26,1,34,-7,34
-16,37,8,19,1,8,3,6,-4,37,7,27
4,8,0,2,9,22,-15,37,-12,27,3,5
7,-31,3,-6,-14,-11,-13,-9,4,-5,-4,-29
-8,-34,-14,0,6,-12,-13,-7,-10,-13,-12,-31
-2,-10,-8,-1,9,0,6,-5,2,-22,-12,-17
-5,-12,-5,-19,6,-32,-14,-27,-4,-20,6,-30
5,-3,-4,-8,6,-13,-3,-33,-15,-23,-13,-30
0,0,-4,-20,1,-15,6,-24,-9,-32,4,-8
0,0,3,-1,10,-11,2,-6,-9,-20,5,-10
-4,-6,-7,-2,0,3,-14,-8,1,-10,-8,-13
-14,-30,-6,-4,0,0,8,-14,-3,-24,-14,-30
-4,-10,0,-6,-9,8,-11,-23,-15,-21,-2,-15
-2,-22,1,-17,-10,-1,-1,-16,4,-3,9,-8
0,0,8,-12,-9,2,5,-15,6,-20,2,-5
4,-23,-13,-6,4,-17,0,0,2,8,4,-25
3,-11,0,-15,-5,13,2,-8,0,0,-6,-19
-15,4,-9,-17,-12,6,3,-13,-11,-12,0,0
8,-15,-10,-18,-11,-18,1,-1,8,2,1,-7
-9,2,3,-4,-15,-22,10,-14,-1,2,9,-14
4,-16,0,0,-11,10,4,-5,-11,-20,-7,6
-7,4,-12,-4,-10,17,-3,15,6,-4,-5,6
-10,-11,-12,-8,4,-16,-10,12,6,6,-1,6
-14,3,8,-4,2,5,-13,-11,-2,-5,-11,0
-13,17,-1,-2,-12,-7,-6,5,-2,12,0,-4
-13,-5,6,-1,4,-14,0,0,9,7,6,-8
4,1,-1,18,-4,3,-4,-11,-14,7,-5,-9
-2,2,-9,8,-12,22,-1,-10,7,18,-5,22
7,-13,0,20,-11,8,-7,3,0,5,-9,21
2,14,9,7,-8,4,0,7,1,13,-1,23
-3,25,-6,23,-11,27,-11,-1,-1,-10,-13,-9
-5,0,2,10,-12,19,-9,-2,-14,17,1,27
-3,14,10,11,5,7,-9,24,-12,21,-6,8
-11,25,9,21,-9,12,1,-8,-3,16,-4,14
-5,5,-2,-1,4,-3,-5,10,0,0,-15,30
0,0,2,-4,6,30,-7,14,-4,31,-13,31
2,6,0,29,-5,31,3,4,-5,31,6,-5
2,2,-9,6,3,26,3,17,7,18,-15,24
-4,17,2,1,-11,12,-6,8,-12,34,10,31
1,14,-10,21,-7,8,10,25,-3,24,2,3
-4,7,-1,34,6,28,-5,17,-8,8,0,8
-10,37,-4,4,8,11,-5,9,-10,23,8,19
-3,-1,-6,-8,-2,-9,-2,-36,-6,-30,-1,0
-3,-3,-10,-11,8,-7,11,-4,-2,-5,-13,1
-10,-25,-4,-27,6,0,2,-22,-5,-6,-14,-30
-10,2,6,-8,10,-14,4,-32,-3,-31,-11,-8
-13,-30,-1,-24,10,-7,4,-29,-8,-25,6,-15
2,-14,8,-27,-8,-6,5,-32,0,0,-10,-29
7,2,10,-23,-4,-28,-7,-7,10,-16,10,-28
0,0,5,-8,0,0,-11,-26,-4,-14,6,3
2,-26,4,-3,9,-25,-3,-12,-12,-12,4,4
5,-29,-2,-15,10,-23,-7,-21,-11,-22,-7,-24
2,-10,-4,-5,6,-19,8,-19,4,-13,-1,-13
11,0,8,-9,-8,-8,7,11,11,-26,-7,-11
-2,-17,3,12,-13,-21,-2,-6,-12,1,0,0
8,-3,-5,-22,-14,3,-6,7,-2,0,-1,-7
10,-18,8,-12,-10,-7,-10,-4,-7,-13,0,-4
-1,-18,10,9,-10,-5,3,-4,9,-9,9,-15
6,-19,0,-8,3,-16,-3,-8,0,0,-8,-1
0,6,0,6,-9,-2,1,-6,2,15,-10,-20
-8,-7,-10,4,2,-9,5,-12,6,-8,-9,8
-14,10,-12,-16,11,17,-8,15,8,-2,-8,-10
-12,-9,-10,12,3,13,8,-7,-7,18,-2,-11
7,6,-2,-11,-3,-15,-3,-15,-13,19,11,19
1,-14,4,14,-9,20,-5,-13,6,-5,-3,4
-13,-2,-4,-11,11,-6,-6,23,11,2,-7,-2
-14,0,6,0,7,9,0,20,-10,2,1,3
-5,-12,5,12,-14,1,-13,-3,1,-11,-3,11
9,22,8,16,-10,13,10,22,2,19,10,-5
-13,-2,-10,-4,-8,-6,-11,24,3,19,-9,11
-11,1,2,5,-10,19,2,25,-14,19,-1,23
4,1,-1,5,-7,1,-7,23,-10,24,-11,19
-7,-3,-12,2,-8,8,-3,19,-12,0,-12,16
-5,30,-8,13,-12,22,-5,-1,-12,17,-9,17
5,6,-5,12,9,-2,8,30,-10,-1,5,1
5,1,-2,31,-4,10,0,31,-12,20,-12,3
-2,-2,4,9,-4,7,8,1,7,22,4,32
3,20,-7,35,-3,25,-1,21,0,27,-5,19
2,27,11,5,4,20,2,35,-12,13,6,12
7,7,-6,30,-4,31,-14,19,-4,18,-10,13
10,9,-13,26,9,13,10,38,9,12,2,12
-13,-20,-10,-32,11,-5,-5,-2,-5,-18,0,-2
-2,-7,-13,-10,0,-34,-2,-30,-4,-8,2,-37
8,-29,9,-6,9,-22,-6,-33,-5,-29,8,-5
-12,-19,3,-13,-13,-5,11,-25,11,-3,-11,-26
-11,-21,12,-2,9,-16,7,1,-13,-16,-7,-14
-3,-4,-13,-28,-6,-13,4,-26,-3,-19,9,-25
8,-7,-1,-31,0,0,-5,-6,10,1,3,4
-3,-27,0,0,8,-19,0,0,6,-10,11,-16
-13,-24,-2,-2,-13,-23,2,5,-2,-22,-2,-7
1,-21,-3,-18,-3,8,9,-17,-7,-2,-4,-27
7,2,-1,-24,11,6,-2,-9,-10,-9,-12,-7
-3,3,-12,6,8,-26,-7,9,-7,-23,-8,-18
-13,-25,6,-6,-5,-4,11,-25,-5,-17,-2,-15
-3,3,-9,-22,-2,-9,1,-15,4,-8,-13,11
-8,1,5,-2,-10,9,11,4,-9,0,3,-1
-4,15,-8,5,5,-8,0,15,3,-4,4,-7
12,-14,3,-5,-3,0,11,11,1,-4,-8,-17
2,-10,-7,10,5,-3,-9,16,-8,-7,9,5
-6,9,11,-20,-10,-11,-5,-12,6,12,2,14
-10,-4,12,-14,-6,-2,-6,0,-3,10,-8,7
-5,-6,2,-3,-11,-16,5,14,-9,12,1,0
12,7,6,11,3,-9,0,-14,4,12,2,10
6,17,0,0,0,3,6,-2,1,-9,8,-4
-12,-14,4,-3,-2,-2,0,-10,9,-13,2,1
-12,0,-13,-5,-11,-2,7,-4,-12,-11,12,17
-10,7,0,0,2,6,11,-1,-13,14,-12,-1
4,-3,5,0,-1,-10,8,2,8,-6,3,-12
5,-8,-13,-7,10,5,4,18,-12,-11,-11,27
0,18,0,-8,1,24,4,21,4,0,7,27
11,26,-9,-9,-5,28,1,2,-12,19,3,29
-3,26,-11,-2,6,5,-8,18,9,0,2,-1
7,31,-10,5,-12,-4,-1,-1,11,2,-2,12
-8,6,0,16,-1,12,-13,31,3,1,-3,27
-4,3,-3,2,-1,14,4,1,9,14,0,16
7,3,2,4,4,-2,9,24,-10,21,-2,8
-4,26,8,6,0,34,-4,11,7,32,-4,25
-7,8,-12,8,-6,26,9,12,-9,15,6,24
-1,17,9,23,6,17,-1,30,2,3,1,7
1,1,-10,10,-2,25,-2,16,-10,16,10,36
3,-2,-11,-21,13,-8,8,-13,-11,-37,13,-18
-2,0,0,1,3,-37,12,-5,6,-12,12,-8
1,1,12,-18,5,-6,-4,-5,7,-31,0,-26
3,-7,4,-2,11,-7,11,-17,6,-16,-11,-24
-8,-27,2,2,-12,-25,12,-14,2,3,6,-24
6,4,1,3,4,-32,0,0,1,5,1,4
-7,-30,0,0,-2,-1,-10,6,-4,-15,12,-4
1,-19,-6,-23,-10,2,3,-27,0,0,13,7
7,-17,-5,-2,12,-7,0,0,-10,-30,10,7
2,5,-3,-13,-9,-25,3,1,4,1,-12,-3
5,-4,-2,-22,1,1,4,-27,-10,8,-8,2
-6,-13,0,0,4,7,-6,-14,-12,-6,3,11
-2,-21,9,-9,1,-12,-4,2,9,-25,0,-7
5,-23,6,-9,0,-9,-12,-8,4,2,3,-15
12,-10,6,-20,4,-7,-5,-22,12,3,-4,-20
-1,-11,1,6,7,15,-1,15,-6,-21,-5,-2
2,-22,2,-18,0,0,-4,7,1,1,-12,9
-8,-18,13,9,13,6,-12,-19,1,-10,1,9
10,-14,1,0,10,-11,-6,2,4,-19,10,-5
-4,-18,4,11,12,9,-10,-3,8,6,-8,7
-10,-6,-3,14,-1,-12,12,8,-5,4,-7,-5
6,-11,-11,-5,0,0,8,15,2,8,-12,-5
13,20,11,6,0,15,2,0,4,7,-12,-6
-4,7,-4,4,9,20,-8,-1,3,-10,2,9
11,-13,2,15,-12,-3,-3,-5,7,12,13,-7
8,4,-9,17,-2,3,2,22,-7,-8,-12,1
3,-5,4,-3,-10,-11,-2,-1,-5,8,-6,18
1,9,10,27,-4,25,-11,27,-4,7,-8,10
2,-5,-11,26,-11,-6,-7,-7,8,3,6,21
3,4,0,14,13,14,-2,23,1,7,-11,14
-1,16,2,13,6,25,-6,15,-2,24,7,16
11,28,4,30,8,19,-12,14,-5,27,-2,17
0,29,8,22,-8,-3,6,17,12,11,8,24
-10,23,-1,3,4,15,13,17,1,27,7,33
-4,-4,-3,16,1,21,-2,11,11,33,-3,10
-10,32,11,27,-4,26,-12,13,-10,6,-9,4
6,34,3,35,13,29,1,20,-2,5,7,9
12,2,-3,36,-4,23,12,1,-9,27,-8,34
-1,28,-6,11,-3,5,-9,29,0,0,13,8
-5,-12,8,-33,-3,-5,8,-21,-6,-20,6,-36
-7,1,12,-26,-1,-17,-9,-28,7,-6,-4,-14
3,-20,8,-30,9,-31,-11,-11,-7,2,9,-10
2,-6,3,-16,0,-23,14,-24,-2,-23,6,-10
-8,-20,-2,-24,-3,-22,4,-28,-9,-31,12,-4
5,5,3,-16,-3,-19,11,-7,-7,1,12,2
1,-12,8,6,9,-18,2,-17,4,-31,9,3
-9,7,9,-29,14,-17,13,-22,14,-18,13,-9
0,-7,-4,-1,-2,-20,-4,-30,13,3,-10,-26
5,2,3,-1,-6,-1,2,-20,-10,-4,-9,-4
0,-22,-10,0,6,-21,3,1,10,-15,13,-26
2,7,-9,4,10,7,4,10,12,-18,-2,-26
-8,4,7,-17,7,-26,-10,-25,-5,7,8,-14
-10,9,11,-22,4,-16,-7,-2,4,-15,13,5
-7,12,-5,-10,4,1,-3,-12,-9,14,-8,5
1,-16,-8,4,-8,-6,-7,-16,12,-5,11,12
-9,-5,-8,13,-11,-1,8,-9,-9,13,12,-16
8,0,-5,-8,8,-9,3,-1,6,-1,-5,-19
6,7,-7,-9,-11,0,-8,-10,4,-6,-7,-7
-3,-9,-10,-11,8,9,-10,0,-11,14,4,12
-2,1,-10,-9,1,19,8,15,6,20,-3,-6
0,0,-1,-12,11,-2,0,18,11,13,9,11
-4,0,-1,20,14,1,-8,-3,11,5,2,-15
12,21,-5,3,4,6,-3,7,10,-10,5,0
4,21,1,6,9,-1,5,2,11,-10,2,-1
9,1,6,8,0,22,12,18,-6,22,7,25
14,16,-6,-12,3,-6,-9,23,9,-4,2,-9
-9,3,3,1,-9,5,0,0,-11,19,13,13
0,0,-9,28,-10,3,2,3,13,9,-2,9
-4,13,-1,12,-6,-8,-3,9,-4,18,1,23
1,14,8,10,-7,27,12,21,-6,18,-11,-3
13,-7,12,18,4,29,7,20,0,14,-3,21
-9,12,5,29,14,26,-9,21,-10,-4,3,27
-8,4,5,7,-4,32,1,0,-6,31,-3,4
10,32,0,30,13,14,-9,9,-2,34,-11,4
6,18,3,21,13,0,-4,10,-9,10,7,32
-3,3,9,36,3,15,9,1,-4,22,9,4
-2,2,-4,35,-1,13,-11,30,-3,26,8,20
0,0,2,5,8,25,11,38,8,16,-6,36
-3,-29,-8,-9,11,-33,-10,-35,-4,-14,6,-35
-5,-37,10,-36,-8,-20,5,1,-4,-2,1,-19
11,-5,11,-31,1,-29,-10,-13,1,-17,4,-4
-5,-26,5,-19,-5,-26,15,-7,-2,-35,8,-14
-5,-17,14,-1,3,2,1,3,2,-23,12,-7
-6,-18,1,-17,-4,-16,2,-19,-1,-11,-5,5
5,-32,11,-14,5,-17,11,-10,10,-22,11,-6
-9,-13,-5,-4,9,3,15,1,-9,-18,-9,6
4,-19,2,-2,-9,-30,13,-7,8,2,15,-4
11,3,12,3,3,-29,11,-9,15,3,1,-29
3,-5,3,2,0,0,1,-2,11,-18,0,-25
14,-9,9,9,-7,11,-10,-27,10,-24,9,-17
0,0,-10,-16,-7,-21,-7,-22,-1,-9,3,-3
-9,7,-3,-16,5,-22,-7,-25,1,2,10,-20
-6,-19,0,-11,5,8,15,-20,5,-15,-2,-18
-3,3,13,-4,-10,-1,13,12,0,8,12,-21
-8,-12,-6,14,12,-2,13,-17,-5,-5,7,10
-3,4,1,-14,7,-16,7,-11,-7,-4,10,-3
-7,-17,-5,-2,-3,-6,12,-10,15,2,14,14
-9,-13,-4,-19,12,2,7,-5,3,2,-9,3
-8,12,-10,14,2,10,7,15,-6,-11,-1,2
-1,-3,-1,21,-4,-2,13,0,0,-6,4,13
-3,-1,7,17,6,12,-1,0,6,18,9,12
0,0,-4,20,9,8,-7,-1,10,-14,-5,-14
-10,19,11,17,4,0,-7,-7,1,22,12,19
3,-6,6,3,0,12,3,10,4,-13,-4,-8
-8,-8,11,10,-8,-7,5,-3,-2,4,-5,15
1,0,-7,10,10,-11,-1,4,-5,14,11,9
11,-1,-1,-1,-5,-10,-10,22,1,23,-2,23
6,13,-3,-7,12,29,9,25,8,-6,0,-7
-3,24,15,6,-1,-4,6,0,-10,4,2,30
5,-2,-5,15,11,19,11,16,7,-7,-10,0
10,27,4,-3,8,6,-4,0,12,6,-8,22
8,24,-2,21,-10,27,-4,10,14,-3,2,21
5,10,13,3,9,27,-2,-1,-2,31,1,17
0,0,14,21,3,-1,6,21,4,13,15,1
0,0,9,9,-6,-1,1,10,-1,6,-9,34
-2,3,-7,3,9,6,7,21,-5,14,3,15
12,28,5,24,0,0,8,29,-4,28,-3,15
4,-7,16,-10,-2,-16,1,-11,12,0,6,-35
9,-14,-6,-8,9,0,-6,-20,0,-2,-3,-21
-8,-9,-2,-5,-6,-9,0,0,8,-3,9,-18
8,-31,-4,-19,6,0,0,-34,16,-8,3,-17
-6,-1,9,-8,6,-29,16,-11,-2,-15,-2,-4
13,-29,13,3,0,-32,9,-8,10,-30,16,-33
12,1,-9,-3,2,-2,-5,-32,-9,6,0,0
-3,-13,12,-7,0,0,-6,-11,2,-6,11,-31
-3,-26,16,-29,-5,-11,8,2,-6,-8,-9,-29
9,-24,13,0,14,8,16,-17,-7,-6,7,-9
10,-21,-3,-12,-8,5,9,-27,-8,-18,16,5
-3,9,7,0,15,-20,-6,3,-6,-17,-7,-26
12,3,16,3,0,-5,0,0,-4,-6,-4,5
3,-4,5,7,-7,-22,11,-5,9,-7,11,-21
-9,6,-9,-13,8,-13,-3,-8,9,-2,-4,-8
0,0,2,-8,-9,-22,13,-4,-8,-4,4,-19
-1,5,11,-5,5,8,2,0,-1,15,6,6
-1,0,12,4,1,-20,15,10,4,1,-6,9
-3,-5,16,2,-3,6,-5,-16,7,-9,-3,18
2,-3,16,2,8,-16,-6,4,12,5,16,2
0,-3,7,-17,-9,20,16,-4,2,12,-6,5
-3,3,-1,15,0,-1,12,8,10,-4,16,7
1,0,3,-8,4,-7,14,17,-5,5,6,-12
0,3,6,-14,4,8,11,-10,11,19,1,-8
1,3,-1,0,-7,-5,3,24,1,-4,-3,22
5,20,-2,0,-9,2,5,15,7,11,8,24
5,-2,-1,-11,2,7,-1,-11,7,6,0,0
5,25,-5,24,2,-6,6,-10,0,2,1,14
0,0,3,11,13,13,-9,28,10,5,-2,-7
7,0,-2,9,0,0,16,11,0,5,0,25
-4,-3,0,11,2,28,2,23,11,-1,2,30
-1,27,14,11,-1,1,0,10,4,28,-5,15
2,-2,8,20,-5,21,-8,1,15,9,-2,6
2,-3,-3,7,3,-5,13,2,-9,-2,9,24
0,0,11,12,15,25,2,4,0,15,1,26
1,-2,3,15,16,4,14,7,10,17,2,12
-9,23,5,23,0,0,-8,20,-9,29,-5,5
9,23,9,7,-8,34,2,29,7,16,1,17
-1,29,-8,32,-5,16,7,21,1,23,13,7
7,-23,11,-11,-6,-18,-7,-26,7,-22,-6,-20
11,-20,-3,-11,5,-10,-3,1,-4,-26,-5,-6
0,-1,-6,-15,14,-10,6,1,0,-35,5,-4
9,-3,5,-27,15,-13,5,-33,7,-9,15,-14
5,-23,9,-10,16,4,8,-14,-1,1,6,-7
3,-12,7,-21,3,5,-4,-7,0,-14,14,-4
8,-2,6,-10,13,-16,-4,0,0,0,7,-21
-8,6,15,5,16,4,7,-14,14,-20,-7,-13
7,-4,-6,-14,-8,-14,4,-17,16,-24,16,1
2,6,5,-11,3,-19,4,-7,7,-1,10,1
-6,-28,-1,-3,5,-15,17,-18,-7,-2,14,-28
0,1,11,-20,0,0,-3,-14,-6,-6,17,8
12,-16,4,-24,13,-15,7,-8,2,8,5,3
8,-14,-5,11,8,12,-8,5,-5,-5,0,11
9,-24,13,-23,17,-14,16,-11,1,1,8,0
0,0,11,-20,12,-21,-3,-6,-1,-2,-1,2
-6,-14,0,16,5,4,-1,5,11,-22,17,-11
-1,-3,15,-20,11,-20,-8,-16,10,15,8,10
1,0,17,-17,4,-17,2,-7,9,-11,12,4
0,-4,-4,-5,10,-5,-4,6,0,7,9,12
0,-1,15,9,-8,6,10,-16,-8,-2,-7,6
0,-1,-3,-11,-3,0,15,-11,3,-7,3,14
0,2,-7,4,17,-14,0,11,16,5,-3,18
0,4,0,-4,6,22,11,-15,-5,9,5,-3
0,6,-6,-7,13,-12,12,-8,13,13,17,16
9,7,0,0,3,-5,-4,3,-1,-10,8,9
-5,-12,1,23,-4,-3,-3,9,8,4,3,15
-5,-9,17,2,15,27,9,13,-3,27,-1,-7
4,-2,-3,0,-7,22,10,3,4,25,15,-5
-5,-1,5,16,7,-7,8,3,9,6,16,27
11,-4,1,-1,-8,17,12,26,7,12,2,12
1,0,-8,6,0,8,15,2,-3,25,0,8
12,15,3,-4,7,11,-1,1,7,16,14,7
1,0,12,14,-2,3,11,6,4,11,1,20
3,-3,9,13,8,26,11,15,10,-4,16,5
9,35,2,23,8,29,2,1,17,1,6,7
9,33,5,-1,-5,24,-8,16,4,3,-6,24
-2,0,14,0,1,25,11,27,-4,5,10,22
9,22,17,15,5,28,12,33,17,38,2,19
2,-25,0,-33,14,-1,-2,-32,-5,-18,14,-11
8,-3,-5,-22,13,-6,-2,-21,-4,-6,0,-36
-4,-19,12,-7,9,-24,2,-12,4,-7,-1,-12
11,-9,0,-24,8,-15,-1,-15,6,-8,17,-23
18,3,14,-5,3,-32,0,-29,15,-31,-7,4
9,-6,4,-24,0,-29,8,-20,-2,-27,14,1
-2,-14,3,5,-3,-12,8,2,10,-13,3,-18
-1,6,-5,-27,-4,-17,18,-12,17,-13,5,-4
11,-10,8,-24,2,-24,0,1,0,0,5,-21
8,-6,8,-29,18,9,16,-4,17,-5,14,-23
7,-24,1,-16,14,-11,-1,-16,3,-7,-4,9
16,-27,5,2,3,0,7,-6,15,-17,-4,-3
-7,5,18,10,-6,-25,10,1,-6,3,5,3
16,13,-2,-11,10,4,18,-23,12,-21,-5,10
0,0,0,0,2,-13,9,9,6,-23,1,1
17,8,15,0,0,4,0,0,-2,6,-5,7
-1,11,2,-21,14,-15,4,6,9,4,3,1
-1,-4,1,-18,-2,-3,-2,6,16,-10,18,-19
2,-3,9,-16,5,13,5,12,-4,-12,2,10
-7,13,15,-3,-5,13,17,0,7,12,11,18
0,1,8,13,-1,-7,-1,-8,0,20,8,-16
3,-3,-7,-16,2,5,-3,-12,-6,-13,17,21
2,5,18,10,7,20,14,14,-1,-6,15,9
2,1,0,5,15,13,-1,-13,-4,19,15,16
0,0,-1,9,-7,13,-2,4,7,24,3,13
4,25,2,0,4,24,15,9,2,15,-4,23
-3,15,11,12,7,20,5,-3,16,26,10,6
-2,-5,15,4,9,16,-7,13,-7,-5,12,19
11,-3,0,12,-5,8,-3,-7,15,4,1,11
10,-2,6,14,-2,14,15,24,2,2,3,7
1,-5,3,21,0,3,14,26,-4,24,6,12
9,6,17,24,6,8,13,31,12,28,11,12
13,-5,-4,8,11,19,-5,28,10,7,-5,15
-1,24,-2,7,-6,13,17,19,-1,24,3,30
-4,2,9,16,17,16,8,18,6,-2,8,26
2,25,4,27,-5,33,5,1,13,12,16,34
-6,3,-5,21,10,35,4,31,-4,19,18,15
-1,27,14,3,-6,20,-6,19,-5,25,-7,23
9,3,17,4,12,11,15,3,-1,19,6,35
0,0,3,-11,10,-33,-6,-30,14,-12,1,-11
-6,-24,12,-4,-5,-22,8,-7,6,-33,16,-16
2,-27,5,-9,16,-28,18,-36,16,-8,6,-3
15,-24,5,1,11,-18,16,-4,5,-15,-5,-22
18,4,8,-28,2,-23,8,-32,4,-1,2,-11
-5,-23,19,-8,19,-20,9,-9,13,-22,15,-32
0,0,-2,-12,8,-17,-2,-21,8,-13,10,-2
16,-10,9,-13,19,3,13,5,-2,-18,-4,-12
12,-17,13,-15,-4,-19,-2,-28,14,-7,13,-8
4,-18,17,-9,8,-2,9,3,19,-27,11,-14
6,-2,7,9,17,-4,0,-3,4,-1,17,4
-1,1,14,4,8,-6,19,-20,12,-19,-6,-5
9,11,16,-21,-2,6,0,-22,1,-8,2,-16
1,12,-4,-6,10,-19,4,3,14,3,0,-17
-6,-12,8,-22,13,12,0,-23,5,-22,-1,-13
0,0,9,2,0,-20,1,10,12,3,-1,12
17,-10,12,-15,15,-12,6,3,-2,6,17,-20
14,-17,0,0,17,-13,-3,6,14,0,10,-7
2,-6,2,0,-3,-7,17,7,-3,13,-6,12
4,1,4,5,5,12,17,19,3,5,5,-5
7,-9,15,3,-1,-2,-3,-17,16,2,0,0
17,20,17,-4,16,5,-6,18,16,-1,5,-16
4,2,2,6,-6,-8,-3,17,-4,21,11,-8
1,5,10,3,-1,23,7,-15,17,4,17,0
12,7,14,-1,19,4,3,4,0,-1,9,-13
-1,14,-3,-8,1,12,14,15,0,1,14,2
10,12,-4,16,11,22,15,1,15,21,12,12
18,10,17,-3,-4,15,5,12,8,10,15,25
-2,-2,9,-5,-5,14,-4,10,7,-3,12,15
8,-6,12,-4,4,17,0,0,15,3,14,2
19,7,8,1,10,23,4,-7,-5,26,2,-3
12,26,11,8,7,1,10,19,12,27,-3,31
-5,13,16,21,-3,0,10,-4,-3,6,4,-2
1,26,11,23,1,26,14,32,-5,0,10,29
10,30,1,15,-5,27,18,33,15,-1,14,-1
8,34,12,35,15,21,12,17,10,10,11,8
2,11,-4,16,8,2,6,22,3,14,0,27
7,7,-6,37,14,31,-2,12,-4,29,4,37
3,32,2,7,8,18,-3,24,18,26,12,11
16,-33,20,-29,-4,-28,-4,-29,-2,-33,11,-29
6,-32,9,-24,20,-29,2,-8,6,-37,11,-24
-4,-24,0,0,15,-14,19,-25,-1,-28,-3,-2
13,-27,15,-27,17,-19,0,0,0,-8,4,-19
11,-32,6,-20,17,-10,3,-21,20,3,17,-22
8,2,4,-4,10,-19,7,-22,12,-2,1,-33
17,0,11,-24,4,-17,18,-13,6,-18,12,-3
19,2,17,-10,-5,-29,9,-13,-2,-29,-2,-31
-3,-8,4,-5,17,-25,-2,7,10,5,14,-22
15,-9,-3,-29,6,-3,0,0,14,-10,12,-6
5,-19,-1,-20,7,-15,11,-9,13,9,9,-21
8,-5,4,-23,0,8,15,3,-1,9,13,-20
-5,-24,3,11,16,-22,3,4,2,-25,13,-26
18,1,5,-15,9,10,-1,-4,12,-18,14,-9
19,-7,17,2,-4,-4,2,6,-5,4,17,-23
0,7,15,1,0,-13,4,9,11,-21,12,-13
7,-17,-2,3,12,16,19,0,15,-16,3,-4
9,-4,-2,-2,3,14,17,14,0,-2,4,0
5,16,10,16,1,1,0,0,4,6,1,2
-2,10,1,5,0,6,16,-9,-5,-4,15,-2
3,-11,6,-7,-1,5,6,18,5,-10,10,-12
-1,-16,-5,19,1,-4,13,17,10,-6,17,15
0,0,19,-5,12,12,19,0,4,-14,8,10
0,-5,1,23,-4,-6,20,1,17,20,13,18
6,-5,2,-2,17,-8,10,0,-3,-12,-3,15
8,14,-5,15,18,20,1,18,-4,-1,11,22
16,25,11,7,9,14,-2,-9,-2,1,10,2
17,13,4,22,0,0,12,9,12,13,20,-6
-5,-7,-4,-10,-2,2,-3,7,-5,3,18,0
16,11,-5,-1,9,0,9,15,0,0,6,-4
-5,28,0,0,16,5,11,-2,11,20,16,-6
0,0,20,12,17,-5,12,18,-2,11,4,-2
-2,-5,10,20,-5,17,16,5,18,15,2,4
7,-1,-4,2,18,12,5,28,8,-5,10,10
-1,-2,15,32,7,2,7,23,19,6,16,7
20,13,9,2,6,31,5,20,5,12,10,18
-4,34,16,14,20,1,7,8,-5,5,18,24
0,12,6,2,16,26,5,35,-5,4,20,31
18,24,12,3,5,10,3,19,3,15,5,15
11,0,5,-17,0,-8,16,-15,16,-2,0,-19
10,1,3,-3,10,-13,18,-21,14,-2,11,-1
2,-36,3,-21,4,-23,14,-10,-2,-25,21,-30
10,-9,3,-27,-2,-29,20,-28,16,-33,0,-11
10,-9,13,-24,13,-33,16,-7,14,-18,14,-31
17,-23,-3,-8,4,-33,11,-25,8,-14,2,-30
18,-30,-1,-8,17,-23,11,-25,18,-1,-1,1
9,-12,13,-24,-1,-31,10,-5,9,-13,19,2
6,-22,10,-4,16,-10,0,0,-2,-18,18,-20
12,3,6,-29,14,5,13,-28,5,-23,0,0
-1,-16,0,0,-1,-20,10,-1,1,-20,7,7
14,11,20,7,20,-26,11,-15,-2,-11,6,2
20,3,11,6,3,-25,-3,-8,15,-19,-3,0
-1,3,0,-4,-3,-2,11,3,8,12,1,-18
0,0,11,6,9,-19,18,3,8,-12,2,-14
5,3,21,10,18,2,11,8,11,-17,18,-20
13,8,6,-2,13,13,19,8,0,10,10,-17
20,11,9,7,19,14,-4,5,11,10,1,2
6,-13,20,15,2,-2,4,-20,14,4,0,0
5,17,17,-7,6,-2,20,-4,8,-4,3,-13
19,-3,-2,-9,12,6,-3,-12,13,9,19,-2
16,12,2,20,2,16,8,2,17,5,9,-12
14,14,11,-9,0,-8,2,13,16,-7,12,-5
0,5,18,7,14,5,6,16,12,-3,-1,1
-2,18,19,10,14,-1,10,-7,12,-6,15,17
0,0,4,-7,14,14,20,17,15,-4,-1,0
10,20,10,11,0,0,11,17,17,-12,10,1
0,17,19,23,-1,21,10,12,8,2,21,-8
21,24,9,17,5,8,13,2,3,19,3,14
8,29,-2,-7,-2,5,9,9,4,16,-1,13
5,27,16,15,3,7,8,21,11,0,18,30
5,4,13,28,12,-5,6,12,10,13,0,20
-4,1,1,5,2,19,15,-3,8,14,10,-5
20,0,5,19,9,15,0,23,11,19,9,-3
8,13,-2,21,2,5,17,-3,19,1,-3,4
-4,-3,18,14,11,15,13,18,2,0,-3,11
10,19,3,28,1,4,19,18,8,20,-3,27
14,26,1,32,4,6,3,16,15,35,18,13
3,4,-1,33,3,29,6,8,15,6,4,30
17,-27,4,-38,12,-34,1,-2,7,-3,21,-25
9,-5,8,-36,12,-31,18,-35,17,-23,12,-8
12,-28,15,0,6,-36,11,-5,20,-1,6,2
20,-22,13,-6,7,-28,8,-29,-1,-21,12,0
2,-8,1,-24,2,-29,11,-21,9,-6,16,-7
14,-5,16,-9,-2,3,10,4,6,-23,21,-14
5,-30,-3,-30,6,-5,22,-26,17,-3,10,2
-1,-15,0,-3,0,0,14,-18,7,-28,9,-8
17,2,7,5,7,-11,21,-16,15,-21,1,-21
13,-24,6,-23,9,-4,9,-13,11,5,10,-10
22,-21,2,10,10,-11,0,0,9,-27,17,10
-2,-12,22,-27,17,10,-1,-25,9,-19,11,-24
15,-1,8,-9,17,-9,-3,-14,1,-4,21,-10
7,2,11,9,0,0,6,-2,16,-2,8,7
0,2,-2,0,0,0,11,14,21,1,0,-19
0,0,5,-5,2,1,-3,-16,1,-23,20,8
0,0,20,-18,18,16,4,14,22,-1,1,-19
0,3,5,14,13,1,-3,1,-1,-15,5,11
19,11,3,16,12,-8,-1,16,18,-6,-3,3
22,6,18,-19,15,-12,20,-4,0,-10,17,2
20,0,0,0,5,20,0,18,4,19,10,-8
17,5,22,1,11,12,13,0,14,-9,3,11
7,15,16,-3,7,2,6,-4,14,9,8,10
2,21,6,-1,-2,13,12,-4,0,0,-3,14
21,-12,1,13,3,9,-2,12,22,-14,-3,13
6,11,22,24,13,1,3,8,3,-6,21,1
12,0,2,22,0,9,0,0,-2,6,5,25
8,15,21,-5,12,2,6,-7,21,-6,0,-2
0,22,8,14,4,26,7,19,11,3,11,2
9,10,15,14,3,27,18,26,-3,5,9,16
1,27,5,-6,13,2,22,1,13,12,8,20
10,31,21,23,2,26,10,-1,18,-5,5,-7
10,30,17,28,19,4,22,28,11,-1,13,-5
18,16,22,3,1,-3,3,19,18,26,19,12
19,33,18,9,16,6,-2,30,13,29,1,1
-2,26,5,12,14,1,17,10,10,5,1,14
3,7,13,1,6,10,20,1,2,10,7,9
13,34,0,7,19,6,5,23,1,8,-3,16
13,28,3,26,16,37,20,1,13,4,-1,12
16,-34,10,-4,17,-3,7,-19,3,-16,-2,-34
7,-4,-1,-10,-1,-3,4,-7,21,-10,12,0
15,-33,7,-28,10,-26,14,-27,0,-7,15,-12
1,-1,16,-1,0,0,2,-18,5,-28,5,-26
11,-1,23,-22,4,-27,21,-20,11,-15,6,-8
6,-22,21,-27,3,-19,5,-7,-2,2,14,0
17,-3,19,4,-1,-24,13,-22,0,0,1,-20
23,-22,16,-10,20,4,17,-1,23,-13,10,-30
5,-13,9,-10,-1,-19,-1,-13,2,-20,4,5
9,-11,-1,5,12,-4,21,3,-1,-15,9,7
17,-5,4,-9,8,-22,10,9,12,-14,16,-20
11,-10,17,-25,0,0,4,-24,10,6,8,10
20,-7,9,7,12,-16,8,-5,11,-14,0,5
0,0,22,-11,-2,4,20,4,13,13,22,8
18,1,0,-10,22,-19,0,-21,8,13,5,8
18,-5,8,-4,4,-21,7,-15,20,3,5,8
15,14,0,0,12,6,7,13,6,-16,20,-11
14,-11,10,5,9,2,13,4,-1,0,19,-3
0,0,21,12,16,8,-1,-9,6,-15,9,9
17,8,13,-15,14,-3,19,-1,22,11,1,13
3,16,2,20,6,-12,21,-6,-1,-1,8,-1
6,16,14,-10,13,-1,11,17,14,-14,5,-15
9,6,8,2,16,-12,19,13,18,0,20,2
17,13,5,22,13,16,0,0,21,7,4,-9
14,-2,16,-11,18,-7,0,0,10,9,15,-10
5,21,13,9,-2,22,18,3,14,-7,3,4
-1,19,14,-7,18,7,3,7,11,22,-1,-9
4,8,13,3,16,8,-2,22,3,2,10,19
20,25,3,5,6,21,15,13,16,2,13,13
9,5,4,-7,2,27,2,24,12,3,1,2
12,11,14,6,13,16,15,27,21,26,8,0
6,-1,20,24,8,17,22,-4,14,25,21,17
12,9,-1,13,21,19,0,0,20,12,16,-4
23,-2,2,18,0,29,-2,14,6,28,22,13
2,12,2,0,22,26,10,-1,6,18,17,-1
18,16,-1,19,21,4,20,-2,20,33,11,24
0,0,14,-2,15,20,23,24,20,31,14,27
22,7,22,1,9,0,11,16,21,35,19,15
7,22,17,35,17,21,23,0,22,0,10,6
16,-28,11,-27,21,-35,20,-11,24,-19,5,-31
-1,-28,19,-32,7,-17,18,-15,5,1,17,-9
10,-9,12,-2,16,-18,2,-2,11,-15,0,-6
-1,-15,21,-28,9,-22,0,-10,18,-5,21,-30
2,-21,19,-25,2,-19,20,-26,5,-26,1,-1
4,-32,-1,-12,24,-17,17,2,0,0,20,-29
1,-3,2,-32,15,3,0,0,16,-10,0,0
9,-6,0,-27,4,-9,12,5,22,-27,4,-31
1,-29,6,-16,3,-8,19,6,13,-20,12,-19
14,-26,20,-27,0,-15,9,-9,13,-23,20,0
16,-15,9,-25,13,-16,19,-4,-1,-24,3,10
1,0,13,-7,7,-25,9,-25,3,-2,6,2
24,-4,22,-26,9,-14,2,12,10,-20,2,0
0,0,10,0,7,-8,5,2,6,8,10,-8
19,-11,23,-12,21,-11,15,6,6,-22,-1,6
22,-3,0,-10,9,-18,2,2,6,8,18,-17
20,-8,12,-1,4,8,18,10,22,-6,16,-2
3,-11,22,-19,17,0,10,-18,7,0,14,-9
9,12,7,-12,11,-15,14,13,24,-8,6,0
2,-3,16,-1,18,-11,7,-2,20,17,5,4
1,-13,12,15,-1,-6,-1,10,0,6,0,2
3,14,2,5,19,8,7,4,8,6,17,3
14,5,16,-10,15,7,17,-2,5,7,24,-3
22,-4,-1,-3,19,18,16,23,0,0,0,18
14,8,22,21,8,-11,6,0,7,14,10,19
11,-2,14,-4,11,19,19,16,22,0,24,15
12,18,23,25,6,0,15,11,5,24,20,5
22,-1,13,-1,19,27,7,-7,0,12,9,-10
1,5,12,-6,15,-10,8,-3,4,21,5,23
6,-7,19,12,23,7,8,19,20,2,11,5
4,11,21,11,6,10,17,-8,22,-5,3,2
12,-6,7,10,11,0,1,15,10,28,-1,11
13,12,7,3,15,30,21,7,22,0,22,3
11,23,21,29,8,8,21,16,4,6,14,28
15,-4,15,34,13,-4,11,3,13,4,20,29
22,11,2,29,-1,3,15,33,7,0,20,22
12,16,9,12,14,27,10,22,11,8,2,16
12,14,16,22,4,14,3,11,8,30,5,11
0,7,13,38,23,4,21,4,11,3,6,19
19,-37,1,-15,19,-21,6,-38,3,-34,17,-10
13,-16,0,-4,16,-22,6,-32,6,-12,23,-17
22,-23,3,-16,18,-12,12,-15,11,-35,14,-19
19,-5,5,-22,14,-2,3,-14,21,-31,2,-35
12,-19,4,-3,3,-16,13,-18,9,-29,21,1
6,-17,9,-2,18,-30,20,-31,18,-10,24,-1
15,-2,8,-9,17,-11,13,-20,24,2,11,-24
15,-27,1,0,9,4,14,-12,19,-4,20,-15
13,-30,12,-15,11,-30,2,-5,1,-19,4,4
1,-27,17,-20,0,-16,21,-13,21,-14,7,9
17,-14,7,-11,24,-16,20,-6,25,3,6,3
16,9,19,-15,7,-25,12,-4,14,-1,24,-21
0,-2,9,-14,23,-7,18,-22,12,8,8,-9
4,-6,20,-22,9,-17,23,-21,20,-20,2,-10
0,2,12,1,9,-4,25,-21,15,6,5,-22
0,0,1,-18,21,-9,20,-8,18,15,25,-8
0,0,0,0,18,-11,0,-7,22,-13,17,-22
21,14,12,-12,22,10,15,-1,3,6,8,8
11,16,15,-7,16,-1,7,-19,9,16,7,17
11,-12,13,19,7,11,1,-6,0,0,0,-16
4,-14,15,17,23,8,7,3,10,6,12,3
20,18,4,-4,11,-14,6,1,7,-17,12,7
21,8,3,-7,4,-9,15,5,4,7,18,0
20,22,2,17,19,5,2,6,18,6,7,7
1,-11,19,17,17,19,14,0,24,-1,4,14
11,-10,24,-8,8,3,10,-3,24,9,3,21
16,-4,11,17,17,2,22,3,19,5,16,20
21,5,15,18,7,-11,20,-10,3,27,13,20
12,21,13,5,14,6,0,0,21,7,6,15
12,1,23,8,17,1,11,-4,2,10,9,24
24,-4,11,-8,3,27,21,25,25,-3,0,3
14,23,12,12,4,-1,10,9,14,-3,3,-4
3,32,17,-6,23,9,11,15,24,32,6,8
7,33,16,16,24,6,10,32,1,33,8,-2
8,27,13,7,3,30,24,19,24,16,2,6
7,5,21,30,6,9,25,22,22,-3,21,19
14,10,8,19,12,32,23,5,12,28,17,33
0,18,3,14,4,9,24,35,3,0,25,18
6,35,10,27,14,19,9,38,23,0,4,16
