-9,-26,-5,-37,-10,-37,-3,-27,-25,-18,-7,-17
-4,-18,-11,-20,-7,-35,0,-30,-7,-35,-5,-24
-7,-30,-1,-9,0,1,-1,-25,-8,-2,-5,-5
-7,-14,-24,-7,-1,1,-13,-12,-21,-6,-23,-22
-9,-6,-14,-32,-4,0,-8,-5,-10,-6,-22,4
-21,-21,0,-3,-14,3,-2,-13,-17,-19,-4,-33
-3,-25,-22,-6,-10,4,-24,-24,-2,-1,-6,-8
-9,-1,-14,-11,-23,-2,-2,-20,-21,3,-16,6
-4,0,-18,-18,-7,-19,-14,3,-3,-6,-4,-3
-19,-17,-17,-26,-5,-16,-2,-29,-11,-27,-1,-11
0,0,-4,3,-1,5,-25,-11,-5,4,-7,-6
-20,-14,-16,-17,-13,-12,-6,9,0,-10,-14,-9
-10,-18,-4,-7,0,0,-6,4,-21,-21,-22,1
-11,-4,-13,-17,-5,1,-2,-1,-13,-8,-23,-19
-10,-9,-25,13,-21,6,-21,-23,-11,-1,-19,-6
-9,-16,-20,3,-11,-4,-23,-17,-2,-7,-19,13
-13,-21,-10,13,-9,1,0,-9,-16,11,-22,13
-16,14,-5,-21,-11,-1,-4,-20,-5,-6,-16,11
-7,-6,-23,-7,-3,-4,-2,-11,-7,5,-15,13
-19,-6,-7,5,-2,1,-9,13,-8,-9,0,-5
-1,-1,-19,17,0,0,-14,20,-22,7,-13,-6
-3,-3,-12,-12,-19,8,-25,16,0,-10,-9,-11
0,0,-23,22,-1,-8,0,-1,-25,6,-23,4
-1,-5,-21,9,0,17,0,-5,0,17,-8,-8
-4,-1,-21,-7,-21,-7,-25,23,0,-1,-20,16
-3,-1,-20,0,-1,-1,-1,9,-1,-1,-8,21
-2,3,-20,15,-18,5,-1,3,-1,1,-15,6
0,0,-1,-4,-16,-7,-25,7,0,4,-22,17
-1,5,-3,8,-1,12,-2,-3,0,-10,-1,-3
-4,2,-1,0,-22,11,-24,19,-25,-2,-19,6
-2,19,0,15,-13,-6,0,0,-25,2,-23,26
-22,9,-2,23,0,0,-3,31,-2,0,0,30
-4,16,-19,-5,-14,26,-12,-1,-5,28,-2,22
-8,30,0,0,-22,10,-18,30,-12,10,-18,6
-13,22,-24,0,-24,29,-9,24,-8,-1,-2,31
-6,34,-16,13,-11,14,-2,25,-12,32,-17,10
-15,36,-10,6,0,-1,-20,4,-14,34,-11,13
-11,34,-24,9,-8,22,-4,8,-1,4,-9,31
-9,25,-18,7,-2,15,-1,13,0,8,-1,13
-11,-6,-12,-20,-5,-24,-10,-11,-21,-20,-10,-29
-4,-12,-15,-25,0,0,-2,-11,-22,-31,-5,-29
-17,-28,-17,-23,-10,-34,-6,-6,-12,-21,-9,-10
-2,-35,-2,1,-1,-17,-19,-34,1,-4,-8,-17
-4,-2,-24,-3,-20,-18,1,-18,-21,-18,-3,-12
-14,-19,-5,5,-1,-19,-13,-5,-1,-8,-18,-7
-5,0,0,4,-8,4,0,-25,0,-16,-23,-32
-3,-2,-12,-4,-9,-29,-22,-2,-8,-10,-10,1
0,-3,-21,-1,-6,7,-24,-29,-4,-19,-5,-14
-6,-3,-5,-3,-16,-13,-2,-20,-3,-1,-14,3
0,0,-21,-28,-9,-14,1,5,-7,-19,-17,6
-4,-7,-2,0,-4,-17,-13,-21,-22,-13,-19,-12
-24,-6,-24,3,-23,1,-13,-12,-15,6,-1,6
-22,6,-2,10,1,-17,-20,-8,-6,-15,-10,-5
-1,-17,-2,-4,-18,-21,-21,8,0,-16,-17,-12
1,-17,-5,-23,-21,7,-3,9,1,-13,-23,1
0,1,-24,-5,-21,-12,-11,-8,-7,-2,-24,16
-2,4,-22,-17,-22,-15,-11,3,-8,7,-19,-4
-11,-7,0,9,-22,2,-2,-5,0,7,-12,-1
-3,4,-18,-5,-7,-18,-1,8,-19,11,-9,-7
-4,-4,-6,13,-2,15,-13,-10,-8,15,-24,18
-1,-3,-18,-14,-2,19,-15,6,0,-10,-13,-16
0,-4,-12,6,1,0,0,-4,0,6,-24,5
1,-5,1,12,1,0,0,-5,0,0,-15,-3
-2,-1,-10,19,-3,18,1,11,1,22,-23,8
0,1,-2,2,1,-13,1,-8,-1,2,-3,0
0,1,-17,8,0,4,-6,15,-3,-5,-6,12
0,5,-8,-11,-1,25,-4,-7,-1,-11,-18,27
1,5,-22,-2,-1,19,0,-2,-1,10,-15,10
-3,5,-2,10,0,5,-2,-3,0,12,-19,-5
0,30,-4,20,0,3,-14,17,-1,0,-16,30
-1,15,-19,10,-2,5,-4,10,-1,23,-4,23
-9,24,-2,-5,-3,5,-12,8,-8,3,-3,-4
-15,2,-14,9,-18,0,-3,6,-5,0,-1,25
-9,-2,-6,-3,-4,7,-20,2,-16,7,-7,28
-20,13,-7,32,-4,31,-10,15,-1,16,-4,17
-21,16,-13,26,-6,14,-23,14,-12,12,-9,26
-6,21,-3,0,-9,23,-12,12,-11,17,-16,25
-12,2,-24,20,-4,7,1,12,-2,8,-21,7
-19,-23,-13,-28,-1,-1,1,-9,-1,-31,-5,-20
-14,-36,-12,-22,-13,-25,-22,-30,-9,-2,-8,-3
-7,-30,-22,-14,1,-1,-7,-22,-20,-19,1,-26
2,-9,-14,-31,-1,-28,2,-35,-2,-9,0,-4
-1,1,-2,3,-18,-18,-5,-11,-20,-31,-6,-29
-4,-26,-3,-30,-23,-29,1,-10,1,-4,-6,-31
-2,-7,-10,4,-8,-29,1,5,0,-3,-15,-20
-2,-3,-4,-4,1,1,-15,-22,-21,-1,-9,-1
-19,-17,-1,7,2,-17,-19,7,-1,-28,-10,-2
2,0,1,8,-23,3,0,8,-3,-11,-18,8
0,0,-8,-18,-2,-24,0,3,1,-22,-2,-5
-6,-13,1,-22,-9,0,-8,-23,-4,7,-1,-22
-19,11,-22,-8,-8,-4,1,-24,2,-3,-6,-17
-8,-25,1,-14,-11,-8,-8,12,-2,-19,0,-9
2,-16,2,-13,-18,-1,-7,10,-22,-24,-20,8
-13,-21,2,-15,-1,-18,-13,-1,1,-12,-19,-12
-2,2,2,7,-18,0,-10,1,-2,9,-3,1
-11,-8,-16,7,-2,1,1,9,-6,10,-19,-2
-9,8,0,-15,-17,-16,-5,5,0,4,-14,-4
-21,-12,-23,-8,0,4,1,-3,-1,-2,-11,10
-1,14,-2,-13,0,-5,-21,-5,-1,-15,-23,-13
-13,-6,-9,-8,-4,-2,-1,6,-7,-2,-21,-2
2,2,-7,-15,-1,5,2,18,-7,18,0,-1
-3,-2,-21,9,-19,-1,-13,-13,-2,-3,-23,11
0,-1,-10,-3,-3,21,-3,-14,2,-3,-6,14
-1,2,-22,24,-11,16,2,4,-4,20,1,19
2,0,-20,22,0,-12,0,-10,-2,25,-23,-12
2,3,-17,10,0,21,-9,3,-4,0,-8,-9
1,1,-18,-5,-22,-6,0,7,-2,8,-7,18
0,21,-6,20,-2,7,-1,16,-15,-8,-21,1
-2,-1,-14,18,0,-5,0,6,-5,28,-2,8
-6,25,-4,0,-2,0,0,1,-5,27,-4,15
-2,15,-14,29,-9,22,-2,20,-13,5,-9,31
-7,32,-3,4,-10,4,-3,10,-12,3,-3,23
-22,33,-21,14,-12,29,-8,16,-17,29,-15,30
1,0,-2,8,-22,6,1,-3,-7,33,1,16
-1,3,-7,34,-9,32,-2,13,-8,8,-11,7
-10,20,-9,4,-19,9,0,0,-1,25,-18,37
-9,29,1,10,-2,8,-2,7,2,19,-18,9
-5,-27,-5,-34,-1,-2,-2,-24,0,0,-16,-34
1,-1,-14,-27,-11,-2,-19,-11,-6,-6,-8,-9
-14,-28,-1,-8,-1,-17,0,-16,-22,-22,0,2
-5,-28,2,-11,-17,-33,-13,-33,-6,-24,3,-11
-13,-19,0,-23,-1,-6,2,-10,-4,-16,-14,-23
-20,-16,-14,-28,-3,-13,-1,-16,-8,-4,3,-12
1,0,-5,-27,2,-11,-13,-18,2,-32,-21,-4
2,-13,-8,5,-7,-8,-4,-25,0,3,2,-9
-3,-16,-13,-6,-13,6,0,4,-1,5,-22,-26
-2,-19,-22,3,-12,-23,-20,-24,2,9,-18,-26
-3,-17,-10,2,-1,7,-3,1,3,-10,-11,-15
2,-23,-13,-16,1,-10,-3,-17,2,-7,-7,-12
-20,-20,-1,0,3,-1,-3,-19,-20,-21,-4,-15
-3,-16,-2,-17,-19,-23,-7,2,-1,2,-2,-1
-10,-17,-15,-23,-17,-21,-3,14,-1,-15,-7,11
0,-22,-13,15,-7,15,-5,1,-1,-15,0,-11
2,-2,-3,-2,3,-10,2,6,-10,15,-3,-9
-17,-7,-3,8,-9,-3,3,-3,-1,15,-18,-16
-14,-6,-16,-14,-6,-6,-1,18,-17,13,-4,-14
3,-16,-4,-5,-15,-9,-6,-7,-18,-3,0,15
-17,-6,-21,2,-7,8,-3,-4,3,-16,-3,15
2,16,2,16,-8,-6,-15,-4,-3,-10,-3,-2
-5,-6,-3,-8,-4,8,-1,-12,1,-14,-14,-11
1,2,-6,17,-14,-3,-12,-2,-16,-9,-10,-14
3,-1,-5,7,-10,-5,-3,2,-22,10,-6,-14
1,3,2,6,-10,13,-11,-8,-18,23,2,22
1,-1,-12,-8,-16,9,-3,19,-6,25,-10,12
-1,1,-15,10,-3,0,-1,5,-6,1,-16,26
3,17,-15,1,-6,-6,-12,25,-16,-9,1,27
-6,22,1,-6,-18,20,-5,11,-15,-8,-4,25
-4,27,-12,18,3,28,-1,22,1,29,3,21
1,28,3,0,-3,0,-4,1,-6,16,-20,14
-20,26,-18,23,-14,27,-5,1,-7,30,2,-3
-9,32,-19,12,-3,1,-4,4,-9,14,-18,11
-8,29,-9,26,-10,31,-7,-2,-20,12,-8,12
-16,33,-14,13,-2,16,-1,5,3,22,-21,30
-16,16,-7,18,-4,4,1,4,2,33,0,0
1,-1,-15,9,1,23,-9,17,-4,4,-9,18
0,23,-1,10,-4,7,-1,13,-10,23,-5,22
3,-3,-19,-8,1,-3,-2,-18,-16,-3,-8,-33
-7,-26,-12,-5,3,-6,2,-24,-3,-16,-14,-32
-1,-32,-9,-10,0,-3,1,-4,-17,-3,-16,-26
4,-11,-18,-30,-4,-18,-5,-22,-5,-13,-2,-4
3,-26,-11,-18,3,-31,-4,-33,-7,-20,-15,-28
-2,-11,3,-21,0,-4,2,-11,4,-12,4,-30
-6,-3,-15,-5,-9,-2,-20,-9,-12,-16,-7,-3
1,-21,-15,-15,-19,-7,-14,6,-1,-19,-7,-12
0,-21,-3,-20,-1,1,-1,2,-9,-8,-1,-22
3,1,-11,-10,1,-29,-11,-1,-14,-5,-8,-11
-14,-15,-10,-4,3,-27,-7,-17,4,-25,-10,8
-21,-21,0,0,-10,0,3,-10,-19,-16,-18,-11
-20,-9,-17,-16,-10,-24,-8,-11,-15,12,-1,-17
-8,-13,-16,11,-3,-8,-1,-24,-16,-10,-11,-13
-14,-10,-5,13,1,-2,-7,-19,-7,7,-11,4
-7,7,-8,4,-17,-18,-14,15,-7,2,-5,3
1,-2,1,-20,1,12,-7,-16,-8,-12,-3,5
-18,10,-16,12,-6,-16,-13,-8,0,0,-3,15
2,-14,-7,0,-4,5,-18,-6,-9,-2,-7,-17
-9,19,-17,14,-3,14,4,11,-8,-18,-7,15
-21,-5,1,11,4,1,-2,4,-5,11,-4,-1
-13,20,4,0,-17,-5,4,12,-21,-9,2,-4
-5,22,-7,6,-4,0,3,-12,-1,0,2,-6
2,3,-15,0,-2,6,-2,0,-1,-2,-13,-14
4,-5,-1,-1,-13,-1,-21,16,3,16,0,-5
1,-2,0,-10,-1,17,-2,-8,-6,21,-21,-3
2,0,1,-2,-15,2,0,-6,-4,18,-11,10
4,6,0,-4,-8,3,4,13,4,11,-11,23
-1,2,-9,22,-9,2,-4,7,-1,-6,-2,26
-1,20,-1,18,3,-7,2,24,-13,-5,-8,29
0,0,-12,19,-1,-8,-3,25,-4,21,-12,-7
-5,6,-5,23,-15,-7,1,0,-8,26,-20,6
-2,15,-9,11,-7,6,-5,3,-4,7,-6,-3
2,-4,-17,-4,1,24,-6,31,-6,4,0,0
-12,29,-3,25,-15,31,1,33,1,8,-16,8
-7,16,3,3,-10,28,-18,13,-19,1,-7,5
-8,22,0,19,-5,22,-2,1,4,4,-18,1
3,-1,-3,20,-20,29,-8,34,-6,25,-13,7
-6,12,-7,12,-1,8,0,0,2,12,-20,34
-20,-7,-1,-37,-2,-4,-2,-12,-4,-24,-2,-28
-8,-3,-6,-37,-2,-10,5,-28,-1,-11,2,-9
1,1,-17,-35,2,-12,-4,-28,-6,2,-2,-27
4,-11,-2,-17,2,-27,2,-5,-10,-18,2,-10
-11,-20,0,1,1,-31,2,-26,-17,-19,-17,-16
-18,-17,-7,4,4,-24,3,-14,-2,-5,2,-19
3,-24,-12,-11,-3,-25,-2,-21,-3,-31,-12,-16
3,0,-19,-22,-7,-8,-20,-18,-5,-12,-7,-27
-3,-4,0,7,-1,-30,-9,-20,-1,-2,-4,-6
5,1,3,5,-7,-10,-10,-14,0,-12,-14,-20
2,1,3,-20,-4,-11,2,-24,5,-19,-3,-5
-4,-3,5,-1,-3,-15,-11,-14,-16,-26,-11,-13
-2,-17,3,9,-13,-10,3,-11,5,-12,-11,-18
4,-3,-14,-8,-17,-12,-20,-1,0,-17,-5,-9
5,-1,-15,8,-4,1,5,-2,-9,-13,-16,-15
-12,-11,-10,4,-2,-10,-3,13,1,-10,5,-1
-9,-8,-3,-12,4,-5,-6,-13,-20,15,-13,8
-3,-9,-20,1,-4,-21,1,2,-7,7,-15,-1
-1,6,-5,6,-6,-14,3,5,-12,-11,3,-6
-16,-19,-7,12,-5,13,-3,-5,2,10,-2,1
-5,-1,-2,-1,0,4,-5,-2,-10,5,-6,8
-14,-13,-9,21,-14,-4,4,8,-1,13,0,12
-17,7,2,-16,-6,5,3,10,3,22,5,7
-9,5,-3,-7,-1,-13,4,4,-16,4,-2,15
4,-8,-15,-4,-6,15,-6,5,2,2,-7,-5
3,-3,5,0,-2,-1,-16,3,-10,-10,-4,22
1,-2,-17,-2,-1,10,1,21,-6,12,4,12
2,5,2,23,5,-9,-4,-10,-6,-2,-14,9
3,19,-12,5,0,-9,2,21,2,-4,4,-2
-2,21,-4,16,0,19,-20,13,4,17,0,-3
1,-8,-4,-3,-1,26,-3,-8,-3,24,-20,10
-4,22,0,14,5,3,0,1,4,3,-2,9
-6,10,-8,0,-1,23,4,3,2,3,-16,-4
-18,-2,-7,13,-1,33,5,26,-15,1,-10,30
-8,1,0,15,-1,23,-7,32,-15,5,-3,-1
-16,8,-8,9,0,34,-15,31,-3,5,0,16
-16,7,-8,17,2,25,-6,6,3,12,-18,14
-11,33,4,25,-1,22,-10,0,-1,28,3,8
1,33,-7,38,-9,21,-2,24,-1,0,-1,17
-6,-30,-7,-13,-3,-3,4,-3,-6,-2,-17,-13
-12,-37,-13,-19,6,-10,3,-37,-11,-1,-16,-32
-4,-3,-7,-16,-6,-14,-1,-15,-1,-5,6,0
-1,-12,-12,-20,-19,-34,-8,-3,-3,-17,2,-3
-15,-24,-17,-2,-12,-10,-1,-32,-15,-17,-6,2
0,0,5,-11,-8,-14,1,-3,3,0,5,-12
1,-9,-4,4,0,-23,-4,3,-10,-4,-14,-31
0,0,-9,-2,2,-18,2,-6,-4,-2,-9,-30
-12,-18,3,-13,0,5,-10,-20,1,-30,-14,4
0,0,-2,8,-1,-21,-4,-18,0,-11,-7,7
-2,-1,-18,10,2,3,-15,3,-15,0,2,-14
6,7,-17,-15,-6,-11,-6,-6,-4,-14,0,7
-2,-20,-12,-26,-5,-1,1,2,-15,-23,-6,-9
-1,0,-10,-8,-15,-10,-12,-19,-12,-16,-12,10
0,-16,-7,9,-7,-24,-5,6,-3,1,-3,9
-8,-7,-16,-12,-7,-12,-2,-13,-11,-20,-1,-8
3,16,-16,10,-15,9,3,-6,-19,-19,-8,-14
-4,-14,-17,-12,1,17,-2,-16,1,0,2,10
6,1,-14,8,-6,-19,-1,17,0,-16,-16,-9
2,-15,-8,-13,1,-17,-10,17,-9,15,-3,-7
-13,-13,0,12,-16,-15,2,0,2,-13,-10,18
0,0,-14,-11,-15,18,-10,15,-5,-5,-1,-4
4,10,-9,21,-17,-4,4,-4,3,12,1,1
-15,-10,3,17,-17,17,5,23,-13,2,-2,-7
-11,-1,-16,0,-2,12,-2,-8,-7,17,4,13
3,-4,-1,15,-4,14,-7,23,0,0,-11,-10
1,-3,0,-7,2,18,-7,0,-7,21,0,13
-16,2,-4,-9,-7,22,6,0,-5,21,6,15
2,22,0,0,-11,26,-9,2,3,26,-2,2
3,18,-9,25,-10,2,3,24,0,12,-4,4
-18,23,-18,-3,-4,-4,3,28,0,0,-13,9
-2,22,-3,12,-1,19,-3,-2,-11,28,-18,7
-12,1,-1,19,3,-3,2,-4,4,27,0,22
-5,20,-15,-1,-11,30,6,30,-3,11,-8,28
-9,29,1,0,0,9,2,30,-7,1,-9,32
-2,16,3,3,-6,18,0,6,-14,10,-7,12
-12,1,1,12,-2,19,-13,14,-8,15,-6,23
-14,15,-5,25,0,0,5,35,-1,31,-13,11
3,33,-16,7,-5,16,1,7,3,14,-1,17
4,-14,6,-23,0,-6,5,-9,-4,-4,-18,-19
-7,-2,4,-7,0,-33,-2,-20,-12,-34,-5,-8
-4,-10,5,-12,-10,2,-10,2,0,-13,5,-10
-9,-33,-14,-15,7,-21,7,-3,-15,1,-10,1
-8,-18,0,-26,-16,-18,-3,4,-1,-28,-8,-20
-3,-12,0,4,0,3,-5,-26,7,-9,-3,-14
5,-9,-4,-19,0,-13,-3,-26,-7,-22,-14,-14
0,0,5,-16,-1,-28,-8,7,-12,-27,-5,-25
2,-3,3,6,-12,-4,3,-8,-6,6,-5,-16
2,2,-1,1,1,2,5,7,-7,3,3,1
1,0,-16,-23,-7,-13,-7,-15,-18,-12,2,-28
4,1,-6,-24,1,-19,-4,-4,-7,-11,-14,-12
6,-19,-6,-16,0,-1,-12,-22,-11,1,-9,-17
-5,11,-15,-21,-3,-4,-13,-8,-18,-21,-9,-6
-16,9,-3,-19,-8,-11,3,5,-1,9,-2,-1
1,13,-17,13,7,8,7,-19,5,11,-3,-5
-2,12,-16,-7,-6,-17,1,4,-7,-19,1,1
-3,2,-5,3,-7,16,3,0,0,-15,3,-14
-3,5,7,13,6,-16,-11,14,-14,-8,-11,9
0,0,-4,9,-6,0,-9,-13,3,-9,-14,18
-8,-14,-2,16,7,2,0,17,5,8,-16,11
-8,3,-10,11,1,-14,-12,14,5,0,5,5
-15,19,-18,12,5,-15,-14,14,-1,6,6,14
2,21,4,13,-16,-14,-2,-11,6,13,-13,11
-1,11,-13,-13,3,1,-5,-10,-9,24,-1,-1
-3,13,2,4,0,16,-6,9,-3,19,-8,-2
0,0,5,9,3,13,-2,7,3,10,-2,5
6,23,-14,25,-10,3,-4,1,0,16,-6,24
-1,24,-11,8,1,6,-3,5,1,27,-11,15
-8,6,-3,18,-13,25,-9,7,6,22,2,28
6,-7,-2,-6,-4,0,4,5,-6,16,5,4
5,26,-13,17,-7,15,-3,-7,3,25,-2,0
-14,2,3,3,-2,12,-13,-3,7,20,4,3
-14,29,0,0,-2,8,-11,0,-5,21,-4,0
-9,32,-18,23,-18,6,-10,11,-7,33,-3,0
-18,-3,-15,15,-3,16,-11,13,-11,9,0,28
-2,16,7,35,2,27,1,4,-4,25,-18,5
-1,23,1,21,0,27,5,20,-14,36,-9,10
0,0,-7,29,-1,27,-4,0,2,7,-4,24
5,-19,-1,-27,-3,-16,4,-1,-16,-33,7,-23
2,-12,-14,-14,0,-33,7,-19,-10,1,2,-27
4,0,2,-18,-1,-15,7,-22,-4,-2,4,-18
4,-29,-17,-27,-7,-12,-14,-4,0,-7,0,-31
-1,-26,4,-10,-8,-21,-8,1,-4,-12,2,-31
4,-15,2,-10,6,-31,-15,4,-9,-2,3,-7
4,2,-3,-29,-2,-24,0,-29,6,-28,-1,6
2,-4,-16,-5,0,-31,-16,-29,-13,4,-15,-14
-1,-3,2,6,6,3,4,6,-5,4,-10,7
-2,3,5,-20,-11,5,3,2,6,-20,6,-12
1,-17,6,-22,-9,-2,2,-1,1,1,-10,-25
-10,-12,-14,1,-1,6,-14,-20,-8,10,-4,10
7,3,4,4,5,4,-5,-2,3,3,3,-1
-4,5,6,-6,8,13,5,-20,5,-7,-15,-24
-16,9,-8,-16,3,1,-5,-7,-2,6,-14,-9
-5,-7,6,0,-10,-11,-10,-11,-1,1,-12,2
4,16,7,6,-8,13,3,-9,-2,3,-14,9
-5,-13,-4,-13,5,-20,5,-4,8,-20,6,13
-16,1,1,-13,-11,-11,-4,9,-11,17,-9,17
1,-3,-15,3,2,9,-4,7,-4,1,-4,5
-15,6,-7,18,-1,-17,6,-8,-7,-5,-15,13
3,0,-7,7,0,-6,-9,-13,5,14,-3,-17
-7,8,-2,-12,0,14,0,10,1,-5,-7,3
3,1,3,1,8,19,2,10,-14,16,-6,12
-6,-9,-12,4,3,7,-1,1,5,16,-1,16
-6,-11,-3,-5,0,-11,0,0,-2,-11,-1,8
-4,19,0,-1,4,12,1,-8,-2,-11,-4,20
1,21,6,27,7,-5,0,0,-12,21,5,10
-1,0,0,-8,3,17,-3,10,-16,-9,5,3
-7,-2,1,25,4,-3,1,6,-1,29,-1,-6
2,12,4,8,-1,0,5,11,-5,12,-16,0
-6,6,-3,17,-3,30,-9,25,1,0,-4,0
1,32,-17,7,-4,21,3,6,-11,30,-1,4
-11,17,-6,4,8,18,-7,29,-3,-2,1,20
1,33,-1,11,-6,1,-3,6,3,15,-5,6
4,0,-4,0,-8,20,4,32,3,30,8,30
0,-1,4,20,1,20,-1,21,5,21,-7,23
-9,20,7,17,-12,12,7,5,0,35,0,20
3,38,-6,7,1,0,3,37,2,17,-4,21
-5,-5,3,-1,7,-10,1,-16,2,-29,4,-35
-4,-28,0,-10,-10,-36,8,-2,1,0,-7,-32
-14,-24,7,-18,-11,-9,-9,-33,-11,-14,-16,-22
-4,0,-9,0,0,-24,-3,-29,7,0,6,-17
4,0,-6,-3,1,-15,-12,0,-3,-31,4,-22
-6,-1,0,-12,1,4,-5,3,1,-8,2,-4
-13,-22,0,-18,1,-24,-9,-3,-5,-23,0,-3
1,0,-12,-14,-15,-19,-2,-7,5,7,-8,-7
3,0,-11,-11,7,-4,-9,-9,4,0,-6,-24
1,-16,-1,-14,-12,-3,2,-26,2,-17,5,-14
2,-21,-5,-20,4,-22,-6,-24,-10,6,-6,-15
3,-15,-16,-2,-14,-1,4,11,8,-4,8,-23
6,5,-3,0,-3,-9,-6,7,-9,-6,8,-24
-16,8,-4,6,3,-7,0,8,-16,-19,-9,-19
0,-22,3,-13,-16,-13,-16,-21,-1,9,5,-12
-6,11,4,11,-16,2,4,0,-7,-18,9,-16
-9,-13,9,-20,-16,1,3,2,6,-7,-11,0
9,1,-1,-5,-4,-11,4,4,-13,9,8,7
-8,-2,5,-18,-1,0,-4,10,-2,-14,4,-5
-13,-15,-7,12,-6,-9,-8,-14,-5,8,-3,1
-8,-13,-5,16,8,8,1,16,-5,7,-10,12
-6,11,4,-6,9,13,1,8,-11,-7,-6,12
-8,3,-1,12,-14,18,3,21,4,8,4,6
5,20,-3,-11,-4,-1,9,8,-6,12,3,-9
-16,2,-6,-5,3,22,3,-3,-14,-1,5,3
6,9,3,22,7,24,0,16,7,14,3,-11
-4,0,-3,13,-4,16,1,0,1,-8,-8,3
4,-3,-8,-3,1,7,0,0,-5,18,-15,25
7,14,5,-4,-3,18,-2,7,-9,1,-8,8
-16,-2,8,23,3,8,5,-4,6,18,-1,22
9,29,7,24,-2,10,-3,12,-16,1,-5,7
3,28,7,9,-1,0,3,11,0,0,4,0
-4,30,-12,9,-11,12,-4,4,6,4,-12,11
0,18,2,11,-13,11,5,23,0,15,-2,20
-12,29,-14,25,-8,-2,3,-2,-5,14,6,22
-10,29,0,1,-10,9,-6,7,-11,24,-3,-2
-11,34,1,-2,-15,0,-3,23,-5,-1,6,25
-8,2,2,14,-1,12,-15,24,0,4,8,22
-16,10,-10,32,-3,33,3,0,2,30,-6,27
-13,-25,3,-34,-8,-3,-14,-2,9,-1,2,-28
0,0,-8,-13,-12,-6,8,-21,5,-34,7,-14
3,0,-4,-3,-4,-32,0,-3,-9,-34,-3,1
7,2,5,-23,-11,-10,-4,-19,2,-17,-4,2
-6,-34,4,-9,-10,-20,-13,-31,-8,-30,1,-7
-14,-26,5,-1,9,-4,7,-23,3,-33,8,-31
-12,-18,4,-18,-6,-24,1,-5,-1,-10,0,-22
10,0,9,-28,7,-25,4,-3,2,-5,5,-10
10,-11,-8,3,-5,-26,-9,5,-1,-9,-4,-1
1,3,-11,-2,-7,-2,4,-21,-4,-5,-5,-21
5,-13,6,7,7,-2,8,10,1,-9,3,0
5,1,-10,-23,-2,11,4,7,-14,6,-7,-25
3,3,10,8,-15,-20,-11,-21,8,-20,-6,-13
4,-21,5,-15,-5,7,-13,-13,-12,1,-6,8
-9,-17,10,-12,7,-1,-13,-7,0,-16,-14,2
4,1,-3,-16,4,1,2,-5,3,-9,0,-22
-11,-5,-5,-5,0,-4,3,9,-2,-20,6,-11
-4,-10,5,-6,5,-1,-3,-18,-1,-2,6,-17
-10,12,7,18,3,-6,1,-17,-13,-17,-12,-8
-15,-15,-13,18,-4,4,1,18,8,3,-9,4
-13,-3,-14,7,5,-14,-3,13,-4,-16,4,0
-8,11,-8,13,-11,0,-9,-9,0,-10,-4,-10
-1,-6,7,-13,-1,19,-2,0,10,22,-1,-2
3,12,-15,1,8,-6,-8,5,0,5,-15,19
4,5,-7,3,-1,0,1,-7,-4,0,-12,-13
0,-7,2,25,2,11,-10,3,-6,11,2,12
-3,19,-10,17,-9,5,2,11,6,3,-3,15
2,22,-13,25,-4,1,-8,8,6,12,-7,21
-1,-1,-5,-9,9,28,-1,26,-2,13,-5,16
2,14,-12,24,-7,-4,-9,-6,-1,27,9,16
-1,-8,1,5,8,0,3,-8,-3,20,-7,25
-12,10,6,5,-3,9,1,18,2,0,3,28
10,-5,-4,19,-6,27,-2,27,-1,-5,-9,22
-2,21,7,28,1,27,5,6,6,19,-14,6
-8,7,3,-2,2,31,0,10,-10,8,-2,12
-10,3,-15,11,-15,14,3,16,7,2,-10,11
-5,4,-6,26,3,19,-8,23,6,32,0,28
-12,8,-4,4,-15,12,-10,12,10,33,-4,30
1,11,4,21,-2,7,0,9,1,0,-5,7
0,-34,-14,-35,-9,-1,-1,-38,1,-3,11,-4
0,1,2,-13,-7,-31,6,-11,5,-36,-8,-26
1,-22,-3,-15,-6,-30,5,-4,0,-21,-3,-11
-11,-23,0,-34,11,-2,-9,-9,-8,-10,-2,-2
-6,-27,-14,-29,9,-15,-3,0,-2,-31,2,-29
-13,-25,-9,-2,5,4,3,-3,-10,-19,11,-25
11,-27,4,0,-11,-20,-2,-12,-11,-22,-9,1
4,-18,8,-9,-5,-12,3,-3,7,-15,-7,-15
11,8,-10,-4,-3,-1,6,-10,6,-5,-8,-27
10,3,0,-15,6,-5,5,-25,0,-21,8,6
7,-1,-7,-25,-4,-25,2,-12,3,10,-7,4
-2,-16,-6,-13,8,-7,-7,-23,8,8,-9,4
0,-11,-12,5,4,-6,0,-22,-8,-16,-2,-12
-11,13,-7,4,-14,-9,4,11,-9,-5,-10,-5
-9,-2,5,7,3,9,-1,-7,-8,-12,9,14
-3,8,-3,3,7,-6,-6,-12,-7,14,7,14
-4,-13,10,-22,3,0,-9,-18,-5,13,-7,6
-3,-3,9,10,-1,8,-2,-5,0,-8,4,16
9,-18,-11,-5,-2,-19,5,1,2,-17,1,13
-5,-14,4,8,-9,-15,-4,-8,-8,-12,3,-1
-2,11,9,2,-11,15,9,-14,10,-4,5,-9
-12,11,2,16,-5,-2,5,-16,-10,-6,8,-16
-7,21,-12,-2,11,8,-1,14,-8,-5,-9,-13
-5,-4,11,-14,10,5,-10,11,-11,-1,-10,13
3,24,-5,-8,-7,-1,-3,-13,7,15,4,-9
9,24,-13,0,-9,22,1,-1,-10,0,-4,-11
-1,23,-10,-7,-12,-9,2,-6,7,8,-4,11
-8,-3,-12,16,-6,0,9,12,-12,26,-2,21
-2,13,0,20,-11,4,9,8,-1,6,3,-9
5,14,4,2,5,-4,-1,22,1,28,5,-9
-2,6,-13,-7,-3,1,4,-1,-5,11,-6,20
5,-7,8,0,1,-7,2,-5,2,3,0,16
2,16,-14,0,-5,14,0,9,9,7,0,7
-5,25,11,-2,3,26,0,17,-4,2,-12,13
3,11,5,15,5,21,7,23,5,11,3,-4
-5,21,-2,1,-1,34,3,30,-10,7,5,1
-6,14,11,18,-7,25,2,33,-1,-2,8,13
-8,36,-9,33,-13,9,7,2,5,13,-4,3
-3,7,9,28,0,32,3,31,-4,25,-14,25
2,0,-4,-9,0,-32,1,-12,7,-3,6,-9
-2,-31,-11,-9,-1,-29,5,-17,-4,-36,12,-7
-13,-28,-8,1,4,-27,4,-15,-7,-21,-10,-10
-2,-35,-10,-5,4,-7,1,-4,-3,-29,1,-24
5,-10,5,-22,-2,0,-5,-1,6,-2,11,-1
2,1,10,-21,0,-2,0,5,-1,-7,6,-3
6,2,-6,-18,-9,-4,3,-6,7,-12,7,-30
1,1,4,-19,12,-14,5,-21,2,-26,1,-19
2,5,-2,-29,8,-12,-2,-18,7,-7,-1,-17
0,-20,12,2,7,-17,10,1,-5,-13,5,9
-10,-25,-2,-16,1,-15,-8,7,-8,-14,5,4
-1,-17,-7,-4,-2,-17,0,1,0,0,-3,-6
7,11,2,4,-2,-1,-1,-26,-5,11,-13,-4
-12,3,-7,5,0,11,5,3,0,-13,-11,2
-7,-1,8,-1,5,-19,-6,3,-5,-5,-4,7
-8,15,-2,0,-11,0,-8,0,2,-5,5,-16
-6,-21,10,7,0,2,0,-13,-11,5,-10,15
-3,-18,-12,11,-13,1,5,13,8,9,11,16
-10,10,12,-14,-8,-8,-2,-16,9,-1,8,-12
12,-15,3,-13,-5,-4,6,0,11,-18,6,-7
-11,-4,0,-1,7,5,-6,-16,1,12,-1,-1
-8,9,-7,-4,10,-12,-10,-16,5,20,-1,-9
-8,-5,-13,2,-2,-15,1,-14,-4,-3,11,1
-12,17,0,-9,-1,-11,-6,8,-5,-10,-13,-3
5,-11,-12,10,10,7,7,-4,-10,21,12,4
-2,23,-4,-10,9,2,-10,7,2,-1,12,-12
1,-4,-7,22,-10,-7,2,18,-9,3,7,26
-10,-4,-2,19,-7,-9,-8,11,-4,-7,-9,16
-8,23,-2,6,1,-7,9,4,7,0,8,-9
0,24,1,6,-3,-7,-2,22,1,1,12,29
2,14,3,0,-4,-8,-6,7,-3,13,5,-8
2,9,1,16,0,-7,-2,15,-4,22,-4,17
-2,9,12,3,-3,18,-7,16,-9,-2,-11,18
-11,30,7,20,0,0,2,16,6,-3,0,10
-13,5,-10,-1,5,19,4,4,7,23,8,30
-7,0,6,9,-1,3,2,19,-5,9,-2,7
-1,31,-7,24,0,9,-1,9,4,14,10,-1
-5,30,3,21,1,23,10,4,12,3,8,37
4,22,-5,31,3,28,-1,8,4,0,8,25
1,0,7,-35,10,-28,1,-30,-1,-15,-2,-28
0,-34,6,-14,0,-16,-1,-11,0,-12,2,-4
4,-27,-4,-23,10,-25,-3,-24,3,-19,10,-26
-2,-27,-4,-5,-3,-3,-2,-6,10,-13,11,-30
5,3,-5,-30,9,3,-10,-18,-12,0,-3,-13
4,-19,-7,-18,1,-18,0,4,4,-6,13,-28
3,-4,7,-17,-6,6,12,1,0,-11,-6,-5
-12,1,9,-17,11,-21,1,-4,3,-15,3,-2
-9,-19,13,-16,13,-24,0,-21,-2,-18,-11,0
4,-28,7,-12,4,-20,-1,-29,-8,-11,1,1
-11,-9,-11,-21,-12,2,2,1,11,-17,-8,-27
11,-22,-9,-3,2,4,-12,0,-6,-5,-3,-4
-8,6,11,-4,-9,1,-2,1,-4,4,-6,-24
-3,-5,0,-14,13,-3,3,6,-2,-7,1,6
-2,1,1,-17,-10,7,0,10,-1,4,6,-5
5,-5,-9,2,-11,-9,2,-22,1,-17,13,-7
1,6,8,8,10,-9,-2,2,-4,7,1,1
10,-18,-10,-20,-4,10,-2,-13,-5,-4,12,-5
1,-6,12,-4,9,-8,-8,-5,0,15,-12,12
-8,12,4,19,-2,-8,4,12,-2,-3,13,12
4,-14,-5,-1,2,-11,5,19,9,-7,10,-12
-7,13,3,-17,9,4,-1,-6,8,21,-3,-2
5,-8,10,10,7,10,-6,17,1,13,-7,11
8,7,-9,12,-10,-13,3,13,-8,12,5,15
1,-7,0,22,4,2,2,14,4,-8,7,-3
8,-6,-6,-11,-3,-12,10,5,0,19,4,-4
6,16,11,21,3,-1,-6,-6,4,14,7,-5
13,24,10,1,4,4,6,3,5,24,-4,11
2,27,11,17,9,-8,7,7,-12,3,-1,-6
-8,21,-3,24,1,-6,3,-1,-5,9,-2,0
-4,3,9,17,-1,-8,3,-1,-2,11,-1,20
6,3,-8,-5,-2,21,-3,20,4,1,6,-5
-11,12,-2,26,-5,-4,12,20,-5,0,4,30
3,31,9,33,-4,-2,-12,9,11,16,-1,9
-12,34,2,28,8,12,-4,12,6,11,11,25
-5,33,-2,12,9,2,-6,9,12,0,-4,11
11,32,7,0,9,21,12,1,-4,26,13,33
-2,-1,-8,5,-6,15,9,13,-5,27,10,15
-1,8,-2,38,-3,12,4,0,-3,6,-1,30
2,-36,10,-38,2,-26,13,-11,-9,-9,4,-2
-4,-2,-4,1,-10,-9,14,-16,8,-6,5,-36
1,-17,-6,-33,5,2,10,-17,-11,-31,5,-28
8,3,3,-1,0,-5,7,-6,-1,-20,-11,-26
5,-19,-5,-10,4,-17,6,4,-2,-8,6,-8
-2,-17,-3,-7,-4,-1,1,-5,-8,4,-11,-18
11,2,-2,4,-3,-31,2,0,7,-12,11,-21
2,-25,7,-25,1,0,6,4,4,-16,5,-15
-8,-5,-5,3,-1,-5,0,-5,12,2,-1,-13
-4,-4,9,-9,13,-14,3,8,-3,-7,2,-29
-2,3,-7,-20,-1,-6,-6,-7,13,-4,-4,10
-3,7,3,10,8,6,-4,4,-8,2,4,-20
7,-22,-1,-6,14,-17,-1,-3,0,0,1,-5
-8,11,-3,-5,-1,-4,-4,-17,0,-5,3,6
2,5,4,-11,3,9,9,-21,3,-17,-3,7
8,-21,-7,2,2,11,4,-5,-2,-6,0,0
-5,5,-6,1,3,-12,2,-19,-2,-15,0,-2
7,-20,14,-5,-4,-3,0,-6,10,-21,6,-1
0,-17,7,16,12,10,3,-7,-4,-13,-3,-13
-3,-19,-4,-3,0,1,2,-8,-1,-14,6,8
-9,12,9,0,1,5,1,9,2,6,-8,18
9,18,5,-1,13,10,-6,16,10,-13,4,15
7,18,-10,-10,-9,-2,1,-10,-1,-12,-8,-7
13,-10,12,-11,-4,8,-1,1,-9,-3,0,-10
-6,1,8,-8,-7,-10,-7,21,1,2,1,-9
12,8,12,4,5,9,-4,20,6,-11,6,6
0,0,5,11,0,1,-8,-9,1,-8,4,26
9,19,2,17,-8,21,5,25,4,16,-2,-4
0,15,9,13,-1,23,-5,28,11,10,0,7
1,9,13,26,13,1,-2,9,11,-8,8,10
2,11,2,24,0,0,1,18,-5,12,-3,27
-10,9,-5,21,-11,27,0,2,2,0,-3,14
1,15,12,3,-11,15,-8,30,-1,32,-7,18
2,10,2,5,-6,14,14,14,12,-4,-8,5
-6,25,14,14,5,26,4,21,4,-1,-4,6
4,21,0,14,7,12,6,6,2,27,-2,0
11,15,-10,14,-1,-1,14,1,10,17,10,17
3,35,3,3,10,0,9,4,-1,36,-2,24
-6,7,0,0,0,7,-2,28,-5,18,11,30
0,-28,-6,-4,-8,-27,8,-16,13,-2,3,-30
0,-2,-9,-23,-1,-23,-6,-23,-9,-30,12,-6
-5,-1,15,-8,3,-32,-9,-22,8,-33,0,-5
14,-33,5,-34,6,-33,9,-22,8,-19,7,-11
10,-29,-4,-25,2,-2,10,-13,-4,-2,2,-12
1,4,13,-26,7,-13,2,0,8,-32,12,-11
10,1,1,-28,10,-23,0,-11,-3,-27,1,-30
-7,-10,5,3,-5,-30,-8,7,8,2,-2,-12
6,-13,0,-30,0,-23,8,-25,11,-13,1,-6
-9,-5,2,-16,0,1,0,-22,-8,4,-5,-10
-10,-3,5,-7,0,7,0,2,0,-6,14,-8
2,-3,3,2,1,1,7,-11,8,-1,2,-20
5,-22,7,-11,-3,11,5,0,8,-9,8,-3
-9,-24,15,-15,-2,0,-1,1,-2,-17,2,1
0,-1,-1,-2,10,-19,8,8,-2,9,7,12
0,-1,-4,-16,-1,4,0,-14,2,-12,2,-3
1,-1,7,-15,4,-21,-2,13,-3,-3,1,4
-9,9,9,13,0,6,2,-14,5,-21,10,-5
9,-19,-2,-18,8,-10,-4,-13,3,5,5,17
13,0,-2,4,-2,18,2,6,-3,14,-9,16
3,2,7,10,0,0,-8,16,-2,-11,1,16
-4,17,0,18,10,1,4,4,-3,-4,11,3
-1,9,6,10,-2,4,-4,1,-5,20,-2,-10
-9,-5,-5,-1,7,21,0,-10,-2,11,4,-9
-4,0,-2,-3,6,-2,-1,1,2,-12,7,21
13,-4,2,1,1,-10,-4,24,-5,4,-7,1
-1,0,6,19,0,4,2,-8,2,26,13,24
14,20,-5,1,6,-8,-10,-4,15,-6,-6,3
-4,10,4,-8,8,28,-1,-2,-10,15,-1,0
5,0,-8,-7,-1,1,-1,-2,-2,12,4,-8
4,4,1,19,0,0,-2,22,1,11,-6,25
13,18,-8,27,4,-7,0,-7,-2,11,-5,1
-5,12,-1,-5,-3,27,14,26,-9,10,12,2
-3,21,0,7,12,13,-7,10,1,-1,0,11
-3,15,5,2,14,24,15,34,-1,7,-3,19
-3,31,12,13,0,2,1,14,11,0,0,12
14,19,0,0,5,14,12,25,-4,11,-10,15
5,4,8,34,11,19,11,9,-4,4,5,13
-8,8,-4,19,-10,2,-4,0,5,11,0,24
0,0,-5,-6,11,-5,0,-18,7,-34,1,0
-7,-26,11,-4,5,-33,3,-5,-4,1,16,-10
0,-10,-9,-27,-9,-1,2,-7,11,-30,-4,-8
-1,1,-4,-5,15,-5,7,-11,1,-34,-8,-30
2,-17,-5,-25,0,-25,-1,-14,-6,-11,13,-10
3,-8,6,-21,4,-31,-4,-28,-7,-23,13,3
-1,3,10,-28,10,-28,2,-30,1,-22,16,-12
-9,-7,2,4,-1,-14,2,-8,2,-24,-6,-6
-7,-5,14,-17,-1,-22,2,-9,-3,-7,13,-23
-1,1,7,-1,0,2,-1,-19,14,-24,0,-1
-1,0,1,-21,8,1,0,-27,-5,10,-3,-27
13,-25,15,-10,0,-10,-1,7,-4,2,1,-27
-6,-26,-5,-4,16,2,12,5,0,-14,2,12
-5,-1,-5,12,-1,7,10,8,10,-19,-9,-1
11,-21,-2,-2,9,7,16,13,1,-16,-1,-1
8,-6,-2,8,3,1,7,7,11,-1,1,-3
2,2,9,11,-5,-9,11,14,2,-22,-3,-15
-6,16,1,2,-7,14,-3,2,3,8,-6,1
0,-1,8,6,13,18,2,7,2,10,4,-9
4,-1,-1,16,3,8,-1,-19,2,15,2,-19
0,19,6,7,-1,10,-5,4,-7,-17,-2,9
-1,10,3,7,-9,19,-8,-4,10,3,-7,-17
1,2,10,16,7,-10,-8,-11,15,-14,16,-10
10,-2,15,16,-4,-10,11,12,4,-10,-7,-12
15,23,-7,-4,8,-4,-5,10,-5,-12,-7,-3
15,-4,-7,4,4,12,-4,1,4,25,-6,17
1,0,7,6,0,-9,-3,-2,13,13,-1,15
-5,3,-6,1,14,16,-1,20,-7,10,13,22
-5,10,4,23,-2,-7,0,9,-1,-10,-7,28
3,6,-9,12,8,25,-6,2,11,-4,2,23
13,28,6,16,3,10,-4,22,-8,-5,12,21
10,-1,11,15,-2,12,-2,19,4,1,0,22
-1,27,2,25,-1,24,7,12,-2,26,6,-1
-5,23,14,5,3,15,5,2,-5,18,14,-2
-9,18,11,-2,6,26,-1,15,-8,10,11,-3
-9,18,8,29,-8,14,-5,10,6,18,-4,3
6,11,4,7,7,18,6,-1,4,15,-4,30
3,-1,5,5,-9,36,0,32,1,30,14,5
-9,14,5,38,0,37,-3,19,-2,35,-2,22
-3,-19,6,-17,0,-16,-3,-1,8,-25,-2,-19
4,-20,-6,-17,8,0,9,-10,-3,-6,-8,-6
-3,-36,10,-14,-4,1,-8,-1,8,-35,4,-2
5,-10,1,-22,11,-25,1,2,1,-21,10,-32
2,-15,-6,-27,-2,-15,0,-33,-1,-3,-7,-17
-5,-31,10,-13,6,-7,-7,-24,9,-14,-4,-10
-8,-13,-2,-10,0,-22,5,-10,10,-8,1,-10
-3,-27,-3,-20,2,-31,-4,-10,-4,-9,-6,6
-2,1,7,-12,-3,0,-3,-23,-3,-26,3,-8
1,-26,4,-29,16,-29,-3,-10,-2,-20,14,0
-4,-2,4,0,12,8,-5,7,1,3,-3,-12
6,-4,11,-11,-4,11,8,-6,-8,8,9,6
3,1,-2,10,7,-16,-2,-11,7,12,16,12
0,4,-6,1,-4,2,5,-23,9,-10,3,-6
-8,-21,7,-7,-4,-3,6,1,-5,-17,-5,-3
0,9,8,12,-7,15,-4,-3,-5,4,12,13
-7,12,2,-17,-1,12,-4,-12,2,4,6,-15
11,-16,-2,4,-4,2,5,-9,-5,-2,2,9
0,6,-4,-20,14,11,2,12,-5,12,4,-16
6,3,-4,0,-1,-10,7,-9,6,14,6,-9
12,0,17,18,0,5,0,11,2,12,16,-18
-1,-11,3,5,0,-10,-5,-11,-1,4,7,6
9,-16,1,-1,-6,-11,0,-2,-6,15,13,-10
2,-2,9,-14,16,4,-5,19,11,-3,6,12
6,-7,5,6,16,-9,13,6,-3,7,-1,0
9,17,9,10,7,12,14,11,17,24,1,-9
7,19,1,-10,-6,1,11,11,-1,3,0,18
-5,4,11,2,16,7,-6,3,16,-7,-3,-9
-8,26,17,22,-5,-2,-2,-5,8,7,5,3
5,25,16,11,13,5,2,27,5,-5,-4,26
17,28,9,8,-4,14,17,6,1,12,13,28
8,26,-3,14,-1,-6,-6,12,-2,14,13,17
7,-3,9,0,15,10,-8,-1,6,11,15,12
-7,21,-2,26,9,27,4,-3,0,8,5,22
0,21,5,-2,8,30,16,30,14,7,-4,2
-6,19,6,32,-8,11,9,-1,16,22,-7,0
0,21,10,11,12,12,7,30,-1,12,0,27
-1,22,3,2,5,31,2,18,11,8,13,32
10,20,0,0,0,19,0,28,3,21,17,10
-1,-17,-7,-14,-3,-19,1,-1,11,-19,17,-4
3,-16,6,-18,-3,-1,2,-20,-5,-5,-6,1
4,-17,-2,-28,2,-31,-2,0,4,-24,-6,-32
5,-15,5,2,1,-14,7,-19,17,-16,18,-3
18,-32,-5,-31,-7,-22,1,-8,-4,-14,6,-24
-4,-32,15,-8,8,-18,10,-18,-4,-27,-4,1
6,-31,12,-23,-1,-14,4,-12,4,6,7,-30
-3,-25,2,-24,0,-2,11,-13,3,-7,2,-4
0,-6,3,-12,6,-4,4,-23,10,-13,10,-14
-5,-3,4,-18,-1,-22,-7,-3,-5,-27,-5,-22
-6,1,0,6,4,-14,-2,-13,3,-19,-1,5
-5,-26,0,-19,-4,-16,2,-5,-1,1,-1,-11
9,-6,17,12,-4,-3,1,1,1,-1,12,-12
4,3,6,-2,-2,13,4,-7,17,-7,-3,5
-1,1,13,0,7,-1,1,1,6,-13,1,-24
-6,-3,8,-4,11,-20,5,-5,5,-14,2,-5
-3,16,-3,1,-6,-7,-6,-3,7,-11,0,9
2,-11,11,-21,-3,-12,2,-10,2,-3,-1,3
2,12,-1,9,-1,11,1,-13,-4,-11,9,-9
7,-17,1,-12,9,-12,-2,-11,2,8,6,-7
-1,-12,7,-8,6,-10,0,14,15,14,13,16
-1,0,6,4,0,19,3,14,-5,3,-3,-4
3,21,11,-13,16,6,-3,-9,13,10,16,17
15,3,3,18,9,11,-1,21,6,-2,5,1
13,-14,-3,4,14,-5,-1,18,10,7,-4,-12
14,18,14,20,17,11,-1,0,-2,-8,17,23
1,3,10,19,14,15,4,23,10,-1,15,20
0,-1,15,10,-5,19,17,9,6,-2,16,-7
9,6,-1,0,17,15,-5,20,8,13,-1,0
4,25,15,15,2,19,2,-9,11,26,17,22
7,26,7,19,5,26,1,-2,-2,-6,6,26
14,9,2,30,1,-7,-1,22,0,22,0,0
4,24,0,0,8,28,15,-3,17,3,-5,-4
3,22,1,-4,-5,-1,4,19,10,0,8,22
0,0,3,24,-5,23,11,8,0,22,0,9
-2,24,-1,2,3,23,-6,3,2,7,10,8
4,2,16,23,2,20,11,14,-7,-1,12,3
-1,10,6,-1,-5,16,-7,22,3,1,2,5
9,36,-1,20,0,28,3,17,0,0,0,36
17,-34,19,-23,0,-8,16,-9,16,-1,8,-21
-4,0,5,-19,17,-25,-6,-8,7,-6,-4,-5
4,0,11,-17,-5,-5,10,-14,7,1,18,-9
7,-30,1,-8,-1,-9,16,-7,-4,-11,9,-35
9,-33,-3,-32,-3,1,13,1,0,1,-5,-5
9,-13,18,-29,-5,-15,-4,-10,1,3,9,-11
-1,-30,-6,-20,3,-3,8,0,19,-20,-4,-28
-5,-6,2,-12,3,-6,3,3,-5,5,6,-20
4,-1,3,-30,4,8,14,-6,-1,-2,-6,-1
12,-12,2,-11,-5,-22,-2,-20,3,-29,-4,-6
-1,0,4,2,3,-21,-5,-4,-6,-13,10,-14
15,-1,-3,11,0,1,3,-3,13,9,-1,8
0,0,-6,-24,13,6,6,-5,0,0,8,10
2,-8,-1,0,19,-14,12,-12,4,-25,0,6
-5,-13,5,-5,-6,3,2,-3,0,0,-4,2
4,-6,9,-1,3,-5,3,-2,0,4,-1,6
6,8,7,-21,1,8,-4,-4,17,-4,17,1
-3,13,14,8,-1,7,4,-1,14,15,0,4
-6,8,3,3,-1,4,0,-19,-3,-12,-1,-20
1,1,3,-1,-1,-10,-4,-10,-1,5,9,-11
2,4,0,-7,-5,1,-3,20,2,5,0,17
2,-15,1,-15,4,19,14,2,18,17,12,-5
13,-1,0,-16,-6,12,1,-5,19,4,15,-6
9,12,2,-3,12,20,3,14,-4,-15,19,-6
5,18,4,-1,-6,24,-1,14,14,-12,17,5
3,0,0,-9,7,0,15,11,-1,6,8,9
16,18,-3,-6,-5,4,19,-10,9,-8,18,-3
8,-8,-1,-11,-3,27,-3,2,19,19,1,9
7,6,19,9,-1,21,-4,-3,4,18,19,3
11,-5,10,11,-3,16,2,8,3,25,12,17
-6,9,-5,15,3,22,-4,16,2,24,-4,20
-1,3,-2,4,10,24,-1,20,-4,12,9,14
1,16,15,-2,-4,22,-1,6,8,14,18,0
-5,0,17,9,19,24,0,25,-4,10,2,-1
4,26,-3,27,-2,-3,2,20,2,30,-1,1
10,0,-6,30,-4,33,-6,17,3,-1,6,15
3,15,9,12,17,23,8,36,6,11,18,24
8,0,2,8,-3,27,9,28,3,24,13,31
14,1,1,32,0,33,2,18,-1,7,-1,21
-3,-4,-2,-19,6,-12,-5,-23,1,-24,-1,-9
4,-15,12,-19,11,-8,9,-2,15,-23,14,0
-3,-27,18,1,0,0,20,0,4,-6,-4,1
9,-21,20,0,20,0,19,-30,16,-34,11,-22
-1,-31,8,-19,14,-22,-2,-24,19,-2,16,1
0,-12,14,-5,13,-15,-1,-4,8,-19,10,-16
12,-27,3,-3,9,-23,20,-31,10,-26,6,-11
-1,-29,18,5,1,-9,-4,-19,-4,-1,8,-5
3,-26,4,-9,16,-30,-3,1,13,-22,-2,-30
-4,-26,7,-24,9,7,3,-26,-3,6,-1,9
-5,-26,-1,0,-2,1,-3,8,7,-27,10,-8
2,-6,7,-12,1,-16,2,1,20,8,14,0
10,-7,-1,-23,19,-13,6,-23,4,-5,-1,-4
-4,2,-1,6,4,-23,4,-22,2,5,-1,-4
-5,-13,0,-4,2,2,2,0,-1,-4,2,2
9,1,2,2,13,7,10,-4,-4,-6,2,-19
8,-19,3,15,-2,14,4,8,-1,-13,20,6
-3,-2,7,2,2,0,-1,-21,15,10,7,2
-2,-1,7,14,-3,1,-1,-18,8,1,19,-19
-5,-18,-2,-11,-4,-16,2,-9,7,-11,1,10
1,-2,6,18,-5,-15,-1,5,6,-5,11,4
6,-16,2,-8,0,15,11,-7,18,-7,18,-17
-3,13,-4,11,12,22,17,-15,-4,7,20,-4
12,13,19,-7,7,23,-5,6,5,17,17,-11
14,-4,-1,0,-5,12,15,-5,14,13,5,-9
16,2,18,-13,6,4,10,11,14,-10,-1,-13
16,8,-1,0,-3,3,9,21,-5,6,2,3
-1,10,-3,-11,2,-11,5,3,-2,-10,2,22
20,23,8,3,18,21,2,-1,-2,-8,-4,6
6,29,17,-4,0,-1,-1,9,3,1,-1,22
4,0,12,19,18,-1,-4,27,-4,3,0,15
19,29,5,15,0,4,-4,27,-4,14,4,10
1,13,0,29,3,12,10,11,10,8,11,-2
0,0,0,11,17,14,15,29,16,-3,9,33
-1,0,3,29,20,-1,8,-3,16,29,15,23
1,21,0,35,12,10,7,-2,-1,4,1,31
-1,20,9,27,8,28,0,0,1,14,13,12
3,23,-3,15,2,14,4,30,15,27,20,1
6,9,4,34,-1,18,1,20,3,27,-3,19
6,-7,12,-21,0,-32,5,-33,19,-15,5,-12
2,1,11,0,-3,-5,-1,-18,0,-31,10,-19
16,-34,17,-18,-2,-18,3,0,15,-11,3,-18
-3,0,21,-35,6,-26,4,1,-1,-14,12,-15
9,-12,20,-32,4,-25,0,2,19,-6,7,-23
0,2,0,-17,5,-9,4,-25,2,-3,15,-12
-2,-14,-4,-13,-3,-27,2,-8,10,-4,-4,5
20,-6,15,-7,21,-10,-3,-27,7,-26,2,-23
-4,5,14,-11,17,-20,14,-29,13,-18,-3,-10
2,-1,6,-4,2,-21,16,-13,13,-2,8,1
-1,1,17,-20,18,4,3,-10,-1,10,11,-3
12,-8,20,-26,14,-18,3,-20,4,11,12,7
3,3,9,9,2,6,-1,11,5,10,-3,1
3,-8,1,-18,-2,12,0,0,-4,2,5,-25
-2,-3,-1,-2,6,10,4,-1,-1,4,2,-3
-4,11,-3,12,8,-16,3,-23,2,-23,2,-10
-1,-16,13,2,-2,-3,6,4,-3,12,17,-19
17,-19,0,0,-2,-21,2,5,1,4,2,-21
3,18,4,4,8,2,5,18,1,-20,1,-7
-4,18,20,-6,0,1,21,8,0,-19,4,1
16,8,13,-5,-2,-8,1,-7,6,15,14,-10
1,-9,-4,13,3,21,16,16,15,21,21,-13
1,15,14,-7,3,-11,7,21,16,-7,-3,-14
21,-15,8,-14,15,4,-4,-9,15,8,13,-9
2,1,7,-1,-3,9,5,11,15,5,14,-13
16,-2,-1,23,8,12,16,-11,-3,-7,12,18
12,-12,13,13,5,4,0,20,10,-7,18,7
-1,-6,4,14,8,-8,4,11,15,-1,13,26
10,21,8,19,1,15,2,15,13,14,12,-8
1,0,-1,26,-3,27,-1,0,0,15,3,-7
12,13,11,-1,0,0,0,19,-3,16,0,0
18,-3,9,27,4,22,-4,25,0,14,1,0
1,-5,-4,4,18,-2,18,29,-3,23,0,-2
4,5,17,12,1,28,-1,-3,10,11,8,1
5,25,-2,29,4,0,-2,31,-1,18,5,-2
13,0,10,28,8,10,-4,8,3,13,18,34
2,28,14,24,2,18,2,9,4,0,10,2
3,32,-3,2,16,31,11,4,21,28,1,17
7,26,4,34,0,0,0,12,-3,31,0,26
-3,-11,6,-18,3,-11,19,-16,-1,-2,22,-13
2,-17,14,-4,19,-28,1,-9,11,-11,8,-2
14,-34,12,2,6,-10,18,-24,7,-1,8,-30
-3,-17,5,3,0,-13,17,-6,3,-16,20,-10
5,4,-2,-17,6,-28,-2,-16,-2,-22,0,-17
20,-30,-3,-29,12,-4,22,-27,9,-21,18,-5
14,-23,8,0,13,-27,3,-14,-2,-4,-2,-25
0,1,14,-28,-2,-18,3,-29,4,-6,-3,-1
10,-19,4,6,-3,-12,2,-21,8,-24,16,8
16,-11,5,-25,2,-9,10,8,16,6,13,-4
-3,-2,22,-4,-2,-20,2,-28,0,-4,16,-2
6,1,21,-13,-2,7,1,11,0,7,17,-17
1,1,3,11,13,1,20,-23,1,0,4,-7
1,-24,19,-12,-2,12,3,9,5,-1,0,-1
0,-2,-1,11,7,-7,21,7,-1,2,1,1
1,0,-2,11,2,-23,4,7,-2,-14,1,13
6,5,7,-1,-1,3,4,0,7,14,4,2
11,-3,0,-1,-2,3,0,7,22,-5,4,0
15,-15,1,15,4,-16,1,-1,-2,12,0,3
16,-16,15,11,0,-2,-2,7,5,-2,4,-10
3,-8,12,-9,-1,20,22,2,9,12,-1,-9
15,-9,3,-5,1,-14,15,21,20,-14,22,-17
8,7,11,0,21,18,0,5,21,1,3,-2
10,12,19,-11,20,-9,-3,1,19,-2,10,-13
22,-7,-2,-3,9,22,-3,24,8,19,1,-4
13,13,4,10,8,-7,-1,15,18,12,4,-13
15,3,8,-2,12,19,-1,13,-3,-10,14,2
7,15,-1,0,3,-1,4,3,8,20,17,21
9,22,12,19,12,-1,0,-10,-3,18,17,-6
-1,-9,-1,14,-3,20,-2,13,-2,17,3,-4
14,28,5,24,1,26,0,9,6,14,0,0
14,14,18,22,7,30,-1,25,4,16,20,17
21,20,13,23,12,27,14,-2,-1,16,0,-2
-1,31,12,28,1,-3,10,8,5,1,3,27
1,25,20,-2,7,15,10,30,-1,5,21,1
10,1,12,28,11,12,19,18,13,32,17,11
14,14,6,28,19,23,14,17,-2,0,9,1
1,18,19,22,21,22,19,11,11,17,-2,0
5,9,4,19,5,34,-2,1,3,29,5,10
-2,-33,22,-15,1,-29,-1,-7,-2,-5,-2,-10
6,-17,6,-10,20,-9,10,-2,-1,-24,2,-3
7,-15,3,-27,1,-32,0,-9,14,-4,18,-1
3,-1,1,-19,-1,-15,10,3,-2,-18,10,-4
5,-16,15,0,1,3,1,-9,2,-2,-1,-16
12,-13,10,-24,23,-29,-1,-1,0,-16,5,-25
20,-24,6,-10,-2,-17,2,-24,-1,-14,21,-21
11,-31,23,-10,1,3,-1,-28,1,-27,17,-30
1,3,18,8,20,-28,21,2,10,-24,8,7
4,0,22,-8,11,-19,1,4,16,-7,21,-21
17,-12,8,-20,1,-10,3,-18,4,-20,6,-11
3,-24,8,-16,18,-24,0,6,0,-4,-2,8
16,-8,12,-8,21,12,8,11,23,2,0,-4
-1,-23,3,-3,-1,-14,11,-6,0,0,3,-1
4,9,12,-17,12,14,0,-3,10,-24,7,6
0,0,0,-2,5,-3,4,5,-1,-3,1,-10
1,2,-2,4,21,-11,-1,7,22,14,6,3
10,-17,14,-14,-1,5,5,-4,-2,-2,13,-15
0,0,15,-11,-1,9,1,-12,0,-12,3,16
1,1,0,0,5,-8,23,9,1,-6,-2,1
22,1,13,14,3,-11,-1,-3,3,5,19,8
21,21,2,-4,7,21,13,17,5,5,11,16
3,21,-1,17,2,16,0,-15,1,-16,5,-15
0,-10,13,8,15,0,21,19,17,9,7,20
2,11,-2,-13,18,1,18,8,20,-10,11,8
9,-3,19,21,20,4,6,-1,23,20,10,15
11,-2,2,18,14,-2,22,-11,12,25,20,8
4,-11,11,5,12,-6,6,-9,12,-7,-2,0
23,22,23,28,16,-9,3,10,-1,5,-2,6
-1,-3,19,11,0,-1,3,29,-2,23,18,9
1,0,-1,7,-2,0,0,14,-1,0,19,13
13,3,4,31,0,0,3,17,3,4,2,25
10,0,-1,24,4,23,3,12,15,17,22,23
1,23,13,-2,-1,1,-1,12,-1,32,11,30
12,1,12,15,19,22,10,11,6,11,20,-4
4,32,22,27,12,27,13,20,3,15,22,11
19,15,5,3,9,9,1,21,7,7,-2,0
19,4,1,12,19,37,18,17,7,22,9,2
-1,9,9,14,1,21,0,10,0,38,10,0
11,-10,6,-1,4,-9,19,-32,3,-7,22,-18
12,-14,-1,-3,2,-36,0,-7,2,-26,16,1
0,0,12,-22,3,-3,13,-33,3,-6,11,-11
10,-13,0,-33,4,-14,4,-6,8,-27,1,1
9,-29,17,4,12,1,2,-22,14,-12,23,-22
13,-6,24,-8,10,5,0,-13,11,-14,1,-3
1,-22,5,-24,1,-23,0,-21,13,-32,14,-8
17,2,15,-21,5,6,1,-11,6,-28,16,-16
8,-12,11,5,14,-2,0,-30,4,-22,15,7
0,-16,11,9,15,-10,0,9,2,-17,2,-9
21,-2,21,3,12,-8,1,-20,4,9,17,5
4,-4,21,-13,16,-22,21,-25,0,-8,1,8
0,-22,3,12,0,-26,2,-22,3,-1,-1,1
10,4,19,-18,5,-2,1,-10,0,13,0,-6
6,8,0,-3,2,-24,3,-20,3,-16,-1,-1
0,0,2,-14,9,6,2,-1,18,-7,5,-1
0,0,0,-10,0,0,10,-3,0,3,18,-2
4,3,-1,14,0,14,1,-19,1,13,0,0
5,-19,-1,18,6,2,0,17,-1,-8,15,-1
0,19,1,6,10,5,2,-14,0,8,0,4
5,-9,9,-15,4,-12,-1,-10,6,16,21,-1
14,-6,19,-12,1,3,2,1,0,5,16,14
15,19,7,20,22,-12,13,18,11,-6,17,-12
0,0,16,7,2,-9,2,12,6,-7,18,20
0,0,8,11,1,19,14,-1,19,23,13,7
17,-11,8,-4,3,-2,11,16,14,18,19,-8
-1,0,11,-10,10,4,11,7,21,-12,21,-9
3,7,20,4,6,20,-1,-1,12,21,13,24
22,10,4,-8,0,-9,16,22,4,-7,0,0
8,0,21,-1,6,-1,1,-9,10,13,0,0
3,-1,16,9,5,7,5,6,9,6,1,6
24,13,0,-7,2,0,2,23,5,24,24,10
1,-4,6,20,19,11,18,6,2,27,9,-3
12,12,15,4,9,10,4,26,-1,16,11,-3
14,14,24,0,16,10,-1,0,0,0,7,5
2,24,23,22,5,21,2,26,16,11,19,8
19,22,13,9,5,4,1,9,7,18,-1,1
6,26,22,25,14,36,-1,33,4,15,12,2
0,0,23,34,6,7,0,33,9,20,24,15
14,-21,23,-27,0,-5,0,-10,19,-16,0,-32
2,1,0,-1,1,-16,10,-19,25,-10,7,-20
9,-13,17,-16,0,-5,10,-30,16,-34,1,-5
8,-29,0,-28,3,-16,7,-34,2,-7,11,-19
0,-4,17,2,10,-14,1,-13,15,-10,0,-21
20,-27,20,-7,8,-9,0,-24,0,-10,0,0
22,-26,13,-10,7,-7,9,-23,12,-25,1,0
22,-10,14,-6,11,-13,25,-5,24,2,25,-20
9,-24,13,-18,24,-23,13,-20,0,-4,24,-19
0,0,12,-13,10,2,6,-8,5,-28,15,-20
17,-8,16,-16,3,-2,6,-1,5,6,15,-17
7,-22,16,-24,4,-3,16,-7,0,9,11,-15
7,4,12,-5,23,9,11,4,0,12,5,-15
7,6,9,-6,15,-13,0,-13,2,-7,3,-6
5,1,3,-3,1,1,5,8,18,-11,4,-17
2,-19,0,-8,5,-8,5,2,9,-20,1,-11
8,-21,20,9,0,-17,4,11,12,5,23,-1
0,2,1,-13,0,-1,2,5,20,-20,2,-13
9,-16,11,17,0,4,0,-18,0,-20,1,5
7,-3,19,14,9,2,2,-15,1,-9,1,-4
25,7,20,18,23,16,10,-15,18,20,2,-6
20,2,1,2,17,-11,0,19,11,18,3,16
10,-15,2,-10,22,-2,18,1,0,14,4,-4
0,0,15,-4,15,20,0,4,11,0,25,4
14,-1,23,-13,5,3,12,-9,0,15,17,15
12,9,20,-7,19,17,16,25,18,-9,16,2
3,14,1,19,0,-5,1,-2,1,23,2,21
12,16,17,3,7,3,24,10,2,-4,20,22
21,-9,10,-4,15,-4,0,15,5,16,11,-1
12,28,3,28,0,10,4,2,16,21,3,-3
5,9,21,5,0,1,15,-5,10,21,0,0
14,-1,25,15,3,17,9,-3,3,-2,9,27
6,-4,8,0,10,8,4,-3,7,4,2,-1
1,7,9,0,12,32,0,26,7,-3,9,33
7,-2,21,28,25,1,1,23,9,11,1,2
2,24,0,20,5,7,20,32,21,11,12,35
20,19,9,12,9,32,6,7,22,19,0,-1
4,35,1,28,6,35,3,23,0,10,3,28
16,5,0,0,0,0,0,0,0,31,23,7
