-14,-26,-1,-13,-33,-9,-11,-10,-33,-7,-14,-14
-24,-1,-7,-6,-15,-24,-10,-5,-28,-23,-25,-23
-1,-3,-7,-9,-16,-9,-35,-15,-34,-15,-16,-1
-18,-8,-27,-12,-6,-21,-36,-5,-26,-8,-2,-22
-19,-22,-6,-9,-24,1,-12,-13,-27,-7,-2,-16
-1,-17,-9,-11,-21,-11,-5,-5,-34,-2,-6,-17
-1,3,-3,-11,-5,-5,-12,-14,-28,2,0,-9
-1,-16,0,-18,-13,-14,-32,7,-34,-16,-16,6
-2,1,-34,-10,-11,-11,-16,-2,-20,-2,-2,0
-3,-3,-6,6,-17,3,-35,-9,-29,-7,-10,-12
0,-6,-23,2,-33,-2,-15,3,-12,-6,-1,-16
-1,10,-29,-3,-33,-13,-14,11,-17,4,-6,1
-2,7,-30,-12,-12,11,-20,9,-3,-10,-5,-10
-2,11,-27,-1,-28,10,-17,-6,-20,7,0,-1
-5,-7,-30,-12,-36,6,-17,-3,0,1,-28,8
0,-2,-29,-1,-25,2,-27,14,-28,9,-3,1
-3,10,-35,9,-22,-7,-23,3,-3,-5,-29,-4
-1,15,-34,6,-18,9,-34,0,-29,-9,-33,-2
-13,5,-16,18,-1,9,-19,-2,-1,3,-31,-8
-3,9,-10,16,-17,4,-6,9,-15,18,-19,7
-3,9,-30,14,-16,4,-27,1,-30,6,-36,10
-1,-3,-21,14,-8,8,-10,6,-18,3,-11,2
-4,6,-24,-3,-24,20,-26,19,-33,16,-17,3
-2,15,-21,23,-7,3,-13,17,-29,15,-10,7
-4,12,-3,18,-17,-1,-1,-1,-13,-1,-11,2
-3,20,-2,7,-31,9,-13,11,-26,5,-17,23
-4,8,-9,8,-8,20,-20,3,-36,3,-28,19
-29,-21,-25,-25,-6,-4,-22,-8,0,-6,-18,-8
-21,-16,0,-11,-33,-19,-26,-16,-26,-20,-15,-14
-4,2,-34,-18,-30,-17,-1,-4,-11,-13,-2,-15
-4,-21,-24,-1,-3,-5,-17,3,-1,1,-8,3
-32,4,-12,-3,-21,-22,-30,-11,-7,-13,-21,-19
0,-15,-4,-9,-32,-11,-18,1,-23,-6,0,2
-16,-5,-21,-2,-25,-19,-28,4,-15,6,-34,-4
-2,6,-10,-3,-34,-18,-7,-10,-8,-17,-7,-4
-16,-6,-12,6,-27,4,-7,-16,-27,5,1,-17
-5,-14,-29,2,-23,-7,-6,8,-33,-13,-5,0
-2,10,-16,-9,-31,-10,-24,-9,-19,-2,-3,-4
-3,-6,-26,7,-28,-9,-29,7,-26,-1,-24,-8
1,12,-7,-4,-8,-10,-7,-4,-25,-1,-21,-13
-1,9,-9,-6,-24,-11,-18,-12,-28,8,-26,13
1,-4,-1,14,-34,7,-30,7,-12,8,-15,12
-4,-5,-14,14,-25,-1,-32,-2,-26,-3,0,-10
1,-3,-8,6,-19,-9,-28,2,-19,11,-14,9
-3,2,-18,-8,-5,11,-11,7,-29,13,-14,17
-5,-8,-14,10,-23,11,-10,9,-34,15,-16,0
1,-5,-9,-2,-18,11,-12,1,-6,-2,-26,-1
1,-3,-1,17,-21,-5,-26,4,-29,10,-24,5
-5,-4,-2,14,-12,4,-20,14,-27,-1,-11,-2
1,1,-12,3,-35,2,-34,17,-14,18,-1,8
1,3,-33,1,-33,21,-32,8,-31,3,-31,0
-15,-2,-19,22,-15,-1,-26,2,-11,13,-3,18
1,11,-25,11,-26,20,-9,16,-26,16,-18,12
-5,4,-20,11,-16,4,-13,18,-19,7,-7,0
0,-9,-34,-19,-18,-13,0,-13,-23,-13,-27,-10
-16,-12,-25,-21,-21,-11,-27,-8,-9,-20,-3,-7
0,-8,2,-4,-14,-8,0,-6,-29,-22,-20,-5
-18,-13,-17,-12,-5,-18,-1,-11,-4,-8,-15,-8
-33,-9,-32,-8,-16,-6,-15,-6,-15,-11,-30,-20
-25,-17,-26,-15,0,-19,-9,-8,-14,-16,-13,-20
-32,-20,-29,6,2,-8,-1,-1,-34,-18,-9,-3
-27,6,-18,4,-18,-8,-5,-3,-8,6,2,-12
-29,8,-6,-15,-13,-6,-10,-13,-28,7,-29,-12
-20,-17,-6,-4,-34,-6,-9,-13,-15,-17,-17,-15
-16,-5,-33,1,-8,-10,-30,-9,1,-7,-14,-12
-10,-2,-8,1,-5,-13,-32,8,-33,1,0,7
-1,-1,-5,-5,-27,5,-3,12,2,-13,-15,12
-3,-5,-17,8,-33,13,-8,5,-25,-13,-8,0
-17,1,2,-2,0,-6,-24,-4,1,-5,-18,-10
-1,7,-22,1,-30,3,-22,14,-21,4,-20,6
0,10,-22,-6,-15,-8,-7,12,2,-7,-28,-4
-1,8,0,9,-3,9,-16,-1,-33,6,-27,3
1,18,-2,1,-1,-4,0,16,-28,16,-23,8
-4,-5,-27,2,-16,16,-7,19,-20,-5,-10,11
1,-6,-24,9,2,0,-4,7,-21,4,-28,9
2,-1,-17,8,-31,3,-30,3,-12,16,-29,2
2,-3,-27,7,-15,18,-23,18,2,-2,-32,17
2,-3,-1,4,-16,17,-17,10,2,15,-22,5
-1,17,-12,11,-23,9,-10,22,0,17,-32,23
-12,13,-28,13,-12,8,-4,13,-24,3,-9,19
-17,11,-15,19,-11,7,-30,25,-26,1,-5,14
-12,-15,-31,-15,-19,-17,-16,-11,-5,-8,1,-10
-16,-15,-1,-2,-17,-4,-28,-17,-13,-2,-28,-23
-17,-10,-7,-7,-9,-3,-21,-13,-31,-24,1,-4
-14,-7,-20,-17,-31,-7,-21,-10,-5,-9,-11,-14
-23,-12,-26,3,-1,-13,-30,-22,-13,-18,-25,-13
-25,-5,-6,1,-17,-2,-2,-4,-1,3,-2,-10
-4,-4,-23,-11,3,1,-20,-13,-10,-13,-2,3
-8,2,-11,-8,-14,-9,-32,-19,-25,6,-9,5
-9,5,0,4,1,-15,-17,-4,1,-15,-6,-5
-19,-15,-32,4,-2,-7,-7,-3,-23,8,-26,8
-19,9,-24,-6,-3,-12,-29,-10,-24,-7,-26,8
-33,-13,-8,-11,-1,-1,1,1,-15,-14,3,-7
-3,12,2,-8,2,-5,-13,-3,2,-9,-15,-4
-21,-13,-30,-11,-2,-1,-12,1,-2,4,-9,-7
-13,-1,-4,-4,-16,-12,2,2,-28,-6,-4,10
-16,1,-8,-5,-6,0,-19,-4,-9,-4,-10,-5
-16,4,1,-1,-22,-4,0,15,-18,-10,-19,-4
1,17,3,-7,-14,-2,-20,-9,-29,10,-1,0
-1,5,-30,14,-16,16,-18,15,-30,0,-24,11
-14,-7,-24,13,-4,17,-20,-6,3,0,0,8
1,17,-30,2,-21,16,-9,16,-8,5,-4,10
-2,2,-9,13,-25,20,3,8,-7,3,2,2
2,-3,-17,13,-10,4,-4,-1,-17,9,3,21
-1,9,-25,1,-12,7,-6,6,-8,15,3,1
-12,12,-3,24,-6,11,-13,17,3,14,-6,23
-14,12,-26,4,-12,14,-32,16,-19,2,-24,22
-18,9,-1,5,-12,19,3,17,-2,15,-31,20
-19,-26,-29,-3,4,-16,-12,-19,-2,-13,-21,-13
-9,-11,-4,-11,-17,-20,-5,-20,-5,-8,2,-8
3,-19,-30,-19,-15,-1,-29,-2,-7,0,1,-16
-3,-21,-15,-20,-24,-18,-14,-5,-18,-4,-10,-4
-12,-8,-15,-12,-17,-22,-23,-14,-18,3,-8,-15
-25,-16,-4,-21,-8,-6,-11,-6,-15,-10,-28,-10
-30,3,-21,3,2,-4,0,-11,0,-11,-20,-9
-20,-11,-8,0,3,1,-6,-6,-12,-1,-31,-8
-32,0,-16,-5,2,-4,0,8,-9,-5,-19,-12
-4,2,-4,9,-13,8,-19,9,-23,-16,-12,-15
-6,-9,4,10,-24,-9,-15,-14,-28,-11,-28,-10
-5,10,-3,6,-21,11,-16,-7,-24,-15,-29,11
-17,4,-15,-12,-21,-5,-25,-12,-19,-2,-8,-12
-5,13,-21,-6,-23,-9,-29,-8,3,12,-25,-2
-20,14,-17,6,3,-7,-12,2,0,5,-31,7
-19,-7,-11,12,4,2,-20,7,-28,-2,-26,-10
-31,0,-31,-2,-2,-5,-15,2,-3,16,-29,-5
-11,6,-32,7,0,10,1,11,-18,0,-2,12
-10,4,-17,-6,-15,3,-26,3,-15,-6,2,13
-11,6,-16,1,-28,-5,-12,2,-17,10,-9,10
-14,6,-32,18,-28,-2,-10,-1,-9,-2,-7,8
4,20,3,-1,-3,15,-30,8,-6,-3,-3,-5
-1,0,-29,9,-21,13,-26,3,-5,8,-1,-1
-14,11,-12,22,-30,17,4,17,3,1,-13,20
-1,1,-11,8,-24,16,-13,2,3,20,-9,7
-28,25,-2,2,-30,11,-18,5,-25,16,-14,3
-10,13,-15,12,1,1,0,23,-1,11,-2,22
-23,0,-18,-10,-21,-23,-14,-19,-3,-6,-18,-7
-20,0,5,0,-14,-22,-30,0,-26,-25,-11,-15
-10,-23,-25,-17,-11,0,2,-21,0,-8,-1,-12
-6,-10,-24,-22,5,-23,-14,-7,-17,-16,-6,-23
-2,-21,-17,4,-17,-1,2,-9,-14,-8,-23,-12
-21,4,3,-10,-5,-21,3,-21,-11,0,-13,-13
-16,-20,-28,-1,-9,-14,-25,-10,-11,-1,-23,2
0,-10,-23,-11,-17,-6,0,-7,-15,-17,5,-13
1,2,-10,3,-3,-11,4,4,-13,5,-3,-12
-31,-17,-19,-3,-11,-4,1,-4,-27,1,-4,-5
-8,-4,-29,5,2,-4,-15,-5,-16,4,-21,-13
-30,-7,-31,-5,3,0,-18,-11,-15,-6,-17,-10
-2,-5,-5,10,-9,-2,-7,0,-12,9,-15,12
-9,9,-27,8,-8,-3,-28,-9,-21,4,-20,5
4,4,-1,4,-12,-7,-28,11,0,13,-6,6
-7,-5,-18,-4,-28,-6,-6,13,-18,5,-20,10
-8,0,-16,12,-31,-1,4,5,-22,-7,-23,-9
-11,14,-30,-7,-4,-7,-22,-7,4,-1,-22,12
2,0,0,2,-3,9,1,8,-28,4,-6,17
-17,-4,5,4,5,8,4,12,-9,13,-30,7
-29,-3,3,-2,4,0,-17,7,-25,14,4,4
-23,4,-1,-1,1,11,-3,13,-2,19,-17,-1
-10,8,-20,22,1,22,-2,1,-14,18,-8,10
4,17,-7,6,5,8,-1,8,-3,5,-2,0
-1,3,-6,1,0,5,-15,4,-3,5,-4,13
5,23,-14,6,-9,-1,-6,10,-4,15,-2,18
-18,24,-5,13,0,16,3,7,-3,13,-21,12
-20,-26,-1,-25,-15,-9,2,-26,6,-14,-10,-19
-25,-16,-5,-3,5,-23,-9,-4,-10,-16,-14,-9
5,-17,-24,1,-7,-12,-12,-9,-12,-8,-28,-14
-28,3,-7,-8,-15,-1,-28,-6,-4,-2,-4,-15
-18,-11,2,3,-23,3,-5,-17,-8,-7,1,-2
-4,-13,-21,2,-27,4,-8,-21,1,-17,-30,-4
4,-11,-21,-13,-12,-5,4,-17,-5,-7,-14,5
-28,-17,3,2,6,-5,-26,2,-11,-3,-19,-15
-8,-8,-22,1,1,-7,2,-10,-26,-8,-17,6
-10,-1,5,-9,-13,-5,-13,-6,-18,-5,6,7
-22,9,-24,-3,1,-3,6,-4,-24,10,-27,-14
6,-4,-9,11,-25,-6,-25,5,0,-12,-26,8
-24,12,-1,-2,-6,8,-12,-8,-8,-10,6,-4
-4,-12,-5,-5,-6,0,-10,-3,-14,-1,-6,10
-24,-1,-15,0,1,-10,-9,4,-22,2,2,-11
-21,-11,-21,-8,-4,2,4,3,1,-1,-16,2
-5,15,-28,-4,-1,-3,5,8,3,-1,2,-3
-5,1,-21,-7,-27,17,-22,-2,-3,13,2,4
-15,8,-15,9,-27,-1,-27,16,-25,7,-9,12
5,6,-7,18,-5,8,-29,17,3,9,-12,17
-25,11,-12,1,-3,11,-1,3,-8,20,-13,0
-24,13,-26,14,-25,0,-22,12,-21,11,-20,0
-17,13,-1,10,-17,-4,-16,10,5,20,1,4
-1,3,-1,4,-5,23,0,3,-7,14,4,20
-12,2,-30,11,3,21,6,12,-7,7,-8,8
-13,8,4,16,3,21,3,9,-24,6,6,-1
3,24,-20,25,-1,0,1,3,-27,26,-19,22
-29,-18,-10,-3,0,-17,-2,-12,0,-20,1,-12
-5,-24,-6,-9,-7,-14,-3,1,-14,-15,-7,-9
-22,-1,-11,-1,-16,-23,-18,-10,-4,2,-14,-11
-23,-20,0,-1,6,-19,1,3,-11,-17,3,-18
-9,-1,3,-14,-25,-21,-26,-1,-9,-11,7,-19
-28,-3,-22,-1,6,-7,-23,-12,-29,-13,-1,-8
-21,-2,-29,3,-1,2,-22,3,1,-12,-17,-16
-16,-4,2,2,-25,-9,-26,-6,2,-18,-26,-3
-10,-12,-26,8,-3,-11,1,-17,-7,-18,-26,2
-2,3,3,1,-2,-10,-4,-2,-18,-14,-3,-1
-1,10,6,-4,-27,6,5,-1,-10,-4,-16,-3
-15,-7,6,2,1,-9,2,-5,3,-9,-22,-10
6,-5,-9,-13,2,-5,-8,-2,-24,-2,-12,-7
-27,-12,2,-2,6,-5,1,-11,-16,1,-28,-10
-7,3,-19,1,6,-5,2,-4,-1,-10,-28,-7
3,15,5,-6,-18,12,6,-5,-9,-10,-7,7
-20,15,-21,-9,6,12,5,9,-29,16,-19,1
-21,-4,7,15,3,-1,2,-4,-22,0,2,-2
-15,4,-26,13,6,13,5,-4,-5,-7,-10,12
-23,7,-10,6,6,12,6,1,-4,-5,2,2
4,-3,-18,-3,3,-1,4,15,0,-3,-29,-5
2,7,-23,7,-22,13,-6,0,-9,1,-26,10
-23,13,-24,10,4,2,-6,3,-20,0,-25,-3
-14,20,-17,12,-5,-3,-16,13,6,0,-7,17
-20,20,-4,19,-10,22,-12,17,-6,16,-2,12
-21,20,2,3,-15,18,-14,23,-2,22,3,7
-4,23,-5,21,-29,22,-13,20,-12,16,-17,5
-17,0,-19,-11,-18,-2,-6,-7,-15,-18,-18,-5
-27,1,-9,-16,7,-25,-17,0,-11,-13,-4,-13
-25,-10,-1,-9,-28,2,-28,-5,-18,-15,-10,-19
-23,1,-8,-13,-21,1,-2,2,6,-14,1,-22
3,-5,-7,-14,-9,-19,-10,-13,7,4,-10,-3
1,4,-20,-8,-17,-17,-5,-18,-11,0,1,2
-4,2,-27,-10,1,-7,-5,1,-21,-8,6,-18
-11,-3,-6,-5,-26,-8,4,6,5,-6,-19,1
8,0,-2,-18,5,-15,-17,3,1,-3,-6,-18
-3,1,7,-1,-8,-9,-18,5,-19,-4,0,-6
-3,4,0,-7,-1,-2,-17,-11,-12,2,-13,-9
3,0,-14,4,-5,-11,8,7,1,6,-6,-10
1,-3,-8,8,-12,3,6,-6,5,11,-7,-4
1,-1,-21,2,-16,-7,-26,7,2,12,-22,-9
-7,10,-4,-2,-14,5,8,-7,-16,-9,8,2
-9,10,-24,-10,-1,9,-19,6,5,-1,-6,-9
6,-6,-19,16,5,11,3,1,2,10,-21,7
-27,3,4,4,4,6,3,-8,-2,6,1,-5
-12,-1,-20,-1,-7,5,7,13,-10,3,7,-6
-9,7,-10,-3,8,9,-11,3,-9,17,-4,3
-8,6,6,7,-26,11,6,-5,-13,0,-27,4
-21,2,3,11,4,2,-6,11,3,3,-18,18
-28,11,-14,0,-5,12,-25,-1,5,18,-20,22
-1,2,6,11,3,1,7,6,-4,1,-3,18
-15,21,-22,2,1,15,-10,14,-1,-2,5,21
-27,5,-5,7,-16,20,-27,13,-5,21,-15,20
-19,2,-7,6,-1,12,3,20,-21,1,-23,11
-23,-15,-25,-2,-26,-1,-19,-4,-11,-16,1,-3
-25,-20,-2,1,5,0,3,-3,1,-6,-16,-5
-27,-8,-26,2,-15,-16,8,-11,-8,-11,2,-16
-3,-19,5,-22,-17,-23,-13,-13,8,-8,-13,-11
-5,1,-27,0,-14,-12,-19,-2,2,0,-20,-2
-1,-17,8,-2,-9,-15,-22,-20,-24,-3,-9,-20
-11,-2,-15,3,0,-11,-23,-8,-9,4,-6,-11
-19,-2,-12,-5,-21,-2,4,3,-10,-9,-23,7
-5,1,-15,-16,-1,-14,-17,-7,7,8,-4,-10
-6,0,0,3,-23,3,-7,-11,-13,-1,-23,0
1,-1,-13,-11,-9,-5,-1,-15,2,3,8,-5
2,6,-8,-9,-23,-7,4,-11,-7,1,-12,-5
-4,-8,-6,-12,1,-4,-3,-7,-25,9,-2,-11
-15,1,-3,3,-13,-5,-21,13,-27,3,-8,-3
3,10,4,10,-18,14,-17,14,-13,2,6,-12
0,-1,-10,3,0,8,0,-3,-22,14,-5,15
5,14,1,-8,-20,16,-6,-2,4,3,2,16
5,-5,-16,3,-9,3,-20,1,-25,5,-15,9
-3,-6,-25,-1,-13,10,-23,1,-8,-7,-7,-8
6,-1,-20,12,-22,13,-4,4,-16,-7,-24,10
-6,3,-13,7,5,11,5,0,-25,14,4,6
-25,4,-23,-1,4,3,2,-5,-11,12,5,12
-13,20,9,12,-12,9,9,6,-23,-3,4,22
-3,9,-20,18,3,0,3,0,-26,14,0,6
-5,9,-2,3,-1,17,-6,8,5,24,-26,22
-11,-1,-6,6,-6,10,-9,13,-9,16,-4,25
-6,10,-16,14,4,3,9,11,-26,21,-7,8
-8,-2,-26,-1,-8,-7,-23,-9,-2,-14,-9,-26
-24,-5,-11,-12,-25,-4,9,-21,5,-16,-25,1
6,-5,7,0,-23,-3,-13,-9,-9,-9,1,-19
2,-6,-14,-5,-2,-14,2,-19,-11,-22,-24,-1
-13,-6,-13,-13,-20,-2,-9,-18,-11,-11,5,-16
-3,-17,8,-9,-16,-9,-16,-20,3,-4,-24,-20
3,-2,-18,-6,-7,-1,-12,-9,-18,4,1,-3
-17,1,-1,-7,-17,-5,7,-13,6,-12,-9,5
4,1,4,6,8,-6,-18,0,-18,-12,-16,-4
2,5,8,-14,-1,-16,-8,-16,-9,-13,0,7
0,6,-26,4,8,-7,8,-14,-2,-16,-25,-10
-2,1,2,-14,-11,8,-1,4,4,1,0,10
-14,3,-25,-5,-5,6,-5,-1,-21,0,-9,-9
0,11,-22,-6,-26,3,-9,10,-22,7,-8,12
7,-8,-12,9,-14,8,4,-8,-25,13,-21,9
5,11,-17,3,-2,7,-3,14,9,-10,-21,7
8,4,8,10,-3,11,-15,2,-11,-7,-26,14
-7,14,-12,1,-9,-8,-12,16,-10,15,0,14
-9,-4,-20,-5,-6,12,6,13,-22,13,-12,15
-20,8,0,18,8,1,-20,1,-14,12,-13,10
-23,-1,-3,16,-17,-1,-26,-6,-12,17,9,9
-3,0,-26,9,4,7,2,3,-18,11,-26,-1
-11,0,-24,16,7,16,-3,10,-22,3,2,-2
-17,0,4,19,-20,1,-25,16,-11,12,10,23
-8,18,-5,1,-2,9,-7,13,4,7,-23,16
-5,-1,-25,24,-11,0,-18,14,-9,24,1,0
-10,13,-5,4,-26,2,0,3,-25,20,-20,8
-14,-22,-15,-2,-13,-22,-22,-16,-8,-2,-10,-26
-20,-25,-23,-22,-18,-25,-21,-25,1,1,2,-4
-6,2,-3,-6,-4,-8,-22,-17,-7,-11,-22,1
0,-17,-18,-5,-21,-12,-3,-9,-25,-9,9,3
-8,0,-15,-1,-4,-8,-2,4,1,2,-24,-2
-11,-3,-22,4,5,-3,-23,0,-9,-6,-9,2
-9,-5,-1,-5,-8,-10,-18,-11,-2,6,-8,-8
-8,-1,-9,2,6,1,-25,4,6,-12,-10,-11
1,0,-1,-11,-11,-12,-13,-17,-4,-15,3,-11
1,3,-14,-8,-12,-15,-15,-11,-5,5,-23,6
5,1,-12,-2,-5,1,-13,-2,-17,-11,3,9
-2,5,-7,9,4,8,4,11,-7,3,-8,7
6,7,9,11,6,11,-23,12,-12,7,-6,-8
-1,-3,-25,-4,7,8,-9,0,-15,11,-15,-5
5,12,-7,1,10,12,7,-2,-13,8,-23,0
-7,10,-2,-6,-1,-7,-9,15,-6,-7,-6,11
-4,-6,-20,7,-23,16,3,11,-15,11,-19,15
-20,10,-16,7,-25,4,6,12,-14,7,-10,10
8,2,3,12,-9,4,-5,-7,-1,6,-12,14
-6,-4,-8,18,-24,3,-19,18,-7,-3,0,-2
-15,8,-1,-4,6,11,-6,7,-4,8,-18,20
5,15,-2,-5,-7,16,-8,-2,-15,5,11,8
-24,5,-24,7,-18,7,2,15,-5,11,-6,9
-9,0,-20,19,-5,6,3,4,8,-1,-10,22
11,19,-3,23,-4,7,-5,15,-16,24,-9,15
-6,7,-5,11,10,9,10,9,-4,6,0,23
-22,8,-16,0,9,0,8,23,-3,7,-17,12
-23,-22,7,-1,2,-21,-17,-18,-1,-10,-17,-16
-18,-21,2,-4,-15,-22,2,-4,-23,-23,-1,-13
-9,-12,-3,-2,6,-23,-13,-16,-4,-12,6,-4
-6,-1,-21,-18,4,-8,2,-13,-14,-22,-24,-5
4,-18,-8,4,-20,-4,-3,-2,9,-10,8,-11
-7,-4,-19,4,-21,-2,-1,-11,9,-6,2,-12
10,-7,12,-7,9,4,10,6,2,-8,0,-5
7,0,-7,-1,-8,3,-23,-8,12,0,11,6
-1,1,-9,2,-6,-16,-4,-15,-8,8,-17,5
-1,1,11,-17,-3,-15,-13,3,-24,-17,-19,-1
0,2,-20,9,-6,-7,4,-15,-11,-16,-18,4
-2,5,4,4,8,-4,-8,-6,-13,5,-5,-11
-19,11,-24,-14,9,-1,-2,-3,-14,8,-3,7
-16,10,-8,-4,7,-8,-22,-13,-10,2,-5,3
3,3,-1,-2,-12,13,-12,4,-18,11,-17,1
-2,7,-13,-1,-3,12,12,-9,-19,12,-1,-6
8,12,-1,11,-11,-2,-9,5,8,-5,-23,-2
-4,11,12,13,-18,-3,-24,8,-17,17,-22,2
-5,9,-5,-6,-17,15,-11,1,-1,11,11,16
-9,10,0,7,2,14,-21,8,-14,-5,-4,8
4,19,-11,19,-23,17,2,6,4,19,4,18
-18,15,-16,16,-23,4,4,9,-20,6,-16,18
-11,3,8,-1,-13,11,-22,18,-8,-4,2,22
-17,0,-19,15,-13,21,-18,12,-2,15,4,6
-3,3,-12,1,-6,11,-4,19,2,11,0,2
-18,21,-17,6,9,-1,-4,11,4,23,5,20
-8,4,-20,11,10,24,-24,26,3,5,7,21
-18,-19,-1,-25,3,0,-23,-2,10,-7,6,-6
-23,-13,3,-21,12,-9,-18,0,0,-13,-3,-24
-17,-23,-2,-11,2,-2,-19,-6,3,-2,-17,-7
-22,-4,10,-18,-13,2,6,-4,5,0,1,-4
-5,-15,6,-9,7,-11,13,-18,-2,-14,-9,0
-5,-3,8,5,-3,-17,10,3,-21,0,-18,1
-1,-3,-18,-20,-9,-13,-12,4,-2,-10,10,-16
4,-1,-1,-11,9,-7,-8,-19,9,1,10,-2
2,-1,2,-18,-15,-3,11,5,1,8,1,-9
2,-1,-4,0,6,2,-1,-10,-20,-8,7,-12
3,0,4,-10,-13,-14,11,-5,-13,-5,8,-14
-8,7,-4,1,10,-5,-15,-13,-16,-2,-8,-6
-19,-2,0,0,1,0,13,2,13,-3,-8,6
-14,-7,-10,13,-3,-1,12,11,9,8,0,12
-14,6,7,-11,0,1,-6,-4,6,-5,9,-6
8,13,-7,-7,-15,8,7,-4,9,-11,10,-10
0,-3,-9,12,-9,13,-5,9,-9,2,-1,14
0,14,-21,1,-23,-2,3,-9,-22,-2,-1,-2
0,14,-20,-4,-22,0,-9,-3,-1,2,11,3
1,4,-11,1,-6,19,-12,8,13,14,-19,-7
5,5,-20,6,-14,-4,-23,1,-12,12,-11,7
-19,12,1,17,5,4,-13,-5,-23,-4,-8,18
13,11,-22,20,-3,-2,7,8,2,5,2,18
5,4,11,12,11,20,-6,22,13,20,-7,4
-15,20,-9,15,-7,16,-1,10,7,22,-9,7
-12,1,8,13,-11,14,-12,5,-10,19,-3,8
-5,10,2,17,7,24,10,5,-9,5,-9,14
2,-26,-5,-11,7,-11,1,-25,-17,-18,2,-25
-17,-24,5,-2,-16,-9,11,-24,9,1,5,-17
13,-9,11,-22,-19,-6,3,-14,0,-11,6,-5
5,-20,-22,-18,0,-6,-17,0,13,-4,-6,-18
14,0,-7,-21,0,3,5,-6,9,-10,14,0
6,-1,-17,-8,9,-15,1,2,6,-5,-6,-6
5,-1,6,5,1,0,8,-11,-5,-12,-16,6
-2,-1,-4,-1,11,-14,-20,-16,-2,1,-9,-12
5,-2,14,1,-14,-14,-13,-2,-21,-5,-2,2
6,-1,-13,0,-13,-9,10,5,-7,1,3,-6
2,-7,2,-15,9,-15,10,-2,-1,-4,4,5
-13,-5,9,9,-20,-11,-1,-4,-17,11,-6,9
14,-1,1,-1,-12,-1,-9,-2,-20,12,-10,12
7,-13,2,-1,-2,-2,12,12,-12,-5,-17,13
9,11,-15,11,12,7,10,-7,8,-5,12,-3
-6,10,11,1,-6,3,-3,13,10,-8,-1,-11
12,-4,12,11,1,9,-6,6,-19,12,-10,5
-8,12,-16,2,-19,11,-15,10,-6,16,-9,-4
4,6,-5,-2,-13,-8,-12,-5,-22,-2,11,11
13,11,8,-7,10,16,-7,-1,-11,0,-5,1
-1,10,7,5,1,20,-16,17,-10,7,-20,9
-3,2,-12,0,10,-4,-7,0,-19,5,-10,5
-14,-3,-7,6,14,19,-1,-4,-5,-1,13,10
-11,8,13,18,5,0,-18,13,9,2,7,8
-18,2,-5,21,-19,14,6,10,7,10,-2,17
-10,11,-8,22,-1,17,-2,17,-4,1,-5,14
-14,6,11,15,-22,12,-8,12,-9,1,-5,17
-15,-18,-1,-26,14,-11,-11,-14,-6,-12,-1,-10
-11,-19,-7,-16,-16,-2,8,-10,-9,-24,1,-14
-11,-5,-21,-13,-6,-9,-3,-11,6,-21,4,-9
-16,-3,-7,-20,-6,-2,3,-19,-7,-12,-8,-9
14,-10,5,-14,-17,-7,-10,-22,1,2,12,3
-11,-4,-3,1,6,2,2,3,-18,-20,-5,-11
3,-1,-15,-19,11,-17,-21,1,-10,-15,3,1
-1,-2,3,-16,-8,-6,-17,-16,8,-10,11,-4
9,0,-1,-1,-20,-11,-20,-17,-2,8,-12,-13
-2,1,-11,2,7,-9,-7,-15,-1,0,-19,-15
11,5,0,-2,-14,-9,-2,-4,-4,-7,-4,-7
-20,8,-11,-11,-20,7,14,10,9,11,-19,-7
-1,-13,2,-13,11,-8,8,3,10,10,-21,11
-15,-11,-18,1,-13,-12,-5,-1,8,3,0,12
-17,-9,1,0,8,14,13,5,12,12,-9,4
-3,-8,1,-1,-1,-5,5,-7,5,0,-6,10
9,2,-10,9,-15,16,-2,11,-7,-10,2,12
-15,10,-12,12,-8,-2,3,8,-10,12,-12,-7
4,-4,-16,-4,-5,-6,10,10,-21,7,10,14
-9,13,-13,-7,-18,-1,-14,-7,-18,14,-3,0
-10,13,1,0,8,6,0,1,-1,4,-12,3
-18,13,15,9,-16,20,13,7,-16,0,13,-2
-7,0,-1,12,15,5,8,0,8,21,-20,-2
4,23,15,4,3,-2,-19,16,-19,14,-6,2
-10,-1,-4,6,-2,19,-3,18,-8,21,2,21
-11,21,-8,22,14,0,-13,7,-8,23,-10,-1
-12,9,-18,17,-12,22,-9,15,-17,13,0,14
-15,-24,9,-6,4,-18,9,-19,-11,-2,-8,-26
-17,-25,-1,-14,11,1,15,-9,11,-5,11,-25
8,-10,8,-20,-17,-12,-15,-2,-5,-17,3,-3
9,0,-15,-17,7,-5,-2,-19,13,-22,6,-3
9,-19,4,-22,-15,-1,2,0,-10,-2,-18,-19
-9,-3,-16,-6,-13,-18,-17,-15,4,-18,-11,-9
10,-10,-5,-11,12,-10,-13,-15,14,3,-12,-3
5,0,-16,-3,-10,-2,4,-6,5,-2,12,-3
10,-2,-5,3,1,6,3,-2,-8,4,-5,-12
4,0,12,5,9,-7,-13,-2,7,7,-17,-16
13,7,-4,-6,3,-15,10,3,1,-5,-6,8
-19,1,9,-11,11,-1,0,-2,7,-1,-20,-7
-12,-4,-18,12,-8,-7,10,-9,-3,9,3,-13
13,9,11,-4,16,11,-16,9,2,-2,-5,-1
-5,1,15,3,12,8,-13,-8,-10,-5,-16,-7
-20,10,4,12,2,13,2,2,-10,15,-18,2
11,1,-16,13,-10,10,-12,6,16,5,-17,-6
13,-2,-20,-7,-16,4,9,1,-6,17,-10,-5
10,-1,3,10,-2,-1,-4,7,-1,-1,-5,9
3,1,-11,-2,-9,0,-12,3,-17,9,-20,12
8,-3,-13,7,-15,2,2,-2,15,8,-4,16
-6,10,-5,0,3,12,10,20,-1,10,13,19
-17,16,-4,10,-5,8,-4,18,-1,1,-15,16
-13,-3,15,23,8,16,-19,13,-6,-2,10,10
-10,6,-19,20,-14,11,-15,10,-5,22,-12,3
-20,8,-6,7,13,10,-12,20,7,9,-7,-1
-13,8,-2,3,-17,13,11,2,-12,7,2,22
-18,-6,11,-6,17,-21,1,-22,-1,-11,6,0
15,-14,-16,-16,-8,-17,7,-16,6,-18,12,0
4,-13,12,-11,11,-9,-7,-15,2,2,17,-5
-12,-2,-11,-13,-18,-23,10,-21,-10,-11,-10,-10
-16,-16,16,-15,-2,-7,6,-8,6,-7,13,-12
2,0,-9,-1,-18,-9,-3,-14,-15,-21,-1,1
3,1,-11,-17,-19,-16,-2,6,2,-1,-19,-13
7,-4,-2,-2,-1,5,-2,-1,-4,-10,-6,-18
7,-1,-19,0,11,-4,-8,-2,-15,-2,-13,-2
2,3,-9,-6,3,6,-12,1,3,2,-2,8
-6,-4,-4,-16,8,-10,-7,-16,13,-2,-1,-16
-13,-9,12,-9,13,-11,3,-7,-7,-15,3,-2
-17,-7,12,-9,-2,-7,-5,-14,-18,10,-8,10
-18,-12,3,13,-13,10,4,5,-18,6,0,-13
9,1,-17,10,16,6,-4,8,15,2,-12,3
9,-5,-10,8,12,10,15,11,1,-4,-6,4
-18,15,3,-6,3,10,-10,-7,4,11,4,5
10,5,1,14,-18,8,-19,1,7,-3,-10,13
8,5,16,16,-11,16,10,12,0,12,-2,12
4,9,-18,5,-18,6,-7,3,0,-5,9,5
-8,15,-17,17,-2,7,11,11,4,4,-13,6
-2,2,4,-3,15,6,-7,-3,7,-1,3,12
-6,-2,2,12,-5,6,-7,15,2,16,-14,15
-11,5,14,7,-14,16,14,13,-17,10,2,19
-5,11,0,22,12,17,-17,10,-4,6,-1,1
-12,10,-1,0,-6,18,0,10,-19,17,14,15
-12,10,-14,24,6,25,3,10,3,1,-10,16
-2,-24,17,-21,8,-14,-8,-22,2,-13,-10,-24
14,-22,9,-22,0,-24,-10,-2,13,-2,17,-9
-16,1,-4,-17,-12,0,-18,-19,16,-20,-14,-17
8,-18,9,-21,12,0,9,0,-13,-12,11,-5
-17,-7,18,-1,-10,-16,16,-17,-14,-8,1,-10
17,-7,16,-5,12,-21,-8,-16,10,-10,-4,-5
9,2,-2,-18,-17,-14,3,4,-15,-15,0,-7
2,0,8,-16,-11,-2,-18,-15,-10,-4,-14,-5
6,2,-3,-10,-12,-8,-4,0,8,-13,14,-14
3,2,-18,-16,7,-9,-16,-3,9,-4,10,1
8,-5,13,4,11,-15,14,1,9,5,-15,5
-9,9,14,6,-3,-1,-10,-12,15,6,14,9
14,-7,-8,-8,17,9,17,-11,-15,-11,-11,-7
6,1,-2,-1,16,5,-15,-12,12,-11,-5,3
-14,11,-14,14,6,0,13,-5,-5,-5,18,3
-14,5,-5,11,-1,-6,16,10,-16,-1,8,7
12,13,14,-6,-8,-3,-10,3,1,-7,17,10
18,7,11,1,-4,2,11,12,-3,-5,-15,-3
4,1,4,-6,-4,14,-3,-6,18,-8,4,13
-8,9,-17,-6,0,1,-16,18,12,3,7,9
-17,8,18,-1,7,11,2,20,4,-4,-8,-5
3,20,13,13,2,-2,11,18,4,20,17,17
-8,-1,14,22,-4,1,14,7,-4,6,12,22
-3,21,9,23,-14,18,0,4,16,2,-12,15
-9,13,14,0,0,12,-4,7,8,18,-4,6
-12,-1,11,-1,-18,13,1,22,-9,19,-4,1
-17,2,-12,21,-2,9,7,1,13,14,-6,23
-15,-14,-1,-6,-5,-8,16,-26,-14,-15,-3,-11
3,-22,19,-16,10,0,-10,-24,13,-6,5,-19
7,-21,-10,-2,-9,-15,-12,-24,1,-4,-15,-15
-5,-20,-10,1,9,1,-15,-15,-3,-2,-4,-13
-10,-5,-11,0,2,-16,15,-7,10,-11,11,-1
-3,2,-8,3,16,-7,-5,3,17,-5,-3,-3
-2,0,-15,-2,-15,-2,9,-15,12,-9,-16,-20
4,-1,4,-10,11,-13,4,-2,-11,-13,7,6
1,-1,-12,-15,-14,4,-16,-6,2,3,4,0
13,-2,13,-10,-7,-3,-15,7,5,-3,18,0
10,1,-13,-16,-13,6,7,-6,-11,-5,-9,-13
-17,7,8,-2,18,-12,19,9,-4,-12,0,-5
-2,0,16,3,-8,3,11,-1,3,10,5,-6
-12,-9,12,10,5,0,16,9,-1,-5,15,6
-8,-7,-4,5,5,4,12,-11,12,-12,15,9
-10,-9,-3,13,13,6,19,12,-10,14,11,-10
-14,11,10,14,-16,-7,17,-1,-2,6,-14,2
-12,5,11,-3,2,14,-17,-7,-17,14,17,1
-10,7,-15,-6,-3,12,-12,-1,18,-6,-5,14
2,17,-3,-1,-7,-1,-11,-1,17,4,-6,16
4,17,2,20,-16,-4,15,-2,-12,14,9,-5
-2,-3,13,1,-10,16,14,19,-1,18,-5,15
-11,21,12,-2,-17,20,-11,17,17,9,-9,-4
-17,23,-1,-3,11,8,-6,10,9,11,-1,6
-6,4,1,17,0,15,5,0,5,15,0,19
-15,23,3,17,5,20,-11,16,4,17,5,22
-5,7,5,5,-14,3,15,7,-17,7,1,15
12,-26,20,-23,-2,-2,-8,-22,-9,-20,9,-13
-2,-20,5,-5,7,-22,-15,-23,-2,-7,-9,-11
6,0,3,-23,20,-6,8,-5,10,-5,16,-10
-13,-7,8,-10,-1,-7,-15,3,-5,3,4,-9
0,3,-12,-20,7,-11,14,-12,3,-14,10,-18
-4,0,6,3,-12,-16,11,-6,5,-8,-10,-2
20,-3,-1,-17,4,-6,19,-18,-10,-6,20,3
10,0,-5,-18,17,-12,-8,7,-7,2,14,4
13,1,-5,-12,-4,-17,3,2,16,-17,-2,3
-5,0,10,2,0,6,-13,2,-14,-10,13,-12
3,3,-3,-13,-14,-15,-5,-12,-1,-14,-10,8
-1,-14,12,0,6,-14,16,-3,9,7,0,6
11,-13,11,-7,18,-13,-11,10,10,-14,10,8
-4,-3,2,-4,-8,7,16,-10,-9,-11,6,12
-3,14,-15,-9,-8,-10,5,-10,9,-12,14,3
-13,-1,2,10,11,-10,-2,-3,-12,14,-14,7
-8,9,-1,6,7,13,6,15,18,-10,-7,-3
8,6,7,-5,-10,-7,-6,-7,20,-4,8,4
6,-5,3,12,-10,1,10,-6,8,11,-5,7
-12,0,4,12,9,-5,-7,4,-4,9,-9,2
8,2,10,0,-11,16,-14,0,-4,1,17,14
2,18,-5,10,2,20,-16,10,11,14,-9,-5
-13,18,2,11,10,-1,-1,12,1,13,-7,13
-16,-2,9,-2,-15,13,17,6,-7,20,-12,6
-4,-1,-8,3,-2,23,0,16,-13,13,-3,18
-11,5,-3,20,-15,14,0,1,2,21,17,5
-13,15,10,10,-12,12,6,20,18,2,-2,26
10,-17,-3,-13,16,-26,-6,-12,-10,-19,8,-22
-12,-24,-6,-24,-7,-13,-14,-2,-13,-14,2,-24
-11,-6,12,-6,-15,-24,8,-24,2,-18,-12,-13
-6,-15,-4,-23,-5,-1,12,-2,17,-11,12,-1
6,-14,17,-3,4,-13,13,4,-9,-14,-2,3
0,-2,20,2,2,-15,6,-20,12,-14,9,-5
8,1,-9,-14,-12,4,-8,-13,3,1,-3,-1
11,6,13,5,-1,-17,21,6,-4,3,19,-15
15,-9,20,4,13,-18,20,5,1,-12,4,-7
9,4,5,-3,11,6,0,-4,8,-9,3,0
14,-12,20,2,-10,-2,-15,-8,18,7,15,8
12,-1,19,4,-12,-6,-11,-5,13,-9,20,6
2,12,3,11,1,12,-7,10,-9,-14,6,-10
-4,-6,21,5,1,-6,12,4,-2,-2,15,-13
12,12,-7,0,4,-12,8,7,-7,0,5,-7
-10,1,9,-3,-3,-9,5,4,6,5,-1,-11
14,10,2,-5,19,12,-5,-3,16,8,16,4
7,-7,2,15,7,-2,-4,-8,9,7,-14,-2
17,-3,-5,-1,-13,13,9,12,-3,10,19,16
-11,13,17,0,21,12,-2,10,6,-3,-10,7
14,-1,11,12,18,3,10,6,8,-4,-10,-1
14,19,-7,10,9,-2,0,-1,9,0,-6,13
-3,5,3,12,-15,1,-6,17,21,4,-2,14
3,-2,4,9,0,4,-9,13,13,12,-5,-3
-10,3,18,24,-5,17,3,10,-7,15,13,18
-13,15,15,11,-11,-1,-6,12,-3,1,-7,12
-15,4,-2,5,15,13,6,9,3,0,-4,14
17,-6,21,-17,0,-10,3,-26,-6,-16,-8,-16
-1,-19,14,-8,9,-25,3,-5,-14,-3,21,1
-10,-2,-12,-11,9,-18,-7,-2,-2,2,2,-18
-14,-18,-1,-3,2,1,11,-1,0,-15,9,-20
-5,-15,14,-17,-2,-5,14,-7,10,-2,13,-19
11,-10,12,-9,21,-8,21,-21,-8,-20,13,-1
9,-3,-2,1,15,-12,9,-16,-7,3,2,-17
11,-12,-7,-3,-1,-15,-12,-12,10,-11,10,-14
22,1,-4,-2,22,-17,-11,-4,9,-4,-6,-11
2,3,6,-9,8,-3,5,-11,-1,9,-7,-13
-12,2,9,1,8,-11,-9,-6,17,-13,7,-9
20,-5,-13,8,-1,6,12,8,-9,4,20,-7
18,-13,19,-8,-5,-8,-9,4,17,8,-4,11
-12,6,-3,-9,6,10,22,6,22,7,-5,2
-8,4,-9,-4,-8,7,-7,-1,-1,-6,4,-3
-6,1,20,-9,-7,5,6,-11,-6,0,-9,-2
-8,3,5,12,7,11,15,3,-4,4,-5,0
2,-8,4,1,20,4,15,-1,15,14,-3,17
4,0,-3,8,11,15,14,15,21,5,15,2
0,7,1,-1,3,12,-6,2,9,-4,0,18
18,-6,-12,3,-10,10,-4,19,-2,-1,7,-3
11,-2,10,19,-1,20,10,16,-2,6,-4,-3
-1,21,7,-3,-7,18,-12,-3,-5,18,13,3
20,-2,5,7,13,13,11,6,-5,15,12,9
-7,7,16,23,4,15,-4,14,22,22,4,14
-10,-1,-9,8,-6,2,21,11,20,6,14,7
-3,0,12,14,11,0,9,15,2,4,10,20
-5,-11,2,-11,11,-2,-8,-10,10,-2,17,-25
4,-23,-1,-15,-2,-15,1,-4,3,-14,5,-7
11,0,18,-9,9,-5,12,-18,10,-18,7,-6
13,3,19,-9,-1,-12,-12,-1,-6,-16,-10,-10
-2,-19,4,0,-11,-3,8,0,11,3,6,-3
21,-9,10,-12,16,0,-4,-6,-11,3,18,-2
2,1,23,-14,14,-15,18,3,-6,-12,0,-11
16,-4,17,-5,-6,1,23,2,-4,-12,-4,-19
5,1,17,1,-4,-5,9,5,20,-10,7,4
18,1,17,-2,6,-5,3,4,-11,-11,1,-6
-10,-12,3,-1,7,3,-4,-11,20,1,17,-8
9,-10,9,0,12,3,-6,-9,-12,7,4,-12
10,-12,16,4,-12,-10,-12,-11,20,-8,12,-5
8,-11,-10,5,12,1,0,-3,14,13,-7,-8
16,14,12,2,17,-2,7,-7,-8,10,2,-10
2,15,23,4,17,8,-13,0,5,-1,-12,-2
1,16,-13,-7,21,-3,-12,5,-1,0,23,-1
18,4,16,7,-9,-6,9,-8,-13,-4,19,9
-4,6,15,0,19,14,2,17,15,-4,-3,12
4,-1,18,-5,8,1,20,-5,12,13,-3,11
-9,19,5,20,-6,2,-12,0,-13,7,2,10
12,-3,10,-2,-2,13,3,12,-13,7,20,2
10,-4,1,-4,-2,21,-6,21,12,-3,16,5
10,-2,11,8,23,19,11,-3,-2,5,22,15
14,5,0,22,23,18,-8,11,13,14,-9,17
-11,21,-6,2,-1,13,6,4,-3,15,15,4
15,1,23,0,-8,18,-2,11,2,13,15,10
-8,-16,1,-24,11,-8,15,-2,20,-11,-9,-18
-9,-23,8,-4,18,0,1,-5,17,-12,1,-13
-10,-13,7,-9,-1,-2,0,-1,-6,-19,-11,-3
-2,-14,8,-12,10,-21,-4,-23,7,-1,-1,-4
23,-3,-10,-3,-10,-9,-1,-13,0,-1,-6,-11
10,-15,-11,-7,-9,-21,4,-20,-3,4,3,1
16,-2,24,-12,16,-16,-6,4,23,-2,7,-3
7,3,-10,-3,23,7,7,-5,22,-11,0,-2
5,1,7,-4,0,-6,12,-15,-1,-3,-9,-15
-5,1,18,-15,10,9,-8,2,-6,1,-2,-7
8,10,15,5,16,-15,-6,-3,-1,3,-8,0
17,-5,2,-3,9,11,-7,-10,3,7,0,-3
6,12,4,2,-1,0,-6,-9,14,9,13,-2
2,-12,-11,-9,4,3,16,-2,18,-9,23,0
-6,12,-11,-12,3,14,18,6,-4,-9,19,-2
3,-6,1,0,14,-1,3,-4,-2,7,-11,14
-5,6,1,3,7,7,-4,9,5,-10,-9,0
-10,-5,17,17,-10,5,-3,15,11,2,23,10
1,-5,8,-5,6,18,2,12,-10,-7,-9,15
3,18,3,16,-10,0,10,17,-12,17,-1,-2
3,2,21,-6,21,9,4,-6,12,12,-7,-2
10,3,23,6,5,3,9,20,23,18,-1,-4
1,5,1,-4,19,18,9,19,12,18,-12,1
11,12,21,15,-4,8,15,-3,18,-3,-6,4
-6,8,12,24,-5,12,-4,-1,21,1,6,21
-9,22,-1,7,0,25,14,23,-9,6,13,9
-11,0,17,17,8,21,0,5,-10,5,22,0
-10,-19,1,-9,13,-6,-1,-12,23,-25,1,-2
-10,-3,25,-21,-9,-15,3,-8,16,0,17,-22
0,-12,14,1,11,-20,18,-12,-8,1,1,-10
-6,0,1,-1,7,-23,8,-13,25,-19,6,-19
-7,-1,-2,3,-1,-11,15,-14,14,-16,15,-5
9,-15,14,-12,-1,0,-5,-9,16,-1,24,-13
3,0,0,0,19,2,14,-17,12,3,-3,4
6,2,-4,-2,17,-1,4,7,7,-10,-10,-6
19,3,-3,-1,-10,-4,-7,-16,-6,6,15,-12
16,-6,-8,-2,19,-10,4,-8,16,1,11,-3
17,5,-9,-16,10,-13,1,-4,2,-3,11,-13
24,2,9,9,22,-13,-4,1,22,-15,10,1
7,11,11,-5,-2,-7,7,7,4,5,-10,-13
12,11,23,-7,-6,-9,7,-8,-6,5,4,13
16,-3,-6,-2,-6,3,17,12,13,11,-3,-8
23,-8,-7,7,18,-7,8,-11,-3,2,22,7
18,-3,16,-9,-5,11,3,12,2,-1,21,-10
0,-1,-1,5,14,-4,2,12,0,-8,19,2
4,3,-10,10,14,-2,-6,-4,-1,11,9,18
21,-5,16,6,1,2,1,-4,4,19,16,17
-8,-3,8,19,13,0,-5,-3,13,0,-10,12
15,8,-6,11,8,9,21,14,0,12,12,5
-3,20,17,17,14,17,11,-1,-5,0,-7,14
24,19,23,7,9,15,19,5,8,6,22,8
22,9,5,9,2,13,-10,18,24,15,-9,22
-7,7,4,3,18,24,6,16,-7,16,-11,12
8,11,16,5,-6,11,4,14,-6,3,22,10
-10,-20,15,-19,-3,-21,-1,-4,14,-24,26,-10
-5,-10,6,-3,12,-17,6,-20,21,-25,19,-13
-10,-11,-6,-12,-3,-23,0,-5,16,-23,9,-3
-1,-2,4,-12,-10,-2,12,-2,24,-6,16,-21
4,-16,-6,0,6,3,14,-10,-3,2,-6,-7
12,-17,2,-15,16,-3,7,-7,-8,-9,-3,-18
16,-10,-1,-11,0,3,-6,-9,14,-3,-10,-14
4,-2,21,-2,14,-2,8,-9,-9,-18,-1,-5
19,-1,6,-11,5,1,-7,0,-10,1,11,-6
24,-10,0,9,14,-1,2,-9,14,7,24,-10
0,5,-4,-8,16,-7,-8,-11,18,6,23,-2
-3,4,-2,-4,6,5,-3,5,26,-6,25,-3
-5,2,-7,-7,-5,3,9,-13,-7,10,11,-12
10,11,25,-3,1,-12,-8,-11,26,-7,4,-6
9,-7,10,-3,6,-8,-3,2,-3,-8,5,-8
10,-3,3,1,24,10,21,4,-5,-1,6,-7
7,-9,21,13,17,5,9,12,4,12,18,-6
-7,2,8,-3,-4,-1,0,1,15,14,11,-3
-9,-3,12,-5,-4,7,-3,18,7,18,1,-5
-6,6,19,-1,26,19,17,18,19,3,25,2
-7,19,21,13,-10,2,13,16,4,18,-10,16
-8,9,-1,8,23,12,-1,13,15,11,2,4
21,6,2,-4,0,11,-1,2,-8,11,13,-4
24,22,9,1,0,2,0,14,20,20,1,7
-9,22,11,-2,7,20,-10,7,2,2,-8,24
25,7,0,7,-8,14,23,6,-9,13,-2,20
7,24,11,11,13,15,8,22,20,11,19,17
19,-17,15,-22,-3,-1,0,0,2,-14,4,-22
23,-19,24,-9,7,-22,14,-16,-3,-8,15,-8
-7,-16,13,-7,-7,-16,9,-21,-1,-16,16,-23
21,-10,26,-21,18,-13,3,-3,7,-22,7,-11
-5,-20,8,-22,14,3,18,-2,23,-9,1,-16
9,-5,23,3,11,5,6,0,0,-11,-2,-2
7,-3,-4,0,-9,-3,-2,-7,10,-6,16,-14
7,-3,7,-18,17,-18,15,-1,9,6,21,-13
10,2,-5,-8,17,-4,1,-5,20,-17,18,-16
5,-1,8,2,1,-1,-7,-6,1,6,14,1
-1,4,5,-2,-4,-15,27,-8,15,-3,1,8
8,0,9,-1,-5,4,-5,2,12,-13,16,4
22,0,12,5,-9,-13,-9,-2,20,-12,19,12
-6,6,21,-3,6,-11,-5,-8,6,12,-4,10
-7,-6,-9,9,10,6,6,10,-8,6,21,6
18,-7,21,-3,0,14,10,15,-9,14,-9,-2
18,11,2,-8,-3,-7,15,-2,-3,3,10,-8
-9,14,-7,-8,0,6,-1,2,25,1,16,-7
19,-3,18,3,13,-5,-4,-6,6,4,18,15
20,6,-3,3,5,7,19,13,22,-5,18,12
13,20,-4,13,6,-3,2,11,22,15,0,-2
7,17,26,-4,19,9,15,18,16,3,1,21
-8,7,13,12,16,15,7,0,-3,-2,18,0
9,-3,14,20,-6,1,-4,0,-1,16,-2,5
24,10,17,24,-4,1,-6,10,-7,20,8,17
-9,24,2,4,-7,-1,19,4,9,6,6,14
-9,24,-8,5,4,23,18,1,-8,12,-6,9
-8,-15,11,-5,10,-21,-8,-4,-5,-13,-3,-13
-3,-14,18,-23,3,-22,13,-21,3,-15,10,-23
-2,-15,15,-12,-2,-2,19,-11,5,-7,-4,-12
-5,-6,-1,-21,-6,-20,3,0,10,-18,-2,-2
11,-13,11,-17,21,-6,13,-17,4,2,-4,2
5,1,23,-14,11,-8,-7,-3,24,1,19,-21
-1,0,13,-3,0,-4,2,-5,27,1,21,-14
16,-12,-8,-7,-2,-14,27,7,-1,1,-4,3
8,1,27,7,17,-9,19,-14,1,-16,-1,-17
4,-1,-3,-15,16,-15,22,6,13,-2,15,-15
19,7,19,-2,1,-15,-8,9,22,2,4,-9
18,-6,19,10,18,10,5,-4,22,-14,-6,-1
1,5,0,6,5,-5,22,10,9,-1,14,1
-8,7,0,11,-6,10,24,5,5,12,8,-5
8,11,9,14,26,-2,10,11,26,13,23,5
19,-9,9,5,22,5,-8,2,6,2,10,15
18,13,20,8,7,-2,-6,0,26,2,2,3
14,-2,19,10,28,-6,28,-2,-6,-7,7,-6
15,-5,-5,8,25,11,6,11,-7,-2,19,10
3,16,2,-4,-5,4,19,4,17,7,-3,17
17,-1,15,5,17,7,25,11,-1,13,24,17
-4,19,-4,8,5,-2,20,-5,-3,12,18,2
17,-3,4,22,26,1,17,-4,14,12,23,11
7,7,-5,3,4,0,28,12,11,7,20,14
26,13,2,16,7,4,25,16,17,23,21,5
-2,6,15,19,4,-1,19,6,19,0,13,7
-1,6,25,3,20,25,-7,13,2,0,24,26
0,-12,23,-9,-1,-14,25,-6,-7,-6,9,-8
-7,-11,-2,-2,2,-1,-2,-8,-5,-9,20,-15
9,2,4,0,24,0,12,-6,-5,1,-7,-13
17,-18,1,-21,4,-18,21,-7,24,-17,-3,-10
-4,-15,3,-5,16,-20,13,-20,25,-18,4,3
13,-16,21,1,21,-16,4,-2,25,-2,-1,1
26,-15,20,-11,19,-5,18,0,1,6,6,-18
26,-10,9,-13,-1,-5,8,-8,26,7,29,-1
6,3,3,-8,18,-7,4,-15,23,-4,22,-3
-3,2,-7,-9,-2,-15,-6,-10,-3,9,23,2
1,-2,2,-8,-3,-7,23,-1,0,6,11,4
8,0,15,5,29,-11,15,-6,6,-11,14,-4
25,4,-7,5,26,11,-3,-10,19,3,21,2
28,-3,27,-13,2,5,7,10,0,-8,-3,12
22,-4,22,-9,10,-10,20,6,-3,-9,26,14
7,-4,-4,-1,19,9,14,-5,0,0,-4,3
6,9,18,9,0,-1,24,-4,1,-1,-1,-8
5,13,-7,6,6,9,-2,6,-6,-9,4,0
5,11,26,0,10,13,-6,-3,23,14,13,-5
20,-7,25,10,15,3,-7,7,11,19,6,19
4,8,-6,9,12,9,1,-1,20,2,2,-5
16,21,21,18,13,-5,-3,19,26,15,16,14
6,7,4,21,4,12,17,11,1,17,12,-3
9,9,24,0,-7,7,10,18,27,15,18,20
5,21,25,18,18,2,10,22,24,17,-1,1
-5,9,11,19,23,8,25,0,10,0,10,15
13,15,9,19,7,15,3,24,18,21,3,17
5,-16,-5,-13,7,-10,30,0,28,-20,25,-2
19,-11,1,1,5,-4,14,-2,24,-13,12,-14
22,0,21,-12,10,-18,10,0,26,1,-6,-3
8,-12,-3,-3,20,-1,19,3,29,-13,4,-7
7,-17,10,-19,23,-11,-6,-6,-2,0,-3,-22
5,-1,15,-16,16,-3,22,-4,0,-6,18,-10
24,-6,7,-1,-2,5,-2,3,17,5,3,5
19,-4,23,6,21,3,4,-10,16,-10,28,-14
28,-10,-4,-1,7,6,1,-15,9,5,23,-5
6,-2,-1,-16,30,0,21,-15,-2,-13,-4,0
18,10,3,-10,1,-3,3,3,-5,-8,17,-5
13,-11,-6,-11,-5,9,6,6,15,9,30,-10
7,0,16,9,18,12,7,9,13,11,6,-11
10,11,16,6,-4,-8,12,-2,-5,-10,13,12
18,13,21,5,3,4,9,-4,10,-7,1,10
19,13,0,13,11,3,5,-1,-5,-7,-5,4
22,13,21,-6,-2,16,0,9,-5,0,22,12
21,-1,29,-6,15,13,-6,-3,28,11,-5,3
14,-4,1,6,10,2,6,9,15,-2,16,-4
9,0,11,-3,9,18,4,11,-4,11,13,7
17,19,19,14,28,-2,-4,12,-2,-4,-6,17
3,-4,-1,7,7,6,27,-1,21,-1,3,3
10,1,15,8,1,-2,14,20,-3,2,21,12
16,-2,5,8,3,16,9,7,18,6,6,18
6,23,20,-1,19,8,6,5,15,21,20,9
14,12,-1,4,19,11,25,8,30,24,13,4
-5,3,8,25,4,9,12,2,5,25,27,5
5,-21,2,-20,30,-1,13,-1,20,-16,4,-2
3,-25,23,-9,29,1,28,-11,16,-4,21,-25
-1,-9,-2,-24,6,-4,5,-4,16,-7,15,-11
15,-21,2,-19,31,-21,18,-21,20,-20,7,-21
28,-21,3,-4,19,1,30,-15,4,-3,16,-7
-3,-8,31,2,10,-17,9,-5,0,-20,27,1
29,-15,7,-9,10,0,24,-2,13,-1,11,-19
7,-1,14,-1,12,-3,-2,1,6,-17,25,-16
22,-6,24,6,18,4,1,-14,6,-9,18,-2
12,8,7,-10,3,-4,0,-8,27,-6,14,-8
3,-3,7,8,23,8,10,-4,7,-8,0,-1
1,6,1,0,1,-14,6,3,14,2,16,9
5,6,22,-14,20,-11,9,-10,13,0,15,7
-1,-12,10,-6,4,10,28,-2,25,4,13,-1
-3,9,-5,-6,12,-8,6,-10,2,4,19,14
0,11,27,-11,13,11,4,-10,-4,-6,-5,9
13,-1,4,8,7,-5,31,-1,7,-1,30,-4
15,16,20,2,8,13,3,3,25,12,5,-2
-4,13,21,14,7,5,15,12,27,-6,23,6
6,6,0,4,5,11,13,-7,2,-4,7,-6
4,7,13,-1,8,20,-2,20,24,2,28,-4
3,-3,13,3,-5,14,22,1,22,1,30,-1
-3,11,21,11,0,8,5,17,27,4,-2,20
11,8,-1,5,23,-1,19,22,-1,20,28,18
2,2,3,23,10,9,20,16,23,1,-1,8
5,23,17,20,30,10,14,16,-4,25,11,10
21,0,8,8,31,8,22,10,5,5,-1,4
32,-12,7,-8,30,-1,-4,-6,22,-16,4,-18
17,-22,13,-16,17,-18,8,-21,32,-11,11,-7
24,-14,8,1,12,-9,-1,-16,17,-19,26,-17
5,-7,29,-19,11,1,8,-1,24,-22,32,-2
17,-16,3,-22,24,-19,28,2,10,-2,17,-9
-4,-2,21,2,20,-14,19,-8,23,-12,12,-1
22,-14,0,-14,2,-9,32,-20,-1,-18,27,-4
25,3,29,-5,4,-5,9,-13,17,-18,11,-18
23,-12,27,-10,25,0,21,3,7,5,29,-5
6,-10,14,-6,4,-17,9,-14,18,5,2,6
4,-13,8,4,23,-16,1,-2,3,-2,29,-13
17,9,29,-4,0,8,23,-12,19,-15,10,-5
1,7,16,-7,0,3,17,4,24,-14,27,-1
2,-1,15,-10,13,7,21,12,-4,-4,30,0
6,3,27,-12,-2,-10,8,-6,16,13,25,13
8,-6,28,-5,4,6,25,13,18,-3,-4,15
24,-8,12,8,-4,10,-4,-9,2,0,-4,5
26,-3,22,11,17,-5,2,9,18,-6,4,16
12,0,8,1,15,8,-4,-5,13,11,5,-5
3,6,16,8,4,3,32,-4,10,-3,28,-5
9,-5,-2,6,30,14,0,7,32,16,-2,-2
7,10,7,8,-3,15,11,12,28,5,28,20
6,0,2,22,5,6,27,21,15,14,1,-3
3,23,30,19,-3,15,7,23,-3,8,28,0
28,23,29,23,26,6,2,-1,24,24,-1,20
28,14,9,0,-3,4,0,13,24,4,12,13
-4,7,24,11,7,12,31,11,8,14,19,20
22,-26,2,-11,17,-21,-1,-22,27,-21,-1,-26
18,-18,12,-1,10,-20,10,-3,11,-19,8,-17
23,-12,7,-2,5,2,1,-4,2,-20,23,-9
2,-5,15,-11,26,-20,10,-15,26,-3,0,-4
8,-6,8,-1,2,-6,26,-8,31,-7,20,2
32,-10,32,-1,17,-14,16,-2,23,-18,16,-18
29,3,5,2,2,-20,21,-19,2,-4,-2,-16
27,-11,1,-14,23,-17,27,1,18,-10,12,-8
11,1,27,3,6,-9,3,-4,25,-6,18,-1
8,-12,21,-12,13,-12,11,9,23,-10,23,-3
9,-12,18,8,3,-16,3,4,22,-4,5,-10
9,-2,15,-13,-3,10,1,0,14,5,2,10
1,-8,8,3,16,12,22,-12,30,-3,13,-14
1,-8,11,7,30,5,20,-7,-3,8,2,-3
6,-1,11,-11,24,9,17,-4,11,5,27,13
16,14,9,8,2,13,6,1,8,-5,2,1
12,-7,19,-10,-1,-1,19,-4,17,-2,5,6
29,8,16,-1,22,15,21,-7,5,9,6,2
17,1,1,1,24,0,12,10,6,3,31,7
33,16,15,-7,16,1,2,19,20,-2,-1,0
6,6,17,-2,7,20,16,19,10,16,18,-1
1,9,13,0,11,21,12,-4,13,17,5,13
8,5,25,3,23,13,5,10,9,19,-3,6
5,4,1,17,4,1,28,-3,9,14,5,11
31,-2,10,8,10,4,-2,2,26,2,1,18
13,8,30,12,33,6,27,-1,7,2,11,19
28,1,30,1,8,19,11,24,25,21,-1,6
15,-21,-1,-10,28,0,10,0,16,-23,32,-12
31,-23,-2,1,26,1,16,-1,30,-2,3,-8
15,-21,14,1,4,-6,28,-3,23,-5,2,-3
18,-1,-1,-16,9,-23,34,-22,3,-2,10,2
16,-16,12,-6,7,-2,31,-7,33,-22,0,-6
7,-4,20,-14,20,-6,19,-18,34,5,19,2
8,-2,22,0,5,-8,21,-3,27,-2,4,-7
34,1,28,-8,11,-2,18,3,9,-5,22,-5
21,-9,4,5,13,0,6,-12,18,-16,5,0
11,-7,28,-8,28,4,23,-10,18,-14,8,-8
19,10,22,1,7,-5,3,-10,10,9,18,-10
8,-13,18,-10,2,9,4,-13,1,-1,23,-7
24,-12,34,3,30,-12,22,12,-1,-5,5,-12
0,4,27,-8,5,2,18,12,1,10,13,11
16,-10,12,-10,23,4,34,6,13,-7,3,-9
20,14,24,-2,11,9,6,14,3,-2,11,-8
16,-5,30,1,14,-2,24,-4,16,2,3,-2
8,14,4,9,26,14,1,7,7,-3,0,-4
29,17,2,-5,8,0,27,14,1,-4,-1,14
3,6,4,9,10,9,34,-1,2,17,24,-4
12,4,19,9,6,2,11,13,1,11,33,-3
5,7,23,5,25,19,19,21,0,3,16,16
29,-4,22,21,18,21,11,1,22,17,-2,-2
-2,0,23,12,19,3,20,14,27,11,16,3
9,22,17,-2,30,11,17,6,34,15,28,0
3,2,30,9,16,3,11,23,18,-1,-1,22
10,6,34,12,8,4,7,0,11,18,15,23
9,0,12,-22,2,-3,28,-20,33,-4,29,-16
27,-17,3,-1,27,-9,15,0,4,-12,21,-24
27,-12,22,-18,17,-21,12,-10,-1,-20,9,-5
12,-5,-1,-6,23,-13,8,-3,32,-9,30,-18
29,-11,2,-19,31,-22,16,-17,12,-3,35,-2
13,1,27,-9,-1,2,16,-12,11,-15,6,0
30,-4,11,-4,23,-15,13,-19,2,-20,12,3
29,6,14,6,24,1,25,-4,33,2,22,-6
10,4,12,-3,23,1,23,-7,15,-15,26,-12
21,-1,0,3,34,-5,27,2,-1,-7,29,-8
25,-13,7,10,7,5,18,-13,5,-13,-1,-4
0,2,32,8,4,-2,14,-12,12,-13,10,-9
3,-5,25,-3,26,12,30,-1,32,-7,32,8
9,-12,4,-6,21,9,27,-7,16,-8,12,-5
2,12,3,2,20,-12,30,2,32,6,16,14
6,11,13,4,6,-1,31,-9,12,-6,35,-9
14,-4,2,1,17,0,25,12,18,-4,10,2
2,4,22,17,-1,6,25,-2,20,-9,7,6
-1,9,5,1,30,15,33,-2,3,0,-1,-5
6,-6,16,13,27,5,2,-5,16,0,11,-1
2,6,33,1,2,9,17,11,21,-1,34,-1
12,3,5,12,16,4,15,5,5,16,15,14
-1,6,19,16,2,-3,27,-1,25,14,3,4
18,-2,23,3,22,21,25,16,16,15,0,14
8,24,7,21,1,23,30,17,21,21,26,9
33,1,24,17,14,8,0,9,31,17,23,-1
11,2,9,0,3,7,27,22,34,16,28,24
19,-24,20,-13,33,-18,5,-5,32,-10,34,-7
33,-25,22,-3,21,-8,35,-5,27,-10,13,-14
20,-17,3,0,5,2,2,-9,11,0,19,-6
25,-1,32,-11,21,-18,6,-23,20,-9,8,-12
25,-14,25,2,14,-18,34,-12,6,-13,24,0
17,-1,30,-3,14,-9,14,-18,22,-15,23,-14
13,0,8,-4,17,5,28,5,4,-5,20,-8
17,-11,2,6,32,5,13,6,26,-10,11,-2
26,3,12,-13,5,-12,29,-7,36,-8,18,-4
17,6,32,-1,28,4,4,-16,16,2,31,-16
5,-6,20,-14,20,6,14,-1,30,-10,15,-2
8,-11,10,8,23,-1,7,6,15,6,0,-1
10,-2,30,-9,16,-14,26,2,10,-2,16,-1
5,-5,20,-7,21,12,35,-8,22,-1,0,-13
16,-6,34,12,33,14,19,-10,4,0,6,-12
10,2,18,6,0,-8,3,14,23,4,10,4
7,14,5,11,6,-3,13,-8,28,7,17,1
19,1,25,-7,26,7,25,-1,11,2,6,0
10,3,10,-6,33,8,16,11,6,11,24,0
9,16,8,2,1,4,2,9,11,-3,6,7
13,7,32,9,29,8,33,20,0,5,34,19
8,6,34,-4,26,3,33,3,7,10,26,14
20,6,4,13,26,7,27,8,35,8,29,-2
6,20,3,-2,9,9,25,20,28,7,10,19
25,10,6,3,13,10,35,15,0,15,20,15
3,8,7,7,36,24,9,22,25,3,36,16
32,16,31,1,34,17,22,15,35,6,2,19
