0,0,-1,0,0,-24,-2,-1,0,-19,0,-16
0,0,-1,0,0,-22,-2,-1,0,0,0,-17
0,0,0,-13,0,-24,-1,-24,0,-3,0,-13
0,0,0,-24,0,-19,-1,-22,0,1,0,-14
0,0,0,-21,0,-23,-1,-20,0,-20,0,3
0,0,-1,1,-1,5,-1,-18,0,5,0,-8
0,0,0,-20,0,-15,0,6,0,-16,-7,2
0,0,-1,2,-1,4,0,5,0,3,0,5
0,0,-1,5,-1,6,-1,-14,0,5,0,5
0,0,0,-13,0,-11,-15,-15,-4,-25,0,4
0,0,0,-13,-1,9,0,9,-17,-15,0,10
0,0,-1,3,0,-8,-1,-10,-25,-20,0,7
0,0,-1,5,0,-6,-16,-15,-25,-3,0,0
0,0,0,-11,-1,9,-24,5,-15,10,0,-7
0,0,0,10,0,-3,-1,-6,0,-3,-8,9
0,0,-6,-8,-1,10,-25,0,0,-3,0,-4
0,0,0,-5,0,0,-1,-3,0,10,0,7
0,0,0,15,0,2,0,13,-23,-18,0,3
0,0,0,15,-1,12,-1,0,-21,6,-7,13
0,0,0,18,-1,12,-10,9,-4,4,0,13
0,0,0,0,0,6,0,17,-3,8,0,12
0,0,-8,16,-1,13,-1,4,-24,13,0,11
0,0,0,3,-1,13,-16,-6,-19,22,0,11
0,0,-7,19,0,10,-19,3,0,10,-7,23
0,0,-1,15,0,12,-1,12,-25,6,-23,-10
0,0,-7,25,-1,15,0,19,-15,8,-6,1
0,0,-6,1,0,16,-4,12,0,11,-6,1
0,0,0,9,-1,16,-14,9,-6,26,-6,4
-6,21,-17,17,0,-7,-1,-3,-1,-1,-9,28
-18,0,-8,4,-23,9,-11,29,-10,8,-19,19
-24,26,-12,22,-13,19,-8,24,-16,26,-23,15
-19,30,-8,0,-22,-3,-13,29,-19,8,-8,18
-18,20,-13,4,-23,19,-19,32,-13,10,-14,18
-25,30,-9,14,-26,15,-10,3,-10,6,-12,29
-2,2,-20,21,-20,24,-25,20,-6,13,-20,8
0,0,-25,10,-14,25,-26,5,-8,22,-22,23
-23,29,-12,30,-22,31,-2,20,-20,2,-9,8
0,-1,-5,-24,1,-11,-23,-2,-16,-2,-5,-15
0,-1,1,-4,0,-14,-1,1,-2,-15,-5,-5
0,-1,1,-5,0,-14,-19,1,-19,-1,-5,-3
-2,-10,-17,3,-6,-2,-1,-22,-7,-29,-16,-27
-2,-10,-25,-30,-23,-12,-9,-4,-5,-1,-18,-26
-3,-8,0,-8,-2,-8,-18,-28,-5,-10,-2,-9
-5,5,-20,-23,-25,3,-7,1,1,-4,-14,4
0,-1,-21,-20,-3,-18,-5,2,-5,3,-24,-6
0,-1,1,0,1,-1,-9,-6,-14,-2,-5,4
0,-1,1,0,0,-10,1,2,1,-5,-5,9
0,-1,1,4,0,-8,-1,2,-3,-4,-4,-16
0,-4,-5,-4,1,3,-15,4,0,-1,-4,-14
0,-4,1,-5,0,-5,-5,10,-2,-3,-4,-12
0,-4,-5,9,0,-7,-9,-3,-21,10,-4,-10
0,-4,-4,8,1,7,-16,-22,1,-2,-4,-2
0,-4,-5,9,0,-6,-24,-1,-4,-11,-4,0
0,-4,-4,2,0,-6,1,6,-4,-9,-4,2
0,-4,-4,-9,1,12,1,8,-4,-7,-4,4
0,-4,-5,18,1,18,-4,-6,-4,-5,-4,12
0,-4,1,9,1,13,-4,-6,-4,3,-4,14
0,-4,-4,-4,0,-3,1,9,-4,5,-4,16
0,-4,-4,5,1,20,-13,-10,-4,7,-4,18
0,-4,1,6,1,18,-4,6,-4,9,-4,21
-1,23,1,11,-4,23,1,11,-4,17,-4,23
-1,23,1,13,-12,14,-4,1,-4,19,-3,-2
-1,23,0,2,-8,-6,1,17,-4,21,-3,0
-1,23,-4,3,-6,26,-4,11,-4,23,-3,2
-13,10,-5,8,-8,4,-13,5,-12,1,-3,6
-10,24,-15,17,-12,6,-9,7,-9,8,-4,16
-18,13,-13,11,-19,24,-12,12,-2,-3,-11,8
-20,13,-5,-6,-13,19,-11,16,-20,21,-25,-1
-25,29,-9,-3,-24,-3,-19,6,-23,29,-8,20
-24,24,-16,3,-17,4,-24,-3,-8,2,-23,28
-25,1,-10,12,-4,3,-16,12,-10,18,-21,26
-5,5,-3,16,0,1,-18,6,1,-1,-24,12
-1,2,-5,5,-9,22,-25,33,-20,17,-19,4
-10,22,-25,20,-18,21,-7,4,-10,17,-22,27
0,-4,-4,-5,-5,-36,2,-14,-3,-1,-2,-23
0,-4,1,-5,-4,-23,-24,-8,-3,1,-2,-12
0,-4,-3,-11,-4,-13,-3,-12,-2,-24,-2,-10
-1,-18,-23,-4,-12,-22,0,-33,-5,-29,-13,-32
-11,-15,-15,-27,-4,-28,-5,-16,-24,-14,-10,-2
-5,4,-17,4,-16,-25,-16,-22,-22,4,-18,3
-3,-2,-23,-27,-4,-20,-4,-20,-13,-12,-17,-3
-1,-13,-14,3,-16,-29,-15,-12,-2,-18,-5,-29
-5,-17,-15,-24,-23,-10,1,0,-8,-3,-15,-27
-2,-8,-21,2,-21,-21,-22,-20,-15,-13,-5,-15
-2,-6,1,-19,-13,-5,-24,-11,-4,4,-11,-8
-1,-5,-21,-16,-20,-18,-23,-11,-4,11,2,-12
0,-5,-1,-2,1,-13,1,-3,-2,-12,-18,-13
0,-5,-3,8,2,10,2,0,-2,-10,-2,2
0,-5,-3,10,-4,-9,-3,-12,-2,2,-2,4
0,-5,-3,12,-6,-9,-3,2,-2,4,-2,6
0,-5,-3,15,-6,11,-3,10,-2,6,-2,8
0,-5,-3,17,2,15,2,1,-2,8,-2,10
0,-5,-2,-8,0,18,2,3,-2,10,-2,12
0,-5,-2,-6,-2,7,-6,-2,-2,12,-2,14
0,-5,-2,-4,-4,15,0,15,-2,14,-2,16
0,-5,-2,-2,1,-3,-3,16,-2,16,-2,18
-1,22,-2,10,-4,18,-3,18,-2,18,-2,20
-1,22,-2,12,-4,23,-3,20,-2,20,-2,22
-1,22,-2,14,-3,8,0,12,-2,22,-2,24
-1,22,-2,16,-3,-1,-5,-2,-2,24,-1,-1
-1,22,-2,11,-4,25,0,0,-24,11,-1,14
-10,7,-5,1,-10,4,-4,17,-3,10,-12,14
-18,14,-20,0,-24,22,-12,-8,-1,0,-21,24
-23,23,-1,1,2,-7,-10,-2,-16,-5,-18,10
-22,30,-24,21,-20,24,-16,28,-23,30,-16,6
-1,-2,-21,17,-16,-2,-9,29,-10,18,-12,30
0,3,2,2,-14,32,-23,-1,-10,2,-10,23
-17,22,-8,4,-2,-1,-7,17,-8,23,-6,17
-20,20,-12,31,-21,8,-18,10,-23,14,-9,-1
-10,27,-13,17,-4,4,-2,16,-19,21,-22,6
-24,21,-19,8,-4,2,-4,21,-16,32,-11,7
0,-5,-1,-8,-2,-25,3,-17,-1,0,0,-25
0,-5,-1,-6,-2,-23,-2,1,0,-25,0,-23
0,-5,-1,-4,-2,-21,-1,-24,0,-23,0,-21
0,-5,-1,-2,-2,-12,3,-15,0,-21,0,-19
0,-5,-1,0,-2,3,-1,4,0,-19,0,-14
0,-5,-1,2,-2,-9,-22,-12,0,-17,0,-12
0,-5,-1,4,-2,-7,-1,-18,0,-12,0,-5
0,-5,-15,-21,0,-8,-8,-28,-13,-22,-19,-29
-2,-4,3,-24,-12,1,-1,-5,-11,-25,-13,-20
-2,0,-19,-25,-13,-21,-8,-20,-19,7,-20,6
-4,7,-4,1,-19,3,-20,9,3,-21,-9,-3
-4,-11,-18,2,-20,5,1,-19,-5,-23,-23,-5
-4,-11,-20,-24,-14,-4,-16,1,-23,10,-11,-7
0,-10,-12,9,2,-1,-4,-11,1,0,-17,-9
0,-10,-1,13,-2,8,-1,-9,0,-3,0,4
0,-10,-1,15,-2,11,3,-4,0,4,0,6
0,-10,0,-10,-2,11,-1,4,0,6,0,8
-1,17,0,-8,-2,14,-1,8,0,8,0,10
-1,17,0,-6,-1,8,1,-1,0,10,0,12
-1,17,0,-4,3,-6,-1,8,0,12,0,14
-1,17,0,-2,-1,11,3,0,0,14,0,16
-1,17,0,3,-1,13,-1,14,0,16,0,18
-1,17,0,5,-1,15,-1,12,0,18,0,20
-1,17,0,8,-1,17,3,2,0,20,0,22
-1,17,0,13,-1,19,0,-2,0,22,0,24
-1,17,0,15,-1,21,-1,24,0,24,1,-1
2,12,-23,5,-8,16,-21,22,-6,18,-9,25
-13,11,-7,22,-17,12,-14,15,-12,-7,-11,11
-6,0,-4,0,-18,25,-13,15,-22,4,-9,1
-18,15,-8,-3,-18,15,-18,24,-21,2,-6,0
-7,1,-8,21,-21,10,0,-5,-18,25,-4,16
-8,1,-7,16,-20,7,-13,14,-18,12,-16,20
-2,-3,-16,32,-17,-3,-8,5,-14,22,-17,29
-2,-3,1,3,-22,2,-11,23,-1,-2,-7,10
-7,1,-14,34,-4,17,-7,30,-16,0,-13,22
-9,21,-16,23,-20,23,-12,13,-4,27,-15,23
-10,2,-10,4,-5,17,-11,17,-6,22,-10,34
0,-10,1,-9,0,-3,4,-22,1,0,2,-25
0,-10,1,-7,0,-1,0,-5,2,-25,2,-23
0,-10,1,-5,0,1,0,-2,2,-23,2,-21
0,-20,1,-3,0,3,0,-2,2,-21,2,-19
0,-20,1,-1,1,-22,1,-8,2,-19,2,-17
0,-20,-3,-19,1,-20,0,2,2,-17,2,-15
0,-20,1,3,1,-18,4,-17,2,-15,2,-13
-1,7,1,5,1,-16,0,5,2,-13,2,-11
-1,7,-20,8,0,-18,-17,-13,0,-8,-12,-21
0,-5,-19,-20,-21,2,3,3,-13,0,-21,-6
-1,-12,-1,8,-14,-15,-16,7,-11,-17,-18,-11
0,-8,-5,-6,-5,-10,-12,-25,-18,2,-16,-25
-6,12,-17,-24,-20,5,-21,12,-22,0,2,-19
-3,-3,-18,4,-12,-5,-15,6,-15,11,-16,-15
-1,12,-15,-9,-17,-8,-22,11,-18,8,-11,14
1,-4,-19,-9,-20,-3,-13,14,-14,8,-17,9
-1,10,-12,13,0,5,3,5,2,-3,-20,13
-1,4,1,16,1,-5,1,-7,2,-1,2,0
-1,4,1,18,1,0,1,10,2,1,2,2
-2,3,-16,-13,-6,11,-6,10,-5,-15,4,-17
-10,0,-5,8,-2,-8,-9,19,-15,8,-14,-2
-2,-1,-4,17,-19,21,-1,14,3,-14,-9,-11
-1,6,2,-4,1,5,4,-3,2,6,2,10
-1,0,2,-2,1,12,1,-2,2,11,2,12
-1,0,2,0,1,14,4,-2,2,13,2,14
-1,0,2,2,1,16,3,22,2,15,2,16
-2,0,-22,22,-7,-6,-4,-9,-8,-5,4,-3
-11,-4,-10,11,-11,-8,-5,9,-9,3,-1,7
1,-2,-9,17,-6,17,-12,27,-15,7,-6,3
-4,0,-4,11,-1,9,-8,26,-3,27,-2,22
-13,30,-10,18,-8,-5,-4,11,-11,-3,-1,11
-4,19,-5,-2,-20,28,-10,25,-21,9,0,13
-22,27,-2,29,-17,30,-10,4,-2,1,-16,25
-6,27,-6,5,-7,18,-14,10,-5,0,-11,13
0,1,-1,1,-20,-1,-8,27,-15,12,-16,29
-7,33,-22,9,-4,8,-1,17,-14,20,-4,8
-3,2,-10,22,-18,23,3,6,-15,8,-17,22
-1,0,5,-13,2,-8,2,-23,3,-9,3,-8
-1,-3,3,-20,2,-6,2,-4,3,-7,3,-6
-1,-3,3,-18,2,-4,4,0,3,-5,3,-4
-1,-3,3,-16,2,-2,2,-19,3,-3,3,-2
-1,-11,3,-14,2,0,2,2,3,-1,3,0
-1,-18,3,-12,2,2,4,5,3,1,3,2
-1,-18,3,-10,2,4,2,-12,3,3,3,4
-1,-18,3,-5,2,6,4,6,3,5,3,6
-2,8,3,-3,2,8,0,7,3,7,3,8
-3,9,-3,-2,-13,-14,3,-9,-15,-17,-13,-19
0,-7,-7,7,-11,-13,-13,5,-8,-11,-9,-8
-2,-6,-8,-9,-16,-20,-12,-7,-7,-8,-12,-12
-9,-13,-13,-21,-16,-18,-16,-21,-9,-6,-2,1
0,3,-20,-5,-21,8,-21,-20,5,4,-5,-17
1,-7,-11,-13,-20,-18,-12,6,-13,-14,-8,-14
-1,-2,-9,-14,-17,-18,3,-7,-13,6,-12,-14
1,-6,-21,14,-6,-19,-1,12,5,5,-10,0
3,4,3,4,-13,-15,-13,-15,-11,14,-12,14
0,0,-3,16,-6,18,-8,-5,-11,4,-16,2
0,-8,-9,-14,2,-8,-13,10,-4,14,1,0
-3,-1,-10,7,-5,15,-10,-1,-2,-14,-1,-7
-2,0,0,1,-3,-1,4,-12,-1,3,-9,-5
-1,8,-20,-5,0,0,-17,1,-6,-14,-6,8
2,1,3,13,3,-3,2,6,3,23,4,-3
4,24,3,15,3,-1,3,7,4,-2,4,-1
3,16,3,17,3,1,3,1,4,0,4,1
-9,7,-16,6,-15,-1,-5,9,-6,24,-4,22
-10,13,-4,21,-2,5,-14,12,-8,21,-8,3
-8,0,-9,18,-20,14,-2,0,-21,28,-20,2
-5,27,-14,15,-8,28,-10,20,-15,13,-2,22
2,-2,0,0,-17,12,-14,0,-7,22,0,-6
-6,23,-6,6,-14,23,-13,20,-6,-4,-14,14
-19,21,-17,7,-10,9,-14,3,-21,12,-9,3
-5,21,-18,25,-6,8,1,-1,-5,3,-19,23
-6,0,-4,2,-18,32,-8,5,-18,20,-6,15
-15,18,1,5,-12,13,-10,32,-14,34,-2,19
-9,26,-6,7,-19,30,-17,28,-17,12,-8,31
4,-8,4,-7,4,-23,3,-11,5,-24,5,-23
-2,-4,4,-5,4,-21,5,-3,5,-22,5,-21
4,-5,3,-34,5,-10,5,-7,-4,-30,5,-10
1,-1,-6,-24,0,-22,5,-7,5,-19,2,-12
-1,-1,4,-1,4,-17,3,-6,5,-17,5,-17
4,-5,4,1,4,-15,3,5,5,-15,5,-15
3,-12,4,3,4,-13,3,-3,5,-13,5,-13
1,-19,4,5,4,-11,4,3,5,-11,5,-11
4,-6,-20,-11,-11,0,-15,1,-19,1,-7,-19
-2,5,-20,-9,-3,-2,4,-20,-20,-1,-17,-26
0,-8,-16,-1,-6,-15,-1,-8,4,-20,-20,10
-7,-9,2,-2,-17,2,-9,-18,-14,5,-10,-9
-1,6,1,5,-9,1,-17,-12,-6,-13,-12,9
5,-14,-9,6,-4,-20,-4,-6,-10,-17,-15,4
2,-4,-14,-13,-10,-17,-1,12,-8,-5,-11,8
-7,-3,-18,-21,-10,-14,0,-8,-13,-10,-13,-16
1,9,-10,-8,-12,-19,-9,16,0,-10,-9,12
-2,-8,6,-12,-9,-13,2,-3,-4,13,-2,-6
-9,-4,-9,7,-4,-1,-7,-14,-3,-3,-13,5
-9,-4,-6,-4,1,0,-20,-1,3,-2,1,-16
-6,-2,-3,17,0,-1,-13,3,-4,-3,0,18
-9,0,-6,-14,-8,1,-12,-4,-5,17,-16,-13
-2,-1,-1,7,-5,8,-12,-12,-19,10,-16,12
4,12,4,22,4,6,3,16,5,6,5,6
-1,20,4,24,4,8,4,9,5,8,5,8
4,13,5,-1,4,13,2,17,5,10,5,10
0,13,-1,-7,-8,-10,-8,6,1,-4,-18,14
-6,22,6,-1,-8,10,-8,24,0,18,-2,-2
-16,25,-13,12,-4,0,-9,-2,-6,-6,-10,9
-15,-6,-3,24,-3,23,-15,15,-10,18,0,-3
5,-5,0,-2,-19,26,-5,9,3,10,-15,3
-14,15,-16,16,-19,29,-19,18,-15,-3,-18,3
-8,21,-17,26,-10,10,-5,2,-6,18,-5,23
-19,12,-1,23,1,22,1,16,2,1,-17,6
4,0,-9,14,4,1,-15,21,-17,15,-11,10
-1,5,-3,8,-13,32,-2,1,-6,11,-3,3
4,6,0,27,-3,1,2,18,-12,24,-2,4
2,-15,6,-25,5,-11,4,-6,6,-11,6,-11
2,-2,6,-23,5,-9,5,-5,6,-9,6,-9
4,-25,-1,-18,-4,-1,-13,-33,-2,-16,-7,-34
-3,-1,-4,-1,3,-17,-18,1,0,-19,6,-24
6,-1,0,-1,5,-5,4,0,6,-5,6,-5
0,-19,6,-17,5,-3,-12,-16,6,-3,6,-3
6,2,6,-15,5,-1,-13,-30,6,-1,6,-1
3,-8,-3,-1,-8,2,-15,-21,-16,-17,-14,-26
2,-11,-11,-2,1,0,4,-21,-8,-7,-3,-27
0,-11,-1,-26,7,-19,7,-20,0,-1,-10,-3
-15,-16,-14,-6,-5,-11,-5,-20,-3,5,-5,-16
-3,6,-5,-2,0,-4,-2,-12,-7,-15,6,-19
0,-6,0,9,1,0,-2,7,-14,2,-6,5
-2,13,-10,5,-13,0,2,-8,-9,-2,-4,-21
2,3,0,-21,-12,-5,-2,5,0,1,-12,-4
5,0,-14,15,4,-13,-12,-17,-18,-6,-7,-5
6,3,-10,-18,1,-14,3,-5,-4,5,1,0
0,2,-7,-19,-19,-15,-10,3,-18,-10,0,11
-2,-4,5,-11,-9,-10,-19,-7,4,-9,2,8
-8,6,-2,18,-11,14,-2,-5,-6,19,-19,8
-8,16,0,8,-16,19,-5,14,0,19,-13,9
-9,-1,2,-1,2,-8,-6,15,-7,15,-1,18
1,19,-11,-5,-15,-1,-17,9,-10,-4,2,-10
2,18,6,3,5,17,4,20,6,17,6,17
6,18,6,5,5,19,4,8,6,19,6,19
5,9,6,7,5,21,-16,-11,6,21,6,21
3,6,6,-1,-2,4,-9,20,-3,23,-3,9
-8,-2,1,25,7,-2,6,11,7,-2,-10,13
-19,14,2,16,2,16,-1,26,5,-1,-1,26
4,-6,-15,25,-15,25,-15,18,3,7,3,0
-2,0,6,-5,2,23,-15,29,-15,-1,5,-4
-2,23,-6,1,-12,13,-14,29,-18,14,-4,9
-7,28,-2,3,-6,3,-2,3,2,24,-5,24
-15,20,2,24,-13,3,1,33,-6,25,-5,31
-4,22,-4,20,3,5,-1,26,1,26,-5,16
-5,3,-5,20,-19,12,6,7,-6,22,-7,2
-15,21,-12,1,-11,10,-14,4,-8,15,-11,22
4,-9,7,-17,6,-3,8,-24,7,-3,7,-3
7,-11,-1,-7,-17,-23,1,1,-9,-4,4,-16
0,-20,0,-4,0,-14,0,-29,3,-25,1,-8
-3,-20,-6,-31,-5,-13,5,-28,-8,-28,-7,-23
5,-11,-17,3,-17,-15,-16,-31,-7,4,-15,-29
5,-12,7,-11,6,3,6,-8,7,3,7,3
-1,1,5,-25,-6,0,-7,-5,1,0,1,-3
-3,-11,-1,-21,1,-19,4,-20,-13,-26,-13,7
-11,-13,0,7,-2,-6,-13,-11,-4,-18,-3,4
-6,-3,-6,-22,-18,-18,-1,9,-2,-25,-7,-3
0,-21,-2,-21,-9,-17,-1,-12,-4,6,-1,-23
-11,1,4,-25,-15,-21,2,2,3,2,-5,-6
-13,-4,3,-24,-15,-9,-4,-17,-18,-18,-8,1
-8,12,7,-20,-2,12,-7,-3,-6,-17,-17,-20
-7,6,-8,2,2,3,-4,-2,8,-14,0,10
-3,-4,-4,11,-3,-11,-1,-2,-15,-6,1,12
0,-1,-13,15,-3,12,0,-2,-5,-18,-3,-8
-10,3,-6,9,2,11,1,9,-11,10,4,-13
-2,-4,2,0,3,0,1,11,4,-11,-13,17
-9,-6,0,2,-9,9,2,-8,-2,4,-18,-2
2,0,2,0,7,-7,-1,19,-13,0,-5,-1
0,18,-1,5,2,-6,3,11,-5,5,2,-1
-3,1,-13,3,-5,5,2,14,-11,5,-8,14
-5,2,0,4,-10,-4,-4,0,2,-5,-2,-13
7,17,7,9,6,23,-16,18,7,23,7,23
-1,24,-5,2,3,15,6,-10,7,-2,4,-7
-12,22,-6,5,4,7,-12,11,-5,3,5,-4
-18,24,-12,8,-11,21,-9,-3,2,-5,-18,21
-11,14,-15,26,-6,-1,5,-4,4,9,-12,11
-3,-2,-7,-3,-18,28,-15,11,-8,3,4,-6
0,20,-5,28,-14,0,-15,13,-17,21,-3,22
0,20,-13,10,-7,-3,6,22,-3,15,-9,9
5,-2,6,0,-4,23,6,-2,2,-4,7,-4
-13,21,-12,13,-2,15,1,1,-2,0,-14,5
6,-1,6,1,-1,21,-12,4,-8,24,-7,25
-5,8,-5,-1,-12,16,7,8,-17,33,-11,15
-12,25,-18,14,-14,1,-10,7,-5,34,-15,16
0,-4,-14,-22,6,-29,-7,-19,5,-28,-14,-28
1,0,5,-18,-2,-4,-4,-29,-2,-20,1,-27
-7,-11,-1,1,2,-16,-3,-26,-4,-10,-1,-3
-12,-17,-12,-15,-10,-13,-3,-18,1,-18,-2,-24
1,-2,-1,-17,-10,-10,-6,-23,-6,-19,2,-13
1,-19,8,-6,8,-21,-15,-7,8,5,8,5
3,-6,-4,0,-11,-12,-3,6,5,-24,0,-11
-14,2,-5,7,8,-23,-4,-13,-1,-21,-11,-5
-3,2,2,-8,0,-2,-8,-16,-17,3,-1,1
8,-27,-16,-21,-8,4,-5,2,-7,-27,-12,-19
0,-2,3,-4,-3,-4,-10,-24,-5,-12,-5,6
-3,-23,1,-4,5,-17,6,-16,3,8,9,-16
2,-24,-7,-3,-3,-20,8,7,-10,-12,-2,-6
-14,13,-6,-2,-3,-3,-14,-15,-6,2,-11,13
-3,13,-11,-20,3,-8,5,-17,4,-5,-17,-13
-15,-12,4,-16,6,-21,0,9,-10,-15,-16,10
-12,-3,-5,-8,-13,-1,-7,-7,3,-4,3,7
-17,-10,-11,7,2,3,1,0,2,-6,-2,-4
-9,-13,-10,8,3,5,-17,-8,2,7,-16,-10
-11,-17,-1,2,-8,17,-14,9,-2,-8,-3,-9
-7,-7,-3,15,-17,-8,-5,19,1,-7,-14,-1
-7,1,-2,18,-7,0,4,13,-3,21,-3,-13
3,3,-14,1,-2,-8,-3,4,-4,5,-13,6
7,-4,-13,4,-8,-8,-13,7,-4,18,-11,5
-5,3,-16,19,2,8,-8,11,-5,22,8,10
-2,5,-10,-6,-1,4,-2,6,2,9,-5,10
-8,-3,-17,-2,-1,-8,2,0,1,20,2,0
-12,12,-11,10,-1,10,-12,16,-8,16,-16,4
-13,9,6,-5,-11,11,3,10,-9,12,-7,15
2,-3,-14,14,-8,25,-15,24,2,24,-13,24
3,-1,-9,22,-5,17,-14,27,4,23,8,-1
-1,1,5,3,-4,31,4,4,-17,-5,-13,14
3,-3,-13,22,-9,1,3,4,-8,19,-13,32
0,-1,6,3,2,21,-11,7,2,13,-15,28
-17,16,-3,3,-8,15,-15,2,-14,6,-10,33
-12,22,7,-1,7,4,-8,12,3,12,-15,8
1,2,1,14,-7,30,-7,18,-9,26,-7,26
-3,-17,-1,-15,6,-21,2,-20,-1,-20,-12,-20
2,-15,2,-25,-5,-18,-4,-28,-10,-14,0,-23
-10,-4,4,-15,2,-29,1,-18,8,-30,-2,-5
-7,2,7,-26,6,-19,3,-32,-13,-20,-14,3
3,-3,0,0,-8,-9,-14,-5,-16,-28,-3,-22
-4,-13,-13,-6,-12,3,-6,-10,-4,-6,-13,3
-5,-19,5,-21,-3,1,3,-13,1,-7,-11,-4
-13,-4,-11,-28,9,-24,-5,-16,-8,-7,-3,-1
-2,-5,-7,4,-4,1,-13,-8,7,-26,-6,-8
5,-25,4,-25,9,-27,8,-12,-10,-10,-3,-10
-2,1,1,-5,-4,-11,-6,7,-11,-14,3,-19
-2,4,-3,4,-6,3,-10,-21,-8,5,1,3
-3,-21,-2,-2,-7,-9,-5,-3,-9,-23,-11,8
3,-18,3,-21,-13,9,-3,-20,-11,-3,2,6
-7,2,-8,-2,-12,-13,-11,14,-13,-1,10,-21
-6,3,-15,-13,6,2,8,-5,-11,2,-11,2
5,-12,4,-19,3,14,3,6,-13,12,-13,-1
-1,17,-4,-13,8,-10,-3,-5,-5,-9,8,-10
1,0,-3,-15,-3,-13,10,-10,-15,-10,1,-13
-1,-8,2,-8,-16,5,-13,19,0,-12,-1,4
-4,-10,-3,16,-3,7,5,0,-14,-2,-4,-1
-8,-12,3,1,1,20,-14,-6,-1,-3,3,13
-5,-13,0,4,2,16,2,-3,1,2,-8,9
-5,17,-15,21,-8,9,-14,-8,-2,11,-2,6
-5,19,10,24,-1,-4,-8,16,-10,1,-16,4
0,-1,-6,4,-7,10,2,-8,-8,1,-7,21
-9,-3,-15,15,-15,25,5,-8,4,-1,2,17
3,0,-5,1,-3,-3,-3,6,10,-7,-12,12
-4,28,-12,22,-4,20,7,-8,-10,16,4,2
-16,23,6,-2,-11,19,2,22,-13,-1,2,-6
-13,11,-16,-5,-12,-1,-16,14,-3,10,-11,11
-14,11,-11,23,-4,28,-16,27,-10,22,3,1
-15,21,-11,15,-11,27,0,14,-1,23,-9,5
4,-1,-14,11,-11,29,-3,7,-10,31,3,11
-14,17,4,1,-5,30,5,3,9,20,-16,11
0,28,-7,22,-8,31,-12,23,2,2,-16,5
-15,14,3,6,-11,20,0,33,-16,13,0,7
5,-27,7,-20,2,-26,-15,-24,3,-1,2,-26
-3,-34,0,1,7,-17,5,-21,3,-14,2,-17
-10,0,-6,-22,-13,-10,1,-30,7,-29,-9,-12
-15,2,4,-29,-9,-6,-8,2,-8,-17,-1,-29
-2,-1,-3,-11,2,-21,7,-32,-4,-18,5,1
-3,-21,7,-22,2,-19,4,-24,6,-24,0,-31
7,-29,-9,-9,-10,-9,1,1,-15,-2,-10,-12
2,-3,-14,1,1,-23,-4,0,-9,-23,-7,-22
2,-28,2,-26,-14,-27,-6,6,-3,-12,-7,0
-2,-2,-6,-17,-14,-20,-5,1,7,-12,-2,6
2,-23,-2,7,-1,3,-6,-18,6,-11,-9,-19
-15,-5,-7,-6,-12,-7,6,-11,-1,-4,4,-9
-13,-6,-13,-17,2,-24,-7,-24,3,0,1,-8
3,-17,4,-10,-1,9,-11,-2,1,-5,2,11
-2,-18,-11,-3,2,-18,10,1,-3,-13,-3,14
8,-14,-11,-18,-2,11,-12,2,3,8,1,12
-2,4,-12,-7,2,-3,4,3,-5,15,11,-15
-8,-11,2,13,-1,-9,2,-11,-3,5,-1,-13
-4,-9,5,11,-10,-16,5,-1,-3,14,-1,-13
-6,16,2,-3,-4,2,-4,-6,-12,14,5,1
-3,7,-7,15,7,-7,-4,-6,-8,7,3,-2
5,0,-2,-3,-2,-4,2,-9,9,-6,7,1
0,-3,10,12,1,0,-1,-14,-7,17,-13,0
-5,-2,4,15,8,-8,-2,-2,3,-3,6,-11
2,-2,3,1,1,1,-4,22,3,5,6,6
4,6,-3,21,3,-1,6,-5,-3,9,-11,14
-15,1,-5,13,-3,10,-8,12,4,-1,3,-8
-12,-9,-11,1,3,6,-1,25,-11,13,-3,25
10,-5,2,-3,-8,27,-9,5,-7,-8,6,6
0,23,-5,23,6,-2,-11,0,-4,24,-6,-3
0,20,8,-2,4,-1,-10,12,-9,23,-13,-4
2,22,-2,30,-4,21,11,1,-5,13,-5,-4
7,1,-1,12,11,0,-1,-1,-3,19,10,-3
2,1,2,-2,-13,10,-1,32,1,25,-9,18
0,21,-4,13,-3,4,-14,0,5,12,2,-1
-9,22,-7,21,-14,10,-11,16,-7,17,-8,9
-1,24,-6,34,-14,16,9,26,4,6,-11,13
1,-24,-3,-34,6,-9,5,-21,-12,-21,9,-36
4,-18,-3,-22,-3,-15,-9,-8,-12,-27,-14,-27
6,-26,5,1,-11,-14,4,1,-9,-28,-14,-10
8,-26,8,-32,0,-12,4,-13,-12,-29,-5,-28
-3,-8,7,-25,5,-6,-3,-24,2,-15,3,-17
-3,-2,10,-22,0,-19,-9,-21,1,0,3,-17
2,-2,4,-27,-12,5,-10,6,6,-1,6,-29
3,-24,6,-19,-4,-5,-5,-4,-8,-25,0,-13
4,-25,9,-5,-12,-26,1,-2,-10,-18,3,-15
-11,-9,4,1,-5,-2,-2,-16,-14,-4,-9,-3
-14,-11,-3,-9,-12,-17,4,1,-12,5,-2,4
2,0,11,-25,-11,-6,6,-22,-11,-22,-8,-13
3,-23,-12,-4,6,-17,-1,1,-7,-21,-7,-7
-11,-3,-3,-4,-8,1,-10,-12,-11,0,-13,-22
1,-15,3,0,-1,5,6,-18,-3,-18,4,3
-13,11,4,-6,-4,-11,4,5,6,-2,6,-5
-1,-7,7,-5,-4,14,10,9,-10,9,1,-14
5,-9,-8,6,5,-17,-12,17,12,-10,1,14
-3,0,-11,-14,10,5,-1,0,-7,-8,9,2
-2,-17,2,-14,2,-13,4,6,5,-12,3,-8
-3,4,-13,20,1,-11,-6,-8,-5,14,5,5
4,-5,-2,-1,-6,21,7,10,4,-3,5,-10
-3,5,-13,6,-11,0,-2,17,12,15,-1,9
-2,-9,1,11,-12,-1,-4,1,-9,2,5,-12
3,0,-4,10,-10,3,2,-11,5,20,-6,23
-14,-1,-5,11,4,25,-14,-7,3,23,-14,-7
-9,1,1,-1,-3,4,-7,21,-8,8,-10,-9
12,-5,-7,-5,-14,1,-2,6,-3,2,-2,18
4,15,-7,11,-9,28,-6,6,1,5,-14,14
-11,9,-2,6,-9,9,-9,1,7,11,-4,27
0,-6,0,30,1,1,-3,20,4,12,-11,18
-1,30,3,5,1,13,5,-3,2,30,-9,2
5,-1,-5,27,-14,22,1,19,1,-2,4,22
2,23,-4,15,3,19,-14,10,-5,29,-9,8
1,-2,0,1,-14,32,-13,11,2,17,1,8
3,24,-2,33,-3,26,-8,24,5,18,10,0
0,3,-3,3,12,5,11,4,5,33,8,14
-7,-27,-5,-11,-1,-22,0,-35,-1,0,-2,-36
0,-35,1,-25,-13,-33,-11,-10,-10,-16,-13,-25
-7,-8,4,-34,-12,-14,-2,1,0,-34,12,-31
7,-29,3,-13,-11,-18,-2,-3,13,-30,-9,-27
0,1,3,-9,6,-4,10,-16,0,-7,-12,0
-13,-25,11,-29,0,-2,-1,5,6,-21,4,-15
3,-26,-1,-7,-5,-2,-9,4,0,-25,0,2
2,-2,-1,6,-7,4,0,-20,11,-21,-5,7
-10,-5,-11,-2,-7,0,-4,2,7,6,-4,-5
0,1,-8,7,11,-5,-9,-1,8,-22,3,-25
8,-21,-7,-12,9,-22,-10,-19,1,-10,-4,-5
-11,-1,10,-23,-6,11,-7,11,13,-19,-6,-10
2,-23,-6,9,-8,-15,-4,7,10,-18,-3,-6
-8,2,-4,-4,-7,11,-5,0,-13,2,2,-19
0,12,-11,-7,8,6,7,8,-13,-20,13,-20
-1,-7,-5,12,12,-19,-7,7,-4,-6,7,4
-3,8,2,-17,-13,-8,3,-12,-8,5,-5,1
-4,-16,-3,-14,3,-8,-1,1,-6,9,9,1
-3,-8,-6,-7,4,0,1,1,1,-10,4,-6
3,-2,0,10,0,-13,3,-3,12,-13,-4,3
4,17,1,3,-12,-8,3,-5,-8,13,7,6
-3,-12,1,11,-6,8,3,-3,12,-13,-10,-8
6,20,-10,10,-12,11,3,-4,-1,-14,-5,6
-4,6,3,0,-9,22,1,4,3,10,-2,10
4,10,-10,-7,4,19,-1,7,-7,23,-11,-12
-11,-3,-11,-3,2,-2,6,11,-12,6,-6,3
4,-3,-12,18,-1,22,-6,22,4,11,3,-1
1,0,-9,-8,2,15,-3,6,2,17,-12,7
5,21,-7,12,1,-2,7,14,-8,11,-11,-3
6,1,3,-1,4,21,7,9,7,17,-2,2
-13,18,6,3,-7,-4,-1,28,-7,3,-5,23
4,24,-9,10,-11,9,-2,-2,-13,25,-12,22
2,25,-11,13,10,-3,6,15,1,-4,0,-1
-12,13,4,9,-7,33,10,5,-9,12,2,31
3,3,5,24,3,27,-13,23,2,21,4,18
8,5,6,10,4,19,-7,17,-9,10,3,34
-5,26,1,7,6,1,-12,27,4,19,7,7
-9,-8,4,-3,7,-21,3,-26,6,-8,8,-12
-11,-9,13,-13,3,-1,5,-25,8,-10,11,-28
0,0,6,-32,-12,-11,-1,-16,-12,1,9,-26
4,-33,-10,0,-12,-17,6,-19,-2,-21,-10,-16
7,-31,-3,-11,-6,-2,4,-11,0,-1,0,-27
9,-15,6,2,-5,-7,-6,-9,4,5,6,-1
-3,4,-4,-9,3,-16,-3,2,0,-9,3,-19
2,-28,-1,-7,2,-29,4,-22,8,-7,5,-27
-12,-9,-5,-3,-1,5,-6,-2,11,-25,-12,-27
-9,-8,-10,-4,-1,-15,-11,1,-11,8,6,-11
-11,-3,-3,-8,-8,-18,-9,-17,-3,-9,-8,-22
-11,-7,-1,9,-5,-19,-2,-23,3,-19,6,-10
-4,8,8,0,8,-6,7,-3,9,-10,9,-17
-5,-2,8,5,-12,-2,5,10,11,-16,1,7
6,-21,4,-22,-10,-11,-2,10,8,-20,4,-1
2,4,-7,4,3,-19,-9,13,9,-20,2,-14
-5,-17,11,-11,6,9,4,10,-8,-1,1,0
-1,-2,6,1,2,-5,5,-8,5,11,4,-2
10,-9,-2,-18,6,6,-9,-12,-11,-7,-4,16
5,2,-5,0,10,-17,-3,-1,2,9,-5,-9
14,-8,-1,-8,-12,-10,-9,-15,11,6,0,-12
8,19,-9,-5,-11,11,-9,9,-6,10,13,-13
-1,-6,-6,-1,7,15,4,-1,3,14,-11,11
-2,5,1,-3,-1,2,6,20,6,1,1,0
-1,21,1,7,14,-10,3,8,5,-2,7,22
-12,1,1,0,4,1,-1,21,-6,-11,-2,1
2,8,0,0,9,-1,5,-6,-2,13,9,9
0,24,-7,14,0,-4,-8,23,2,18,6,2
11,-8,-2,19,0,28,7,3,3,16,-2,1
1,-6,1,15,9,-7,4,29,4,3,-1,-4
-8,9,5,10,0,3,5,11,-9,10,7,-2
-5,4,8,30,2,26,6,2,0,24,-6,-4
-6,2,2,23,1,6,7,29,5,22,-5,9
6,1,7,14,3,14,3,-3,7,19,-1,22
-10,31,5,13,6,9,7,22,2,5,8,-2
2,19,-11,23,5,18,5,14,-12,19,10,21
-7,15,7,30,-7,18,-1,31,-1,12,4,36
15,-31,-7,-18,8,-28,0,-32,-6,-6,3,-36
9,-29,6,-9,11,-13,9,-24,-1,-7,12,-32
11,-30,2,-25,-1,-23,2,-14,-2,-32,-11,-23
11,-33,11,-30,10,-6,0,-32,8,-22,4,2
4,-29,11,-28,8,1,4,-18,-11,-21,6,-26
0,-6,7,-23,2,-22,7,-22,-6,-30,2,-31
-3,-15,-4,-23,8,0,-5,-3,-2,-24,-8,-19
-3,-13,-5,-29,-8,-29,-1,5,-10,-25,-3,1
4,7,7,-21,3,2,0,-26,10,-3,-5,-2
5,-26,-4,-6,-3,-1,9,-8,-8,0,-3,-1
-8,-2,2,-24,0,-18,-3,-23,1,-24,10,-21
6,-2,-7,-3,1,-23,-9,-23,6,8,1,0
-6,-22,6,-1,-11,-13,-5,-19,-5,-12,-4,-4
14,-21,10,-5,1,-22,-10,-15,11,-5,4,-10
13,-22,6,12,12,-16,-3,-16,8,7,-4,8
7,7,5,1,3,-2,-6,-5,0,-21,-7,1
-2,3,2,0,-6,-1,5,15,7,-12,2,1
2,-5,-11,-6,2,5,-8,-3,1,0,3,2
4,-4,-4,-4,-3,2,3,10,-4,15,-3,9
10,-2,11,2,11,-12,13,-8,3,2,10,-11
4,4,10,-14,5,16,4,0,-11,-8,2,-14
4,4,2,21,9,19,4,17,11,-15,9,0
5,19,1,-3,6,2,5,-5,6,-3,-8,-9
-1,-5,9,-4,-7,-3,9,-12,4,-3,1,0
-2,-11,1,7,11,1,8,13,0,4,4,19
4,-1,15,-9,0,7,-4,12,-8,19,-2,7
6,1,4,21,9,12,6,24,4,26,12,-1
12,-4,-9,13,2,3,3,15,1,6,-9,6
-1,24,-11,-4,7,8,-6,11,-9,25,10,21
-5,0,-4,5,-4,27,-8,10,3,-4,10,21
-3,3,14,0,3,28,5,17,9,20,-3,-4
-2,-3,0,25,5,28,-1,11,-2,15,-1,27
-1,13,1,23,7,15,3,19,2,25,4,16
3,2,5,33,-9,33,2,2,5,9,6,14
1,18,2,19,5,-2,5,-2,7,5,5,13
2,10,-7,34,-7,21,4,17,15,9,15,10
6,13,2,23,-6,4,-9,14,10,0,12,5
-1,-20,-6,-16,1,-1,10,-36,4,-5,8,-17
2,-5,-8,-10,2,-14,11,-8,0,-11,7,-11
-6,-29,-7,-31,-1,-12,9,-14,2,-27,-1,-34
-6,-26,2,-2,5,-17,12,-27,3,0,3,-8
-1,-3,0,-30,7,-23,8,-24,-9,-26,-2,-14
-2,-18,-9,-17,1,-9,8,-21,12,-22,3,4
0,4,-3,-7,8,-22,-2,-9,-7,-16,13,-15
8,-21,-1,-12,-10,-5,16,-27,8,-3,3,-28
1,-26,0,-18,9,-24,3,3,-6,-24,4,-15
1,9,9,-4,4,9,12,-26,-10,2,0,-8
-2,-22,-9,-4,3,-10,-7,-11,-1,-23,-6,-16
-10,3,1,-25,-10,-8,14,0,11,9,8,-8
-5,-15,1,-12,-2,1,9,-21,14,-23,-1,5
6,-11,16,-18,4,-21,-7,-1,-5,-2,5,-16
2,-9,-3,10,-2,7,10,-15,5,-15,0,5
0,-15,1,5,-10,11,14,12,-1,14,-2,-4
0,-15,-3,-18,7,4,-3,10,0,-5,15,3
-6,-3,-8,5,8,-16,1,-19,-3,-14,16,-7
0,1,2,-1,0,7,2,7,4,2,-8,-2
0,-13,0,9,-5,8,1,-1,16,-6,-3,11
-2,5,2,0,5,11,-3,4,-2,-15,1,-11
6,-2,-9,-14,-8,-12,4,-3,5,3,1,14
-1,-8,1,17,13,8,-9,11,6,-13,1,-6
4,4,0,1,8,15,-8,2,-1,3,0,-7
4,7,-7,19,-8,-6,-3,-11,-1,-3,-1,23
-1,-2,-1,2,-10,4,-4,13,-3,-7,-1,25
11,-3,9,8,6,-9,-8,-4,1,14,0,-10
6,9,-8,2,5,3,-10,8,15,-9,-1,17
-2,-8,6,6,-10,21,8,28,-10,-1,-3,-7
9,15,8,20,-9,24,-4,23,4,27,0,-2
-10,2,-6,-2,6,18,-6,0,-8,1,16,-2
-2,-4,-5,24,-4,10,0,7,-3,12,4,20
1,0,-2,23,0,-2,5,18,14,18,9,9
0,19,-7,3,12,-2,9,11,6,11,3,21
4,11,-4,33,2,25,12,2,7,23,-3,-2
-1,11,-4,27,-9,8,-4,13,2,27,5,22
-2,2,5,2,1,5,2,1,-2,36,-1,34
17,-29,0,-6,12,-35,-1,-7,10,-35,5,-19
-1,-21,2,-34,6,-5,6,-11,0,-16,0,-18
-2,-22,-1,-16,-9,-7,6,-6,11,-31,7,-10
1,-3,-9,-27,-2,-22,0,-12,-1,-30,17,-19
5,4,-4,-19,-8,4,9,-32,-9,-15,10,-30
-3,-29,2,-3,-5,-4,-2,-17,-3,-30,-9,-10
-3,-26,14,-13,9,-7,-9,-23,-6,-19,-3,-26
-2,-13,-6,4,10,6,5,3,-7,-4,-3,-1
7,-9,-8,-13,-6,-11,11,1,15,-28,-7,1
-3,-26,-2,3,5,6,10,-22,-5,-18,2,-15
-7,-20,-6,-7,-6,3,4,-18,9,-7,-9,-14
-3,-10,11,-11,8,9,-6,0,4,-4,3,-13
0,-10,0,0,-4,-7,-1,-23,2,-1,15,-20
1,4,15,-9,6,12,-4,12,-3,0,-5,-6
-2,-17,5,-14,10,-9,4,6,14,-22,13,-19
2,6,17,-21,14,-6,8,4,10,-18,6,-2
0,-10,1,-9,4,10,5,6,10,-13,14,-19
0,-11,-1,-19,0,-12,5,2,-4,17,7,7
0,-13,-5,-4,16,-17,-6,-5,1,-7,-7,1
8,-2,14,7,2,-1,15,-12,-9,-8,-4,-7
5,-1,-1,-15,7,14,-8,-5,8,-7,2,-5
1,-15,2,20,9,3,4,7,5,-11,0,-6
3,-2,0,13,12,-10,6,-12,-6,-10,16,-10
11,15,4,4,-2,14,15,-9,1,-5,2,15
1,-11,-6,11,-8,1,0,-5,16,-7,17,17
1,-4,-5,-11,-1,4,4,1,1,19,-1,2
0,-10,14,10,-2,-2,-9,-1,0,11,16,-3
1,3,-1,20,6,-6,-1,3,8,26,4,7
2,4,4,6,0,19,-4,22,3,3,0,-6
1,-5,-1,3,4,21,0,26,17,21,0,24
2,-6,-9,-6,-2,9,11,27,8,14,7,22
1,8,-3,3,14,15,4,18,1,4,1,6
2,6,-9,32,-2,1,-7,9,-7,15,-6,0
1,12,-5,20,-3,9,13,11,-7,14,-8,32
2,19,6,33,8,34,-7,27,1,1,-9,-2
7,34,-1,29,9,24,1,24,-4,7,4,21
0,4,-8,17,-6,2,-3,23,0,13,0,8
-5,-25,8,-20,1,-26,11,-5,4,-28,-7,-18
-4,-17,7,-10,1,-22,-6,-16,14,-32,12,0
-4,-28,7,-24,-4,-14,2,-33,-7,-31,-1,-31
-3,-1,13,-12,-1,-7,-6,2,-6,-30,-8,-7
4,-1,-7,-22,6,-25,-8,-31,5,-25,-7,-8
9,-14,7,-13,-8,5,1,-4,-6,-5,-8,-17
-2,-12,-1,-2,6,-7,5,-13,5,-19,2,-1
-3,2,-3,4,6,-3,2,-19,-6,-5,-3,-16
-3,-14,6,6,-1,-19,-6,-2,-2,-13,-1,1
5,5,11,-2,10,-26,9,-3,4,-15,9,6
5,3,6,3,11,-17,11,-20,0,-17,-3,-5
-1,-6,14,-10,4,6,17,-18,10,-12,12,-17
4,-19,11,10,-4,0,-4,-14,5,8,10,11
-2,-6,-3,3,-1,8,5,-23,15,-18,6,-3
-2,-12,-5,-2,-1,-22,-8,8,6,-21,-6,3
2,12,-4,12,0,-5,18,-18,8,-1,3,-7
0,-3,0,14,9,9,8,9,-7,3,16,1
0,-9,5,-14,10,-17,-4,-15,-7,-9,-3,-14
0,1,-4,-11,-1,11,-2,1,5,-14,-4,12
0,-6,-8,-12,1,-17,2,-14,6,8,4,-15
-1,-10,7,-2,4,18,4,12,18,-3,2,20
1,3,-6,14,1,-9,-4,16,3,20,0,-14
3,21,-8,5,1,-10,2,8,7,-11,10,-8
9,17,8,-3,-3,15,6,-9,-6,7,-8,19
6,-1,2,22,8,22,2,15,-6,11,4,-11
0,1,16,11,13,4,1,-8,9,-6,8,14
10,8,-6,21,2,-6,0,5,-5,14,11,5
1,8,-1,20,-3,18,12,-4,5,17,1,6
-1,-4,1,1,6,0,10,5,-6,-3,11,10
-1,-5,9,22,-3,0,4,2,10,29,5,4
1,16,-7,10,1,24,4,15,2,21,1,-3
0,1,7,0,3,19,-5,27,15,18,18,10
1,11,1,16,-7,17,14,16,2,10,-2,-1
6,9,-7,16,10,3,-3,21,-2,29,2,1
2,19,-1,16,7,-2,-4,31,-7,5,2,20
9,15,-1,2,-4,24,0,21,16,20,2,13
3,26,-6,19,4,3,-5,2,7,5,-6,35
-3,-5,-6,-36,3,-1,14,-32,15,-13,-2,-3
12,-11,0,-35,-1,0,8,0,19,-20,9,-12
10,-13,-2,-13,3,-22,7,-23,19,-18,1,-29
-2,-6,2,2,11,1,-5,-15,-4,-4,9,-1
-6,-31,-5,-26,-6,-22,1,-2,8,-18,5,-3
-3,3,1,-29,17,-10,15,-10,-3,-8,19,-25
-6,-19,-1,-20,3,2,11,-24,-3,-4,0,2
0,5,14,-4,-2,-26,10,-26,-4,6,10,-29
-6,-22,2,-2,7,7,-4,2,2,-6,11,-23
11,-27,-4,-25,7,-11,-3,-13,6,-21,-4,-7
-1,-2,6,-25,12,-3,17,-23,0,-1,5,-7
7,8,11,-2,12,-9,3,11,7,4,-7,4
13,1,3,-17,0,-5,5,-2,-3,-6,1,1
9,-12,14,-4,-5,4,13,0,11,-12,0,-2
-5,-15,9,-10,4,-22,-4,-18,10,-5,-6,11
11,13,5,-17,19,-18,-7,-13,-1,-14,17,2
-2,-10,13,-15,1,10,1,16,0,7,6,-14
-1,-8,1,-3,15,-7,17,-6,3,-18,-3,-8
0,-1,3,-17,18,5,-6,12,10,-5,-4,17
-1,-14,3,14,-1,8,7,-16,-2,16,1,-8
9,1,-6,-11,2,13,-4,-5,-1,3,4,17
10,19,-6,-11,14,-13,-2,-9,-5,21,-1,-6
0,-1,14,-3,-3,19,3,-7,-7,-11,-3,19
5,16,0,21,-2,0,-7,23,-1,18,2,6
2,9,3,-9,8,1,5,-8,13,5,5,12
-1,-6,19,-8,-2,4,-3,2,-2,-6,-2,4
2,17,14,-9,3,11,-5,10,0,10,9,17
3,22,8,-9,4,-5,19,-9,7,0,3,22
0,-7,-6,4,-5,14,-6,-1,16,9,-5,5
0,-7,3,-1,-2,28,3,-2,11,-2,6,-2
4,0,1,5,3,10,-6,18,0,-6,5,27
1,3,16,10,12,6,6,31,18,1,10,30
3,22,2,-3,-2,8,-7,17,0,14,9,16
4,31,13,17,-3,18,3,3,1,14,4,23
6,18,2,1,-3,34,-1,14,-7,3,11,-2
2,19,-1,23,9,6,0,32,-5,5,1,15
0,10,-4,1,16,16,1,20,-3,35,-3,14
-2,0,-2,-30,-4,-36,9,-6,4,-32,0,-9
12,-26,8,-33,2,-33,0,-20,9,-13,1,-4
8,-26,-6,-9,-6,-29,6,-32,-1,-24,1,-32
-3,1,1,-25,2,1,2,-28,13,-18,1,-22
1,-1,0,-27,8,-23,-2,-20,9,-2,-3,4
-4,-17,5,5,16,-25,9,-4,18,-28,5,-10
6,-9,-4,2,-6,-2,4,-4,-4,-29,0,-28
6,-20,3,0,-2,-13,0,-9,14,-17,4,-19
16,-20,13,-9,7,5,6,-5,19,-20,9,-20
-3,-5,16,-20,-3,-5,-3,-6,-4,3,11,-5
-4,-11,13,-19,15,-7,-3,-16,11,-22,1,-4
-5,-8,7,-18,11,8,13,5,-6,-3,9,-9
7,12,13,-2,10,12,2,0,2,-1,4,-3
18,-15,7,1,14,3,9,-4,-3,3,6,-14
2,3,13,-7,-3,-9,13,-22,-1,-9,-1,-3
2,-1,9,8,10,5,6,3,12,12,12,-3
13,3,-2,-7,6,-12,4,-9,6,7,16,-12
3,11,18,-11,19,-12,15,-11,11,8,1,15
0,13,-6,12,10,-13,3,1,2,17,17,-16
-3,-13,-4,-12,6,1,9,-6,-3,-17,-4,-16
0,-3,4,12,-4,12,-5,-10,-6,-15,5,15
0,1,-6,9,-4,6,1,-4,-2,-9,-5,7
-5,-6,9,-8,-2,3,2,-4,12,8,-4,4
6,-5,4,0,3,-11,13,0,-4,-1,-6,21
7,-2,2,-8,12,-8,-6,10,3,-7,2,-9
0,3,-4,17,-3,-6,-6,7,13,-3,-1,-7
0,2,5,10,1,2,16,9,-2,-8,-5,2
1,9,4,-1,13,16,-3,22,-4,13,16,-4
4,21,1,-2,4,14,10,-6,-2,5,9,17
2,11,-2,-2,-4,18,-6,22,7,28,-4,5
1,5,6,2,-4,26,1,22,10,5,4,9
14,22,13,0,-1,24,3,21,5,15,0,18
4,32,-5,-2,-4,6,0,4,-4,7,-4,24
3,25,2,3,1,10,9,0,8,10,-3,22
0,6,0,27,4,-1,12,10,6,3,-1,32
-1,11,-1,3,8,4,19,21,2,24,7,26
7,12,5,6,9,25,3,14,-6,14,15,34
20,-28,7,-27,-1,-25,-1,-6,11,-36,1,-6
-1,-7,-3,-34,-4,-8,0,-21,-1,-21,2,-11
7,-31,10,-11,5,-17,15,1,5,2,8,-20
-3,-29,-3,-24,4,-9,3,-14,5,-2,0,-31
0,-14,-2,-5,10,-3,5,-28,2,0,0,-26
4,1,14,-2,18,-14,-5,-17,4,-7,18,-14
-2,-21,8,-2,13,2,16,-29,3,-26,0,-29
-5,-16,-5,6,2,-19,8,-2,12,7,11,-15
9,-18,18,-27,7,-4,12,-5,-1,-11,15,-2
-5,-4,14,-13,-2,1,-4,-23,0,1,8,9
-3,8,11,-17,1,-19,10,3,-1,-10,10,10
13,2,8,-10,18,-22,17,-14,12,-25,4,0
-3,-7,21,-23,11,-4,10,7,20,-21,7,4
8,3,10,-6,-3,8,-3,-1,8,-22,9,-12
14,4,3,1,6,-15,6,-3,6,10,11,0
-5,-18,3,-16,8,-4,6,-4,14,-21,10,8
0,-12,7,5,-5,-13,0,6,20,3,9,13
-1,-18,1,-18,-1,-19,12,9,-1,-11,-4,-15
1,11,17,4,-4,-15,1,-9,-5,1,-4,12
7,-10,-3,-13,7,0,1,17,5,0,14,7
-2,-10,-3,0,3,1,0,-16,12,-2,-2,-6
11,1,1,-3,4,1,12,14,-4,5,11,-5
0,-1,-5,-2,1,-4,0,-2,8,13,4,-4
0,-9,9,7,4,-1,-2,1,-1,18,-4,-8
-2,-9,10,-4,-3,-8,16,12,13,-11,19,-4
-2,-4,2,4,2,21,-4,4,2,11,2,-4
7,-8,6,23,13,16,0,-1,3,23,3,-10
-3,-9,2,7,0,-9,2,0,10,-5,-1,-2
0,-5,1,25,5,21,9,6,6,-1,-4,-6
-1,-7,11,20,4,28,9,24,4,1,-4,13
15,20,-3,24,12,-3,2,6,16,20,9,16
-2,-4,11,-1,7,8,3,13,0,27,-3,-1
0,3,-5,3,6,32,4,16,13,27,18,12
-2,-1,-3,31,15,13,14,32,12,29,-3,24
-1,0,11,27,-4,12,12,19,6,6,19,1
11,8,-1,35,2,1,5,30,9,34,-3,29
6,3,5,35,1,4,-1,29,-4,32,10,26
11,-28,7,-12,4,-12,-2,-20,-2,-9,-3,-19
3,-5,7,-8,11,-20,5,-31,4,-24,7,-5
14,-12,7,-20,10,-10,5,-32,-2,-13,13,-13
-1,-1,5,-33,7,-23,9,-7,2,-22,0,1
19,-24,4,0,5,-24,0,-23,16,-25,0,-20
10,-24,2,-20,9,-18,-3,0,0,-7,10,5
-1,5,13,-3,19,-6,-4,-11,-3,-30,4,-20
-3,7,16,-4,-1,4,3,5,11,4,13,-2
10,-7,11,-15,5,-27,4,7,1,-14,16,-9
0,-2,1,-17,5,-24,11,6,9,-24,-3,-12
-3,-4,16,-3,15,6,19,-20,-1,-16,17,-23
16,-22,17,-17,18,-22,14,-3,10,-7,13,-2
8,11,8,6,15,-7,14,8,2,-19,0,-6
-1,3,21,-15,15,4,16,1,0,-3,19,-15
12,-14,2,-4,12,-6,7,0,3,4,15,13
2,6,13,-10,20,-19,10,6,15,-9,2,-1
4,7,2,-14,17,14,5,-9,13,-8,6,-18
-4,-17,-2,-17,7,15,8,-13,6,0,4,-4
1,10,6,-1,-4,-15,1,15,-2,-8,7,-1
0,10,6,19,10,11,20,-9,3,13,18,-17
1,17,21,8,1,7,19,6,1,-5,-1,-16
-4,-10,-3,18,2,-1,1,-2,12,14,-1,-9
-1,-6,-4,15,9,4,-3,19,-3,-1,8,12
1,17,1,9,4,8,-2,4,-4,-3,-4,4
-2,-1,1,-9,8,0,-2,-2,17,-4,3,24
-1,-6,6,8,0,-7,-1,18,2,25,1,1
2,23,18,-8,15,2,4,23,0,11,16,18
4,14,19,23,18,10,9,20,-1,-7,5,7
0,5,1,22,20,-1,13,-3,-2,24,13,21
0,2,-1,9,16,-7,5,3,7,21,1,22
0,5,14,-6,11,17,0,16,7,-5,4,26
-1,7,17,-1,4,2,10,4,12,22,16,-2
0,4,-4,-1,11,24,16,-2,8,0,0,1
14,18,5,5,18,18,0,20,-3,27,15,6
-3,8,13,4,-3,13,19,1,6,11,13,9
-4,6,4,12,-1,0,8,11,15,23,12,17
4,31,4,12,6,23,15,32,16,23,19,21
0,-6,12,-6,17,-3,1,-34,5,-30,16,-28
-3,1,7,-15,1,-21,6,-30,23,-31,16,-24
-2,1,2,-28,14,-2,12,-9,7,0,9,-28
1,-14,4,-2,-1,-28,11,-8,-2,-32,-2,-14
10,-27,22,-30,15,1,4,-5,13,-2,-2,-32
-1,-5,0,-5,2,-21,4,-18,9,-5,8,-12
-1,0,-2,-4,6,-11,-2,2,4,1,3,-24
17,-29,2,-17,7,-9,18,-29,-3,3,0,-17
12,-24,14,-10,0,-20,-2,1,16,-7,3,-12
18,-24,-2,-20,14,-20,17,-7,0,1,11,-1
0,-5,0,-8,-2,-20,23,-17,8,-21,0,5
-2,-1,1,3,2,-14,5,1,12,4,20,-2
-1,-4,11,0,3,-21,3,-21,10,-7,15,-12
10,4,3,7,20,-21,-2,12,21,-21,4,-11
18,-18,18,6,5,-4,-2,-13,15,10,5,9
13,-1,12,-9,15,-8,20,-4,0,-1,8,-19
3,16,6,-9,7,-20,-1,-17,17,0,18,5
2,10,8,-10,3,-3,0,-16,14,5,-2,-12
4,5,11,-4,0,-11,18,-1,11,-4,20,-14
3,18,15,19,-1,6,15,7,5,-3,11,-3
-2,-9,15,-10,22,-8,0,11,15,-16,13,-11
6,11,16,-15,0,11,-2,2,15,12,17,2
19,-8,13,16,3,18,1,2,-2,14,-1,6
4,15,5,-6,-2,11,0,15,4,-4,8,5
5,22,1,0,6,21,6,-3,4,9,8,10
0,-1,-1,-8,0,-2,-1,0,7,5,0,17
1,2,1,19,-2,-10,3,-3,3,18,19,-8
2,26,3,6,1,3,-2,3,-2,24,21,-3
2,28,15,14,2,0,15,13,17,-2,2,8
6,24,-3,21,7,24,9,6,10,1,-1,-4
-1,-5,-1,7,14,15,13,18,5,7,7,27
14,15,3,17,11,13,4,21,21,0,-3,30
5,31,0,28,-1,3,3,27,17,7,13,30
1,26,12,23,6,8,2,18,-1,13,-1,8
5,34,14,11,17,27,22,-2,9,31,-3,0
4,31,14,24,-2,22,5,31,0,8,15,20
5,30,-1,27,7,9,20,2,0,36,16,23
17,-9,12,-36,5,-22,14,-33,7,-24,7,-9
-1,-8,14,-11,4,-24,23,-34,7,-17,7,-7
-1,-5,1,-17,8,-8,3,-33,9,-28,9,1
0,-6,12,-21,22,-29,24,-2,4,-19,-2,0
11,-26,22,-31,9,-2,0,-32,5,-25,10,-24
23,-27,-2,-22,-2,-30,9,-7,2,5,5,-27
12,4,14,-13,6,-11,21,5,19,-26,1,-8
22,-24,12,-18,4,-9,13,-16,1,-11,10,2
12,-2,23,-24,11,-28,10,-18,8,1,16,-6
14,0,2,-11,7,-4,20,-20,-1,-2,15,4
-1,-5,6,9,18,-6,-2,-3,17,10,3,5
2,-1,6,-8,16,-4,21,-4,-1,1,9,-21
0,-3,16,0,-1,-5,1,-19,15,-17,2,3
-2,-7,18,-16,1,8,0,-11,20,-4,14,7
13,3,14,-21,10,-12,7,14,10,-21,16,-19
-2,6,18,-6,12,-4,6,-4,3,-12,4,-8
13,13,20,0,4,-15,11,4,24,4,12,-8
3,7,14,-8,6,16,6,-3,6,-14,18,-14
5,6,13,-17,4,-18,15,-17,2,10,14,-14
24,-11,22,-12,15,10,5,-17,14,5,2,11
17,12,23,-11,15,-10,3,-5,3,-12,0,18
5,14,3,17,14,6,15,-6,7,13,-1,21
1,1,0,-4,12,11,2,-13,11,8,3,0
11,17,11,13,22,-12,-2,-13,6,2,-2,14
0,1,22,9,8,21,13,-4,-1,19,0,-6
2,24,11,7,17,-8,12,-9,0,-9,1,3
23,-5,12,7,3,14,14,-5,20,6,2,-7
11,14,7,-3,6,5,13,-5,11,9,8,4
5,28,3,6,4,5,13,13,9,21,13,-5
0,5,4,29,5,9,15,-7,17,20,13,23
0,-1,8,23,3,-5,5,11,10,16,16,4
-1,-3,3,26,9,18,4,24,4,17,16,23
-1,5,-1,17,0,13,-1,14,-2,23,-2,14
8,22,3,8,5,-2,20,5,14,21,8,27
3,-2,12,16,1,1,-2,22,1,23,11,24
0,1,9,4,5,3,7,28,2,31,19,26
0,3,18,26,3,30,15,32,16,16,-2,7
0,-2,14,-16,1,-10,25,-31,7,-29,3,-4
-1,-3,6,-25,18,-29,4,-28,17,-29,10,-28
1,-5,25,-12,17,-34,0,-18,2,-29,4,-34
3,-13,7,-18,20,-30,3,-15,5,-25,-1,-2
-1,-7,1,-20,9,-13,3,-13,2,-25,20,-17
12,-24,13,-25,18,-24,16,-5,14,-23,24,-23
0,-17,14,4,12,-27,0,-25,7,-11,-1,-2
18,-22,-1,2,15,-20,3,-24,20,-26,13,-5
12,-6,6,-19,19,-25,1,5,13,5,14,-23
5,-6,15,7,-1,-7,-1,1,5,-1,7,-21
15,-24,2,10,17,-19,5,-24,3,-23,19,-20
-1,-11,-1,-14,23,-19,19,-13,13,-10,18,-8
0,-5,7,-10,25,-18,5,-7,16,5,2,-6
-1,-6,2,12,17,4,24,6,4,-16,25,-20
1,1,5,5,9,5,-1,9,0,0,7,-18
11,1,8,-6,13,-18,-1,-16,18,-4,5,14
1,11,16,16,7,7,11,12,4,-20,23,-13
13,13,11,-18,1,15,12,13,3,-19,9,16
25,-15,9,-14,6,-15,25,-14,13,12,16,12
6,-3,17,12,16,-9,13,-1,14,-6,0,9
11,12,0,11,8,2,0,-16,1,13,10,-3
24,-9,-1,11,19,2,3,-12,8,18,10,0
0,-9,3,17,8,22,22,9,14,21,13,-13
3,19,9,3,1,6,12,8,8,-9,8,-2
3,2,24,22,5,10,6,-2,3,13,25,-2
7,18,0,12,16,-9,4,21,7,23,23,-11
6,23,14,9,10,18,22,5,25,-10,0,18
-1,-9,4,-7,7,24,15,16,10,8,5,23
5,20,22,8,6,17,17,17,5,-5,-1,-5
3,-3,14,21,10,2,0,19,22,-6,3,16
0,-2,10,5,14,14,0,4,5,10,2,7
0,7,4,4,-1,14,9,19,12,4,3,4
15,17,3,30,2,7,12,29,16,4,11,7
5,31,17,1,12,18,4,25,8,33,6,30
3,28,8,14,11,2,6,16,9,0,0,4
6,26,5,6,22,3,10,4,2,32,1,20
2,14,-1,16,12,22,12,2,17,34,17,24
3,-9,0,-3,13,-34,5,-31,10,-16,16,-33
16,-13,2,-17,6,-6,2,-14,8,-19,2,-13
0,-8,7,-7,2,-26,2,-26,2,-34,18,2
1,-2,6,-1,16,-6,0,-7,18,-13,0,-14
0,-3,16,-6,8,-20,17,-10,20,-31,6,-17
14,-25,6,-28,20,-30,21,3,9,-24,19,-28
2,-2,2,5,4,-4,16,4,11,-3,1,-19
9,-4,0,-7,0,-15,4,-2,3,5,5,-1
19,-3,8,-4,24,-20,19,-1,4,-27,1,1
13,-6,15,-11,18,8,24,-5,2,-14,20,-4
26,-26,22,-12,13,-25,6,6,0,-11,20,-24
16,-2,0,-4,13,-10,12,2,11,9,2,-2
22,-22,14,11,13,10,14,-14,16,-17,3,2
2,-1,2,-2,20,-4,16,-7,11,7,14,8
1,-2,6,9,12,0,0,13,9,7,15,2
12,6,13,10,10,-18,26,-20,0,-9,16,-13
18,-4,1,-7,16,-10,5,0,12,-7,22,-11
9,-6,3,-11,11,-16,11,9,9,-18,26,-11
11,-2,21,8,3,7,21,-11,21,-2,5,7
4,-14,20,-9,11,-6,20,8,19,1,0,6
2,19,5,-11,3,5,5,-14,18,9,3,13
3,18,11,-8,6,-7,15,-10,16,19,4,20
26,-12,9,19,24,-14,22,-11,5,20,2,-4
2,-3,16,12,15,6,7,11,12,22,11,-7
3,1,4,12,22,8,4,-12,21,-10,17,14
5,-6,18,1,21,-3,10,9,15,8,1,-2
1,-10,5,14,1,23,21,-7,4,-3,3,13
0,-8,9,5,25,-5,17,-7,1,-7,8,10
25,-1,3,3,13,0,9,-7,11,14,3,9
4,19,14,18,7,0,20,-1,2,11,24,15
17,3,14,9,4,22,20,9,5,29,10,-3
15,16,14,-1,18,17,15,7,17,-4,14,-2
5,2,21,13,12,31,0,-2,21,20,12,10
8,30,0,20,0,-3,11,20,0,30,3,27
15,29,1,30,0,23,25,0,9,-2,8,9
8,27,12,28,1,29,12,2,8,27,1,33
1,3,6,34,1,28,7,5,8,10,21,9
