-2,-32,-14,-28,-14,-13,-25,-4,-26,-2,-3,-9
-4,-31,-20,-32,-2,-28,-4,-26,-7,-14,-7,-28
-1,-33,-21,-28,-6,2,-5,-15,-21,-20,-10,-14
-2,-3,-4,-16,-15,-10,-17,-3,-26,-24,-4,-21
-4,1,-19,-32,-25,-4,-3,-24,-17,-6,-5,-18
-2,0,-13,-6,-13,-7,-16,-19,-9,-23,-20,-9
-5,-4,-3,-7,-4,-24,-24,4,-20,-18,-6,-16
-5,-13,-19,3,-5,-18,-2,-6,-23,-13,-13,-17
-6,2,-16,-10,-1,-21,-10,-18,-1,-11,-10,-1
-4,8,-25,-16,-2,0,0,-7,-4,9,-3,-22
-7,4,-5,-14,-24,-2,-13,5,-9,6,-9,-4
-5,0,-11,10,-12,10,-5,6,-17,-11,-8,7
-5,3,-21,-11,-8,-20,-21,-12,-6,-23,-18,12
-1,-10,-25,-15,-1,-6,-10,13,0,4,-12,12
-2,-9,-4,-12,-4,1,-23,1,0,9,-6,2
-12,1,-2,10,-6,-16,0,-3,-9,7,-5,-11
-26,9,-6,5,-4,16,-3,0,-6,-7,-9,8
-21,-11,-1,-13,-13,11,-5,15,-5,-9,-6,-12
-21,-12,-13,4,-5,10,-23,12,-3,-3,-13,-8
-2,9,-8,12,-26,-17,-11,-1,-17,0,-13,17
-1,20,-25,-6,-17,-16,-21,-11,-18,18,-2,14
-4,17,-19,-14,-25,4,-2,9,-9,15,-18,1
-3,10,-15,18,-3,21,-7,11,-3,-7,-16,5
-4,11,-10,19,-16,-4,-22,20,-5,19,-7,-9
-6,22,-9,13,-7,6,-10,5,-12,23,-19,-7
-4,1,-1,-6,-2,-11,-15,19,-4,5,-3,6
-21,-3,-6,26,-9,-2,-6,-9,-6,15,-10,-6
-15,0,-18,8,0,25,-1,9,-4,12,0,-3
-1,9,-18,8,-9,8,-13,26,0,22,-6,21
-5,28,-8,0,-10,-1,-25,12,-11,12,-14,26
-7,-4,-10,22,-13,0,-24,18,-3,8,0,-2
-26,25,-2,0,-2,5,-26,10,-6,-3,-3,5
-18,22,-17,22,-3,20,-3,3,-6,7,-24,5
-15,15,-1,8,-11,15,-17,5,-6,0,-24,15
-24,30,-7,9,-8,25,-14,11,-8,7,-15,31
-22,35,-2,11,-6,27,-7,29,-6,33,-2,18
-16,30,-11,3,-2,29,-1,11,-5,22,-7,6
-12,-2,-18,-25,0,-24,-9,-27,-22,-15,1,-1
-13,-23,-20,-30,-22,-28,-1,-25,-12,-24,-15,-31
-18,-20,-21,-25,-23,-9,-14,-22,0,-10,-5,-21
0,-19,-22,-23,-4,-13,-10,-14,-21,-26,-25,-18
1,3,-23,-13,-5,-11,-11,-10,-15,-14,-2,1
-2,1,-17,-5,-8,-10,-5,-26,-17,-11,-21,-17
-2,5,-25,2,-17,-20,-6,5,-20,-15,-14,-11
-5,-4,-1,-21,-6,-21,-12,3,-8,-20,-10,-25
-2,-17,-2,7,-3,-10,-5,0,-12,3,-4,-17
0,-11,-15,-21,-1,-3,-22,4,-14,-27,-11,-16
-6,-6,-16,-5,-8,5,-13,9,-25,-7,-17,-18
-2,-13,-1,-8,-11,-15,-21,-16,-16,-9,-8,2
-2,5,-12,-1,-23,-5,-12,9,-20,-12,-4,-16
1,5,-4,-10,-12,-3,-17,-7,-1,-8,-4,-6
-5,5,-25,-13,-22,-18,-24,-10,0,9,-6,0
-5,-14,-4,11,1,5,-8,11,-15,-2,-7,-2
-15,-3,-2,-15,-16,13,-10,16,-16,10,-23,-9
-16,10,-18,-7,-10,6,0,3,-15,-7,-3,-11
-17,1,-23,16,-21,-10,-14,13,-10,3,-21,-9
-2,11,-4,13,1,8,-1,10,-11,5,-22,-8
-4,17,-23,-14,-20,-6,-24,9,-7,-1,-21,7
0,19,0,19,-22,-7,-2,-5,-13,-9,-18,-9
0,21,-19,19,-20,21,-23,16,-13,-2,-19,7
0,-1,-4,-8,-24,5,-19,2,-22,0,-8,-5
-1,15,-16,23,-10,0,0,-12,-11,15,-1,-4
-4,13,-8,-5,-11,8,-7,1,-8,8,1,22
0,8,1,-2,-8,20,-23,16,-4,-4,-3,26
-23,0,-11,6,-20,22,-13,13,-11,-2,-12,-1
1,1,-11,22,-10,-1,-2,24,1,-5,-19,5
-15,1,-1,-7,-19,-4,-3,0,-15,27,-16,5
1,0,-20,3,-11,14,1,20,-5,18,-12,-5
-14,12,-2,24,-16,14,-19,14,1,-1,-16,10
-6,25,-12,30,-22,23,1,-1,-3,27,-20,5
-9,-3,-19,7,-4,1,-21,16,-19,20,-15,18
-21,33,-7,10,-15,8,-9,3,-6,10,-15,31
-20,11,-9,8,-18,14,-8,30,-24,32,-4,26
-8,11,-23,18,0,31,-4,21,-21,10,-21,26
-23,-18,-11,-20,-11,0,-5,-26,-16,-17,-14,-31
-22,-16,0,-28,-3,-16,-19,-6,1,-7,-4,-8
2,-5,2,-28,-17,-30,-21,-8,-1,-22,-2,-34
0,-1,-20,-15,0,-21,-17,-1,-20,0,-17,-9
0,4,-3,-5,-6,-9,-12,-15,-18,0,-22,-28
2,3,-10,-7,2,0,-22,-19,-13,-29,-19,5
1,1,-9,-29,-21,-2,-14,4,0,-24,-3,-12
2,-11,-3,-14,-15,-16,-1,-29,0,-8,-9,-19
2,-13,-4,-10,-3,-3,1,-9,-4,1,-4,-3
-3,7,-14,-23,-11,4,-12,4,-3,-23,-23,-18
-4,5,0,2,-11,0,-2,-7,-4,6,-12,-7
-2,5,-10,6,-14,-19,-6,-20,-2,3,-15,-16
-4,5,1,-8,-19,-16,-20,-23,-1,-23,-17,11
2,-4,-16,-14,-1,-23,-15,0,-11,9,-9,0
-6,0,1,-22,-20,-8,-5,4,2,-11,-12,-19
-20,-7,-10,-8,-20,8,-19,10,-16,-3,-3,-8
-21,15,-6,15,1,1,-7,-7,1,-7,-17,-10
-16,8,-1,-1,-1,0,-1,10,-15,-12,-13,-5
-23,-12,-21,15,-20,-3,1,-17,1,8,-4,-12
-14,6,-1,-1,-15,-12,-11,-7,-13,-8,-12,6
-3,-6,-2,-7,1,0,-1,-12,-2,-4,1,3
-3,15,-4,-5,-18,17,-8,1,-20,-4,-12,7
-2,20,-2,20,-2,5,-16,-3,-24,13,-7,-8
0,21,-21,22,-23,16,-7,20,-3,-5,-7,2
-2,11,-4,-6,2,-6,-14,-12,-24,-1,0,1
1,17,-1,3,-2,0,-20,-8,0,-10,-18,-10
2,2,-24,3,-17,-7,-24,18,-11,11,-8,12
-8,7,-2,10,-7,20,-24,-3,-1,13,-2,-4
-19,-7,-7,14,2,6,-20,7,-16,5,1,-1
-6,3,-2,15,-12,-4,-13,15,-16,10,-10,6
-10,15,-2,-3,-23,27,-23,25,2,19,0,6
-16,18,2,15,-4,29,-22,13,-9,12,2,15
-4,20,-21,14,-10,32,-5,1,0,20,-4,15
-5,7,-12,21,-16,6,-20,18,-11,2,-19,20
-10,3,0,1,-18,6,-6,9,-3,9,-13,22
-9,23,0,21,2,18,-17,15,-1,4,-21,14
-20,27,-2,1,-6,1,2,1,-9,15,-19,27
-3,-32,-16,-18,-21,-2,-22,0,-19,-22,-5,-33
-5,-20,-10,-4,-4,-31,-16,1,-3,-35,-10,-14
0,-1,-20,-3,-6,-16,-23,2,-16,-11,-14,-2
1,-19,3,1,-3,-3,-16,-3,-6,-17,3,-16
1,3,-2,1,-4,-23,-19,-21,-6,-3,-20,-15
3,5,-12,0,3,1,-7,-27,-23,-31,-14,-31
3,-13,-23,-6,-5,-4,1,-29,-17,-14,-18,-10
1,-6,-9,-21,-9,-26,-6,6,-17,-11,-19,-7
-1,0,1,2,-14,-20,-13,-10,-16,-9,-14,-11
1,2,3,1,-12,-16,-13,5,-5,-2,-6,-8
-1,3,3,-24,-15,10,-10,10,-12,-5,-13,-6
1,-1,3,-25,-5,-13,-20,9,-16,-7,0,-21
0,2,-18,-5,-21,5,-5,-16,-12,-5,-7,-24
1,5,-11,-10,2,0,-15,8,-12,-9,-2,0
-3,10,-14,-12,-11,-7,1,-16,-12,-11,-5,12
-1,-14,3,0,-6,-10,-13,3,-11,-1,3,-21
-22,16,-3,4,-19,-4,-8,-6,-10,14,0,-19
-21,-11,-23,-5,2,3,-11,8,3,13,-11,5
-4,-1,-5,-14,-18,18,0,6,-2,3,-16,-15
-13,-1,-11,-2,-14,-15,-1,9,2,15,-7,12
-5,8,-6,-11,-2,11,-16,-16,-4,7,-3,-12
-16,4,-3,12,-15,-13,-8,-9,3,-10,-5,9
-2,1,-4,21,-4,15,-13,-11,-13,14,0,2
3,19,-3,-6,3,4,-22,-9,-12,16,-4,-2
0,13,-2,9,-11,10,-6,-12,-12,11,-18,5
-17,-8,-6,17,-18,1,-10,10,-4,-1,-2,4
-1,15,3,2,-20,4,-9,9,-11,17,-9,-9
-7,20,-3,2,0,-1,-8,-9,-16,0,-17,-7
0,8,-4,-6,2,1,-1,19,3,27,-13,4
-20,10,0,6,-1,5,-1,18,1,25,-8,6
-15,-4,-2,11,-13,-1,-17,0,-14,9,1,18
-1,17,-9,23,-8,0,-13,28,2,18,-10,18
-12,32,-9,0,-12,31,-22,12,-1,2,-17,4
-19,12,-11,17,2,23,-7,3,-8,25,-12,-2
-2,3,-17,9,-20,33,-11,32,-2,32,-3,19
-10,7,-1,24,-1,8,-5,16,-2,35,0,31
-13,25,-8,18,-21,9,-3,17,-2,13,-7,2
1,-17,3,-9,1,-2,-18,-16,-12,-25,-8,-18
-11,-5,4,-8,4,-6,-9,-13,-12,-32,-18,-24
0,-18,-4,-9,3,-16,-17,-2,-19,-2,-7,-32
4,-8,0,-20,4,-25,-20,3,-12,-32,3,-29
1,2,4,-16,1,-21,-4,-3,-13,-12,2,0
4,-15,-18,0,3,3,-4,-18,-6,0,-7,1
-1,-16,-10,-14,-11,-17,-19,-19,-10,5,0,5
2,-4,0,-29,0,-19,-6,-3,-9,7,-22,5
4,-5,-9,-9,-15,-26,0,-15,-21,-15,1,-7
4,3,-12,-15,-15,-22,-2,-14,-10,3,-17,-12
1,1,-21,-23,2,-22,-7,9,-5,5,-2,-25
-1,4,-17,-13,-7,-21,-4,-21,-13,-1,-15,-25
0,2,-8,-8,1,-14,-5,-5,1,-16,-7,-10
3,-8,-12,-8,-5,-14,-17,-22,-5,-5,-6,-4
4,-9,-11,7,-16,-16,1,-4,-16,-15,-15,-21
3,-10,2,-10,-12,5,-2,10,4,-20,-13,-16
-17,14,-1,16,-4,-11,0,-2,-3,-5,-5,5
-18,-12,-3,-9,-1,-14,-9,16,-8,2,-8,2
-10,9,-6,1,-1,8,3,7,-6,11,-4,-11
-11,15,-2,17,-13,-2,-8,10,2,-7,-6,6
-12,-7,-4,-5,4,14,3,5,-18,-8,-16,2
-15,3,-1,-14,-5,-9,-2,19,-6,13,1,11
-12,7,3,-5,-9,15,3,3,4,9,3,10
1,-4,2,3,-2,11,-15,-10,-1,22,-10,15
-1,20,-3,-8,-3,14,-1,4,-8,-11,-15,9
2,11,3,2,-22,8,-12,8,0,11,2,18
1,7,-16,6,-3,23,-11,-3,-12,-8,-7,17
-13,-6,-2,4,1,9,-21,15,-3,16,1,-7
-16,16,-13,8,-7,9,-9,16,2,3,-16,3
-16,22,-18,4,-17,19,-19,-4,-7,22,-1,12
1,-1,-12,30,-4,23,-8,4,-22,1,4,7
3,22,-21,4,-13,27,-6,7,-18,25,4,20
0,10,3,4,-22,25,-11,24,2,-4,-15,12
-12,11,-17,5,-14,-2,-15,2,-4,32,-4,2
-13,30,-11,13,-21,13,-17,26,-18,17,-5,27
-15,-1,-9,10,-6,29,-12,7,-21,19,4,1
-21,5,-10,17,0,30,-6,3,-9,24,-4,29
-13,-31,-8,-36,-19,-1,-8,-6,-10,-28,-19,-6
-5,-2,1,-15,-17,-2,-18,-19,-16,-35,-7,-2
4,-10,-19,-25,2,-13,2,-20,-3,-16,-12,-23
-1,-7,-1,-12,0,-17,-11,-27,-1,0,5,-9
-1,1,-7,-18,-12,-10,0,-7,3,-16,-11,-15
5,2,-2,5,-10,-23,-14,-2,-16,0,-9,-17
2,1,-4,-4,-1,-3,-3,-2,3,-4,-14,-17
2,-16,-11,2,-2,1,0,-19,-10,-5,-1,-21
-10,-18,-15,-9,-9,-19,-8,-8,-7,-2,-3,-27
0,-20,0,4,-8,-26,-7,-21,1,2,-21,5
4,-1,-7,3,-8,-1,-6,-3,2,4,-6,9
3,-13,5,-21,-3,-17,-5,10,-17,-16,1,-2
1,3,-10,-18,-16,-3,4,-4,-16,-18,-19,-17
2,13,-7,-16,-14,3,-11,-1,1,-4,-1,-6
4,10,-6,2,-2,-20,-2,-14,-6,-21,-16,0
1,15,1,-9,-19,0,-18,-14,-4,-20,-21,-12
-11,-20,1,-16,-8,14,2,-8,-11,-3,-12,15
-4,16,-13,-18,-17,16,-5,0,-15,15,-5,14
-11,-5,-14,-16,-15,-14,3,-2,-4,-12,4,7
-8,10,-9,19,-8,10,-12,8,-12,15,4,6
-12,5,-18,-7,-6,7,-6,-11,4,-16,-7,4
4,15,-12,13,-14,8,-8,13,5,11,-18,14
4,19,-2,19,-18,8,-20,21,-7,-8,-10,-1
5,14,2,-6,-21,-3,-9,19,-14,3,5,-1
2,3,2,10,1,2,-5,8,-14,-5,3,-9
-14,12,2,1,-11,22,0,21,0,19,-21,-1
-2,22,-1,20,-11,5,1,6,-1,20,-10,-1
-2,-8,3,15,-8,14,0,-5,-17,22,-2,21
-4,21,4,17,-13,27,-15,-3,2,2,-2,-8
-6,7,-18,21,1,22,-14,0,-17,20,-13,23
-3,17,5,1,-19,11,-16,7,0,3,-19,11
2,25,-7,15,-2,2,-16,-3,-4,18,5,18
-17,-2,-3,26,-2,8,4,19,-1,19,-16,3
-12,32,-1,2,3,6,-12,23,-4,-3,-6,14
-2,10,2,7,-15,24,-10,1,-3,26,-11,27
-21,8,-11,27,-10,28,-14,12,-2,12,-20,26
-19,21,-6,34,-4,28,-13,19,-8,27,-21,27
-5,-4,2,-20,-6,-3,-6,-6,-12,-4,-1,-1
-9,-30,-3,-15,-18,-28,-5,-31,-20,-18,3,-23
-20,-12,-2,-1,3,-3,-4,-34,6,-19,-10,-25
-11,-20,-7,-26,-18,3,4,-14,6,-21,-12,-23
2,-1,5,-22,-11,-25,2,-28,-1,-23,0,3
4,2,-16,-11,-17,-5,-9,-22,-20,-16,-15,1
3,-7,-17,-19,-5,-17,-17,-9,-10,2,-4,-2
2,-14,-10,-5,-18,-25,-10,2,-7,-22,-7,-5
-1,5,-10,-26,-1,-5,-3,-20,5,-22,-15,-7
2,-21,-20,-8,-6,-16,-18,0,-6,-17,-6,4
5,-17,-1,-14,0,-1,-2,-2,-8,5,1,-25
3,-11,-12,8,-4,0,-9,-1,-5,11,-8,-15
4,-9,-1,5,-5,-9,-20,6,-16,-20,5,-23
6,8,-8,10,-16,4,2,7,-6,7,2,-17
6,4,-11,-13,6,1,-2,-1,0,-5,-2,5
-11,-16,-7,-4,-1,4,0,8,4,4,-1,-9
-2,-11,-16,6,-17,-8,-9,6,3,4,-2,8
-17,2,-16,-2,-1,-5,-20,-18,2,7,-12,-18
-18,7,-15,4,1,-17,-13,9,-7,17,-11,-14
-4,-10,-14,3,1,-4,-13,11,-20,8,4,6
-17,14,-6,1,-12,15,-16,15,-9,-10,-6,-7
-19,20,-5,-13,-1,19,-3,-11,-7,-5,-5,11
5,9,-17,8,0,0,-6,6,-10,13,2,18
-14,-11,5,11,-5,11,0,-1,-2,14,4,-13
6,2,2,-6,-14,19,-1,6,3,-3,3,-5
-12,24,2,3,3,-7,-14,15,5,-8,-7,8
-18,21,0,22,2,6,3,11,1,-3,-14,6
-16,22,-10,13,-2,-2,-17,8,-1,18,-4,5
-12,14,-9,5,-8,27,0,18,6,5,2,2
-18,9,-15,13,-19,25,-14,23,6,3,-4,4
-19,25,-8,22,-5,-6,-15,17,-20,12,-18,-5
1,8,1,17,-14,22,2,23,-10,20,3,15
-14,13,-19,14,0,3,3,23,-18,15,-13,14
0,14,-2,24,0,13,-20,29,-11,24,2,27
-19,13,6,20,-7,0,-5,28,3,15,-10,-1
-13,8,-15,20,-4,12,-13,19,-12,20,-6,18
-5,0,-2,28,-6,22,2,1,-14,22,-9,31
-10,-3,-4,-23,6,-28,3,-33,-14,-28,7,-15
-15,-23,4,-34,1,-2,-5,-11,-7,-10,3,-34
-9,-31,-6,-13,-13,1,0,2,-16,-16,-14,-21
-3,-14,6,-15,2,-12,-17,-12,-10,-23,2,-33
2,-1,2,3,-12,-24,-10,-14,-10,-11,4,-3
6,-2,1,-12,-10,-19,-10,-31,3,-29,-18,-29
0,4,-8,-21,3,-28,-6,-16,1,-12,-11,-5
-14,-26,1,0,2,-19,-15,-13,0,0,0,-10
5,-17,-7,2,-17,5,-13,6,-9,-19,-9,-20
1,-15,-3,-14,-3,-17,1,-23,-6,-7,4,-5
6,0,-5,-25,-12,5,-6,-3,-13,-7,0,-11
1,3,-6,-10,-8,7,7,-16,-12,-15,6,6
2,4,-11,-6,-1,-24,0,-1,-4,-22,2,-18
2,0,4,-12,4,-8,-9,-21,7,-4,-4,-22
5,-2,2,-16,0,13,7,8,-9,-16,1,-12
2,-3,-1,-20,7,-9,-7,-16,-8,14,-11,0
-18,10,-12,-12,2,-18,-4,-10,-5,-3,-18,-4
-11,1,0,8,-9,3,7,10,-14,-3,-7,17
-8,-7,-8,-2,-7,-18,-18,3,-8,8,-2,2
-1,15,-10,1,-3,4,-1,5,0,-12,-14,12
-10,-4,-9,18,-5,-9,-11,-9,-17,-15,-14,0
-16,-14,-2,21,5,-14,0,-14,-6,0,5,-1
1,1,-1,-5,4,3,-14,-14,-13,-13,-12,6
3,-8,0,-4,-3,-1,-15,-9,-4,11,3,15
-9,17,-16,-8,5,-9,-18,5,-13,-7,-16,0
-14,5,7,13,-10,-5,0,-11,4,12,-4,-6
-16,6,-15,0,2,12,-4,-9,-5,14,-5,-3
-19,11,5,14,4,-6,-6,4,-11,-6,4,21
-18,-4,-11,-4,-12,17,6,6,-19,-7,-4,12
-13,25,-19,19,-8,26,-10,-2,1,9,-6,6
-17,30,-8,6,-1,15,-3,16,1,22,-7,14
-4,13,-17,6,1,5,-9,-1,7,-3,5,23
-7,12,-2,11,-8,16,-8,6,0,32,-1,31
-7,22,-10,31,-19,9,-17,3,2,22,-4,4
-19,34,-13,-2,-15,32,-11,0,-12,-1,-7,-2
-14,18,-9,22,-2,34,-8,1,-4,3,-7,24
1,18,7,10,2,29,-5,31,-13,2,5,7
-4,-34,-5,-8,-14,-6,-6,-7,-8,-7,-4,0
-5,-35,2,-23,-11,-26,8,-28,-8,-30,7,-18
-11,-19,4,-4,-13,-11,-13,-7,-1,-17,-6,-29
-10,-9,-7,-19,7,-27,6,-7,-18,-23,-1,-33
-12,-28,5,-26,4,-1,-10,1,-10,-30,-15,-21
-8,-26,-12,-27,1,-10,7,-5,5,-3,4,-5
-8,-23,-6,-1,-1,2,-10,-18,-2,-19,-18,-25
-12,-22,-8,-15,6,-18,4,-23,-4,-21,-8,-2
1,3,0,-14,-9,-24,-16,-15,8,-4,7,-10
-10,-14,-16,0,1,1,-2,-19,-3,-7,-8,1
-11,-6,1,4,1,1,-4,-21,2,-22,-5,-19
0,0,-3,-14,0,7,5,-6,6,-21,-3,-17
-7,2,4,-22,-8,4,8,4,7,9,2,7
-6,-23,8,-18,-2,13,-13,-7,-14,-8,-15,4
8,-18,7,-5,-15,9,0,-2,7,-17,3,6
1,0,-17,-9,-6,11,4,11,-1,-11,-16,15
2,0,1,12,-2,9,2,-13,8,8,-8,-18
-3,8,-4,4,-15,-16,4,4,-1,-15,-3,-7
-13,-18,-12,13,-6,16,6,-1,8,-12,0,-8
-9,-15,-6,-7,-1,-16,-15,-17,-14,-1,0,-11
-10,0,-5,4,-3,14,-6,-5,-1,-2,-11,1
-9,-8,-14,-1,-2,11,-12,-4,-7,-11,-8,7
-6,3,-3,3,7,0,-1,-8,-17,-5,-14,13
-15,-5,-7,20,-5,22,-11,-2,-4,2,-16,3
-17,2,7,-5,-4,2,-18,19,-6,14,-2,3
-1,-5,-10,11,-2,9,1,6,0,-4,5,3
-5,22,-2,0,-16,17,-7,4,5,26,1,-7
-12,21,4,-2,-14,14,3,14,-9,0,-13,25
6,13,-4,-6,-7,10,-2,-7,6,1,-7,2
3,12,-2,16,-16,-5,-7,18,2,20,8,11
-18,-6,-9,19,-2,11,5,22,5,5,4,13
-5,18,7,-4,-13,11,-12,5,4,3,-9,9
-2,32,6,17,8,17,7,1,-16,18,-7,11
-3,33,0,19,-11,-2,8,19,-15,8,-8,20
0,2,-1,2,2,17,1,18,-16,14,-16,29
3,1,-14,0,-8,16,4,7,-11,12,-9,17
-4,35,-10,15,-7,30,-1,11,-16,5,-18,17
9,-35,4,-34,-12,-8,7,-22,9,-7,-6,-9
-3,-15,-1,0,-10,-23,-10,0,3,-30,2,-11
1,-34,-3,1,-7,-4,-11,-22,4,-14,-6,-5
-12,3,-7,-22,-2,-12,4,-30,-6,-6,-8,-23
8,-25,1,-32,-14,-3,8,-2,0,-19,-1,-8
-10,-1,-1,-7,-9,-16,-6,2,-2,0,-9,-2
-8,-4,-2,-21,-9,-12,7,4,6,1,0,-13
-2,-7,-7,-13,-3,-29,-10,-4,-2,-2,-11,-9
5,-11,2,-21,-3,6,9,-7,-9,1,-3,2
-12,-7,1,-19,-12,-20,5,9,2,4,-1,-22
-15,-22,-1,4,7,-6,3,-12,6,-20,-10,-18
-16,7,-3,-4,-8,1,-8,8,-3,-22,-7,-14
5,-23,4,-24,2,-8,-5,-20,-11,-7,-9,-12
-12,12,0,-10,-10,-9,8,9,-4,-15,-2,-5
-8,-3,7,-7,1,2,-4,7,-11,-16,-3,-8
-12,-17,-11,-16,5,5,-4,-2,-5,13,-17,-7
0,-1,-15,10,-15,-14,-15,-5,-7,13,9,-13
-13,-13,3,-18,-15,13,-8,-5,-6,17,-4,7
-1,5,7,-17,0,4,-4,-13,1,-12,-11,-8
-7,1,0,-6,6,15,-17,-17,-9,16,6,6
-1,6,5,-5,-13,-12,-5,12,-1,7,-3,1
-16,8,2,-2,0,-3,0,10,-1,3,8,12
-6,5,8,5,-16,-11,-3,-14,8,20,4,8
-14,6,1,3,-15,-13,-17,-11,-11,13,-8,-12
6,-10,2,-12,-1,2,6,-10,-14,-10,-10,17
0,-9,-15,-6,-17,-7,-9,19,-3,-7,-1,7
-4,6,6,26,-1,13,-1,19,-14,-10,-7,21
-5,-1,6,16,-6,-3,-16,6,-16,17,2,19
-4,-7,-12,9,-8,28,0,2,-4,-5,-11,6
-1,7,-17,24,-4,3,-16,0,0,27,-9,2
-13,20,-5,0,-4,8,-3,11,7,21,8,-4
2,9,-7,12,-1,10,4,1,3,16,-9,30
-2,30,3,4,-2,32,3,5,-9,23,6,11
2,3,9,32,-11,11,-17,4,3,12,-14,25
-4,2,-17,27,-16,11,-13,12,-11,-2,-17,20
-4,24,-5,26,-10,35,-15,2,7,11,6,35
1,36,-11,22,-2,29,-14,35,1,12,-8,8
5,-33,5,-17,-8,-10,0,-4,-15,-21,-12,-5
-8,-27,-2,-3,-4,-14,-13,-25,-6,-4,-10,-11
4,-28,-16,-28,10,-21,-5,-13,-12,-22,0,-25
2,-30,-10,-7,3,-32,8,-2,0,-20,-16,-30
-11,-19,1,-5,-7,-22,-14,1,8,-9,8,-7
0,-23,-10,-19,2,-21,3,1,-14,-13,-11,-12
-12,-29,-9,-7,8,-24,6,-30,-13,-23,-5,-27
7,-8,5,-20,4,-23,8,-4,-15,-15,7,-5
-8,-7,-9,-25,-1,3,-12,-4,-6,-20,-1,0
-8,6,-9,8,1,-2,-1,-19,-9,-1,2,-5
-3,-4,0,-1,-12,-15,-14,5,-12,-25,-2,-23
-7,-11,-10,-11,10,-9,-7,-16,-10,-1,-3,-14
-3,-15,-4,-20,3,-4,-4,-10,1,-2,3,7
-1,6,10,-5,7,-18,7,8,6,1,1,11
-7,-7,3,1,5,10,-10,1,-12,2,1,-8
-6,-2,-9,7,-8,-1,-3,-4,2,-5,10,7
10,4,-4,-6,-16,-14,6,-5,3,-2,4,-17
-9,12,-16,-14,-5,-2,3,-15,2,-8,-10,7
2,2,-6,3,2,13,-12,-10,-5,4,-16,13
6,-7,-11,-16,-15,9,-4,9,6,3,-12,-15
-1,3,9,17,-9,-5,-4,2,-14,11,9,14
-16,8,1,-13,-10,-13,-12,15,-15,-10,-13,15
-10,8,-10,-12,1,-7,10,21,8,0,-11,-11
-4,17,-16,-5,-2,-1,-13,-4,0,4,-13,-3
10,-10,-1,-6,6,5,9,22,-14,-1,-3,15
-14,-11,-8,20,9,16,8,17,-14,9,-8,21
-16,22,-12,-6,-10,3,-13,-8,-6,11,2,23
-12,-6,-12,23,-16,-1,-16,0,-9,25,-12,7
-15,-8,-14,17,8,0,2,-5,-9,14,-13,6
2,1,-8,22,-2,6,5,1,-2,18,-14,1
7,-5,-10,11,-12,14,-4,-6,-7,28,-5,17
-5,11,-5,6,-12,31,-5,-4,6,18,-9,7
-2,0,6,1,-9,20,-16,9,-3,-3,-14,28
-6,29,-5,20,-3,1,3,28,2,17,10,24
5,2,3,29,-12,20,-3,13,3,12,-9,12
-4,2,-3,13,-10,20,1,2,-4,2,7,5
-8,12,2,10,-2,16,0,18,-5,7,-16,13
-5,-2,-15,-33,4,-17,-1,-2,-13,-8,-11,-2
-7,-31,-15,-20,-11,-16,10,-23,-3,-34,-10,-10
0,-29,-10,-5,-15,-7,8,-28,4,0,-1,-32
-7,-22,-11,3,-14,-17,3,-14,-6,-27,-3,-32
-4,-29,0,-28,0,-6,8,-27,-10,-14,-15,-8
-10,-17,-5,-6,-13,-9,5,-20,-3,-14,10,-3
-3,-19,3,-10,-14,-23,-11,-28,-12,-22,4,-4
-10,3,9,-11,10,-4,10,-21,-12,-5,5,-27
-5,-4,0,0,-8,2,-12,-22,6,-28,-5,-15
-13,3,-10,5,-12,3,-14,-14,-15,4,5,-16
-5,10,4,-20,-2,-9,2,4,-13,0,-14,-4
-2,-6,6,-7,11,10,-11,1,0,-19,-4,0
-4,-17,-10,-9,1,-13,8,1,10,-9,-8,-20
-7,9,-14,-6,2,1,-15,10,6,6,-14,-8
-7,9,-7,-20,1,-4,-4,5,2,4,-4,-10
3,10,-4,-4,5,-19,-9,3,-2,2,-3,5
-7,5,-11,10,0,-9,-14,2,-7,10,-1,-4
1,2,2,-3,-14,17,11,-5,0,-16,-2,14
1,10,-11,15,-11,8,1,5,-8,-18,-6,5
1,1,-8,5,1,5,11,-11,-8,13,-5,9
-7,13,1,-5,-2,0,0,13,9,2,-14,4
-14,14,-5,5,-3,-1,-13,-10,8,3,11,14
-1,2,1,22,-11,7,3,4,-1,22,-12,22
-9,22,-6,7,-11,19,-8,-1,-13,0,-14,16
10,-2,0,13,-7,15,-14,-7,-1,4,-7,-1
-8,-3,-10,17,-12,13,-4,-5,-14,12,-9,-11
-9,24,10,26,-9,-1,3,24,-13,23,7,6
2,6,10,20,-1,17,-15,8,-11,25,-7,9
-14,0,-14,13,-7,0,7,25,-3,-3,9,-3
-4,-6,-8,9,7,20,-8,8,1,29,1,27
1,6,-8,4,-13,-1,-9,19,-10,23,-11,1
-12,6,-5,27,-13,13,-12,15,5,5,-6,28
-11,7,5,16,-7,-1,-13,-2,-2,21,-9,-1
-1,31,3,18,5,14,8,-2,-4,31,4,26
-10,13,-9,25,-7,32,4,1,-3,17,10,-2
-6,33,-3,18,-7,6,1,6,8,34,-11,17
7,3,-14,20,-5,8,-2,1,-6,36,4,36
-1,-8,-9,-26,9,-8,3,-7,-7,-11,-6,-36
2,-32,2,-29,-2,-23,3,-18,9,-31,11,-23
0,-9,-8,2,-14,-14,1,-3,-11,2,-12,-19
-2,1,-7,-9,8,-11,1,-9,-8,-4,-2,-1
-1,-22,-3,2,7,-25,-4,-19,-8,-21,-10,-24
2,4,0,-19,-14,-9,10,-23,2,-22,-13,-17
-3,-3,-10,-24,-14,-25,-7,-8,-14,3,8,-26
-6,-23,-2,-4,-4,2,-3,-9,-14,-24,7,-3
7,-6,-6,-20,-14,-2,-2,2,8,-1,3,-21
-7,-5,-11,5,8,-26,1,0,8,5,-5,-3
1,-1,-14,-14,-8,-11,-5,3,0,-21,8,5
7,-13,3,-15,6,-10,-4,-4,-7,-11,1,-22
5,-9,2,2,12,0,11,4,7,-19,-5,-5
4,-12,-3,1,7,-11,7,6,4,-4,10,12
-13,-5,-1,5,-12,-2,-7,-21,-4,-8,-2,-7
-11,-9,5,0,0,2,2,6,-12,2,9,-12
6,1,0,-17,-1,-15,9,16,0,-11,1,-20
3,2,-6,-12,7,4,9,-2,-7,-13,-3,-13
5,5,3,16,9,-4,6,18,1,5,10,-14
11,-11,-7,16,-7,16,-14,18,-11,8,-14,4
1,5,-3,10,-6,16,11,-9,-6,-9,-1,-10
5,21,10,-13,12,-11,6,12,4,-15,-3,2
4,2,2,0,8,-6,-14,2,0,-1,-1,11
-11,13,-2,-4,-2,18,-2,11,-6,15,2,-7
-8,4,-4,-12,10,3,2,13,10,10,-14,-12
-1,-4,-2,-9,-6,-7,0,-7,-9,-9,-4,-5
-11,10,-6,-7,-4,-10,11,19,6,-1,-13,-6
-4,-8,-11,-3,-14,26,-1,-7,-11,13,-1,7
-10,13,4,7,1,2,-3,3,-2,-6,4,15
-12,-6,-11,29,2,1,-5,27,2,23,-2,0
-11,8,4,20,-10,3,-14,8,-3,-3,10,21
-2,-3,11,23,-3,4,3,16,4,3,-1,-3
-14,6,-5,28,8,30,12,13,-1,10,-4,30
0,4,-2,-3,9,19,-5,10,0,9,5,22
-14,31,-13,20,-8,-1,-5,33,-11,25,8,9
-2,3,-7,12,10,24,-10,12,-13,15,-6,19
2,34,11,22,4,20,1,2,-4,35,0,28
-5,-29,12,-1,11,-1,-11,-27,6,-14,6,-26
5,-9,2,-25,-11,-34,-12,-5,-10,-6,-12,-24
5,-22,10,-7,-8,-15,-10,-9,-12,-24,12,-5
-13,-12,-11,-1,-1,3,-3,-13,3,-25,-5,-30
6,-8,4,-25,-8,0,8,-17,10,-16,-9,-32
-1,-30,-6,-11,-1,-3,2,-13,9,-21,-10,-8
-2,-6,3,-23,4,-11,11,-10,0,-30,-3,0
4,5,7,-14,8,-12,4,-22,4,-18,0,7
-4,-6,-10,-1,-6,-21,5,-26,2,7,13,-27
2,-11,2,-22,12,-23,0,-18,13,-18,4,3
-11,-13,8,-3,-9,-26,-10,2,9,-15,-4,-10
2,-10,1,2,-2,-9,4,3,5,7,4,7
-8,-7,-6,-18,13,-17,11,-21,1,4,-3,-17
2,10,1,-12,-4,1,10,-8,12,-3,-8,5
-7,-12,-5,14,-10,-21,-6,-18,8,-3,11,-12
5,-14,3,-20,-11,-18,3,7,-8,2,-7,6
7,-19,9,8,13,0,-11,-19,3,12,-11,4
0,1,-5,-13,-5,10,1,-10,11,1,9,-4
4,-8,-5,-8,-2,18,2,-6,8,10,12,-2
-6,7,-12,8,-10,-8,-8,-6,-6,12,-5,-12
-6,12,-13,-9,-6,19,4,6,3,4,-11,19
9,-6,13,16,-8,9,-12,14,8,18,11,2
-8,17,-10,12,-1,16,13,-14,6,2,-9,-2
-11,14,-13,8,6,9,-11,19,-9,0,2,16
0,2,5,11,12,-1,-6,9,-8,20,10,22
-2,12,8,9,-2,-7,-4,-9,-12,6,8,10
4,2,-5,-5,-13,11,13,21,-12,18,8,14
0,15,1,10,12,1,12,-6,8,9,0,20
-12,8,0,2,7,15,-8,16,13,10,3,4
1,3,10,12,-8,-2,-5,16,-2,24,4,28
1,-3,8,5,-2,6,-13,14,1,25,8,10
-4,25,11,15,-2,29,7,15,-10,14,-1,8
4,32,-13,18,-2,17,-9,23,-12,18,1,28
0,9,-12,33,6,-3,7,18,-3,33,6,-2
-12,7,-11,19,-5,20,3,12,5,20,1,23
-12,11,-10,12,3,27,-6,32,6,23,-10,5
-2,35,11,32,-4,18,6,7,11,17,-12,33
-10,-25,4,-15,-7,-22,0,-15,-12,-14,7,-23
0,-14,-3,-16,-1,-30,-5,-1,-1,-19,3,-14
4,-8,5,-3,-1,-33,-3,-14,-3,-11,-4,-20
2,-19,-3,-31,-2,-31,9,-22,2,-22,-5,-1
2,-5,-5,-18,-2,-7,13,-23,-2,-22,13,-18
-3,-21,8,-9,-2,-8,-2,-24,3,-26,-5,-20
-12,-22,2,3,10,-23,5,-29,13,-29,9,-10
10,-29,10,0,-2,-16,12,-27,13,-22,0,-8
13,-9,11,-11,-1,-28,12,-17,0,-17,12,-26
-3,4,7,-24,-8,1,3,-18,0,-12,10,-20
-1,3,-7,-8,-11,-14,-4,-4,-12,-24,4,0
-6,-12,11,-5,-6,-14,9,11,5,-10,1,-10
-10,-2,-8,-22,-2,-10,7,9,-5,-21,13,12
6,5,-9,-16,-8,-16,-11,3,-11,-4,6,7
-2,9,6,-3,-2,-15,-10,-2,1,0,8,14
-9,10,2,-11,4,-14,6,14,7,14,5,3
-3,-16,10,16,0,-7,1,-17,-10,-8,7,-11
8,-16,-3,-16,-10,-8,8,-17,-9,11,13,-9
-9,-9,9,-2,7,-1,-4,6,11,3,6,3
0,5,8,11,10,4,-11,11,4,16,10,-14
-5,5,-9,-14,-4,-5,-12,6,4,11,5,7
-10,-3,7,10,-9,8,-2,13,-5,9,-6,-3
-6,6,4,4,7,-11,-5,4,0,7,-8,22
1,17,6,0,-5,-13,-6,3,-2,10,-3,7
-8,-7,-4,11,-11,-11,-11,-12,-6,19,2,10
4,0,10,-3,-10,-1,-8,18,10,4,12,9
13,-8,-11,3,-6,12,-11,4,-10,0,11,21
4,-3,10,6,13,-7,-4,0,11,-7,-12,2
2,-7,8,6,8,3,-8,10,1,-6,14,6
2,5,-8,8,0,12,1,4,3,4,13,15
-9,18,-8,6,3,-4,-4,9,4,-5,1,11
-6,16,-12,6,-4,11,4,26,-3,-4,-6,1
4,6,6,27,2,13,-9,32,-10,20,-7,-3
1,28,-2,10,-6,16,14,-1,12,25,12,8
0,18,4,29,2,30,5,12,-8,26,-11,29
0,34,-10,25,7,4,-8,-1,7,25,11,18
6,5,0,34,6,30,9,9,-12,12,-10,27
6,-32,-10,-21,7,-21,1,-21,-11,-7,-9,-26
-8,-7,1,-3,3,-5,2,-31,-3,-27,-2,-22
-11,-9,14,-13,0,-12,-6,-25,9,-20,14,-21
3,-3,13,-20,12,-26,6,-10,14,-6,-11,-25
0,2,2,-26,-8,-7,-9,-16,6,-12,-5,-7
-6,-2,-5,-22,1,-20,9,-23,-3,-7,-5,-14
-7,-22,4,-7,-9,1,11,-6,-6,-26,-3,-28
15,-9,10,-15,-3,-10,-9,-29,6,-27,4,-4
9,-20,-6,-17,-7,-27,-2,-24,-9,1,0,8
1,2,6,-8,-10,-27,2,-21,1,-11,5,-24
3,0,10,-16,1,-18,-3,2,-6,-17,7,-9
4,-22,-2,-18,3,-17,-10,8,-8,-22,5,-24
1,2,-7,-17,-4,8,11,7,-6,12,1,7
8,-18,2,-5,4,-4,-2,-12,-4,-2,9,7
-4,-12,-2,-9,-10,-12,0,-18,-8,4,15,4
3,-21,9,14,14,9,-3,-15,-7,0,15,-12
11,-1,0,-10,4,13,8,-9,7,-10,4,11
-7,11,4,-11,3,-13,15,-7,-9,-2,4,-13
-11,-7,-7,-10,-1,1,-1,-8,3,1,13,-17
1,-3,3,17,-11,16,-4,-9,-11,3,-1,15
-10,6,-10,17,12,17,-4,3,1,-9,0,5
-6,10,-5,-2,0,9,7,17,-2,-12,-10,11
9,2,15,5,-5,-7,-6,1,-5,6,7,-14
-6,5,8,13,3,-8,11,7,-2,-2,7,23
-5,15,-8,9,2,3,13,20,4,18,-8,13
-9,3,-11,-1,15,22,3,7,0,14,10,-4
-5,9,-5,5,-3,-10,-11,14,-9,24,3,14
-3,6,1,13,-2,19,1,-3,11,26,7,2
13,-2,15,17,2,3,-3,-7,13,-1,-5,1
0,-1,8,10,-3,14,-6,28,5,19,9,8
6,1,-1,29,14,7,-6,15,12,14,4,27
-11,1,5,12,-5,-5,8,4,-7,27,0,-3
13,4,-4,27,-10,-2,-8,8,-2,25,-9,25
6,10,14,28,10,21,13,18,10,20,0,-3
5,3,10,24,-2,12,1,1,-6,20,-2,34
1,27,-3,12,13,25,6,15,1,8,10,1
9,5,0,22,-6,18,12,35,-4,17,-1,18
3,-1,-3,-10,-3,-30,-5,-14,8,-10,9,-9
9,-31,1,-8,14,-30,-4,1,7,-2,16,-5
-1,-10,11,-26,2,-28,11,-17,-1,-9,12,-21
-3,-20,2,-12,6,-2,8,-19,3,-24,-7,0
3,-27,13,-2,-9,-12,2,-20,5,-20,-7,-1
-5,-8,-3,-22,5,-15,7,5,-10,4,13,-28
8,-29,16,-16,-9,5,1,6,7,-25,-1,-24
3,4,-5,-27,16,-7,11,-17,-2,-15,0,-19
7,-2,-1,1,-2,-14,10,5,15,2,10,6
-8,-4,3,-19,5,-13,6,-6,-10,-13,-1,4
10,-3,8,-21,0,-14,1,-11,8,-21,10,7
7,-20,-6,2,-7,-5,-1,-18,-4,-11,16,11
5,-22,5,-9,4,-23,9,-9,10,-16,8,-15
14,-16,-1,8,13,4,2,-22,8,-22,-3,-14
-7,10,-1,-8,0,-18,9,-16,-2,9,1,13
8,14,3,9,14,0,9,-8,-3,7,-8,13
-3,12,8,-18,-1,7,14,-16,1,-3,11,16
0,-8,6,14,10,3,8,17,-1,3,3,9
14,-2,3,-6,-1,-1,5,8,7,-15,15,-7
2,2,-4,8,10,1,-5,-3,-2,18,7,-7
-8,17,0,-9,5,4,2,-6,5,-9,7,-5
-5,-6,15,15,2,12,16,8,14,-10,-5,3
10,-14,0,-4,16,-9,14,15,-5,-9,16,8
-9,8,16,2,8,21,-7,20,7,12,10,-13
-4,3,7,0,10,14,4,2,5,-2,-1,10
2,-4,-4,-4,4,4,-1,4,9,-11,16,4
15,-2,7,-9,16,-7,-2,11,6,-10,15,-2
12,2,5,24,3,9,5,23,8,14,-9,-8
-4,0,7,21,-9,26,-5,17,6,2,11,26
-1,20,15,25,10,22,7,2,9,-3,16,3
9,12,5,24,-10,5,0,19,16,16,-5,5
0,-1,12,22,-1,15,2,11,4,24,12,13
8,14,14,25,-1,27,11,1,13,28,16,4
-2,14,-2,9,0,0,4,8,16,17,10,20
-2,16,3,22,-1,27,1,14,-4,11,12,23
-7,6,12,20,10,-1,15,32,-3,19,7,20
-10,2,15,15,2,10,13,16,14,31,14,6
-9,-24,0,-9,3,-19,16,-21,5,-3,-6,-2
16,-35,2,-33,-9,-32,15,-28,7,0,13,-13
-7,-8,14,-26,-3,2,-5,-22,12,-22,15,-18
14,-30,4,-20,13,-20,-1,-23,14,-33,-1,-18
2,-28,12,-3,-4,-19,15,-23,-2,-27,-8,-11
4,-20,6,0,-4,-16,15,-9,-7,-17,-6,-13
7,-26,17,-19,1,-19,5,-9,-2,-26,5,-22
5,3,-9,6,-5,-26,11,-6,9,0,1,6
2,-26,-2,6,-7,0,1,-1,-6,-5,-5,2
5,9,4,2,-5,-14,0,-5,-1,-26,4,-18
6,-22,17,4,-9,-13,15,-11,13,-9,2,8
-2,-20,13,6,14,4,17,-17,14,0,-1,-8
-6,12,0,12,1,5,11,-21,16,-6,-1,-1
12,-3,6,-16,2,-16,0,-4,13,-16,12,12
7,9,12,6,-6,-22,-3,-9,1,-18,-4,-22
-2,6,-5,-2,7,-16,-3,-4,-9,-13,6,3
14,-2,-6,-15,10,-9,11,-2,-9,6,-9,-1
7,11,-6,0,11,-6,-8,-18,-5,-1,-7,-19
7,6,13,5,14,2,2,1,-4,-1,3,-9
-2,17,-8,18,13,18,-2,9,12,-2,-9,8
11,-3,13,2,9,20,0,20,-2,-1,2,-5
15,-14,2,15,1,-14,14,8,2,-3,16,5
0,-13,12,20,0,2,13,-12,3,14,16,18
-3,20,17,13,-7,13,2,21,12,-10,0,-6
-2,4,-2,5,9,1,16,-6,-5,-9,5,14
5,18,15,8,5,14,3,-9,16,-3,12,21
-1,4,16,2,-7,-2,12,25,6,-1,7,-2
-4,15,-8,7,17,27,13,13,10,-2,6,27
15,1,2,-7,16,7,-1,26,0,-8,-4,-6
9,14,15,2,12,-1,4,20,13,7,-5,-1
-2,19,-7,6,16,13,1,-1,-7,2,-8,4
-2,21,-4,-5,-9,2,-4,15,-3,-1,2,-1
-3,2,5,-4,-8,10,12,23,12,10,3,8
-2,14,5,22,15,27,6,14,2,25,-8,20
8,16,6,30,14,34,17,32,-3,7,-9,27
1,21,9,33,5,26,1,29,12,23,-2,18
0,18,14,24,12,31,4,7,-6,6,0,28
-7,-25,-3,-10,15,-10,9,-10,10,-5,-1,-13
-1,-31,-7,-1,5,-13,0,-22,-7,-5,-8,-31
-4,-9,10,-16,-8,-20,10,-3,4,-34,-1,-6
-1,-30,-2,-25,2,-12,12,-23,-8,-1,6,-29
9,1,4,-21,3,-30,8,-19,17,3,2,-7
7,-21,11,-26,11,-21,-2,-24,2,-18,-7,-23
4,2,-6,-17,9,-20,2,-19,17,-5,-7,-24
14,-11,7,-10,16,-10,1,-23,-2,-2,-6,-4
15,-21,7,-2,-5,-22,15,-2,-4,-22,-4,-11
6,-8,-2,-3,-3,2,-3,-24,-7,-19,16,-5
0,2,-7,-24,16,5,0,1,0,10,-4,-13
18,-20,-2,5,11,-1,14,4,-7,4,6,-19
4,12,-7,-18,0,1,-3,9,6,10,10,-11
8,4,-5,11,13,-15,0,9,14,11,4,-21
1,-6,11,-4,-2,3,17,-9,-3,-9,-3,2
11,1,-6,-20,-8,-6,-1,-15,-3,9,8,-11
6,-3,0,0,6,9,-4,15,10,1,2,-4
1,-10,-7,10,-7,12,11,5,-2,2,1,7
10,15,-4,-13,15,7,10,8,2,6,-7,17
11,2,0,-6,17,15,-6,-9,10,16,-6,-15
-2,-16,-8,4,1,7,-1,15,11,4,-6,6
12,20,-5,14,4,5,18,17,18,-15,12,11
6,4,16,-8,15,-13,0,4,3,-4,6,15
9,4,11,3,0,-1,-5,-5,4,10,7,-4
18,-1,-2,-6,7,-9,3,-4,17,-3,7,18
18,-8,17,12,-2,6,-2,-9,17,-1,18,0
8,-8,-1,-6,4,-8,11,2,8,14,5,-5
14,12,10,15,4,17,-8,25,14,-9,-5,12
7,12,14,27,14,20,-2,14,14,1,4,8
3,18,18,-4,-8,24,11,14,17,12,11,-5
-2,12,2,-5,0,17,6,27,13,-5,15,5
13,16,8,22,-1,29,-2,24,0,20,-4,-2
-4,29,12,19,5,5,18,9,12,16,13,25
2,25,3,16,9,30,4,6,3,30,11,13
-8,5,6,34,-1,15,-8,21,-2,1,17,7
-1,1,12,8,-1,19,18,23,-8,3,8,24
12,36,4,23,13,34,9,15,16,19,-3,4
-4,-9,-5,-1,14,-36,10,-24,16,-23,-3,-3
8,-27,-2,-28,15,-15,-2,-5,8,-21,-6,-30
14,2,-4,-9,9,1,1,-31,-3,-17,11,-18
-6,-6,-1,-12,11,-16,-3,1,9,-11,-1,-28
11,2,4,-24,8,-5,7,0,-5,-28,5,-2
0,5,11,1,-7,-30,3,-30,-1,5,0,-4
2,-22,-7,-3,5,-6,9,-19,16,-4,1,1
2,-23,18,-27,19,-18,13,-10,-5,-23,-7,-13
12,0,-5,-4,-6,-17,18,7,15,-15,-4,7
15,-14,18,-23,15,-2,11,0,18,-11,4,-11
8,2,5,9,5,3,11,7,-6,10,-5,-23
3,-15,16,8,8,7,14,-24,-7,-19,-5,8
18,-19,2,-19,0,-2,2,-14,1,-20,5,-20
10,7,9,-3,-1,10,7,-21,19,-6,11,3
9,-2,5,-10,7,-13,12,6,-2,-12,-4,-20
4,12,10,-12,-6,2,-6,-10,4,-3,16,-3
0,9,10,12,-3,-2,2,12,17,15,11,-16
-5,15,9,-14,6,9,11,-9,8,7,15,8
14,-7,-7,12,-3,-12,-3,7,-1,17,14,-13
-6,11,19,-8,17,-1,13,15,14,-15,-7,-10
10,4,-3,-13,13,16,0,1,5,-6,18,5
19,-7,0,6,14,20,14,15,-3,20,16,20
17,-14,15,19,4,1,-3,8,11,-11,15,15
13,6,19,10,11,-2,1,-9,-3,-8,4,15
6,6,4,-5,3,8,4,23,9,13,6,-12
-5,9,6,24,18,-8,-4,-10,11,-9,14,-8
7,23,2,5,6,11,-3,22,6,18,19,-5
8,26,13,-5,15,-4,5,16,1,7,15,5
12,5,10,6,4,23,-7,2,4,12,12,12
0,5,15,25,-5,9,1,28,8,-7,13,2
11,7,7,-1,-2,5,-1,8,13,6,19,13
10,4,4,0,-4,6,4,27,-4,12,-6,7
14,13,-3,30,0,12,6,4,14,27,10,14
6,33,12,-2,11,25,18,21,-6,24,1,1
15,6,16,19,16,21,15,12,9,17,18,24
6,16,12,23,2,33,15,9,-4,33,5,16
-4,23,9,29,18,24,19,19,4,32,-2,14
-4,-12,-6,-3,13,-5,-5,-26,1,0,15,-5
-4,-17,7,-33,18,-12,14,-5,17,-6,2,-22
-5,0,2,-10,-6,-2,13,-12,17,-15,0,-6
3,-10,1,-3,1,-5,-5,-25,-4,-1,3,-4
3,-7,-5,-31,10,-28,20,-28,3,1,14,-16
-6,-14,-5,-7,17,-19,-1,-12,18,-1,-2,4
2,6,14,-30,-2,-25,12,-7,9,4,16,4
5,-9,-4,-14,5,-10,8,7,-1,6,-5,3
14,-18,0,0,9,-19,0,-7,-4,-13,2,6
-3,7,-5,-22,18,-10,3,-26,9,-14,6,-21
11,5,-1,9,12,-20,6,-3,1,-18,2,-4
15,-19,-3,-24,11,-23,0,3,10,-10,7,10
-6,-8,-2,-11,11,-24,-3,-11,-5,8,-6,6
5,-23,-3,-8,15,10,4,-9,3,-19,7,-5
3,6,20,-5,0,-10,5,-9,-4,-19,1,4
0,-7,-6,-5,12,14,19,-17,12,-4,11,-19
20,-10,12,-17,-4,10,12,5,10,-16,-2,1
5,-6,15,6,2,11,11,1,3,-17,11,14
4,8,6,13,12,4,-4,17,4,-11,-1,8
12,12,19,-3,17,-8,-6,-6,-6,4,2,-10
9,-15,10,18,3,-5,-1,20,6,17,19,17
20,-8,11,6,0,1,4,-6,12,-11,15,-11
-5,10,12,3,8,7,20,1,7,15,12,17
3,-13,3,9,19,15,18,17,12,23,18,2
-6,3,1,3,8,19,12,18,-5,-1,3,-9
11,3,9,10,11,9,4,12,0,-3,6,-3
2,0,17,0,7,-3,8,-2,-1,1,15,20
0,2,3,3,4,9,-2,-3,20,-2,16,8
-5,2,18,6,18,5,14,14,-3,20,17,-8
5,21,11,26,16,8,17,15,2,5,15,5
11,21,11,18,3,19,3,6,19,-2,14,6
2,25,-6,18,17,11,-4,9,7,25,1,28
11,19,17,-1,-5,13,0,0,3,24,13,29
0,-2,0,32,0,17,19,13,8,15,20,28
14,12,19,24,13,34,0,7,-1,22,-2,26
11,21,17,1,18,33,2,13,-4,6,15,24
-1,5,18,10,5,14,20,5,19,14,18,9
-1,-7,11,-36,19,-4,0,-32,7,-28,9,-21
10,-26,4,-12,1,-11,11,-33,12,-8,1,-4
-2,-30,16,-30,20,-5,16,-32,3,-19,19,0
14,-6,3,-14,-2,-20,18,-22,2,0,10,-11
18,-12,4,-21,7,-14,-2,-8,0,-13,3,-5
-2,-13,13,-25,17,2,19,-26,-1,-2,10,-15
13,-3,-4,-3,9,-12,3,-10,3,-24,14,-22
-1,-10,11,-27,11,5,5,0,19,-21,13,-14
5,-26,-2,-5,6,-1,2,-14,-5,-12,10,-9
11,-12,10,-5,-4,-2,6,-9,2,8,11,-6
-1,-8,19,8,-2,-9,-2,-12,8,-7,-1,-7
0,-4,8,1,-2,-15,3,1,4,6,-5,-2
-5,-6,-3,-17,-4,0,8,-6,-3,-24,4,1
0,-1,-1,-7,10,11,9,-7,2,9,1,12
8,-7,-4,-15,1,6,13,-7,12,-10,2,0
1,4,7,-16,-4,-12,-2,-3,7,-7,19,15
1,8,21,16,-3,-8,3,16,-2,-11,12,11
-4,-12,-3,4,-5,-2,17,-7,7,-6,0,12
-4,1,14,4,0,2,16,2,3,-7,20,-15
13,-11,5,13,13,-14,5,0,17,13,12,19
6,-1,4,-10,15,4,14,-14,14,-14,5,-16
8,6,6,6,3,13,11,19,15,-8,0,20
5,13,12,-11,20,-14,16,-7,-4,-13,14,20
6,-1,8,-12,8,-13,18,17,11,-11,18,0
14,-9,10,24,10,-6,18,1,19,-9,-2,14
-2,18,18,4,13,22,15,-5,6,-10,-1,-6
18,0,-5,8,13,-5,17,25,3,-10,12,-9
9,15,5,0,15,26,12,15,14,23,8,11
9,-2,19,19,1,-3,19,5,8,-4,21,-5
18,-1,18,-3,19,15,3,-7,20,4,7,20
18,16,15,-4,10,22,9,19,8,27,12,7
1,0,5,3,14,8,-5,21,-1,-3,6,3
5,16,5,-1,-5,24,10,9,11,2,-4,13
5,3,0,11,4,0,0,4,18,24,1,4
0,0,-4,28,10,33,21,23,3,21,3,17
14,34,8,2,5,31,16,-1,1,24,8,29
13,19,9,6,11,24,0,18,8,6,5,24
9,-34,9,-32,15,-4,22,-25,16,-30,-1,-29
22,-35,5,-2,11,-27,17,-2,-3,-14,3,-5
14,-20,1,-4,22,-6,-4,-31,-2,-9,10,-24
20,-15,-4,1,8,-29,14,-32,2,-18,0,-23
15,-6,0,-4,17,-14,2,-24,2,1,1,-20
8,-26,9,-22,2,-21,-4,-23,4,-21,11,3
-1,-17,2,-1,4,3,20,-30,12,-14,17,3
17,-21,3,-2,16,-25,5,-26,10,-15,1,4
-1,-28,15,-20,7,-2,20,8,18,-25,4,-22
0,1,0,-2,13,-4,-3,0,1,-20,-1,-19
2,-17,-2,-20,16,-17,12,-2,15,-15,7,-6
21,-3,-1,-17,8,-18,15,-9,-1,10,2,8
3,-23,6,2,9,-12,0,4,3,-13,-1,-11
1,10,11,-7,-1,-7,8,13,-3,-20,15,0
10,-14,-3,-22,6,12,20,13,-1,-12,9,-19
-3,-18,-1,3,4,3,13,-3,0,2,5,13
0,-20,8,6,14,-4,-2,-9,-3,-20,-4,8
6,-4,19,13,1,8,9,-3,22,14,7,-1
0,5,8,-15,14,-4,17,8,21,18,3,-11
2,14,-2,14,9,-14,2,3,9,-5,15,15
-4,-12,-1,-13,4,1,11,-13,-1,4,6,20
-1,10,-1,-3,19,-2,-3,3,14,15,-4,-9
15,11,-2,0,-4,4,11,1,0,6,-3,14
21,7,4,12,20,15,5,18,-2,18,18,11
16,10,-1,4,0,0,5,16,20,17,15,6
8,4,12,-3,-1,22,17,7,18,-7,-3,8
0,-6,3,15,13,4,10,2,21,2,6,-7
-2,1,17,15,-3,-3,4,20,20,4,14,-1
3,3,22,5,6,27,4,-3,12,-1,19,0
20,-2,5,-3,3,12,16,9,-1,24,7,-2
4,-6,6,23,3,4,18,11,6,9,8,29
-4,9,22,27,13,-2,16,10,21,-3,6,10
6,8,15,11,17,11,4,4,1,17,-2,17
16,6,15,17,11,19,13,2,18,15,7,27
0,11,13,21,22,13,11,23,6,18,8,27
4,2,7,19,11,0,0,35,-3,33,18,32
-1,5,9,33,1,6,7,5,15,30,-2,23
10,-7,12,-16,2,-36,12,-2,17,-10,21,-5
21,-33,3,-34,21,1,6,-8,13,-21,15,-21
-3,-7,4,-5,19,-34,2,-26,0,-1,20,-6
8,-11,10,3,10,-1,10,-7,6,-20,16,-28
8,-11,-1,4,15,-7,10,-7,-2,3,3,-3
5,-22,13,-28,13,-30,-2,-11,14,-24,7,-17
0,-15,6,-30,17,-29,11,5,23,-14,8,-4
20,-29,14,-21,17,-26,6,-8,10,-3,12,-18
14,-28,0,2,20,-26,12,-8,19,5,-2,2
22,-23,13,-15,14,7,2,-21,21,7,14,-23
-3,9,-3,-1,9,-21,9,-6,-1,-24,-3,-14
13,-12,1,10,2,-22,-1,-6,18,-9,-1,-13
0,-18,-1,-4,6,-3,17,1,7,-24,11,3
8,8,16,-4,14,3,7,-8,14,12,19,-21
10,4,-1,0,13,-19,22,9,11,10,9,-4
0,1,14,-3,13,-2,3,10,16,-15,-1,-7
-3,-19,8,-17,2,-19,11,-17,23,16,-2,-13
7,16,21,-15,23,8,18,9,13,-16,5,7
-1,-12,2,9,4,-5,12,-11,0,-4,0,2
1,0,20,17,22,16,1,0,-1,-8,6,-15
2,14,1,-16,15,2,20,18,1,10,1,9
16,-7,23,-14,13,1,23,18,15,19,-3,21
-2,-12,2,9,8,-11,11,-13,15,-1,22,20
-1,-11,9,5,-1,2,17,11,20,21,19,-4
17,-1,8,13,5,-7,3,-11,-3,24,17,-7
9,-1,6,-10,15,8,17,-11,12,11,-3,-9
7,23,6,7,15,-8,3,23,10,8,13,21
1,1,5,12,0,27,20,24,2,19,16,5
9,16,17,23,6,-7,-1,2,9,24,21,13
10,6,-3,-7,1,3,-2,16,21,26,9,27
19,-4,5,26,8,19,2,20,1,-6,13,30
2,23,8,30,18,4,9,3,2,21,0,11
14,4,0,-4,21,10,-1,25,-3,26,21,22
-1,2,22,0,9,-2,3,29,9,19,2,2
13,7,15,34,2,32,14,25,21,0,0,2
23,20,21,32,13,-1,-3,11,4,30,22,14
-2,1,17,16,-3,36,16,34,0,1,22,35
16,-34,-1,-17,11,-28,9,-19,23,-15,1,-4
-2,-1,6,-21,11,-22,6,-18,15,-11,0,-30
13,-21,3,-30,12,-6,-2,-7,-1,-9,23,-28
13,-16,3,1,-2,-8,18,2,1,-28,14,-26
14,-7,1,-15,-1,-28,22,-20,-1,-26,11,-28
17,-24,14,-16,22,2,-2,-2,0,-10,1,-28
15,-6,3,-14,19,-16,4,-30,3,-29,19,-21
7,-12,0,-13,0,-16,19,-15,16,-5,-1,-4
14,-11,0,1,15,-13,-1,-25,-2,-4,24,-12
5,6,12,-1,22,-25,1,-22,5,0,0,-14
6,8,14,-4,9,2,-2,-22,0,9,4,6
-2,3,9,3,15,-20,9,4,10,-7,4,-10
15,-23,0,-14,1,8,1,3,11,-7,4,10
2,9,18,10,11,10,14,10,11,-10,1,-23
0,-7,12,-4,8,5,5,-13,24,-1,-1,-19
15,-18,10,-20,24,-21,0,2,8,-5,3,-11
10,-14,3,11,14,7,17,7,17,8,-2,6
7,-8,5,-12,14,-17,2,-12,20,-18,4,-15
10,5,6,16,4,0,15,-16,-1,-16,-2,-17
14,15,22,9,20,-13,12,-10,10,-13,14,13
19,-16,18,1,5,5,23,11,7,19,3,-10
12,13,-2,2,22,3,12,8,3,5,-1,-15
17,-5,-2,-10,2,17,14,1,9,-1,14,3
10,-4,0,15,24,-3,1,6,6,9,1,6
17,-12,5,7,-2,12,-1,-6,24,2,17,5
-2,-6,11,-6,1,10,19,13,-2,2,-2,7
0,-7,17,4,3,12,6,15,-1,8,11,21
3,1,-2,27,4,14,13,2,13,24,12,14
13,-2,9,28,23,-3,3,26,14,13,16,12
5,-1,14,9,24,2,22,11,15,14,16,5
3,20,-2,22,8,18,13,16,1,-2,9,1
9,9,15,-5,18,3,4,22,17,3,22,13
17,12,21,24,15,23,-2,14,8,26,2,0
2,13,0,5,23,-2,13,30,17,14,15,0
12,11,13,25,0,12,7,15,12,0,14,11
-1,19,2,22,10,24,9,22,1,11,5,1
-2,13,24,33,-2,2,-2,25,14,34,2,20
3,-27,22,-5,6,-18,6,-13,1,-6,1,-8
6,-28,0,-3,7,-29,2,-3,20,-8,0,1
20,-25,8,-10,4,-9,6,-10,8,-22,8,-13
4,-6,2,-13,15,-1,4,-16,20,-7,13,-28
13,-17,22,-6,4,-28,16,2,12,-16,16,-16
5,-8,6,-26,16,-27,3,-8,21,-26,1,-11
23,-20,3,-6,5,0,24,6,19,-8,6,-15
16,-1,4,-4,4,-27,1,-22,5,1,7,4
0,-3,3,-6,25,-26,21,-23,22,5,2,-23
1,8,10,-23,24,8,17,-18,-1,-4,13,-27
8,-6,6,10,21,-2,2,3,0,-14,24,-21
1,4,10,-7,19,-13,21,9,4,8,0,-7
0,2,-1,-23,0,-2,22,-21,4,1,3,-9
7,-22,0,5,0,4,1,2,23,13,7,5
17,-5,1,-22,24,14,-1,-3,13,-2,2,-21
0,12,9,-16,3,-4,2,-6,20,-4,7,3
16,12,16,-3,9,16,11,-1,19,16,19,2
5,7,9,14,3,-17,1,-2,5,-9,4,-11
-1,13,23,7,2,16,21,3,16,18,-1,15
15,-16,14,-5,15,-8,18,12,18,16,2,7
22,-12,12,16,22,14,20,-3,4,-13,3,13
24,-12,3,6,20,15,25,12,10,0,5,15
14,17,10,-14,4,-5,9,12,4,20,1,12
13,10,4,23,5,21,13,15,18,-10,15,3
12,-9,3,17,13,-10,6,-2,3,24,18,9
0,2,8,19,21,-8,10,-11,3,14,19,7
18,1,21,14,21,22,3,-5,25,-2,17,8
2,1,5,23,16,8,25,27,0,15,1,-3
4,3,15,-4,5,21,15,22,18,11,12,14
11,6,2,7,4,23,2,15,14,9,16,2
1,1,7,22,3,19,5,12,4,21,21,14
-1,14,0,26,16,8,2,-1,8,13,25,29
14,7,23,32,9,12,17,3,7,5,1,15
2,0,1,14,-1,6,24,-1,8,16,19,17
5,34,4,31,2,3,0,7,11,27,3,22
3,21,23,34,19,30,23,32,1,35,0,23
13,9,-1,2,20,3,12,0,0,7,16,5
15,-29,2,-32,3,-34,12,-3,16,-24,6,-13
24,-32,17,-5,5,-18,6,0,1,-31,12,-24
21,-33,6,0,3,-19,9,-10,18,-20,17,-8
11,-25,8,2,13,-14,6,-30,20,-2,17,-21
20,-30,17,3,3,-14,13,-20,9,-24,22,-11
14,0,2,-28,8,-18,14,-18,15,-13,9,-1
4,4,19,4,25,-10,19,-11,15,-22,1,4
22,-9,15,-15,21,7,21,-7,14,-6,20,-1
3,-26,10,-1,1,-23,7,-26,11,-23,13,4
0,-24,8,-27,12,-11,10,-11,16,-22,14,-15
24,-9,8,4,0,4,18,-10,0,2,7,-1
18,5,1,-11,14,-1,23,-16,20,10,13,-11
0,0,2,9,3,-5,1,-22,15,8,0,-4
2,5,15,-23,1,-2,10,13,26,11,16,9
15,1,5,-19,7,7,0,-17,1,9,18,3
17,4,1,5,5,12,18,-21,12,15,16,14
15,10,19,8,7,7,26,-4,22,5,24,13
4,5,1,-15,16,14,15,2,10,7,1,-6
3,15,20,8,2,5,14,11,6,10,18,-16
17,-1,14,-8,19,-2,14,-2,25,5,4,15
0,10,25,4,0,0,25,-6,10,6,15,-1
12,18,15,14,14,-11,1,19,7,-13,7,19
12,17,9,-6,19,-8,4,-4,20,5,26,18
12,5,5,11,12,20,18,-7,25,16,6,6
7,23,20,-9,26,-11,0,9,8,14,7,24
15,1,26,18,23,-5,15,17,12,13,4,-10
2,7,8,17,9,25,19,4,11,20,14,24
9,27,23,-9,9,21,14,17,23,-6,20,23
6,4,12,-1,1,0,12,-1,15,17,11,14
14,4,6,11,11,3,2,15,14,-7,9,20
13,0,1,17,1,24,22,5,9,-1,23,19
23,3,6,18,26,13,26,5,0,-2,5,25
24,15,21,3,9,5,10,31,7,8,11,28
26,19,14,19,17,33,9,13,19,-2,6,33
25,19,21,1,0,32,2,26,8,3,7,29
15,25,10,18,0,22,5,9,4,21,3,21
4,20,22,26,4,24,2,4,3,15,0,35
