-1,-2,-17,-20,-1,-3,-1,0,-2,-7,-23,0
-10,-29,-21,-27,-4,-6,-1,-24,0,-6,-6,-18
-20,-17,-9,-28,-4,-2,0,1,-23,-28,-24,-4
-22,-27,-21,-23,-19,-13,-1,-3,-23,-2,-5,1
-3,-6,-7,-9,-20,-10,0,-7,0,-4,-9,-16
-11,-13,-1,-3,-10,-19,-2,-15,-25,-29,0,1
-8,-7,-9,-3,-1,-4,-24,-14,-26,2,0,-4
-1,-17,-1,-6,-3,-6,0,-23,0,3,-7,-9
0,-2,-2,5,-2,-26,0,-2,0,-2,-23,-19
-8,-7,-9,-2,-10,-11,0,-20,-18,-7,0,-2
-10,-10,-6,-14,-18,-17,0,-22,0,-9,0,-4
-4,-11,-2,-1,-1,0,-2,9,0,-12,0,-10
-8,-7,0,-2,-10,-21,-25,-14,-15,-21,-22,-16
-6,-12,0,-2,-19,-15,-17,12,-23,-3,0,-12
-6,2,-15,1,-19,-9,-19,12,-9,6,-7,5
-26,-6,-4,-11,-22,-19,-13,-10,-16,-13,-6,1
-11,-10,-5,1,-24,6,-26,10,-10,-18,0,1
-26,-18,-9,-8,-10,-19,-19,17,-1,-12,0,-2
0,-2,-19,-17,-24,-14,-10,-12,-25,-18,-1,12
-10,12,-11,17,-15,6,-15,-7,-21,-1,0,-16
-10,14,-3,-2,-16,-11,-14,6,-26,-10,-22,0
-12,-1,-1,12,-12,12,-25,5,0,-13,-10,-14
-10,11,-6,1,-26,19,-22,4,0,13,-8,19
-4,-4,0,2,-12,16,-10,16,-8,20,-5,-10
-16,13,-12,18,-6,-2,0,-9,-1,9,-21,14
-16,4,-10,-5,-20,17,-19,10,-12,-6,-14,20
-5,-7,-11,19,-20,16,-1,21,-7,26,-20,4
-22,23,-1,27,-19,14,-1,16,0,16,-15,23
-7,0,-26,20,-9,23,0,-8,-1,12,-2,0
-16,1,-21,-4,-4,11,-25,28,0,17,-5,2
-1,-1,-23,19,-21,16,-1,22,-20,-4,-20,29
-10,-5,0,-3,-6,-2,-1,7,-18,19,-20,29
-10,-3,-24,7,-20,20,-1,15,-1,13,-4,-2
-14,17,-4,29,-23,5,-2,10,-1,23,-8,22
-8,31,-5,32,-4,12,-1,-1,-1,22,-16,29
-12,0,-2,2,-18,11,0,26,-2,22,-8,30
-24,24,-26,21,-24,20,-1,7,-1,11,-1,2
0,-32,-13,-8,0,-5,-3,-28,-22,-32,0,-13
-6,-29,-4,-34,-24,-28,0,-21,-1,-11,-25,-9
-22,-13,-11,-22,-2,-27,-24,0,-25,-25,-20,-22
-6,-6,-19,-7,-23,-30,-25,-31,0,-29,-3,-10
-10,-13,0,-10,-21,3,1,4,0,4,1,-16
-4,-5,1,-21,-18,-2,-13,-17,1,-26,0,-2
-21,-22,-7,-1,-20,-28,-2,-20,1,-22,0,-5
-2,-5,0,-5,-3,-20,0,6,-1,-21,1,-9
0,-2,-2,1,-2,-3,1,-23,1,-28,1,-9
-3,-4,0,-8,-24,-11,0,-9,0,-11,1,-13
-5,-3,-7,-4,1,2,-1,-9,1,-25,1,2
-4,-4,-2,0,-7,1,-4,-5,0,-11,1,-12
0,-3,-12,10,-25,10,-24,-6,-1,12,0,10
-1,-5,-7,-10,-19,-16,-13,-14,-2,13,-5,-10
-3,-5,-8,-14,-14,5,-3,-6,0,-3,0,-3
0,-3,0,-7,-6,-7,0,0,0,6,0,-3
-17,10,1,-6,-22,-7,1,-18,0,-14,-1,2
0,0,1,-8,1,5,-14,13,0,3,0,9
-2,-1,0,0,-1,-6,-19,5,-2,-4,-24,17
0,3,1,0,-1,18,-3,9,0,-4,1,1
-2,-5,-5,-3,-1,-15,-14,-8,0,14,0,-5
1,7,-10,4,-1,16,-20,3,-2,-12,-1,11
-10,6,-15,6,0,-2,0,9,0,-12,0,13
-7,16,-19,-8,-14,17,-9,21,-25,2,-8,21
-25,1,-14,14,-18,-10,-1,0,0,17,-3,21
-8,-7,-24,9,-8,19,-3,13,-1,22,-25,3
-16,18,-10,-3,-4,22,0,7,-21,15,-6,-5
-17,27,-20,7,-4,27,-1,19,0,16,-11,27
-12,9,-19,-5,0,-6,-3,-6,-1,7,-23,13
-16,-1,-24,11,0,-7,-4,12,-9,0,-8,14
-16,21,-20,6,-2,27,-4,12,-2,-4,-12,17
-18,8,-22,-1,0,27,-5,24,0,3,-1,26
-23,24,-18,3,0,3,-4,25,0,31,-7,6
-12,23,-25,21,-7,3,-1,2,-1,29,-22,-3
-1,5,0,0,-1,12,-2,32,-1,5,-16,5
-13,29,-14,35,-1,19,0,21,-22,24,-13,0
-2,1,-16,33,-3,17,-2,13,0,32,-6,13
-2,0,-23,-8,-18,-22,-15,-27,-22,-19,0,-33
-20,-24,0,-8,-22,-5,-4,-10,-2,-1,-18,-25
-19,-25,-19,-34,-23,-14,-17,-19,-24,-16,-5,-3
-20,-15,-2,-21,-1,-11,0,-18,0,-23,-5,-18
-16,-3,-12,4,0,-15,-22,0,1,-29,0,-12
-3,-3,1,-14,-1,-31,-13,-5,0,-10,2,-21
-4,-4,-18,-6,-11,-2,-7,-1,1,-7,1,-6
-4,-4,-12,4,-11,-23,-1,-17,-2,-17,1,-9
-7,-17,-13,-22,2,-16,0,-14,-2,-17,-15,3
1,-2,-16,1,-17,-9,-3,-1,0,-8,1,-10
-4,-13,-6,-14,-23,10,1,-10,1,-25,1,-5
-3,-13,-20,-23,-15,-16,-3,-12,0,3,0,-4
-1,-10,1,-9,-2,10,0,3,-1,-16,-6,0
0,-6,-24,6,1,-22,1,-8,-2,-14,0,-13
-3,-5,2,1,-16,2,1,-14,1,-4,-1,14
-2,-3,0,1,0,-3,-13,10,-1,6,1,-8
-17,12,0,8,1,-17,-2,15,-2,12,1,-5
-3,-3,0,-1,-2,12,1,14,0,-14,1,-7
-17,12,-22,11,-1,-8,-1,9,1,-3,1,-4
-1,1,-7,-2,0,-8,1,-13,-1,-16,-6,2
-1,-1,1,10,-8,-5,1,-10,-3,20,-1,3
1,-2,-1,1,0,-8,0,-6,-3,17,0,14
2,11,-2,-3,2,11,0,-6,0,11,-21,6
-19,1,-9,-13,1,-9,0,12,-1,22,-15,5
-19,13,-9,14,-7,13,-4,8,0,5,2,-9
-19,22,-18,-2,-7,-8,2,-10,2,-5,-17,2
2,23,-23,14,1,18,-1,1,-14,26,-11,10
-19,11,-18,-3,-1,-6,1,-4,0,18,-16,18
1,-6,-14,9,-2,25,1,-8,0,3,-8,-5
-7,-5,-11,9,-2,19,0,29,0,2,-1,24
-1,28,-2,2,-24,26,-1,1,-1,17,-9,-3
-11,28,-6,29,-21,27,0,-4,1,-5,2,-5
-21,24,-17,14,2,23,-1,2,-1,13,-13,2
-15,18,-10,5,-3,20,-1,1,0,23,-24,22
-22,2,-5,0,-2,20,-3,23,-2,27,2,3
-23,21,-14,10,2,7,-1,-1,-1,15,-18,1
-17,12,1,34,-2,12,1,3,-2,8,-11,28
-18,-13,-14,0,3,-4,2,-34,-2,-7,-15,-21
-9,-8,1,-19,-12,-25,0,-13,-2,-4,-23,-13
1,-4,-19,1,-2,-33,-22,-32,1,-12,-13,-9
3,-16,-21,-14,-8,-20,1,-27,0,-23,1,-17
-13,-3,0,-12,1,-3,0,-11,1,-29,-5,-14
-1,-2,-21,-26,-3,-2,1,-5,-1,-31,1,-7
-8,-19,3,2,-20,-15,1,-11,0,-11,0,-3
-19,-22,1,0,-15,-14,-3,-21,-1,-9,-3,-11
-1,-3,1,-11,3,5,-7,-8,-1,-18,-20,-21
-1,-17,-16,6,0,0,-3,-20,1,-25,-6,-14
2,-2,2,3,2,3,1,-2,0,-15,-5,10
0,-12,-15,-1,-1,-5,3,-1,0,3,-21,-7
0,-4,-15,-15,1,-1,-12,-2,-2,-9,-4,5
0,-2,-15,-21,-18,-5,-21,-13,1,-5,1,-4
-3,-5,1,3,-17,10,-8,9,-2,-12,1,-5
2,-7,-1,14,-18,-14,3,8,-2,6,-4,7
-17,10,1,0,-15,-17,-4,-9,0,2,1,15
-3,-3,-6,10,-6,-6,-2,-4,-2,-13,1,-7
1,-2,-10,-11,-15,-10,1,-7,0,-5,1,7
-1,-2,-2,5,2,6,1,5,-1,18,1,1
-1,5,0,-3,-1,-5,-1,-6,0,-4,0,-2
-5,1,-2,-3,-1,9,-1,-11,1,5,-4,10
0,9,-5,-6,-1,-11,1,-10,-1,7,-4,10
-18,-1,-3,-4,-2,15,-2,-4,1,-9,-11,6
-23,2,-22,2,0,1,-2,-5,-1,3,-21,1
-1,22,-8,-6,-8,-9,0,-2,-2,22,-10,14
1,-2,-18,11,-23,26,0,23,-16,6,-10,3
-21,-2,-13,5,-1,1,0,5,-1,-5,-13,-1
-7,26,-20,13,-15,12,1,2,-2,15,-22,8
-4,-5,-8,25,1,9,-2,-4,-3,22,-12,14
-6,29,-13,10,-1,15,-1,-6,-2,11,-19,21
-13,5,-17,11,-2,14,1,2,1,-5,-2,-5
3,-1,-16,11,-2,23,0,31,-2,10,-11,6
-6,2,-23,9,-2,11,-1,20,0,6,-6,6
3,5,-7,5,-6,8,-3,29,1,12,-22,5
-12,11,-7,30,-3,35,-3,4,-1,29,-7,30
-21,29,-21,28,1,11,1,3,0,18,-15,33
-18,-5,-4,-5,-11,-29,1,-16,4,-26,-11,-27
-18,-7,-1,-20,2,-16,3,-8,2,-19,-4,-19
-17,-17,-11,-23,-2,-13,1,-19,-13,-10,-1,-2
1,-3,2,-14,-1,-13,1,-32,-2,3,2,-19
-21,-25,-13,0,3,-13,-2,-14,0,-8,2,-19
-1,-2,0,-4,-2,1,1,-2,-2,-10,1,-20
-5,-8,4,-2,1,-6,3,-4,-1,-4,2,-19
-5,-5,0,-7,1,-27,-2,-13,0,-3,-4,-17
2,-2,-15,-25,1,-7,-2,-13,1,-13,0,-2
-5,-14,3,8,-2,-10,-2,-24,-2,8,1,5
2,-2,0,-1,-7,-15,2,-24,2,-13,-21,-12
-3,-5,4,0,-12,-3,0,11,0,-2,-5,-13
1,-2,1,4,1,-16,1,4,-2,3,1,2
0,-7,1,-1,-3,10,-4,2,-2,-21,-22,6
0,-3,2,13,0,3,-1,5,0,0,1,3
-14,10,-1,-3,-4,8,-7,-18,0,-7,-6,9
-13,10,3,-4,-14,3,2,-20,-3,2,-3,-2
3,-2,1,8,4,-13,-13,3,2,-13,1,10
-2,0,-5,-2,-10,6,0,0,1,14,-5,11
1,-5,-1,-6,-7,-8,-1,-3,-1,-6,1,11
2,6,-22,1,-1,-10,-4,5,-3,14,1,4
-1,5,-5,-2,0,-2,2,5,-3,4,1,6
-6,4,-2,-3,0,14,-15,4,-2,12,-5,11
-17,2,-10,2,0,17,-1,8,-2,11,-8,19
-10,12,-2,-7,-12,-11,-2,24,-1,4,-3,-4
-1,23,-12,-1,-1,2,-2,23,-2,21,-17,18
-10,22,-12,17,-1,8,1,13,-14,9,4,-4
-14,23,-12,19,0,14,-4,11,-9,-8,-1,-7
2,-2,-10,21,1,18,-2,24,-2,14,-20,15
-1,-5,-8,24,-15,15,0,26,-2,26,0,1
-4,-3,-10,5,2,9,-2,4,2,-5,-1,2
4,31,-17,30,0,22,1,-2,-3,20,-9,27
0,-3,-6,18,-1,6,-2,23,1,-4,-12,-3
-7,22,-8,12,2,10,0,16,-3,9,-11,16
-13,20,3,3,-6,17,-4,10,-2,12,-10,32
-10,25,1,31,2,5,-2,5,-2,10,-13,16
-7,1,-14,13,-3,20,-2,26,1,29,-8,6
-6,-4,-13,-3,0,-5,-10,-33,1,-30,-14,-34
-13,-16,4,-14,0,-24,-1,-34,-1,-18,-5,-8
-4,-5,-10,-21,-6,-22,1,-9,4,-6,-5,1
-17,-19,3,-7,0,-26,-2,3,-1,-23,-3,-13
-17,-15,1,-8,-2,-17,-2,2,-1,-19,2,-15
-18,-16,4,-11,-10,1,0,-9,1,-26,4,-21
-18,-16,3,-7,-1,-11,-1,-16,-1,-22,-3,-13
-20,-28,2,-3,-3,1,-1,-27,-1,-23,2,-11
3,0,2,-10,2,-23,3,7,1,-25,1,-10
0,-3,-13,-8,2,-23,1,-5,-2,-18,-3,-12
-3,-5,0,-3,0,-18,-21,5,3,-14,-5,-11
0,-15,-4,-6,-2,10,1,-16,1,-24,-4,-1
3,-13,-19,-7,1,-24,-2,3,1,-6,2,-9
-1,-9,-20,-1,0,-21,1,8,-2,10,2,-13
-2,-5,-20,-7,0,3,-13,-10,2,4,-3,-8
0,-6,1,7,-2,2,4,-8,-2,-10,1,-10
3,-6,3,14,-2,10,-2,10,-1,-11,-4,7
4,-3,-2,14,-17,-12,2,-11,-3,-3,1,-2
0,1,1,11,0,15,0,-14,1,15,-5,-11
4,-2,-12,13,-6,1,-3,-7,-2,10,0,6
3,-3,-20,19,1,-14,3,7,-2,5,0,1
3,6,-12,13,-7,-1,2,3,2,10,-5,-6
4,9,-14,13,-2,-1,2,-12,-3,20,-4,9
-16,-3,-9,14,-9,1,-3,-10,0,-9,-10,18
-19,-7,-12,3,-3,7,-2,12,-3,2,-18,11
-14,22,-15,23,-2,0,1,-5,-3,25,-13,0
4,-4,-19,24,-1,23,-2,12,-16,20,2,-2
-18,18,-6,16,0,-4,1,21,5,-2,2,-5
-7,-1,-20,1,-14,20,1,21,-3,7,-6,-2
-9,26,-5,-4,-1,24,-2,19,-1,-2,-9,5
-18,-1,-17,24,-1,22,1,14,-2,18,-11,9
-6,31,-9,1,-1,13,1,0,-2,3,-8,4
-7,24,-18,8,-1,18,-2,12,-2,2,-4,0
-8,6,-4,-2,-1,2,1,18,-2,13,-9,0
3,31,-11,10,-6,13,-3,0,2,22,-10,32
-4,7,2,2,-14,10,0,29,-3,8,-7,27
2,2,-11,24,-1,25,-2,9,-2,17,-9,15
-9,-12,-19,-17,-11,-17,-17,-4,-18,-16,-10,-10
-7,-24,4,-14,-9,-30,3,-30,1,-27,-8,-28
-14,-1,-16,-34,-10,-1,-1,-20,-3,-8,-2,-31
-20,-31,-17,-25,-12,-23,-1,-20,-2,-27,-4,-27
-9,-16,-5,4,-1,-10,-1,-27,3,-11,1,-22
2,-1,-10,2,2,-24,1,-23,1,-1,-12,-29
-1,-2,4,-30,0,-28,1,-24,-1,-30,2,-1
5,-19,2,-3,-20,6,2,-22,3,-23,2,-2
-1,-2,-1,-7,-16,-9,-1,-7,-2,-27,-16,-16
6,2,4,9,-12,-20,-13,-26,-3,-10,-6,-13
-1,-3,3,-2,-2,9,-1,-24,1,-26,0,-16
1,-2,-4,2,-12,-19,1,-25,2,3,-3,-5
0,-2,2,-3,-2,10,4,9,-3,3,2,1
2,-1,1,2,-18,1,-3,-6,-3,-13,-1,0
1,-4,-15,-8,1,2,1,-17,-2,-14,2,-1
4,-6,-17,-5,-1,-17,-2,-2,1,3,3,-9
3,-4,1,0,2,-15,2,-17,2,5,2,-6
2,1,-12,-11,0,16,-9,9,-1,-15,2,1
4,5,-2,10,0,-2,-4,-2,-1,-8,2,1
-1,1,-4,-4,2,-9,-2,-6,2,0,2,-4
-5,1,-11,-6,-1,-7,2,-15,-1,-15,1,-1
-1,0,1,12,4,-7,4,3,-2,14,2,-3
-2,0,-1,2,1,8,-19,9,-2,14,-5,16
-9,4,-3,-9,1,3,2,-2,-2,12,-18,11
1,-7,-4,-8,3,5,-2,-3,1,22,-8,5
-11,25,-18,1,-3,6,1,-9,0,-4,-10,-4
-19,16,2,-9,-3,5,-1,-3,-2,20,-16,9
-10,12,-17,-3,-2,24,-3,7,-4,23,-14,21
-19,19,-9,1,0,0,-4,0,-3,27,-18,-4
6,-1,1,-4,-1,0,-2,-1,1,21,-15,7
-13,14,-5,4,-2,16,-1,0,3,-1,-20,0
-8,29,-17,2,-2,11,-1,-2,-4,26,-19,21
5,32,-16,19,0,3,1,29,1,21,-19,24
-11,22,-2,-3,-2,5,1,-2,-5,26,-3,30
-14,12,-8,11,6,27,1,30,-5,14,-17,31
1,7,-19,12,2,0,0,8,-3,8,-3,17
3,4,-11,7,5,14,1,35,2,27,-15,19
-13,-14,-3,-31,1,-6,-8,-19,-14,-16,-9,-36
-3,-14,3,-16,-18,-27,-9,-34,-8,-13,-4,0
-15,-24,-2,2,-8,-30,2,-22,1,-19,3,1
-15,-29,4,-10,7,-7,3,-18,2,-15,2,-21
-18,-27,-11,-7,6,-10,-8,-26,2,-30,0,-10
-18,-16,-1,-7,6,-11,1,4,-1,-7,1,-4
-18,-30,1,-1,4,-16,1,-26,3,-11,3,-14
-17,-14,-2,-6,-1,-11,0,-29,1,-1,1,-5
-10,1,1,-6,-1,-16,-1,-23,1,-3,0,-9
5,0,-10,-24,-1,-22,-2,3,3,-11,1,-7
7,2,-9,6,-2,6,2,2,2,-4,2,3
-3,-12,1,-5,1,1,-2,3,-1,-2,-2,-10
0,-2,-8,8,1,-10,3,4,2,-3,-3,9
0,-11,-6,-6,1,-3,-2,-8,-2,-16,1,-4
2,-11,4,13,1,-10,-1,8,-1,-9,-6,5
0,-5,3,-3,6,0,-2,-11,-2,-20,1,-5
5,-1,4,-3,-2,7,0,-10,2,0,-15,-10
0,-5,-16,1,-1,-8,0,-15,2,-6,-3,13
6,4,2,1,-4,-4,-2,-9,-4,12,2,10
1,-5,3,0,-4,10,1,5,-2,19,0,-1
0,-3,1,5,-1,15,-2,-9,2,-7,0,-5
7,9,4,6,2,-6,2,8,-2,17,1,-14
-1,-2,5,-1,2,21,1,19,2,-11,-8,-10
-2,17,-8,2,5,13,2,4,-5,-7,1,21
-1,24,-9,23,-1,-2,1,9,-1,9,1,-3
-16,9,-18,16,-1,-7,-1,15,-4,25,4,-6
-4,-10,-14,20,0,15,2,6,0,22,-16,-2
-15,-9,-3,0,-2,-4,-2,-4,3,4,-11,20
-1,27,-17,22,-2,-4,2,3,-4,-1,5,-1
6,-4,-6,11,-2,11,0,-6,-4,16,-10,15
-2,28,-6,25,2,24,1,24,-8,17,0,20
-10,10,-1,27,-2,-3,-1,17,-3,22,-14,27
-6,8,-1,6,-1,16,0,25,-2,27,-5,19
-16,22,-5,14,1,12,-2,-1,-4,11,-15,29
6,6,0,2,-2,5,0,18,2,-1,-19,1
-13,7,7,2,2,2,0,34,1,30,0,2
-16,4,-16,26,-12,4,-1,14,-9,5,-2,22
-11,-9,5,-35,-16,-4,0,-3,4,-34,-15,-14
-10,-17,-16,-34,5,-26,1,-12,-3,-22,-8,-29
-6,-9,-9,-10,1,-2,3,0,-1,-4,-12,-11
8,-3,-10,-32,-11,-32,-2,-15,-1,-19,-12,-11
-18,-24,1,-7,5,-3,8,-2,-1,-26,3,-6
-18,-13,7,-6,-7,-25,2,-19,2,-12,0,-9
-4,-14,-14,-11,-5,-12,-18,-13,-7,-17,-12,-18
-2,-3,2,2,-7,-1,-4,-3,-8,2,-9,-17
0,-2,0,-5,3,-7,-1,4,-1,-25,3,-4
1,-2,3,9,-2,3,1,-10,-2,-9,3,-6
7,-15,1,-2,4,-7,-18,-25,3,-7,0,-5
-1,-13,2,11,5,9,2,-12,-1,-7,-10,-11
-3,-10,-15,-10,3,-24,-2,6,2,-6,2,6
0,-8,2,-9,2,-10,0,-19,3,-11,1,-6
-1,-4,1,13,2,-11,0,-14,-2,7,-1,-3
2,-6,-15,9,3,-4,-1,-2,0,-4,-1,-4
3,-6,6,-8,-12,0,-3,2,-2,5,-11,-19
-2,-5,-9,8,6,-15,2,9,2,11,-11,-13
0,-5,1,4,1,9,-2,-4,-6,-14,1,-4
-1,-3,4,-4,1,17,2,-17,2,-14,3,3
-3,-1,-3,4,1,1,-1,-5,2,-15,1,-4
6,10,1,-3,1,-13,-1,3,-2,2,0,20
1,-4,5,5,3,1,-1,-6,-2,-1,-8,3
-16,6,4,-8,-15,5,-2,-3,2,-1,-2,11
-5,-9,-6,7,2,-3,-2,21,-2,4,-6,13
-10,13,-15,25,-2,4,-3,19,-9,-1,-3,-11
-9,16,-6,4,-12,20,2,13,0,-6,-9,-6
-5,1,-1,-7,1,1,-5,27,-7,-7,-16,2
-18,-2,-4,10,2,19,0,8,1,-1,-9,21
-2,0,2,-4,2,-3,2,12,-7,7,6,-5
-10,14,-11,4,1,-3,-2,7,-10,25,-15,-3
-5,3,-6,5,-3,12,0,29,-2,4,5,25
-5,9,-13,19,1,4,0,25,0,-1,-8,10
-4,17,6,-2,0,0,-4,33,-2,7,0,3
-18,8,-13,27,2,22,-1,12,0,-2,-12,26
5,7,3,5,-13,23,-1,5,-10,25,-4,8
-3,21,0,25,-1,24,-12,32,6,31,-4,27
5,-29,2,-36,-13,-23,2,-24,-2,-31,-11,-20
-2,-26,-9,-20,-7,-32,-4,-31,-1,-31,2,-35
9,-23,-5,-31,-2,-28,0,-21,-17,-3,1,-5
7,-24,2,-5,1,-18,2,-14,0,-9,4,-14
-3,-6,-2,-20,-6,-21,1,-19,4,3,-9,-4
-15,-13,3,4,-3,-25,2,-3,2,3,4,-17
-10,6,-3,-14,-2,-14,-4,1,-12,-1,-15,3
-10,-6,-8,-11,-9,-11,-5,3,-1,7,-11,-16
-15,-14,0,0,4,1,2,-10,3,-28,4,-17
0,-17,9,7,-1,-9,1,9,0,-14,4,-26
8,3,-11,6,-1,3,1,-8,2,3,-2,-4
8,3,2,-7,1,-4,-16,-22,4,-20,1,3
3,-14,6,-24,0,5,-2,9,6,9,3,5
0,-4,-2,-6,2,1,1,8,3,-3,-2,-9
5,-10,-11,0,-12,-3,-15,2,0,-14,-1,-5
3,-1,0,-1,7,1,-11,8,-2,14,1,6
7,0,-9,1,-10,-17,9,13,-1,-5,-12,-14
-2,-3,7,-8,6,-18,-2,-18,-10,-13,3,9
-1,1,4,10,0,-17,-1,-9,-2,0,-11,8
7,-7,6,-6,1,-3,8,7,-6,-11,7,6
1,-5,6,-1,1,20,-3,19,2,12,6,7
6,10,5,-1,0,-1,1,2,-9,-12,3,11
6,13,3,-4,-2,6,-2,9,2,6,-1,2
-12,13,-4,0,-8,-6,-2,6,-4,15,6,22
-1,10,-6,-2,2,17,2,-4,-2,7,-9,24
-9,14,-12,-7,2,8,-5,-8,4,-4,-16,16
6,25,6,-4,-14,-9,-8,20,2,16,-6,10
-3,-3,-16,21,1,15,-9,22,-11,22,-11,10
-14,14,1,10,-2,17,1,-8,6,-4,6,-1
-2,26,-8,28,-5,-4,1,21,-8,25,-1,5
2,30,-16,-2,6,0,-1,25,1,26,-12,18
1,-5,1,-2,-11,22,-9,25,-5,17,-3,2
-12,31,6,-2,-8,11,-14,24,-4,23,-5,26
-3,33,3,25,-15,30,-8,23,9,28,0,-3
-7,7,-6,5,-15,9,-1,15,-7,15,0,33
-4,30,-5,16,-12,-1,-17,2,-5,4,6,32
-9,15,8,4,-7,36,-12,4,-4,20,-14,29
-10,-8,-9,-22,-6,-9,-16,-26,-15,-17,-1,-3
-12,-6,10,1,3,-17,2,-12,-7,-14,-11,-33
7,-25,4,-16,1,-8,-8,-5,3,-11,7,-21
-11,-26,3,-25,-6,-22,-12,-1,-11,-2,-15,-30
0,-1,-1,-16,-12,-23,-8,-19,10,-2,-1,-28
-4,-3,-16,-24,-5,2,1,-9,-3,-14,-8,4
-9,-20,-3,-4,-15,-5,-12,4,-4,-3,-16,-2
-15,-9,7,-22,-13,-18,-15,-7,-2,-19,-5,-14
1,4,-8,4,-10,-19,-2,-16,-3,-14,-4,-17
10,-7,-14,9,-13,-8,-1,-7,3,-12,7,-11
-1,-14,2,-7,2,2,-8,-6,3,-12,2,0
6,1,3,-11,-15,-15,3,8,-3,-25,4,-2
5,1,-8,-10,4,10,8,-3,4,-8,0,2
10,0,1,-6,-2,11,6,4,2,4,0,-23
3,-1,5,7,10,-13,1,14,-1,-12,-12,14
1,-4,3,-4,4,2,-8,-18,-1,6,0,-7
8,-8,-13,-5,8,4,3,11,3,-7,6,10
1,-3,-9,12,7,9,-9,11,3,-1,6,9
0,-3,1,15,-3,16,-10,-11,-1,-7,6,-3
0,3,-13,-15,-9,10,3,8,-6,16,0,-4
1,7,7,-4,-9,15,2,19,2,15,-7,5
9,12,-11,16,3,-10,1,10,2,11,-13,20
7,14,-1,-1,-11,9,1,13,-4,-5,-7,-12
-2,-2,3,-8,2,10,-6,17,-9,15,-15,8
-14,14,-3,20,1,11,-1,5,2,10,7,-12
8,24,-5,8,-5,24,-11,-5,-11,-2,0,12
9,23,3,-7,-4,-1,-3,9,-3,22,-12,-7
-3,-7,-7,10,-7,13,-3,-9,-4,25,-2,22
10,26,-4,-8,8,25,10,6,-9,16,-10,21
-4,24,-3,20,-1,19,-7,20,-5,13,-1,11
-14,24,1,3,-13,4,-15,6,-12,27,4,0
-13,26,-16,4,10,17,-9,24,-14,8,-11,20
9,31,2,16,-10,11,-13,15,-8,14,-12,2
-9,6,4,-1,-13,30,-1,24,-13,0,5,15
-3,28,-14,24,-14,5,-2,19,-2,2,-14,17
-10,6,-1,30,-6,6,-14,13,10,34,-5,24
-10,25,-11,13,-3,4,-2,22,-10,5,-7,13
-15,-13,-1,-3,-10,-32,-4,-1,-10,-31,-10,-16
4,-26,-1,-15,-3,-24,11,-4,-6,0,11,-5
6,-3,-9,2,-1,-32,-7,-27,-6,-21,-11,-16
-6,-28,-7,1,-15,-8,-13,-13,4,2,4,-1
-11,1,7,-28,-2,4,-3,-17,-12,-5,-12,2
3,-29,-9,-24,-13,4,-11,-16,-4,-21,1,-6
-5,-27,10,-24,-14,-26,-3,-5,9,4,2,1
10,3,2,1,-10,3,-1,-12,-8,-14,-7,1
-12,-16,-2,-7,-5,6,-13,-15,-14,-8,-2,-11
-12,-10,-8,-16,-14,-12,-5,-7,-7,-20,6,-11
5,1,4,-7,8,-10,2,-14,-8,1,5,-12
6,2,-8,-1,-6,-12,2,1,-9,-3,-7,-25
8,5,6,6,9,4,-6,-11,3,-5,-13,-19
3,-1,11,-5,4,-7,8,-7,-11,9,-13,8
8,-12,3,-7,-7,7,3,-21,-9,5,-11,2
3,-2,-7,-14,2,-2,-8,-10,3,-3,4,9
8,-1,3,13,-7,8,2,3,-13,-20,-6,16
7,5,3,16,3,-6,3,-12,3,-12,7,5
11,9,6,-5,8,17,2,-14,-15,17,-13,-3
11,4,-9,4,-12,-17,6,14,-1,18,0,-2
1,-5,1,4,11,-2,-14,-1,3,-4,-13,-15
-14,-13,1,-1,-6,-15,1,6,2,4,0,-6
3,14,-14,11,-15,-9,-15,0,-6,-3,-8,7
-11,7,-1,-11,-15,-4,-1,16,-11,11,5,-5
8,-9,11,14,-9,-10,-10,-10,-3,0,-14,8
0,-5,-3,19,-8,24,1,24,-12,-4,-12,16
3,24,3,-4,4,2,2,-9,-2,-3,6,-4
-4,-9,8,-1,2,7,0,7,-4,26,-3,4
-8,14,-12,20,9,24,-7,25,1,20,-8,21
-2,17,6,28,-12,2,-5,17,1,19,-1,-6
-5,12,7,3,11,30,-8,-2,-15,24,-11,24
9,-1,9,25,-4,12,9,27,-3,23,-1,24
-15,1,-11,3,11,30,-8,-4,1,20,9,2
-15,8,-1,26,-1,20,3,21,-3,-3,-5,32
6,34,-6,3,-12,15,-15,25,-2,14,4,2
11,7,2,21,7,3,-5,10,1,22,-11,14
-7,12,-14,10,-12,23,2,21,-14,11,-3,6
3,-27,-4,-29,-3,-35,12,-23,-4,-26,6,-11
10,-3,-10,-25,1,-7,-10,1,-1,-20,-7,-27
-2,-34,10,-25,-8,0,-1,-7,-5,-12,-12,-31
-9,-30,-1,-8,-11,-6,2,-21,-2,-7,-13,-23
7,-28,4,-25,2,-26,-2,-2,1,-8,1,-7
-11,-8,-2,-13,-12,-25,-9,-4,0,-1,1,1
-9,6,0,-25,-11,4,-14,3,-2,-29,-1,-19
-13,1,-12,-5,-12,-16,0,5,-13,-24,-14,-18
0,-9,5,4,-14,-11,-8,3,-10,-15,-3,-1
-8,-6,-8,-15,-5,-10,-1,6,-7,7,11,-21
-12,1,-9,7,-4,-16,-2,-10,-1,0,4,-21
-9,-14,6,1,-12,-11,2,-10,1,-8,-14,-8
4,-15,1,-1,-14,-3,-8,-10,-12,11,5,-15
6,-23,3,-20,-1,-6,0,-8,-10,-8,-11,7
9,14,10,10,-11,-16,0,-6,-2,-16,-2,-14
-1,0,1,-6,-1,-5,0,-7,1,11,6,-10
3,8,0,7,-1,-15,-12,7,0,-8,-7,-11
-12,-16,-4,3,-5,8,-13,8,12,17,-7,-8
-12,-9,-1,18,-10,16,12,-2,-13,-9,-13,-6
0,-9,7,-8,-4,7,-11,-9,-9,-13,-8,-14
2,19,-12,2,-14,8,-2,-4,0,4,-5,3
-4,15,2,-3,-6,17,-9,-5,-11,-6,-13,-13
-11,-8,0,9,-3,10,0,9,-7,18,-3,22
0,-10,-14,-2,-6,22,1,12,-9,15,1,-5
2,24,-4,6,12,-2,-12,-1,-2,3,1,19
-8,23,11,-2,0,21,8,21,0,4,-1,24
9,23,8,-7,4,-8,3,-7,5,-7,7,23
7,-8,-12,14,4,-9,1,6,-4,0,-5,25
-7,26,-11,-5,-12,2,5,7,-9,24,3,2
-11,19,-14,7,-1,2,-3,26,2,-2,11,19
6,-3,3,1,-8,23,-1,-3,1,28,-13,-1
8,-5,11,25,-10,22,-3,-3,-8,11,-13,3
4,3,-3,23,-13,14,12,19,0,27,-10,29
6,3,7,2,-2,1,-13,30,-9,-2,3,0
5,-2,11,9,-1,10,-9,14,-1,23,1,22
-3,0,-10,7,-8,35,-6,33,-4,6,-13,3
-5,4,2,28,-13,12,-8,34,-6,36,12,33
11,0,4,-31,-9,-32,-13,-29,-6,-23,-10,-15
5,-27,-1,-28,-4,-10,0,-20,-13,-25,12,-30
-1,-11,-13,-7,-8,-8,-1,-28,-11,-13,-8,0
10,-33,-8,1,13,2,-10,-10,-10,-21,-11,1
-12,-9,-3,-28,2,-24,3,-13,-3,0,-11,-10
7,-29,6,-30,-7,4,-7,-21,-8,4,0,-25
-7,-15,-6,-17,-10,-28,-5,-26,2,-2,-11,-3
-1,-14,-9,4,0,-9,-9,-7,-7,-21,8,-22
-12,3,-4,-26,-13,0,-3,-18,-2,3,0,-12
1,6,2,-21,-8,-6,-2,-3,-12,-4,-8,-11
2,-19,-12,-3,-8,3,-12,-13,-9,-14,2,2
-13,-13,1,-6,-2,-25,-11,5,0,-16,-1,-25
13,7,-3,-9,1,-3,13,-2,-13,-17,-13,-12
-5,11,8,9,-5,-4,0,-13,-12,-1,13,-19
-12,7,6,-2,-4,-1,-9,6,-6,-4,-4,11
-7,-9,-12,-9,-9,4,-6,-13,-12,10,-8,-20
11,14,-5,-2,-5,-4,-7,-4,-11,6,-3,16
3,-10,1,9,0,-8,-11,3,-13,5,8,17
1,3,-13,-13,11,9,2,-4,3,-17,-11,-8
-11,16,4,15,2,16,2,12,13,-14,0,-7
-12,17,-6,13,-13,-10,1,-10,1,-9,-11,10
6,20,8,16,1,2,1,4,-4,3,-4,-5
1,9,12,-6,1,6,-7,5,-1,-1,12,-6
-9,14,-9,0,-12,14,-3,-1,-11,10,0,8
0,10,5,5,-3,0,-6,1,-3,2,-3,16
-13,19,-3,10,-3,17,-4,14,10,20,7,-11
-7,0,-12,-2,2,14,0,8,3,24,-3,24
0,20,5,5,0,20,0,26,-12,9,10,0
-6,20,12,23,3,-1,-7,0,-2,3,-13,2
11,-5,-11,25,-4,16,0,22,-10,-2,10,-6
7,1,0,-2,-3,10,13,14,-10,5,-8,4
-6,6,-6,15,-8,29,4,15,-4,22,-8,17
-3,15,-2,25,-10,21,-13,9,1,13,-2,-3
1,26,5,1,0,10,-13,2,-7,6,-6,7
-13,23,-2,18,-2,14,-3,2,2,19,11,28
-6,17,-4,8,12,34,-1,7,0,28,4,29
-3,22,1,24,3,36,-6,16,-6,7,9,7
-3,-25,-6,-19,-11,-27,-11,-15,2,-15,-6,-3
-9,-5,-10,-10,-6,-25,-12,-26,-8,-8,8,-14
9,-34,-9,-11,7,-28,-3,-33,-7,-13,-1,-29
1,-1,14,-27,-4,1,-2,-30,-3,-18,2,0
-11,-16,0,-12,-2,-19,-2,-5,-3,-26,5,-25
-2,-4,-3,-27,4,-26,-8,-30,-1,-16,3,-24
4,-22,-8,-4,-11,-2,-4,6,-8,-10,3,-29
-6,-24,-10,-22,1,3,-8,-27,-7,-17,0,-5
2,-10,13,5,0,2,4,-2,-10,-12,-2,1
4,-25,-9,-14,-3,-1,-8,-7,5,-11,5,-22
-6,-26,9,0,5,2,3,10,-11,3,-9,-14
-3,8,10,8,-11,-23,-2,7,-7,-10,-8,-18
-10,11,3,-21,0,-11,2,-24,-1,12,-3,11
6,8,-10,-13,-9,6,-4,-7,-6,-23,-1,6
-2,-2,7,-13,-6,-6,-3,-17,-9,-12,-1,4
-6,-5,-4,-15,-5,12,-3,-17,2,7,12,-20
-12,2,-6,8,0,-4,-7,6,2,4,-2,4
-7,8,13,-6,0,9,-9,2,-12,2,-7,17
-1,16,-7,-7,-8,-15,12,13,-1,-18,-3,-3
5,16,9,-15,-2,-11,-6,1,-8,-12,0,-3
10,-12,1,13,-6,-13,-7,-2,-1,10,-7,12
13,-15,14,-6,-3,-13,-6,21,-9,21,-8,8
12,-14,0,11,-12,8,-7,-13,-11,-4,-10,-8
-5,1,-4,10,1,11,2,-3,3,-5,-11,-7
-2,-7,5,-12,8,-12,-4,-1,14,8,3,0
2,24,-8,5,5,9,3,0,-4,0,-9,0
-4,-8,-7,-8,6,-1,3,3,7,21,-3,-9
-12,19,5,1,-3,-6,3,-2,-3,11,2,6
-5,-3,0,23,14,5,-9,12,-2,-2,2,3
-11,25,2,29,-5,14,-6,17,5,27,-9,-2
-3,-4,11,24,-6,27,1,10,-8,22,-12,26
-6,6,7,5,-11,19,-5,5,-2,-2,7,5
-6,0,10,-4,-9,24,0,-2,-7,-1,-8,-4
-1,0,8,4,-3,21,-9,26,-2,10,-2,16
-4,2,2,-1,-12,28,-9,11,2,24,-12,11
-2,12,10,5,-6,11,-11,15,-2,23,-6,0
10,5,-5,32,-8,15,1,26,-6,11,-2,4
-4,-32,-1,-31,-3,-35,10,-26,-6,-2,2,-32
4,-13,9,-34,-1,-14,12,-11,-10,-11,-5,-20
-1,-27,2,-20,14,-23,-7,-21,3,-31,-6,-7
-8,-31,2,-23,-7,-11,-1,-26,2,-21,-6,2
11,-1,13,-27,-3,-19,2,-12,-10,2,-11,-31
9,3,-1,-28,-9,-31,5,-6,-5,-13,-7,-18
8,-23,12,-26,-8,-18,-7,-5,0,-21,3,-25
4,0,2,-21,2,-10,4,-3,2,-5,-4,3
4,-25,5,7,0,-2,-9,-16,-7,-17,15,-21
1,2,-3,8,-8,9,-10,-1,3,0,13,-27
0,-12,-8,-8,-1,4,2,-4,-6,-18,-3,-17
-3,-12,-1,-23,0,4,-8,-20,15,-4,-2,-1
11,-16,-10,12,0,-4,-9,-3,-1,11,-2,-8
1,-2,3,-16,-11,-4,14,-14,-10,-11,-5,-12
8,-21,2,11,14,12,-10,-17,-8,8,6,-14
2,4,-5,-17,1,-16,-5,-1,8,-19,1,6
-8,-1,-6,-11,-9,8,-2,3,4,11,5,-2
3,5,0,6,3,-4,3,-17,-7,7,-1,13
2,-11,-5,17,4,18,-7,-7,-3,-4,-10,5
4,17,-1,-4,3,-9,-4,-10,-1,1,-4,-12
12,-10,-10,-9,3,-13,-2,-16,-3,18,-8,10
-11,11,-7,10,12,4,-5,-14,3,21,4,21
-9,11,3,8,3,14,5,-9,2,16,11,-14
3,-4,-11,-7,-5,6,-8,23,-2,4,2,13
-6,22,-9,10,3,10,5,-5,13,18,-10,12
0,12,-10,21,-3,25,-10,-7,0,1,-7,6
-11,21,-9,-8,-2,24,4,-8,-5,2,4,1
-9,27,11,14,-9,27,5,2,-3,14,-11,14
-4,8,-2,5,14,1,11,6,-2,25,0,4
0,15,4,4,5,2,5,-7,11,29,-4,20
0,1,-3,-3,-4,19,-3,-6,1,2,4,13
1,2,-11,-1,-2,24,-3,1,6,10,0,25
-1,30,11,30,8,17,3,24,3,18,-1,26
-3,4,-11,12,8,28,0,33,-1,-3,3,-3
-4,5,-11,8,15,5,-1,23,4,18,-2,26
12,4,14,0,3,24,-2,19,-4,4,3,7
13,3,1,4,1,31,-5,17,-7,29,11,6
-1,-27,6,-20,-10,-7,13,0,0,-13,-7,-23
2,-29,-8,-4,7,-29,-5,-10,-5,-13,16,-27
1,-9,-2,2,-4,-16,-8,-3,2,-24,5,-24
11,-11,6,-23,14,3,10,-16,-6,-30,9,-31
-3,-11,10,1,-10,-30,-1,-1,16,-17,6,-24
-5,-26,12,-1,2,1,-7,-31,-7,-9,16,-19
-9,-11,6,-15,4,-30,-5,-19,-3,-19,5,-7
-9,-15,-1,-4,-7,-13,2,-1,-10,-28,2,-8
3,-24,16,2,7,6,-8,-19,-9,-3,9,-7
-8,-15,7,7,-5,3,-6,-1,16,-15,0,-4
-6,4,0,-1,-1,6,1,1,0,-15,-1,6
-7,-18,-10,9,0,-8,2,8,-4,3,-2,-24
-4,-1,6,12,12,12,2,3,7,5,-2,-19
9,-19,6,3,0,0,3,2,0,5,-5,0
12,-19,15,-15,-3,-17,5,10,15,12,-5,-19
1,-6,9,-15,16,-3,-6,-9,16,-12,3,-13
9,4,3,-19,-8,7,-6,-13,1,5,-7,-19
10,-15,3,1,3,4,1,2,5,-19,3,-7
-1,-17,16,-18,3,17,-7,-7,4,-4,-2,7
14,-16,2,-16,16,-17,-5,14,2,2,12,17
1,-3,8,-11,-10,2,4,-9,7,5,-10,18
-2,18,0,16,15,12,4,10,-1,16,3,3
2,-12,-4,6,-7,17,3,7,-4,0,1,-4
-9,8,-6,19,-7,-6,-4,2,-4,-3,-3,11
16,23,-2,-7,-10,1,2,14,-2,3,0,0
2,11,-1,11,3,-1,-5,6,-3,-2,-2,1
-1,2,6,-9,2,-4,4,-2,4,6,-6,10
1,12,11,-5,-9,20,3,0,-9,23,3,-8
12,-2,-5,19,-9,3,-1,10,3,23,3,-8
3,27,-2,4,16,-2,0,24,-6,12,0,26
2,4,-6,14,3,15,-10,14,-1,-2,-2,26
0,9,3,-3,1,4,6,18,4,8,-5,2
-8,6,11,29,2,-3,-1,2,1,23,-10,23
3,24,6,20,4,10,-10,20,0,-2,16,21
0,-1,-7,29,-6,18,4,3,8,9,11,33
-8,19,-10,7,3,14,2,10,1,27,11,3
2,14,4,14,7,0,5,35,-4,17,15,1
0,-4,3,-10,14,0,9,-21,-7,-4,14,-2
-9,-32,-3,-27,0,-4,6,-17,2,-27,1,-19
-3,-3,3,-12,3,-27,-1,-24,-2,-31,0,-11
12,-20,11,-25,1,-33,-9,2,7,-27,9,1
13,3,16,-22,3,-7,14,0,-1,1,17,3
13,3,-8,-31,3,4,-3,-1,13,0,12,-4
-6,-1,-2,-9,-3,-26,8,-6,-2,-1,-1,-7
-3,-16,15,-14,0,-18,1,-12,17,-18,-7,3
-9,-24,9,2,-4,8,2,6,1,-6,4,2
12,6,3,-19,-5,-4,1,-6,-7,-5,3,-18
8,-19,8,9,-6,-4,2,-17,2,8,-9,-11
3,-7,8,-11,16,-20,-4,8,-8,-24,2,-8
0,-4,-2,-7,13,-9,3,-20,0,10,-7,-8
-2,-4,17,-15,6,-23,3,-22,-4,2,15,-18
-3,4,2,-4,0,-17,2,-4,1,8,-3,-4
17,-2,6,-20,7,1,3,-8,1,4,4,-2
11,1,7,9,-7,14,-3,-15,16,11,5,0
-9,-10,-7,-6,0,-1,-5,10,3,12,5,-9
-1,-7,8,-6,-1,-13,9,9,1,1,-3,3
-7,4,7,15,6,5,2,-13,10,-12,2,16
2,-6,-4,12,5,8,-4,-1,-9,-13,-1,6
0,4,17,1,-7,7,0,-3,9,20,12,10
3,21,2,17,9,13,6,-4,1,-12,13,-9
-9,22,2,-10,15,12,6,-7,-8,4,0,-4
-9,21,16,20,-1,-10,14,7,-9,22,1,-10
4,24,-5,-5,5,-4,0,22,14,-4,7,-6
1,21,0,10,14,21,2,-9,3,-8,3,8
-1,0,-1,21,15,1,-2,18,17,25,-2,13
-1,-5,-2,-4,12,26,0,11,-8,0,5,5
-2,-1,-7,13,-2,-1,-3,-7,0,18,8,21
0,1,17,25,4,25,4,24,-5,0,3,29
-1,9,-5,4,-9,22,-3,4,-4,18,11,26
3,4,-9,26,-3,27,0,20,0,15,-6,28
-9,24,3,29,2,10,4,4,-6,10,-7,-1
3,17,6,19,3,25,6,6,0,3,3,26
7,11,-5,20,3,18,-2,8,6,5,-7,11
15,5,0,29,3,15,-6,7,2,29,-4,31
-7,-30,2,-6,-4,-5,4,-29,-7,-23,-4,-1
-2,-3,3,-19,14,-29,5,-1,8,-27,11,-34
-1,-3,3,-32,16,-31,2,-6,10,-32,1,-4
10,-15,-4,-30,0,-33,5,-32,-2,1,-4,-8
12,3,6,2,7,-22,-1,-8,9,-20,-8,-25
-3,-7,12,-15,15,-16,2,-25,-2,-1,0,-11
-8,-6,-3,-13,1,0,-1,-7,10,-10,4,-8
0,-1,3,-24,0,1,7,-17,1,-26,16,7
-7,-15,12,-11,16,-28,0,0,9,-24,14,-18
17,-20,8,-2,10,-20,0,-2,10,-17,-1,-2
0,-5,16,5,17,-9,-5,-11,18,-10,6,-14
5,-11,-1,0,2,-21,0,1,0,-20,17,11
10,-19,4,-22,7,-21,1,-21,6,-22,0,-7
16,8,-6,-20,5,-15,-4,-13,3,-5,0,1
-7,-11,2,-22,-4,-10,-3,-9,6,10,6,2
-5,13,-6,-15,-4,-11,-5,6,3,-5,3,2
6,-7,-1,-14,6,-1,8,8,-4,-2,13,2
12,-18,15,-14,6,-15,-6,-1,-2,-12,-8,-10
3,-13,-6,-3,1,-4,-2,15,-8,-13,-5,-1
-2,-11,2,-9,-6,6,15,13,1,-17,-8,14
-6,16,5,14,-6,-1,-5,15,3,1,4,-11
4,-12,5,7,10,10,4,21,8,-4,6,-13
3,-8,2,-5,2,4,9,19,4,21,0,-10
2,19,-3,5,15,-2,18,-5,15,21,8,8
2,-10,-8,6,3,-9,-2,9,8,8,18,17
0,-6,7,-3,3,4,17,23,-3,8,16,16
-1,-9,-5,25,9,-2,6,17,0,12,3,18
-8,23,-7,8,8,22,-2,-7,-5,-7,2,0
0,2,-2,19,-5,16,-6,7,18,-4,-7,-7
-7,29,-8,-5,-4,25,2,1,0,22,12,28
2,27,-8,10,18,5,-8,26,7,16,12,30
-1,-2,8,29,18,-2,4,29,-6,3,15,17
0,-4,18,20,8,6,1,7,1,5,18,30
5,20,-3,16,2,29,-1,23,-2,0,-8,1
11,1,18,27,8,23,6,18,-5,22,0,5
7,22,16,6,1,15,-3,4,4,29,-2,7
-4,3,-1,9,6,18,-8,25,3,33,1,0
13,-17,-4,-17,3,-11,2,-28,-4,-15,6,0
-2,-29,12,-20,9,-31,0,-15,-5,-34,-6,-18
2,-17,0,-12,9,-26,-2,-12,-6,2,12,2
10,-18,19,-28,5,-23,-3,-10,10,-10,12,-26
-4,-22,-3,-4,14,-28,-3,-24,1,-22,17,0
-2,-9,-4,3,1,-6,-5,-30,1,-23,-7,-7
14,5,-6,-1,8,-23,-2,-6,-4,-16,-6,2
11,-23,-7,-9,0,-5,-4,-13,-4,-12,-6,-29
7,-18,-3,6,9,5,0,-25,-5,-21,-4,-26
0,-2,4,-26,18,-19,1,-6,10,-25,-1,-7
-3,-2,-1,5,19,4,-6,-9,-4,-8,10,-20
0,1,4,-21,5,-13,3,8,-6,10,11,-14
1,-2,19,-12,11,-23,8,-19,9,9,-6,-9
5,-11,-5,-14,3,-21,17,7,19,-1,5,13
19,-22,12,-15,0,-10,6,-17,19,-4,-7,-14
4,12,6,-9,4,4,5,-4,9,1,-1,-17
4,10,9,-3,-2,-7,5,-20,1,-14,-2,-9
5,-8,2,4,-2,-9,0,-14,5,6,-4,0
2,-4,12,11,-6,4,-6,-11,3,-3,11,-11
10,-16,2,4,-2,-5,-1,-4,4,2,-5,11
1,7,3,13,0,-16,-4,19,6,20,-1,-11
0,-7,19,-11,-1,8,13,-4,-7,18,9,19
-5,8,18,-11,-6,-1,-2,6,-5,19,5,18
-2,-12,5,11,-5,-12,-6,17,2,-1,2,-8
0,3,-1,18,4,9,10,23,6,-7,0,0
9,-6,16,-2,-1,6,-4,-8,-3,19,1,7
1,-4,14,-3,2,2,3,-5,-2,7,-5,25
-5,22,8,15,-3,-8,-5,25,5,11,-3,20
-6,27,17,2,-6,9,13,16,9,22,2,18
1,-6,-6,27,18,23,2,8,3,27,7,15
-7,30,-7,20,3,8,-1,20,0,14,-6,23
0,-5,0,25,1,6,-6,23,2,2,2,3
1,4,-4,20,9,23,1,4,-1,16,3,17
5,6,0,5,10,9,0,3,19,16,0,25
6,-1,-4,8,-7,-1,-5,34,-5,27,4,33
7,21,2,0,7,32,0,27,-3,6,9,1
4,19,-5,21,8,5,1,9,-1,23,9,29
16,-23,0,-36,8,-20,-3,-2,-2,-14,5,-20
13,-24,4,-12,6,-12,-6,-13,-2,-19,-3,-11
10,-17,13,-4,6,-32,8,-16,3,-33,2,-21
0,-4,-6,-20,-5,-27,5,-22,-3,-1,2,-14
13,1,14,-9,1,-16,-1,4,-2,-30,1,-25
3,-8,-2,-13,1,-1,0,-20,10,-12,11,-30
-2,-18,16,-23,1,-16,4,5,4,-26,4,-8
11,-23,2,-3,-3,-15,10,3,6,-8,-4,7
1,-4,-2,-23,11,-19,0,0,1,-3,2,-2
2,0,-2,2,2,0,-3,-18,8,-26,8,3
10,7,13,1,2,7,8,7,10,-14,-3,-11
6,11,1,-2,19,-1,-5,7,1,-8,3,-22
8,6,12,-8,0,1,2,-19,-6,-8,6,-8
14,-14,10,-2,19,-10,-4,5,1,-19,5,-9
-5,-4,5,8,-4,-14,5,-7,-2,14,6,7
20,-12,6,2,20,0,-6,-13,-4,-16,-6,-19
-6,-13,3,-12,8,-9,20,12,1,-6,1,16
2,-3,7,0,0,-13,6,4,-4,-8,14,-15
2,8,6,-2,-2,-18,8,-5,6,-1,-3,10
12,15,16,-15,-4,2,7,-5,9,8,8,-13
2,19,-4,-2,2,6,-1,-13,0,13,1,-16
9,20,5,2,7,7,0,-9,9,-13,2,16
19,-13,8,-14,18,20,7,0,5,18,0,17
-2,22,-2,2,-6,-2,10,23,11,9,16,-4
0,-9,-3,15,-5,14,16,5,4,4,9,9
11,-8,9,-9,-5,-8,4,-2,8,12,19,-4
-3,1,1,18,6,7,-4,25,10,11,7,5
9,21,-6,-6,-1,0,4,14,6,24,5,15
5,-6,9,27,5,23,-6,26,0,7,18,1
4,4,-1,15,1,25,-2,10,-2,14,1,-3
5,2,1,28,11,27,-6,5,20,8,5,-6
13,29,16,26,6,29,-1,4,9,28,-5,8
4,-4,6,8,-3,-1,2,-2,4,8,4,6
6,-2,1,32,4,23,1,16,5,-2,0,-3
4,4,10,9,17,18,1,20,-3,-1,10,8
3,7,6,4,10,31,20,8,2,3,7,28
5,4,6,21,10,20,-2,24,1,30,-3,31
10,-5,3,-32,0,-21,21,-25,-2,-28,6,-34
4,0,3,-35,-2,-31,9,-5,-1,-34,19,-20
10,-8,19,-28,9,-22,9,-25,3,-2,-5,-29
1,3,9,-30,9,-2,-5,-15,-3,-3,1,-24
-1,-30,6,1,7,1,4,-18,2,-24,11,-4
9,-16,8,-31,21,-8,21,-12,-3,5,21,0
-4,-22,10,-21,4,5,4,-20,4,-22,0,-25
5,-1,19,-27,19,-8,8,-23,21,4,-4,4
1,-4,18,-18,9,-23,16,8,1,-15,6,-20
15,6,9,8,10,4,5,-9,5,-6,4,-2
18,-19,10,-12,-4,8,1,-1,0,-2,8,-19
5,-2,-4,-20,-1,8,-1,-16,4,5,7,8
5,0,0,12,6,10,6,-10,2,11,13,8
-1,-2,8,-18,-1,-2,5,-7,8,-12,13,-21
-5,-3,12,-4,3,-1,3,-21,-1,-18,3,-14
11,2,13,-10,18,-9,-2,4,4,5,4,-10
-5,0,13,1,11,-7,17,-7,2,-18,-3,-20
21,-6,18,14,8,-18,12,12,4,-17,1,5
6,11,11,0,7,3,0,14,-4,-3,2,16
0,-1,20,-5,5,-2,4,-15,20,16,0,-9
19,13,7,18,-3,1,4,1,6,5,3,-10
14,4,11,18,8,10,11,-13,-5,14,10,11
17,-3,-4,-8,12,21,10,10,9,-6,16,17
-2,5,1,-3,9,-3,7,7,-5,1,8,21
0,1,1,-10,1,-7,-1,-12,20,-7,21,-3
0,19,-4,10,9,-2,-2,-7,1,21,20,-2
4,6,-1,12,-1,18,-3,-6,20,2,15,-5
5,7,0,-4,-5,14,-5,3,8,13,4,-3
5,27,11,11,0,0,9,3,-4,22,0,5
9,-2,9,2,5,28,8,6,0,3,2,13
4,-3,0,9,7,20,3,29,2,-5,-3,1
-4,19,6,29,-1,24,5,17,7,18,3,-2
0,-2,-3,0,11,13,10,0,7,12,13,4
7,2,-1,11,2,14,6,9,-3,7,10,31
6,7,-2,31,6,20,-1,3,11,33,3,32
8,18,6,23,6,7,4,6,7,31,7,25
-2,9,19,8,5,19,21,12,2,12,17,32
15,-31,9,-8,-3,-3,-2,-30,21,-26,10,-2
19,-3,-3,-4,0,-18,1,-27,2,0,21,-2
10,-34,1,-14,10,-33,-4,-10,16,-11,14,-34
15,-1,16,-27,11,-32,12,-6,3,-7,3,-18
7,-5,11,1,9,-5,13,-32,3,-32,-3,-1
-3,-21,22,2,5,5,22,-13,0,-22,9,-28
0,-17,7,-16,8,-8,10,2,21,-21,18,-29
8,-13,13,2,6,-21,22,5,9,-27,7,-16
13,8,15,6,-4,-25,0,-12,9,-5,5,-14
17,-21,4,-7,-4,-23,15,5,8,-24,7,-24
0,-1,3,10,-3,-3,22,-5,10,-15,9,-2
-3,-8,9,-16,12,-2,4,-6,11,1,6,-14
16,8,-4,-1,19,8,8,-5,0,-10,4,-14
-2,-22,22,12,9,3,0,-4,10,-23,9,-1
14,5,22,5,4,9,8,13,3,9,1,-7
-2,-19,11,1,18,-5,5,13,10,8,1,-4
-4,-3,16,4,7,-2,-1,10,2,4,6,-2
0,-10,20,-5,3,-4,1,-7,13,6,13,13
12,6,3,8,22,-16,10,6,-1,-2,12,1
16,14,5,17,7,19,1,18,9,17,20,-13
-1,8,9,19,12,-15,4,-2,19,14,5,4
17,-8,9,-9,9,-8,-1,-9,1,-15,19,9
18,18,0,-2,10,16,12,8,-3,0,22,9
1,19,1,-6,0,-2,7,16,12,-10,17,17
22,3,7,0,-4,0,-1,14,0,19,-2,5
0,8,-1,11,12,10,10,20,1,16,-1,-5
-1,6,10,1,0,4,11,-10,8,4,21,12
13,18,-4,26,10,17,20,20,-1,10,1,0
-2,-8,22,5,-3,-8,2,4,-4,19,11,5
10,25,-4,26,-2,14,-3,2,-2,-3,6,20
-1,29,-1,11,2,-6,4,9,-2,-4,-4,29
0,17,-1,6,8,-5,21,5,0,3,1,16
2,31,13,22,22,15,6,22,18,3,2,2
2,16,-1,29,-1,32,0,0,8,15,-2,6
16,6,16,2,22,15,1,26,-3,25,0,-1
22,0,11,17,-4,25,1,20,0,22,11,4
6,4,1,24,3,19,11,9,-2,19,3,3
13,-33,11,-23,9,0,-3,-17,3,-32,-2,-2
9,-31,8,0,0,-15,15,-3,-1,-1,12,-8
10,-14,14,-13,10,-4,5,-2,10,-26,-2,-15
3,-32,9,-24,13,-19,9,-23,-2,-29,3,-6
7,-20,3,-7,16,-6,1,-28,14,1,12,-16
-1,-25,12,-3,6,-25,2,-24,10,-10,7,-11
18,-21,11,-20,0,-25,1,-9,2,3,15,-29
3,-2,11,-3,6,-25,4,-17,11,-4,12,0
23,-24,0,-23,22,-22,23,-18,4,-18,22,-25
9,-14,21,-23,12,7,-1,-25,12,-23,4,4
12,-18,3,-13,-1,-8,11,-25,17,-22,4,-9
18,7,1,6,-3,-17,2,4,-3,-17,-2,5
6,0,12,-20,13,2,6,-8,3,9,-1,-4
0,10,23,-16,8,-4,9,6,4,13,19,-19
1,-17,-3,-3,-3,-8,5,5,8,-17,4,4
2,-3,5,10,5,-17,8,-14,12,-9,3,4
11,-16,7,14,1,4,-1,-15,1,14,-3,-4
1,-3,17,8,12,11,0,5,9,17,2,-1
4,11,18,6,9,-10,-3,8,5,-16,5,3
7,0,10,-2,15,0,-2,-17,11,-8,22,-13
10,20,8,-16,4,-6,13,-15,-2,17,11,10
0,-2,8,-7,2,12,-1,-7,0,20,12,2
13,18,-3,-13,14,22,5,10,20,6,1,-3
3,7,2,12,22,-3,0,20,-1,-10,19,23
15,-8,-2,-11,10,-10,9,12,0,3,13,-1
0,-3,6,15,22,25,10,17,7,18,9,12
17,-5,0,-10,1,-4,8,10,17,24,3,7
10,-3,23,10,2,-3,10,14,-3,17,4,7
8,28,-3,14,16,-7,23,9,4,25,2,-4
-2,5,-2,-4,-2,14,0,15,-1,8,18,-2
16,24,5,21,1,-1,0,-5,23,17,19,16
6,13,7,21,13,-3,9,0,21,30,-1,24
23,6,4,-4,18,22,4,10,3,21,13,16
22,6,19,13,12,20,-1,20,5,9,23,33
17,34,4,10,12,19,3,25,12,-1,20,0
3,1,1,3,4,25,-3,35,3,20,0,15
-3,34,19,15,17,6,4,25,5,27,1,4
2,0,2,0,9,-22,8,-7,3,-22,23,-4
3,-31,-1,-24,2,-19,21,-4,14,-35,12,-14
0,0,9,-13,11,-31,1,-32,-1,-13,-2,-4
16,-32,12,-27,0,-4,3,-10,5,-11,24,-31
11,-27,5,-30,3,1,15,2,7,-16,12,-15
15,0,7,0,5,5,23,1,0,-4,3,2
3,-2,4,-1,4,-29,0,-1,9,-6,4,-23
1,3,11,-18,11,-29,9,-6,3,-3,10,-25
9,-8,3,4,20,7,1,-14,2,7,21,-25
7,7,20,-7,22,3,23,2,6,-26,-1,-5
4,-17,2,-15,9,-14,8,-13,10,-19,2,-4
11,-7,7,-13,-1,-20,0,-25,2,-15,0,0
-1,4,8,-5,17,4,8,-10,12,9,8,-21
12,8,3,-17,-2,-23,-1,-9,15,-23,18,-16
24,-10,-2,9,-1,9,0,-3,1,12,18,-19
24,-7,9,1,-1,11,7,7,7,7,2,-7
18,10,20,16,21,-2,9,-20,0,-2,15,-6
17,10,16,7,23,-4,-2,-3,1,4,5,4
19,12,4,1,6,8,23,2,5,3,15,18
15,4,4,-16,13,12,2,10,3,-6,12,-1
13,-12,8,20,11,-2,9,9,4,-15,12,-13
21,16,7,-4,1,15,11,2,-1,-9,19,-2
13,-12,23,-14,3,2,5,21,4,22,5,5
3,6,14,-11,7,15,11,-11,6,-13,11,18
10,15,12,13,10,8,-2,16,-2,-1,18,20
0,0,2,-10,3,0,11,21,6,6,2,-9
2,-9,13,20,24,5,7,19,-1,6,12,15
4,9,16,27,-2,11,14,-6,8,18,-2,12
7,23,8,-2,0,1,0,17,6,1,23,23
0,1,7,-1,24,-3,8,8,15,-2,1,11
24,12,17,7,16,26,6,16,13,3,1,4
18,24,1,-4,3,-2,2,9,1,23,2,4
0,13,1,25,24,27,21,21,4,22,9,3
16,27,0,-3,3,22,0,0,15,17,4,33
3,19,9,26,5,5,11,22,-1,24,4,30
24,31,19,7,10,17,11,7,-2,21,-2,17
11,15,5,5,5,34,-1,11,0,25,12,19
0,-2,8,-22,-1,-26,9,-34,12,-1,9,-31
1,-12,13,-14,-1,-28,25,-7,1,-21,6,-21
15,-30,17,-25,15,0,14,-6,11,-10,21,-31
10,2,22,3,8,-13,11,-15,4,-15,3,-12
3,2,15,-8,7,-18,14,-11,-1,-28,24,-32
14,-26,15,-31,18,-31,4,-31,8,-17,14,-11
8,-17,18,1,20,-18,5,-26,9,-10,10,-19
25,-27,20,-29,24,-11,6,4,1,-23,21,2
16,-28,2,-19,14,-9,8,-7,2,1,18,6
12,1,3,0,14,5,14,7,7,-2,17,-18
21,-24,6,-10,13,10,6,6,4,10,1,-12
10,-14,0,8,1,6,10,-20,5,-19,19,-13
8,-24,12,-21,25,-4,15,-20,7,-11,13,11
10,3,13,9,1,-21,25,-8,10,-19,14,-21
4,9,11,13,16,-11,9,12,6,-3,18,13
15,7,0,-5,4,-1,20,3,4,-19,15,15
7,-3,5,-2,3,-2,2,-2,7,8,16,-9
15,8,14,8,8,-11,3,12,-1,0,19,14
13,-1,5,-3,12,15,3,15,7,17,3,-13
9,9,5,16,11,12,4,13,11,-6,6,13
0,-13,1,19,6,-7,10,14,12,17,19,-14
3,8,7,2,2,11,11,6,12,4,11,5
24,17,4,12,2,7,-1,7,11,15,6,4
2,-10,25,-12,9,-4,3,22,12,-9,-1,7
14,15,18,-1,9,8,9,7,2,14,0,-1
16,9,1,22,1,-6,21,1,4,-5,3,17
3,16,5,13,10,-8,15,14,1,14,15,-6
-1,12,13,-5,0,5,22,17,0,19,9,4
0,1,7,4,15,16,3,22,-1,5,3,18
13,5,12,17,8,3,6,10,7,9,0,2
14,7,20,11,24,10,2,11,-1,30,17,7
17,5,-1,31,4,12,0,-4,3,12,13,13
17,20,19,15,22,26,13,-1,13,30,10,18
21,25,3,14,9,28,6,28,13,15,0,33
15,8,7,20,14,2,1,15,6,21,18,31
3,14,22,33,3,7,5,2,10,6,18,5
2,1,7,10,3,30,8,32,8,36,0,25
7,-34,2,-20,14,-1,0,-7,8,-15,17,-10
11,-3,20,-10,1,0,0,-20,18,-30,25,0
0,-5,5,-33,6,-23,8,-11,0,-34,13,-29
14,1,18,-6,20,-32,7,-31,15,-30,3,-19
9,-22,6,-21,17,-10,6,-10,13,-19,9,-5
5,-31,7,-12,6,-23,11,-12,6,-12,18,-27
7,-13,4,-6,1,-11,2,-23,0,-5,12,-28
11,2,20,-29,15,6,5,5,0,-1,4,5
14,-3,6,-14,17,-7,1,3,14,-9,18,2
2,-14,9,-10,5,-26,8,-10,2,-15,8,-11
5,-18,0,-1,5,2,8,-8,13,-20,24,8
3,-25,13,-2,26,-9,14,-21,0,-5,20,-10
5,5,19,2,9,-23,2,9,9,-1,23,-18
25,7,19,13,9,10,3,-13,1,-16,3,-19
0,-22,16,8,1,-21,1,14,3,11,0,14
17,5,17,3,26,-20,6,14,17,-10,18,2
0,-4,10,-19,24,-15,9,16,3,-20,26,7
20,9,1,-17,2,-3,22,15,16,-5,24,9
1,-14,8,11,16,17,1,11,0,-16,24,15
15,11,8,-1,8,0,4,-11,5,-10,11,1
12,1,1,10,5,15,10,20,4,-16,13,-14
11,3,0,-15,5,-1,1,4,13,-12,7,18
26,-9,21,0,0,17,1,11,2,-5,3,11
1,12,20,21,1,17,3,-1,11,17,16,9
11,16,18,-11,2,0,12,19,13,6,13,2
19,20,9,-11,2,14,2,15,5,2,17,-9
10,26,18,-8,5,25,11,6,2,21,1,8
14,-7,20,23,4,27,11,4,10,17,13,24
13,-8,23,23,6,5,10,-8,0,15,5,22
3,29,2,20,16,21,1,-1,2,21,5,-7
13,10,20,24,4,20,0,-6,13,4,7,29
7,30,21,11,5,0,0,1,15,10,0,28
17,21,16,4,10,25,1,4,8,26,0,-4
22,24,0,29,19,33,1,21,9,26,25,13
18,23,21,8,0,13,23,15,1,1,0,17
2,15,26,19,6,20,5,18,0,16,2,7
15,24,2,8,0,16,0,4,0,12,4,31
