-12,-27,-6,-22,-24,-2,-14,-20,-21,-13,-13,-7
-12,-24,-13,-29,-20,-9,-15,-2,-1,-6,-9,-23
-2,2,-1,-13,-6,2,-24,-17,-5,-20,-23,-27
-12,-32,-21,-11,-14,2,-7,-31,-26,3,-24,-29
0,-25,-21,-24,-5,-30,-14,-23,-13,-25,-25,-22
-22,5,-17,-13,-13,5,-6,-12,0,0,-18,-13
-17,-6,-21,3,-26,-4,-3,-5,-15,-11,-22,-27
-11,2,-5,7,-19,-28,-5,-13,-24,-1,-3,-9
-11,-15,-14,-7,-15,-18,-13,4,-23,7,-6,-6
-6,-19,-8,-27,-13,-7,-4,-2,-10,-2,-23,-19
-19,-9,-20,-21,-3,-23,-4,-2,-23,-6,-14,-6
-12,-13,-25,3,-10,-3,-20,-16,-18,-4,-16,-7
-8,-15,-17,4,-18,-21,-8,-19,-15,-20,-16,4
-18,-17,-8,9,-24,-22,-15,-8,-23,13,-14,-6
-23,-17,-15,-4,-19,4,-6,10,-17,9,-19,-10
-10,-1,-13,-3,0,-18,-6,-20,-19,-8,-16,-19
-3,-4,-13,10,-11,-3,-16,2,-1,0,-21,-19
-12,8,-10,0,-15,-17,-11,-8,-18,-3,-3,-7
-8,13,-16,-18,-18,0,-15,-10,-10,2,-22,-3
-14,-11,-14,7,-4,-11,-12,19,-7,-15,-5,-13
-10,15,-16,1,-9,-8,-6,15,-5,-12,-21,-10
-4,1,-14,12,-26,8,-9,12,-23,0,-3,-6
-8,-11,-26,-9,-23,-14,-12,21,-4,7,-17,-7
-12,19,-6,17,-2,-8,-8,1,-17,-12,-23,11
-12,5,-13,-2,-15,15,-21,14,-8,-12,-17,15
-17,3,-23,25,-17,-6,-10,1,-11,-6,-18,9
-20,2,-26,5,-13,-8,-11,25,-18,-10,-13,-10
-11,-6,-2,0,-7,3,-4,-5,-11,12,-14,6
-4,21,-4,-7,-19,12,-12,-7,-10,11,0,-8
-17,19,-12,29,-14,25,-8,12,-24,22,-16,9
-15,12,-20,18,-9,24,-2,19,-11,22,-24,-3
-1,6,-15,24,-3,20,-10,24,-19,10,-15,9
-2,12,-18,24,-16,6,-13,12,-19,32,-1,-2
-3,5,-1,8,-16,5,-2,-3,-8,15,-19,30
-18,34,-14,23,-15,30,-25,30,-5,19,-21,12
-9,24,-23,13,-12,27,-13,24,-22,35,-9,33
-17,22,-23,22,-12,35,-14,5,-8,31,-25,29
-17,-36,-19,-9,-3,-6,-6,-6,-9,-1,-19,-26
-16,-33,-20,-34,0,-14,-6,-1,-22,-11,-6,-18
-13,-21,1,-2,-23,-11,-5,-8,-23,-2,-6,-13
-8,-9,-9,-31,-25,-28,-5,-26,-21,-28,-20,-29
-1,-14,-16,-21,-14,-28,-20,-8,-6,0,-25,-27
-11,-5,0,-8,-2,-12,0,5,-23,4,0,-22
-3,-13,-24,-8,-19,-1,-24,-18,1,-14,-12,-9
-20,7,-10,-6,-24,-17,-4,0,-24,-29,-2,-1
-12,6,-14,-22,1,-15,-19,-26,-6,-1,-6,2
-9,3,-11,-13,-4,-26,-20,9,-19,-16,-17,-15
-9,-14,-3,8,-8,0,-10,-22,-4,1,-1,-8
-16,6,-11,-25,-6,3,-12,2,-7,-21,-12,-19
-10,-14,-16,11,-3,-13,-4,2,-15,4,-20,-9
-11,-2,0,10,-1,2,-7,2,1,-5,-10,-8
-22,-15,-16,2,-10,12,-12,-21,-2,8,-4,-22
-9,-16,-23,-16,-23,-17,-25,6,-14,-5,-9,-21
-1,-15,-19,-5,-8,-15,-23,-12,-19,11,-8,10
-3,-1,-3,3,-4,10,-14,4,-1,13,-2,16
-4,0,-16,-5,-17,-11,-9,-7,-2,1,-23,12
-24,-9,-19,-6,-1,13,-17,-11,-1,-11,-4,9
-4,-13,-22,-11,-7,2,-20,12,-25,18,-4,-14
-1,-9,-2,18,-7,15,-25,16,-6,10,-11,18
-2,-14,-10,18,-20,16,-1,-4,-5,-2,-8,8
-1,2,-13,-8,-8,22,-13,15,-18,3,-2,21
-10,16,-14,21,-12,2,-9,-9,-13,6,-15,7
-14,14,-8,17,-11,0,-23,-9,-25,10,-5,19
-11,25,-19,23,1,-2,-24,12,-17,25,-8,8
-14,26,-23,9,-22,3,-16,5,1,27,1,7
-15,27,-18,18,-21,0,-20,19,-1,27,-25,5
-15,22,-4,20,-7,15,-23,25,-22,19,-11,19
-14,26,-20,-6,-6,-4,-2,16,0,13,-4,22
-14,18,-22,-2,-11,16,-24,26,-2,29,-24,19
-10,13,-23,16,-9,27,1,26,-15,27,0,28
-11,30,-8,5,-11,26,0,6,-22,8,-2,3
-9,24,0,5,-21,15,-8,31,-14,12,0,11
-10,22,-23,0,-13,35,-14,11,-16,32,-9,10
-12,26,-11,35,1,34,-1,9,1,15,0,8
-15,-17,-24,-12,-12,-36,0,0,-15,-1,-22,-12
-7,-26,-7,-17,-5,-21,-2,1,-5,1,-2,-35
-23,-23,-19,-21,2,-7,-22,-15,-19,-6,-12,-9
-6,-27,-16,-7,-9,-14,-4,0,-16,-11,-6,-28
-3,-27,-18,-31,-5,-14,2,-32,-19,-25,-2,-25
2,-11,-20,-31,-21,-21,-5,0,-16,1,-8,-7
-15,-5,1,-14,-9,6,1,3,-14,-1,-11,-10
-14,-28,-14,2,-9,1,-13,5,-18,-5,-9,-27
-9,-6,-21,-16,-3,-14,2,-14,1,-20,-2,-23
-1,-10,-15,4,-4,-26,-21,-4,-18,-5,-18,-24
0,-26,-4,9,-8,-15,-4,-2,-3,-16,-1,-24
-16,4,-16,-22,-11,-17,-1,-13,-12,-13,-17,-5
-15,-13,-12,4,-5,-20,-18,4,2,0,-10,11
-20,11,-8,-23,2,-7,-24,-23,-4,4,-20,-17
-22,-21,-23,-22,-4,-5,-10,-1,-8,-15,-12,4
-21,-7,0,6,-7,1,-15,-10,-5,3,0,-1
0,5,-14,5,-3,11,-18,1,-1,1,-4,3
-5,6,-15,-4,-17,4,-9,-6,-12,-13,-1,-11
-17,18,1,0,-6,13,-4,-18,-2,2,-6,10
-21,-9,-17,-11,-4,-9,-17,1,-12,5,1,-5
-4,10,-6,5,-15,-6,-15,18,-20,6,2,-5
-8,-8,-10,10,-16,21,0,-1,-16,0,-5,-13
-9,20,1,-4,-17,13,-15,-2,-8,12,-9,19
-10,10,-21,22,0,14,-22,-4,-20,-4,-1,16
-13,24,-12,-5,-5,22,-13,-5,-4,4,2,2
-11,-7,0,-7,-7,-7,-22,16,-14,22,-9,7
0,-2,-3,24,-18,9,-12,22,-11,23,-17,9
-12,22,-2,4,-13,-3,1,-1,-13,-7,1,22
-12,21,-14,-3,-7,28,0,8,-21,2,-5,4
-2,2,-13,12,-1,8,-6,-6,-14,19,-5,2
-3,6,1,25,-6,6,-22,9,-2,28,-8,21
-10,13,1,9,-15,3,0,22,-13,24,-11,30
-14,-2,-19,31,-3,-4,-21,-3,-21,19,-19,8
-9,15,-13,32,0,26,-14,18,-9,24,-17,25
-3,14,-17,2,-20,33,-10,28,-22,32,-17,15
-13,1,-24,1,-19,34,-3,6,-5,14,-4,3
-10,16,-22,28,-3,7,2,33,1,13,-5,34
-20,-2,-19,-13,-5,-8,-15,-22,-9,-7,3,-11
-4,-13,-1,-32,-13,-24,3,-30,0,-10,-4,-11
-14,-17,-17,-21,-21,-2,-22,-17,-9,-4,-15,-1
-18,-28,-5,-19,3,-5,-21,2,-13,-21,-2,-10
-16,-17,-21,-17,-16,-4,-1,-9,-21,-6,-1,-6
3,-15,-7,-10,-22,1,-18,-25,-4,-5,1,-16
-2,-1,-7,-3,-1,-10,-11,-26,-15,-25,-21,-7
-6,-10,-4,-6,-22,-22,-20,-7,-17,5,-1,1
2,-20,-16,7,-13,-27,3,-4,-10,-7,-12,4
2,-14,-8,7,-18,-14,-13,-3,-12,9,-11,-22
-14,-26,-6,-11,3,9,-17,-20,3,-20,-5,-8
-1,7,-18,-2,-20,-8,-23,-20,-10,-8,-13,-3
-8,-8,-19,-16,-5,9,-10,-24,-21,-8,-9,5
3,6,-5,13,-8,-13,0,1,-5,9,-10,-18
-14,-4,-3,14,-21,-20,2,-3,-15,-10,3,14
-15,9,-18,-6,-5,8,-1,-5,-1,-10,-23,-14
-10,-6,2,6,-2,0,-6,-9,-15,-12,-20,8
2,16,-22,-15,-4,-2,-9,8,-2,-17,-7,-13
-18,-6,-15,-14,-3,2,-11,1,-8,7,1,-11
-9,-3,-7,-10,-19,-16,-8,19,-11,10,-20,-6
-20,-6,-17,-8,-18,16,3,18,-2,19,-23,-6
-11,-8,2,2,-1,16,-9,-7,-9,1,-7,6
0,-3,0,13,-15,17,-18,-9,-18,7,-10,3
-10,11,-4,15,-10,-9,0,2,-5,-10,-6,15
2,11,-22,21,-23,-1,-20,-3,-5,1,-19,-11
-13,16,-10,25,-18,16,-10,-6,-19,10,3,-7
-14,13,-5,10,-19,-8,-15,11,-3,-7,-23,14
-1,2,1,2,-4,23,-12,11,-6,10,-9,-3
2,4,-14,11,-5,-7,-22,27,-19,21,-15,16
-13,21,-1,-7,-23,26,-10,12,-16,11,-1,28
-12,18,-23,15,-1,3,-8,2,2,22,-16,28
-13,27,-18,7,-6,7,-10,8,-18,28,-16,10
-7,23,-6,31,-15,18,-3,5,0,28,-13,6
-10,26,-12,28,-14,29,-4,22,-3,11,-12,28
-8,30,-3,24,1,1,-16,8,-10,8,1,1
-10,31,1,4,-17,1,-15,26,-17,6,-5,10
3,21,-11,17,-6,10,-16,27,-23,12,-18,25
-16,-20,4,-20,-14,-31,4,-28,-21,-11,-3,-8
-19,0,-2,-2,-16,-4,-22,-31,-20,-22,-6,-1
-16,-34,-12,-16,-7,-16,-20,-18,4,-33,-19,-12
-12,-23,-2,-15,-19,-12,-11,-32,-7,-16,-13,-8
-1,4,-2,-29,4,-15,-2,-5,-22,-27,-10,-23
-1,-12,-7,-6,-15,-1,-7,-17,-12,-18,3,-2
3,-13,-12,-2,3,-2,-1,-16,-12,-5,3,-13
0,-22,-21,7,-12,-25,1,-10,-15,-5,-7,-26
1,-10,-21,-10,-6,-2,-1,5,-18,2,-19,-23
-1,-10,-9,-26,-17,2,-4,5,4,-18,-13,-6
-5,-8,-14,3,-20,-7,0,6,-17,-13,-14,-11
-6,11,-7,-15,0,0,-12,-24,-9,9,-13,-19
-2,-9,-17,7,2,-10,-12,4,4,-17,-21,-11
-5,7,-19,10,-2,-21,-22,-5,-17,-6,-9,9
-15,-15,-6,-19,-10,-13,-18,-19,-7,-10,-6,1
2,7,-4,4,-4,-19,-5,9,-13,7,-2,-21
-6,-12,-15,5,-4,12,-12,-3,-14,-18,-7,-13
-13,1,-1,5,-1,6,-5,13,-22,0,-15,-3
-20,-11,-3,-1,-6,-17,-10,-18,2,12,-11,0
-13,15,-3,5,-18,16,-5,9,-2,-2,-12,8
3,20,0,-7,-21,-10,-5,18,-16,2,3,-2
-4,17,-19,0,-11,13,-8,18,0,17,-10,-14
-7,7,-16,15,-2,-1,-6,1,2,-13,-2,-13
-6,21,2,9,-6,-6,-9,-2,-17,-13,-10,15
-7,21,-20,7,-12,15,-10,0,-2,-5,-22,11
-11,11,-14,21,-8,5,2,18,-13,19,-15,-10
-1,4,-7,-10,-18,8,-14,-9,-9,14,-5,9
-3,20,2,25,-21,17,-16,16,-14,21,4,19
-1,27,-12,-5,-17,2,-20,28,-13,21,-10,8
3,13,-7,7,-6,-2,-7,27,-1,18,-13,4
-3,9,-11,19,-13,-6,-13,29,-14,28,-11,28
-5,3,1,25,-3,8,-6,14,1,31,-10,19
-5,-2,-2,30,-9,-1,-17,-2,-16,31,-18,23
-13,33,2,25,4,9,-14,12,-12,31,-16,25
-1,0,4,-2,3,17,-6,4,-21,15,4,0
-8,3,-14,17,-14,20,-22,1,-2,23,-13,34
-10,2,2,7,-7,22,-19,15,-19,28,-17,28
-19,-7,-5,-22,-5,-2,-5,-14,1,-12,1,-22
-19,-24,-15,-17,-18,-24,-18,-35,3,-23,-17,-1
-14,-13,3,-8,-21,-7,-21,-9,-19,-13,-6,-12
-18,-3,-12,-33,-18,-7,-16,-1,-19,-6,-13,-11
-21,-18,-9,0,-6,-5,5,-21,0,-14,-6,-3
-14,-17,-14,-22,3,-15,-1,3,5,-5,-5,2
0,-26,-18,-29,-13,2,-16,-22,-20,-14,4,-12
3,3,-1,-19,-20,-8,1,-14,3,-22,1,-5
-10,-28,-13,-14,-1,-28,2,-12,-14,-3,3,-28
0,-12,-13,-21,-11,-8,-7,2,-11,3,-11,-7
3,-19,-5,-1,-1,-10,-13,-13,3,8,-19,-26
4,-21,-11,-1,-13,-5,-14,4,-1,-2,-4,-20
0,-11,-19,-12,1,9,-17,6,-19,-15,-14,1
4,-13,-4,7,-6,-9,1,-20,-13,4,-17,-1
-4,-18,-15,-8,5,11,-13,-22,-11,-7,-5,10
-1,-17,-15,-14,-2,4,-12,-18,-9,11,-11,-17
-1,-14,-3,-2,-7,6,-20,0,-12,-8,2,16
-1,9,4,-19,-1,-5,-20,-1,-19,-11,-14,-8
-14,-18,-9,-10,-6,-3,-11,-8,-4,-6,4,18
-2,-6,-3,-5,4,12,-14,19,-3,-8,-1,0
-8,4,-21,12,-1,-6,4,19,-18,14,-20,-16
5,18,-9,-5,-8,13,-18,-1,-14,13,-7,5
-3,13,2,7,-21,-5,-4,-1,-20,-6,2,4
5,6,-6,16,-9,-8,-11,12,-14,14,-1,13
-10,22,-8,17,-18,2,0,15,3,6,-2,13
1,19,-17,25,-19,-8,-2,-3,-1,7,-14,20
2,0,2,8,1,-3,-13,-5,-2,20,-6,24
-1,-7,5,-5,4,21,2,-4,5,16,4,14
-9,27,-20,12,-1,4,1,0,-15,19,3,6
-13,15,-18,18,5,2,-8,-1,0,8,4,26
-1,24,-14,-1,-16,30,-2,23,-10,27,-21,27
3,25,-3,19,-11,-5,-1,5,-1,5,-16,4
5,13,-17,14,5,2,-21,29,-21,4,-7,26
-4,24,-21,33,-6,8,-2,32,-11,16,-17,27
-2,16,2,11,-21,22,-11,25,-16,0,-14,20
4,2,-16,17,-11,13,-14,12,-18,30,-20,16
-6,2,4,5,-6,4,-16,21,2,26,-9,31
-5,-24,-3,-5,-10,-18,-11,-10,5,-29,6,-28
-11,-23,6,-6,-7,0,4,-24,5,-29,-14,-3
2,0,4,-33,-4,-16,-20,-13,-16,-6,-5,-34
-15,-19,-17,-29,-7,-16,-9,-27,-4,-20,1,-11
-20,-22,-18,-2,0,-25,-5,-10,-14,-7,-14,-25
-9,-15,3,-11,-13,4,-14,-7,3,-18,0,1
-1,-26,0,-17,-14,0,-6,-12,0,-26,-6,-30
-2,-10,3,-26,-1,2,-15,-13,-19,-1,3,-12
-2,6,0,-28,1,-11,-19,-15,-9,-1,2,-16
-2,-14,-4,-3,-19,8,-14,-4,-3,3,-6,-11
5,0,5,-23,-16,-12,-17,-1,-1,-12,-4,2
0,4,-10,-15,-16,-22,2,-24,-4,-24,2,-12
-3,-4,5,-18,-4,-22,-14,-16,-8,-24,-5,-10
-11,12,-20,8,-2,-7,-10,-5,-2,-15,4,-1
1,-15,-16,-1,5,12,-9,5,-14,-16,6,-21
-5,15,-16,-18,3,-12,-11,12,-12,-12,-20,8
-2,-4,-4,-8,-3,-20,-2,-12,1,-12,1,11
-7,0,0,1,4,13,-12,-15,-9,-10,-12,-16
-14,11,6,-1,-3,13,5,-16,-3,14,-8,9
-13,12,-11,-8,5,-7,-11,10,2,2,-5,3
1,12,4,19,2,-13,-8,10,-20,-9,-17,-2
-4,-2,-4,-11,1,15,-7,11,-6,4,-17,-15
-11,1,-2,-5,5,-2,-2,13,3,9,3,18
6,-12,2,10,-5,13,1,-7,-2,16,-12,-3
-8,24,-9,16,-8,-11,-13,18,-20,-10,-8,21
-6,20,-8,24,4,8,6,17,2,2,-11,-1
-9,-6,-7,21,-19,4,-9,-5,-11,-1,-19,-2
-5,20,-6,19,-13,5,-14,13,-11,14,2,7
1,17,-1,13,3,20,-12,-5,-10,-4,-6,-6
-2,5,-16,-6,3,16,-2,-5,-10,-2,-8,29
3,-5,-15,14,-17,0,-18,8,-4,12,-7,-2
-1,7,-12,29,3,29,-8,9,-11,29,2,-4
5,5,-18,29,-17,11,2,30,-20,14,-1,10
-10,28,2,1,5,5,-11,19,6,18,-16,11
-2,16,-4,20,-9,9,2,7,-4,30,-2,6
-4,27,-17,31,5,15,-19,8,-20,31,-20,11
5,5,4,12,-5,31,-5,0,-2,28,2,8
-16,-9,-12,-18,3,-1,-12,-30,5,-28,-16,-15
-9,-23,-4,-5,-18,-16,-11,-15,-4,-21,-15,-26
-9,-23,-18,-24,3,-33,6,-8,7,-23,-3,-33
-11,-26,-12,-19,3,-19,-18,-3,-3,-33,-3,2
-11,-23,7,-30,1,1,-14,-31,7,3,2,1
-16,-18,-1,-16,2,-8,-2,-12,-4,-9,-5,-19
-1,-23,5,-10,6,-17,4,5,-12,-16,-13,-22
-16,-1,-16,-21,-14,-12,-16,6,-8,-9,-1,-19
0,3,2,-12,-16,-8,-19,-20,-18,-8,0,3
-1,-3,-10,-22,-13,-10,-14,-24,3,3,0,2
-9,-8,-3,8,-2,7,-9,-22,-15,-24,3,3
-7,2,0,-21,-1,-10,-10,0,-2,-2,-1,0
-7,6,4,-12,-19,-8,-5,-1,-15,-23,-7,8
-14,-16,-3,-18,-3,-14,-2,6,5,3,4,3
-12,2,-1,7,-12,-12,-11,-6,-15,11,5,7
-11,-5,-8,-10,-10,-19,-7,14,4,-7,3,-15
4,-6,-7,-11,3,-10,4,6,-10,5,1,9
7,5,-15,-15,6,-2,6,-16,-3,-3,-16,11
0,12,-7,15,-5,15,-13,-4,-5,18,-2,-16
5,-16,-3,9,5,14,-8,-14,-13,-17,-1,-4
-17,-11,2,10,0,-8,-5,12,-3,-8,3,-13
-17,-15,0,0,-6,9,-11,21,-1,2,-3,3
7,0,-4,21,-11,13,-15,14,-10,8,-5,13
-12,10,-15,-2,-12,5,-6,-1,1,-7,-13,-4
-18,9,5,12,-11,22,5,12,-3,0,-18,24
0,9,2,24,5,11,-5,9,5,2,-11,-7
-7,-1,-2,16,5,13,-12,10,-6,16,7,7
7,16,-16,-9,-2,11,5,-6,-10,17,-5,16
-4,-8,3,19,-4,-1,-13,8,-7,21,-2,0
6,7,-7,19,-12,15,-6,0,2,2,2,9
-8,-5,-5,12,6,30,-9,-1,-3,-1,6,-6
4,27,-18,12,2,13,-11,4,0,-4,-4,1
4,2,2,11,-10,31,4,9,-15,31,-6,30
2,27,-6,24,-9,25,-6,7,7,29,4,13
-3,30,-18,12,6,-2,-3,12,-2,29,-9,24
1,16,-6,27,-3,2,-16,15,-4,5,0,14
-6,25,4,10,-7,14,-1,31,-6,3,6,20
-14,-20,4,-25,-14,-16,-17,-26,-16,-16,8,-24
-16,0,-4,-14,-16,-18,-18,-24,-5,-8,-10,0
-10,-10,-3,-32,1,-19,-6,-5,-10,-20,1,-12
-16,-19,-6,1,-14,-20,7,-3,-17,-4,-14,-13
5,-7,5,-31,-5,-17,-3,-26,1,-9,4,-14
-17,-17,-5,-17,6,-16,8,-24,-16,-12,-4,-9
-12,-22,7,-3,-12,5,-7,-28,4,-22,-1,-7
-7,-9,-3,4,7,-4,-17,-21,-15,-7,-4,7
-10,-5,-3,-15,-12,-8,8,7,2,2,-2,-23
-8,-11,3,-22,-17,-14,4,-6,-1,-26,-11,-6
-10,-13,-13,10,-18,10,-17,3,-16,-25,2,-18
-4,9,-9,11,3,-19,3,-23,6,-23,-10,11
-7,2,-13,-20,-9,-2,3,-9,2,-13,-12,-23
-9,-14,-4,-8,-10,-11,-16,-17,6,-1,-4,-5
-13,8,3,-21,2,2,-13,-22,5,-18,-11,-9
-1,-10,4,11,-15,-18,-4,-15,-3,-10,1,-1
-12,-13,-3,-12,8,3,-11,14,1,8,-13,-13
4,-11,-4,13,-16,12,1,-10,-7,12,-16,12
-8,-1,-2,-17,-9,-17,6,-16,-4,-9,-10,-17
7,-16,-6,12,-11,-2,-14,-9,2,12,5,6
2,0,-3,8,-2,-4,1,-11,4,-9,-10,9
4,11,-6,-12,-16,-9,6,7,-1,10,5,15
-9,-4,7,-13,-11,10,-3,2,0,5,3,-8
-8,-4,-8,-1,-12,12,-6,11,4,20,-10,-2
-12,-1,-14,19,2,15,6,23,-18,16,7,4
5,13,0,22,-16,15,-11,-11,-8,-8,-1,5
5,13,-17,-5,-13,-7,-18,-1,7,1,7,17
1,17,2,10,-13,24,-8,11,-7,-8,-12,20
-4,22,3,9,1,21,0,22,-13,12,-3,0
-4,15,8,23,-15,2,-9,-1,4,-7,0,-4
-2,27,2,6,-17,-1,-8,3,-4,28,-10,28
4,26,-5,12,-7,9,-11,14,-2,16,-7,24
7,11,-17,-2,-4,11,7,-4,-9,2,2,20
2,10,-16,32,5,17,0,33,-4,29,-14,-3
-8,28,-12,23,-10,-1,-5,19,-11,33,-5,10
-1,30,4,5,4,3,-5,32,3,28,-1,25
-1,36,-18,33,4,5,-5,8,-16,10,-9,36
-9,-17,-13,-23,-12,-16,-17,-23,8,-24,-7,-15
-10,-17,-11,-18,-11,-31,-16,-10,-14,-26,-13,-9
9,0,1,-4,5,-34,4,-30,-8,-13,-1,-21
0,-1,9,-24,-15,-6,-13,-32,-16,-6,3,-24
-4,-27,9,-6,3,-4,-14,-28,-5,-6,4,-17
1,-16,-16,-24,4,2,-3,-28,-8,-24,-7,-30
3,5,7,-7,-7,-10,-13,-5,2,-17,-3,2
9,-27,8,6,-12,-7,5,0,7,-13,6,-28
-5,-9,-6,-27,-13,1,-2,0,-5,-11,-2,-1
-5,6,0,-26,-6,-2,4,-7,5,9,-6,-26
-15,-13,9,-23,-12,-20,4,-8,7,-26,-14,-16
-8,-18,-4,-13,4,-15,-5,2,-4,-7,-9,-8
6,-21,-9,-7,-7,-21,4,-15,-16,-15,-4,-21
-16,0,-8,-1,-10,9,0,-19,3,-14,4,13
-13,9,-12,4,-4,1,-17,1,-11,-2,7,-1
-16,-1,1,-15,1,-4,4,2,4,-1,-5,-19
-6,-10,-7,-16,-16,11,1,-16,3,13,9,2
-2,0,9,14,-13,-3,9,-1,5,-18,-10,-16
-14,14,-7,-9,1,-11,1,10,7,9,1,-1
8,15,-10,-16,-9,-13,-16,16,0,5,-6,-13
0,-3,-1,0,-9,-6,-8,20,-16,-12,-7,-5
2,6,-7,-9,-15,0,4,19,-14,-7,8,-10
-10,-11,-6,22,-13,-5,3,14,8,16,-7,22
-15,21,0,-2,-5,11,6,-10,2,-5,-8,19
4,12,-2,-5,-4,18,8,0,9,18,-11,-12
5,11,-17,-5,4,2,-3,5,-16,3,-5,11
6,12,-5,-6,-5,11,0,13,-1,26,-7,3
-1,14,-12,0,-1,20,6,-8,-6,-9,-12,20
6,-4,-12,13,0,-6,2,20,-2,18,-15,26
-4,24,3,21,5,12,4,14,-11,6,-2,6
9,9,-2,25,-17,8,-6,-6,-17,8,-4,18
9,3,-7,25,-13,25,-8,2,-9,23,0,24
-2,0,3,-2,-3,2,3,14,-13,15,-2,31
2,10,-15,13,5,5,8,14,-4,20,-9,20
-8,2,0,17,9,5,-7,33,-15,21,4,12
-1,0,9,30,-6,28,8,5,9,16,3,30
-1,0,-3,3,-6,1,9,10,0,28,-7,30
-8,-26,-16,-9,-13,-35,4,0,-11,-14,-16,-34
-8,-7,-13,-26,9,-31,5,-18,-12,-17,-15,-2
-9,-32,6,-1,-3,-23,-5,-16,-16,-21,5,-17
0,-19,10,-20,8,0,-16,2,9,-11,-5,-5
4,2,-14,-23,10,-7,-14,-19,-2,-9,3,1
-12,-18,3,-18,-13,-27,10,-27,-16,-5,1,-31
-4,-14,-4,-15,-9,3,-6,-1,5,-13,3,-3
-1,-28,-2,-19,-5,-17,-3,7,7,6,2,1
-6,-28,-2,-6,-12,-6,-14,-16,-6,-26,-8,-23
8,-23,-9,-17,9,-4,5,-15,-14,-15,3,-9
-1,-12,-8,-25,6,6,-3,-22,8,-22,7,-1
-3,-18,3,-6,-14,-17,-14,6,-1,-16,5,0
5,-16,-14,3,5,10,-6,10,-10,-8,8,-11
-11,-7,2,-16,0,10,10,6,9,-23,0,-15
-12,4,-1,-3,-13,9,8,1,-11,-17,-1,-6
-12,1,-7,0,8,-15,8,-17,-11,15,-5,-10
-12,-5,-6,-7,-6,-14,-12,7,-4,-6,-10,3
-11,-6,-16,7,-14,-5,-14,14,4,0,1,2
-16,18,-1,3,-13,12,-4,15,4,-16,3,-12
7,18,-11,12,-9,-14,4,-9,-10,-8,-3,-16
-6,3,-7,16,10,10,-9,-8,-4,-1,0,0
10,21,-10,8,2,8,-15,-4,-7,0,-5,-10
-8,-10,-6,13,-4,13,-13,12,-8,15,-5,2
-4,-8,4,-2,-11,-4,-2,-1,-7,-13,-3,14
-5,0,-6,-11,-4,22,8,1,1,5,1,-11
4,12,3,-5,-13,18,10,20,-5,2,2,10
8,25,8,8,-13,22,3,11,8,-7,-9,19
4,22,-1,-4,-14,9,0,4,0,13,-13,27
-1,18,-14,18,-12,-8,6,6,-11,18,1,23
10,-7,2,-4,10,11,10,5,-1,-3,-14,7
3,1,-10,-3,-6,3,-8,22,7,1,10,18
9,2,-2,26,-2,7,2,8,-7,13,-4,9
0,13,-12,5,-5,11,-12,32,-2,2,-11,-2
8,9,7,25,-11,8,-12,10,0,27,-13,1
-1,18,-9,9,-11,29,-9,26,5,-1,-9,21
-5,13,-2,32,2,9,-2,18,8,23,1,9
-10,15,1,25,7,29,-1,10,-6,6,-14,6
-8,-14,-4,-15,6,0,6,-5,-8,-10,-1,-13
-1,-33,-4,-12,-11,-14,8,1,-3,1,-13,-17
-1,-14,2,-5,-11,0,-1,-27,-11,-11,7,-24
-13,-24,-6,-25,8,-15,6,2,-8,-4,-12,-27
-12,-20,4,-2,1,-11,9,-17,-14,-26,-7,-13
4,-7,-11,-29,-4,4,10,-9,-14,-1,-6,-26
3,-28,4,-12,-3,-10,8,-1,-5,-16,4,-22
1,-27,5,-2,-7,0,-12,-9,-2,6,5,-16
-3,-7,-9,-18,10,-27,-10,-3,-12,-9,2,-4
11,-21,-8,-12,8,-16,2,-22,2,-12,9,8
-10,-20,2,-9,-3,-23,5,-4,10,-24,-14,-20
-7,1,5,-17,-13,10,6,-1,1,-1,-11,-15
3,-19,-3,-8,-15,-16,8,-14,-12,5,9,1
9,0,4,2,-11,-8,-2,-20,10,-5,0,2
-8,3,7,4,0,-14,-12,-4,8,7,11,12
-2,-19,11,6,11,-21,2,-6,4,-11,5,0
0,-15,-1,7,-2,-1,1,-19,3,-4,-8,-18
2,14,-10,11,-7,5,-3,1,11,15,8,-16
-9,-5,4,14,-13,4,3,0,-8,-16,1,-3
4,15,2,-17,7,4,4,-11,9,12,1,19
-4,-1,-12,11,-8,-12,-2,1,5,9,1,-7
-4,6,-4,9,-2,16,-2,19,-3,-8,-6,-6
-3,-11,-15,-3,8,-13,-6,3,6,-11,9,16
10,5,1,15,8,-11,7,-7,1,-7,5,12
-5,24,5,17,-11,-8,1,19,-15,-11,-3,-6
11,1,-7,2,3,-6,8,-2,-5,11,-7,-3
-15,-1,-7,10,-10,5,-7,0,3,0,6,1
1,7,-14,26,1,10,-9,3,-2,20,-4,4
2,-1,3,-7,8,0,-11,-3,3,12,9,25
-13,1,0,-6,7,16,0,12,4,-1,-14,-3
7,22,4,1,3,18,3,16,-7,20,3,25
3,21,1,25,-15,-5,11,8,-13,-3,7,18
7,11,6,26,-9,2,9,13,6,27,-15,-3
-5,19,-13,22,10,30,-10,10,0,28,1,26
5,-1,-9,2,-3,14,3,31,-7,34,8,11
9,19,-8,11,4,29,-12,35,4,4,3,0
4,5,8,5,3,19,0,2,-8,20,-13,11
-13,-21,7,-24,-1,-18,10,-31,-14,-5,-9,-14
-12,-5,-2,-34,-5,-20,-13,-31,-13,-32,-10,-2
7,-7,7,-2,8,-22,4,-19,7,-27,5,-34
9,-4,-1,-1,-1,0,7,-1,-4,-15,-3,-27
0,-4,-8,-11,-8,4,6,-30,-2,-30,0,-18
-7,-11,5,-19,-12,-21,2,-29,4,-1,7,-30
8,-5,-7,-11,10,4,-7,-19,-1,-19,-8,-10
-3,-10,-7,2,-2,-22,-4,-23,-1,-13,-1,-27
-4,-21,5,-18,1,-3,9,-22,5,6,-5,-8
11,-6,-7,0,-14,-25,7,-22,12,-5,-10,9
-7,-22,3,-24,2,10,2,7,8,-23,9,-7
12,3,1,-13,9,1,-11,-4,-1,-17,8,0
-7,-23,4,7,-12,-24,-2,-11,0,-16,3,-13
-13,-22,-1,-15,-5,-11,10,-3,-1,-10,-5,5
-10,5,9,-18,4,-8,2,14,-11,-22,-7,-22
-11,-12,3,-17,-4,-9,-8,-21,5,-2,-3,-1
1,10,7,13,0,0,8,-20,3,-7,11,5
11,6,-6,-14,10,-1,1,11,-4,-2,0,5
1,7,12,18,4,16,-3,-9,-12,-18,11,12
7,14,3,-4,-7,-8,12,15,-13,-10,-3,18
10,1,-11,-3,1,4,4,-4,-9,18,-10,15
10,-12,0,4,-4,1,8,7,6,-2,2,5
4,7,-1,6,5,-11,4,-7,4,7,-1,-7
4,10,-12,1,1,10,1,-6,4,2,-3,-6
9,14,5,19,0,-4,11,-1,4,14,-13,19
8,-8,5,-9,6,-5,8,-4,-12,0,0,8
-8,-4,4,7,-1,15,-6,1,-2,24,4,24
-1,-6,-1,10,-14,19,8,8,-5,-7,10,15
10,6,-13,24,-7,4,6,-3,-10,6,5,18
-5,22,-6,-5,-7,-7,-14,15,2,4,-6,-5
-6,8,6,-2,-7,10,-4,25,2,11,1,13
-10,-1,9,-5,-8,22,-6,14,5,6,11,23
12,0,2,9,10,16,0,20,3,29,-4,10
-2,20,3,33,0,0,6,18,-13,16,12,18
12,24,-6,34,-6,17,-7,10,-9,13,-10,0
-6,24,12,27,9,5,-9,8,7,12,9,14
3,12,-4,32,4,26,4,10,-4,8,-2,0
-5,-24,0,-32,4,-9,-5,-2,-13,-21,9,-15
3,-26,3,-2,12,-17,-5,-12,10,-20,-11,-14
7,-29,-7,-18,6,-23,-4,-16,4,-28,5,-32
0,-10,0,-10,7,-12,6,-1,-8,2,-3,-18
13,-19,11,-29,1,-31,7,-17,-4,-22,0,-17
5,-27,2,-27,12,-25,-5,-29,5,-6,-3,-31
-8,-20,-2,-17,-4,-1,6,-13,-11,-24,1,-17
-3,-4,-9,-22,-3,-14,8,1,0,-9,-3,-17
5,-3,-1,-9,3,2,2,-1,-6,-24,11,-18
9,6,-6,-27,4,-13,-3,-11,2,-3,1,-12
-9,-17,-8,2,1,5,12,-16,-7,3,9,-17
-12,-15,-13,-18,7,-6,8,-14,-2,-4,-5,3
1,-16,-4,-10,13,6,3,-8,4,-8,-6,-15
8,-1,-2,-3,-6,-16,6,-22,4,-15,1,5
2,-14,-6,-6,8,2,-2,-6,2,-12,7,13
0,-12,10,11,-4,-4,6,1,-8,-13,-6,-16
-11,13,-3,-9,-11,10,-5,13,-1,-10,5,-5
-13,-7,7,-10,-12,10,-4,5,4,1,-3,13
-8,-3,7,4,7,-7,-9,-18,9,-2,11,-16
5,3,2,11,7,-14,-4,-17,5,19,12,9
4,0,2,-7,10,1,2,-7,-11,-9,-4,-3
10,16,-6,13,-7,-3,-5,3,0,-11,-7,18
1,22,7,1,-8,4,-9,-8,-3,-7,-9,14
10,0,-9,15,8,6,-13,-7,4,14,4,-7
4,-6,5,-2,1,13,-10,17,-6,10,3,19
1,-5,-7,-2,3,24,5,13,9,11,0,-3
11,3,0,15,4,18,-1,5,-6,-4,-4,-6
12,-7,-2,1,-11,11,-11,13,5,24,4,-6
-1,18,2,18,0,4,-13,-5,-13,-4,-2,14
3,28,7,16,3,17,5,27,3,-3,-2,18
-4,21,3,0,-9,1,12,9,-6,-6,13,-3
10,14,-11,1,4,13,4,23,-7,28,9,10
3,21,10,31,-10,30,0,16,6,16,11,15
3,15,-9,17,-12,-2,-7,15,-8,13,-3,21
-10,34,5,3,9,27,6,25,-6,19,-4,14
12,30,0,23,11,-1,12,0,-3,8,-12,14
9,13,9,24,8,8,12,4,-2,5,-6,32
12,-27,3,-16,-2,-5,0,-15,-9,-31,9,-1
10,-21,3,-20,-6,-34,2,-3,8,-27,-3,-21
13,-18,2,-30,14,-24,-3,-25,-5,-25,12,-29
-1,-4,-3,0,-1,-7,2,-18,11,-16,0,-23
0,-31,2,-25,10,-8,13,-7,-3,-5,-6,-11
2,-31,2,-18,6,-11,8,-6,1,-17,3,1
4,-8,-9,-20,7,-8,4,-30,3,-22,6,-21
11,-17,-10,-21,5,5,14,-12,-5,4,-12,-25
-9,1,4,-17,-4,-13,7,-18,3,-13,9,-8
-4,-19,13,-12,10,-25,-9,-24,6,-26,4,-13
-4,9,5,-19,-4,-10,4,-2,-1,-8,8,-15
-3,-22,5,7,2,-12,-10,-22,14,-15,13,-3
11,10,-5,-4,-11,-9,-5,1,13,-14,6,-20
-1,-14,-3,-6,13,3,2,8,12,-6,12,-11
4,-11,4,14,14,9,10,-17,6,2,-2,9
-11,12,14,13,-3,-12,4,-14,-6,-11,-5,-3
1,-5,5,-11,-4,-18,5,15,14,8,9,9
-5,-7,-7,-12,13,1,-5,7,-5,-14,11,5
-11,-11,-6,13,5,-17,10,17,9,1,-4,-5
-6,19,-11,-2,11,-4,6,12,5,1,-1,-17
10,-4,-10,8,-2,-11,-11,7,-7,-13,-3,-8
11,15,-5,14,4,2,-4,2,9,-4,1,-2
5,20,2,9,-12,6,-10,-4,13,0,8,1
1,5,1,2,9,14,4,-8,12,15,-6,4
13,16,-5,24,5,3,-10,-8,3,18,11,-8
12,20,2,-3,3,5,-7,-1,-7,0,-4,18
-2,23,-10,21,-1,14,13,13,0,20,-11,1
-2,5,6,2,2,23,5,8,13,12,8,-4
5,21,-1,-4,1,-1,-1,6,-1,14,10,11
4,17,10,29,12,19,4,-3,-4,-1,6,19
12,20,-9,1,1,28,1,8,14,14,-7,30
0,20,10,-3,6,3,-10,-4,3,-2,3,4
8,-4,4,27,4,2,7,3,0,1,7,32
13,30,13,19,3,0,4,32,-10,0,1,6
8,23,8,30,-3,22,14,1,0,6,-4,30
6,29,-8,4,1,8,-9,33,2,2,5,31
14,9,12,10,11,5,8,20,-5,17,-4,21
-7,-24,10,-26,6,-27,8,-24,-7,-21,-1,-28
-5,-21,-2,-34,6,-6,14,-28,7,-13,4,-5
15,-16,-6,-18,2,-13,-8,-32,5,-32,5,-17
0,-3,7,-7,-9,-21,15,-8,-10,-11,15,-18
0,-1,7,-9,-7,-26,-10,-25,-11,-12,7,-18
5,-12,-4,-14,0,-11,-8,-7,13,0,-11,-9
2,-3,-6,-11,7,-9,5,0,-2,-17,-10,-27
1,-5,10,-25,-8,-24,7,-20,6,6,6,-2
-8,-22,4,-25,-1,-26,-7,4,-5,-14,7,-9
-3,7,10,-27,-5,-18,-4,-18,-3,-23,-5,-14
9,-6,-4,-24,13,-16,-3,-1,0,-15,7,-20
-6,-2,-2,0,-8,-7,-2,-23,1,-14,12,-20
13,-2,-1,2,-1,2,-4,-17,15,9,-11,-13
-11,-16,-1,-1,-5,-13,13,8,-1,9,10,-13
0,-17,-2,-12,7,3,1,-19,-2,14,3,9
-10,5,6,-16,-4,-10,12,7,4,11,-7,14
-3,-3,-2,-16,0,-2,4,4,1,-7,14,15
6,-14,0,7,15,3,11,12,14,15,2,0
1,-3,2,8,-11,11,-4,-13,-4,-10,0,-3
1,-3,-3,2,-2,14,-4,14,-1,-6,10,-14
6,5,-9,18,-11,-4,15,-7,-6,-4,4,10
2,2,6,-5,15,0,1,8,11,-13,-2,3
3,15,4,4,-8,2,2,9,15,-12,-6,4
0,15,-3,-6,-4,-11,3,4,-6,19,-10,12
11,7,-3,0,7,15,3,-12,11,-8,-5,24
2,22,-3,12,-6,-3,-8,-1,0,13,10,8
5,11,12,24,1,16,11,20,-7,17,-3,20
7,24,8,-6,-6,-9,-5,-6,-3,2,9,27
9,6,5,1,5,8,10,17,6,-1,-5,-4
2,15,2,27,6,10,-5,-6,3,8,9,20
-1,-3,12,10,-4,15,1,4,2,-1,6,14
1,23,-11,3,-11,1,4,-4,3,16,14,19
11,0,-2,-2,-2,0,3,10,-3,-1,9,-1
5,1,10,0,-4,16,-9,2,2,9,8,1
1,-2,-11,8,10,9,6,12,13,19,13,4
4,5,-2,25,5,9,-3,23,4,12,0,8
6,35,-3,9,14,3,-11,20,6,29,-3,9
7,-13,11,-25,3,-36,14,-4,10,-16,4,-35
-1,-27,11,-13,3,-3,4,-30,0,1,13,-13
13,-25,3,-23,2,-21,9,-8,7,-20,3,-9
16,-10,0,0,2,-16,-7,-21,-6,1,10,-26
1,-5,11,-18,0,-9,0,-6,11,-20,-3,-18
2,-14,-7,-14,2,-6,1,-3,-6,-28,11,-13
10,-23,15,-1,11,-15,5,-12,4,-13,10,-18
5,6,-2,-7,10,-11,2,-28,8,-22,5,-24
-6,-21,1,-26,14,-21,-8,-3,15,-27,11,-7
-5,2,2,-7,6,-4,10,-11,-5,-17,16,6
-8,-6,3,-26,9,-2,-9,-10,-1,-23,-2,-20
12,-4,-3,-4,2,-6,9,-2,10,-25,-9,-18
15,5,13,-5,11,-2,0,-16,-10,3,7,-20
12,13,-6,-1,3,-18,2,-21,-3,-22,-6,-15
10,5,6,-4,-4,-19,2,-11,-1,-14,16,-4
-8,1,9,-1,0,8,5,-1,14,-1,8,11
-5,-12,9,-4,5,-20,-8,-20,-4,-19,-1,9
-1,-6,14,17,5,-17,7,5,7,-16,15,-15
-10,-7,-4,-18,-10,-15,1,-14,-9,-3,9,14
7,0,-6,8,7,8,-3,-13,4,16,-1,-16
13,-9,-2,11,13,5,-6,8,-5,-12,12,-14
2,3,-2,9,-5,9,14,3,8,20,-8,12
0,20,10,3,-9,3,-4,3,-10,15,16,-4
1,20,8,22,-4,21,9,-10,15,20,13,1
2,10,3,10,-7,23,-9,-11,3,-10,-1,-12
4,13,4,-6,1,10,-2,20,9,1,4,-2
16,12,-7,21,10,16,1,14,12,-4,1,20
0,11,3,0,15,-2,11,-6,5,-2,8,-2
10,10,-2,17,-10,-4,12,25,11,8,6,-4
0,16,-10,2,-2,-7,7,24,2,16,-8,6
10,6,15,6,-6,22,-2,23,-3,28,-9,22
0,19,12,11,4,12,-7,0,-5,20,-1,21
-9,8,-8,6,0,17,-3,-2,-6,12,15,17
16,28,3,0,-9,1,-10,13,-2,16,-2,-3
-6,27,12,17,4,34,-4,9,-6,2,5,-1
0,25,11,12,14,12,7,-1,-1,10,10,32
5,27,-3,7,3,1,-4,36,-3,30,-6,25
0,-3,5,-10,-7,-15,-7,-10,-9,-11,13,-32
13,-25,7,-27,12,-32,7,-7,6,-15,13,-18
8,-6,-2,-31,2,-25,-2,-13,10,-17,-4,-31
16,-11,-8,-14,11,-4,8,-12,11,-2,-3,-27
3,-28,17,-26,5,-10,6,-1,11,3,5,-25
5,-28,-9,-19,-6,-4,17,-15,13,-26,-8,1
2,-13,-9,-17,-2,6,9,5,-8,-7,9,-3
9,-28,10,7,4,-13,-8,-27,15,-20,5,-18
10,7,-4,-26,14,-6,-7,-4,4,-9,12,6
0,1,-9,-24,-5,-16,10,-8,6,-25,8,6
9,-9,3,-13,6,-20,4,-17,-3,-18,-2,10
3,-14,16,-12,12,-20,12,-17,-1,-24,8,-10
-8,11,9,3,2,-16,3,10,13,-6,-4,-16
-9,-8,10,10,-7,6,-9,11,5,-10,14,-16
-8,-17,13,7,4,-12,5,-18,8,-13,12,-9
-1,6,1,15,6,-12,7,4,3,-1,4,-11
1,1,-6,8,-3,-13,3,-12,6,3,-9,-6
-3,-15,11,-18,1,15,-4,10,2,15,12,5
6,-11,-4,16,7,2,14,0,13,-4,13,4
4,-6,16,2,-3,-12,2,-4,16,10,6,-13
4,-8,-4,-6,15,5,5,-6,16,1,-5,0
16,-9,7,14,-7,21,7,-7,0,2,15,12
16,5,14,1,0,7,6,7,12,-8,15,18
2,-10,0,-7,1,17,-5,2,16,13,-2,22
9,10,8,4,7,-4,1,24,0,7,16,3
4,17,15,4,17,-6,1,-11,14,9,10,-4
4,25,-2,23,-8,12,17,17,-4,-4,-5,9
9,26,15,-9,-9,25,-5,7,15,10,16,25
4,8,7,24,5,-3,10,8,14,8,-7,-3
14,8,14,0,-7,21,12,15,6,9,0,10
0,28,2,9,-9,25,11,29,13,29,13,25
3,27,10,-4,-8,5,14,6,13,7,0,19
10,13,16,-2,-1,4,0,11,13,5,3,17
-9,10,-1,8,-4,-2,14,11,-2,0,-6,26
13,33,-1,14,9,9,14,31,16,34,1,1
16,-1,-6,1,6,11,10,10,17,13,14,-1
16,24,-8,25,10,1,-5,21,-9,33,-2,6
5,-6,-4,-30,6,-6,10,-15,2,-13,2,-7
12,-32,9,-12,1,-9,9,1,6,-10,13,-30
12,-15,6,-23,-6,-29,17,-16,-5,-13,11,-23
1,-17,11,1,4,-23,11,-29,11,-2,5,-19
8,-3,14,-12,0,-6,14,-4,12,-11,1,-9
8,-28,18,-13,9,-20,10,-11,14,-21,-2,-16
-4,-24,16,-28,0,3,10,-30,4,-14,14,-10
-6,-25,-8,-29,-1,-21,10,-23,8,-20,-5,-16
14,-26,4,-16,15,-18,-5,-1,0,-10,7,3
7,-3,18,-4,-3,-13,2,-16,16,9,2,-4
10,-15,7,1,8,1,12,-3,13,-21,2,-19
-3,1,1,-5,4,-23,-8,4,6,-11,-6,-15
4,-12,2,-10,2,-11,-6,4,16,-19,5,-2
14,0,9,-1,12,0,-6,7,2,-23,13,4
1,8,-4,-6,0,-5,-3,-2,1,-2,12,-20
6,-2,12,0,6,-21,12,-8,6,-16,-3,-5
18,12,-6,-9,6,-6,2,-1,9,6,14,7
15,17,4,4,18,-17,-2,7,-5,-12,16,-18
13,16,12,-2,15,-18,4,7,-6,-14,-7,4
18,-14,16,14,-4,8,14,3,0,6,11,18
7,-5,15,-14,1,-5,1,13,14,-1,3,-8
-2,-13,6,-13,14,3,14,-2,6,12,2,-6
-5,-13,11,21,-1,-8,-1,3,-7,-4,17,-11
-5,8,6,16,17,-11,8,5,15,-12,-4,-1
-4,18,0,-12,6,22,14,-10,1,12,1,-10
2,-7,13,14,7,10,14,16,3,-1,9,2
16,1,4,12,11,-10,12,4,6,12,16,26
-6,16,16,12,6,10,6,-7,10,5,5,17
-5,25,-8,6,8,7,11,12,6,-7,-6,-1
11,-4,6,-6,1,21,2,23,11,2,-7,7
5,30,17,14,15,26,2,-4,-5,19,7,30
-8,1,-6,31,1,22,-1,18,0,20,3,7
11,19,4,26,16,20,9,3,1,0,16,4
-1,13,3,2,0,32,-7,-3,4,1,-1,4
12,34,-4,27,2,30,9,18,5,-2,4,11
9,21,-8,34,2,32,1,3,6,27,3,2
18,11,14,28,7,13,-4,18,3,7,-8,21
6,-35,16,-30,4,-19,9,-16,-6,-34,-2,-23
12,-8,4,-27,10,-22,10,-32,7,-24,-4,-8
12,-26,13,-9,1,-6,-4,-28,-3,-14,19,-25
12,-33,19,2,7,-29,10,-17,16,-6,15,0
16,-5,1,1,2,-14,11,-21,19,-28,5,-14
6,-10,7,-14,3,5,1,1,9,-17,-7,-23
0,-11,-7,0,4,-30,-1,5,-5,-25,16,-9
-7,-21,10,-5,9,-29,16,-29,9,-19,11,-13
15,-27,14,-5,17,0,12,-15,13,0,-7,-11
3,-12,-7,-26,-1,-16,-4,-16,-6,4,-1,0
17,7,11,-10,7,-16,13,3,-5,-11,3,-21
11,-25,-1,11,4,-12,17,-18,15,2,12,-20
6,-12,-4,6,11,-15,1,11,11,-22,6,-6
19,7,19,1,17,-21,4,-13,5,1,-7,13
3,-17,9,-2,-4,1,16,-20,-4,-6,-1,-4
0,13,15,4,16,9,8,4,-7,3,13,-15
-3,-9,8,-9,12,-13,2,12,1,13,12,-19
-3,-11,7,5,13,6,10,-11,4,-11,8,-7
-6,-5,16,-10,1,-5,12,-3,19,11,18,-8
11,11,15,-7,16,-3,16,13,7,18,-2,18
17,18,16,-7,17,-8,-2,-12,15,7,-3,-5
11,-5,2,-12,-6,-12,13,-4,14,7,2,-12
5,-4,19,-13,-4,5,-7,18,4,3,5,20
-1,7,-5,9,14,19,4,-2,-6,21,1,-6
6,1,15,18,-6,-12,17,18,-1,20,14,-3
1,21,16,6,7,-9,-5,18,17,12,16,22
12,24,15,11,1,20,-3,10,11,17,18,-3
4,-1,-2,18,8,15,8,3,7,-9,10,5
-1,-7,-3,9,1,17,-4,22,10,3,9,18
-3,28,9,16,2,16,9,2,-5,29,5,1
7,1,11,16,2,14,15,4,17,19,-7,0
-4,21,4,4,15,21,16,3,17,9,17,-1
-7,-1,-3,28,-4,29,-3,31,8,32,8,24
-4,-1,11,10,8,2,18,10,16,15,7,31
0,24,3,6,15,13,2,26,12,1,9,10
16,1,-5,6,14,3,17,20,-1,1,17,15
7,10,-2,11,11,0,9,10,9,28,9,2
17,-31,15,-7,1,-11,4,-4,14,-35,1,-32
18,-6,-5,-29,3,-16,0,-25,12,-30,-6,-20
-5,2,-5,-3,11,-18,2,-27,17,-24,-5,-7
-3,-2,1,-25,6,-21,-1,-19,10,-2,-6,-1
-4,-1,-1,-26,6,-28,12,-9,-1,-8,-3,-20
-4,1,-2,-19,-5,-1,15,-3,2,0,-1,-7
-3,-7,-1,-27,13,-20,-2,-11,15,-4,15,0
3,-8,7,-27,3,1,2,1,-2,-18,9,-18
13,-14,6,-14,-2,-18,4,-14,7,0,17,3
15,-21,12,-25,13,-1,19,1,5,5,11,-20
16,-26,11,-20,18,-22,4,-13,16,3,14,-8
12,-17,17,11,11,7,9,7,9,-24,14,-5
2,-23,7,-19,20,-10,5,5,1,-13,6,-20
5,-16,7,-2,-4,1,18,-15,10,11,5,3
1,-16,12,6,5,-6,11,-10,-4,8,9,-12
-3,-21,13,3,14,1,2,-9,13,-21,16,15
-2,13,20,-10,13,3,9,3,17,-15,-1,1
-4,-7,18,-5,20,-8,-4,2,6,2,11,6
19,9,-5,-17,19,-3,5,3,11,18,13,-15
-1,-13,17,12,16,5,5,2,5,6,-5,-16
13,20,18,-3,12,20,-3,-9,5,10,17,11
1,13,4,1,13,21,3,8,17,-3,0,-4
-1,5,16,1,14,21,7,15,8,10,17,-3
-5,6,-5,0,-5,-5,3,17,17,18,20,13
-5,4,17,2,-6,5,-1,6,-3,-9,14,4
-4,8,19,17,-3,2,20,25,0,-6,-1,22
0,23,1,3,18,-1,1,12,-6,1,6,13
-5,9,5,8,11,12,-2,14,-5,12,-3,22
-3,9,17,23,-5,-6,17,19,20,15,9,9
-3,11,-4,14,3,-1,17,0,-3,27,-1,13
1,5,2,15,3,27,3,-5,20,21,-3,20
18,19,12,29,18,12,11,17,5,1,-5,-3
13,6,11,23,-4,21,-6,26,19,27,0,18
10,7,1,19,10,1,5,32,9,15,-5,15
0,16,-4,0,14,13,12,1,0,21,-2,19
2,20,19,8,7,26,18,0,-3,17,-1,22
-3,24,13,27,13,5,6,18,13,16,12,36
16,-35,18,-11,15,-4,14,-22,1,-33,4,-24
0,-35,-5,-18,-1,-12,20,-19,20,-31,-3,-23
1,-2,8,-1,1,-12,10,-31,0,-3,0,-7
-4,-2,21,-22,16,-12,20,-9,10,1,17,-5
-1,-4,-1,3,18,-16,19,-26,3,-22,3,-5
-1,-7,1,-3,16,-19,16,5,1,-3,5,4
3,3,13,-22,14,-10,16,-30,12,-28,-3,6
-3,-26,0,-24,19,-18,1,4,18,4,21,-9
17,-22,11,-13,17,-15,6,2,1,8,21,7
7,-7,21,-5,-4,-4,0,-5,-5,-21,0,-27
12,-23,11,9,-2,-2,2,-25,-4,10,11,4
21,2,5,-23,21,-24,10,-20,-3,0,13,8
15,-13,6,10,9,0,16,-23,17,4,13,-24
14,5,17,12,15,-19,-2,5,9,-11,19,-6
6,-16,-4,-14,11,-8,15,-5,7,-19,4,8
-3,15,6,-21,0,-17,5,-18,12,-21,16,11
16,6,4,-13,2,-7,6,12,14,1,4,-1
2,-10,-4,-8,-3,-3,20,-5,12,-15,17,15
17,9,9,16,1,-4,-2,-1,13,-12,-3,1
3,-12,6,-10,7,5,-1,9,7,18,21,13
13,20,12,-13,15,14,7,14,18,-7,7,19
20,19,7,-15,14,6,4,6,2,-8,12,21
-1,6,12,6,18,10,11,13,5,-13,-3,2
-2,7,3,18,3,10,6,12,2,18,-2,19
0,8,3,23,12,-9,15,-8,-2,-11,8,16
-4,18,4,19,19,-10,0,12,21,-11,-3,18
-3,7,-2,9,-5,22,-5,16,6,15,1,-8
-1,10,21,-2,18,3,2,23,-2,23,2,18
-2,11,1,-2,-1,-3,-1,23,5,12,21,5
-2,9,0,17,20,15,1,27,20,25,15,27
15,3,-2,28,7,23,0,11,7,22,-5,28
10,4,18,19,10,23,7,26,9,26,6,14
6,7,21,21,0,12,21,2,6,26,3,27
15,19,-1,24,17,14,8,25,20,12,0,2
3,9,12,19,4,34,-4,26,10,17,6,21
2,9,4,33,-5,20,-1,28,-2,1,5,26
14,9,5,29,14,16,1,7,12,34,1,12
19,-8,15,-25,16,-5,1,-17,19,-28,10,-28
-2,-7,-4,-31,3,-30,-3,-21,14,-1,-1,-12
-3,0,15,-20,16,-29,-3,-7,20,-1,5,0
1,-1,2,1,6,2,6,0,7,-5,-3,-13
2,-10,1,0,1,-6,7,4,12,-9,11,-11
1,-30,22,-19,0,0,2,-27,-4,-8,-3,-22
-3,-24,15,-22,3,-13,3,-14,14,-19,0,-1
22,6,17,-21,8,4,4,-3,10,-25,9,-13
20,-9,18,-11,14,7,0,-26,19,-26,-2,4
10,-2,17,-9,9,-5,-3,9,-3,8,-3,-6
8,8,21,-18,18,8,3,7,0,-1,19,-16
8,-17,21,5,5,0,14,-9,3,-6,0,-21
-4,11,15,-24,18,4,13,-15,8,-5,-4,1
10,-10,8,-21,-3,13,13,-13,16,-6,14,-3
3,9,20,11,4,-13,18,-10,15,0,-2,-7
0,-16,14,-17,21,-7,21,0,0,3,20,13
12,-5,-1,0,13,-1,10,-7,12,9,7,16
6,-13,22,1,15,-13,12,15,11,16,15,-3
-3,-9,6,-3,13,6,20,1,19,-7,12,7
18,-12,8,-11,7,-10,21,3,21,-14,17,-10
11,-1,7,0,-3,0,11,10,22,-13,7,-6
-2,-13,11,21,13,8,5,4,13,-10,9,15
-4,19,-4,15,-4,1,15,4,19,-14,22,15
0,-13,6,22,-4,-12,7,13,7,22,0,-6
4,-9,21,-8,-3,-1,-1,20,22,1,1,5
2,14,0,3,14,2,2,16,18,6,-4,16
-3,18,-3,6,-3,8,9,12,12,17,1,24
2,12,22,10,18,7,-3,17,6,15,-1,-8
-4,13,-4,10,-1,28,9,23,0,4,18,3
-4,12,-3,14,22,14,16,-4,17,16,-3,27
-4,11,17,25,2,12,-4,11,1,24,2,13
-4,-4,-3,18,3,24,20,7,17,-5,2,20
17,17,18,4,7,29,-4,11,19,2,-4,14
17,17,-4,29,1,9,9,12,10,17,0,15
16,22,-3,10,2,26,10,20,15,33,22,4
2,8,-3,29,8,17,2,18,11,28,5,32
1,9,6,19,7,19,0,11,15,18,2,34
11,-31,0,-25,1,0,21,-3,12,-3,8,-19
5,-4,19,-4,17,-1,23,-15,-3,-18,2,-4
-2,-2,22,-9,5,-20,-3,-6,18,-4,2,-15
-1,-10,11,-13,4,-2,18,-14,18,-1,-1,0
14,-22,4,-9,2,-7,-2,2,23,-27,6,-1
-1,-16,13,-21,9,-25,7,-24,-3,-31,21,-3
5,-10,0,-1,9,-19,6,-22,9,-21,22,-11
18,3,1,-19,19,-2,15,-3,6,-13,15,-7
15,1,16,-23,23,1,1,-19,0,-14,13,-25
10,-27,20,-1,3,-12,3,-12,22,-3,15,8
5,-11,21,3,-2,8,20,6,10,5,15,3
4,-20,7,9,11,-18,23,1,-2,8,-1,-5
5,-6,18,-4,13,8,13,8,11,2,23,3
4,7,22,1,14,-16,14,2,20,5,6,-1
2,12,8,-19,6,-19,10,-20,-2,-21,2,-11
14,-7,18,-19,0,1,16,3,22,-12,0,-18
18,-20,4,10,16,-11,14,-14,7,15,4,10
16,-17,22,17,22,-8,6,1,3,-4,14,16
18,-7,12,-12,7,-1,2,17,12,-18,-2,5
6,-16,8,10,-1,-10,21,11,-2,-12,15,6
8,-3,-1,-13,3,0,2,18,0,1,11,-11
1,6,17,16,6,-8,-1,5,19,11,9,-8
3,14,-1,-1,14,-8,20,-10,10,1,11,7
3,13,9,23,10,13,10,17,14,8,0,5
-3,14,3,14,22,19,12,5,-1,19,7,21
2,17,-2,-2,23,9,-3,25,5,9,3,24
-2,20,-1,7,20,23,2,5,-3,20,4,16
3,25,9,22,7,15,20,14,-2,3,18,3
0,17,7,13,22,1,-1,15,9,23,16,5
18,2,-2,19,23,12,12,8,1,25,0,18
0,9,3,14,18,29,23,9,2,12,-2,6
1,-4,13,12,20,30,18,8,0,22,7,1
0,-1,21,13,0,24,13,22,9,21,-3,5
2,0,8,11,6,31,-3,7,10,3,9,8
16,4,4,22,11,25,7,13,20,22,16,21
17,20,1,29,19,35,5,7,9,0,21,22
-3,0,9,11,8,22,3,30,17,34,11,17
11,-30,9,-24,1,-29,15,-35,23,-13,10,-24
2,-3,2,-1,2,-3,10,-18,21,-13,-2,-9
4,-3,13,-17,13,-1,23,0,0,-12,11,2
3,-2,9,-3,9,-30,24,-12,11,3,3,-1
0,-8,20,-14,0,1,2,-10,-1,-14,1,-23
-1,-31,20,-26,-1,-4,4,-18,0,2,11,-8
2,-7,4,-8,21,6,1,3,7,-25,23,-19
2,-4,-2,-13,10,-21,14,-6,6,-12,2,3
22,-18,20,-16,23,-23,-2,-27,3,-14,0,-20
15,-1,9,-5,4,-14,-2,-3,2,-27,16,-3
18,6,7,-10,23,-2,18,-14,16,-3,14,-16
8,-12,-2,9,-2,-6,4,4,1,-13,8,9
2,-10,11,-11,7,-10,12,-15,19,9,18,-5
19,0,15,10,16,-20,17,-23,8,-13,12,-20
4,-12,24,-14,-2,-9,17,11,0,-4,10,8
18,-11,12,-9,4,-21,20,-2,18,1,0,7
22,-18,19,8,21,-16,11,-2,5,-10,17,-10
17,-3,17,10,18,-10,20,7,17,-15,5,-11
17,1,15,-6,-2,-11,1,-10,8,3,4,12
22,4,0,6,14,-4,24,-16,2,-9,4,-12
5,-8,21,-5,22,19,3,-4,18,16,-2,-16
-1,9,20,-8,14,13,23,12,6,9,6,1
-2,17,19,7,22,22,14,3,18,12,2,10
4,17,2,20,10,2,2,21,8,3,0,22
-2,11,13,10,1,-4,-1,7,11,18,13,11
-2,21,4,1,19,5,20,0,1,22,3,19
5,22,6,5,4,11,-2,-3,4,-6,5,14
-2,18,7,14,-2,26,11,26,-1,15,0,16
3,13,0,21,19,20,9,23,1,5,0,-6
-2,22,24,7,10,21,4,24,12,0,-1,9
-1,-2,22,26,8,1,-1,-1,19,18,-2,-3
2,-3,5,27,3,0,13,24,3,-4,0,4
4,13,18,20,3,17,10,18,19,32,-1,15
3,-1,22,3,3,20,-1,0,-1,8,9,18
-2,3,11,33,24,2,10,34,16,10,-2,14
4,2,4,31,1,1,4,4,0,13,18,27
-2,20,2,26,-2,10,2,7,-2,9,1,2
24,-6,23,-11,5,-28,19,-6,2,-32,6,-26
1,-9,20,-28,-1,-10,-1,-21,25,-16,25,-30
5,1,23,-15,23,-22,3,-22,23,-24,2,-18
0,-8,1,-1,10,3,-1,-14,15,-18,25,-10
-1,-8,0,-5,0,-4,8,-19,21,-1,0,-27
5,-7,3,-7,6,3,24,-2,25,-19,-1,-11
4,5,-1,-5,0,3,1,-23,6,2,5,1
1,-2,11,-11,18,-10,13,-18,16,-19,2,-14
25,-23,8,1,20,-19,15,-7,3,-18,1,-6
16,-27,19,-21,14,5,6,-3,12,-26,12,-16
22,7,24,8,-1,4,25,-4,18,3,14,-2
8,-20,5,10,4,-18,13,0,24,0,8,-10
12,-14,13,-15,18,3,20,-14,10,-21,18,-5
21,1,22,-1,24,12,24,9,4,-4,3,-18
22,-1,9,-2,12,-9,6,-19,13,-12,7,4
4,-10,20,-2,1,-10,13,13,12,-12,5,-5
18,-19,0,-17,17,-14,0,-14,11,13,2,15
18,14,13,-3,12,-13,10,3,1,5,10,14
19,15,16,-4,10,12,6,-4,9,9,23,-9
20,16,7,-9,9,5,3,-7,24,-1,25,15
25,-6,23,0,4,12,22,15,-1,-13,2,17
6,18,23,15,8,-2,12,9,7,-2,9,2
0,13,13,16,1,-5,10,3,4,13,0,21
1,5,4,4,9,12,2,0,12,9,12,18
-1,10,1,-8,0,-3,11,-6,2,-6,12,21
0,11,3,4,1,2,14,22,24,24,24,-5
1,11,6,24,3,14,22,24,24,-5,25,9
5,18,21,5,15,16,4,22,25,-1,25,-2
3,9,20,-2,10,26,21,10,3,5,0,18
-1,11,-1,15,14,28,0,14,-1,15,5,17
0,11,-1,13,14,23,2,13,12,19,1,-5
0,-3,2,21,4,14,1,29,5,7,10,19
-1,-2,25,1,13,14,8,1,5,22,0,26
3,0,5,-1,3,24,6,32,20,31,19,11
-1,2,25,13,11,28,3,12,10,10,-1,33
5,18,2,15,22,30,1,17,5,29,5,25
-1,30,-1,23,17,4,9,23,5,17,3,17
4,-26,13,-20,26,-12,4,-19,9,-4,17,-19
7,0,17,-1,4,-9,24,-9,4,-9,24,-4
5,-12,13,-27,11,-11,9,-3,2,-17,0,-15
6,-10,9,-6,26,3,23,-13,16,0,6,-19
0,-7,3,-9,6,0,9,-16,4,-25,12,-13
8,-29,11,1,13,-2,26,-8,19,2,8,-17
23,-10,23,-7,1,-10,6,-10,0,-20,4,-7
7,-2,8,-19,8,-18,6,3,17,-5,12,-26
9,-22,26,-7,15,-27,10,-16,7,-16,20,-18
16,-21,5,-13,14,-18,18,-10,22,-2,14,-23
17,-25,14,-20,19,7,19,10,4,5,16,-19
3,-21,10,-18,0,-7,14,1,20,11,12,4
2,-18,19,2,6,9,4,9,23,-21,22,8
10,-15,19,-14,5,11,26,-21,19,-16,17,-14
2,-12,2,-22,8,-16,9,-12,9,-8,5,-12
14,-6,21,-12,26,11,8,1,14,-19,21,-13
17,-5,20,-15,3,5,26,-1,24,-9,24,6
6,-14,4,0,23,-12,5,-8,5,10,3,1
7,-5,18,1,11,13,24,16,4,-12,11,9
24,10,0,3,1,7,25,14,16,-14,5,9
18,-2,3,8,5,-14,4,-12,13,16,24,-5
5,18,9,-3,12,16,25,-10,8,-8,16,7
5,13,3,-8,1,11,17,4,14,4,25,-13
3,9,3,5,19,22,23,4,11,2,4,0
5,12,10,11,25,20,3,19,7,11,3,22
5,14,1,23,11,-6,17,-9,0,24,18,1
0,24,15,6,6,14,23,11,20,-5,16,9
4,9,3,12,6,14,20,-3,6,12,0,22
0,20,6,22,0,14,1,7,24,7,0,22
5,11,1,22,23,20,2,4,6,12,2,10
0,10,6,13,12,17,5,27,1,26,14,4
21,5,5,20,25,22,12,2,5,4,26,26
22,16,25,28,4,8,5,3,21,24,3,13
3,8,1,21,14,20,5,27,0,13,0,25
1,1,24,6,4,17,0,10,4,15,2,24
5,16,8,29,21,25,7,14,1,12,3,18
2,16,20,7,9,16,1,24,1,26,11,2
