-21,-22,-4,-7,-1,-6,-17,-19,-10,-33,-26,-1
-16,-32,-21,-28,-23,-24,-12,-2,-8,-9,-1,-6
-1,-21,-7,-23,-2,-12,-25,-28,-19,2,-26,-3
-19,-22,-10,-8,0,1,-7,-2,0,-1,-3,-7
-7,-30,-21,-28,-14,2,-5,-2,-15,-13,0,2
-3,-15,-16,1,-1,-6,-8,-21,-5,-6,-19,-2
0,1,0,1,0,0,0,1,0,1,0,3
0,1,-13,-25,0,0,0,1,0,1,0,2
0,1,0,1,0,0,0,1,0,1,0,2
0,1,0,1,0,0,0,1,0,1,0,2
0,1,0,1,0,0,0,1,0,1,0,2
0,1,0,1,0,0,0,1,0,1,0,2
0,1,0,1,0,0,0,1,0,1,0,2
0,1,0,1,0,0,0,1,0,1,0,2
0,1,0,1,0,0,0,1,0,1,0,2
0,1,0,1,0,0,0,1,0,1,0,2
0,1,0,1,0,0,0,1,0,1,0,2
0,1,0,1,0,0,0,1,0,1,0,2
0,1,0,1,0,0,0,1,0,1,0,2
0,1,0,1,0,0,0,1,0,1,0,2
0,1,0,1,0,0,0,1,0,1,0,2
-17,-4,-1,-3,-17,5,-16,-1,-9,-11,-15,-6
-7,18,-13,-12,0,-6,-9,12,-2,3,-7,-9
-15,-4,-16,-8,-13,9,-17,-6,-6,5,-4,10
-8,3,-6,15,-6,15,-10,-9,-3,23,-15,-4
-2,15,-3,13,-10,4,-20,22,-4,3,-8,-1
-12,1,-10,-6,-5,19,-14,17,-8,8,-10,-6
-18,1,-7,18,-14,1,-8,-7,-14,18,-9,-3
0,8,0,8,0,7,0,8,0,8,0,9
0,8,0,8,0,0,0,8,0,8,0,9
0,1,0,1,0,0,0,1,0,1,0,9
0,1,0,1,0,0,0,1,0,1,0,2
0,1,0,1,0,0,0,1,0,1,0,2
0,1,0,1,0,0,0,1,0,1,0,2
0,1,0,1,0,0,0,1,0,1,0,2
0,1,0,1,0,0,0,1,0,1,0,2
0,1,0,1,0,0,0,1,0,1,0,2
-12,-36,-6,-26,-3,-3,-3,-6,-25,-34,-8,-5
-20,-29,-9,-25,-20,-34,-7,-28,-11,-19,-19,-31
-9,-31,-25,-2,-12,-30,-18,-10,-14,-34,-24,-9
-12,-14,-1,-7,-5,2,-3,-9,0,-20,-14,-27
-8,-3,-18,-1,-19,-22,-17,-31,-1,-5,-12,-5
-9,-23,-11,2,-18,-4,-9,0,-20,-16,-22,-5
-3,-7,-10,-26,-12,2,-5,1,-12,-4,0,-3
-15,-16,-22,-18,-2,-8,-22,-20,-12,-27,1,-28
-15,-16,-23,-19,1,7,-7,-5,-8,-6,-14,-3
1,-15,-18,-12,-5,-27,0,0,-9,9,-2,-8
-19,-17,1,9,-24,-26,-12,2,-14,-20,1,10
-5,-13,-21,4,-22,-20,-3,9,-21,10,-11,7
1,-24,1,-24,0,0,1,-24,1,-24,1,-24
0,1,0,1,0,0,0,1,0,1,0,3
0,1,0,1,0,0,0,1,0,1,0,2
0,1,0,1,0,0,0,1,0,1,0,2
-1,1,-22,-11,-17,-15,-16,-12,-17,0,0,-1
-20,-10,-22,16,-16,-2,-7,3,-9,16,-2,12
-16,-10,-3,14,-17,8,-11,-13,0,0,0,17
-1,-2,-17,17,-2,3,-12,15,-5,6,-20,-3
1,-2,-7,13,-18,12,-20,-8,-22,-7,-12,13
-5,1,-7,7,-8,-1,1,-2,-16,-12,0,17
-25,22,-13,-7,-20,22,-25,20,-8,-6,-6,19
-20,21,-25,4,-6,15,-18,5,-3,22,-18,1
1,21,-15,9,-4,23,-10,16,-20,2,-11,-11
-7,15,-13,20,-9,11,-13,9,-13,23,-7,-9
-15,-6,-20,-2,-10,5,-16,14,-19,15,-8,26
-13,1,-9,27,-2,19,-22,26,-7,12,-12,10
0,13,0,13,0,12,0,13,0,13,0,14
0,13,0,13,0,0,0,13,0,13,0,14
0,1,0,1,0,0,0,1,0,1,0,14
0,1,0,1,0,0,0,1,0,1,0,2
0,1,0,1,0,0,0,1,0,1,0,2
0,1,0,1,0,0,0,1,0,1,0,2
0,1,0,1,0,0,0,1,0,1,0,2
0,1,0,1,0,0,0,1,0,1,0,2
0,1,0,1,0,0,0,1,0,1,0,2
-6,-25,-5,-5,-6,-18,-18,0,-16,-30,0,-7
-7,-28,-17,-18,-14,-25,-17,-21,-10,-6,1,-22
-23,0,-12,-28,-13,-21,-8,-5,-24,-31,-23,-23
-3,-8,-6,-21,-14,-15,-9,-1,-14,1,-12,-27
-11,-6,-21,-19,0,-13,1,-20,-10,-4,-11,-17
-21,-22,-21,-11,0,-1,-24,-16,-9,-22,-19,-11
-8,-11,-5,-24,-12,-13,-11,-20,-4,6,-8,-15
-5,-8,-1,-16,-18,-9,-14,-19,-17,4,-7,-21
-9,7,-2,-1,-19,-26,-12,-23,-17,-10,-4,-9
-16,-14,-20,3,-10,-12,-14,5,-1,-13,1,-26
-24,-14,-19,-8,-11,-5,-24,-8,-24,4,-24,-20
-10,-24,-7,-18,-11,4,-5,-4,-22,0,-11,8
-8,-23,-4,-1,-8,5,-5,-7,-6,-16,-22,-24
2,13,-18,-17,2,13,0,1,-17,-9,0,0
-5,-14,-15,-18,-20,-19,-19,-17,-11,5,-5,4
1,-21,1,-21,0,-1,1,-21,1,-21,1,-21
1,-1,-22,13,-9,-9,-4,-9,-11,-2,-4,-19
-18,15,-15,0,-19,2,-8,-10,-16,3,-11,-10
-10,3,-23,0,-14,-3,-20,-18,-9,0,-7,2
-5,1,-1,17,0,0,-15,9,-8,-15,-9,11
-6,-12,-23,-16,-22,20,-14,-7,-3,11,-14,19
-4,-5,-17,19,-20,19,-21,-3,-22,18,-3,3
-17,-8,-15,21,-12,13,-22,17,-18,5,-5,16
-1,8,-8,0,-16,21,-18,18,-15,9,-1,17
-13,-1,-1,6,-15,-12,-22,0,1,18,-9,11
1,3,-18,2,-14,-5,-1,22,-9,4,-9,-11
-19,1,-10,26,-7,19,2,23,-10,20,-14,8
1,16,-21,-5,-18,-1,-19,-7,-18,5,0,8
0,12,0,12,0,-1,0,14,0,14,0,19
0,0,0,0,0,-1,0,13,0,13,0,13
0,0,0,0,0,-1,0,1,0,1,0,1
0,0,0,0,0,-1,0,1,0,1,0,1
0,0,0,0,0,-1,0,1,0,1,0,1
0,0,0,0,0,-1,0,1,0,1,0,1
0,0,0,0,0,-1,0,1,0,1,0,1
0,0,0,0,0,-1,0,1,0,1,0,1
0,0,0,0,-1,15,0,1,0,1,0,1
-8,-2,-19,-11,-5,-3,-14,-14,-13,-8,-2,-15
-3,-2,-6,-25,-22,-15,-22,-19,-12,1,-7,-27
-18,-33,-9,-24,-1,-15,-1,-15,-18,-30,-3,-3
-8,-3,-11,-14,-18,-33,-6,-31,-4,-9,-19,-12
-21,-26,-17,-3,-22,-31,-21,-26,-23,-6,-9,-32
0,-4,-16,-26,1,-23,-9,-11,-13,-24,-13,-4
-3,-1,-10,-25,0,0,-12,-28,-12,-22,-10,-26
-3,2,-15,-28,-7,2,-21,-9,-22,-22,-11,4
-13,-14,1,4,-19,-17,-9,3,-3,-9,-8,-3
-14,-13,-11,-15,-5,8,-13,-10,1,-27,0,5
-10,5,-17,-17,-19,5,-5,9,-1,-14,-22,-3
-20,-17,-16,-12,-13,5,-19,-4,-23,-8,-14,-17
-13,-2,-19,11,-4,-3,-16,-15,-19,-24,-6,0
-10,7,-19,1,-23,-11,-4,-13,-19,5,-7,-16
-10,-13,-4,-14,1,1,1,-7,-15,-7,-6,-7
-5,-13,-11,-17,-20,-11,0,10,-16,-5,-12,-19
-12,-7,-20,-17,2,9,1,-8,-20,-13,-23,16
-3,-10,-19,-13,-6,5,-10,8,-22,-6,-12,0
-11,-10,2,14,-4,-2,-2,4,-23,-13,-2,7
-2,0,-20,0,-11,2,-15,-14,-15,15,-18,0
1,-5,-15,-10,-21,2,1,12,-8,1,-19,4
-5,7,-17,13,-3,16,-13,20,-11,7,-23,5
-14,-1,-14,-2,-10,-7,-9,-14,-13,-5,-2,19
1,6,2,-2,-12,-10,0,19,-7,-5,-4,9
0,-1,0,5,0,-1,1,-12,0,24,1,-12
0,-1,0,0,0,-1,0,0,0,21,0,25
0,-1,0,0,0,-1,0,0,0,19,0,25
0,-1,0,0,0,-1,0,0,0,8,0,8
0,-1,0,0,0,-1,0,0,0,7,0,3
0,-1,0,0,0,-1,0,0,0,4,0,3
0,-1,0,0,0,-1,0,0,0,4,0,3
0,-1,0,0,0,-1,0,0,0,4,0,3
0,-1,0,0,0,-1,0,0,0,4,0,3
0,-1,0,0,0,-1,0,0,0,4,0,3
0,-1,0,0,0,-1,0,0,0,4,0,3
0,-1,-11,23,0,-1,0,0,0,4,0,3
-1,17,0,0,-1,23,0,0,0,4,0,3
-10,-22,-8,-1,-10,-15,-20,0,-9,-27,-18,-30
-12,-12,-21,-9,-22,-15,-19,-33,-14,-2,0,-6
-12,-15,-11,-33,-3,2,-7,-26,-4,-33,-10,-33
-21,-14,-9,-1,-5,-21,-17,-2,-16,-28,-8,-23
2,-5,-12,-24,-15,-2,-7,-18,-17,-11,-9,-24
-17,-19,-20,-28,-11,-12,-13,-8,-9,-23,-1,-3
3,-1,-8,-19,-1,6,-14,3,-18,-28,-13,-15
-7,0,-12,-13,-7,-25,-3,-6,-3,-19,-8,-23
-14,-22,-5,7,-13,-14,-8,4,-10,-17,-10,-12
-19,-16,-16,0,4,-15,-9,-20,-5,-15,-10,-5
-22,8,-2,10,-16,2,1,-6,1,-1,-22,-11
1,-2,-8,3,-20,-11,-17,8,-5,1,-13,1
-4,-8,-20,7,-15,-16,-16,3,-3,-24,-5,-12
-7,13,-7,-21,-11,8,-14,-10,-19,6,-12,2
-3,-22,-14,-18,-12,3,-21,5,1,-19,-13,8
-1,14,-2,-21,-18,-17,3,13,-2,-14,-14,11
-6,-18,-21,-18,-8,4,-10,5,-18,-4,-9,16
-13,-13,2,-4,2,9,-5,-7,2,13,-7,12
-3,-15,1,18,-6,0,-4,13,-12,14,1,2
0,-1,0,0,0,0,0,0,1,-15,1,-15
0,-1,0,0,0,0,0,0,1,-15,1,-15
-18,-5,-8,19,-8,18,-13,-12,4,-4,-7,-9
-22,21,-17,0,-12,-10,-15,-1,-12,-11,-17,5
0,-1,0,2,0,2,0,2,1,-13,1,-13
0,-1,0,0,0,0,0,0,0,7,0,5
0,-1,0,0,0,0,0,0,0,6,0,5
0,-1,-16,0,0,0,0,0,0,6,0,5
-10,0,0,0,-18,9,-21,13,0,6,0,3
0,-6,0,0,-10,17,-7,-3,0,3,0,3
-3,-3,0,0,-2,-5,1,9,0,3,-4,20
-3,1,0,0,-21,21,0,3,0,3,0,4
-2,0,0,0,-10,27,-6,27,0,3,0,4
-2,3,0,0,-10,5,-14,31,0,3,0,4
-2,3,-7,29,-3,0,-14,28,0,3,-4,10
-2,1,0,23,0,7,-11,20,0,3,0,5
0,7,0,2,0,7,0,7,0,3,0,5
0,7,0,2,0,7,0,7,0,3,0,5
-9,-30,-14,-25,-14,-2,-3,-32,-6,-5,-18,-32
-12,-20,2,-5,-21,-32,-18,-22,-2,-7,-15,-29
-4,-22,-6,-6,-7,-12,-16,1,-4,-29,-1,-14
-15,-28,-9,-12,2,-1,-14,-31,-13,1,-8,-20
-15,-22,0,-9,-14,-9,2,-4,4,3,2,-7
-4,-28,-1,-15,0,-21,4,-17,-2,-19,-18,-10
-1,6,-5,-9,1,-10,-21,-20,-11,-7,-15,-11
-10,-8,-11,-17,-20,-1,-17,2,-6,6,-12,-25
-7,-12,-10,-3,-9,-16,-20,-27,3,-10,-13,-12
1,-5,-9,-5,-3,-26,-4,1,-9,-6,-15,-9
2,-13,3,-16,-20,-7,-12,-13,-16,-9,-2,-5
-21,-10,-14,-11,-2,4,-11,-13,-8,-12,-2,-8
-12,-5,-4,9,-18,-18,-12,-10,1,9,-17,4
-3,1,-3,11,3,6,-8,-10,-2,-20,-6,-20
-8,-21,-16,-21,-21,-6,-5,-4,2,-6,-4,0
-3,4,-12,-20,3,-6,-7,-6,-3,-18,-8,14
-6,-18,1,-19,-7,-6,-21,2,-9,15,4,13
-8,-12,-8,9,-6,14,-13,5,-12,11,-19,1
1,-12,1,-18,1,-12,1,-12,1,-16,1,-14
1,-12,0,0,1,-12,1,-12,1,-16,1,-14
1,-12,0,0,1,-12,1,-12,1,-16,1,-14
1,-12,0,0,-18,7,1,-12,-3,20,1,-14
-3,3,-20,-8,-10,-2,3,7,-13,3,-1,-1
-1,-9,0,1,-10,3,0,5,0,6,1,-13
1,-11,-4,12,-13,17,-14,20,0,5,0,5
1,-11,-12,18,-10,16,-14,20,-21,20,0,5
-1,-2,0,2,1,-7,1,-8,0,6,0,5
0,6,0,0,1,-7,1,-8,0,6,0,5
0,6,0,0,1,-7,1,-8,0,6,0,4
0,9,0,0,1,-7,0,10,0,5,0,2
-1,8,0,0,0,16,0,10,0,3,0,2
-1,10,1,16,0,12,0,10,0,3,-5,28
0,-4,0,1,0,12,-1,-2,0,3,0,3
0,-2,0,1,0,-3,0,11,-3,28,-8,11
0,7,-16,22,-12,27,1,20,-10,31,-16,30
3,8,0,27,-18,32,-7,16,-10,29,-16,33
-13,11,-17,5,5,33,-9,19,-15,23,2,23
-18,-3,-6,-30,-2,-29,-18,-29,-15,-12,-17,-34
-9,-3,1,-16,-9,-1,-14,-15,-19,-27,-17,-15
-20,-31,-14,-32,-4,-15,3,-8,0,1,-10,-31
-17,-12,-10,-29,-5,-2,-2,-24,-6,-22,1,-6
0,-31,-11,2,-12,-4,-2,2,-7,-7,-10,-28
-11,-30,-12,-12,1,-7,-15,-25,-8,-24,-3,-1
-11,-10,-3,-28,-19,-24,3,-16,1,2,-4,-2
1,4,-1,-15,1,3,-10,-28,-1,4,-4,-5
-1,-13,-4,-9,-19,6,-16,-8,1,-5,-6,7
-16,-8,-4,-22,-1,-12,-2,2,-15,1,-19,-27
-14,-5,-9,2,-1,9,-18,2,-20,6,-12,-3
-3,-1,-3,-22,5,-14,-4,-6,-3,11,-9,2
-11,-7,-11,-11,-3,-14,-3,7,-18,-10,-14,-1
1,11,-4,-1,-2,-12,1,-12,1,-3,1,-12
-14,8,-11,-14,-20,-9,-6,4,0,6,-1,-12
-8,9,4,15,4,14,-7,-13,-20,2,-14,9
-19,-15,4,7,-10,-12,-12,-4,-17,5,-17,14
2,14,-1,4,-13,-6,-16,17,-13,2,2,5
3,2,6,16,-17,-9,0,-9,2,16,-17,10
-2,-14,-9,9,5,11,-18,-3,-17,-14,6,-3
-13,-7,5,11,0,1,3,3,3,2,-1,16
-9,-3,-11,-8,-4,13,-7,-6,3,12,-8,13
-17,6,-1,14,-15,-5,-4,-6,-8,6,-11,0
1,19,-13,-5,-13,-13,-1,11,0,13,-7,13
-16,-3,6,-4,-17,-12,-1,6,0,19,-5,-10
1,-9,1,-8,1,4,1,2,1,-5,1,-5
1,-7,1,-8,1,4,1,2,1,-5,1,-5
1,-5,1,-8,1,3,1,0,1,-5,1,-5
1,-3,1,-8,1,1,1,0,1,-5,1,-5
1,-1,0,8,1,1,1,0,1,-5,1,-5
1,1,-8,26,-7,29,-2,26,-6,3,1,-5
1,7,-17,18,-12,26,-4,28,-9,23,1,-5
0,-2,-8,4,3,22,-9,6,1,-3,-9,27
-12,6,-2,11,0,31,-17,4,6,7,-4,6
-9,6,-12,33,0,22,-8,8,5,26,-5,8
-1,15,4,30,-4,8,-7,3,-5,24,5,11
-16,5,-6,32,-19,5,1,29,-18,9,-9,28
-16,-22,-15,-28,6,-22,5,0,-7,-26,-10,-17
-11,-18,-19,-19,-17,-12,-18,-28,-8,-15,5,-25
-11,0,2,-16,-10,-8,7,-20,-9,-16,-1,-8
-13,-27,1,-23,-1,-27,0,-17,-5,-6,-8,1
2,-1,6,-6,-19,-22,4,-10,-1,-2,4,-14
1,1,3,3,-15,-19,-3,-5,-7,2,-4,-27
1,-9,-1,-30,2,-19,-19,-29,-5,-30,0,-15
-18,-29,1,5,-16,-28,-3,-22,-7,-15,6,-12
-14,8,-8,-15,-12,-16,-1,2,-9,5,6,-18
3,0,5,-9,2,-1,2,-21,-1,0,3,7
-4,0,6,-7,-10,4,-17,-8,6,-1,-6,-25
-17,-22,-2,5,-17,-14,-10,3,0,6,-9,-5
-8,5,-12,11,-17,-18,-13,-11,-3,-13,-3,7
-18,-17,-9,11,-4,-9,-8,-2,-12,-10,-13,10
-2,-11,-12,-10,-4,-19,-10,-1,-1,-15,-3,-22
4,5,1,-1,3,-8,-15,-6,4,-9,-11,12
-3,-14,0,-5,-17,-10,-15,-13,5,-7,-2,-9
-8,1,-12,-1,5,13,0,0,-15,-16,-19,9
-14,11,7,18,-2,16,-7,-3,-2,14,-3,-12
-19,-15,-1,7,-10,11,-3,0,-3,-12,-10,11
6,16,-19,17,-4,-11,3,20,-4,-15,0,8
1,-15,-1,3,-2,8,2,19,0,7,-5,14
-3,14,-12,16,-2,-8,-18,16,-6,18,-16,19
2,5,-1,4,-16,-11,-7,-6,-6,-9,-11,18
-1,-10,-2,-11,-2,-5,-19,-4,1,18,-16,-2
-13,25,-14,22,6,5,-9,23,-7,-7,-10,-5
-1,-9,-10,5,6,8,-11,17,-8,24,-11,1
2,-1,7,21,-11,18,2,-4,-15,21,-6,11
4,9,-2,1,-19,20,-3,-2,-2,10,-19,1
-8,3,-4,13,-9,9,-17,28,-3,24,0,9
4,9,1,8,-8,5,-17,7,-14,1,1,9
5,5,1,-3,-3,20,-16,22,-13,6,-10,29
5,4,-7,22,-10,28,-1,29,-17,4,1,8
-16,-3,-16,16,-11,0,-11,5,-10,-3,-9,4
-8,16,-16,32,-5,10,-16,13,-1,34,-5,16
-9,15,0,23,2,6,-7,34,-3,8,-12,34
-5,36,0,29,-8,14,-5,10,-1,29,-2,9
-11,-18,-4,-9,-12,-36,-4,-35,7,-10,8,-26
-10,-6,0,-4,1,-33,-8,-15,-10,-4,-11,-35
-3,-6,-6,-20,0,-13,-11,-31,3,-8,-4,-32
-4,-26,-2,1,6,3,6,-10,4,-9,-14,0
-6,-8,-17,-20,7,-5,7,-2,-1,-5,-6,3
3,-4,-7,-17,-18,4,-11,5,5,3,-13,2
7,1,-10,-22,-11,-26,-4,-21,4,-1,-8,-16
-5,-5,-14,-7,-5,-10,1,-16,-13,4,6,-17
-17,8,-4,-8,-12,3,-4,-25,1,-9,-1,-26
6,-11,0,-21,8,-13,1,1,-5,-7,0,-21
-16,-19,-2,9,1,-17,6,-13,-1,-26,-2,4
-6,-10,-9,-5,-5,-2,3,2,-6,-2,-11,-10
-3,-23,-1,-8,4,8,0,-18,-5,-18,-9,-6
-10,-18,-13,-6,1,7,-5,-7,-15,-5,8,-11
-18,-16,1,-21,-15,-14,-4,-14,-8,-1,-1,5
-18,2,-16,-4,1,-1,-8,-13,-14,13,-16,-14
-10,-1,-11,-14,-14,-15,-14,4,-17,-10,-1,15
4,17,-13,-9,-1,-2,-12,16,-9,-10,-2,-6
2,-5,-12,-6,6,0,-9,1,3,11,8,-9
6,15,-14,16,-4,-6,-12,5,3,-17,3,6
3,7,6,-7,-2,-6,-3,1,-10,-9,-16,8
-5,3,-3,-12,-4,12,-4,7,-7,17,-8,7
-2,3,-7,10,2,5,-7,22,-14,0,-14,-1
5,23,-11,9,3,-7,6,16,-3,21,-4,4
3,16,8,0,-11,3,-12,-9,6,12,1,-4
-4,18,-7,-5,-9,1,8,21,-7,-10,2,25
6,24,5,9,-16,22,-15,9,7,9,1,-9
-7,26,-12,13,-14,5,0,4,-2,7,-3,11
7,0,-7,26,-18,-8,-1,15,-7,10,-11,0
-15,12,7,1,-13,28,2,25,-2,27,-1,26
5,13,3,15,-10,15,-1,23,0,26,-8,18
-13,5,-9,23,-4,15,-16,16,-8,-5,-1,29
1,22,-4,15,0,-1,2,20,-11,26,-5,30
3,10,-13,26,-8,29,-3,7,0,21,-10,1
-15,2,-12,17,3,26,-8,27,-8,17,-8,19
-17,12,0,26,5,11,-5,25,3,29,-13,24
-5,29,-6,34,-17,8,-11,26,-1,34,-3,13
-15,-5,-16,-7,-14,-8,-9,-21,-13,-18,-10,-18
-12,-4,-8,-4,3,-20,-10,-25,-10,-4,-10,-18
-11,-3,-15,-19,-4,-4,2,-9,-14,1,4,-8
-3,-20,8,-23,-11,-10,-3,-12,7,-14,5,-11
-15,-15,2,-16,-14,-15,-1,4,-10,-28,-15,-30
2,-9,-14,-10,-14,-7,5,-10,-12,-6,7,-17
2,-1,-13,-11,1,4,-6,-2,-9,-21,-7,-15
-7,-2,-4,-6,-8,-6,-10,-9,2,-18,-1,-15
-9,-1,-10,-28,0,5,2,-20,-14,-8,-9,-1
-12,6,3,1,6,-9,7,-2,-8,-7,-11,-7
-13,-22,-17,-15,9,6,1,-10,-3,6,-2,-9
-8,-7,-9,1,2,-21,-8,-15,-4,-22,-4,-14
5,-6,7,-12,-12,5,2,5,-1,4,4,-11
-9,-15,-4,-10,-13,-21,-11,-11,-17,-15,7,-7
2,13,-11,-19,-4,12,-3,5,-12,-19,2,-2
0,6,6,-20,-10,-10,-13,-10,-2,-16,0,-8
-8,6,0,-14,-10,-15,-6,7,-13,-9,-13,10
-3,1,3,-18,-7,-6,-6,-12,5,9,-1,17
-4,-16,-4,4,1,9,-2,-3,-17,-18,-1,-16
1,-4,-9,-7,-7,7,-14,-12,-10,15,-4,-14
-12,5,-4,14,-16,-6,-1,12,-9,-8,-14,20
-1,-2,3,16,-13,7,-16,-11,-2,4,-12,-7
-2,1,9,-3,-1,-1,-3,16,1,0,-4,-12
-8,11,-7,5,-10,-12,-5,21,-1,4,-11,-8
-16,-9,-1,-3,-13,15,-1,-7,0,8,-2,6
-13,23,-17,-2,-16,0,0,14,-12,9,-13,23
-5,-8,4,19,-3,-4,-9,-10,-1,20,-9,-1
7,3,-14,20,2,4,0,-3,-3,27,-12,-9
-12,-4,-12,20,2,-3,-7,-2,8,8,-8,17
-12,-2,-2,16,7,6,-15,4,-12,-2,4,28
9,2,-11,17,-3,10,2,26,-12,2,-14,8
5,26,-16,3,-7,6,8,21,-10,10,4,31
7,10,4,9,0,-4,-7,-1,2,4,-11,4
-8,-3,-10,18,-9,-1,-5,-1,3,26,-14,24
-17,12,-12,11,-13,31,-10,9,-11,20,1,28
6,31,-11,14,6,13,3,9,-3,19,3,33
-17,7,3,11,-8,35,-17,2,-11,30,0,28
-13,-3,6,-6,3,-18,2,-15,-12,-32,-1,-9
-15,-14,10,-2,-1,-16,-11,-20,-9,-32,9,-21
-6,-3,0,-8,-14,-6,8,-16,0,-33,8,-9
-13,-5,-11,-11,-13,-20,-2,-10,-3,-17,-8,-27
0,-5,3,2,5,-27,-13,-32,1,-21,-4,-28
0,-10,8,-15,-6,-31,3,-30,2,-31,-2,-20
-8,-8,5,-6,4,-20,4,0,0,-11,-10,-2
1,5,-3,7,-8,-15,-4,-17,6,-7,9,-1
-10,-10,5,-6,-5,2,5,-9,-3,3,-9,-17
0,7,-12,-13,8,-17,-11,-15,-2,-17,0,-2
7,8,3,-5,10,-15,0,-10,-16,-4,-10,-13
-2,-17,4,4,-5,-3,7,5,0,-10,-7,2
-1,7,-1,-12,-6,-1,-6,3,9,-14,6,11
4,-1,7,9,3,-11,-10,5,-2,-17,-8,7
-7,1,-11,-16,-1,12,-11,-21,1,-16,7,-9
-3,-7,-6,1,-2,5,-16,-14,-12,-13,-9,-11
3,16,1,-7,-6,7,-5,-19,1,-3,-9,10
-2,-2,-4,-3,-6,-16,5,17,-4,0,-4,-12
-16,7,-6,-8,-9,0,-8,-8,-2,0,-7,5
-5,7,9,0,-9,2,1,17,10,-3,2,19
1,7,-10,14,-4,12,0,19,-4,2,-9,-14
-4,4,-15,9,-16,4,-15,0,-2,-8,-3,-9
-9,9,-14,12,-3,10,-7,-8,0,18,-10,22
-10,19,-11,21,-12,15,1,-12,-14,-13,-5,13
-15,10,-3,4,2,19,-10,2,-3,-2,-2,22
1,4,9,3,3,-5,9,-3,0,9,1,-11
2,-4,7,13,2,4,6,19,-3,20,-2,11
6,26,10,23,3,23,0,11,-2,17,8,17
3,12,-2,14,-11,23,-5,23,-6,14,4,25
1,12,3,28,9,26,9,8,4,8,-16,4
-2,22,-2,-4,-7,2,-1,25,3,9,-10,29
2,23,-12,-1,2,10,-5,1,7,19,-16,8
-15,16,-11,1,-6,22,-12,28,-5,13,2,-4
-4,4,4,27,-1,5,-6,15,-5,2,-8,31
5,20,1,34,0,0,-4,15,0,10,4,12
-15,10,-7,23,2,25,-6,1,-5,28,-4,24
-2,27,-3,10,-2,8,0,34,4,33,6,28
-15,-27,6,-2,2,-31,-7,-15,6,-26,8,-2
-9,-22,-2,-35,9,-10,-10,-8,-11,-29,0,0
0,-9,-2,-7,2,-12,-3,-11,-5,-30,-12,-27
-10,-8,8,0,2,-6,-8,-8,-11,-23,-1,-13
-3,-1,-1,-31,-15,-10,6,-28,-7,-9,-4,-25
-8,-5,-3,-1,-9,-30,-13,-14,3,-6,-14,-15
3,1,3,-20,5,-8,-12,-27,-14,-11,-13,-15
4,-17,-2,-17,-11,-28,-9,0,-14,-26,-7,-11
1,-28,11,-15,-1,6,-7,6,4,-19,3,-7
0,-4,-3,-9,-3,-20,-7,-15,-6,-22,1,-6
-6,-19,3,-18,2,-1,-2,4,-8,8,7,7
-12,-24,3,-22,-5,-18,-9,-6,4,4,-13,-12
-15,-3,-4,-1,-14,-7,-12,4,-3,0,5,-6
-8,-7,-9,-15,-1,-19,8,13,-7,-2,2,0
-5,12,-14,-5,1,-18,4,-22,9,-1,-13,-5
-12,-6,10,15,-3,-7,-12,15,7,-1,-13,7
-6,11,-6,-4,6,7,4,-5,6,-9,1,0
-4,11,4,-6,5,-8,-2,-7,6,5,-7,6
-15,-8,1,15,-11,8,-13,16,-15,-6,-4,2
0,1,-11,1,-1,1,9,-9,-1,-16,-7,-5
1,-4,-3,7,-4,-16,-3,8,-3,0,4,19
-4,0,6,12,-7,1,0,21,-1,19,2,3
0,5,-2,17,1,-3,9,12,9,11,-10,17
2,22,9,20,-13,4,-12,12,0,16,-12,2
-1,-12,3,11,2,16,8,22,10,3,6,7
-6,-9,-1,14,-9,4,-6,9,-13,-4,-14,9
6,20,9,12,-13,14,5,3,-1,25,-15,2
-3,7,4,21,-7,23,-4,0,-13,12,-14,6
-1,10,-8,-5,-5,13,-7,20,11,4,8,4
-9,7,0,-6,-15,0,2,2,-6,10,-4,-2
-2,10,2,2,-7,7,-13,3,-13,28,5,26
-15,6,-3,-2,-13,4,0,14,0,21,0,11
0,8,-12,21,-7,21,-3,0,-9,20,-8,8
0,14,1,15,-15,28,1,24,-9,12,6,21
2,15,-14,17,3,3,-9,-1,-6,22,-2,28
-2,3,2,22,4,7,-12,30,1,6,10,14
-13,22,-8,29,-15,9,-8,7,0,3,3,19
2,-5,1,-20,8,-6,2,-22,-4,-16,-6,-22
-12,-31,11,-4,10,-4,3,-8,10,-21,5,-23
-12,-19,4,-9,9,-11,-4,-34,-8,-22,6,-12
-3,-28,0,-12,-7,-12,-9,-5,10,1,10,-5
-2,-27,4,-21,8,-6,-1,-32,-3,-7,-7,-6
-3,-6,-6,-18,-1,-21,3,-27,12,-22,-3,-15
1,-9,-11,-25,-5,-24,-10,-5,-8,-27,-4,-29
6,-10,10,-21,6,0,2,-7,-2,-17,11,-20
-7,-7,-12,0,-14,-26,-1,-14,1,-26,12,-20
-3,-23,-1,-24,9,-14,10,-13,-11,-16,-4,-16
2,-21,-11,-26,-5,-13,3,-8,3,-5,-4,-18
-1,2,-12,-4,11,-8,-11,-14,-4,-19,10,5
-4,6,-4,11,-7,12,1,-11,12,11,-2,-10
-4,5,-9,12,5,-22,3,-18,-11,-13,4,-22
2,14,2,7,-14,-18,8,-4,-3,13,0,-17
-12,-13,1,8,-9,-16,6,14,-11,-5,-6,14
-14,2,12,-11,1,8,0,-18,6,14,-11,-9
1,5,4,0,-2,4,8,-6,3,14,9,10
-1,-5,10,17,0,-13,-9,-14,-5,-11,6,8
-12,-8,6,-8,6,3,6,-5,-3,-8,2,-12
-10,7,6,-3,-8,20,1,0,-5,-6,0,-4
0,11,7,-5,3,0,-6,5,-7,-15,-9,-2
10,22,7,12,0,-12,-8,-12,9,-1,6,-6
3,19,-8,8,0,-12,1,-12,11,19,-2,-10
-3,14,1,9,-11,-5,11,19,-5,7,4,17
3,14,12,-1,-12,10,-1,12,-3,12,10,23
0,-4,-7,-3,-12,15,-7,18,1,26,3,0
-2,9,8,11,-12,-1,6,12,-5,3,1,0
2,14,0,1,-1,19,6,15,-1,11,-2,5
0,26,10,10,7,24,-5,5,6,25,2,20
-2,21,2,22,0,4,0,13,8,7,-10,-6
8,16,2,11,12,4,7,-2,11,6,1,21
10,21,-4,20,-6,32,-9,19,-4,27,-6,-2
-9,27,-3,24,-10,27,3,33,-7,21,-10,26
2,28,2,25,10,9,-11,30,-3,9,-4,7
2,25,-2,4,6,12,-10,33,5,29,-1,30
-6,23,9,29,7,4,-13,11,-3,27,1,34
-11,-23,-4,0,3,0,-2,-32,-4,-25,6,-13
-9,-28,-4,-14,5,-23,-13,1,-9,-16,-8,-28
11,-11,-10,-16,-2,-9,2,-22,1,-30,-13,-24
-10,-20,-6,-24,0,-22,-8,-3,-7,0,-4,-24
4,-6,-11,-21,7,-6,-9,-27,0,-3,2,-31
-3,-14,-5,-26,-9,-7,-4,-13,2,-10,1,-12
6,-2,3,-15,2,2,4,-14,5,-7,-8,-12
12,7,-5,-2,11,-20,-12,-26,6,-9,-12,-23
11,1,0,-17,1,8,-9,-5,7,-11,1,8
7,-9,-4,-1,3,-1,6,-22,-5,-2,-3,-27
-5,-1,-10,7,9,-12,-9,-18,-11,-11,-2,-23
2,-12,10,-5,3,-1,1,-7,-8,-9,-6,7
-5,2,2,2,11,9,-13,11,4,-23,-6,-8
-9,-10,5,10,8,10,2,-12,-2,-19,10,-1
3,13,-13,-15,10,3,-2,3,8,11,-6,3
12,14,12,7,-13,4,-8,-1,-5,15,10,-6
6,5,-13,16,6,3,-1,-9,-6,-14,-2,-16
1,15,-4,14,-8,8,7,6,-11,12,-11,-9
-12,-2,6,15,4,-9,-8,1,2,12,5,-1
1,8,7,4,-7,16,5,1,2,-13,-6,2
-8,-1,2,11,-11,3,13,-5,-4,-14,12,0
2,-10,6,4,-3,18,-4,10,7,-5,-7,14
8,6,-1,-12,7,11,-8,10,5,-5,13,-1
-2,20,-9,-3,-4,14,8,-11,-8,9,-3,21
-6,3,-2,-3,7,0,13,-3,4,4,1,15
6,13,-9,23,0,4,0,-8,-4,16,-4,24
5,11,12,24,7,8,8,14,-1,20,1,13
10,26,-4,-6,-2,20,2,9,-11,13,2,24
-2,14,12,27,-4,28,-9,-7,2,-8,0,-1
-6,10,-9,4,-5,23,3,3,-13,27,-1,22
1,6,7,20,0,-1,-3,7,4,24,6,13
8,16,-3,-2,5,18,0,30,-3,8,-12,29
7,22,4,30,3,13,-12,4,1,20,6,23
5,33,5,-1,-7,21,3,20,6,24,-3,14
6,9,4,12,-5,9,-3,26,10,19,-1,24
2,7,7,7,-7,15,8,20,11,34,-8,0
-7,26,4,12,-2,24,2,4,12,27,7,9
-5,-35,-2,0,10,-7,-5,-20,-1,-21,-1,-4
-1,1,-10,-8,11,-11,8,-7,-9,-12,-3,-6
-1,-33,3,-9,-12,-20,-4,-16,-4,-4,-12,-20
8,-6,9,3,7,-14,-10,-30,4,-6,3,-14
13,-20,9,3,-10,2,-12,-5,3,0,7,-1
10,-7,5,-6,11,-12,-2,-12,-6,-25,10,-1
2,-6,3,-30,4,-29,9,-29,-10,-29,-6,-15
-8,-15,-11,-1,-7,-26,-12,3,-6,-20,4,-6
11,-3,-7,-25,2,0,8,-12,8,-27,-2,-15
13,3,0,0,9,-2,14,-19,13,-18,8,3
-9,-21,3,8,-5,7,2,-15,-8,-14,-6,-19
-10,-2,7,-16,-4,10,-11,10,7,-9,-6,2
9,-5,-8,-12,-3,7,-4,-19,10,6,-4,-16
1,-11,-12,-10,-9,-11,-12,-9,-4,-22,-9,-11
-5,8,-2,9,-10,-20,-5,-5,-5,1,-5,1
0,2,13,8,9,-18,11,3,7,-7,-12,0
4,-13,12,1,0,-9,6,-9,8,2,-2,-14
2,0,-5,7,9,-1,3,11,7,-14,6,13
3,-9,7,-1,13,-10,-3,-14,12,10,-11,18
-9,-14,4,-15,1,-5,-11,-5,-4,1,12,4
5,-14,-1,-8,1,-8,6,11,-7,3,-1,2
6,8,1,2,-6,15,-12,-9,-5,-8,1,7
-7,-14,7,-9,-3,-10,1,11,0,-8,6,17
-7,-10,-4,20,1,-4,10,13,11,17,2,2
2,-9,-12,7,12,4,12,5,-6,16,-11,10
10,23,1,9,1,15,-10,11,8,10,10,20
0,-6,10,21,7,1,8,24,12,20,9,24
1,19,-10,-2,-1,27,-1,7,-3,7,-3,-2
3,-2,-6,16,-6,26,10,19,7,9,0,12
-9,17,-6,9,13,28,-12,12,4,3,-6,24
-2,18,-1,-2,-7,13,-4,0,6,22,12,13
-12,3,-2,9,-7,5,-5,10,-6,31,8,16
-4,0,-9,-3,-3,18,10,31,6,12,1,28
11,27,3,11,0,-2,13,16,10,15,2,22
10,26,-11,29,0,-2,12,33,6,10,2,20
12,34,-2,26,-6,12,-5,5,-8,12,-5,19
9,26,3,18,1,17,1,20,6,13,-5,21
-3,-33,11,-26,-7,-28,7,-28,-4,-17,4,-7
-1,-35,7,-9,4,0,-4,-14,-5,-31,12,-19
-5,-22,-1,-1,3,-4,-10,-13,-3,1,-9,-7
13,0,8,-8,6,-29,14,-8,7,-16,12,-6
-7,1,4,-17,-5,-27,1,4,7,-10,-3,-19
3,-16,11,-8,-11,-4,-8,-5,12,-5,9,-24
-5,-14,10,0,3,-30,-2,-29,-2,-5,-4,-26
5,-15,0,-7,6,1,2,-11,11,-3,1,-21
-5,-5,-2,-28,4,-21,1,-10,15,5,6,-12
3,-13,9,-20,11,-5,-11,-11,7,7,1,-15
-9,-6,2,-8,7,-22,8,-6,6,5,7,-18
6,-9,-2,2,-9,-9,-5,-16,-2,-17,8,-16
0,-8,6,-5,8,-14,0,2,4,-4,9,11
-4,-9,-11,-1,-9,3,-10,-14,2,-22,-3,3
-3,11,-9,-8,-2,-1,-6,-6,-3,-8,8,-20
-4,12,1,-4,-5,-14,-7,-11,-7,-16,7,2
7,-15,5,10,-8,-6,12,3,-1,-6,7,-16
13,9,-4,14,5,11,2,2,-2,-6,11,-1
3,4,9,-1,14,-3,8,9,6,5,-3,1
14,1,5,6,-1,-3,10,-17,6,-3,-6,-13
11,-2,1,12,-7,4,6,1,12,4,1,15
12,3,-6,0,9,8,1,-12,-5,-14,9,-13
15,18,-11,6,6,22,-6,-4,4,-1,7,21
14,2,7,22,-2,-11,-4,9,8,12,1,-13
1,-1,4,-2,0,-10,7,24,10,22,5,14
-9,8,8,21,7,-11,-11,-8,2,11,6,-10
9,15,-10,3,4,2,-1,5,14,7,10,19
5,1,-6,12,0,-2,-6,5,6,10,-1,24
7,25,11,5,0,-3,6,5,-1,3,0,22
9,28,0,29,-5,12,9,-7,-6,24,4,15
6,8,-9,-5,1,-4,-2,29,3,11,10,14
8,5,13,19,4,19,2,0,9,15,10,5
7,6,1,6,-7,-4,14,31,0,18,2,19
-1,-2,-3,28,6,23,-11,10,-5,24,3,27
-8,34,8,34,6,33,-9,13,6,33,7,23
-3,-1,14,32,-7,6,8,33,-10,4,7,6
-7,12,5,14,12,36,4,24,-9,35,3,9
-3,-34,6,-24,7,-15,13,-24,-7,-14,-1,-35
0,0,-10,-17,4,-18,-3,-16,-5,1,-5,-11
3,0,-2,-4,-3,1,-6,-22,0,-8,-7,-10
0,-27,1,-26,-10,1,-1,-18,6,-9,10,-9
-5,0,10,-28,-4,-29,10,-17,8,-21,10,-26
-4,-14,1,1,-9,-18,-10,-22,-8,-3,-7,-26
5,2,-7,-4,-2,-21,1,-16,2,2,7,-27
-6,-7,-7,-22,-5,-22,9,-20,6,4,2,3
-9,-1,-1,-26,9,-21,1,-9,-8,2,-4,-11
0,-22,10,-24,-5,-9,-2,-16,15,6,-9,2
-10,-9,-1,-9,10,-23,-4,-19,5,-4,-4,-10
0,0,-4,10,10,7,10,11,2,1,7,4
-3,5,-9,-17,-8,-11,-9,-7,-8,8,2,-5
8,11,-4,-12,-8,4,0,1,4,-10,-4,-1
-5,-3,8,8,11,-3,-3,-17,-9,-7,8,-11
-9,-13,15,9,7,10,-8,-21,-7,9,-1,-10
1,-14,3,-11,6,0,4,4,-7,-6,-5,10
3,2,-6,-3,-7,6,0,2,-7,13,3,2
12,2,-5,2,1,-1,8,-4,-2,9,5,-13
13,16,-4,9,4,6,11,-7,4,-12,7,-10
15,-6,8,-7,9,18,-8,16,0,-8,-6,-13
9,16,-3,12,3,16,-8,-7,6,-1,3,9
11,-3,-6,-7,14,10,-2,-10,-1,18,1,15
16,21,2,20,-4,-2,2,3,3,4,-8,21
-1,-3,4,4,10,-7,3,12,8,-2,14,1
8,7,0,9,5,15,-5,-8,-2,5,-6,-3
12,16,-9,17,11,24,-9,-5,5,18,-10,12
14,22,11,22,15,27,6,-9,14,0,-9,12
-4,20,3,0,3,5,16,26,-6,21,7,13
-6,17,9,-5,4,18,15,9,4,7,-8,1
7,25,4,1,-7,30,-7,0,9,20,10,23
12,20,0,12,15,29,9,6,-4,24,-3,1
-3,0,10,2,7,28,14,15,-7,9,-5,25
-9,11,10,2,-6,16,-1,-3,15,5,-1,17
-2,5,0,28,9,25,9,4,8,3,-2,20
12,29,-4,19,2,30,3,18,-5,33,11,29
9,14,12,36,14,21,8,19,-3,1,-5,6
-2,-24,-5,-10,9,-23,9,-31,-5,0,2,-21
3,1,-1,-10,15,-8,3,-29,-3,-15,4,-35
-2,-34,4,-20,11,-28,13,-3,-4,-4,11,-11
-4,-5,-4,-14,16,-1,-3,-8,10,-31,9,-15
-9,-1,-7,-8,11,-25,11,-18,-4,-14,16,-1
0,-4,-2,-27,1,-3,-8,-11,-6,-14,2,-21
8,-8,-7,-26,3,5,-4,-5,6,-3,-2,-21
-4,-12,-7,7,-3,-2,14,-4,5,-4,-2,-22
-6,-12,-5,-26,-2,-11,-8,-18,6,-5,1,0
-5,1,-5,-27,1,2,5,-23,-8,-13,-4,9
-8,6,-4,10,-2,0,-3,-2,-4,0,5,-19
0,-9,2,-25,-8,-18,3,-17,4,9,-4,-14
-7,0,7,-13,15,2,-1,-17,-6,-23,4,-14
-1,1,-7,-18,-7,-8,-4,-5,1,2,15,-14
-3,3,4,-21,-1,-18,-9,-5,15,11,1,1
-9,-16,-1,0,-1,12,12,7,11,-10,7,11
-5,-14,15,9,13,5,9,4,-6,-12,10,8
3,3,-9,-11,2,-15,-5,-15,4,-4,0,14
10,1,11,14,-8,-15,-5,-9,-8,11,8,-13
-5,-14,13,-3,9,-7,6,5,4,4,-6,-9
-5,20,14,5,3,4,11,2,-3,18,-3,18
9,15,5,15,12,8,16,13,2,1,-9,1
16,13,-1,15,-4,-8,-3,-8,11,-1,0,-11
-3,-2,-8,-12,7,22,8,7,-5,20,-4,8
-5,-4,-9,9,2,20,3,14,15,24,9,12
0,11,0,3,11,-10,4,22,-8,23,1,5
0,25,13,8,9,9,4,5,-6,23,-9,24
-4,4,14,16,4,-8,-3,6,-3,9,1,20
16,1,-8,3,1,9,6,-6,4,-8,9,-5
7,8,-3,29,5,0,-4,27,-1,21,7,9
6,4,2,14,10,11,6,-3,-9,13,2,15
-1,30,6,0,10,-5,15,5,15,24,-2,29
-2,32,-8,6,14,23,6,16,-9,12,-4,8
13,10,6,14,-2,-1,1,19,-8,32,-7,32
10,28,1,4,-4,10,-3,9,13,21,0,10
-3,-1,4,34,-2,2,-5,2,1,9,-8,25
1,11,14,22,6,36,16,29,-1,3,-8,4
18,-1,3,-24,7,-34,6,-2,-3,-23,-3,-27
-4,0,17,-19,4,-17,8,-23,16,-25,16,-11
3,-32,16,-11,-6,-34,4,-12,-8,-33,8,-31
0,-18,4,-4,6,-1,-7,-33,-1,-28,8,-32
-6,-6,-5,-10,4,-16,17,-21,12,-7,10,-17
-4,-6,6,-28,-4,1,7,-22,-6,-2,12,-26
-5,1,2,-17,12,-16,-3,-19,2,-3,6,-16
-4,-11,4,-4,0,-19,-1,-17,12,-15,-1,2
-4,4,-1,-18,2,-23,-1,-5,2,-23,-8,-5
-7,1,-3,3,7,2,15,8,9,-2,-8,-20
2,0,12,-8,11,-1,8,4,-8,-2,-6,-12
-5,-2,11,1,-3,-12,17,-15,15,6,-7,3
3,4,-6,1,8,-10,3,6,7,-10,4,10
-6,5,1,9,10,9,-4,-7,1,11,6,10
-7,-5,-4,1,-8,8,12,-14,12,-14,0,14
-8,-17,9,-17,4,5,3,-4,-5,13,-6,8
-7,15,14,8,3,-12,0,2,17,11,-4,-1
16,11,17,-10,-3,9,15,10,0,-19,-4,16
5,-13,6,5,-5,-2,3,-3,-5,6,-7,-4
12,6,10,-10,13,4,-2,17,-5,-2,-3,-12
10,-9,-6,0,-6,-15,1,17,3,-2,-1,6
17,11,8,5,-2,3,-2,17,15,13,2,-5
1,-4,16,11,0,9,-6,11,9,15,6,-11
-3,-5,9,15,-3,10,2,20,-5,6,9,-9
16,12,7,24,-7,3,6,13,12,15,2,7
8,7,-2,-10,9,0,9,4,5,3,-6,21
9,8,6,16,10,19,10,18,0,14,-2,22
13,15,0,11,-2,-3,-1,20,5,-4,-4,3
14,21,0,6,2,4,-1,27,2,27,4,10
11,10,-5,7,10,10,9,4,-7,17,12,20
10,3,1,5,9,-5,-3,3,12,18,-8,12
5,5,8,-2,17,14,9,14,-6,11,-3,23
12,13,-2,0,-4,17,9,29,-5,24,3,-3
1,18,16,16,-3,22,16,13,-1,7,14,29
-6,33,7,5,1,22,12,15,-5,34,-2,9
17,15,-5,23,5,15,6,15,1,3,-4,14
0,12,9,15,-1,32,-4,2,-7,21,10,14
1,-16,0,-12,0,-16,4,-1,1,-31,13,-32
15,-3,3,-35,10,-15,1,-18,-1,-25,-3,-34
-2,1,4,-19,-1,-32,3,-18,3,-22,-7,-8
5,-30,17,-22,-5,-21,7,-20,0,-25,1,-33
11,-13,16,-18,-4,-1,16,-17,9,-6,8,-24
-4,-6,12,-27,14,-29,-3,-17,2,-2,0,5
-4,-4,1,-27,16,-14,13,-23,5,-15,1,-23
0,-1,9,-22,2,4,-2,-12,-7,-14,-6,-20
-2,-4,10,-8,15,-4,12,-16,-3,-21,4,-6
0,0,9,-27,-4,8,14,6,10,1,8,-15
-3,3,3,-25,0,-10,6,-20,6,-3,3,4
-1,2,-7,-24,10,-7,-4,-1,-3,-1,-3,-2
3,8,13,0,13,-8,-4,6,5,-11,-1,-15
-5,9,-2,-21,-4,-3,8,12,9,6,-7,-4
-7,4,-5,-16,10,-19,5,9,18,-10,2,0
-6,3,4,-16,16,10,9,-6,9,-8,5,-6
19,-11,-3,16,4,6,0,13,11,-5,1,4
7,16,2,-13,-3,10,9,-8,9,-15,12,15
0,6,17,16,2,-7,10,-4,14,18,6,0
8,-6,-1,14,-1,-5,15,8,19,-9,6,11
-3,4,7,-11,-7,-8,1,9,-3,15,4,-16
-3,-4,-3,-6,-6,-3,4,-7,0,-4,8,-8
0,-4,-3,3,-4,18,13,-8,11,-10,9,21
12,-7,5,0,-1,19,1,6,11,6,17,20
13,18,-2,19,-6,19,-4,17,17,-4,9,-1
17,6,3,-4,-5,-6,7,25,10,-4,18,-3
12,23,-7,14,-1,12,0,24,-2,25,4,25
11,11,15,13,9,-9,-1,21,17,2,6,16
7,2,-3,-5,11,20,13,18,-3,13,-2,2
2,-4,9,25,9,-4,10,17,-7,21,-3,19
6,29,3,-4,2,9,-5,-4,-2,4,-3,26
1,31,-7,22,14,25,-4,28,7,10,3,21
11,23,11,28,13,29,13,25,10,-1,3,1
-1,32,0,20,6,30,2,2,-6,22,19,8
13,26,9,22,-2,31,12,20,-6,10,-5,16
8,15,1,10,-6,8,10,6,7,7,11,19
-5,1,1,18,-4,34,14,25,16,22,1,15
-4,-36,5,-7,17,-1,15,-1,0,-1,-1,-14
20,-22,-1,-3,3,-16,8,0,3,-21,14,-32
19,-6,-3,-24,-6,2,17,-7,-3,-13,0,-9
-3,-23,14,-14,10,-1,2,-31,6,-32,18,-2
6,-11,-2,-19,10,-20,10,-19,13,-26,-4,-13
-5,-5,14,-19,-5,-8,5,-20,3,-3,5,-7
1,1,3,-25,2,-23,2,0,13,-23,4,2
-3,-7,9,2,13,-3,-3,-28,17,-6,11,-10
7,-6,11,-1,16,8,18,4,-4,-15,10,6
3,-23,5,-8,4,4,15,-7,16,5,13,9
9,-6,17,0,10,-21,10,-25,-5,-4,0,-14
-3,2,-4,-15,-5,8,2,-2,11,-10,10,4
-2,-9,12,4,1,7,4,-19,9,0,9,8
3,7,10,8,16,12,-6,10,4,7,-2,-12
10,1,17,-10,1,3,-3,-5,13,13,15,0
10,-12,10,-15,6,15,4,9,1,5,13,4
7,-9,5,-2,19,-10,-4,-4,16,7,5,3
5,15,5,-3,3,-18,9,-12,6,-2,6,-8
8,14,-5,-9,-2,-3,5,-6,10,0,11,-4
5,0,2,-10,-6,9,18,17,-3,-12,12,-5
4,-7,4,-5,9,1,19,1,15,2,10,-4
4,-7,13,5,-4,14,0,-5,-4,-13,-2,9
6,-2,9,10,4,-5,-2,15,12,6,6,10
6,0,14,22,1,-3,-5,15,8,18,15,18
13,1,6,3,-5,10,0,4,9,21,6,5
17,3,-6,23,4,9,12,-10,3,4,-5,2
-5,-3,2,13,2,10,0,-5,4,5,6,11
0,13,8,6,5,11,4,-5,20,27,7,7
5,15,9,3,16,20,4,-1,19,6,-4,22
13,2,16,26,3,0,-6,24,7,21,11,18
6,29,2,22,2,16,11,4,2,23,13,1
19,12,-3,26,-4,28,6,27,-4,31,-3,24
3,32,11,25,4,32,0,4,6,4,-2,13
11,-2,2,-1,18,31,-5,-1,16,22,0,-3
1,33,5,19,5,4,14,31,-5,26,6,34
11,7,-2,14,9,8,7,21,4,28,13,13
7,3,-5,16,6,30,19,9,9,6,19,36
2,-33,8,-21,17,-18,6,-2,-4,-18,4,0
1,-33,20,-17,8,-17,8,-6,1,-33,4,-14
-3,2,6,-17,21,-24,5,-11,-4,-7,4,-18
1,-4,2,-17,4,-15,-2,-11,20,3,15,-16
-4,-23,-4,2,5,-13,10,-26,13,1,21,0
-4,-13,0,-19,-4,-10,-5,-20,20,3,4,1
3,1,-3,-1,-2,-11,4,-28,-1,-13,14,-26
3,3,6,1,9,-16,9,-1,12,-20,0,-6
9,-19,8,-4,13,-20,21,-18,11,-3,13,0
-5,0,9,-23,6,-6,-2,-19,18,-8,3,-24
0,1,1,-26,21,5,18,-13,5,-10,-5,7
-1,5,9,4,-1,-9,-4,8,3,-15,3,4
3,4,4,6,7,-16,12,-3,-1,3,-4,11
4,6,4,0,-4,7,-4,8,0,-12,-1,-5
12,11,-2,-16,3,-3,-2,-2,-4,8,17,-3
6,10,13,-16,10,1,20,11,18,12,13,-16
-1,-20,5,-5,13,-4,19,10,5,-3,14,-14
9,4,1,14,9,0,19,8,16,12,9,-15
-5,-2,-3,2,8,-16,-2,3,3,-5,19,17
13,-17,10,5,-1,6,4,17,-3,7,12,15
14,11,6,-14,0,4,15,-11,-1,-7,-5,8
20,-4,9,-2,2,-8,-3,8,2,7,-4,-7
18,-2,17,5,8,0,3,15,13,-12,20,4
5,-6,3,23,-2,-10,10,20,-2,-9,6,-1
-2,-5,17,14,1,-3,4,15,4,19,4,1
18,20,19,3,-5,-5,13,15,11,-11,12,15
7,15,4,-1,13,12,0,22,19,6,1,-8
17,10,8,25,7,-5,1,-9,19,3,15,-9
7,18,18,20,11,8,17,12,12,16,14,3
13,7,2,13,18,27,9,0,9,-5,-3,4
-2,-4,12,20,-2,-2,20,12,19,17,20,28
5,-3,3,17,17,22,19,26,14,8,5,7
6,3,2,-2,9,17,1,0,-3,6,-1,32
1,0,-4,1,13,22,7,-3,19,12,-4,9
21,9,16,23,-3,18,-2,8,-5,31,0,0
19,21,6,9,-1,8,17,22,1,15,4,-1
-2,34,18,27,-3,35,16,23,8,12,20,25
4,-34,-3,-13,0,-1,13,-1,13,-23,-2,-33
15,-34,13,-13,6,0,-3,-22,9,-24,-2,-9
0,-32,4,-34,-1,-13,16,-7,-4,-27,15,-31
7,-30,10,-25,9,-5,5,-17,20,-7,11,-18
5,-7,-2,-13,2,-6,15,-30,3,-30,16,-21
6,2,-4,4,1,-27,-3,-12,7,-28,11,-17
0,1,8,-29,-4,2,14,-10,-3,3,0,-25
-2,0,1,-2,19,-7,18,-15,1,-29,0,2
-3,5,17,-8,-1,-1,-2,-1,18,8,19,0
-1,5,8,8,11,0,2,-9,-1,4,-2,-21
11,7,13,6,18,-5,7,7,-3,0,-1,-4
-4,5,-2,-3,1,-9,2,-8,17,-4,-4,-20
-1,6,11,-5,-1,-6,-4,2,7,7,-3,6
1,-1,6,-14,22,-10,9,-6,17,-1,14,-1
9,-7,1,-6,12,5,16,-18,-2,4,4,-12
15,13,0,0,11,-8,14,-21,1,-12,15,-8
13,-14,20,10,12,-12,-4,10,2,1,8,10
2,-12,21,-6,20,-7,11,7,15,-1,-3,0
-2,-8,-4,7,11,2,9,-16,6,6,7,-4
19,7,2,-10,21,-5,-4,6,1,-5,7,-4
13,-12,-4,-4,1,-1,7,-3,8,-16,16,9
2,-7,4,2,11,-15,13,-15,15,19,4,-14
17,-4,17,18,1,3,16,6,10,-2,2,-11
3,-5,2,1,7,-4,19,8,9,20,5,-8
-2,2,6,13,13,4,6,14,9,24,1,4
19,18,9,-5,4,-5,16,-10,16,-11,-1,8
-2,11,6,16,-3,15,7,-7,7,2,1,17
13,11,11,-3,19,20,7,14,8,19,21,21
10,-3,-1,4,11,-2,22,28,2,5,8,2
14,5,11,28,18,24,8,6,15,-6,12,11
16,14,9,27,3,23,15,27,12,0,8,-1
17,24,2,0,8,10,7,13,0,27,11,31
16,7,16,18,12,19,2,17,8,32,0,10
0,-2,16,30,10,0,5,6,11,9,1,32
1,5,8,34,5,3,3,2,6,-1,13,15
7,-1,-4,28,12,33,19,17,-4,3,-1,34
6,10,-4,14,-3,14,-2,1,0,15,22,35
7,0,-3,-33,17,-6,-1,-3,9,-34,1,-14
3,-34,3,-3,11,-4,21,-24,1,-34,11,-11
2,-32,-3,-32,8,-11,4,-4,8,-8,11,-21
13,-4,15,3,-1,-11,0,-29,21,-2,19,-20
12,-32,9,-12,-3,-17,11,-18,8,-8,12,-11
0,-14,-3,-1,6,-6,1,-12,0,-5,-1,-15
-1,-12,-1,4,15,0,8,-6,9,-21,0,-5
-3,-1,15,-25,1,-12,1,1,-3,-9,5,-9
0,1,2,-3,-3,-4,-1,-9,3,-2,12,2
6,7,8,6,9,-24,2,-20,-3,-6,9,-18
1,-9,8,-15,3,-1,-2,6,-3,-16,3,-16
-1,5,1,-24,8,-7,1,-3,4,3,13,-8
4,8,5,-8,2,-16,1,-6,12,-8,1,3
7,6,0,9,5,-6,0,-7,-3,13,21,-12
-1,5,12,11,-3,-1,17,-19,0,-22,0,-16
17,13,-3,-6,12,-3,8,8,2,-15,19,6
16,-15,10,6,4,-14,14,-12,5,-1,4,-7
9,-18,18,-8,17,-10,6,17,0,-17,0,-6
14,10,7,5,15,18,5,-4,-1,1,11,8
7,4,16,5,8,16,17,5,13,6,13,2
10,9,4,9,4,-2,15,-4,1,4,17,12
13,10,12,-2,-2,-13,13,-13,11,6,8,18
4,-1,2,-5,16,17,14,16,3,-6,7,22
15,16,-2,8,4,11,2,23,6,-12,3,11
4,8,-3,14,15,8,23,23,23,22,22,-1
4,8,1,21,14,2,21,22,-1,-8,0,21
-2,2,-1,22,15,-8,2,-10,-2,10,1,-3
8,10,0,18,17,19,3,17,22,20,1,7
17,16,-2,-5,22,23,12,17,16,-4,21,7
11,-3,-1,11,-2,-3,-3,-2,10,0,-1,15
10,2,-1,-6,1,0,12,28,17,10,17,4
0,7,15,16,12,5,-2,31,3,26,-1,7
23,6,11,8,2,28,1,2,11,19,13,6
9,17,9,8,12,22,10,33,-1,15,20,21
4,5,3,32,-3,-1,22,34,4,23,-2,25
-3,12,5,31,14,1,10,33,4,11,0,8
21,13,9,0,10,20,13,24,5,2,-2,24
10,-2,22,-8,2,0,9,-31,-1,-25,0,-15
0,-1,-1,-21,6,-35,-1,-1,15,-33,12,-7
4,-14,4,-16,23,-21,20,-2,-1,-11,4,-33
11,-1,12,-16,20,1,20,-5,18,-24,10,-31
-2,-8,22,-19,15,-24,17,-6,16,-26,5,1
0,-6,2,-4,5,-22,16,-6,3,-30,20,-11
-2,2,15,-13,9,-20,-2,-18,0,-26,20,6
-1,1,1,-27,0,1,9,-29,-1,-13,7,-19
7,4,10,-19,10,-4,6,-2,-1,4,2,-26
-2,6,-1,-5,19,-14,8,4,2,-2,2,-17
3,-10,3,-26,1,-3,-1,3,11,9,8,5
-1,6,6,-16,9,3,2,-8,9,-15,20,0
2,-8,16,-4,3,-2,2,4,10,7,16,-15
5,2,11,-2,-2,0,17,-16,4,-6,5,-18
3,1,24,-8,7,-19,10,-13,3,10,-1,9
13,-7,0,2,18,0,5,-20,6,-17,7,-4
0,-4,2,0,6,-8,12,-14,7,15,16,-4
21,3,17,-7,11,-19,0,-15,10,10,17,-1
12,12,7,4,11,-12,10,12,1,-6,11,-13
0,-12,0,-4,2,-7,6,-8,5,12,0,16
8,2,11,3,12,-7,24,-4,0,-10,9,20
6,-1,-1,15,22,-1,17,15,17,21,19,17
-1,-4,12,10,-1,15,17,0,5,3,16,20
5,9,17,5,7,-4,14,12,19,0,22,5
-1,-8,8,7,3,12,19,14,0,0,9,5
-2,8,23,14,0,-8,2,22,20,10,1,12
0,1,1,26,14,11,23,23,-1,21,-1,7
14,2,13,21,16,0,13,-9,7,24,8,-7
15,22,12,10,-2,-3,7,3,12,25,2,1
23,27,-2,-7,17,17,14,14,5,2,1,11
15,-1,9,29,15,13,1,8,1,0,1,11
23,28,12,9,10,17,22,4,11,19,5,19
14,12,8,25,17,10,10,10,14,18,7,20
10,14,-2,25,16,21,10,30,5,17,1,-3
6,-1,0,0,3,28,12,27,9,5,17,27
5,4,20,23,10,32,1,33,19,34,21,20
11,36,3,11,23,9,11,11,9,21,22,8
2,-1,16,-31,6,-14,14,-15,11,-33,22,-22
5,-31,-1,-29,1,-31,4,-6,6,-8,13,-4
4,-14,10,-3,11,-29,11,-33,7,-23,6,-7
8,-21,9,-5,2,-18,14,-10,11,-8,6,-30
17,3,14,-24,8,-22,19,-13,18,0,17,1
4,-13,18,-28,-1,-20,7,1,0,-14,0,-13
15,-10,-1,1,8,-14,0,-6,8,-9,0,-28
3,-2,2,-1,3,-4,3,-2,0,-20,0,-26
-1,1,21,7,2,-2,13,-16,1,-11,0,-21
3,-1,8,-17,4,7,16,-24,8,-9,6,-26
16,-5,16,-15,5,-9,8,6,5,6,2,-23
8,3,0,-20,11,-19,3,1,5,-25,18,-25
17,8,7,-9,18,9,20,8,7,-12,23,-2
11,5,13,-23,-1,6,18,-19,14,-16,4,-8
7,-6,1,8,7,2,0,1,1,1,1,-18
15,11,8,-3,9,13,9,4,2,6,4,5
5,4,0,16,7,-12,-1,8,0,16,11,3
13,-17,0,-4,18,3,11,2,14,-11,14,-8
11,-18,8,7,0,17,3,-5,13,1,-1,-18
1,-5,16,-17,14,-16,8,14,4,12,5,4
5,3,6,12,0,2,16,16,18,7,21,10
0,-14,18,-15,0,21,12,-14,21,16,7,6
10,13,24,1,0,2,5,9,19,-8,11,13
18,10,22,18,0,19,4,9,1,-8,22,20
20,24,0,13,4,14,21,21,14,-2,0,-2
9,4,17,4,5,10,14,16,1,0,0,-6
8,-5,3,18,11,19,20,21,20,18,-1,20
11,20,1,26,20,11,10,11,6,26,0,-8
12,12,5,17,7,-7,12,23,-1,-2,-1,24
0,16,12,22,7,11,7,29,9,-5,-1,20
16,30,12,1,14,17,9,5,8,30,-1,23
11,28,6,-4,5,24,4,16,14,6,-1,12
-1,16,0,31,9,-3,17,13,4,19,1,1
13,28,16,18,5,11,0,15,19,9,8,-1
16,-2,15,-1,15,5,1,8,15,19,12,15
23,17,12,24,11,12,14,28,8,25,2,15
16,9,17,1,12,3,6,8,13,3,3,4
4,-15,4,-5,11,-35,19,0,19,-15,8,-19
7,-1,23,-20,10,-13,2,-30,0,-10,9,-4
8,-13,5,-8,11,1,16,-30,11,-21,6,-8
23,-5,11,-30,20,3,19,2,1,-32,22,-12
15,-5,7,-13,16,-26,11,0,11,-30,6,-18
3,-13,5,-8,0,-14,0,-6,1,-29,5,-28
16,3,2,-18,23,-13,23,-13,5,-28,0,-5
16,-5,3,1,1,-3,19,-26,4,-7,3,1
9,5,23,-12,0,5,0,-8,14,-6,3,-27
1,2,19,-20,6,8,1,-2,4,-4,8,1
5,0,15,-17,16,7,3,-8,20,-21,3,5
8,5,8,-1,20,-21,2,1,0,4,16,-3
1,1,16,-7,5,-13,0,5,20,-20,15,0
8,-5,18,-7,20,-15,2,7,0,-14,24,13
15,-15,23,13,1,2,3,1,20,-20,1,10
0,-3,20,4,15,9,25,-8,6,-14,2,15
12,12,3,-12,0,-2,2,4,0,-2,13,-8
0,-19,21,14,5,-5,5,7,12,-14,22,-5
13,15,3,-2,25,8,2,11,2,2,4,7
3,-11,16,-9,8,-2,0,-17,0,-3,0,-14
10,4,1,4,2,15,4,19,4,10,14,-8
15,-11,8,-3,6,-11,12,14,9,-9,14,1
6,1,17,4,3,15,0,10,0,21,2,11
13,-7,14,18,21,-12,9,17,20,-10,0,-5
6,21,18,1,14,23,12,16,8,14,24,20
13,12,6,6,23,22,10,25,1,-11,1,22
1,5,0,-5,15,11,17,12,5,17,0,-9
1,-7,0,-5,15,7,18,-6,1,-5,7,19
17,5,17,23,14,21,0,-4,1,-2,11,3
16,-3,1,26,10,-5,1,19,2,20,2,-6
15,-3,7,30,13,19,18,9,9,17,20,10
13,12,2,3,11,10,9,24,0,8,2,26
0,-3,1,28,13,32,7,-4,10,32,8,1
17,7,0,20,9,31,0,18,17,7,0,1
15,20,7,30,4,11,7,25,0,9,2,21
11,13,0,9,3,29,5,12,0,26,0,1
2,2,3,15,2,7,1,14,26,13,2,9
