-11,-33,-7,-18,-3,-13,-3,-15,-8,-21,-20,-16
-5,-32,-21,-16,-24,-21,-17,-17,-9,-7,-24,-9
-4,-31,-8,-18,-24,-27,-21,-17,-25,-18,0,2
-7,-24,0,3,0,3,0,3,0,3,0,2
-2,-3,0,3,0,3,0,3,0,3,0,2
-1,-22,-7,-20,-5,-24,-4,-16,-6,-24,-2,-1
-1,-18,-18,-23,-5,-20,-24,-8,-11,6,0,3
-3,-15,-9,-19,0,5,-8,-1,-7,-19,-3,-5
-5,-28,-5,-24,0,5,0,6,-15,-8,0,4
-7,-17,0,7,0,5,0,6,0,7,0,4
0,10,0,7,0,5,0,6,0,7,0,4
0,10,0,7,0,5,0,6,0,7,0,4
0,10,0,7,0,5,0,6,0,7,0,4
0,10,0,7,0,5,0,6,0,7,0,4
0,10,0,7,0,5,0,6,0,7,0,4
0,10,0,7,0,5,0,6,0,7,0,4
0,10,0,7,0,5,0,6,0,7,0,4
0,10,0,7,0,5,0,6,0,7,0,4
0,10,0,7,0,5,0,6,0,7,0,4
0,10,0,7,0,5,0,6,0,7,0,4
-1,-15,-3,9,-14,-6,-6,13,-19,17,0,-8
-12,-11,-3,11,-10,-2,-8,2,-24,12,-22,13
-26,-12,-8,-13,-13,7,-1,-3,-18,-4,-6,-1
-8,17,-17,-7,-24,8,-9,0,-3,15,-5,-7
-22,-12,-6,12,-16,0,-20,-12,-4,22,-17,15
-17,1,-19,13,-4,0,-21,18,-10,1,0,9
-26,-4,-13,23,-8,20,-22,8,-8,-4,-17,-8
-19,14,-13,-3,-25,27,-13,-8,-12,7,-26,21
0,18,0,15,0,13,0,14,0,15,0,11
0,18,0,15,0,13,0,14,0,15,0,11
0,18,0,15,0,13,0,14,0,15,0,11
0,18,0,15,0,13,0,14,0,15,0,11
0,18,0,15,0,13,0,14,0,15,0,11
0,18,0,15,0,13,0,14,0,15,0,11
0,18,0,15,0,13,0,14,0,15,0,11
0,18,0,15,0,13,0,14,0,15,0,11
-7,11,-6,4,-6,10,-9,34,-14,25,0,11
-14,-7,1,-21,-14,-9,-19,-28,-25,-12,-23,-31
-12,-20,-17,0,-14,-6,-12,-31,-10,-14,-13,-13
-19,-24,-4,-18,-8,-20,-6,-10,-14,-24,-22,-17
-24,-3,-12,-30,-4,-18,-4,-18,-12,3,-7,-12
-6,-4,-19,-20,-2,-8,-24,-6,-14,0,-8,-23
-20,1,1,-25,-17,-31,-8,-27,-6,-3,-24,-10
-2,-19,-15,-21,-4,-17,-12,-22,-16,-7,-15,-30
-1,-24,-17,3,-17,-16,-11,-6,-12,-10,-21,-24
-1,-28,1,-14,-4,-20,1,-14,1,-13,1,-18
-5,-17,-6,-3,-4,-26,1,-14,1,-13,-6,5
1,-8,1,-13,1,-13,1,-14,1,-13,1,-17
1,-8,1,-13,1,-13,1,-14,1,-13,1,-25
1,-8,1,-13,1,-13,1,-14,1,-13,0,10
1,-8,1,-13,1,-13,1,-14,1,-13,0,10
1,-8,1,-13,1,-13,1,-22,1,-13,0,10
-2,-6,-7,14,-13,-12,-2,2,-20,-7,-16,-6
1,-14,-25,2,-6,15,-18,-20,-2,-2,-9,-10
-20,17,0,-13,-2,3,-5,9,-11,10,-14,-14
-20,15,-5,2,-13,-4,-10,-7,-6,18,-7,-18
-5,-10,-1,-11,-2,2,-14,-12,-24,-5,-13,2
1,-3,1,-16,1,-16,0,18,1,-16,0,15
-3,-9,-6,-12,-7,-14,-3,12,-10,3,-7,-3
-12,19,-5,3,-18,-12,-10,10,-22,15,-21,3
-18,2,-8,18,-17,-5,-22,-7,-7,7,-18,-9
-24,21,-13,10,-12,6,-15,5,-1,24,-11,23
-17,22,-9,17,-13,5,-10,3,-5,17,-23,3
-11,21,-10,14,-10,15,-1,25,-7,25,-13,-1
-21,7,-22,16,-12,-4,-23,5,1,-8,-5,-2
1,4,0,26,0,26,0,25,0,26,0,22
1,4,0,26,0,26,0,25,0,26,0,22
1,4,0,26,0,26,0,25,0,26,0,22
1,4,0,26,0,26,0,25,0,26,0,22
1,-4,0,26,0,26,0,25,0,26,0,22
0,31,0,26,0,26,0,25,0,26,0,22
-5,10,-19,16,-3,10,0,25,-13,5,-2,16
-5,8,0,27,-16,20,-10,33,-5,3,-2,33
-5,11,-15,31,-4,0,-23,17,-22,9,-2,25
-16,-14,-2,0,-9,-22,-19,-4,-6,-9,-13,-34
-17,-13,-6,-5,-18,-34,-3,-32,-12,-1,-7,-23
-9,-5,-15,-8,-18,-18,-8,-26,-4,-32,-4,-26
-5,-20,-8,-9,-9,0,-7,-23,-24,-18,-4,-12
-16,-24,-16,-2,-12,-27,-21,-18,-20,1,-8,-21
-18,-29,-6,-5,-15,-2,-11,-9,1,5,-14,-16
-6,3,-3,-30,-15,-6,-5,-9,-24,-21,1,-6
-6,5,-4,-27,-5,-8,-21,-26,-15,-29,-17,6
-1,4,-12,7,-20,-19,-6,-2,-13,-24,-6,4
-7,-3,-15,-6,-20,-20,1,-25,-16,-4,-5,-25
-14,9,-3,10,-2,-10,-14,-12,-24,9,-3,-1
-21,8,-12,11,-20,-17,0,7,-16,10,1,-2
-18,-8,-14,-9,-4,-10,0,7,-3,9,-21,-24
0,-22,-23,13,-20,6,-17,-5,-6,-23,-15,1
1,11,1,5,1,6,1,4,1,6,1,0
-1,-4,-14,7,-11,4,-11,-11,-10,-13,-13,7
-11,-7,-19,9,-11,11,-8,-6,-11,-19,1,1
-1,15,1,17,-9,-4,-1,7,-5,-17,-23,3
-1,15,-8,12,-11,16,-14,-16,-11,-2,-2,-1
-22,14,-18,-14,-19,17,-23,-6,-6,-5,1,-15
-7,-11,-8,-9,-19,-14,0,13,-7,13,-14,-8
-13,18,-20,2,-1,-8,-3,14,-14,-6,-6,2
-3,1,-23,10,-19,22,-17,-11,-3,1,-17,10
-17,20,-5,-13,1,-11,-1,-4,-18,0,-13,-12
1,20,1,14,1,15,1,13,1,15,1,8
-18,3,-16,18,-19,11,-3,7,-15,2,-8,23
-4,14,-4,-5,-7,-7,-15,0,-12,-9,-21,-4
-1,4,0,23,-4,8,-9,12,-12,10,-11,26
1,23,1,17,1,18,1,16,1,18,1,11
1,23,1,17,1,18,1,16,1,18,1,11
1,23,1,17,1,18,1,16,1,18,1,11
1,23,1,17,1,18,1,16,1,18,1,11
1,23,1,17,1,18,1,16,1,18,1,11
1,23,1,17,-4,8,1,16,1,18,1,11
-3,-1,-15,7,-23,16,1,16,-5,12,1,11
-3,3,1,18,-22,11,-11,6,-9,34,-7,23
0,2,1,18,-4,30,1,17,1,20,1,0
-2,-16,0,-24,-16,-4,-17,-2,-5,-11,-22,-32
-6,-29,-12,-28,0,-24,-17,0,-9,-2,-20,-5
-19,-4,1,-22,-4,-34,-5,-22,-7,-23,-19,-18
-1,-5,-15,-15,-22,1,-18,-25,-7,-12,-15,-16
-12,-31,-2,-8,-7,-11,-10,-1,-6,-25,-4,3
-17,-23,-19,-15,-19,-16,-8,-13,-8,-16,-17,2
-10,1,-11,-3,-13,4,-11,0,-5,-11,-17,-3
0,-4,-3,-13,-8,-2,-13,5,-13,1,-3,-5
-9,-6,-9,-24,-16,-3,-5,6,-10,-4,0,-11
-9,-4,-20,-20,2,-21,-20,2,-11,4,-19,-20
-2,-7,-9,8,0,6,-15,-24,-11,-26,-5,-18
-21,-19,-8,-4,-2,2,-19,0,-3,-25,-11,-20
-2,9,-18,-19,-8,-6,-21,-16,-17,11,-2,-10
-3,-15,-3,5,-1,7,-13,-18,-18,7,0,0
2,3,2,-5,2,-1,2,-6,2,-3,1,5
2,3,2,-5,2,-1,2,-6,2,-3,1,3
-2,-15,-11,12,-11,-5,-13,1,-7,7,1,3
2,-11,-13,-1,-16,-16,-1,17,-21,-3,-9,-15
0,-9,-16,12,-5,1,-9,-15,-15,-9,-20,16
-2,-9,-21,-17,-6,12,-3,-4,-22,1,2,18
-8,-12,-9,7,3,-14,-15,-8,-13,-10,-2,7
-1,14,-20,12,-14,-12,-9,-7,-8,1,-13,-13
-14,2,-3,17,-10,16,-16,7,-4,-7,-9,15
-2,-4,-9,7,-12,-11,-12,12,-21,7,-8,6
2,11,2,3,2,7,2,2,2,5,1,10
2,11,2,3,2,7,2,2,2,5,1,10
2,11,2,3,2,7,2,-10,2,5,1,10
2,11,2,-9,2,7,1,18,2,5,1,10
2,11,1,19,2,7,1,16,2,5,1,10
2,11,1,17,2,7,1,16,2,-7,1,10
2,11,1,17,2,7,1,16,1,21,1,10
2,11,1,17,2,-5,1,16,1,19,1,10
2,11,1,17,1,23,1,16,1,19,1,10
2,11,1,17,1,21,1,16,1,19,1,1
2,11,1,17,1,21,1,16,1,19,1,1
2,-1,1,17,1,21,1,16,1,19,1,1
-2,10,1,17,-2,4,1,16,1,19,1,1
-3,-13,-14,-2,-9,-30,-22,-28,-22,-8,-20,-23
-21,-1,0,-9,-16,-25,-6,-26,-7,-15,0,-26
-12,-26,-8,-7,-12,-28,-7,-17,-5,-12,-6,-8
-18,-9,4,-25,-8,-24,-7,-31,-19,-11,-8,-5
-22,-8,2,-16,2,-24,-19,-1,-21,-26,-4,-30
-3,-6,-10,-17,-20,-29,-8,-13,-3,-7,-5,-9
2,-20,-15,-23,-20,0,-16,-14,-2,-25,-20,-24
-18,-18,-17,-2,-17,-29,-21,0,-18,-3,-17,-15
-20,-26,1,8,4,-23,-20,-25,-1,6,-2,-11
-18,-22,-15,7,-6,-27,-18,4,-22,-24,-19,0
-15,-22,-3,-24,-15,-6,-8,10,-20,-1,-6,3
-6,-3,-7,-16,-17,-24,-17,11,-7,-24,-8,-22
-17,-14,-6,-20,-13,-19,-10,1,-15,-12,-7,12
-16,-19,0,-5,-22,9,-1,9,-13,9,-20,-20
-8,-12,-5,13,-5,-10,2,14,-5,-10,-2,-18
-16,-12,-21,-6,-3,15,-1,-7,-9,-16,3,-13
-7,-20,2,-15,2,13,2,-9,-18,-12,-10,16
1,17,-2,4,3,-8,-1,-6,-9,6,-12,10
2,9,2,-3,2,3,2,-3,2,0,2,-18
2,7,2,-3,2,3,2,-3,2,0,1,-1
1,3,-9,-16,-8,-2,-14,1,-1,15,-12,-6
-13,-7,0,-12,0,10,-16,9,-15,-4,-22,-4
-12,18,-20,-8,-10,-3,1,-1,-6,20,-8,-14
2,10,2,-9,2,6,2,-9,2,3,1,2
2,10,2,-9,2,6,2,-9,2,3,1,2
2,10,2,-9,2,6,2,-9,2,3,1,-6
2,10,2,-9,2,6,2,-9,2,-6,1,-6
2,10,2,-9,2,6,2,-9,2,-6,1,-6
2,10,1,8,2,6,1,8,2,-6,1,-6
2,10,1,8,2,-3,1,8,2,-6,1,-6
2,10,1,8,2,-3,1,8,2,-6,1,-6
-1,6,1,0,-17,15,-13,16,1,11,0,9
-1,8,1,0,-12,23,-11,18,1,11,-3,25
0,-3,-17,33,-19,19,1,2,1,11,-7,22
0,-1,-10,31,0,11,-15,26,-11,17,0,11
0,3,1,2,2,1,1,3,1,4,0,11
2,15,1,2,2,1,1,3,1,4,0,11
-10,-36,-2,-13,-7,-24,-3,-9,-17,-21,-21,-17
-6,-33,-17,-7,-3,-1,-21,-14,-6,-13,-12,-17
-12,1,0,-27,-15,-9,-11,1,-7,-10,-12,-17
-3,-10,-10,-22,-18,-3,-6,-8,1,-30,-6,-29
-10,4,-15,-16,-18,-30,2,1,-12,-18,-20,-26
2,-5,0,-1,-14,-22,-6,-1,-12,-27,-1,3
-21,-17,2,2,-18,5,-5,-24,-15,-20,-17,-10
-8,-3,-9,-8,-10,-15,-13,2,-3,1,-8,-17
-3,-11,-11,-23,-2,-16,-13,-25,-9,-26,-18,-15
0,-25,-18,-12,-13,-11,-16,7,-10,9,-2,-5
-8,-22,3,-19,-15,-23,-6,-23,-16,-1,-15,-13
-5,-9,-6,9,-21,-22,2,3,3,-17,0,6
3,-13,-11,6,-15,2,-18,-14,-4,7,-13,-23
-7,5,5,-20,-19,-4,-1,10,-9,1,-4,4
1,-1,-12,6,-13,-1,-6,14,1,-16,-21,11
-11,-9,-17,-21,-1,11,-19,-2,-19,-14,-2,-20
-11,-19,-18,-9,-8,-4,-19,0,-2,11,-9,-8
5,-17,-21,-4,-18,15,1,-17,-14,-14,-15,5
-1,-12,3,-8,0,-2,1,17,-1,9,-9,10
1,-12,2,-16,-1,-8,-20,2,2,-14,1,-7
1,-6,0,-8,1,-2,2,-14,-12,-8,1,-11
1,-4,-20,4,-14,0,-15,-1,-13,5,-20,-4
0,-1,-2,17,0,4,-6,-14,-15,3,-5,1
3,1,2,-13,3,-13,2,-12,2,-11,1,-9
3,-8,1,2,2,18,2,-12,2,-11,1,-11
0,12,-15,-5,-2,14,2,11,-10,4,4,-1
3,18,-19,15,-6,7,-9,21,-6,-3,-9,-2
1,3,1,4,-21,8,-16,12,2,-9,1,-9
1,5,1,4,-8,18,-15,13,1,6,0,4
1,7,-13,-7,-3,14,-20,10,1,6,0,4
2,-6,1,5,2,11,1,23,-1,3,0,4
2,-4,1,5,2,11,1,9,1,7,0,4
2,-2,1,1,2,11,1,9,1,7,0,4
2,0,1,1,2,11,1,9,1,7,0,2
2,2,2,15,0,9,1,9,-9,26,0,2
2,4,-19,18,2,4,1,9,-2,10,0,0
3,3,1,1,2,4,1,5,1,5,0,0
-20,-15,-16,-12,-5,-27,-16,-17,6,-29,-5,-2
-12,-20,3,-12,-4,-9,-12,-10,-12,-16,-4,-7
2,-18,2,-15,3,-9,-12,-18,4,-28,1,-7
-2,-32,-20,-22,-11,-11,1,0,3,-11,-2,-5
-18,-9,-15,-14,-2,4,-3,-11,-7,-29,-8,-12
-5,-9,-19,-1,1,-3,-2,-30,-11,-28,-10,-30
-12,-10,2,-10,-10,-26,-1,-16,0,-5,-9,6
-1,-9,-6,-22,-4,-5,-5,-22,-16,-17,-4,-12
-11,1,-5,7,-17,-27,-3,-26,-12,5,-4,2
-10,-4,-15,-4,-15,-15,-15,-14,2,-18,-20,-11
0,7,-19,-19,-15,-22,-18,7,-15,-15,-7,-15
-8,10,-10,-3,-3,-3,-2,-16,-18,5,-8,-8
-18,-3,-13,5,-20,-15,6,-23,-15,-1,1,-11
-7,11,-9,-13,-10,8,-12,-5,-20,-12,3,-1
-5,8,2,-15,2,-19,-16,-11,0,2,1,4
-12,-11,-19,5,1,-18,-14,-6,-1,2,-1,9
-10,4,-1,-16,-17,-15,-8,-17,-20,5,1,1
-9,-1,-4,2,-11,-12,-10,-16,-8,-14,-19,17
-9,6,2,17,-6,-10,-14,-12,-18,-4,0,14
-1,-17,-18,-2,1,0,-13,-16,-7,-6,-1,17
-7,-2,5,-14,-2,-4,-16,-7,-16,-10,-9,3
0,10,-5,-15,-19,10,-3,1,-15,21,-19,-13
3,-6,-20,-8,-7,6,-15,12,-15,4,-10,9
3,3,-19,4,-16,9,2,-9,2,-9,0,-1
2,-3,-13,20,-18,17,-18,23,-9,16,-10,7
-17,13,-8,18,-12,16,-16,-1,-19,-4,-15,6
4,15,-17,18,-3,13,3,9,-6,8,-17,-6
1,16,-5,16,-6,-3,-17,25,4,25,-3,-6
-15,8,2,-8,3,-8,-16,4,2,-7,0,3
3,3,1,5,3,-6,-19,6,2,-7,0,3
5,30,-18,15,2,-1,-19,3,1,6,0,3
0,-1,1,6,-19,30,-18,13,-4,20,-9,25
2,11,1,6,-19,3,0,15,1,7,-1,7
0,2,-19,31,-13,18,0,11,-11,19,-11,31
-16,13,-6,9,-9,10,0,28,0,6,-9,7
2,7,-3,24,4,35,1,20,-6,9,-7,9
4,31,-5,7,-12,9,-4,31,-7,34,-17,14
-10,-30,-11,-25,-4,-35,-18,-2,-1,-26,-3,-22
0,-13,-1,-25,-5,-20,-2,-4,4,0,-5,1
-10,-3,-4,-11,-2,-21,-1,-20,-17,-33,4,-4
-14,1,-19,-24,-19,-4,-3,-16,-5,-12,-14,-11
-14,-27,-7,-32,-8,-25,-6,2,-7,-3,1,-1
-18,-16,-5,-3,-16,-19,-3,-30,-7,-21,-11,-10
-16,-4,3,-28,-16,6,-10,0,-2,-15,-17,5
-13,-4,-16,-7,-1,-23,-7,-12,-2,-20,0,-24
-2,-8,-5,-2,-16,-4,3,-27,-16,-8,-13,2
-5,8,-6,-14,1,-22,-18,3,3,-10,0,-27
-18,-19,3,-17,-2,7,-4,0,-7,-4,-8,-26
-18,-6,-18,-16,-10,-13,-10,9,-8,-13,-6,-6
-12,-24,-3,8,0,-16,-10,-7,-9,-17,-5,-1
-14,-10,-14,-17,5,-14,-8,-4,-17,-19,-6,-19
-1,0,-2,-10,-6,-15,5,-16,-4,-10,-2,6
-14,-13,-12,-13,-14,2,-14,-15,2,11,0,-9
-3,-3,-14,-3,-19,-14,2,-3,3,-4,-7,-7
-13,-2,-3,-17,-19,11,-5,-8,-3,-1,-4,10
1,14,0,9,0,11,-11,-3,2,-1,-17,10
-18,10,-12,18,-14,14,1,19,3,-10,-2,14
-19,14,1,-3,-3,17,-1,14,-3,7,2,19
2,9,-1,-6,-13,-3,-18,-10,-1,14,-4,-9
-18,18,-1,17,0,17,-18,-7,1,22,-2,1
4,5,2,-4,4,-10,3,-13,2,-3,0,-3
-5,-10,2,22,-5,-10,-17,-8,-13,-9,-4,3
-4,0,-17,3,-16,-1,-14,-9,-2,25,3,4
-17,17,0,3,-8,20,3,14,-2,-5,-16,0
-14,26,-2,-3,3,-5,-9,16,5,3,-17,21
7,-7,-13,27,-16,19,-16,16,-8,22,-11,22
-16,25,-3,28,5,25,-10,1,-17,6,-15,6
6,29,-19,30,-10,24,4,25,2,3,-7,-2
7,3,0,5,-19,21,-15,16,4,12,-10,6
6,0,-17,0,-18,24,-10,7,-9,13,-19,20
-16,2,1,4,-2,27,-17,21,1,12,-4,-2
-1,29,-2,24,-9,-1,2,29,4,21,4,30
-5,10,-10,-1,-18,29,-9,5,-1,22,-11,12
3,20,-14,3,-2,0,-19,33,-11,22,-15,18
-14,-15,-14,-13,5,-34,-11,-9,-8,-36,-9,-1
2,-19,7,-23,-1,-3,-4,-8,4,-10,-6,-4
-7,-6,-18,-1,-5,-31,-14,-7,4,-7,-12,-11
0,-4,4,-8,-8,-16,-12,-22,-3,-28,-14,-11
-11,-8,-15,-2,2,-14,1,-25,5,-1,2,3
-15,-22,-6,0,-14,-6,-18,3,-11,-6,-6,3
-16,-23,-11,-12,-17,-13,-18,1,-11,-3,-18,-26
-12,-9,8,-28,-11,-18,-18,-1,-8,-16,1,-5
-14,-8,-6,-20,8,-27,-14,-4,-2,-28,8,-23
-16,-19,-13,-5,-8,2,-18,3,-10,3,-11,-22
-17,-17,-13,-26,4,-25,2,6,-7,-13,-15,7
-12,2,-14,-24,2,9,-9,-22,-17,-1,2,-9
-16,-15,-4,1,-4,1,-12,6,-16,-24,-1,5
-1,9,-3,-5,0,-20,-17,-20,-5,-10,-10,13
6,14,-4,-21,0,5,-13,-18,0,14,-5,-7
-11,15,-5,-14,-9,-7,-10,-20,-10,3,1,-14
1,-3,3,-7,-16,3,-2,4,-11,-4,-12,-10
-11,-7,3,8,2,-11,-16,6,5,0,-11,3
-18,-3,-17,-14,5,-9,-12,10,3,-10,8,-12
-16,0,-6,-16,4,6,-14,11,-17,6,-6,-7
-17,-2,-17,13,-16,-16,2,2,-2,13,-3,15
-9,-11,3,14,5,5,6,-2,-3,2,-13,21
5,17,-4,-9,2,21,-5,18,1,-5,-17,5
-17,18,-13,-9,-13,19,-1,1,-16,-2,-2,-13
-17,11,-10,10,7,-5,-13,-11,7,-9,-13,1
4,7,-10,4,-16,24,-15,9,-17,25,5,24
-16,24,-3,16,-13,14,-10,-4,-2,7,5,18
-2,-6,0,-7,-10,27,-9,-2,-1,-7,2,18
5,15,2,19,4,-6,-9,4,1,14,-18,-2
-14,-5,-11,8,2,-4,1,23,-2,0,-3,2
6,26,-9,6,-10,1,-9,3,-11,8,-2,-5
6,21,-5,24,-10,5,0,14,3,30,-5,-5
-10,28,-16,26,-7,13,-4,13,2,19,-5,23
2,-3,-8,18,-6,31,6,25,1,15,-4,8
-18,2,1,23,-8,12,1,-2,2,20,-6,-1
0,11,2,34,-5,28,-2,34,-13,21,5,30
-6,24,-4,36,-12,5,-11,13,5,9,-11,31
-1,-3,-17,-35,-14,-10,-14,-15,-1,-1,1,-1
-12,-23,-17,-3,-13,0,-9,0,-3,-15,1,-34
-9,-6,-6,-8,-3,-5,-16,-9,-8,-10,-8,-26
-6,-24,-14,-21,-13,-27,3,-27,6,-9,-1,2
-1,-18,-13,-2,-7,-6,-6,-22,-5,-17,-11,-15
-8,-12,-8,-4,-8,-3,-6,-24,7,2,-2,4
-12,-3,-16,-9,-11,5,4,-18,-6,-4,-12,-5
-12,-8,-16,-26,-3,-3,-13,0,0,-13,-7,-1
-17,-20,-12,2,5,-10,-2,-20,-8,-3,-2,-2
-17,-18,-2,-24,-2,3,-10,-16,-15,-5,3,2
-14,-11,-4,8,-5,-24,-4,-1,-11,-25,-11,0
-5,-7,-1,2,-6,7,4,-6,-9,3,-5,-1
-3,5,-9,-12,-17,-13,-16,11,-16,-22,-5,1
2,-5,-13,-2,-12,-4,-6,-11,-15,-20,4,6
-17,-12,-15,4,2,-20,-8,0,-12,-10,7,-16
-5,4,-6,-19,2,-12,2,-6,6,15,4,-3
3,-5,-6,13,-15,14,-12,-2,-1,16,-11,-2
-14,-12,8,-9,-17,-7,-4,5,-12,-15,-17,-18
-14,-2,-16,2,-3,13,-11,14,-14,-4,-1,3
-2,7,-10,0,0,9,-10,-9,-4,15,-12,3
-10,-5,-17,8,1,13,6,-10,-10,-10,-3,11
-6,5,-2,-10,-14,-8,0,20,-7,0,-9,9
-15,16,-9,3,-6,-8,-16,-2,-5,12,-8,0
7,0,-9,3,-4,15,-2,9,-12,22,-5,17
2,-11,-9,-10,2,-11,-9,2,6,17,-3,-3
-3,7,-3,1,-14,2,0,-3,-13,24,-4,12
-7,-1,-15,19,-3,13,-3,4,-3,9,-13,26
-10,26,0,21,-9,19,-14,17,-4,-2,5,11
2,8,8,-1,-1,26,-3,12,-8,-2,3,-8
-2,28,-7,13,-5,17,-10,24,-13,12,-6,1
6,1,4,20,0,3,3,-6,-13,5,-15,23
-11,10,-4,6,2,11,-17,22,0,19,-17,23
-5,32,-3,14,5,3,-4,-2,9,4,0,26
9,1,-7,21,-3,7,3,19,4,4,9,-2
3,24,-14,33,-17,23,-17,20,-4,33,-8,26
1,15,2,21,-1,27,-12,32,-6,21,-17,20
-1,35,-9,10,-16,32,-14,11,-10,2,-6,13
-8,-9,-9,-13,-9,-31,-1,-31,6,-3,-12,-25
-6,-8,4,-27,-16,-28,-10,-16,-8,-20,-11,-8
-9,-13,8,-4,-1,-27,-4,-11,-8,-27,8,-2
-16,-14,-5,-30,-10,-14,-6,3,-10,-27,-14,-10
-12,-4,-11,-17,0,-24,1,-31,1,-32,-6,-15
-6,-12,8,2,-6,-10,-6,-24,-7,-5,7,-11
-5,-3,-4,-10,4,-26,-9,-11,9,-18,-16,-25
0,-10,-14,-5,-15,-29,-3,-1,0,-28,3,-23
-6,-10,-5,4,8,-18,-14,6,2,5,-10,-13
-5,-5,2,-20,8,-22,-14,9,-6,-19,-12,-18
-8,-17,6,-20,0,-24,0,-15,-4,-15,8,-21
-7,-24,2,-5,-7,-24,1,-25,3,8,-8,-15
2,-17,-2,-16,-6,6,-9,-8,-10,-10,-8,-21
-16,-3,3,-17,-14,-12,-2,8,-4,12,-8,-7
3,-3,-5,-21,0,-19,-13,10,-6,-2,-7,0
-15,-8,2,-17,-5,-8,3,-9,5,0,0,4
3,-5,5,2,-12,-1,1,-3,-1,3,8,14
-9,9,-3,-9,-2,16,9,-10,-11,13,5,17
1,-4,4,8,-5,-17,-12,-14,-7,-9,-8,1
2,-13,-16,-12,-15,-15,-3,-12,10,-14,1,1
-16,10,6,15,-15,3,3,6,1,3,-7,-3
-8,9,0,-1,4,16,-6,16,3,2,-2,19
-11,-7,4,-14,-8,9,-5,9,7,16,-14,1
4,14,-14,5,4,0,-3,4,-3,5,-4,1
4,-10,-16,18,-12,9,-9,10,3,-8,-1,0
-3,24,3,3,5,12,-12,11,-13,-6,-10,25
1,13,-12,26,-13,19,3,25,1,-7,8,19
6,13,-10,20,-7,-9,6,9,-16,-3,-3,9
-3,17,2,25,2,20,7,-1,-2,6,10,-6
-10,11,-13,24,-15,6,0,14,7,1,-10,-7
-16,17,-8,-1,3,1,-11,29,4,0,-2,13
-2,28,-6,-5,5,9,7,15,-13,14,-15,5
3,32,0,18,8,24,-7,-2,3,21,7,3
-11,-3,2,24,-8,14,6,16,2,4,2,21
-1,4,0,4,-13,30,-15,-2,-15,8,5,1
-8,20,-8,5,-12,13,6,21,-1,25,4,2
-8,18,-5,14,-5,15,-9,15,-9,26,-5,32
-8,-23,-13,-23,-2,-9,1,-20,-3,-15,4,-27
-6,-7,-15,-6,-4,-35,9,-30,-1,-34,10,-23
-14,-24,-6,-19,3,-2,-7,-13,-9,-6,1,-15
-11,-14,-3,-18,-5,-18,5,2,-12,-23,-14,-6
-8,-3,6,0,-5,-21,6,-21,0,-5,-1,-16
1,-10,-2,-15,-4,-10,-12,-15,0,-18,-7,3
-4,-11,2,4,-1,-19,-3,-9,-5,-29,5,-11
0,4,5,-10,-1,-28,2,-3,-3,-17,0,-15
-3,-2,1,-8,7,-13,-6,-24,-2,-22,-7,-23
-10,-4,-2,8,-3,-23,7,-4,2,8,-15,-12
1,-15,-5,7,11,-20,-13,1,-4,5,-8,10
-1,-13,-15,-11,0,-19,-2,-2,-4,-1,-10,1
-2,-7,-4,0,2,-22,2,-6,-1,-9,-6,-3
6,9,1,-15,-2,-8,-3,-18,11,-17,5,7
-10,-11,-3,6,-9,9,-1,-1,2,-16,-3,-6
-14,-4,-7,12,2,0,4,10,-5,2,-5,-14
2,-2,0,8,1,-8,-11,-3,-11,-20,6,13
3,2,-11,14,-11,-1,-8,1,-12,7,-9,-10
-1,2,-5,-11,4,1,-3,-2,-15,-4,8,-12
-1,-11,-11,15,1,19,-9,19,4,3,-8,-1
0,12,-1,-16,1,-11,-2,3,6,20,3,-9
2,21,-7,-12,-9,-2,-6,4,3,1,1,21
-10,-5,-10,10,-3,8,-15,0,-15,-13,5,22
-3,4,-4,10,-6,-7,-15,-12,8,0,-1,19
-11,-3,-13,-10,-14,-1,-11,3,-14,9,-1,5
-11,-3,-6,6,-2,-3,-2,16,-14,9,-14,1
-4,24,7,23,-13,-1,2,-5,-14,20,3,-6
2,19,-6,14,2,1,-14,23,-10,-3,-1,6
1,26,-12,2,8,26,-4,25,-11,9,-4,3
-6,13,-2,23,2,0,11,-5,7,22,6,10
-12,19,-4,-2,-13,0,2,27,8,0,-7,3
-4,9,5,13,-3,21,-12,2,5,-4,3,-2
-9,-1,-15,23,-9,26,7,30,-5,12,-4,6
1,24,-13,17,-4,1,-3,7,-8,15,-4,31
3,33,-10,8,6,19,-1,-1,8,18,-8,13
-12,7,-6,33,-15,13,-15,12,1,14,-10,10
-9,21,-12,34,-14,20,-3,28,-5,10,1,22
-4,-14,-10,-11,-2,-4,1,-21,-9,-28,0,-26
-7,-15,7,-20,-1,0,-6,-7,7,-9,5,-2
-8,-15,-2,-24,-7,-3,0,-18,3,-21,-7,-11
-1,-9,10,2,1,-29,9,-9,4,-28,-1,-1
3,-30,-12,-21,9,-19,2,-13,1,-2,-1,1
0,1,-12,-21,-7,-18,7,-25,-5,0,-4,-17
-14,-14,-10,-19,6,-23,0,2,-13,-17,5,-9
-4,-12,-10,-7,5,-7,-6,-16,-8,3,-3,-23
-13,-17,8,-11,-1,-28,7,-18,-4,-3,-7,-2
-8,-5,5,-1,4,-19,7,-2,8,3,-5,-22
5,5,7,-23,-7,3,-3,-17,-2,-22,-1,-9
1,-6,1,-13,0,-1,-4,-5,7,-11,-6,1
-1,-22,8,5,5,-1,3,6,-9,-14,4,2
0,-7,-12,13,-10,0,5,-20,-13,5,3,10
0,-21,5,6,1,-11,3,-7,-10,-20,5,3
0,-6,-8,-17,-10,-1,8,-15,8,5,10,-11
0,14,7,-2,8,14,0,9,6,9,11,-15
-2,3,8,9,-1,13,9,8,10,11,-5,-7
-14,-6,-12,17,5,-5,9,-1,-4,-16,0,-4
-1,-17,-4,-4,8,-17,-1,-1,3,16,-5,12
-8,-9,8,14,11,-13,5,-11,-6,-5,11,-10
-3,2,-1,3,6,7,2,-3,2,-7,0,-9
-12,14,-6,-6,3,11,-1,-11,-11,14,-1,-7
4,23,-4,13,7,22,1,0,-9,-13,-12,-9
-3,11,-4,-6,-12,21,4,6,-7,23,-7,-10
-7,-10,-2,-6,-8,11,8,19,-1,22,8,22
8,7,-13,17,10,2,-1,-10,-5,19,-4,-4
-2,2,-13,3,5,25,2,24,-3,18,-2,-6
1,13,2,-8,-4,-8,-11,5,5,4,8,26
3,26,-13,16,-12,-3,9,23,10,19,5,21
-2,17,-10,9,-4,2,3,30,9,20,-1,7
0,31,3,4,2,30,6,26,2,25,1,18
-11,9,-7,12,8,17,-10,26,7,12,5,16
-13,15,-4,22,-1,11,-6,17,-13,1,-4,29
-9,20,-1,30,-10,11,4,19,3,19,-10,-1
-14,6,-12,33,7,11,-14,8,-12,9,-6,34
-11,29,-9,33,1,36,-7,10,-13,34,7,20
6,-34,6,-15,-6,-28,10,-24,-5,-4,-7,-11
4,-28,-3,-33,-9,-30,11,-9,7,-1,-5,-24
-4,-17,4,-17,0,-33,9,-27,6,-21,-2,-22
6,2,-2,-21,6,-9,-5,-4,10,1,-13,-4
-11,-10,1,-3,11,-26,-2,-29,-6,-19,-10,-3
8,-14,11,-18,10,-19,-4,5,-9,-9,-9,-10
-10,-29,-7,-19,10,-24,1,-5,-6,-10,-5,-10
-11,-15,5,-24,-1,-29,-8,-20,-7,4,11,-1
-13,-11,0,-2,-4,-26,10,-10,-9,-23,9,-1
-11,-9,7,2,-5,-22,4,-16,6,3,0,3
-6,-19,8,2,-7,-22,-2,-15,9,5,-13,-24
-8,-23,5,-8,3,-18,8,-9,1,-25,12,-16
0,-4,6,-19,-12,3,-1,-24,-10,6,-11,12
-4,-9,1,-20,-7,-6,-11,9,-5,-21,3,-11
3,4,-1,-11,-1,-21,-3,-3,-3,6,2,-6
-7,11,-13,-9,13,-17,5,10,11,7,11,-12
11,-13,-5,5,0,-10,-11,6,9,3,-9,6
-10,12,6,-3,-3,14,10,-9,1,9,-3,5
-11,7,5,-18,2,-6,-9,14,-9,18,5,-12
9,2,8,-11,-1,18,7,-16,-12,0,-1,4
11,17,2,-1,-5,-2,4,12,8,13,11,20
4,14,3,-3,9,9,11,10,-6,-11,-11,3
-1,-10,1,-12,10,22,0,1,-1,0,-4,16
-2,3,9,14,-8,22,5,-5,9,9,2,14
-9,5,-7,10,5,-8,6,8,-4,0,-3,-1
7,6,3,7,-11,4,4,21,-6,4,-2,-8
-6,-7,10,-1,-9,14,-8,-7,-13,3,-1,13
-1,7,-1,7,-13,27,-10,27,8,-4,9,17
2,5,-2,17,-2,-5,-10,17,-1,-2,-7,11
4,9,-10,22,13,0,-10,-3,-3,29,6,1
8,10,-5,-2,-5,-4,0,15,-6,23,-7,23
7,16,1,8,8,26,9,3,-1,8,12,6
1,26,4,29,-6,8,-13,31,-6,13,-3,1
3,15,12,32,-3,16,2,1,8,20,-6,10
0,4,-8,10,-4,33,-6,0,4,21,-6,28
-8,18,-5,19,6,26,-9,32,8,1,-13,12
-9,27,10,35,6,5,8,30,-2,14,11,26
3,-21,5,-31,-8,-36,-10,-35,-6,-2,3,-33
10,-4,-9,-11,-8,-24,4,-12,2,-8,6,-16
-2,-23,-7,-18,-12,-14,9,-12,-12,-16,5,-28
3,-32,-4,-24,5,-17,0,-26,-3,-22,-12,-30
7,-5,6,-21,-6,-26,-3,-26,-3,-11,-7,-27
-1,-27,1,-7,-7,-16,-11,-4,-3,-13,-7,1
5,-21,7,-11,2,-27,-1,-15,-6,6,-2,-3
3,-3,-3,0,-12,-16,-12,-3,2,-3,-11,-29
6,-25,11,-8,-7,0,8,6,10,-8,-7,-7
0,-8,-4,-8,0,3,-8,-7,12,4,-5,-20
-6,2,-11,-8,-9,-7,5,-17,-5,-23,5,0
1,2,0,-12,8,3,-8,-2,-6,-3,-9,1
0,-4,-6,-14,7,-9,-1,11,8,9,-3,-8
-5,7,-11,-23,10,-17,-7,-16,9,-19,13,-16
-10,-22,7,12,13,-18,13,-16,13,-18,10,13
0,12,2,-4,4,-6,4,-1,-1,12,4,-3
14,-15,-3,-7,5,16,-11,3,2,-14,-9,-4
-7,-5,8,-9,-4,7,7,-10,1,7,4,5
5,-14,-8,-16,5,-17,10,3,1,3,-11,-9
11,-11,-2,10,-5,17,3,-11,5,17,3,11
8,20,8,-1,-9,2,-5,-9,-2,8,0,-1
9,-9,1,8,-11,6,-11,1,-12,4,6,5
10,22,11,-1,-11,-13,13,-13,5,18,-11,12
6,2,-2,-3,-12,6,3,3,12,-3,-1,16
-7,-8,8,20,-9,19,7,-4,8,-9,8,-7
3,25,-6,22,12,24,-10,-11,2,0,-4,7
12,25,13,1,-11,-4,-9,7,1,-8,-10,-9
1,7,-11,1,10,24,-5,25,3,22,-7,6
2,16,3,-2,5,26,2,7,7,-3,1,8
1,-6,5,12,-9,4,4,0,-3,9,12,28
-6,18,-11,10,12,20,-2,2,0,21,10,-4
4,31,4,28,9,24,13,5,4,19,-10,29
0,2,-11,-2,11,14,-1,12,-7,24,10,3
-11,5,-9,13,-5,1,-9,15,-7,-2,6,8
8,17,11,4,6,16,-4,31,1,10,-10,8
9,17,5,17,-12,26,14,2,3,10,5,9
-6,6,4,17,-10,3,-3,0,-3,34,-5,32
10,-8,-1,-20,-7,-3,4,-27,10,-30,5,-9
10,-21,0,-17,4,-13,5,-8,-6,-8,-5,-7
6,-26,-6,-13,-1,1,3,0,6,-24,0,-16
5,-18,-5,-3,0,2,-3,-1,8,-30,8,-17
-2,-2,-9,-29,3,4,-3,2,0,-24,3,-14
5,-2,-8,-27,-1,-15,4,-11,5,-15,2,-26
6,5,-7,-23,9,-10,9,-26,-4,4,6,-14
-8,-17,-8,4,-7,-3,1,4,-2,6,-10,3
-7,-10,-6,-2,-11,-7,1,1,-3,-23,2,8
5,-14,-9,0,0,-4,-1,-12,-1,-6,-4,-16
-1,-5,8,7,-1,-8,-5,7,0,3,-3,-11
2,-4,0,-4,-9,-5,12,4,-11,-3,12,2
2,-17,0,-19,-2,-8,11,-15,2,-14,2,-4
7,2,3,-4,8,9,0,11,7,-5,-6,5
8,-19,-11,-22,3,8,-2,13,-8,3,0,13
-10,5,5,-18,-6,-14,15,-17,5,-11,12,-8
-5,15,2,-8,-10,-16,-10,0,4,-18,3,13
12,3,9,3,-8,-11,-4,5,10,-18,-3,6
8,-14,-2,6,-6,-8,-5,-6,6,2,-1,13
12,3,-7,-12,14,-5,-6,-2,11,18,-1,5
14,-6,12,14,5,-12,-10,12,-10,13,11,12
-3,15,7,8,-10,-10,-7,21,7,-4,9,13
10,22,-7,4,-8,1,3,-10,13,18,-7,20
8,-8,-8,0,-7,18,-1,-12,2,2,5,-4
-9,14,9,0,0,19,7,4,14,-10,-4,22
-8,11,5,2,2,0,14,-4,3,-8,-9,0
9,-9,-8,7,-3,1,12,-2,-9,-4,1,-8
-7,-6,-5,-1,-10,17,-11,-5,-8,12,-3,-1
-6,16,3,-2,4,21,-11,24,8,-7,2,6
-3,7,2,10,9,17,12,27,3,0,6,6
-11,12,13,28,-3,0,1,6,-9,-1,4,12
6,12,8,15,-3,15,-7,-5,5,-2,7,0
9,10,0,4,4,24,-9,2,-7,26,6,-4
-10,25,8,27,-1,29,1,1,2,28,14,0
-6,1,-8,12,13,11,14,6,12,8,-7,8
7,10,-4,25,9,20,10,26,-5,28,-2,-1
-7,35,9,30,-1,3,14,35,3,23,-7,23
11,-2,2,-33,8,-3,8,-14,10,-15,-7,-28
13,-8,-3,-14,-2,-13,-3,0,-7,-12,5,-3
5,-24,6,-11,9,-6,8,1,-2,-21,-7,-6
3,-28,-3,-6,9,-16,-7,-3,14,-22,4,-11
-10,2,2,-6,-5,-26,2,-13,-9,-31,3,-6
2,-18,0,-2,-1,-18,-5,-1,2,-1,12,-15
-8,-17,-8,2,-8,-6,-7,3,-2,-26,-5,-20
0,-9,-4,5,-5,-15,7,-6,9,-2,7,-10
-6,-16,8,4,6,-1,11,-20,13,5,5,-4
-7,-6,-7,-27,-4,-16,11,-22,12,-12,1,-13
-1,-1,5,-18,-4,-24,9,3,-4,-26,7,-21
-2,-14,8,0,2,4,4,3,-3,5,11,-1
8,-19,6,5,11,9,0,3,10,-6,8,-8
5,-16,-7,-5,12,4,-1,2,-10,-21,8,0
-2,-6,4,-8,-6,-18,8,10,3,0,-2,-18
1,11,-4,15,-8,10,1,-19,-6,8,7,-20
-9,-15,-5,8,-9,2,-3,10,-6,-10,12,16
11,8,7,-15,10,-18,16,-12,10,16,-2,9
-8,14,-2,3,4,-1,-7,-18,12,0,2,-11
2,-7,2,-13,-7,-3,-10,-17,0,-14,-4,-3
-1,17,-4,11,2,-3,-2,-16,-4,15,1,0
6,-10,-4,-13,-3,8,4,20,2,21,10,-13
-6,0,0,3,1,-6,-6,-1,-6,4,0,2
0,-7,-6,0,-7,12,-2,13,9,13,-9,2
-5,-11,2,6,-3,-5,4,0,5,21,8,6
13,18,14,18,-5,-6,13,24,-8,22,7,21
10,19,-9,-5,-3,0,7,15,-5,6,3,-9
4,8,9,0,-1,17,-9,-7,-8,27,1,14
11,23,0,15,8,12,6,21,4,17,-2,-8
-5,21,7,17,9,-1,3,11,-4,12,14,18
6,26,-1,24,8,19,-2,1,-6,3,-5,28
-1,13,-4,4,1,14,-4,26,10,8,0,-2
5,14,11,31,9,0,3,9,8,22,8,5
-3,2,9,9,13,28,-4,19,1,8,4,18
-10,12,15,1,10,24,5,31,8,12,16,2
6,9,0,0,-2,32,1,13,6,31,1,14
1,30,-9,32,4,19,10,17,1,7,-3,6
1,-21,-6,-10,-7,-9,4,-25,2,-11,9,-26
11,-5,7,1,-5,1,-5,-1,8,-34,-4,-32
16,-28,-7,-1,6,-10,13,-9,2,-34,-4,-22
7,-5,14,-4,16,-32,10,-10,6,-23,-1,-21
-9,-10,2,-15,-6,-29,3,-31,-1,-16,5,-27
4,-9,-1,0,-3,5,-4,-19,4,-3,8,-29
-6,-27,5,-21,3,-2,-4,-14,-1,4,8,-7
-6,-9,0,-19,3,-9,9,-27,6,0,-2,-8
9,-9,14,-18,16,8,-8,-22,-7,-20,15,-17
3,0,15,-16,2,-16,-5,-1,1,-8,-4,-9
-1,3,-3,2,-4,-18,0,6,-6,7,-5,-22
-7,-15,6,-5,13,-15,-7,3,3,-22,-1,-3
-8,-2,-9,-22,-4,3,-3,-15,0,6,9,12
5,-23,11,-9,1,-3,10,-5,-4,-16,5,-22
9,-12,1,-11,-5,-12,9,-18,13,-20,4,-13
0,15,2,15,9,-21,14,-10,2,-4,6,-4
3,10,15,16,-2,-3,-3,-18,-6,4,1,16
-1,-14,5,13,3,6,11,5,12,-6,1,1
7,-17,-8,7,-5,-16,0,-13,-6,9,-6,4
13,7,-8,-9,-2,-3,14,8,-4,12,-9,-17
1,15,4,-8,17,-13,11,-11,6,18,0,-13
0,8,-9,19,3,6,13,5,10,-9,2,5
-2,18,12,17,-8,0,5,-8,-7,3,13,-11
-1,21,2,-7,-7,-8,1,19,6,11,0,10
6,19,8,8,14,17,1,18,-5,16,6,8
-6,-9,4,9,7,21,6,16,-3,-3,1,24
7,-3,1,26,13,19,-3,10,2,-8,-4,-2
-7,26,2,22,9,4,2,20,-2,27,-2,-1
1,-3,-5,0,7,11,0,7,-6,23,-4,22
4,3,2,-7,0,11,-7,23,-2,2,10,8
12,23,9,22,0,17,5,7,8,5,-7,1
3,23,0,14,3,28,-4,18,8,20,11,-4
8,6,13,30,-6,29,-7,-2,12,-1,14,25
-2,5,17,-1,3,28,-9,14,-1,23,15,4
-7,34,15,24,8,13,12,33,2,14,9,23
0,-1,0,2,-5,16,-1,3,7,1,10,30
13,7,2,16,-6,0,7,3,-7,19,4,24
-8,-5,-4,-9,14,-5,9,-33,-1,-26,2,-32
3,-24,-2,-14,0,0,11,-31,-2,-30,-7,0
1,0,12,2,16,-23,10,-19,0,-5,0,-7
2,-33,6,-2,12,-6,18,-27,10,-1,1,-26
9,-7,7,-30,16,-25,9,-20,6,-1,13,-13
-5,-12,3,-9,3,-21,-1,-19,-3,-12,5,-25
12,1,11,2,9,-10,17,-18,-8,2,15,-21
-6,-9,-3,5,13,-7,3,-23,-2,-8,12,-9
-1,-2,14,-7,-6,-27,-5,-19,-5,-24,12,-10
-6,-11,-1,-2,-5,-4,10,2,13,-27,5,4
-2,-21,14,-18,3,-6,10,-15,-4,-13,-7,-23
-4,-18,13,-23,-1,11,14,7,13,5,16,-17
-2,7,9,12,14,11,10,-17,3,-23,3,-7
3,-17,7,10,4,13,3,-15,-5,-15,-5,-5
15,8,9,-11,-8,12,-2,5,6,-17,-2,-16
-8,6,4,-2,-7,12,8,7,-4,3,-5,0
7,-11,5,-1,17,-10,8,-5,6,-16,6,10
8,-13,7,-2,9,16,4,13,14,17,1,7
-7,-15,-3,-4,11,-8,-6,13,8,-9,1,7
17,-10,10,1,12,16,8,19,16,-8,11,-4
13,-9,10,5,11,-2,6,10,7,-2,14,14
-4,16,12,6,-5,-6,-3,10,-6,20,7,-13
1,1,-4,12,14,3,4,22,6,22,-5,5
2,-11,15,-5,-1,3,4,22,12,-1,-2,9
-2,-1,-7,23,11,6,8,18,-1,19,-5,-3
12,9,5,16,-4,21,-4,-6,4,22,-8,6
1,14,10,-2,2,3,8,3,-4,21,5,15
4,-9,10,25,4,3,10,24,1,-8,18,-6
-8,-7,15,13,11,25,12,15,11,0,-7,-3
11,27,-4,24,15,3,-3,17,5,13,16,24
9,-5,15,21,7,17,-6,7,-6,28,-2,1
6,3,8,10,12,24,4,6,0,-4,-2,-1
-2,-4,-1,9,-3,7,8,18,15,8,-3,29
4,2,-1,0,-8,2,14,14,-4,17,12,3
-1,0,-5,19,-3,15,0,8,-3,13,12,31
2,12,6,32,9,7,10,23,9,16,-2,1
-2,30,-8,35,1,27,1,31,17,8,-5,5
12,-29,-3,-7,0,-35,13,-29,17,-23,8,-14
10,-4,6,-10,14,-5,7,-28,-4,-28,3,-10
10,-12,4,-19,0,1,-2,-3,4,-31,-7,-3
3,-3,5,-3,-7,-29,8,2,4,-12,-2,-2
6,0,2,-18,9,-31,7,-2,-1,-9,17,-19
4,-6,8,-18,10,-12,-7,-2,-5,-19,0,-28
9,-18,6,-2,5,-22,7,-8,-5,-12,13,-5
-7,0,8,-10,-6,-13,12,-28,2,-1,9,-26
-6,1,18,-19,-5,-20,12,-18,-5,-4,10,-21
-6,-7,1,-26,3,-5,12,-16,15,-6,-2,-4
11,-8,19,-22,-1,-18,12,-13,11,-24,12,-23
-7,-20,4,-16,10,-20,4,3,11,-21,11,-3
3,10,1,4,5,-21,10,-18,11,4,7,-4
2,-12,12,-8,9,6,17,11,2,-21,8,-12
10,12,-3,-12,16,5,17,-12,5,-13,0,-2
-4,-3,17,7,9,9,6,-15,9,12,5,-3
7,7,9,-9,7,0,-1,-17,2,-1,9,-15
3,-9,-6,9,-6,-4,4,-18,-3,-12,18,-18
-5,-13,15,-2,12,-15,0,-1,-5,-9,-6,7
6,-8,14,2,2,3,15,-14,-4,-5,10,-3
16,-4,14,-15,-7,2,-1,1,-3,-13,4,10
19,-8,8,21,1,4,-6,-7,10,-7,11,16
16,14,6,7,-5,22,3,12,-7,22,1,17
8,4,10,-13,-5,0,-2,-2,6,16,-6,16
7,-5,9,-2,6,-8,-6,21,-3,4,-3,20
1,-5,-7,5,-3,-10,12,14,0,-3,6,18
0,0,-1,-5,-3,2,3,-10,6,4,9,10
7,12,3,5,19,-1,5,6,13,10,11,25
9,17,9,-7,11,14,6,21,6,9,15,14
4,0,-7,-4,-7,28,8,24,-6,8,0,12
15,26,8,25,9,25,6,29,-1,10,-5,11
5,29,-6,17,2,29,16,31,8,-1,12,21
2,6,13,2,8,30,17,8,5,13,-2,-2
-3,20,-2,22,15,16,-2,-3,-2,10,2,28
13,20,3,32,13,14,11,4,-7,31,13,12
3,15,13,32,2,8,-4,14,-6,8,10,34
4,35,2,32,15,22,18,4,3,33,-1,32
-6,0,-1,-28,6,-9,14,-10,-5,-31,-4,-12
18,-29,6,-23,2,-31,5,-8,-3,-1,0,0
-3,-4,-1,-14,2,-31,4,-1,-3,-31,14,-19
16,1,17,-26,3,3,15,-9,4,2,-2,-25
2,-7,7,-10,-3,-28,13,-13,11,-28,16,-7
3,-5,5,-4,12,-15,-3,-19,4,0,13,-12
-4,-15,-3,-7,1,-11,-4,-14,-3,-28,7,-8
-4,0,5,6,3,2,19,7,17,-18,11,-21
5,-7,12,-22,10,-8,5,2,-4,0,16,-7
-3,-13,1,-16,12,-13,13,7,-6,-27,16,2
6,-24,2,-13,16,0,3,1,14,-12,2,-12
5,-17,18,-17,17,10,10,-20,11,1,-2,-19
16,2,3,11,9,-14,3,-8,-6,5,9,6
-4,-11,5,6,7,-14,13,-17,12,-14,9,-16
-5,-6,9,7,-5,1,0,3,-1,-13,15,12
-2,4,17,-10,-3,-4,7,12,7,-21,13,-4
11,6,7,-19,-6,-4,14,0,0,5,0,1
0,14,0,12,-6,4,16,14,1,2,-1,5
2,17,19,-14,-5,-9,15,-14,-4,5,2,-12
7,-9,-6,3,-1,9,15,-17,5,-11,12,13
6,-9,-6,-6,15,-11,-4,-1,0,-9,0,-13
-3,21,1,21,13,-4,13,17,7,12,12,0
-5,10,-2,5,-6,8,5,18,2,22,6,12
6,16,1,1,-4,15,3,15,4,1,-2,18
-5,0,1,19,-5,19,8,21,1,-12,12,21
7,0,7,-2,17,22,9,1,-4,10,-1,-5
-3,-6,-6,11,12,5,18,-2,12,24,-2,9
13,-3,4,-1,16,-1,-6,14,-3,-8,-6,9
2,9,15,15,6,-1,10,2,11,6,16,24
8,12,-4,24,14,-1,6,27,-3,28,-2,20
11,9,13,23,8,22,2,3,14,5,3,27
11,-5,15,12,2,-4,15,31,-4,10,0,0
10,-4,0,21,4,3,-6,32,12,18,1,21
-5,22,3,8,7,20,5,23,-6,14,-1,13
-3,21,2,24,8,25,1,34,-4,29,13,12
13,29,0,19,15,5,10,1,-1,33,3,31
-2,36,8,21,9,5,8,0,-6,4,8,25
6,-5,-2,-33,2,-14,-2,-8,-3,-7,5,-27
2,-21,1,-35,15,-33,0,-30,2,-3,6,-4
6,-24,-2,2,0,-18,8,-25,6,1,-2,2
15,-5,12,-30,5,-8,2,-29,-2,-27,9,-31
0,-14,6,2,6,-8,3,-13,-5,2,7,-32
11,-11,4,-9,16,-22,15,-22,9,-22,1,0
-1,-1,2,-2,16,4,15,-18,-4,2,2,-29
14,-8,-2,-28,-4,-21,15,-18,-1,-28,2,-11
5,0,17,-13,20,-20,2,-14,0,-11,8,-7
3,-23,20,-26,9,-23,2,-1,-5,-4,1,-26
0,4,10,4,12,-20,2,-1,6,8,9,-13
15,-12,10,-11,2,-1,0,2,14,-25,11,8
11,0,-3,-7,9,9,9,-14,-1,10,-5,11
12,-12,12,5,5,-18,5,6,10,5,19,-11
1,4,14,-14,-2,-6,3,2,20,-13,12,14
4,1,10,-10,10,5,2,2,3,-4,17,10
-1,-16,2,-15,10,-4,-2,-1,6,-15,-3,5
9,-6,12,-17,2,8,0,3,7,-3,1,-8
-5,-15,10,-14,-4,11,-3,-9,1,2,17,6
0,14,9,7,3,-2,8,9,13,14,13,10
14,10,-3,-4,1,17,6,15,11,3,-5,6
16,7,-3,-8,1,3,-5,4,12,12,10,-10
10,0,4,2,-3,2,15,-4,-2,2,-3,7
-1,-7,4,-11,-1,17,10,15,9,-11,11,-5
7,0,17,20,-2,16,11,22,8,-8,-3,10
13,-5,-1,-5,-3,21,6,25,19,24,-4,19
1,13,15,-1,1,17,12,-3,13,-9,-4,24
-3,-5,12,14,17,27,10,1,20,26,-1,5
2,1,5,4,0,22,10,24,4,-1,-3,12
18,28,12,0,11,2,13,3,11,13,10,26
11,-4,0,3,19,25,1,1,1,18,3,26
-4,16,5,-2,5,-3,16,18,5,0,-5,15
5,3,15,7,11,10,6,9,-1,0,18,29
10,2,2,30,3,29,1,26,1,27,4,6
13,7,4,6,13,5,0,17,-3,30,14,34
9,13,4,35,13,23,13,2,13,23,18,11
15,23,2,20,7,18,11,25,5,22,12,11
14,-12,-1,-31,12,-19,1,-8,15,-4,6,-15
-4,0,3,-23,16,1,5,-6,5,-18,19,-16
-4,-9,3,-15,7,-9,-3,-19,11,-26,17,-6
4,-30,9,-31,11,-14,-4,-15,8,-15,9,-31
6,-7,0,3,-4,-24,-3,-14,7,-23,1,-32
4,-5,13,-17,0,-3,17,-30,-4,-21,-1,-20
3,-12,-3,-17,-4,-20,-4,-5,-3,-3,9,-22
1,-4,-1,-9,7,-1,5,-9,5,-9,1,6
15,-14,13,4,3,-10,6,0,18,-20,0,7
1,-10,2,-10,7,-1,5,-26,15,8,17,-25
1,-11,9,5,-4,7,9,-14,11,-1,11,-16
6,-21,16,9,10,-9,6,-2,-3,-14,15,2
3,-18,17,1,16,-12,8,-10,18,-5,11,-24
5,-2,-4,5,12,-5,4,7,20,-18,12,-17
6,4,14,2,2,-2,9,-2,-1,-5,-4,3
2,-9,7,7,5,11,13,6,6,6,3,-9
-4,8,1,-9,1,-7,7,-16,2,-11,15,-16
18,6,0,-7,14,-2,6,3,-3,0,7,5
21,-15,3,-17,16,7,2,-13,21,-8,8,17
6,16,20,-8,5,-13,7,7,21,-16,0,16
19,5,13,-3,2,12,8,-3,11,-10,13,4
10,-12,19,16,2,6,6,3,3,-14,6,15
-2,-11,14,5,17,11,7,7,12,0,12,18
4,-13,5,-9,6,-3,14,12,7,10,3,4
9,16,11,15,14,23,6,-8,5,24,-1,-9
17,19,10,19,13,17,13,13,-4,-6,0,13
0,24,5,10,5,9,9,20,4,-2,3,-1
4,27,18,14,4,20,18,19,6,25,10,17
-1,3,12,23,-4,-8,6,8,22,-3,12,-6
6,7,13,20,11,-5,18,24,5,8,0,5
9,24,2,26,4,6,-3,30,21,-1,-3,10
4,-3,6,30,18,23,12,21,16,21,4,-3
-3,-2,10,31,13,7,6,9,0,28,1,0
12,5,8,4,5,5,20,6,6,1,16,23
15,27,13,27,12,9,20,5,-4,14,-4,32
6,35,4,35,7,33,4,4,10,21,7,32
2,34,0,20,10,32,0,1,3,23,17,22
19,-1,1,-33,19,-16,-1,-15,15,-28,4,-9
-2,-31,6,-4,22,0,4,-2,2,-4,12,-22
9,-2,16,2,22,-29,16,-18,-3,-3,2,-25
1,-32,15,-11,15,-31,4,-24,6,-28,19,-15
4,-15,10,-17,14,-5,9,-5,6,1,0,-1
2,-5,0,-29,16,-5,5,-19,23,-27,-1,1
1,-4,15,-27,8,3,16,3,-3,-18,13,-17
15,3,5,-5,0,-9,-2,-7,22,-18,14,-12
14,-7,1,-24,5,-4,-1,-21,2,-25,14,-3
8,-12,12,5,7,-4,-2,-13,11,-15,6,-21
-2,10,18,-5,2,-1,-3,-19,4,2,-3,-3
5,6,9,-1,-3,3,3,-15,5,-19,-2,-5
13,-20,15,5,-3,-22,6,-11,1,-1,14,-20
21,-11,3,-10,-3,-22,0,-1,17,8,12,-2
0,-5,20,2,10,0,0,-14,0,14,7,4
14,6,13,-16,4,5,7,-10,5,-9,19,2
9,-5,12,-19,12,11,3,-16,16,-5,20,16
-1,14,13,-3,-1,-2,7,-9,7,7,0,4
14,12,18,-4,18,18,18,-11,-3,-11,-2,-17
18,18,9,6,11,-10,15,3,5,-17,6,19
-2,19,10,-2,13,7,5,6,11,18,13,0
22,-10,14,6,14,2,20,17,20,10,22,21
10,-11,12,-4,18,-12,16,-12,6,13,15,0
9,-10,15,23,3,1,13,-13,18,14,4,16
9,2,6,21,5,22,1,-10,17,4,7,1
11,-2,6,-6,6,0,23,-3,16,8,13,-7
17,-7,16,-3,1,24,21,20,-2,12,11,-3
6,-2,3,5,12,26,16,18,0,4,14,25
14,-5,5,6,18,12,1,27,20,19,6,-4
15,1,2,-6,13,15,-3,-1,3,11,17,15
12,14,17,-5,18,18,17,9,21,1,-3,20
15,21,13,29,20,21,5,6,3,10,9,6
10,8,18,29,10,15,3,19,2,20,14,17
19,30,22,2,3,12,15,2,-1,-1,11,28
15,12,14,-1,1,25,13,2,17,15,8,23
17,34,7,18,7,35,-2,0,19,23,-1,30
6,2,22,8,-2,12,1,7,-2,3,-3,27
4,0,5,-27,20,-27,19,-16,-2,-10,14,-13
20,-12,-1,-2,3,-17,17,-9,1,-17,10,-8
9,-32,9,-15,4,-5,10,-10,8,-16,2,-5
6,-32,16,-20,3,-4,-1,-9,4,-21,19,-1
10,-11,2,-23,14,-22,-2,-12,2,-18,8,-14
9,-5,12,-16,23,-22,-2,-16,3,-10,-2,5
5,-3,15,-22,15,-12,9,-13,19,-8,10,2
16,-9,21,4,6,-4,7,-6,17,0,1,-9
16,-26,16,-16,15,-24,10,-10,17,6,-2,-16
16,-27,8,5,7,-12,3,-13,13,-8,21,-17
10,-18,2,-12,17,4,0,3,4,-15,5,-16
17,-13,4,-18,11,11,12,-6,5,-18,2,-23
20,-22,5,-24,3,-15,-2,-13,12,6,1,-9
23,-12,17,-22,7,2,7,-9,18,9,17,0
3,7,15,0,2,-19,12,-17,24,-20,3,7
1,-11,21,-2,1,-15,8,3,14,5,-1,2
10,11,4,-5,13,0,11,-6,14,-15,4,-8
12,-14,22,12,8,5,1,4,12,13,7,-18
22,16,0,-10,12,3,19,-9,1,-3,12,6
2,15,9,-4,0,5,10,5,-1,14,7,2
1,18,4,-15,5,12,7,10,16,5,0,-7
1,20,12,7,6,16,1,-13,11,-6,4,-7
7,-9,10,-12,9,-5,1,-9,14,-10,21,-3
15,0,18,-10,11,-11,1,-12,6,14,13,-5
-1,-11,1,7,5,-12,16,-12,12,1,-1,2
2,-1,21,17,14,-5,4,-10,11,19,17,7
10,-9,0,-1,2,6,10,-8,1,22,6,23
16,4,14,16,17,11,-2,1,14,4,0,-1
0,-7,8,-4,19,18,18,19,4,-4,0,4
14,2,9,13,4,-7,5,-2,1,4,1,25
19,15,0,16,16,25,1,29,17,15,1,-5
-1,1,1,3,13,-2,0,6,6,20,-2,3
11,14,-1,27,8,24,5,28,6,17,9,17
9,2,12,7,21,5,9,15,14,25,20,5
-2,31,21,32,22,28,19,24,11,21,12,10
18,33,11,4,10,16,-1,9,23,6,9,3
2,33,2,34,12,22,0,12,9,18,0,2
20,-10,0,-22,10,-20,3,-33,4,-16,1,-20
8,-3,11,-18,1,-10,17,1,11,-27,5,-1
17,-6,4,-32,15,-18,11,-28,-1,-14,7,-27
7,-21,6,-31,19,-18,15,-15,22,-1,1,-6
6,-13,20,-27,-1,-17,-1,-16,16,-2,4,-13
8,-4,22,-9,10,-13,0,-10,11,-11,6,2
4,-10,5,-4,2,-9,19,-5,15,-8,1,-11
7,-10,16,-14,4,-8,8,-5,0,-3,1,4
14,-20,5,-4,6,-22,14,1,14,4,17,-15
23,-19,6,-23,16,4,20,-25,7,-13,25,-20
6,5,2,-20,9,-17,6,-20,23,-1,3,4
7,-2,-1,-7,5,-18,11,-5,0,-11,2,10
23,6,1,-23,5,8,11,-15,13,11,2,-17
23,-14,0,-12,1,-13,6,6,19,-13,0,8
-1,10,4,-9,12,11,5,-4,20,-2,21,-16
16,-2,4,11,7,-3,16,-2,21,7,10,6
9,9,11,14,5,3,18,16,20,-2,11,9
-1,-19,23,6,23,15,16,3,9,10,-1,13
4,-12,8,-11,17,-9,25,-13,19,2,23,15
8,-8,12,19,23,8,21,-1,11,15,9,17
9,-13,16,0,12,-3,14,-15,7,15,12,-13
18,9,14,7,17,11,3,-9,17,-2,0,-2
24,-12,-1,9,19,9,5,-1,12,-6,24,-10
10,-10,11,-7,13,5,5,13,16,5,7,16
14,4,0,-11,14,20,7,24,0,23,4,-5
6,5,8,7,4,-8,21,15,4,15,0,6
2,17,19,15,16,14,14,13,19,20,19,13
12,20,17,6,11,10,4,1,14,-9,2,16
10,4,6,-2,21,24,17,5,17,-5,22,13
12,16,15,19,13,-7,8,26,3,18,0,1
1,13,-1,2,14,2,20,22,13,11,3,-3
14,20,11,20,5,29,12,31,23,24,0,19
14,23,-1,13,6,29,19,12,7,-1,0,3
13,23,-1,22,22,25,9,9,17,14,9,30
14,30,11,7,12,15,24,3,9,9,2,22
3,12,6,9,20,18,13,1,3,26,6,27
11,9,7,27,13,34,23,33,1,26,20,16
26,-33,5,-5,8,-6,0,-33,10,-4,1,-3
2,-11,3,-26,1,-25,16,-3,21,-7,18,-6
9,-31,22,-10,0,-10,20,-32,0,-7,8,-11
15,1,16,-24,2,-15,0,-9,15,-30,4,-8
19,0,13,-28,6,-8,8,-5,7,-10,21,-17
20,-13,0,-18,15,-18,15,-12,10,-19,16,-24
8,-17,19,-13,13,-6,17,-10,5,-25,21,0
3,-29,18,-15,9,-12,21,5,6,-27,14,-21
7,6,3,4,9,5,19,-11,0,-7,10,-16
3,-21,7,-5,15,-27,4,-13,21,-8,12,-21
4,-4,1,-20,20,-26,20,-18,16,5,23,0
23,-1,19,10,18,-14,4,-9,21,-1,1,3
22,3,6,-1,18,-14,20,-21,1,-24,5,-23
16,7,2,-7,23,-2,25,-20,9,-13,9,-13
11,-9,15,-6,5,11,0,-17,22,10,16,9
1,-21,26,-16,12,2,4,-13,7,3,23,-13
13,16,8,3,14,-15,12,-12,16,-14,22,-1
19,14,14,-3,13,-7,17,10,1,14,11,3
0,-7,2,10,20,1,12,8,6,9,13,10
7,8,2,-12,6,-8,2,-12,3,-17,7,-3
14,9,9,9,11,6,5,4,6,10,4,-16
13,4,2,8,0,16,0,-13,23,6,4,0
19,-6,5,-7,7,16,18,9,23,-7,6,2
18,14,26,-6,1,11,11,7,5,20,21,-6
9,1,5,23,9,-2,14,-3,8,6,11,-5
17,1,23,7,11,25,1,-7,1,14,2,-11
6,-9,16,9,12,-4,2,13,12,13,3,2
22,21,22,13,18,-4,10,0,15,0,13,25
6,5,0,18,2,18,14,16,4,13,0,6
8,0,0,0,15,14,1,24,0,23,7,-7
2,5,9,-5,14,7,8,17,19,10,12,27
16,18,0,-1,11,0,19,23,1,3,9,15
15,8,0,15,24,25,11,-4,7,15,1,14
16,28,6,16,16,22,20,18,25,3,3,-1
3,26,11,28,1,1,3,25,21,23,0,8
15,22,21,19,18,22,2,9,0,7,0,6
6,29,0,31,21,32,0,12,5,2,0,9
