-25,-30,-4,-13,-9,-4,-3,-22,0,-13,-8,-11
-3,-14,-2,-6,-7,-27,-22,-8,-22,-33,-18,-10
-16,-1,-23,-24,-6,-23,-12,-30,-5,-21,-14,-12
-3,-17,-9,-15,-24,-8,-10,-16,0,-9,-15,-17
-18,-14,-15,-7,-12,-28,-12,-7,-15,-19,-25,-4
-4,-13,-22,-5,-11,-19,-22,-10,-2,-11,-21,-13
-17,-16,-8,0,-21,-9,-11,-22,-20,-5,-6,-29
-21,-21,-17,0,-12,-3,-5,5,-16,-1,-6,7
-19,-6,-15,-14,-7,-27,-11,-16,-6,-7,0,-11
-19,-3,-25,-11,-16,-3,0,-4,-8,2,-23,-5
-20,-3,-16,4,-11,-15,-2,2,-25,-11,-23,-20
-18,-12,-1,-5,-2,10,-16,-5,-23,7,-1,-1
-19,2,-15,2,-14,-10,-3,8,-7,7,-4,-9
-21,-3,-3,13,-16,-6,-8,4,-15,12,-24,-9
-17,-3,-6,-10,-22,0,-18,13,-4,13,-13,-20
-2,7,-8,-17,-4,-2,-1,13,-5,-7,-1,-2
-5,16,-1,4,-2,8,-19,15,-12,4,-2,12
-5,-5,-10,5,0,12,-26,-6,-16,-4,-22,-1
-13,15,-18,11,-7,10,-24,9,0,15,-25,3
-6,18,-1,6,-22,-6,-3,1,0,5,-15,5
-2,11,-3,18,-22,2,-13,10,-21,-1,-8,-9
-19,6,-11,8,-24,3,-13,18,-11,17,-3,16
-3,19,-6,2,-1,11,-3,13,-22,-5,-2,14
-7,-7,-2,9,-6,8,-7,5,-10,0,-7,-6
-20,9,-6,5,-15,4,-4,23,-2,13,0,4
0,23,-1,4,-7,5,-23,-9,-13,16,-10,20
-18,14,-19,15,-20,17,-16,6,-2,14,-14,5
0,14,-5,-5,0,14,0,4,-23,8,-26,15
0,5,0,21,0,5,0,4,0,5,0,15
0,5,0,16,0,5,0,4,0,5,0,6
-5,2,-23,-5,-23,28,-17,9,-5,21,-21,4
-5,8,-1,17,-9,28,-17,-5,-7,13,0,16
-4,2,-21,4,-3,28,-2,26,-24,-3,-7,17
0,8,-4,30,0,8,-26,9,-26,15,-5,8
-4,1,-5,26,-23,7,0,8,0,26,-21,34
-5,3,-22,35,-26,24,-3,30,-3,23,-24,5
-5,7,-19,27,-13,23,-18,31,-11,1,-22,16
-12,-30,-24,-2,-19,-18,-3,-17,-20,-25,-2,-17
-3,-11,1,-3,-2,-1,1,-4,-2,-12,0,-4
-23,-20,-15,-6,0,-16,-10,0,-1,-7,-14,-19
-13,-7,-24,-33,-17,-18,1,-15,-9,-27,-9,-20
-12,-16,-22,-8,-22,-7,-15,-17,-7,-9,-13,-13
-3,-3,-1,0,1,-12,-15,-3,-7,-18,-4,-2
-4,-9,0,4,-15,-9,-8,-2,-24,-22,1,-10
-20,1,-8,6,-9,-13,-19,-13,-24,-20,-6,4
0,5,-19,-3,-18,1,-6,-11,-25,-22,-15,2
-6,-20,-2,-5,-4,-7,-22,-2,-3,4,-14,-4
-16,-5,-15,-8,-5,-16,1,-9,-4,0,-22,5
1,11,-14,-3,-22,-25,1,10,-17,3,-3,5
0,-3,1,9,-6,10,-17,3,-17,3,-15,-6
-16,2,-20,-7,-21,2,-4,13,-1,0,-9,-7
-5,-13,-1,1,-1,3,-14,-4,-2,10,-23,-19
-17,1,-1,11,-2,0,-12,-5,-21,1,-1,-6
-3,-7,-1,-4,-11,-5,-5,10,-9,6,-7,12
-5,-14,-12,-9,-18,14,-24,13,-17,-6,-24,-9
-5,-14,0,13,-10,-4,-4,1,-1,12,1,18
-1,6,-7,-2,-10,-1,-9,-3,-8,7,-9,-12
-21,-16,-14,12,-23,-5,-10,-10,-11,5,-9,2
-5,-4,-20,4,-5,18,-23,14,-3,18,-11,-9
1,2,-11,5,-6,-10,-1,13,0,20,-18,11
-11,18,-16,3,-15,2,-21,12,-23,16,-8,-13
-11,-3,-5,-12,-17,19,-6,1,-2,6,-11,5
-1,18,-19,4,-9,9,-6,10,-18,17,-10,9
-20,13,-7,11,-6,0,-11,-10,-24,20,-3,13
-5,-2,-11,1,-15,24,-24,5,-22,-9,-15,19
1,2,1,5,1,2,1,1,1,3,1,4
1,2,1,5,1,2,1,1,1,3,1,4
1,2,1,5,1,2,1,1,1,3,1,4
1,2,1,5,1,2,1,1,1,3,1,4
1,2,1,5,1,2,1,1,1,3,1,4
1,2,1,5,1,2,1,1,1,3,1,4
1,2,1,5,1,2,1,1,1,3,1,4
1,2,1,5,1,2,1,1,1,3,1,4
1,2,1,5,1,2,1,1,1,3,1,4
-7,-33,-8,-11,-10,-25,-4,-14,-5,-27,-1,-14
-9,-5,1,-7,-2,-7,-2,-4,-1,-8,0,-13
-22,-31,-3,-2,-18,-30,-3,-9,-10,-7,0,2
1,-6,-6,-5,-24,-14,-1,-11,-17,-13,-4,-16
-18,-27,-10,-9,-2,-15,-6,-26,-7,-9,-3,-7
-17,-8,1,1,-18,-16,-4,-27,-1,-16,-13,-6
-2,-10,-7,-1,-13,-20,-16,4,-11,-23,-21,-2
2,-14,-5,-27,-12,-14,1,2,-12,-14,-4,-4
-1,-8,0,-8,0,-8,-8,-10,-19,6,-21,-15
-24,-13,-22,-25,-6,9,-18,5,-1,-11,0,-10
-18,3,1,-7,-10,-24,-8,-7,-2,-7,-4,-10
-11,-14,-7,-5,-10,-20,-1,-10,-8,-7,-2,-3
-20,4,-2,7,1,-4,-19,10,-23,-24,-6,12
-17,-9,-18,-9,-4,1,-5,-14,-17,2,-5,-21
-2,5,-2,0,1,14,-9,10,-11,-19,-15,5
-18,-1,-9,12,-4,15,0,0,-13,6,-7,2
-18,-1,-24,-5,-21,-8,-13,-4,1,10,-17,-1
-3,-16,-8,3,-6,-8,-10,11,-21,16,-7,-6
2,-17,2,-14,2,-17,2,-18,2,-16,2,-15
2,5,-2,9,-6,12,-19,2,-3,18,-1,18
-18,8,-6,3,-9,-13,-2,6,2,1,-22,8
-17,3,-1,11,-22,-9,-1,19,-16,1,-10,3
-17,-3,-10,11,-24,20,-9,22,-9,2,1,6
-3,12,2,23,-10,12,1,20,2,-12,-3,22
2,23,-18,14,2,24,-1,12,1,24,-12,13
-2,-11,-23,3,-12,13,-8,-11,-20,0,-7,8
-1,17,-18,18,-1,21,2,15,0,19,-6,14
-3,-3,-22,13,-3,16,-8,26,-3,23,-17,11
2,-8,2,-5,2,-8,1,14,2,-8,2,-6
1,6,2,-5,1,6,1,6,1,6,2,-6
1,6,2,-5,1,6,1,6,1,6,2,-6
1,6,2,-5,1,6,1,6,1,6,1,8
1,6,1,9,1,6,1,6,1,6,1,8
1,6,1,9,1,6,1,6,1,6,1,8
1,6,1,9,1,6,1,6,1,6,1,8
1,6,1,9,1,6,1,6,1,6,1,8
1,6,1,9,1,6,1,6,1,6,1,8
-2,-19,3,-11,-19,-23,-23,-36,-4,-11,-13,-7
-21,-9,-3,-31,-23,-30,-4,-30,-2,-10,-2,-2
-6,-14,-4,-23,-6,-27,2,-7,-19,1,2,-8
-9,-10,-22,0,-4,-20,-1,-20,3,-15,-13,0
-20,-18,-1,2,-19,-12,-1,-15,3,-12,-2,-10
-18,-20,-17,-14,2,2,-11,-9,-5,-6,-16,-15
-14,-7,-8,-13,2,5,-1,0,-5,-9,-14,0
-1,2,-2,-9,-2,5,3,3,-9,-17,-21,2
-16,-23,-19,-11,-4,-25,-19,-4,0,-6,-8,-13
-12,-17,-3,-13,-10,-3,-3,8,-10,-3,-2,4
-12,-23,-11,-13,-7,4,-4,-3,-8,-4,-6,-10
-11,9,-9,-10,-17,-6,-3,-7,-12,0,-16,-7
-8,-17,-12,-11,-8,8,-5,-19,2,5,3,7
-15,-9,2,-7,-15,6,0,-2,-6,-14,-20,-7
-18,-12,-3,7,-2,1,1,13,-1,10,-16,6
-1,15,-10,-8,-14,-13,-20,10,3,-7,-4,8
-15,-1,-9,-9,-15,-12,0,3,-10,8,-14,-2
-1,13,-15,9,-3,-11,-4,0,-16,7,-9,-5
-3,-12,-2,-7,-18,14,-2,6,-12,-11,-10,14
2,5,-4,19,3,5,-19,-12,1,1,-6,-16
-1,13,-7,-10,-21,3,-7,-3,-8,-16,1,4
-1,1,-14,2,-13,4,-5,-6,-16,12,0,2
-10,-2,-8,5,-3,12,-3,7,-20,2,-12,3
-11,-11,-2,6,-15,3,-14,10,-2,7,-7,2
-2,15,-1,6,-8,-6,-1,13,-2,24,-5,16
-4,-6,-3,2,2,6,-17,-5,-20,-5,-5,1
-2,-10,-9,2,-22,23,-20,7,-22,3,-19,12
2,-4,2,-1,2,-4,2,-4,2,-4,2,-2
2,-4,2,-1,2,-4,2,-4,2,-4,2,-2
2,-4,2,-1,2,-4,2,-4,2,-4,2,-2
2,-4,2,-1,2,-4,2,-4,2,-4,2,-2
2,-4,2,-1,2,-4,2,-4,2,-4,2,-2
2,-4,2,-1,2,-4,2,-4,2,-4,2,-2
1,11,2,-1,1,11,1,11,1,11,2,-2
1,11,2,-1,1,11,1,11,1,11,2,-2
1,11,2,-1,1,11,1,11,1,11,1,13
1,11,1,14,1,11,1,11,1,11,1,13
-11,-14,3,-22,-20,-29,-9,-23,1,-6,-20,-20
-21,-1,-2,-5,-7,-22,-3,-9,-11,-21,-5,-26
-11,-7,-6,2,-12,-6,-18,-33,1,-13,-11,-8
-15,-6,-17,-26,-17,0,-9,-23,-4,-30,-3,-32
-5,-21,-5,-29,-6,-29,-13,-4,-21,-3,4,-4
-12,-5,-11,-16,-9,-19,-18,-15,-4,-9,4,-4
-8,-20,-9,-7,-5,-8,-10,-16,-7,-27,-16,-5
-2,-21,-18,-21,-7,-25,-15,0,3,-2,-1,-12
0,2,-4,-4,-1,7,-15,6,0,-6,3,4
-13,-5,-16,-9,-2,-25,-6,7,-1,2,-12,-4
-8,-21,-17,-13,3,-10,0,-10,-1,-11,-5,-16
-2,-24,-4,-7,-7,4,0,4,4,11,-8,-20
4,0,-21,4,-12,-2,-6,-19,-10,-7,-2,9
-14,0,-8,3,0,0,-12,6,-2,-15,-15,-9
-12,-10,-2,-1,-7,12,-3,9,-9,-21,-7,-6
-3,-6,0,-5,1,6,-8,-4,-4,-19,-8,-21
2,1,-21,10,0,6,-12,1,-7,-5,-22,-3
2,-4,-5,-13,-18,-13,0,8,-5,3,-16,-3
3,-2,-7,0,-15,-9,-2,8,-1,3,-3,0
-1,5,-11,10,4,7,-20,9,0,1,-9,8
-15,9,-1,15,0,9,-18,6,-6,7,-5,19
0,8,-8,-1,3,19,-4,11,-7,11,-11,15
-1,20,-15,17,0,8,-13,-7,2,22,-10,-6
-10,-6,-5,3,-20,17,1,17,-20,-8,2,8
2,8,1,3,-13,-3,-17,15,0,12,4,17
-17,10,-22,16,1,13,-18,-8,-4,-1,-22,-11
-1,-1,-19,26,-10,-5,-8,-7,-14,7,4,4
2,1,2,4,2,1,2,1,2,1,2,3
2,1,2,4,2,1,2,1,2,1,2,3
2,1,2,4,2,1,2,1,2,1,2,3
2,1,2,4,2,1,2,1,2,1,2,3
2,1,2,4,2,1,2,1,2,1,2,3
2,1,2,4,2,1,2,1,2,1,2,3
2,1,2,4,2,1,2,1,2,1,2,3
2,1,2,4,2,1,2,1,2,1,2,3
2,1,2,4,2,1,2,1,2,1,2,3
2,1,2,4,2,1,2,1,2,1,2,3
-2,-13,-11,-29,-17,-24,-8,-29,-11,-10,-3,-13
-21,-6,-7,-5,-12,-16,2,-16,-7,-20,-4,-29
-6,-26,-19,-22,-7,-5,-4,-5,-5,-34,-5,-5
-19,-17,4,3,-1,-14,-15,-29,-4,-21,-9,-12
-17,-13,-8,4,-19,-27,-1,4,-5,4,-3,-2
-3,-11,-18,4,-4,-10,-5,-7,-20,0,-16,3
2,-5,-13,-5,-12,-9,-3,-9,-17,-7,3,-4
3,-29,-3,-12,-21,-9,3,-29,-12,-28,-4,-17
0,-16,-4,-24,-4,8,4,0,1,-12,-1,6
-14,-7,5,7,2,-9,-21,2,-1,-1,-6,-25
-12,-2,-13,-10,-11,-3,-1,1,-9,-1,-19,-1
0,-15,-6,-23,-5,-18,-19,8,-1,-10,-6,-22
2,4,3,-21,3,-24,2,4,3,-24,3,-22
0,-12,-2,7,-18,6,-5,2,0,-5,-13,-18
1,-3,-21,6,5,12,0,1,-16,0,-10,-8
-15,-3,-12,-2,-13,7,3,11,-9,2,1,4
-14,-1,-17,5,-15,13,-6,-13,-1,-1,-15,-6
5,7,5,2,-21,-8,4,6,3,15,-18,0
3,12,-8,10,3,15,-6,-5,-16,-4,-20,-3
-1,-14,-11,10,-6,13,-8,7,1,0,4,6
-1,-16,-8,0,-6,17,-5,10,-1,9,-14,-9
5,-1,-2,-7,-11,5,-3,16,2,18,-11,-11
1,-12,-2,-14,-16,8,4,1,-2,-7,-3,3
-1,-3,-9,11,-2,8,-13,2,1,21,-10,7
-18,14,0,24,-17,9,-12,-1,-16,0,-1,-3
-16,8,-16,-5,0,18,-12,1,3,15,-2,11
2,5,5,5,-12,10,3,13,0,13,2,15
1,-4,-5,19,-17,17,-3,-8,4,8,-8,19
2,5,3,-6,2,20,2,5,2,20,3,-7
2,5,3,-6,2,6,2,5,2,6,3,-7
2,5,3,-6,2,6,2,5,2,6,2,22
2,5,2,23,2,6,2,5,2,6,2,8
2,5,2,9,2,6,2,5,2,6,2,8
2,5,2,9,2,6,2,5,2,6,2,8
2,5,2,9,2,6,2,5,2,6,2,8
2,5,2,9,2,6,2,5,2,6,2,8
2,5,2,9,2,6,2,5,2,6,2,8
-2,-1,-6,-29,-19,-11,-8,-13,1,-20,4,-11
-19,-3,-1,-31,-3,-24,-19,-4,0,-2,-4,-26
-20,-4,-3,-32,-13,-9,-1,-33,-16,-22,5,1
-19,-3,-1,-19,-13,-12,-8,3,-20,-8,-8,-29
0,-4,-12,-19,-9,-25,4,-8,-16,2,5,-2
-19,0,-6,-13,-11,-16,-11,-10,-15,-1,5,3
3,-6,0,-19,-8,-24,3,3,4,3,-2,-4
2,-25,1,-16,-19,-15,-4,-17,-7,-16,-5,-23
3,-24,3,-20,3,-23,3,-24,3,-23,3,-21
3,2,4,-6,-14,-6,-5,-27,-10,-7,0,-24
0,-24,-17,2,-12,-17,2,10,-10,-7,-5,9
5,-2,5,4,-16,-2,5,-9,-11,2,-7,2
5,11,6,7,1,-3,-7,-2,-1,2,-5,-6
1,12,1,4,-4,-21,-16,-6,-5,-6,3,0
-11,-20,-12,-4,-6,-8,-5,-5,-10,-6,-4,-1
-12,11,-6,-4,-1,-10,3,-4,4,14,1,5
-11,15,5,13,0,-7,-11,7,1,14,-1,-14
-12,-10,-2,-13,1,13,1,7,-20,4,0,-17
-12,3,3,14,2,0,2,0,5,5,-12,8
-15,7,-7,-2,1,0,-17,6,-3,11,2,16
1,-11,-8,-12,-18,-13,-3,-8,-4,13,-12,-6
1,-13,6,11,-4,2,-18,20,-14,2,-15,-10
4,8,-15,8,1,22,-17,10,-9,1,-7,4
1,13,-14,-4,-7,8,2,1,-9,-11,-11,13
-15,6,-7,12,-5,-10,6,9,-18,-9,-7,2
-11,7,-10,8,5,20,-14,20,5,9,-8,6
5,21,-3,13,-14,4,-15,18,-20,2,-2,1
5,6,0,18,-15,3,-6,17,-11,9,-6,14
2,-1,-13,-3,-8,-1,0,3,-20,25,-5,1
1,-6,-7,26,-19,27,-7,23,-13,-3,-6,29
3,-3,-17,0,1,12,-15,25,-11,-3,0,21
3,-3,3,2,3,-1,3,-2,3,-1,3,1
3,-3,3,2,3,-1,3,-2,3,-1,3,1
3,-3,3,2,3,-1,3,-2,3,-1,3,1
2,10,3,2,3,-1,3,-2,3,-1,3,1
2,10,3,2,3,-1,2,11,3,-1,3,1
2,10,3,2,2,12,2,11,2,12,3,1
-2,-2,-2,-8,-3,-1,7,-12,-12,-21,0,-36
-3,-21,-2,-13,-8,-11,-9,-33,-8,-18,0,-20
-3,-19,0,-25,-1,-13,-19,-15,-7,-7,-6,-18
-9,-5,-17,-10,7,-19,-14,-28,-19,-24,1,-29
0,0,-17,-17,-15,-32,3,2,1,-22,-3,2
-4,-28,2,-15,-3,-19,-11,-17,1,-30,-15,-4
2,2,-9,-16,-16,-8,1,-30,-16,-7,4,-16
-11,-9,-15,-28,-17,-2,3,-1,2,4,-13,-14
-10,-8,-6,-7,2,-6,5,-2,-4,-16,6,-13
4,-8,-5,-6,5,-4,-9,-8,-3,-7,-3,-4
-13,-17,-13,-10,-10,-4,-12,1,1,-13,-10,-12
-16,-24,-3,-16,-10,-8,-6,9,-13,-10,-9,10
-9,-6,-10,-16,-12,-19,-6,-20,6,-3,-6,9
-6,3,-16,4,-19,-22,-7,-3,-2,-2,-14,-2
-15,1,-6,3,-5,0,2,7,-4,-3,-7,13
-3,3,-14,5,-1,1,7,-7,-1,-12,4,8
1,-3,-19,-11,-12,-17,2,12,-10,4,-19,-18
-19,4,-14,-7,-11,0,5,1,-19,-16,-15,1
-18,7,-18,6,-1,-15,-16,-5,-17,0,-13,-14
-2,5,-14,-3,2,14,6,4,7,9,-17,17
-14,12,-14,18,5,2,0,-16,-18,-5,0,16
-4,12,0,12,3,1,6,2,-16,-14,-1,-7
-8,-12,1,5,5,8,-7,-10,-13,-10,0,11
-14,9,3,11,-17,13,-13,2,0,17,-1,-12
-13,10,-7,4,6,12,6,20,-8,16,-2,18
7,10,7,17,1,11,1,21,-9,13,-9,-6
6,8,-3,17,1,-9,-8,4,1,-7,1,16
-12,23,-18,20,7,21,-3,22,-10,12,-11,2
-5,-2,0,-5,-15,11,6,28,0,7,-19,-5
4,27,4,14,1,5,-3,0,7,22,-7,-4
7,19,-2,30,2,21,1,23,-18,17,5,24
7,28,2,12,0,2,-8,10,6,10,-12,10
6,10,6,21,7,24,0,3,6,10,0,6
4,11,-10,8,6,23,5,28,-8,2,1,20
3,19,0,17,-6,26,-4,31,-14,3,-4,-2
3,8,4,0,3,10,3,9,3,10,4,-1
3,8,4,0,3,10,3,9,3,10,3,12
1,-9,-1,-19,-6,-6,-9,-26,-11,-26,-5,-1
-17,-6,-3,-21,-17,-23,-13,-18,-10,-6,3,-21
1,-10,-3,-4,-8,-5,-11,-24,-18,2,-6,-11
-2,-3,-18,-30,-12,-10,-4,-11,0,-32,-4,-2
-2,-32,-1,-21,-8,-28,-1,-13,-8,4,2,-11
-1,-6,1,-3,-16,-9,-11,-1,-17,-6,-5,-28
-14,-18,-13,-9,-1,0,-18,-23,-6,3,-11,4
-1,3,2,7,-17,7,0,-5,-14,-21,-11,-2
2,-4,-3,-8,-6,-2,-8,-2,1,-1,-17,-27
-3,-2,-13,0,-5,-11,-1,-5,8,7,-16,-5
-18,-18,-16,-25,-7,-25,-6,0,-13,-16,0,1
-1,10,0,-9,-9,-12,5,-5,-10,-3,-12,9
0,3,-14,-10,-11,-7,-3,7,-16,-20,-13,-4
-3,-18,-8,-2,-2,-1,-3,12,8,-7,8,12
-4,-1,-13,-4,-15,-17,6,-7,0,-11,4,4
2,-1,-3,-17,-5,13,1,15,-2,4,-4,12
-5,-2,1,15,5,10,-6,-17,-12,8,-1,-17
-3,0,-10,2,5,1,-17,-11,-2,15,-10,11
-2,1,3,0,-3,-11,2,6,-13,3,-4,-7
-7,4,-6,-5,-7,-17,-13,9,-2,-14,0,14
-5,4,8,11,0,-3,-12,4,1,17,3,0
-2,-8,-2,-13,-2,18,-8,-15,2,7,-7,-12
8,16,-2,-3,-12,-5,-12,-13,0,-10,4,4
-13,1,0,22,-11,-2,-13,-13,-7,10,-10,4
1,-2,-3,-6,-18,-2,-18,19,-2,-5,-5,-11
-18,-8,-17,15,-13,-2,-4,22,-4,-7,-4,9
-3,23,-8,-7,0,7,-4,11,-1,1,0,11
0,17,-4,-8,7,14,0,1,8,12,-10,23
-2,26,-14,19,-15,-2,-7,-7,-13,10,-2,22
-18,-6,-16,-3,1,19,-11,24,-2,-5,-2,25
2,24,-2,14,6,28,-13,6,5,19,-18,15
-17,-5,6,23,-4,-2,-6,-4,-9,18,-10,-3
0,5,0,-2,4,20,-3,19,2,8,-11,-4
7,27,2,17,-11,23,-5,-1,2,17,1,14
2,24,-13,18,0,4,-7,20,-18,28,-13,26
4,32,6,23,-4,6,-2,21,-4,18,-10,13
4,1,-14,18,-12,36,-15,12,0,12,-1,25
-16,0,0,-23,4,-23,0,-25,0,-28,-9,-5
-1,-31,1,-24,-9,-14,-3,-16,-7,-35,-5,-22
-1,-32,5,-22,-14,-33,-4,-17,-16,-24,-7,-7
1,-9,-8,-24,-12,-2,-4,-14,-11,1,-2,-5
1,1,0,-22,4,-21,-7,-24,-13,-4,-17,0
0,0,-11,-20,1,-4,6,-5,2,-25,-7,-21
2,-17,-17,-10,-16,-26,2,-10,-10,-16,-8,-11
-6,-5,-13,-14,-1,-3,9,-14,-12,3,-3,-5
0,-28,3,0,1,-16,-2,1,0,-28,-7,-28
-5,1,-17,-3,5,4,-15,5,-12,9,-10,-24
-17,-21,2,-13,2,-12,-4,2,2,10,-6,-17
-16,-13,9,-6,-15,-17,-10,-25,-2,-2,-16,-20
-12,11,-5,-4,-10,-4,-6,12,5,-3,-1,1
-13,12,-1,-6,-8,-18,3,-10,-5,5,-17,-1
0,-14,-16,-13,-2,4,3,-12,-8,4,-6,-17
-12,5,-1,-9,-2,-20,9,12,-9,-18,-16,-2
-1,8,-6,0,9,0,-10,3,7,2,-7,-6
-17,12,-2,13,8,10,2,-7,-7,-10,-5,11
1,5,-4,-6,9,-1,4,12,-4,18,-9,-10
-10,0,1,-12,-8,-13,-6,-17,-2,4,-1,-9
-5,5,-17,-2,-12,13,-6,11,-4,1,-14,18
-7,14,2,10,-1,-11,-9,1,3,1,0,-13
2,19,-15,22,-13,16,1,19,-2,10,-13,-11
-13,17,-4,-12,-6,13,-6,13,-1,15,-6,23
-2,-10,-17,23,-4,-12,-15,10,2,10,-11,-5
2,0,-13,-6,-12,17,4,1,-1,-10,2,3
-2,-6,-2,16,-16,-3,6,25,-11,12,-12,1
-2,6,1,25,-17,20,1,-6,-7,-5,-12,-9
1,3,-9,-5,-10,2,-17,8,-2,-1,-14,-3
-1,16,5,29,-1,27,-10,29,-14,12,2,-3
1,-5,1,8,-13,25,2,-2,-11,-4,-7,-3
-2,8,-15,13,-1,5,-17,30,4,7,6,31
-14,27,-8,30,-15,-2,5,17,-5,32,-13,4
-8,27,5,32,-7,3,-2,23,-1,21,4,16
-15,8,-12,30,-7,8,3,1,-4,3,8,19
-13,4,8,26,-11,-1,-5,32,-12,7,1,2
-3,1,7,25,3,9,3,14,3,4,4,21
-5,-18,-13,-3,4,-7,-1,-18,3,-8,3,-2
1,-21,-7,-33,-1,-11,1,-14,-9,-24,-2,-10
-14,-7,2,-22,-8,-8,-14,-28,-4,-21,-9,-32
-10,-6,0,-25,0,-22,-7,-31,-13,-3,-1,-32
-5,-18,8,2,9,-10,-2,-5,-14,1,-5,-4
-13,3,-11,-31,3,0,4,-12,-15,-27,-3,-11
4,-7,-8,4,0,-29,-5,-22,1,0,-6,-18
-2,-15,-4,-1,-9,-7,-6,1,0,-2,-6,5
-14,3,-3,3,-10,-20,-11,8,-13,-4,3,2
-10,-12,-16,6,-13,-3,7,2,-11,8,0,-8
-13,3,-12,5,-1,2,-6,10,9,-2,7,1
-12,-1,-7,1,-3,-7,5,-12,3,9,4,4
-12,12,0,11,-7,-1,-5,-19,6,1,6,-13
-4,0,1,3,-11,-9,0,-15,-4,-3,-12,-23
-12,9,-2,7,7,-8,10,0,0,10,-9,9
-14,9,2,8,-3,5,-6,-17,0,-11,-1,-9
-5,6,-15,-5,1,-11,-2,9,-6,3,-12,11
-14,16,5,-4,-12,9,2,-8,-13,-12,-11,-4
-14,-16,-13,12,-5,-1,5,10,-2,0,10,1
-10,9,-7,13,9,-3,-1,-3,0,0,3,19
-4,8,-3,2,9,14,4,-7,-4,18,4,-1
3,-15,3,0,-3,-5,6,8,-1,14,3,-4
0,21,-8,-2,1,-9,-8,19,1,19,6,21
-7,14,3,5,-12,20,-8,6,0,-5,3,3
-16,1,-13,9,2,22,-2,20,-2,-6,-2,17
2,20,-15,0,-5,12,-15,22,-4,1,6,-1
3,8,3,2,-16,25,-11,-7,-1,-2,-3,3
-1,12,6,12,-16,17,-5,11,8,12,-13,0
-15,27,-6,25,8,18,-7,8,-6,4,-6,11
-1,10,-2,-7,-9,27,6,1,-8,-3,-1,23
1,21,-8,24,-12,2,-2,7,-6,24,-6,-4
-14,29,-15,-3,0,9,-13,-1,-11,28,1,21
3,21,-16,2,-11,21,-5,-1,-10,23,-11,23
9,25,-1,-2,-13,4,1,24,-16,8,-5,-1
1,26,-10,-1,2,24,2,28,-9,31,-11,24
-15,14,-1,27,-12,2,7,35,-13,32,-13,10
-12,32,-7,33,3,0,-13,27,-13,12,-11,1
-14,-34,10,-18,2,-33,11,-16,-1,-4,1,-14
4,-16,4,-3,5,-1,-5,-17,-13,-9,6,-17
-12,1,8,-14,3,-30,-11,-19,-6,-4,-7,0
-7,-5,3,-1,4,-16,-14,-27,-7,-3,-5,-2
-12,0,-3,-14,11,-16,2,2,-2,-11,-9,-15
5,1,-9,-25,-15,-29,-10,-30,2,-5,3,-16
3,-26,4,-23,-3,-27,-3,-28,2,-27,-6,-2
-9,-1,11,-9,-3,-17,4,-13,-10,-5,-12,4
-1,-2,2,-27,-15,2,-10,-19,-8,-11,0,-6
-15,-20,-13,6,-3,8,4,-21,11,-8,0,-1
2,-10,9,1,0,-3,8,-10,3,2,11,-4
1,-4,3,-12,-4,-11,-6,-8,-6,-8,-6,-16
-15,0,0,10,-14,-9,0,-19,6,-2,-6,-9
-11,-6,-1,-3,-9,3,4,12,-9,3,-9,12
-12,-6,-2,5,-9,3,1,11,10,-6,-6,9
-2,-6,-14,0,9,-4,2,-3,-10,-2,1,-1
1,-14,6,10,-6,8,3,-18,7,9,10,5
2,5,11,-5,-1,5,5,-11,3,13,4,9
-1,-3,-8,2,-3,-9,9,-2,3,-18,-7,3
4,-3,-15,6,11,1,6,-3,0,16,6,13
3,0,-12,-2,1,-1,-4,9,-5,-2,-4,2
1,21,-3,7,-9,-10,-8,13,6,16,3,14
-1,3,-7,-12,4,6,-11,6,4,10,-12,-14
1,20,-8,-3,-6,1,-3,3,1,1,4,22
1,4,4,9,-7,10,-7,10,4,-2,-1,23
3,25,4,13,-13,24,-12,24,-10,9,-14,14
2,-9,-11,1,2,18,-1,2,2,15,8,22
-5,18,0,3,8,26,-5,26,-8,25,-1,13
-3,7,-5,5,-1,-7,3,11,-3,-2,7,1
1,5,-13,13,-3,13,-5,17,3,-1,-11,21
3,7,-15,11,-2,21,-1,8,-10,21,-3,30
-13,23,-9,29,-8,9,5,18,-13,-5,-15,1
2,9,-13,7,-11,28,-4,27,4,0,1,-2
8,33,-9,30,-10,2,-11,30,7,6,5,29
4,15,-3,6,-14,6,-10,23,-6,13,11,30
2,1,3,2,-15,26,-10,34,-2,18,-14,12
0,12,-4,19,-9,10,9,34,1,31,-9,6
-11,-21,-1,-30,0,-9,-12,-27,-10,-17,3,-2
-11,-35,3,-4,8,-21,-2,-5,0,-12,-11,-27
5,2,-4,-10,5,-16,1,-24,-12,-3,-6,1
12,-4,-2,-18,-9,-27,0,-28,-1,-8,-5,-28
-9,1,-11,-28,-7,-4,3,-9,-9,-32,-11,-2
-4,-30,8,-1,-7,4,-8,2,-13,-17,-9,-8
-8,6,6,-6,-2,-7,-3,-6,-2,-23,-5,6
-8,6,-7,4,10,0,6,-4,-6,-22,1,4
-10,-22,-1,-19,5,4,-11,-12,-4,-26,-14,1
-13,-17,-4,9,9,-8,11,-7,-2,2,11,2
3,-7,5,-21,-8,-14,-9,-16,3,1,10,-2
-14,11,-3,-7,2,-2,2,-15,-4,8,-3,-6
-8,6,2,-9,1,-16,4,-8,9,-10,-10,-5
1,-5,8,-6,1,13,-7,-8,12,2,-2,-5
2,-9,6,4,6,-6,-3,-1,10,9,3,0
2,-11,-11,-2,4,-16,-12,4,5,-4,5,10
-14,-2,10,16,5,9,-4,-7,-8,4,-12,1
-10,-3,6,-17,9,4,4,-4,-7,-13,-9,-10
-14,14,-14,4,4,1,-10,12,-1,4,-3,-18
11,12,-3,-14,10,10,7,3,-1,-1,-5,15
-10,10,-14,10,-10,-1,-12,12,8,10,-8,20
-2,-9,5,16,-6,2,-13,-13,1,10,9,6
-10,-3,2,20,-9,12,2,15,-11,0,-4,2
2,16,2,20,-11,13,0,-7,-4,16,-12,-2
-12,24,-12,9,12,9,-4,10,-13,-10,4,23
3,25,-14,-11,8,24,8,15,1,23,9,13
5,19,3,23,2,17,-8,15,7,14,9,6
4,5,-11,8,1,12,12,19,3,-7,0,-1
4,13,-1,-5,-4,17,0,0,2,25,-5,4
-14,9,-10,-5,8,27,0,2,1,3,3,13
-1,17,-14,15,3,28,2,24,5,8,-9,7
5,16,3,2,-2,12,-6,21,-5,11,10,14
-13,12,-1,31,-12,32,-2,2,3,30,-2,22
7,17,-9,7,-3,22,-14,19,-10,0,-14,27
4,17,-2,19,4,30,3,1,-7,28,-6,10
3,8,2,17,-6,10,4,12,-9,25,3,4
-2,25,6,1,-5,7,3,25,11,25,2,4
0,-36,3,-29,-9,0,-2,-32,-6,-5,-8,-3
-1,-25,-1,-28,-13,-22,-12,-23,9,-27,3,-23
-3,-24,1,0,0,-21,0,-5,-7,-13,9,-26
13,-15,1,-24,-7,-26,5,-11,-1,-28,-7,-12
-6,-20,-8,-31,2,-13,-8,1,0,-2,-4,-15
-2,-19,0,-2,0,-1,-3,3,12,2,9,-24
-1,-19,9,-19,-8,-23,-9,2,-9,-9,1,-27
-4,-17,1,4,-4,2,9,-22,9,-22,-4,4
-2,-15,1,-20,0,5,-1,-28,-9,-21,0,6
-6,7,-10,-20,5,-11,-10,-13,-4,-13,8,0
-13,-9,4,8,4,3,-1,-7,-4,2,10,8
-8,-23,-2,-15,6,8,6,3,-6,-24,-7,3
-2,7,12,-3,-10,7,8,-7,5,0,3,2
-13,-14,2,1,-5,-9,-4,-20,12,8,4,6
-10,-1,-10,-4,-2,6,4,-22,3,8,3,2
2,3,2,-21,5,2,-5,-1,7,13,-12,2
-11,3,-8,10,-9,-4,6,-6,5,-6,-2,-7
-3,2,-10,6,7,-15,-3,4,-2,-1,13,-4
11,18,11,0,4,-17,-3,9,-9,9,-4,-10
1,8,-5,-7,8,-3,5,-17,6,-1,2,10
0,16,0,-2,6,-14,4,20,-1,-2,11,7
-6,14,-5,21,0,0,-2,2,7,16,5,-13
8,2,9,15,-6,18,4,-12,-7,-9,-1,13
-3,11,0,19,1,6,-7,-1,-10,-2,-1,-3
13,7,1,-6,-2,-8,4,18,-2,-3,0,10
-5,-5,-2,23,8,-10,0,-3,-2,23,-2,21
-10,15,-1,-9,-13,14,-5,-9,-7,10,0,-2
13,8,1,-6,-10,26,-4,15,-2,-9,3,2
1,-8,0,3,-10,6,12,15,-10,-6,-1,26
10,16,2,2,-7,27,-11,-2,3,9,2,7
12,26,-8,25,5,3,7,6,0,28,1,4
8,28,-2,25,5,2,1,19,11,23,9,1
12,15,-1,6,0,18,-2,2,1,24,1,5
10,28,-1,-1,-6,27,3,13,-2,5,1,-1
9,12,-1,9,10,31,11,23,1,27,-1,31
11,30,-10,33,5,0,13,33,0,28,-4,23
13,32,-3,35,6,24,12,35,-1,21,-2,10
3,-14,-7,-33,-2,-33,12,-7,10,-30,-8,-12
-6,-32,1,-31,-12,-21,-12,-33,-2,0,-2,-27
2,0,-5,-21,-10,-10,8,-3,-4,1,1,-24
-1,-27,-7,-18,-2,-25,7,-18,0,-24,1,-29
-1,3,10,-22,11,-17,-4,-23,2,-32,0,-1
-6,-24,-1,1,-12,-24,2,3,2,-26,-1,-23
-2,4,0,5,0,-28,-5,-13,0,-27,2,-23
-1,-25,1,1,10,-20,-2,-26,-9,-24,-6,-6
8,6,7,5,6,-3,-11,-13,-4,-8,13,5
-7,-27,-2,-5,-1,-15,1,-16,10,-22,2,-11
2,-6,6,1,-7,10,5,-19,-11,-25,-6,0
-7,-22,6,-16,5,-25,-8,9,5,-24,-4,-2
-1,-15,-12,-13,2,-3,4,-13,11,7,8,-14
11,-5,2,13,5,-15,8,-21,4,-14,7,3
-11,1,5,2,-5,-22,-10,-15,3,-4,3,2
7,-1,2,1,2,-5,-1,13,7,-13,-11,-9
-10,-3,5,5,-11,-15,1,-5,3,0,0,0
-9,-1,6,-18,8,13,-2,-12,3,-8,0,-19
0,4,3,-13,-8,16,0,16,12,14,-8,-4
-3,-14,-4,-3,11,-1,9,18,11,17,-6,1
12,19,-9,10,9,10,-6,-9,13,10,5,5
-6,19,8,20,1,-1,-7,3,-10,5,-4,12
2,-3,-6,7,7,21,13,4,-8,16,9,1
0,4,8,10,-4,21,1,8,-11,20,-5,9
11,5,10,-3,8,16,-4,-12,1,-2,9,11
-3,-2,-3,20,-8,18,-8,-1,-1,9,-3,-5
7,-2,-4,13,-4,23,-11,25,10,-6,-1,23
9,6,-2,23,-8,-5,6,11,0,2,2,-8
-4,-3,-1,1,-2,22,-2,4,2,-7,-1,3
2,-5,-4,26,-1,29,1,11,-11,13,10,-2
-3,1,-3,30,-12,16,-1,26,10,-3,-4,-5
2,7,8,1,-4,1,-4,20,0,27,10,-1
-3,6,0,30,10,4,-6,10,10,-2,10,-1
0,11,10,5,-5,21,1,-2,-2,4,10,-1
1,7,2,33,12,34,1,3,0,6,10,-1
-2,6,0,8,10,14,-2,31,0,34,2,29
-5,7,5,12,8,7,10,6,5,19,10,0
3,-1,5,-23,5,-28,0,-1,2,-24,-7,-4
1,-5,-5,-16,9,-29,-10,-28,0,-16,3,-31
-1,2,1,-2,6,-10,-7,-28,1,-3,-10,-16
0,-28,1,-27,-3,-3,5,-31,11,-32,0,-29
7,-25,-3,-15,-10,3,11,-27,-1,-31,-10,-6
0,2,-5,-21,1,-27,2,-25,2,-25,-3,-11
0,4,-7,4,-3,-10,-6,-22,14,-8,-7,-23
4,5,3,-25,-6,-10,13,-7,12,0,9,-5
-8,-15,3,-26,9,-3,1,-11,2,3,-8,-5
-7,6,-3,-1,-7,-3,14,-13,-1,-10,6,-9
1,-8,-6,-22,-9,-11,4,-2,-10,-7,14,1
7,3,14,10,13,-9,14,-1,-10,2,-9,-10
7,-9,6,-3,-4,-18,-8,6,-6,7,6,8
7,-13,-8,-1,6,-3,5,0,-9,5,-1,-17
-10,5,-8,-17,-5,2,-5,-3,6,-17,11,-3
0,-5,-9,-21,5,-12,4,6,-1,13,-4,14
-6,-5,1,-1,2,-11,-3,-16,-5,12,8,7
3,5,-4,-18,-10,-8,11,-15,-9,-6,10,13
8,4,2,8,4,13,4,2,3,-2,9,2
9,-2,-9,2,6,-13,8,-15,-7,-12,-2,8
-8,17,-1,-4,12,9,3,-9,0,-13,3,-1
10,13,8,11,15,0,1,-4,-5,-8,-11,8
-6,-13,-11,2,8,-8,1,11,11,13,-1,18
-3,-9,-4,9,0,20,4,15,-4,23,7,-8
-3,0,0,-10,2,-1,-10,-12,10,-4,-4,1
-2,-3,7,-1,-6,4,-8,-1,-1,10,-7,15
13,8,-1,-8,-8,10,7,26,-1,-4,-4,19
-3,1,-5,-7,11,-2,2,5,-7,27,-4,24
11,9,3,-3,4,7,1,20,2,24,-2,-5
2,-2,1,-7,0,24,1,28,6,8,-9,23
-2,0,0,15,-1,10,3,10,1,24,-1,9
2,2,8,15,-3,-4,2,22,3,31,-5,6
13,22,-4,7,15,21,8,20,-11,0,-5,28
1,10,9,4,-5,28,0,-1,11,-3,-5,30
1,2,-1,8,12,34,-1,-1,10,5,-5,6
0,6,0,0,-1,0,-1,32,-3,22,-6,31
-1,11,-10,10,2,1,7,4,-5,29,-6,24
3,-8,3,-29,2,-15,-1,-31,0,-26,11,-24
10,-10,12,-28,1,-32,-4,-17,-8,-19,0,-22
2,2,-8,-4,-4,-31,5,-4,4,-32,-3,-10
-2,-3,-8,-4,-7,-29,0,-19,-2,-14,-1,-26
0,-29,10,-27,-4,-15,1,-4,5,-5,-2,-13
9,-28,0,-31,-10,-27,-3,-20,-2,-19,3,-19
0,-30,-6,2,4,-2,-8,-26,7,-16,-3,6
-6,-22,-9,-11,1,-14,12,4,7,-19,-4,-28
14,-9,0,3,-5,-8,-10,-22,15,0,-8,-28
6,5,-6,-5,5,-27,12,5,6,-15,13,-1
-10,1,6,6,4,-6,14,-7,-10,-12,8,-4
6,-17,0,0,4,-12,-6,4,6,-3,13,8
-2,-9,12,4,-5,-13,-5,-8,3,-10,9,-11
3,-2,7,-18,1,-3,-2,1,11,-13,5,-19
-4,-6,1,-17,15,5,-4,1,-10,6,1,7
0,-5,-6,-11,3,-13,-3,3,8,-5,11,-11
-9,6,-9,-1,4,-2,-1,-2,4,11,3,-1
-9,-1,13,-3,0,-1,16,0,15,0,3,-2
10,15,8,4,-1,9,7,14,8,-11,5,-1
-5,-5,11,9,6,4,15,12,11,-8,3,7
-5,-12,11,19,6,12,6,-13,-2,-7,1,8
7,0,2,10,2,7,9,12,13,11,-1,8
10,17,8,-7,4,20,14,4,-7,22,12,10
2,-12,-10,21,7,5,-10,-5,-1,7,12,21
-2,-4,-7,-9,3,23,3,-12,4,-2,12,8
14,5,-6,22,4,21,9,11,-3,10,5,18
-3,-1,1,-10,1,1,7,21,4,25,1,-3
-1,-5,-1,23,-2,15,-9,21,9,3,-6,27
-7,20,-2,12,-9,19,-4,9,2,-4,14,23
14,18,4,25,2,12,1,23,-10,14,-5,5
2,3,10,9,-2,-6,-5,18,-3,29,-5,29
-3,3,-4,26,1,16,12,-2,4,4,-4,19
-3,-2,-6,25,-4,-3,-2,19,3,31,-5,-2
0,3,11,-3,-4,19,-2,15,-3,9,-6,9
-3,28,-1,11,-3,21,-1,29,-4,14,-6,8
4,35,12,24,12,5,-1,31,-1,33,-6,20
0,32,11,5,-5,35,-10,36,3,8,4,21
2,-35,-1,-30,4,-33,-6,-16,-8,-20,-4,-19
3,-6,0,-28,10,-23,0,-13,2,-4,-4,-27
-1,2,12,-28,1,-8,-8,-24,4,-16,2,-3
2,3,0,-18,-5,-32,-5,-29,-1,-1,-1,3
-3,-28,0,-22,-4,-28,3,-23,5,-25,-2,-20
-1,-4,-1,-7,12,-29,-3,-4,9,-14,3,-25
10,-28,14,-11,3,-2,-6,-24,10,-19,14,-15
-4,-2,-4,-18,-7,-20,8,-20,-3,-23,16,-12
-7,-21,7,2,-3,-22,-1,-15,10,-28,-7,0
-9,-25,-2,1,9,3,8,-3,6,-21,8,4
11,-5,-5,-7,0,-25,-3,-21,11,-9,8,-18
6,-16,12,8,0,-25,-2,-24,-4,0,1,-3
1,-4,12,5,-4,3,-8,2,13,4,3,-23
-7,1,5,-10,-9,-23,-2,-21,0,-1,11,8
-6,-2,1,-7,-3,7,13,-20,0,-12,12,-9
3,-1,-8,-1,13,-16,3,0,-3,15,4,15
-7,-1,14,11,-4,-7,-1,-8,6,-15,10,-1
7,-8,14,11,-8,-10,2,-8,-6,9,14,1
1,-13,7,3,6,4,0,-14,15,-1,-9,7
12,7,-1,5,13,13,11,-1,-6,-13,-5,8
8,-9,6,13,6,1,8,-6,-3,-4,-2,7
9,-12,-7,13,7,3,0,14,11,21,8,-11
11,13,13,1,-4,20,9,-2,16,21,-6,13
1,18,0,-13,-6,15,15,23,1,-2,4,-7
13,13,-8,11,-4,-9,-8,17,-3,-12,-7,1
4,-1,0,11,3,-3,11,6,12,-5,4,18
0,1,12,-3,-7,3,8,10,-3,25,0,-9
1,4,-1,10,-9,9,-4,12,-1,22,-1,24
16,18,-2,22,12,22,-5,5,-3,0,-1,16
5,20,-1,28,-5,7,-2,-4,-3,6,12,2
-2,-5,13,0,-8,10,5,14,-1,18,-3,6
0,0,-3,15,0,31,6,20,-9,14,3,27
4,-3,3,32,-8,27,-2,28,-3,19,17,14
4,5,-1,2,-1,0,-8,21,3,23,0,1
1,6,2,31,9,16,4,7,-9,6,-4,1
9,4,10,0,-8,0,-4,22,-6,20,3,1
-2,4,7,4,-8,0,-5,7,2,12,-7,8
6,-3,12,-5,5,-34,6,0,6,-2,0,-23
13,-4,9,-20,-7,-9,-7,-15,-8,-35,-1,-27
2,-9,-2,1,-5,-4,1,-33,-5,-7,4,-5
-2,-32,14,-28,-3,-31,14,-32,-4,-27,-4,1
5,2,0,-25,-4,-23,7,-11,-3,-25,4,-25
-2,-29,-2,-26,0,-18,4,1,5,-27,-2,-1
18,-2,15,-3,1,4,-4,-22,4,-12,8,-24
-6,-24,18,-12,18,6,-1,-21,2,-26,-2,-9
8,3,8,-28,17,-7,-3,-24,8,-9,11,-8
9,-10,8,-26,-2,8,0,1,12,-25,9,0
-4,-6,15,-1,1,-16,9,-22,-1,-2,-6,7
11,6,-3,0,12,-2,11,-17,14,-11,-4,8
-7,9,16,6,-6,5,18,12,-3,4,16,5
13,-5,4,-20,-7,5,14,-23,7,5,0,-17
-7,0,1,-21,14,-9,-8,-2,1,-22,-8,-11
-7,-1,1,7,11,1,-7,-4,-3,-4,5,9
0,-4,-4,4,-7,10,3,-11,-1,-15,17,2
-3,-3,4,-5,9,-7,-5,17,9,12,11,-11
14,4,5,4,5,11,14,-3,0,-18,10,-9
-8,-13,5,0,11,2,-1,8,15,3,7,6
12,0,-7,1,-5,7,3,3,10,4,-1,-11
-5,7,16,18,10,-7,0,-5,12,-15,13,5
-4,-11,8,5,6,-8,10,9,3,22,3,13
15,17,10,7,5,4,-6,-5,6,13,0,2
3,-4,1,-9,-8,9,-1,10,10,22,-7,-12
5,-9,-2,-7,4,23,4,13,3,10,4,0
1,-10,-2,14,16,20,1,3,-1,-1,-4,-1
4,-4,-3,15,0,-4,-7,7,0,-4,12,2
6,24,-4,-4,1,17,-5,14,-4,2,-7,26
-1,-1,1,13,-1,1,-7,11,14,8,0,-3
3,5,-1,-6,0,1,-3,23,-4,25,-8,29
-1,28,3,2,11,10,-6,13,-3,-1,-4,24
4,-1,3,2,-5,12,9,12,4,18,4,8
6,26,-4,3,9,22,-2,25,-8,-2,-1,7
1,11,-4,1,6,33,-7,17,-1,20,12,-2
5,28,0,31,-2,1,-8,31,-4,3,1,9
-1,0,13,1,5,19,-8,3,5,2,8,1
-1,-36,-6,-31,-7,-33,-7,-11,4,-26,5,-20
3,-33,16,-18,-4,-18,-5,-24,2,-22,7,-8
13,-20,1,-25,3,-25,0,-28,4,-33,7,-15
8,-33,15,-29,5,-32,2,-14,2,3,-1,-23
1,2,-5,0,-5,-11,2,4,0,-14,4,2
6,4,11,-31,5,1,19,-4,-6,-19,-4,-14
12,0,14,-27,6,-25,4,-17,-4,1,8,-11
-7,-23,-5,-2,-2,-6,-6,-8,-7,-2,6,-29
11,-28,17,-9,-3,-18,10,-22,14,-17,5,-4
-3,-17,8,0,-5,-17,8,-5,19,0,-2,-13
10,-22,11,-3,8,9,0,-19,12,3,12,-21
5,2,15,-11,14,-22,-6,-3,-2,-24,11,-5
6,3,15,-4,0,-5,13,-9,-5,1,-2,1
2,-7,1,8,-4,-4,19,7,-5,13,-7,3
-5,-1,9,-17,-1,-9,5,9,14,-17,9,-22
-5,-1,2,3,14,-17,13,-16,4,-17,-3,-20
-4,-1,14,2,14,-12,-5,-4,0,3,15,8
11,-2,4,4,15,17,10,14,9,2,6,-4
15,16,9,-4,7,-9,13,10,12,2,11,0
-2,0,16,1,13,-3,-3,11,-4,5,19,17
-7,9,0,-4,18,-1,-4,-8,-1,14,8,-11
-5,7,19,3,17,16,4,18,19,0,19,18
-3,8,0,12,-4,18,-1,21,8,-1,15,0
16,19,-6,-6,3,-1,3,-4,14,-9,-5,22
15,3,14,-4,-3,-7,-3,2,-5,-6,-3,-8
13,2,-1,-8,-4,2,1,-4,2,21,7,23
-1,15,0,13,-5,2,6,13,2,-8,-2,21
7,-2,14,3,2,3,1,-6,3,23,-1,-4
13,4,0,16,5,5,13,-2,3,23,-7,0
1,-5,4,24,2,23,5,1,-1,11,1,-4
7,7,15,-3,4,0,-4,13,0,-6,14,2
19,15,7,23,9,26,7,18,2,6,-3,10
15,31,-4,4,-3,3,9,23,-3,-4,11,9
-4,24,-4,-1,15,1,-5,14,3,5,-5,23
19,29,10,12,14,17,7,16,-4,16,0,19
7,7,5,28,13,4,-5,-1,0,12,15,16
1,3,-4,15,-4,18,2,8,-5,21,-5,17
1,-5,1,-33,2,-18,5,-26,15,-33,-4,-18
6,-35,-2,-12,11,0,-6,-2,7,-2,-3,-21
6,-26,14,-2,7,-27,3,-14,1,-31,-3,-13
1,-30,11,-24,-3,-25,12,-4,14,-9,-1,-3
18,2,4,-26,6,-21,-3,-4,-4,-22,2,-25
7,0,4,-14,6,-31,-5,-18,13,4,10,-28
2,-4,11,-11,4,-19,14,-10,-4,5,4,-4
-4,-14,3,-24,6,-19,-1,-27,-3,-20,0,-16
11,-23,7,-23,5,-26,-4,-9,13,-5,10,-14
-3,-25,20,3,16,6,15,-9,3,-20,-6,-26
3,6,16,-7,5,-4,1,-14,17,9,3,8
-4,-21,1,11,9,-15,15,6,20,10,9,-12
-2,-10,4,-15,10,-18,11,-12,13,8,2,-8
7,-1,17,1,-5,-3,-3,-2,-6,-16,18,-7
-3,-5,2,-21,2,3,7,13,12,-14,1,-13
-5,7,15,-12,17,1,-6,3,-4,11,-4,-14
1,8,4,3,17,-3,2,10,12,-15,2,8
-2,-11,-2,-7,13,-14,10,-10,14,10,9,-8
-3,-6,5,-2,13,7,17,7,12,8,15,16
0,0,4,-9,-1,1,6,-12,-2,1,-3,-15
4,-1,18,1,18,8,12,2,-6,10,-4,7
8,3,11,12,-6,-3,-6,19,14,-1,10,12
-2,20,17,21,3,-11,0,-11,4,13,7,7
18,19,13,9,-5,6,5,16,-6,4,6,-8
15,11,-4,-7,10,1,6,6,12,6,3,-10
19,13,1,-3,6,25,1,9,3,-7,-4,18
19,7,7,-8,5,22,-1,-3,10,1,-5,1
15,20,7,-1,2,23,0,-7,-4,10,-4,-5
16,18,-3,1,18,11,14,-1,2,17,1,-2
18,10,9,18,0,25,3,27,7,16,-3,13
5,11,1,-2,-6,3,-6,12,15,-6,-4,14
7,-1,11,25,2,-3,-6,21,11,8,-2,8
8,0,16,-2,3,14,-6,7,-5,32,-1,0
19,31,1,31,6,26,0,26,-2,14,-4,-2
18,31,1,19,8,10,3,7,11,33,-3,33
2,24,16,0,0,29,2,5,0,2,12,33
17,22,5,11,14,30,-6,30,7,11,-3,12
4,-2,2,-7,14,-13,-2,-21,4,-5,-4,-27
-1,-31,-1,-28,2,-8,13,0,4,-10,-1,0
1,-3,20,-4,11,-9,5,-3,7,-32,-1,-32
20,-8,14,-10,3,-6,14,-23,-3,-10,16,-26
-1,-30,5,-27,4,-3,7,-17,4,-20,13,-16
5,-14,13,-6,16,-16,2,-26,6,-5,17,1
-3,-1,10,-15,13,3,0,0,2,-23,5,6
13,-21,2,-10,16,-24,12,6,2,-27,-4,3
-3,5,1,-6,14,-1,12,-23,1,-17,2,-11
-4,-18,15,-19,16,-3,15,6,9,-5,13,-23
1,6,18,3,21,3,16,7,-3,-19,-2,-22
0,-16,-5,0,16,3,19,-8,17,-2,5,-8
0,10,5,-23,6,-11,2,-11,21,7,15,-10
3,-6,16,11,20,5,3,-6,12,-7,16,1
15,-4,17,5,16,-16,16,-12,1,9,13,11
12,0,13,-13,12,-7,-4,15,14,0,15,-9
8,-3,0,-11,10,-11,3,16,16,-3,3,-2
12,-9,8,0,9,-11,-2,-16,3,7,20,-1
-5,8,-3,7,15,-18,21,11,-1,-3,12,-7
-5,4,-4,15,-1,18,-1,-6,-4,11,11,-10
4,-1,0,12,1,4,-2,17,12,-12,19,19
-1,3,10,-7,5,-8,9,20,15,15,7,-1
8,11,16,9,2,-1,-3,17,4,19,-2,18
4,-12,-2,19,13,18,0,-7,7,-13,-4,20
7,0,-1,9,1,-1,8,-9,6,17,-2,17
9,17,8,23,-3,-11,-3,19,0,12,2,-7
-2,14,-2,10,-4,22,-4,-1,3,-2,5,-1
2,1,1,21,0,-8,-2,-2,-1,24,19,9
2,5,11,18,13,-6,6,15,-3,1,-5,8
5,2,-5,24,8,29,-2,25,-2,22,-1,16
9,24,9,25,17,-3,4,0,6,16,11,4
20,31,2,4,5,-3,13,9,-1,27,-1,0
3,-3,16,-2,12,6,-2,7,6,20,-3,6
18,32,6,32,-3,29,1,23,-4,14,17,18
5,21,-4,11,12,4,10,1,-4,16,15,3
9,2,-2,10,2,11,16,-1,-4,2,15,5
3,7,17,0,0,0,12,15,-5,32,-3,2
-1,-31,-3,-30,7,-17,21,-10,5,-1,-3,-14
11,-21,5,-23,14,-25,3,-21,2,-25,2,-4
0,-25,8,-7,12,-34,9,2,14,2,-3,2
11,-10,-3,-29,-2,-29,17,-6,11,-3,2,-24
-2,-19,0,-23,-1,1,14,-15,10,1,16,-14
-4,-20,11,-18,3,0,13,-5,10,-28,12,2
11,-19,14,3,7,5,13,-29,2,-16,-4,-12
11,3,4,-14,8,-4,9,-17,6,-16,14,-15
5,-2,5,-5,10,-11,-1,-27,15,-23,18,-12
13,-1,11,9,-2,-26,2,-17,-2,-19,11,-17
16,10,5,-12,-1,-16,11,-15,-4,-24,14,-26
4,-14,10,-9,5,-1,0,-2,-3,-3,13,-1
-3,-13,15,-18,6,11,3,-20,11,12,3,2
12,-14,22,-1,6,-9,8,-13,9,-14,15,1
3,-7,-2,4,-3,2,0,-22,-4,-12,3,-21
-1,-10,5,4,9,4,4,-10,0,-1,17,15
21,0,10,4,5,6,6,-15,16,12,22,6
0,2,16,6,20,-4,-2,4,21,13,-4,9
5,-1,12,-8,-2,-4,2,18,-4,-13,-2,1
-3,4,12,12,-4,16,-1,1,1,-4,-4,-2
-3,8,13,-8,16,-1,15,9,4,-1,-1,9
12,3,21,11,-4,17,-1,14,18,5,-3,20
15,20,12,9,-2,6,21,5,-3,18,18,17
5,23,-4,-11,3,23,0,22,4,8,-3,14
9,24,3,-10,6,-12,10,-11,15,-11,9,-5
7,12,12,5,-2,12,-1,23,16,-4,17,-5
6,-6,6,6,-3,8,12,22,7,20,-1,-9
2,-3,3,7,4,14,0,17,14,24,-2,27
7,-8,7,28,-4,-2,8,21,13,-1,-3,16
7,25,-2,28,5,28,10,24,10,1,4,-7
3,29,6,28,7,28,-2,7,8,4,17,-1
7,25,2,24,19,21,11,-1,8,-4,0,25
5,24,-2,27,2,24,-2,32,3,15,9,22
2,5,1,30,9,1,14,31,3,13,15,0
2,10,14,29,21,17,4,6,2,31,4,20
9,29,2,22,-2,15,-3,26,-2,33,16,6
22,27,6,11,-4,15,-2,10,13,18,-1,15
0,-33,7,-16,11,0,10,-16,-3,-14,6,-14
13,-9,5,-27,0,-33,10,-3,11,-24,3,-35
-2,-27,-3,-22,6,-2,-1,-20,1,-33,-1,-29
12,-27,10,-13,8,-4,-2,-22,-1,-16,12,-26
21,-8,8,-24,17,-29,12,-31,5,2,-3,-22
17,-2,0,-18,14,-16,14,-14,17,-25,3,-28
-3,3,-3,0,6,-14,1,1,2,-21,14,-13
7,-15,9,-3,15,-15,5,-8,15,-10,3,-2
14,-10,8,1,14,-12,3,-17,13,7,23,-3
15,-15,-3,-8,6,-25,3,7,12,-25,11,-1
3,-12,21,9,16,4,18,-5,-3,-2,19,1
2,-12,0,-2,19,-5,18,-3,16,-12,13,-8
15,-6,23,11,9,-6,1,-6,10,2,3,-5
13,-20,17,-13,19,6,22,7,2,-7,18,5
-3,13,4,-8,17,-4,3,-14,8,-6,2,-6
20,5,7,-17,11,10,-2,-20,4,-13,-1,11
15,9,6,-2,18,13,18,-11,19,16,14,13
8,-4,21,7,7,12,9,-7,17,-14,16,-10
12,2,8,-6,-2,-1,12,-3,0,-15,9,10
9,2,0,12,19,4,-1,7,5,-3,12,17
-3,12,-1,-8,23,11,13,-12,14,4,-2,15
11,4,-2,16,19,17,3,9,13,0,-3,-1
10,0,21,1,18,-14,4,19,12,21,23,10
1,-12,-3,-5,2,-5,16,19,-2,11,3,16
6,21,16,-2,4,3,15,16,5,-6,17,1
15,-5,15,25,12,9,-3,-7,9,8,-3,9
12,18,-2,-2,22,22,-3,-1,0,10,11,3
12,7,4,23,17,22,16,20,8,-3,4,21
16,1,-3,-1,-2,21,15,0,-3,23,6,-8
9,25,-2,28,-3,9,16,27,5,4,7,-6
9,27,2,11,19,-4,-3,11,-1,18,6,29
6,26,-1,8,15,30,18,10,5,28,19,8
7,31,7,25,0,32,18,4,2,-2,-2,16
9,28,18,7,4,-2,1,-1,6,6,0,33
10,11,1,11,0,1,3,20,-3,13,1,4
5,32,-2,26,14,16,-1,2,-2,4,0,6
5,31,8,4,-2,23,23,26,-2,6,14,7
-2,-21,10,-31,6,-26,0,-16,0,-34,-1,-32
10,-19,0,-26,16,-7,0,-20,15,-29,19,-31
7,-5,20,-21,5,-30,18,0,13,-30,12,-6
-2,-21,2,2,8,-20,-2,-5,8,-28,11,-2
16,0,3,-30,9,-2,9,-20,0,-10,23,-18
18,-9,4,5,2,-14,12,-29,0,-17,3,-2
-2,4,15,2,-1,-9,-2,-16,6,6,8,-9
3,-22,24,-5,3,-5,6,3,17,-10,4,-27
3,8,13,-7,1,-7,24,-12,6,-27,13,3
16,3,2,-7,11,-7,14,-26,8,-2,20,9
3,-1,-1,10,14,3,13,-17,14,-22,17,-3
17,-21,19,0,12,-2,2,-6,23,-7,22,9
3,8,0,-8,8,10,14,12,9,9,1,2
15,-11,21,10,-2,-15,10,-16,7,-17,14,5
6,13,10,1,9,-4,17,8,11,-7,8,2
2,-8,5,-3,24,12,11,10,2,4,7,-10
9,-1,-2,16,0,-3,19,-13,-1,-13,7,-4
-2,0,16,7,20,-18,-2,4,4,-18,13,6
14,2,12,9,12,12,16,-11,5,14,0,-6
9,3,0,0,-2,0,19,-6,21,2,14,18
-1,3,4,16,-2,12,10,11,16,19,9,-15
5,1,13,20,16,5,4,15,19,4,-1,-9
15,-8,19,0,6,22,8,-8,21,22,18,14
0,-4,2,3,20,-13,2,-4,-2,22,3,-6
1,-2,13,-1,-1,-10,8,5,11,8,-1,18
1,-7,18,11,11,20,13,8,22,8,-2,16
17,-9,3,13,19,0,19,-4,1,24,6,-1
-1,4,-2,20,-2,14,5,17,16,22,18,10
1,-2,6,3,15,19,-1,-5,1,5,-1,-5
12,9,10,26,-1,3,4,-7,16,23,15,21
9,23,10,11,12,4,12,9,12,14,11,3
3,0,3,24,14,19,16,20,18,13,0,4
8,18,6,0,3,6,14,17,-1,31,0,23
4,30,20,29,5,-1,2,9,2,10,7,10
14,20,10,28,10,25,19,-1,3,27,-2,11
1,8,14,2,18,19,-2,9,-1,25,2,10
13,36,3,5,3,30,6,29,3,3,11,5
16,-3,2,-5,12,-30,0,-31,21,-23,22,-6
1,-3,2,-35,2,-24,9,-24,20,-34,0,-19
18,1,-1,-2,11,-1,8,-1,2,-26,14,-2
16,-3,19,-30,16,-7,4,-11,1,-18,6,-1
15,-5,0,-29,22,-3,8,-2,13,-2,16,-17
15,-30,-1,-26,1,0,15,-3,10,1,0,-17
15,-25,14,-20,8,-19,-1,-29,16,-13,19,-22
14,0,6,-14,6,-11,14,-13,15,-24,21,0
1,-27,18,-11,11,-12,4,-8,7,-18,25,2
3,0,24,-10,15,5,15,-7,13,-10,19,8
12,-23,1,-23,8,-20,19,-25,2,-16,14,-18
20,5,10,-1,4,-9,2,-25,9,-3,0,4
5,-13,18,-8,14,-19,9,1,3,-10,12,-1
14,-13,6,-6,17,1,-1,-8,17,-8,17,-17
7,-22,14,-6,17,-7,14,-20,9,-4,14,-1
0,-4,19,-3,15,-2,6,-12,14,-7,4,-2
16,3,1,-13,16,-18,0,5,8,-15,2,4
12,0,14,12,10,-14,20,-14,3,5,20,-16
19,1,0,7,15,-13,20,-14,13,-4,15,18
-1,5,9,9,1,16,8,9,7,1,13,15
9,3,2,0,19,1,2,10,23,-1,19,6
10,13,18,14,14,10,4,17,-1,19,17,4
18,12,22,0,25,18,8,11,23,2,-1,-10
17,21,0,-12,19,22,4,0,16,16,-1,18
-1,-12,7,15,17,-12,2,-7,13,1,11,-3
3,14,1,3,20,5,17,21,14,20,16,25
1,-2,1,24,2,5,2,-1,-1,6,-1,23
0,-4,1,1,8,24,10,-2,-1,20,-1,-2
2,0,-1,-4,3,19,4,6,2,18,0,9
4,22,8,-3,9,29,9,3,20,23,9,0
15,11,6,29,9,-1,18,5,19,17,10,0
10,20,19,4,15,31,7,0,1,25,4,1
1,-4,-1,-3,9,28,5,5,16,28,9,16
0,-2,8,32,0,3,1,18,11,21,20,-1
2,5,3,28,11,29,0,26,3,27,2,1
4,5,11,30,10,8,1,1,21,29,10,34
14,26,2,12,16,31,1,1,0,21,2,10
3,-6,2,-30,17,-13,5,-25,23,-19,17,-22
18,-33,8,-35,17,-22,17,-21,3,-20,9,-14
19,-22,4,-34,10,-7,16,-28,6,-25,0,-29
4,-18,9,-27,7,-26,17,-20,21,-5,3,-15
3,4,23,-9,20,-5,7,-11,21,-30,21,-31
14,-9,20,2,8,-19,14,-20,5,-25,7,-20
18,-5,19,4,24,2,24,3,17,6,23,-12
15,2,26,-13,8,6,2,5,15,-20,0,5
6,-15,21,-4,3,-1,1,-24,9,-9,24,5
10,3,15,-20,19,9,22,-3,14,-2,0,-15
12,9,6,-14,26,0,13,-1,18,1,11,-14
1,-17,20,9,14,-25,7,-7,9,4,9,4
6,-14,4,4,15,3,22,-4,19,-21,15,12
7,13,1,-1,21,-11,21,-7,12,-7,25,5
18,0,21,-1,2,6,5,-7,26,10,25,14
2,4,2,3,17,-2,0,0,0,-1,14,-9
13,4,0,-2,21,-13,0,7,1,14,20,10
2,-1,6,-19,5,-2,21,-16,3,6,11,2
0,2,6,9,14,15,12,-5,8,-16,9,2
21,2,9,4,6,-1,6,-4,20,-6,6,5
19,0,9,11,15,2,0,-11,4,0,10,9
19,13,17,-15,24,6,14,-5,2,-3,0,21
17,15,15,8,19,-5,7,2,20,13,8,15
0,-3,7,-7,11,14,8,-11,4,13,19,-1
4,17,6,-5,11,-4,9,23,2,15,10,-1
2,-5,7,-4,0,20,21,-9,7,18,25,5
16,15,13,-10,22,17,6,11,0,3,24,17
1,-5,16,22,8,-5,19,24,26,21,1,-7
3,15,6,0,7,8,1,15,11,3,1,0
5,24,0,6,0,29,16,8,20,28,4,10
1,8,1,6,1,16,9,8,19,-4,1,1
1,-2,15,-2,21,4,7,14,20,4,0,14
2,7,5,32,13,28,1,30,9,4,18,6
2,9,5,32,1,0,2,9,20,25,5,19
15,33,0,8,4,0,19,1,13,-2,21,-2
15,0,6,12,2,33,14,27,2,10,0,8
8,29,11,17,1,13,4,36,6,19,13,11
