-1,-13,-8,-13,-23,-11,-26,-21,-15,-25,-2,-27
-10,-32,0,-33,-16,-19,-12,-1,-26,-22,-24,-16
0,-4,-1,-22,-21,-32,0,-2,-13,-9,0,-34
0,-5,-20,-1,-10,2,0,-19,0,3,0,3
0,-13,-24,1,-21,1,-1,3,0,-32,-2,-32
-9,-23,-1,-2,-5,-2,-25,-9,-17,1,0,1
-7,-29,-1,6,-16,-13,-1,0,0,-14,-18,-22
-10,-18,-24,-22,-6,-16,-5,-18,0,4,0,1
-10,-24,-24,-18,-8,7,0,-17,0,-5,-3,-9
-1,9,-4,1,-8,-8,-15,-7,0,-14,0,6
0,10,-1,8,-3,10,0,9,0,-19,0,3
0,10,-1,-23,-15,-11,-7,-25,-26,-13,-1,3
0,10,-10,-1,-24,-11,-1,2,0,11,-1,-8
0,9,-22,-8,-1,-17,-6,-17,-14,8,-1,-9
0,11,-9,-18,-14,1,0,12,0,9,0,-21
-10,-19,-23,10,-2,-15,-24,1,-9,-1,-1,-15
-9,-18,-15,-15,-13,-18,-5,1,-1,4,-13,-5
0,10,-11,-8,-10,13,-26,-6,-23,9,-4,15
-1,17,-1,9,-26,-14,-26,-11,0,-14,0,10
-9,-14,-17,-13,-25,3,-1,11,-14,-2,-1,-12
0,10,-2,19,-26,3,0,17,0,14,0,15
-10,-5,-1,13,-20,20,0,16,-2,7,0,12
-11,-11,-1,-1,-11,14,-26,-8,-6,6,-1,22
0,10,-1,13,-17,14,0,0,0,15,0,13
-1,19,-21,20,-11,-12,-6,-7,-4,-9,0,13
0,14,-10,21,-18,-1,0,1,0,16,0,13
0,11,0,24,0,-3,-26,-6,0,19,0,10
-10,-1,-1,11,-17,-8,0,21,0,16,0,14
-10,-1,-2,1,-10,-1,0,21,-5,-1,0,14
-10,-1,0,23,-16,17,-6,1,-6,28,0,14
0,12,-3,-1,-24,6,-1,19,0,0,-2,18
-8,-5,-14,-3,-1,-3,-26,-3,-2,24,0,14
-9,2,-1,14,-1,-3,0,24,0,20,0,14
-3,27,0,4,-24,7,-1,16,0,23,0,13
0,14,-4,29,-18,7,0,25,0,20,0,13
-11,9,-19,22,-11,11,0,25,0,19,0,13
0,13,-8,20,-6,10,0,9,-7,16,-5,18
1,-5,-18,-27,-13,-23,-1,-27,-8,-33,-21,-23
0,-1,1,-7,-13,-10,-5,-35,-22,-14,1,-18
-10,-32,-22,-15,-12,-13,-21,-12,-4,-33,1,-23
-10,-22,1,-13,-5,-25,-5,-31,-14,-3,-3,-4
-1,0,-22,-16,-17,-32,-8,-13,1,-11,-3,-30
-9,-22,1,-12,-6,-16,-6,-24,0,-9,-4,-1
-1,1,0,-5,-23,-23,1,-5,-10,-26,-8,-7
0,1,0,-18,-24,-5,1,-5,-1,-5,-12,-15
-4,-26,0,-20,1,-9,1,-5,1,-9,1,-18
0,-1,-9,-20,-2,5,1,-5,-7,-20,1,-18
0,-2,-9,3,-1,-17,-6,-11,-18,-11,-9,-5
-7,-23,-10,11,0,-14,-24,-10,-19,-6,1,-12
-9,-23,-19,-11,-9,-15,-5,-8,1,-7,-4,-3
0,9,-6,-4,-2,-19,-5,-20,-5,-10,-1,-2
-6,-20,-3,-9,-17,13,-23,-5,-23,-7,1,-14
-7,-18,0,1,-5,-2,-14,8,-2,-16,-13,12
-10,-19,-14,5,-6,-8,-7,12,-7,-1,-4,0
0,9,0,-9,-24,-4,-20,-8,-4,1,-1,-16
0,9,0,-9,-13,-2,1,3,-19,-3,1,-11
-1,18,0,-14,0,17,0,0,-2,-8,-2,10
-1,20,-1,16,-10,18,1,4,0,0,1,-4
-8,-11,-1,19,-4,1,1,4,0,-6,1,-9
1,10,-1,12,1,8,-6,-10,1,1,1,-11
-9,-8,1,0,-18,-4,1,-6,-3,20,-2,11
1,8,-1,16,0,5,1,6,0,-4,1,-10
-7,-10,-19,-3,-1,11,-1,-5,-8,-7,0,21
-10,-6,-4,20,-3,15,-6,-5,-23,3,1,-5
-1,20,-1,16,-23,-8,0,9,-1,14,1,-5
-1,19,-11,-7,-2,22,-6,5,1,3,0,19
1,8,-1,12,-4,27,-7,27,-5,27,0,8
-8,1,1,6,-24,12,0,6,1,4,0,7
-1,18,-14,-2,-7,-5,1,10,1,4,0,30
-15,-2,-1,11,-9,2,1,6,1,10,-2,17
-8,7,-1,20,1,-1,1,-1,-1,7,0,31
-8,9,-1,18,-1,22,0,9,1,10,0,31
-10,4,-15,5,1,33,0,33,1,1,0,30
0,20,0,7,-12,36,0,9,1,8,0,30
0,-2,-14,-26,-3,0,-5,-33,-5,-24,1,-7
1,-6,-11,0,2,-12,-5,-33,1,1,1,-24
-7,-33,-19,-28,-20,-33,2,-26,-4,-17,1,-8
0,0,-6,-15,-16,-22,-6,-3,-5,-26,1,-29
1,1,-1,-11,-2,-3,2,-28,1,2,1,-7
2,-4,-15,2,-1,0,-6,-20,-24,-21,-3,-23
0,0,2,-26,-10,-3,1,-22,-1,0,-8,-15
2,-7,-4,5,-12,-24,2,-23,-7,-27,-6,-3
1,-3,2,-27,-7,-15,-3,-8,1,5,-7,8
-8,-27,1,-22,-23,-10,-6,-5,-6,-21,-7,-27
-10,-24,-4,-4,-5,1,-2,-14,-8,4,-9,10
0,1,0,5,-1,8,-10,-18,-8,4,-2,10
-6,6,-4,-5,-2,4,-5,9,2,-19,-8,4
-5,-23,0,-10,-5,-13,-5,-1,-24,-15,-2,10
-1,6,-1,14,-6,12,-9,-3,-8,-18,1,2
0,3,-1,13,-1,1,-23,-20,-7,7,-2,3
1,-3,-1,11,0,8,-7,1,-23,-1,-8,-14
2,-7,-14,9,-13,8,1,-12,-8,4,1,4
-4,-16,-8,-10,-1,16,1,15,-1,9,1,4
0,11,-10,13,2,-12,1,-13,-2,19,-12,7
-1,20,0,13,-9,20,1,-10,-2,16,1,5
1,6,-15,-14,-14,-10,2,-14,2,-12,-2,-3
-1,20,-1,16,-16,12,1,18,1,21,-8,-13
2,4,0,14,0,6,1,11,1,19,1,7
1,6,-21,10,-14,6,1,19,-4,-3,1,7
1,1,-3,3,-19,5,-10,20,0,-11,-12,10
-2,25,-13,2,0,8,-16,-10,1,21,-2,-2
-7,-4,-20,21,-19,10,1,20,1,21,-15,-9
-14,-5,-1,19,-1,18,1,12,-9,19,1,10
-1,20,2,16,-24,15,1,-5,1,22,1,-7
2,2,-11,21,-3,29,1,21,-9,8,0,29
1,9,-1,21,-10,25,1,18,1,20,1,12
-2,32,-1,21,1,23,0,31,1,17,0,30
-8,9,-11,10,-10,-3,1,0,1,16,0,29
-10,1,-6,10,2,33,0,29,1,26,-3,31
-14,-1,-12,22,-8,7,0,29,1,13,0,22
-9,0,1,35,2,31,0,29,1,27,1,12
-9,-35,-17,-14,-15,-3,1,-11,-3,-30,2,-26
3,-21,-11,-27,-7,-4,2,-34,2,-9,-2,-13
1,-9,-3,-29,-16,-22,2,-12,-8,-22,1,-12
-14,-31,-19,-9,1,-19,2,-12,2,-20,-20,-3
-6,-32,1,-20,0,-27,2,-16,-1,-1,2,-23
-6,-22,-14,-23,-15,-29,-2,-30,2,-11,1,-11
0,5,0,-6,2,-22,-6,-27,-8,-21,2,-22
2,-7,-1,7,-1,5,2,-15,2,-11,-3,6
2,-9,-4,-3,-7,-15,-20,-9,-3,-26,-20,-22
3,-16,1,-19,-10,0,1,9,-8,-24,-21,-11
0,7,-1,4,3,-10,-7,6,-5,-26,1,-15
0,6,1,-14,3,-21,-7,6,-7,-10,2,-18
0,8,-8,5,-17,-19,-3,11,2,-7,1,-14
0,6,-21,-12,-3,-6,2,-10,-8,-23,-3,-17
-3,-21,-13,2,0,-1,1,0,-1,6,0,12
2,-5,2,9,0,14,2,-16,2,-9,-4,15
-9,-20,3,13,-2,13,2,-20,2,-13,2,-17
2,-4,-15,-18,-8,-16,-7,-10,2,-4,0,14
3,-9,0,17,1,-17,-3,-4,-9,17,-5,13
-4,-14,0,16,2,15,-5,-14,2,-12,2,-15
-5,-8,-13,4,-7,-16,1,18,2,-12,2,-15
-10,-13,0,14,-1,9,1,8,-1,10,0,11
3,-9,-15,-3,-15,16,1,19,-7,21,0,8
-14,-10,3,4,-7,23,1,6,2,-10,-5,-1
-10,-11,3,6,-10,22,-5,8,-9,15,-22,7
1,3,-22,6,-15,-3,-7,-8,-4,15,-6,-10
0,11,-2,24,-12,15,1,8,-4,10,1,26
-13,-5,0,14,-2,11,1,18,1,27,-23,7
-2,26,-12,-1,-8,9,1,9,-9,5,1,23
-1,19,3,4,3,4,1,17,-9,5,1,23
0,16,-23,14,3,12,1,8,1,29,1,23
1,14,-13,14,3,9,-5,9,1,29,1,23
-1,28,-14,19,3,5,1,9,2,7,1,23
3,3,-13,0,-15,-2,0,33,1,28,0,1
-14,-2,-20,0,3,26,1,13,2,8,-1,26
-14,0,2,0,-7,2,1,11,1,29,-1,25
-8,9,-15,9,3,27,1,16,2,6,1,26
-2,-33,-22,-35,0,-4,1,-5,-1,-5,2,-11
1,-10,-1,-4,3,-7,1,0,-3,1,2,-16
0,0,-14,2,2,-18,2,-23,-8,-33,-1,0
2,-16,-11,-11,3,-10,2,-1,2,-5,-2,3
0,-1,0,3,2,-11,1,-2,2,-5,-6,1
3,-20,0,3,-17,1,-4,-22,-6,-24,2,-27
1,-6,1,-18,-14,-26,1,4,3,-28,-2,-13
3,-16,4,2,-9,-26,2,-1,2,-4,2,-11
-7,-16,-17,-26,-7,-27,-7,-16,1,-20,-6,-21
4,-25,4,2,3,-24,-6,-19,-3,-5,-2,-9
-7,-20,-13,-19,-11,8,1,7,-6,-25,2,-9
0,4,-21,-7,-21,11,2,1,3,-24,-1,-2
-7,-17,4,3,-19,-1,2,-3,2,-4,-6,-19
0,4,0,4,-9,-17,1,6,-4,-13,2,-7
-8,-12,-19,-14,-8,-12,-6,6,-12,5,-4,-21
-5,9,-6,5,-22,11,-18,9,-1,5,0,-5
-5,13,-21,13,1,-10,1,-6,-17,10,-2,-7
-14,12,-7,-5,-2,10,0,-18,-2,-5,-16,-19
-13,-10,-14,-16,-17,-14,-4,10,-11,4,-17,4
-10,-10,-11,12,-12,-3,1,-2,-8,5,0,6
-9,0,0,9,-2,14,-22,17,2,17,-2,-8
-14,-1,-3,7,1,3,1,3,-5,7,-18,-13
-12,8,1,-12,-1,11,-18,7,-13,16,-4,13
-6,18,-11,18,1,-2,0,10,-9,20,-17,-9
-16,24,-7,-6,1,0,-13,-1,-9,4,-19,22
-7,20,-21,23,0,10,-4,24,-10,13,2,-9
-7,5,-3,22,1,5,-3,25,-18,20,-21,21
-16,4,-1,12,-3,27,-6,3,-6,4,-6,-7
-9,-2,-3,9,-12,3,-1,-3,1,-6,-18,19
-15,-2,-20,24,-16,7,-13,-4,0,1,-14,13
-2,2,-20,3,-7,-2,-21,7,0,-2,-21,24
4,-2,0,14,-9,25,-6,1,-9,3,-4,-5
3,5,-1,11,-8,4,-6,3,-2,-4,-10,-4
-4,26,-3,28,4,23,2,7,2,16,2,12
-4,29,-22,13,4,22,1,26,-7,4,2,12
-12,0,2,17,-6,22,2,0,2,17,2,12
-7,8,4,25,3,22,1,27,2,32,-4,24
2,-17,4,-4,-21,-6,-4,-2,3,-10,-1,-15
-9,-34,5,-21,-21,-10,-6,-11,-9,-12,-2,-17
-13,-30,-3,-29,-15,-22,2,-8,3,-13,-2,-9
-12,-28,-17,-14,-15,-30,2,-25,3,-18,3,-21
-4,-19,5,0,-11,-1,1,-7,-10,1,3,-31
0,-28,4,-7,1,-1,3,-31,3,-14,-2,-7
-4,1,5,-4,-1,6,-6,-22,-7,-21,-6,4
-2,0,-20,-26,-21,-23,1,-18,3,-15,2,7
-10,-27,-8,-22,-9,-24,-20,-14,-10,-20,-4,-11
-1,6,-19,-22,-7,-16,-7,-19,-2,-12,-19,4
1,-3,-20,10,-18,-4,-21,-5,1,-25,2,9
-16,6,0,0,2,-11,-11,-11,-20,7,1,-3
-1,5,-13,7,2,-11,-7,-12,2,-4,-12,12
-16,-16,-18,11,-21,11,-1,5,-15,-12,-4,-3
-20,-18,-21,-19,1,0,0,2,0,-12,-12,-7
0,-4,-17,7,-10,12,-18,-3,-20,5,-15,10
-2,1,-17,16,-21,-17,-13,-13,-6,-5,0,-20
-20,-4,-3,-10,-1,-13,-4,-5,-12,-12,-20,3
-19,-4,-2,-2,3,-10,-2,11,-4,17,-21,-4
-4,8,-19,7,-10,-11,0,10,-10,12,-16,3
2,-8,-18,5,-3,2,5,-11,3,-12,-3,6
-20,-7,-21,12,1,-3,-15,19,-13,17,-3,4
-21,2,2,0,-20,16,-20,-4,-12,19,-1,19
-20,3,-2,21,-4,20,-21,15,-16,16,-13,-12
1,-5,0,15,-21,19,-10,20,-1,3,-2,-9
-18,-1,-16,24,-18,20,-5,-1,-6,20,-9,19
-20,22,-17,16,-5,10,-1,8,-8,-7,2,-2
2,4,-15,14,-2,-5,-7,-8,-1,-4,-8,7
-5,25,-1,-5,-21,15,-9,23,3,5,-9,15
-13,26,0,1,-12,23,5,-7,-3,28,-3,22
0,-6,-15,10,-1,12,-3,2,-11,-6,-17,20
-13,-4,-3,-3,5,-2,-5,29,3,11,-4,3
-2,3,-7,24,-5,-2,3,16,-11,3,-4,27
0,-2,-12,2,4,27,-21,11,-3,21,2,29
-3,5,-20,14,-7,1,2,23,3,10,-4,11
1,24,0,35,4,3,-9,14,-11,0,-3,5
-3,11,-5,4,4,29,2,22,-5,28,-5,34
-4,-22,-17,-13,-15,-36,-5,-9,-2,-31,-9,-29
4,-31,-19,-5,-14,-10,3,-14,-4,-32,-3,0
-9,-29,-4,-1,-11,-2,4,-31,-12,-6,-6,-28
0,-24,-7,-18,-15,-11,1,-25,-15,-15,-7,-15
-14,-24,-17,-31,3,-16,-10,-12,-16,-7,3,-23
-9,-16,-15,-5,2,-11,1,-22,-11,-12,-5,0
-14,-2,-18,-1,-20,5,-20,-8,-15,5,-1,-20
-2,7,1,-28,-10,-16,-10,7,0,-1,-15,-10
-15,-22,-6,-12,0,3,-9,-16,-5,-8,-18,-20
-18,-4,3,-14,-2,1,2,-23,-17,-1,-13,7
-20,-17,-15,-4,-14,-19,-19,5,-16,1,-14,1
1,-7,-5,2,-19,-20,-20,-20,-2,-23,-3,-22
-1,-5,-18,-6,-10,-20,-8,1,-12,12,0,-4
0,-4,4,1,-16,-23,-12,-9,-9,5,-8,-6
-1,-4,-9,4,-20,-20,2,7,-3,-13,3,9
0,-3,5,-2,3,-14,6,-5,-4,5,-5,-6
1,-1,-18,16,-7,-8,-1,11,-1,8,-3,-18
-3,-1,-6,-15,-18,-10,0,-12,-16,-18,-3,13
-2,5,-20,10,-9,11,-9,-2,-20,18,-17,-6
-18,1,5,-1,-13,-13,-5,5,-3,19,-2,-4
-18,4,-19,-12,-14,-8,-6,20,-16,7,-4,-5
-6,9,2,-14,-6,0,-3,14,2,-8,-17,-12
-3,2,-5,-1,1,-5,1,-1,3,3,-8,11
-17,15,-10,12,1,-1,-20,18,1,14,-7,-6
-17,3,2,-1,1,-1,3,-6,-13,15,-4,18
-20,22,-9,-10,2,-8,-3,16,-15,-4,-5,3
-16,21,-2,23,2,-6,0,14,0,22,-11,14
3,6,-2,6,-1,22,-6,1,-16,22,3,3
-7,5,-7,11,-6,10,-9,17,-9,17,-5,16
-12,9,-8,-2,-10,-6,-2,12,-17,15,-4,20
0,7,-8,3,-2,3,-2,1,-4,8,-3,22
-6,4,-9,12,-6,19,-20,13,4,6,-4,5
5,3,3,18,6,32,-4,1,-5,7,-5,24
5,-2,1,8,-6,25,2,33,-5,30,-4,6
-2,10,5,4,0,2,1,27,-12,15,-9,3
-13,0,-20,25,-20,11,0,10,-15,13,-4,7
3,23,-9,10,-13,27,-9,24,-3,1,-4,32
-6,0,-8,-12,-13,-17,1,-7,-9,-30,-4,-25
-10,-6,-11,-12,-13,-20,-14,-14,4,-28,-3,-35
-17,-1,-5,-12,-7,-23,1,-9,-10,-14,-16,-33
-16,3,-14,-28,-18,-1,-14,-5,-11,-4,4,-3
-16,-13,-16,-2,2,-28,-16,-6,-15,-18,-12,-9
-8,5,-9,-19,3,-30,4,1,-3,-14,0,-18
-10,-15,-13,-26,3,-28,2,-20,-10,-28,-4,-13
-6,-12,-12,6,2,-19,4,-13,-13,5,-13,-4
-17,-3,-10,-13,-1,-13,-14,-13,-9,4,-14,3
-2,-7,-14,2,-15,-6,5,-23,-1,-7,-1,5
-3,-7,-6,-8,-10,-7,-14,5,0,4,-16,-21
1,-3,1,-12,-9,-25,4,-6,-9,-23,-4,-9
1,0,-12,-18,-1,-3,-5,-9,-5,-20,-7,2
-1,-6,-5,-16,-3,-5,-12,13,-3,4,-18,11
-1,-4,-4,6,-12,7,-1,-12,0,10,-4,-14
0,-6,-3,-6,5,2,-13,-3,-14,5,-14,-6
1,0,4,-13,7,-20,1,-3,-10,-10,-17,6
0,-2,-12,-17,6,0,-3,1,-18,-10,-7,-1
-3,2,0,-18,-18,11,-3,-18,0,3,-15,-3
0,-1,-4,-12,-17,-9,-12,-10,4,-4,-13,-8
-2,7,1,-2,-10,12,3,2,2,8,1,-2
2,-9,-3,4,-5,10,-5,18,-3,7,-9,20
-7,-3,-4,1,-4,12,0,5,-11,4,-5,6
-13,9,-14,8,-9,-6,-9,13,-2,-7,1,-2
-13,7,1,16,-18,10,3,23,3,2,-4,-10
-9,5,-1,6,-18,23,-5,-8,-6,18,-16,25
-5,-5,-1,-7,-9,9,4,14,-9,4,-17,11
-12,2,-11,7,7,20,2,22,-9,-5,-5,20
-8,-5,-15,14,-10,-2,3,26,-3,28,-3,-5
-6,-3,-12,14,-11,10,4,16,-3,27,-5,26
6,-3,-14,6,0,-5,3,24,-14,2,-4,26
5,7,-6,15,-7,15,1,7,-3,5,4,24
2,29,-3,20,0,1,0,14,-13,31,-7,3
1,1,0,30,-6,21,0,8,-13,26,-10,27
6,3,-8,-2,0,16,3,25,5,-1,-5,32
-11,-1,-9,35,-1,1,3,32,-7,27,-5,25
3,33,-14,25,-16,2,3,26,-13,7,-17,23
-4,-8,-17,-22,-1,-35,-14,-1,-3,-13,-6,-14
-7,-12,4,-12,7,1,-14,-34,4,-22,-10,-18
-5,-6,-3,-16,-2,-9,-15,-11,-16,-4,-10,-34
-8,-22,-3,-16,1,-4,-11,-23,-10,-22,-8,-11
-11,-23,-14,-19,-7,-15,3,-25,-10,-18,-9,-22
3,0,1,-26,-9,-31,-14,-18,-9,-14,-5,-14
2,-19,-11,-27,-18,-19,3,-16,-11,-11,-3,5
-12,-18,-1,0,1,6,2,2,5,-26,-18,2
-17,-17,1,-1,5,-27,-6,6,0,-1,1,-16
1,-7,3,-25,-3,5,-13,2,-3,-6,-12,-24
2,-11,-13,-2,-1,-23,4,6,-16,-3,-15,-8
3,-5,-9,-22,-13,-15,4,6,-7,2,-4,6
2,-8,-17,7,7,11,-18,8,5,12,-12,8
-18,-6,-8,-18,-7,-3,-4,-23,-2,-14,-4,-16
-17,-15,-9,-22,-14,13,3,14,-16,-5,-8,-8
2,0,5,-1,-11,2,-15,-18,-7,-18,-12,15
-2,1,2,4,-3,13,-15,-11,-4,-12,-7,0
0,5,-5,-15,-3,11,0,7,3,0,-17,10
-18,0,1,-3,7,-18,-15,-18,-14,-8,3,-2
2,0,-17,-7,-13,19,-1,1,-3,-7,-4,-9
-15,-8,1,-2,-9,1,-3,1,-5,11,-3,2
-11,1,2,8,-8,0,-3,-8,-2,-13,-10,18
-7,-3,-16,8,-15,22,1,12,-18,15,-11,-2
3,13,-6,20,-13,-12,4,0,-10,-12,3,-6
-11,13,-16,18,-7,-12,3,10,-8,-3,-12,8
-11,9,4,10,-16,-6,-5,1,-17,11,-6,-9
-6,-6,6,-4,-17,2,2,24,-4,23,1,9
-11,-2,-15,9,1,4,1,-1,0,24,-14,14
-4,4,-6,7,-8,14,0,10,-16,-7,-4,20
2,27,-1,13,0,6,0,-6,5,27,5,21
6,5,-8,11,-2,4,4,22,5,29,-4,-6
4,19,-18,1,6,-5,4,10,5,28,-3,-4
7,4,-4,30,-9,-1,-1,12,8,-3,-9,0
-4,4,-3,27,-2,9,-1,4,-10,-3,-6,16
3,27,-15,33,-6,30,3,32,-17,19,-6,-1
7,9,-2,5,8,32,3,34,5,31,-9,6
6,16,6,33,8,32,-1,10,5,31,-9,2
-10,-14,5,-28,-5,-28,1,-36,-2,-31,-15,-25
-11,-18,-7,-2,-10,-14,-11,-14,-9,-15,-11,-9
-7,-19,5,-17,-7,-14,0,-3,6,-19,-2,-22
-4,-23,2,-4,-12,-20,0,3,-9,0,5,-23
-10,-26,-13,-22,-9,2,-7,-15,-10,-1,-13,-15
-6,-22,4,-5,-17,-21,-6,4,-13,-5,6,-31
-14,-27,5,-10,-17,3,-8,-15,-7,-7,-2,-4
-17,-15,0,-8,5,-21,0,-14,3,0,-3,-25
1,-9,-1,-1,-7,6,-10,3,-6,-8,-9,7
0,-8,-10,-2,-9,-15,-6,-10,-6,7,6,-2
2,-1,0,10,-17,1,-9,-1,2,5,0,-15
-1,-3,-16,2,5,-12,-6,-4,-7,0,-9,-6
-17,-9,1,-2,-13,-4,-4,6,0,10,-3,-6
-16,-3,-14,5,-15,3,-1,-22,-11,-10,-15,-9
-16,-4,6,-3,-1,-21,-3,0,3,9,2,-17
-17,-8,9,-5,-4,12,-5,-19,-9,1,-3,-4
4,2,-16,6,1,-3,-3,10,-13,-18,-15,10
1,6,-8,1,1,5,3,3,-4,0,-4,4
5,0,-8,-9,1,8,0,-5,3,-8,-17,1
-16,-3,7,5,0,8,-6,-4,-4,-2,5,-14
-5,10,1,-2,-8,0,-1,17,6,-10,-13,15
-9,-5,0,17,-9,-12,2,2,6,14,5,6
-7,-5,0,-8,-8,15,1,1,9,4,-7,-5
-7,-6,2,-11,-4,9,-1,16,6,13,6,-7
-10,5,-9,-8,3,-11,-5,-6,-9,7,-1,1
-6,-5,4,5,2,17,-2,5,-11,-1,-14,24
7,-5,-9,5,-2,19,2,2,-16,8,-5,3
-7,-4,5,20,-2,22,-4,-3,-6,4,3,18
-5,-8,-7,21,-16,-1,-1,28,-5,-7,3,-3
7,2,0,4,3,9,-2,-1,6,21,-15,3
7,4,2,18,-16,20,-15,4,-8,-1,-4,15
0,7,1,25,4,-3,-2,-3,6,20,-3,20
2,7,7,17,-5,20,-17,4,6,20,3,28
3,32,-9,21,9,-2,9,0,-16,12,-15,1
8,2,-11,32,7,27,4,31,-15,10,-9,28
7,12,-13,5,9,24,4,31,-4,31,-4,4
2,28,-16,35,-6,3,4,30,5,6,-16,9
-10,-12,-2,-1,-12,-9,0,-15,0,-36,-15,-15
-10,-33,2,-16,-13,-1,-5,-28,7,-12,-3,-16
-6,2,-12,-11,-8,-11,4,-13,7,-12,-4,-25
1,-4,10,3,-14,-13,-12,-26,7,-12,-2,-9
-1,1,-6,-25,0,-17,-7,-6,5,-14,7,-9
-9,3,3,-27,-3,-22,-2,-7,4,-5,-8,-9
-6,1,-12,-16,-8,-11,-1,-7,-12,-17,-6,-5
2,6,3,6,1,-1,-11,1,-2,-18,-9,-14
-16,7,-12,4,-5,4,-10,-9,-1,1,6,8
2,-12,4,-26,1,-3,-11,-9,-11,5,-14,-10
-16,-22,-5,-5,-5,-16,-8,-2,1,-16,-10,-2
7,-18,-6,-10,-4,2,-9,-24,-7,-3,-7,3
-16,-5,1,10,-13,-6,-10,-22,-10,-19,-15,-21
5,0,1,5,-9,-22,7,-16,6,-18,6,-23
-16,-14,1,-10,2,1,-12,-13,-6,-14,-5,-14
-16,-14,6,11,4,-14,-3,14,6,9,-6,10
-15,-3,7,-16,4,-20,2,1,-3,16,-13,6
-14,-12,4,-4,6,-12,-13,-4,-16,5,-2,4
-12,-5,3,12,-2,-2,-16,1,-9,5,-2,-9
-6,3,-4,11,5,-4,1,13,-2,15,-2,-15
-7,7,1,-2,5,-11,7,-12,2,12,-12,20
-8,-7,-2,-12,-1,-1,-3,-6,-9,9,4,-14
5,14,-14,-8,-8,1,-4,-9,6,12,1,-4
-1,0,-7,3,-6,12,2,10,6,22,-6,-5
-5,-10,1,-4,-5,10,1,8,5,5,2,-5
-7,-4,-4,3,-2,11,-1,15,-16,0,-6,17
2,3,1,16,-6,-1,-11,-10,-4,-6,0,13
1,23,-1,13,2,-6,-7,-9,-2,16,-13,14
8,-7,0,17,1,14,9,7,-14,6,0,14
4,29,6,-2,1,11,0,10,-11,15,-1,-7
4,-6,-9,-6,3,10,-14,6,5,30,-16,16
-2,6,5,27,2,-1,9,5,-1,17,-3,25
5,32,-2,29,-3,22,-1,32,6,30,-6,-1
-2,5,4,6,-4,9,4,33,5,32,6,29
-7,2,-4,18,-12,13,6,5,5,32,7,15
2,3,6,25,-6,20,-3,9,6,28,-3,33
6,30,2,11,-11,25,-1,33,-5,6,7,1
-6,-24,9,-20,-15,-10,-3,-23,-8,-7,7,-29
-11,-11,-7,-6,9,-2,-13,-32,-2,-25,-5,-34
-14,0,-7,-28,7,-25,0,-3,2,-27,5,-15
-4,-2,-14,-24,7,-7,0,-33,-5,-28,4,-13
-3,2,7,-8,-2,-19,5,-6,2,-21,-1,-5
-6,-6,1,3,-11,-7,-3,-5,3,-28,-2,-11
-10,-20,1,-30,-7,2,-4,-27,-5,-4,3,-20
-1,0,6,-19,-9,-7,-7,2,-5,-12,-2,-4
4,4,-3,-2,11,-15,5,-15,-10,-16,-6,3
-2,-5,-11,8,-13,-3,-6,-15,-9,-5,2,-3
7,-22,4,10,-4,-2,-8,7,-2,0,4,-4
-14,-19,7,-3,-1,7,-11,-21,-6,-10,-6,-13
6,-3,5,-14,3,-14,-12,6,-15,-4,-12,-5
-15,-17,3,12,7,-13,-14,-23,-9,-14,-3,-8
-14,-10,-7,-5,2,-17,0,-8,-5,-11,8,-15
-13,-4,8,-13,-1,-2,0,11,2,12,-11,8
2,-3,3,-14,1,-1,-13,-12,8,-6,8,-17
-11,-9,2,-3,-6,-7,3,6,-4,-14,-7,4
-2,-4,-4,-3,8,5,-4,12,-13,15,-2,15
-9,-5,-11,-1,6,11,-3,3,-6,17,-7,-3
-6,2,0,-8,8,-14,-13,3,-14,13,-10,1
-8,-1,-6,10,-11,21,7,-15,-1,6,4,-11
9,4,-6,15,2,-3,3,-2,6,-6,-7,1
11,-6,-12,23,-8,0,-7,-4,7,14,-2,-13
9,10,9,5,-3,-10,5,-8,11,20,-2,-8
11,-1,-12,3,-14,10,4,5,6,22,-4,-11
9,11,2,20,-12,22,0,1,-10,-8,7,21
4,-5,0,-8,5,0,4,-3,-2,-4,-4,0
3,1,6,25,-1,18,0,2,5,4,4,13
9,13,0,-4,-12,22,-1,19,-6,-4,-2,1
8,20,-6,25,0,12,-1,5,-2,25,7,24
-8,-5,-14,18,5,20,-2,29,-12,12,7,22
11,0,1,24,-3,3,-15,5,3,7,-8,4
10,3,1,17,-15,14,-2,25,-6,10,-3,25
-4,-2,8,7,-14,1,7,22,-8,-1,-4,24
6,31,3,3,-11,13,-3,0,-10,19,-4,22
9,15,9,31,1,28,5,1,3,18,-7,28
-13,-1,7,-1,-2,-8,-3,-14,7,-4,-10,-26
-8,0,-2,-3,-8,1,-7,-8,6,-32,-8,-2
-3,-8,-12,-8,9,-14,2,-21,-2,-7,-8,-16
-4,-9,2,-32,12,-23,9,-28,-1,-31,-6,-7
-5,-1,-2,-25,10,-2,-7,-7,3,-27,-2,4
-2,-3,1,3,2,-20,-11,-29,2,-26,-5,-20
-9,-21,7,-8,5,-8,-1,-22,0,6,-2,-3
-9,-6,11,-29,3,-21,5,-6,7,0,-11,-2
-10,-13,-7,-21,5,-25,-2,-20,-2,-19,8,-3
-10,-8,0,-2,0,2,-1,-2,-4,2,-12,6
-10,-23,-12,9,-14,-2,-8,2,-10,-20,5,1
-11,-18,-8,-22,-5,10,7,-13,-9,-19,7,11
9,-20,6,12,0,-4,-5,-10,3,-6,4,-3
8,-10,-6,-3,4,-7,1,-3,4,-9,-11,-16
-13,-3,1,11,10,9,0,7,-13,-12,1,-2
1,-2,8,-6,10,-14,-10,7,0,-4,3,9
-13,4,9,-19,3,15,1,-5,-2,-14,-5,2
-2,16,-8,-18,0,-14,3,-15,6,-3,3,0
2,10,-14,15,1,-3,0,-4,-8,14,-2,-12
-3,16,5,-11,-5,17,0,18,-8,13,-4,0
-8,-7,-3,14,4,4,4,0,-13,-8,-7,-10
2,-2,-8,-1,-5,-13,3,-7,-12,9,-6,1
11,-12,-4,17,-1,-4,-2,16,5,-1,-12,-8
-1,-10,-2,-1,1,-8,-8,2,-3,-13,-3,0
12,-11,7,-5,-11,1,3,0,-3,7,7,23
11,-11,8,7,0,2,-2,-4,-6,5,-3,-8
5,-5,-3,-8,1,9,2,-8,-13,21,-2,0
-5,0,-5,1,-10,3,-13,15,-2,-9,-5,-1
-7,2,11,-4,-9,1,0,-6,-10,24,-13,6
4,3,3,10,10,5,-1,4,-6,17,-14,19
7,24,3,3,-10,-3,5,-5,-7,15,-7,-1
7,30,8,28,10,29,4,31,7,25,-8,10
8,24,6,31,1,7,-10,14,10,5,-14,2
9,17,-11,2,0,-1,-4,7,-12,4,-8,7
-1,5,-1,14,10,33,-5,32,-14,3,-4,0
10,2,-3,18,9,23,-2,27,-11,5,-14,4
-1,0,1,20,11,16,1,9,1,1,7,32
8,-11,-11,-8,-6,-16,-10,-25,-6,-8,7,-32
-8,-11,-1,-34,-4,-28,5,-33,-10,-28,5,-32
-1,-1,-2,-23,-10,-29,-3,-13,7,2,8,-3
1,-6,-12,-22,6,-16,5,-20,-13,-26,-5,1
-9,-4,-1,4,10,-5,-8,-5,-6,-24,2,-2
-12,-1,10,1,12,-13,-7,-30,8,-9,2,-2
1,-13,11,-16,2,-10,-7,-18,-11,-11,-4,-27
-1,-10,11,-28,13,-14,4,-18,-6,-7,-11,-5
-1,-8,-1,-3,1,8,-10,-15,5,8,5,6
-1,-5,-7,-8,10,1,-10,-11,7,-23,-7,-21
-11,1,11,-16,-10,-22,13,10,-4,-18,2,-17
-11,-21,-4,-8,-11,7,-1,-8,-7,-24,-12,-8
6,-10,10,4,8,-24,4,-19,5,6,8,5
1,-2,7,-3,2,1,3,7,-7,3,-8,-15
-10,-5,-6,10,9,-16,-11,10,-13,11,-12,2
-11,3,8,8,-4,-7,8,-6,-9,15,6,-4
10,-8,-4,-8,8,-13,4,-18,9,-2,-3,9
-5,1,5,13,6,11,-10,-7,0,-6,-3,1
9,-18,-8,18,9,-7,8,-14,-9,-1,-3,-13
-6,16,10,-2,11,19,-11,4,-4,-13,9,-11
7,15,-9,-5,9,2,-9,-16,-3,15,1,6
1,0,-1,-9,6,11,-13,15,6,-7,-10,-15
-7,-14,-3,20,5,15,-7,-4,-1,20,0,-12
-5,-6,-9,4,-5,7,0,7,0,-4,-6,15
8,-5,-5,20,6,11,0,-9,0,9,-5,1
0,-6,1,15,11,-8,-11,2,12,-11,-5,-4
-4,9,-2,8,8,12,-1,8,-2,25,5,23
-2,1,-12,12,-12,2,-11,0,-12,16,-5,12
0,4,9,-2,-8,12,5,21,-6,5,-6,-4
10,9,-9,5,-8,8,6,14,9,-5,-10,7
-3,2,7,-6,3,-1,-5,22,-9,16,-12,7
13,-5,6,23,13,3,4,-5,7,18,8,1
-5,-1,8,1,12,11,-2,22,-7,13,-3,-4
11,5,-3,5,12,2,2,32,5,14,-7,27
-6,2,4,13,-11,29,-12,21,-6,3,8,0
-6,2,-5,20,-9,33,-13,28,-4,35,6,34
-5,2,-8,1,9,15,4,6,-11,31,1,1
-1,-18,-7,-21,-12,0,0,-4,9,-23,5,-14
-3,-2,-3,-22,2,-12,11,-23,-3,-6,-7,-2
-2,-11,5,-15,0,-13,-12,-7,-5,-34,9,-31
1,-6,-3,2,-11,0,3,-32,0,-17,-3,-17
-8,-31,4,4,-10,1,7,0,-9,-16,-2,-9
0,-13,4,-20,13,-11,-2,-25,6,-5,11,-21
-1,-6,-12,4,10,5,-3,-23,-2,4,10,-16
2,-4,3,3,10,2,1,-16,-1,-3,-9,2
4,-2,-3,2,-10,0,-12,-12,-8,-24,0,-20
8,1,5,-24,2,-20,-6,-4,6,-26,-8,8
-8,10,-5,-12,2,7,-6,-13,10,-2,-7,2
-8,-17,-3,-6,2,-21,1,-11,8,-18,-7,-1
-7,-19,4,11,5,-5,-10,-10,-10,4,14,10
-10,-20,-3,9,8,-21,-7,-21,-1,-22,9,-12
0,-1,11,-5,-10,12,-6,11,6,-14,-5,-6
-7,12,12,-17,-10,-15,-9,8,-8,7,-8,-10
-1,7,-3,2,9,-6,-10,7,-2,13,8,14
-7,-16,0,10,-8,-17,-8,8,-11,-8,-5,-17
-6,13,0,0,-10,1,-4,3,4,15,-1,13
-8,9,-5,3,4,13,2,-8,5,9,-1,-1
-4,14,14,5,-4,12,-11,1,-9,-11,-3,18
-6,-12,14,20,-7,20,5,8,-10,10,-1,-1
-6,-4,5,4,-9,12,1,-14,3,5,5,-10
-5,10,14,11,-5,3,-3,3,4,18,-2,-9
4,22,6,-5,0,-11,0,12,-3,23,-5,10
-6,12,-7,-11,0,-2,6,20,-7,10,-5,-4
-4,2,-11,18,11,7,10,-8,-9,9,-7,-4
9,-1,-6,8,-8,8,8,14,3,9,-1,-3
5,27,11,2,-5,24,-8,3,7,9,-8,-5
8,25,9,-3,6,5,4,18,0,5,-1,3
-4,0,-1,29,3,29,7,22,-11,7,4,20
0,-2,14,4,-7,25,-6,25,-3,18,-9,20
-1,0,-5,18,-10,31,0,31,4,8,-2,9
-5,5,-4,11,-1,9,-12,22,4,5,6,33
8,10,-1,11,13,19,-1,4,4,4,-7,10
7,11,9,18,12,14,6,5,-1,11,3,32
7,6,6,1,14,21,-12,17,0,8,-8,6
-7,-6,-4,-21,-2,-14,11,-22,13,-29,-9,-8
10,-25,10,-35,8,-1,13,-30,-3,-10,8,-24
-6,-32,-1,-33,2,-23,-3,-15,-6,-23,-5,1
-11,-2,2,-30,8,-26,9,-23,7,-1,4,-6
-6,-12,14,-15,3,-23,-9,-31,3,-14,-1,-13
-7,-13,-1,-29,-3,5,7,2,-5,-10,-11,-2
8,3,-2,4,13,-5,-6,-14,8,-25,7,-28
0,-4,-11,-4,1,-19,-2,-10,1,4,12,-16
-11,4,0,0,12,1,2,-23,-9,-2,8,-21
2,-8,14,-13,14,-17,8,-3,-1,-17,-8,-23
-9,-25,10,-3,-7,-22,0,-24,-7,-26,-4,-1
11,-5,14,-10,15,5,-7,-13,0,-1,-2,-7
1,-1,-5,-6,14,0,7,-19,-5,-20,-2,-18
-11,13,4,-23,14,-16,-10,10,9,-4,-11,-11
-8,8,6,13,1,-8,10,-4,5,-1,1,-8
-6,-13,6,6,7,-14,0,-13,-2,5,10,-4
1,4,-3,-8,6,-20,9,10,4,12,-9,9
10,-7,-11,13,-11,-4,-10,-1,8,-19,-9,1
7,15,6,7,-11,-10,5,6,-9,-12,9,11
1,-2,9,-9,3,17,2,12,2,-5,5,19
-6,13,0,16,2,-16,-2,7,8,9,-4,14
5,15,-11,-6,-7,4,-8,-9,4,-8,-4,14
5,15,-11,3,5,-10,-3,9,0,-12,7,9
-1,19,-10,0,1,23,-4,-5,-7,3,0,22
8,23,7,-12,-2,-2,-9,3,4,1,-9,6
12,3,13,-11,7,-10,12,-8,7,10,13,-5
-2,14,6,-3,0,-5,8,4,2,12,-9,-3
-3,19,1,10,11,7,-10,11,0,22,0,10
5,8,-1,14,-4,3,2,-1,-2,19,10,18
8,20,-4,6,-5,19,-4,6,-7,2,1,24
-4,18,11,6,8,19,0,-5,-5,21,5,25
10,22,-10,19,5,16,-7,29,-10,9,8,21
0,3,4,-2,11,29,-2,17,8,5,-3,8
3,1,9,-1,-9,8,-5,4,0,1,6,31
3,11,-5,28,1,13,14,34,4,0,-11,11
12,16,-7,2,1,32,-5,-1,3,25,3,9
-4,2,4,10,9,5,15,17,3,2,-5,21
-5,-24,5,-10,15,-11,12,-33,5,-20,-4,-23
-5,-22,9,-15,1,-34,-1,-18,-2,-28,10,-28
-1,-2,-4,-14,6,-7,-1,-1,-5,-34,-7,-18
0,-8,3,1,-10,-4,-3,-11,9,-27,-1,-7
4,-2,2,-1,-4,-23,3,-30,-8,-3,7,-16
1,-10,4,-16,3,-11,-5,-22,11,-19,-3,2
-6,2,-3,-3,-7,-22,11,-7,-3,-12,-6,-18
-6,-17,3,-1,15,-20,-4,-21,2,-16,6,0
2,-3,2,-11,11,-22,13,-27,-6,-8,0,6
-6,-10,1,9,10,-3,3,-6,1,-11,5,-8
0,1,5,-17,1,-17,10,6,6,-7,12,-7
-1,5,-2,5,-3,10,-3,-4,-7,11,-5,-12
5,-7,5,1,-2,0,-1,1,-2,-16,12,-19
-4,9,6,7,-1,-2,5,-10,-1,-23,-9,-8
1,0,-5,-15,3,-4,-7,-12,8,1,-4,0
-6,-1,11,-9,5,0,13,-12,7,8,-1,-1
10,10,16,-15,9,12,-2,13,-7,14,-9,-13
-2,15,2,15,-6,-11,0,-15,-7,8,10,-16
4,17,2,6,2,-12,13,2,9,-17,-9,-17
4,19,-5,6,-3,-7,-8,-10,5,8,3,15
-1,20,15,5,3,7,-2,-4,2,19,-1,13
11,-6,-8,5,2,2,-10,9,-2,15,-9,-10
5,22,2,-3,-5,13,4,2,7,17,-6,-6
5,22,-9,19,6,11,-1,0,8,3,1,-12
-2,15,2,4,3,7,-3,-6,4,-12,2,17
1,2,3,6,1,7,3,7,9,0,-2,-7
-2,7,3,2,5,15,-2,0,13,9,-6,15
5,5,4,20,7,6,-6,20,2,12,-3,1
-4,12,10,25,-1,3,-7,24,-3,28,-10,17
-1,4,-9,8,7,-3,-1,23,-7,1,-1,18
8,22,-6,-4,8,16,-6,10,7,11,-8,6
-3,10,-4,16,2,-5,2,11,8,26,9,-4
2,1,-3,20,6,10,2,0,10,7,-3,5
14,-1,-10,20,10,9,7,22,0,0,-2,-1
10,3,-3,31,11,-1,8,22,8,7,-4,9
10,5,9,17,-6,32,5,33,7,-1,1,17
9,8,2,35,8,5,-5,36,2,22,-1,17
-5,-3,-7,-35,9,-5,-2,-32,-8,-12,4,-12
3,-8,5,-29,4,0,5,-15,0,-11,1,-14
1,-5,-1,-21,12,-4,6,-6,9,-21,-5,-12
4,-7,16,-10,-2,-3,5,-16,3,-15,-5,-14
-7,4,4,-3,8,-26,4,-5,-8,-20,12,-23
-5,-8,-4,-13,-7,-6,4,0,10,-8,1,-16
-3,-25,1,-19,8,-4,1,-22,4,-23,-4,-9
4,5,14,-13,0,-20,-6,-12,15,-27,9,-21
3,1,5,-1,0,-23,7,-5,-2,-26,0,-5
-5,-5,-5,-23,13,-27,-1,-14,-6,8,-4,5
-4,-1,13,-10,12,-23,4,10,-2,9,-9,-15
1,5,-3,-10,10,-5,-7,1,1,10,-7,-25
-5,-24,8,-14,-7,6,-3,8,-5,11,11,-24
0,5,9,13,-7,-8,-4,2,-4,13,10,-15
4,-4,7,-6,-2,-22,-4,1,-6,-8,-2,-1
-4,-10,9,3,4,7,14,-21,13,-12,8,6
2,12,4,13,-3,14,-3,7,10,-2,8,-15
-3,-3,2,-5,10,-8,-6,-18,11,-18,9,-2
13,-17,-6,15,-1,-4,11,2,8,-6,3,-6
0,18,0,1,11,-3,-6,5,0,-16,7,-5
1,17,-2,-8,-2,12,-4,10,6,20,-7,19
-1,10,15,-12,8,5,2,-1,-2,-11,-9,6
7,22,4,12,-7,9,0,-4,1,14,3,-3
-2,22,4,-2,-2,2,0,9,2,-3,3,-10
8,24,4,-2,6,15,-1,5,6,18,-8,14
8,23,-2,-10,-6,-4,-4,1,-3,-3,7,-7
-1,3,-3,21,-4,8,-8,16,4,-9,1,17
-3,12,5,2,14,10,-2,-7,-1,1,8,16
-2,4,0,19,2,27,-5,25,7,17,-4,17
11,0,3,6,11,27,-6,27,6,19,5,4
10,3,6,1,10,2,6,23,6,29,-2,5
1,1,0,-3,10,-3,-3,31,-4,18,-4,11
4,7,16,29,0,22,13,12,4,10,2,11
5,3,3,24,-7,26,-6,4,4,17,-7,2
0,4,16,29,8,10,-1,13,-1,4,-2,18
15,-1,2,32,16,11,4,23,-7,3,4,27
9,6,-2,30,17,6,-1,11,8,19,6,10
8,-9,13,-33,3,-15,13,-10,-7,-36,-7,-28
0,-14,3,-12,10,-3,-2,-29,9,-14,-5,-18
3,-4,12,-23,5,-29,1,-7,6,-11,18,1
8,-1,14,-24,2,2,-3,-26,14,-12,4,2
0,-10,6,-12,8,-15,6,-11,2,-17,-5,-30
5,1,6,-22,2,-1,-1,4,-3,-30,7,-24
7,2,11,-18,12,-7,-1,-1,6,-15,11,0
7,1,7,-6,7,-6,0,-13,-2,-23,15,-14
-3,-14,6,-4,4,-25,9,-19,-4,-13,-3,-28
3,1,7,-8,9,0,-4,4,5,-10,-6,5
2,0,10,8,-4,-8,-2,-15,-5,5,3,10
4,11,14,-21,-1,1,5,7,10,-3,7,-19
7,5,5,-15,2,12,12,-15,5,-13,7,-19
13,-12,-2,-16,-1,-1,8,4,4,-6,-5,10
14,-1,10,9,13,9,15,-20,13,3,8,-8
-1,11,4,-11,11,-12,0,5,-3,7,2,-9
3,15,-2,-15,2,-18,-2,5,0,-17,13,-5
2,15,7,16,-4,9,-4,-4,-2,-16,5,-13
2,0,-6,-1,9,-1,14,-12,9,-10,12,-9
-1,12,8,-5,11,2,4,19,6,-3,-4,-1
0,8,1,12,-7,9,-2,-7,-3,-7,-1,1
7,19,-2,-6,-1,10,-3,-11,-8,11,4,-11
7,12,-8,-4,15,-14,8,21,1,-3,12,-2
-8,16,-5,16,15,-7,2,10,4,-10,8,22
-5,1,7,-8,10,15,15,-1,-6,-1,10,2
4,20,-6,10,13,15,3,4,12,22,-5,11
11,20,1,1,9,11,6,9,-7,25,13,-5
4,3,-1,3,9,0,-1,23,9,21,7,-6
15,10,14,-1,5,23,-7,-2,11,21,-2,11
2,3,11,-4,-3,-4,3,16,3,8,3,-3
5,3,-6,19,-6,11,-6,-6,6,18,5,-3
0,4,2,25,11,1,4,-5,6,25,3,12
11,6,11,19,-6,0,-2,16,5,-4,5,31
16,4,0,16,-2,14,-1,31,2,16,0,3
4,0,-6,0,12,1,7,16,17,21,1,3
16,5,8,2,-1,13,1,4,-2,35,6,34
10,5,18,15,-5,6,-6,29,5,28,0,27
-2,-8,17,-31,10,-7,1,-2,-1,-13,3,-3
7,-2,4,-15,-1,-5,-2,-18,-4,-3,13,-19
3,-21,0,-3,-1,-3,1,-33,-3,-10,-2,-16
-7,-3,-7,-11,-1,-32,-5,-2,-5,-33,-5,-20
-2,-16,-4,-6,4,-13,3,-13,15,-32,1,-21
4,3,-6,-23,-4,-19,-2,4,-4,-13,-2,-2
12,1,1,-23,-1,-26,0,-2,-7,-9,15,-19
1,0,-2,-1,-4,6,3,-7,-4,4,3,-19
-1,-24,1,-23,3,-2,0,-19,2,-12,12,-19
-1,7,-4,-3,-2,-13,15,-22,-2,-10,15,-12
3,-5,-7,-21,-1,1,7,-13,15,-16,17,-19
-1,-10,12,-14,1,-12,0,-13,11,4,13,-23
0,4,9,-10,11,-18,9,2,15,-9,6,-11
1,3,3,12,7,-2,8,7,-4,0,3,1
0,4,7,-14,19,-5,-2,-8,3,-4,3,8
6,14,-4,-11,17,11,3,-12,8,3,-4,3
6,10,7,12,17,0,2,9,6,-16,-6,-20
-2,-19,0,-2,18,-6,4,8,9,5,0,0
-1,11,13,-6,-2,-12,-5,0,0,-2,3,-12
-1,13,1,10,4,9,-7,-5,2,11,1,-7
2,1,19,6,-1,-5,-3,-2,16,-16,14,9
12,21,12,-5,-7,13,0,1,9,5,14,-5
-3,-7,2,12,2,-1,-7,20,10,9,10,-7
16,-2,-3,14,15,-8,16,-3,6,-7,10,5
11,2,10,12,14,-4,-1,19,-4,-2,17,21
2,23,-4,-8,10,5,1,21,13,16,3,0
15,12,-1,-8,17,7,1,12,13,14,0,8
-1,9,-7,26,8,-1,1,-7,16,-5,12,25
5,5,-4,5,8,1,3,21,4,28,4,-6
7,7,7,5,0,12,-6,21,7,-4,-3,-6
9,9,7,-6,8,16,-6,21,-5,-1,11,12
11,27,12,2,5,25,1,13,12,-1,2,4
5,4,-2,7,-4,6,9,14,3,16,-4,25
1,8,10,2,17,2,-5,2,7,2,15,1
6,6,9,19,-6,17,-3,21,6,21,-1,-1
12,12,-3,8,19,11,3,6,-1,24,-2,9
1,5,12,13,8,10,0,15,12,10,7,30
7,-12,-3,-21,-3,-35,11,-10,1,-16,12,-1
-4,-3,10,-25,2,-6,-5,0,2,-31,3,-2
-4,-5,20,-31,0,-5,2,-14,-6,-31,1,-10
8,-11,5,-25,0,-5,1,-22,-6,-14,7,-22
-5,-3,-2,2,1,-14,4,-30,1,-22,-2,-4
6,1,10,-18,-3,-17,13,-11,-6,-30,6,-26
-1,4,8,-17,0,-20,16,-22,11,-3,18,-22
2,7,-5,-28,-2,-22,-5,3,6,-24,0,0
0,-1,-5,-16,-3,-19,4,3,1,-22,13,0
0,-21,12,-1,9,-14,6,-4,4,-14,3,0
1,1,7,-2,-6,-10,-2,10,-1,5,1,1
-2,0,-1,-15,4,-2,6,-6,13,-22,5,9
8,-8,4,-20,14,-4,-2,-18,5,-6,2,1
10,12,-4,-23,4,4,-1,-13,5,-16,-6,-23
-1,8,0,13,4,6,6,-8,7,13,-2,-18
-1,6,-3,-12,-5,-11,13,9,13,-2,2,-18
2,15,1,14,5,10,5,-10,-3,-11,-2,1
3,3,12,-11,10,-3,6,10,-2,-12,2,-1
11,-4,-2,3,4,-8,-2,-8,0,-6,13,13
1,19,0,-7,8,18,-4,19,6,8,12,-1
0,-9,5,11,5,-12,6,-5,-6,-14,1,15
1,6,14,12,10,11,1,-1,16,2,0,-1
1,17,7,22,-3,7,-1,19,13,-12,-6,1
-1,13,-4,-5,4,19,-2,12,8,6,-3,-3
-2,-10,-1,4,-3,16,-1,12,1,-3,-5,-10
0,14,13,-3,16,12,-2,9,8,-1,1,-11
2,9,7,-2,1,21,4,23,6,16,11,4
5,5,-6,-2,3,24,4,4,3,0,11,17
4,9,1,-4,-5,-4,15,-2,5,9,15,20
6,3,-6,-5,2,15,-4,18,8,21,-2,26
6,3,-2,-5,0,27,-2,-3,-6,16,7,3
1,14,6,-5,1,3,11,19,6,31,4,13
15,0,5,0,11,3,4,11,15,2,-2,5
1,15,7,-3,2,13,11,14,6,7,9,20
3,8,6,19,5,26,3,4,6,30,7,27
14,9,20,7,8,5,1,29,15,14,16,12
1,13,3,36,3,31,3,28,-1,19,5,25
-2,-18,5,-20,13,0,10,-32,-3,-26,14,-30
18,-25,-5,-21,2,-30,0,-1,2,-10,-1,-5
-4,-9,-1,-1,-2,-18,7,-7,-5,-34,9,-13
-1,-28,18,-27,4,-8,13,-6,5,-21,9,-1
-3,-2,1,-3,8,-7,6,-28,9,-26,2,-29
-2,3,8,-24,8,-17,0,-30,1,-29,12,-19
15,-3,17,-16,-1,0,7,-8,16,-16,5,-14
10,-1,2,-3,0,0,-2,-4,2,5,-4,6
7,-14,5,-15,12,4,16,-12,19,-23,13,-13
8,-12,0,6,19,-23,12,-5,5,-6,0,-25
5,-12,11,5,-1,-17,-5,-15,-3,-6,15,-16
0,-10,16,-7,0,-14,8,-3,2,-22,1,-8
1,-10,10,-12,1,-22,-2,3,0,0,15,0
10,-7,-2,-11,0,-2,-4,-12,-3,-1,5,3
7,-6,8,-1,12,8,-1,-5,7,-20,2,4
6,-4,16,-15,-1,-5,9,6,16,-5,11,3
6,-4,17,-10,0,3,2,-2,0,-4,12,9
4,1,15,-2,12,-17,6,14,7,-12,10,3
3,14,16,10,6,18,-3,-12,17,-7,1,-2
1,9,1,11,-1,-4,9,6,7,-3,2,-16
4,5,-4,9,2,-10,14,11,0,-6,8,-4
5,4,-3,8,-2,12,15,18,15,3,6,14
9,18,14,7,16,4,12,-13,-2,10,0,0
5,15,-3,-1,5,16,-3,15,4,-7,1,21
10,15,6,-3,13,2,4,24,3,3,-2,16
-1,18,1,0,-3,16,2,-11,13,-7,0,-2
0,-6,7,12,-1,22,5,17,8,8,12,-1
-2,-7,0,-5,0,22,-2,27,16,19,18,-7
0,24,5,-8,8,8,4,12,-5,1,15,7
16,6,-2,0,15,25,2,17,7,23,-2,8
14,28,18,-3,16,18,11,8,-5,29,0,29
1,-4,13,16,0,7,5,6,0,29,-4,13
3,14,15,2,13,4,1,18,19,-1,0,23
6,9,5,6,9,-2,-1,16,15,5,1,5
6,6,6,4,15,20,3,4,9,27,5,30
16,4,2,28,5,2,0,19,2,6,3,4
3,15,8,2,15,35,-1,5,10,8,9,12
-3,-10,6,-15,0,-10,11,-11,17,-27,16,-10
19,-29,-4,-22,-3,-19,7,-16,13,-22,3,0
-4,-32,-1,-7,12,-12,6,-16,-2,-18,15,-5
12,-16,9,-19,17,-18,1,-20,19,-23,3,3
-3,-5,14,-19,14,-21,5,-14,1,-17,10,4
-2,4,-3,-2,17,1,6,-7,18,-15,0,-13
-2,-4,16,2,13,-7,8,3,-2,-28,10,-25
13,-7,-1,3,-2,-29,-4,-29,0,-24,-4,4
-2,-23,-1,-24,3,-25,6,-28,-2,-25,16,-6
8,-10,12,-10,-2,-13,12,-12,16,3,-4,7
7,3,2,0,16,-5,10,-22,4,-14,4,10
18,-23,16,6,18,11,5,-16,14,-13,18,-8
-1,11,1,-15,6,-18,7,-19,20,-16,15,-8
-1,9,16,-19,20,4,-1,-19,3,-11,16,5
0,12,2,11,9,-15,-1,-14,-1,-2,15,1
-4,7,-3,1,15,3,9,-20,16,1,18,-20
-1,-20,13,-19,0,9,2,-6,-2,-12,12,0
2,14,10,-2,2,4,15,-9,-3,-15,1,-14
4,5,-2,-14,-3,9,16,1,-2,-9,15,-16
6,18,19,1,0,8,2,-12,3,-6,17,10
13,-1,13,7,2,2,9,-12,12,-5,-1,-7
0,6,12,7,0,16,4,21,-4,-9,2,-11
8,16,13,-12,4,-9,-3,2,17,-3,-3,11
9,18,22,-7,0,10,11,-8,10,7,5,6
1,5,4,16,15,-12,12,-8,19,4,2,11
7,8,16,18,8,7,8,-8,17,-7,12,8
10,16,13,12,21,21,9,13,13,14,19,8
0,7,16,9,9,20,1,-6,-1,20,2,-2
-1,14,20,28,5,7,4,-4,5,17,7,19
9,18,3,4,13,27,-1,7,17,-5,19,13
12,19,1,21,10,11,-3,13,4,29,16,19
-3,26,12,13,9,-4,3,21,18,17,2,-3
-3,-4,2,-4,-1,13,17,15,13,28,2,24
9,30,2,33,2,29,0,5,12,15,17,-2
-3,34,-3,-2,17,25,16,25,11,15,15,-2
5,15,8,2,19,2,7,27,13,15,14,27
8,6,-4,29,-1,33,13,35,8,11,9,27
1,-27,17,-10,-2,-35,21,-29,16,-9,-1,-9
0,-24,6,-14,8,-20,7,0,4,-2,6,-14
0,-18,7,-16,1,-12,14,-2,5,-29,-3,-33
-2,-28,1,-26,9,-4,-2,-25,-1,-12,15,-22
10,-12,5,-24,-2,-23,7,-20,2,-29,2,-9
-3,3,2,-11,6,-23,6,-29,10,-1,8,-20
20,-27,10,0,0,-19,3,-6,20,-12,-1,-28
11,-9,21,-22,20,-21,-1,5,1,5,8,1
-2,-5,6,-14,11,3,12,-25,19,-16,12,-15
2,8,20,-27,-1,-5,18,-2,-2,9,-3,-17
2,-25,7,6,7,-14,11,-20,-1,10,15,-21
1,-14,5,-3,2,-1,13,-6,10,-1,2,11
-1,10,10,8,17,9,5,-16,6,-12,11,-11
2,-2,11,-18,21,-13,-3,13,1,-20,16,-8
1,-18,-1,-6,-3,-4,18,-20,13,10,19,-4
-1,-19,4,7,-3,-1,8,13,5,2,11,-7
-2,13,6,-14,15,5,1,-18,0,-16,14,13
10,2,5,15,23,1,8,12,1,-7,1,-5
0,7,10,-13,21,-7,-2,-9,0,-5,4,-4
6,9,11,14,4,-10,7,-14,0,8,10,14
10,13,16,-15,-3,-9,4,-13,8,-7,8,16
0,11,15,10,16,-1,7,1,5,-6,17,15
2,5,-1,5,-2,9,5,-9,2,-10,3,-2
-1,-13,21,-11,12,3,11,5,10,21,1,21
0,21,18,-3,0,3,15,-8,15,22,10,-11
0,-10,3,14,-3,3,19,6,12,23,7,25
6,4,-1,22,20,-1,20,7,5,21,-1,15
-1,22,7,14,-3,0,16,25,19,11,16,5
12,17,11,15,0,22,11,17,-1,27,16,25
0,24,15,22,-1,-5,3,-3,16,27,1,-2
-2,-5,15,21,11,8,1,18,8,8,6,29
-3,21,5,30,-2,8,13,11,-2,18,-2,1
-3,18,-2,-2,17,7,0,31,-3,12,8,24
2,15,8,13,3,10,11,2,-2,31,18,21
11,29,10,21,10,2,0,22,4,12,-2,25
6,26,11,13,8,12,-2,4,14,13,12,20
20,0,15,16,22,14,5,3,6,18,20,5
11,-13,2,-16,1,-36,8,-31,19,-13,3,-10
-1,-33,2,-4,22,-22,0,-24,8,-13,21,-19
-1,-31,4,-7,9,-27,11,-17,5,-17,2,-2
7,-20,13,-17,5,-16,20,-11,19,-33,0,-30
0,-4,-2,-11,15,-1,9,-32,-1,-27,-2,-4
1,-22,18,-6,2,-21,-1,-2,12,0,1,-11
13,-9,3,0,21,-5,11,-15,2,-1,19,-11
0,-23,2,-21,11,3,5,-10,2,-11,14,-13
0,-9,17,-19,8,-20,1,3,-1,-11,11,-18
0,-17,1,-10,7,-4,13,-6,9,-4,19,-23
0,-15,3,-13,13,-20,5,-21,10,-6,11,10
20,-14,0,-22,4,-5,-2,-15,-1,-9,9,-3
20,-12,11,7,3,10,-1,6,5,2,-1,-13
1,-17,-2,-12,13,-16,11,3,6,-2,20,-3
-2,-22,5,-3,7,2,7,9,20,1,13,-18
13,3,6,-11,12,-9,15,12,-2,7,3,-18
12,3,12,-2,17,13,7,-16,0,12,21,-9
2,8,12,-17,5,17,17,17,-2,15,10,-3
3,18,1,7,5,6,0,17,-1,-15,9,-6
18,9,8,-3,0,-14,0,7,4,-3,3,-10
1,13,17,10,4,-16,-1,5,-2,-2,13,9
-2,-14,14,-6,2,-4,1,13,7,16,18,8
16,13,-2,-2,4,7,3,-8,17,21,1,7
1,10,-2,23,19,6,-1,23,15,2,15,-7
20,-9,6,6,20,2,-1,-9,9,20,11,14
15,17,19,13,3,-6,20,-2,1,1,-1,5
-1,11,8,16,1,14,5,13,10,19,7,22
16,12,13,12,10,10,3,13,20,10,16,16
15,18,1,3,1,12,3,11,0,26,16,1
21,-6,12,12,1,12,7,17,-2,16,2,-7
0,15,-1,13,1,-3,20,13,8,10,4,-1
0,10,3,26,10,30,2,21,4,26,12,14
19,20,1,16,5,-2,9,7,3,9,16,0
1,21,0,10,15,33,7,5,8,33,10,31
9,18,3,15,0,14,7,30,19,3,14,15
12,33,-1,5,13,1,0,32,-2,31,0,0
5,30,24,10,9,16,4,17,14,16,-2,17
3,-22,22,-25,24,-3,7,-6,7,-10,13,-21
0,-7,21,-35,20,-18,7,-8,8,-21,23,-30
14,-12,12,-9,-1,-33,9,-6,5,-14,18,-2
21,-23,9,-6,7,-26,23,-25,18,-9,-1,-1
21,-18,15,-27,11,-10,22,-19,0,-5,0,0
14,-8,3,-2,23,-29,20,-28,13,3,4,3
13,-12,17,-2,0,-16,21,-20,5,-14,-1,0
-1,-9,-1,-29,11,5,9,-28,4,4,22,-15
21,-22,5,-16,10,-17,9,6,0,-8,-1,8
20,-13,19,3,-1,-27,0,-15,20,-6,-1,-7
1,-18,3,-26,16,-16,15,-4,1,1,19,5
-1,-14,19,-9,10,-2,9,0,2,-24,12,-3
14,-6,16,-24,10,-16,0,-17,5,4,11,8
22,-18,4,-20,15,11,1,-7,17,-8,17,7
21,-7,16,9,4,-5,16,6,14,6,-1,2
2,-1,12,-20,21,-2,23,-19,22,-10,16,0
-1,3,11,-16,10,-18,7,9,2,-5,0,-10
2,-15,13,2,4,9,12,0,-1,8,16,-4
3,17,3,7,7,3,15,-7,4,7,20,-5
21,2,20,0,20,6,5,18,6,13,11,3
0,6,19,5,11,15,-1,-13,0,-9,10,8
-1,-12,16,18,1,21,1,5,7,12,4,-14
16,13,3,4,18,7,6,6,2,-12,1,1
-1,8,1,2,4,13,18,-4,2,17,-1,-6
2,-7,6,-2,8,-8,0,13,20,-9,13,4
2,3,20,9,7,16,20,17,9,19,17,9
2,2,14,14,-1,3,4,22,5,14,10,11
17,7,7,16,6,25,5,7,16,16,6,23
15,10,5,16,24,18,1,15,3,3,1,28
-1,18,10,27,0,-7,2,26,0,26,0,29
16,18,11,24,0,25,9,24,22,6,6,7
-1,5,13,5,12,3,0,29,4,22,7,24
-1,20,19,3,8,16,12,12,18,29,8,10
3,3,21,0,21,24,4,5,22,-2,3,4
2,25,16,11,15,31,20,-2,0,28,2,6
4,21,7,-1,21,16,-1,34,11,18,1,21
9,12,20,13,19,28,2,5,-1,25,-1,18
22,-20,0,-28,4,-30,3,-16,20,-11,11,-3
20,-21,1,-28,0,-14,12,-14,1,-34,2,-26
19,-11,8,-1,20,-7,11,-25,14,-18,8,-2
17,-12,4,-28,11,-2,9,2,8,-31,8,-9
2,-23,9,-8,17,-18,22,-11,14,-25,4,-8
3,-10,18,-21,8,-6,11,-13,4,-10,5,-1
2,-17,14,6,7,3,3,-9,6,-30,21,-16
2,-17,0,-10,10,4,6,0,9,-8,8,2
0,-23,2,-1,1,7,14,0,3,-25,1,-5
1,-18,22,-25,18,6,20,-12,6,-9,0,0
16,-2,0,4,8,-8,1,-22,0,4,4,-6
18,1,5,-17,16,4,0,-5,2,-7,9,-24
22,-15,8,2,20,-9,12,-14,3,-13,14,-21
22,-15,13,-1,8,8,21,-6,1,-17,3,9
19,2,7,-6,1,-16,19,3,19,-8,8,-13
20,2,5,-7,5,-14,2,9,8,-8,3,-10
19,2,8,-17,2,-2,22,0,5,-15,16,-2
20,6,0,-3,5,-11,8,16,4,-11,0,-11
1,-8,26,-18,9,0,5,-13,7,14,1,15
16,6,1,3,12,9,12,-5,11,4,2,17
22,1,0,2,1,-14,12,-7,4,3,0,19
21,1,7,3,20,11,0,11,20,6,3,-2
23,-12,7,22,13,3,6,12,3,-14,0,-11
2,3,7,-8,13,2,9,-12,0,2,10,-6
19,14,5,7,6,12,11,24,0,5,22,-3
14,8,15,20,6,-5,10,21,4,22,0,12
18,10,2,24,2,11,6,-7,8,24,9,3
15,11,3,-9,9,27,1,-7,1,19,21,3
1,5,0,16,1,20,14,24,0,23,16,17
21,8,6,-1,4,-2,0,16,6,26,0,-3
0,6,16,-4,0,-1,2,-2,26,28,1,22
18,17,2,9,21,16,18,12,1,-3,0,4
23,5,0,0,18,26,7,13,24,2,1,0
22,2,3,3,1,5,2,-1,0,1,1,17
2,20,5,32,8,4,0,-1,18,23,1,10
0,26,1,4,6,15,13,32,10,23,0,1
18,34,0,31,24,26,4,32,0,18,5,11
