-5,-16,-23,-21,-18,0,-4,-21,-11,-32,-24,-33
-2,-30,-1,-26,-6,-2,-16,-33,-7,-24,-3,1
-1,-34,-18,-6,-15,-11,-26,-34,0,-22,-8,-13
0,-29,-2,-29,-5,-17,-15,-28,-10,-33,-6,-4
-1,-25,-26,-8,-9,-30,-26,-3,-4,-32,-6,-24
-2,-21,-3,-8,-14,-7,-19,-22,-20,-23,-24,-18
0,-9,0,-29,-14,-23,-9,4,-12,6,-1,5
-1,-9,-18,-4,-22,-4,-25,-5,-3,-5,-1,-3
-6,-19,-14,3,-4,-21,-4,3,-8,-11,0,2
-4,-15,-16,-25,-13,-9,-1,-6,-5,-10,-7,0
0,-17,-2,-23,-22,6,0,9,-25,-3,-4,6
0,6,-16,7,-1,-11,-26,-4,-20,-1,-3,-2
-2,-20,-2,-1,0,-7,0,-22,-16,1,-1,-14
-3,-9,-22,-8,-8,-10,-16,-16,-16,3,-4,5
-3,-12,-2,-13,-7,8,-10,9,-22,3,-20,-4
-3,11,-6,6,-23,3,-10,13,-1,-17,-2,-19
-4,-16,-2,-1,-1,5,-22,0,-2,-8,-17,-14
-4,-16,-18,12,-2,-9,-21,9,-12,-16,-4,-17
-4,18,-1,-6,-21,12,-7,11,-2,-8,-6,-9
-1,-6,-3,14,-5,7,-20,-11,-13,-12,-1,11
-3,7,-1,-1,-18,6,-6,10,-4,-15,0,9
0,8,-26,2,-13,-14,-4,-14,-10,11,-1,3
-5,-10,-1,-7,-18,17,-6,18,-9,13,-16,6
-2,-2,-6,-8,-20,16,-10,20,-22,16,0,-10
0,12,-24,20,-10,-10,-9,13,-13,-8,0,19
0,19,-3,15,-20,-3,-14,-3,-1,18,-7,-10
-4,-9,-5,3,-8,11,-20,10,-10,-7,-22,22
0,-3,-5,-4,-9,2,-4,17,-7,6,-9,-7
-1,-7,-3,1,-23,2,-26,14,-1,3,-6,16
-1,28,-6,0,-19,25,-10,22,-6,11,-5,19
-2,30,-18,16,-24,26,-26,11,-2,19,0,-4
-2,-5,-6,28,-24,25,-2,19,-9,3,-16,27
-1,30,-24,30,-5,5,-3,21,-5,4,-7,14
-2,-2,0,19,-7,11,-9,33,-10,27,-2,7
-1,3,-8,17,-24,33,-8,14,-10,27,-11,32
0,35,-5,16,-3,17,-3,34,-7,9,-6,19
-5,3,-2,17,-3,23,-1,17,-13,23,-25,4
-1,-2,0,-10,0,-36,-24,-13,-13,-35,-8,-3
-2,-33,-6,-6,-12,-27,-5,-14,-6,-19,-10,-28
-2,2,0,-3,-2,-7,-6,-26,-10,-16,-1,-29
-2,-25,-5,-14,-21,-6,-25,3,1,-10,-3,-16
1,-7,-4,-22,-15,1,-17,0,-3,-29,1,-16
1,-2,-24,-16,-17,-16,-8,-20,-1,-30,-7,-7
0,-20,-21,-29,-14,-14,-8,-12,-4,-8,-10,-2
-3,-1,-18,-9,-21,-17,-12,-29,-12,-10,-24,-24
1,0,1,-25,-5,4,-9,-27,-8,2,-23,-21
-5,-2,-3,-22,1,-8,-6,-9,-1,3,-7,-9
-5,-21,-5,-20,-5,-20,-5,-19,-7,-13,-7,-20
-3,-12,1,-1,-20,10,-1,0,-14,2,0,0
-5,-18,-13,-21,-11,8,-8,-16,-4,-24,0,-10
-3,-12,-18,10,-5,-9,-1,3,-13,-20,-25,1
-3,-4,-7,-17,-18,11,-4,-2,-2,-17,0,-9
0,-5,-18,13,1,-19,-8,14,-18,6,-7,13
1,-6,-9,-11,0,-13,-24,-10,-6,-17,-1,1
0,-5,-4,-19,-25,16,-23,10,0,14,1,-12
-4,-10,0,2,-5,-10,-15,-12,-12,16,-2,0
-4,-1,-20,18,-3,11,-13,-5,-13,-10,-10,12
-4,-7,-1,10,-14,-8,-7,-14,-14,13,-3,-2
-3,-8,-4,-9,-4,19,-21,-9,-22,9,-2,-6
0,-1,-2,2,-23,15,-14,8,-4,-1,-5,1
-2,-4,-14,1,-1,-7,-14,-7,-14,-13,-16,-10
-2,3,-24,10,-25,7,-5,-11,0,-2,-7,-4
-1,7,0,3,-12,6,1,-3,-8,3,-2,24
-2,2,-5,26,-19,25,-3,-2,-7,24,-15,13
-3,-7,-10,-9,-4,-2,-7,4,-4,24,-5,2
0,-6,-16,17,-23,2,-4,9,-13,-6,1,27
1,-2,-1,29,-9,24,-12,24,-1,0,-4,5
1,-3,-5,-6,0,6,-10,12,-14,0,-2,10
0,-2,-2,27,-3,25,-1,23,-8,5,-1,24
-1,29,-1,26,-1,17,-14,9,-7,15,-16,10
-2,-3,-6,21,-6,28,-3,19,-8,4,-8,12
1,5,-4,17,-6,-1,1,30,-8,27,-1,5
-2,12,-7,10,-2,11,-19,26,-4,9,0,21
-4,35,-8,20,-6,35,-1,2,-5,24,-5,25
1,0,-5,-2,2,-22,-3,-10,-2,-19,-5,-7
0,0,-8,-3,-4,-34,-13,-26,-7,-3,-6,-34
-1,-33,-17,1,-19,-1,1,-9,-20,-12,-6,-30
-1,1,-17,-2,-20,-2,0,-16,-15,-28,-9,-16
-3,-21,1,0,0,-8,-8,3,0,-13,0,-21
-3,-14,-7,-21,-6,-25,-5,-9,0,-15,-2,-22
-4,-12,-7,-21,-4,-15,-7,1,-19,-4,-17,-22
-2,-3,0,4,-3,-21,0,-28,-13,-21,-4,-3
-5,5,-8,-27,-4,0,-5,6,2,-21,-4,-15
-5,-16,-7,2,1,-23,-1,-13,-4,-12,-11,-7
-5,-19,-7,-14,-4,-14,-15,0,-3,4,-15,-25
-5,-8,-6,3,-7,-25,1,4,-13,0,-4,11
-4,6,-1,-24,-5,3,-22,8,-7,-24,-7,8
-1,-2,-5,-12,-6,-23,-3,9,2,9,-9,7
-5,8,-13,-12,-17,3,-20,14,0,11,-1,-16
-5,-8,-7,4,-10,-4,-18,10,-20,5,-6,5
-3,-10,-24,0,-12,-16,-7,8,-5,-12,-5,-10
0,-7,-7,0,0,1,-14,-19,-14,-16,-12,-15
-2,-4,-15,-4,-9,-5,-12,-5,-14,0,-21,8
-4,-14,-10,18,-3,9,-11,-9,-6,1,-1,16
1,14,2,-2,0,-2,-11,-1,-5,-9,-13,-15
-1,-8,-5,-1,-23,8,2,0,-4,-13,0,-15
-1,-8,0,15,-3,-3,-1,4,1,7,2,-1
-2,4,-1,-12,-13,-6,-16,11,-23,9,-15,-4
2,-4,-23,-12,-17,9,-4,8,-2,17,-5,2
2,23,-15,18,-18,15,-5,2,-24,13,1,4
-1,-7,-13,-3,-23,6,-2,22,-11,4,-15,-10
1,-3,-2,22,2,24,-11,21,1,3,-4,23
2,-6,-1,6,-24,12,-3,20,-7,1,1,-2
0,-5,-2,21,-2,29,0,1,-13,-2,-1,23
2,-5,2,25,-14,10,-21,28,-1,0,-2,1
1,-1,-3,-3,-22,21,-1,10,-6,25,1,12
0,3,-4,10,-5,4,-22,23,-5,10,-2,7
0,11,-1,8,-7,2,-23,31,-5,-2,-23,10
-3,-1,-18,14,0,34,-7,8,1,14,-2,23
-1,18,-16,14,1,2,-18,24,-1,25,-9,32
-4,20,-3,12,-3,30,-2,30,-8,28,-15,2
2,-3,0,-8,-4,-10,-4,-13,-18,-29,-14,0
3,-3,-17,-20,-14,-9,-6,-2,-22,-16,-6,-34
3,-22,-4,-34,-20,-6,1,-25,-18,-1,2,-23
-1,-25,3,-13,-6,-8,-17,-7,-23,-28,3,-12
0,-16,-20,-3,2,-5,-5,-29,-1,-19,-1,-26
1,-6,-8,-1,1,-24,-12,-11,-23,1,-4,0
-4,-8,-22,-11,-7,4,1,-27,-6,-18,-3,-24
-5,-20,3,-25,-16,-5,3,-18,3,-25,-15,-20
-6,-28,-15,7,-3,-11,-5,-8,1,-20,-5,2
-5,-27,-18,-12,0,-27,-15,-22,3,-25,2,-25
0,-4,-1,10,-22,7,-5,-2,-18,-13,-8,9
-4,-20,-18,0,-17,-2,-13,-24,0,-25,0,1
2,2,-14,7,-4,4,-5,6,2,2,-23,4
-5,-18,-1,-23,0,-2,-19,-11,-5,-15,-13,2
-4,9,-2,-2,-23,3,-2,-18,3,-12,-5,7
2,3,-19,-13,-16,6,-2,-15,1,-1,0,-1
1,11,-13,-2,-1,-1,0,-1,-3,-3,-8,11
-2,17,-18,13,-22,5,-11,-10,-1,-13,-19,-19
-3,-14,2,0,-4,-6,-5,-6,-5,14,2,5
-2,11,-3,5,-5,8,-14,10,-4,3,-18,-2
-2,-14,-20,-9,-23,-1,-8,-14,1,-14,0,15
0,-11,-1,4,1,-13,2,17,-6,-13,2,-15
0,-3,-3,12,0,5,-20,8,-1,12,-22,5
-1,-13,-19,11,-20,23,-11,18,-7,19,1,-12
0,23,-18,19,-6,6,0,-11,2,19,-1,7
2,-3,-13,25,3,1,2,19,-3,-10,-3,-1
1,-2,-10,8,-4,14,-2,-3,3,-1,-2,15
3,26,0,27,-9,22,-7,23,-5,12,-2,2
1,-5,-6,18,-22,13,-1,8,1,24,-7,20
1,-1,-5,0,-6,3,3,11,-15,18,-1,16
1,26,-7,4,3,18,-21,28,-5,21,2,-1
1,4,-8,15,1,24,-20,31,3,1,0,12
3,9,-1,-2,-6,25,-1,3,-22,31,3,7
3,17,2,3,-8,5,0,14,1,10,-19,30
-3,12,-2,34,-5,32,0,4,-5,8,-4,13
-3,10,-4,34,-2,24,-1,9,2,33,-6,30
-1,29,-3,18,-5,24,3,4,-6,1,-1,27
4,-26,4,-1,-18,-34,-11,-33,0,-2,3,-17
4,-9,-1,-31,-11,-4,-3,-33,-8,-29,-20,-10
-3,-32,-10,-19,-3,2,3,-18,-16,-4,4,-15
-1,-9,-12,-27,-18,-5,1,-7,-3,-1,-22,-16
0,1,-19,-22,4,2,-4,-31,-10,-23,-5,-16
0,-6,-18,0,-8,-13,-9,-11,-21,-13,-1,-9
-2,-2,-21,0,-8,-27,-12,-13,-3,1,-4,-28
2,-1,-1,-1,-7,-19,-11,-27,-8,-18,-22,-27
-3,4,-4,-18,-16,-8,-2,-11,0,-21,-3,-3
-3,-4,-3,-15,1,-3,-9,-13,-1,4,2,-18
-3,-8,-12,-11,-2,-7,-3,-10,-9,7,-4,-23
0,-1,-7,3,-10,-24,-1,-11,-11,-16,1,-6
-2,9,-9,-10,-1,-23,0,-13,-10,-13,-3,-4
-3,13,-6,8,0,-6,-14,-2,-5,5,-22,-7
4,-6,-13,-11,0,-1,3,-12,-2,12,4,-21
-1,-8,4,5,4,14,-2,-2,-1,-20,-5,-16
3,9,0,-19,3,8,-4,8,-5,-15,-21,1
3,-7,2,1,-3,-4,-11,-12,3,-17,2,14
4,-7,-2,6,-11,-12,-12,-13,1,-9,-1,-10
0,-2,-6,-14,-12,-14,3,-5,-7,11,-3,13
0,19,3,6,4,9,4,-7,-7,11,-3,-12
3,-6,-5,-2,-5,0,-5,5,-18,-4,-5,15
0,-9,1,-2,-4,13,-1,20,-2,-6,-1,-12
0,-4,1,-7,-4,4,-2,-7,0,-9,-18,4
0,7,-15,-6,3,-1,-7,5,2,16,0,18
3,20,0,14,0,-2,-19,16,-2,24,2,-5
4,23,-16,22,-3,19,-15,16,-2,19,-1,-1
3,23,-3,18,2,-4,0,3,-1,-6,-4,2
1,-3,-11,17,1,-7,-22,19,3,6,2,5
2,6,-2,1,2,-6,0,-1,-6,-6,2,8
-1,13,-4,29,-5,3,-6,30,3,2,-21,10
1,12,2,0,2,8,3,13,-1,27,-4,5
3,15,2,21,-2,21,3,2,-4,22,3,12
0,31,-7,30,0,9,4,-3,1,22,3,1
0,25,-4,12,3,29,-4,34,1,25,-16,9
0,20,-3,3,-1,12,-3,16,0,7,0,2
3,27,-2,29,0,18,1,2,-9,32,1,28
0,-15,-13,-22,3,-11,2,-31,-3,-22,3,-22
-1,-4,1,-11,-9,-20,-2,-11,-10,-25,-19,-9
3,-14,2,-32,-13,-16,-18,-9,1,-23,-1,0
-2,-23,-20,-27,-20,-11,-14,-27,-2,-9,-15,-8
-1,-15,-14,-4,-18,-11,-17,-28,-5,-5,3,-7
-1,-12,-6,-15,-1,-1,3,-20,1,-11,-1,-10
4,-15,-11,-23,2,1,-3,-23,3,-15,-9,0
0,-7,1,-18,-9,-27,3,2,2,-9,3,-6
-1,-16,-3,-28,-10,-28,-21,-15,-4,-17,-13,-3
-1,8,-12,-27,-11,-23,4,-22,-1,-5,0,-6
4,-1,0,-3,-17,3,-10,7,-12,-9,-1,-23
5,2,-18,-1,-3,-11,-1,-9,0,11,0,-9
-2,0,2,-20,-12,-4,0,-24,-21,9,2,10
-1,13,0,-14,0,-1,-1,-21,-18,-7,-21,-14
-1,-7,-9,-15,-2,-13,2,8,3,-22,-21,14
5,-3,1,-13,1,-1,1,8,-9,-21,-3,-5
0,-15,-20,-17,-19,14,-2,6,-11,-14,4,-19
5,-19,-15,-7,-16,0,0,2,2,-1,-12,-11
0,-11,-8,15,-17,16,-1,-3,-3,-11,-6,14
-1,-15,0,-9,-2,1,4,-9,-2,0,-20,-11
0,-2,-13,-8,-8,-6,-13,12,-14,-14,2,-6
-1,-8,0,7,-9,-6,-1,13,-11,-5,-18,-5
5,8,4,-12,-11,11,1,3,-1,-14,-4,22
1,-7,-3,-5,-11,-6,-10,-2,-2,5,-3,0
4,6,4,18,1,13,-14,11,0,15,3,24
5,6,5,7,-4,5,-16,21,-11,-7,3,-3
2,23,-13,20,2,25,5,13,-6,22,0,-9
2,9,-5,17,2,21,-4,17,4,-6,-7,0
1,8,-17,18,-19,16,-20,22,2,0,-1,-6
1,3,4,-2,0,12,5,15,1,5,5,3
0,-6,4,-3,2,3,-4,0,4,9,-2,-4
0,22,-20,26,-5,-5,-2,23,-17,27,-1,2
-1,9,-13,28,-19,24,-4,5,-4,29,-5,30
4,20,-1,-1,2,5,-12,17,-12,22,0,21
-2,23,-3,34,5,25,2,20,-3,7,-2,4
1,21,-2,14,-19,32,0,23,-4,35,1,9
-2,14,4,27,3,9,4,33,1,18,2,29
1,-6,-1,-35,-2,-5,-11,-23,-13,-24,3,-28
5,-14,4,-8,1,-29,-2,-18,1,-9,5,-23
3,-10,-2,-7,-5,-20,2,-13,-1,-7,0,-3
5,-11,-3,3,-9,-9,-3,-1,0,-13,2,-13
-1,-20,-3,-30,-3,3,-7,-15,4,-3,5,-23
1,1,-18,-18,-16,-7,-3,-29,-7,-29,4,-4
2,-7,4,-29,-2,-26,5,-26,1,-1,-1,-17
5,-1,6,-22,6,2,3,-22,-20,-22,2,-29
4,1,-9,-7,0,-15,6,-16,4,-7,-4,-28
4,-8,4,-16,1,-7,-20,-21,-15,1,-3,7
2,5,-6,10,3,-11,-7,-10,-10,-25,2,-14
0,-9,-4,11,-8,-13,0,6,-12,-14,1,-19
0,-24,5,-16,1,-14,-14,9,-13,10,-11,-17
6,-8,-13,-1,-6,10,-17,12,-8,-15,1,9
0,10,-15,-12,1,11,3,7,-12,-5,-1,6
4,-4,1,-10,0,6,5,7,-8,12,1,-6
1,5,-14,5,5,-3,-7,1,-14,7,5,4
0,-11,6,0,-19,-19,0,4,-9,-18,2,17
1,-3,-3,13,-10,-8,4,-3,2,7,-6,1
1,12,2,17,-8,-6,-2,8,5,-8,1,0
4,7,4,12,-8,-6,1,15,-18,18,4,3
0,6,-4,-10,2,9,-1,17,-2,9,-18,21
6,5,-10,-10,3,14,4,6,-4,20,1,22
4,2,3,-5,-19,22,-6,19,-1,-8,6,10
5,5,-2,14,-12,11,-16,9,-1,23,4,8
2,9,-1,-1,-1,-6,-16,18,-2,20,-9,-9
1,2,5,-6,0,11,6,4,4,25,3,-5
1,-3,-2,3,-2,1,-15,11,-3,-3,2,4
3,23,3,26,-15,19,5,28,-3,27,-2,25
1,19,-2,-6,-20,15,2,29,1,11,-3,18
2,24,1,1,0,17,-3,21,6,15,-4,24
-1,15,-3,10,4,28,4,17,3,11,6,29
-1,15,-7,2,2,31,0,4,2,5,-1,31
-1,3,-18,21,-12,22,6,3,4,21,-18,12
4,19,2,24,5,0,-18,22,3,28,4,33
3,28,-3,4,2,30,-1,13,-3,15,2,14
-2,4,-17,31,4,31,-3,3,3,21,5,34
0,-8,5,-1,-1,-1,4,-20,-16,-10,6,-3
0,-6,-2,-35,2,-31,7,-2,-2,-4,-1,-20
0,-8,1,-4,-9,-14,3,-15,5,-20,7,-12
0,-18,-5,-24,5,-29,4,-30,-8,-1,6,-1
0,-11,-3,-28,2,-4,-11,3,3,-5,-14,2
2,2,-9,-30,-12,3,-15,-12,4,-21,4,-19
0,4,5,-20,-6,-10,1,4,-2,-12,-7,-4
-1,-2,1,-14,6,3,-11,7,-1,-25,0,7
-1,-20,0,2,4,-11,1,-15,-7,-7,2,-25
0,-19,3,-17,6,-8,7,-1,1,-20,-11,-22
4,-6,1,-23,4,3,6,-2,-9,-26,1,-4
3,7,-18,-8,-3,-22,5,-6,3,7,-17,-9
-1,-18,-4,5,-2,6,-13,8,-12,-9,1,3
-3,-19,-19,-20,-9,6,-14,-22,-17,-13,-2,-11
-2,5,-8,-20,-5,0,-13,12,-10,11,-14,-11
-1,-19,3,-18,-18,-12,5,13,-4,-5,-6,13
1,-10,2,-4,2,-2,4,16,-10,4,1,-6
5,-3,7,-14,-3,16,5,17,-3,14,-3,13
2,16,3,5,4,-12,-15,9,7,-3,2,13
0,-13,1,-5,-1,16,-9,-7,4,5,-10,-1
1,10,5,8,1,-9,7,20,-1,-4,-1,6
0,-12,1,10,4,-1,6,-6,-1,-10,-4,21
2,17,1,-3,-14,18,4,-6,-9,6,2,16
1,11,-1,-4,2,18,-7,-2,-2,7,-2,-9
1,22,-1,18,-5,3,6,15,0,-6,-2,-3
5,19,-3,18,3,-6,2,18,-6,-8,1,8
1,-9,-6,5,7,8,-18,21,-7,19,1,25
2,9,2,16,-18,5,1,1,1,21,4,4
4,22,0,20,-13,23,1,27,7,-8,7,7
1,20,-1,-1,6,22,-15,17,4,22,-6,-6
1,23,-8,25,2,-4,-2,23,-18,26,-16,9
1,17,3,27,7,2,2,30,-12,9,-2,6
0,-3,-2,10,5,11,-1,4,-2,15,6,-1
0,13,-8,0,7,3,0,3,-1,8,1,1
0,33,-16,7,3,6,-2,15,-10,7,6,19
-1,22,-3,33,7,25,-3,29,6,5,0,4
-1,10,7,30,0,11,5,5,-3,36,-9,19
5,-10,-13,0,-17,-2,8,-23,-1,-21,-1,-19
0,-16,-1,-34,2,-6,1,1,-9,-28,8,-17
0,-5,0,-3,0,-22,0,-28,-14,1,-1,1
0,-5,-6,-1,-1,-25,-2,-29,5,-20,3,-20
-1,-12,-7,0,5,4,-8,-24,3,-26,1,-16
0,-11,8,-18,-13,-3,6,-24,4,5,5,-20
0,-15,0,2,-14,-16,3,3,1,-2,1,-18
0,-3,8,-4,-1,5,1,-17,5,-27,0,-15
0,-14,-4,-20,-14,-2,0,-13,8,2,2,5
0,-14,-1,-21,6,-4,-13,0,7,-5,-7,-7
0,-10,-12,3,2,-17,-14,-11,1,-5,8,-21
0,-24,7,11,-7,2,7,-10,1,9,3,2
-11,-18,-13,-19,-2,-12,-14,-11,-10,-20,-12,-5
-12,-2,-12,-3,-9,-14,3,-22,-12,11,-4,-20
-4,-15,-10,-11,-9,-22,-13,-4,-10,-7,-15,0
-11,-4,8,2,-9,-18,-7,11,-15,-8,-3,-1
-2,-12,-13,-1,-3,5,-6,13,-2,3,-14,0
0,6,-17,-10,1,1,-6,7,8,-8,8,1
0,-7,-7,-17,3,-15,2,11,-1,-14,6,8
0,4,1,-9,-15,17,1,18,-1,17,1,-10
0,-13,0,17,-2,10,-1,-2,7,20,5,-1
5,10,7,6,-1,17,-1,15,6,16,6,-11
6,12,4,2,0,-11,8,-4,3,1,1,5
1,-13,6,3,0,-5,-1,-6,3,21,2,-8
6,12,2,23,-1,16,1,-1,1,1,1,-4
2,12,-1,16,-4,5,-1,1,7,2,4,-10
1,-1,0,8,-1,-3,2,17,1,-8,6,2
3,14,-2,-7,5,25,3,-7,-1,-6,1,23
6,14,-2,20,-11,18,6,4,-9,18,-1,12
1,20,1,24,1,0,1,24,6,-2,7,24
6,21,-16,21,-12,19,6,17,-3,7,6,24
0,7,-8,25,2,26,-8,13,8,29,7,3
0,3,7,7,0,32,3,19,0,32,8,13
0,21,4,26,8,27,5,17,8,21,-2,10
0,20,-1,28,7,13,4,16,8,11,5,1
0,16,2,9,8,9,-6,16,-2,1,2,27
5,28,1,19,4,4,6,4,4,15,4,5
-5,-35,2,0,0,-24,-5,-20,9,-18,-2,-9
0,-10,1,-18,7,0,2,-35,7,-31,1,-7
-7,-34,1,-10,-14,-7,-7,-14,-17,-5,3,-34
0,3,2,-17,9,-17,2,-32,2,-33,2,-16
0,-1,6,-25,-9,-5,1,-28,-6,-28,-17,-11
-4,-30,-3,-17,3,-29,-7,-6,7,3,9,-22
0,4,-12,-13,0,-16,-16,-13,2,3,1,-11
-1,-28,-14,-28,6,-19,-4,-11,2,-10,6,-8
0,-17,0,-11,8,-6,-15,7,5,-12,7,6
0,-19,0,-16,-13,-23,6,1,6,-23,1,0
0,-8,9,-14,1,-21,8,-15,4,2,-6,-26
-4,-23,-5,3,-16,11,-9,-8,-4,11,-14,-24
-6,3,-1,0,-12,-1,-15,-21,-8,7,-10,-20
-8,-10,-12,0,-8,-2,7,12,-1,12,-15,-23
-11,5,-12,12,-17,-11,-3,-4,-15,-19,-5,-12
-8,-6,-1,-3,-4,9,-15,-15,-10,-16,-13,13
-16,-6,-1,1,-6,16,-6,8,-16,9,-14,-16
0,-10,-4,-17,-4,-6,4,0,6,17,-16,3
0,-1,-10,9,6,-15,4,12,3,14,5,4
1,17,-8,5,1,-8,0,2,6,-14,1,-12
1,20,5,-10,-14,9,2,-13,-11,-2,4,12
1,18,0,1,1,13,7,3,3,-12,1,21
1,18,2,-8,9,-1,2,-5,-15,7,0,-4
1,17,5,-1,-1,23,7,17,-2,8,4,-9
0,4,1,3,3,22,5,-3,7,-3,1,-3
0,-10,6,-6,1,-9,1,3,0,2,6,-9
6,17,0,-3,3,0,7,17,6,21,1,-10
1,9,0,19,1,9,2,-4,-15,8,-3,-1
0,-5,-1,25,7,18,5,25,4,1,0,21
0,-5,2,-4,8,23,9,14,-11,18,4,-7
1,25,0,28,0,25,4,5,1,22,0,21
0,0,7,2,2,29,4,5,3,20,7,17
0,15,-1,26,5,10,-10,16,6,30,9,24
0,1,2,2,5,29,-13,23,-16,21,1,9
0,12,2,30,4,13,7,27,2,10,3,-1
0,14,1,15,-12,24,4,26,3,3,-1,25
1,35,1,29,9,8,1,32,-4,21,3,12
0,-9,10,-4,8,-9,8,-30,7,-24,5,-29
-3,-8,1,-3,1,-2,4,-31,4,-24,0,-34
0,-2,2,-31,0,-2,4,-10,-13,0,1,-31
0,-2,-2,-15,2,-14,7,1,4,-27,-1,-33
0,-3,-14,-23,-3,-3,1,-27,2,-3,7,0
0,-1,1,-13,-12,5,-1,-25,4,-17,1,-3
-6,-22,2,-5,0,-1,8,3,-5,-27,2,-10
-6,-25,-3,-9,1,-25,5,-4,-6,-14,8,-5
-6,-23,9,-11,0,5,0,-25,-2,-19,3,-28
-5,-17,-16,-21,8,1,-13,-7,4,-15,-16,-5
0,0,10,-16,-9,-24,6,-23,5,-3,3,-17
-3,-21,-10,-4,-6,2,-13,-1,-10,-15,-11,-4
-5,-4,-11,-15,-1,9,-2,-1,-9,-21,-8,4
-16,11,-3,7,-2,-14,-2,-20,-6,-12,0,-3
-7,9,-2,6,-12,-17,-16,12,-12,-13,-9,-6
-15,-4,-4,1,-9,-2,-13,0,-13,-13,0,-4
-10,15,-12,-1,-5,-3,-9,-19,-2,4,-12,-16
-3,-11,0,-3,0,-9,-10,-6,-7,2,-11,8
-4,18,-4,-9,-1,8,0,-3,1,6,-6,18
-4,-7,-1,-16,-14,-12,-1,10,-12,-4,-9,-16
-4,-13,4,1,-15,-3,-1,-16,-16,-1,-16,16
-6,-6,4,-11,-1,4,-13,-4,-11,16,-6,14
1,7,7,5,-16,9,4,4,-12,-4,3,8
0,6,-13,8,-9,3,-13,-9,-12,-13,-1,0
-4,-5,-5,3,-2,11,-12,-2,-14,-11,-13,1
-4,-7,-14,9,-13,2,-11,-7,-14,-2,-11,-1
-6,-4,-6,-1,-3,17,-13,8,-14,1,-16,20
-4,-3,-4,8,-14,14,-1,22,-9,-2,-16,-1
-4,-6,-14,25,-15,19,-3,-7,-7,-6,-5,4
-3,21,-11,4,6,-5,-4,-2,5,5,10,26
1,20,9,7,1,21,4,-6,3,-2,10,20
1,24,2,29,5,24,4,20,4,8,3,28
1,31,-4,-3,10,0,2,-4,3,21,1,22
0,-3,-4,11,6,3,6,20,-16,18,1,-3
1,11,2,2,3,19,0,25,0,29,2,15
1,6,-13,33,6,12,3,32,8,5,10,5
1,6,0,27,-9,29,7,4,7,7,0,29
0,-35,6,-35,7,-2,3,-26,-5,-34,11,-4
-8,-25,-7,-32,-9,-31,9,-19,3,-34,-1,-3
-2,-29,-7,-7,-10,-5,-6,-6,-2,-19,0,-23
-1,-32,7,-6,-5,-22,-12,-33,1,-8,10,-6
-1,-30,-8,-31,-3,-1,0,1,6,-30,-13,-21
1,-24,-6,-5,1,-11,-6,0,-14,-15,-8,-25
-7,-19,-14,-20,0,2,-7,-17,-12,-1,-14,3
-1,-2,-14,-24,-8,-20,-13,-28,0,1,-3,4
1,-17,-4,-28,1,-13,-8,-21,-5,7,-13,-5
-11,-12,4,-9,1,-18,-4,7,5,-11,-4,-6
-8,-11,11,3,-13,-18,-8,-22,-9,-13,-2,-14
-6,-22,1,-5,0,3,-8,-10,1,-12,-8,-14
-8,1,-12,-16,-2,-17,6,-6,6,-8,-6,7
-7,-5,-12,-12,-5,1,-12,3,-12,7,-14,-22
-8,-22,-5,0,-6,-6,-12,-3,-11,-3,-9,5
0,-5,-13,7,-1,4,-13,-7,-3,7,-12,-9
-8,12,-15,-1,-4,-7,-3,4,-10,4,-10,-16
-3,-4,-14,-17,-14,-8,-3,-18,-15,12,-9,-10
-14,-11,-2,5,2,-12,-1,2,-10,4,-7,11
-12,-16,-15,-5,-9,16,-5,6,-5,10,-12,0
-8,5,-3,18,2,20,0,20,-12,-6,-14,-2
-8,-14,9,19,11,21,-6,14,-9,17,-11,9
-7,-10,4,7,1,5,-5,16,-10,-3,-14,16
1,11,-13,-2,-11,20,-9,1,-15,22,-11,23
-14,-4,4,21,-14,20,-1,0,0,21,-1,23
-6,18,-7,-1,-11,11,-10,1,-1,-9,-3,24
-13,0,-4,7,-11,11,-10,1,3,12,6,8
-14,6,-3,24,0,11,-12,19,1,-5,9,9
-5,22,-15,22,-3,24,-15,-1,-5,-1,-1,5
-9,-3,-13,-5,-5,6,-10,7,-13,-3,-7,28
-11,10,-14,23,-3,24,-11,3,-6,22,-13,0
-3,26,-5,8,-3,22,1,17,-8,28,-3,23
0,-2,-15,30,0,1,-15,16,-1,12,-14,5
0,-3,-4,30,-12,3,7,24,-3,9,-5,-1
-5,1,-6,0,-8,16,-9,21,-9,13,9,26
2,27,-12,34,9,2,2,0,10,4,1,2
2,24,5,34,7,33,-8,14,-15,27,-4,29
-11,-21,0,-36,-13,-16,0,-8,-3,-20,-10,-27
-5,-31,0,-1,8,-34,-3,-23,0,-15,-2,-14
-10,-28,9,-1,7,-22,-10,-4,1,-23,-3,-20
-8,-17,-14,-6,12,-22,-2,-27,12,-11,9,-8
-6,-29,-6,-9,-9,-18,-5,-23,-12,4,11,-12
-6,-29,2,-24,0,-1,-3,-2,-14,-11,0,-19
-7,-8,-13,-12,-1,3,-1,-5,-8,-19,-1,-16
1,-3,1,2,-6,-20,-14,-21,9,4,-11,-8
-7,-15,11,-27,0,0,-7,-15,-12,4,-9,-15
0,-22,-1,-1,-12,-15,0,-25,-11,-13,-4,-22
-10,-3,-5,1,-3,-11,-5,-7,1,-3,-8,-14
-5,3,-4,-6,-8,-6,-4,3,12,-9,-1,-23
-14,9,0,-5,-5,-5,-3,-14,-12,-16,-9,-4
-12,-12,-6,-14,-10,-22,-11,8,-6,5,11,-16
-14,-19,5,-13,-10,13,8,-22,5,14,-4,-19
-5,12,-7,-4,-4,10,-4,12,-10,7,8,-17
-8,-20,-9,-6,4,10,-2,-6,-14,16,-6,-20
-1,0,-11,7,-2,-19,-1,9,5,3,2,12
-2,4,-14,-2,9,15,-2,-11,0,15,7,15
1,-7,-13,-1,-14,12,-3,4,9,-3,-8,4
-12,-1,-11,-3,-14,-4,-10,6,-7,13,1,-13
-6,2,-10,8,-1,7,-14,-10,-13,0,-10,10
-4,18,11,-4,6,8,-11,-13,-8,12,-10,-12
-11,-7,12,4,-10,-6,-1,10,8,17,-2,6
-4,12,4,8,-9,-3,-12,16,-6,22,-13,-2
-3,17,-5,19,-12,8,-12,9,-5,12,-14,3
-11,11,-7,22,0,2,0,-4,-14,24,9,-3
-14,6,-2,9,-14,-1,-5,6,12,27,-11,7
-4,27,5,12,-12,3,-11,-2,6,1,2,27
-8,6,-5,27,-10,10,-2,20,-12,24,-8,1
0,28,-6,27,1,18,0,-5,-1,29,8,27
-2,27,-13,7,2,17,0,-5,7,-1,-1,-2
2,9,-14,1,-2,15,1,22,-9,26,-2,12
-7,2,9,18,11,7,-3,27,-5,5,2,22
2,18,-9,25,1,7,-5,22,9,17,5,32
-1,8,-9,20,-9,1,-12,30,-3,11,-2,35
2,9,1,19,9,32,3,21,11,25,0,34
-4,-34,0,-32,-13,-4,9,-16,10,-25,6,-12
-5,-23,-12,1,0,-4,-6,-13,8,-16,4,-27
-7,-29,-7,-31,-13,-31,2,-23,-12,-7,-1,-9
-9,-25,-2,-6,-2,-11,-13,-19,-1,-14,-10,-14
2,-2,2,-28,-13,-1,-8,-6,-1,-18,-2,-28
-2,-22,-1,-1,-10,-27,-10,-21,-1,-25,3,-17
0,-30,3,-17,1,-6,-1,4,-12,-5,-13,-10
-3,-28,-9,-20,-13,-5,-13,-3,13,0,10,-2
-3,-21,5,-5,3,-3,-7,-21,-4,-28,11,-12
2,2,-4,-6,-1,2,-4,-24,-13,-1,-6,0
-11,-9,3,-4,2,-11,-7,-25,-9,-25,-8,-25
1,-5,8,-22,0,-11,1,-6,10,-2,0,-8
-6,10,-1,1,-3,-15,-10,-1,-7,-21,3,-1
-1,-7,0,-6,2,-23,2,-2,2,-8,-7,-8
-1,-2,7,-13,-12,-3,4,2,-3,-5,6,-1
-13,-7,-1,-19,2,1,0,-15,-12,-12,3,-15
-2,-3,6,3,6,-3,-13,-10,-9,4,0,-11
2,-1,9,11,6,6,-9,-5,-1,-15,4,-13
1,-2,8,-3,-12,12,-5,16,-1,-5,-1,-17
-13,-16,7,4,-8,14,13,13,1,18,-2,2
-11,3,3,1,12,8,-11,-11,8,-11,-1,-4
2,5,13,-4,-6,-2,5,7,-8,1,12,21
1,17,-8,-11,-3,7,2,8,-4,2,9,12
-1,-5,-7,9,2,10,-13,22,7,13,1,16
-6,-1,2,-9,-7,22,-1,20,-3,10,-10,-10
0,1,8,13,-9,-2,-6,23,-11,11,-4,18
2,21,13,-2,-1,26,-11,20,7,26,-10,17
-10,0,1,13,0,27,0,26,-9,3,-3,25
3,7,-12,12,-13,-4,-7,-5,-12,-7,-3,-4
-9,-4,8,24,1,-2,-13,-3,-13,21,-6,13
2,26,11,16,-9,7,-3,29,1,11,0,21
2,29,-3,29,-7,-2,-8,5,2,2,13,31
-6,-1,9,17,-13,6,-8,17,9,20,0,19
3,-1,-13,19,-1,19,9,25,-10,8,-13,32
3,34,-8,16,6,20,-3,7,-11,25,10,-2
-2,5,10,26,-5,23,3,4,-12,10,2,7
2,36,-12,21,-6,23,-10,30,-5,13,-8,3
-9,-28,13,-1,10,-33,-3,-3,-3,-32,0,-30
2,-32,10,-20,4,-7,-11,-2,14,-16,-7,-9
5,-12,13,-1,13,1,-8,-2,-2,0,11,-33
-4,-26,-6,-3,-6,-19,-7,-17,-2,3,-10,-23
4,-18,-11,-19,0,-11,-9,-18,-5,-4,-12,-3
3,4,2,-18,3,4,3,-17,-4,-23,9,-12
-9,-20,-6,-3,-11,-18,-5,-14,-11,-10,-10,-21
-5,-21,3,-7,0,-1,3,1,-6,-9,-2,-29
-9,-14,1,-1,-10,-6,-8,-10,-11,-26,-5,7
-10,-21,-1,3,-8,-7,5,-27,2,1,-10,-13
3,-4,8,-25,-12,8,6,-21,14,-21,-7,-1
-8,-5,-6,-11,0,-7,6,1,-4,6,-10,-7
-9,-1,5,-3,-3,12,6,-1,-11,-10,-9,-10
-7,11,-8,-18,1,11,-4,4,-5,1,-11,-11
1,-5,-12,-20,1,-19,3,-2,4,-7,-6,-12
-4,3,10,-8,-11,-11,-1,-6,4,-10,-6,-4
-12,-18,11,-5,-9,15,0,9,0,-2,-12,-14
1,-4,1,-8,1,-17,-4,-4,-10,10,-2,11
-3,12,-8,-7,1,3,11,-9,3,-18,3,-6
1,6,2,-2,0,-1,0,-17,-9,-14,2,-11
0,-2,-6,-7,-12,-7,9,20,-7,13,1,-12
1,-1,13,4,-1,-1,3,4,1,-9,2,-10
4,3,2,10,-11,12,-6,15,-10,5,-3,10
4,-1,-2,18,-7,13,-1,-5,-12,-3,-12,21
1,-1,9,17,11,14,6,9,1,6,3,-8
-6,-8,-1,25,13,-2,13,9,1,17,4,1
-6,-2,9,25,-4,16,14,-3,13,9,14,17
1,17,-5,14,-7,27,-11,6,-2,-4,3,7
1,22,14,19,-12,20,7,13,12,28,-9,-5
-5,-5,-3,3,-10,20,-2,-4,13,28,1,3
-1,6,8,14,11,-1,-10,30,14,11,-5,11
-1,2,-10,5,13,8,13,26,1,-4,-1,1
4,-1,3,4,13,12,13,-3,-3,16,4,-2
-2,-1,11,0,13,33,13,-3,-5,32,14,5
-1,1,-5,7,-5,18,-8,33,2,11,2,9
-1,10,-12,12,11,24,8,13,10,18,-2,7
4,33,-11,14,10,10,9,3,14,25,0,18
-6,-34,-8,-19,-2,-1,3,-31,-5,-15,-1,-18
-6,-12,-9,-35,-2,-23,-2,-25,1,-1,11,-11
-6,-25,12,-4,-5,-28,0,-15,2,-27,-1,-33
-3,-32,8,-7,-6,-25,-6,0,-4,-1,-1,-19
-6,-17,13,0,-8,-30,-6,-29,2,-5,-6,-20
-2,-22,-8,-4,-8,-17,-5,-16,2,-9,-6,-3
-5,-18,-11,-15,3,-17,1,-2,2,-13,-3,-10
0,-14,2,-13,-7,-10,-9,-14,5,-24,-3,-28
0,-14,-10,5,-6,-16,-11,-25,-2,-1,5,-24
-5,-9,-9,-24,11,-12,-4,8,-5,-18,2,-20
-10,-8,-3,-26,-4,-16,-3,-14,3,-11,0,-8
-8,-6,-11,0,-4,-20,2,-1,0,-10,3,-9
5,-2,-2,11,-5,12,-7,-8,0,-13,-5,0
-9,-9,3,3,-1,0,-7,-12,-8,-23,-10,11
-5,-5,-3,-4,-11,-16,13,-8,-1,-8,-1,9
-10,-2,-4,-19,3,-10,4,-11,-11,9,-4,3
-6,8,1,0,-10,9,-6,-14,7,-4,8,3
-1,-6,2,5,-4,-16,-4,9,11,-14,6,4
-11,7,-5,18,12,-7,-3,12,-6,-3,-1,-3
-11,-1,-8,-1,-2,-3,-3,-3,-3,3,-4,12
-7,6,3,-10,-6,-12,0,9,0,8,12,-2
-5,-1,-9,11,-6,-2,-5,-6,-3,1,4,-10
3,12,-7,-10,-5,-7,-3,15,-1,2,0,8
1,-1,-11,23,-8,-13,-10,5,1,17,11,21
0,-8,-7,23,11,10,10,3,7,-10,-10,17
-1,0,0,-2,8,5,-6,20,7,9,-3,2
4,-7,7,-8,-1,-5,-11,-8,4,9,-1,12
1,2,3,21,-1,-1,11,25,13,2,-9,12
0,0,12,12,1,18,3,21,-8,10,-5,20
2,-1,-11,7,1,1,15,21,-5,22,-10,13
2,-3,14,10,10,-1,-4,19,-8,-4,1,16
5,30,15,1,-1,-5,13,-5,-3,30,4,20
0,-2,12,14,10,23,-10,17,-3,26,1,11
0,-2,1,16,13,16,15,31,5,7,15,11
6,28,3,9,-9,23,13,30,7,1,10,33
5,33,14,27,-11,0,5,27,11,22,14,29
1,0,-11,35,0,11,0,14,14,24,-6,32
-9,-34,-10,-3,14,-18,-6,-34,4,-5,10,-19
-7,-22,-5,-9,-5,-25,3,-3,-1,-25,5,-26
-4,-15,5,-17,-4,-33,-1,-13,-4,-18,-8,1
0,0,0,-17,1,-7,15,-10,-1,-15,2,-30
2,-6,10,0,-8,-12,-5,-9,5,-26,15,-3
-5,-18,10,-3,1,2,-1,-19,10,2,-2,-20
-6,-29,-1,-10,5,4,-7,-28,1,-11,-9,-3
-9,-16,4,0,5,-11,-3,-19,4,-21,-7,1
-8,-21,0,-8,3,-2,5,-13,-1,2,4,3
-7,2,-7,-7,1,-9,2,-12,15,-7,-3,-17
-5,-2,5,-12,-6,-3,-4,-5,1,-12,-7,6
-8,3,-8,-11,8,4,15,1,-7,-24,-4,-18
-10,-24,6,-10,3,-24,-2,2,15,-1,3,6
-1,-1,-7,0,-3,-12,2,-5,5,-1,-6,-9
-4,-7,5,-9,-1,-5,0,10,-6,-1,1,-7
-6,-17,-3,-7,8,1,-9,8,-3,9,-2,-2
-1,7,-3,1,2,-6,-4,-4,-2,-20,-6,2
-1,16,-7,17,16,-4,16,8,11,1,-1,-8
-1,7,-6,15,-5,16,-7,14,5,7,-6,-7
-8,-13,-8,2,-7,2,5,6,-9,14,12,14
-10,1,-2,20,-7,-1,1,11,-2,-9,6,3
4,7,-1,8,6,-4,-7,-3,-3,-4,-4,18
-4,-4,3,17,-8,7,-2,-3,-5,-8,4,22
3,-6,3,-6,-1,14,1,4,-1,6,-4,18
6,13,-6,5,15,-7,2,-9,5,24,-9,24
6,17,3,11,5,1,14,10,-10,14,-2,22
4,-10,9,7,-5,7,-6,23,4,24,4,7
6,-4,8,4,-3,27,-3,20,11,16,4,-2
3,2,11,19,13,8,12,-4,-5,17,-8,-3
2,-2,2,-1,-7,13,-5,23,-8,17,-4,27
1,-1,-10,17,3,18,10,-1,14,-3,-7,19
1,-5,13,19,3,1,-5,-3,12,-3,3,17
7,6,7,31,3,15,2,6,-1,2,-7,25
7,9,12,15,15,15,3,8,16,11,6,33
7,31,11,32,-10,-2,4,34,-10,16,2,5
0,9,-3,28,9,22,6,1,8,34,-8,33
3,29,-8,21,-3,31,6,0,-9,33,3,28
4,-11,-9,-32,0,-6,0,-6,-7,-20,-5,-1
0,-25,-8,-28,6,-24,6,-6,10,-26,-6,0
6,-20,-9,-24,-3,-10,0,-12,-9,-21,4,-19
-7,-30,-7,3,9,-17,-8,-26,-9,-30,1,-23
-9,-13,17,4,11,4,0,3,2,-2,1,-5
-6,-11,-2,-1,4,4,-3,-29,-9,-30,-2,-22
6,-22,4,-1,1,2,5,-5,2,-9,5,-29
6,-22,-9,-28,6,-12,2,-11,11,-6,2,-24
-2,3,-3,3,-9,-12,2,3,3,-18,8,-21
-8,2,-6,-13,-6,-5,-4,2,0,-24,3,-13
0,0,-5,-14,13,-3,2,-26,-7,0,0,-11
-2,2,5,-24,8,-12,-3,-6,-7,-19,14,-1
1,1,13,-17,11,-20,-9,-23,-1,-6,6,-14
4,-1,1,-11,6,-20,-8,3,-4,-21,7,-13
2,0,-4,-21,6,-21,-6,-15,6,4,-7,11
5,-12,5,-17,2,-12,2,5,2,7,5,-11
-8,-16,5,5,-1,-14,10,5,-7,10,-6,0
-5,9,13,1,12,17,17,-16,13,-9,13,-3
-8,14,-2,8,8,-17,11,-9,-1,4,3,-10
-8,17,5,-14,-2,-3,-9,8,7,3,-1,-14
1,-1,-6,9,0,8,-3,2,-2,20,3,11
0,3,10,10,4,1,-5,-10,-1,-6,-3,14
0,6,0,-8,7,-9,-9,17,4,-6,0,18
-7,17,-4,-9,-3,0,7,11,-1,-10,-4,3
2,22,6,-7,7,-4,-1,21,-5,6,5,13
-4,7,-7,-7,0,-10,4,25,0,1,6,-5
-1,6,10,12,0,-3,7,7,-9,9,-4,-3
2,27,-4,13,0,-1,-5,-6,16,-8,17,3
-3,3,-1,8,0,-2,-6,9,12,-1,14,14
-3,16,1,-2,0,-2,0,-5,9,-1,12,27
6,21,12,26,0,-4,-3,4,17,27,-1,21
3,23,-3,23,0,-1,7,7,3,11,9,2
3,29,15,2,0,6,0,-4,9,11,13,25
-3,6,-8,21,7,13,-7,16,-9,14,17,26
4,31,6,34,7,15,7,5,5,24,-7,18
0,0,17,1,7,17,7,10,13,32,15,16
0,0,3,4,-6,18,7,14,15,18,-7,2
3,-15,3,-24,12,-33,7,-29,-4,-5,-8,-23
4,-18,2,0,7,-31,12,-24,13,-14,3,-28
3,-16,7,-7,12,-8,12,-12,7,-33,2,-25
0,0,1,-20,10,-1,-1,-14,4,-1,-2,-1
-8,-26,-7,0,1,-1,1,-15,-8,-21,0,-17
6,-7,-5,2,16,-31,-3,-26,8,-22,-1,-31
-5,1,-2,-23,-5,-19,1,6,-3,-26,5,-17
4,-8,18,-14,-7,-25,12,4,-7,-19,0,-6
0,2,18,-28,6,6,-3,6,4,8,-8,-13
0,0,6,5,11,-17,15,0,7,-18,-3,-4
-4,10,-4,6,3,-14,10,1,16,-3,2,7
0,1,-4,-4,-2,2,18,-5,7,10,-7,-10
-5,9,-3,-17,13,-24,4,-20,18,-23,-8,-14
-1,-4,-8,3,11,-23,-1,8,-7,-18,8,-5
2,1,-1,-10,-3,-21,-1,-10,-1,-9,1,6
1,2,9,2,-4,-10,-3,15,0,11,0,13
-3,-14,-6,2,6,0,-7,-14,-2,2,-5,3
2,-5,-5,-13,4,-6,-7,1,-6,4,1,8
5,3,0,1,6,-18,-4,-10,-4,2,-6,13
-4,-3,7,1,-4,-7,-7,-12,-1,2,-4,13
-3,5,17,8,6,13,8,-3,8,0,-6,12
-3,-11,-3,-9,0,-4,9,8,6,15,14,-7
-6,-1,10,8,-6,0,1,-13,-4,-6,-1,8
7,10,-3,11,6,14,-2,-1,-3,-3,4,0
2,0,6,-10,0,-5,-6,4,12,7,4,11
5,20,-7,-7,6,15,8,-2,4,15,3,-1
-4,3,2,-10,0,-8,0,-2,-2,13,11,-7
2,13,9,24,0,-4,-7,-8,1,2,9,5
-1,8,-7,20,-5,-5,-6,9,2,5,5,13
0,15,-7,20,6,1,0,-6,-2,10,6,16
3,25,7,3,0,-3,-6,2,-2,12,-4,21
-6,13,-1,8,-6,8,6,-1,-5,0,-6,-1
-3,18,-6,3,0,0,1,1,9,19,-5,3
6,29,4,18,0,-2,-5,10,3,32,5,23
-5,20,2,19,-6,13,-3,11,8,20,-3,3
-2,23,4,23,-1,16,-3,16,-5,3,-3,21
3,32,-1,25,0,8,8,10,2,31,-8,7
-5,-16,8,-1,6,-31,-7,-4,2,-21,-6,-5
6,-19,-7,-14,-3,-35,3,-31,-6,-22,5,-30
-3,-1,16,-17,1,-2,0,-32,8,-5,2,-8
-5,-4,-6,1,13,-15,6,-21,0,-10,7,-19
-3,-2,4,-21,-4,0,14,-16,8,-20,4,-21
-1,-2,9,4,11,-16,5,-12,1,-10,6,-31
1,-2,-3,-1,17,-18,3,-9,1,-11,-5,-3
2,-13,-4,1,1,-17,3,-13,-3,-6,13,-11
-2,2,-7,-17,3,-27,1,-6,7,-24,-4,-23
-5,8,18,7,10,-1,3,9,6,-7,11,4
-6,5,15,-9,1,-10,10,-13,13,1,19,-2
-6,2,-5,-10,16,-3,1,0,-3,2,-3,4
-2,2,6,4,-1,-8,18,-11,16,11,-5,-16
-3,6,8,-2,3,-8,18,-9,2,12,8,1
-3,-4,5,7,-2,-19,4,-6,9,-15,7,-1
-2,-9,-5,9,17,1,19,-16,6,-12,-1,-20
2,-12,4,15,-7,6,-6,-20,-6,-13,1,-13
0,5,-3,1,3,9,5,11,4,7,0,-5
2,-7,5,-5,-2,4,9,-2,6,11,3,-5
0,-8,1,17,-7,16,1,-13,-1,16,-2,-17
0,-9,4,6,-2,4,6,17,-3,-10,-5,-15
7,15,4,11,7,-1,2,-4,0,16,1,1
9,2,5,13,-5,17,-5,8,0,-10,9,7
-4,-10,3,13,4,22,18,-6,7,19,-7,-13
-1,-5,7,4,6,-3,-3,16,-1,-5,6,17
9,-5,-1,22,10,13,-7,22,-4,22,0,4
-4,1,1,-5,9,-3,5,15,0,-10,0,16
6,25,14,24,-4,17,-5,3,1,-4,-3,19
-3,3,-4,-4,0,-1,-5,-6,8,-5,2,11
5,2,7,0,-4,22,18,-5,2,29,-6,-5
9,4,2,26,0,-2,6,20,6,20,9,27
7,28,0,19,-5,-4,-4,0,2,24,3,16
10,28,3,24,7,32,19,20,-4,27,-6,14
-1,19,-2,-1,-7,-1,7,10,-1,32,-2,3
-6,7,10,22,18,-1,8,30,-6,10,3,24
2,31,-7,6,9,26,6,9,7,6,7,23
7,13,2,28,4,21,8,28,-6,4,-1,14
8,-19,11,-32,2,-7,-6,-27,10,-17,-5,-28
7,-17,-6,-6,-1,-20,13,-8,6,-18,-2,-9
0,-3,6,-24,19,-14,12,-3,-3,-17,4,-27
2,-14,-2,3,2,2,17,-2,8,-6,-5,2
-1,4,-3,0,5,-31,16,-30,13,-2,4,-15
0,-1,-1,-2,6,4,15,-26,17,1,9,-29
2,-30,7,-25,13,-27,1,-12,0,-26,1,-2
-2,5,7,6,13,-23,3,3,18,-7,15,-19
4,-12,2,-7,0,2,4,6,-2,-14,-1,1
-5,3,15,-9,2,1,2,-4,-6,-5,15,-13
-6,1,10,-18,19,0,17,-15,19,2,-4,-14
-6,-1,-2,2,13,-21,16,-11,-4,-11,15,-2
-2,3,1,12,13,9,12,11,8,-1,11,-11
-2,12,10,0,5,2,13,-16,1,-1,2,-6
-2,-22,-2,-6,3,1,11,-6,-1,-4,11,-1
-5,-9,8,-4,19,2,7,-2,0,7,-6,6
-2,-18,5,-1,18,-3,8,-3,7,4,6,12
-4,-19,0,-17,-3,14,0,9,6,1,-1,-11
6,7,2,6,5,14,0,4,5,16,10,-2
-3,-5,-4,-1,-5,-16,10,9,-1,6,6,-6
-2,-4,3,-13,7,7,3,0,5,20,9,10
-2,-8,2,-13,3,14,-5,4,1,11,6,19
-3,-10,2,-13,5,14,-2,-14,1,7,0,9
5,10,-3,-1,-3,4,1,23,-3,-1,-1,1
10,9,18,3,-3,19,-4,-1,1,-4,-2,4
8,17,5,-7,3,7,10,9,5,22,-3,25
0,-4,10,9,11,10,0,-5,3,4,7,9
9,24,-4,22,19,24,-1,-2,0,-7,11,9
2,2,19,17,1,-2,9,8,9,-6,12,27
9,21,0,11,0,10,3,7,8,5,-2,0
10,12,4,11,8,4,8,21,1,4,12,26
3,1,0,19,1,17,1,-5,2,-3,4,11
2,4,1,-4,-5,-2,9,9,-3,15,4,8
9,2,-3,-1,-1,8,-1,19,-1,31,-5,8
9,17,6,3,1,-2,-1,33,5,16,3,15
-4,4,-3,17,0,11,-5,11,4,20,-1,32
5,16,-2,30,0,2,-3,33,-3,21,2,4
0,-35,-3,-28,3,-15,15,-6,-2,-11,-2,-12
-5,-25,-1,-35,3,-21,13,-16,14,-6,15,-19
0,-3,6,0,-5,-21,-4,-2,5,-2,3,-16
1,3,4,3,16,-1,21,-8,-3,-18,-5,-8
-5,-25,5,-18,13,-31,11,-7,14,-6,8,-14
-3,-9,20,-2,17,-15,0,-31,6,-18,2,-10
4,6,1,-4,2,5,-5,0,21,-10,9,-3
6,-10,1,-29,5,-27,18,4,0,-9,4,4
4,-14,7,-2,15,-12,7,-26,-3,5,12,-4
0,0,18,2,21,-22,3,-11,16,8,6,-10
-5,-5,17,9,21,-6,-4,2,2,-25,-5,-22
-5,-3,4,8,1,7,18,7,21,3,6,11
5,-5,15,7,21,-15,5,-5,10,-4,13,-1
-4,3,-4,3,17,4,3,-5,-2,5,8,-12
-3,-10,6,-16,7,-16,8,-20,9,3,-1,-17
4,0,17,-17,18,-14,3,10,-4,-15,3,-13
0,-6,-4,-12,5,-14,21,-1,-3,5,3,10
11,4,10,-7,10,2,14,1,-5,-11,10,4
8,6,-2,1,11,-14,15,-6,7,-13,0,6
-2,-15,19,-15,10,-10,8,12,11,-5,6,10
3,-2,21,12,12,6,6,7,20,2,9,-1
-3,-13,-1,-5,2,0,-4,-7,-1,-13,0,15
-5,-1,1,-9,0,-14,11,7,-5,-12,7,3
9,23,2,3,5,23,1,-13,-2,-6,3,-3
1,-10,4,0,6,22,-3,11,12,9,11,-7
12,12,4,-10,9,24,16,-2,16,0,4,-7
0,9,2,-6,7,24,9,-1,3,2,11,14
0,-4,2,10,5,3,10,16,10,15,3,15
7,21,5,-5,4,14,20,-5,6,23,2,-3
0,3,4,17,20,27,-5,12,0,-7,2,5
4,-1,-1,-4,4,19,10,-1,1,6,1,16
-1,16,9,16,21,-5,-4,31,7,17,2,-3
3,5,5,7,-2,19,17,1,-1,30,1,2
-3,6,14,4,3,16,9,19,5,9,-2,3
8,18,3,11,9,19,8,20,5,26,-2,9
0,-1,-1,2,-3,15,7,22,3,13,-5,4
3,29,1,35,-2,7,5,31,6,2,9,18
1,-3,0,-29,8,-16,5,-30,1,0,12,-21
-1,-5,9,-25,0,-5,4,-32,11,-1,3,-3
7,-8,19,-9,7,-14,8,-13,21,-34,5,-9
4,-2,6,-4,20,-25,-3,-19,21,-6,11,-15
11,-11,7,-3,7,-22,-4,-8,17,-18,7,-23
3,-1,20,-18,19,-29,6,-2,8,-16,6,-25
-4,-4,4,-1,7,-27,6,-3,-1,6,0,-12
7,-4,-2,-4,18,0,-4,-18,8,-6,3,-6
-2,-5,20,-14,17,7,5,-3,14,-3,5,-6
-2,-1,0,-14,16,-3,18,-14,22,8,7,-11
-4,-3,10,-16,8,-21,18,-2,16,5,7,9
-4,-5,9,-12,7,-20,19,-1,22,-17,-3,-8
-2,3,15,-22,20,-8,14,-13,13,1,17,5
-3,-23,5,-6,11,-17,11,-22,-3,-23,4,-9
-2,-14,2,-14,3,6,8,14,3,-2,-2,-3
7,9,-4,-12,20,-10,-4,-3,4,-11,0,-9
-2,-19,11,5,-3,11,10,11,9,-20,-3,4
3,1,-2,-7,20,15,5,-12,20,7,7,7
0,13,1,-10,22,-15,4,1,10,11,2,2
10,18,11,-2,5,-2,12,-11,-4,-17,7,17
1,-5,2,-12,-3,2,6,8,6,7,1,3
10,10,7,8,4,-15,7,21,-4,-1,8,-6
7,-1,7,14,-2,3,6,8,7,9,9,2
3,-1,11,10,11,3,-4,10,9,-1,5,0
10,17,3,-2,8,11,-1,4,8,12,1,23
-1,-4,11,-9,-1,-10,3,-3,1,-6,1,7
0,0,16,6,-1,-5,11,24,-4,2,3,3
4,4,-2,-8,-4,-2,17,13,-2,-9,6,26
3,6,3,10,5,25,3,13,7,14,2,27
11,-3,6,17,2,14,6,8,3,18,6,17
10,-2,5,10,0,10,18,19,1,2,7,7
4,1,7,19,10,-4,-3,20,9,8,0,14
8,30,2,2,9,21,3,1,0,3,8,20
11,3,18,6,9,29,2,5,2,3,-1,-3
-3,8,-1,-2,1,16,6,9,-1,18,19,2
-3,5,17,20,4,16,-1,7,9,9,2,12
8,13,-1,22,6,18,13,22,1,1,9,25
-3,-28,10,-33,2,-30,13,-18,8,-19,-1,-19
2,-3,12,-28,22,-14,-2,-24,1,-2,12,-21
4,2,21,-34,23,-11,10,-7,18,-10,9,-3
-1,-12,12,-1,22,-25,11,-3,9,-8,5,-7
6,2,6,-28,4,-24,0,-3,2,-29,10,1
11,-10,9,4,20,-27,15,-13,13,-17,6,-19
2,-10,5,-4,0,-21,11,4,9,5,21,2
7,-12,20,-7,13,-28,10,-25,7,-21,8,-4
-1,5,4,-20,3,-6,15,1,-1,-10,10,4
6,-8,19,-13,-3,-6,16,3,5,9,17,3
-2,-2,-3,-18,1,-11,8,-22,6,-13,11,4
0,-1,7,-17,21,7,16,-6,0,2,8,8
0,1,17,-11,15,2,-2,-2,19,7,14,-5
7,-3,11,-11,17,-23,4,1,2,9,11,5
8,7,6,-7,11,-18,-1,-1,3,-17,2,-13
2,-4,13,-15,11,-19,9,14,-2,15,4,-3
5,-15,-2,5,3,-9,4,12,12,-10,13,-13
-3,11,2,14,-3,-2,11,5,-1,-12,5,12
3,14,0,-13,17,-7,23,-2,4,-12,1,-12
0,-12,1,1,9,-14,0,-8,19,5,5,-11
2,-13,12,10,0,-8,18,-4,1,-12,14,6
1,2,20,-5,0,-3,12,-6,-2,11,-3,18
5,1,10,-14,10,-10,11,-6,6,8,1,9
10,19,10,-1,10,2,7,13,13,11,10,11
2,-5,13,-1,23,-11,6,-4,0,-3,7,-1
10,25,2,2,8,18,13,12,-1,2,-3,12
9,25,21,21,4,-9,1,13,-1,-5,1,3
1,-4,13,16,11,-2,3,26,-2,-1,5,13
1,1,3,-7,-3,19,1,-1,2,9,0,0
11,-1,10,29,13,6,7,5,1,-4,2,-5
10,29,10,3,2,18,10,-3,5,0,6,15
6,2,8,8,11,1,1,26,9,22,3,-3
9,26,12,20,-2,21,0,11,0,2,6,30
0,14,10,22,9,30,4,0,13,18,3,1
7,32,2,-2,-1,16,1,15,20,13,0,31
-2,4,8,15,-1,35,10,33,2,18,1,0
12,15,9,0,-2,15,1,34,3,19,6,23
-2,-1,10,-25,17,-4,21,-13,12,-15,-2,-33
8,-9,19,-9,8,-5,13,-27,4,1,-1,-28
13,-10,7,-15,2,-26,12,-1,22,-7,9,-6
5,-5,21,2,3,-26,6,-33,18,-12,11,2
3,-3,9,-24,4,-23,24,-3,1,-10,10,-3
7,-19,-1,4,10,-6,19,-18,9,-24,12,-5
6,6,13,-20,23,-24,5,-13,8,-6,1,-12
-2,2,-1,-6,8,-7,20,6,8,0,6,7
4,-3,12,3,19,-7,24,-27,20,0,9,4
0,5,7,-19,17,-8,22,-14,20,-6,17,-16
1,8,4,-13,19,-12,-1,1,-2,-17,-2,-7
1,2,10,11,22,5,23,-3,-2,-9,0,-3
0,0,16,-3,9,6,15,-9,15,2,17,2
-1,5,3,-11,20,-23,23,11,16,0,14,-14
9,2,13,-16,-1,-19,4,-18,12,0,5,-3
1,-5,10,-5,15,0,0,12,23,9,11,-13
3,-4,11,12,18,-15,21,-7,12,-6,-1,6
-2,10,5,-14,2,-1,21,-7,13,-2,-2,-7
1,10,5,-15,16,5,4,18,13,13,2,-8
13,-5,20,5,0,-17,0,-7,5,0,13,2
13,-5,7,-7,0,-12,0,-3,14,-10,10,-14
4,19,-1,-4,3,-10,0,-8,2,-10,0,15
2,18,21,-1,0,-5,0,11,14,3,5,11
12,10,5,-6,-1,-6,3,-5,0,-1,-1,10
2,7,7,-7,-1,-6,12,-5,24,14,7,23
1,7,7,-4,13,16,12,0,12,-11,10,9
12,2,-2,18,0,-3,7,8,21,18,9,21
9,24,22,9,0,-3,7,25,20,5,4,17
12,3,15,-5,15,15,10,14,8,22,0,16
6,14,-1,-6,14,7,-1,9,3,2,13,8
5,27,11,2,8,8,0,-2,5,10,13,-5
8,22,6,12,13,24,0,4,14,13,-1,20
-1,12,6,16,1,12,-1,5,11,21,14,7
10,24,4,7,14,21,1,0,13,2,6,18
13,7,3,18,0,0,12,12,5,16,-1,-2
1,-1,4,18,7,33,7,3,0,1,11,30
5,4,12,23,-1,8,-1,4,15,22,2,3
3,-10,20,-22,0,-19,20,-28,24,-19,21,-15
-1,1,4,-19,19,-15,23,-25,0,-32,6,-5
2,2,15,-34,0,-6,5,-4,22,-33,6,2
1,-2,3,1,9,2,4,-24,14,-25,1,-4
5,-4,12,-11,3,-29,11,-12,2,-17,6,-29
8,-14,1,4,6,-1,12,-24,9,2,3,-23
-1,2,8,-12,25,-2,6,0,25,1,5,-27
7,5,21,4,17,-18,6,4,9,-20,25,-29
0,5,5,6,11,-11,19,-25,10,-8,14,-6
6,-1,18,-14,22,-14,10,-26,9,-8,25,-23
-1,2,3,-12,17,-19,-1,-10,0,-9,8,4
0,-2,20,5,25,7,4,0,0,9,19,-2
0,-3,9,9,10,-20,18,-9,17,9,9,4
1,13,7,-11,16,-6,25,8,3,13,5,-18
-1,-10,3,6,10,-20,18,-12,7,-21,10,2
4,-13,1,-4,6,-9,6,-10,-1,2,12,15
7,3,12,-19,2,10,14,4,2,15,4,11
4,6,24,-19,-1,-1,16,-15,1,9,-1,-8
7,2,10,0,7,2,4,6,7,11,3,13
8,7,9,-7,15,-11,9,-4,5,14,13,5
0,-5,2,-13,14,14,5,-5,12,15,4,20
13,-5,-1,-15,15,6,5,2,25,-12,23,16
6,9,-1,4,0,-9,14,-2,16,3,13,-12
14,12,10,-8,8,-2,14,22,5,-13,6,20
10,23,19,11,8,16,14,-9,6,-3,5,24
6,7,7,-4,4,10,17,-2,8,21,2,23
9,19,7,-4,4,6,12,-5,3,6,14,11
0,-8,13,11,1,-6,15,-1,7,15,21,9
5,-7,15,7,14,23,7,1,7,25,-1,10
-1,11,9,16,8,25,1,11,2,25,17,18
9,25,12,28,14,-4,7,0,2,17,13,-6
0,-2,11,3,-1,25,0,-2,5,-4,6,26
-1,7,13,23,7,9,0,-2,22,13,5,-4
9,25,14,31,5,12,7,4,12,27,2,28
-1,7,7,2,-1,12,13,24,4,33,15,20
5,32,5,16,5,4,7,9,4,13,12,4
1,16,4,28,7,10,7,2,3,15,5,16
3,-1,26,-27,19,-34,23,-36,25,-4,11,-6
1,1,24,-23,17,-32,0,-23,14,-16,7,-1
4,-9,24,-26,10,-8,13,-25,4,-4,6,-4
1,2,26,-12,18,-13,19,-29,13,-22,3,-24
2,2,26,2,13,-21,23,-22,8,-6,14,1
3,1,14,-26,13,-3,16,-12,20,-21,0,-5
6,-10,16,-18,21,-13,14,-14,8,-3,22,5
3,-3,11,-9,9,-16,25,6,9,5,4,-14
6,-2,14,5,26,-6,14,7,9,-27,2,4
10,-9,25,-4,21,-4,20,9,22,8,8,5
1,-6,2,-20,23,-6,23,-5,25,-19,14,-22
2,0,24,-4,8,8,6,-1,19,-2,16,2
1,-2,2,5,14,-5,7,3,5,-3,1,8
8,2,4,-17,17,-4,18,11,14,-18,11,-15
12,-4,3,6,16,8,26,-5,26,5,0,-21
14,-7,26,12,0,15,2,5,16,-13,16,-13
15,-7,4,2,6,-20,25,-1,14,-2,3,8
4,5,0,12,22,-8,1,16,14,-9,5,-2
8,17,2,5,8,16,14,-3,2,2,7,-11
12,7,4,8,4,-11,4,8,14,-16,11,-14
12,3,0,16,26,5,5,3,0,-12,14,4
10,21,7,0,20,20,13,-2,15,-1,9,5
12,9,15,-3,10,5,15,-10,24,3,21,6
14,-5,7,-2,6,15,8,7,18,-13,8,-11
10,9,2,-7,22,14,2,-12,12,19,11,11
14,8,17,-3,15,25,5,4,0,-5,1,17
14,8,2,8,11,9,11,25,8,13,9,-5
5,26,13,10,10,8,10,5,1,12,1,-6
1,17,6,15,0,-3,14,2,1,20,0,23
7,22,10,18,8,23,9,16,5,5,21,-2
0,-1,6,5,6,12,4,-5,5,21,9,12
0,-1,12,7,13,7,11,19,1,25,4,16
13,9,26,12,6,6,0,11,20,24,24,-1
14,12,5,27,19,10,14,18,13,13,13,3
8,30,10,25,26,27,1,11,20,3,12,-2
7,34,17,21,10,33,0,27,2,34,8,11
15,17,12,23,16,23,18,33,4,17,9,10
