-17,-17,0,-33,-11,-36,-10,-36,-4,-15,-4,-17
-17,-18,-5,-13,-21,-10,-12,1,-19,-27,-1,-33
-17,-26,-20,-18,-11,-31,-1,-18,-17,-31,-2,-28
-19,-26,-20,-16,0,-24,-15,-5,-18,-25,-11,-26
-18,-18,-21,-12,-13,-22,-19,-16,-1,-18,-19,-28
-18,-23,-4,-24,-21,-31,-18,-11,-20,-27,-20,-31
-20,-23,-15,-27,-21,-7,-12,-24,-11,2,-10,-30
-17,-29,-9,-29,-15,-27,0,-18,-26,-14,-21,-27
-20,-16,-17,-10,-8,5,-14,-2,-10,-1,-20,-10
-19,-13,-17,-25,-5,-15,-11,-20,0,-25,0,-24
-21,-22,-1,-25,-20,-2,-19,7,-19,-25,-19,-3
-19,-17,-8,-23,-18,-12,-20,-15,-15,-4,-18,-24
-18,-4,-2,-18,-17,2,-20,-1,-9,-5,-16,-22
-20,-13,-12,-22,-19,-3,-20,-1,-20,-15,-7,12
-21,-22,-5,1,-19,-11,-4,7,-20,-5,-21,4
-19,-12,-8,11,-17,-19,-18,-21,-17,7,-20,1
-19,-8,-20,-11,-14,6,-19,-14,-15,13,-6,-12
-18,-19,0,-18,-2,-6,-11,11,-19,-3,-16,8
-20,-3,-1,-3,-20,11,-26,-8,-16,14,-14,-11
-20,5,-16,-4,-2,-3,-21,3,-21,8,-12,1
-20,-8,-21,-4,-19,3,-11,-6,0,-7,-20,-9
-16,-14,-10,14,-19,1,-20,17,-10,14,-17,4
-17,1,-3,4,-19,3,-18,-13,-1,-13,-18,6
-16,-9,-21,-11,-16,10,-17,13,-4,-4,-21,10
-21,4,-2,5,-19,6,-17,-11,-20,-9,-20,8
-10,-10,-14,5,-2,-3,-20,7,-18,6,-19,1
-21,0,-2,18,-13,-9,-20,2,-20,-5,0,-10
-16,-4,-26,2,-5,15,-21,-8,-16,5,-19,24
-18,15,0,-1,-19,5,-20,-4,-10,-5,-18,9
-15,12,-9,7,-16,5,-21,-4,-8,-5,-18,23
-21,11,-5,10,-15,8,-10,30,-15,9,-9,-4
-17,16,-11,-5,-19,-2,-20,4,-14,24,-4,24
-19,19,-3,15,-13,21,-21,21,-20,19,-20,12
-19,10,-8,1,-25,20,-19,14,-18,1,-4,21
-20,3,-20,19,-13,0,-20,11,-20,19,-1,22
-21,19,-20,9,-19,-1,-19,7,-13,-1,-9,3
-21,19,-26,25,-19,5,-12,3,-21,20,-21,30
-20,-24,-1,-22,-25,-11,-4,-35,-1,-25,-20,-25
-7,-34,0,-2,-11,-22,1,-28,-20,-14,-18,-21
-14,-32,-7,-20,-20,-29,-18,-21,-10,-34,-13,-5
-16,-13,-18,-1,-13,-30,-17,-25,-8,-32,-19,-19
-13,-31,-20,-22,-19,-24,-7,-6,-9,-24,0,-11
-13,-29,1,-27,-22,5,-9,-20,-20,-13,-4,-8
-19,-7,-5,-3,-8,-4,-7,-28,1,-25,-20,-22
-11,-28,1,-17,-19,-9,-20,-11,-18,-10,-9,3
-16,-15,-20,-15,-20,7,-16,-25,-13,-14,-7,7
-14,-26,-9,-25,-19,-14,-2,-27,-24,-24,-19,-22
-10,-25,-4,-20,-2,-15,-16,-24,-19,-7,-13,-16
-15,-6,1,-17,-13,3,-13,-5,-9,-15,1,-19
-20,-19,-14,-19,1,-18,1,-12,0,-22,-18,-11
-15,-23,-3,9,-19,-22,-9,7,-18,-9,-20,-20
-11,-22,-4,2,-3,-5,-22,-22,-17,6,-17,-12
-17,0,-25,-16,-11,13,-20,5,-19,-6,-20,-20
-17,-8,-7,-5,-13,-16,-10,-19,-19,7,-21,-18
-20,3,1,-8,-21,15,-15,-17,-19,-13,-19,-6
-17,-12,-21,16,-10,-4,-18,-14,-1,11,-10,13
-15,-14,-6,-11,-20,-13,-17,15,-19,-16,-16,-17
-12,-16,-1,3,-14,5,-20,-12,-16,9,-5,-3
-14,-7,-19,-3,-13,3,-17,-6,-20,-3,-16,-4
-12,-12,-20,-6,-18,0,-17,1,-8,21,-3,-5
-14,7,-19,5,-15,-13,-20,-2,-17,2,-20,0
-8,-10,-24,17,-21,17,-15,7,-18,1,-18,4
-13,-8,-20,-10,0,24,-15,17,-5,-1,-14,-10
-19,14,-20,23,-19,-10,0,24,-19,6,1,1
-15,7,-2,-4,-10,14,-8,21,-7,-1,1,0
-11,17,-5,13,-12,-8,-18,13,-19,-8,-18,9
-12,14,-10,-6,-12,4,-8,17,-3,26,-17,-3
-8,-3,-19,5,-12,0,-13,-2,-9,16,-5,13
-10,-1,1,-3,-11,-1,-11,17,1,1,-14,14
-16,10,-9,-4,1,-2,-7,11,1,0,-9,27
-16,7,-6,11,-19,31,-19,22,-19,-1,-17,19
-15,0,-20,25,-19,12,-14,0,1,6,-8,-2
-19,13,-20,5,-4,33,-12,-1,-15,30,1,1
-8,0,-19,8,-9,25,-20,34,-9,1,-3,2
-6,-25,-1,-21,-14,-28,-17,-12,-18,-22,-17,-26
-11,-30,-2,-19,-13,-34,-10,-11,-19,-22,-18,-16
-13,-19,0,-24,0,-7,-14,-27,-6,-24,-20,0
-12,-20,-6,-12,-18,-31,-7,-17,-19,-9,-10,-33
-6,-30,-14,-1,-18,-29,-17,-14,-10,0,-19,-25
-15,-25,2,-31,-20,4,-17,-1,-5,-6,2,-21
-14,-23,-11,2,-19,-27,-17,-25,-4,6,-3,-15
-13,-16,-20,2,-9,5,-10,-24,-18,-19,-17,-9
-15,-21,2,3,-19,6,-16,-7,-14,-17,2,-21
-11,-19,-11,-25,-24,-8,-15,-4,-17,-23,-17,-9
-13,-5,-17,-22,-10,-18,-1,-18,-13,9,-2,-5
-19,-2,1,-23,-19,-1,-20,6,-17,-25,-18,-16
-14,-9,-22,-20,2,-17,-7,-23,-5,-10,-17,-15
-11,-19,2,-18,-18,0,-17,-8,-13,-15,-18,-2
-9,-20,-9,10,-3,11,-7,-2,-17,-1,-19,-22
-16,-10,-18,-17,2,-8,-14,-3,-17,-19,-18,-15
-15,-8,-13,-5,-7,11,-13,7,-10,-20,-2,15
-10,-17,2,13,1,-17,-16,-17,-8,-8,2,-15
-12,-10,-19,-2,2,-18,-18,2,2,-18,2,-17
-16,-10,-10,-15,-12,-11,-19,7,1,-1,-3,15
-12,4,-2,3,2,-6,-17,-2,-19,19,-11,-16
-15,-4,-2,-3,-10,-14,-14,18,-18,-4,-13,-11
-15,8,-1,-8,-9,3,-15,8,2,-3,-18,-4
-14,1,-13,-6,-2,0,-15,-6,-14,-13,-19,5
-14,-6,-18,20,-14,-5,-13,-5,-16,8,-15,-10
-8,-8,-18,-9,-18,10,-13,-11,-15,-11,-18,-10
-8,-2,-16,7,-7,-8,-20,24,-15,16,-17,-10
-9,-4,-7,8,-10,-2,-13,12,-9,-1,-14,15
-6,14,-14,-7,-17,2,-9,-5,-17,9,-16,10
-7,-3,-9,-4,0,5,-6,7,-16,3,-3,11
-13,0,-4,22,-10,-6,-19,17,-19,-5,-18,-4
-12,0,-5,-5,-8,-5,-18,19,-11,-3,-21,29
-14,13,-17,8,-2,3,-11,29,-16,9,0,16
-19,3,-5,32,-7,-2,-12,5,-16,3,0,25
-15,3,-2,31,-9,3,-17,18,-13,24,-13,32
-13,3,-11,-1,-5,32,-18,29,2,0,1,26
-11,1,-17,10,-6,0,-21,25,-18,20,1,1
-13,-5,-5,-30,2,-29,2,-25,-16,-9,-19,-25
-17,-2,-21,-21,3,-15,-22,-12,-19,-22,-21,-33
-10,-12,-4,-27,-19,-21,-3,-23,-20,-13,-2,-20
-11,-22,-21,-23,2,-5,-20,2,-4,-22,-10,-6
-8,-20,-4,-13,-22,-26,-18,-18,-3,2,-12,0
3,-2,-12,-22,-20,-1,3,-9,-3,-14,-4,1
-6,-24,-1,-13,-21,-12,-21,-16,-23,-3,-20,5
-19,-18,1,-14,-3,-1,-3,-20,-9,-23,2,-22
2,-28,-16,-27,-22,6,3,-11,-5,2,-13,-13
-4,-26,-2,-9,-2,-9,-8,-9,-22,-11,-9,-22
-19,-14,-14,-2,-18,-18,-18,-20,-2,-4,-4,-24
-13,-7,-12,-24,-5,1,-17,-24,-16,5,-13,7
-10,-4,-16,-22,-17,-18,-6,-16,-1,-5,-14,-14
-6,-15,-1,5,-2,7,-2,9,-1,-21,-23,2
-19,-4,-15,-14,-20,2,-6,-13,-8,1,-21,-7
-7,-2,-5,-5,-18,-12,-19,-10,2,-4,-22,12
-12,-6,2,-17,-5,2,-5,15,-1,-15,-16,-12
-16,5,3,-13,3,-15,-11,-19,-3,-10,-19,12
-13,4,0,-10,2,-2,-3,-16,1,-12,-12,17
-9,-3,-22,2,2,1,-3,-5,-19,4,-12,-5
-8,6,-7,-2,-20,-12,-4,7,-4,-1,2,16
-5,-12,-14,15,-6,9,-15,-10,1,19,-1,21
-5,-10,1,4,-21,11,-21,-13,-3,17,-8,-1
-14,13,-22,-2,-23,16,3,6,3,14,2,-7
3,-10,-2,-3,-19,6,3,22,-21,-10,-18,16
-8,12,-14,23,2,1,-19,-10,-19,-11,-10,-2
-5,2,-15,2,1,9,3,0,-11,-6,-2,24
-11,-2,-18,2,-10,-6,-16,3,-6,-9,-16,-7
-15,17,-11,-1,-7,2,-19,21,2,18,-18,11
-9,15,-7,23,-16,-3,-18,5,-11,0,0,-4
-8,7,-1,25,-16,27,-17,2,-7,30,-10,2
-12,17,-17,15,2,25,3,-1,-18,0,-18,15
-14,19,2,12,-7,29,-17,29,-10,29,-1,28
-11,11,-1,24,-5,-2,-14,6,-12,20,3,2
-13,19,-12,-2,-12,23,-11,12,-16,22,-14,33
-12,2,-5,34,-17,8,-18,18,-12,-1,2,13
-13,20,-14,3,3,1,-12,3,-15,36,-23,11
2,-23,4,-13,-10,-6,3,-5,-8,-9,-8,0
3,-1,-20,-34,0,-7,-1,-22,-22,-15,-17,1
2,-19,-1,-4,-21,-31,0,-7,-5,-24,3,-34
0,-2,3,-6,-18,-19,2,-29,-2,-29,-17,-16
0,-14,-6,-19,-20,-23,3,-9,-20,-25,-9,-2
-11,2,3,-2,-17,-21,-9,3,-10,-26,-16,-20
-21,-27,4,-3,-20,2,-3,-30,-21,6,-19,-26
-1,2,-3,-24,3,-12,-22,-13,2,-3,-16,-3
-13,8,-8,5,-21,-21,-11,-18,-14,-28,-14,-22
-1,7,-8,-27,-22,-9,2,-19,-1,-8,-2,-16
-21,0,-6,0,-20,3,-18,-4,-9,4,3,-6
-2,-19,-15,-3,-19,-22,-3,-13,-14,-11,-4,-1
-20,-12,-5,-14,-18,-20,-2,-6,-19,-1,-21,-1
0,7,1,-21,-21,-10,-22,8,-19,-4,-14,6
-18,14,-5,14,-20,-11,-19,-15,-2,1,-7,-6
2,11,1,15,-20,3,-3,8,-12,-2,-13,15
-14,16,-10,-20,-19,14,-22,-15,4,-5,-9,9
-20,-18,4,3,3,-8,4,16,-13,15,4,12
-22,9,-13,-9,-21,-2,-22,-3,2,14,-4,8
0,16,-18,4,-18,6,2,-16,4,-3,1,4
-2,-2,-18,-3,4,1,-20,-4,-18,-5,-21,5
-15,21,-8,4,-18,9,-19,6,-18,3,-18,-5
-1,-10,-6,8,-21,-2,-22,19,-5,6,-16,17
0,14,1,10,-15,17,-19,19,2,18,-8,19
0,14,-5,17,3,24,-11,6,3,16,-20,-9
0,18,-14,3,-20,-4,-7,18,-22,25,-22,2
-19,20,-21,26,-18,9,-2,9,-20,6,-10,-5
-20,7,-17,23,3,-1,-18,18,2,-7,-3,0
0,-7,-3,8,4,26,-2,13,-1,10,-9,5
-14,25,-3,20,-18,18,-20,-2,-19,11,-17,7
-5,13,-12,20,4,13,-21,15,-21,22,-22,9
-3,10,-19,28,-18,12,-1,20,-3,16,-18,1
-16,24,-9,10,-18,23,3,3,2,10,-22,30
4,19,-5,31,4,19,2,12,-15,33,1,-2
-5,16,-5,20,-18,19,-3,22,-2,16,-7,33
4,11,-21,11,3,22,-9,27,-21,0,-2,5
-5,22,-21,28,-3,31,-18,17,-7,5,3,17
-17,-27,-2,0,4,-22,-5,-9,-17,-35,-18,-26
4,-12,-17,-3,-4,-10,-16,-8,-4,-5,4,-30
4,-19,-5,-19,-21,-13,-17,-28,-14,-5,-21,-34
-18,-2,-19,-10,2,-7,3,-3,-12,-24,-11,-3
-1,-27,0,-27,2,-15,-18,-17,-5,-14,-5,-22
0,-1,-20,-6,-3,-17,-17,-26,-6,5,-7,-20
-1,-14,-4,-23,-10,-1,-17,-10,-9,-15,-2,-16
1,-1,5,-4,-10,2,5,-1,-12,-9,5,-6
-1,-13,-4,-19,-9,-13,-18,8,-18,-27,5,-1
3,-26,2,-24,-2,-6,-19,-27,-17,-8,3,-14
0,-1,-6,-16,-18,-17,-1,-13,3,-22,-5,8
3,-22,-14,-14,-11,-24,-12,-9,-5,10,-9,-24
-18,-4,4,-15,-3,8,-14,-17,3,-3,-15,0
-19,-9,-15,-18,3,5,-10,8,-21,-21,-18,10
2,2,-12,-11,4,5,-8,-12,-8,-21,-20,-8
0,-10,-16,9,-3,14,-6,11,-9,-1,-7,12
3,-4,3,3,-12,-13,-7,-9,2,16,2,8
0,-3,1,-14,-5,-7,-5,-17,-5,-10,-21,13
3,-13,-13,-5,2,14,-3,14,1,-6,-14,6
0,0,-10,5,-6,-11,-19,-7,-8,-1,-7,-14
-21,20,-1,2,-16,2,-7,2,-13,19,5,10
-1,18,3,6,-6,10,-8,20,-15,-6,3,-7
4,-2,2,-2,-16,16,2,-2,1,1,3,7
-20,2,-16,-6,-13,14,-14,15,-18,-1,-6,-11
-21,-9,-5,24,5,0,5,21,-2,12,-3,21
-20,6,-3,1,1,13,3,3,-7,2,2,20
0,10,-4,22,-5,-2,-20,8,-9,7,2,17
4,11,-10,-1,-6,-7,0,20,-13,14,-15,16
-20,17,2,12,-4,-1,-6,27,-9,25,-12,22
4,22,-10,25,-14,2,-6,14,-5,6,-17,19
-15,30,3,-4,-16,9,-2,14,-17,21,-16,9
-11,28,-2,7,-21,25,-20,2,-8,7,-12,4
-18,18,-2,-2,4,29,-7,15,-5,13,-8,29
1,-3,-10,3,3,13,-9,0,-3,22,-2,5
-8,26,3,1,4,20,0,5,1,-2,-11,-2
-15,33,-2,27,-1,25,3,32,-6,27,-11,6
-17,29,-16,5,-19,31,3,10,2,1,-21,21
5,-1,1,-25,1,-31,5,-4,-11,-18,1,-28
1,-16,-5,1,-5,-7,0,-7,0,-16,-10,-23
3,-31,1,-6,2,-7,-17,-25,-1,-1,-19,-2
3,-29,-3,2,-10,-1,-2,-17,-18,-30,-20,-23
3,-6,-9,-11,-10,-1,-20,-2,-5,-30,1,-15
0,1,2,-31,-3,-16,-19,0,6,-11,-16,-24
-19,4,-4,-21,5,-11,-10,5,3,-7,-8,-15
-17,-15,-8,-8,-2,0,-9,-3,3,-2,0,3
-1,-1,-6,6,-12,-28,-1,6,-8,0,-8,-26
5,-3,-14,4,-20,-23,-18,-20,0,-14,-3,-15
4,-12,5,-26,2,-5,-20,-1,-1,-22,-3,9
-9,9,-3,-22,0,-2,1,5,1,-4,-18,7
1,-19,-7,5,-20,-2,-17,4,-10,-3,-11,-2
1,-5,-10,7,-10,10,3,-3,-19,-13,-6,-8
3,-12,-12,0,-18,12,3,-1,-11,0,2,-21
4,-4,-20,-17,-17,-5,-19,-19,6,5,-12,-6
5,13,-4,14,-7,10,0,-4,2,5,6,8
5,6,0,-2,-10,-16,-17,7,-8,-13,-16,16
4,-12,-2,-17,-12,18,2,4,-2,2,-1,-5
-8,17,-11,15,-12,6,4,-17,6,19,-17,-3
-17,-7,-13,-7,-8,-16,-19,13,-13,16,-7,2
-9,20,-14,-1,-10,3,-2,5,-17,11,2,-8
5,7,-11,-8,-2,-6,-17,10,-6,8,6,1
4,15,-12,-8,2,-11,-19,19,-10,10,-2,21
-8,21,-2,-12,-12,-1,-19,-7,-3,12,3,-7
4,-4,-20,5,1,15,-17,-7,-4,8,-20,22
2,7,-15,26,-6,25,-18,18,-11,4,5,21
2,12,-18,-4,3,3,-9,26,3,-2,-9,8
-17,13,2,18,-2,5,-4,6,-1,-2,2,4
1,28,4,17,2,-1,-14,-1,-12,25,-7,-4
2,18,-17,0,-6,-3,5,30,-17,25,-4,18
4,30,-19,9,4,16,0,31,-9,6,3,12
6,31,-16,10,2,29,1,30,-1,32,-9,3
-13,32,4,8,-15,3,-6,30,2,7,-4,14
6,32,-13,32,4,4,-12,23,-17,3,-11,15
4,1,-8,26,-9,9,-15,15,2,23,-6,0
-1,14,-5,18,3,10,-10,14,-13,11,5,33
1,-1,-19,-23,-14,-17,-19,0,-12,-30,-16,-4
3,-21,5,-27,-15,-9,-3,-14,-5,-6,-2,-32
-18,-18,-3,-2,6,-19,-3,-5,-4,-31,-10,-3
3,-27,3,-4,-1,-3,-9,-6,-19,-5,7,-16
4,-2,-5,-28,-1,-13,-1,-4,6,-8,-17,-22
4,-4,-5,-25,-13,-21,-5,-5,3,-1,-5,4
5,3,-10,5,-4,-9,-2,2,6,-24,-10,3
-18,-20,-12,-12,-5,-27,-4,-1,-14,2,-5,-9
-16,4,-16,-8,-4,4,-15,-2,2,-20,-14,-22
-17,-10,-13,-21,-5,-11,-7,-25,6,-15,-2,4
3,-24,-1,-1,-7,3,1,8,-6,9,-2,-13
2,-3,2,6,3,0,-4,-16,2,3,-5,4
1,-1,0,7,-10,-7,-19,5,-2,9,-19,6
-17,-10,-9,-23,3,-20,-12,6,-4,-10,-13,7
1,-4,-17,10,-14,6,4,-20,2,-20,7,-14
5,13,-2,9,-11,-6,-2,-9,-16,12,3,4
2,4,6,11,-9,-18,-2,8,-2,7,7,13
1,2,-3,5,-7,5,6,-1,-7,-11,1,-10
5,-14,-8,5,-19,6,0,-5,-3,-13,-18,-2
2,-14,-8,0,3,5,-19,-13,-19,15,-13,18
1,-4,1,15,4,0,2,17,-3,-16,-10,-12
-17,-6,-18,-14,4,-9,-11,15,-16,2,-12,16
2,18,-9,-4,-6,21,-7,13,-6,8,-18,12
-16,12,0,19,-2,6,1,16,-6,23,1,-10
6,20,-11,-11,6,-12,-7,1,3,1,0,4
1,23,-8,2,-19,17,-8,22,-6,9,-3,-9
5,9,-15,23,-7,15,-6,19,0,-1,-8,8
6,21,-15,-5,-5,18,-17,20,-8,0,5,16
-17,0,-13,19,-15,23,-5,0,5,14,1,20
4,21,1,28,-5,7,-2,3,-2,-4,-6,24
-16,29,-19,23,-10,2,3,-2,4,-1,-4,3
1,12,-18,17,1,19,1,21,-11,28,-10,20
1,6,-16,30,-14,12,-11,25,-19,1,-3,16
-17,2,3,6,3,11,0,25,-19,-2,0,-2
6,5,-19,4,-1,32,-7,31,7,29,2,28
-13,29,-11,-1,5,6,-1,7,3,28,-8,35
-9,30,-15,28,5,15,5,11,-5,2,-3,29
3,0,-8,-11,-2,-27,-11,-10,1,-6,-3,0
1,0,5,-1,-6,-8,-5,-26,-8,0,4,-19
6,-11,2,-4,-11,2,6,-17,2,-28,8,-21
4,-25,4,-12,-5,-16,0,-30,-3,-3,2,-21
5,-19,2,-32,-10,-14,-13,4,5,-3,4,-17
2,-12,-10,-25,6,-13,-3,-18,6,-16,-3,2
2,-5,-8,-15,-3,6,-4,-28,-6,-19,5,-4
3,-8,-8,-11,-8,-4,-13,-8,6,-29,-13,3
3,-1,-13,-25,-11,1,4,-9,2,-16,-12,-16
2,-5,-4,-24,-3,-16,-5,-2,-5,-9,-11,-22
-15,0,-1,7,-18,-23,-4,9,1,-6,1,-9
-17,11,6,-3,1,-20,-4,-2,-3,9,-3,-7
-16,-22,2,-15,4,-20,-17,2,-2,-8,5,-12
7,-15,-15,-20,-13,-16,3,-1,-6,-4,-13,12
-15,-19,-8,-10,0,2,-16,12,-10,8,7,0
-15,12,-13,8,-18,-7,-16,-2,-9,-19,4,-17
3,6,4,16,-12,16,-18,3,-6,12,-6,7
2,-8,-5,-15,-15,-18,-16,13,-7,12,-11,13
3,-16,-9,-4,6,2,-8,-8,-17,14,-14,11
3,11,-3,12,-17,-9,0,-13,-3,9,4,-17
5,-14,-12,8,-17,-14,-18,12,5,2,4,18
4,7,-1,-3,2,16,3,-9,-13,-8,-15,12
2,14,-18,20,6,16,4,18,1,-1,4,0
-16,23,0,4,6,20,-9,16,2,17,-7,-10
3,0,-6,-4,-12,5,-18,1,6,-11,-13,-8
5,0,-8,-6,-4,-2,6,-4,-9,-5,-3,-8
6,10,-1,3,-12,15,-10,26,-9,3,7,1
-15,10,4,-3,3,12,0,14,5,-3,5,-5
-16,12,-18,4,-18,5,-10,2,-8,-7,1,-3
4,-3,-13,12,-1,14,4,7,0,6,2,10
-17,21,-13,15,6,-1,-5,18,-1,-1,-18,1
2,21,8,12,7,19,-13,17,-15,29,-12,-1
4,15,-14,26,-3,12,0,30,-14,31,2,18
3,20,-16,18,-3,6,3,24,-15,25,3,10
-14,25,2,32,-18,14,-5,18,-3,7,3,17
-15,12,5,26,-4,22,-10,11,-3,9,-10,11
1,8,-5,36,1,36,-1,11,-6,22,-1,1
-14,-30,-6,-12,-14,-34,-1,-24,-1,-29,-3,-22
0,-2,6,-21,-12,-18,4,-20,6,-9,-8,-6
6,-26,3,-27,-15,-13,0,-29,-3,-22,-7,-11
7,-23,-9,-24,5,-17,-17,-11,-3,-24,4,2
8,-18,9,-23,6,-29,-7,-28,5,-26,3,-1
5,3,-4,-26,-11,-24,4,-13,5,-30,-17,-26
4,3,-7,-27,-14,-3,-16,-17,6,-5,4,-21
-15,-5,4,-22,-17,3,4,-27,4,-4,-17,-13
3,-1,-1,-5,-15,-24,-8,-15,0,-12,-10,-9
5,5,-5,-2,-15,-14,-16,-16,-11,9,0,-20
6,7,3,0,3,1,-15,-22,-15,-21,2,-22
8,-12,-10,-9,-15,-15,5,-23,-7,5,-5,-22
-15,-17,-1,-18,-16,-13,-16,-24,-16,-6,-5,6
4,6,-4,2,-15,-22,1,4,2,5,0,-6
3,-13,-5,-7,-16,-22,-17,10,3,-6,-5,3
-5,8,-5,-1,0,6,-16,-11,6,-17,6,-7
-2,8,-12,14,6,4,3,3,-3,-13,-9,-7
-9,16,8,2,1,8,3,3,-1,2,-5,-1
-3,10,3,1,3,-14,-15,-5,4,-3,6,-9
7,19,4,0,3,-7,8,-5,4,-16,6,13
-12,20,-8,-1,3,0,-16,9,3,-14,3,17
-8,20,9,20,3,0,-16,9,7,-2,1,-9
-8,20,8,-2,-14,-7,-15,17,-5,21,7,10
-15,21,1,21,3,4,-15,3,-5,-1,-6,-13
3,-5,7,24,3,0,4,-7,-8,-11,-11,20
-14,23,3,2,3,0,2,5,0,0,4,-10
-15,12,-11,20,3,-2,-15,7,-2,11,-2,-10
1,18,-12,13,3,0,-16,6,-15,1,-5,4
9,23,-7,28,2,11,8,-3,-3,18,-7,23
4,-6,-14,-7,2,13,-13,12,-12,26,-12,17
3,-2,0,25,3,8,-13,-3,3,2,3,18
9,19,3,9,3,15,3,2,-15,26,7,11
-10,30,-9,-1,2,8,9,25,4,9,6,15
8,7,0,23,-17,2,9,17,4,0,8,20
2,15,-12,29,6,20,-16,7,3,20,-3,7
-8,31,5,3,-17,5,7,35,-6,21,5,10
-13,28,-10,26,-14,25,8,4,-10,15,4,36
2,-8,3,-23,-2,-5,5,-15,5,-29,8,-13
-3,-3,0,-31,-4,-18,-5,-16,-14,-27,-1,-24
7,-13,9,1,-6,-15,7,-29,-6,-24,-5,-7
2,0,5,2,-9,-1,3,3,-8,-30,4,-13
6,-20,9,-6,1,-10,6,-12,-11,-26,-6,4
-13,-14,-8,-24,2,-16,7,-17,9,4,-10,-14
4,6,0,-25,-15,-16,7,4,9,-30,9,-5
6,-18,10,-14,-6,-23,9,0,-2,-10,10,3
7,-14,-2,-17,9,-7,-14,-25,10,4,7,1
7,-22,-15,4,5,-17,-14,-6,2,-12,3,-17
-15,-24,-8,-11,8,-16,-11,5,-5,6,5,0
-2,4,-15,-21,-15,-8,9,-10,-6,-10,-5,-11
7,10,-3,-7,-7,9,7,-6,9,-20,-14,-23
3,1,-14,-7,4,-21,4,-15,-14,-1,-16,5
-2,4,3,3,-13,-11,3,3,-2,11,0,5
-2,-5,0,12,4,1,10,-3,4,5,5,-19
-12,2,-11,-20,-3,11,-12,-20,-9,-13,-15,-19
-10,7,-7,10,-14,-16,9,-10,-16,7,-7,-18
-12,-13,0,-15,4,-11,10,-4,8,-2,-1,9
-13,-15,-8,18,4,1,-11,-8,-13,-4,1,-6
-6,12,9,16,4,-3,4,-11,-15,11,1,2
2,1,-16,0,4,-9,-14,11,-14,3,-15,-12
-5,14,-7,8,-7,22,-12,4,6,-7,9,15
9,-4,-9,-13,0,14,-7,22,6,5,6,10
0,15,0,0,-5,7,9,21,-14,24,3,9
-8,20,-3,7,-13,-1,5,9,5,21,-15,9
3,-7,-15,0,4,-7,-6,16,-12,-7,0,-9
-1,18,5,-8,3,17,-14,15,-14,26,1,5
-4,9,-1,-2,-12,14,7,25,-16,6,-3,4
-9,19,-15,16,-13,6,7,12,-14,18,-15,-5
-10,23,1,14,3,7,-13,23,-10,19,4,29
-13,5,-15,27,-14,10,4,15,-16,29,-15,-1
-9,27,-4,28,4,1,3,-2,5,5,7,30
3,2,10,31,3,20,-10,24,3,5,-4,32
10,25,-7,10,-10,26,-13,15,-8,-1,-11,3
3,22,-8,31,-14,22,3,6,3,15,9,17
-9,27,-7,13,-6,34,3,8,2,28,-4,14
-1,-2,4,-15,-13,-30,1,-3,-3,-36,9,-31
-14,-13,8,-22,-4,-35,7,-34,5,-15,-11,-30
4,-4,10,-11,6,-23,-1,-30,-4,-4,4,-34
-1,-3,-3,-22,-9,-3,7,-9,6,-22,9,-6
9,-11,5,4,-2,-20,-7,-26,3,1,8,-12
7,-24,-8,-13,-9,1,9,-7,-15,-7,8,-8
7,-20,5,-27,-15,-19,-1,-23,-9,1,6,3
8,-17,-14,-14,-2,7,9,-13,-9,-11,4,0
8,-13,3,-5,10,3,8,1,-15,-12,-15,-9
9,-3,-11,-15,-8,4,-6,6,-8,6,4,-20
7,-13,-4,-16,-15,-19,-8,-15,-3,-13,6,-20
-15,-5,-5,-17,0,-21,-4,-19,3,-11,-8,-19
-10,7,1,4,5,-3,-13,6,-14,-5,-13,-5
3,-5,7,12,-7,-17,2,-6,-8,5,4,-12
1,-9,4,2,-4,-11,-8,3,-14,-5,-13,-22
1,4,-6,0,-12,-16,-3,1,8,-2,2,13
-11,4,-7,9,3,16,10,10,6,-15,3,3
-3,6,-7,11,6,-4,-9,0,8,-5,0,9
11,-7,-1,6,4,14,8,12,10,16,7,12
3,8,-12,-4,-7,4,-2,15,-14,12,-4,11
-2,-4,-13,20,5,18,-15,2,-7,11,-12,-1
-1,0,8,11,-14,-6,6,-3,-14,19,-14,19
11,1,-7,6,6,-6,-4,22,-7,2,-2,10
-1,14,-11,14,-6,1,1,-5,-1,2,10,21
-7,18,-3,-9,0,0,-7,4,-2,15,9,6
-2,5,3,13,-1,1,6,24,-7,0,11,18
11,-1,7,14,-15,-8,1,22,-10,-7,7,-4
11,-1,2,-3,4,25,9,-3,10,14,-5,-1
-2,6,4,9,-4,5,-10,27,1,6,-2,-6
2,7,1,-6,7,11,0,18,-9,26,4,17
11,12,7,17,0,24,-4,23,2,9,-14,5
-11,16,10,19,-7,12,3,16,-6,11,4,26
10,-3,6,-1,-7,5,-1,12,1,29,5,-2
1,12,3,16,4,1,9,25,-9,25,-2,16
-10,26,9,18,2,-2,-4,32,6,10,2,23
11,9,-14,5,-6,17,1,34,-8,11,7,2
-2,13,4,15,-7,3,-3,5,4,0,-7,35
-14,-7,-1,-21,-2,-16,0,-22,-1,-27,1,-13
-12,-14,-11,-3,-4,-18,1,-24,10,-17,-5,-1
3,1,11,-9,5,-31,-1,-4,1,-23,10,-2
7,-18,-5,0,10,-16,8,-23,0,-29,-10,3
7,-19,7,0,8,0,3,-18,-5,-11,4,-29
5,-2,11,-9,-5,-28,11,-9,-8,-24,8,-14
-1,6,6,-25,4,-13,-4,4,10,-6,-12,-26
-2,7,-2,-19,2,-10,2,-5,6,-2,5,-23
3,8,12,-7,2,-11,8,-17,0,-5,0,-15
1,8,8,-9,-2,-22,-4,-4,-7,-17,9,-19
-12,-11,9,-16,-8,-4,-13,2,-3,-13,-5,-5
3,9,0,5,-5,6,0,2,-14,-19,5,-3
12,2,-13,-15,-5,8,6,1,-10,-1,-13,-7
2,-14,1,10,-8,-4,11,-22,-1,-18,5,5
4,-9,11,-14,-2,-1,-14,-3,1,-3,2,-16
1,-2,0,14,-2,-7,5,11,6,8,1,-7
-10,0,6,4,-2,16,10,1,7,3,-2,-14
-1,-10,-4,10,2,10,4,10,-8,-6,-12,-3
4,-8,-2,17,-2,17,-1,9,-14,-1,-12,16
2,-7,12,-3,-5,-12,1,7,-9,2,-11,9
1,5,0,-6,2,-10,1,-2,-1,13,-11,-16
-11,-11,-2,-13,1,-8,3,0,-1,-5,11,4
5,12,7,1,8,15,4,8,-8,8,12,2
5,12,-12,-11,-1,13,0,2,-12,-4,12,-1
12,2,2,19,-5,3,11,-4,-5,0,-1,11
4,-6,-8,2,-7,13,8,7,-4,23,11,-8
-2,8,-3,4,-2,-2,1,2,12,-7,2,13
-5,18,11,9,7,0,12,4,3,16,7,22
-3,10,0,1,0,24,-4,16,7,21,10,-7
1,2,-7,20,-6,-6,-4,15,7,7,-3,1
-7,22,12,7,4,-3,-2,6,-5,25,4,13
-2,18,2,6,-5,11,7,-1,4,-2,-7,-4
1,16,-11,18,4,1,12,-3,11,15,-4,6
11,0,-12,8,3,25,-5,18,-6,9,0,14
2,21,-6,22,-2,11,-1,14,9,18,0,21
-9,23,-6,24,-1,18,1,4,-5,16,7,27
-2,24,-7,8,3,30,2,15,10,5,-1,20
-11,-7,-1,-32,9,-36,-9,-3,-10,-33,-10,-8
2,1,-5,-8,-4,-35,-7,-9,12,-4,-10,-24
-13,1,5,-1,-8,-33,8,-26,-1,-13,-4,-20
-13,-5,7,-22,-6,-18,10,-26,-4,-18,5,-17
9,-23,6,-29,11,-7,3,-19,9,-1,10,0
10,4,-12,-7,12,1,-2,-16,0,3,10,-31
11,-18,-3,-9,3,-6,-9,-2,-10,-3,8,-19
-12,-18,10,2,-12,-1,-5,-22,-7,1,-6,5
3,5,9,-18,-5,2,-5,-15,2,-21,-9,5
9,9,-13,-13,9,-19,10,-18,11,-10,-6,-20
1,10,6,-22,-6,-24,-3,-20,11,1,-3,9
0,6,-11,-13,-5,10,-11,-17,-12,5,-10,-22
-1,3,6,-1,12,10,12,-4,9,-7,-3,-18
4,3,-7,0,-3,-19,-3,6,-13,-10,5,5
3,-2,-11,-14,-3,-11,-11,-4,-12,-18,-5,4
3,-10,-5,-11,-2,-1,-2,-20,10,-11,-5,-13
2,4,11,12,-2,6,0,-17,6,-10,3,-9
1,-9,-1,14,5,-1,-2,-2,9,7,0,-14
-9,-18,-6,12,-12,18,-2,2,3,13,-9,-5
13,-13,8,-3,-2,5,11,-5,-2,2,-13,14
4,-4,-12,0,11,10,-2,-5,4,-14,5,4
1,3,-3,8,-5,18,-1,-6,-7,9,4,15
6,2,4,-10,5,-5,-3,22,2,15,0,-8
-1,3,-11,-4,-5,15,5,-8,-11,8,-1,4
0,15,0,14,8,15,9,-4,-10,-10,-2,18
-2,15,7,-3,2,-10,-9,4,-3,-8,5,6
5,-4,-7,24,8,12,2,7,-13,20,7,24
0,17,8,16,-7,3,-8,24,13,1,-13,-1
4,1,1,18,4,24,12,16,-4,2,-10,-3
-9,-5,-10,-6,-4,4,3,2,10,-4,-5,27
2,4,-7,20,-3,30,-7,29,-8,20,11,24
-3,19,-7,20,4,-2,12,22,5,27,7,18
13,-4,-4,23,9,27,0,1,-2,8,5,0
-2,24,-3,25,-11,17,4,20,-7,32,-10,22
4,22,-13,5,4,12,10,8,11,21,-4,3
-2,24,13,15,8,30,0,22,4,6,-1,11
-1,9,0,7,-7,31,3,18,-10,35,9,18
6,0,7,-7,2,-14,7,-6,-8,-19,10,-26
1,-1,-8,-30,-5,-14,5,-8,6,-13,-8,-3
7,-6,14,-8,4,-23,6,-15,1,-20,6,-13
-9,-25,3,-31,0,-10,-11,0,-4,-26,4,-14
9,-26,12,-1,9,-9,5,1,5,0,12,-21
9,-24,-7,-27,-5,-6,-4,-14,9,4,3,-10
11,-11,12,-4,-11,3,12,-10,-2,-23,4,-26
10,6,-12,-5,-1,-26,-4,-26,0,-6,-1,-24
3,5,2,-3,3,-13,0,-5,2,-14,-8,2
-11,-7,12,-15,-5,-15,-2,-15,-5,-7,8,-20
-10,4,8,-14,6,-3,0,-25,-2,1,6,-26
-9,-18,-10,-7,5,-13,8,8,-1,-23,-9,-24
4,-7,6,-11,5,9,-11,11,10,3,-11,12
-7,-9,-1,10,4,-8,-3,-12,-9,-1,-1,-12
8,-22,4,3,-1,-7,10,3,2,-2,8,-17
-2,5,1,-13,5,-11,0,-3,1,-14,-2,-2
-1,-3,7,14,-2,-15,1,1,2,1,-8,-3
-3,6,-3,-11,-6,-3,1,-13,8,-12,-7,12
1,5,-2,-7,4,17,6,-18,3,-1,14,16
2,-8,-5,-12,7,12,-11,-5,-4,12,-11,-11
5,-3,-9,-9,3,2,10,18,6,3,7,17
4,1,-5,10,6,-3,-3,0,13,5,-4,-4
-7,13,2,6,5,-8,9,-3,3,11,-4,22
7,9,1,11,-4,-8,-1,11,9,13,-12,1
2,11,-3,24,3,8,1,-5,2,-2,8,3
2,13,-5,22,-6,4,-3,16,-1,3,1,10
14,9,-11,-10,-4,6,-1,2,13,1,-1,-4
6,17,12,21,-4,3,10,-6,2,-6,4,24
7,-6,-5,21,6,3,-5,24,11,5,-10,5
-2,20,3,18,0,-5,-10,8,2,28,-11,11
-7,20,5,-1,-7,26,-5,29,13,30,12,-3
-3,4,-5,23,12,24,4,5,-2,8,-6,10
6,20,4,14,-3,26,-7,-2,-1,14,6,4
5,2,9,5,4,13,5,3,-12,22,14,32
4,20,-2,15,-6,2,3,18,3,18,-7,27
-1,9,13,19,2,4,-5,-1,-1,16,11,32
-1,11,1,6,-1,23,0,15,-5,18,-9,31
12,-29,5,-29,-1,-26,-1,-5,3,-2,-10,-9
12,-26,4,-30,3,-18,-10,-27,1,-8,10,-13
12,-18,-9,-12,2,-13,-11,-7,1,-24,7,-24
-11,-10,11,-8,-6,0,-2,3,6,-16,8,-21
12,-12,-1,-25,11,-6,-1,-29,11,-4,-6,-10
12,-9,12,4,7,-27,-1,-20,14,-23,-3,-31
13,-5,14,0,11,-15,-3,-12,-1,-14,-4,-8
7,6,9,-6,-6,-7,-2,-10,11,-7,4,0
6,3,10,5,3,-9,-6,-23,-3,-9,5,-15
8,7,-9,4,0,1,-6,3,14,-2,13,-17
8,7,3,-12,3,3,7,-25,2,-5,13,-9
9,-12,-7,-9,9,-24,-11,-25,-10,-10,6,3
9,-22,2,3,12,-20,9,11,-11,-3,13,11
-3,4,10,-11,7,2,1,-7,0,6,-9,4
-3,0,10,-18,6,-2,9,10,2,-3,2,13
6,4,5,0,-8,-4,-3,3,-3,-3,2,-5
15,-14,-9,-13,-1,-6,-10,10,6,-6,0,-4
0,-12,13,-14,-10,11,-7,13,15,-3,-1,9
5,-4,-4,-5,-4,8,-5,-18,-4,-9,4,-3
3,-5,14,2,10,-4,1,7,-10,-12,14,-5
9,-15,-6,-7,4,-8,7,1,-5,10,-11,2
15,13,-3,16,-3,10,-8,-5,7,14,9,21
14,-10,-10,-6,3,14,-1,-14,10,22,-7,1
4,3,2,3,-2,15,-3,1,6,-4,0,11
-6,-3,-9,-9,10,-6,10,11,3,-4,10,9
5,-5,12,10,10,14,-8,20,-3,10,3,10
-6,5,-5,23,0,-1,5,10,-7,23,11,21
5,15,15,11,10,26,3,8,10,11,-6,12
5,4,-10,13,15,0,-6,-1,1,1,8,19
14,-5,7,11,8,23,-11,5,5,27,2,15
4,8,15,23,5,25,-5,-3,10,25,4,-1
1,-1,2,25,-5,13,-2,0,3,-4,2,31
-7,0,5,16,12,4,-8,1,-5,25,-6,12
2,8,11,31,-5,30,2,-2,8,-1,-9,3
6,5,13,23,1,17,5,17,-7,28,-2,18
-1,11,0,10,2,7,4,26,9,20,6,19
6,10,1,36,9,36,14,6,-3,5,-3,14
-9,-24,-10,-4,-5,-25,9,-22,-7,-26,8,-23
-9,-22,15,-18,3,-3,13,-8,8,-18,-2,-8
7,-6,-1,-27,13,-33,-1,-28,5,-16,5,-10
11,-25,7,-6,16,-28,-3,-31,0,-25,-4,-10
15,-4,5,-5,11,0,-2,2,-9,-21,-8,-21
14,-20,-7,-21,-1,-21,15,-5,8,-13,7,-5
-10,-28,13,0,11,-27,11,6,5,-3,12,-25
15,-7,13,-5,4,1,12,-20,4,-13,3,-14
13,-10,-4,-27,0,1,12,-13,-6,1,-3,7
0,9,2,-9,1,5,7,-9,0,-3,-5,7
15,-10,8,2,13,10,2,-20,4,-8,-5,-16
-6,6,4,3,8,-5,-10,10,-7,-10,4,2
16,-7,-6,11,1,10,13,-9,1,-20,10,3
-6,3,-3,12,-6,9,2,5,2,11,0,-3
-1,-6,11,-1,13,-15,-2,5,8,-10,10,-18
8,0,10,12,-10,15,6,4,2,3,2,-12
6,-13,8,11,5,2,9,-2,11,14,-4,9
2,-13,-10,12,-2,3,4,2,-4,13,2,4
4,2,-1,10,2,-6,-4,18,0,-1,8,-4
5,-10,11,17,3,11,4,-4,-1,-12,5,0
16,-13,-8,3,0,-3,14,10,4,-5,12,-8
-2,14,6,-7,7,-2,-3,19,0,3,13,0
9,-3,5,12,-2,15,-2,9,16,19,9,9
7,14,11,16,-1,8,12,4,5,-7,11,-8
-3,13,5,5,-9,7,8,13,-8,21,6,24
1,12,13,-10,-5,-9,-7,22,-5,11,7,-2
1,-1,5,25,1,-4,4,22,0,26,-9,-2
8,11,16,27,6,11,7,10,-2,-7,-4,19
16,-3,4,14,-1,15,4,12,7,18,-10,27
5,18,6,3,12,28,0,13,-2,17,6,7
-6,7,-4,29,3,8,-6,29,9,-5,3,4
-4,1,14,8,1,30,8,19,9,-2,6,3
4,15,7,14,-2,30,-3,27,-5,19,12,23
3,12,0,6,-4,24,13,3,-5,5,14,26
7,18,13,14,-9,13,4,10,1,34,-1,14
4,3,13,31,2,21,-3,0,15,29,5,11
8,19,-3,24,0,26,-2,33,1,20,4,8
13,-21,13,-22,10,-8,8,-34,2,-12,15,-5
-9,-9,11,-10,7,-13,13,-22,-9,-23,8,-30
13,-18,8,-10,1,-6,6,-30,-9,-3,-8,-15
3,2,13,-3,13,-22,5,-32,1,-13,-2,-3
16,-6,5,4,0,-28,17,-29,12,-5,1,-28
14,-25,8,-16,8,-8,-2,5,-8,-8,4,1
-6,6,16,-17,14,-3,8,-27,2,-5,10,-12
2,0,15,-20,10,-2,2,3,7,-5,-2,-4
14,-28,-3,-13,10,-14,14,7,14,-28,0,-15
-7,-23,3,-3,10,-10,-1,1,13,-19,0,5
2,6,-1,-15,13,4,7,-19,12,-16,11,4
17,0,-6,10,14,-11,-6,-7,13,-11,17,-4
8,-9,0,-19,8,10,8,-3,10,8,15,-17
-5,-22,-9,-6,4,1,10,-2,14,-8,17,-9
4,-19,9,4,0,-21,0,8,-2,0,3,-18
-4,4,2,13,5,0,6,15,2,-14,0,-3
5,-7,12,7,4,-16,6,-5,-4,-4,17,-2
6,-11,11,-15,4,-6,5,-10,0,14,-4,14
-3,7,14,-1,-4,13,0,7,-7,12,16,-14
-4,-4,1,5,8,-9,-3,-12,-4,19,3,5
4,-6,-5,9,-2,18,1,5,-2,18,14,0
8,8,13,5,5,-4,10,16,8,-7,-7,16
9,0,15,-14,15,8,14,12,-5,-9,15,-10
7,5,-6,6,-8,18,17,-7,3,17,1,12
2,12,3,-6,6,21,-4,-2,12,21,-5,-9
7,-9,8,12,-2,-5,11,3,8,1,-1,12
7,-10,-6,-6,-2,-3,-4,-10,9,25,4,-3
5,-4,4,3,12,27,-1,26,0,20,0,-6
9,0,2,27,13,15,9,5,16,19,-9,28
5,-1,-7,21,2,17,0,7,2,20,-2,20
1,19,-7,21,13,6,6,0,-8,18,-7,22
-1,5,-5,-3,16,-4,-3,2,10,29,-3,29
17,9,5,4,-1,10,9,3,-7,19,12,8
17,4,2,13,1,6,13,30,11,-3,1,11
3,17,2,24,-1,8,13,3,-5,29,7,14
-2,21,-6,22,7,20,-1,18,6,21,-9,23
1,10,4,33,13,10,8,0,7,12,6,32
11,0,10,-31,1,-11,9,-10,15,-28,14,-23
-5,-12,-6,-29,13,-35,13,-11,3,-29,18,-5
14,-9,1,-15,15,-19,10,-3,11,-11,-6,-29
12,-2,-7,-16,-8,-33,7,-33,-3,-22,8,-3
15,0,-8,-11,8,-6,2,-7,0,-10,0,0
4,-1,-2,-2,-6,-12,-2,-16,-7,0,-8,-30
-4,3,13,-30,8,-17,-6,-7,1,0,14,-10
-4,1,12,-27,3,-12,8,-25,-6,-17,-2,-2
-2,4,-3,-11,-6,-20,10,8,8,-22,12,-12
-4,-4,-4,-26,5,-4,4,-8,11,8,11,7
11,-19,10,3,11,-18,9,-1,8,4,9,10
1,6,-7,-22,4,-15,-7,-8,9,6,-8,4
11,-3,-4,5,8,6,10,-14,16,-16,-7,7
0,5,-4,3,5,-8,4,-13,5,2,-3,2
1,2,-1,1,1,-3,7,0,5,-9,16,0
5,4,3,15,5,-14,-3,-8,13,-21,9,-6
6,-13,6,-15,-2,15,-2,-18,-3,-20,16,16
0,5,17,-13,0,-11,-8,2,2,7,4,12
3,-13,12,2,6,6,1,13,10,16,7,-14
-2,4,8,10,-1,6,4,17,-5,15,7,2
11,-16,3,3,-8,-7,3,-12,1,-12,16,17
5,9,0,13,2,9,4,21,2,13,0,4
7,1,-8,22,8,9,7,12,17,-7,1,10
1,15,10,-3,7,0,-3,15,11,-8,-1,13
4,-2,6,11,9,17,-1,-9,15,-10,-8,-6
7,-8,4,2,0,9,8,11,5,-3,4,15
4,-10,7,11,14,-1,0,1,9,18,8,-7
3,3,14,-1,16,14,16,18,18,3,4,-1
7,-2,5,1,5,12,-8,0,15,26,-5,-2
7,-7,-5,20,3,0,13,24,11,24,16,7
-3,1,7,28,-8,6,16,29,1,17,6,24
-3,16,6,11,1,15,0,26,9,18,13,15
6,17,1,19,-8,11,8,19,2,0,9,20
5,3,-5,12,-7,15,4,29,-8,30,4,33
2,21,5,9,2,19,16,30,-8,17,6,5
-1,-1,7,23,15,8,7,1,-3,28,7,19
10,0,4,26,10,7,9,13,-3,32,-7,28
17,-14,9,-1,9,-4,14,-33,13,-12,2,-21
17,-6,5,-6,18,-10,16,-32,18,-3,13,-14
17,-25,18,-29,10,-16,12,-30,16,-3,13,-5
17,-2,15,-31,13,-33,1,-29,18,0,4,-4
-4,-14,18,2,4,1,-4,-16,8,-16,-3,-8
-2,1,2,-11,14,-30,7,-1,3,-26,-5,-11
5,-2,3,2,4,-12,19,2,16,-19,4,-21
-4,-18,7,-14,7,-14,18,-12,15,6,4,4
-3,-22,18,-21,12,-12,19,-19,1,3,10,4
12,-21,4,-9,5,6,2,-3,10,-6,16,-9
-4,-14,16,-4,12,-16,10,-19,-7,-16,11,3
10,-8,-1,11,6,-7,7,-25,-4,-21,19,-1
8,-7,4,7,10,-20,7,7,5,-23,10,-5
11,-16,7,-5,3,4,3,-8,5,8,16,-12
6,-3,-5,13,10,-11,6,-14,4,-12,8,-12
5,-6,18,7,-1,-10,6,-19,6,-18,13,5
7,-9,-1,-1,4,7,4,-12,0,-17,1,4
-2,-11,2,-2,8,16,8,12,9,6,3,2
10,-17,4,11,8,-8,-2,11,11,5,7,-16
2,-16,-3,-17,9,-10,14,-8,17,-8,16,-10
4,-16,3,3,1,16,-7,1,11,-5,2,7
5,7,2,11,16,5,6,21,3,10,16,-13
3,-1,5,20,4,16,7,20,11,-5,2,-6
8,-2,-3,-10,15,7,9,-10,-7,-5,4,13
-1,1,16,-1,6,15,6,-1,2,-4,7,7
1,2,0,8,13,24,0,12,6,0,16,13
0,11,5,-9,4,-6,9,-5,10,-4,3,-9
0,-3,7,23,2,18,5,21,17,27,4,-7
0,7,14,11,4,-3,6,-4,13,7,3,10
0,13,18,7,7,29,-4,16,8,8,11,29
-2,-4,13,16,5,10,2,11,10,-2,3,3
0,5,12,28,0,30,-1,16,9,-1,-3,23
3,5,1,17,6,1,-6,15,2,23,15,22
3,8,-2,23,8,26,3,14,-7,1,-3,16
-1,7,4,18,7,23,4,7,19,32,5,17
1,1,13,28,2,8,14,15,18,20,0,20
-1,20,0,6,7,18,8,8,4,34,4,10
17,-13,3,-5,17,-17,-6,-33,16,-20,3,-29
14,-6,-2,-28,15,-31,12,-2,19,-30,-1,-8
20,-2,16,-33,16,0,14,-7,18,-24,1,2
0,2,9,-25,15,-4,10,-17,17,-11,8,-11
0,-1,12,-2,5,-16,3,0,7,-26,13,4
-2,-15,4,3,9,-4,19,-6,12,5,7,-30
1,0,6,0,11,-14,3,4,-3,-5,19,5
2,4,19,-19,17,6,11,5,14,6,19,-14
3,1,8,-7,3,-16,5,-23,8,3,-5,-15
-3,-27,4,-3,13,-12,-6,-16,18,-15,14,-13
3,4,2,8,13,-20,-4,-17,6,-1,12,5
2,1,-3,-11,7,-3,11,-21,-4,-24,15,4
7,-6,17,-20,10,-6,3,-6,1,1,5,7
20,-22,-6,-14,-1,-2,6,-6,4,-17,4,-1
11,-11,3,3,2,-15,2,0,4,-13,2,-15
6,-9,4,-17,10,-19,12,-12,1,10,10,14
10,-16,3,-19,9,6,4,-12,12,-16,19,16
3,-1,4,-5,11,16,4,-18,2,15,12,3
-1,0,15,18,3,6,8,11,5,-17,6,-18
-1,-14,6,-3,-4,18,-5,5,16,-13,7,-13
0,0,1,4,3,-3,6,-9,4,-4,18,18
3,-12,5,-13,-2,15,7,3,-1,-13,13,0
1,3,11,-6,10,0,7,-1,12,10,2,-9
0,5,-6,-12,-1,13,3,-13,17,19,-5,-3
2,7,7,10,4,4,11,23,18,16,2,4
0,-7,0,-4,17,-9,18,-6,18,14,12,4
3,-8,0,12,2,-8,1,9,-2,-6,12,-1
0,-8,17,24,-6,-1,13,8,11,13,9,16
1,8,0,-5,1,0,1,14,9,-4,2,20
2,10,7,16,10,-4,4,-2,9,-6,-2,18
0,11,1,8,2,18,0,23,1,29,-3,14
2,11,17,23,5,31,0,6,-6,4,15,5
-1,-3,1,-1,6,5,20,1,16,32,16,24
4,5,-1,21,2,16,5,27,17,30,10,4
0,1,9,21,-5,30,13,25,18,5,1,27
1,18,20,9,3,5,8,9,7,3,12,1
1,2,2,19,3,22,20,2,5,3,7,25
18,-11,6,-9,2,-35,-4,-33,20,-33,9,-2
-4,-28,-3,-1,18,-17,1,-4,14,-6,15,-25
20,-28,-1,-16,18,-29,6,-18,0,-4,10,-26
0,1,16,-7,13,-17,12,-11,13,-33,19,-18
0,-3,20,-21,4,-3,21,-32,-4,-26,19,-20
14,-18,18,-2,0,5,17,-31,-1,1,2,-3
2,2,19,4,11,4,10,-7,0,-3,0,-18
13,-6,17,-16,11,7,15,-29,0,-25,17,4
14,-10,8,6,12,-19,1,-11,2,-23,5,-25
2,2,-1,-8,-3,3,10,7,10,-3,8,7
12,-10,7,-17,17,10,17,-14,7,0,9,-2
-1,-22,10,-21,14,10,1,9,6,-20,3,-22
7,2,8,11,-4,-20,-5,-22,-2,-4,-3,-12
21,-7,7,-6,-2,-17,19,-14,11,3,11,3
8,-15,5,11,13,6,18,9,5,-20,-1,-18
7,0,21,7,7,-20,11,-4,4,3,3,4
9,-12,-3,0,0,9,0,-12,3,5,5,-3
3,-4,9,-6,8,-10,13,-13,18,2,10,15
9,-15,21,1,18,15,18,18,-2,11,18,18
1,-6,9,-5,19,-14,15,-14,-5,5,-2,5
13,-7,-2,10,-1,-1,14,10,0,-2,-3,13
2,-12,14,-7,8,1,4,-5,4,-4,6,8
3,-11,12,-13,14,-14,20,0,18,16,2,-3
2,5,15,-3,21,-10,19,9,0,-3,12,-3
2,-7,10,-5,-5,8,5,4,-1,22,16,4
11,15,-5,-9,-1,-6,21,10,-2,-4,-3,-2
2,1,15,-4,9,23,-4,26,4,9,5,1
3,9,18,-2,17,-4,5,23,16,-5,18,1
1,-6,3,10,19,3,11,-2,9,22,20,20
2,-3,7,24,13,3,5,6,-3,-3,1,26
2,-5,7,17,5,16,18,22,2,17,10,24
4,-1,18,4,5,10,4,-1,7,-2,5,29
1,-4,8,-3,9,16,7,21,12,30,18,2
1,16,9,28,13,-1,20,-1,13,23,5,13
3,2,8,11,10,17,1,12,10,33,-1,-2
3,4,7,4,16,13,4,19,7,35,16,6
3,1,13,7,-3,5,14,22,21,30,20,30
19,-7,14,0,0,-3,13,0,19,-8,2,-33
-2,-32,-3,-1,4,-9,8,-6,0,-23,22,-16
1,1,-1,-22,4,-30,7,-11,3,-8,4,-13
21,-28,1,2,22,-22,6,-3,9,-9,4,-31
16,-29,5,-28,-1,-17,19,-28,8,-14,10,-26
0,-21,4,-27,14,0,9,-14,9,0,8,-10
3,3,6,-28,10,-4,7,-16,14,-24,5,-18
15,-25,4,-27,-1,-11,18,7,-2,5,7,-8
2,-1,14,-20,21,-24,22,-20,2,6,16,-10
5,6,-4,-1,-3,-3,20,-14,0,-5,20,-1
-2,-15,-4,-3,0,-17,21,-13,-3,-13,-3,9
11,-7,18,-3,-4,1,18,6,16,7,15,1
-1,4,-2,0,22,9,16,7,19,0,-1,-3
0,-16,-3,-21,22,-2,19,-1,21,-10,-2,0
-1,-21,10,5,22,-6,0,-13,0,-14,-1,2
14,-4,13,-10,22,10,20,-19,11,-9,7,-8
17,-20,-4,0,21,-15,0,4,-2,0,12,2
15,1,0,4,20,-17,18,7,-2,-6,10,9
-1,11,-1,-2,0,-2,17,8,-1,-10,-4,-16
15,-7,12,-1,22,7,-2,3,-2,-3,-2,1
22,14,19,9,22,7,-2,-14,1,-1,9,-2
1,-4,10,2,1,-1,21,-5,-3,10,21,-6
4,-5,5,2,21,-5,-1,20,5,18,11,-13
12,-8,-3,13,-1,18,22,10,-3,-1,12,8
-1,-7,9,-2,21,-6,0,-2,15,6,0,6
8,21,-1,10,22,19,15,24,0,4,12,17
0,-2,7,18,-1,16,15,-1,-2,7,-1,7
1,24,3,27,0,-2,-4,25,-2,15,15,11
22,12,4,18,22,27,-2,3,16,25,9,3
7,9,11,23,0,13,20,24,10,17,5,-1
9,11,11,13,0,4,22,9,0,4,-3,9
14,10,0,19,22,31,22,21,0,19,-2,21
13,17,14,-1,0,-2,22,12,16,-1,5,24
11,23,14,8,21,7,22,24,16,2,10,7
12,19,15,7,22,13,0,2,-1,4,21,24
1,29,-1,27,20,35,4,25,20,18,10,3
0,32,0,22,-1,35,20,3,0,28,6,29
22,-18,0,-6,20,-23,-2,-9,0,-36,1,-15
22,1,0,-4,15,-14,16,-2,14,1,15,-5
19,-11,21,-27,-2,-8,9,-23,19,-2,19,-12
22,-14,2,-15,0,-1,0,-31,6,-26,-1,-12
7,2,23,-8,23,-18,7,-23,2,2,14,-5
21,-23,-3,-31,1,-25,21,-6,16,-4,-3,-9
0,-15,-1,-30,23,-3,-1,-24,21,5,9,2
7,3,21,0,21,2,0,-23,8,-1,-2,0
-1,-28,-2,-23,17,2,20,4,13,-8,15,-10
-1,-1,-1,-2,4,-5,20,-3,-1,-16,17,-26
20,5,15,1,17,-1,23,-2,16,-14,0,-3
18,-11,13,-6,23,7,1,-17,23,-4,0,-6
-3,-19,17,-23,6,11,13,7,-3,11,-2,6
-2,12,-2,-16,0,0,11,2,23,-4,-1,12
-2,7,0,2,0,0,0,-14,-2,-20,15,-15
-3,-12,8,-17,-1,7,-3,-15,13,2,4,-6
-1,-2,-3,8,1,-9,-2,-4,19,-17,10,-3
23,14,1,-2,13,9,23,12,-1,10,-2,-10
14,12,22,-14,-3,9,-1,17,0,6,-1,18
7,12,2,-2,14,19,17,-11,-2,-10,-3,3
1,-1,12,6,22,10,13,-15,15,0,23,20
16,-3,-1,18,0,-3,1,-13,-1,-15,11,11
1,5,19,-11,18,14,23,16,-2,7,0,-6
1,12,14,6,0,6,1,8,-1,13,10,15
23,9,17,4,4,16,18,-12,7,21,0,4
-1,8,1,-1,-3,12,20,0,1,-9,1,-3
1,7,9,9,21,24,-3,-1,19,1,22,0
8,22,1,0,20,19,1,16,14,4,-1,15
15,23,4,7,-1,25,-3,-7,1,18,17,-8
23,16,16,23,16,-6,0,12,18,10,18,17
5,28,0,11,-2,29,1,1,5,20,0,30
1,30,12,23,0,15,8,8,5,4,21,4
11,13,1,11,0,4,21,15,-3,14,-3,13
17,21,-3,16,1,-3,10,11,-2,5,1,24
16,17,14,26,23,24,-1,20,-2,18,23,23
-2,3,1,19,17,28,12,15,-1,27,11,15
-2,8,-1,29,1,1,20,17,-1,15,14,29
23,-5,22,-9,12,-30,-2,-22,-2,-25,-2,-10
23,-18,17,-17,-2,-18,20,-28,12,-18,12,-23
0,-3,19,-21,19,-18,22,-11,18,-23,4,-26
14,-4,5,-26,0,-17,11,-7,8,-11,8,-28
16,2,11,-4,0,-10,16,-2,7,3,-2,-5
-2,-18,20,-16,11,3,9,-6,22,-11,14,-26
8,5,2,-22,2,-18,2,-14,14,2,19,-30
22,-2,22,-28,24,-1,15,2,0,-2,22,-10
0,-3,2,-22,21,-28,0,8,24,-10,-1,-3
18,-19,12,2,9,-15,19,-17,23,-9,-1,-27
22,-8,17,0,20,-7,24,-1,17,0,-1,-14
-2,-13,2,-14,17,-18,23,-25,17,-6,7,2
13,8,1,-6,16,-18,-1,-23,24,-11,1,-15
-2,-9,13,-11,21,6,20,-2,21,12,17,7
-2,11,13,-8,19,-20,0,11,24,0,6,-13
-2,-6,5,0,-2,13,14,5,8,8,14,-6
16,9,18,12,-1,-15,18,-19,3,8,16,-9
24,17,-1,-6,1,9,2,-6,24,5,22,-17
23,-7,-2,-10,18,15,1,-5,1,-2,0,-4
18,3,-1,18,1,-17,17,-14,7,19,11,9
22,-16,19,-14,24,9,10,15,14,12,2,6
2,-1,7,-5,0,-15,15,14,-1,18,14,10
2,20,13,-1,1,15,-1,0,12,-9,22,-14
10,18,0,17,23,-10,-1,21,2,3,15,8
21,-11,-1,6,22,23,20,11,23,17,0,13
20,9,-2,19,21,12,9,11,18,3,10,0
9,26,20,1,-1,10,24,26,0,22,0,20
0,1,6,14,17,15,17,-3,20,25,-2,-6
12,25,10,14,7,26,18,9,14,-6,8,5
17,2,9,23,1,26,1,5,20,13,1,0
1,18,-1,14,21,28,19,11,2,3,1,-4
9,25,16,15,9,3,22,24,2,9,-2,7
22,26,-2,31,22,-3,1,26,12,32,16,23
-2,5,15,-1,22,-3,19,11,16,2,24,19
19,8,-2,1,23,11,21,23,1,28,0,31
-1,4,22,34,12,9,13,32,17,16,1,12
1,27,13,15,19,7,17,11,13,33,2,14
19,-6,24,0,18,-27,2,-22,18,-29,11,-12
21,-30,0,-2,11,-24,19,-31,20,-29,7,-2
-1,-9,2,-29,16,-29,-1,-8,25,-27,17,-22
15,-2,9,-6,9,-3,20,-14,11,-31,11,1
15,2,14,-12,14,-8,0,-12,2,-23,3,-12
12,2,9,4,-1,-30,3,-17,25,-14,10,-11
15,6,2,6,22,1,-1,-10,4,-21,4,-21
-1,-29,13,-22,20,-12,13,-1,12,-6,16,-7
24,-1,7,8,23,-19,6,-19,19,-27,1,-21
12,2,18,-17,3,9,24,8,3,-21,14,-1
18,5,11,-14,5,0,24,2,2,10,14,-20
1,3,2,-23,25,-7,4,-8,0,-25,25,-5
0,8,1,2,5,-19,8,-12,22,-7,3,-15
12,12,12,-20,4,-11,14,-4,16,-5,11,-7
-1,-3,5,6,6,5,12,-3,-1,7,18,3
16,11,17,-12,-1,14,22,-8,25,4,9,5
18,12,25,10,23,12,11,1,0,2,22,15
17,11,14,-3,0,6,8,-11,22,-10,13,12
15,17,2,-10,20,2,21,12,20,12,22,-5
17,15,-1,5,1,-5,12,14,25,12,16,-11
-1,-9,7,17,24,13,22,-15,25,19,20,9
14,14,14,-4,0,6,23,19,24,0,15,-3
23,12,8,-14,25,15,2,6,22,-2,7,17
13,18,12,6,0,9,3,23,18,9,16,3
16,17,7,4,0,-11,19,12,17,19,16,11
1,12,5,-11,3,-3,-1,13,1,-5,8,15
13,22,4,4,0,0,3,2,0,16,1,-2
0,15,2,16,3,-6,19,1,24,1,2,21
0,22,-1,10,23,-4,0,-2,15,7,13,17
1,-1,9,-1,1,-5,17,5,20,9,22,18
2,10,3,30,19,26,11,29,25,22,3,17
21,-2,1,12,-1,28,24,16,0,9,11,23
0,2,23,29,24,16,19,26,17,-3,2,8
1,32,4,20,7,28,5,13,14,28,10,12
0,26,18,-1,-1,8,15,32,16,27,15,16
-1,17,4,24,9,19,4,31,2,10,20,2
0,19,4,28,20,19,4,15,0,35,0,7
16,-6,19,-14,5,-23,6,-8,12,-20,12,-16
0,-1,17,-10,12,-28,13,-20,0,-32,7,-32
0,-18,16,-17,16,-30,16,-6,25,-12,10,-1
0,-1,20,-18,16,-32,22,2,20,-8,17,-25
2,0,7,-1,13,-3,7,-22,0,-32,18,-27
1,-21,0,2,4,-3,22,-25,23,-15,16,-22
15,4,2,-17,2,-4,18,-12,6,-18,25,-17
2,4,1,-2,23,1,3,-18,4,-22,19,-26
14,7,26,-10,24,-4,9,0,18,-1,3,-10
23,9,17,-6,20,-8,0,-20,15,-13,11,-2
23,-9,24,-22,19,-4,3,-23,24,4,18,6
1,-2,1,5,19,-7,4,-2,4,0,2,-8
0,-2,3,-13,16,-19,25,-21,4,-4,25,-16
21,-14,15,8,0,8,19,-8,14,5,4,-7
0,-5,10,-2,15,9,24,-4,24,-19,6,14
1,-21,21,-11,12,13,22,-5,26,2,0,2
2,7,19,0,17,-3,3,7,25,-11,12,13
0,5,0,8,22,-18,20,-4,13,13,1,5
1,-17,3,11,3,-4,2,7,13,8,11,4
1,16,17,-1,5,3,18,-6,18,4,1,-12
0,-12,24,0,12,15,21,12,13,-1,4,-4
1,3,11,10,12,17,2,12,24,18,17,18
15,16,10,2,1,15,23,9,1,-5,0,-10
16,19,13,8,23,12,1,-9,2,6,23,9
1,2,15,-3,19,-10,19,-2,21,12,21,-8
0,0,11,1,2,6,13,1,11,5,21,16
0,20,2,5,3,11,7,17,13,7,25,6
0,-3,23,-9,5,18,25,10,22,14,15,13
1,13,18,14,2,19,19,11,18,-1,3,21
15,24,0,3,19,18,3,15,3,7,20,18
16,22,13,25,19,5,19,-1,13,22,0,3
13,25,3,4,2,31,3,-4,4,31,2,17
0,-3,21,16,2,10,23,12,14,21,19,15
0,18,13,17,1,24,13,19,20,25,1,19
0,8,12,26,10,33,4,28,0,21,4,-1
1,30,19,10,13,32,22,27,5,16,18,24
0,31,26,33,23,21,19,1,0,7,18,1
