-13,-10,-12,-10,-1,-4,-1,-21,-26,-10,-23,-18
0,-19,-5,-22,-2,-19,-8,-18,-14,-1,0,-1
-17,-10,-24,-8,-2,0,-16,0,-6,-32,-9,-1
-10,-12,-10,-12,0,-12,-17,3,-20,0,-5,-9
0,-19,0,-18,-16,-9,-14,1,-23,-14,-14,1
0,-13,-2,-11,-6,-15,-12,-1,-4,-5,-1,-12
-17,-4,-3,-28,0,-19,-17,-7,-1,-19,-10,-24
-1,-9,0,-11,-18,0,-4,-15,-6,-21,-1,-19
0,-13,-20,5,-22,-26,-1,-27,-5,-23,0,-23
-11,-2,-25,7,-3,9,-12,-9,-16,-3,-5,9
-1,10,-7,-2,-2,-2,-7,-13,-12,2,-10,-16
-16,-4,-5,6,-1,10,-10,-4,-19,10,0,-8
-10,-2,-3,-4,-4,7,-3,12,-12,10,-7,-5
-13,-3,-5,-15,-1,0,-4,-8,-8,4,-11,12
-1,-3,-2,-19,-14,11,-20,13,-3,-3,-19,-12
0,-7,-20,13,-23,-21,-16,4,-2,-20,-6,-21
-2,1,-8,15,-13,1,-5,15,-15,1,-4,3
-17,4,-1,-5,-7,8,-3,12,0,15,-14,10
-1,-3,-23,0,-16,13,-8,-16,0,-15,0,13
-16,3,-1,-2,-6,18,-10,-12,-1,-11,-5,3
-8,6,0,-11,-1,8,-12,8,-4,-10,-10,1
-2,17,-4,9,0,-3,-23,-12,-4,0,-1,-13
-3,3,-2,3,-16,11,-8,12,0,-6,-8,12
-19,15,-18,1,-15,-6,-10,6,0,9,-2,20
0,-7,-5,5,-20,20,-14,17,-4,4,-4,20
-7,16,-4,10,-15,5,-16,16,0,-10,-11,-9
-19,19,-6,18,-3,10,-2,-7,-9,17,0,10
-17,24,-7,-5,-16,15,-14,23,-5,9,-4,8
-3,7,-11,15,0,-1,-1,2,-8,-4,-13,24
-7,21,-19,24,-3,6,-10,0,-17,22,-10,26
-11,13,-19,8,-5,9,-3,7,0,6,-2,29
-6,24,-19,28,-10,13,-21,29,-3,30,-13,15
-18,29,-9,25,-16,17,-8,6,-9,-1,-3,24
-13,28,-5,26,-6,8,-2,8,-7,33,-15,27
-5,20,-2,6,-6,12,-1,15,-10,19,-4,13
-3,29,0,21,-2,8,-8,7,-5,9,-13,25
-2,13,-1,16,-4,20,-18,29,-11,23,-7,15
-14,-9,-6,-18,1,-28,-9,-16,1,-27,0,-32
-12,-8,-2,-21,-8,-8,-3,-33,-22,-9,-9,-10
-13,-14,-3,-32,-16,-8,-2,-14,-2,-29,-19,-3
0,-8,-3,-28,-5,-14,-1,-4,-2,-15,-2,-29
0,-18,-7,-21,-6,-19,-2,0,-7,2,-2,-17
1,-30,-7,-7,-7,-1,-7,5,-1,-10,-23,-23
0,-3,-1,-29,-1,-12,1,3,-3,-11,-13,-3
-8,-6,-1,-2,-7,-4,-19,2,-1,-16,-2,-13
-16,0,-8,-5,-4,-4,0,3,-1,-1,-3,8
-1,-5,-13,8,-18,-22,-7,-18,-5,-1,-1,-4
-11,1,-1,-5,-1,9,-1,-1,-14,-6,-1,-1
-9,-2,-12,5,-1,1,-6,-18,-13,-6,-7,-2
-11,-4,-13,6,-19,-18,-3,-8,-18,-11,-1,-6
1,10,-3,13,-17,-15,-3,-23,-7,0,-15,5
-1,1,-2,-5,0,11,-3,2,-12,-1,-6,13
-1,3,-8,4,-10,14,-15,12,-3,11,-12,-2
-12,8,-14,4,-9,15,-8,12,-1,14,-2,-8
1,7,-16,-4,-18,14,-1,-19,-13,14,-2,12
1,-8,-13,4,-17,10,-17,18,-1,8,1,-10
-3,6,-4,-12,-19,17,0,16,-10,16,-6,14
-6,7,-2,14,-4,4,0,-2,-13,2,-21,4
-18,16,-2,17,-3,9,-6,9,-11,15,-5,-6
-2,12,-4,-13,1,-1,-16,12,-12,13,-2,15
-9,6,0,-9,-5,2,-9,2,-3,-3,1,-2
0,-2,-15,-3,-1,-5,-6,6,0,23,-23,13
-8,15,1,21,-2,-1,-4,15,-3,18,-1,1
-19,21,-9,13,-2,7,-3,3,1,0,-11,1
-2,25,-2,-2,-18,19,-21,-4,-14,26,-4,-9
-4,24,-20,1,-20,8,-9,9,-4,-4,-23,-4
-16,28,-2,-6,-4,1,-5,27,-7,-4,-4,4
-1,5,-9,27,-3,3,-16,25,-19,3,1,23
-2,8,-4,20,-5,31,-8,26,-7,21,-19,27
-6,14,-18,18,-3,2,-14,25,-4,32,1,6
-9,25,-4,21,-6,7,-6,-3,-4,8,-1,13
0,0,-2,14,-2,-2,-9,23,1,11,-18,32
-16,35,-15,25,-3,1,-10,17,-4,12,-1,2
-8,30,0,0,0,6,-23,34,-14,25,-15,24
-14,-8,-3,-20,0,-14,-11,-1,-23,-10,-4,-33
-15,-6,-7,-31,0,-29,-8,-8,-2,-21,-1,-16
2,-7,1,-13,-1,-16,-1,-1,-2,-27,-6,1
-1,-11,-21,0,-3,-10,-5,-3,-3,-4,0,-18
-2,-8,-5,-18,-19,2,-2,-13,-10,-1,-3,-15
0,-5,-24,-27,0,-6,-8,-21,-17,-3,-10,-3
-14,0,1,-23,-4,1,-6,1,-5,-3,0,-9
-12,1,2,2,-4,4,-5,5,0,3,-11,5
-16,-2,2,-11,-16,-16,-10,-5,-15,0,0,8
-16,0,-4,-26,2,-7,-15,0,-1,-26,-21,-13
-16,-1,-16,3,-16,-17,-1,4,-7,-12,2,-5
1,3,-6,-25,-21,-16,-2,-20,2,10,2,-21
-8,-4,-11,-1,-6,-6,-13,2,-16,4,-7,-24
2,-11,-5,0,-2,11,-1,-2,2,-6,-23,-11
2,9,-16,-18,-6,9,-6,6,-12,5,-2,7
0,15,-3,-14,0,8,-5,-9,-17,13,-1,-1
-1,4,-3,12,-17,-17,0,-3,1,14,-3,-4
2,-17,-6,-14,-7,-2,-8,-7,-8,-10,1,6
-1,0,2,-9,-2,4,-3,5,-13,1,-7,13
-6,3,-19,3,-1,16,-2,12,1,13,-4,8
-4,12,2,-9,-17,-5,-9,11,1,1,-9,-1
-14,18,-20,-6,2,9,-4,-4,1,-1,-4,-8
-4,7,-7,-12,0,-6,-9,21,-15,10,-3,8
-17,14,-2,1,-23,7,-17,15,-12,18,2,19
-12,6,-3,7,1,13,-6,0,1,0,-2,12
-12,23,2,12,1,-1,2,8,-5,14,-19,-3
-18,19,-2,-6,-8,5,-6,-3,-7,24,-11,-3
-9,22,0,-9,-1,-2,-8,-3,-11,17,0,20
-9,24,-6,-6,-3,9,-4,17,0,23,-5,-3
-3,9,-22,-2,-24,-5,-4,7,-17,-4,-17,26
-7,27,2,-2,-4,1,-17,28,1,17,-21,14
-2,8,-1,4,-21,2,-5,5,-14,21,0,-3
-9,14,-5,23,-7,12,-16,31,1,21,-3,-3
-10,15,-3,-3,2,-2,1,32,-12,29,-7,31
-7,15,1,20,-4,7,-7,1,-10,21,-1,7
-3,14,2,1,-2,0,-1,18,-7,4,-7,4
0,6,-17,9,-3,5,-16,25,-16,33,-4,12
1,-7,-15,-25,-3,-16,-3,-35,-8,-29,-3,-30
-6,-11,-2,-33,1,-14,3,-5,1,-29,-4,-21
-5,-9,-22,-8,-1,-23,-20,-30,2,-26,-3,-29
-8,-5,-22,-13,2,-12,3,3,-10,-2,-3,-23
0,4,1,-20,1,-5,-18,-14,-8,-4,-1,-12
-11,0,-5,-6,2,-15,-4,0,-5,-2,-1,-3
-15,1,-19,-25,-13,-4,-7,5,0,1,-11,2
-5,-5,-7,3,0,-7,-7,-5,-16,-24,-3,-6
-7,-3,-3,-1,-2,-10,-6,-27,0,2,-1,-18
-8,-1,-18,8,-14,3,2,-20,-13,5,-9,-22
2,-13,0,-21,-11,-3,-6,4,2,-26,-14,-8
3,3,-11,-20,-11,-6,-2,-7,-12,6,3,-23
-9,4,1,-1,1,-7,2,-8,-5,-16,1,6
-14,-1,-1,-4,0,2,-3,3,-1,5,2,-1
1,13,-1,-2,-1,5,-5,3,-14,5,-1,9
2,5,-11,11,-10,2,-7,-10,-1,-8,-5,-19
-12,10,-20,3,3,10,-3,16,-10,8,-8,-1
1,14,-2,-15,-18,-11,3,-18,1,9,0,6
-2,7,-12,5,-3,16,-1,-12,-3,14,-12,2
-3,6,-17,-7,-18,19,-11,10,-3,-10,-2,11
-17,17,3,14,2,15,-14,18,-23,4,-2,19
-11,18,-23,3,-14,10,-12,3,-6,18,-8,13
-18,22,2,18,-18,1,1,7,-4,6,3,8
-2,20,-9,9,2,21,-1,-5,-15,14,-3,11
-2,24,-1,10,3,-7,-1,24,2,15,-20,3
1,-2,3,1,-3,-9,-10,11,1,7,-10,18
-4,24,-3,-8,0,1,-10,15,-2,25,-13,13
-3,26,-4,-6,-14,2,-8,16,1,5,-7,22
-9,26,-17,28,1,-4,-6,5,-4,3,-3,23
-10,28,1,-2,-4,2,2,15,1,3,-5,1
-7,28,-1,4,-2,-2,1,9,-20,1,-4,-5
1,0,-23,14,-6,0,-10,14,-16,25,0,17
-4,12,-3,10,-6,-3,1,5,2,15,1,27
-7,32,1,16,-18,8,1,1,-4,13,-10,18
1,2,-12,20,3,0,2,32,1,15,-16,3
-4,35,-23,8,-13,11,2,27,-1,17,1,9
0,8,-10,6,-5,3,-4,36,-8,34,2,15
-3,-10,0,-8,0,-15,-1,-16,3,-29,-12,-9
4,-28,-2,-35,-4,-19,-4,0,-2,1,1,-3
-1,-4,0,-23,-4,2,2,-33,-1,-34,3,-20
0,-6,-9,-2,-5,-1,-7,3,3,3,3,-22
-12,0,0,-32,-13,-23,2,-1,-16,-2,-13,0
1,-2,-7,2,-1,-5,1,-8,1,1,-10,-3
1,-2,-1,5,4,3,2,-2,-6,-18,-19,4
4,-21,-21,-16,-1,6,-2,-20,-17,-9,1,-18
-10,-9,-13,6,-3,1,-1,-18,2,1,-10,-2
2,4,4,-26,1,-15,-5,-23,2,-22,-7,5
1,-6,-8,5,-2,-8,-1,1,4,7,-1,4
-14,4,1,-22,-19,-23,-10,-3,-15,-15,-3,-5
2,6,3,-7,-1,12,3,1,-11,12,-7,-2
-8,6,-11,12,4,-23,1,-22,-18,-12,-7,-2
2,6,-20,11,-9,-2,-11,10,3,-18,-7,11
4,-18,-16,-6,-1,7,2,3,-3,-7,-7,6
-3,5,1,14,-1,1,-3,-3,-6,11,1,-3
0,3,2,-4,-12,8,2,3,-2,-18,4,-4
3,-7,-12,-16,-1,16,2,16,1,-14,1,-10
-15,18,-7,3,-16,14,1,-15,1,8,4,6
-4,2,-17,18,4,16,-7,7,3,-3,1,19
-8,17,1,3,1,6,-2,7,-9,9,2,-2
-11,4,-1,7,3,1,0,-10,-9,9,4,-8
0,1,-7,8,-19,9,1,-8,-7,-13,-2,-12
2,-5,-20,-3,2,11,-10,-2,0,21,-19,24
-3,24,-17,3,-6,6,-5,6,0,23,1,-4
-4,25,0,24,-1,1,-12,14,-1,16,-6,9
-2,27,3,26,0,-5,3,3,1,19,-1,25
2,-7,3,1,4,10,-11,17,-14,28,-2,3
1,2,-1,4,-6,7,-15,28,-1,17,-16,7
-7,29,-9,4,-14,11,2,21,-2,17,-4,22
-6,12,1,-1,3,8,-7,23,1,2,-22,10
-1,9,-10,17,3,8,-7,13,-1,23,-9,27
-9,33,0,0,4,1,-5,2,-3,6,0,27
-5,34,-17,31,1,0,4,18,-16,29,-9,22
-3,14,3,23,-4,11,-2,20,4,24,-11,28
-6,36,1,22,-15,13,-9,26,3,9,-17,34
1,-4,2,-21,1,-1,-2,-4,-13,-7,1,-1
-3,-7,1,-27,-8,-19,-9,0,4,-2,-5,-21
1,-3,-21,-9,-2,-3,-4,-22,-15,-16,1,-30
-3,-6,-2,-3,-11,-1,0,-5,-13,-26,-5,-28
-2,-3,2,-11,1,-4,2,-24,0,-23,-9,-1
1,-11,3,-24,2,-7,-8,-8,5,-5,-7,4
-1,-4,-1,4,0,1,-1,-25,5,0,4,-30
-12,3,-4,1,-9,-9,-1,-19,2,-16,-4,-15
-2,-6,-3,0,2,-1,2,-10,-11,1,1,-26
3,-13,-11,6,0,5,2,-11,0,-7,-2,7
-13,4,-12,2,5,3,-5,8,-2,-4,-7,-2
-8,-6,-14,-25,2,6,-7,3,-4,10,-7,-11
-12,7,-2,-24,-4,12,5,-20,0,-9,4,7
-7,-4,4,-21,-3,12,-3,0,2,-21,-9,2
-3,1,-3,5,-12,6,1,11,-3,-2,2,-8
2,0,5,12,-12,10,3,14,-11,12,4,0
5,-16,-2,-11,-2,15,-5,10,-8,14,4,7
-1,5,2,4,-20,-9,-1,4,-2,-19,-7,14
-1,7,-10,10,-2,12,1,-17,-4,-3,3,9
-3,9,-20,6,-7,13,-1,-11,-16,-11,-10,16
0,12,-21,-4,-10,-15,-9,2,-7,13,1,0
-2,5,0,8,-7,18,5,16,-3,3,-8,13
-4,18,-3,2,-21,-8,-6,-14,-2,1,-3,2
-5,20,-5,-12,-10,8,-14,19,-9,-3,-10,-11
2,-2,-19,24,-10,-2,4,12,-10,21,-3,15
3,-8,2,2,-4,4,0,8,-6,20,-13,24
-3,26,-18,21,-1,-6,5,22,4,22,1,-10
-13,15,-3,13,-18,2,3,-4,-12,27,-7,13
1,3,5,2,1,-1,-8,24,0,25,-3,-3
-10,10,2,4,3,-6,-15,27,-14,29,-6,4
-3,9,5,30,4,-6,-2,2,1,30,-2,17
-4,11,0,15,-21,8,0,-5,-1,4,-14,25
1,5,-18,2,-4,-2,-18,21,-4,2,-8,21
-6,33,-17,21,-1,0,5,6,-13,22,-6,10
2,2,0,12,-4,12,-9,34,-9,24,-6,-1
0,10,1,0,-3,9,-21,12,-3,9,-14,28
2,0,-2,2,-2,8,-7,29,2,29,-4,35
1,-16,0,-10,-8,-5,-2,-23,3,-27,-3,-18
-7,-3,6,-8,-13,-4,-14,-3,-4,-19,-8,0
-9,-1,-5,-2,-3,-3,0,-15,-12,-28,-3,-14
-2,-14,2,-8,2,0,2,-3,-8,-4,-11,-7
3,1,-12,-11,-11,-3,-3,-25,3,-12,6,-31
1,-2,-11,-4,-17,-12,-1,-28,-9,-4,-4,-10
-13,2,-14,-16,-12,1,-8,-4,2,-26,4,-13
1,-2,2,6,-13,3,2,-2,0,-2,-5,-4
3,3,-18,-28,3,1,-1,1,0,-25,-9,-7
2,-6,-2,5,5,1,3,-15,3,-21,-19,-26
5,6,-8,-3,0,-5,0,-13,5,-16,-14,7
2,0,0,11,-15,10,-4,-9,-1,-21,-3,-12
3,-5,-4,-19,-14,-13,4,-22,-9,5,-9,7
-3,2,-2,-20,-12,11,4,-11,-14,12,3,-13
6,-13,-19,-15,-19,-11,-9,8,-2,-13,2,-11
4,-4,5,-1,6,6,-5,13,5,10,-3,8
6,-20,-8,5,2,9,-4,12,-10,3,2,-1
-9,12,-3,-19,-4,1,-12,14,-4,10,0,1
-2,3,-14,12,2,18,-5,6,1,7,-13,13
3,18,-3,1,4,-6,-7,4,-3,8,2,4
2,13,-7,12,-19,-14,6,-9,-7,9,-8,7
-10,19,-4,3,6,11,-8,4,6,-9,-20,20
-4,18,-7,2,-11,13,4,9,2,-9,-12,22
-5,21,-2,4,-2,16,-3,-3,-10,14,1,-5
0,4,-20,-9,1,-2,-8,18,-17,3,-19,-5
-9,5,-1,5,2,2,-4,25,-7,22,6,7
2,0,0,-6,5,1,-8,3,2,-7,3,-9
3,-4,-1,2,6,-6,-8,19,6,15,0,4
3,-6,1,20,-3,-8,3,7,-4,5,1,4
-5,10,-6,14,3,-2,-1,21,-5,1,0,29
2,1,2,1,3,-5,-11,18,1,13,4,-1
1,5,3,14,-1,2,-2,10,-8,31,2,13
-8,11,4,12,-4,5,-1,22,-15,31,3,20
-2,11,1,7,-2,3,1,1,1,11,6,11
1,7,-3,18,-2,7,-7,28,3,32,2,23
-1,12,0,24,-12,15,3,9,2,24,2,7
-8,17,1,36,-3,11,6,35,3,17,4,14
-3,-7,-11,-4,-10,-21,7,-31,1,-31,5,-25
3,1,4,-11,7,0,-13,-19,7,-31,-9,0
-12,2,-1,-13,-3,-18,-6,-6,-2,-30,-1,2
5,-21,6,-4,5,0,3,-16,-2,-10,2,-6
1,-2,-2,0,-15,-18,-7,-12,-9,-1,5,-8
-12,2,-1,-11,-11,-1,0,2,5,5,-9,3
3,0,-15,-3,-1,-6,-2,-19,3,-28,-7,-9
-11,5,-10,-5,-12,1,-19,-11,-2,-28,-5,-10
-12,6,-6,4,-18,0,-6,6,-9,2,1,-7
4,-11,-1,-1,-1,7,2,-18,-5,-5,3,-14
3,0,-5,-1,-8,10,3,8,-12,5,6,8
5,-9,-11,1,-9,10,-2,-10,3,-5,0,-19
-8,5,1,-21,-2,-5,6,-15,2,8,2,5
-7,6,-9,9,4,3,1,-3,-13,13,1,-7
5,3,-8,-1,6,0,2,-21,7,-6,6,1
6,10,-15,8,-18,4,-1,3,-4,6,-2,-19
2,4,-3,5,-13,15,-10,5,-3,-2,-18,3
5,8,7,-4,-4,0,7,6,7,9,5,3
-11,14,-19,11,2,9,0,4,0,0,1,1
2,4,3,-4,-3,2,0,18,-3,15,-14,18
4,-2,5,19,-8,-8,0,9,-11,15,-13,9
1,16,-7,-12,3,10,-11,19,1,14,4,-10
-9,22,-17,-3,-6,20,2,20,-2,-7,-1,-8
-1,3,-2,6,-1,13,-3,5,5,-10,-12,-13
-7,4,-5,7,-4,5,-1,22,1,19,2,9
1,2,-3,-5,3,3,4,0,1,4,5,-7
4,-9,-14,9,3,2,-2,23,3,-9,0,8
-3,7,-16,-8,-10,-4,2,7,1,24,1,6
3,-2,6,-3,5,-5,5,-1,2,9,-1,12
-5,29,-16,-2,4,-4,5,29,4,5,-2,19
1,5,1,7,3,2,-18,2,5,29,2,-2
3,-2,4,30,-18,9,-1,0,-14,17,6,28
3,-2,7,25,6,3,-5,17,-12,25,-10,24
-9,16,6,33,6,5,-6,26,2,18,-4,28
-5,15,7,6,3,1,-2,17,-12,31,0,9
2,6,0,7,-2,12,-9,19,-2,28,1,1
-1,13,5,9,0,3,7,34,7,36,-1,3
0,-6,1,-8,0,-21,-10,-18,1,-31,1,-15
-13,0,2,-6,-2,-1,-1,-29,8,-21,-2,-24
-2,-7,5,-22,-4,1,-5,2,-2,-19,6,0
7,-33,-14,-23,6,3,7,-22,-7,-9,0,-8
4,3,-10,-7,5,-13,4,-21,-6,-9,3,1
1,-1,0,-8,8,-6,-2,-5,3,-24,3,-6
-4,1,-10,-3,8,-13,-2,-22,3,-28,-11,6
4,-13,5,-3,7,-20,-1,-6,6,-9,4,-2
5,4,-6,5,-8,-6,4,-10,5,-7,-8,4
3,-4,3,0,0,5,-5,-7,4,-3,2,2
6,-11,-10,-21,3,-7,-11,5,2,-1,5,-3
7,9,7,1,-3,-5,6,1,7,4,-13,8
7,-8,-2,6,-6,2,-5,7,6,-17,1,-2
-6,5,-7,10,-14,0,8,-13,-17,-14,-9,2
-1,-2,-1,-5,-11,-12,2,2,1,-9,-9,2
-5,9,1,-2,-3,10,-1,5,6,-19,1,-21
-8,9,-15,-11,-2,4,4,-11,0,10,7,-3
-9,6,-17,-9,-3,11,6,0,5,-11,5,8
7,12,0,-8,-4,13,-6,6,7,4,-4,7
-2,9,6,-7,-8,17,8,9,5,-17,1,-4
3,15,-8,5,-7,16,-2,-3,2,3,-10,-4
-10,20,2,-8,5,17,-5,12,-1,9,-18,-6
0,19,-6,-3,0,3,-15,8,-7,14,2,3
6,-13,-16,16,5,1,-5,11,-1,23,-18,11
3,0,1,3,5,-3,4,10,-4,14,1,21
1,3,-7,0,2,-6,0,-10,0,6,7,19
-13,22,2,0,-2,3,-4,10,-2,-2,-8,11
4,-5,1,11,7,-8,-1,11,-6,21,1,19
1,4,2,-2,-2,0,5,1,7,20,-9,15
-3,9,0,-1,6,-7,1,2,-6,21,0,2
4,-6,6,28,-13,18,4,26,2,16,-10,25
-1,9,4,10,7,-1,-3,14,6,-1,7,7
1,7,0,14,-8,9,8,25,-2,2,7,-1
3,2,4,15,7,2,-6,18,-4,15,0,12
2,7,7,32,-16,2,-10,25,8,3,-2,16
0,11,2,19,0,1,3,14,-14,21,6,19
2,8,8,11,-1,9,-7,24,-4,21,-1,6
-1,-5,-14,-32,4,-14,-3,-11,7,-21,-5,0
4,-1,8,-5,6,-20,9,-14,-2,-9,-15,-35
5,-19,-9,0,-8,-2,-3,-12,-15,-30,1,-34
3,-13,8,-15,-1,3,5,-30,7,-3,4,-30
3,0,6,-5,-16,-5,-2,-12,5,-24,-1,-19
-12,3,-14,-16,-1,1,-6,-14,-9,4,-10,-3
-6,4,8,-20,3,-6,1,-30,-10,-28,-13,-11
0,0,-7,2,-9,-24,7,1,-16,5,-16,4
-11,6,-5,6,7,-15,-6,-9,-2,4,3,6
5,-8,-4,6,-5,5,-6,4,1,-3,4,-20
-2,1,-1,10,-11,7,5,-1,9,-15,-11,2
9,4,-3,2,-2,-4,4,-11,7,-6,8,-12
7,-4,5,7,4,6,4,-13,0,-2,5,-2
-7,-1,-2,2,-1,-2,6,5,7,-23,8,6
-3,4,-3,-21,-8,14,3,7,-1,3,3,10
-7,6,-15,13,-13,-3,-12,15,-8,13,-4,14
8,4,9,1,1,0,6,14,2,15,1,10
9,16,5,-13,-5,-4,-12,5,2,-7,1,2
8,-1,2,3,-2,15,8,-16,4,-15,-15,-13
8,16,1,-5,-4,9,8,-4,-5,5,2,-9
2,5,3,1,-4,13,9,-10,1,12,6,5
5,2,-11,-14,7,15,-7,17,-9,19,6,3
7,-6,-14,2,7,6,4,-1,-9,18,3,-10
3,2,-5,2,0,15,-9,19,6,2,2,17
5,-4,-10,-7,3,1,2,-6,-12,1,8,6
5,-6,-8,5,4,-5,-13,-7,-2,11,-14,13
3,0,-17,25,-16,9,-3,-2,-15,-8,-10,11
-1,6,-16,-1,-5,1,-16,22,2,-6,-1,17
-5,6,-15,16,-11,-8,-10,-2,1,-2,0,16
2,3,9,13,-8,5,-16,26,-11,13,5,2
-5,7,-11,-3,-13,24,-3,4,-8,-3,-13,19
4,-3,-1,14,-8,-5,-3,7,-10,4,-6,10
-3,12,-4,11,-5,-1,-11,2,-13,31,-2,32
4,-3,8,5,-5,-1,-3,6,-13,11,-7,16
2,6,-5,15,-14,28,-14,5,-16,13,-7,5
-1,12,4,5,-14,30,-4,10,-4,16,-3,6
3,3,-8,19,-1,0,-4,10,-17,34,-14,27
-4,-1,-8,-6,5,-3,8,-16,1,-36,-15,0
-1,-2,8,-24,8,-3,-2,-4,1,-14,-8,-8
9,-29,-5,-3,-9,-5,1,-26,-14,2,7,-34
9,-29,3,-26,5,-20,1,-15,-11,1,-10,-14
3,-15,2,2,8,-27,-2,0,6,-1,8,0
2,-2,3,0,-5,-8,0,0,3,-8,6,-24
8,-20,-10,-19,8,1,6,-2,4,-14,0,-2
0,-11,-2,1,-6,-27,-6,-7,-1,7,-12,-19
9,-19,4,7,-4,-7,4,3,4,-16,1,-16
-5,5,-15,-25,-4,8,-1,5,-2,-7,-4,-3
-5,-7,3,7,6,4,9,4,4,-12,9,-19
10,-14,3,9,-3,2,0,8,8,-16,-8,-21
-6,-1,-11,-24,3,12,4,-24,4,0,8,-24
-6,3,4,8,4,0,8,-5,-7,2,2,-16
-5,-1,-5,8,9,7,10,6,3,-20,10,-15
-6,3,-6,7,-7,14,4,6,7,5,10,-18
-1,3,2,-16,-15,-7,3,7,3,-14,8,-11
-4,2,-1,-5,-3,11,-7,10,2,-14,-15,-10
9,5,-11,-10,1,16,-14,-17,-13,3,-2,14
8,1,-11,-5,-7,17,4,-15,8,-9,-3,6
4,6,-2,-2,-8,20,9,-13,-2,17,-9,-1
2,17,-10,-6,-2,7,6,6,-2,17,-12,-3
-4,22,-12,12,2,-3,5,11,-9,2,7,-12
7,-7,-8,-7,7,-9,-4,18,-6,-1,-13,3
6,-11,-2,-9,-13,-7,-10,-9,-12,13,-15,20
5,-8,-16,13,-5,-8,-5,25,-5,-5,-14,2
5,-9,-15,22,-6,4,-11,18,-6,-4,2,22
3,0,-1,2,-14,20,-2,8,8,3,-6,13
4,-3,-14,12,-2,1,-6,7,10,24,-4,10
-3,9,-6,-2,-6,-7,-12,23,-15,17,-7,9
4,-2,0,-6,-3,-2,-13,24,2,25,-6,12
3,1,-14,10,-3,8,-4,7,-15,3,-11,10
4,-4,-1,-2,-14,10,-9,8,-9,-4,-8,14
-2,12,-8,15,5,11,-16,13,-9,5,-10,21
-1,12,-10,19,-15,31,-6,2,-5,0,-10,19
2,6,-6,14,-12,7,-15,27,-11,31,-12,29
2,1,-8,9,-11,27,-9,4,-6,1,-4,0
6,-19,7,-7,-6,-3,4,-34,3,0,4,-29
-1,-2,-9,-4,-3,-5,4,-30,3,-23,3,-25
5,-15,10,-21,2,-8,0,-4,8,2,-12,-23
5,-15,11,-9,-2,-2,-13,-10,-7,-23,1,-4
2,-5,-8,0,-1,-3,-6,3,0,-11,6,-1
8,-19,4,-6,4,-8,7,-8,7,-8,-7,-3
3,-13,-6,5,3,-9,-5,6,-8,-13,-4,6
4,2,-14,-20,-11,-29,7,-9,-10,-14,7,-17
7,0,5,2,1,-6,0,1,9,-17,2,-9
11,-21,9,-2,-2,-10,10,-19,2,5,5,-9
-6,4,-4,0,-4,9,-2,-9,7,-15,-7,-21
10,-7,-3,6,-5,11,-5,4,-4,1,9,-17
11,-4,1,5,5,4,3,-4,3,-17,10,-18
-1,2,-3,3,-1,-2,2,-21,2,-4,2,-22
-3,3,-9,-5,3,-3,8,3,11,7,-15,-20
-4,2,-3,15,10,-1,2,1,5,-1,-11,7
-3,2,10,-9,-10,-14,-4,14,-10,-11,-6,7
-2,6,-7,-19,-1,5,3,14,-1,5,-10,2
-5,7,2,-10,-2,10,-7,10,2,-2,1,-10
2,5,-13,-3,4,8,3,-14,8,-6,7,-16
10,-4,11,-16,-4,15,2,8,4,13,6,3
0,15,-8,4,1,10,8,-1,1,4,4,9
2,21,-12,21,7,3,-5,16,-15,2,-6,-11
5,-1,-14,14,-12,-7,5,22,-15,-3,-15,-13
-2,5,-12,16,-11,9,-9,3,-10,-7,-8,15
5,-5,-1,-7,-9,-3,3,10,-13,1,-9,23
2,2,-1,0,-5,0,-15,-8,-7,16,-13,1
-11,27,-5,14,-11,18,-11,3,-14,11,-10,20
3,1,-8,13,-1,-7,-12,28,0,3,-13,9
5,-5,-3,7,-10,25,-11,11,-8,17,-11,8
2,5,-10,12,-9,19,-4,17,-13,25,-1,10
4,0,5,28,-4,10,-11,24,-12,17,-9,21
3,4,-4,1,-3,8,-6,-2,-1,12,-10,28
4,-3,-6,2,-6,18,1,-2,-5,0,-2,5
2,1,-4,11,-11,34,-11,25,4,15,-10,25
-13,27,-2,11,-3,0,-5,9,-11,32,-11,13
-15,17,-9,6,1,5,-12,27,-7,17,1,3
-1,-18,1,-9,12,-2,12,-23,12,-29,0,-5
-1,-1,10,-33,-2,1,3,0,4,-33,3,-31
7,1,-12,-21,-14,-27,-5,-4,11,-31,-8,2
3,-15,-7,-4,6,-3,10,-23,8,-12,2,-11
-9,1,-5,0,11,-6,4,-21,6,-15,7,-19
11,-24,10,-27,-13,-7,10,-23,6,-31,-3,1
-8,5,-13,-5,2,1,-5,-2,-5,-14,-6,2
9,-2,-14,-16,1,-11,8,-22,-12,-9,3,-19
10,6,8,-1,-7,-19,7,-25,-4,6,-2,-9
9,-4,-12,-6,-2,-3,3,-6,-3,7,10,-26
12,6,-14,1,2,4,11,-5,3,-24,8,8
12,-8,-12,-24,0,-5,9,-22,9,-11,-5,9
1,0,-5,9,-3,5,7,-19,10,-8,5,-20
1,-1,-12,8,-3,10,6,-7,5,8,3,-2
0,0,-1,3,-2,0,10,-9,0,-9,7,-12
-1,1,3,14,5,1,-7,-4,6,14,-8,-4
12,4,2,15,0,3,-7,16,-10,-11,-11,-3
12,4,1,3,7,10,6,-4,-3,-12,9,11
0,6,3,-9,-3,-18,8,-6,9,-8,0,11
11,4,3,-7,0,10,4,10,7,-11,4,14
11,19,-4,4,-14,-7,0,3,2,17,-5,15
-5,19,1,-11,8,17,2,-6,-8,17,3,0
7,0,-7,3,-14,10,5,1,-10,-4,-4,-1
8,-1,12,-10,-11,8,-12,-6,-9,-9,-14,13
6,2,-1,-7,-3,10,-14,-3,-10,-11,-5,17
7,-5,11,22,-14,-7,-10,23,-8,17,-6,12
-3,5,-5,11,-8,18,-14,2,-9,23,-4,6
-5,12,-8,16,0,-5,-6,13,-9,17,-12,9
1,5,-4,0,-1,1,-1,-8,-8,15,-2,9
4,-2,8,16,1,2,-10,26,1,8,-3,-2
3,-1,0,1,-14,12,-7,-4,12,-4,-1,4
2,4,-6,14,11,-3,-8,21,-1,-4,-6,19
2,0,-3,16,-12,9,-4,-1,-11,2,-4,8
-2,7,-3,7,-1,-1,-5,18,-7,3,-1,-3
-3,10,12,14,-1,-1,-9,29,4,19,5,34
-1,7,-5,10,-1,2,-10,35,4,31,6,29
-9,30,-5,22,-1,0,-10,35,-11,12,-14,6
6,-17,11,-5,6,-12,11,-4,5,-3,3,-35
4,-4,4,-7,-5,0,5,-31,9,-23,10,-2
-2,1,11,-10,-7,-4,9,1,9,-7,-4,2
12,-30,-5,2,-6,3,6,-12,2,-4,4,-6
9,2,11,-10,-1,-14,10,3,9,-10,-12,-11
-3,4,10,-31,-1,-4,13,-20,-7,3,4,-8
9,-12,-1,-14,-10,-7,10,-1,11,-5,3,-10
8,-3,-10,-8,7,3,-6,1,3,-18,13,7
6,-4,-4,-3,7,-6,-1,-3,10,-5,-4,7
-5,1,-2,-13,2,7,-2,0,8,-15,7,-13
13,8,0,8,-5,-16,8,-14,6,2,3,-19
2,-4,-1,3,3,8,-2,-9,3,-8,1,-5
-2,-2,1,5,4,5,8,6,6,-16,3,-1
-2,2,-4,7,-5,10,3,5,5,12,-1,-3
-2,2,-4,14,9,4,-5,8,-2,8,-9,7
1,2,4,10,6,11,11,12,7,-10,11,-14
-1,3,-5,8,0,2,5,-2,-1,1,-5,-20
0,4,3,-10,11,0,-1,4,3,8,11,9
13,3,5,-10,-2,6,10,6,6,-11,1,16
1,4,6,0,-3,13,5,2,6,17,4,-10
4,5,-12,-12,-2,9,0,17,-9,1,2,8
-7,15,2,-9,9,3,7,13,0,1,4,-6
7,3,0,4,-6,-12,-6,-9,-2,0,-4,7
10,-6,-2,16,-7,11,3,-13,-11,11,0,-10
3,2,-7,16,0,-6,-5,11,-4,-4,-6,8
-6,15,-8,21,-11,10,0,-5,-2,2,1,25
-7,18,-13,11,6,11,-12,14,1,25,-9,12
1,3,8,0,9,-4,-6,-8,-10,-7,-7,-2
2,2,4,14,-11,18,7,10,12,10,-8,-1
2,4,-3,22,-11,9,-1,2,3,29,2,9
0,7,-2,26,2,22,2,-1,12,10,1,-3
4,-3,4,8,3,18,-10,27,-2,27,-4,8
0,8,8,-1,-3,0,-8,12,0,31,-9,19
3,0,-9,8,-2,3,-12,11,-2,-2,-6,21
1,11,-9,18,13,20,8,29,7,16,-10,-2
3,4,-9,30,-2,16,12,4,-11,10,-4,11
4,1,5,14,2,36,-4,15,-1,20,-13,12
9,-18,-11,-3,11,-13,-3,-3,1,-7,-2,-5
7,-3,12,-6,-1,-5,-2,0,-12,0,-2,-6
8,-1,-11,-10,-8,-5,6,-2,8,-30,-7,-24
7,0,-1,-8,-12,1,6,-27,-6,-18,13,-5
13,-24,9,-6,-3,-30,-2,-4,-7,-25,-12,-21
10,2,0,-4,-6,-15,8,-23,-12,-3,-3,-1
8,-3,1,5,2,-12,7,-7,8,-20,-4,-1
11,-4,-2,6,3,-7,-3,3,12,-7,11,-26
4,-4,0,-4,5,2,7,-17,-2,0,14,5
14,-8,-12,-20,-1,-8,10,-1,12,-4,5,-24
0,1,2,7,-1,-21,8,-14,7,-7,-11,-15
1,-4,8,7,1,-6,9,8,13,-23,4,-16
0,2,-11,-7,0,4,12,-8,-3,9,-6,6
14,13,4,4,8,3,5,13,-3,3,-7,-4
0,2,0,-12,7,-7,5,3,6,-11,4,13
1,3,9,13,-4,5,14,-9,5,-13,7,8
14,2,-12,10,-3,-6,-3,-13,-5,1,-8,-14
12,-17,-7,10,-1,-6,-2,0,-1,-4,7,-2
5,-5,-6,4,-3,2,-11,2,-10,-2,-11,13
6,-6,1,-8,-5,9,-5,8,-4,4,-5,2
7,-9,-10,-12,-5,9,1,-3,-6,13,1,-7
4,-3,-3,5,-2,2,-2,2,-5,10,-12,19
4,-3,-12,1,-12,18,1,-2,1,-6,-1,0
6,-9,4,4,-7,20,-12,-7,0,-9,-3,7
6,-9,-2,-11,2,-2,-7,18,-11,-12,0,2
-8,24,-4,11,3,-7,-3,8,-7,20,2,-1
2,-6,-9,12,-4,15,-1,25,-12,5,2,7
-8,25,-5,19,-7,-8,-10,3,-1,-6,9,0
5,-1,-2,-2,-3,0,-9,7,1,-6,-3,-8
4,3,2,11,-7,18,-7,10,-8,-1,1,-2
2,8,-3,-3,-5,16,2,27,1,30,0,7
7,-4,1,-3,-10,25,-10,19,-12,7,-3,5
6,2,-2,-4,1,8,-11,26,2,1,6,10
4,5,-7,13,-6,9,-7,23,0,9,-1,8
5,6,-4,21,-9,11,-12,28,-5,24,-12,3
3,6,-8,3,0,3,-5,26,-12,18,-7,4
-4,23,5,1,-7,12,-3,22,-10,28,-1,35
7,-5,4,-5,0,-9,12,-14,6,-24,12,0
-5,1,12,-7,6,0,12,-8,-9,-30,15,-10
14,-33,14,-7,3,-20,11,-24,14,-29,7,-10
-3,3,-10,-33,4,-4,4,-11,-8,-13,-3,-23
-5,0,0,4,9,-15,10,0,8,-2,-7,-30
6,-12,7,5,-11,-5,9,-24,2,-16,0,-31
14,-1,-4,4,8,-2,13,-16,10,1,7,-1
13,-10,8,-3,8,-3,0,4,12,-26,0,-4
0,-8,-9,-5,7,5,-5,8,-10,-27,0,-4
-2,0,-9,-21,-7,-21,10,-5,-1,8,12,-14
15,-1,0,-26,6,7,11,5,7,-25,4,-12
14,-3,3,-2,14,2,0,-5,7,0,7,-7
0,2,-3,-21,-7,-4,7,-8,5,-10,15,-11
10,-4,-7,10,-3,1,-3,1,-1,-4,-4,-17
10,-14,2,-8,-7,11,0,-7,-4,-2,-4,-18
4,-6,-3,3,-3,2,2,-14,-8,11,-5,-6
6,-10,-1,-2,3,-17,2,-19,-6,9,0,-13
4,-7,-11,-3,-10,3,-5,-12,0,-3,4,-14
5,-11,8,-6,-9,4,4,-6,-7,16,-6,-14
6,-17,-10,-3,-8,12,-2,-6,11,13,-2,-11
2,-2,2,-8,-7,-4,-1,-5,-1,1,0,-4
6,-9,-7,-12,1,-9,-4,-6,-1,-2,2,-13
7,-14,-6,16,-9,10,-5,-4,-6,16,-1,0
3,-5,-5,-11,5,-2,3,1,-11,17,-4,-11
4,-9,-10,18,9,15,-7,13,-5,7,1,4
0,3,7,18,-7,15,2,-7,-9,21,-1,0
5,-9,-6,3,-11,25,-6,1,-4,5,-9,-3
-2,11,0,9,-10,14,-10,13,-4,-2,-8,21
4,-4,9,13,-11,13,-7,18,-1,0,-5,-8
4,-5,-5,12,-9,26,-6,-5,1,-2,-3,12
6,-2,-2,-2,-11,21,-3,7,2,3,-10,14
3,6,-11,29,-9,31,-11,9,-9,29,3,16
5,-2,-8,23,5,-3,2,1,1,9,-5,9
5,-3,-1,0,-2,16,-4,21,-3,-3,1,9
7,0,-7,34,2,5,4,29,-5,19,-4,10
-1,17,0,11,1,-1,3,12,-6,17,10,5
-1,0,2,1,-10,34,-9,29,-6,8,-6,23
7,-8,13,-11,-2,-9,10,-3,8,-36,11,-22
6,-5,9,-13,16,-25,10,-5,10,-5,-2,-5
3,-1,5,2,-3,1,16,-31,9,-10,15,-18
5,-4,9,2,4,-5,-5,2,10,-20,2,-3
0,-1,0,-16,4,-7,9,-28,11,-2,7,-21
3,-2,14,-13,-4,5,16,-29,2,-23,-2,3
1,-2,12,-13,1,-2,7,-30,6,-10,-4,-19
16,1,4,-1,15,1,11,-21,4,-10,7,3
5,-8,-2,-15,-9,-19,16,-4,-5,8,10,7
1,9,0,-8,0,-11,-4,1,-2,-3,-2,-10
11,-22,-3,-2,-6,8,-3,0,-3,1,-7,-20
3,-10,1,-10,-5,5,-2,-4,1,-16,-10,8
9,-20,-4,3,-6,11,3,-22,3,-19,-3,-13
5,-15,-1,-23,-8,-5,-4,-2,-1,-23,-8,-1
4,-15,6,2,-10,8,0,-22,-10,0,4,-21
-4,6,4,13,-7,6,6,-18,3,11,3,-4
3,-13,-8,8,9,14,-4,-12,-6,8,-10,1
3,-13,1,-2,10,6,2,-17,-1,13,-5,-1
3,-9,4,-18,9,-12,0,5,-1,-5,-3,-17
0,-1,-9,2,-4,-8,-5,-8,-10,-14,4,-15
-2,6,-4,-9,4,3,-5,-4,-7,-15,-6,-8
4,-10,-9,-4,-3,-9,-10,16,4,0,-8,-1
0,3,-8,11,-3,9,10,-11,4,-12,-8,13
1,0,-7,-3,5,2,-8,7,-4,-10,-2,3
-5,19,16,22,-7,23,-8,6,0,2,-3,-5
5,-5,-8,-8,7,7,-2,-6,-6,19,6,25
-6,23,-9,11,-7,-2,-8,6,6,20,-9,14
2,-4,6,4,16,5,0,12,-9,3,3,24
-1,10,7,16,15,6,-10,-8,-4,-4,4,4
2,0,15,-6,6,3,11,0,-5,-5,-7,22
1,0,-2,-5,5,-1,-7,17,-4,11,6,21
2,3,2,4,-8,10,1,-3,-6,19,-8,24
2,2,-8,3,-6,11,3,5,5,21,1,-1
-7,33,16,22,10,7,-4,-2,-9,10,-7,28
2,-1,15,23,9,17,-8,8,-1,16,-6,33
1,3,-8,15,-10,19,-10,22,4,-1,-4,1
0,12,-10,28,11,7,8,14,1,4,-5,17
14,-25,-6,-10,-2,-35,-5,-34,5,-9,9,-2
11,-1,5,-11,1,-15,1,-4,10,-34,12,-12
16,-28,-7,-24,14,1,5,-8,14,-18,11,-12
3,-1,11,-11,13,-23,14,-26,8,-24,17,-5
-2,-2,-6,-20,12,-16,14,-15,9,-19,10,-30
5,-1,7,-20,-6,-28,-8,-22,3,-25,-6,-18
14,-27,-2,-4,1,-11,-4,2,1,-30,-5,4
9,-19,3,-16,-4,2,-3,-27,-1,-18,-2,-3
10,-26,-5,6,-1,-6,1,-12,-1,-6,-1,-25
4,-16,-4,-1,10,-27,-3,0,0,-22,-8,-8
1,-11,-7,4,-1,-12,-6,-17,-8,5,-7,10
5,-24,-5,10,9,2,-7,-10,5,-17,-9,-11
1,-10,8,12,8,-21,-7,-20,4,-12,1,9
2,-21,-4,-19,0,-17,-3,-1,0,12,-3,-17
1,-12,17,4,-2,-18,3,-19,17,-22,1,-18
0,-6,3,-2,11,-13,3,-17,5,-18,9,1
3,-9,-5,1,-3,-5,-5,-5,-5,-2,-3,3
1,-14,2,-16,5,-11,-6,15,4,-16,-3,-1
3,-15,-8,-12,6,14,1,-9,-7,1,-5,8
5,-11,0,-16,2,3,-8,-12,-6,-7,-6,-9
5,-7,-6,20,12,-13,5,-1,-9,-8,4,-10
-2,10,6,3,15,-3,3,0,12,8,-2,1
2,-14,9,1,15,1,-7,7,8,3,1,-4
-2,10,8,3,1,-6,-5,-12,3,22,-4,-7
2,-7,-4,12,7,14,-4,-11,-4,7,-3,-3
3,-9,-7,8,2,15,16,18,-9,2,6,1
3,-1,0,-3,-7,17,-8,19,4,20,-8,5
3,-5,6,-9,-5,13,-4,-4,-1,-6,5,-1
2,-7,5,24,-1,3,2,-5,13,9,5,22
-2,14,7,21,2,5,5,28,8,11,13,-1
-3,17,5,3,-9,9,16,-2,5,30,11,22
1,-2,-6,19,-6,23,-7,21,4,9,0,3
1,7,14,32,-9,15,-2,15,-9,17,-5,3
1,3,0,3,0,14,-2,5,2,19,-9,17
2,7,11,3,11,27,5,32,-3,6,-8,0
0,5,-4,6,10,10,7,3,-9,13,8,24
-1,17,16,23,-1,2,-9,34,4,19,9,19
10,-2,14,-4,-8,-33,17,-36,2,-27,-6,-4
9,-1,3,-8,-7,-27,15,-29,11,-3,8,-23
6,1,-4,-21,-6,-14,2,-28,1,-33,-3,2
9,-18,-4,-1,-3,-4,3,-19,1,-12,-6,-3
12,-25,4,-20,3,-18,2,-30,1,-26,-1,-10
11,-28,-1,-6,-2,-4,-3,-2,-2,-4,-4,1
7,-30,6,-25,-3,-28,3,-17,-1,-7,-4,-9
-4,3,0,-9,4,-16,3,-18,2,-13,4,-26
2,-15,18,-22,-4,4,18,-10,-5,-14,-8,2
-2,-2,-4,1,7,-19,7,-25,-6,-13,-5,-26
-2,-14,-4,-3,-6,-3,4,-20,2,-8,-5,-1
-1,-12,-2,-2,-1,-10,-4,-17,-4,7,-6,-9
-1,0,-4,-17,5,12,-4,-1,-3,-1,0,9
6,-23,0,-21,3,-14,-4,-1,-7,-21,6,-10
4,-10,3,-18,4,-13,-7,13,0,-17,9,-5
5,-11,-6,6,-5,4,-2,4,-8,-17,-4,-10
8,-14,-2,15,-8,-9,1,-3,-8,-13,-3,10
6,-9,2,3,-2,-5,-1,2,-3,8,-2,8
7,-9,-5,12,-5,16,-2,-4,-2,-5,-5,-11
7,-16,8,-2,8,-15,-1,6,17,9,3,1
1,3,0,-9,7,-6,-5,-2,13,6,3,-10
4,-15,12,9,-5,18,6,-13,8,-13,-8,-12
5,-10,6,3,4,-9,6,-7,0,2,1,-7
1,-3,2,0,-6,6,-7,-12,2,8,16,-7
-5,21,-4,-11,-4,19,-4,-2,-8,-12,-1,11
1,-8,-2,13,12,1,-4,21,-5,18,3,2
2,-9,14,2,-2,19,-8,-7,-3,7,7,-10
0,9,17,3,-4,-4,5,9,11,12,3,18
0,0,-7,28,10,0,-1,-8,14,27,17,27
1,5,1,6,13,-5,-7,14,-7,22,13,8
5,-5,11,0,6,10,7,8,4,-3,1,27
-2,13,5,31,-5,21,2,8,11,21,-5,23
5,-4,3,12,-7,32,-2,8,-6,18,0,17
-4,28,3,6,7,21,-1,13,7,6,0,8
1,-1,7,5,7,1,-5,18,4,5,0,0
0,11,-2,31,-8,27,-1,9,7,18,-1,16
5,2,-6,8,13,1,3,4,-8,24,7,30
13,-35,-2,-5,3,-18,6,-33,2,-16,-3,-20
10,-26,3,-18,7,-33,3,-17,2,-16,-4,-31
8,-29,6,-17,-4,-2,-4,-18,2,-32,-5,-15
4,-30,7,-22,1,-12,2,-27,8,-9,3,-27
4,-22,0,-5,5,-25,-5,-24,-4,-4,18,0
-1,-15,2,-14,-6,-1,-7,-9,-6,-9,3,-29
-1,-25,17,-16,-4,-26,7,-26,9,-25,-7,-11
-3,-13,4,-22,12,-24,-2,-6,-3,-6,-1,-17
-1,-20,-7,-20,0,-11,-2,-7,-4,-11,9,-4
2,-23,-6,-5,1,5,-6,-14,1,-23,-5,-4
3,-22,17,7,3,-17,3,-12,7,-25,-7,6
2,-11,18,6,7,-14,2,-13,8,-15,-7,3
2,-7,-6,-23,-3,-14,4,-18,9,-21,5,-23
-2,6,-1,-23,-1,-10,-3,-10,1,-3,-3,10
7,-19,-3,8,1,-19,-5,-20,7,-15,6,-18
4,-10,13,-10,6,-13,2,-12,2,-11,6,-3
1,-4,-1,9,7,-20,2,-4,1,-5,10,10
0,-8,0,-7,2,-3,-4,-2,0,0,3,-19
-1,-11,-4,14,15,1,-4,11,-7,11,-2,10
-1,-17,0,-1,19,-1,6,-3,-1,-1,-7,14
1,-16,0,-8,-7,20,-5,-13,19,7,18,-8
1,-12,19,4,7,2,12,4,19,4,-5,-5
3,-5,6,-7,1,-1,14,10,1,-12,-7,15
4,-5,-1,-8,10,-1,-2,9,-3,23,-2,11
3,-4,7,4,-5,5,2,2,14,4,0,-9
0,-11,8,-3,8,0,1,-8,-3,10,10,17
6,-7,-2,12,8,2,-4,-9,-3,-7,-4,25
2,-1,9,17,-5,-2,7,-3,2,22,-5,12
1,12,10,18,3,20,4,14,2,4,-6,9
2,9,17,23,2,-3,-1,23,-7,25,10,1
2,1,12,-5,-5,28,-5,26,9,-5,-6,2
3,-3,-3,7,18,31,-5,-5,-2,11,-5,23
-1,10,15,5,-1,-2,-7,17,10,22,15,22
-1,21,0,-2,-5,0,1,4,7,6,7,12
6,3,-2,4,16,26,18,18,-2,8,5,7
1,20,9,2,7,12,-1,12,7,10,1,24
1,7,13,9,8,25,9,22,-5,23,-4,26
3,-25,0,-10,9,-29,-6,0,0,-12,20,-20
0,-29,-6,-18,-1,-28,-3,-23,-5,-24,-1,-4
-1,-24,15,-16,13,-18,-3,-15,9,-20,13,-2
0,-24,-2,-27,-5,2,18,-27,-4,-20,-6,-23
-3,-32,3,-23,3,-29,9,-6,-3,-21,9,-6
-2,-29,0,-11,-4,-3,-6,-27,3,-16,7,-17
-2,-15,6,-10,-4,2,-6,-29,12,-8,-1,-8
2,-16,1,-11,0,-26,-2,-22,4,-24,2,-20
1,-6,3,-18,-4,3,2,-16,8,-3,-2,-11
8,-25,7,-14,0,-9,1,-9,6,-18,0,-7
5,-19,9,-25,-3,-12,0,-9,-4,-1,5,-4
0,1,14,-2,-1,3,-3,-7,-3,10,-3,-22
1,-9,-6,-13,-1,2,7,-16,-6,-19,13,1
1,-7,2,-7,1,-4,-6,-13,4,-3,7,4
3,-9,12,-9,-5,-1,6,-22,2,-3,3,-7
-1,6,-2,-5,16,-5,-1,-8,0,4,3,-2
-3,14,-3,-3,9,-14,-3,13,-5,5,7,-7
-1,-17,-4,16,-4,6,9,-10,1,-18,5,15
1,0,1,5,-4,-7,-6,8,12,-3,5,-2
0,0,2,19,9,10,9,-6,-3,-8,2,3
2,-10,9,3,13,1,2,-6,11,12,15,16
0,-14,15,15,-5,-11,-1,-7,5,-7,-3,7
0,5,-3,11,1,-6,0,6,-6,11,3,0
2,-11,13,-8,1,21,8,-10,10,15,4,-5
1,-2,6,-4,-6,19,1,17,-1,-9,7,-11
-1,10,11,22,12,3,-2,3,-2,16,18,15
0,0,16,16,-3,5,-4,15,17,14,1,22
-1,3,9,7,11,16,-5,23,13,1,6,25
-2,-7,19,-5,8,-2,1,-1,0,6,-2,-5
-3,25,-4,25,11,14,-5,-3,-1,17,12,-3
-1,5,-6,8,9,7,-6,14,-1,15,20,6
-2,24,12,4,-4,1,0,-5,1,13,2,1
1,1,1,31,17,26,-2,15,-1,8,-2,23
1,-1,11,4,1,9,-4,16,0,4,16,11
2,3,12,28,2,17,19,16,20,18,9,4
2,3,-5,14,-2,3,-1,3,6,15,-3,8
0,22,7,26,9,2,5,12,-4,6,8,27
2,-33,3,-21,3,-36,7,-28,-3,-36,1,-14
2,-29,-2,-35,8,-20,-2,-35,-1,-28,11,-33
2,-22,8,-10,7,-20,16,-28,-2,-18,8,-22
2,-32,-1,-19,20,-16,4,-20,-4,-1,21,-7
-1,-2,8,-32,2,-14,3,-21,21,-5,2,-7
3,-12,3,-14,-4,-16,6,-21,5,-16,-4,-26
2,-16,12,-16,15,-29,-5,2,1,-25,-1,-17
4,-27,4,-17,21,-6,1,-18,5,-4,-3,-23
3,-13,-4,3,19,-18,1,-19,17,-19,6,-27
-2,8,14,2,3,-20,-1,4,1,-5,3,-5
4,-26,11,-4,-1,-17,5,0,11,-16,11,-11
5,-18,4,-7,3,-19,5,-20,-5,-23,-1,-24
3,-10,5,-14,4,-14,-2,7,16,-16,0,-11
-2,-2,20,-17,7,-12,9,-23,-4,10,-4,11
0,2,-2,-8,-5,-6,13,8,0,-21,21,-13
-5,15,-5,-21,0,-16,3,-12,4,1,20,-16
1,-17,-4,-2,2,-4,6,-15,-1,-1,12,-4
0,0,0,-4,-2,-2,20,17,-4,-3,11,11
-2,-13,18,11,-2,-8,-5,15,8,-8,-5,-11
-5,15,9,3,13,-13,-2,-12,10,13,19,2
-3,20,13,-9,13,-9,8,0,-3,-7,1,-11
-3,5,3,16,14,-3,7,-4,-3,20,6,8
-2,-10,10,12,10,0,0,-14,1,-3,-5,3
0,-10,8,-9,-1,15,-2,13,3,10,21,-13
-3,-12,18,-2,8,-7,4,8,-2,-12,3,1
0,-4,10,13,-4,6,-4,8,2,11,12,25
-1,9,-1,8,-3,25,7,6,8,-3,-3,5
1,-7,5,-2,12,14,10,-8,-4,-5,18,25
-1,9,2,-4,-4,18,18,-4,12,22,16,18
0,16,-1,1,11,21,-2,-1,-2,12,10,-4
-2,13,-5,20,-4,-5,3,14,4,3,3,-5
-1,15,11,9,3,13,-3,30,6,12,7,3
-2,16,-5,27,17,-4,2,10,6,19,-2,-2
-1,15,-4,2,-2,17,12,25,-4,4,-2,30
-3,16,14,11,16,10,13,27,18,20,-4,25
0,12,-5,0,21,8,8,14,21,20,-1,23
2,4,1,4,-1,16,-4,25,-4,28,1,10
4,-25,0,-34,0,-29,2,-18,11,-18,-1,-24
4,-25,12,-4,-4,-34,3,-22,13,-25,8,-33
4,-33,17,-19,-1,-33,12,-5,0,-19,-3,-4
2,-18,18,-3,15,-29,-1,-31,12,-9,-2,0
3,-12,10,-20,3,-32,-1,-24,16,-4,2,-3
3,-14,11,4,5,-24,1,-6,10,-27,1,-22
5,-25,16,-22,15,-10,-3,-20,-4,-24,11,4
3,-22,-2,-12,-1,7,-4,6,0,-27,-3,-1
-2,-7,11,0,-3,-28,-1,0,-1,2,5,-23
-2,-2,1,0,1,-14,0,-21,-1,6,6,-26
0,1,19,7,-2,-17,-1,-2,8,-9,15,1
-3,8,2,-7,22,-10,7,-18,-1,-20,0,11
0,4,4,9,0,-13,1,-4,-3,12,12,-24
2,-3,-1,11,-3,-16,5,-19,-2,-2,-2,-3
-3,8,-1,-14,11,4,8,-17,18,-22,14,-5
1,-15,17,-9,15,-20,22,-5,1,-21,-3,-15
0,-11,4,-8,1,-6,4,11,13,-9,0,-16
-3,16,8,-18,5,-6,22,3,-4,8,1,1
0,3,-1,-16,-3,13,0,-7,2,-8,9,-7
0,-17,-1,-6,2,-7,-1,18,8,-3,19,9
1,-16,-4,6,13,4,10,-5,-2,-1,22,14
1,-7,9,14,4,-14,-4,13,-3,15,11,-8
1,8,22,14,-2,-2,7,-14,11,-1,10,-14
0,-10,-1,0,8,3,17,16,9,-2,6,12
-1,11,9,8,-1,0,13,22,14,2,17,-10
-4,20,3,19,10,1,-4,16,11,9,22,8
1,-5,0,-10,10,5,22,7,12,-6,0,8
1,16,11,21,19,25,3,6,2,-8,10,-3
-1,23,5,23,-3,10,-4,11,-4,1,2,27
-4,28,11,2,6,4,-4,22,-2,10,8,15
1,12,0,11,1,14,0,11,-1,25,-1,26
0,0,1,31,5,17,21,14,-1,-2,-1,0
0,0,9,23,12,25,1,-1,-1,20,-3,31
1,23,5,26,19,13,10,2,11,0,9,27
3,7,-3,27,-1,14,3,1,21,13,7,24
2,20,8,1,14,27,4,13,0,28,-4,0
2,4,19,8,1,17,-3,2,17,28,21,24
2,-8,11,-34,4,-29,13,-34,4,-32,3,-33
6,-26,12,-22,3,-18,-1,-26,13,-12,7,-15
5,-25,8,-33,10,-2,14,-7,12,1,10,-19
3,-20,14,-18,23,-14,-1,-19,22,-32,-3,-10
4,-13,9,-26,20,-26,11,-16,-2,-15,6,-23
4,-23,11,-23,2,-9,-3,-23,3,-5,7,-16
0,-24,2,-2,-2,-24,6,-30,10,-30,20,-24
-1,-7,4,7,8,-18,6,-21,3,-23,2,-3
-1,-26,12,-25,-3,5,-3,-4,2,0,8,-19
-1,2,9,-20,3,-23,-2,-12,12,-21,11,-4
2,-9,0,-6,23,5,12,-10,10,-8,13,8
-1,-1,14,9,16,-11,2,-10,22,-1,16,1
0,-9,21,12,4,3,-2,-21,0,-16,7,-7
1,-12,7,7,2,-4,20,3,11,-9,2,-20
0,-12,11,-9,5,-2,22,10,9,-7,22,-2
-3,0,23,14,1,-20,8,-13,13,-14,12,-17
-2,0,14,1,-2,-17,11,16,1,-8,16,-8
-3,-5,18,3,-3,3,2,-5,5,11,-2,-16
-2,-9,-1,4,21,-16,16,2,12,-6,9,-3
-1,-8,-3,15,15,-16,-2,17,14,3,-2,-7
-2,20,-3,17,14,-9,12,-8,12,-14,-2,13
-1,16,4,-2,11,-10,3,9,-3,-14,9,-8
0,-7,17,2,3,7,0,-1,9,-14,2,0
0,3,17,6,2,8,3,20,11,-7,4,22
-2,17,7,24,4,8,20,-12,-1,-9,-1,-11
0,6,19,22,13,1,1,10,1,-7,7,19
0,-7,8,-2,14,-2,9,24,12,-6,-2,4
1,-2,2,12,9,16,-2,-9,23,22,11,0
1,18,1,17,23,28,1,1,10,14,15,25
0,6,7,5,-3,16,-2,9,18,-6,6,-6
0,21,2,-5,11,26,2,13,0,-2,23,29
-1,8,6,3,1,8,8,23,-3,31,8,23
-2,28,6,-2,-2,25,6,-3,-2,15,-3,14
-1,-2,12,12,15,2,7,4,-1,4,2,22
-1,25,9,2,10,23,-1,9,0,25,-1,29
-1,2,1,21,10,23,-2,26,1,12,10,15
0,2,2,17,6,1,17,4,4,12,19,5
4,-25,3,-11,12,-2,13,-30,13,-20,1,-15
1,-17,14,-23,3,-35,13,-32,4,-35,17,-32
3,-20,15,-28,8,-5,-1,-28,6,-26,13,-16
3,-17,17,-1,4,-28,6,-14,10,-22,2,-24
0,-16,9,-13,1,-8,-1,-21,-1,-27,5,-24
-1,3,-1,4,3,-22,13,2,-1,-28,6,-17
1,-8,14,-28,18,-30,19,6,9,-20,14,2
0,1,24,-16,3,-25,2,-29,6,-16,10,-24
1,-4,1,-25,8,-25,12,-27,1,8,9,-11
3,-23,22,-21,9,-9,13,-6,6,-15,-1,-5
0,-11,16,7,16,-4,15,3,2,0,8,10
1,-24,12,-10,-2,-13,0,-19,9,-25,-1,0
-1,7,23,4,8,-23,0,3,13,-23,-2,12
2,-10,11,-20,11,-9,6,-15,2,-18,8,-20
1,-14,6,-12,6,-7,4,-17,2,-14,23,4
2,4,14,-1,12,15,4,8,21,6,0,-9
-1,-4,17,-10,23,-2,23,6,6,-6,3,-9
-1,-17,6,-11,15,-15,-1,7,18,2,17,-9
-2,5,22,14,0,-8,4,1,12,-1,6,8
-1,5,2,2,-2,-17,10,-10,-2,14,12,9
-2,-5,15,-11,19,9,13,-3,0,2,15,6
-1,3,-1,1,10,19,17,-14,8,7,7,-11
1,14,3,-4,4,-13,0,-9,12,-2,18,19
1,-2,10,-13,9,21,-1,-6,14,9,-2,3
-2,12,13,17,6,-8,23,15,1,11,9,-8
-1,16,9,23,2,14,-1,1,13,6,0,15
-2,15,16,9,-2,-5,6,-10,7,-6,3,-10
1,5,3,14,11,1,24,18,14,26,3,7
-1,20,14,0,-1,-3,16,14,-1,13,2,23
0,7,2,8,5,14,12,20,22,26,13,16
2,16,14,-2,-2,11,7,-3,8,30,-2,2
-2,7,13,12,12,2,9,4,-1,22,5,9
0,2,0,14,14,-1,-2,21,0,23,7,7
0,7,18,12,1,15,7,2,6,15,12,15
-1,1,15,9,2,1,6,2,21,31,16,10
0,34,8,10,-2,13,2,23,-1,17,6,6
-2,33,8,25,-1,32,23,23,2,31,18,27
4,-27,22,-30,10,-34,25,-21,4,-25,-1,-11
4,-34,9,-1,11,-18,6,-15,10,-24,7,-20
4,-19,15,-18,3,-10,7,-17,14,-29,5,-33
3,-19,12,-11,9,0,0,3,9,-29,4,-21
1,-15,-1,-30,4,-14,20,-15,3,-16,0,-6
-1,3,6,-11,0,-15,0,-8,6,-20,15,-15
1,2,1,-18,10,-26,2,-9,24,-10,25,-3
-1,1,17,-28,4,-26,18,-13,1,4,2,-6
1,-2,12,-17,17,-15,9,-27,7,-27,12,8
1,-19,19,-15,16,-17,-1,-22,8,-4,11,-17
0,-11,6,-11,11,-18,-1,-9,7,-17,8,-24
0,-12,10,-19,15,-18,2,-14,9,-15,24,-24
0,-12,13,12,8,-6,7,-8,0,-1,14,-16
0,-23,22,8,15,-19,14,-16,1,3,18,-14
3,-12,0,-19,21,-7,5,-18,20,12,20,-4
1,-17,9,-17,13,5,10,0,9,-19,25,3
-1,9,14,-10,-1,-10,1,-3,8,-6,0,-16
0,5,16,-7,22,-11,24,-13,16,12,19,7
0,-11,16,-15,15,9,25,5,17,1,14,-9
-1,-13,23,9,18,1,18,-3,10,-12,-1,5
0,-6,4,-5,4,-6,3,0,8,1,0,2
-1,-12,11,14,9,-9,6,-4,6,17,-1,12
0,11,6,-12,12,4,3,-11,10,4,11,-8
2,13,15,-6,6,1,-1,-6,12,-9,9,13
0,-1,2,17,25,-6,19,5,4,13,24,24
-1,-10,24,8,16,-5,7,4,-1,6,1,13
-1,-10,4,-7,1,-8,10,-9,12,3,4,-8
0,-3,-1,-4,17,14,25,-1,-1,2,6,0
3,16,2,11,8,15,4,25,18,25,12,14
1,26,4,-2,14,9,4,0,0,3,20,-2
3,6,14,28,1,-1,6,27,3,-6,0,7
1,0,8,18,16,19,7,-4,25,10,10,5
2,25,8,22,1,-3,3,16,10,8,-1,9
2,6,20,30,-1,22,16,6,25,15,24,6
-1,24,23,11,9,13,16,14,11,0,11,2
0,0,19,17,12,34,25,-1,12,19,0,15
0,4,9,27,9,8,1,33,15,34,17,11
5,-16,6,-23,0,-7,5,-26,24,-12,22,-3
4,-29,0,-12,17,-13,1,-18,9,-24,9,-13
2,-15,7,-23,15,-34,3,-24,13,-28,3,-15
4,-25,12,-15,5,-10,2,-11,6,-21,18,-32
4,-9,14,-26,25,-13,2,-1,0,1,12,-21
0,-4,5,-29,15,-8,2,-1,2,-21,6,-15
3,0,13,-11,19,-28,8,-28,1,-16,11,-11
3,-4,16,5,7,-5,21,-27,5,-15,8,-21
1,-5,6,-16,2,-28,4,0,12,-27,10,-23
0,-8,10,-13,4,-8,2,1,25,-6,1,-27
0,-19,10,-2,6,-6,9,-8,3,-13,0,-22
0,-10,13,-4,26,3,12,-11,10,-18,15,-15
0,-6,2,-22,24,-10,9,-14,17,-11,18,-11
0,-7,22,-7,20,-17,12,-6,18,-7,2,-14
0,-20,7,-19,6,0,16,1,20,-16,20,-14
0,-13,1,-9,25,-18,5,-15,12,3,6,-13
3,-8,3,-13,6,3,2,16,6,-18,11,-12
2,-7,0,-9,16,-13,6,4,2,11,10,-10
1,-13,0,18,21,-9,15,-8,10,-7,2,-15
1,9,18,14,4,0,15,-2,7,-3,6,-13
0,-3,15,-4,6,10,21,5,3,9,15,1
0,-5,17,12,6,-8,15,-11,2,-14,16,-11
0,-8,9,0,6,5,8,12,20,20,7,4
0,-8,1,15,19,20,26,1,9,-6,4,-13
0,8,7,-2,15,-11,12,-11,9,18,4,-7
1,10,6,-3,24,17,10,1,14,-1,14,-7
0,12,7,-4,21,-10,8,-4,2,19,2,25
1,8,0,11,9,15,16,5,16,-9,9,8
1,0,6,8,13,25,20,24,16,18,22,-5
0,2,15,-2,12,22,0,4,3,27,3,3
1,13,24,22,1,6,5,21,4,14,15,23
1,9,7,2,2,3,1,13,1,30,5,-4
2,7,11,-2,22,19,10,4,0,19,19,12
2,4,16,7,18,-3,0,12,1,3,15,17
2,32,19,34,13,9,17,12,0,16,7,11
0,27,14,34,10,4,2,12,2,7,2,33
2,23,0,6,0,8,7,22,12,25,2,2
