-7,-11,-13,-15,-1,-7,-1,-35,-20,-29,-4,-35
-20,-15,-3,-17,-13,-19,-23,-4,-11,-24,-8,-4
-4,-7,-15,-14,-12,-18,-6,-1,-20,-17,-18,-19
-16,-6,-2,-14,-4,-12,-23,-15,-23,-32,-13,3
-13,1,-8,-7,-8,2,-6,2,-2,-30,-14,-7
-12,2,-10,-3,-3,-5,-2,-12,-5,-8,-17,-14
-2,-8,-10,-27,-11,1,-14,-1,0,-5,-3,-2
-1,-2,-26,-8,-11,-1,-14,1,-8,2,-11,-3
-14,3,-20,7,0,-14,-2,-25,-15,-1,-2,-6
-9,-9,-6,-27,-5,3,-4,2,-17,0,-2,-13
-3,-4,-4,-25,-8,0,-1,-5,0,-4,-11,-2
-13,6,0,7,-8,-6,-10,9,-9,-2,-2,0
-3,0,-7,1,-24,-8,-15,3,-2,0,-3,-2
-6,-2,-25,12,-20,-14,0,-10,0,-2,0,-9
-17,1,-4,12,-15,-16,-5,-2,-7,13,-10,11
-14,0,-9,11,-2,6,-20,13,0,-16,-22,4
-13,0,-2,5,-5,11,-1,6,-15,-4,-19,7
-8,2,-4,9,-23,-8,-2,7,-22,-15,-11,0
-9,2,-1,5,-18,3,-5,-3,-3,15,-15,1
-7,5,-1,-1,-3,19,-11,6,-3,-10,-11,3
-18,5,-22,19,-12,12,-12,19,-15,6,-21,12
-17,-1,-20,16,-5,-4,-24,5,-25,14,-7,11
-11,5,-1,6,-15,8,-6,15,-23,19,-15,21
-14,6,-16,19,-11,23,-2,3,-8,22,-20,11
-13,7,-3,-8,-1,23,-15,11,0,22,-9,22
-17,10,-6,12,-7,18,-21,16,-5,20,-22,20
-6,13,-18,21,-9,-1,-7,23,-15,25,-25,-1
-13,18,-4,12,-1,24,-1,23,-6,15,-19,14
-13,20,-8,14,-10,19,-13,28,-3,26,-16,10
-3,18,-11,11,-15,14,-3,0,0,-3,-22,27
-14,24,-6,15,-18,8,-8,18,-2,22,-16,17
-20,17,-21,18,-14,23,-13,13,-19,18,-18,20
-3,22,-11,24,-17,27,-3,19,-9,32,-2,9
-2,22,-8,32,-20,14,-10,16,-17,16,-5,25
-12,15,-19,27,-2,4,-8,26,0,29,-3,9
-20,20,-14,27,-2,6,-3,16,-13,34,0,-1
-6,28,-26,22,-3,16,0,1,-23,3,-4,19
-9,-9,-2,-27,-16,-13,-10,-11,-18,-9,-22,-6
-7,-5,-4,-34,0,-27,-6,-14,-18,0,-11,0
-7,-3,-2,-18,-2,1,1,-14,-19,-5,-5,2
-5,-1,-11,-14,-18,2,-14,-16,-17,-4,-12,-28
-8,-16,-17,-18,-20,-1,1,-27,-17,-8,-11,-16
-20,-10,0,-1,-17,-1,-1,-3,-20,1,-14,-1
-10,4,1,-28,-18,-11,1,-2,-18,-11,0,3
-9,5,-2,5,0,7,-10,-22,-8,3,1,-16
-14,3,-5,4,-2,-13,-15,8,-6,-5,-17,-12
-6,-8,-10,-3,-13,-2,-1,-25,-3,-15,-22,6
-12,6,-19,-3,-18,4,-9,-8,-12,-2,-16,6
-3,-3,-11,-1,-15,11,-9,4,-18,0,-20,-3
-18,-2,-16,5,-16,5,-11,-2,1,-24,-2,7
-9,7,0,4,-17,2,-15,-7,1,12,-12,-4
-10,7,-17,-21,-7,14,-16,14,0,-17,0,0
-5,5,-5,7,-16,11,-15,9,1,6,-2,-15
-11,-2,-14,6,1,-4,-11,-4,-10,15,1,-2
-19,-2,-18,12,-25,-1,1,4,-21,-12,-18,17
-12,6,-17,17,-17,9,-4,13,0,9,-23,18
-10,11,-15,-5,-17,2,-1,-6,-14,-12,-1,0
-13,8,-14,12,-5,13,-7,13,-11,11,0,-14
-13,10,-3,14,-16,3,-22,2,0,4,-3,-4
-19,4,-17,3,-10,16,-13,8,-14,20,-15,11
-9,15,-7,18,-7,12,-10,13,0,9,-1,10
-18,9,-11,10,-14,12,0,-4,-3,15,1,7
-15,12,-13,11,-18,10,-9,6,-9,14,-2,-3
-15,6,0,11,-10,-8,-3,20,-7,8,-1,21
-15,16,0,8,-15,11,-1,-3,-1,17,-19,14
-16,17,-6,24,-18,28,-10,3,-13,19,-22,17
-4,13,-3,6,-1,4,0,-3,-2,20,-4,25
-14,24,-10,2,-19,24,-19,27,-3,16,-13,25
0,23,-1,28,-2,2,-13,20,-22,25,-23,27
-18,21,-9,18,-19,27,-19,28,0,19,1,27
-15,27,-16,15,0,3,-9,13,1,26,-4,19
1,25,-4,20,-23,27,-7,31,0,12,-9,14
-20,18,-6,26,0,3,-2,2,1,29,-11,25
-1,30,-17,0,-1,14,-5,35,-15,25,-23,19
-5,-7,-4,-22,-11,-24,-21,-4,-11,-8,-14,-7
-9,-2,-22,-16,-12,-23,-17,0,-7,-1,-18,-2
-1,-3,-3,-14,-17,-14,-1,-26,-15,-31,-1,-11
-12,1,-1,-10,-7,-6,-7,3,-18,1,-19,-6
2,-12,2,-31,-22,-23,-14,-14,-8,-3,-8,-8
-13,3,-11,-7,-12,-9,-18,-1,1,5,-15,2
-8,-14,-1,-4,-8,-7,2,-9,-1,-27,-15,-16
0,-9,-14,-27,-13,2,-13,-5,-4,-22,-1,-24
-6,5,0,0,-8,7,-14,-1,0,-23,0,1
-2,-7,-9,5,-1,-13,-9,-10,-18,0,-18,1
1,0,-22,7,-9,3,-23,8,0,10,-11,5
-12,-8,-3,4,-4,8,0,-1,2,-11,-1,-1
-9,8,-5,4,-9,0,-12,7,0,11,-20,2
-9,-6,-8,9,1,2,-2,12,0,0,-24,11
-17,-8,-13,-1,1,-4,1,-20,-2,-3,2,-11
-10,8,2,1,-4,13,-11,12,-14,15,-1,-11
-12,6,-12,10,-3,4,0,-5,-1,2,-3,4
-15,3,-18,9,-11,14,-5,4,-17,2,-20,16
-4,4,-22,-8,-6,-3,-8,14,-1,-6,-17,13
-12,1,-15,-1,-11,3,1,18,-9,-5,-18,1
-4,9,0,10,-11,13,-9,19,-7,-4,2,5
-5,12,-6,3,-17,1,-22,21,-16,16,-23,17
-13,3,-22,-1,-11,11,-16,5,-8,12,-24,8
-13,11,-18,-6,-21,14,-1,0,-6,9,0,17
-14,12,-14,7,2,-4,-14,9,1,21,-17,23
-8,7,-1,11,-7,4,-24,22,-1,5,-8,21
-1,18,-8,10,1,3,2,-7,0,8,-8,18
-2,12,-17,-3,1,1,-1,9,1,-6,-17,10
-7,9,-11,11,-17,23,-12,8,-18,20,-20,24
-11,27,-24,12,-20,16,-6,20,-3,23,-14,17
-15,24,-16,10,-21,-6,-6,16,-15,16,-7,14
-9,11,-15,-2,-11,16,-14,12,0,-2,-10,18
-6,31,-12,17,-19,28,-11,23,-2,32,-7,14
-15,33,-1,10,-1,6,-1,3,-4,5,-21,23
-16,32,-10,18,-17,12,-15,25,-6,26,-2,23
-6,15,-11,35,-18,20,-8,25,-14,20,-13,31
0,32,-7,27,-12,11,-15,19,-7,21,2,4
0,-15,0,-33,1,-20,-19,-5,-13,-8,-2,-9
-4,-3,-2,-27,-10,-9,-2,-6,-12,-5,0,-8
-16,-21,1,-32,-9,-14,-4,-16,-8,-27,0,-22
-15,-5,-4,2,-18,-6,-16,-5,3,-23,-2,-12
-3,2,-12,-13,-13,-7,0,-7,-17,-10,1,0
-4,-13,-9,-6,0,-13,3,-22,-5,-8,-3,-2
-13,4,-15,-12,3,-23,-9,-4,-23,-19,-18,-7
2,1,-15,4,-14,-8,-17,-11,1,-2,-15,0
-12,5,-20,6,3,-17,-10,-6,-17,-8,-18,-3
-3,-8,-18,-1,-10,4,2,-24,-5,7,-23,5
-14,1,2,-11,-11,0,-22,7,1,-22,3,-1
0,5,0,0,-12,7,-10,-10,-12,-22,-19,-1
-16,0,-14,-5,-9,-2,-5,8,-2,-12,-6,-5
-12,4,-2,12,-14,-3,3,8,-4,4,-4,6
-7,9,-13,-2,0,5,-22,8,-19,1,-9,2
-11,6,-10,10,-9,6,-19,14,-12,-4,-11,-3
-15,2,-17,16,-11,7,3,-10,-15,-1,-14,-2
-5,10,-10,9,-16,3,-13,7,-8,15,2,7
-3,9,0,11,-6,-1,3,-11,-7,18,-6,10
-6,12,-14,15,-16,6,-11,18,-2,19,1,-5
-2,9,-8,6,-5,19,0,20,3,-8,-2,-4
-7,14,-15,21,-7,11,2,-9,-11,4,-16,13
-4,14,-10,16,-7,11,-17,5,-9,-1,-3,19
-2,13,-18,23,-6,11,-18,13,-10,5,1,3
-8,19,2,-5,-9,0,-20,10,2,5,-14,9
-1,19,-22,11,-15,-7,-14,18,2,24,3,-9
-17,13,2,14,-10,8,-16,19,-23,24,-21,23
2,20,3,-3,1,8,-15,8,-5,11,3,25
-9,27,-19,13,-15,21,-8,25,0,28,-9,4
-17,19,-13,10,-9,10,-7,15,-1,25,-17,22
-17,21,-4,12,-2,9,1,19,1,26,-4,19
0,29,2,-2,-22,26,-1,22,-16,25,-19,28
-18,23,-15,0,-8,9,-10,15,1,21,-21,7
-19,20,-18,31,-19,26,-3,27,-12,18,-17,19
-19,23,-7,8,-17,32,0,19,2,2,-15,33
-17,35,-17,8,-19,30,-20,29,-12,17,-15,35
-7,14,-11,25,-22,36,-5,30,-14,29,-9,30
-1,-4,-19,-6,-6,-30,4,-6,0,-16,-12,-21
-9,0,-21,-16,-7,-27,-8,-30,-11,-12,2,-30
-1,-1,-2,-23,1,-6,-5,-7,-7,-9,4,-7
-12,3,-15,-6,0,-10,2,-21,0,-10,-7,-4
-3,2,-6,-11,1,-7,-14,-11,-14,-14,3,-19
-9,5,-1,-17,-7,-4,-22,4,1,-6,-7,-3
-12,-17,-13,-7,1,0,-7,-6,-12,-7,3,4
-10,-13,-11,5,3,-9,1,-25,-16,1,-13,7
-5,7,-10,1,-13,-4,4,-6,-10,-3,-14,-2
-7,9,-11,-9,-6,-14,-8,5,-2,7,3,-12
-3,7,-19,5,-14,10,-4,0,0,4,1,8
-12,3,-5,-2,-9,3,4,-25,-14,-2,-16,6
-9,-7,-8,-1,-15,-6,-21,12,-21,8,-17,-13
-6,10,-13,5,-14,9,-6,8,-15,-11,-9,0
-1,8,0,3,-11,8,-2,-1,-1,-5,3,-16
-8,11,-13,10,2,-3,-16,0,-12,13,1,-3
-2,0,-14,9,-7,0,-14,-5,-5,2,0,8
-5,11,-15,13,-14,1,3,-12,3,-12,-17,10
-9,3,-7,3,2,17,-17,5,-7,3,4,8
-10,11,4,-13,1,7,3,13,-12,7,-5,15
0,9,-8,18,-8,14,4,8,-8,7,-3,18
-16,4,-14,-13,-17,-6,1,12,-6,7,-12,17
-11,11,-19,22,-15,3,-7,15,-9,13,-15,7
0,13,-5,-9,-8,22,-18,19,-10,3,-10,23
2,11,-22,-2,4,3,2,-2,-9,17,-22,12
0,20,-11,6,-15,13,-11,24,-10,15,-6,25
-16,15,4,11,4,-1,-16,26,2,12,-2,8
2,10,-13,5,4,1,-10,18,-2,14,-21,25
-14,25,-20,21,-17,28,-12,11,-12,27,0,12
4,25,-3,12,-12,24,3,7,-7,17,-3,16
1,12,4,6,4,-5,-8,23,3,26,4,4
-12,6,1,0,-19,20,-5,25,-4,21,2,16
-17,31,0,13,-2,26,-4,19,-7,28,-17,15
-18,28,-15,20,-16,21,-1,18,-13,28,-6,26
-18,25,-15,2,-17,31,-14,28,3,4,3,16
-18,34,-20,26,-19,1,1,14,-16,25,-13,33
3,13,2,21,3,3,-14,29,-2,36,-16,26
-12,-3,-5,-18,-12,-6,-1,-8,-3,-11,-11,-10
2,-3,-14,-15,-9,-4,-7,-1,-3,-6,4,-34
4,-3,-12,-29,3,-15,-8,-3,2,-4,-2,-4
-2,2,-5,-2,-9,-3,-6,-1,3,-24,1,-9
1,-13,-13,-17,-11,-5,-17,1,-2,0,4,-2
-13,-1,2,-11,-7,-8,0,-7,-16,-28,0,-1
-16,-6,-16,2,-6,4,1,3,-14,-15,3,6
-14,-1,-12,-5,-9,0,0,-3,-9,5,-20,-29
-12,-15,-10,-16,-13,0,3,-1,-2,-3,0,7
-7,9,-6,9,-7,-1,-7,-10,-7,6,-18,-20
-3,8,-11,1,4,-17,-5,-6,3,-19,-14,6
-3,-8,-12,2,-8,-10,-11,0,-18,7,-1,5
5,-2,-7,4,-14,10,2,-15,-12,11,-13,-21
5,0,-19,13,-8,0,-4,8,-7,2,-21,-4
5,2,2,6,-12,-11,-4,1,-17,13,3,2
-13,-8,-7,12,0,11,-14,-1,-3,-10,4,4
2,9,-2,4,-5,2,-14,5,-3,4,-16,1
-9,10,-11,7,2,2,-11,-11,-6,3,-5,1
0,11,5,16,-3,14,-4,14,-17,18,3,-17
-6,1,-17,17,1,12,-14,10,-3,19,-9,17
0,11,-6,14,4,16,-13,10,-8,1,-17,-16
0,7,0,6,-11,13,3,3,2,16,-12,0
1,9,-13,-2,-12,22,-7,10,1,7,-21,-3
1,15,-8,12,-9,22,-15,16,3,7,-18,21
0,19,-17,-1,-6,20,-17,16,-12,20,3,23
3,20,4,-5,-8,19,-19,23,-9,17,5,25
-4,26,2,7,-17,23,-8,19,-5,20,1,13
-1,27,2,6,3,3,-1,22,-11,17,-11,11
-6,6,-16,-3,-12,19,-13,17,5,-6,-6,15
-15,26,-21,5,-12,15,5,9,-11,15,1,2
-18,19,5,12,-13,28,-14,13,-6,21,-5,24
3,10,-3,15,-10,22,-15,23,-5,27,-1,16
-17,30,2,2,-20,26,2,20,3,25,-9,25
-7,6,-9,0,3,0,5,12,-4,22,-18,25
-8,6,5,7,-15,3,-6,14,-11,16,5,18
0,15,3,6,3,3,-13,31,1,27,2,2
0,15,-7,21,-18,31,-18,28,-6,30,-9,26
5,-2,-19,-27,-9,-7,3,-14,-11,-10,5,-24
1,-1,6,-9,-5,-12,-1,1,-20,1,-2,-6
-11,1,-12,-2,-2,-5,6,-28,5,-5,-12,-10
-9,-18,-15,-13,5,-10,-10,-2,-1,-4,4,-24
6,-2,-12,-5,-1,4,4,-18,1,-12,-11,-3
-8,-16,1,-26,-1,2,-7,3,-6,-1,-6,-16
-15,-5,-8,4,-15,-22,5,-30,5,-2,6,3
3,4,-10,4,-7,-5,-15,4,-15,1,6,-28
-13,2,1,-5,-10,-4,3,2,-6,-8,-4,-3
6,-9,0,0,-9,-16,4,-18,-8,-4,-17,5
-12,5,-2,6,-12,-4,4,4,3,-22,-6,1
-10,10,-13,0,-14,2,-13,9,-15,-25,-17,-16
-10,9,-9,12,3,-2,0,-4,-10,9,-2,11
-10,9,-10,-5,-13,3,2,-1,6,0,-6,-3
-10,9,-13,-1,6,-18,-8,10,5,4,-17,-11
6,4,-13,-13,3,-13,-8,15,-4,13,-19,-2
4,8,-13,10,-6,-19,-6,-7,-17,8,-1,4
-13,4,-15,14,-2,8,-9,-11,3,0,-12,2
1,10,-4,5,-7,17,3,17,5,7,-1,4
0,13,-15,-7,-5,18,-15,19,-12,0,2,15
3,11,-11,19,4,18,-5,-2,-4,4,-4,6
-6,16,1,9,-6,16,-9,4,-2,6,-6,19
-12,9,-13,2,4,14,-5,22,4,0,3,21
-3,18,6,-6,6,8,-6,12,2,11,6,19
-9,16,-11,-1,2,15,-11,3,-7,1,5,9
-15,9,-20,-7,-6,2,2,25,-7,21,-10,22
2,23,-16,-5,-4,7,3,10,-18,18,-2,26
-2,6,-10,-3,-4,23,-2,10,5,6,-4,22
-2,-1,4,10,-14,24,-1,11,-15,15,-10,9
-1,9,0,-2,5,10,5,11,1,25,-13,13
-5,7,2,10,-18,13,-11,18,0,21,-15,25
-17,25,3,7,-15,7,-18,24,-16,28,1,20
0,11,1,11,4,11,-17,30,-1,29,3,28
5,9,6,10,3,3,-14,17,1,19,-13,26
-18,27,-13,-1,-6,-2,4,6,-2,25,-15,33
0,13,6,15,-19,33,-12,17,0,27,-17,35
-17,35,-2,21,-14,23,1,23,-10,31,-9,14
5,-18,-9,-7,7,-23,5,-35,5,-21,-9,-1
-11,1,-8,-11,-7,-30,-15,-11,3,-6,-2,-2
-14,-8,-2,-12,-12,-1,-5,-22,-7,-5,5,-15
-6,-18,-3,-3,-8,2,-10,-8,5,-32,-10,-9
-5,-17,-2,-16,-3,-8,4,-30,-7,-15,4,-11
-12,-2,3,-19,7,-13,4,1,-2,-13,-3,-4
-12,2,-2,-23,-12,-3,-10,-2,-9,-3,-6,5
2,7,-9,-5,-9,3,0,-4,3,-14,0,-10
7,5,-15,1,-8,-2,1,4,5,6,-4,6
5,6,5,-23,-9,-15,-10,-14,3,4,-6,2
6,9,-4,0,-14,2,-8,8,-14,10,4,-1
6,7,2,2,-8,-18,-2,-5,-14,2,-4,-24
7,-5,-3,1,-12,4,-4,6,-13,-3,-4,12
-12,4,5,6,-10,3,3,5,-11,7,6,6
-8,10,-1,1,5,14,-5,5,-16,3,-7,5
-13,3,7,-6,-2,4,2,12,-7,3,-1,7
1,11,-3,16,-6,-3,1,16,-6,5,-1,6
6,5,-8,-19,-3,10,3,12,-2,9,-11,9
-8,-2,-13,0,-3,12,-8,13,-6,13,-17,16
5,7,5,-9,5,16,6,-6,0,4,5,-11
-2,3,-11,8,5,10,-10,1,-1,16,6,-2
0,5,0,8,-13,-8,3,10,-13,4,-11,7
2,9,3,9,-1,7,1,9,-16,1,-9,0
1,16,-19,7,-2,19,0,22,-3,11,-11,5
5,14,-15,-5,7,10,-5,24,6,-10,5,8
6,12,4,3,5,10,-13,24,-14,13,-1,22
-8,25,-1,5,-3,9,-14,15,4,11,5,-10
-12,26,-11,4,7,18,-8,17,-17,24,-3,17
5,8,-14,0,1,12,-16,27,-11,12,6,-5
7,6,-18,16,-17,20,-10,26,-18,24,2,19
-16,23,7,8,-14,29,7,29,-17,24,2,10
-16,22,0,11,-17,8,-12,18,5,3,-9,0
-17,24,1,9,-9,2,5,25,0,27,6,28
-16,33,-19,21,4,7,0,17,-5,14,4,-1
5,10,-10,-2,-16,30,-2,22,3,23,5,26
-4,6,6,13,-13,17,-16,5,-17,34,-1,24
-18,30,-16,28,-13,19,-2,16,-7,30,7,24
-4,-22,-16,-5,7,-15,-6,-10,-17,-17,3,-27
-11,-2,-14,-5,6,-13,-8,-13,-10,-33,2,-8
8,1,8,-1,-8,-16,6,0,-2,-1,8,-29
8,1,-2,-6,4,-2,7,1,6,-12,1,-22
-10,3,8,-29,8,-32,1,-10,8,-26,-2,-9
4,4,-3,-17,-3,-6,-11,-10,7,-18,1,2
6,6,-5,-12,5,-18,-13,2,6,0,-1,-9
-13,-1,-16,6,5,5,8,4,4,5,-10,5
-12,3,6,-11,-9,0,3,7,7,-12,4,-2
8,-11,6,0,-9,8,6,-22,1,-24,-4,4
-12,6,-10,2,-12,2,-16,9,-10,1,3,-19
-1,-12,-10,0,-8,-2,5,-13,6,-13,-12,2
-11,7,-5,10,-9,10,6,-4,-9,-8,-13,-12
-10,6,-4,9,-6,1,-7,-3,8,-5,-1,0
-1,12,4,-7,2,10,-1,3,-2,-3,0,-4
-2,14,6,9,-9,12,7,8,-14,13,-1,4
-10,6,-6,11,4,16,-13,10,-1,0,-14,-18
-2,-2,-1,16,4,6,7,4,-1,14,-1,11
6,9,-3,16,-15,-4,-7,-2,-14,-10,-5,-18
-5,13,-5,15,3,6,4,4,-16,-12,2,15
-5,2,8,20,1,3,-16,5,1,18,-3,5
0,12,6,19,3,4,6,6,-4,17,7,-11
-8,8,-12,18,-7,5,-10,19,-4,1,2,12
1,8,5,-2,-17,6,7,15,-2,10,-18,-9
3,9,-14,15,5,8,8,2,-1,14,-15,0
-6,21,-11,-11,-11,14,-3,9,-10,10,6,-4
4,22,-17,0,-7,26,-2,25,-5,4,7,25
7,9,4,-6,7,17,-9,17,-9,9,8,-1
-14,20,-7,-5,-8,27,-2,17,3,-2,-10,4
6,7,-5,5,-4,18,-2,26,-7,25,-6,14
6,7,-1,11,-16,12,-8,9,2,-6,4,23
0,8,3,7,5,6,3,20,5,8,-6,15
-4,6,-4,13,-8,-3,-8,29,6,9,-10,23
-16,30,-13,9,6,-3,-13,32,-8,27,-5,5
-10,9,1,6,-14,28,8,6,-3,31,-12,19
5,11,-5,14,-8,7,6,6,8,25,-5,23
-2,7,8,8,6,2,2,25,4,10,7,27
-13,-12,-7,-5,-11,-3,1,-18,9,-4,-15,-26
8,1,-13,-2,8,-21,3,-16,8,-1,7,-2
-11,-4,-11,-13,-7,-4,-2,-3,9,-31,4,-26
-10,1,-7,-5,8,-9,-17,1,-11,-8,4,-28
-10,4,-1,-3,4,4,-11,-1,-5,-10,4,-14
-2,-16,-10,-29,-3,3,2,-2,-4,3,5,2
-8,-19,-10,-12,0,6,0,3,-16,-9,-15,-2
3,-12,-15,5,-3,-15,2,3,-6,-1,-11,-24
-11,7,-16,-26,-2,-2,9,1,-1,-22,1,-4
-12,6,-1,-13,0,-16,-7,-4,-3,-3,9,-24
8,-10,0,10,-2,7,-9,9,-13,-2,-10,7
0,-10,-6,-24,-5,-11,-5,-8,-2,-11,6,-16
4,11,0,-5,0,-11,0,2,-4,-2,9,-9
2,-6,-6,-10,-1,13,5,0,-2,-4,8,-23
9,-1,-8,-7,2,10,7,1,-4,-1,-14,-17
-10,5,6,9,2,4,4,6,-17,14,-10,-21
-7,-6,-9,-1,3,3,2,-3,3,-1,-3,13
-9,6,6,5,-9,-3,9,-1,6,16,-2,12
-7,-3,-11,-15,-3,18,-2,0,-9,4,-15,8
-7,0,9,13,1,14,-2,11,-3,-7,-9,0
-5,6,-9,4,1,1,6,-15,-4,14,8,-11
-8,0,2,5,-1,5,5,17,3,14,6,18
-6,4,9,3,7,11,-10,18,-10,14,-9,-1
-4,13,4,6,9,7,6,-2,6,-5,-13,16
-6,14,-16,20,1,21,-10,21,3,6,-7,7
7,10,5,-3,4,18,1,25,-2,20,-10,-8
2,21,-8,-9,-9,7,8,12,-2,19,-11,22
3,9,-16,6,-12,20,-9,15,7,-3,-8,18
6,8,1,3,7,-3,7,25,4,21,-6,28
0,1,-15,9,-4,3,-11,16,0,22,-12,13
5,10,-1,10,-13,19,6,13,6,26,-8,16
-2,5,-6,10,-15,29,1,30,-3,24,7,13
5,10,-15,7,4,10,6,6,-1,17,0,27
-15,31,-16,18,-16,30,-6,33,-3,19,-16,17
-16,27,8,8,6,0,-8,29,5,24,-6,19
-2,8,5,4,-15,3,-15,31,-12,34,-9,30
9,10,7,15,-16,29,-2,27,4,25,-14,35
-2,-25,8,-1,9,-36,6,-12,-11,-34,1,-29
6,-18,-3,-24,-15,-28,2,-14,-7,-34,-14,-33
-12,-2,-1,-33,4,-23,8,-21,-3,-23,-16,-8
9,-19,8,-28,-16,1,-4,-22,-13,-33,-5,-17
-3,-18,-13,-29,-14,3,6,-12,6,-18,-6,-19
-11,1,-14,-24,-12,-5,10,1,-10,-27,9,-24
-11,6,2,-4,-16,-10,-12,-30,7,-20,-10,-30
10,-14,7,7,-11,-10,4,-16,-10,-26,10,-20
8,-11,3,-7,-16,-24,-16,4,-9,5,-2,-7
-12,3,7,-8,6,-8,-12,-2,-13,-17,-12,-16
5,-8,-1,-26,4,-5,2,-20,5,-19,3,5
2,11,-10,2,1,9,-6,-1,2,8,5,4
-4,12,-2,12,8,-4,3,4,-3,2,-9,-19
10,5,-12,9,-8,1,10,-21,-6,-20,-16,-5
-7,9,-11,-15,-10,3,-11,2,-8,-6,-11,-21
-8,6,4,-4,-6,8,-7,0,-4,15,-7,2
2,-2,-13,12,5,15,-3,-7,-4,1,8,-18
-6,7,5,14,5,14,-3,13,1,12,7,-12
1,9,-12,-6,-8,-11,9,-5,10,-17,4,-3
-9,-1,1,16,8,6,7,11,-16,-3,-6,-1
-1,10,-6,0,1,6,-9,6,7,-10,-11,16
-7,5,10,-10,1,-5,0,-10,3,9,-14,16
3,9,-14,-9,3,21,-2,-4,-3,19,6,7
1,15,6,11,10,12,-1,6,-9,21,10,-6
-3,17,-3,5,2,10,-2,18,-5,7,-3,21
-6,18,-2,0,2,13,10,6,4,14,6,-1
-7,24,-2,0,-11,0,7,16,-9,21,6,25
-1,3,-16,21,-4,27,0,12,0,-9,-9,7
5,9,3,6,-9,7,-2,12,-8,-1,6,22
-14,20,-13,-3,7,-3,-12,12,-7,7,-9,10
6,9,-2,1,-15,4,-8,-5,5,27,4,16
3,6,-15,23,4,3,3,2,1,11,5,8
-4,6,-13,23,7,-4,-8,8,-2,4,4,24
5,10,-14,14,-12,8,-13,-2,-16,7,-10,0
-14,34,-15,24,-1,-2,4,4,5,14,7,13
1,5,-4,14,-14,20,3,2,-14,26,-15,34
9,10,3,2,-16,29,-4,3,-12,20,-5,26
-13,-5,4,-23,-15,0,5,-14,-1,-20,-2,-4
-13,-3,-12,-9,4,-4,2,-25,6,-30,-8,-26
-4,-24,-7,-12,5,-16,8,-29,5,-22,3,-28
-12,-5,4,-26,0,-11,-5,2,-13,-4,-6,-23
-11,1,3,-4,11,-29,-9,-26,-15,-12,8,-19
-12,0,-15,-26,-12,3,-15,5,-14,-29,-7,-29
2,-16,-4,-1,-7,3,4,-4,-9,-12,7,-16
0,-18,-15,-18,-4,-1,-6,-13,-12,7,1,-10
8,-13,-6,-6,10,-23,-5,-17,-5,-14,-9,-26
-1,-19,3,-15,-5,-14,-11,-13,-12,-14,-1,-9
5,-10,-4,-16,-3,-11,0,-16,-14,-11,9,-23
-10,-2,-1,2,0,-4,-4,-22,6,-24,-1,-24
1,12,1,11,11,6,-8,12,-8,0,-10,12
10,-3,7,-23,7,11,-4,-14,4,7,-6,3
-4,14,-4,10,-15,-9,11,-3,-1,-11,8,-21
10,1,10,8,1,-13,-11,15,-3,-8,-10,-14
1,12,-2,-11,-15,-3,2,-1,6,-11,3,-6
3,7,-10,3,1,-8,11,15,-3,-19,-6,-12
-5,3,3,12,6,4,3,7,10,-6,3,12
-4,3,2,-4,5,7,10,-7,9,14,5,17
3,9,5,4,2,-10,-2,12,-1,2,-2,10
-8,4,-15,21,6,11,-14,20,2,15,-7,5
-3,9,-8,1,2,5,8,0,1,4,-2,-11
-1,14,-2,-11,-13,4,0,0,1,18,4,15
7,12,-9,-6,5,-3,-8,-3,-12,19,6,8
-6,15,1,4,-12,-10,-11,19,-9,12,-2,16
5,25,-13,-7,-4,4,4,17,1,18,-8,12
-2,4,-15,20,6,18,-3,9,3,21,1,-7
11,4,4,-3,-1,11,8,25,-3,25,5,23
-2,3,-6,1,11,19,1,-1,-11,9,-6,2
-9,9,7,5,-7,6,-13,-6,7,27,-11,-2
2,4,-4,2,4,13,5,-5,-15,13,-14,23
2,6,10,18,-10,7,-12,3,-11,21,7,8
-12,21,-1,5,3,13,5,2,6,8,-1,14
-14,32,-14,5,4,6,-14,20,-3,10,-7,31
4,9,-2,15,4,4,-12,25,-8,0,-12,5
9,10,-15,9,4,6,4,12,-15,15,-15,36
5,-22,4,0,-12,-29,2,-8,-7,-19,-10,-22
-3,-24,-9,-29,-7,-33,0,-31,6,-21,0,-25
3,-22,-2,-10,2,-16,11,2,11,-25,-7,-24
0,-21,-5,-3,2,-2,-13,-33,-11,1,0,-11
-3,-19,3,-2,-2,-26,3,-17,-3,-19,-5,-7
9,-14,1,-8,-13,-17,6,-15,-4,-22,-1,-29
-3,-16,-11,-12,-11,-26,0,-19,8,-12,1,-22
12,7,9,-8,-8,-25,-9,-9,-6,-24,1,-11
11,-11,-1,-14,-14,-28,-14,-9,-4,-13,-5,3
-8,2,1,-8,-13,-11,-3,-26,6,-1,-6,-23
10,9,-13,-26,7,-9,5,-12,-6,-22,11,10
1,10,12,10,-2,-4,3,-17,1,-12,3,10
-5,0,-6,2,-3,-9,5,-9,8,11,-4,-14
3,9,9,-15,-4,-14,-3,5,-14,4,-10,-1
4,10,-1,1,-4,-8,-2,-16,10,-5,7,-19
4,7,-13,-3,4,-14,-2,3,-13,14,5,-11
4,2,0,-8,-2,-3,-2,1,-6,16,-3,3
2,6,1,16,12,12,-7,12,0,12,-2,3
-4,1,-3,7,10,13,-6,2,0,10,-8,16
1,8,0,1,-2,1,-7,13,9,9,10,17
-4,4,-10,8,6,19,11,15,-8,19,5,4
3,9,10,-12,-12,-12,0,18,-13,15,10,-7
-7,3,-2,4,-8,-14,4,0,3,13,-3,11
-1,9,11,-2,1,2,-1,-2,6,8,-2,17
-7,3,-10,1,11,16,6,15,-2,23,10,-2
9,12,-8,5,3,9,-5,12,-4,6,6,13
11,11,7,7,-4,1,-4,24,-10,11,8,-3
-1,3,-11,15,-14,0,-2,-4,-7,2,-12,12
11,3,2,-4,2,-8,-14,3,-2,23,-6,-2
-10,15,-3,-5,-2,26,-12,11,-14,6,-9,7
-3,3,-10,16,4,3,7,13,9,-6,-2,3
2,4,4,-4,9,8,-11,15,3,30,0,8
1,2,-10,2,-9,3,1,0,-13,18,3,-4
-13,29,4,-1,5,-3,6,1,-8,12,5,15
-13,34,-13,23,-13,6,-14,6,0,5,5,4
5,11,-10,2,-13,23,-8,4,6,9,6,4
-5,9,-1,3,-10,12,-10,3,-14,1,5,16
-9,-10,4,-10,7,-9,10,-2,8,-12,-13,-1
-1,-23,-4,-14,-1,-28,-4,-17,12,-14,11,-8
3,-21,11,-12,5,-6,3,-11,-1,-20,-1,-18
-1,-20,8,-31,-2,-20,-5,-11,0,-26,8,-33
-2,-20,12,-7,4,3,5,-15,13,-15,3,-15
12,2,8,3,-3,-14,9,3,-8,-10,-7,-23
-5,-18,2,3,-4,-11,11,1,12,-12,-12,1
-3,-17,-2,-21,11,-5,1,-11,-5,4,-13,-19
1,-12,8,0,-2,-12,-5,0,-9,-14,2,-26
13,2,-8,2,4,-11,1,4,-1,-9,12,-4
-1,7,5,8,-3,-7,-6,-9,-6,0,-5,6
-2,4,10,6,4,-7,-4,-3,-2,-13,-7,0
3,-5,-12,7,3,-3,12,-4,2,-1,-2,10
7,1,-13,-16,13,6,-7,3,-7,-22,-12,0
2,5,9,8,-1,-6,-7,-5,-9,-7,9,12
-5,-1,0,6,2,-4,-10,-10,1,-2,-10,3
1,0,12,12,5,3,11,12,-8,8,1,5
2,1,12,15,6,9,6,5,-1,13,-8,15
-5,-1,-3,4,13,-6,0,6,7,2,6,3
4,6,4,7,6,4,1,2,8,17,10,0
2,6,-1,-15,7,3,-7,6,-6,20,-4,-5
1,7,11,9,9,20,12,1,2,21,7,8
4,7,-1,-12,-1,20,-10,11,2,-14,-7,16
4,12,-2,3,12,14,-1,6,12,18,-1,10
-1,8,-12,1,1,-1,8,18,1,24,-2,16
8,13,6,-11,6,3,12,13,-4,4,-9,25
11,19,4,-4,13,13,11,-6,10,14,6,7
5,2,-13,19,-11,19,9,4,-7,-3,-3,3
5,6,-11,-8,6,-1,0,1,6,6,0,6
4,4,9,28,7,10,-3,-6,-11,7,1,-3
13,5,-7,2,-9,-1,-11,13,3,11,7,2
10,8,-11,16,-9,22,-8,13,3,-1,-11,-1
-13,28,-2,0,-12,21,-9,14,3,5,-9,14
-11,23,-4,7,-11,22,-11,14,-7,9,8,20
-8,15,-13,29,3,2,-13,13,10,16,-9,10
11,8,-10,1,-10,22,-11,1,2,14,6,7
9,12,1,6,-5,2,7,18,5,4,-8,18
13,-21,2,-6,7,-16,5,-30,7,-19,6,-36
4,-20,-7,0,7,-5,11,-19,14,-22,6,-24
14,-20,7,-17,6,-16,-9,-1,9,-13,2,-27
0,-24,10,-19,-3,-8,6,1,-11,0,10,-18
1,-23,-3,2,-2,2,-6,-8,7,4,13,-22
10,5,9,-6,-7,-28,-5,-17,-9,-11,1,-1
1,-14,8,-6,10,-10,12,6,10,-14,-7,-24
13,-10,12,-23,-1,-11,-2,3,-8,-3,7,-15
11,-9,9,3,7,-4,2,-14,11,0,4,-10
0,8,-5,6,14,-3,-3,3,12,-27,-12,-13
14,0,0,-15,8,-1,3,-17,-10,8,2,-21
-6,-9,-11,-24,7,-2,13,0,3,1,3,10
7,2,-3,-12,11,9,-1,1,-6,12,3,-2
4,3,-6,-3,0,-10,14,4,-7,-4,2,13
2,3,1,13,14,6,3,12,-2,7,-1,2
-3,-4,-9,4,14,12,5,-17,13,-1,-5,4
4,4,-5,-1,5,13,13,-11,-4,-19,-5,4
-4,-1,6,8,14,17,9,3,-7,12,13,-2
3,5,-3,15,4,16,5,10,-5,11,11,11
4,4,-7,-13,5,14,4,7,2,18,13,-6
3,5,-11,13,10,12,14,9,5,8,5,10
4,7,7,-6,-4,3,1,10,-7,19,-6,20
2,7,2,-12,8,12,6,-1,1,2,13,17
-1,8,-5,-10,-3,3,8,11,7,15,2,16
2,14,10,-2,-9,14,11,17,-7,8,4,22
2,17,1,-6,7,23,13,16,-9,16,2,3
11,10,-1,-1,0,13,10,16,-1,19,11,26
-8,20,-1,13,-11,4,-5,15,-11,-6,3,6
-9,24,-9,15,3,-3,-11,-1,9,-6,4,1
9,7,-6,7,-10,15,4,-3,-10,3,1,10
12,5,-3,0,-12,19,-9,18,-5,7,4,6
-12,29,-6,8,-9,19,6,-2,-9,1,-11,2
-12,31,14,20,2,5,-11,2,6,8,5,9
-1,5,-10,27,1,6,10,15,-11,5,4,-2
-11,26,4,32,-12,0,-9,12,7,9,5,12
14,2,7,29,13,21,2,27,8,0,8,34
9,11,3,10,-12,12,-11,21,7,10,4,7
-2,-24,13,-13,7,-6,10,-2,12,-7,4,-11
-5,-1,-8,-35,11,-13,-6,-4,15,-16,2,-19
11,-16,14,-21,2,-23,9,-8,-4,-20,-6,-31
5,-25,-9,-21,11,-7,-5,-6,-3,2,5,-19
-6,-2,15,-4,12,-1,2,-9,12,-12,-9,-31
11,3,-1,-8,13,-1,-9,2,5,-26,14,-11
-3,2,5,-6,-2,-13,6,-1,12,-25,-10,-5
10,-10,4,-14,8,-7,6,6,0,-4,9,-9
9,5,15,-8,1,-8,-2,-8,3,-22,9,-3
3,7,-6,-6,12,2,2,-22,10,-9,2,-6
4,4,-6,-7,10,8,-6,-22,-4,-18,9,-14
0,-3,7,8,9,-10,-9,6,11,-12,11,11
8,0,3,5,-2,-12,0,6,-9,8,-1,4
-3,-8,2,-23,15,9,4,-1,2,13,-7,-8
7,1,1,5,4,-4,6,-5,2,1,10,14
5,-1,4,4,2,6,2,5,-2,15,-5,15
3,3,-2,16,10,5,3,3,15,-5,1,4
-2,-1,12,-18,-1,14,2,11,-3,15,14,5
6,4,5,15,0,5,14,-6,9,4,10,1
5,6,9,5,2,-12,1,6,15,16,7,15
4,8,-1,-16,-1,5,-6,-7,8,4,4,16
-1,3,4,-2,6,11,2,20,8,4,10,2
3,10,14,19,-4,18,6,8,-7,-13,13,-10
-1,-3,-7,6,-3,-3,-10,13,-7,9,12,1
11,1,8,-8,-8,8,1,3,8,4,-8,-8
7,-2,6,-9,-11,17,-9,-3,-3,-3,-10,6
10,2,-11,15,-4,0,5,-9,-9,12,-10,-6
-11,24,-9,14,-9,14,-11,16,-9,16,-11,-8
13,0,-7,2,-10,20,11,-1,11,-3,-1,1
5,-2,-6,7,5,0,-11,-7,5,-6,8,-3
6,-1,-11,0,8,-4,11,13,-10,10,3,0
14,3,1,-1,-10,-5,4,0,-10,9,6,3
13,1,8,32,14,3,-1,10,-3,9,-5,2
14,1,-3,20,-2,7,-7,10,-6,11,7,-2
15,5,3,7,11,-2,-10,14,1,1,4,4
-1,7,-1,35,-11,10,-11,12,-4,2,-9,8
9,11,12,35,-1,10,-9,12,9,15,3,3
16,-19,-9,-24,-1,-22,1,-7,-7,-7,-8,-9
9,-20,-8,-34,12,-2,-3,-20,11,-8,-8,-23
5,-26,6,-28,14,-5,14,1,-2,-6,-9,-22
-5,-2,-5,-5,1,-13,16,-22,9,-20,11,-19
13,4,11,0,15,-1,-10,-2,-5,-6,2,-24
9,5,2,2,3,1,3,-29,10,1,13,-11
-1,2,9,-18,9,-29,8,-10,13,-28,15,-2
-1,-1,11,7,-1,-16,7,-8,-6,3,3,5
7,5,2,-9,8,-8,-3,-10,-9,-15,-5,-4
12,2,-9,-16,1,-22,14,-10,13,-18,12,-14
3,-1,0,-5,7,-5,-3,-10,10,5,-6,1
1,-6,15,1,3,9,-2,11,1,-5,11,-10
4,-5,0,10,1,10,8,7,8,-5,1,-9
3,0,-1,-3,4,9,-1,12,-3,-3,-3,-9
8,2,-1,3,-2,4,-2,-6,5,-2,-1,-6
-2,-5,-5,6,11,7,15,-4,-5,8,-2,-14
-2,-1,-7,9,3,2,6,10,15,-12,0,14
-3,-1,-4,14,1,14,2,9,15,-19,-1,0
-1,1,2,17,-2,17,5,3,1,8,8,3
8,2,-2,-8,-2,-8,11,-7,-10,-1,1,-6
-8,19,-5,0,-3,-4,-6,6,-8,10,5,-7
16,-6,5,-11,6,-13,-9,-11,-10,7,0,-8
13,-4,6,-12,-1,-7,-4,0,-8,-10,-10,-8
-10,23,-1,-6,10,-8,-7,8,12,-7,3,-2
-6,8,-6,3,11,9,4,-6,13,2,6,-8
13,-3,11,-11,3,-4,8,-10,-7,10,-4,9
13,-1,0,-6,-9,16,-10,-9,-10,-1,3,-6
16,-7,10,7,2,-5,-2,-1,10,24,2,3
15,-2,14,8,12,2,-8,2,16,28,-10,21
16,-2,13,-7,-6,7,-7,12,5,21,-4,3
16,-2,-9,11,-5,0,10,-3,-7,-2,8,-4
15,2,8,1,-4,8,-6,12,-8,12,1,-3
-3,8,-4,22,-7,3,-4,-3,4,10,-7,6
14,3,8,4,-10,3,-10,6,-6,15,4,8
15,3,8,6,3,34,6,-2,-7,15,-2,8
13,5,-4,3,-4,19,-1,3,9,11,-9,25
14,0,4,16,11,18,-2,3,3,4,5,11
-3,-8,6,-25,16,-20,-1,-22,-2,-20,6,-6
-4,-6,3,-30,16,-1,8,-1,-5,-5,11,-35
3,-20,9,-10,5,-10,1,-14,4,-14,17,-4
7,-21,-5,-33,-8,2,-7,-6,12,-30,8,-16
-5,4,11,2,2,-32,-3,-22,-7,-19,-8,-14
-4,3,11,-28,4,-17,16,-26,-7,-12,0,-28
17,1,5,1,-6,3,-1,-3,0,0,11,-14
-4,-7,15,7,-5,-5,16,-10,1,-18,14,-25
10,2,10,5,1,-6,17,-2,-4,5,1,-1
5,3,13,9,17,-10,8,-9,15,-11,1,9
2,-3,-7,-11,-5,8,0,8,2,-2,13,-4
-2,-5,-5,-2,5,8,16,8,16,5,0,3
8,2,-5,1,-1,7,-1,7,-2,-2,17,-12
0,-7,11,8,17,-17,17,13,15,-4,3,9
-1,-8,11,-4,2,-14,-5,-16,2,-18,-9,-10
14,14,-2,-10,-5,1,-5,0,-9,10,-7,-21
7,-14,6,-15,-4,-3,10,-16,-7,-17,-8,-6
-8,12,4,-15,-5,0,-8,-16,7,-17,8,-10
17,-10,3,-10,1,-13,-7,-13,-6,5,5,-10
15,-10,-6,5,13,-13,9,-15,-6,2,-8,-9
13,-5,8,-16,-9,6,-4,0,-7,-7,-3,-15
10,-10,7,-2,12,-12,11,-3,-9,11,3,-13
7,-10,6,-7,-9,-6,-5,15,8,-1,0,-2
11,-3,1,-2,16,17,-5,-5,3,-9,2,-10
10,-6,-2,-7,-9,-2,-7,12,-5,15,12,-8
4,-4,-9,-10,-8,16,6,-9,-8,-1,15,0
17,-10,9,0,13,8,-3,6,6,-1,9,2
15,-6,-4,15,4,-3,12,23,3,11,-9,22
14,-5,-2,5,3,0,7,-1,-8,-3,6,-4
16,-7,5,28,-6,15,-1,-2,6,-2,13,-1
8,-2,4,1,-6,9,-9,-2,10,-2,-6,12
-9,25,16,-1,8,18,-8,0,-3,19,11,-2
16,-3,-8,26,13,28,-4,-3,-3,4,-7,4
16,0,-2,32,14,16,13,9,17,6,-6,19
5,4,-6,-1,10,7,-5,8,4,1,0,33
13,9,-1,33,1,25,11,16,0,7,14,25
12,9,2,30,13,17,5,1,-5,6,13,2
9,-29,10,-31,-5,0,4,-24,17,-26,4,-17
6,-22,14,-26,-4,0,7,-35,12,-24,17,-16
5,-23,18,-3,18,-32,-3,0,16,-24,1,-4
10,-27,6,-28,9,-4,3,-11,8,-23,12,-29
8,-22,5,-31,15,-31,0,-9,7,-29,8,-26
-5,-5,-5,-17,9,-1,8,5,17,-30,9,-20
10,-18,-2,-11,8,-14,18,-18,8,-3,18,-7
16,5,7,-26,17,-14,18,-25,6,-3,6,-1
1,1,-3,-19,7,-14,-5,8,3,8,7,5
17,-2,7,2,-2,2,0,7,0,5,10,-4
0,-2,14,-4,-2,-20,-3,-4,-7,-15,3,5
10,-5,-1,-1,16,-15,4,9,18,-13,3,-25
-3,-6,10,-20,-3,-8,-6,2,-5,0,-4,-3
-4,-2,2,-18,8,-20,-1,-12,9,-22,-3,-18
2,-13,-1,-10,1,-16,-7,-14,1,-16,-5,-2
4,-13,9,-18,8,-7,-7,-6,14,-10,-6,-16
13,-10,4,-13,-2,-18,4,-6,1,-20,9,4
10,-14,-2,6,5,-17,-7,-10,9,-16,18,16
15,-14,5,-8,7,-17,-8,-15,13,-4,-6,11
11,-8,-6,-15,-7,0,12,-10,5,2,12,2
-6,9,-8,11,0,-8,13,-13,-7,-7,10,-7
5,-10,10,-2,3,-6,-5,14,-3,-11,5,-14
12,-6,9,6,6,-12,14,-3,10,-6,13,-12
13,-6,-2,21,11,-9,9,-11,-3,9,-7,11
-2,2,12,-6,8,-7,14,-11,6,22,0,-7
13,-5,-5,10,4,-9,13,3,15,4,-7,10
-5,13,-8,3,10,-6,5,-6,-6,14,3,19
16,-8,9,-1,13,-2,1,-3,8,-2,11,27
4,-1,-8,18,12,23,-1,4,-4,4,9,-5
-3,9,6,6,1,-4,8,2,-1,25,-8,-7
15,-6,14,0,-4,-2,1,-3,18,5,8,7
1,2,-4,12,12,9,14,3,12,12,15,25
14,-3,-3,-2,-3,19,-7,23,1,6,-1,-2
6,2,-7,2,-3,18,8,12,1,1,8,5
-6,22,12,-1,-5,27,-3,19,-5,12,3,31
14,6,4,9,13,1,-7,11,-7,24,5,9
15,1,-5,12,-5,28,14,5,14,4,8,15
2,-26,2,-34,14,-23,9,-9,13,-1,13,-27
7,-28,2,-18,14,-23,4,-3,1,-21,3,-14
16,-20,0,-6,10,-29,-2,-5,-7,-15,7,-15
-4,1,13,-26,17,-25,14,-5,12,-32,9,2
-5,-2,12,2,14,-32,9,-21,-1,-27,-4,-1
-4,2,8,-29,0,-24,11,-27,11,-31,5,-30
9,-19,5,6,-7,-27,1,-21,-2,-18,-5,0
5,-18,-5,-7,1,-28,14,-20,3,-24,2,-27
11,-18,-1,-13,-7,-2,12,-23,8,-22,3,-6
16,-16,1,-16,-3,-7,0,-14,6,-25,-4,-11
-6,9,12,-20,-3,-8,-4,-3,13,-10,-6,3
18,-16,-6,-1,-7,2,-5,0,-6,-18,4,-7
19,-18,7,-20,1,-13,14,-24,11,-19,5,-14
17,-21,12,-13,-5,3,1,-19,6,-17,-6,-20
6,-16,11,-19,4,-18,15,-22,0,-22,-7,-5
11,-20,-5,-13,15,-14,14,-3,15,-14,3,-20
12,-20,5,0,8,-9,-4,-15,3,-16,-5,3
-3,-2,10,2,6,-19,-6,-17,-7,-11,12,-10
8,-17,19,-18,-6,-6,-3,-2,13,-15,5,-12
-2,-2,15,9,-4,-11,5,16,8,-7,0,-6
15,-13,4,11,9,-1,14,-9,-6,7,7,16
13,-10,18,16,12,-4,-7,-3,12,-9,-2,15
13,-5,12,-13,-5,-8,13,-3,8,-13,5,14
16,-11,15,19,-1,3,7,-10,4,20,9,-3
18,-10,-7,6,-7,21,3,-10,-6,-12,14,22
19,-10,17,-10,0,-6,8,1,-5,-11,7,-11
17,-6,-4,7,4,7,4,11,19,-3,-7,23
16,-4,19,2,4,16,7,-9,-4,-2,-4,5
12,0,10,6,-2,17,-1,0,8,-6,3,-4
14,1,17,6,-4,1,12,-5,19,21,12,0
2,2,16,4,-2,12,1,5,10,-6,4,7
-6,21,-5,20,15,8,0,0,-1,9,0,13
14,-2,-2,26,0,-3,-6,24,-5,-3,15,13
4,2,18,33,10,1,5,6,6,12,0,4
15,4,17,9,7,3,-5,5,12,6,-5,12
3,5,3,13,16,4,-1,1,-3,10,5,-1
5,6,19,10,7,21,-5,16,9,35,-4,23
-5,-3,2,-28,-2,-15,10,-33,2,-33,11,-21
12,-27,11,-34,1,-24,3,-28,-6,-12,-4,-28
13,-21,-4,-10,0,-19,1,-31,-2,-32,-4,-12
14,-20,1,-23,-1,-18,14,-23,-1,-20,-3,-6
-6,-1,-2,-14,0,-18,11,-31,11,-30,9,-18
17,-24,10,-24,-1,-17,5,-24,0,-20,-4,-6
14,-18,10,-13,-2,-13,10,-20,7,-22,8,-21
13,-22,5,-18,-6,1,-6,-5,14,-27,-5,-24
11,-25,11,3,-3,-7,15,-16,10,-14,7,-22
2,-17,10,-22,10,-26,7,-17,-5,0,8,-25
16,-17,19,-7,1,-13,0,-11,-6,4,15,-16
10,-22,11,-16,-3,-6,15,-14,9,-17,5,-19
2,-20,-1,-6,16,-19,2,-17,-4,7,9,-21
0,-13,4,-16,14,-17,6,-22,11,-17,9,4
-3,-5,1,-13,12,-16,-2,1,14,-18,-2,-13
2,-21,18,11,3,-13,6,-19,16,-4,-6,-18
6,-20,-6,-4,-2,-11,12,-9,8,-20,5,-11
16,-19,-6,15,16,-4,-4,-13,12,-3,-1,-15
-6,11,0,-8,1,-18,12,-6,13,4,-1,-10
5,-11,-2,-15,-6,-16,-6,0,8,4,-6,-8
2,-7,4,14,6,-16,1,-6,-6,-9,12,-11
-2,4,-3,-5,11,-13,5,-10,4,-7,14,-13
12,-10,-6,21,-3,-11,-4,-10,-1,1,6,19
5,-6,15,-3,-4,1,-5,1,12,-10,19,3
4,-5,4,-4,7,7,-5,11,-3,23,13,-10
11,-11,16,-7,-4,25,8,-2,-6,-11,6,-8
12,-10,13,5,-4,-10,-1,2,4,-4,7,12
6,-5,1,13,14,-6,11,-9,0,-9,2,0
9,-4,-2,8,-2,-5,-5,12,5,0,-2,12
2,1,10,4,14,9,14,8,3,13,2,1
5,-2,7,0,11,6,12,-6,20,10,1,9
8,-3,9,12,-6,2,3,27,11,14,12,29
3,2,-2,-3,6,-3,6,4,15,6,9,12
14,-3,-6,11,0,19,1,1,13,2,9,14
14,-1,20,21,14,-1,17,-2,16,6,15,9
15,3,15,15,13,15,15,5,3,33,7,24
14,2,0,11,5,12,-6,16,-5,18,7,7
17,-32,17,-29,0,-14,0,-21,19,-3,17,-36
-4,-11,3,-25,12,-32,19,-35,20,-24,-1,-32
6,-31,6,-11,16,-24,-3,-31,12,-20,10,-22
1,-24,6,0,13,-20,5,-24,-1,-30,-3,-13
-4,-17,13,-23,5,-30,-5,-9,14,-17,-3,-8
0,-18,20,-23,-1,1,17,-16,0,-24,7,-16
0,-21,20,-21,15,-2,15,-16,3,-20,7,5
0,-18,-1,-9,13,-27,-1,-3,6,-18,11,-18
0,-23,-1,-14,9,-18,14,3,-1,-28,-3,-12
-2,-24,12,-16,5,-27,0,-13,3,-12,10,-27
-2,-10,-2,-10,14,-14,8,-25,10,-22,5,4
0,-24,15,-10,-4,-10,17,-9,12,-14,-5,-12
2,-21,16,6,12,-23,-3,-2,16,-24,7,-11
5,-22,5,2,16,-19,0,5,18,-6,-2,-6
5,-19,10,5,-3,-14,2,-22,12,-12,2,-18
10,-21,8,-1,16,-16,1,-9,6,-21,-2,-2
15,-14,12,-8,16,-12,-1,-15,3,5,1,-9
-4,8,14,10,-1,17,-2,-4,-2,-10,5,12
15,-11,-4,-4,-1,-5,0,-16,-3,-3,0,-2
16,-16,-1,-9,-4,6,7,-4,12,-10,0,-17
11,-15,15,9,-3,8,9,-14,-3,-10,-1,1
9,-14,16,-12,0,-10,17,-6,17,-6,15,-2
3,-8,11,-6,1,-13,17,-12,-2,12,-5,-6
8,-9,-5,-13,-1,3,13,-8,-5,-10,14,-13
17,-4,11,7,-3,-10,4,-7,14,-5,16,21
15,-7,-5,-9,7,8,6,-7,-4,-10,-1,5
-2,12,-5,-2,12,4,1,-1,18,1,-4,20
-3,14,19,3,-5,-4,16,-1,5,3,5,2
12,-7,13,21,21,26,10,-2,6,-2,3,-8
15,-4,15,26,17,4,5,-4,4,14,13,3
7,-1,19,8,17,6,1,-3,6,9,12,-1
12,-3,6,26,-2,4,-4,12,17,-2,6,0
17,-2,-5,28,13,-3,11,4,-3,19,6,16
16,-3,19,7,9,12,5,7,-3,-1,-4,33
-1,16,15,34,-3,13,-3,28,2,5,16,-1
7,0,4,12,17,23,16,1,12,4,19,25
6,2,-1,4,8,4,6,13,11,8,15,6
17,-33,18,-16,8,-33,16,-28,-1,-25,13,-9
15,-31,3,-9,2,-27,7,-20,6,-16,8,-28
15,-32,10,-31,9,-21,14,-26,-1,-22,9,-19
4,-28,6,-18,0,-25,11,-32,-1,-17,3,-20
5,-32,-1,-23,6,-29,-4,-14,8,-22,14,-17
15,-30,11,-19,-1,-21,-3,-13,4,-5,2,-24
9,-27,18,-12,15,-3,5,-19,15,-28,-2,-17
5,-26,6,-26,-3,-28,-2,-20,-3,-1,18,-13
3,-18,2,-23,18,-12,-1,-15,-4,-7,8,-24
-1,-7,2,-27,2,-1,-4,4,14,-10,4,-26
3,-17,11,5,3,-20,15,-20,13,-11,5,-25
8,-22,14,-6,5,-25,1,-6,-1,-20,-1,-23
6,-24,4,6,-2,7,14,-9,11,-7,-1,5
-3,-7,-2,5,-3,-21,3,-21,-2,13,18,-15
6,-17,11,-6,19,10,-4,4,-3,4,-3,-21
5,-19,8,-21,3,-18,2,-8,7,-7,7,-11
-3,5,-1,-15,1,-7,-4,-10,10,-15,5,-16
11,-14,16,-9,1,-18,15,-19,5,-7,19,-19
18,-13,7,-12,2,-6,4,-16,4,-6,11,-8
-4,11,10,-17,0,-11,-3,15,3,-7,14,-4
14,-13,8,1,14,-13,2,-12,11,2,14,6
1,-1,-4,8,20,-6,0,5,2,1,18,-11
-2,7,13,-9,18,-11,9,-8,-4,-10,16,-3
1,-11,10,2,-3,-9,2,-2,8,-5,15,-12
4,-11,4,-9,3,-4,-1,-10,-4,13,-1,1
0,3,16,-7,5,-6,14,-2,5,14,3,15
-1,-6,-1,5,11,-4,-2,4,-3,-6,9,18
-1,-4,-3,-1,19,-6,-1,-9,1,-4,-4,16
2,3,2,9,14,-3,7,4,1,17,4,6
-4,18,15,-4,0,-5,5,7,2,6,-4,13
1,6,5,20,6,9,15,28,12,-3,16,11
0,11,15,6,12,7,-3,14,19,-4,-4,10
12,-4,13,14,1,0,15,-3,3,14,16,3
-2,19,8,23,-3,2,4,-3,1,6,-1,12
2,11,18,0,3,7,-3,9,5,22,22,14
17,4,11,19,1,23,-2,10,1,10,2,12
3,11,17,18,-4,14,-4,20,17,13,-4,7
13,-34,21,-5,11,-33,8,-25,17,-30,16,-24
-3,-8,2,-18,21,-22,4,-27,18,0,6,-29
10,-32,16,-3,6,-19,6,-34,17,-29,18,-28
5,-26,-3,0,-2,-1,1,-26,5,-24,15,-29
6,-28,9,-16,5,-29,-3,-3,6,-9,16,-17
10,-30,-2,-27,-2,-20,1,-16,1,-3,3,-15
-1,-25,18,-19,-1,0,13,-28,2,-14,14,-28
0,-10,-1,-11,-1,-19,4,-23,19,-29,-3,-2
0,-7,-1,-2,6,-26,6,-20,9,-21,12,-21
12,-25,15,-11,19,-25,17,-26,-2,7,-3,-25
11,-22,21,-6,0,9,10,-6,1,-9,10,-14
12,-22,22,-20,18,-5,7,-21,3,-15,-2,-23
6,-19,14,4,18,-15,1,-12,11,-15,20,-5
4,-15,0,-3,16,-10,-3,-17,13,-12,14,-22
2,-14,0,13,15,-11,6,-10,15,-13,15,-14
5,-18,9,-7,2,13,-1,-8,9,-10,9,-10
3,-17,4,16,22,-1,7,-14,1,-11,14,-16
3,-19,4,15,17,-19,11,2,6,-10,8,-18
-1,-10,8,17,17,4,8,-16,3,-9,6,-18
-2,0,9,-5,-3,15,21,5,17,-8,-3,-1
11,-16,12,-7,-3,8,16,-6,1,13,19,-13
15,-13,14,14,19,15,2,-10,-1,-7,5,15
4,-12,2,1,18,-8,7,-2,-3,-9,16,-1
1,-8,15,1,10,-10,0,-1,11,-11,4,-7
-1,4,10,17,12,-3,-1,-11,-3,17,1,-4
0,-9,-3,-8,8,-1,2,-11,1,2,7,-5
4,-5,10,23,5,-5,-1,18,1,9,20,6
-2,-2,21,0,18,-8,7,19,7,23,5,14
4,-1,1,18,20,9,5,2,16,-8,10,12
8,-6,23,18,-2,13,2,1,4,2,23,15
-3,20,19,25,2,-4,15,1,-3,27,-2,21
8,-5,17,4,11,24,-2,26,7,11,6,8
-1,0,8,10,7,0,18,13,9,-3,7,-2
7,-1,10,23,1,-3,7,10,4,3,8,24
4,4,9,30,17,8,7,-2,-1,14,-1,1
9,1,5,4,3,34,14,4,14,7,2,12
16,3,16,26,23,35,8,18,2,17,-2,13
12,-33,-2,-19,-1,-30,3,-30,-2,-24,18,-22
8,-31,14,-9,13,-16,-2,-30,1,-27,16,-19
11,-34,19,-30,-1,-16,13,-26,19,-19,20,-29
7,-32,1,-14,13,-26,19,-17,18,-3,4,-29
5,-28,1,-21,6,-17,15,-29,8,-25,10,-18
2,-16,3,-18,13,-15,7,-21,16,-25,2,-26
2,-28,4,-28,13,-18,2,-19,14,-14,9,-23
2,-29,19,-23,2,-19,1,-13,9,-20,24,-1
3,-21,23,0,16,-18,1,-24,20,-26,-1,-6
4,-25,8,8,12,-9,1,-18,-2,-10,17,-22
4,-21,20,1,13,-16,12,-18,4,7,11,-8
4,-24,10,-12,18,-18,7,-23,17,-7,17,7
-1,-1,12,-10,-2,-9,18,-22,0,-3,24,-7
-1,-14,3,-12,1,-11,5,-22,4,-21,13,-10
1,-21,1,-9,1,-4,3,-15,15,-18,8,-19
1,-21,5,-14,2,-20,-2,0,4,11,-1,-10
0,-18,18,-18,19,-4,8,-15,3,-19,16,7
2,-10,11,-6,15,-19,19,-15,24,5,14,-16
0,-15,11,4,0,-17,20,-15,7,-16,10,-13
2,-10,18,12,18,-13,3,-14,14,-5,0,18
-1,-5,13,-10,9,-14,10,-6,11,-11,16,-9
-2,-12,-1,21,16,-3,11,-8,22,-4,20,3
3,-11,0,0,-2,7,11,2,7,19,2,16
1,-7,-1,21,21,10,2,21,1,9,4,1
-1,2,8,1,23,-1,11,-9,11,-12,16,5
0,1,15,14,11,-10,12,-4,9,-1,0,6
0,-1,0,10,7,-9,8,-3,7,-5,15,12
-2,-7,0,23,18,4,1,1,12,-5,4,6
2,-4,21,25,3,-8,18,1,16,6,9,-4
-1,3,20,12,2,21,19,29,7,10,18,-6
-2,7,18,20,1,24,-1,-5,12,-5,7,14
-2,1,16,-5,-1,4,17,25,8,15,22,10
0,14,18,31,-2,31,2,23,18,9,15,2
1,10,21,24,20,6,20,14,-1,3,20,24
-1,2,1,4,20,6,16,8,-1,22,0,13
4,5,24,28,12,5,16,15,16,6,15,9
6,2,1,7,7,9,13,3,16,10,1,3
5,-24,19,-24,-1,-13,20,-31,12,-35,1,-18
2,-17,-1,-20,10,-34,7,-29,10,-34,3,-34
4,-24,8,-25,11,-25,5,-27,6,-30,0,-24
3,-32,19,-25,5,3,12,-19,3,-2,19,-23
4,-26,16,-17,1,-12,9,-3,12,-20,11,-15
1,-18,4,-6,19,-19,3,-22,2,-29,6,-30
-1,-15,1,-24,7,-7,6,-23,10,1,12,-21
0,-23,24,6,18,-19,11,-25,6,-27,24,-20
0,-6,6,-14,17,-14,11,-8,12,-18,16,-16
3,-16,25,0,13,-23,0,-3,0,-7,17,-24
-1,-25,4,5,1,6,4,-9,11,-24,5,-17
0,-17,24,-13,11,7,16,-13,-1,3,8,-20
5,-20,0,-21,17,-24,21,-10,9,-23,3,-5
2,-9,4,-22,25,-18,8,-22,7,-23,3,-13
3,-10,20,-9,5,-11,11,-22,4,-14,10,-5
-1,-17,25,-2,12,-13,-1,7,15,-6,3,-8
2,-5,3,11,3,-5,2,-12,17,-18,5,-8
-1,5,11,-13,-1,-3,2,-16,1,-1,15,-19
-1,5,3,18,24,-6,20,-5,20,-14,2,3
0,-4,22,15,16,-9,16,-8,13,-14,2,-9
-1,-7,24,-15,7,-10,14,-1,16,1,-1,14
1,4,5,9,1,-3,15,-2,10,-13,18,12
2,-6,0,13,17,-6,0,11,0,3,9,-6
1,1,10,-8,1,-2,1,2,16,-4,25,16
1,-1,19,18,15,-2,0,17,3,-2,9,-12
0,10,0,-5,18,-8,12,6,-1,-5,-1,12
-1,7,11,-1,5,-7,21,-4,11,-1,4,16
-1,10,17,8,24,-7,-1,13,12,0,6,25
-1,13,5,21,8,-4,-1,19,20,11,5,9
-1,3,1,2,0,-4,-1,0,20,19,18,28
6,-6,20,20,2,10,18,2,17,9,20,25
1,12,7,16,16,23,0,5,18,4,17,14
4,0,15,8,14,0,18,12,8,3,7,7
3,0,9,6,7,10,16,10,1,4,6,27
0,3,3,26,1,3,10,4,7,4,7,17
5,6,5,0,2,16,12,-1,18,25,16,15
4,0,24,2,9,7,16,7,25,20,4,17
4,-30,6,-24,1,-14,5,-25,3,-18,16,-31
3,-23,1,-15,25,-34,11,-25,18,-34,5,-25
1,-22,16,-34,17,-27,1,-21,5,-16,9,-26
4,-25,13,-25,6,-23,17,-22,0,-9,7,-21
2,-17,6,-10,14,-24,8,-19,16,-19,5,1
2,-31,14,-5,7,-2,4,-29,10,-29,11,-9
0,-22,16,-29,22,-16,23,1,15,-14,22,1
2,-22,5,-29,24,3,7,-3,9,-16,5,-27
1,-10,24,-28,16,5,11,-28,12,-13,11,-20
0,-11,22,6,0,-8,3,0,5,-17,0,-6
2,-6,23,-19,3,-13,21,-25,10,-26,6,-7
2,-24,17,-15,3,-20,25,-10,9,-14,25,-17
0,-12,23,-22,19,-9,19,-15,10,-11,17,12
1,-3,21,-14,19,-6,22,-13,22,-22,17,6
3,-12,6,8,20,14,13,-1,12,-16,18,-2
0,-10,14,-20,15,-18,19,-10,7,-16,15,-16
1,-17,25,-2,2,13,9,-11,2,-8,4,-13
0,-12,1,14,5,11,16,-5,2,-8,3,-18
1,-16,25,-18,4,-11,6,-18,12,-13,5,-3
1,-17,3,16,0,14,11,-3,9,11,1,-11
0,6,10,-15,7,-12,5,-6,1,20,3,-16
0,5,3,-7,22,-14,0,-1,21,13,7,-7
0,0,4,-5,20,-12,12,-7,6,17,2,-8
0,-8,8,-7,1,8,5,0,0,19,11,-1
3,-5,1,4,24,-11,14,3,21,-4,1,4
1,8,19,11,14,-4,17,3,10,-1,4,12
3,-1,21,-3,11,-7,19,3,5,-4,4,-4
3,2,10,1,16,19,13,3,25,15,1,24
1,-7,9,-4,26,11,13,0,23,15,4,20
0,-7,20,12,19,19,11,26,1,5,5,2
2,0,16,3,5,20,4,-2,11,1,26,0
0,13,17,29,16,4,6,20,4,0,16,16
2,6,2,0,22,2,22,0,8,7,0,1
4,10,8,4,8,-3,16,9,0,-1,19,0
4,8,7,15,5,18,4,-1,2,18,13,11
7,0,12,22,12,9,2,22,18,12,0,27
6,8,5,3,10,16,0,2,14,12,1,15
