-13,-7,-12,-11,-25,-5,-6,-28,-9,-29,-6,-21
-15,-13,0,-16,-1,-29,0,1,-22,-10,-24,-1
-16,-13,0,-9,0,-28,0,1,0,-3,0,2
-11,-3,-25,-25,-8,-7,-26,-27,-24,-1,-26,-25
-18,-14,0,-2,-5,-17,0,1,-24,-7,0,-11
-4,-7,0,-7,-5,-17,0,-6,0,3,0,4
-3,-2,0,-1,-1,-25,-26,-19,0,-1,0,3
-8,4,-26,-14,-5,-16,0,3,0,4,0,3
-15,2,0,7,-5,-16,0,-5,0,-2,0,3
-10,3,0,6,-8,-10,0,-9,0,3,0,3
-7,-4,0,2,-10,5,0,5,0,2,0,3
-14,-4,0,2,0,0,0,5,0,-2,0,3
-5,1,0,2,-25,9,0,5,0,3,0,3
-13,9,0,-3,0,7,0,-7,0,1,0,-7
-17,5,0,1,0,7,0,-8,0,0,0,4
-10,10,0,11,0,3,-1,13,0,0,0,-11
-7,10,0,11,0,2,0,8,0,0,0,-1
-18,6,-1,15,0,2,0,8,0,0,0,5
-14,11,0,3,0,10,0,8,0,-2,0,0
-6,7,0,-2,0,3,0,7,0,15,0,6
-9,15,-1,19,-6,1,-1,15,0,-1,0,4
-20,3,0,-10,-8,12,0,4,0,3,0,2
-7,18,0,-10,0,5,0,7,0,0,0,1
-14,19,0,-10,-9,4,-1,16,0,4,0,0
-3,13,0,6,0,6,0,8,0,0,-1,21
-14,25,0,-5,-10,18,0,6,0,0,0,1
-1,16,-1,11,-10,9,-1,16,0,-10,0,1
-8,27,0,-7,-11,27,0,6,0,4,0,0
-2,15,-1,12,-10,9,0,5,0,2,0,6
0,27,-1,-3,-11,28,0,-2,0,1,-1,29
-4,26,-1,-4,-11,12,-1,18,0,1,0,2
-2,29,-1,-4,-2,10,-1,17,0,1,0,2
-13,15,-2,24,0,-2,0,8,0,-2,-1,30
-5,33,-1,30,0,1,0,8,0,6,-1,23
-3,33,-1,28,-14,17,0,8,-1,34,-1,21
0,34,-1,31,-4,7,0,8,-1,32,-1,19
-20,29,-12,13,-2,1,0,3,-5,35,-1,18
-12,-5,1,-35,-3,-30,1,-28,0,-5,1,-30
-15,-5,1,-18,-3,-30,0,-15,1,-30,0,-16
1,-6,0,-8,-14,2,0,-15,1,-30,0,-20
1,-7,0,-4,-22,-11,1,-26,0,-3,1,-28
-6,2,1,-18,-4,-23,0,-15,0,-3,1,-28
-14,4,-15,5,1,-26,0,-17,-4,-4,0,-19
-21,-10,0,-2,-9,-17,1,-24,0,-3,1,-27
0,1,-1,-8,-11,-3,0,-19,0,-6,1,-27
1,1,-12,-2,-10,4,-18,3,1,-25,1,-6
-15,1,-12,-10,-10,-3,0,-18,1,-26,0,-18
-12,7,0,1,-11,-1,0,-14,0,9,1,-25
-20,-7,-1,8,-11,-5,1,-21,0,-3,1,-25
-5,6,-1,5,-12,10,0,-19,0,10,0,-7
-2,6,0,-1,-12,10,-18,5,0,-4,-1,-11
-3,4,-2,12,1,-5,0,-18,0,10,-1,9
-3,6,0,4,1,-5,1,-19,0,-4,0,14
-11,13,-12,-20,-11,14,0,-9,0,-4,-2,14
-10,1,-2,8,-12,10,0,-16,0,9,0,13
-8,14,-2,12,-12,5,0,-16,0,-3,0,13
-13,13,0,2,-11,14,-1,13,0,9,0,-12
-3,9,-2,10,1,11,1,-15,0,-2,0,-13
-12,20,0,8,0,20,-1,14,0,-2,0,-13
-11,21,-2,10,-11,16,1,-14,0,-2,0,16
1,14,-2,9,-12,6,-1,9,0,12,0,16
-17,17,-2,8,-12,3,0,24,0,12,-1,17
-10,8,1,1,-13,22,0,24,0,10,0,17
-16,23,0,8,-11,19,-1,10,0,10,0,17
-4,26,1,1,-13,18,0,24,0,9,0,16
-21,18,-3,24,-2,25,0,-8,0,2,0,16
1,29,0,7,-14,28,-1,11,0,2,0,15
-16,30,0,-1,0,-2,-1,10,0,5,0,15
-22,20,0,-5,-21,29,-1,10,0,3,0,11
-20,27,-1,23,1,-3,0,28,0,2,0,11
-22,26,-1,32,-1,-3,0,27,0,4,-1,24
-1,16,-1,23,-20,21,-1,12,0,3,0,11
-20,31,-1,33,-20,19,-1,10,0,3,0,10
-17,16,-1,32,-24,35,0,28,0,3,-1,25
-18,-9,2,-27,-13,-10,1,-9,1,-35,1,-26
-15,-3,-2,-7,-1,-23,1,-10,1,-33,1,-27
-5,2,0,-10,1,-27,1,-11,1,-34,1,-27
-1,0,-1,-4,-14,-3,0,-25,0,3,1,-27
2,-10,-2,-7,-12,-7,0,-26,-4,3,1,-28
-18,-3,-12,5,-10,-4,1,-10,0,4,1,-30
-16,0,-12,0,-10,-6,1,-12,0,-1,1,-30
-20,-6,0,1,1,7,-1,4,0,-1,0,7
-19,-3,-15,7,1,6,-17,-5,0,-5,0,7
-18,-1,0,-1,1,6,1,-11,0,-2,0,7
-17,1,0,-3,1,5,1,-11,0,-4,0,7
-3,-3,0,-5,1,5,1,-12,0,-5,0,7
-18,-7,-2,9,1,4,1,-16,0,10,0,6
-2,0,-1,10,1,4,1,-16,0,-5,0,-1
-1,5,-2,-2,-10,1,-1,10,0,11,0,6
-14,8,-12,6,1,-4,-1,7,0,-4,0,0
-17,6,-2,9,2,16,1,-14,0,12,0,-2
-4,4,-1,13,0,17,1,-18,0,-4,0,7
-2,11,-2,1,1,14,0,18,0,13,0,6
-6,3,0,-8,1,12,-1,10,0,13,0,6
-15,3,-3,8,-10,6,-1,8,-4,3,0,4
0,15,0,-9,-10,6,0,20,0,12,0,4
0,17,0,-10,-2,1,0,20,0,12,0,2
-7,23,-2,-12,-12,9,0,20,0,1,0,2
-2,9,0,-9,-2,-1,-1,10,0,12,0,2
-2,9,0,-11,-12,10,-18,25,0,-1,0,6
1,12,-1,25,-12,2,-1,9,0,-1,0,-1
-18,22,-16,-6,-2,1,0,23,0,10,0,4
-20,21,-1,-2,-15,27,-1,10,0,0,0,2
-22,21,-1,-3,-3,4,-1,10,0,9,0,1
-18,29,-1,-3,-17,30,-1,8,0,-2,0,5
-11,12,2,3,-23,23,-1,8,0,8,0,2
-2,13,-1,-2,-5,-2,-1,6,0,8,0,2
-12,15,-3,31,-6,6,-1,5,0,0,0,2
-9,15,-3,31,-10,8,0,29,0,9,0,2
-23,26,-2,-1,-1,2,0,27,0,6,0,2
-20,34,-1,28,-2,2,0,27,0,6,0,2
-4,-17,-2,-11,1,-25,0,-29,1,-34,0,-11
-2,-3,3,-28,-17,0,1,-9,1,-30,0,-16
2,-14,3,-34,1,-24,1,-10,1,-33,1,-33
3,-14,-14,1,-10,-19,1,-30,0,1,1,-33
-3,-13,-2,-13,-17,1,0,-27,0,1,0,-15
-13,5,-18,-10,-12,-1,0,-27,-3,-24,0,-18
2,-6,-1,-4,2,-4,0,-28,1,-30,0,-18
1,3,-11,-3,-9,-14,1,-6,0,2,0,7
0,3,-11,-16,-9,-25,0,-28,0,8,0,-20
1,-1,-2,3,-10,4,-1,2,1,-6,0,6
3,5,0,-25,-12,1,-1,2,0,4,0,6
-11,8,-14,2,-10,3,-1,2,0,3,0,5
-4,9,0,1,1,11,-1,0,0,5,0,5
-12,9,-1,0,2,2,1,-2,0,12,0,5
-14,7,-1,12,2,2,1,-3,0,5,0,5
-13,10,-1,9,-10,5,1,-4,0,3,0,-16
-9,14,-2,7,2,3,-1,1,0,6,0,15
-3,3,-1,8,2,3,-1,1,0,6,0,7
-8,16,-1,6,2,2,1,-5,0,5,0,6
-7,18,-1,-12,-10,8,1,-5,0,2,0,-13
-12,17,-1,-14,2,0,-1,0,0,1,0,15
2,16,2,-6,1,2,1,-5,0,5,0,3
2,19,2,10,-6,14,-1,1,0,1,0,9
-14,21,2,-7,-10,11,1,-4,0,19,-1,21
1,23,-2,6,-6,11,-1,2,0,6,-1,15
-19,8,-19,-9,-12,14,1,-4,0,11,0,11
-20,13,-2,-4,-4,-7,-1,-1,0,6,0,11
-19,21,2,8,-13,26,-1,-1,0,1,0,6
-19,23,-23,-2,-13,25,1,-3,0,6,0,12
1,10,2,5,0,3,-1,-7,0,6,0,9
-18,29,2,-3,0,2,1,-2,0,6,0,3
3,10,2,6,-19,18,1,-4,0,6,-1,16
-23,28,-16,13,2,-1,1,-4,0,3,-1,11
-11,11,-2,-1,0,-2,0,33,0,5,0,11
-23,31,1,20,0,-2,-2,34,0,4,0,9
-9,12,-3,23,-18,33,0,34,0,4,0,9
-10,10,-3,23,-1,9,-2,35,0,4,0,7
-10,-17,-1,-1,-16,-7,1,-5,1,-34,0,-23
4,-17,2,-18,-16,-9,2,-33,1,-34,1,-29
-2,-16,-11,-15,-12,-2,-1,-6,-3,-18,1,-31
-10,-17,-19,-5,-9,-11,-1,-6,1,-33,0,-24
2,-13,-11,3,-10,4,-1,-7,-3,-18,1,-30
-15,2,-19,-6,-5,-9,1,-1,-2,-16,1,-30
-15,1,-2,3,-5,-12,-1,-6,0,3,0,-24
3,5,-11,2,-6,1,1,0,0,3,0,-25
-2,5,-2,2,-12,3,1,-5,1,-25,1,-28
-18,-3,-1,2,-1,-17,-1,-10,0,9,0,-27
-11,-6,-14,9,-13,8,1,-6,-2,-18,0,10
-2,-4,-2,2,-6,10,1,-9,0,4,-1,-9
-2,8,-1,4,-10,11,1,-9,0,11,0,11
-12,-3,-1,3,2,11,1,-11,0,11,0,9
-10,13,-2,-14,-6,12,1,4,1,-1,0,9
3,6,-11,8,4,14,-1,-8,0,10,-1,6
-9,0,-2,-13,2,13,1,1,1,-11,0,13
-1,4,-3,16,4,15,1,-8,0,11,0,11
-4,14,3,-8,-6,8,1,-9,0,7,0,11
-10,3,1,-1,4,16,-1,-5,0,-1,-1,-2
4,9,-2,20,-6,16,-1,-6,0,8,-1,-3
4,17,-19,18,-10,19,1,-9,0,7,0,-5
2,8,1,-3,-16,8,1,-11,-1,9,0,14
3,8,-19,14,-16,8,1,-12,0,5,-1,18
-13,6,-2,14,-13,21,-1,-4,0,16,0,14
-2,9,2,-1,-3,12,-1,-5,-3,4,-2,5
-1,23,-11,18,-11,9,-1,-6,0,17,0,15
-14,26,-10,-4,-2,13,0,27,0,6,-1,0
-11,8,-19,9,-13,23,0,27,-1,13,-1,4
-17,29,2,1,-7,12,-1,-7,0,19,0,17
4,8,1,4,-8,13,-16,29,0,8,0,17
-7,5,-20,10,-13,22,0,29,0,8,-1,2
-19,32,0,13,-8,14,-2,22,0,19,-1,-2
-8,7,2,4,-1,3,0,30,0,7,0,19
-21,34,2,0,-12,12,0,30,0,5,0,18
-4,14,1,22,2,4,-2,24,0,5,0,18
-22,30,1,18,-1,4,-2,24,0,21,0,18
0,-19,2,-21,1,-32,-1,-13,0,-3,0,-13
-19,-9,-2,-10,-17,-9,-15,-1,0,-4,1,-18
2,-17,2,-26,-9,-6,1,-3,0,-5,-1,2
-7,-15,-13,1,-14,-14,-15,-2,0,-7,0,-33
-19,-3,-18,-27,-9,-12,1,-2,0,-13,1,-16
-2,-13,-2,3,-16,-1,-1,-9,1,-11,1,-17
3,6,-13,2,-17,3,-1,-9,0,-12,1,-18
-17,-2,-2,-1,-7,-15,1,-3,1,-10,-1,6
2,8,-3,6,-13,4,1,-3,0,-11,-1,3
-11,-8,-20,6,-13,1,1,-4,1,-10,-1,7
4,-1,0,10,-5,2,1,-4,0,-10,-1,7
1,-3,-13,2,3,7,1,-6,1,-13,1,-14
3,4,-1,-2,3,6,1,-6,1,-13,1,-16
-13,4,-2,8,-3,1,1,-6,1,-14,1,-16
1,8,-2,-15,-3,12,0,4,-3,4,-1,10
-4,12,-10,5,-3,2,-1,-2,0,-8,1,-16
-5,14,-3,7,3,8,1,-7,-3,-2,1,-17
-14,-1,-11,15,3,8,1,-7,1,-11,1,-17
-14,7,2,-13,-9,8,-2,18,1,-13,-1,11
-3,17,-19,2,3,9,-2,18,1,-13,1,-16
1,15,0,-15,-5,7,-15,12,0,-5,-1,14
2,6,-9,2,-9,9,-15,5,0,-5,-1,10
-10,5,-20,-5,-5,8,-2,20,0,-5,-1,13
-16,4,-14,22,3,18,1,-2,-3,2,-2,2
2,22,-14,18,3,12,0,11,-4,24,0,24
-1,25,-1,24,-3,7,-2,19,0,-6,-1,10
4,25,1,6,-5,11,-2,19,0,-4,0,25
-18,15,-10,6,-9,14,-2,17,0,-5,0,25
-20,22,-21,12,3,17,-2,17,1,-5,-1,10
-2,9,-1,6,-9,10,-2,14,-1,13,-2,-4
4,6,-4,2,-2,3,1,4,-1,12,-1,11
-8,8,5,11,-1,0,-2,14,0,-2,-1,7
-4,9,1,7,4,-4,-1,28,1,-2,0,29
5,4,5,10,-3,11,-3,31,0,-1,-1,7
4,6,1,5,1,1,-3,30,0,-2,0,30
-3,13,5,10,-3,2,-3,28,-1,35,0,29
3,8,-3,21,-7,2,-3,27,1,1,0,29
-17,-15,5,-20,-7,-4,2,-29,-3,-1,0,-27
-10,-18,-2,-22,-8,-21,2,-29,2,-35,0,-16
-9,-17,-2,-26,-7,-4,2,-29,0,0,0,-27
5,-17,-1,-4,-14,-6,2,-29,1,3,0,-28
-4,-17,-13,-4,-8,-28,2,-29,0,1,0,-21
-9,-13,-10,0,-10,-28,2,-29,1,3,1,-3
-14,-14,-10,0,-16,-5,2,-29,1,0,1,-4
1,-11,-10,0,-7,-9,1,5,0,3,1,-4
-15,1,-3,-5,-7,-26,-19,-23,-3,-9,0,-20
2,8,-10,-25,4,-7,1,4,1,1,-1,1
6,7,-10,2,-4,-6,-2,0,0,5,-3,-10
-16,-4,-14,10,-9,7,-2,-2,0,4,0,-23
3,6,-10,2,-5,10,1,6,0,3,1,0
-8,8,2,12,-5,10,-2,-5,1,2,-1,10
-5,13,-10,3,4,-3,-14,-22,0,3,-1,-1
-9,0,-1,6,-12,6,-3,14,1,3,1,1
-4,13,-3,7,4,3,1,9,0,-4,1,1
-7,11,-1,7,4,-1,1,3,1,3,-1,13
-11,8,2,4,4,-2,1,3,1,2,1,2
-12,11,-9,-10,-5,8,1,3,0,-5,-1,3
5,13,-3,5,-5,14,-15,18,-2,-10,-1,3
-12,16,-9,5,-10,7,-15,14,0,8,-1,16
4,7,-10,-9,-6,-2,1,5,1,1,1,5
1,21,-4,19,-7,-1,1,5,-1,-7,-1,1
2,24,-16,19,-14,5,-3,22,0,2,-4,5
6,12,-4,4,3,25,1,5,1,3,-1,0
6,11,1,7,3,20,1,5,1,2,-1,6
3,10,-3,-5,3,10,1,5,-2,22,1,9
6,8,-2,4,-16,16,-3,24,-2,11,-1,-8
-19,27,-10,-4,-8,25,-3,22,-4,11,-14,14
6,3,-8,0,-15,21,-15,22,-5,17,1,11
3,6,2,13,-9,24,0,1,0,17,-2,30
4,5,1,11,-4,14,-1,18,-4,19,1,10
5,3,-20,5,-8,-3,-2,17,0,14,-2,30
4,4,1,9,2,-2,1,9,1,6,-2,29
6,-1,5,14,-19,19,1,8,0,12,-2,19
2,9,-3,16,-2,0,1,7,1,7,-2,19
6,-22,-4,-8,7,-4,-2,-9,2,-35,2,-25
-16,-2,0,-11,-14,-9,-14,-9,1,-26,2,-25
-17,0,6,-21,-14,-2,-2,-8,1,-4,-1,-7
-6,-19,-13,1,4,-16,-2,-8,1,-5,2,-25
-18,0,-13,-6,-8,-4,-2,-8,1,-6,-1,-6
1,-14,-13,-7,6,-23,2,-26,1,-7,-1,-13
-9,-14,0,-7,7,-23,2,-27,1,-24,2,-24
-14,5,1,0,-16,1,2,-27,1,-24,-1,-13
6,-11,-9,-28,-17,0,-14,-6,1,-7,2,-23
-3,-9,-16,8,4,4,2,-26,1,-23,-1,-12
1,9,0,10,4,9,-1,-7,-4,-6,-1,-2
-12,3,-10,11,-4,-4,1,11,1,-15,-1,-15
-8,10,-1,8,-8,-1,-2,-11,0,12,2,-20
4,1,0,9,-14,-4,1,12,0,12,2,-20
3,6,-1,3,4,7,-1,-5,0,12,2,-21
2,3,-4,4,5,1,-3,14,0,9,-1,-21
-2,0,-6,16,4,-5,-3,10,0,9,-1,1
-4,13,7,17,4,9,-2,14,0,14,-1,-6
-5,3,-1,-7,-1,4,-14,3,0,10,-1,-9
-9,9,-2,16,-11,-5,-2,0,-1,-16,-1,-10
-14,4,-6,15,-3,-4,-3,2,0,10,-2,2
2,11,-2,17,-10,3,-1,-2,-4,-10,1,13
-2,20,-9,0,0,-1,-3,1,0,9,1,12
5,14,-2,-7,-5,-4,-4,0,0,19,0,-3
-4,24,-6,13,-9,-6,1,19,0,7,-4,5
4,12,3,-3,-1,10,1,19,-3,10,1,13
1,24,-12,-10,-3,23,1,19,0,21,1,13
-13,23,-12,-1,4,18,-3,18,0,18,-1,-4
-18,23,-3,4,4,14,-5,17,-4,18,1,14
-2,8,-1,-1,-15,24,1,21,0,18,-2,29
-4,6,2,4,-17,29,-3,15,0,15,-2,29
7,1,0,8,-17,25,1,22,0,19,-2,28
-4,5,0,-4,-17,25,1,1,0,18,-2,27
5,2,-1,2,-14,32,-3,14,0,15,-2,26
6,-1,2,7,-15,0,-4,32,0,18,1,18
-12,12,3,5,-18,5,1,3,0,12,-2,26
-13,14,2,7,-5,13,0,33,0,17,1,14
-8,-23,-18,-29,-15,-2,1,-4,1,-24,-3,-34
5,-21,3,-30,-12,-16,1,-4,-4,-6,-1,-30
-16,-1,-1,-4,-3,-14,1,-6,-4,-6,-1,-8
-16,-9,-12,-10,-12,-13,-5,0,-3,-19,2,-20
6,-18,-2,-10,-16,4,-2,-20,-4,-2,-4,-17
5,-16,-17,4,-13,-7,-3,2,1,-26,2,-25
-4,-16,-5,-9,-14,-8,1,-3,-4,-3,2,-26
-7,-14,-12,-24,-5,-28,-5,-15,-4,-14,-1,-28
-5,-10,-16,7,-15,-4,1,-5,0,6,1,8
5,-9,4,4,-17,2,1,-7,0,3,1,8
-10,8,-13,-19,-15,-1,0,10,-4,-6,-5,-12
5,-3,-17,7,8,-11,-7,11,-5,-3,1,9
-11,-7,-6,11,4,10,0,11,0,5,1,6
-10,-6,-17,13,-8,11,0,10,1,-14,2,-23
-5,12,-6,6,-8,7,-3,8,1,-14,1,7
3,6,-12,-6,-4,15,-3,8,-1,-6,-1,1
-1,10,-1,8,-1,6,0,11,1,-19,1,7
2,7,-12,-18,-10,-9,-3,8,0,17,-5,-6
-10,5,0,18,-10,2,-7,12,0,7,-2,16
-8,6,-6,7,-17,-13,-3,9,0,18,1,9
-1,12,3,-12,5,10,0,14,-4,-7,1,9
-4,14,-6,3,0,-11,0,13,0,18,1,9
-7,12,6,5,-1,5,0,11,-6,4,-1,7
-2,8,-12,6,5,10,-7,10,0,10,-2,16
-2,8,6,4,0,8,0,12,0,20,-7,1
1,10,-1,-4,5,10,0,11,-5,8,1,12
-8,24,-7,4,-4,23,0,11,0,18,1,12
3,10,-4,-3,-4,19,-1,27,0,7,-2,12
-6,9,-8,3,4,25,-3,11,0,19,0,6
-2,6,-2,7,-5,29,-13,11,0,17,-8,-5
-11,8,-3,12,8,6,-1,25,-12,13,1,12
8,-3,-10,11,-14,15,-1,25,0,17,1,12
-16,19,-9,3,-16,30,-3,14,0,4,-1,13
3,6,-14,-3,3,2,-1,25,0,1,1,10
6,0,-17,1,-5,15,-1,21,0,0,1,10
3,7,6,13,-15,22,-3,15,0,20,-2,18
6,1,3,3,-14,17,-1,22,-1,34,1,7
7,-26,-6,-2,-8,-28,-7,-32,2,-25,-17,-13
-6,-23,0,-10,-10,-34,-5,-24,1,-15,-17,-15
8,-24,-16,-3,-11,-19,-10,-23,4,-2,0,-30
-16,2,-16,-26,3,-24,-13,-20,0,-25,2,-24
7,-20,-14,-17,-17,-27,-12,-29,0,-21,-1,1
4,-17,-10,-9,-12,5,-6,-16,1,-18,0,-25
-14,5,-2,-15,-11,0,-2,-18,0,-24,-2,4
-6,-15,-15,-13,-4,6,-3,7,-11,-26,-1,2
7,-13,1,5,-14,-2,0,-7,1,-14,-1,-1
-15,3,4,4,-15,-15,0,-7,0,6,-8,-12
5,-8,-17,6,-7,1,-3,7,-7,-21,-1,0
6,7,-1,8,-7,1,-3,7,-12,9,-1,0
9,0,-6,9,-11,7,0,-5,0,7,-2,3
7,1,-6,9,-11,11,0,-5,0,7,1,13
-4,14,-11,-22,-14,5,-6,-17,-6,-2,1,12
-3,-1,0,5,-4,0,-7,11,0,5,1,11
0,1,-15,5,6,0,-1,16,0,12,1,10
-5,8,-14,-19,4,14,-3,9,0,10,-2,1
-6,6,-6,12,5,13,-13,15,-12,13,-1,5
-10,2,1,13,6,1,-3,4,0,11,1,12
-11,5,-3,8,0,20,-3,3,0,8,1,12
2,11,-4,7,6,10,-1,19,0,12,-1,7
-7,10,7,-1,5,21,-1,19,0,11,-2,-1
-7,12,7,-1,5,19,-1,19,-6,6,-3,21
2,11,3,3,5,15,-1,19,-12,16,-3,20
-9,15,-5,9,5,13,-1,18,0,11,1,14
7,23,-14,-3,5,20,-3,8,0,13,1,13
-10,26,-3,0,-11,27,-1,19,0,8,-3,17
-14,24,-12,4,6,1,-3,8,0,13,-3,12
9,1,-11,9,-12,18,-1,4,0,7,-8,7
7,1,-8,2,-9,8,-17,25,-1,30,-3,8
-3,3,-12,4,-10,9,2,11,-1,30,-1,13
1,8,-9,-4,-10,-2,1,12,-12,23,-8,0
6,1,-3,15,-11,6,-17,-3,2,1,-3,-3
7,-2,-11,0,-17,2,-9,8,9,34,-1,12
3,8,-5,18,-13,2,-7,11,2,1,-9,17
-6,11,-13,8,-11,7,-7,11,-8,3,-4,26
8,-32,-14,-31,10,-5,0,-10,2,-25,-1,0
4,-24,-14,-4,-16,-3,0,-10,-4,-21,-15,-11
6,-26,-6,-27,-13,-25,-12,-5,2,-24,2,-28
6,-26,-2,-14,-14,-24,-13,-7,2,-30,-8,-20
7,-27,9,-1,9,-31,-7,-7,-16,-24,-10,-22
3,-19,5,-8,-12,4,-9,-25,-2,-26,-8,-21
5,-20,-10,-23,-13,-20,-16,-7,-1,-11,-1,5
5,-17,-9,-25,-15,-2,3,-28,1,-25,-16,-18
3,-14,4,-16,-2,-17,-1,-22,2,-28,-3,-6
-10,-12,-16,-26,4,-21,-8,-14,0,-13,1,-14
-1,-8,-5,-20,9,-8,-6,2,3,-16,-10,-20
7,-5,0,2,6,-6,-12,7,-6,-23,2,-3
-2,-5,-16,-20,6,-6,-12,4,0,7,-3,-3
9,9,-5,2,1,11,-12,2,1,-3,-3,-3
2,-3,-13,-10,6,7,4,12,0,6,-1,11
-5,7,-13,11,6,2,-1,-21,1,-12,2,-4
0,9,7,16,5,10,0,4,0,5,2,-12
-4,7,0,6,1,14,-6,3,-12,2,-4,13
-1,4,-13,5,1,14,-1,-1,-6,2,1,16
-9,5,5,-17,1,12,0,6,-12,6,-1,13
-3,9,-5,7,6,12,0,6,0,18,1,16
2,9,4,3,6,6,0,5,0,9,-1,13
1,12,4,-9,5,18,0,5,0,19,1,16
-7,8,8,-2,6,4,-2,-3,0,9,-4,8
3,16,4,-8,5,17,0,1,0,7,1,16
2,10,-4,3,5,25,-1,25,0,1,1,14
-9,19,3,-4,5,13,-3,25,0,-4,-4,10
-2,6,-4,2,5,26,-12,12,0,23,1,15
10,3,-9,3,5,26,4,6,-12,16,-11,3
4,5,-4,-5,-7,4,2,4,-3,7,-1,18
-7,6,-1,13,-13,0,3,12,0,24,1,17
5,2,-13,9,-14,1,-13,0,0,24,3,-4
1,8,3,17,-7,-1,-4,10,-12,23,-11,4
7,-1,-9,6,0,7,2,-1,-1,32,-1,20
-1,6,-8,4,-1,7,3,10,-12,31,-1,20
3,10,-14,32,-10,0,-10,2,-1,16,3,7
6,3,-14,18,-8,0,-12,7,2,12,-5,36
7,-26,9,-31,2,-36,0,-1,2,-34,0,-15
6,-24,-11,-24,0,-28,2,-34,4,-28,-4,-6
-5,-22,-3,-5,-14,-34,-15,-25,2,-16,-1,-23
10,-26,4,-15,-8,-26,-9,-29,-10,-1,0,-14
11,-31,0,-23,-3,-30,-8,-30,0,-16,0,-31
-7,-18,-4,-7,-3,-28,2,-22,-1,-31,4,-29
-1,-21,2,-16,0,-24,1,-29,2,-17,-11,6
7,-17,-12,-19,-12,-29,-2,3,0,-16,-11,-11
11,-18,-2,-1,2,-14,-15,-10,-2,-25,-4,-13
10,-14,1,-25,-8,-19,8,7,-11,-10,3,-25
10,-8,-2,-10,0,-15,-4,-14,0,7,2,-14
10,-2,-11,-19,-6,-4,-11,-5,0,-14,2,-5
3,11,5,10,-1,-20,0,8,0,5,2,-5
2,12,0,13,4,-3,-5,-5,-10,10,2,-8
0,11,-3,9,-15,-13,0,9,1,5,-11,-11
3,8,-12,-12,7,5,0,7,0,6,2,-13
-7,2,-3,12,2,7,0,5,0,5,-4,2
-2,7,-6,2,6,9,0,5,1,7,1,17
-1,4,0,15,4,8,-2,11,0,3,-12,18
-1,6,5,-3,-13,-16,0,6,-11,11,1,18
1,7,5,12,6,4,-2,12,-10,19,1,16
0,12,8,4,2,-2,-2,7,0,-12,1,15
2,8,4,8,4,20,0,8,-10,22,1,14
-6,9,4,1,5,6,0,8,-1,22,1,11
2,17,7,2,6,15,0,8,-1,21,1,-1
0,20,-6,8,6,13,0,0,-1,21,-4,-6
-5,23,-8,4,9,19,0,-8,-9,-10,0,22
3,9,-7,3,-7,12,-1,26,1,11,2,-6
-3,5,-14,15,-15,28,-5,9,-5,-2,2,-8
8,-1,-5,3,2,-2,0,1,-2,-2,5,-4
5,4,-2,-1,-11,6,-15,22,-9,7,-4,10
6,1,0,3,1,-5,-6,2,-1,-3,-5,5
1,4,5,21,-3,1,1,6,-2,17,2,3
-10,13,2,2,-15,20,-10,5,-1,20,0,28
8,-2,-13,21,-11,2,1,2,-13,-1,0,27
3,9,2,19,-2,5,-2,1,-11,31,0,4
5,7,7,12,1,2,4,2,-3,15,1,20
-6,-21,9,-19,-12,-5,-1,-19,-8,-19,0,0
6,-20,-2,-31,-7,-30,-11,-1,-8,-13,2,-27
8,-21,-10,-9,-5,-33,-1,-18,-10,0,1,-16
-4,-19,-1,2,6,-10,-3,-29,-8,-9,-4,3
10,-19,1,-2,7,-10,-2,3,-8,-3,-4,-10
1,-20,7,-10,11,-20,-4,5,1,-23,-3,-24
5,-13,0,-30,7,-11,0,4,-11,-14,1,-15
-5,-14,0,-19,6,7,0,2,-9,-29,0,6
-1,-12,-3,-11,6,2,-4,-28,1,8,1,-2
-8,7,-12,-23,-4,-15,0,3,-8,5,-4,-12
-11,-4,-10,7,6,-2,-2,6,0,-13,1,-2
-9,1,1,7,-3,-8,-2,6,-1,11,0,8
7,6,-6,1,6,5,0,5,1,10,-5,0
-9,-1,1,3,-3,-18,0,4,1,9,1,-15
6,5,0,6,-3,-9,0,4,1,9,0,9
4,7,-8,4,7,5,0,3,-1,14,1,-15
0,8,1,-9,6,8,0,3,-1,14,0,10
2,7,-10,7,-3,2,-5,14,-8,15,0,10
0,6,-10,14,-3,2,0,4,1,12,0,10
2,8,9,-3,0,-1,-2,8,1,11,0,8
-7,4,6,3,1,7,-2,8,-1,14,0,2
-6,5,5,5,1,11,-2,8,1,9,0,12
3,9,9,-1,6,12,0,6,-1,15,0,10
-2,10,9,-1,6,12,0,2,-1,15,0,10
4,15,-1,7,5,24,-2,10,-1,15,0,10
4,20,2,9,-10,3,0,-10,1,11,-5,9
-5,20,-9,-2,4,22,-2,7,-1,14,-5,6
-9,21,-9,8,12,17,-2,4,-7,5,-1,1
9,5,-10,11,-3,-4,-1,4,-5,0,-3,-2
3,9,-8,-3,-7,-4,6,-6,-5,5,-1,-5
7,7,-14,22,-13,4,-14,-3,-10,2,-5,6
11,-2,-9,-1,-9,5,4,4,1,13,1,5
5,11,2,6,0,1,-1,-4,-10,7,-2,-3
10,0,-1,6,3,3,-13,23,-10,16,2,-3
7,1,-12,18,-10,14,-11,16,-10,16,-4,6
4,8,9,8,-13,23,-13,1,-5,9,-5,5
7,2,-13,0,2,1,-3,1,-12,24,-2,13
-12,-3,-3,-3,7,-9,1,-36,-8,-34,1,-24
13,-22,-13,-16,2,-8,5,-23,0,-12,-4,-25
1,-22,2,-30,2,-5,-2,0,-6,-17,1,-30
12,-22,3,-30,9,-11,-10,-4,0,-13,3,-24
-11,0,-12,-18,2,-18,-2,0,-6,-14,1,-13
-13,0,-13,4,3,-7,-3,-2,0,-13,-5,5
11,-14,3,-25,-12,-21,-10,-2,0,-13,1,-13
2,-14,8,-17,-10,-26,-2,-2,0,-19,3,-14
2,-12,4,7,-1,-12,-2,-3,-4,-7,2,-12
-6,-11,7,-26,2,-5,-2,-5,-8,-20,1,-18
-5,6,7,6,3,-1,0,10,0,-11,1,-20
3,11,5,10,7,-5,0,9,1,11,-5,8
-2,5,7,7,5,6,-5,5,-1,12,0,12
-8,-2,1,13,3,4,0,8,1,11,0,8
-1,0,5,4,2,6,0,8,1,9,0,13
-1,4,-8,2,-8,-3,-4,-1,-8,-7,-5,4
0,3,-8,4,-8,8,0,7,1,6,-5,-1
1,8,-8,8,-8,10,-5,8,1,6,-5,-5
-6,3,1,15,4,13,-5,1,-1,17,-10,14
2,7,6,2,4,13,0,9,-1,15,0,17
3,8,-4,4,-3,9,0,9,1,8,0,17
1,11,5,7,-5,7,0,9,-1,16,-1,18
2,14,0,0,11,0,0,9,-1,-2,-1,17
-4,10,5,7,-6,5,0,8,-5,22,-6,7
5,10,-10,-11,-5,-11,0,8,-1,18,0,20
8,18,-9,-1,-5,13,0,8,-1,18,-6,-9
6,10,-12,6,-12,20,0,8,-1,18,0,5
-5,27,-3,3,-11,16,7,-2,1,13,0,-5
-12,21,-12,-2,-5,11,-10,19,-10,11,2,-1
-11,24,-5,12,3,29,-5,5,-4,12,-6,7
-11,30,1,1,-6,16,-10,3,0,-2,-5,3
7,9,-2,8,-4,14,6,12,-5,4,3,2
-13,30,-3,4,-2,3,-10,21,-10,7,-7,5
9,1,-7,8,2,13,5,1,-2,4,-7,16
6,8,-10,18,-11,0,-12,15,-6,0,-6,1
6,7,1,31,11,12,-3,18,-10,11,3,9
4,9,1,15,8,1,1,12,-11,17,0,0
4,-22,-7,-8,3,-5,-9,-12,0,-10,0,-32
10,-19,9,-15,5,-15,6,-25,-4,-16,0,-21
10,-20,12,2,4,-20,-5,2,0,-10,1,-33
5,-19,5,-2,7,-14,-5,2,-3,-26,0,-26
-5,-17,-7,-29,-3,-12,-2,-16,-5,-11,-9,-6
0,-16,14,3,10,-6,-2,-26,-11,-15,3,-19
-8,2,-7,-28,0,-17,-5,4,-3,-28,2,-27
-9,2,2,-18,-9,-17,-5,3,0,-7,-7,-6
-2,-10,-9,-22,-3,-22,1,-15,-7,-13,0,2
13,9,-3,-2,4,-12,-5,3,2,-6,-9,-3
7,9,-4,-4,5,-24,0,10,0,-6,-7,-6
0,9,-7,4,6,0,-5,2,0,-6,-7,-6
-2,3,-10,-16,-9,-20,-5,2,2,-5,0,1
2,7,1,6,5,-2,-5,2,2,-5,0,-1
7,3,1,8,-10,5,5,-7,-7,4,1,8
1,7,5,3,8,-3,-9,2,1,12,1,8
6,5,-7,10,-4,15,-5,-1,-1,15,-1,-10
5,5,1,15,-5,1,0,14,1,13,0,0
2,7,-7,15,-5,3,-5,0,-1,16,1,10
3,9,6,6,-5,7,0,13,1,14,0,-15
3,9,4,8,-6,12,3,-11,-1,16,1,11
3,8,2,-11,-5,12,0,14,-1,16,-1,17
4,8,-10,-2,7,21,-5,2,-6,1,1,11
-4,6,-6,5,5,11,-5,-6,-7,7,1,11
7,12,-11,9,-11,20,0,16,1,14,1,11
8,20,3,-10,-5,17,0,16,-1,19,1,8
2,26,-12,15,-4,26,0,16,-1,14,-2,7
-3,8,6,-8,5,16,0,12,-1,8,3,0
3,6,-5,4,4,-3,-11,4,-2,3,-4,-4
11,-4,1,1,-5,3,4,-2,-7,10,-7,-7
-8,12,-10,16,-9,14,-4,-1,4,-1,-7,-2
9,0,3,19,-11,18,5,-3,8,-2,0,-2
-12,25,-7,10,-6,8,-7,11,-2,6,-1,4
5,7,-4,7,-8,3,-8,12,4,-1,-6,11
-10,20,3,15,-9,34,-8,7,-5,11,-2,1
-6,12,9,12,-1,10,-4,3,4,8,-6,0
8,0,-6,28,-6,5,-6,11,-8,1,-5,5
7,-19,-6,-16,6,-1,1,-16,0,-14,-2,0
12,-19,-1,-3,-2,-20,1,-16,-6,-13,-6,-21
10,-19,2,-16,-10,0,4,-33,0,-18,3,-18
9,-17,-1,-9,-3,-18,-3,-11,4,-24,-2,-20
1,-20,-9,-18,9,-11,15,-10,-4,-10,0,-4
15,-14,-10,-30,-9,-5,6,-27,0,-22,-8,2
-4,6,12,-23,-8,-2,3,-17,1,-14,0,-3
14,-10,-6,6,-7,1,-5,4,-4,-13,-2,-24
13,-8,4,-5,-9,5,1,-12,-1,8,-8,3
10,-7,-3,-19,8,6,0,8,2,-2,0,-4
-1,6,-10,-24,8,6,0,7,-1,8,2,-9
-5,0,3,-24,-5,-7,0,6,-1,8,2,-20
9,5,-6,12,8,7,0,5,-1,5,0,-4
1,5,3,3,-4,2,0,5,-1,1,1,13
-1,0,-5,0,-2,1,0,4,-1,-21,1,13
-2,3,-5,6,12,13,-5,11,-2,14,-8,-8
-3,4,-6,-2,-4,6,-5,10,-2,14,1,14
1,5,3,4,-4,11,-5,8,-6,5,-1,14
2,6,-8,8,-4,14,-11,16,-2,11,-7,7
-3,4,3,4,-4,14,3,-14,1,17,1,12
6,9,6,6,12,16,-1,-2,1,11,1,12
-5,5,2,-11,-4,18,-5,11,-2,11,1,12
2,8,-6,-3,-4,20,0,10,-2,11,1,12
0,12,2,-12,-4,22,0,7,1,12,-7,15
7,18,9,-3,12,2,-1,-3,-3,22,-1,20
12,15,6,0,12,2,0,8,-4,12,1,13
15,10,8,1,13,-6,3,1,-6,15,-7,20
12,-1,-9,12,-5,2,-10,-3,-4,-6,-4,4
11,-8,0,0,-9,12,9,5,4,-8,2,-2
1,3,3,22,-6,10,-11,-2,-5,7,-8,-3
-2,5,8,10,1,4,2,-1,2,-4,-6,10
8,4,3,12,-6,6,-10,13,-10,3,-1,-5
9,-3,-5,10,0,-4,-10,23,-4,-4,1,6
8,4,-11,31,-3,0,-6,14,-5,13,-3,12
9,2,-5,27,4,0,-11,24,-5,18,-1,11
-10,24,-8,12,-10,13,6,2,-10,20,-7,6
9,3,-6,5,-11,16,7,7,-8,2,4,0
-6,-3,13,-36,9,-6,-4,-11,16,-1,2,-13
0,-20,12,-14,-1,-11,1,-21,2,-12,2,-20
-6,1,9,-25,11,-3,1,-28,-9,-28,4,-13
6,-23,4,-30,16,-20,-7,-31,6,-25,0,-13
6,-15,-1,0,-9,-20,-5,-30,-9,-13,8,-31
4,-14,3,-28,-10,-28,4,-22,-3,-7,1,4
-7,-3,-1,1,16,-20,-1,-11,-8,-15,-1,-27
12,-10,-1,-28,-2,-4,-1,-12,2,-8,1,5
12,5,-1,0,9,1,-2,-7,-3,-3,0,-23
-5,0,1,-24,-8,-12,-2,-11,-8,-13,1,6
11,5,-4,4,-1,2,0,9,-7,-11,-1,9
1,6,-1,-2,-2,1,-10,-3,-7,3,-1,5
-5,-5,-7,10,-2,6,-10,9,1,9,-6,8
9,6,4,7,0,-8,0,11,-2,9,-6,10
-4,1,4,9,-2,-18,0,11,1,7,-5,-15
9,6,0,14,0,-5,0,9,-2,9,-1,-13
6,7,3,12,11,-4,0,7,-2,8,-1,-18
6,9,-1,3,8,10,0,7,1,9,-2,16
8,5,3,6,9,-2,0,6,-7,12,-2,16
3,10,7,-2,12,-3,-10,18,-2,10,-2,-16
5,13,3,7,16,-8,-1,20,-2,8,-8,17
-4,7,6,8,9,2,0,8,1,12,-5,-6
8,12,0,2,0,3,0,7,-2,4,1,17
5,8,0,-7,-2,18,0,0,-2,-10,-5,8
9,19,3,-2,-2,21,0,-11,1,14,1,18
1,2,4,-6,-6,4,10,-9,-4,1,-3,-4
3,-1,-1,-1,-6,8,-1,25,-6,5,-4,6
11,-9,-10,18,-9,12,5,-5,6,-2,1,17
9,-2,8,-6,-10,4,3,-4,-2,-2,1,4
6,0,-1,5,3,-3,4,1,-5,5,6,-3
7,0,-10,17,3,-3,7,8,-9,-1,4,4
-6,12,-7,-1,-7,8,11,27,-10,8,-2,6
0,6,2,30,5,8,3,2,-3,24,-2,4
-1,7,-7,13,7,7,0,3,-3,2,-2,-3
8,2,-9,13,4,-2,-3,12,-4,3,4,6
1,8,0,14,10,3,8,13,-9,10,2,11
-9,24,-2,5,-8,17,-1,34,6,11,5,14
-3,0,13,-26,1,-15,-8,-26,2,-11,-1,-4
8,-18,5,-21,17,-35,4,-25,-2,1,-1,-6
17,-22,9,-15,10,-26,-8,1,10,-34,-1,-11
17,-28,1,-24,1,-22,-7,-1,-8,-21,-4,-11
14,-25,4,-20,12,-30,-3,-24,1,-13,-2,-26
16,-22,-2,-26,5,-30,-7,2,-2,1,3,-20
5,-14,4,-28,-8,-29,0,0,2,-7,-2,-21
0,-13,-7,-19,16,-8,-9,7,2,-8,2,-4
8,-10,-5,-21,10,-10,-8,8,2,-10,2,-4
1,8,-5,3,-1,7,0,2,-2,7,-4,0
0,5,-3,5,12,-9,0,2,-2,7,2,-5
17,5,-2,1,0,-9,0,2,17,0,-4,8
-4,-1,7,12,1,12,0,-1,-2,7,2,-6
2,4,3,2,13,-7,0,-1,-8,-14,2,-12
11,3,-2,5,-4,0,-7,-10,2,-16,-1,0
5,11,13,-12,-4,0,-7,6,-8,8,-2,11
5,11,-1,6,14,-16,0,6,0,-2,-2,9
8,8,5,16,16,-5,-7,10,-2,11,-4,-16
-2,6,3,5,12,0,0,3,2,-14,1,17
-2,6,2,5,13,-4,0,1,1,18,-4,17
2,7,7,5,13,4,-1,19,-2,13,-2,11
-3,4,7,4,-8,21,-1,19,1,17,-7,8
7,18,7,4,14,-8,-7,3,1,4,3,-5
6,0,3,-4,-4,2,-2,-9,-6,8,1,-4
11,-6,-2,-2,-4,2,0,-7,-3,-1,7,-11
9,-5,3,-3,-6,10,5,6,-9,13,3,-3
-7,11,4,10,11,2,-1,-3,-6,4,9,-7
8,-8,14,22,-5,4,-3,6,-9,27,-1,-2
8,-3,6,14,-3,-8,-6,-4,-8,23,-5,-2
-1,3,-4,18,8,-6,-8,24,7,10,4,4
9,-1,10,-4,14,18,2,7,-9,11,-7,13
4,2,3,-4,10,23,10,1,-7,-3,-4,0
-5,12,-6,-2,3,7,-5,6,-8,19,-4,31
10,0,-9,6,6,7,-7,1,-9,15,7,9
7,3,-9,31,2,13,-6,-2,6,-1,-4,34
3,8,-3,31,-3,9,-9,7,-7,15,-4,1
8,4,6,21,0,14,-1,32,5,10,-8,20
5,-25,10,-20,-6,-23,0,-5,-7,-1,2,-2
1,-21,10,-18,11,-35,-6,1,-7,-7,-1,-9
-8,1,-7,-24,-4,2,5,-31,-3,-21,2,-3
17,-28,1,-33,7,-20,5,-18,11,-30,-6,-23
10,-19,6,2,6,-24,-6,-25,2,-1,-2,-14
12,-18,3,-26,-1,-25,9,-15,-7,5,5,-13
14,-15,3,-28,12,5,4,4,2,-13,18,-5
-5,-3,0,-27,11,-2,1,-5,-6,-19,-8,-20
-1,6,-3,-2,3,-18,-5,-25,2,2,2,2
0,6,11,-22,3,-5,-5,-5,-1,0,2,2
3,10,2,-3,3,-2,-7,-6,-1,0,2,2
13,-4,-2,-19,1,-3,-5,6,-1,-5,-8,-6
8,-5,-2,12,-3,-16,-5,9,-1,-5,2,3
1,5,-3,-17,17,-4,0,7,-2,13,4,-17
-4,0,0,14,-3,11,-4,-11,2,6,8,-9
13,7,2,1,3,10,-1,-20,-4,10,2,5
-2,4,0,1,14,16,0,-2,-3,3,-8,5
12,9,-1,15,-2,-17,1,-3,2,7,2,6
5,3,-3,-17,17,-5,0,6,-2,17,2,6
1,3,-1,12,18,6,-4,6,2,8,2,6
1,9,13,-8,-2,7,-3,20,-2,17,2,5
-6,20,8,-14,12,-13,-6,8,7,-9,4,-10
6,-7,0,-5,-6,8,2,-7,4,-4,-7,8
7,-6,-5,5,4,-7,-4,-7,4,-10,8,-8
5,-4,-1,-5,-1,-1,5,-11,3,-11,1,-1
2,-2,3,-10,17,1,-3,-4,9,5,-1,14
11,-5,-3,22,17,0,3,-8,-1,-4,0,-4
-1,2,-4,-6,-5,2,-6,11,8,-5,7,-5
9,-1,10,6,-5,6,2,12,-6,18,11,-4
7,-1,-3,6,12,-6,0,-5,0,8,-7,-1
10,-4,12,5,-8,-5,8,8,-8,29,7,-3
11,-4,-1,19,3,28,6,-1,-8,22,-7,20
-8,22,3,-4,-2,20,5,3,5,3,3,13
11,-1,2,-2,-5,4,3,-3,-6,30,-2,8
9,0,16,29,-5,3,-4,12,8,8,-7,6
-2,11,2,18,-4,10,-6,7,-5,7,10,10
8,6,11,8,10,8,-3,16,4,0,-3,1
1,-22,11,-21,2,-10,1,-16,-1,-5,-1,0
-7,1,10,-18,-4,-2,-4,-27,-2,-17,-1,-2
12,-21,-5,-17,0,-19,-1,-29,-3,1,-1,-8
16,-23,-4,-2,16,-17,-6,-3,3,-10,-3,2
9,-21,3,-5,16,-21,1,-15,7,-18,10,-21
9,-22,2,-26,0,-8,-3,5,-7,-22,6,-22
-4,4,5,-17,12,-5,2,-19,-5,-9,-6,-21
6,-14,13,-27,-4,0,-3,-5,3,-7,-6,-19
-4,0,5,-12,-4,7,-3,-1,-5,6,-1,-5
2,8,4,-9,-3,2,2,-12,-1,3,2,7
-2,2,0,-5,2,3,-3,4,-1,2,-1,-4
-3,0,1,-8,1,-19,-3,9,-1,2,-1,-13
17,1,4,12,18,-15,-2,-5,-5,11,2,9
10,-4,13,-13,-3,9,-2,1,3,-7,-3,-6
0,8,5,11,1,1,2,-22,-5,6,6,-6
18,7,0,10,-2,10,0,8,3,-6,2,11
17,9,-3,16,-5,-10,-2,5,2,13,2,11
-2,5,-5,-17,2,17,0,5,-3,17,-4,-11
18,-3,-2,-2,-6,7,13,-15,-6,6,4,1
15,-12,8,-11,-4,2,-7,10,6,-8,-2,-2
15,-15,-7,8,-4,1,-2,-3,5,-7,-1,-14
4,-5,-3,1,-7,-15,5,-14,6,-9,-6,14
-7,14,0,11,2,3,9,-11,-1,-8,6,-11
-2,2,9,15,-5,19,2,-5,-7,-6,-4,8
11,-9,12,-8,-3,-11,-3,7,5,-10,0,0
9,-8,-6,14,9,-4,-6,4,-6,11,-3,8
8,-5,-3,25,9,-1,5,-8,2,1,9,-8
2,0,0,4,-2,0,1,-9,1,-4,4,-9
9,-4,-1,25,11,-1,-3,-6,8,-4,6,-1
9,-6,2,3,-6,-2,1,-6,4,6,-6,26
5,0,8,7,2,7,9,-4,0,5,-2,7
1,4,-5,29,-7,8,5,1,0,3,5,13
11,-3,-1,17,1,13,7,-2,-5,15,2,25
8,-2,7,13,13,28,-7,21,13,8,5,-3
11,-2,1,5,11,11,-5,20,-1,24,-6,17
7,4,-1,19,10,3,-6,21,6,15,5,15
-4,18,10,2,10,8,3,3,-3,4,13,1
20,-32,11,-26,8,-29,11,-29,3,-4,3,-8
-5,-9,3,-29,14,-19,3,-31,4,-35,-5,-28
19,-30,6,-27,15,-9,-5,0,9,-32,-1,-4
16,-22,14,-27,2,-31,14,-17,-5,-32,-3,-13
3,-19,7,-25,11,-17,13,-29,3,-32,-1,-3
7,-19,-2,-27,-3,-23,-1,-4,-1,-23,3,-4
10,-14,1,2,10,-14,-1,-10,-4,-27,-5,5
-4,-4,7,4,9,-21,0,-13,-5,-19,-5,7
0,5,10,2,1,-11,-1,-27,-4,2,-1,-3
-2,1,-5,3,2,2,1,-5,-6,-7,-3,-26
16,8,-2,-21,18,-20,-1,4,3,5,-5,-23
0,5,1,-5,3,0,1,-4,3,5,-1,-7
1,8,-3,12,4,-22,13,-10,0,-17,3,2
8,-12,2,-12,-4,-4,1,-23,-2,-16,-2,11
19,-20,5,-10,-6,7,1,-17,6,-11,4,-15
12,-10,7,-15,-6,4,-4,3,6,-14,-4,-21
-3,0,5,-10,7,-13,2,-9,-3,-2,1,-9
14,-14,-5,7,-6,9,6,-19,3,-13,-5,-17
12,-10,9,-11,-3,-2,-4,1,6,-12,5,-14
2,-6,13,-16,-6,0,1,3,-6,-12,-2,12
8,-10,12,2,10,-8,13,-12,9,-4,7,-4
11,-12,12,-11,5,-6,-3,-4,-4,-9,-4,6
11,-14,2,-1,3,-2,-2,4,-2,2,-2,6
9,-11,7,0,-1,-10,6,-3,0,-5,-4,18
7,-11,13,0,14,20,-1,19,8,-1,-2,0
5,-8,4,2,18,-4,-4,20,-4,25,-4,-3
4,-6,10,3,14,-3,-1,22,5,-7,3,15
-1,-4,-6,21,-4,-9,6,9,5,-4,4,3
0,-3,-4,-8,7,-3,-5,13,-2,6,4,-4
-3,9,6,-4,5,-6,-4,14,-3,-1,-2,-3
-1,7,-2,22,3,24,-4,3,-4,23,4,-5
8,-5,9,7,5,29,2,31,12,2,5,-4
-6,21,9,25,2,1,2,29,2,3,10,2
7,1,0,10,11,8,-6,-1,-3,1,4,11
5,-2,9,32,1,2,-2,3,4,2,5,12
0,10,10,-1,6,8,13,4,-6,-1,-3,18
5,8,-2,13,13,14,3,1,-1,3,11,2
18,-27,-5,-19,4,-32,10,-26,3,-35,-3,-22
21,-32,2,-2,14,-23,13,-30,-3,-30,4,-35
19,-23,2,-28,9,-28,0,-1,-5,0,4,-11
16,-17,11,-17,-3,-29,12,-33,-4,-29,-4,-3
0,1,11,2,13,-13,4,-18,4,-18,6,-23
-4,-3,12,-2,14,-10,0,4,-2,-26,4,-9
-2,0,2,-7,14,-6,1,-16,4,-2,-1,-30
-3,-2,12,-29,10,-28,-1,-17,6,-29,-1,-26
18,-16,-2,-7,4,-19,8,-19,7,-20,-2,-1
20,-27,0,-12,-5,-3,11,-21,-5,3,5,-8
18,-25,11,-19,-5,1,7,-23,11,-25,4,-5
17,-23,2,-22,8,-17,15,-16,12,-13,5,-7
3,-12,12,-12,-3,-1,-4,-10,3,-12,4,-17
13,-16,-5,6,0,-11,14,-23,-4,2,4,-22
15,-20,10,-22,-5,0,15,-22,8,-10,-4,6
-2,-2,-4,-16,-1,-16,8,-13,4,6,-5,7
-5,7,-4,-1,1,-6,15,-8,13,-15,5,-14
10,-16,1,-16,-3,5,12,-7,15,-17,2,-15
8,-12,10,-4,-4,-5,7,-11,-5,15,1,-10
-1,-2,12,-16,15,-14,-2,18,8,-4,-2,1
7,-11,2,20,6,-4,13,-8,-3,11,-3,-7
9,-11,13,14,-2,0,-5,10,-4,-1,4,3
5,-6,0,-4,-1,5,6,-4,-3,6,1,-7
5,-7,8,-2,10,-10,2,-3,-5,-10,4,4
2,-12,13,-5,19,-4,9,-5,-2,-5,-3,4
-1,-5,-5,3,7,7,4,-8,-2,12,-5,21
-5,-3,-5,6,17,-3,5,0,6,0,3,-5
-5,-7,9,-1,20,-7,-5,8,-4,25,-2,14
-4,-7,12,28,3,3,15,3,9,8,4,11
1,1,-2,4,5,-6,4,5,-5,12,-5,27
7,-5,-4,7,6,8,11,3,9,-2,3,25
8,-5,20,31,5,5,3,1,-3,3,-3,24
7,4,-3,-1,-5,17,7,4,4,20,1,13
-4,20,10,13,-1,6,1,3,6,11,-1,7
8,3,1,15,8,25,3,7,-4,-2,3,1
11,1,7,-1,-4,14,-1,15,2,11,-3,29
0,14,-3,24,-4,7,2,15,-2,22,0,17
14,-20,8,-14,6,-32,14,-21,1,-35,-1,-20
0,1,-4,-4,2,-3,16,-18,11,-20,4,-5
8,-23,4,-20,2,-21,-1,-13,6,-25,4,-6
12,-21,12,-25,-4,-3,12,-26,6,-20,-2,-20
18,-26,12,-28,1,-16,-1,-13,9,-24,3,-24
16,-23,-1,-12,1,-18,-4,-1,-3,-4,-4,-5
17,-26,2,-18,-4,-4,1,-30,-1,2,2,-15
3,-17,8,-19,-3,-7,13,-19,3,-25,4,-17
15,-24,0,-10,11,-28,11,-13,5,-15,12,-25
15,-27,0,-18,12,-24,4,1,9,-27,4,0
9,-23,-1,-18,-4,-11,6,-11,-3,-23,-4,-8
7,-21,8,-4,8,-18,2,4,-2,-16,-4,6
5,-16,17,-8,8,5,16,9,-1,2,4,2
3,-18,14,1,1,-22,2,-6,3,-13,0,0
5,-15,7,-1,6,-2,2,2,-1,-12,4,2
4,-20,4,3,15,-10,-2,-18,4,-13,0,3
-1,-5,5,-5,2,-4,8,-16,3,-13,-2,4
3,-17,16,-2,6,0,1,-7,-2,-19,0,7
-1,-10,-4,4,14,10,19,7,13,-18,1,-12
-2,-15,15,13,14,-12,8,-2,7,-9,0,10
-2,-7,2,-7,8,14,2,3,12,-16,0,-7
-4,9,5,-1,17,-8,0,11,6,-1,-1,-10
6,-9,13,-5,1,-7,12,-14,2,-4,2,-14
8,-13,-3,15,13,-1,0,-13,-4,9,1,-3
-2,8,3,6,-4,-4,10,-6,-4,20,0,19
4,-9,18,2,8,-3,7,10,5,4,1,13
1,-1,-3,7,6,-3,3,-1,-4,18,-3,11
6,-6,-3,25,5,-4,-2,7,-4,14,10,-4
3,-4,5,9,14,-2,-3,8,0,-5,4,13
2,3,13,-4,8,-6,1,3,3,8,4,13
4,-2,6,11,4,12,4,-3,2,-4,9,2
1,6,4,-4,1,1,9,6,14,4,4,11
5,-3,4,24,6,19,13,7,8,-3,-3,14
0,11,3,-1,3,26,15,4,-3,10,-4,21
10,0,18,34,14,31,2,11,-1,22,-2,25
10,0,12,5,12,10,0,7,5,35,4,16
7,2,0,21,3,13,-2,14,-3,32,1,26
7,-25,1,-21,0,-18,3,-26,6,-27,6,-27
14,-24,-2,-13,-2,-9,-3,-6,12,-28,3,-32
18,-33,8,-25,10,-25,3,-32,15,-17,-3,-33
14,-25,-2,-9,-1,-12,13,-25,2,-23,3,-29
4,-22,6,-19,14,-25,-2,-7,7,-24,-1,0
9,-28,1,-17,1,-31,0,-16,-2,-13,0,-28
9,-26,5,-12,19,-18,8,-14,2,-9,5,-28
9,-27,5,0,18,-21,2,-24,11,-12,-1,-28
9,-21,3,-20,5,-15,16,-13,14,-23,1,-12
8,-21,0,3,17,-12,15,-27,11,-20,-2,5
8,-25,-1,1,6,6,0,-12,0,-1,1,-21
6,-25,8,-9,23,-22,0,-24,-2,-10,2,-13
5,-19,17,-8,16,-2,-2,-5,0,-11,4,-9
4,-14,7,-19,7,1,2,-17,0,6,1,-10
5,-19,8,5,17,11,9,-10,6,1,1,-7
6,-16,5,-17,1,-11,18,12,3,-3,-1,-6
0,-6,3,-10,10,-10,1,-17,0,7,-2,3
3,-10,2,15,-1,-16,1,-18,14,-9,2,9
-3,-18,13,13,17,16,-2,-7,17,-17,2,13
-2,4,10,11,-1,-12,6,-11,0,3,2,15
-1,3,12,15,21,-14,3,-9,10,-15,0,-6
5,-15,16,-5,7,-2,12,-6,0,16,0,-4
6,-8,1,8,13,-10,7,-6,8,-12,23,20
2,-7,15,-3,-2,-5,-1,12,-1,5,15,-9
2,0,-1,20,15,-10,-2,-3,13,1,11,1
-2,11,17,10,-3,7,6,20,0,23,15,1
3,-3,2,-10,15,2,13,6,5,10,-1,26
1,2,-2,2,18,-6,-1,21,1,0,0,-2
-1,10,11,-6,12,-3,0,24,6,-7,-3,5
1,-6,12,13,-1,11,0,29,-3,9,0,7
0,3,15,-6,4,-6,-2,7,1,7,3,-1
-2,7,1,29,2,-3,-1,29,9,0,1,3
-2,-1,5,26,7,5,17,14,11,-3,3,16
-2,3,12,2,-2,13,16,8,13,12,3,21
0,11,5,21,-3,18,-1,13,-1,21,-3,12
2,7,-3,10,12,3,-1,1,7,2,0,14
8,5,4,1,17,0,3,12,2,16,8,2
13,-36,6,-5,22,-15,16,-33,2,-36,-1,-32
14,-35,0,-6,2,-27,9,-28,-1,-9,-1,-18
12,-31,7,-23,6,-25,17,-24,2,-28,17,-29
8,-32,7,-15,2,-12,1,-26,1,-30,4,-8
1,-15,1,-29,18,-24,-2,-20,7,-10,15,-18
9,-24,9,-20,-1,-13,-2,-27,9,-19,5,5
7,-26,2,-13,-2,-20,13,-16,12,-27,1,-24
4,-23,15,-16,10,2,4,-28,15,-28,0,-18
5,-25,1,1,0,-21,5,-25,6,-24,-1,3
5,-26,2,2,7,-27,15,-19,-2,2,5,8
2,-14,13,-24,17,-20,6,-1,7,-9,-2,-23
0,-15,12,-3,16,-10,12,-11,2,5,0,-23
-1,-20,6,9,22,-21,22,1,7,-4,0,1
0,-8,1,1,-2,8,12,-18,1,10,-2,-13
0,-15,7,-19,14,-16,1,-5,7,-6,0,0
-1,-19,0,15,1,-19,1,-1,4,-20,1,4
2,-12,12,0,5,-8,6,3,12,-12,5,14
4,-18,12,8,9,-16,0,16,3,-15,0,-1
6,-10,-1,-14,11,-18,2,-14,2,-16,5,15
2,-4,7,-1,15,-14,5,16,1,-8,15,-7
2,-6,13,11,1,16,1,-6,0,-12,-2,5
3,-8,0,-6,2,12,17,-7,3,-4,13,-4
6,-7,8,6,5,2,9,-3,-1,-12,5,17
2,-4,7,-11,7,-11,4,5,11,-2,12,-6
1,-12,7,-8,19,9,-1,-5,1,24,-2,18
-2,-10,13,-8,-1,0,17,13,6,22,-1,16
1,-9,10,5,9,6,9,-2,2,-5,5,20
0,5,2,18,4,-5,18,11,2,1,4,18
5,0,2,16,10,7,10,1,6,13,0,-1
-1,13,24,15,8,21,-2,14,12,-1,5,21
4,-2,-1,6,15,10,3,3,3,3,0,-2
2,-2,16,4,-2,14,13,2,6,31,1,23
4,-4,17,13,18,6,10,1,18,-4,5,20
-1,7,19,11,-1,14,4,18,2,17,5,20
0,-1,20,1,17,5,-2,30,1,15,5,20
-1,6,20,3,16,34,3,3,3,4,0,11
1,3,8,21,18,13,1,6,8,21,0,5
14,-32,6,-21,3,-8,2,-24,10,-25,13,-34
12,-33,15,-24,-1,-29,2,-19,15,-32,11,-18
8,-32,-1,-13,25,-25,1,-8,3,-12,10,-31
9,-31,-1,-28,4,-29,5,-11,5,-24,2,-16
8,-29,0,-12,12,-19,7,-17,9,-5,1,-15
3,-29,8,-7,5,-6,2,-1,5,-27,9,-20
1,-18,14,-20,5,-24,6,-13,-1,1,-1,-13
0,-21,-1,-11,3,-22,10,-11,16,-26,6,-8
1,-12,14,7,23,-16,1,0,7,-18,2,1
3,-27,18,-12,9,-19,0,-19,0,-7,6,-8
2,-24,-1,-14,7,-10,7,-12,3,0,5,2
-1,-2,1,-18,20,-25,8,-16,14,-15,1,1
4,-21,15,-7,1,-16,6,-16,7,-24,6,-6
1,-23,3,-3,18,-13,0,-22,3,6,0,-8
3,-17,12,-7,12,-11,-1,-7,4,-16,1,-19
5,-18,8,5,1,-5,17,-20,7,10,2,9
-1,2,19,0,4,-20,1,-9,7,-9,2,14
-1,-15,3,-18,17,17,10,-2,-1,-13,0,-7
-1,-13,16,0,18,-17,3,4,-1,7,2,17
-1,-8,15,9,25,-6,6,-5,11,0,6,0
-1,-13,3,7,13,16,1,-3,2,-15,6,0
2,-4,20,17,9,3,18,-2,8,-10,6,-5
4,-10,1,-8,5,-6,14,-11,10,1,5,21
3,-9,21,2,21,-12,19,2,7,16,9,3
0,-3,-1,24,24,3,4,11,7,14,0,-11
-1,9,8,18,17,5,1,-1,7,2,6,-10
4,-10,16,24,7,-2,-1,6,-1,11,1,25
0,-4,8,21,9,-4,7,17,11,24,-1,18
1,5,22,13,7,-1,-1,-7,0,9,0,8
0,4,18,-4,10,-5,0,-4,9,0,0,19
2,4,15,23,13,11,19,4,1,16,13,-5
4,-4,20,17,9,-5,4,9,5,16,1,1
1,2,17,-1,5,-1,5,5,5,19,3,-3
1,1,23,-2,10,15,1,-3,6,-2,-1,1
0,12,10,2,25,13,3,15,1,10,3,0
-1,16,1,10,13,34,0,-1,1,12,1,27
-1,19,1,26,4,5,16,5,5,25,3,21
10,-36,16,-27,19,-32,11,-27,7,-27,1,-22
5,-25,14,-23,1,-32,2,-29,4,-23,2,-15
10,-27,1,-7,17,-25,0,-15,3,-34,6,-21
8,-27,20,-30,23,-31,19,-24,14,-21,7,-33
1,-32,0,-6,18,-1,9,0,16,-16,3,-32
2,-23,5,-9,13,-13,0,-18,8,-15,4,-17
0,-22,7,-14,23,-25,1,-1,0,-16,1,-17
1,-11,16,6,23,-22,1,-1,2,2,3,-17
0,-18,10,-10,15,-13,7,-15,5,1,4,-6
4,-20,20,-27,1,-8,1,6,5,-8,3,-5
3,-19,19,7,1,-24,4,5,8,-24,3,-24
1,-9,5,6,13,-9,4,10,8,0,0,4
2,-19,24,-9,20,-13,1,-1,0,-9,19,-18
0,-17,0,-10,2,-9,17,-17,1,-16,6,11
2,-19,2,6,11,-16,11,-19,8,1,6,10
2,-10,8,-1,24,-12,10,4,0,-17,3,-12
0,1,2,-19,9,-13,10,-18,9,-16,0,-4
6,-17,0,-19,7,-10,5,-8,10,-7,0,-14
1,-1,1,11,3,13,10,13,0,-8,0,-11
1,-4,24,1,0,16,2,-12,8,0,1,-6
0,-5,7,3,0,18,0,-6,12,-12,1,18
3,-11,18,13,19,0,9,-2,1,15,0,7
1,1,8,1,0,0,9,-4,11,22,0,-14
0,5,18,18,3,-12,1,19,3,22,0,22
3,-6,2,1,15,5,3,1,8,10,1,-12
0,3,17,8,0,-9,9,-9,2,0,0,25
0,3,9,23,11,-2,0,-3,5,20,1,-5
0,6,0,1,19,-4,18,-3,8,5,0,-7
0,4,2,22,20,6,26,26,0,3,0,25
0,9,25,0,18,-6,8,1,0,19,6,24
3,-1,25,2,18,5,1,-2,0,-4,0,0
1,14,4,7,9,5,6,18,2,2,17,4
7,2,5,15,2,7,2,14,1,29,6,26
5,-1,0,0,18,7,2,-2,7,32,16,13
7,5,1,16,0,9,1,22,12,11,0,13
2,16,3,21,0,34,0,19,0,0,6,28
3,12,0,2,0,7,0,14,0,12,0,12
