-9,-31,-24,-11,-4,-22,-20,-28,-26,-10,0,-36
-7,-34,-25,-34,-1,-6,0,-12,0,-3,0,-1
-1,-4,-25,-7,-1,-7,-26,-34,-26,-34,0,-4
-17,-25,0,-15,-24,-31,0,-2,0,-6,0,-4
-16,-29,0,-3,-25,-11,0,-4,0,4,0,4
-7,-31,-23,-22,0,2,0,1,-26,2,0,1
-14,-16,-2,3,0,-2,0,-30,0,3,0,-8
-15,-26,0,-16,0,2,-26,-3,0,-3,0,6
-2,-17,0,0,-1,-2,0,2,0,-7,0,5
-14,-26,0,0,0,3,0,-1,0,-9,0,-6
-1,-5,0,0,0,-7,-1,2,0,3,0,2
-1,-21,0,0,0,-7,0,-1,0,-8,0,2
-15,-14,0,-4,-1,-3,0,-5,0,1,0,2
-1,-16,0,1,-1,7,-2,3,0,-15,0,2
-14,-16,0,-10,-19,-13,0,-5,0,-15,0,-6
0,5,-1,10,-1,4,-5,4,0,1,0,3
0,-10,-1,8,-1,16,-25,-18,-1,2,0,-6
0,1,0,12,0,7,-1,17,0,-14,-26,6
0,-1,-15,-16,0,18,0,0,0,2,0,5
-1,-16,-9,16,0,18,0,-3,0,-17,0,3
-12,-16,0,6,0,9,-2,6,-4,6,0,1
-11,-14,-1,10,-1,18,0,0,-1,19,0,0
-1,13,0,5,0,20,0,15,-1,15,0,5
-15,-11,0,10,0,2,0,14,-1,15,0,5
-9,-10,0,-5,0,0,0,13,-1,12,0,-2
-2,-9,0,3,0,3,0,-6,-1,10,0,0
-2,-5,0,11,-11,-9,0,-6,0,9,0,3
-1,15,-1,14,-4,1,-1,22,-1,4,0,0
-1,14,0,7,-13,0,0,14,-25,21,0,4
-13,-4,-26,8,-14,-7,0,5,0,17,0,1
-12,-3,0,-2,-4,6,0,4,-1,2,0,-1
-11,-2,0,12,-1,9,0,16,-1,0,-1,27
-15,3,-2,26,-4,3,0,16,-1,32,0,3
-1,5,-1,8,-4,3,0,-1,0,13,0,3
-12,4,0,9,-1,7,0,14,0,28,0,0
0,3,0,8,0,15,0,12,-2,34,0,3
0,0,-1,24,0,0,-1,33,-4,23,-26,9
-16,-31,1,-26,0,-14,0,-6,1,-22,0,-5
-3,-35,1,-33,-1,-3,1,-24,-1,-5,0,-12
-16,-30,1,-26,-1,1,0,-12,1,-6,1,-31
-13,-12,0,-17,-1,-3,-17,-17,-4,0,1,-32
-8,-16,-1,2,0,-4,-25,-9,0,-16,0,3
-4,-14,1,-30,1,-28,-19,-5,1,-18,0,3
-2,-9,-1,-19,1,-6,-11,4,-1,-3,0,0
-6,-18,-1,0,1,-8,-1,-6,1,-17,0,7
-1,-3,-4,3,0,-4,0,4,1,-17,0,-15
-3,-23,1,-21,-6,-1,-1,-17,0,4,0,6
-5,-15,0,10,-15,0,-1,-17,-1,-5,0,3
-2,-13,-1,0,-2,-2,-4,-2,1,-15,0,-4
-1,-24,0,11,-1,10,0,5,1,-9,0,-2
-15,-19,1,-20,1,-1,-1,-3,-1,-4,0,-16
-9,-16,-4,8,1,-20,1,-13,1,-18,0,-5
-15,-11,-4,8,1,2,0,6,1,-12,0,7
-14,-9,0,0,-1,0,-1,-13,-1,-8,0,7
-11,-12,-1,3,-1,-18,1,-11,1,-17,0,7
-13,-9,0,16,1,-9,0,6,-1,-8,0,-6
-1,-9,-15,9,0,15,0,6,0,15,0,-6
-1,-1,-20,-8,-3,-11,1,-9,-1,-11,-2,10
-1,7,-1,6,-4,-4,1,-9,1,-9,0,10
-10,-5,0,15,-4,7,1,-11,0,9,0,-13
1,20,0,8,0,-6,0,5,-1,-9,0,-11
-1,2,0,20,-4,1,-2,22,1,-9,0,12
1,21,-4,11,0,5,1,-10,0,9,-1,25
-11,-8,-4,-6,-4,-8,0,25,-1,-10,-1,23
-12,-7,0,9,-4,1,0,25,-4,5,0,11
0,-6,0,7,0,-4,0,8,-2,23,0,11
1,8,0,5,1,10,0,19,-2,23,-1,27
-12,4,0,4,-4,-2,0,19,1,-5,-1,23
-13,-2,0,25,-3,-3,0,16,-2,16,-1,26
-12,-3,0,5,0,-1,0,1,-2,15,-1,23
-10,4,-1,17,0,14,0,17,0,32,-1,18
-10,2,-14,-1,0,9,-1,30,0,31,0,16
0,5,0,26,0,5,0,14,0,29,0,15
0,9,0,26,1,6,0,19,0,27,0,15
-13,-14,1,-14,1,-13,-1,-7,-1,-20,0,-17
-5,-15,1,-21,-1,-25,-1,-2,-4,-21,1,-21
-8,-24,1,-27,1,-33,-3,-7,1,-8,-1,-19
-12,-14,1,-20,-1,-27,-1,-2,1,-18,0,-5
-11,-14,1,-26,0,-8,-3,-13,1,-7,0,-15
-17,-18,1,-23,0,-12,-7,-23,1,-12,0,-9
-7,-18,1,-26,0,-20,-9,-18,1,-19,1,-20
0,5,2,-24,-2,-9,-1,1,0,7,0,-11
-17,-19,2,-28,0,-19,-1,-1,1,-28,-4,-19
-9,-6,0,1,-16,-13,1,-10,1,-9,0,-19
-7,-17,-1,-2,0,2,-2,6,1,-9,0,-26
-7,-8,0,-25,0,8,-1,1,0,8,-5,-16
-6,-14,-4,-11,-1,2,-1,0,0,4,-1,-1
-1,-4,-4,-1,0,2,0,6,1,-9,-1,-17
-16,-12,1,11,-19,-7,-3,6,-3,-12,-1,-2
-1,-5,-1,15,-1,-2,-3,5,0,10,-1,-5
-3,-10,-4,-17,0,6,-22,-8,-3,-20,-2,14
-15,-9,1,0,-14,8,-12,3,0,-8,1,-10
-14,-13,0,1,-1,2,-1,5,0,-10,-1,-4
-14,-15,-1,16,-1,1,-1,4,0,7,1,-9
-5,-14,0,-15,2,-9,1,-6,0,9,0,-9
-1,-1,0,-1,2,5,1,-1,1,-3,-1,-4
1,21,0,-1,1,-14,1,-1,-1,1,1,-8
-1,-4,1,-11,0,-10,0,12,0,4,1,-8
-14,-12,0,-3,-1,-9,0,12,1,-2,1,-8
2,23,-1,20,2,0,0,-10,-4,20,0,-8
-7,-9,-1,17,0,19,-1,7,1,-1,-1,-5
0,11,1,8,-1,20,-1,9,1,-2,0,-7
-8,-7,1,-7,-1,28,1,4,0,7,0,-7
0,6,1,-7,2,3,1,0,1,-1,-1,27
1,9,0,-2,2,2,1,5,-1,6,1,-3
-11,7,1,0,2,-1,1,4,-1,4,-1,27
-13,9,0,-2,0,19,1,4,1,0,1,-4
-14,5,0,24,-3,-3,-1,13,1,0,0,32
-8,3,-1,20,-1,0,1,4,0,5,0,30
-13,5,-1,31,2,0,1,3,1,1,0,29
-11,11,-1,20,-1,15,1,1,-1,7,0,26
-1,-8,1,-10,0,-11,0,-27,0,-32,1,-11
-12,-7,0,-14,-3,-2,-2,-18,2,-34,0,-8
-14,-18,0,-33,-1,-8,1,2,0,-5,1,-10
-18,-20,0,-14,1,-2,2,-30,0,3,0,-30
-21,-28,1,-9,-6,-22,-1,2,0,-12,0,-8
-19,-30,0,-13,1,-23,2,-29,0,3,0,-31
-1,-6,1,-18,-1,2,-1,-7,1,2,1,-7
-16,-23,2,-26,0,-12,-22,2,1,0,1,-9
-16,-11,0,-28,-1,0,-3,-2,0,-27,1,-12
-1,9,1,9,-1,9,-1,4,-1,-2,1,-12
-16,-22,1,-18,-1,9,2,-26,0,2,0,-5
-16,-22,0,-8,1,2,1,9,0,-1,1,-11
-1,9,-1,11,-3,5,1,11,0,-1,1,-11
-1,7,1,9,-17,-17,-1,-8,1,3,0,-4
-1,3,1,13,-1,1,0,-7,0,5,0,-4
-10,-2,-4,2,-1,13,-2,-16,-6,14,-1,6
-2,-2,0,-4,-1,-11,0,-14,-6,-2,1,-8
-4,-11,3,16,-17,13,-1,-1,-3,-8,-5,5
-4,1,-5,1,-20,16,-2,14,0,-5,-6,-10
-14,-15,-7,17,-1,0,0,-13,-4,11,-1,5
-2,-15,-1,18,2,-3,1,17,0,2,-1,0
-11,0,0,19,-1,-7,1,6,-1,4,0,-7
0,-13,-1,1,-1,-11,1,4,1,9,1,-3
-5,1,1,11,-4,7,1,15,1,9,0,-9
2,22,0,16,-6,22,1,5,1,8,-1,24
-4,1,0,15,2,-1,1,5,-1,3,-1,22
0,-5,-1,4,1,6,1,3,-1,2,-1,25
-4,-6,0,16,1,6,1,3,-1,1,1,1
-2,-6,1,10,1,5,1,-4,1,10,1,1
-9,4,0,16,-3,0,1,-4,-1,-6,1,-1
1,15,1,11,2,2,0,-3,-5,1,-1,24
-10,8,0,4,0,8,0,-3,-2,31,-1,26
-5,-1,-1,-4,1,8,1,-4,-2,25,-1,24
1,9,0,10,2,2,0,29,-2,24,1,2
-13,5,0,5,-3,3,1,25,1,14,1,2
1,3,1,15,-11,14,1,18,1,13,-1,25
-12,1,1,10,2,2,0,1,0,11,0,36
-6,-16,2,-29,-1,-1,2,-21,2,-23,1,-1
-11,-9,2,-29,-3,-8,0,-13,2,-26,1,-2
-9,-10,0,-15,-1,0,2,-20,-1,-8,0,-13
-12,-15,-4,-28,-1,-5,1,-5,-1,-12,0,-8
-6,-13,0,-4,-15,-25,1,-10,1,-30,1,-1
-1,2,0,-4,0,-1,-1,-9,2,-25,1,-1
-16,-22,0,-9,-12,-9,-2,-6,1,-13,1,-2
-1,-7,0,-11,1,-5,-1,-22,-1,-10,1,-4
-11,-4,1,-23,-2,3,1,-28,1,-25,0,-8
-16,-9,2,-22,-14,-22,0,-20,0,6,0,-10
-12,-9,-1,1,0,1,-3,7,2,-23,1,-4
-11,0,0,-24,-4,-13,-3,5,2,-23,1,-8
-17,-21,-3,5,1,-12,0,-20,-9,9,1,-11
-11,4,2,-8,-14,-7,0,13,-1,-5,-1,4
-16,-3,-1,-6,-2,-21,-15,3,-4,-19,-6,-3
-20,-16,-10,8,-14,-17,-2,0,2,13,1,-9
0,-2,-6,4,3,11,-2,15,-4,5,0,-11
-2,-15,2,-16,-2,-17,2,-8,-6,15,-6,-1
1,0,1,17,-6,-4,-9,-10,-3,17,0,-12
-13,-14,1,-3,2,-6,-2,-8,-1,-1,1,-7
-10,0,-22,3,2,-11,2,-10,0,5,1,-7
-1,-10,0,-5,-3,-5,1,-1,2,-14,1,-8
-4,1,1,16,2,3,2,-9,1,21,0,-9
-2,0,1,2,0,-12,0,22,-1,2,0,-10
-1,0,1,0,-2,0,0,18,1,-12,1,-10
-2,-8,-1,3,0,-11,1,2,1,22,1,-10
0,1,1,-6,-3,-5,2,-8,-1,-1,0,4
-13,3,1,-6,-4,-2,1,27,0,27,0,23
0,-7,-5,8,-5,-8,0,21,-1,-3,0,5
0,0,0,29,-4,-5,1,5,1,25,0,4
-6,1,-1,7,-7,12,1,14,-1,-3,0,23
1,1,-1,20,2,9,0,19,1,21,-1,31
-6,4,-6,4,1,31,0,17,0,16,-1,27
3,26,0,30,1,5,1,4,0,29,0,4
1,1,-1,5,1,32,1,3,1,23,0,22
-12,5,1,10,3,18,1,18,-1,1,0,22
1,11,-6,0,4,5,0,28,1,22,-1,23
-17,-20,2,-26,-10,-8,1,-22,-1,0,1,-32
-1,-5,1,-6,-9,-4,1,-19,1,-17,1,-16
-16,-23,1,-10,0,-9,1,-21,2,-20,0,-34
-17,-18,1,-21,-2,-8,2,-22,2,-25,0,-12
-19,-23,1,-10,2,-27,-2,-3,2,-22,1,-31
-17,-18,0,-28,0,-14,-8,-26,2,-25,1,-13
-16,-10,1,-26,-2,-1,-8,-26,1,-3,1,-15
-1,-2,-1,3,-16,-9,1,-17,2,-24,1,-17
-1,-2,-7,-13,2,-6,-1,-5,1,-2,0,-3
-2,-5,1,-22,-16,-21,2,-17,-1,3,1,-17
-9,0,1,-10,-10,-5,-1,-9,-1,1,0,-8
-15,-5,1,6,-13,-22,-2,-2,1,-8,1,-17
-11,4,0,-19,0,12,1,-4,1,-16,-18,-6
-9,6,0,0,2,10,-1,-4,1,6,-7,-4
-18,-18,-1,4,-6,-12,-1,-6,-9,7,-21,-12
-9,3,1,5,-16,15,1,-10,-3,7,-3,-12
-5,-4,-8,2,-20,-5,2,-12,-4,4,0,-1
1,-14,1,6,-9,-10,1,-13,1,5,1,-17
-2,-13,-1,-3,-1,-9,-8,-16,1,17,0,-3
-4,-10,-7,-6,-9,-9,-8,-17,-7,9,0,-1
-2,-2,1,-8,-9,-11,1,17,-1,9,-1,2
2,2,1,-12,2,-1,1,12,-1,7,0,-3
1,-1,0,22,2,-5,1,12,-1,-1,0,-1
-12,-7,1,0,0,11,1,12,1,3,0,-3
-2,-8,-6,-1,1,6,1,-9,1,-5,0,-3
-12,-10,0,8,1,2,1,-1,1,-5,-5,3
-2,5,-7,-2,-7,11,1,-9,-1,-1,1,-10
4,24,1,-2,-9,-8,1,-1,1,-4,0,-2
3,18,2,0,-10,1,1,-8,1,-6,0,27
-5,6,-1,27,-2,15,-1,8,1,-7,0,27
-3,-1,0,2,-10,1,0,30,-1,1,0,0
-2,8,0,30,-4,-2,0,11,0,27,0,28
3,20,-1,26,-6,21,0,25,0,19,0,28
1,-1,2,-1,0,15,0,6,0,27,0,27
-6,10,-1,23,-11,14,1,7,1,32,0,3
-12,6,-2,23,2,3,0,5,1,30,0,28
-1,0,0,2,2,0,0,3,1,30,-1,35
-14,-7,-8,-3,-2,-10,-17,-9,-3,-15,-19,-31
-14,0,0,-27,-2,-11,-4,-10,2,-7,-15,0
-8,0,-17,-32,-20,-32,-4,-4,-1,-3,-4,-7
-9,-1,-10,-6,-17,-16,-4,-2,-16,-11,-8,-9
-12,-8,-13,-1,-20,-31,-4,-3,-10,-8,-20,-28
-4,-2,-2,-7,-2,-8,-19,-31,-20,-27,-15,0
-16,-5,1,-29,-2,-1,-4,-2,-4,-21,-17,-15
-10,-4,-14,-10,-19,-25,-17,-5,-4,0,-5,1
-7,-1,-7,-1,-16,-3,-16,-9,-20,-22,-17,-25
-15,-22,-10,8,-15,-9,-8,-9,-20,-25,-16,-6
0,6,0,5,1,1,1,-25,2,-11,1,2
-10,-2,0,4,-2,-6,0,-19,2,-12,1,1
-11,-5,-5,-3,-9,-4,-1,1,0,-18,0,-7
-19,-21,-7,3,1,3,-2,-11,2,-12,-2,6
-1,-1,-8,8,5,13,0,5,0,-20,1,2
1,-1,0,7,-2,-12,0,-9,1,4,0,12
-17,-20,1,0,-6,-15,1,1,2,-16,1,-18
-2,-8,-1,-18,1,1,0,-8,-1,7,-5,17
-12,-18,-6,-2,1,-12,-1,6,1,4,-5,-8
3,14,3,-11,3,-16,0,-7,-4,8,1,5
-11,-2,-14,-14,-2,4,0,-11,1,4,1,-15
-11,-2,0,-10,5,5,-8,-2,2,-12,0,21
2,3,-2,16,5,4,0,-12,1,21,-6,1
-9,2,-7,8,-1,15,-1,6,1,0,0,11
-6,2,-4,-1,-2,-1,1,8,1,22,1,8
-6,4,-7,7,5,1,1,4,1,1,0,21
-7,6,0,17,0,14,2,-5,1,-3,0,21
1,6,2,23,4,13,2,-7,-3,18,0,13
-1,10,2,22,4,13,-1,-1,0,20,1,9
0,7,-7,3,2,9,0,-6,-1,18,0,14
-7,9,1,12,1,-1,0,-6,-1,18,1,8
-12,6,1,29,-6,-3,-1,22,1,26,1,3
5,28,1,29,-6,0,1,31,1,24,1,7
-5,10,0,11,-2,15,-1,18,1,21,0,20
-12,7,2,9,0,8,-1,18,-1,19,1,2
0,6,2,8,-2,16,-1,10,-1,18,1,2
-13,12,1,32,-2,16,1,34,-1,17,0,15
-1,-3,-16,-16,-1,-3,-1,-3,-19,-14,-1,0
-1,-1,-4,-35,-8,-12,-15,-27,-1,-5,-8,-4
-19,-11,2,-8,-8,-15,-1,-6,-10,-5,-4,-6
-5,1,-8,-14,-8,3,-18,-19,2,-16,-5,-17
-19,-32,-15,-22,-13,3,-19,-30,3,-23,-2,4
-1,1,-6,-12,-16,-26,-18,-18,2,-20,-7,4
-2,6,-1,-15,1,-13,-17,-2,0,3,-2,-5
-2,-2,-12,-22,-12,7,-18,-1,-8,-3,-16,-6
-2,-3,-11,-8,-16,-17,3,-11,-10,6,1,2
-1,2,-17,-14,-16,-11,-1,2,-3,1,-1,3
-18,-11,-9,10,-1,1,-1,1,-18,10,-19,-24
-17,0,0,1,-1,0,-10,5,1,8,-7,8
-17,12,-8,7,-18,-24,-18,12,-1,-1,-1,1
-4,6,-18,-20,-11,11,-16,3,-3,9,-4,8
2,7,-9,-4,-12,-6,-7,1,-11,2,-7,5
-5,-3,-9,8,1,-17,-7,-9,1,-20,1,13
-3,-5,2,-14,-6,11,-2,-6,1,6,1,-9
-12,-9,-7,-8,2,-16,2,-6,2,-11,-5,-6
0,-9,-1,-9,3,-3,-7,-8,1,6,1,1
-4,0,4,12,1,15,2,16,0,-7,1,-4
4,11,0,3,-2,12,2,-4,1,5,1,-4
-11,-11,2,2,2,4,2,15,0,-7,1,-7
3,5,3,-12,-6,6,2,4,2,-8,1,15
4,19,1,7,2,-12,-3,8,-2,2,1,-9
4,21,-6,4,-1,24,2,2,0,-5,1,-5
-12,5,2,1,-8,21,2,-1,2,-7,1,-5
1,8,1,-6,2,13,-3,7,1,7,-6,19
5,23,-1,-1,-6,-4,-3,6,0,-5,1,-9
-5,8,1,4,-4,4,0,1,-8,13,-14,-6
-1,0,-8,17,-12,16,0,-2,-2,4,1,21
-10,-6,2,5,-6,1,2,5,-3,15,1,21
0,11,1,-3,-6,-2,0,-1,1,11,1,21
3,6,2,-4,-6,21,-7,1,0,2,1,21
1,2,1,6,-6,1,0,0,2,-2,1,7
1,4,-1,1,-1,19,2,6,1,33,1,3
-3,11,-6,-1,1,20,2,3,1,33,1,1
-11,6,2,28,2,15,2,0,1,10,1,16
-1,-8,-5,-7,2,-22,-5,-5,-2,-14,-16,-9
-1,-9,-18,-5,-17,-29,-12,1,2,-3,-6,-15
-1,0,-2,-11,-8,2,-17,-2,-13,-26,-2,-4
0,-5,-11,-4,-9,-4,-15,-8,-5,1,-2,-10
0,-5,-7,-2,1,-8,-2,-5,-17,-7,-7,-3
-1,1,0,-29,-13,2,-1,1,-13,-18,-10,4
-1,-6,-16,-12,-12,6,-15,-8,-2,-20,-16,-26
-1,0,-2,2,-14,-8,8,5,2,-26,-18,-2
0,3,-4,-8,-10,-18,4,-9,-4,-6,-17,-2
-4,6,-4,2,2,0,-11,-3,-3,-3,0,-9
-5,10,1,1,-5,-26,-6,-22,2,-26,1,8
-4,10,1,-12,-9,-19,-14,6,2,4,-1,9
-1,7,-4,8,-7,3,3,-22,-3,-1,-12,-4
-16,12,-7,13,1,-6,5,12,-10,13,-17,13
-10,-1,-9,7,-8,7,-10,4,0,-6,-1,11
-15,-18,-18,-11,-11,10,-3,14,-5,3,1,11
-12,-9,2,-20,-10,-20,-2,-8,2,0,1,10
-4,2,0,-18,6,17,2,17,1,-4,0,-7
-8,-3,2,-1,-1,-2,-6,-15,1,11,-7,8
-11,-15,-14,14,-1,10,1,-1,1,-6,1,5
4,15,-3,20,6,-16,0,4,1,-16,-1,11
2,5,2,4,3,-7,2,19,1,-10,2,-12
5,21,2,4,2,-3,0,5,2,9,2,0
5,23,-1,-12,6,5,2,19,2,6,-2,4
-12,0,-6,15,5,4,2,16,-2,3,-9,5
-11,-6,1,-4,5,0,-2,-3,2,-3,2,-10
5,18,-8,5,-1,2,0,6,1,-9,1,8
-10,4,1,16,-7,26,0,1,0,12,1,18
6,22,-7,5,-7,-5,2,25,-2,6,1,18
3,6,-7,4,6,0,2,7,2,-3,1,10
0,0,2,1,-1,8,2,2,1,17,1,19
1,1,3,19,3,11,0,3,1,15,1,23
6,32,3,11,-8,27,2,25,0,14,-5,24
-1,10,1,27,1,8,0,3,0,7,-3,12
0,10,1,16,2,16,2,20,1,14,1,17
-6,16,-8,22,-6,5,2,19,0,19,1,23
-4,17,2,6,-3,9,-3,17,0,5,1,11
-1,0,2,-8,-4,-34,-6,-21,-7,-20,2,-15
-1,-1,2,-21,1,-20,2,-1,2,-23,-15,-33
-2,1,-17,2,4,-3,-16,-17,-1,-28,-7,1
-2,1,-16,-2,-9,-11,3,-15,-13,-13,-17,-18
-11,-5,-1,0,-1,-7,-15,-7,-16,-28,-2,0
-14,0,-17,0,0,2,-17,-23,-9,-12,-1,2
-8,-7,-1,-8,-12,2,0,-1,2,-8,-8,-1
-1,-4,2,-12,-8,6,1,-6,-11,-2,-16,-25
-17,5,-13,-16,-13,-9,-12,1,-17,-19,-17,-22
-9,-2,-12,-18,-4,8,-17,5,-16,8,-13,-8
-14,3,2,5,-1,0,-1,0,-12,1,-4,-5
-1,5,-6,7,-1,6,-12,5,2,-7,-13,-8
-1,4,-9,8,-1,5,2,7,-17,-10,-6,-6
-13,9,-17,-7,-3,11,-15,6,-1,-23,2,6
-13,-8,-11,-1,-12,8,-2,-6,-13,14,-5,10
5,0,-2,6,-11,5,-3,5,-6,13,-8,-6
-10,-13,2,-8,2,-6,3,-7,-4,-7,2,3
5,3,-6,-1,-2,-12,-1,-1,-5,-3,1,-11
-10,0,2,-16,-6,-6,-9,11,0,1,-4,2
-12,-16,-7,-11,-6,13,-3,18,-12,-5,-4,0
-4,7,-9,19,9,11,1,15,2,-7,-11,14
-12,-1,4,-5,-13,1,-12,8,-1,3,1,20
5,12,-12,18,-15,-2,-6,13,-5,21,-7,7
6,13,2,-2,-14,-13,3,-9,-11,15,2,2
-5,11,-14,-2,-14,-11,1,-11,0,-2,2,1
-11,5,3,5,-12,16,0,16,2,-8,2,-3
6,24,1,10,-4,-9,-6,23,-4,15,-5,5
-10,6,-1,7,0,2,-7,16,-5,6,-4,7
-1,6,2,2,7,-2,-2,7,2,-6,-6,16
-1,10,-1,-5,-9,0,-2,26,3,11,0,7
-1,5,-2,9,-10,9,-6,25,-11,4,-6,8
-9,9,2,15,5,28,-6,12,-2,28,2,9
-9,13,-1,0,-16,16,-2,30,-2,18,-2,14
-10,5,2,13,-9,17,3,4,-5,0,2,4
0,6,1,16,-12,0,0,33,-6,7,-9,31
4,5,0,13,-3,18,2,14,0,35,-7,28
8,36,2,6,-14,30,3,3,1,15,2,12
0,-3,-1,-14,-1,-30,1,-20,0,-23,-11,-22
-1,1,-1,-4,-15,-34,5,-4,-8,-3,-15,0
-1,-1,2,-17,-16,-18,-15,-4,-5,-29,0,-8
0,2,2,-7,-7,3,-11,-19,2,-4,-15,-31
-6,0,-16,-20,3,-9,-4,-5,0,-6,1,-9
-13,-3,1,-18,2,-27,-16,-24,4,-16,-16,-30
-12,1,-1,-1,-6,2,3,-2,-4,-4,-8,-4
-15,-29,-14,-2,-2,-21,8,-21,-4,-6,-2,3
-11,0,-12,-2,-12,-8,2,-14,-7,0,0,1
-14,-15,-7,-5,-11,-4,0,-17,-7,-8,3,-23
-13,-16,-3,-6,-5,-18,-1,5,-15,-4,-2,-8
3,7,-16,7,-7,-10,-5,-11,-5,8,0,10
-11,-6,-16,-17,-10,-10,-4,-5,-2,-4,-4,7
-11,-4,-14,-21,-4,9,3,3,-8,3,3,-20
-5,1,-10,1,-10,-7,3,0,-3,8,3,-16
-9,-10,0,14,1,-15,1,-6,-3,-3,3,-1
2,0,3,-12,-4,-17,3,-6,2,-6,0,5
6,16,-1,-17,8,-15,4,6,-2,0,3,-9
-8,-17,4,5,-12,15,1,-6,1,8,-4,1
0,-8,2,-10,1,-15,1,-12,-14,-17,-10,9
-1,0,3,-13,5,-4,3,-4,-6,5,1,-9
-9,-1,-10,17,-3,11,3,-2,-8,18,-7,13
-4,4,-1,-13,-1,15,-1,0,-5,15,-5,13
4,-4,-10,23,8,-11,3,-3,-8,15,-13,22
-1,-2,-13,16,-12,-9,-1,-2,-7,5,0,3
-8,-9,-12,16,-14,-1,-5,2,-1,8,-9,9
4,5,2,-6,-2,15,3,-2,1,-1,1,9
6,0,-2,9,-4,15,-5,1,1,5,-6,11
-1,-8,3,-8,-4,21,0,1,-3,7,2,26
7,6,-7,0,-4,16,-6,25,-1,11,-6,10
5,3,4,4,4,-6,-6,12,-6,26,-10,26
5,-5,2,11,-12,0,-5,3,-6,-3,0,4
-2,9,3,0,-10,20,2,3,-9,32,0,16
8,-2,-6,11,-5,28,4,28,-2,14,2,18
2,-2,-3,5,-12,21,1,17,2,11,3,3
9,25,-6,11,0,14,0,10,2,0,2,15
10,36,-4,9,3,21,-5,0,-6,17,3,2
-1,0,3,-2,-8,-16,-9,-16,-5,-14,-2,-11
3,-5,-2,0,1,-11,-9,-20,-10,-3,-11,-24
-15,-8,-7,-6,1,-4,-8,-19,-6,-14,2,1
-15,-12,0,-1,1,-6,0,-8,-15,2,-14,-30
-6,1,3,-10,-9,-3,-1,0,-3,-10,-13,-1
-15,-22,-13,-5,-9,-4,0,-4,-8,-24,-13,-13
4,6,-2,2,-6,-12,-4,0,-5,-29,-8,2
-10,-21,-14,0,-7,-10,4,-27,0,-1,3,-6
-14,-17,-2,-22,7,-24,4,-10,-6,-15,-1,5
-12,-7,-15,-5,-9,-8,-1,2,5,-15,-14,-27
4,5,-1,5,0,-5,-12,-9,2,7,-13,-4
4,4,-6,8,1,-8,-5,-4,-6,5,3,-5
-10,-7,-6,0,1,-19,-2,3,1,-7,2,-15
6,13,-15,-14,-1,-3,4,-17,-9,11,3,-13
-7,-4,-6,4,-1,14,-1,0,3,-22,3,-17
0,-10,-5,-4,0,-6,2,-20,-3,3,-9,15
-7,-17,3,-7,0,-6,3,1,1,4,-12,5
-7,-3,2,-19,0,-15,-5,-8,-6,-7,1,12
-2,3,0,16,-3,-11,1,-13,5,-13,0,4
-7,-10,-7,1,-9,-15,3,1,-9,-1,-5,17
2,-2,-7,11,-1,1,1,-12,4,11,0,17
3,2,3,-1,5,4,4,-14,1,1,3,-12
8,9,5,22,0,14,1,-12,2,2,4,-13
6,1,-2,-12,5,0,4,-13,4,1,-1,22
8,-10,-4,15,0,-12,1,-11,-9,14,-5,12
7,-3,2,-7,-2,7,3,6,3,1,-10,19
8,5,-15,10,-3,10,3,1,-11,22,1,-3
9,-6,0,24,4,-5,1,-9,-2,-1,-9,8
2,-4,-3,-8,5,7,2,10,4,5,-6,11
-2,-7,3,5,10,8,0,13,2,-1,-7,16
9,11,2,2,-7,11,3,9,2,22,-2,16
11,26,2,2,1,1,-5,2,3,14,4,-5
-3,7,-7,22,-3,10,-3,11,-3,30,3,15
11,13,3,7,-1,13,3,10,3,8,3,14
0,4,5,33,-2,14,3,7,3,15,3,12
-3,7,2,27,5,5,0,12,2,7,2,21
10,23,4,15,0,3,0,9,3,9,3,15
3,-1,4,-15,2,-8,1,-25,1,-19,-5,-9
-14,-23,-4,-3,2,-12,-11,-33,4,-4,-5,-24
-7,-6,4,-23,0,1,-4,-29,4,-26,-12,-20
-2,2,-2,3,-14,-18,-4,-2,-10,-2,-14,-28
-11,0,-12,3,5,-13,1,-11,-3,-7,-5,-6
-4,-1,0,2,0,-20,4,-26,-9,-1,6,-11
-8,-9,-10,5,-7,-8,-14,-19,1,-10,-10,-4
-11,-23,-1,-1,2,-11,-2,-3,-14,-14,-1,6
0,3,-2,0,-14,5,0,-16,-7,-9,-9,-8
-4,-1,-4,6,-10,4,-1,-1,3,-23,3,-1
6,7,4,7,-8,-4,-7,10,-2,-1,-10,2
-12,-23,-6,-6,5,-9,-6,-1,3,-12,1,0
7,10,-11,-3,-1,-1,3,-7,-4,10,1,-8
-8,-8,0,0,-11,-13,-10,-12,-2,-13,3,9
9,7,-14,1,0,-7,-1,-8,-1,10,2,10
3,-6,1,4,1,-19,-2,15,3,-16,0,-9
1,-5,3,6,2,-8,1,-13,-2,-15,3,10
-7,-18,3,1,2,-16,-4,-15,3,-17,-2,9
-2,2,4,-12,-10,-16,3,-5,-7,10,-6,18
-1,-3,-6,-1,0,9,1,-13,2,19,-1,6
7,-9,-1,-14,6,4,1,-15,2,15,1,-3
9,-15,-7,4,-1,-5,1,-15,3,-15,-4,21
7,-10,2,5,-14,8,3,-10,-8,-11,4,-1
-3,-9,2,0,-10,-6,3,-2,4,-7,-8,1
2,-8,-4,-5,-1,-1,3,-10,1,22,-6,10
-4,-2,1,8,1,24,-2,13,2,0,-8,1
10,-4,4,-10,0,0,-3,11,4,-6,-8,-6
12,5,1,-2,2,7,2,7,4,-7,-6,7
-2,-6,-6,21,-9,18,2,-5,-6,7,1,0
0,1,3,12,-1,10,4,-3,2,0,4,-1
11,14,-7,6,-1,3,4,-3,1,20,3,10
11,14,1,1,8,6,4,-3,2,-1,4,-1
12,21,0,3,0,14,0,20,1,10,3,6
12,5,3,0,0,25,4,-3,3,31,4,-1
-2,8,-6,15,2,-1,0,21,1,34,4,9
-1,8,-1,14,-1,14,3,5,1,15,4,0
-2,12,-5,31,2,2,3,3,1,10,4,0
5,-11,-3,-14,-6,-15,3,-4,2,-5,-7,-7
-13,-3,-11,-15,-3,-2,4,-35,-12,-19,2,-12
-5,1,-4,0,-9,-23,-2,-8,-10,-2,3,-24
-8,-3,-1,2,-11,2,-12,-14,-11,-10,2,-13
-13,4,-12,-8,-10,-5,-12,-29,-12,-32,-11,-29
7,0,-9,-25,-7,-18,7,-1,-6,-10,-8,-13
-7,-23,-4,-9,-10,-24,2,2,4,1,-8,-17
-4,-9,3,-23,-13,5,3,4,2,-2,-8,5
8,-5,1,-15,-7,0,-2,1,2,-19,4,1
-11,-21,3,-24,-10,-18,1,3,-10,9,-8,-15
-7,-22,-8,-7,0,-13,-2,-8,-11,-12,-3,0
1,-2,4,-20,0,3,-7,9,-1,3,-3,2
3,-6,3,-9,6,-22,6,-7,4,6,-1,2
-1,-1,4,1,-4,-11,1,4,2,-10,-10,-3
5,-6,-5,2,-3,-5,3,-9,-3,7,4,-18
6,-11,-7,-11,0,0,-3,-18,-1,-3,4,-21
8,-1,3,-8,5,-6,1,1,2,-5,-13,2
4,-8,2,16,2,-8,2,11,4,-2,-1,-1
6,-1,2,-10,-9,9,0,16,1,15,-6,17
7,-5,1,-7,2,17,3,-10,2,-5,4,0
10,-9,-1,5,0,8,1,-1,4,-4,3,0
5,-13,-1,7,-10,-11,1,-8,-5,-8,1,7
12,0,-1,-1,2,22,-3,-12,-4,4,4,1
2,-8,-9,-4,6,0,3,-7,4,-6,5,-6
-1,-5,0,-3,0,7,2,12,4,-9,3,-1
13,16,-1,5,-13,0,2,-5,4,-10,3,-8
13,-7,-3,0,-1,11,1,-4,3,2,4,3
13,-4,3,1,-1,10,-4,3,3,-1,3,-9
13,16,-2,4,6,7,0,4,2,0,-2,15
13,14,3,-6,6,-6,-4,-2,2,-2,2,0
13,0,-3,2,-11,3,-4,-3,3,-1,4,-3
13,4,-3,0,-9,9,2,0,2,-2,1,31
13,3,-3,0,6,5,2,-1,2,0,4,-2
13,9,7,30,2,10,2,-1,2,-1,4,-2
12,8,-2,5,1,21,1,1,2,-2,4,29
13,27,-4,3,-4,10,1,18,3,2,3,11
12,0,-5,7,6,7,1,2,3,2,3,4
-11,-6,3,-31,11,-4,-2,-7,-5,-19,-5,-3
-5,-4,1,-22,-10,-11,-3,-12,6,0,-5,-14
-5,-4,-12,1,-9,-22,-4,0,-12,-23,5,-10
5,-11,5,-11,-12,-28,-11,-29,2,-5,1,-6
-7,0,3,-6,1,1,-11,-5,6,1,0,4
-8,-19,-11,-21,5,-26,-2,-9,-9,-8,4,-7
-11,-23,-8,-8,-3,-29,2,-14,-4,-28,-8,5
-1,-12,-5,-26,-7,-1,-4,-20,2,-4,-3,1
-6,-26,-5,0,-3,-9,2,-11,-8,-22,4,-26
-9,-22,-11,3,-6,-19,-8,-2,-8,-25,-2,6
-2,-7,5,6,-8,0,-2,8,-7,5,4,-5
-7,-23,-3,-2,-11,-7,-7,2,-5,10,-5,-9
2,-2,-5,8,10,5,-4,-14,2,0,4,-23
4,-2,3,0,-3,-18,-11,-16,-5,2,-3,-17
6,-9,-6,-11,-5,-19,-3,4,-9,0,-5,6
12,14,-2,-1,11,-14,-6,-17,-6,3,-4,9
8,-4,4,-13,-4,-7,5,-10,-1,-3,5,-2
2,1,-9,17,10,2,2,-19,-4,11,-5,0
3,1,-8,-3,0,0,-5,8,-1,1,-7,8
8,0,-5,8,-8,-8,1,13,2,10,-5,1
5,-10,5,1,8,9,2,-3,-5,-1,5,-4
-2,-3,0,0,5,6,1,8,4,-14,2,14
12,-5,-6,-9,2,-14,1,7,-1,16,3,7
14,16,4,-8,0,0,1,5,2,5,-5,-1
1,-8,3,4,7,-6,2,-2,3,17,2,11
14,-10,2,-2,-11,24,2,-2,3,-10,2,-3
14,13,-2,1,-11,15,2,-9,3,1,2,-4
14,10,1,3,6,-3,-6,-4,2,21,2,-4
14,10,8,16,2,16,1,27,2,7,3,6
14,15,-2,18,-11,0,1,10,2,16,3,2
1,0,0,-3,-5,20,1,9,2,10,-6,29
1,0,2,19,-10,25,3,21,3,2,3,0
1,4,0,-2,-1,0,1,6,2,6,3,0
2,2,8,8,-1,-3,1,6,3,3,3,0
2,2,8,-1,-9,33,1,5,2,19,2,2
-1,7,7,8,-2,8,1,5,2,12,1,9
2,1,-5,9,-4,36,3,22,2,14,5,11
-4,-9,1,-22,10,-3,1,-1,-4,-14,-1,-14
-10,-32,3,-35,5,-14,-7,-32,-5,-3,-5,-19
-4,-1,8,-12,6,-12,-6,-21,3,-27,1,-12
-3,1,-1,-9,-6,-9,4,-14,-8,-5,-6,-14
1,0,-11,-24,-6,-11,-10,-12,-8,-16,-2,-1
8,-1,-2,1,-7,-13,-1,-3,0,-16,-6,-25
9,-6,5,-13,-4,0,-4,-13,-4,-4,6,-24
6,-9,3,-12,10,3,-5,-23,3,-23,0,-4
-7,-11,7,4,-10,-1,2,-25,2,0,-2,-23
-7,-22,-4,-25,3,-15,-4,-27,2,-13,-9,3
8,-1,-1,2,-9,-25,-2,3,-1,-3,-3,1
-7,-3,5,11,-5,-20,13,5,-10,2,-2,11
0,-6,6,-18,12,-3,5,-2,2,-2,2,-20
10,1,2,-6,-9,4,-2,-2,-3,-2,-2,-19
11,7,3,4,6,-13,4,1,-6,11,-2,0
-4,-2,-6,9,10,8,4,-3,3,-9,-5,-11
4,0,-11,14,11,2,4,-12,-6,-17,-7,3
-6,-7,1,-18,-9,14,-2,8,-7,5,-6,9
10,12,3,1,-4,16,3,2,-9,-9,-7,9
7,4,3,17,4,5,3,1,-1,13,-7,-5
13,17,-4,14,-2,-16,2,-15,3,-8,-7,-10
9,-5,5,6,-4,17,3,-1,3,-11,2,-12
-1,-3,11,6,12,17,1,16,3,-12,6,-9
14,3,0,-4,3,9,1,-11,3,-8,4,-11
1,-8,-5,-8,-6,4,3,-1,3,-12,2,-12
14,7,2,0,-2,-1,1,-10,2,16,4,-10
15,-8,-6,3,0,1,2,15,3,-9,4,-10
15,2,-1,-6,1,-5,1,-9,2,10,1,12
2,-1,1,10,15,5,2,5,2,8,3,22
14,4,3,5,9,1,2,4,0,-1,3,14
1,-1,3,0,12,24,0,22,2,20,3,4
14,12,-1,-5,11,14,-1,7,3,6,3,4
14,1,-1,30,-8,27,0,16,2,7,3,3
1,10,0,2,-2,14,0,13,3,6,1,9
14,11,8,3,6,6,0,10,2,19,3,1
4,1,3,4,-1,-1,-1,7,2,6,3,1
4,8,0,0,0,10,0,11,2,17,5,22
-2,0,-8,-22,3,0,4,0,-5,-15,3,-6
-3,-13,8,-4,-1,-1,-8,-16,8,-1,0,-3
3,-2,3,-26,-5,1,8,0,4,-2,-6,-5
0,0,-10,-32,-9,0,-5,-24,-8,2,4,-6
-2,-3,4,3,0,-24,-5,-28,-4,1,-6,-31
-5,-4,-3,-25,-10,-18,4,-3,-7,-22,-2,-3
-6,0,-5,-9,-6,5,7,-8,-6,-4,-1,-5
-2,-9,0,-16,-10,-11,-6,-7,0,-1,-4,-8
-7,-20,-7,3,-1,-4,-3,-12,3,-16,4,-28
6,-4,11,-6,-8,-14,-3,-26,3,-21,2,-19
9,9,-1,-15,8,-23,-1,6,-9,-15,-5,-17
2,5,6,-11,5,6,-6,1,-6,10,-10,8
-4,-2,3,7,-5,-16,-3,8,-2,-10,-3,6
-7,-14,4,7,10,5,-5,9,-5,-16,6,-10
10,14,-2,14,13,6,-8,14,-3,-21,6,-14
-9,-20,-7,11,-2,-10,-1,15,0,-7,-7,9
11,6,-5,-3,-6,2,-3,-6,0,13,-7,-3
6,3,-9,6,7,16,-1,1,3,-17,-3,4
-4,-15,-7,6,-5,-13,4,-10,-2,-2,6,-12
11,4,-10,-17,-4,-6,0,-16,-4,-10,-6,5
5,2,-6,18,0,-6,3,12,0,-5,-3,-2
14,13,-5,-12,8,-14,4,-10,-4,5,6,-10
1,-14,-4,8,9,-2,1,-5,-3,17,-6,-1
14,-3,1,9,0,-2,-4,-13,4,-10,5,22
1,-3,2,7,8,-12,0,-12,3,17,2,-8
16,2,4,-7,-4,-10,1,-4,-3,18,16,20
16,20,2,-2,1,-9,4,-6,3,0,3,24
15,3,16,25,1,4,-1,9,-3,-1,3,23
15,-5,-4,27,7,10,1,-3,3,1,3,7
15,18,4,-4,-3,5,1,-3,3,-6,2,-4
1,6,7,23,-3,8,1,-3,3,-1,5,13
7,-2,1,3,0,-4,1,-4,3,-1,3,9
1,1,1,0,-1,5,-1,12,2,26,2,-2
6,-1,-1,7,5,14,-1,8,3,0,2,-3
2,-2,7,13,1,3,0,18,2,7,5,15
8,0,-1,4,0,3,0,14,2,20,3,12
4,10,4,1,6,0,3,29,3,20,3,9
9,-12,-7,-33,-9,-33,-7,-15,8,-16,-1,-19
-7,-9,4,-2,9,-5,-4,-13,10,1,-2,1
-3,-1,2,1,-4,-27,3,0,-2,-14,-4,-17
-7,-14,-3,-17,-3,-24,-7,-23,-3,-16,-6,-14
-2,-8,8,-21,10,-1,1,-2,-4,-31,-5,-29
-7,-9,0,-29,0,-5,-6,-17,3,-12,-6,-21
-7,-10,8,4,-9,-13,-1,0,3,-24,0,-9
-1,2,-2,-3,-1,0,8,-8,-1,-9,-5,-25
-1,-2,2,-18,-1,-1,3,1,-7,-8,-2,-19
0,5,3,5,-4,-5,2,-3,-2,-9,2,-6
6,2,-1,-3,10,9,4,-2,-4,-15,5,8
-5,2,3,-5,-8,7,7,11,-8,-11,-3,9
-8,10,-2,-14,2,1,-4,1,-7,-14,-4,-21
-7,11,10,13,-9,-2,3,-3,-3,-14,-3,8
-6,2,-3,5,-7,-8,4,0,-2,11,-7,14
3,10,0,-21,1,2,1,-7,-3,8,-5,15
5,5,-8,0,-9,-6,-8,-19,-4,-10,6,-8
-7,-11,7,-10,8,17,6,10,-3,-17,-6,8
3,10,9,7,8,7,1,1,-3,-18,2,-3
13,6,-4,6,10,1,4,3,3,-17,4,-9
9,2,-2,18,6,16,0,-6,2,12,6,-5
13,1,-1,-3,8,11,3,17,-3,-4,2,-2
14,-10,-4,13,8,10,1,3,3,0,4,-7
16,15,-4,13,8,0,3,-4,-3,18,2,-4
15,4,-1,18,2,-10,3,-4,3,0,2,-4
5,-2,-1,-9,0,2,5,20,-2,5,4,-5
15,-3,0,-1,1,2,0,-2,2,10,6,-4
15,9,-5,12,8,6,-2,-2,2,5,5,2
0,1,2,17,12,14,-2,1,3,0,4,-3
7,-7,4,-2,-1,-5,0,0,3,0,4,-5
1,7,0,21,2,8,3,1,2,7,2,1
14,5,-2,8,1,9,3,1,-2,0,5,-4
16,27,3,8,-2,-4,2,19,3,0,4,-3
12,0,-3,31,12,6,2,3,3,-1,3,31
13,1,1,-1,0,31,0,2,2,10,3,27
1,0,-5,35,0,13,0,0,2,9,3,16
5,12,1,9,2,6,1,16,2,1,2,6
-7,-14,7,-16,8,-27,-1,-9,4,-35,0,-5
-7,-22,-2,-4,5,-5,3,-16,-6,-31,3,-30
-8,-3,-6,-2,4,-4,-2,-7,3,-34,-4,-29
-6,-18,9,-15,-1,-9,-8,-27,-2,-15,5,-7
-2,0,0,1,6,0,5,-16,1,3,6,-15
2,4,-2,-22,-7,-8,0,-13,2,-18,5,-19
7,2,9,-20,-2,-9,-7,-6,-7,-23,-7,-7
0,4,7,-16,-3,-29,-2,-8,-6,-11,2,-4
-5,-10,-2,-20,4,-26,-8,-18,2,-18,11,5
-4,9,-4,-2,-8,9,2,6,3,-4,-5,9
0,2,9,-17,8,-16,-4,-5,5,10,3,-22
-5,-8,8,-7,4,0,-5,-6,-5,-10,5,-14
-4,11,9,-22,6,9,10,6,2,-15,-1,-20
-7,10,8,4,-2,0,-5,-5,-6,6,-2,-4
-6,8,2,9,-2,-5,0,-8,-1,-16,-4,-2
-4,-2,-2,3,-2,13,2,6,4,15,-8,3
5,5,11,14,5,2,-7,-12,-6,2,3,-17
6,5,9,17,-4,-11,-5,-10,-3,-3,-3,-19
-2,-1,-5,-5,-7,4,0,13,1,18,-5,3
10,2,6,8,2,-14,4,0,-8,-4,3,-17
15,8,4,8,3,0,18,20,-1,-4,-4,9
7,-1,-2,-1,2,-2,-5,-11,-4,13,15,14
14,-8,3,7,-1,-12,5,18,-3,9,4,2
16,10,3,-10,1,9,9,-4,3,9,4,1
13,-1,-6,17,2,6,3,10,-1,-8,4,1
12,-10,7,3,0,-3,-5,-10,2,-5,2,19
12,-8,7,-1,-3,15,-5,-5,3,1,4,1
13,-1,1,7,0,-3,1,-9,3,-1,2,3
2,6,1,0,0,1,0,25,3,-1,2,0
10,1,4,19,-7,2,-4,-7,-1,6,4,3
16,25,18,24,-8,23,-4,-5,2,-2,1,17
11,2,-7,28,-6,27,-5,2,-1,25,4,2
5,13,-7,-2,-3,13,0,4,2,-4,4,5
12,5,1,-2,1,29,-4,-1,-1,0,4,3
14,13,-8,23,0,-1,-3,-1,1,30,3,20
15,19,-4,0,-2,2,0,5,1,15,2,22
0,12,18,32,-1,18,0,5,1,6,4,5
-5,-9,2,-8,0,-31,-5,-25,-3,-2,4,-4
3,-1,-5,-31,0,-18,2,-7,2,-30,4,-2
-1,-3,12,-1,10,-14,12,1,5,-23,-5,-9
2,2,-6,-21,10,-2,4,3,-5,-5,3,-19
-2,2,9,-3,7,-1,-5,-31,-2,-4,-2,-24
-4,4,19,5,8,-23,0,-13,4,4,3,-26
1,-7,10,-9,-5,-25,-4,-24,-5,-14,-3,-28
-7,6,2,-10,1,-14,0,-9,19,6,-3,4
-4,-3,7,0,3,-6,-1,-6,1,-28,0,-26
7,0,-4,-9,-6,-24,-5,-10,-4,7,-7,-9
7,4,2,-8,-1,-6,-1,-9,4,5,1,-12
-2,-18,-5,-6,-1,-21,9,9,-4,1,-2,-9
-3,-14,0,0,1,-1,-4,-13,-1,-2,-2,12
2,2,15,-17,-5,-6,-5,3,0,-21,-6,9
3,2,-1,-10,2,-1,1,13,-1,-9,-3,-22
12,5,10,6,-6,8,-2,15,10,11,-3,11
-1,-14,-1,-7,8,10,-1,10,-4,7,2,12
15,8,10,16,10,-15,-2,1,-6,0,-6,-13
6,2,8,-14,3,-16,-1,-9,8,3,-1,0
3,-1,8,-14,-4,-14,-4,13,-1,8,-1,-16
7,3,5,-6,-4,8,-4,15,-1,-2,0,11
6,7,1,-6,-5,1,2,9,-7,-3,5,-14
-2,-14,-1,1,4,8,-3,14,2,-11,2,2
-1,-13,-2,-11,15,11,3,22,0,-13,4,17
4,8,-4,23,0,16,5,4,0,-3,-4,-11
10,-1,5,-4,13,15,2,4,2,-9,4,17
-5,-9,5,-4,-7,-3,-2,-4,1,-5,4,10
-3,-9,0,2,-5,20,-4,20,1,-3,4,10
-5,-8,-3,0,-1,2,-1,-6,-1,27,4,8
-3,-5,-3,6,-3,10,1,-5,2,-6,4,5
13,15,-1,23,-7,4,0,4,1,3,-6,23
15,29,-4,-1,-4,8,1,-4,19,26,4,6
15,28,0,-4,0,0,0,31,4,0,4,6
1,12,-5,6,13,31,-2,9,-4,10,4,-1
10,16,1,23,0,6,0,28,1,29,4,-1
4,15,0,15,3,4,6,18,-3,12,-6,6
16,22,0,5,-6,26,-2,34,0,10,2,2
0,-2,5,-19,6,-3,-6,-35,-3,-28,8,-16
5,-1,-5,-19,12,-30,-6,-31,2,-8,-5,-5
-1,2,8,-32,-4,-30,-6,-6,-4,0,-3,-18
-3,-18,-2,-1,16,-8,4,3,5,-30,-6,-20
-4,-3,-3,-24,-2,-2,18,-1,12,-8,-4,-11
-1,0,-1,-13,8,-18,-4,-25,-2,-6,-5,-19
5,5,-4,-18,9,-11,-6,-16,-4,-18,-5,-13
-4,-1,1,-25,6,-2,0,-1,-5,3,-5,-9
2,4,8,-7,10,-24,-1,-17,-1,-11,-4,-12
-5,9,-4,-27,15,3,0,6,2,-2,4,-9
8,2,6,-1,4,-19,-4,-6,1,1,7,10
-2,-5,-5,-16,14,10,-2,-9,-2,8,5,-8
7,4,-4,9,10,-16,11,9,-6,-16,-5,-9
-2,0,9,-6,-5,11,-1,12,20,11,-5,-10
13,2,0,3,4,-16,-4,-19,2,-10,-1,-7
-6,-14,-2,-17,-3,-14,-2,-3,-4,3,4,10
-4,-13,-2,9,-4,-12,0,-19,13,10,10,8
3,-1,-1,1,5,-4,6,14,-1,15,-3,3
0,-9,3,-3,3,-10,-6,0,2,-5,-3,-18
15,10,-1,11,13,17,-6,14,1,-3,3,7
4,13,1,-8,-3,-14,11,18,-1,19,-4,12
0,-10,0,18,13,18,2,-11,-3,14,-1,-4
-5,-9,-4,-3,1,-4,-6,15,10,13,-3,-5
15,12,1,14,12,0,-6,21,-4,-7,-5,9
0,2,2,-11,3,-10,-4,-3,-4,24,4,7
-3,-9,-2,6,3,5,2,-4,-1,13,-3,-4
-5,-4,-1,26,4,18,-4,-3,-1,-1,-3,-6
-1,7,-5,25,5,15,1,13,-4,16,-1,-5
14,15,20,8,0,-1,-4,-3,5,-6,2,24
14,18,2,-3,-6,21,1,5,3,-7,2,11
14,23,1,8,-3,23,1,5,-3,13,-1,-5
9,18,3,12,1,1,2,-2,4,10,4,11
15,31,3,10,20,28,1,17,-3,10,4,11
11,16,3,9,3,4,0,0,2,14,4,10
3,15,0,18,5,27,-6,23,-1,2,-2,14
1,-1,3,12,11,16,-4,30,-1,25,3,19
2,5,20,33,4,15,4,13,0,6,2,15
2,-13,10,-18,21,-7,3,-23,11,-6,9,-5
-2,-2,12,-5,0,-4,1,-16,-2,0,1,-13
1,-8,-3,-33,-2,-6,0,-19,-2,-10,-2,-29
3,-6,8,-3,9,-24,-5,-18,-2,-27,6,1
-5,2,2,-17,15,-2,-3,-14,-5,0,8,1
9,1,-5,-14,-3,-8,1,-15,12,-8,13,0
11,-3,0,-14,-5,-30,12,6,-2,-28,9,-2
0,0,3,-29,9,0,11,-9,5,-17,0,-8
4,6,6,-22,8,-1,0,-18,-3,-2,-2,0
1,-3,1,-27,6,-9,2,-4,-2,-10,5,-16
-2,0,0,-4,-4,-9,4,-12,4,5,5,-16
10,6,10,5,10,1,2,-19,12,4,4,10
0,-15,0,-19,5,-4,-1,12,6,3,5,-15
0,-13,-1,-20,15,13,2,-21,-4,5,-5,11
-1,-11,14,13,4,-18,0,-20,-1,-11,-3,-22
9,8,10,3,4,-1,4,1,7,6,-4,3
14,14,3,-5,9,-14,-4,-11,-1,-2,14,-4
8,7,2,3,10,1,5,5,13,17,3,-6
15,16,-4,-1,2,1,-5,-13,0,-13,-1,12
14,6,-5,10,3,-5,-2,-1,-2,-6,0,10
9,10,0,-15,15,0,-5,19,3,13,-5,14
4,6,-2,-14,10,-10,2,-10,0,-1,4,19
10,10,3,-4,5,10,13,21,7,18,1,-6
8,16,2,5,4,14,-1,2,-4,2,-3,-8
15,16,14,9,12,17,-5,0,-2,-2,-4,22
-4,-3,0,22,-2,12,11,24,5,-3,5,-4
14,23,12,21,4,21,-1,25,-1,-2,-5,7
5,22,10,3,0,0,10,19,-3,-2,-2,17
4,21,-4,6,0,6,-2,-8,2,15,5,-2
11,17,-1,-7,6,19,1,7,-4,23,3,-7
-4,4,1,-3,14,24,2,28,-3,2,0,-1
-1,13,-2,21,4,-2,2,8,6,11,-3,12
5,18,-4,19,-1,25,2,4,2,7,2,25
12,18,13,25,9,0,4,-1,1,27,3,22
-1,1,0,5,-5,30,-2,1,5,5,5,2
1,12,0,34,1,-1,0,4,-1,2,2,25
18,25,-1,19,-1,1,-4,22,5,5,0,10
0,-28,10,0,-2,-29,2,-12,5,-32,4,-2
-1,-8,0,-19,13,-34,-1,1,-2,-33,1,-2
1,-8,9,-10,3,-21,-1,-11,5,-27,5,-1
2,-8,10,-19,1,-32,5,-14,1,-11,2,-27
-1,-19,0,-9,3,-21,5,-7,-2,-17,-1,-8
-2,2,12,-11,14,-21,8,-3,-1,0,-3,-6
-1,-16,4,-16,3,-29,-3,-9,-3,-21,14,-2
-1,1,3,-12,11,-6,-1,-17,-3,-21,2,-6
-2,-15,1,-28,-1,-20,0,-11,-2,-11,6,-25
5,4,6,3,0,5,12,-13,-4,-4,0,-13
5,1,-1,-21,13,4,-4,-2,-4,8,6,-24
-1,-14,-4,1,12,-18,2,7,-2,-4,-3,-7
11,2,0,-22,8,-7,-1,10,-3,7,2,-22
14,-1,-2,-1,18,8,0,-10,0,4,6,-22
9,8,1,-10,12,13,5,11,-2,9,2,-11
5,5,9,4,-1,4,15,15,0,-14,-4,0
-2,-10,0,-13,-4,7,-4,10,9,11,3,2
9,12,4,15,4,7,14,5,11,13,12,15
-1,4,8,13,-4,-14,8,13,-3,8,-4,11
15,10,-1,2,-3,14,2,1,-2,16,9,14
-4,-8,2,14,-2,12,-3,-5,5,9,2,-9
15,13,-1,12,4,20,-1,20,-2,15,0,3
5,8,-3,18,-3,0,-4,-11,0,-2,-3,13
-1,8,5,-7,-3,15,-2,-9,12,6,6,-13
5,16,5,13,0,1,22,21,-1,6,15,23
2,12,1,-1,-4,9,3,17,6,-8,2,-2
1,12,7,18,13,13,1,6,-2,-9,14,23
0,24,-3,2,9,23,5,22,6,9,-2,1
-2,-5,12,25,8,18,-1,0,3,16,5,6
0,19,-3,0,-3,3,2,5,10,22,-4,25
-2,5,9,28,8,6,4,6,1,-4,3,9
1,1,3,28,1,-2,4,6,5,3,-3,23
16,31,16,17,-4,2,1,-4,8,29,2,21
16,19,7,23,10,24,4,-3,4,8,-2,29
7,17,1,4,0,8,5,7,4,6,3,-1
19,29,1,13,15,-1,-4,35,5,8,3,2
20,27,-1,30,8,11,5,13,1,19,3,8
15,-13,13,-10,5,-6,7,-30,8,0,-3,-29
2,-11,1,-7,16,-32,4,-2,16,-1,3,-22
-2,-30,8,-20,3,-3,0,-1,9,-17,6,-22
0,-21,0,-30,2,-29,-2,-10,23,-10,4,-26
1,2,-1,-9,13,-13,10,4,6,-5,0,-26
0,3,9,-14,1,-3,14,-11,1,-2,-1,-19
-2,2,11,-3,9,4,8,-5,7,5,0,1
12,-2,-3,-24,3,-4,0,-9,-3,7,4,-24
2,-5,-1,-22,15,7,5,-8,0,5,-1,5
1,-3,0,-16,-3,-19,-1,8,-1,-24,3,1
8,5,-1,4,1,-2,-1,6,13,-3,14,-6
-3,-15,-1,3,2,-6,-1,-25,14,-3,-1,-6
2,1,15,12,2,-14,13,-1,5,-14,14,-3
5,7,2,1,15,8,-2,-7,9,-3,-1,-3
9,11,16,10,16,10,15,14,7,3,12,2
-3,-10,2,13,13,1,-3,12,-3,-5,-2,10
3,10,-2,-5,5,1,13,-1,15,6,12,7
-1,5,-3,-1,0,1,15,13,7,17,-1,-12
-2,1,5,-13,0,0,6,-12,15,14,15,4
-1,6,-2,11,-1,-14,-2,12,10,6,8,19
4,13,6,19,0,-1,9,-2,8,8,9,9
-2,-3,7,1,-2,1,7,11,5,-12,4,9
13,17,15,13,7,5,6,3,3,-13,16,22
-1,18,3,-6,4,20,14,11,-1,-8,15,19
1,-3,0,-6,-3,11,-1,2,12,23,-1,1
12,14,7,10,9,-1,0,10,9,20,1,-1
0,-3,-2,26,14,22,5,13,-2,14,6,0
-3,-4,5,-3,10,20,-3,12,-3,16,1,0
4,13,0,6,10,6,-3,5,-2,10,-1,15
0,16,-1,10,11,23,1,0,2,11,-3,4
-2,3,12,4,6,19,-1,27,12,19,6,3
2,-1,0,11,0,31,5,27,0,15,6,3
8,26,1,14,13,16,-1,23,6,20,-1,7
8,26,-1,7,0,29,5,24,5,15,-2,18
15,7,2,27,-1,4,5,13,6,8,3,-2
19,13,3,0,10,11,-3,16,7,19,6,6
20,8,19,17,12,24,1,5,6,23,6,3
0,-22,-2,-30,-1,-6,3,-12,4,-13,3,-12
3,0,1,-10,-2,-4,6,1,3,-15,3,-6
2,-5,-2,-5,14,2,15,-11,1,-9,16,-7
0,-1,5,2,1,-7,6,-5,2,-16,12,-8
14,-6,4,-4,-2,-13,0,-19,-1,-15,7,-31
-2,-25,4,-25,1,-17,0,3,7,2,10,-8
1,-14,19,-21,1,-9,11,3,-2,-23,-2,-18
1,7,1,5,-2,-20,-1,-3,12,7,1,3
2,0,9,-13,6,0,-1,-18,1,-27,5,-18
-1,8,13,1,0,-8,4,-4,2,-6,2,-12
9,7,11,-12,5,3,4,9,0,-15,0,3
3,8,-1,-7,14,9,-1,8,4,-4,5,-8
0,-3,-1,-20,8,1,3,-16,4,-19,12,2
-1,2,3,2,15,-16,15,8,1,-23,5,-12
0,-6,14,3,8,13,2,2,4,-3,-1,-12
-2,7,0,15,0,15,7,14,13,9,11,-2
-1,-2,9,-4,10,-4,6,5,6,3,0,-19
-1,4,6,-16,12,-18,0,3,7,3,-1,-11
-1,-1,10,16,17,-10,2,2,2,1,7,-18
-2,-1,4,0,1,16,3,-10,0,10,-1,-1
-2,-13,-1,6,5,9,1,-1,-2,-11,3,6
5,11,14,15,16,7,0,15,-1,19,9,20
1,5,-2,-3,18,8,-2,2,12,21,2,17
6,9,0,8,2,23,2,14,-1,-11,0,22
13,18,12,10,8,22,2,20,1,0,-2,11
3,10,11,12,19,3,0,5,-1,-5,2,23
3,5,5,13,18,-7,9,-8,-1,-5,4,-5
19,22,1,14,2,-5,2,20,2,14,0,-1
5,12,2,12,3,21,8,1,1,-1,3,-1
10,18,7,-4,-1,17,1,3,1,-2,1,7
19,26,0,-1,6,12,-2,3,-1,-5,-1,8
2,-1,-2,23,4,13,5,26,2,11,-2,21
1,-3,6,18,13,23,3,29,12,30,-1,5
22,26,4,23,12,4,2,1,2,-3,6,16
7,9,0,6,4,14,4,8,1,2,2,6
24,34,6,10,13,15,12,24,1,29,0,8
22,19,0,7,19,7,0,15,11,0,5,25
6,-4,0,-36,15,-4,0,-2,16,-11,17,-10
0,-15,4,-20,-1,-11,0,-20,3,-5,13,-11
6,1,12,2,2,-15,7,-13,0,-21,0,-33
5,-5,-1,-29,1,-11,3,-19,10,-1,7,-32
-1,-2,21,-9,18,4,3,-9,-1,-3,7,-30
1,-14,11,-27,1,-16,0,-25,15,4,4,1
-1,-1,-1,-6,10,3,4,1,0,-18,5,-15
17,-3,1,5,7,-4,1,-21,3,-19,3,-22
5,8,17,7,1,-7,0,-3,18,4,1,6
0,-11,9,-8,17,5,3,3,9,0,2,2
0,-5,8,4,16,-7,6,-7,4,3,11,4
0,3,9,-23,1,9,2,3,1,-12,2,9
-1,-9,-1,-22,-1,-12,1,-1,9,7,1,0
12,12,16,-11,2,-1,13,10,-1,-2,4,2
0,5,5,-4,5,8,4,-3,3,-8,0,11
-1,6,1,-5,9,9,9,2,1,-2,2,12
-1,-7,10,3,-1,15,3,-14,4,-5,12,-2
12,14,3,-14,24,15,4,7,3,-18,5,5
-1,4,10,16,1,-18,7,4,0,5,3,6
6,17,6,3,7,16,10,18,-1,11,12,7
0,8,0,-11,1,2,22,9,10,2,16,12
1,3,4,-11,11,21,20,9,2,-12,1,-9
0,15,0,-6,3,20,4,7,12,21,14,20
0,18,16,10,0,-1,14,23,-1,7,5,14
3,-5,16,13,-1,13,8,22,17,10,5,-9
8,13,12,-7,12,23,11,0,6,21,7,13
9,17,3,23,4,24,0,25,4,26,6,3
11,18,4,22,5,3,7,8,-1,10,7,20
9,13,1,16,1,18,25,27,6,26,7,12
5,-6,3,17,3,-7,16,0,-1,20,7,3
5,4,6,30,14,27,4,-3,3,-1,6,0
19,14,10,24,3,7,10,29,3,-1,7,4
20,12,6,-3,3,2,16,21,4,-4,7,4
21,9,1,28,11,19,5,4,5,5,6,31
17,2,3,28,12,4,9,8,7,-1,1,24
10,13,2,11,13,13,3,11,7,3,7,5
15,3,2,29,15,13,5,11,8,21,7,5
1,-10,1,-1,2,-11,2,-12,16,-3,3,-28
13,-1,16,-7,2,-4,1,-30,16,-15,5,-12
0,-14,2,-19,8,-3,6,-5,10,-8,8,-31
0,-16,5,-22,1,-31,17,-7,5,-8,10,-5
10,4,13,-29,16,1,4,-23,14,-1,14,-18
17,-8,8,-23,1,5,4,-21,4,-16,0,-11
17,3,4,-19,7,-3,4,4,8,4,8,-19
16,3,4,-15,1,-16,2,-27,8,6,1,-10
0,-4,1,-22,8,-4,5,-10,5,-22,15,-2
17,3,1,-6,1,-8,6,4,6,-23,8,-20
0,-1,11,7,11,-9,6,-13,6,-14,16,10
0,-6,11,-5,6,8,5,-8,10,-6,0,-17
0,-22,0,-10,12,11,17,6,3,-3,3,-13
9,13,8,-2,18,-15,16,1,2,9,3,-11
0,-4,9,-2,12,6,0,-2,0,9,0,-6
18,14,8,10,9,2,0,6,0,-11,0,-2
18,16,8,-7,0,10,5,8,6,-5,3,-7
12,17,3,-19,8,13,0,0,0,11,8,-7
0,-17,24,13,4,-3,3,14,9,-3,0,13
11,19,1,2,1,-6,1,-5,0,1,8,4
1,-2,3,6,23,11,4,17,12,-3,0,12
0,-1,0,6,5,-3,12,10,1,6,0,-12
0,-10,3,3,2,6,11,18,1,6,9,-1
7,23,1,0,9,15,8,6,9,13,0,1
7,13,1,14,5,1,3,1,1,21,0,24
9,19,9,25,11,23,18,14,18,16,9,7
4,11,12,13,9,20,19,22,4,-1,1,1
8,10,3,24,1,-1,12,12,6,27,0,-9
21,20,3,-1,2,3,7,21,0,9,6,25
10,13,0,6,1,-2,6,18,9,7,7,-7
22,14,0,27,20,17,7,-3,9,5,8,-2
11,16,12,0,7,30,1,13,8,17,7,26
4,2,0,-1,18,24,18,22,1,-1,2,11
9,12,18,26,18,31,18,19,0,0,3,-1
15,20,18,21,5,9,17,26,0,-1,15,27
8,7,3,14,0,25,0,21,0,23,19,30
17,0,7,21,16,11,7,4,1,10,0,35
