-9,-24,-21,-14,-13,-21,-6,-20,-12,-15,-1,0
-3,-32,-23,-28,-4,-10,0,-20,0,-9,-14,-20
-12,-21,0,-29,0,-3,-1,-2,-22,-9,0,-8
-4,-29,-1,-27,-5,-33,-13,-8,0,-33,0,-9
-3,-27,0,1,-8,-31,0,2,-24,3,0,3
-1,-28,0,-1,-5,3,-1,0,0,1,0,-9
-9,-19,-2,-6,0,-4,0,0,0,-5,0,3
-13,-9,-2,-10,-24,-17,-1,-2,0,1,0,-17
-11,-15,0,-1,-24,7,0,1,0,-5,0,2
-10,-18,0,-1,-4,8,0,-1,0,8,0,2
-3,-24,-2,-9,-2,0,0,2,0,-14,0,-17
-7,-20,-24,1,-1,2,-2,3,0,-4,0,3
-6,-21,0,-24,-1,11,0,1,0,4,0,-17
0,-23,-2,3,0,6,0,-7,0,-1,0,2
-8,-16,0,-11,-1,11,-2,-1,0,-5,0,-17
-6,-21,-2,-11,0,2,0,2,0,-15,0,-7
0,-19,-2,-12,-20,16,0,-2,0,-10,0,-20
-1,-19,-3,5,-13,3,0,5,0,-1,0,-6
-2,-18,-2,-4,-4,13,-26,4,-1,1,-1,15
-12,2,-1,9,-3,3,0,10,0,-3,-1,8
-5,-14,-19,3,-7,-13,0,17,0,-7,-1,6
-6,-11,0,1,-11,-2,-2,4,0,-7,-1,2
-7,-11,-3,-1,-3,-14,0,-14,-1,14,0,-3
-7,-9,-2,-12,-8,4,-1,20,0,20,0,-3
-3,-12,-1,1,-22,18,0,8,0,1,0,-4
-5,-10,-1,-3,-20,20,-3,25,0,0,0,-5
-1,-9,-3,0,-8,5,0,9,0,-7,-1,6
-5,-9,-2,21,0,7,0,-2,0,-2,-1,4
-8,-3,-21,25,0,-3,-1,27,0,-3,0,-6
-3,-6,-3,1,-17,25,-3,22,-1,18,-1,5
-4,-5,0,4,-1,24,-3,19,-1,7,0,-5
-6,-4,-2,18,0,-1,-1,23,0,-1,-1,6
-2,-3,0,5,-26,6,-3,1,0,-3,-1,6
-7,-2,0,5,-11,12,-4,30,-1,26,0,24
-4,-2,-3,30,0,31,-1,24,-1,10,-1,6
-12,20,-21,19,-16,18,0,16,-1,15,-1,6
-12,20,-17,33,-25,16,-4,27,-9,16,0,21
1,-2,-20,-13,0,0,0,0,1,-34,0,-2
-2,-22,-3,-1,-4,-4,1,-21,0,0,0,-3
-5,-20,-25,-10,-9,1,1,-3,0,-20,0,-4
-4,-19,-3,-23,1,-15,1,-11,-18,3,0,-30
-4,-17,1,3,1,-5,-1,-9,-12,-11,-1,4
-5,-23,1,-25,0,-7,0,-1,0,-30,1,-16
-12,-9,1,-6,-4,-5,0,-12,0,-30,-1,3
1,-4,-2,1,0,-23,-1,-7,0,5,1,-26
-1,-19,1,-27,-8,8,1,-15,1,3,0,0
1,6,1,-13,0,5,-1,-7,0,6,0,0
-2,-15,-21,-5,-2,6,-2,1,-1,9,1,-3
0,-20,-2,-5,-1,-7,0,-8,-1,8,0,1
0,-20,1,-3,-8,-7,-3,2,-1,8,0,0
-8,-8,-2,-23,-9,9,-2,3,0,9,-1,9
1,-17,-2,-3,0,-14,-2,1,-1,-5,0,1
0,-8,1,-9,1,-14,-5,-2,0,-12,0,14
-4,-16,1,-3,-22,15,-11,0,-1,11,-1,11
-5,-14,-3,11,0,-18,-6,9,0,8,0,0
-4,-15,1,-15,-10,-11,-8,12,-1,-3,0,3
0,-15,-3,2,-2,14,-10,8,-14,5,-25,9
1,-13,-15,0,-1,1,0,-7,-1,10,1,3
-2,-11,-3,3,-1,16,0,-1,0,15,1,1
-9,-3,-2,-10,-24,-2,1,-2,0,4,-1,15
-7,-13,0,20,-25,5,1,-2,0,-2,0,2
-10,-5,-4,21,-1,1,-1,19,-1,13,0,-6
-7,-3,-21,5,-3,4,-1,-4,0,-1,0,-6
-8,-1,0,18,1,4,0,3,0,-3,0,10
-9,3,1,-2,0,20,1,1,-1,10,1,-5
-9,5,0,17,-1,8,0,-1,0,0,0,-6
-6,-1,-4,16,-1,3,1,2,0,-1,-1,21
-7,1,0,26,-2,21,0,0,-1,0,0,8
-12,14,-25,-4,-1,24,1,3,0,-2,-1,20
-7,5,-4,17,-1,21,1,2,0,-2,0,-3
-9,7,0,17,-1,12,1,2,-1,15,-1,21
-6,-2,0,16,0,8,-2,30,-1,32,-1,21
-3,1,-2,21,-1,10,0,3,-1,15,-1,21
-10,20,0,27,-3,13,0,2,-1,10,-1,21
-10,-18,-4,-21,-2,-6,1,-31,-14,-10,0,-1
-12,-21,-4,-24,-2,-2,0,1,-1,-7,0,-8
0,-18,-3,-23,0,-25,0,-9,0,-4,1,-3
1,-10,-4,-30,-10,-20,-14,-8,0,-6,1,-24
1,-14,-4,-23,2,-21,1,-32,0,-24,0,-21
1,-14,1,-1,-18,-22,-3,3,0,-8,0,-5
1,-4,-2,-3,-20,-6,-3,-4,0,-8,0,-10
1,-5,1,0,-11,-13,0,-3,0,-25,0,-11
1,-7,-10,-4,-2,-9,0,7,1,-8,0,2
-12,-11,-5,-24,1,-4,0,7,0,2,0,-18
-8,-18,-6,3,-1,-8,0,-8,-15,-11,1,3
0,7,-2,-3,-5,-8,-1,8,0,3,0,-8
0,10,-1,-22,1,-8,0,-16,0,-11,0,-5
-12,-3,-2,-12,0,10,-5,12,0,-3,0,-18
-11,-7,1,-17,-10,-6,-14,12,0,-11,0,-7
-10,-5,-14,6,-22,-21,0,-15,-12,-20,0,-7
-7,-3,1,-3,-7,-17,-7,14,1,6,-11,5
1,1,-9,5,-11,11,0,-5,0,-7,0,-17
-5,-3,-3,-11,-13,0,0,-15,-19,12,-12,14
-4,-6,1,7,2,-7,0,-15,-10,3,-14,10
-8,4,-2,1,-2,-4,0,-3,-1,2,0,-15
2,-5,1,-3,1,-6,-1,0,1,-11,0,-5
-10,0,0,4,-3,8,0,-4,-1,22,-1,21
0,-10,1,-9,-1,11,-3,-2,-1,20,0,-6
-9,3,0,0,-2,-2,2,-8,-1,20,-1,24
2,3,-11,15,1,-4,0,-2,-1,20,-1,23
-2,-5,-14,14,0,-4,0,-9,-1,24,-1,16
-5,4,-2,0,-1,13,-1,21,-1,12,-1,23
-6,5,1,15,-3,25,2,-5,0,1,-1,23
2,-1,1,12,-3,2,-4,7,-1,7,-1,18
2,1,-4,-6,-2,14,-1,15,-1,24,-1,18
2,-1,1,4,-5,11,-1,13,-1,24,-1,16
-9,13,-2,4,2,5,2,-2,-1,23,-1,16
-7,10,-5,1,2,5,0,1,-1,-1,-1,10
-7,6,-5,-1,-2,-1,2,-1,-1,23,-1,9
-8,6,1,-1,2,5,1,33,-2,33,-1,29
-4,2,1,10,-6,0,-1,35,0,7,-1,29
-10,-19,-1,-32,3,-12,0,-5,1,-34,0,-27
1,-4,1,-4,1,-11,0,-29,1,-34,0,-27
1,-13,-11,-7,2,0,2,-5,2,-11,0,-30
1,-4,1,-22,2,-8,-1,-11,-1,-6,2,-15
-4,-16,-17,-9,-20,-3,2,-7,0,-9,2,-32
-6,-13,1,4,-9,-11,0,-17,0,-20,0,-3
-6,-9,1,4,2,1,0,-22,-1,-9,0,-27
1,-2,1,-23,2,-7,-1,7,0,-21,0,-27
-12,-12,-17,-20,-11,-20,0,-27,0,-11,0,-1
0,-9,-16,3,2,1,2,-3,1,-27,1,7
-10,3,-17,-10,-18,-5,-1,5,0,-2,1,-13
1,-1,2,-23,-14,5,2,-13,0,-5,1,-13
-14,-3,-1,-23,-10,3,2,-13,-1,-11,0,-5
-8,0,-4,-7,-6,-17,0,1,1,1,0,-5
0,8,1,-2,3,-3,-1,-15,0,-16,1,-19
-11,-3,-5,-6,-10,4,-8,3,-1,-13,0,-14
-9,8,-21,5,-10,-1,-1,-2,-22,10,0,-15
0,16,2,2,-9,0,-17,-2,-19,16,-23,8
-11,-7,-17,15,-4,-3,-22,-3,-1,-12,-4,7
3,19,1,-15,3,-14,-3,-6,-1,-16,0,-16
-8,-4,2,-2,3,18,2,-6,0,-3,-1,20
1,-3,0,12,-11,16,-1,-4,-1,20,1,-15
2,-6,-2,18,-1,-7,2,-6,0,-2,0,-14
2,23,1,20,-17,11,3,8,-2,10,-4,3
-6,2,-2,-9,-16,9,2,4,0,-3,-1,23
2,0,-19,14,3,-11,2,-8,-2,-2,0,22
3,14,-5,9,3,3,-1,10,0,-3,-1,20
3,8,0,17,-10,-9,-7,8,0,-5,-1,22
0,1,0,10,-4,6,-1,4,-2,-7,-1,16
3,24,-23,-5,3,-5,0,4,-1,19,-1,22
-1,4,3,28,-23,19,-1,4,1,30,-1,22
3,22,-2,24,-4,23,0,5,0,-4,-1,17
3,18,2,-1,-21,4,-9,26,-1,5,-7,26
-2,3,-6,10,1,-3,0,1,-1,4,-1,24
-8,12,-2,23,0,11,2,-1,-3,15,-1,21
-4,1,-5,6,0,6,1,32,0,-1,-1,19
-5,1,-2,24,-8,30,1,32,-3,7,0,22
-4,-18,1,-22,0,0,0,-31,2,-15,0,-17
1,-3,4,-12,2,-3,-1,-16,0,1,0,-14
1,-11,-9,-10,-7,-30,2,-29,1,-31,1,-20
1,-8,2,-29,-8,-11,-1,-19,-2,-29,2,-25
0,-15,-6,-5,0,-11,0,-29,2,-18,0,-14
-7,-7,0,1,-10,-3,0,-29,2,-26,0,-18
0,-8,-1,-10,-13,-3,2,0,0,-1,0,-16
0,7,2,-29,-19,-11,-1,2,0,-1,1,-19
1,-2,-1,-9,-21,2,1,6,-2,-26,0,-21
-1,-10,4,-9,-9,-1,-1,-23,0,-5,0,-25
-8,3,0,5,0,-2,-7,-7,0,-6,0,-14
1,-3,2,4,0,3,-10,-1,0,-6,0,-16
-13,-2,2,3,-1,11,-11,-3,0,8,0,-16
0,-2,2,2,1,-8,-1,-2,-1,11,0,-17
0,12,-5,-6,4,8,1,-19,-3,-8,2,-18
0,9,0,8,1,5,-1,-1,-1,3,-1,15
0,7,1,-15,-11,1,-1,-2,0,11,0,13
1,14,2,2,0,-2,2,10,-3,-10,0,-18
-1,-2,-1,-4,-10,-3,1,-16,2,-15,-1,12
-6,4,1,-14,-1,19,0,18,-1,2,0,-17
-3,-2,-6,0,-7,0,2,-4,-1,1,1,7
-3,-3,1,-14,3,-12,0,9,-1,-5,-1,19
4,-5,1,19,1,-10,0,9,0,16,-1,12
2,-9,2,0,-6,21,-3,-1,0,12,0,12
4,-4,-20,-2,3,5,-3,-3,1,23,1,3
1,3,-21,-11,-1,-4,-1,5,1,11,1,1
0,-1,2,-3,1,-1,-5,9,-1,-2,-1,25
-2,1,4,4,-7,5,2,2,-4,26,-1,14
2,28,2,28,-19,26,2,-8,-3,-5,-8,19
-9,15,-11,8,-6,-1,-1,1,0,17,-1,24
-8,18,-4,-1,1,-5,-5,11,-17,0,-1,14
-10,10,0,23,-6,11,-5,5,-1,27,-1,20
-6,13,-6,13,3,9,0,2,-11,19,0,7
3,11,-18,24,-1,-2,1,19,-4,10,-1,14
-5,8,-2,11,-1,9,-1,-2,-1,3,0,32
-7,10,-5,16,3,14,-2,9,0,22,-1,23
-5,7,-1,5,-6,12,-2,8,-1,4,-1,19
-10,-18,-16,-7,1,-14,2,-17,1,-21,0,-14
0,-16,3,-3,1,-8,-1,-34,1,-23,0,-19
-9,-5,-10,-15,-14,-9,-2,-26,1,-23,0,-13
0,-10,-1,-31,0,-3,2,-13,-3,-22,0,-20
-6,-6,-18,-1,-17,-22,-4,-25,-10,-14,0,-31
-6,-2,3,-3,0,-14,2,-14,1,-21,0,-17
-10,-10,1,3,4,-16,-2,-24,2,-11,0,-19
0,2,-2,4,-7,-8,-15,-23,-4,-26,0,-20
0,7,1,-2,4,-2,0,8,-5,2,1,4
0,-6,2,4,-20,-12,4,-4,-1,-12,-1,-15
-7,4,2,3,3,9,0,-9,1,-21,0,-20
-9,0,-2,-14,3,11,-5,-4,0,2,-1,-21
1,9,2,4,-8,-6,0,-9,0,-6,-1,-24
0,-3,3,-14,0,-17,3,4,-5,-16,1,3
-4,1,2,3,4,-17,0,-12,-1,-16,-2,14
-5,2,1,-19,-5,-3,-2,-19,1,-17,-2,-7
0,-2,1,5,0,-5,-3,-4,-8,8,-9,-13
1,-1,-21,8,-5,8,-3,-7,1,-16,-2,-8
2,2,-6,2,-4,-9,-3,-10,-10,2,-1,4
2,19,-11,1,2,-14,-5,1,0,-3,-7,-10
1,-1,-15,9,1,0,2,-9,-6,-1,-2,-6
2,-3,0,7,0,-1,2,1,1,-13,-2,-11
5,-2,2,9,1,-10,2,-1,-6,0,0,-9
4,-3,1,11,1,-8,2,-1,1,-13,1,-9
-2,-2,-16,13,-3,6,-3,-11,0,24,0,15
5,17,-14,18,3,3,-4,21,-7,17,0,1
3,9,-20,1,-8,19,-3,9,-11,-4,-9,6
4,18,1,12,-7,5,-5,6,-3,15,0,-7
-7,17,2,-1,-1,1,0,-5,0,5,-5,12
3,11,2,5,0,9,-5,2,-2,-5,0,-4
0,3,0,3,-1,-1,-6,26,2,10,-2,17
-1,10,0,-1,4,15,-7,27,-1,27,-11,31
2,2,-11,15,-4,18,3,13,2,1,-2,-2
5,10,1,17,0,10,2,6,-7,22,-3,12
-2,5,0,24,5,33,2,-2,-8,25,-3,7
1,18,-12,0,-11,14,-4,4,-10,8,-19,13
0,13,-21,9,-21,16,-6,2,-9,4,-2,21
-6,-5,3,-15,0,-7,-8,-36,-18,-15,-19,-17
-9,-8,0,-28,-10,-17,-5,-18,-3,-2,-5,-5
-4,-5,2,2,2,-5,-2,-19,-2,-25,-2,-33
-2,-8,3,-22,-8,-17,2,-1,1,2,1,-33
-2,-13,5,-21,-8,-28,2,-4,1,1,0,-16
-3,-6,2,4,-8,-18,0,-16,1,0,0,-16
-4,-5,-3,-21,4,-2,-3,-7,1,-5,0,-21
-7,1,2,-16,3,-13,-3,-7,0,6,-3,0
-4,0,2,-23,3,-3,0,-15,1,-22,-3,-13
-8,-3,1,-9,-1,-25,2,-2,0,-17,0,-21
-3,-2,2,-14,-7,-13,0,-14,1,-4,0,-21
1,3,2,-19,-8,-11,2,-4,0,-17,-3,-12
-4,0,2,-24,-8,-6,-5,4,1,-3,0,-22
-9,1,-12,-20,4,4,-8,-10,1,-3,0,-22
-13,-7,3,-5,-18,-21,-14,-18,1,-10,-3,-10
-2,-19,1,13,3,8,-7,1,1,-14,-1,-13
0,-2,-20,-9,1,3,2,10,1,-18,-10,-3
-5,6,-6,11,5,-19,-2,-9,-1,15,-11,11
3,1,-7,-3,-1,-8,-2,-9,-2,-18,-1,-11
-7,8,0,-1,1,-5,2,2,1,-17,-10,5
5,-1,2,-9,1,-14,2,0,2,2,-3,-6
-7,-1,-1,-10,-9,9,0,-6,0,-2,-1,-9
6,18,-3,-6,0,0,-2,-7,-3,9,-1,-9
-5,8,-2,-2,2,-4,-2,-13,-1,2,-1,-10
6,11,1,19,2,-10,2,3,-3,-3,0,14
3,-3,-14,-5,-1,-5,2,3,-19,15,0,2
-6,16,0,19,-4,13,-3,-1,1,16,-11,22
4,24,-14,18,0,4,-5,14,-2,24,2,1
-5,14,-1,19,-3,13,-3,0,0,-3,-3,1
6,23,1,-1,1,-4,-4,7,-4,4,2,-2
-3,10,-2,-5,-1,-1,4,9,-5,13,0,5
3,5,0,20,-2,9,-6,10,6,24,0,2
2,3,-1,9,-1,-4,-8,17,-5,9,2,-1
-2,9,-5,14,2,8,0,4,-19,25,1,7
-4,12,1,11,-3,28,2,11,0,1,-3,5
-14,12,-6,11,-17,31,-11,2,-4,1,-2,28
-8,31,-1,36,0,24,-8,4,-11,8,-16,34
-9,-24,2,-35,-7,-36,-10,-8,-8,0,-14,-30
-10,-23,-7,-4,-17,-31,-9,-32,-6,-28,-5,-5
-8,-24,-8,-1,-4,-28,-9,-32,-6,-11,-11,-1
1,3,2,3,-12,-23,-9,-32,7,3,-5,0
-10,0,-5,-26,-12,-28,-9,-21,-17,-22,-10,-18
-16,-26,-2,-8,-10,-15,-10,-14,-7,-22,-1,-12
-17,-12,-2,3,1,-4,-9,-21,-14,-3,-17,-28
-11,-13,-2,-8,-5,-23,-8,-15,-9,5,0,1
-17,-22,-7,-20,-12,-27,1,8,-16,-1,-4,7
-10,-22,-12,5,-9,-13,-13,-26,-14,9,-10,-4
-6,-17,-17,-12,-9,-16,-3,-20,-12,6,-14,-17
-14,10,-5,9,-5,-18,-5,-18,-15,5,-17,-21
1,-1,1,-2,-8,-12,-14,11,1,2,-8,10
-11,-20,-18,-15,-10,-21,-10,-3,-17,4,-6,-23
-11,-18,-7,12,-9,-20,-9,-8,-9,10,-8,4
-15,7,-7,-1,-3,-19,-14,-21,-17,4,-2,-1
-5,-8,-19,14,-17,-2,-17,-13,-2,-15,-15,-8
3,9,-17,-11,-8,-19,-5,-5,-9,4,-15,-9
-6,6,-2,18,6,-16,-2,0,-15,8,-3,-6
-8,-2,-10,11,4,-9,4,11,-5,-3,-3,-6
-4,2,-9,-11,0,-15,1,-12,-6,-4,-3,-6
3,-7,2,-13,2,-10,1,-12,1,-15,2,-8
5,-9,2,21,1,-6,3,-5,-7,8,-3,-5
3,0,-5,7,2,-9,0,-6,-7,1,-5,22
5,-1,-5,1,-2,17,3,-8,2,-9,-11,15
1,-4,7,20,7,-10,-2,-8,-7,5,0,20
-1,6,-15,8,-3,19,3,-9,-7,5,2,-6
1,0,-6,3,-2,9,-1,5,-6,16,-11,13
2,0,-1,5,0,19,-1,-2,0,28,1,23
-1,8,2,21,1,-4,-2,21,-8,9,-5,19
7,20,0,25,-1,7,3,-6,-17,7,-14,23
7,10,1,14,-6,-1,-6,11,-17,3,1,9
-4,12,0,3,1,0,2,31,4,22,-16,10
-6,9,3,11,-1,4,-6,16,0,13,7,29
-7,1,-12,2,1,31,-8,7,-12,0,-9,4
-11,34,-12,17,0,17,-17,35,-2,0,-19,6
-16,18,-17,5,-16,17,-17,28,-13,0,-4,10
-7,-36,-5,-13,4,-4,-8,-20,-5,-7,-10,0
-3,0,5,-29,-15,-32,-7,1,2,-11,-4,-7
-16,2,-8,-22,-13,-25,-12,-13,-14,-20,-16,-27
-13,-23,-2,-30,-7,-2,-15,-19,-3,0,-5,-24
1,2,-2,-7,-18,-31,0,-28,-18,-9,8,-14
-14,4,0,-21,1,0,-9,5,-16,-9,-14,-18
2,-2,2,-26,-17,-27,-14,-27,-13,-16,8,-13
-15,-16,-17,-10,-4,3,-3,-22,-9,-8,2,-26
2,2,-1,2,-6,-25,1,2,-17,-15,-7,-4
2,4,-13,1,-5,-19,-13,5,-10,-4,-10,-3
-8,-17,-3,9,-9,-8,-13,10,-13,8,-8,6
-6,-17,-5,-9,6,9,-18,-23,7,-8,-11,-3
-18,8,-4,-8,6,-20,-9,6,-9,4,-9,-21
-16,-10,-6,-7,-9,8,-2,11,-4,8,-15,-8
-10,-15,8,7,5,11,4,12,-12,7,-1,1
-15,-13,-16,3,-10,4,-14,-5,0,4,-16,13
-7,-8,-14,12,-18,9,-17,-13,-7,-12,1,2
-11,3,-4,14,-17,-12,1,6,-13,-15,-3,3
-8,1,-14,6,-18,-9,-6,18,-8,-15,-6,4
5,11,-11,-14,-6,19,-6,14,-5,18,-18,-17
7,13,0,-2,-17,1,-2,7,-7,-1,-2,2
7,17,-5,-1,-5,-3,3,18,-16,-1,0,-1
6,1,3,-14,6,16,-1,0,5,-4,0,-2
8,7,1,-4,-4,2,-5,15,1,0,7,-9
1,-4,1,-4,2,-1,-1,0,8,15,-4,2
6,-1,2,-10,-1,-1,-6,11,-8,18,6,-5
7,-4,-10,12,-3,7,4,19,1,0,-5,18
3,2,7,26,6,-6,-11,10,-13,19,-5,13
8,21,-15,3,3,10,-5,16,-16,24,1,20
-6,12,-2,28,3,13,-10,13,1,1,0,4
8,15,-6,9,-3,5,-13,25,-18,16,-5,9
7,7,1,5,3,5,3,18,7,10,-4,14
6,10,0,5,5,10,3,18,1,1,1,23
-5,20,-6,9,-2,2,-12,16,0,1,-17,8
-6,24,-8,11,-9,22,-6,10,-11,-2,2,22
0,31,-18,4,-14,24,4,7,-1,-1,-13,10
-15,36,3,16,-7,19,-9,5,-15,15,-6,1
-17,-34,-1,-2,9,0,-2,-36,3,-20,2,-23
-11,-28,3,-21,-17,-31,-12,-9,-1,-29,1,-8
-10,-28,-17,-24,-12,-15,-2,-33,-16,-18,2,-33
-3,2,-10,2,-16,-9,-14,-17,-11,-3,-14,-7
-6,-25,2,-7,-8,-11,-3,-15,-17,-5,2,-32
-4,-30,-11,5,-11,-18,2,-5,9,-15,-3,-30
2,-3,-9,-12,-11,-14,-10,5,3,4,1,5
-16,-6,-9,-19,-10,-11,-7,-21,-14,-27,-15,-10
-8,-20,0,6,2,-7,1,-7,-15,-2,1,-18
-10,-26,9,9,-9,-12,-10,-13,-13,-15,-5,3
-6,-13,2,-20,-7,-18,-10,-24,2,0,3,-6
-16,0,-10,-3,-6,-16,-9,-21,-13,-10,-9,-16
-8,6,1,-16,-13,-20,-7,-9,-6,10,3,8
-17,-17,-9,-18,-6,-13,-14,-16,8,-18,-4,1
-9,6,-12,-12,-8,-17,-10,-17,-12,0,-15,4
-14,7,-12,9,1,9,-10,-3,-14,-20,-2,8
-14,4,-9,-20,-7,-13,-6,12,-10,13,-9,5
-5,8,-14,15,-2,0,-16,-16,-5,2,-2,-19
5,2,1,5,-5,-7,-5,17,-9,-18,-5,5
-2,11,-7,13,-8,19,-6,-10,1,13,-16,14
-3,1,2,-14,-15,-6,-12,-12,-15,3,0,-2
3,1,3,9,-7,2,-12,-6,-12,1,6,1
-5,-1,6,21,0,-6,-1,-7,6,1,-1,-1
8,3,6,21,-17,-11,0,-7,2,8,1,-6
9,6,3,-4,1,-2,-13,-3,-16,-12,-2,8
4,1,0,24,0,12,-1,25,-10,20,0,5
3,3,6,-1,7,-9,4,3,-5,8,1,-4
1,5,4,1,6,19,-1,23,2,-5,-17,6
2,3,-1,4,6,2,3,10,-3,5,6,-2
5,5,8,24,7,1,-13,16,-4,8,-11,9
3,6,-1,30,-1,24,2,4,-12,9,3,13
1,5,-5,9,2,30,-1,8,-17,5,1,0
3,2,-1,25,2,8,-2,12,9,15,-1,29
-10,14,0,1,-15,13,-1,2,2,19,-9,9
3,25,-9,12,0,-1,-6,11,-6,9,5,14
2,25,-16,5,-13,0,-16,19,-7,9,-6,12
-17,36,-13,10,-15,21,-15,33,-11,15,-8,20
-10,-33,5,-9,2,-20,1,-15,-3,0,3,-4
-2,-34,-5,-6,1,-16,0,-25,3,-17,-12,-17
-10,-29,3,-19,6,-20,-10,-4,-15,-23,-10,-27
1,0,-13,-24,6,-15,5,-21,3,-6,-10,-9
-15,3,-5,-7,8,-11,-12,-18,1,-4,-14,-12
-15,3,0,-11,-14,-29,-16,-6,-15,3,7,-14
-10,-24,-16,2,1,-5,-1,3,-11,-21,-5,-5
2,1,-1,-21,0,-8,-15,-17,-1,-20,-2,-26
0,-2,-15,-12,-11,0,9,-6,9,3,1,-1
-7,-10,-9,-10,8,-15,-4,-10,-15,-7,-14,-4
-11,-3,-12,-6,0,-9,2,-6,2,5,-6,-16
-9,-2,-5,1,3,-16,0,10,0,3,-14,11
-5,8,-13,-23,0,-4,0,-13,-13,9,-13,-14
-10,-1,2,-7,5,4,0,-11,-1,-23,4,7
-9,-3,-13,0,7,14,-1,14,-6,-14,-2,-20
1,-16,3,14,7,-16,3,11,2,6,-10,4
1,2,-4,10,-1,-19,-8,5,2,0,-12,-4
8,9,-5,-15,8,-12,-1,-4,-14,-8,1,-2
9,12,-16,7,-9,14,-2,-2,-1,7,-15,-18
7,12,-7,8,0,5,5,8,6,16,-14,15
8,4,3,-2,4,-9,5,-7,6,1,-5,-10
9,4,1,16,3,-4,-11,10,0,12,-3,3
9,20,2,16,-8,14,5,-7,3,-13,0,0
8,-7,1,12,0,-3,5,-7,3,-13,6,4
6,2,1,0,3,-8,5,-7,-3,1,-1,5
10,5,0,4,3,2,5,-9,6,5,4,-1
6,-4,1,4,1,-3,-3,17,0,12,-11,12
9,26,1,2,0,0,5,18,2,6,-6,9
4,14,0,-6,4,26,-5,7,-9,8,-10,-6
-7,22,-1,3,2,27,3,15,-10,29,-2,-3
-14,23,1,4,-8,7,-6,-1,-14,-6,-15,-5
5,29,-8,1,-15,17,-12,-3,-2,-2,-7,5
1,2,0,20,1,9,5,-3,2,10,0,3
7,21,1,-1,-13,5,1,-3,-9,1,-14,3
-14,15,-6,-1,-9,15,-7,7,-8,0,-1,30
-5,0,-9,30,-5,5,-3,33,3,34,-16,24
-16,22,-16,4,-15,5,-7,4,-1,4,-1,14
-9,-34,4,-17,-5,-14,-6,-2,-4,-12,1,-1
-2,-33,3,-11,-14,-35,-11,-9,-12,-13,3,-35
-15,0,-7,-11,3,-7,-14,-13,-4,-7,9,-18
1,-32,-7,-4,-1,-3,6,-9,7,-19,3,-17
-15,-15,-9,-3,9,-9,4,-21,0,2,-14,-9
-14,-16,6,-19,-3,-24,3,-20,0,4,-8,-4
2,4,-14,-1,-13,-8,3,5,5,-1,-4,-28
-9,7,-5,-18,7,-21,-1,-4,5,-15,-10,-19
5,-8,0,-3,8,-26,-6,-16,4,-16,-4,-13
3,-3,-12,-2,3,-18,-11,7,1,-24,2,-16
-3,4,1,-12,-12,-12,-1,9,-12,-1,-11,-15
5,-4,-2,-6,1,-14,0,1,-12,-16,3,9
-9,-6,-3,-18,-1,12,10,-3,-4,2,5,12
2,6,-5,3,-15,-11,-13,-7,-1,10,5,-2
-5,-2,-9,13,-10,-19,-8,2,-1,-13,7,-7
-1,-11,-14,-1,3,-9,-5,-9,-8,-1,-9,11
7,4,-1,9,10,-1,-12,-12,11,-5,-3,5
9,7,2,3,2,7,0,2,3,-14,-8,12
7,-7,-7,16,-2,17,-8,7,6,11,-1,7
-5,0,-7,2,-1,12,1,7,-13,7,-2,-10
-2,0,0,11,0,19,5,-10,5,3,-1,4
10,16,-1,-1,7,-9,-2,-3,5,-14,-4,18
8,-7,2,15,3,-6,-3,16,-3,-8,-6,14
9,-6,3,-13,1,0,-3,12,1,3,-8,4
1,4,-8,13,2,3,0,2,4,-1,-10,4
4,-2,2,-4,2,5,5,-6,11,23,-8,24
6,-5,-2,18,3,-4,-6,19,4,-3,-3,19
11,2,2,6,5,1,2,4,3,8,-5,20
1,-8,-5,-1,-1,25,-7,5,-7,-2,1,0
-12,0,-6,-7,0,1,0,4,3,25,2,-2
-15,1,-6,1,4,30,-6,12,-6,-2,-10,29
-15,-2,-15,25,-6,15,-11,-5,-9,7,1,-2
4,17,2,28,5,18,3,14,-6,13,-6,3
9,20,-7,-2,-2,6,5,24,-6,32,-3,1
-12,21,4,15,2,-2,-7,27,-2,16,-1,11
-6,35,0,21,2,4,-7,2,-14,30,0,8
-9,30,-8,10,-10,10,-4,33,-4,12,-4,9
-12,-33,6,-3,-12,-19,-12,-34,1,-8,5,-1
-13,-19,-3,-15,-1,1,-10,-23,1,-14,-13,-26
-10,-29,10,-18,-7,-3,6,-32,-2,-31,2,-11
-3,3,-8,-21,8,-30,-6,-17,4,3,-7,3
-14,-12,-7,-27,5,1,-8,2,-5,-27,-12,1
-14,-10,1,-24,-3,-29,3,-16,-5,-25,5,-7
3,2,4,4,-4,-24,-1,-7,-5,-7,-2,-12
-3,-15,-13,4,-7,-1,-9,-17,-8,-1,-4,-20
-7,-7,3,-25,4,-23,0,1,-2,-8,-3,-11
-9,-5,5,-4,-8,-2,-5,-5,3,8,-13,-13
-4,-11,2,-4,3,-15,-5,5,3,6,-11,-19
3,6,1,-9,1,3,6,-25,3,11,5,-6
-7,-8,-6,-11,-4,-4,-2,4,2,-20,6,1
8,8,12,9,-7,-12,1,-20,-12,-6,-5,11
7,0,-9,-17,6,-5,2,7,4,-21,3,11
4,-1,-8,-8,-6,5,5,-8,-9,-4,3,7
-3,-3,-10,-16,1,-2,-14,1,-3,-3,4,1
10,11,-7,17,11,-1,10,5,-7,-6,1,2
7,-11,1,16,-8,10,2,9,3,-3,5,-6
11,11,0,6,0,14,-13,-1,4,-1,-10,-12
10,1,-4,1,2,15,-2,0,3,6,-2,10
11,18,-2,2,2,9,3,1,3,-1,-1,-9
10,-6,-2,-1,2,1,5,-9,2,12,1,1
11,-6,-11,6,-6,-13,3,11,3,0,0,2
1,7,1,-9,10,-7,12,20,3,0,3,-4
4,-7,4,24,-3,11,5,-7,0,8,-1,2
10,-8,2,3,-3,6,5,-7,3,1,0,12
8,-6,1,21,7,15,-3,13,-4,21,5,20
7,19,-12,-4,-13,0,5,15,-4,-1,1,3
-13,17,-5,2,-4,-3,-14,27,-2,24,1,-2
-9,5,-1,-2,-5,11,-14,12,4,2,-5,-1
-1,2,-10,-4,-1,27,-9,-3,-1,-4,-12,4
-3,31,0,11,-4,28,2,0,-13,6,-5,11
-9,12,0,8,0,2,1,17,-1,7,-4,1
-10,24,-1,0,-6,0,-11,0,-8,-1,4,29
1,4,-12,5,-3,32,0,4,-6,7,3,31
-13,32,-2,11,-11,13,2,2,-3,33,-12,13
2,-3,-7,-2,3,-29,-13,-36,4,-26,-10,-35
-8,-27,6,-7,7,-23,12,-15,-4,-17,3,-6
0,-28,2,-33,-9,-13,2,0,4,-10,-2,-29
-6,-30,2,-29,4,-13,-6,3,0,-3,0,-10
-13,-28,-4,-18,-4,-20,-7,-6,2,-16,-4,-11
-9,-13,9,-16,-2,-23,-1,-22,-2,-6,4,-31
-5,0,1,-5,1,4,9,-13,-8,-1,-10,-13
-6,-11,-3,-26,-13,-16,5,5,3,-4,1,7
2,-1,2,-7,10,6,0,-11,-1,-28,5,-10
3,-5,7,1,-4,-2,3,-5,1,-4,-9,-13
9,-10,-12,-5,-7,3,3,-7,1,10,-3,-14
3,-6,5,0,-7,5,-7,-1,7,-13,-6,-6
6,-7,2,-9,-8,-8,-5,-14,4,3,0,-8
1,4,-2,-5,-11,1,6,-22,-3,8,-11,7
7,-5,2,-8,-9,-13,-13,6,2,8,-6,3
12,4,-11,14,1,4,-2,-3,-8,14,-4,14
1,2,-3,0,-1,10,0,-2,2,6,6,6
13,-17,-10,8,-1,13,-7,12,1,-2,-1,9
12,-9,1,18,2,11,1,9,6,15,-6,6
8,-7,6,-5,-8,-2,-10,-13,5,-7,2,16
1,7,6,-16,12,-5,-1,4,1,-11,-6,7
12,7,-6,9,-1,12,-4,-13,5,-8,8,18
10,1,-3,15,-1,5,-2,3,5,-2,-2,2
11,0,7,-8,2,18,-5,9,-4,19,-8,0
13,23,2,-1,13,0,-1,17,-7,-1,-10,12
4,9,-12,20,-2,9,-8,-10,1,21,-4,-9
3,5,6,12,0,13,-10,9,-9,12,5,13
5,8,0,-2,-8,15,-10,8,-9,-5,-9,24
-8,9,-1,14,-5,-3,2,0,-2,6,-5,0
3,25,-10,21,-12,24,7,18,-4,12,-11,1
7,26,13,-4,6,1,0,-2,-3,21,-3,-4
5,30,12,29,0,16,-2,22,-8,2,-3,0
2,-1,-5,17,-6,4,-10,17,2,27,-9,19
-10,32,-3,-1,-11,16,-3,3,0,-3,5,22
6,33,3,19,-6,1,-1,9,4,6,3,17
-10,30,3,31,-4,34,-4,25,-7,12,-1,8
-3,11,3,6,-7,0,-9,21,-8,1,-6,5
3,-36,-3,-23,-2,-1,-2,-23,-9,-25,-8,-7
-9,-20,-12,-19,0,-12,-8,-10,8,-7,-7,-27
-1,-25,-3,-12,3,-14,0,-16,-11,-29,3,0
1,-29,-9,0,6,-8,-8,-23,3,-22,8,-5
-1,2,2,0,-7,-1,6,-15,-10,-23,-4,-26
-1,2,-2,-8,-6,-19,-5,-2,-6,-15,-5,-3
-6,-1,12,-25,2,-26,0,-22,6,-7,-12,-24
-5,-3,1,-29,6,4,1,2,-3,4,3,-1
-7,-7,-1,7,8,-9,-9,3,6,-7,-12,-9
11,-6,4,-1,5,8,-12,-3,-6,-20,3,-20
11,-10,10,-23,-2,4,1,-5,4,-13,0,-9
1,-7,-11,-2,-11,2,1,4,13,11,2,6
12,1,4,-19,9,8,-10,-21,2,6,-10,1
12,-1,7,3,-8,-1,-9,2,6,-17,-4,-12
4,-4,4,-11,-7,-4,-10,4,-12,-14,-1,-2
1,6,14,7,-7,-17,2,2,-5,-12,2,8
2,-5,2,2,-12,3,7,-20,3,16,1,7
1,-6,-12,-7,-4,2,0,8,5,-12,-8,16
14,1,-5,3,14,3,14,17,-12,-9,-7,-1
-2,-1,-10,-15,9,2,6,-4,-7,2,1,-5
0,1,-3,-10,14,9,5,10,-9,0,0,-2
10,10,-10,-4,-12,13,-6,1,5,10,1,17
9,22,-1,-11,-10,18,-5,-6,2,-10,1,7
12,22,3,23,-4,-10,-5,-7,4,21,0,6
6,-1,-7,7,11,5,1,8,-9,8,-6,11
-1,14,3,-5,12,8,8,22,0,24,0,-8
-6,2,1,-2,0,12,7,9,-3,1,-6,-7
-12,19,1,-6,6,-6,8,22,-9,26,-9,16
-9,12,-7,4,-1,-1,-1,-6,-3,2,-7,-8
1,-4,8,27,2,21,-4,8,-5,5,-12,29
-12,10,-3,18,-12,21,-9,21,-2,-2,-10,29
0,-4,2,14,-9,-4,-4,6,6,14,-3,12
-9,-3,-6,-1,-4,7,-10,1,-4,30,-5,16
-1,1,4,5,6,32,-8,29,-5,24,0,18
-11,2,-6,-1,8,18,1,33,-2,31,5,-1
-3,17,-5,5,6,1,-4,4,-7,12,0,30
8,24,5,5,-9,2,0,5,-7,25,-9,28
7,0,-11,-29,-6,-35,6,-9,4,-16,-10,-1
-1,-32,0,-34,-4,-35,3,-24,5,-20,-1,-4
-2,-31,2,1,-1,-7,-2,-27,-11,-15,-9,-29
-10,-13,2,-32,-7,-33,-5,-22,6,-15,4,-10
-8,-10,-8,-12,-3,-23,-6,-21,-2,-3,-10,-3
-2,-15,-6,-22,-6,3,-3,3,1,1,-5,-26
-9,2,-1,-26,12,-19,6,1,-8,-17,8,-10
-1,-6,-8,-21,6,-17,2,-16,-10,-21,-8,-21
1,-7,0,0,-11,-22,-1,-9,-11,-28,-2,8
10,-3,-11,-10,3,-27,-11,-7,6,-23,1,0
6,-7,1,-2,6,8,1,-7,7,-8,8,7
11,4,9,-13,-8,0,-6,-10,-11,3,-1,9
10,9,-10,-6,-6,8,6,-4,3,2,0,-5
10,2,-7,5,13,-3,4,-5,-2,8,-2,8
10,8,0,-16,-9,-11,6,7,14,-1,-3,9
9,-2,4,12,5,12,2,-21,-1,-5,-3,-2
10,6,-9,0,-3,-14,-3,-8,-7,9,10,-2
11,13,-5,9,0,-18,-11,-7,1,-17,1,-6
12,-1,-3,6,-1,-2,4,11,-6,8,10,-10
2,9,3,-16,-6,-4,-1,14,1,-4,-6,2
12,11,-6,-3,12,19,-5,16,2,4,0,-16
-6,15,2,-4,-8,13,-10,21,-7,-9,-2,1
1,-4,0,-14,0,-3,9,18,2,-12,0,-13
-6,20,8,7,9,10,-9,14,2,19,10,2
-3,8,-6,-12,5,-12,9,14,-4,-9,-2,1
-1,-10,6,16,4,-2,9,23,2,5,3,-11
8,19,-3,-1,-7,5,0,1,-8,-2,9,13
-4,-5,-2,14,-1,22,-9,0,-3,17,0,-1
-3,3,-11,7,-7,26,-1,-4,4,16,9,21
-1,-1,4,21,-3,16,-4,15,-1,-7,-8,-4
-10,-3,-10,3,7,16,-1,-6,-9,-2,-8,-4
3,31,-9,18,4,28,-2,20,-7,-3,2,25
5,-2,-3,21,12,26,-4,26,-5,17,1,4
-4,4,-6,33,-10,17,1,12,-3,21,3,18
-11,17,1,19,-7,25,7,0,10,14,1,4
-10,32,8,17,2,33,-10,31,-1,19,-7,8
-1,7,-11,6,1,2,-9,6,-3,7,5,32
-7,-24,2,-32,8,-13,4,-35,-3,-35,-3,-35
-8,-19,3,-14,0,-14,-4,-33,4,-8,-3,-31
-6,-26,-10,-12,-3,-11,-4,-25,-8,-1,7,-31
-5,-32,4,-26,-10,-14,0,2,8,1,-3,-24
-3,-22,-8,-3,8,-6,-9,-7,-7,-3,0,-7
-1,-4,-5,-16,-3,-17,7,-27,2,-26,3,-12
3,1,-1,1,-4,-29,8,-2,-3,-19,-7,-14
-9,-3,0,-15,5,-26,-3,-16,1,1,-1,-29
1,-6,-2,3,0,-28,-7,-13,-2,-18,-5,-16
1,3,-9,8,-4,-25,-9,-4,6,9,-1,-9
-4,-6,-5,-22,-8,8,-2,9,3,-20,9,-11
1,1,4,1,3,-24,-8,-8,9,3,-6,-23
1,-13,-4,-24,-10,7,6,9,-6,8,4,-13
6,4,3,-1,-7,-7,-2,7,-9,-6,-7,-2
5,-16,-1,-11,13,-10,5,-16,2,4,4,-5
1,2,-7,2,-7,6,-3,10,-5,10,-6,0
-3,8,3,0,-6,-7,-9,-3,-6,-15,-10,-4
-2,4,0,16,-6,-14,11,10,6,-5,-1,-10
12,17,3,9,-9,-17,10,-1,-2,-3,1,18
12,6,-8,-16,-3,10,-5,6,5,0,-1,16
11,16,-7,8,3,-10,9,-2,8,10,1,6
5,16,-9,-3,-2,16,-9,13,0,-2,-9,-8
8,19,2,-4,-3,21,1,-4,10,7,-10,-5
0,-9,8,8,-2,9,-10,10,-7,21,5,-9
-5,-12,1,24,-9,20,3,-9,-6,-11,-2,14
10,23,5,21,1,-8,4,-1,-2,5,-3,10
-10,13,1,-1,0,-5,-8,13,-8,19,8,-8
-7,-3,-1,-1,-2,26,-10,21,4,-2,4,-4
10,17,8,-5,9,16,-1,7,1,23,10,0
2,-1,-5,24,9,27,9,10,-6,26,0,6
-8,19,0,2,9,16,1,22,-7,-2,-9,-4
-3,29,-1,10,-6,12,4,7,-1,19,5,3
10,25,-3,4,9,26,5,1,-4,28,1,10
4,-3,1,13,6,33,-9,21,3,31,-4,19
-5,5,2,31,-2,22,-1,22,-4,3,0,12
7,35,8,17,0,22,1,5,-8,35,7,29
-8,8,-8,9,4,11,2,3,-2,12,-7,5
-7,-31,5,-34,4,-29,-9,-17,12,-21,2,-9
3,-26,1,-10,9,-16,8,-10,17,-11,-4,-11
-9,-4,-3,-14,-1,-5,-2,-23,5,-5,5,-22
-6,-12,6,-2,-1,-3,7,-3,4,-16,10,-24
-1,-27,-4,2,-5,-3,-9,-28,-1,-21,1,-24
-2,-2,2,-24,-2,-26,10,5,1,-14,-1,-3
0,-29,-5,-15,11,1,-9,-25,-1,-29,-1,-1
-2,-17,-3,-24,-2,-7,3,-6,3,-22,-4,-24
0,-2,-7,-13,-9,-4,7,-3,2,-9,8,8
-4,9,-2,0,4,1,6,3,-2,7,-8,-10
-7,5,5,-5,2,-21,4,-12,1,2,-8,8
-4,3,3,4,-8,3,2,10,3,2,-5,6
-1,3,-6,-14,7,-21,-4,-8,0,-4,9,-7
1,1,13,0,0,-20,2,-7,4,-9,-5,3
0,2,16,0,6,-20,-3,-7,4,2,-7,-21
-3,14,1,7,-9,11,5,-3,3,-13,-5,-4
-5,3,-1,10,5,-3,-6,-2,5,14,-3,13
4,14,6,10,-4,1,-9,13,3,6,-4,-5
1,15,-1,-7,5,-16,-2,-3,1,7,7,9
-2,3,-7,-17,14,6,1,9,5,-1,-1,17
8,12,11,16,8,8,7,10,0,11,-2,2
12,14,-5,11,6,11,6,12,5,9,-1,20
0,9,-8,-9,8,-12,-9,-7,11,8,6,11
-6,-11,5,-10,-5,-10,7,-13,4,-5,4,-9
-5,-9,1,20,5,0,-7,10,3,18,-8,-7
1,25,-8,21,6,-1,-5,18,0,-2,7,13
-5,4,2,-8,11,22,7,-7,5,2,-8,22
-5,12,7,-8,-8,25,0,1,8,-7,7,-3
-7,11,7,10,0,-7,-1,19,-6,10,8,23
-2,25,-4,-6,-5,-5,-4,12,-9,22,-1,3
-4,28,-6,7,0,2,11,29,2,0,1,5
-6,14,-7,23,-4,17,-2,4,-2,13,0,6
-2,7,0,16,-3,6,-5,16,-9,12,-6,14
-1,9,12,14,10,22,4,5,-9,0,-7,13
10,29,4,29,-5,29,-5,5,-5,8,-2,14
8,1,2,9,0,12,2,7,-9,25,-1,16
-3,10,-7,36,9,31,0,21,-9,21,3,0
6,-33,11,-4,7,-36,-8,-9,-6,-24,-3,-33
5,-27,-2,-20,3,-18,-2,-10,8,0,0,-3
6,-25,7,-32,-2,0,-5,1,-3,-11,5,-23
1,-31,-5,-18,-3,-26,6,-20,-4,-17,10,-13
0,1,7,-20,4,2,-5,-22,-5,-11,-2,-17
-5,-15,7,-18,6,-30,1,-4,9,-1,-1,-16
0,4,-3,-24,9,-16,4,-16,3,5,-2,-12
6,-22,0,-9,17,-25,9,6,-5,-3,-1,1
1,-17,10,-6,18,4,2,-1,9,-2,-2,-2
-8,2,-2,-9,-6,3,0,6,-2,7,-3,-6
0,3,17,-11,-5,-19,3,-22,4,-3,-7,-13
-2,3,-2,1,16,-23,11,-9,-2,-19,-3,-18
-7,6,-1,-13,8,1,2,-4,12,-13,0,-1
-6,1,17,-7,-8,-2,5,-14,0,-1,10,-10
-2,-7,-3,2,-7,7,-2,5,0,14,-4,-2
10,6,-3,-19,-2,-14,-2,7,9,13,-8,10
1,-7,-3,-2,7,2,6,-20,-8,-2,-3,-18
-2,-2,-3,8,18,-4,10,7,7,-17,-8,-17
-3,2,-3,-15,12,12,10,12,-4,6,-5,17
-2,6,-4,2,-3,-6,-4,-13,7,-12,6,-9
3,3,0,17,12,-10,-6,3,5,6,-5,-5
15,16,13,0,-1,4,-8,2,-4,21,-8,-14
5,14,-3,7,-6,11,4,12,8,18,0,6
10,8,4,6,8,1,-6,21,-1,11,-8,16
0,9,0,0,1,-3,-2,8,0,-8,9,-10
-3,1,-7,-7,11,21,-7,-2,-8,19,-6,-11
11,15,10,10,-1,24,5,-5,-6,-5,1,-9
1,6,-4,-1,-4,-3,11,15,10,-7,8,-5
-1,-6,9,10,-3,6,-8,0,0,-3,3,23
2,23,9,19,12,-7,0,11,-1,7,-8,-2
2,26,7,-1,-4,2,7,3,7,0,-8,12
12,21,-2,5,0,31,2,16,6,5,3,-1
-1,1,-5,1,-5,16,2,14,1,-1,9,20
-1,21,9,17,-7,30,-2,-3,7,5,-4,12
-3,12,6,8,-2,33,6,1,8,6,-7,34
1,32,-3,31,-5,5,2,9,-5,6,4,33
9,4,5,34,-6,33,-4,13,-7,6,4,11
-7,-11,5,0,3,-7,0,-2,5,-2,10,-30
-3,1,6,-18,5,-15,-2,-18,-1,0,-6,-27
9,-30,16,-18,13,-33,0,-2,0,-26,-1,0
1,-23,-3,-3,0,0,1,-12,1,-24,-4,-24
3,-22,4,-20,-3,-20,-6,-28,-5,-4,19,-1
3,4,13,-1,11,-7,3,-3,13,2,-6,-5
12,-8,9,0,-3,2,4,-7,-1,-20,6,6
-3,-13,5,-24,-7,-15,4,-9,-7,2,-1,-12
5,-24,0,0,2,-5,-6,-10,3,-10,-2,8
12,-7,-1,-16,4,9,10,6,-1,-23,0,5
-6,3,12,4,-1,-3,1,-26,-2,-23,-4,-7
3,3,-7,4,17,-3,5,8,12,6,5,-1
3,2,7,-20,1,3,7,9,9,-12,-5,-12
11,6,-3,8,16,-2,-6,8,6,-20,-4,8
2,-12,-5,9,15,12,13,6,8,0,-3,-16
11,5,-1,1,1,12,10,15,7,-20,3,9
-6,-15,4,-6,18,-8,-3,10,-5,-14,-7,-16
-4,-2,-4,2,2,-5,-2,1,1,2,-5,-16
-2,-2,12,3,-5,9,14,10,-7,18,2,-12
2,11,-5,16,1,-7,-7,-2,13,13,3,3
1,9,3,-1,-4,8,0,10,8,-13,-1,-2
-2,9,-3,2,10,-11,-5,-3,4,-15,9,16
5,14,3,17,2,8,-6,12,13,11,-4,8
16,21,-6,13,-4,23,2,-13,-7,4,19,21
10,18,-6,-10,4,-8,1,-4,11,10,-6,15
-1,13,5,21,5,-10,7,-2,-3,23,-6,1
-7,-5,1,7,3,-1,7,-6,3,25,1,-3
6,1,4,2,0,15,8,1,8,1,2,3
7,24,-4,-2,4,15,4,22,-2,16,-5,7
-4,25,-2,28,2,12,4,22,-6,-3,3,9
3,2,-3,6,13,30,-7,27,3,-5,-5,25
12,25,7,0,1,-1,3,17,12,15,4,23
2,31,11,-2,-4,27,11,25,-7,0,-6,29
1,-2,7,-3,4,27,0,13,1,11,0,8
7,9,-5,20,-4,9,13,20,-7,4,-3,6
9,30,-2,25,4,26,12,30,12,29,-4,22
0,31,-6,25,0,12,2,14,9,23,0,0
8,-2,-2,-1,-4,-16,-3,-24,0,-9,-5,-30
-5,-4,6,0,-4,-32,-3,1,14,-15,-2,-28
2,2,14,-13,11,-6,-6,-28,-4,-11,0,-21
4,-20,2,-29,4,0,0,-20,4,3,7,-28
-6,-6,8,-1,0,-17,-1,-5,10,-27,-4,-21
1,2,3,5,4,-28,-3,1,-5,2,7,-28
-4,-3,0,-26,-4,-7,12,2,-2,-7,14,-13
3,-15,14,-11,13,-9,-3,4,3,1,0,-19
2,-10,5,-20,6,5,4,-5,6,-16,0,-20
9,-18,0,4,6,-2,-4,-9,0,-7,6,6
-2,3,-6,-12,-3,0,5,8,14,-3,12,-18
-1,1,-2,-3,-1,-2,-2,6,-6,-10,10,-25
-2,3,-3,-12,0,-18,9,-11,-5,-12,9,-5
-2,2,14,-17,20,-3,-3,6,13,-17,6,13
0,-3,10,-3,16,4,-4,-1,2,11,11,13
-2,9,-5,-18,-6,-14,9,10,2,-8,-1,-3
-4,10,-6,16,8,7,-6,11,-5,-11,1,-7
9,-11,12,14,-1,6,-5,-11,11,12,0,16
-3,11,-6,-5,8,-9,5,-13,10,-8,4,10
7,15,3,1,2,-3,-3,5,2,11,-1,9
4,-2,8,12,9,18,8,-14,-2,-8,3,13
9,-5,-6,16,9,6,0,3,9,12,7,11
4,4,-2,0,0,-9,-6,-13,-2,6,7,0
16,13,12,-1,17,-7,-5,-12,0,13,4,11
10,18,-1,-5,-5,-6,13,15,9,-5,7,19
-1,16,9,12,5,24,3,8,-4,-9,1,-3
5,19,0,9,-4,3,5,-9,3,15,4,23
1,21,5,4,1,4,-4,2,5,-6,-6,15
-4,12,-4,-5,0,3,13,13,6,2,-6,5
-3,-4,5,-2,10,-3,-4,18,2,25,8,3
-1,-2,14,20,20,22,-1,23,0,-3,8,10
10,29,7,1,12,-1,8,19,0,17,4,21
0,5,1,30,20,18,3,-3,10,5,-1,21
1,6,12,29,1,-1,14,21,5,10,1,0
13,21,-2,4,-6,13,-5,4,-3,21,-3,2
13,35,11,-1,2,7,11,0,2,17,3,7
0,0,14,35,14,25,9,4,4,9,6,12
6,-28,2,-27,-4,0,6,-11,5,-12,7,-16
7,0,-2,-3,-5,-13,1,-28,-4,-13,3,-30
-4,-26,2,-21,-5,-8,3,-17,2,-19,3,-18
14,-1,6,-10,-2,0,2,-23,9,-22,-5,1
-1,-20,-1,-27,3,-13,-1,-14,-3,-1,2,1
14,-12,3,-24,-4,-5,12,-29,8,2,-3,-4
1,4,2,-7,5,-19,-1,3,1,1,1,-30
-3,-3,-1,0,9,-26,0,5,-3,-9,-5,-15
4,-21,10,-10,12,3,10,7,2,2,10,-15
5,-2,6,-10,1,6,7,-17,4,9,15,-9
1,-10,18,10,1,6,-2,-3,-5,-24,10,0
0,-7,3,-17,2,5,-2,-5,11,-25,-3,-4
1,2,1,6,8,-10,14,-9,9,11,6,-12
-1,1,13,-17,18,-4,-3,12,3,7,-1,-1
-1,9,-2,-19,1,-3,-4,-12,4,12,12,12
4,-1,7,7,-5,-10,6,10,-4,-6,3,9
12,6,-2,-20,0,9,0,8,-1,8,4,-1
3,3,7,-1,11,7,-2,7,6,10,15,14
0,7,19,-15,9,6,-4,17,2,-11,10,-2
13,6,8,-4,9,18,-3,-16,11,7,2,-10
6,12,8,16,-4,-5,11,0,2,13,4,9
10,15,-2,15,0,18,3,16,4,11,4,9
7,9,13,14,-5,20,8,16,-2,0,1,7
7,-1,19,2,2,2,-2,-10,-5,1,2,16
3,12,13,-8,7,-2,5,21,6,-11,-3,10
13,17,-1,25,0,-11,14,23,13,-8,1,-5
2,4,7,-8,4,0,-1,-9,4,-3,-1,-9
2,4,5,25,1,5,8,-8,5,13,-1,23
15,27,-5,-5,-2,-4,3,-6,4,5,3,13
-1,0,-2,29,14,1,-3,25,7,17,0,-3
-3,-4,-5,29,-3,23,3,1,2,15,13,30
-3,10,21,15,9,5,-3,5,7,12,-4,20
-4,10,4,22,2,32,8,29,15,5,6,14
-5,32,8,22,4,23,13,30,2,19,3,-3
1,2,10,24,-1,26,8,4,-5,31,10,29
6,5,20,35,-3,8,2,2,-4,20,6,20
7,36,9,8,-2,12,7,2,-5,13,13,3
-1,-36,6,-14,9,-31,21,-17,4,-17,10,-27
-4,-27,3,-19,-4,-30,0,-7,5,-13,-3,-25
2,-33,-3,-17,-4,-14,9,-23,7,-27,5,-30
-3,-15,1,-19,-2,-7,-3,-3,-1,-1,1,-18
-3,-11,5,-22,5,-4,7,-29,-4,-8,6,-9
0,-27,-3,-30,17,-23,3,-24,4,0,4,-29
4,1,12,-21,-3,-28,0,-6,1,-19,11,-3
9,5,5,1,15,-3,8,-28,2,-27,15,5
-3,0,5,-11,3,-8,1,-21,1,-20,1,-8
6,-5,21,-26,-1,-8,1,3,1,-6,0,-2
6,8,2,-17,4,8,-2,-12,13,-5,12,-9
2,0,2,-1,12,-6,-1,-12,4,0,7,7
9,-13,5,3,21,-3,2,-10,8,-5,14,2
6,4,12,10,5,-16,3,-11,12,-6,0,4
7,-1,10,-5,8,-13,-2,-7,8,14,12,-7
-1,9,12,-11,5,-10,-4,8,1,-16,0,-18
8,2,15,9,0,6,9,6,1,-10,10,14
14,3,6,-10,9,-2,2,4,4,10,22,1
-1,7,-4,1,-3,0,4,14,-2,-3,2,1
14,-14,20,5,-4,-14,7,2,1,3,10,7
4,10,22,-1,4,-9,14,6,17,14,2,15
0,17,-3,9,4,2,-3,-4,17,-4,12,-10
-1,13,9,4,8,-8,-3,15,-1,16,9,-12
2,20,3,-1,8,4,2,20,-4,-2,-1,-13
2,-1,13,12,11,12,4,2,-1,-7,3,-6
6,-9,1,0,0,24,1,-1,0,10,7,-4
-4,23,7,14,5,23,17,22,-2,20,9,0
12,26,6,-9,6,16,10,22,1,3,3,5
11,24,8,15,0,15,-1,26,12,12,13,-4
11,27,5,5,2,20,-1,-2,-1,-7,6,0
-1,5,14,11,-3,7,3,22,4,11,12,10
0,5,18,11,-3,30,9,2,6,0,15,12
0,2,-1,25,16,-2,2,25,3,21,3,-2
-4,7,12,1,-2,12,2,5,-3,22,7,8
-2,8,14,29,-3,8,10,6,13,27,11,4
-3,9,1,16,2,16,15,28,7,31,-3,23
-4,15,-4,26,4,18,6,17,-3,24,7,30
4,-28,4,-29,12,-11,6,-1,12,-4,0,-4
-2,-26,5,-8,-3,-27,2,-30,-1,-1,0,-6
9,-34,8,-7,-3,-4,13,-3,18,-6,3,-7
-1,2,0,-19,4,-24,9,-27,1,-14,7,-32
6,-23,8,0,2,-30,17,-11,15,-4,2,-5
-1,-9,23,-6,15,-20,10,-21,16,-12,-2,-9
3,2,17,-13,12,-7,-3,-14,0,-24,10,5
2,3,14,-23,10,-27,3,6,1,2,3,-17
1,-6,10,5,3,-20,1,-13,-3,7,-3,-17
2,4,-3,1,2,-15,1,9,6,-15,14,-9
3,-5,23,-7,8,8,10,-11,3,-8,-3,-4
7,-4,-2,-12,14,7,5,-6,1,-7,0,-12
14,3,5,2,18,5,5,-1,16,1,5,-9
14,-23,7,13,1,-16,2,-2,12,6,-2,-8
16,-4,23,0,6,-7,1,5,14,-5,2,6
3,-7,6,-16,17,6,23,15,11,-15,2,10
4,7,-1,-7,17,15,1,15,12,-2,-2,0
5,0,5,16,6,15,12,-7,-3,-7,6,7
6,1,6,-15,1,1,15,9,1,-7,-1,0
5,0,-1,10,-1,11,7,12,16,15,18,12
9,17,-1,1,12,11,0,-5,3,-2,0,17
6,-9,6,4,11,3,7,15,2,-13,1,21
10,-9,4,-13,9,-2,-1,6,0,14,5,4
0,20,5,3,5,-1,3,-8,0,4,-1,15
1,3,6,23,17,16,2,6,0,7,12,6
11,-6,-1,7,-1,-6,4,6,10,-7,13,23
16,23,11,-1,0,0,4,23,1,-10,8,0
2,-6,0,7,23,8,-2,25,4,10,-2,12
12,28,16,16,6,-8,5,1,1,19,0,22
2,-5,3,0,17,11,-2,26,7,12,-3,23
5,2,7,0,10,5,6,10,7,9,-2,24
-2,-4,-1,16,15,16,1,6,6,-3,17,22
-2,7,5,24,10,20,17,19,10,15,3,26
-2,-3,16,31,-3,33,10,-1,8,2,4,31
14,1,-3,18,0,3,-1,22,15,27,8,1
-2,11,11,17,5,15,7,6,-2,2,1,-1
-3,11,8,22,2,26,4,20,3,25,13,21
-2,-27,15,-8,10,-7,15,-25,-1,-35,3,-6
1,-26,10,-10,19,-9,3,-11,5,-12,14,-10
2,-25,16,2,3,-29,8,2,14,-13,2,-15
13,-31,11,3,1,-24,-2,-20,14,-4,13,-30
5,-32,9,2,-1,-7,0,-32,11,-27,8,-32
12,-25,5,-11,8,-19,7,-8,6,-11,3,2
6,-28,2,-17,-2,3,19,0,1,-27,4,-21
3,-10,0,-17,14,-1,3,-26,6,-2,7,-7
8,1,5,-2,1,-7,1,0,1,3,14,-2
3,2,16,0,7,-23,9,-27,5,1,10,-25
5,-1,18,1,1,-4,0,-13,18,10,4,-25
4,2,0,-9,0,-11,11,11,5,-8,8,-22
0,-1,2,-13,10,-3,7,-16,5,2,-2,-3
10,11,4,-2,8,3,22,-7,7,-23,5,3
9,9,-1,-15,15,11,9,4,14,-3,1,-2
7,13,-1,1,10,3,14,-13,-1,8,-2,14
5,15,6,16,19,8,17,13,8,-18,13,4
6,-10,7,15,8,9,6,5,2,-10,4,17
15,-17,7,11,18,-3,-2,17,-1,0,7,9
10,-12,14,-10,0,-11,7,15,14,-16,18,18
2,18,-1,20,8,8,3,-8,15,-10,9,7
14,-10,7,1,8,-14,14,-14,18,12,16,-11
-1,3,9,7,13,-9,5,7,2,-1,16,16
12,-5,18,7,3,-7,5,-13,13,-1,19,15
0,-3,2,-9,4,10,1,-6,5,-2,15,7
1,3,10,-8,11,9,14,17,0,-10,12,7
0,-9,6,-8,10,25,0,-6,7,4,0,0
3,-3,2,24,10,-4,0,21,17,8,4,2
-2,4,14,-8,20,15,14,12,3,25,6,6
0,-7,16,19,2,26,1,-7,9,-3,-1,9
11,29,19,2,1,-6,17,12,-1,29,1,0
7,-1,4,27,17,18,10,2,10,6,8,10
14,29,8,6,6,-3,18,16,11,5,6,0
14,33,11,7,0,28,17,17,4,30,10,32
4,29,0,30,1,13,16,1,3,-2,13,-1
12,3,5,13,14,7,2,7,4,22,16,31
7,0,14,28,1,23,-2,26,14,18,6,13
13,-34,5,-19,12,-3,-1,-26,5,-27,5,-8
12,-35,0,-5,19,-19,13,1,12,-4,12,-2
17,0,19,-24,21,-34,17,-11,18,-10,14,-22
9,-28,16,-32,-1,2,17,-2,0,-1,13,-27
1,1,13,-5,-1,-15,24,-17,13,-17,-1,-4
19,2,7,1,4,4,5,-21,0,5,0,-27
3,-11,2,5,13,-4,7,-4,7,-27,12,4
0,-2,5,-15,19,-8,17,-4,14,-6,16,-7
2,-2,13,7,9,-15,5,-25,10,-26,2,-1
2,-23,7,-12,0,-6,12,5,25,-7,13,-4
1,2,19,-3,13,-18,17,-21,2,10,-1,6
3,-8,11,-24,8,4,9,-1,16,-5,-1,-2
3,-11,20,6,16,3,2,-15,18,5,2,10
3,-3,12,6,14,-11,8,10,-1,9,16,3
3,11,9,11,5,-2,-1,-13,2,2,25,14
6,15,1,13,4,-4,7,15,4,-3,9,-2
7,-5,6,-5,6,-13,3,-3,13,2,20,12
-1,5,25,-15,14,17,3,0,10,2,4,13
0,-12,2,0,10,-3,0,-18,6,17,12,2
11,-15,10,14,6,9,19,12,0,2,17,16
9,-16,19,15,0,3,-1,-2,-1,9,17,6
14,-14,3,-13,11,11,3,7,-1,19,5,14
0,-1,11,-5,-1,-14,4,-8,15,19,1,15
-1,5,8,19,15,-12,4,1,0,-6,17,15
1,0,14,-12,5,6,0,10,14,-11,9,9
0,25,-1,12,10,3,0,2,5,8,16,10
2,0,0,0,10,19,5,12,1,8,0,18
-1,5,19,27,13,14,0,18,2,1,11,-4
0,-6,1,22,12,-5,6,-4,10,20,10,27
1,7,10,23,1,0,7,-6,1,0,14,-5
0,16,5,-4,6,10,6,-5,9,6,10,23
7,1,2,-1,9,31,8,6,4,27,15,-3
0,15,3,3,10,28,3,1,-1,1,4,-3
15,0,12,27,5,1,13,31,13,15,-1,5
1,2,-1,31,3,34,9,30,6,3,4,21
3,0,14,8,10,25,8,12,19,17,17,23
12,36,8,2,7,20,2,24,8,16,11,10
0,-35,16,-5,5,-6,2,-28,4,-33,15,0
12,-28,10,-14,8,-3,18,-11,13,-9,0,-2
8,-34,4,-25,7,-5,5,-12,1,-7,17,-9
5,-24,5,-17,19,-14,14,-5,8,2,8,-32
11,-27,4,-9,6,-29,12,0,10,-11,13,-3
2,3,3,-5,1,-17,1,-17,25,-7,13,-14
11,-27,13,-21,13,-20,11,-6,11,-20,6,-26
3,5,12,-29,4,-13,0,-18,9,-28,16,7
2,-21,13,-23,13,3,12,6,20,3,4,-24
12,5,2,-20,6,-1,8,1,16,4,14,5
9,5,17,-7,5,10,7,-3,7,-20,0,-16
16,-19,1,3,5,-17,14,-4,1,-2,2,-1
2,-3,0,-24,1,-15,7,3,0,-23,0,-4
5,-10,1,11,10,11,5,10,19,0,6,-3
10,9,25,-15,4,-11,15,0,1,-8,20,12
8,11,9,0,1,2,9,-15,4,-4,0,-9
8,-7,3,-18,19,9,14,-1,0,-13,16,8
11,-17,12,7,7,-13,1,0,12,14,13,-11
19,6,9,-14,9,-12,14,4,12,10,4,6
19,11,15,2,4,3,4,-11,6,-9,16,-16
4,-5,2,3,18,20,18,20,14,-16,2,1
6,-7,3,2,11,10,0,21,10,-4,10,20
4,-14,4,-14,11,14,14,12,12,15,4,16
0,0,5,-5,3,17,2,18,6,11,3,23
0,-12,16,11,4,2,3,-11,25,10,7,0
2,0,1,3,5,16,2,18,6,6,4,17
5,-5,12,-3,6,11,8,-4,14,-8,0,7
4,-7,1,6,15,23,0,-6,17,10,0,-6
15,-4,4,26,11,5,1,-3,13,3,19,10
14,26,7,26,21,14,5,6,2,-4,5,27
0,21,0,2,1,-2,1,-4,0,14,3,6
9,20,23,10,4,13,3,25,14,3,16,17
8,10,7,-4,18,28,11,8,4,3,7,6
18,28,1,24,18,25,6,33,10,11,13,-2
1,5,7,0,18,27,14,4,3,10,1,1
0,30,0,17,18,19,20,29,1,1,8,2
17,35,0,21,2,36,6,12,2,16,1,18
