-18,-8,-3,-30,0,-33,-22,-34,-16,-23,-23,-29
-22,-20,-25,-4,-14,-7,-26,-27,-1,-2,-18,-19
-20,-6,-2,-31,-25,-31,-22,-17,0,-27,-26,-13
-19,-28,-3,-29,-25,-31,-4,-10,-2,-31,0,-21
-25,1,-23,-11,0,-15,-24,-9,-26,-2,-24,-30
-15,-25,-25,-27,-25,-7,-5,-1,-16,-22,-25,-19
-26,-23,-3,-25,-18,-8,-20,-6,-16,6,0,-20
-10,-12,-25,-29,-18,-20,-23,-7,-23,-23,-2,-24
-20,5,0,-11,-16,7,-1,-19,-21,-7,-3,-24
-21,-12,-26,-6,-3,5,-24,-24,-16,-10,-2,-27
-16,-8,-25,-15,-13,7,-21,3,-26,8,-2,-19
-23,11,-22,1,-10,-3,-23,4,-24,-24,-23,-2
-19,-18,-20,8,-22,8,-10,12,-25,-2,-12,-3
-25,13,-7,-11,-14,8,-23,-20,-3,-7,-26,-17
-11,-14,-1,-10,-6,-8,-23,14,-2,-21,-24,4
-22,-15,-1,-10,-15,6,0,-6,-25,-5,-24,0
-14,-19,-10,-10,-10,10,-12,0,-2,-20,-25,5
-17,-1,-3,-17,-21,8,-25,17,0,-16,-2,5
-9,-1,0,-13,-25,-9,-26,-3,-1,-11,-4,-12
-22,-12,-25,19,-20,12,-19,-8,-2,14,-3,10
-21,14,-2,17,0,-4,-17,15,-12,-15,-16,-15
-14,-2,-12,3,-8,-9,-18,4,0,-13,0,-9
-18,16,-15,17,-18,3,-11,8,-2,10,-11,4
-22,10,-25,7,-9,11,-21,11,-11,-7,-1,-3
-10,15,-4,-12,-13,-11,0,-6,-25,8,-9,-1
-16,19,-26,11,-22,17,-19,8,-26,13,-2,-5
-14,8,-19,5,-24,-5,-11,-3,0,0,0,-10
-19,5,-4,2,-25,17,-17,-1,-6,16,-4,-6
-17,-3,-17,10,-13,2,-9,19,-23,19,-26,28
-15,10,-24,-7,-14,6,-4,3,-22,-6,-1,-4
-11,-5,0,8,-19,3,-2,1,-25,6,-1,3
-14,12,-23,9,-23,5,-12,2,-13,3,-25,16
-25,31,-20,2,-24,17,-1,-3,-23,0,-24,20
-11,27,0,6,-14,19,0,-2,-5,14,0,8
-23,24,-3,17,-19,10,-3,23,-9,8,0,1
-22,34,-1,5,-15,1,-18,8,-14,-1,-20,26
-14,14,-26,24,-4,22,-20,30,-23,8,-3,23
-18,-6,-14,-19,-22,-24,-17,-6,-24,-13,-6,-25
-21,-13,1,-25,0,-30,-15,0,-2,-34,-21,-14
-20,-22,-23,-25,-13,-28,-23,1,0,-23,-2,-33
-25,2,-6,-2,-23,2,-25,-5,-13,0,-3,2
-9,-22,1,-30,-25,-6,-11,3,-25,-17,-20,3
-16,-29,-25,-22,-25,-10,-3,-1,-25,5,-2,1
-21,-3,-23,-10,-3,-20,-24,-24,-25,-27,-17,-2
-20,-8,-24,-16,-23,7,-25,-20,-25,-23,-23,-26
-17,-21,1,-12,-8,8,-12,0,0,-23,-25,-14
-23,8,-25,-12,0,-16,-19,-18,-6,-4,-25,-17
-18,6,0,-17,-3,-3,1,-21,-24,-25,-2,-4
-14,-11,-23,-4,-5,8,-23,-13,-21,4,-2,-25
-24,6,-10,-21,-21,-20,-8,11,-19,2,-22,11
-23,4,-23,1,0,-23,-9,-6,-14,-20,1,-3
-15,-20,-21,-13,1,-11,-24,-14,-23,4,-13,-6
-14,-3,-5,-20,-23,-2,-17,-15,-9,4,0,-20
-13,-17,-25,-20,0,-16,-17,-18,-21,4,-8,-10
-10,-16,-3,6,-8,7,-11,9,0,-17,-22,5
-13,-16,-3,18,1,-2,-11,1,-19,-10,-1,-17
-15,0,-3,-16,-25,7,-1,-15,-22,13,0,-11
-9,0,1,-10,-24,3,-22,-16,0,-6,1,-15
-9,15,-19,5,-25,4,-23,-15,0,-12,0,-4
-18,-7,-25,-10,1,-10,-25,18,-23,10,-25,11
-11,5,0,-12,-17,0,-14,4,1,-13,-1,-2
-20,15,-12,10,-21,21,-5,-1,-18,-11,-18,19
-19,0,-6,10,-8,-11,-15,10,-14,25,1,-4
-11,-1,-16,22,-23,24,-22,-8,-17,26,-20,-3
-8,24,-25,2,0,16,-25,26,-25,1,-23,16
-17,-7,-2,-8,-8,24,-20,19,-12,23,-23,-7
-18,8,-1,-5,-18,-2,-24,5,1,4,-2,-1
-21,30,-25,6,0,1,0,2,-25,15,1,2
-19,10,-2,-4,-22,13,-24,19,0,-5,-24,10
-16,-3,-22,16,-25,24,-24,12,-5,25,-7,-2
-13,8,-19,27,-1,3,-23,6,-23,19,0,9
-12,27,1,6,-21,5,0,3,-25,20,-24,32
-22,26,1,0,-2,4,-19,6,-25,22,0,1
-16,33,-25,20,-25,25,-18,3,-6,4,-23,36
-9,-23,-24,-4,-8,-9,-22,-21,-2,-13,-18,-8
-15,-15,0,-30,-1,-35,-20,-20,-1,-33,-23,-34
-13,-23,0,-23,-20,-4,-12,-9,-24,-29,-24,-12
-14,-28,-24,-23,-10,-8,-24,-11,-20,-6,-16,-13
-6,1,-11,-23,2,-7,-5,-12,-6,-26,-14,0
-15,-12,-12,3,0,-17,-7,-28,-13,-1,-17,-21
-9,-19,1,-14,-2,-23,-5,-15,-5,-30,0,-17
-10,-7,-6,-2,1,-10,-2,-23,-3,-23,-11,-8
-10,-3,-15,5,-1,-17,-5,-9,-4,-1,-6,-19
-9,0,-14,3,1,0,-5,-16,-11,-6,0,-7
-19,-3,-19,2,-2,-25,-5,9,-4,0,-3,-1
-17,1,-17,-8,-6,-22,-5,-12,-7,11,-17,8
-14,1,-5,4,1,-8,-5,7,-11,10,-18,-4
-16,11,-14,-6,-4,-15,-5,-1,-7,-20,-8,-3
-20,-8,-14,10,-3,13,-5,-5,-13,11,-12,-9
-7,-10,1,-2,1,-1,-6,5,-2,-14,-7,-16
-6,15,1,0,2,4,-6,9,-1,-13,-6,15
-10,1,-11,-7,-2,-14,-5,10,-15,-5,-15,6
-10,5,-6,-3,1,-4,1,-1,-5,-7,-3,-12
-7,2,-13,-3,-6,-16,-6,18,-6,-8,-13,0
-17,12,1,15,-11,-8,-23,-15,-21,1,-3,17
-19,11,-14,8,-4,-12,-5,12,-6,-8,-3,15
-16,22,-20,20,-2,-14,-5,12,-3,0,-2,16
-13,-11,-24,5,-19,0,-4,15,2,13,-5,21
-14,0,-5,23,0,-7,-1,-9,-21,23,-1,23
-14,0,-22,0,-24,-1,-17,5,2,1,-15,18
-8,-9,-5,13,2,20,-8,1,-3,8,2,6
-10,4,-1,25,-4,-3,-21,12,-24,5,-11,3
-19,28,2,4,-9,-3,-19,17,-1,-4,-17,-4
-8,21,-24,28,-21,6,0,4,-24,25,-24,28
-12,9,-9,19,-13,0,-23,20,-14,0,-4,25
-18,30,-4,12,-4,27,-20,7,-19,23,-14,0
-16,27,1,3,-8,-1,-23,15,-23,-1,-10,28
-17,16,-14,5,-13,27,-24,14,-22,5,-2,19
-17,22,-23,22,-14,19,-2,23,0,4,-1,0
-13,19,2,35,0,0,-7,16,-10,17,-1,4
-7,14,-1,24,-11,17,-23,5,-20,19,-24,11
-6,-30,-10,-4,3,-14,-2,-29,3,-12,-21,-22
2,-34,-4,-1,2,-18,-2,-34,2,-5,-9,-20
-7,2,-5,-3,3,-5,3,-6,3,-9,-7,-1
0,-33,-14,-4,-4,-25,-2,-25,-5,-32,-5,-32
-1,-27,-8,-30,0,-24,2,-12,3,1,-1,-8
-2,-26,-10,3,0,-19,3,-7,-5,-12,-13,4
-2,-22,1,-8,0,-23,3,6,-19,-24,-20,-4
-2,-22,-18,-15,-8,0,-1,-13,-21,-24,-2,-8
-4,-7,-11,-24,2,5,-4,-23,-21,-28,1,4
-4,2,-21,-17,3,-9,1,6,-10,-9,-8,-4
-3,-15,-18,1,1,-17,-12,1,-4,2,-1,-21
-2,11,-2,-23,-2,6,-10,-2,-1,1,-8,-24
2,-2,0,-21,-6,7,-13,8,3,12,-2,4
-5,-12,-1,-11,-4,-13,-3,-21,-5,-8,-6,4
-4,-4,-20,0,2,14,-5,-3,1,-12,-1,-15
0,15,-19,7,-2,-11,-7,8,-2,-14,-8,-21
-4,5,-19,13,-23,-2,-9,-5,-7,-17,-11,14
-5,-9,-14,-13,-7,13,-2,5,-11,5,-4,3
-4,-4,-3,14,1,4,-14,-18,-11,4,2,2
1,-4,-23,-11,0,17,-10,4,3,2,-2,3
-3,-11,-4,9,-4,-7,-5,-5,-6,15,-10,20
-1,20,-5,20,-1,4,-4,-6,-16,0,-8,2
3,10,-2,-9,-4,-8,-18,2,-21,6,-21,-2
2,-3,-3,-5,-4,-6,-21,5,-19,-6,-16,-8
-8,-6,-4,-12,-1,-6,-4,6,2,6,-7,12
2,-3,-4,-8,3,17,-1,-4,-1,3,-8,14
-6,11,-8,-4,-5,-10,-5,0,-3,-7,-5,18
1,2,-7,-2,3,17,-3,-6,-19,17,2,7
0,-1,-10,5,-5,-4,3,14,3,19,-5,13
3,12,-14,17,3,16,2,8,-16,-7,-8,8
-6,16,-11,8,2,9,-4,10,1,6,-4,1
3,-4,-12,20,3,16,-3,25,-5,24,-12,27
-11,20,-2,2,-3,-2,1,6,-2,4,3,19
-7,-1,-8,27,2,29,-5,28,-14,14,-7,3
-10,19,3,24,3,25,-4,12,1,11,0,11
-17,22,2,26,-3,3,-2,5,3,20,-10,17
-10,15,-18,1,-23,14,-7,26,3,13,-19,3
2,-33,3,-2,-4,-8,-5,-10,-7,-19,-1,-23
1,-34,3,-20,-3,-16,4,-6,-2,-30,-8,-13
0,-27,-18,-29,-6,-29,3,-15,0,-26,-6,-13
0,-23,-2,-10,-7,-5,-6,-3,-2,-11,-14,-28
0,-19,-16,-19,-12,-25,-20,-4,-16,-29,-6,-14
0,-14,-17,-8,-1,1,-1,-15,1,-11,-10,-26
4,2,1,6,-19,-29,4,-20,-20,0,-17,-20
3,3,-19,-13,-2,2,3,-5,1,-16,-14,-11
0,0,-5,-2,-17,8,-21,-21,-5,4,-8,-18
3,1,-3,-21,-18,-1,-13,-8,-17,-5,-6,-27
2,-5,-2,-8,-19,-21,-16,-5,-9,-2,-13,7
1,10,-15,-6,-8,-14,-16,-15,-18,-5,-18,-19
0,-2,-10,9,3,-3,1,9,-22,3,-1,10
1,-14,-13,3,-2,11,-17,-2,-11,9,-13,0
-3,9,-10,-19,-13,-9,-7,-6,1,0,-13,-22
0,15,-17,-4,-7,-14,-4,3,-7,-10,-15,8
4,3,-8,-16,-10,3,-2,-8,-11,15,-14,-12
-3,14,-1,1,-7,11,-2,10,-7,-19,-22,1
0,-9,-8,-7,-4,-8,-18,10,-7,-11,1,7
-3,3,-22,-10,-2,-17,-2,-1,-20,-13,4,0
-3,6,-9,-5,-9,-14,-9,1,-16,8,-1,15
-3,13,3,7,-9,-8,-8,18,-6,21,-12,-8
1,6,-17,21,1,17,-11,1,-2,0,-9,19
-3,19,-14,10,-15,7,4,19,-15,14,-5,5
-3,22,-15,11,-20,8,0,-4,-11,-3,-12,-9
2,4,1,-2,-1,3,-17,9,-6,-2,-19,14
-1,1,-9,8,-18,-5,-15,-8,-12,24,-14,13
4,20,-1,14,-12,20,-20,21,-9,7,-12,3
2,8,-10,23,-22,0,-11,16,-17,-1,-3,9
4,28,-9,-2,-6,13,-14,16,-10,10,-6,16
1,7,-3,16,-17,25,-11,-2,-20,23,-5,16
2,15,0,-2,-1,12,-5,27,-10,-3,-3,27
-2,-2,-9,10,-1,32,-4,-1,3,16,-7,3
-4,22,4,30,0,1,-15,25,-4,19,-7,6
-3,13,0,21,-6,34,-19,24,3,2,-18,30
-1,-1,-3,6,-2,0,2,35,-1,1,-3,2
-5,24,-4,9,2,13,2,34,-1,35,-8,8
-1,-2,-19,-1,-5,-10,5,-3,-11,-21,-12,-30
4,-11,-21,-32,-4,-2,-1,-26,-16,-8,-17,-17
4,-8,-12,-33,-7,-20,-1,-27,-5,-2,-1,-33
-1,-13,-19,-10,-4,-22,3,-12,-5,-13,-19,-25
-1,-5,-14,-3,-11,-16,3,-4,-1,-11,-12,-15
0,-5,-21,2,-5,-31,2,-19,1,-13,-13,-29
2,-5,-8,-26,1,3,-13,-10,-7,6,-3,-3
4,5,-13,-29,-9,-25,3,6,-5,-17,-17,-2
2,3,-18,-5,-19,-1,2,-18,-12,4,-16,-8
4,-2,-1,1,-16,-18,5,4,1,5,-19,-14
4,10,-9,3,-15,9,0,-23,-7,-12,0,-11
1,5,1,7,-13,6,-3,-23,-3,-22,-4,-8
5,12,0,-15,-16,-3,-2,-21,-17,-10,-14,-7
0,9,5,9,5,-22,2,-15,3,-2,-5,-7
2,0,-6,-12,-14,12,-3,-10,-12,13,-19,-12
5,4,-20,-18,-16,-5,-3,-7,-7,8,4,9
1,0,-18,-3,-3,15,-3,-13,3,5,-10,-15
1,-1,-17,-7,-8,11,-3,-13,-10,-2,-1,13
3,8,2,2,-11,15,5,5,-10,11,1,2
4,14,-14,-10,3,15,-4,16,0,7,-15,-7
2,-6,-13,-1,3,14,-8,9,-9,-6,-18,-7
3,-1,-5,12,-1,-10,-7,9,-4,3,-17,16
4,6,-20,1,-4,-5,1,-11,4,-1,-8,-1
0,0,-18,-2,-18,14,-3,8,-12,3,-13,-13
2,18,-12,5,0,22,-17,21,-4,-8,-14,10
0,3,0,24,-11,-2,-5,-4,0,17,-17,1
1,15,1,4,-14,11,2,25,-8,1,-17,-2
2,7,-16,4,-13,-4,-16,23,-4,-4,-14,21
1,13,-20,15,-16,18,-14,9,-2,0,1,19
2,5,-16,13,-9,8,-5,26,-13,15,-17,29
2,8,5,25,-17,2,-2,1,-21,1,-1,11
0,7,3,25,-10,0,-3,17,-15,7,3,4
0,5,-17,31,-4,21,-12,2,-14,1,-1,6
4,16,-17,21,4,0,4,15,-11,13,-18,7
5,24,-14,9,-12,9,-9,10,-18,26,-14,9
-3,12,3,23,-1,16,-6,2,-17,17,-2,17
1,4,5,18,0,23,-7,10,-10,7,-5,22
2,-30,-5,-36,-9,-23,5,-9,-15,-27,6,-1
-2,-14,-17,1,-16,-13,-1,-27,-19,-35,1,-3
5,-18,-2,-29,-8,-24,-14,1,-2,-24,5,-5
-2,-31,-1,-9,1,-6,-14,-28,-8,-25,3,-16
1,-26,-20,-18,-19,-5,-11,-30,-3,-18,-17,-26
-2,-17,-11,-27,-12,-10,-6,-30,-15,1,-9,3
-2,-23,-1,2,-12,-26,-12,-2,3,0,0,-18
-2,-24,-13,-25,-10,-24,-20,7,-14,-28,-16,0
-1,-17,4,-28,-7,4,-15,-21,-2,-23,-17,-15
-2,-18,-14,-12,-3,-4,-13,5,-4,-22,5,-19
5,-12,-19,1,-7,-23,-1,-22,0,-18,-19,-4
-2,-7,-5,8,-11,6,-12,-21,-1,-12,-11,-5
1,9,-8,-15,-8,2,6,1,-3,-1,-3,0
3,-12,-5,9,-20,-20,0,-13,-12,-23,-12,-9
1,-19,-12,-19,-6,10,-5,-20,-2,10,-6,-9
0,-15,-10,-21,-3,-16,-3,1,-17,-21,-16,12
0,-17,-12,16,-2,-6,0,5,-1,-11,-4,-11
3,-11,-9,-3,-16,-7,3,13,-12,-11,-20,-18
3,-3,-14,6,-19,-11,-2,-13,1,11,-1,9
6,14,6,2,2,9,-19,5,-9,9,-5,7
1,9,-13,-13,-3,1,0,16,0,-4,-9,-1
1,20,-7,-7,-13,-1,4,15,-15,-3,-17,2
2,0,-8,-14,-14,20,-9,5,-10,16,-17,22
1,-3,1,-2,-10,13,-11,2,-13,-7,1,10
6,22,2,3,3,2,-7,-9,-6,10,-8,-8
2,1,-3,1,-7,7,-16,2,5,20,6,-9
0,2,-10,-9,-7,-4,5,13,6,18,2,-2
5,9,-8,17,1,2,-3,5,-6,17,-14,24
0,17,-16,23,-18,25,-6,4,-11,20,1,-7
2,22,-17,2,-13,23,-10,8,-6,18,5,17
5,15,-10,0,1,9,-4,-3,-15,9,-10,7
4,26,3,27,-12,22,3,26,0,11,-16,-1
4,15,-14,-4,-11,26,-18,13,-20,24,-18,3
2,8,-17,27,1,18,-6,28,-13,15,-19,24
-1,24,1,26,-13,-2,-11,21,-2,-2,1,-2
-1,29,-4,16,-14,25,3,21,-4,32,-14,1
-1,17,3,22,0,27,-19,20,-11,25,-4,8
7,-9,-18,-2,-16,-27,-4,-28,-14,-28,-9,-25
-1,-7,-1,-24,-4,-9,-5,-18,-9,-17,-8,-26
5,-25,-3,1,3,-22,0,0,3,-18,-16,-1
7,-15,-4,-7,3,2,1,-15,2,-6,-15,-5
-1,-13,-19,-1,-6,-27,-7,-26,-13,-27,-10,-20
-1,-30,-15,-29,-7,3,-3,-23,2,-30,-7,-11
3,-29,2,-12,-15,-12,3,-16,-10,-3,6,2
1,-29,6,3,-2,-22,0,-4,-11,-1,-2,4
-2,-2,-3,-16,2,-27,-6,-10,-12,-25,5,-16
0,-19,-13,-24,-7,-20,-10,-24,-12,8,-15,-7
1,-25,-8,9,-7,1,-10,-5,-10,-11,-12,-7
-1,-1,6,10,-6,-14,-5,-14,-8,-25,-2,1
5,-14,-7,-7,-3,4,-4,6,1,0,-4,10
2,-19,-6,12,4,-21,-6,-19,7,-3,-16,5
-1,14,-11,-9,5,-10,0,1,-1,4,-3,-10
0,-11,-15,-14,0,-16,3,-21,5,-14,-17,13
1,-12,-17,8,-1,-18,-13,-14,-15,-9,1,-16
0,5,-8,1,-9,-2,-3,-3,-1,15,-3,-15
7,10,-4,-5,3,-7,-12,2,-16,0,-17,-18
1,-8,0,9,-5,14,4,-8,-18,-6,1,2
6,17,-18,12,-14,-9,-4,-1,-13,16,1,12
1,-5,-15,-5,-12,1,-2,19,-4,-7,-8,5
4,19,-15,5,-9,17,-12,11,-9,-10,-2,-13
7,9,3,-4,-2,5,-10,-8,-4,19,-19,-8
0,24,-11,9,-5,17,6,19,4,9,-4,-9
6,12,-18,-3,-15,16,5,20,4,25,6,24
2,13,-11,2,-8,-6,-4,2,4,18,4,21
1,5,-7,-8,1,11,-12,1,6,27,-17,9
4,21,-14,10,1,3,3,12,3,1,-1,-4
4,10,-11,0,5,24,-1,-3,-8,14,-13,23
1,13,-4,25,7,9,-7,8,0,23,2,10
2,16,-17,13,-4,28,-2,5,-2,21,-17,10
2,18,-11,28,-19,-2,-7,30,-11,2,-3,13
6,27,6,30,-15,13,2,33,-16,12,-12,23
4,17,-2,7,6,29,-8,12,0,10,-5,22
-1,2,7,22,-11,31,7,29,-1,1,5,24
-1,22,-6,29,-1,17,-1,18,-2,1,-11,27
0,-28,-1,-20,-1,-8,-5,-4,-15,-35,-13,-15
8,-14,-2,-14,4,-6,-9,-8,-14,-33,-7,-12
1,-11,-12,-33,-8,-19,1,-28,3,-2,0,-17
3,-31,-16,-17,5,-6,0,-8,-13,-3,-7,-27
4,-32,-14,-16,-7,-31,0,2,-8,-6,2,-27
4,-29,-8,4,2,-6,0,1,-3,4,0,-21
4,-27,2,-6,7,0,-7,-30,-9,-18,-3,0
-1,-22,-13,-3,2,-16,-10,-29,1,7,-17,-10
5,-25,5,-3,4,-26,-6,-10,-11,-11,1,5
2,-20,-10,-21,-5,-13,-7,6,6,-1,-4,-15
-1,10,-5,-1,8,-20,1,10,6,7,-3,1
0,-8,-15,-17,-8,-2,2,2,2,-12,6,-8
0,-24,0,-2,4,-21,3,-19,-13,12,-12,-13
0,-3,-11,-2,6,-13,-2,-22,-6,-20,-12,-4
1,-3,-10,6,6,-3,-6,9,-1,-22,1,7
6,-4,-6,1,1,14,2,-20,-9,-3,-4,4
0,-16,-13,-9,3,-16,8,6,5,15,-18,-7
0,-13,1,-1,1,17,2,-13,1,16,-10,7
7,-1,-8,-6,1,-5,0,-17,5,1,6,15
3,-16,-12,1,0,14,1,-17,-11,-9,-12,9
2,-12,-4,19,1,4,0,0,-13,-2,-5,-12
-3,21,-16,-14,1,6,2,-10,-5,2,4,16
6,-6,-9,0,1,1,0,-14,-13,5,-16,-8
5,-9,3,11,0,5,-2,-1,-14,20,2,-4
6,-8,-16,-6,1,10,-13,0,-10,14,-8,8
6,-11,-5,-1,1,13,6,-2,-2,-4,-4,25
6,-3,5,3,0,20,8,11,-3,21,-6,1
7,-5,-12,16,0,20,1,15,5,-9,3,17
7,-5,3,28,1,9,1,24,5,4,-7,18
8,-3,-15,27,3,-2,1,23,2,11,-4,-7
8,-6,7,18,1,27,1,22,1,9,0,-3
1,-5,-16,28,0,20,0,25,-7,-1,-7,-3
8,5,-17,13,-1,0,1,8,-5,25,-15,17
8,17,2,-3,-15,16,4,-1,-9,26,6,5
7,10,-10,12,-6,23,2,32,-14,32,-13,26
-4,20,-2,17,7,17,-1,3,-7,4,8,26
0,15,-8,22,5,10,8,18,-15,14,5,36
3,-12,-1,0,-6,-5,-11,-4,-1,-35,6,-18
4,-11,-7,1,-2,-20,4,-33,3,-3,-8,-5
6,-16,-8,-34,-14,-6,-11,-20,-3,-23,-9,-3
3,-18,-14,-18,-2,-13,0,-27,-4,3,3,-11
7,-10,-1,-23,9,-32,6,-25,8,-3,-12,-26
5,-8,-8,-1,5,-13,8,-15,7,1,-9,2
7,-3,2,-13,-16,-13,-6,-5,0,0,-11,-12
9,4,0,-25,-6,-18,9,-9,2,4,-2,4
2,-19,-2,-4,2,1,3,-20,8,-14,-4,0
9,-24,-10,8,4,-20,1,6,1,-7,-10,-3
9,-12,-10,-13,2,-3,2,7,-5,1,-11,-2
-6,0,-4,-24,2,-11,9,2,-3,-20,-6,-14
1,10,3,6,1,-5,5,7,2,-5,-3,-7
-5,2,-7,6,4,-23,1,-14,9,-5,6,10
-6,0,-9,13,1,10,1,-14,8,-7,-9,-15
-5,2,-13,-17,2,-5,3,-21,-5,14,-11,15
-6,15,-7,8,1,1,6,-9,-10,2,-10,3
0,1,-8,-6,4,-13,1,-2,-3,-11,1,-6
1,12,7,5,2,7,1,-5,-2,-4,-3,10
0,14,-8,11,1,-9,-11,-15,1,11,-12,-14
-2,-9,-8,-8,0,-13,8,12,-11,-1,-5,-13
-3,20,-14,10,-9,0,-7,8,-7,-15,3,1
-2,12,-8,13,9,5,7,18,8,3,9,15
-6,10,-11,23,1,9,1,15,-11,1,-13,2
-1,23,-3,-4,1,22,-5,11,-12,-2,-8,1
-4,23,-4,20,2,15,5,-7,-8,9,-6,-8
-1,-6,6,4,1,23,7,8,1,-6,-14,9
-2,8,-2,11,2,21,-3,14,9,13,6,5
-5,12,8,22,2,23,3,-4,-2,21,-7,13
-10,18,-7,11,2,5,8,27,1,7,-4,19
-1,16,-1,26,1,14,-6,10,8,17,0,24
-4,17,-6,19,1,22,7,7,-5,0,6,24
-4,19,-2,15,2,23,5,1,1,12,-3,25
-4,32,0,11,1,13,5,-2,5,8,1,13
-9,21,0,-2,2,2,-8,31,-10,30,-3,3
1,26,7,17,1,25,1,26,2,4,1,25
-1,19,-5,8,2,18,2,21,4,0,-6,33
6,-17,-16,-9,1,-28,-2,-30,-7,-28,0,-33
5,-19,8,-25,-5,-25,-4,-19,-10,1,-11,-12
8,-11,1,1,-1,-18,0,-29,-13,-5,4,-7
8,-9,-13,-6,-13,-12,-3,-6,-13,-24,-8,-3
7,-11,1,-30,-10,-7,6,4,-4,-21,-5,-16
10,-1,1,-16,0,-10,10,4,-8,-8,9,0
5,-3,6,-20,-9,-13,-9,-22,-11,-19,3,-20
4,-13,-3,1,4,-22,-13,-23,6,-19,-6,-11
10,-21,7,-20,3,0,5,3,7,-20,-5,-4
3,-24,4,-14,-1,4,-6,-13,-1,-3,-8,8
-6,-25,-5,-17,-2,-4,-2,-13,1,1,10,-2
-5,-18,-8,0,-3,-9,-6,-16,-1,-22,4,-23
-9,-2,2,-10,-8,0,-2,6,-2,8,-11,7
-6,12,1,-3,-9,4,-4,-19,3,-7,-9,11
-5,-19,7,-15,5,-2,-7,-4,3,10,-9,-7
-4,-12,-9,-11,5,-3,7,7,4,-6,-14,14
3,-18,4,-9,-16,12,5,9,-11,-14,-2,-14
-9,-16,-4,4,7,-4,-14,-13,7,-8,-15,-2
-7,-12,0,-10,4,-6,-5,12,5,-9,-3,11
-3,-6,-4,-4,-1,17,-2,12,2,-5,9,2
-1,7,7,11,-3,11,8,8,-12,1,-8,-4
-5,6,10,14,7,5,0,3,-8,19,-4,20
-5,22,5,19,-6,13,-8,-2,-12,-2,-2,13
1,-11,2,6,-7,3,-2,9,-3,14,-12,1
-11,13,10,10,-8,2,-8,21,-14,13,-16,-3
-10,10,0,-10,9,-1,-6,11,-12,19,-5,18
-16,23,6,-8,-3,25,-7,18,-13,-3,5,-6
-11,-2,-11,13,8,-1,8,11,4,14,-9,18
-3,6,5,4,-11,16,-9,27,-6,13,-3,15
-5,8,4,-2,-14,1,-12,-4,-14,0,-6,26
-7,15,1,23,-2,13,-4,4,9,26,-6,30
-2,10,3,28,-16,30,-2,21,0,26,7,15
-4,28,-1,24,-10,19,-8,21,-1,17,1,25
-6,17,-5,33,-2,31,-7,11,-9,20,2,11
0,18,-8,8,-15,12,-9,2,4,7,2,29
-1,18,-4,11,-1,13,-11,34,-5,1,10,27
-5,31,3,2,-1,32,-15,15,-5,16,-12,19
5,-10,5,-20,0,-14,-2,-1,-1,-21,3,-3
6,-18,-10,1,6,-10,0,-26,-6,1,-5,-18
8,-11,11,-7,10,1,-10,-17,5,-34,-11,-8
7,-7,-13,-14,-10,-27,-10,-14,7,0,9,-10
5,-19,-9,1,7,-23,-4,-6,-12,-29,-1,2
9,-6,2,5,-5,-23,2,-11,-2,-29,-6,-20
7,2,-11,2,-4,-30,-10,-27,0,-7,-11,-20
10,-14,-7,4,6,-21,3,-14,10,-10,0,2
1,6,-4,-17,-1,-23,-6,7,-1,-15,0,-22
-3,-20,-9,0,5,-11,-9,-5,-13,7,-8,-20
-12,-1,-11,-3,-11,-6,-2,-21,-9,-13,-4,-8
-4,5,3,-9,-14,-17,-1,-23,3,11,-12,-24
-9,3,3,-24,0,-20,-5,2,-3,-10,-2,11
4,-17,3,-11,6,5,-13,-9,-8,3,11,7
-7,-18,-1,-15,-6,-1,-4,-21,1,-12,3,7
-15,9,-8,-7,5,14,-8,5,-10,-1,-11,13
0,-2,9,9,-3,-11,-13,4,-7,-15,2,16
-10,16,10,2,10,9,-5,-9,-4,-7,-1,-10
-9,-4,-8,10,-5,-4,-11,2,0,12,-3,7
-4,-5,5,8,-13,5,8,-13,11,13,-2,-16
0,19,11,-3,2,-4,5,7,-6,18,2,7
4,-14,6,6,-4,5,9,-7,10,6,-4,20
-3,22,4,-4,-3,2,9,9,-6,-4,-11,-7
0,18,0,-8,-11,-4,0,-7,-6,18,-15,6
-2,7,-6,19,-7,-2,-1,22,-2,20,-10,2
-8,24,5,11,-4,4,7,7,-4,7,-10,23
-8,2,-3,-8,10,2,-2,-4,-12,24,-1,10
-11,17,-1,1,-8,16,0,17,-7,10,-1,26
-6,-4,6,-1,8,8,5,13,7,-2,-15,0
-7,8,-8,27,-14,3,6,2,4,7,1,8
-6,20,6,23,8,23,10,15,-1,24,-3,27
-2,0,-2,14,-6,-5,-12,8,-4,26,-9,27
-4,29,-1,9,11,4,7,18,-3,19,-7,28
-11,30,-11,12,-8,16,-11,-3,1,18,6,5
-2,24,7,28,-5,-1,8,28,-7,13,-5,28
-11,24,5,20,-11,35,-3,31,-7,15,-1,2
-2,16,-12,4,-4,3,-3,35,-15,9,4,16
9,-8,0,-16,-11,-33,3,-34,-4,-3,-9,-28
7,-7,-2,-10,6,-9,3,-10,-2,-22,7,-30
9,-7,-13,-5,-2,-20,-6,-16,-7,-18,1,-13
7,-15,8,-20,-3,-7,-14,-4,-5,-11,-5,2
6,-11,4,-7,-4,-28,-3,-14,-9,-19,-8,-16
10,5,-9,-26,-2,5,-4,2,-8,-4,6,-31
10,5,3,-24,2,-23,-11,-2,-3,-15,-8,-1
9,-23,11,-15,-5,-28,-14,-23,8,-17,9,-3
1,-8,-8,-18,9,-22,0,-7,11,-27,-8,6
-5,8,-8,-22,-12,-21,-9,-22,-8,-20,10,-6
-11,-11,4,-6,-8,-25,-12,-19,2,8,-3,10
-7,11,1,10,11,-12,2,-25,-9,-22,-1,0
1,-15,-3,4,-5,-1,0,-8,-7,-17,0,-10
1,-21,-2,-12,7,-10,3,-10,-6,-22,8,9
-5,10,-2,-12,6,-1,-9,4,12,1,-1,9
-12,-15,1,-20,-11,-21,0,-3,-14,-2,-8,-7
2,-7,3,12,-13,0,6,4,3,8,-2,-6
2,13,11,-2,2,-3,-13,8,-2,15,4,15
-8,2,4,18,10,6,-3,-7,-2,-17,-1,-11
-8,9,11,1,-4,-6,-13,6,-2,-11,-13,-1
0,3,2,10,-11,-12,-14,0,-1,-11,-4,11
-7,12,10,11,-3,20,10,10,-10,8,-2,9
-5,9,-10,0,-11,-12,-4,17,-11,2,-7,-5
0,11,1,4,7,13,3,-1,-9,-8,-1,-3
3,-3,1,15,-7,-4,-14,22,0,-3,-1,-6
-5,17,7,11,-9,8,-5,5,-3,8,0,12
-8,14,3,-2,-3,8,3,21,8,3,4,-3
1,24,-11,4,6,20,0,-5,8,21,-5,-2
-5,9,7,0,-14,14,-8,21,-2,1,-9,11
-3,25,-8,21,-13,28,2,8,-12,6,-4,-1
-4,26,-14,23,-6,27,-5,11,-7,14,-3,24
-5,7,3,13,-9,18,11,28,3,29,-12,22
-9,2,12,21,6,20,-6,17,-5,19,-11,28
-2,26,-7,-1,-9,12,8,8,7,20,3,17
2,27,-9,19,-12,12,1,25,-4,5,4,13
-10,33,-6,0,-9,10,8,32,4,29,1,19
-14,29,-2,30,-10,17,1,19,0,2,6,3
7,-3,-8,-29,-6,-33,10,-12,-8,-11,-8,0
7,-17,9,0,-9,-1,-10,-10,-5,-14,-13,-19
9,-3,-9,-16,11,-19,-3,-16,7,1,4,-27
9,0,-12,-23,11,-17,-6,-9,-1,-4,-5,1
7,0,-8,-3,4,-11,-6,-11,0,-6,8,4
8,-12,4,-21,-9,-17,4,-24,-7,-27,6,-29
8,0,-8,-30,3,-6,2,-20,-12,-23,-13,0
11,-28,11,-16,12,-6,-1,-22,10,4,2,-15
-2,-4,11,-14,11,-2,-6,5,-11,-26,0,-17
0,-3,9,-10,-10,7,-6,-21,1,-6,2,2
-7,-21,-3,-22,9,4,-8,-17,5,-9,-1,10
-1,-13,-2,4,1,8,-10,7,10,-2,9,-12
3,-6,1,4,-7,-8,0,-8,9,1,4,-24
-5,1,-13,5,-11,-22,0,-9,-4,7,4,8
-4,-8,2,-8,-11,-9,-3,8,-12,-4,13,4
-7,15,2,13,-8,-1,2,-4,8,10,13,1
-5,12,-4,0,-6,-18,4,9,9,-20,-1,10
-12,15,-9,-13,-5,-18,7,-2,8,-6,-3,-4
-8,-4,3,13,-4,-8,11,1,4,-12,-2,7
3,-8,-12,8,-12,-2,13,17,9,-2,-2,-10
-5,6,-5,-7,-4,2,-5,1,-2,-15,-3,-2
-4,9,-2,-8,11,13,9,2,9,-10,12,-1
4,20,-12,16,5,-3,12,0,-13,2,-4,1
3,-2,-5,16,-7,11,-3,16,13,1,-13,15
1,19,-7,17,-10,-5,9,15,6,-9,-3,13
1,-10,-2,2,-13,-5,3,10,6,11,2,0
-9,20,-3,-8,11,15,-5,5,7,-6,-8,6
-2,17,8,-5,3,-7,7,11,2,11,0,21
0,-5,13,20,2,1,0,-1,0,1,4,20
-11,19,0,26,0,18,4,-2,-7,22,-7,5
1,20,-1,21,-4,21,3,18,2,20,-6,26
-3,9,-6,25,-11,11,10,13,2,29,-2,17
-5,25,1,12,-11,0,10,32,9,23,-1,11
-8,2,-3,4,-10,23,-1,24,-9,33,-5,0
-1,31,12,27,-6,34,10,17,1,18,4,30
-6,33,4,4,10,3,5,22,8,19,8,17
1,17,-4,22,10,22,-3,2,-6,31,10,9
8,-6,9,-20,8,-26,5,-8,-1,-22,7,-28
12,-2,2,-29,-10,-18,-1,-3,-6,-18,-11,-6
9,-5,8,-5,0,-23,-6,-19,13,-8,12,2
8,-5,13,-25,-4,-17,-1,-2,-6,0,-3,-31
12,2,2,-9,-8,-3,-10,-7,-11,-8,-4,-13
10,-7,-9,-2,0,-12,5,-7,-8,-3,7,-30
11,-6,-7,-24,-1,4,-9,-10,5,-23,-7,-29
13,-24,14,-8,7,-18,-3,-18,12,0,-4,-5
5,-16,2,-13,5,7,-1,-16,1,-24,9,-11
-2,-6,11,-16,14,-18,-7,7,7,-20,3,-15
3,-16,-1,-4,1,10,-1,3,-5,8,-2,0
1,7,13,11,-7,-23,-2,-24,1,-5,-10,5
1,-12,12,1,11,-15,1,5,-6,-1,3,-22
3,-19,-8,-23,10,4,1,10,9,-19,-2,8
1,-16,-2,-7,7,-20,-2,12,6,11,9,-15
2,9,-3,-10,-4,-14,-7,1,6,6,6,15
5,-2,11,13,-5,2,-8,11,9,13,10,6
-8,-12,-3,16,-2,-13,-5,15,7,8,5,2
-2,10,1,10,3,-6,-2,-10,-12,-18,6,7
0,9,9,-16,-11,-11,13,18,-4,8,8,6
-6,6,0,12,11,9,-6,11,-4,-9,4,20
5,-5,6,-8,-6,-3,12,7,4,1,8,-7
1,6,-11,19,-2,-14,9,9,6,17,4,12
-2,21,4,-8,8,6,-2,12,6,8,8,13
-3,24,-4,-4,13,10,0,-1,12,-3,4,13
5,16,12,20,-6,-6,3,2,-5,3,-2,23
-6,21,-10,-8,2,-10,9,24,4,12,-8,1
-3,22,5,22,4,3,-7,-3,11,23,7,6
3,24,-6,6,-1,25,-2,-3,5,3,0,23
-2,-3,-2,18,-11,16,-6,12,-4,11,6,17
3,6,6,18,9,3,-8,15,-4,-2,2,-5
-8,12,8,4,-3,19,3,9,-5,19,-4,8
0,4,-2,5,13,4,9,21,8,-3,-3,14
-1,2,-5,3,-10,6,6,17,-8,22,7,3
0,28,5,9,-9,34,-2,4,-6,20,-11,5
2,26,2,-1,-7,24,10,28,3,3,-6,22
-12,34,6,29,11,18,-2,0,9,19,11,24
9,-13,13,-2,7,-31,5,-4,0,-23,4,-10
11,-20,5,-7,-6,-5,-3,-30,-5,-17,13,-5
13,-4,7,-17,-3,2,11,-19,4,-24,-4,1
11,-17,-5,-16,2,-5,-8,-24,3,-29,-2,-24
9,4,13,-13,2,-23,-10,2,6,-11,11,-13
9,4,-7,-28,0,-24,-11,-5,4,5,-8,-26
13,2,-3,-13,-11,0,1,-8,-3,0,1,-13
14,-20,7,-1,11,5,-8,-14,-2,-10,1,-11
2,8,5,-9,2,-13,-2,-15,-9,-17,-5,-7
-1,6,4,-9,14,7,8,-25,14,8,11,6
-11,6,10,-9,-4,-15,-6,-13,2,-19,9,7
0,-24,-4,-13,-9,4,10,-21,12,1,-6,4
-4,-3,0,2,13,3,10,9,4,4,1,-12
-3,10,5,2,4,1,0,-20,2,-22,3,8
-2,8,4,-11,1,11,12,-7,7,-9,5,-11
5,-13,-6,-13,9,-3,-1,3,1,-1,-2,11
6,8,2,-14,5,-2,10,0,6,0,13,-10
-8,-14,-6,14,5,-9,9,7,3,-2,14,14
3,-18,2,-2,-5,-15,0,4,4,-13,8,10
3,-12,15,-10,-6,12,11,-8,2,-11,-2,2
-1,10,0,7,-11,-9,-4,-2,10,-4,-2,15
-1,0,6,-2,12,6,3,-1,3,8,5,17
6,-11,8,-9,-8,-8,0,-7,-2,19,6,-12
0,6,3,8,7,10,-7,21,3,21,7,-13
5,21,9,-5,-7,11,7,24,10,18,6,0
0,5,6,16,3,12,0,-2,12,3,-2,-1
-8,21,1,6,-1,14,3,15,0,17,4,12
-1,-2,7,-3,-3,10,8,-8,9,24,-11,-2
-3,12,2,-1,11,7,-1,12,8,-2,1,-1
-5,12,5,6,-1,25,3,29,-6,27,-5,8
3,27,-2,9,12,-5,1,7,2,-3,-7,7
6,10,6,17,1,-5,-7,1,3,11,-1,11
-7,17,10,-4,2,0,4,20,-1,-1,-2,22
0,1,3,33,-4,26,4,22,8,-2,2,29
-7,22,8,7,-2,32,4,30,-6,-2,1,-1
-4,10,-9,4,-3,27,3,2,4,17,-2,7
-7,20,5,0,10,12,-3,14,-8,25,14,22
11,-5,-9,-20,1,-8,1,-2,7,-3,-3,-35
10,-4,-6,1,-3,-20,11,-16,6,-20,-6,-26
10,-17,-2,-16,-4,-4,-1,-4,-3,-5,5,-29
15,2,-10,-7,1,-4,2,-24,6,-4,-3,-8
14,-14,11,0,5,-29,-7,-21,-2,-3,6,-5
11,-16,-10,3,16,5,3,-31,0,-21,-4,0
14,-2,9,-19,9,-29,11,-12,0,1,7,5
15,-16,0,4,9,-26,-7,6,13,5,0,-5
0,-1,6,1,16,-21,3,6,3,2,-1,-23
2,8,-1,-17,-8,-16,4,0,15,-11,0,-19
-1,-15,-7,-20,2,-9,11,1,0,-4,-8,7
-9,6,10,8,3,-12,-8,-21,-9,-19,15,2
-2,-5,5,-8,-2,-24,3,-4,0,-4,-7,-20
-1,11,-10,7,-9,-10,-2,11,8,1,6,-21
7,10,8,-21,3,-1,-2,0,8,-11,4,4
-4,-17,6,-5,4,14,-1,8,14,-5,-1,-7
3,-7,5,-8,4,-3,13,14,-8,15,6,15
0,-16,8,-16,16,1,6,-15,9,-1,-5,-15
7,-2,0,-2,5,-18,5,-14,-1,-18,12,11
3,14,-5,14,13,19,6,-4,-2,10,7,2
-2,19,4,10,-5,18,11,16,2,10,1,5
7,-14,0,-2,-4,12,13,14,6,-1,11,-4
-5,8,-3,4,12,7,14,0,-1,10,-5,11
-2,8,-4,3,-5,5,13,10,3,15,-3,-10
4,-8,1,-4,4,14,7,24,5,-10,1,-8
-6,21,-2,5,-8,19,-9,-7,1,-5,12,3
-4,2,-9,-8,-1,-5,15,16,-7,23,4,8
5,6,-5,25,1,7,15,-3,4,3,-3,-9
2,-4,15,15,13,5,-4,17,14,10,6,20
-4,25,4,26,-2,-4,4,-2,-9,14,-4,15
4,5,-9,-1,-8,6,-6,10,-8,3,4,-4
-4,12,-3,19,4,16,10,28,-7,26,9,0
1,4,-1,5,-7,31,-1,-3,6,0,9,19
-8,31,13,13,14,31,15,9,-2,17,6,26
-5,9,-5,14,-8,24,-3,25,-8,29,-1,34
3,27,-2,19,-7,23,5,17,12,34,6,33
4,8,0,14,-7,16,-2,8,14,30,7,25
14,-10,14,-24,5,-34,6,-2,-8,-7,3,-15
15,-6,-6,-33,9,-22,7,-33,16,-11,-8,-21
14,0,2,-31,11,-11,6,-1,-8,2,-2,-6
11,-11,8,1,8,-13,3,-14,-8,-28,2,-20
11,-3,-7,-1,-4,-15,16,-28,10,-30,4,-27
14,1,-3,-12,6,-23,-3,0,-7,-13,-6,-16
10,-17,5,2,9,-23,13,-18,14,-20,5,-23
7,2,8,-10,-1,-3,8,-20,11,-1,0,-5
8,-20,-2,-20,-5,3,-2,-6,-6,-2,-3,-23
-1,-2,10,-12,-2,-14,14,0,-1,-24,13,-6
-2,5,13,5,-3,7,-6,7,1,1,-4,-2
-4,-1,4,-5,0,1,2,-23,6,0,1,-16
-2,-4,12,3,-4,-16,4,-5,14,5,-6,-10
4,-16,-2,9,14,-20,16,9,8,12,4,-14
-1,-17,14,4,2,-10,17,-11,11,-20,9,-16
-4,-5,-6,11,0,14,-1,-14,5,3,2,10
-4,13,9,1,13,12,2,-12,1,-8,6,16
1,10,3,-4,6,-8,0,-7,10,5,-3,-12
8,11,-2,18,-7,10,15,-2,12,-15,11,6
5,-5,9,-15,-1,3,-9,7,5,2,-3,-11
4,-12,-6,-4,6,7,7,9,-4,8,6,-3
-1,-1,0,-13,6,-14,4,-7,12,6,8,0
5,14,5,13,-4,-13,13,21,1,18,-2,6
0,16,-6,-12,-4,22,8,-12,6,-12,-1,23
4,-10,9,1,-8,-8,-6,-7,13,8,13,16
-2,-7,10,-7,-1,23,12,15,15,11,0,5
6,-10,4,14,13,7,3,5,0,11,7,3
-5,22,16,19,15,12,1,10,-5,6,-3,26
-3,22,1,11,14,16,3,-7,2,12,17,25
-6,10,6,1,-6,1,16,4,11,12,7,3
3,22,-6,27,8,28,-4,27,-3,15,-2,8
0,11,15,12,5,25,3,-3,-3,20,14,2
-8,10,4,-2,-3,4,-4,32,1,19,-6,-4
-1,3,5,6,-7,-3,12,32,8,10,16,20
-6,12,-3,2,9,10,10,8,3,5,4,25
-4,19,-9,7,5,12,-5,10,11,6,16,14
-6,24,2,15,-8,12,8,23,15,11,13,18
14,-9,6,-6,8,-32,-3,-26,-2,-30,4,-30
13,-15,-4,-10,-3,-35,2,1,10,-17,12,-15
17,-5,-4,-21,1,-5,8,-11,15,-17,9,0
17,-6,-6,-25,2,-21,0,-32,6,0,-5,-2
13,2,11,-24,6,-14,4,-15,-6,-18,-7,-14
14,-23,-1,-9,1,-14,4,-31,-6,-21,16,-15
8,-9,8,-6,0,-12,-2,-26,8,-28,17,-12
11,-24,9,1,14,-5,3,-9,8,-16,15,-19
7,6,-6,1,-7,-3,8,-18,15,-23,-3,2
9,-14,-1,-7,18,-14,-5,3,16,-10,18,-8
6,6,-2,-5,8,-18,-4,-7,2,3,14,-3
8,-10,11,5,4,5,4,8,12,5,5,-6
4,-19,5,-3,-2,-6,0,-13,3,-13,4,-15
0,-11,14,-2,-3,9,-5,1,1,-10,-2,-19
6,-6,6,2,-2,-9,-2,-9,-3,11,12,-9
-4,-17,6,4,2,-19,-4,-7,12,-11,-2,4
-1,-2,-2,-11,-5,13,4,1,-1,-1,9,-7
9,-19,3,14,2,0,5,-18,1,-17,-3,-4
0,-8,1,7,-8,-13,-1,-7,1,-14,13,-15
6,-15,9,4,4,-15,-6,14,12,3,4,12
6,13,0,-14,-1,-15,-2,-13,10,19,12,5
0,-7,12,19,0,-9,-5,2,-6,4,10,-3
-7,18,16,13,3,-6,-2,2,-3,-10,11,-14
-6,-8,-2,18,1,-11,16,-7,-8,20,4,9
1,-5,12,2,4,9,12,2,8,6,0,-3
-1,6,-2,0,1,-7,-4,-4,5,14,2,18
-2,3,-5,18,7,-4,16,17,-5,2,14,5
-5,-3,1,27,-5,8,17,21,3,16,10,21
-1,-7,12,27,-5,12,-3,15,9,14,-2,9
3,2,8,8,7,6,-8,20,8,20,-1,5
-5,29,8,-3,4,6,0,10,5,-6,2,22
-2,3,5,10,12,31,-4,17,-1,-1,16,10
-6,10,0,1,-2,3,-4,14,3,6,-3,7
-4,9,2,31,0,8,17,-1,-7,12,12,33
7,27,12,18,-2,-2,-3,-1,8,22,6,28
-2,6,-5,34,16,-1,13,11,17,7,0,14
-4,28,12,27,5,34,13,0,16,34,5,22
15,-2,15,-32,7,-26,4,0,5,-6,7,-17
12,-19,0,-2,12,-1,15,-1,17,-16,-3,-11
11,-8,-2,-10,11,-25,19,-15,6,-1,15,-25
12,-6,15,-6,19,-2,9,-6,5,-8,-4,-22
11,-20,10,1,10,-30,0,-25,15,-3,1,-11
17,-19,11,-8,11,5,-4,-30,9,-20,-5,-9
17,-25,5,2,10,-16,-7,-10,6,-20,9,1
5,-8,-5,-15,-6,-29,6,-18,9,-3,6,-21
11,4,3,-25,-6,-17,15,-9,-6,-24,13,7
4,7,4,-23,-5,-17,19,-27,12,-17,6,-3
6,-9,9,-22,3,2,14,-16,12,-9,-2,-13
10,5,7,-13,-6,8,14,-14,13,9,4,3
-3,-5,15,-2,7,-12,-1,10,-5,9,5,-14
-7,13,16,12,14,-7,-5,13,6,-9,0,-2
-4,-11,1,8,-6,-1,2,12,14,3,-4,-6
-5,4,-6,-3,-5,-6,-5,1,18,6,14,8
-4,3,-3,7,-6,-15,4,3,7,7,-5,-15
-4,-3,7,10,-4,4,-6,-1,2,-16,13,-13
-5,5,13,18,6,11,-2,13,13,18,3,1
6,-17,16,0,-3,7,5,-12,-4,-6,3,6
-5,17,3,4,7,4,17,-16,1,16,8,-12
-6,11,18,11,9,14,-4,4,1,-5,19,16
1,-12,13,12,15,14,6,8,2,-13,19,4
-7,-7,2,-1,2,12,-1,4,-1,22,-6,-9
4,17,-4,-7,4,12,-7,-7,15,-8,12,12
4,-11,15,7,-4,11,4,2,-3,2,12,14
2,3,11,0,2,2,-1,13,6,12,3,12
5,-9,16,20,7,7,-6,21,4,25,6,25
0,25,6,-8,0,10,-4,6,17,20,19,26
2,2,0,2,9,10,16,9,2,4,10,-4
-2,26,13,4,18,20,-5,27,9,0,12,30
-6,0,4,-4,-2,-2,-2,23,-3,26,-3,12
4,6,7,-2,1,8,1,-1,-1,12,-2,5
-5,8,16,25,3,33,0,26,10,9,18,22
3,14,10,5,5,3,9,7,12,23,-4,32
-4,11,5,6,-1,19,-7,13,12,29,-2,17
-4,20,0,16,-1,28,14,14,-1,0,11,32
13,-1,20,-12,16,-20,-1,-18,15,-14,9,-8
18,-33,5,-5,8,-26,6,-15,6,-20,18,-4
12,-3,6,-14,12,-10,-6,-13,10,-34,17,-22
17,-31,14,-14,15,-31,7,-2,2,-9,8,-29
17,-27,14,-30,20,0,19,4,7,-9,11,-16
18,-25,12,3,11,-25,18,-16,3,-24,-1,-9
20,-25,8,-11,11,-29,2,-1,10,0,10,-23
4,-6,10,5,4,1,16,-16,4,-4,2,-4
3,-1,9,1,17,-11,-5,5,-5,-19,5,-1
8,-20,4,-17,20,-17,5,1,-5,-14,2,-21
5,2,5,-5,4,-16,-2,-3,0,-16,18,0
3,-25,8,6,5,0,-4,2,9,2,-2,-25
-5,-17,5,-24,10,-1,11,-13,4,-10,11,-15
7,-5,12,9,0,-6,17,-10,16,-6,3,-1
-5,-16,11,-19,-1,0,5,13,-4,-10,13,-13
7,-11,15,-7,-5,1,-6,-3,-5,-7,7,-4
3,-12,3,14,5,-11,3,0,-5,7,5,-1
-4,5,-1,11,1,-12,-2,-15,-1,16,16,17
-6,-10,9,5,5,4,-2,18,-6,-1,15,9
-6,9,12,-9,1,16,17,-3,-5,15,17,4
4,-7,11,7,-6,1,2,16,18,20,14,9
-3,13,1,11,1,17,4,-12,4,-13,17,1
-5,15,5,13,-3,0,4,13,1,-4,15,-2
-5,6,-4,9,-2,-13,18,-9,4,-8,16,21
-3,-8,-4,-5,-4,-10,3,13,-2,10,8,-1
-5,12,10,0,6,9,-2,-10,-4,4,1,25
-4,2,10,23,15,9,2,16,17,-4,-1,17
7,-1,16,24,-1,24,-3,7,8,-9,2,1
8,-5,8,14,-2,7,10,6,2,1,-1,4
1,22,11,-6,-4,16,2,24,15,-2,13,28
-5,21,14,-2,2,17,-3,-2,16,18,2,16
-5,20,9,4,14,17,-1,6,0,6,6,23
-6,5,0,19,-4,3,10,18,1,5,-2,1
-1,1,-3,0,5,20,16,25,4,21,4,-3
-6,17,-4,28,3,6,-5,27,19,26,20,34
-4,21,4,30,9,18,8,7,6,15,7,-1
-4,3,1,0,3,22,-3,34,11,15,-2,30
14,-24,12,-12,19,-7,2,-18,16,-10,-1,-14
12,-10,19,-23,15,-26,17,-3,5,-34,11,-21
11,-8,6,0,17,-3,2,-4,21,0,12,-30
20,-31,15,-21,10,-12,-2,-6,1,-13,18,-18
21,-30,7,-14,16,-29,17,-6,10,-17,4,-11
11,-7,-2,-21,17,5,12,-31,21,-2,13,-8
10,-5,16,1,12,-20,1,3,14,1,7,-7
11,-17,9,5,5,5,0,-21,1,1,7,-27
9,6,6,-9,19,-8,4,-2,5,7,2,-26
3,-1,7,9,1,9,2,9,18,-3,-3,5
0,8,5,-2,2,-16,-4,-13,18,1,15,-19
0,-6,16,-12,17,-17,3,11,2,8,2,-12
1,10,14,-23,6,-7,5,-20,-3,8,17,-13
-1,-12,4,-18,2,12,11,-3,16,-7,15,-5
-3,14,0,-12,0,-10,10,13,5,6,10,-12
-1,-13,19,-15,19,-4,4,1,7,15,17,-9
2,-7,12,-3,7,12,2,-8,-2,4,10,-1
-2,10,3,-8,-1,-16,12,-11,14,1,-5,-2
-3,2,7,1,12,-3,12,0,13,5,3,11
-4,0,14,-3,6,-3,4,19,9,-11,18,-14
-5,-5,-5,7,9,20,18,10,3,-4,13,3
-3,-6,19,-6,-1,6,9,-6,-3,8,2,-7
-2,4,19,18,6,18,0,1,21,1,15,16
1,-10,21,-9,4,23,-3,8,15,-7,18,21
3,4,15,-9,4,-5,20,10,17,-10,17,4
-1,18,-5,14,11,2,17,13,3,-9,21,21
3,8,5,1,19,26,8,-8,7,8,-1,6
-4,15,7,12,1,6,1,2,15,22,7,10
-3,10,-4,-2,10,10,7,-5,15,3,6,6
0,11,4,0,5,18,-3,27,-5,24,15,22
1,23,10,-2,9,1,8,24,-4,11,1,-6
-4,3,-3,-1,4,-2,18,16,19,10,6,-5
-4,5,-4,3,5,9,0,10,11,15,3,13
-5,14,19,32,1,1,-4,-1,18,22,-3,25
-1,14,6,3,19,33,3,11,2,23,4,25
0,0,-5,0,11,24,7,23,11,7,20,33
-2,0,16,10,3,2,19,29,-4,10,1,8
12,-11,18,-29,15,-4,16,-17,20,-28,-2,-25
12,-29,8,0,12,-4,3,-34,22,0,14,-24
21,-23,21,-32,-4,-18,6,-21,0,-13,20,-30
22,-23,19,-2,4,-8,0,-7,9,-20,3,-17
11,-10,18,-26,14,-17,0,-2,4,1,13,-24
2,-6,18,-11,11,5,3,0,-1,-18,4,-27
11,-6,3,-5,17,3,7,-20,13,-28,-1,-18
15,-25,15,-10,3,-6,0,3,0,-29,14,-24
6,-4,19,2,19,-5,-3,0,-4,-2,9,-8
9,6,17,3,-3,-9,8,3,12,1,9,-11
9,4,5,-23,13,-10,9,-17,11,7,21,-9
4,-14,21,0,-4,2,2,1,2,9,2,-12
11,-8,12,-22,12,-9,-3,-14,13,-15,14,-2
-1,7,-3,-22,22,11,22,-21,-4,-15,18,-13
12,-22,-2,4,11,-20,0,-17,7,2,20,12
-1,-13,16,10,8,-18,12,-15,18,0,9,-7
1,-3,-3,1,4,9,-4,-9,13,-3,-3,15
-4,4,-2,-6,5,9,9,7,8,9,-4,-1
-3,-5,18,10,2,-16,-3,-7,4,-5,7,-6
-3,-13,4,2,2,4,10,-17,-3,-9,21,-17
-3,-14,-3,10,2,-6,7,-11,13,-8,-3,16
-4,-15,22,15,-3,19,20,-14,8,-11,-3,-12
1,-14,-4,-1,-1,16,-4,11,-3,11,22,0
-1,-11,18,6,0,-3,19,-7,-3,-11,20,6
-2,-8,-3,7,12,2,22,-4,-1,-7,10,21
1,-2,9,16,2,-2,21,-4,20,24,19,0
4,7,21,-5,11,0,13,20,0,-5,-2,-1
-4,6,15,18,11,16,5,15,11,3,-4,17
-4,14,-2,24,5,24,20,-5,20,12,14,0
-4,3,-4,12,1,21,8,1,17,27,-4,27
-3,9,7,0,-2,19,12,25,0,-2,-3,-4
2,5,-3,9,1,-1,19,0,17,31,22,20
-2,9,1,11,0,9,17,18,1,22,8,28
-3,13,-2,24,0,16,-2,29,-4,-1,15,16
1,1,0,-1,2,9,0,27,7,20,20,12
-2,-1,1,18,10,7,6,16,-1,31,0,22
0,1,3,5,-4,15,0,8,19,18,16,15
23,-30,11,-22,21,-3,10,-26,21,-9,6,-33
12,-14,16,1,10,-15,-2,0,15,-10,10,-33
14,-30,21,-18,0,-23,3,2,8,-11,18,-20
14,-28,23,1,4,-2,1,-9,13,-10,9,-25
14,3,-1,2,18,-2,-2,-32,-2,-4,6,2
10,-6,10,-14,-2,0,-1,-18,19,-30,22,5
9,-11,3,5,9,-6,13,5,11,-2,23,-26
11,-23,20,-6,3,-23,4,-6,6,-24,17,5
12,0,10,8,5,7,9,1,6,-19,-3,-13
9,7,5,7,20,1,12,-4,22,-5,16,-23
8,1,8,6,4,2,4,-11,23,-22,19,-1
0,9,13,-3,22,-16,6,-15,1,7,3,-16
4,-16,19,2,8,-3,7,4,19,-21,-3,9
-1,8,3,-16,13,12,9,5,0,-3,0,-1
-2,6,11,-17,13,-11,3,-4,9,-3,21,0
-3,-1,18,-6,-1,-18,0,-3,21,-7,1,4
-1,-4,6,-4,13,13,-1,-9,8,8,2,-15
1,-6,21,17,9,-1,23,-16,21,-15,-1,-3
0,-9,21,-17,11,-3,-3,-14,22,7,-2,-7
-2,-14,23,3,19,8,23,-3,8,-9,4,1
-1,-15,22,-3,-1,15,-3,-14,10,-4,16,15
0,-14,-2,20,-3,-3,20,-15,-1,-9,3,-14
-3,-13,13,9,22,-12,20,3,18,-4,17,-3
-3,-10,-1,2,21,-10,-1,-8,0,23,21,-10
5,-9,20,-2,-3,-12,2,-8,6,-6,20,18
1,-2,10,-8,-3,0,3,-3,-1,17,17,3
-1,7,11,7,13,9,12,10,5,21,16,2
2,-7,2,23,1,-7,23,3,23,8,-2,1
7,2,5,23,22,-7,21,18,23,24,-3,4
-2,3,1,13,-1,11,1,2,1,1,-2,17
3,3,14,19,0,25,3,22,4,6,-3,18
2,8,4,26,22,1,22,20,20,4,2,21
3,-4,16,9,1,31,4,9,4,24,22,3
-2,9,20,18,5,27,-2,22,1,6,0,17
1,1,8,10,4,22,14,19,14,23,16,28
-2,0,1,16,-3,0,1,9,23,15,19,-1
1,0,16,20,9,8,13,34,2,2,23,13
14,-13,13,-15,11,-17,22,-23,23,-2,11,-21
16,-19,4,-33,12,-7,19,-7,10,-4,-1,-29
15,-11,1,-16,1,-9,14,-15,4,-3,22,-16
14,-26,24,2,8,-15,13,-33,-2,-15,16,-13
8,-10,-2,-15,15,-2,18,-17,24,-1,7,-4
7,-6,8,-4,23,-2,20,-10,15,-15,1,-2
10,-8,14,-10,19,-6,18,1,19,-19,19,5
8,2,19,-4,7,-9,1,-19,15,-10,13,6
5,-5,11,-2,5,-2,22,-11,20,8,3,-11
13,-22,-2,-22,2,-2,11,9,11,8,4,-24
11,1,16,4,2,-20,8,-10,20,2,23,0
8,-19,9,-15,8,-5,15,-10,20,-6,0,-5
-2,7,4,-16,0,0,8,-12,0,-3,14,-5
1,-1,6,4,15,-4,5,-18,-2,-3,21,-4
5,-6,10,-17,-1,10,23,-22,1,-1,-2,1
0,-11,5,6,24,-7,19,-6,22,-16,3,-19
-1,1,18,-5,3,-10,-2,13,17,1,6,-9
-2,-3,1,0,7,-5,2,16,-1,15,14,-18
5,-8,23,-15,-2,15,1,-10,7,8,2,17
1,-14,17,-1,24,-12,11,-5,13,-8,-2,-13
-2,-14,-1,16,-2,13,-1,-13,-2,19,20,-12
-2,-11,22,-11,14,-6,13,-4,0,12,19,-5
-2,-1,3,-5,12,-11,24,2,3,-13,-2,15
-1,7,1,18,4,19,4,-13,2,22,-1,23
5,-3,18,-6,7,-6,15,4,16,-4,5,-6
2,7,-2,5,3,-6,23,18,3,6,-2,16
2,0,23,0,1,19,-1,22,24,-5,1,20
0,6,1,15,13,26,21,11,-1,17,20,-8
-1,3,0,9,12,-4,-1,13,22,-5,11,-5
-1,11,-1,15,12,20,4,5,20,27,20,-5
1,4,24,5,18,22,6,21,24,2,0,17
-2,19,-2,-3,22,2,2,22,24,4,-1,8
-1,18,2,25,22,7,24,0,-2,21,23,0
7,7,13,19,-1,-2,0,5,24,-2,14,27
-2,12,20,27,15,25,12,30,0,34,1,1
2,1,3,2,14,0,0,28,13,12,17,13
-1,0,13,36,22,2,1,12,23,12,19,22
17,-13,3,-25,15,-30,1,-20,3,-26,14,-4
17,-6,11,-29,10,-16,8,-28,23,-12,9,-33
25,-17,10,-16,16,-5,16,-15,5,-25,8,-30
25,-18,17,0,22,0,1,-7,14,-17,10,-32
25,-21,1,4,20,-3,4,-2,3,-16,0,-4
25,-18,10,-29,8,-16,14,5,9,-12,-1,-31
18,-23,13,-29,23,-12,14,1,22,-15,20,-11
15,-24,23,-21,11,6,12,-16,16,-5,16,-23
9,8,3,-20,16,-15,5,-8,18,6,1,-9
11,4,8,-6,22,-1,7,-3,5,-8,23,0
8,-11,8,-7,2,6,9,-19,6,-24,0,-21
11,-9,7,-3,20,-3,5,-24,7,-8,4,-25
1,-17,3,-2,8,-15,19,-11,-1,-20,0,-1
12,-14,3,-2,15,11,8,-14,9,-15,9,-19
14,-8,0,-13,25,11,25,-5,0,8,23,13
4,8,6,-20,0,15,-1,2,2,-19,14,-5
-1,-2,22,-2,-1,-11,2,3,9,-9,4,13
4,-9,23,-4,-1,1,3,6,7,-5,3,-17
-1,7,4,7,-1,-14,10,-12,24,-12,2,0
2,-4,25,-14,12,-17,1,3,12,2,-1,15
-1,-4,2,-9,14,1,22,-14,2,-6,0,-16
-1,6,20,11,12,16,12,9,20,0,7,-14
7,-5,23,14,24,10,11,12,24,-5,0,12
2,6,20,-10,18,-13,24,-10,25,-7,20,-4
11,-2,21,22,4,2,19,23,16,17,20,12
2,21,23,-4,7,-3,2,-4,2,8,-1,20
7,3,9,-5,-1,26,-1,21,-1,2,14,-2
9,4,24,-5,21,11,0,0,-1,2,1,-5
5,8,4,-4,19,7,23,-3,5,-6,0,22
1,22,23,13,5,24,20,6,6,29,10,1
5,12,4,-4,1,26,-1,13,0,29,16,8
9,3,21,11,13,1,25,8,5,23,0,15
1,15,5,22,9,-1,24,6,2,18,11,-4
5,-2,14,12,8,30,2,28,-1,-2,23,-1
1,6,14,5,0,27,-1,5,0,29,10,8
1,20,21,7,6,3,-1,0,0,18,0,7
1,2,22,15,23,4,7,10,3,3,22,8
14,0,8,-10,0,-5,9,-4,14,-5,19,-10
26,-23,6,-23,22,-22,1,-18,22,-13,19,-22
26,-26,5,-22,23,-4,26,-25,2,-17,26,-29
25,-27,2,-21,6,-14,21,-16,15,-11,9,-32
25,-32,26,-17,0,-19,15,-27,0,-3,23,-4
25,-24,4,-1,13,-8,15,-2,7,-1,12,-4
26,-14,18,-4,26,-28,8,5,14,-20,10,-20
9,-7,22,-24,24,-6,15,-8,5,0,26,-8
8,-1,21,6,0,-5,12,8,19,-2,12,-2
12,0,19,2,3,-12,5,-27,15,-8,25,1
10,-7,6,-4,1,2,0,-16,14,-19,2,3
12,-19,10,-4,1,5,25,-12,7,-12,19,-4
2,6,12,0,0,10,2,-23,22,7,22,-7
2,9,22,1,9,-4,21,-2,8,12,21,-21
6,-16,24,-1,23,-3,15,6,5,9,25,-1
16,-18,10,5,6,-7,2,-11,13,-6,26,-6
0,8,0,16,22,-6,15,-19,14,-17,3,-18
5,-11,18,-1,14,5,20,17,5,-1,25,-14
11,-5,21,1,13,8,10,-7,5,5,18,0
9,-14,3,9,20,13,0,-14,2,-1,3,-9
7,-16,1,-4,14,-15,0,-3,23,15,2,1
6,-13,8,9,12,14,2,-13,14,20,2,16
14,-4,6,20,12,-13,0,-2,23,-11,1,19
0,14,18,-9,17,9,0,17,12,8,24,15
5,16,13,11,13,12,20,10,8,-1,5,20
13,-10,14,-8,4,-10,26,-4,3,12,24,18
16,4,16,4,13,2,1,21,12,2,16,-5
14,5,17,19,13,13,23,-8,2,-6,26,0
7,-6,25,-8,4,3,5,-6,1,25,25,5
10,-7,26,-7,26,28,9,-3,16,28,1,24
3,1,9,17,7,0,11,15,5,10,14,10
5,26,16,25,11,31,13,10,7,6,3,22
3,29,8,0,10,18,1,10,20,13,4,-3
2,25,16,3,15,24,7,-3,12,29,0,0
8,-2,3,-2,1,14,16,26,16,15,0,0
3,20,2,24,6,21,2,18,0,12,1,8
0,5,2,3,23,35,0,0,7,21,19,20
