0,-2,-2,-25,-7,-13,-3,-34,-2,-27,-5,-12
-14,-5,-8,-15,-4,-15,-6,-8,-9,-4,-16,1
-1,-1,-7,-17,0,-32,-5,-24,-3,-29,0,-18
-20,-19,-26,-10,-16,-15,-6,-20,-1,-19,-25,-4
-13,-10,-5,-15,-4,-25,-24,3,-26,0,-23,-15
-4,-7,-5,-8,-5,-23,-26,-5,-26,-24,-6,-7
-14,2,-1,-27,-8,-19,-8,-16,-5,-7,-1,-9
-14,-12,0,3,-7,-19,-16,-18,-20,-3,-4,6
-9,-20,-4,-10,-5,-10,-3,-19,0,5,-1,-24
-14,-13,-1,3,-24,5,-16,-13,-1,7,-23,-21
-24,-17,-2,-5,-6,-9,-20,2,-2,-11,0,1
-8,-12,0,2,-14,11,-3,-17,-7,-9,-24,-23
-18,8,-6,-7,-2,11,-25,-5,-8,-13,-2,-16
-2,7,-22,10,-1,-21,-3,-16,-26,-1,-25,-20
-7,-9,-5,6,-24,5,-2,-1,-6,3,-5,8
-2,6,-4,0,-5,-6,0,-16,-5,-5,-4,5
-21,15,-6,-5,-3,-16,-5,-2,-5,-17,-2,-8
0,8,-3,15,-6,-18,-23,-2,-2,-11,-4,4
-21,15,-2,-5,-7,-11,0,13,-26,-15,-10,-7
-1,8,-5,2,-18,-4,-3,19,-3,-16,-3,6
-4,2,-3,13,-22,-10,-7,6,-2,-4,-8,4
-4,5,0,19,-19,-5,-4,9,-3,-8,-5,0
-1,12,-2,8,-8,17,0,-3,-26,-8,-2,17
-14,10,-5,17,-4,-13,-3,18,0,-8,-5,5
-17,20,-4,21,-14,2,-6,6,-5,12,0,-8
-8,0,-2,19,-3,-10,-4,-4,-4,8,-3,10
-5,6,-2,10,-19,3,-19,-1,-2,17,-1,13
-2,19,-3,12,-8,5,-21,-1,0,21,-4,15
-15,24,-10,26,-1,-5,-3,3,-22,0,-8,7
-4,12,-7,28,-2,10,-1,-5,-26,13,0,22
0,22,-7,13,-22,3,-24,15,0,11,-22,14
-3,22,-26,9,-26,26,-21,24,-20,29,-22,14
0,25,-5,9,-19,16,-24,23,-2,17,-2,21
-13,24,0,-3,-7,11,-4,22,-3,29,-3,17
-1,26,-5,7,-3,27,-25,27,-25,27,-8,19
-6,18,-1,20,-6,7,-26,23,-1,23,-4,17
-15,14,0,4,-3,22,-24,3,-3,27,-1,27
-16,-1,-12,-4,-9,-35,-20,-35,-9,-11,-10,-1
-10,-2,-15,-11,-6,-8,-18,-32,-12,-5,-7,-28
-9,-11,-19,-34,-6,-6,-16,-25,-7,-28,-20,-13
-6,-9,-16,-12,-9,-19,-12,-25,-14,-29,-8,-27
-3,-2,-1,1,-4,-15,-1,0,-2,-1,-1,3
-6,-11,-3,-14,-1,-9,1,-22,-4,-1,-23,-27
-5,-7,-15,-12,-1,-14,-24,-22,-2,-24,-4,-4
-11,2,-4,3,-3,-28,-24,7,-6,-6,-3,-27
-15,4,0,7,-4,3,-4,-21,-2,2,-3,-14
1,9,-3,-22,-3,-22,-21,-21,-3,-3,-3,-22
1,9,-5,-7,-4,-23,-3,5,1,2,-4,5
-2,6,-23,-20,-4,-12,-2,1,-3,3,-22,-21
-2,5,-4,-9,-22,-11,-1,-10,-2,-16,-4,-22
-7,-15,-3,5,-15,7,-3,-20,-3,12,-5,-5
-3,1,-6,-2,-2,-14,-2,11,-3,-21,0,0
1,9,-1,7,-4,3,-1,-1,-4,6,-2,3
-3,1,-3,9,-22,-15,1,-16,0,-13,-1,-19
-12,-3,-7,-3,-23,7,-25,2,-19,14,-1,14
-24,-18,-3,13,-14,1,-21,-13,-5,4,-22,4
-20,-12,-3,6,-23,-5,-6,-8,-4,-12,-7,-8
-24,-8,-8,-8,-5,-16,-22,-3,-17,18,-23,-10
-1,16,-7,-2,-23,13,-2,5,0,-10,1,7
-4,5,-3,8,-17,4,-7,-4,0,-11,-6,8
-3,9,-18,2,-1,-3,-7,19,-3,2,0,19
-16,4,-1,15,-1,8,-7,8,1,20,-1,8
-9,-2,-2,19,-2,1,-19,-2,1,-5,-4,-2
-1,22,-2,12,1,26,-21,9,-22,7,-24,7
-18,16,-1,7,-21,3,-25,21,-3,25,-6,6
-4,13,-6,10,-5,14,-1,23,-3,18,-19,2
0,24,0,0,-14,2,0,-7,-3,-5,-2,19
-3,20,-5,12,-22,17,-4,15,-2,22,-4,-1
-7,-1,-19,-2,-6,31,-10,-5,-9,22,-4,29
-13,11,-23,-4,-22,21,-10,8,-5,27,-10,-2
-6,16,-5,-2,-2,11,-4,27,-3,20,0,6
-8,7,-20,5,-5,13,-5,5,-21,21,-22,3
-6,20,-19,12,-5,22,1,11,0,20,1,35
-4,27,-24,18,-2,36,-25,20,-7,17,-4,27
-6,-9,-15,-19,-6,-4,-15,-35,-24,-3,-14,-8
-16,-28,-9,-30,-10,-30,-17,-1,-21,0,-12,-3
-7,-28,-11,-8,-8,-29,-3,2,-8,-25,-14,1
-6,-7,-24,-32,-12,-12,-20,-9,-6,-14,-11,-33
-8,-31,-15,-2,-4,-1,-7,-29,-12,-24,-5,3
-8,-16,-7,-25,-3,3,-10,-18,-15,-2,-17,-29
-3,5,-12,-22,-12,-22,-16,6,-17,-30,-14,-24
-10,-1,-14,7,-19,-29,-8,-3,-9,-23,-18,-4
-20,-25,-16,-13,-8,-15,-20,-25,-12,1,-11,-6
-18,8,-16,-27,-7,1,-10,0,-9,9,-16,0
-2,3,-5,-10,-5,-7,0,8,-24,-1,-1,10
-11,1,-3,6,-4,-13,-24,-11,0,3,-18,-4
-1,12,-3,-3,0,0,-5,-16,1,12,-24,9
-5,-8,-3,2,-3,9,-19,13,-23,10,2,-14
1,12,-5,-1,-22,-20,-2,13,-21,-9,1,6
-19,13,-6,-6,-23,4,-6,6,-23,-16,-19,-15
-1,8,-2,10,-15,16,0,15,1,-11,0,-5
-20,12,-2,1,-3,-8,-1,13,-3,-6,-6,-18
2,14,-1,6,-3,-6,-5,-1,1,14,-11,-14
0,16,1,16,0,16,-4,-15,-5,-2,-6,-4
0,20,-6,17,-3,9,-3,12,-1,-4,-2,15
2,18,-1,8,2,-3,2,-9,-3,13,0,19
-18,18,-4,-11,0,20,1,22,2,11,0,18
-14,3,-2,23,-12,-1,1,10,-24,5,-2,12
-4,6,2,10,-1,-9,-6,-1,-3,6,0,-5
-3,11,-24,19,-4,-8,-3,9,1,17,1,23
-16,12,1,21,-3,-6,-3,15,2,24,-2,20
-4,12,1,6,-4,9,-2,-7,0,25,2,-8
-17,22,2,-5,0,23,-20,-1,0,-3,-2,28
-8,13,1,-6,-7,2,-9,27,-24,19,-10,4
-9,20,-18,-1,-15,-1,-15,1,-16,-2,-15,0
-6,18,-6,18,-9,1,-19,15,-3,30,-18,-4
-5,19,0,31,-23,-3,-23,1,1,-4,-4,17
-6,18,-22,-1,-16,23,-16,17,-7,8,-21,20
-3,28,-1,11,-4,24,-6,15,-23,12,-1,13
-10,13,1,35,-12,27,-1,23,1,7,0,29
-17,26,-3,29,2,35,0,0,-1,23,-2,34
-3,0,3,-22,-22,-13,1,-17,-10,-32,-15,-15
-5,-2,1,-16,1,-6,-11,-5,-17,-23,-7,-1
-6,2,-22,-11,0,-18,-11,-8,-7,-11,-5,2
-6,-7,-22,-14,-10,-17,-4,-31,-11,-14,-9,0
-3,2,-19,-12,-8,-20,3,-30,-10,-20,3,-32
-5,-2,-13,-4,-9,-29,-18,-18,-21,-21,-10,-19
-5,4,-11,-14,-11,-1,-18,5,-10,-29,-18,2
-13,-29,-1,-17,-5,-3,-20,-21,-9,-17,-19,5
-14,-23,-3,-26,-16,2,-14,-6,-1,-16,2,5
-8,-27,-5,-23,-11,-20,-6,-8,-12,-24,-16,-11
-23,-17,-13,-12,-8,-3,-7,-12,-20,-25,1,10
-17,5,-11,10,-6,-18,-11,-17,-11,-22,-19,7
-9,-15,-16,7,-10,-15,-3,5,-13,-15,-1,-12
-6,-10,-9,-13,-8,-23,-2,11,-8,12,-17,11
-17,7,-22,7,-4,-9,0,0,1,0,-4,-5
-4,-3,2,7,-6,11,-20,-17,0,1,-4,-5
-18,4,-5,-1,-11,2,3,5,2,15,0,12
-16,-11,-5,-19,3,-15,-2,3,1,7,2,0
-2,5,-3,-6,-14,5,1,-10,2,-16,-21,-15
0,17,-4,-2,-1,-4,1,8,-13,-3,-1,5
-16,8,0,-9,-10,16,-15,-7,1,9,-1,-3
-4,1,0,-11,-15,0,-5,6,-1,-1,0,7
-4,3,-1,-12,-3,6,-16,3,-19,-9,-23,6
-2,12,3,22,-4,-1,2,21,-2,19,1,16
-1,16,1,0,1,11,0,-7,3,-9,0,23
-9,12,-5,6,-1,8,-3,14,1,21,-1,-11
-12,6,2,-2,-4,-1,1,14,-3,8,-3,6
-5,6,-22,19,-4,8,-20,12,-20,6,0,24
-1,28,2,4,0,26,-1,24,-22,27,-5,9
-8,23,-7,12,-22,13,-4,4,-16,-2,-23,3
-6,-3,-16,5,-17,-2,-15,16,-13,28,-3,26
-8,7,-16,-2,-15,3,-3,0,-10,18,-9,4
-22,5,-11,-2,-2,29,-9,5,-6,14,-15,4
-8,26,-4,24,-5,4,-9,5,-14,3,-12,8
-21,-1,-4,21,-3,23,-1,27,1,22,-3,24
-10,16,3,8,-1,8,-20,6,3,21,-11,27
-13,28,-1,10,-1,4,-21,22,-5,36,-15,20
-3,0,-8,0,-2,-26,-14,-29,-8,-9,-8,-23
-6,-31,3,-1,2,-30,-8,-1,-11,-17,-10,-30
-4,-3,-21,-29,3,-22,-6,-2,-1,-33,-2,0
-2,2,3,-31,-17,-7,-10,-1,-6,-23,-12,-2
-3,2,-17,2,-16,0,-18,3,-18,4,-11,-13
-4,5,-3,-18,-10,-20,-7,1,-10,-15,-16,-11
-4,5,-9,-25,4,-9,-20,-21,-10,-12,-18,-27
-12,-23,-14,4,-9,-9,3,-13,-5,-21,-22,-28
-6,-25,-14,-18,-15,4,3,-1,-8,-12,-6,7
-11,-27,-22,6,-5,-27,-11,-6,-8,-16,-14,7
-10,-20,0,-19,-22,1,-16,-18,-20,-6,-22,-10
-5,-21,-17,-23,-8,-16,-7,-17,-5,-3,-13,6
-15,-22,-3,-18,-20,-24,-12,-4,-17,-24,-17,-19
-6,9,-8,-21,-5,-7,-9,0,-13,-23,-14,5
-6,-9,-14,-19,-4,1,-6,-10,-3,5,-5,-21
-1,10,-11,15,-14,9,-14,-13,-5,-18,-20,-9
-16,6,-19,-12,-9,-7,4,-4,-14,13,4,-17
0,12,1,12,-1,-14,-1,-2,-2,-13,-2,8
-5,-8,-4,-9,0,-12,1,1,2,13,2,9
-16,11,1,-2,0,-15,-2,-17,3,5,-2,-4
-2,9,2,-12,-20,-13,2,17,-2,8,-22,20
-3,7,-1,9,-4,2,3,-14,0,21,3,-1
-17,16,-19,-10,-20,15,4,6,-2,13,0,18
-11,13,-4,-3,0,-5,-18,5,2,16,2,8
-1,16,-4,6,2,20,-1,-8,2,24,-18,0
-1,18,-20,3,-17,22,1,-1,0,6,3,9
-2,17,-3,-9,-3,11,-21,-7,-2,11,-22,14
-16,15,4,11,0,19,3,16,3,22,-1,16
-12,16,-11,-8,-13,-8,-18,25,-8,0,-9,3
-7,8,-12,2,-5,10,-7,-3,-11,1,-6,7
-3,22,2,19,-22,22,-5,26,-19,-4,-11,7
-12,-2,-8,10,-3,21,-8,30,-16,9,-13,6
-14,-1,-16,26,-11,-2,-9,23,-16,2,-9,11
-6,23,-6,6,-7,0,-10,26,-13,0,-4,19
-7,6,-15,28,-6,17,-14,1,-18,2,-2,2
-16,35,-15,20,-21,26,-2,30,-8,2,-11,32
-13,33,-21,21,-5,20,-1,11,-13,11,-12,13
-4,-8,-7,-24,-9,-16,-14,-21,-14,-20,-19,-18
-2,-3,-9,-35,1,-10,-5,-18,-19,-24,-5,-15
-2,-1,-10,-22,-11,-29,-8,-32,-15,-9,-7,-31
-4,0,3,-16,-13,-33,-21,-31,-8,0,-3,0
-2,-1,-4,-12,-13,2,-15,-22,-15,-13,-14,0
-4,4,-16,-19,-13,-24,-12,-16,-17,-13,-20,-12
-12,-28,-8,-14,-11,1,-4,1,-2,-18,-6,-4
-2,6,-15,-20,-13,-5,-10,-7,-3,-17,-5,-8
-13,-26,-13,4,5,1,1,-27,-11,8,-13,-18
-2,3,-1,-11,4,-2,-7,-3,-4,-27,-9,-11
-4,-1,-8,7,3,-11,-17,-17,-2,8,-4,-15
-10,-22,-2,-11,-21,-5,4,-10,-6,4,-18,8
-8,-17,-11,-8,-17,-16,-11,-8,-11,-2,-15,12
-6,-7,-17,-14,-17,-23,-4,1,-4,-19,0,-19
-13,-14,-9,3,-4,1,-4,1,-17,7,-11,2
-4,-4,-10,-12,-5,6,-7,-16,-12,-14,-17,-5
-9,9,-4,1,-9,-14,-10,-15,-10,-13,-7,-4
-11,11,-14,-5,-17,-5,-6,-6,-17,2,-18,5
-6,2,-11,-13,-9,6,-2,10,-15,-18,-17,-14
-5,5,-5,-3,-21,-5,-5,-10,-15,-16,-1,-12
-6,-5,-16,-13,-3,9,-8,12,-5,0,-10,-10
-11,19,-1,13,-5,-15,-13,16,-14,-13,-6,-3
-8,19,-16,13,-15,-14,-9,-8,-5,7,-19,10
-4,1,-5,13,-8,9,-8,-6,-19,11,-4,1
-13,22,-2,17,-8,-6,-6,10,3,1,4,-4
-16,25,-1,-11,-11,10,-5,-5,-4,2,2,-10
-6,11,-20,15,-17,13,-4,6,-19,16,-1,19
-11,-1,-12,13,-12,24,-9,22,-18,3,-21,13
-1,20,-20,8,-16,6,-3,-5,-4,8,-12,7
-5,22,-9,-1,-6,22,-5,-4,-17,-6,-1,24
-10,-5,0,30,-8,-3,-20,25,-6,1,-6,4
-5,0,-6,-1,-2,20,-3,26,-12,29,-19,31
-16,0,-5,11,-6,20,-10,25,-18,20,-9,-1
-5,3,-7,-2,-9,10,-11,-3,-8,23,-10,5
-6,-1,-5,-2,-5,9,-3,24,-2,26,-1,28
-4,21,-11,29,-2,5,-4,13,-21,8,-11,3
-13,36,-1,31,-12,6,-10,2,-6,20,-11,27
-2,-11,-16,-8,-9,-36,-5,-27,-5,-33,-3,-31
-11,-31,-17,-4,-3,-11,-14,-30,-11,-16,-13,-18
0,-2,-7,-19,-4,-1,-5,-4,-8,-13,-8,1
-15,-33,-16,-6,-5,-16,-6,-26,-18,-15,-1,-5
-4,-1,-16,-9,-16,-30,-5,-18,-2,1,-15,-25
-3,-7,-18,2,-5,-12,-4,-11,-8,-6,-17,-2
-10,-26,-3,-19,-4,0,-3,-9,3,6,-18,-10
-4,6,3,-20,-4,0,-4,-11,-14,1,-16,-2
-4,5,5,1,-4,7,-4,-27,4,-8,-18,3
-4,0,-14,-9,-17,-27,-5,-4,-7,9,-4,4
-4,-19,-6,5,-17,-25,-16,-26,-5,-21,-16,9
-9,-17,2,-14,-4,7,-7,0,-19,-25,5,4
-5,-1,-12,6,-16,-21,-3,1,-14,-22,-17,-24
-20,-15,-15,-8,-4,-1,-9,-13,-18,8,-4,0
-3,-10,-8,9,-5,-11,-13,-22,-2,-20,-14,8
-12,14,5,-1,-8,-18,-4,-17,-6,1,-4,-20
-11,6,-9,-2,-5,-11,-12,-14,-16,4,-12,-4
-8,14,-13,1,-19,-17,-10,4,-7,-4,-17,-18
-6,-10,-5,-11,-11,-11,-6,-18,0,10,-10,16
-6,-10,-13,-15,-4,-15,-4,5,-17,-17,-7,-4
-12,-12,-16,-2,-5,4,-4,-7,-9,-2,-17,-6
0,16,-11,8,-16,-14,-8,2,-6,-14,-11,-12
-5,3,-3,5,1,21,-5,15,1,20,-3,-12
-5,5,-12,23,1,23,-3,9,-2,15,-7,14
-4,13,-12,-11,-4,3,-14,-11,-16,2,-9,15
-9,25,-1,17,0,18,-8,14,-11,10,4,-1
-10,19,-9,-8,-1,-5,-3,-8,-6,19,-12,12
-7,16,-17,8,-3,-8,-11,14,-4,19,-4,4
-5,20,5,2,-12,-4,6,11,-8,24,-13,-7
-1,22,-6,-1,-4,9,-3,20,-2,-2,-8,-5
-6,0,-10,11,-3,7,5,-2,-13,-2,-13,27
-8,-1,4,24,-18,31,-1,13,2,8,-14,28
-13,0,-10,17,-2,24,-12,26,-15,15,-15,19
-5,0,-17,13,-7,-1,-12,-1,6,33,-11,17
-8,1,-14,19,-10,6,-1,19,-3,19,-6,19
-4,18,-13,-1,-9,2,-10,8,-3,27,-9,24
-16,2,-3,2,-3,2,-15,19,-5,0,-6,26
-4,-17,-5,-13,-10,-21,-6,-31,-9,-20,-10,-3
-17,-25,-4,-6,-19,-17,-2,-18,-1,-27,-19,-4
-4,2,-15,-18,-10,-26,-4,-18,3,-5,-10,1
-16,-33,-14,-1,-4,-20,-6,1,-2,-13,-4,-11
-2,-11,4,-18,-14,-27,-10,-32,-8,-15,-4,1
-7,0,-2,-28,-2,-10,-11,-27,-11,-31,-15,-8
-10,-5,-15,-5,-4,1,-5,-29,-4,4,-18,-28
-2,-10,-12,0,-12,-18,-7,-27,-5,-20,-3,-21
-2,-26,-9,1,-19,-27,-8,-20,-4,3,-5,-1
-6,9,5,-27,-6,-26,1,5,-5,-23,-15,-13
-7,10,-9,-25,-19,-22,-15,-25,7,-15,-7,8
1,5,-16,-23,-4,3,-4,-10,-6,-25,-15,4
-1,-17,-13,0,-17,-15,-4,-14,-7,11,-10,-2
-5,12,-2,-13,-12,-20,-3,-4,-11,1,-2,-15
-5,14,-13,14,-2,-18,-3,6,-1,2,-4,6
-2,-5,-8,-7,-5,-14,-4,7,-7,7,-6,5
-2,-19,-6,3,1,10,-13,-3,-3,14,-10,7
-5,10,-11,2,-1,11,0,8,-8,-13,-7,5
-6,6,7,3,-2,4,-3,17,2,15,0,-10
-5,-2,-10,-2,-3,8,1,13,-8,4,-16,-5
-4,19,-6,13,-3,12,2,19,-12,19,7,14
-1,-9,-10,11,-4,1,-9,-11,-10,-1,-10,11
-15,-13,-8,-7,-3,17,-4,4,-11,-13,-15,11
-9,-6,-7,-10,-4,5,1,20,-10,17,-9,13
2,24,-15,19,-3,22,-10,-8,-5,-12,-5,12
-3,25,-7,12,-10,-2,-4,16,-10,25,-12,15
-4,-3,-5,23,-9,-7,-7,-3,-5,-3,-2,-3
-4,18,-12,3,-11,-6,0,-4,-4,10,-8,-2
-1,20,-12,-3,-12,-7,-2,12,-6,-2,-10,8
-1,25,-17,19,-1,1,-5,-5,-3,12,-7,12
-6,-1,-8,4,-13,20,-5,24,-7,24,-14,11
-5,-3,-11,9,3,10,-18,12,-3,-4,-2,17
-7,-3,-3,28,-2,7,-5,-1,-19,6,-10,9
-6,-1,-15,26,4,32,0,3,-6,24,-12,33
-4,2,-14,22,2,7,-3,29,7,19,-14,1
-2,33,-19,19,-5,3,-15,35,5,10,-11,22
-4,2,-5,7,-2,6,-13,30,-4,18,-10,30
-3,-4,-7,-20,-17,-19,-11,-24,-5,-23,-3,-35
-5,-1,-17,-27,-14,0,-18,-26,-9,-7,-4,-15
-1,-27,5,-33,7,-18,-12,-23,1,-4,-12,-3
-1,-18,-4,-6,1,-30,-18,-11,-5,-8,-4,-2
-7,-4,1,-6,-18,-11,-1,-2,-4,-17,-13,-12
3,-17,-18,-12,-8,-11,-10,-15,3,-17,-13,-2
0,-20,-6,4,-1,-18,-12,5,0,1,-12,-19
8,-3,0,2,-6,-20,-17,-18,-1,-20,-10,-16
-9,0,-8,-26,-4,2,-7,6,1,4,-3,-12
-3,4,-6,-13,-5,-6,-9,-10,-11,-14,-10,5
2,-13,-6,3,-11,10,-12,-10,-13,-6,-1,-22
-7,-10,-4,-20,-6,-10,-15,-6,-2,1,-1,-25
1,2,-8,-5,5,-6,-15,-24,0,8,-9,-3
-11,8,-13,7,-12,-20,-3,13,0,-1,-11,-5
6,1,-7,-21,-13,2,-3,13,-13,-12,-2,-10
1,-10,-3,1,-14,3,-6,-9,-6,-20,-17,-21
8,-9,-7,0,-17,-6,-9,13,-2,16,-6,-5
-5,1,-12,-9,-17,15,-6,-5,8,12,-3,-13
-15,-8,4,6,-14,15,-11,-5,-15,4,-12,-10
8,-12,-12,-1,-12,8,-12,17,-15,17,-14,4
0,2,-8,6,-9,9,-12,11,-4,-6,-1,10
-13,11,-4,1,-10,14,-15,-1,-13,-1,-11,9
-5,15,-9,6,-11,21,3,-8,-13,10,-16,19
-11,21,-7,16,-17,2,4,2,-7,-3,-4,17
-6,1,-6,-1,-18,21,-4,-6,-18,-8,-11,-12
-11,12,-7,2,-6,-6,-1,-10,-1,-9,-10,15
-7,2,-12,21,-10,-8,-2,13,-6,10,-7,16
0,-6,-12,6,2,19,-11,-8,-11,-6,-12,-4
-2,16,-6,1,-8,-6,-11,-1,0,-4,-14,-7
-1,-2,0,-1,-11,-1,-1,11,-6,-3,0,-5
-6,-1,-4,28,-7,-1,-9,-1,-3,27,-11,28
-5,-2,2,5,-16,0,-3,2,-7,28,-16,27
-5,0,-8,29,0,30,-18,3,-7,24,-15,16
-9,-2,-1,32,-1,5,4,25,-15,5,-18,20
-5,-1,-9,12,-9,2,-6,18,-9,18,-4,27
-10,-1,-3,7,-16,24,2,3,-18,1,-8,16
-6,0,7,23,-15,6,0,8,-8,12,-17,21
-2,-26,-2,-26,-15,-18,-16,-34,-11,-4,-15,-35
-6,0,5,-10,-12,-17,-6,0,-2,-34,0,-4
0,-16,-17,-17,3,-13,-3,-23,-7,-14,-15,-25
-4,-5,-15,-22,-6,-26,-9,-6,-13,-18,-13,-5
-3,1,1,-2,-9,-31,-6,-15,-2,-17,-1,-14
5,1,2,-21,-11,-13,-13,-21,1,-24,7,-7
-10,-16,-7,5,-14,-23,-3,-14,-3,2,-16,5
7,6,-5,-8,8,-28,-14,3,-10,-4,-6,-29
-1,-7,-16,-17,-10,-7,-15,-16,2,-4,-9,-22
-9,-1,-10,1,-13,0,-6,-2,-11,8,-7,-11
-15,-15,9,-13,-13,-19,3,-17,-9,-3,-1,-26
7,-5,-2,-4,-17,-16,-7,-19,-10,-16,-2,-22
-11,7,-13,-24,-16,-14,-9,9,-2,1,-9,1
-8,-9,0,-19,-3,-2,-1,6,7,-7,-17,-9
7,-22,-5,-17,-10,-13,-5,13,-2,-8,1,2
2,-19,2,9,-17,5,0,-8,-15,11,-15,-21
9,-5,-11,12,-12,-7,-8,-6,-1,9,-10,3
-16,11,-9,0,-9,-8,-2,-14,-13,7,-2,-2
-12,-10,-1,3,-12,-3,-13,13,5,14,-6,-13
-17,-5,-10,16,-4,9,5,0,-5,5,-12,18
4,10,1,-8,2,16,-2,15,-14,14,-7,7
6,15,-11,10,-16,-2,-11,5,-11,0,-2,16
-5,14,-12,17,-3,3,-16,0,-3,9,-1,3
5,12,-8,6,-11,10,-7,23,-14,13,0,11
-3,15,-8,-9,-12,24,-17,-9,-7,17,-11,20
6,2,-14,15,-9,17,-15,-5,-13,-11,-2,10
9,-9,3,23,1,17,7,1,-16,-8,-7,11
-5,-2,-6,-1,-13,-5,-1,6,1,-6,-4,0
-11,-6,-1,8,3,24,-14,3,-6,-8,-9,-1
-5,1,-7,-1,-3,-7,1,22,-9,-4,1,-3
-11,-6,-9,10,-7,21,2,20,-14,26,-6,9
-10,-4,8,19,-6,26,-7,0,-8,11,1,29
-4,2,1,22,-8,8,-5,-1,-15,-4,-15,7
-11,1,-1,3,-9,3,-2,23,-1,15,-1,-1
-3,2,1,30,-3,23,-15,9,-2,7,-13,28
-3,4,-1,28,-10,13,-7,31,-8,14,4,9
-4,0,-4,3,-14,26,-8,6,2,4,-13,8
-4,-11,2,-7,3,-3,-7,-4,-3,-2,-3,-28
-5,-4,-8,-26,2,-31,6,-21,3,1,-9,-14
-6,1,-5,1,-5,0,-12,-20,-9,-19,3,-4
-13,-32,-9,-6,8,-29,4,3,-1,-9,-1,-9
-3,-24,7,-16,-2,-1,3,0,10,-19,-2,-7
-8,-17,1,-6,-15,-26,-5,-3,-15,-20,-14,-18
-5,-5,-9,-6,-2,2,-2,-1,-14,-17,-15,0
9,-2,-4,1,-14,-7,-14,-29,-13,-22,-7,-20
-9,7,-6,-24,-7,-2,-3,-13,-13,-25,0,-24
-4,-3,-13,-27,2,8,-8,-12,-1,-4,-7,2
7,-26,-15,-19,4,-19,10,3,-15,-9,-10,-7
9,-1,-2,3,-13,-21,1,1,0,7,2,6
-3,-10,-3,0,-5,2,-13,1,-3,-22,-8,7
-6,-14,-4,-11,9,12,-11,3,-4,-8,-12,-5
8,-1,1,-6,0,-2,-8,1,-4,-9,-7,3
-16,13,-11,-1,-4,11,-5,-17,-15,-13,1,14
9,-17,6,6,-5,-4,-10,4,-3,-6,-8,10
8,-10,2,5,-6,17,-2,-2,1,13,-15,13
-14,-13,-1,14,-16,-10,-3,-17,-15,-6,-4,18
-6,1,-14,-2,5,-1,8,-12,6,8,-4,6
-7,5,-3,-10,-7,8,2,7,-3,1,-8,20
-6,-2,-4,4,8,-8,-3,-9,-11,-7,3,17
0,-14,-4,-10,-3,11,-10,-1,-7,11,-11,2
5,11,-11,23,10,3,-2,2,-4,-13,-11,12
7,9,-14,0,-16,5,-9,19,-1,4,-2,10
-4,-1,-7,1,-11,16,-14,15,10,-4,9,6
-12,23,1,17,8,2,10,11,-6,-5,-3,-3
-8,16,-14,-8,-2,14,0,27,-8,-1,2,16
1,21,-11,-4,-6,-1,6,4,0,-1,-10,-4
-4,-5,-2,2,0,10,-6,17,1,17,-9,18
-2,-6,3,-2,1,8,-5,27,-7,27,-9,-2
-8,1,-8,-3,0,16,-10,1,4,0,-12,-3
-2,-3,-9,19,6,17,-8,15,-6,-2,-10,9
-1,3,4,26,-13,24,-9,20,0,-3,-6,0
-7,5,-3,25,-6,30,-6,-1,-10,27,0,34
0,33,-4,27,-3,7,5,32,2,24,0,14
-12,0,-7,13,-9,7,-1,25,-9,8,-8,3
4,-11,-5,-16,-14,-10,10,-5,-9,-9,-2,-11
-3,-26,-11,-16,4,-35,-1,-16,-15,-34,4,-4
-4,-5,-14,-25,-11,-13,5,0,-11,-9,-1,-16
-2,-2,-9,-13,9,-25,2,-21,-9,-22,-1,-31
6,0,9,-1,2,4,1,-24,-13,2,1,-29
1,-19,2,-17,-10,-2,-7,-3,0,-18,8,-28
-6,-21,5,-10,-1,6,-10,-16,0,-13,-8,-2
5,-7,1,-11,-7,-7,-5,1,-5,-12,3,-17
-5,-3,-7,-17,-15,6,-2,-28,-2,-25,-7,1
-7,2,-11,-25,-7,-18,-9,5,-13,-18,-4,4
10,-26,11,-11,9,-5,10,3,-14,2,-7,-15
8,-2,-9,-17,-6,-5,-11,-12,-4,1,-1,11
-2,-1,-8,-17,11,-16,-11,2,5,-16,-7,-12
3,-3,4,-15,8,-16,1,1,2,7,10,-20
4,-22,-3,-9,-6,-11,2,-22,-7,7,-5,-12
-7,-9,-13,4,-4,4,-6,13,2,5,-9,-9
-12,14,-15,-11,-15,10,-11,2,-1,0,-6,-1
-9,8,-6,6,4,11,-3,-1,3,10,0,15
-12,-16,-6,16,0,18,3,16,-6,0,10,-5
-10,-11,8,9,7,6,6,-1,7,-10,0,13
-8,-1,-8,-15,-12,14,10,4,-3,20,-7,-1
-4,-2,-2,10,-5,-3,9,13,-8,5,-2,8
4,-5,-5,1,-6,16,-6,4,-7,16,-3,-2
-3,3,-5,-13,-13,8,4,20,-12,20,0,16
-9,21,9,-10,-4,16,-3,21,-15,4,-1,-12
11,1,-15,-3,8,-2,-11,16,1,0,-14,11
10,9,-8,-2,10,13,2,23,-10,21,-7,-9
0,16,4,-4,0,-8,-2,-6,-8,20,-10,-7
0,5,-4,-2,2,27,-10,-8,-5,-4,-10,19
-6,1,-11,-6,-14,-7,2,0,1,-3,-7,7
-10,-3,-3,30,-8,-1,-8,-1,-12,13,-4,-4
1,25,-1,19,0,2,-9,-3,-10,-3,-3,3
-9,-3,-8,32,-3,-2,1,29,-4,1,-8,9
1,14,3,4,0,31,3,1,-8,11,-5,4
-5,-1,-1,1,10,26,-11,0,4,29,-6,12
-9,2,1,3,1,17,-4,-1,-3,5,-6,4
-8,3,-9,26,-13,1,11,18,-5,6,4,5
7,-3,-9,-3,10,-8,-5,-8,3,-22,-7,-30
3,-15,11,-18,11,-6,-5,-33,-4,-8,-4,-2
2,-26,-6,-8,-8,-13,-5,-10,-6,-9,3,-5
-14,-33,-6,-26,11,3,-2,1,-12,-26,3,-15
5,-28,-9,-6,-4,-28,11,-14,-5,-10,1,-19
3,-20,1,-15,-4,3,1,-29,-6,5,-8,-16
-6,1,-1,-8,-10,-15,-1,2,0,-12,-2,-20
0,-3,-5,-23,4,7,-14,-12,-4,4,-4,-7
-3,2,0,-10,-10,0,-9,-5,2,-6,0,0
-8,-2,2,-3,-4,-10,-13,1,2,-22,-3,-23
-14,3,-11,2,0,-20,-4,-7,-4,5,1,-21
10,0,3,-20,-9,10,-7,-4,-13,9,-3,-24
9,8,-4,-16,-14,8,-6,8,-12,-7,-5,8
-4,-1,1,13,-13,-12,-9,-20,-8,-7,-6,-18
-6,5,-6,-10,12,-19,8,4,8,11,4,8
12,3,-1,-4,-11,-1,11,1,-10,6,-2,12
12,-7,0,5,-5,-7,10,-4,-3,2,-10,-5
-1,2,-8,9,2,-10,11,11,0,15,-4,1
0,0,-9,-17,10,-15,-12,5,-9,18,-7,9
-11,-14,-4,-10,-7,7,-8,-10,-4,8,0,2
-10,-9,-13,-16,-2,-15,8,0,3,17,-5,-14
-10,15,-10,9,-1,20,12,12,-7,13,3,19
6,-13,4,-9,11,17,5,21,6,12,-2,7
-6,17,-8,-11,3,14,-1,13,3,-3,-1,22
8,2,-6,19,-10,5,9,17,4,-11,-8,15
-14,25,1,13,-9,11,-5,2,2,22,-7,-1
12,9,-3,5,-3,19,-2,-6,-2,-1,2,-5
-3,25,-8,-8,1,24,-9,2,-5,-5,-7,-6
-5,-2,-2,7,-14,5,-4,0,3,19,9,2
-3,-3,-3,-3,-5,24,3,28,-6,-5,3,18
-6,-1,-3,-1,-4,3,-10,-2,5,-1,-4,-6
3,18,-1,14,-3,1,4,25,0,28,-9,7
-7,-4,-4,6,-10,18,-3,3,-6,31,-7,16
-8,2,-3,27,1,29,-12,-2,-4,0,7,33
3,29,2,5,-8,12,1,-1,-11,2,3,25
0,2,6,5,-10,29,-2,12,-10,11,2,29
-5,0,-8,23,6,9,-4,22,-6,5,-1,14
-5,-12,-11,-13,10,-34,4,-27,-12,-26,-7,-30
-8,-34,2,-32,-1,-9,-10,-20,8,-15,1,-29
-11,-34,-13,-9,-6,-18,0,1,-13,-3,1,-29
-6,-4,-6,-14,-10,-5,-6,-19,-6,1,2,-6
6,-18,2,-7,-4,-10,7,-4,-5,-6,12,-26
12,-1,8,-4,-6,-5,3,-18,-5,-24,-10,-6
-6,-24,-5,-1,-8,-21,4,6,11,5,8,5
12,0,-4,-1,-5,-8,-6,-18,-5,-20,-6,0
7,-8,-6,-24,-8,-17,11,-26,-6,-5,-3,-27
9,7,-13,-20,-10,-13,-6,-7,-8,-15,6,7
12,-14,4,3,12,8,-8,4,-13,-14,7,-15
-9,4,8,-19,0,-21,12,-20,-10,4,6,-25
-5,9,-9,6,-11,0,0,-20,3,6,-5,-22
5,-11,6,-11,0,10,-6,-7,-3,-22,3,2
-12,12,2,-10,12,4,-12,-12,8,-3,12,-20
11,-3,-9,5,-7,-4,-9,2,-13,2,-7,-7
-12,11,-6,14,-1,7,1,-8,-3,-7,2,-9
-12,-15,7,-8,1,-4,-10,-9,-2,-8,-2,2
-9,9,7,5,-2,5,0,-5,-3,-7,-11,1
-6,2,5,-16,-3,6,-3,-2,1,-3,-4,-7
0,2,12,-7,12,-7,-13,16,-11,-8,0,8
12,8,7,19,-11,16,-1,-10,1,6,-8,-1
1,7,2,-8,-4,2,0,0,-2,13,-10,-12
-5,15,-9,8,2,-5,-5,-12,-1,-3,1,-12
10,2,-1,-2,-11,3,-3,19,3,23,0,7
-8,21,-2,12,0,7,-3,15,-7,25,13,14
8,-2,-3,1,-7,2,-12,-9,-2,21,-1,15
-4,22,-4,-1,3,3,6,16,-6,-2,-1,18
3,20,4,9,3,16,-5,16,-6,-2,5,-5
-2,-5,-10,-6,-6,1,3,14,3,17,0,-2
-2,0,-3,22,2,24,2,15,5,28,4,-3
-3,-3,3,20,-2,-4,3,11,-8,-1,-7,-2
3,12,2,-3,6,20,3,6,-4,-2,-1,2
6,2,-13,7,-7,-1,-2,0,0,4,-7,13
4,30,-1,15,3,2,-7,-2,-6,24,-6,29
2,4,4,22,-13,-1,0,11,5,22,-9,-1
-5,1,-7,12,-2,10,-6,27,1,13,0,34
-2,-10,-1,-10,-11,-30,-4,-7,-8,-3,-2,-6
-2,-4,-6,-13,-7,-4,-3,-4,4,-29,-3,-11
7,-28,-6,-15,9,-34,-10,-18,0,-23,5,-15
6,-16,8,-20,6,-14,-12,-33,1,-22,2,-29
13,3,-3,-32,-9,-23,-1,-16,4,-24,-6,-9
1,-1,-7,-20,-12,-7,1,-20,1,-7,10,-30
8,-6,-5,-14,6,3,8,-6,-9,-10,14,5
2,-12,-6,-25,11,-10,1,0,-4,-16,0,-12
10,-12,1,-20,-6,3,-8,1,2,-26,-6,1
1,-14,-9,3,6,-26,12,-24,-2,3,5,1
12,-25,-1,8,9,-16,-8,8,-7,1,4,-17
6,-24,12,-19,14,-14,-12,-12,-11,-12,-1,-7
-1,0,9,9,-3,-14,-6,-20,5,-5,4,-17
-8,13,-8,9,-10,7,-1,1,1,-4,-7,7
-5,-6,4,-20,6,-12,6,-20,3,-12,-1,-5
12,-10,9,13,13,-10,-5,3,-9,0,2,13
-5,7,-3,15,-6,7,-2,1,-2,1,-7,6
-11,9,-2,-6,2,16,-4,-6,2,7,0,-6
-9,9,8,12,10,-1,-2,7,-1,12,-9,12
-12,-4,5,11,14,-11,14,6,2,13,8,18
-7,-7,-9,7,-7,3,5,13,-4,4,-12,9
11,-5,-11,-5,-2,10,14,15,3,17,2,20
-4,-5,4,6,-5,11,-2,13,5,-9,1,-13
12,16,-3,-2,-7,-1,6,-7,-11,17,-6,9
8,-10,13,-7,2,10,-10,12,-9,16,0,14
13,3,-1,14,3,-9,-6,-8,11,8,5,21
13,-1,2,7,-5,23,-3,15,-4,8,1,21
-5,24,12,0,-6,-4,-7,-4,-1,-8,-7,25
-8,26,7,-6,-5,-6,3,25,-7,24,1,24
-5,15,-9,29,-2,-1,3,10,-7,-4,1,11
3,16,-3,3,-6,-5,4,-4,-5,-5,3,1
8,28,4,-2,-4,28,-2,7,-2,3,0,-4
6,26,4,8,-10,0,0,18,-3,1,-3,3
3,21,4,-2,5,0,-2,4,-2,4,6,3
4,0,-4,6,-4,3,3,22,4,0,3,-2
-7,1,13,10,-1,16,-1,35,-7,4,-1,29
5,27,-5,6,1,7,-11,0,8,33,-5,14
-2,-6,2,-24,-1,-23,-5,-11,-5,-26,8,-11
3,-11,-8,-24,5,-25,0,-5,4,-31,3,-20
-1,-1,0,-3,14,-26,7,-10,-5,-31,11,-24
-1,-19,-6,-10,-5,-17,-2,-3,10,-23,0,1
-6,-7,-1,-20,-6,-31,-11,-3,-2,-20,-1,-14
12,-9,8,5,-7,-12,-2,-15,-4,-9,-5,4
10,-10,-3,-17,3,-1,7,-5,0,-14,5,-6
7,-10,7,-26,-5,7,9,6,1,-5,-2,-29
13,-9,4,2,12,-17,14,-11,2,-8,-6,-10
14,5,6,-12,2,1,-10,-15,1,-22,1,-7
15,-9,-3,-21,-7,8,-6,5,-1,-3,2,10
10,-25,-10,-11,0,-4,-2,-13,1,9,8,1
12,1,9,-16,-6,4,3,4,2,8,1,-20
-11,9,-8,-4,-4,-8,6,-15,2,8,1,6
10,-18,0,2,2,-17,-4,-18,-8,-16,-6,9
-11,-20,1,-20,14,-8,0,-10,-10,1,5,-5
-9,-13,-2,16,-6,10,4,-17,1,6,2,-4
-7,3,-11,2,8,-3,-8,-18,-2,-18,4,4
-7,-2,-6,7,1,13,3,2,-7,17,-10,-10
-9,-3,-2,-7,15,-3,3,14,6,-2,-8,2
-6,-4,-2,-9,-8,8,11,-5,-2,16,-9,5
12,-9,0,2,-5,-4,-8,18,9,20,-1,10
-8,19,-8,-4,8,17,0,1,-8,11,-2,9
-3,10,-4,-4,3,13,-6,11,3,15,3,-5
10,-9,-3,11,13,-3,2,5,4,18,6,4
14,11,-8,23,-8,-8,1,16,3,-5,-5,17
-9,17,5,17,-8,11,9,-9,-11,11,-8,6
8,-8,7,5,-9,5,8,21,-2,14,-5,17
-9,-4,7,19,2,22,2,22,6,15,4,0
12,5,-6,28,14,25,7,21,14,10,0,13
-2,28,3,2,4,20,7,1,2,2,-6,-5
0,0,-8,24,3,5,6,-1,-3,26,9,28
7,1,-1,19,6,14,5,-4,2,18,-1,4
-4,2,-2,2,-9,4,4,16,8,3,-1,6
4,12,6,5,7,4,3,30,-2,7,3,5
-2,2,1,23,-5,5,0,5,6,16,-4,6
0,7,-3,22,3,16,2,31,8,25,0,3
-3,-8,-8,-32,13,-30,-2,-22,4,-17,0,-21
10,-30,-4,0,4,-1,9,-1,-5,0,6,-2
16,-3,-5,-21,14,-15,-4,-8,-6,-12,-2,-16
14,1,3,-29,0,-17,-10,-2,-2,-17,-1,-5
4,-22,1,-13,-3,-4,2,-17,5,-30,-1,2
13,-15,-10,-20,3,-7,3,-21,-4,0,10,-25
14,-4,-4,-1,-6,-14,11,1,-8,-18,12,-19
12,-2,10,-25,16,-28,7,5,4,6,3,4
10,-25,8,0,-6,3,-10,-1,-5,-12,6,0
-10,-20,13,-2,-10,-25,-7,-9,8,0,-9,-18
-7,4,7,-26,-3,-9,-4,-8,-8,-11,0,-12
11,-15,7,-13,2,-2,0,4,2,-2,1,-3
-5,-10,16,-14,-2,-1,-2,10,15,-13,3,5
10,-23,6,13,4,4,0,-20,-1,12,-6,10
14,-12,-8,-13,2,-12,-6,3,12,-11,9,-15
-8,-15,7,-20,14,4,4,-7,7,8,-8,1
3,-9,2,6,15,-2,-7,-17,15,-14,-8,10
-8,-6,-2,15,3,-4,-5,-9,16,-11,15,16
-7,-4,5,16,1,9,11,-17,-6,-5,-9,-13
-5,-7,-6,19,-8,-1,8,-16,9,-10,-7,17
-2,1,-6,-8,14,10,11,-13,-3,1,6,11
-8,-12,8,10,7,14,-6,-7,6,0,-1,-11
-9,-13,-3,11,14,-14,-6,1,-9,4,1,0
10,-4,5,13,8,7,4,8,-5,13,5,19
16,2,3,1,-7,-2,-5,0,-3,19,-10,-1
-7,24,11,-1,-2,8,-5,11,6,9,1,1
0,0,-8,18,13,-10,-9,8,10,22,-3,20
16,-9,-3,23,1,-5,3,13,1,16,-2,15
-4,1,3,3,-4,11,2,-8,-3,10,13,17
12,-2,4,7,-4,13,15,4,-7,4,8,19
-6,0,-5,15,8,6,-4,8,-4,15,-3,29
0,31,3,2,1,3,6,20,6,7,0,-3
7,26,-1,25,5,31,2,20,2,23,1,6
0,2,0,22,8,-3,0,-1,2,4,-3,19
-3,34,5,-2,2,2,-3,0,-5,16,3,28
9,26,3,8,10,4,-3,5,-4,3,2,29
8,24,10,5,5,27,2,23,10,19,-2,4
-2,-4,6,-16,6,-26,12,-12,-9,-7,-2,-21
5,-19,5,-3,4,-12,15,-9,0,-22,-1,-16
15,-10,10,-3,-4,-9,17,-21,-7,-9,-4,-6
7,-22,-3,-16,8,-3,-9,-27,7,-19,7,-23
11,-24,11,0,14,1,-8,-23,-7,-3,-8,-6
-6,0,1,1,16,-9,9,4,13,0,11,-14
11,-19,6,5,-6,-11,13,-26,-9,5,-4,-15
13,6,2,-18,0,-10,-9,-28,-9,-18,4,-12
12,-26,-3,-17,-4,-12,-4,-11,2,4,12,5
11,-23,4,1,-7,-10,-4,-12,-5,7,-4,-16
15,-24,5,-5,17,-3,-5,2,0,0,-4,-13
17,-9,14,-25,1,3,0,11,2,-1,4,-23
-2,-12,13,-10,16,9,-5,8,13,-14,1,5
-3,-11,13,-14,-4,-15,0,-4,-9,4,0,13
-6,14,10,2,0,12,2,10,8,-15,10,11
-6,-12,-7,15,-3,-11,-9,14,11,9,5,11
-8,-8,11,15,9,-15,-6,2,17,-19,-6,16
-5,0,6,12,-5,-1,16,7,-9,9,1,-14
-8,-3,6,-9,-3,-3,4,0,7,-5,8,-8
-4,2,2,15,16,-7,11,9,-4,16,-1,18
-3,1,16,-10,-3,17,14,14,12,-5,-3,2
4,4,0,1,-6,16,-8,-11,1,-5,-3,-6
1,5,-5,4,2,1,16,-4,-2,5,-8,11
-9,17,4,-13,-4,10,12,-13,-5,18,-5,4
16,4,12,23,-4,22,9,24,4,-2,4,-6
2,9,0,-9,-5,15,8,-6,4,7,1,21
-8,14,-7,21,3,7,-3,19,10,-10,15,13
-1,9,12,7,-5,20,7,-4,10,24,6,5
-4,9,4,12,2,16,15,-1,12,-1,15,10
-9,8,8,6,0,25,-7,24,3,7,-4,12
-6,5,-7,24,-6,26,14,22,-1,21,-4,16
-9,16,-7,12,10,3,14,9,-3,15,-5,8
5,26,-3,2,6,11,7,30,-4,-3,11,24
0,33,-1,3,-4,1,10,21,6,5,9,5
4,13,5,18,-6,0,10,27,3,0,10,2
7,17,-8,0,5,11,6,10,-1,5,6,14
6,34,2,3,7,36,-4,33,-7,1,3,9
13,-35,9,-12,6,-28,-6,-28,11,-1,1,-24
-8,-25,3,-2,6,-17,-2,-14,12,-25,-8,-14
0,-21,-6,-10,5,-34,4,-33,5,-13,7,-16
10,-31,14,-27,4,-33,-1,-7,17,-3,6,-10
-4,0,-3,-4,6,-4,1,-11,0,-21,11,-23
-7,2,-6,-18,17,-4,3,-4,6,-6,7,-22
18,-10,-3,-21,18,-23,7,-24,-4,-19,0,-13
1,-6,2,-26,-4,7,-8,-21,9,6,4,-7
15,-24,14,-13,1,-1,14,-18,-6,7,-4,8
5,-15,12,-18,0,-11,-8,-2,-3,-2,11,-25
16,-23,7,7,-5,-10,15,-22,-1,-5,11,3
0,-10,6,5,16,2,-5,-16,-6,-4,7,0
14,-23,-5,-9,18,-14,-6,9,15,-14,2,-13
-2,-13,6,-10,2,-12,-5,-21,-4,9,13,-9
-5,-9,14,-6,-4,-2,3,-2,-8,-9,-8,12
-8,-1,3,0,9,12,-3,0,-7,15,13,11
-4,-9,11,13,-5,15,13,-11,-1,-10,17,6
-5,4,15,0,17,1,18,13,12,-17,17,-18
-4,2,17,-5,0,9,15,-6,-5,-8,-7,-17
-6,4,-5,-5,-5,17,1,12,3,-4,15,-8
-6,1,14,-8,-2,14,14,6,-4,-9,17,-5
-7,6,-6,19,1,14,12,0,3,0,13,-4
-8,0,-8,21,-1,20,11,-14,15,-3,18,1
-6,22,9,17,17,17,-1,9,-7,13,10,22
1,7,7,3,-3,20,-1,17,16,-11,-8,17
-2,7,18,1,-5,22,-5,13,-6,16,-8,19
-8,8,-2,24,10,-1,11,-7,9,2,17,14
-5,7,17,-5,-7,26,-5,19,17,24,12,-6
-4,0,16,16,-7,-4,0,10,12,9,11,4
-7,6,-3,12,14,27,-7,25,18,17,14,1
3,12,13,6,-4,-1,-5,25,17,23,18,13
-6,19,13,13,3,13,18,10,11,14,13,15
-5,20,-5,3,3,9,-7,20,18,6,-5,3
-5,2,7,16,-5,26,18,-3,3,31,6,7
6,30,-4,1,6,9,-1,6,-4,1,-3,22
5,8,0,3,7,13,8,29,6,23,8,18
13,34,-3,0,7,22,0,5,-4,2,-3,0
-6,-1,19,-11,-1,-23,11,-36,2,-19,11,-7
18,-31,-2,-13,2,-14,-3,-24,12,-32,16,-18
-2,-12,14,-8,-1,-26,18,-28,18,-11,-7,-15
17,-18,17,-28,10,-8,19,-26,-1,-16,-6,0
4,-11,-4,-18,3,3,-2,-16,-7,2,7,-20
15,-21,-4,1,18,-17,4,-22,10,-25,19,-3
17,-18,10,1,-7,-20,17,-24,19,-30,-6,-7
-7,-27,-5,-8,7,-5,4,-16,-2,-6,19,-23
-4,1,16,-16,18,-21,-4,-23,12,-26,-4,-15
17,-19,-4,-5,18,-3,-1,-12,-7,-12,10,9
0,-6,-2,-8,0,5,5,2,17,-26,-6,-6
19,-18,6,9,6,11,19,11,13,-22,11,-15
15,-15,9,-1,6,3,18,-15,15,-19,-5,-14
-5,-21,1,-3,3,3,7,3,-3,-4,19,3
-3,-10,-2,-5,17,14,17,8,-6,3,-7,-7
-5,-5,0,-3,17,-20,11,-12,-1,-14,16,10
-6,-3,-6,-14,3,-5,11,-1,-2,-14,-5,-12
-4,3,11,2,0,-1,4,7,14,12,14,9
-5,2,13,9,2,10,-4,16,18,-8,4,14
-4,3,5,16,-5,17,-4,-1,-5,-3,18,19
-5,3,-5,2,-1,-7,6,20,-3,-7,-4,-5
-6,5,17,-14,18,2,14,14,11,15,19,6
-2,6,7,12,0,8,17,9,12,-5,19,17
0,5,11,-2,4,7,5,3,-6,18,12,1
-3,6,15,-8,-6,0,-2,22,-1,16,-3,-2
-6,12,-7,18,1,25,1,0,7,-6,14,18
4,9,5,12,-7,9,-2,-1,6,19,19,4
-1,12,15,-8,10,1,6,10,12,20,7,8
-1,8,1,27,-5,3,-4,28,-2,9,14,-1
-4,-3,-2,-1,-7,22,15,-1,-5,16,14,-7
-4,0,16,30,-6,16,-3,6,-6,-3,-5,10
3,12,7,14,-6,25,13,17,-6,27,-2,5
-3,1,10,22,16,24,13,12,13,10,17,15
-3,10,12,19,5,15,17,12,4,26,16,8
-1,6,-2,12,0,17,12,29,2,29,0,3
13,28,-2,4,0,-1,2,7,2,7,6,9
4,33,9,22,9,26,11,5,9,17,-2,4
19,-28,19,-10,-3,-21,20,-8,17,-20,15,-30
-4,-4,14,1,18,-29,-4,-17,12,-26,-2,-26
-2,-30,-6,-19,13,1,15,-19,-1,-13,-4,-9
2,-22,0,-26,3,-15,-4,-1,17,-9,-6,-15
-2,-8,19,-5,-1,-26,-4,-19,-1,-25,17,-25
-5,5,-4,-25,4,-21,-6,2,18,2,-6,-3
-6,-27,14,-9,17,-20,5,1,-6,-22,20,-20
-1,-16,17,-9,12,-14,15,-24,13,-8,14,-19
-5,-1,19,-14,17,3,19,-21,15,-6,13,-10
2,-17,17,0,18,-9,-4,-13,-5,-18,14,-4
0,-15,20,-9,19,-5,13,-14,-4,-10,18,-23
5,-15,8,-21,6,8,17,-9,-2,-9,19,-25
-5,5,1,-7,6,11,-4,4,-5,0,5,12
-6,1,-6,3,14,-4,14,-15,20,3,20,9
0,-3,12,0,14,-20,20,4,19,-7,16,-16
-6,-5,5,1,17,0,7,0,-3,-7,12,-7
-5,-4,20,11,2,11,13,-6,-5,-5,10,9
-3,2,-6,17,-5,2,-3,10,5,17,16,-3
-3,1,18,-3,9,-13,3,17,19,0,-6,-13
-5,2,15,3,-5,14,-4,8,16,13,15,-16
-5,2,-4,16,2,16,19,19,14,-4,-4,7
-4,3,6,5,15,-13,16,15,-2,15,12,-4
-4,8,-3,-1,3,3,-3,13,15,-6,-6,-12
-2,4,13,21,14,-7,19,-1,1,23,18,9
6,7,-6,0,2,8,4,23,9,9,14,3
-4,25,7,7,5,19,16,-11,4,17,15,1
4,1,12,26,4,-10,-5,15,-4,-8,-5,21
15,3,9,2,-5,27,1,26,9,2,5,20
14,-2,-2,7,20,12,3,19,2,11,12,19
17,-2,-5,20,11,19,16,16,12,14,10,25
20,3,-5,26,3,-5,14,-3,16,15,16,11
2,15,-4,15,16,27,16,13,13,12,17,13
-2,10,-1,6,16,7,-6,30,3,6,6,10
2,16,18,15,12,13,17,12,-6,2,12,15
-5,0,18,5,2,10,4,26,7,26,0,0
-5,25,10,30,15,6,2,24,12,25,6,30
0,20,7,14,7,34,10,11,1,24,2,0
-5,-32,11,-8,17,-10,16,-24,19,-13,19,-23
21,-27,-2,-8,14,-20,16,-9,17,-29,17,-32
-5,-8,-5,-16,-1,-2,18,-9,0,-23,21,-23
17,-30,19,-30,15,-6,19,-4,13,-18,-1,-26
19,-18,20,-13,17,-10,20,-24,-2,4,18,-26
4,-20,-4,-27,21,-3,19,-22,19,-17,18,-1
1,-17,17,-17,-4,-2,16,-22,-5,-16,16,-8
21,-27,18,-21,17,-15,13,-14,-3,-25,17,-1
18,-20,18,5,2,-16,-5,-9,21,-14,8,-7
19,-21,21,-1,13,-6,14,-11,20,-1,16,-4
-2,0,15,-1,17,10,-5,-10,16,-5,18,1
-2,0,14,-14,-5,-11,-4,1,18,0,-3,-11
5,-4,20,8,-2,-2,18,-3,15,10,13,-24
4,-13,-1,-6,7,-7,-4,-8,21,4,18,-21
0,-1,6,5,18,-7,-2,-16,13,-2,10,14
-1,-12,-1,-8,21,9,15,-7,20,-9,-4,-6
-1,-10,19,16,21,5,21,4,-3,13,2,-11
-4,-5,17,15,-5,-4,-1,11,18,1,1,-12
-5,1,19,-10,12,-3,19,-8,18,17,16,1
0,-6,-2,8,3,18,13,1,15,-2,3,16
-1,5,-4,1,19,-3,4,4,12,-15,21,2
-2,3,21,-10,-4,14,15,4,17,7,20,0
-2,3,21,-7,3,11,17,6,20,11,6,2
0,5,16,-9,14,9,-5,-1,6,-1,18,1
4,5,11,-7,0,9,0,-10,19,5,-1,12
-3,23,4,20,-4,5,5,23,2,16,-4,17
13,-1,4,-9,9,10,8,14,3,4,-5,-10
18,17,7,23,16,13,-2,3,-2,14,18,-5
4,19,-5,19,17,27,7,2,17,0,-1,-3
4,5,7,11,12,24,14,-6,5,11,20,3
7,5,-3,21,-4,26,4,4,14,16,13,22
2,6,11,6,18,21,-4,8,15,15,-5,2
1,11,16,7,-3,16,20,20,19,2,16,13
-3,25,21,15,18,22,9,33,15,-3,21,21
19,3,16,1,-4,7,9,31,6,0,7,16
15,9,0,28,11,2,7,35,10,26,4,0
16,17,10,17,15,11,-3,10,-1,17,-1,31
18,-28,16,-14,8,-6,19,-23,20,-6,18,-16
-3,-29,19,-3,9,-21,-4,-31,15,-34,22,-1
17,-27,-3,-21,22,-1,20,2,22,-11,17,-13
-1,-1,-4,-20,19,-9,-4,-10,22,-14,21,-3
18,-21,22,-30,6,-3,10,-28,4,-11,10,-18
4,-15,22,-7,6,-17,0,-14,8,-14,12,-25
-4,-3,-4,-27,10,3,18,-21,22,-15,15,-9
3,-16,20,-3,-3,-11,16,-9,17,-29,19,-21
18,-26,17,-6,-1,-16,22,6,17,-2,21,-3
5,-12,22,-21,-1,-19,22,-19,10,9,-4,-23
2,-20,20,6,10,-25,13,-20,19,-12,16,-12
17,-19,-4,7,7,10,3,-7,3,-14,19,9
18,-20,-3,2,18,-12,22,-2,6,2,18,3
20,-19,-3,-1,18,8,-2,-19,17,-14,16,-21
-4,3,10,13,-4,13,-4,-7,7,13,15,-21
-4,1,19,-11,4,-11,15,15,16,-12,-2,14
1,-4,0,-13,16,16,-3,7,19,-2,16,16
-1,-4,5,-1,3,-15,1,13,11,-7,14,4
2,-11,10,4,22,4,18,1,-3,3,-1,8
3,0,12,-7,7,15,3,11,7,6,20,0
-2,-1,19,19,7,6,3,9,20,-6,13,-1
-3,7,9,16,20,-1,20,-11,4,2,-1,12
-2,9,18,18,16,21,18,-6,-4,10,22,-6
-4,4,-4,9,17,6,18,14,20,-11,18,-9
0,11,22,-11,-4,-9,9,8,14,-12,22,0
-3,14,10,0,1,-1,8,-2,10,20,13,9
19,-8,4,17,10,3,9,-1,20,9,6,2
6,14,-2,7,5,-7,21,23,2,-1,20,7
19,12,19,3,19,22,0,8,4,4,13,5
19,8,14,-5,2,28,22,26,19,8,18,8
22,12,22,27,16,8,2,6,-1,-1,17,7
20,11,11,-3,-2,14,20,17,-3,11,-3,22
21,1,22,24,15,14,1,2,1,18,18,3
22,1,-2,4,22,31,1,4,21,24,20,2
3,8,0,9,8,32,22,15,5,22,3,17
17,12,15,24,2,28,7,22,11,21,11,3
1,31,22,36,16,34,1,4,2,5,9,20
-2,-4,17,-10,7,-12,23,-33,12,-8,17,-11
9,-14,22,-13,19,-19,19,-2,-1,1,19,-16
16,-31,1,-24,15,-16,18,-15,16,-21,19,-5
-3,-5,-3,-5,-2,-9,17,-21,23,-17,16,-30
17,-20,3,1,19,-8,14,-21,17,4,0,-17
22,-11,-1,-23,19,-4,21,-4,22,-15,17,-30
19,-18,19,-30,10,-11,19,-9,18,-18,12,-10
15,-29,0,-24,21,-18,-2,5,19,-20,23,-22
16,-18,21,6,23,-4,15,-12,20,1,21,-22
20,-8,3,0,16,2,17,-16,2,1,-2,-16
15,-10,14,6,20,-9,22,2,23,9,14,-9
2,4,4,-15,23,-8,16,-15,8,-5,20,-12
-3,-18,10,12,14,10,11,-1,20,-22,15,8
-1,9,23,0,23,8,4,9,15,-7,16,-3
22,-16,1,13,-1,-16,9,-11,17,-6,23,1
-2,-16,-1,-18,2,-18,16,2,8,-12,17,-21
23,-10,5,-3,10,-9,9,-1,20,-16,17,-8
22,-9,18,-12,15,5,9,2,15,-9,16,4
-3,-7,1,-6,8,18,14,10,0,9,21,-9
0,-9,6,10,7,16,20,10,3,-8,6,0
21,-9,-3,-14,8,-4,18,11,-2,7,14,14
-1,11,6,-11,3,9,-1,0,1,13,3,2
6,4,0,10,-2,-6,21,-2,-3,-14,0,21
9,5,21,1,20,7,0,22,-2,14,23,-11
2,-5,16,20,23,6,2,16,15,23,0,-3
-1,18,-2,24,12,-7,22,22,2,4,18,5
-2,1,20,-8,22,-6,7,8,1,10,-2,26
22,-7,5,16,-1,4,5,26,0,22,23,4
3,15,0,27,10,9,8,4,23,-6,0,23
20,4,23,22,10,5,3,12,5,8,16,12
23,15,-3,-1,18,20,-1,-4,21,1,12,13
-1,28,9,2,2,2,23,9,18,1,21,6
6,16,19,15,3,3,-1,1,23,16,-1,24
19,4,-3,1,22,2,-2,20,-1,19,-2,10
22,5,-2,18,18,26,23,33,21,2,20,3
20,8,9,26,4,22,7,32,22,18,-1,14
21,22,13,17,12,25,8,1,3,13,4,12
-2,-5,0,-26,4,-8,8,-26,21,-15,18,-14
7,-22,17,-35,-2,-10,-1,-13,21,-32,23,-28
9,-23,20,-31,-1,-1,1,-11,20,-16,9,-25
24,-8,0,-14,2,-22,17,-18,21,-20,24,-13
12,-19,2,-27,19,-2,1,-12,24,-28,-1,-22
12,-19,15,-22,18,-7,-2,-26,8,-31,16,-15
4,-8,2,4,18,-17,3,-3,21,3,22,-2
15,-29,0,6,16,-27,0,-9,2,-23,16,-10
18,-12,24,-9,-2,-12,21,-11,21,6,0,1
18,-12,19,-25,24,-18,-1,-21,10,-15,15,-15
21,9,14,4,2,-1,5,4,19,-1,2,-4
17,-13,-1,11,17,-14,4,8,13,1,16,-20
23,12,-1,6,3,-7,7,2,-2,-5,5,-16
20,-10,11,-21,8,-1,17,-19,8,-8,-1,-16
8,-10,13,-9,8,-3,4,9,1,-13,1,-14
9,2,5,1,7,-18,16,12,14,10,18,-13
4,14,8,11,15,-15,2,1,20,-16,1,12
7,5,7,5,0,-9,12,-1,4,4,14,3
24,5,15,4,17,-14,17,1,16,-4,-1,-6
1,11,8,17,0,6,23,4,19,19,4,7
18,-9,-2,-16,0,17,23,-3,2,-6,17,8
6,6,13,8,22,15,23,-12,5,17,11,13
0,16,11,21,2,-1,17,-1,0,16,3,-5
12,6,24,3,17,21,18,-3,21,4,9,15
2,3,-1,0,16,17,21,6,20,8,-1,6
3,4,21,-5,19,18,17,-4,4,7,-1,3
24,-4,24,-2,17,-9,-1,10,-1,10,21,6
3,18,21,-4,19,11,24,-8,3,20,-2,4
0,0,0,21,17,-6,5,11,19,-4,1,6
23,-6,1,-1,7,7,4,15,8,25,23,24
19,3,18,18,22,-4,21,-6,21,3,-2,20
17,2,12,-5,19,-4,-1,2,-1,1,22,21
11,6,23,-4,10,15,19,28,17,4,7,14
-2,2,-2,28,19,20,20,33,22,0,20,30
10,10,19,12,16,11,0,15,18,5,18,18
21,6,19,7,5,26,-2,17,18,0,24,16
21,3,4,14,23,15,-1,35,11,35,9,24
13,-25,18,-33,21,-3,19,-19,1,-8,24,-24
9,-14,16,-1,-1,1,21,-30,24,-31,23,-21
21,-19,-1,-18,25,-2,7,-13,7,-12,18,-24
-1,0,1,-11,-1,-22,23,-32,21,-6,22,-21
10,-10,0,-17,20,-5,19,-26,20,-17,19,-13
21,-14,21,-4,21,-28,-1,-20,19,-18,22,-2
20,-12,2,-9,22,-7,17,-18,-1,-13,20,-27
6,-22,12,-28,18,-9,0,4,25,-17,9,-10
8,-6,0,-25,24,-22,5,8,18,-18,1,-21
19,-10,0,-3,22,5,25,-17,4,7,4,-19
9,1,20,-21,7,-9,22,-3,19,-15,2,2
15,-15,2,-16,2,-7,24,-6,9,-1,1,2
24,-3,-1,-18,13,-10,9,-7,9,-5,21,-15
19,-9,14,-9,19,-19,-1,5,19,6,-1,-6
10,5,0,9,1,-14,17,0,4,8,8,-14
0,-11,4,-5,17,-18,23,-4,10,-2,11,-10
11,14,19,-13,4,-18,4,-2,12,-4,3,6
13,15,8,14,2,-8,10,0,6,11,10,16
11,4,7,10,3,-8,13,7,12,-13,10,5
25,-14,12,4,21,1,9,-4,13,0,24,1
0,-13,-1,18,8,19,7,-6,6,-4,0,18
6,-6,7,3,2,21,10,3,16,19,2,6
13,6,6,12,25,-9,23,4,17,-1,23,-14
2,-1,14,15,20,-7,21,21,20,4,1,-8
1,0,6,1,22,-7,22,23,18,-1,-1,-9
10,-2,9,15,20,10,19,10,0,-10,25,-6
6,11,2,8,-1,13,7,2,21,6,22,9
22,-8,20,-9,0,10,5,14,25,0,1,8
25,14,3,-2,-1,-1,1,21,-1,22,-1,-2
3,21,25,23,10,4,17,6,1,-2,1,27
21,-6,24,12,25,20,23,7,5,16,23,-2
24,8,25,6,21,5,10,9,24,8,21,16
20,1,24,12,5,30,1,15,1,2,25,29
10,14,2,0,21,26,20,-1,20,-1,22,25
24,9,23,8,12,27,2,24,20,27,-1,25
23,12,18,6,25,14,8,10,4,12,20,7
0,7,8,32,15,8,14,20,16,25,15,26
21,-21,23,-19,26,-36,2,-29,2,-33,1,-32
23,-11,23,-17,0,-30,20,-12,25,-15,1,-29
10,-19,17,-1,13,-3,23,-33,26,-5,20,-25
14,-11,5,-25,23,-6,21,-20,8,-5,0,-1
23,1,22,3,26,-5,2,4,22,-32,1,-8
18,-17,23,-3,13,-21,3,-1,18,-13,24,-29
12,-4,8,-6,20,-14,7,-20,2,-11,25,-25
22,4,16,6,14,-10,1,1,1,-22,19,-18
13,4,23,-25,7,1,19,-8,3,-10,4,-17
20,-1,17,-9,10,-26,1,-11,17,9,17,6
5,2,16,-13,8,-12,14,-4,1,-7,12,-19
19,-17,16,8,6,-3,8,-8,5,-16,20,-18
21,-13,3,9,3,-7,4,-4,19,-6,17,-3
18,-1,15,-5,5,-3,14,-13,13,-14,6,-23
16,-8,17,14,16,-15,8,-22,16,-19,17,1
12,14,16,-13,12,4,5,4,12,10,5,15
13,15,1,13,16,-14,2,14,25,-19,19,7
14,6,24,4,11,-5,8,7,7,14,19,17
15,-9,7,17,20,15,16,9,12,15,25,-2
9,12,11,11,15,4,17,-2,10,18,8,-8
5,7,13,14,17,3,0,-6,19,10,19,-10
2,10,18,19,11,18,2,15,19,-1,0,-6
3,-7,18,-2,0,-8,7,22,23,-14,7,-3
0,10,1,-11,2,22,23,-10,20,10,1,3
12,8,15,15,1,-9,22,1,0,24,0,0
22,-5,14,18,22,19,0,25,22,-8,23,-11
4,16,1,24,26,9,23,-4,24,8,0,-2
4,16,21,-8,14,-6,1,12,23,17,0,26
23,10,19,1,18,14,7,25,19,12,19,5
12,20,25,18,1,0,9,-4,3,9,2,19
25,12,3,14,26,7,23,28,9,21,3,-3
0,30,20,9,0,17,21,9,26,13,4,1
24,13,0,20,21,10,13,29,6,20,12,-4
25,12,18,32,23,10,13,13,8,29,17,6
4,33,4,20,25,-2,21,21,1,2,3,16
25,16,13,9,25,18,25,13,8,9,5,32
23,17,4,4,16,23,17,10,20,4,13,3
