-4,-14,-11,-7,0,-2,-7,-16,-5,-16,-3,-9
-8,-32,-15,1,-3,-12,-7,-1,-9,-11,-20,-6
-7,0,-8,-20,-3,-12,-6,-16,-3,-14,-13,1
-9,-29,-11,-31,-9,-22,0,-1,-15,-4,-9,-3
-1,-1,-18,-9,-2,-7,-10,-13,-1,-2,-15,-15
-6,-27,-14,-7,-7,-21,-11,-25,-6,-13,-7,-27
-9,4,-14,-5,-1,-2,-9,-2,-7,-25,-10,3
-15,7,-15,-8,-1,0,-9,-27,-6,-6,-11,-4
-1,-11,-12,-7,-7,-21,-1,1,-9,-26,-17,-15
-18,-2,-1,-8,-21,-25,-5,-22,0,-18,0,-5
-10,-8,-3,2,-25,-7,-15,-20,-23,-13,-19,5
-11,-25,-2,-9,0,-6,0,-25,-2,-18,-14,-10
-11,4,0,-11,-1,-17,-4,-24,0,7,0,-10
-24,11,-4,-12,-8,-21,-25,-23,-4,-18,-23,-19
-13,-5,-3,-6,-14,-15,-12,-21,-1,-8,-25,9
-11,5,-3,-17,-26,-3,-13,13,-2,-16,-1,-12
-15,-16,-4,-15,-22,7,-22,10,-1,-8,-5,-9
-20,16,-1,-3,-23,0,-20,16,-23,-16,-24,-12
-19,6,-2,-13,-20,2,-5,3,-5,-18,-24,-9
-14,5,-1,-2,-24,-1,-3,-3,-3,-13,-3,-1
-12,6,-3,-3,-23,-5,-26,-16,-3,-15,-5,-7
-13,0,0,-5,-23,-14,-23,-15,-11,14,-4,-7
-10,5,-2,-1,-2,20,-25,6,-4,-1,-25,2
-13,-9,0,-13,-25,17,-26,-6,-17,19,-4,-9
-16,16,-25,-6,-26,19,0,-8,0,4,-3,5
-22,20,-25,11,-4,20,-2,-4,-26,21,-1,-11
-15,-9,-2,11,-19,-3,-23,-7,-15,1,-2,-9
-17,15,-14,2,-20,5,-26,3,-1,9,0,15
-10,5,-4,-2,-12,14,-15,1,-2,2,-1,4
-16,22,-26,1,-23,14,-1,-4,0,-5,-7,14
-13,10,-2,-2,-20,5,-24,-6,-1,13,-24,-1
-10,19,-2,10,-19,6,-4,-1,-19,7,-2,12
-12,-3,-1,22,-22,6,-4,8,0,21,-2,6
-16,1,-3,4,-18,1,-1,9,-3,10,0,23
-14,0,0,6,-14,8,-20,31,-2,7,-24,13
-16,21,-22,29,-15,28,-22,25,-2,2,-2,15
-20,24,-14,23,-26,23,0,18,-22,6,-4,10
-6,-13,-1,-16,-22,-28,-2,-11,-12,-1,-11,-6
-6,-4,-15,-15,-4,-26,-16,-17,-15,-20,-16,-2
-1,-4,-24,-23,-12,-24,-5,-14,-6,-32,-18,-26
-7,-28,-3,-1,-9,1,-23,-1,-15,1,-11,-8
0,3,-16,-3,-12,-25,-8,-13,-12,-23,-3,-8
-2,-5,-12,-17,-15,-19,-6,-10,-8,-19,-3,-8
-3,-2,-9,-6,-13,0,-8,-30,-12,3,-12,-9
-5,7,-15,-26,-13,-13,-8,-13,-25,-26,-6,-1
-6,-7,-16,7,1,5,-6,4,-5,-21,-14,7
-8,4,-4,-10,-6,-27,-6,-26,-5,-22,-15,8
-7,-16,0,3,1,10,-16,3,0,5,-12,-13
-5,-19,-16,-6,1,10,-6,8,-6,-4,-7,-15
-7,12,-19,-15,-6,-15,-23,-12,-8,-10,-10,-11
-8,-3,-19,-19,-6,-20,-7,13,-19,12,-13,12
-1,-15,-18,13,-6,-17,1,11,0,6,-18,10
1,-5,-20,2,-1,8,-1,3,-6,-6,-15,4
-13,13,-12,-10,-16,-10,-11,7,-1,3,-11,-5
-17,10,-8,-11,-1,-3,-2,-7,-4,-15,1,-11
-21,14,-12,-3,-12,0,-1,-18,-22,9,-23,-4
-17,11,1,2,-15,3,-3,-1,-3,-14,-2,-7
-14,1,1,-2,-11,0,-25,-11,-25,-9,-20,-8
-9,13,-2,-5,-12,-9,-1,-14,-22,-13,-25,15
-15,12,0,-10,-9,22,-22,-9,1,-7,1,-1
-19,17,-4,-3,-24,20,-17,22,-2,2,-25,-4
-18,17,1,16,-24,-5,-18,7,-22,10,-18,-8
-18,24,-14,-4,-4,10,-18,10,-17,9,-6,16
-20,22,-25,1,-25,-7,-22,10,-4,-8,1,13
-12,19,0,-1,-3,15,0,8,-20,17,-4,-4
-23,28,1,-3,-23,-7,-2,3,-21,-6,0,18
-18,23,0,13,-18,25,-3,-4,-2,0,-25,17
-22,30,-1,1,-21,5,-21,-5,-17,24,-24,7
-7,9,-23,17,-14,10,1,10,-1,1,1,-2
-10,1,-3,8,-21,24,-9,28,-3,10,1,6
-10,0,1,20,1,13,-2,5,-2,21,-3,11
-10,-1,-11,9,-24,7,-20,4,-4,1,-4,6
-9,13,0,9,-21,23,0,15,-24,34,-4,11
-16,30,-20,6,-23,27,-2,15,-1,4,0,17
-3,-10,-20,-25,-17,-34,-24,-3,-4,-17,-14,0
-1,-2,-24,-30,-14,-4,-13,-11,-1,-7,-4,-5
-5,-7,-15,-29,-18,-1,1,-24,-18,-22,-8,-33
-4,0,-4,-20,-12,-9,-2,2,-16,-19,-20,-33
0,3,-20,-29,-2,-11,-22,-21,-8,-15,-1,-10
-4,-4,-22,-13,-20,-8,-4,2,-8,-30,-19,-13
-4,1,-23,-3,0,5,-19,-8,-20,-14,2,4
-3,-4,-2,-9,-6,-28,-15,5,-20,-9,-10,-19
-3,4,-15,-12,1,7,-15,-14,-7,-22,-18,-21
-5,1,-7,-6,-3,-8,-9,9,-22,-3,-12,6
1,10,-3,10,-16,-2,1,7,-5,-26,-15,0
-1,5,-10,-22,-12,-17,-22,11,2,8,-11,3
-1,7,-23,-7,-20,-22,-11,-14,-13,6,-23,-21
-4,-3,-6,1,-10,5,-8,-23,-7,-1,-12,-20
-3,9,-16,10,-3,2,-14,11,-5,9,-17,11
-5,-13,-9,11,-7,-7,-5,-5,-6,6,-19,12
-5,0,-13,4,-6,-2,0,7,1,9,1,5
0,8,-19,17,-3,-3,-4,-2,-12,3,-10,8
-7,-5,-2,0,-7,-8,-13,-8,-5,18,-6,-11
1,-2,-6,1,-7,-5,-17,0,-6,-2,-11,5
-6,-5,0,-13,-21,9,0,-10,0,-1,-18,-13
-9,2,-24,8,-19,4,-23,8,-13,-6,-12,15
-8,-10,1,8,-24,12,1,7,-2,-14,-23,6
-14,18,2,8,-23,18,-22,-7,-1,1,-23,-5
-10,16,-21,-6,-14,-4,-18,18,-21,3,-3,-9
-17,20,0,-2,-18,18,-21,3,2,-6,2,5
-15,21,0,0,-22,3,-2,4,2,3,-2,-8
-12,16,-2,-2,-21,-3,2,3,-24,6,-2,4
-20,26,-22,0,-24,-4,-24,6,-21,2,1,0
-14,23,-3,-3,-24,13,-22,-3,-24,12,2,24
-12,23,-15,19,-20,29,-22,17,2,23,-7,22
-16,30,-1,10,-11,31,-24,13,2,10,-24,2
-17,32,-24,22,2,8,0,18,-24,18,1,-1
-18,31,-18,-1,-22,16,-18,16,-24,1,1,4
-17,32,2,22,2,11,-23,7,-15,24,1,20
-8,14,-24,3,2,19,-24,22,2,5,0,10
-16,31,-14,11,-9,16,0,17,-24,20,-20,2
-5,-30,-6,-30,-12,-28,0,-4,-8,-2,-14,-5
0,-7,-2,-6,-6,-22,-19,-7,-18,-13,-22,-1
-4,-2,-10,-17,-19,2,-13,-20,-2,-18,-6,0
0,-8,0,1,-6,-12,-14,-32,-12,-30,-11,-13
-5,-28,-9,-24,-6,-29,-3,-25,-4,-7,-7,-30
-4,-5,-22,5,-7,-10,-7,-18,-18,1,2,5
-1,0,-2,-30,-12,-23,-7,-20,-13,2,-20,-2
-1,3,-14,-11,-8,-20,-8,-8,-2,-19,-2,-13
1,1,-11,3,-10,-15,1,5,-8,-11,-12,-4
0,0,-5,-4,-5,-24,-20,7,-16,6,-21,-17
0,10,-5,6,-2,6,-19,-12,-3,-17,-6,10
1,8,-17,-25,-17,-4,-16,-3,-23,0,-3,-12
-3,2,-19,-22,-22,-24,-8,-15,-13,-17,-4,12
-1,6,-1,2,-21,-1,-11,-18,-10,-9,-2,5
-2,1,-21,-3,-11,-9,-15,-12,-15,-9,-20,9
-2,12,-7,-6,0,-14,1,10,-17,-8,-4,3
-2,15,-21,6,-17,8,-21,-12,-18,-4,-2,2
-3,3,-23,-1,-13,11,-23,-17,-22,13,-5,12
-2,4,-4,-5,-7,14,-14,8,-13,4,-12,15
-1,2,-17,7,-4,-4,-6,-16,-2,0,-16,0
-1,2,-10,-14,1,10,-6,8,-1,4,-3,13
1,9,-3,3,2,15,-4,16,-9,4,-12,21
3,8,-18,-11,-5,15,-13,-11,-2,1,-15,5
-9,17,1,-5,-11,-10,3,1,2,-9,0,-1
-17,24,-23,-5,-15,15,2,6,1,6,2,8
-10,23,1,0,-14,-3,-19,-5,3,17,-7,10
-9,19,-2,-2,-18,-7,1,3,2,12,-2,4
-7,-7,1,8,-23,21,3,-2,1,5,0,0
-7,22,1,4,-23,8,1,8,1,9,1,-6
-5,10,-1,7,3,1,-14,28,-17,7,-2,-7
-13,26,0,5,-15,3,-21,21,-21,11,-23,13
-13,20,3,4,-23,0,-16,0,1,7,0,0
-15,30,2,14,1,13,3,12,-2,3,3,-2
-15,33,1,11,-10,5,-10,5,2,2,0,3
3,-2,-15,3,2,15,-23,8,2,1,3,-1
-10,32,0,4,-14,14,1,2,-22,20,-18,22
-9,33,0,6,-19,19,1,2,2,26,-5,2
-3,-1,-21,-2,0,-1,-7,-33,-15,-33,1,0
3,-2,4,-2,-10,-9,-12,1,-5,-22,-21,-18
0,-13,-12,-34,-20,-17,-7,-23,-10,-4,-22,-6
-1,-14,-13,-20,-9,-12,-14,-22,-14,-10,-19,0
-1,-12,-5,-16,-1,-14,-1,-20,-18,-1,-12,-18
-1,-7,-17,-26,-6,-17,-1,-17,-19,-5,-1,-7
3,2,-9,-25,-6,-12,-10,-8,-17,-25,2,-30
0,4,-18,2,-5,1,-19,-14,1,1,-7,-3
-1,8,1,-3,-4,-4,-14,-14,-2,-6,-21,-26
1,2,-16,-16,-7,8,0,5,-10,-20,-4,-5
-1,2,-10,4,-10,-4,-13,1,-21,-2,-2,-3
-3,-1,-21,-23,-8,-14,-14,-5,-5,7,-6,-9
-2,0,-8,6,-6,-21,-14,-1,-6,-10,-11,-22
-3,2,-4,-19,-9,-21,-11,-2,-9,0,-3,-18
-3,0,0,-12,-18,3,-10,-1,-11,-6,-14,0
0,4,-5,7,-18,-21,-12,7,-13,-13,-20,-8
0,16,-9,15,-10,-18,-20,-6,-9,10,-12,-7
0,8,-12,-3,-14,12,-17,-3,-17,14,-12,-18
2,16,-1,16,-12,9,-1,13,-19,-9,-16,-2
-2,2,-7,-9,-13,6,-18,5,-4,18,-6,-11
-2,19,-15,16,-19,11,-19,6,-13,20,-21,-2
-2,8,-4,-13,-10,12,0,19,-15,-5,-17,-9
-4,-12,3,17,0,4,-5,-3,0,4,-15,-5
-3,-1,-8,15,3,12,-3,22,-8,19,-8,16
2,-7,-1,19,-3,2,-3,0,-16,18,-13,-12
1,3,-22,18,2,12,0,9,-20,3,-13,7
2,-8,-19,7,-5,5,-3,18,-18,26,-19,7
4,-2,-8,18,-21,12,-3,27,-8,-4,-17,20
2,8,-22,4,-12,-5,-3,10,-6,-1,-17,1
3,16,-2,17,-16,-7,-3,6,-1,21,-4,8
2,-3,-21,25,0,16,-3,23,-1,30,-12,18
-2,-4,-3,7,1,14,-17,31,1,17,-5,4
4,24,-19,4,-8,19,-3,10,0,5,-3,26
2,10,-19,23,-6,24,-3,27,-20,-1,-14,29
4,4,-6,7,-4,19,-5,19,-14,5,-16,3
-7,31,-7,15,-10,0,-5,8,2,35,2,17
4,30,-7,0,-2,20,-5,15,-7,6,-3,1
-2,-7,-1,-33,3,-8,-4,-31,1,-26,-3,-10
2,-11,1,-16,-11,-12,-13,-2,-18,-11,-13,-17
-3,-27,3,-5,0,-22,-2,-31,-9,-14,-2,1
1,-10,-19,-4,-3,-5,-12,-3,-6,-32,-17,-22
0,-11,-6,-26,-8,-13,4,-7,3,-6,-4,-19
1,3,2,-12,-7,-27,-12,-8,-13,-15,1,-14
-1,0,-15,1,-11,-5,-10,-29,-9,-3,-19,-28
0,-2,0,-17,2,5,-1,-2,4,-13,-18,3
2,7,-10,5,-8,-4,-14,-18,-1,-2,0,-10
0,7,-17,-17,3,9,-11,7,0,-14,-12,-3
-1,-1,-13,-1,-11,-26,-5,-22,-8,-16,-19,-3
1,1,-3,3,-16,-4,-11,7,-7,0,-12,0
4,10,-21,9,-14,-24,2,-3,-7,-2,-3,-6
0,7,-19,11,-6,-20,-5,-11,-5,7,-18,7
1,9,-3,-15,-11,-11,1,-14,-21,-8,-16,9
3,11,-5,14,1,-16,-13,-18,-11,-21,-5,10
-1,12,-1,14,-7,16,0,9,-11,16,-2,6
1,16,-12,1,-12,-17,-9,-4,-10,-15,2,5
2,14,-21,4,-20,16,-9,14,1,18,4,3
3,19,-3,12,-14,-13,-15,11,-13,12,-1,10
-1,5,-3,-11,-11,2,-1,6,-4,-7,4,-3
1,9,-4,12,-4,-10,-4,-3,-6,-11,-2,19
2,9,2,9,-2,14,-2,-10,-11,11,-2,-14
-13,20,2,20,-10,8,-4,10,-2,4,-10,7
-16,21,-1,15,-17,10,-3,-2,0,13,-21,22
4,3,-10,2,-1,22,-5,3,-21,25,-16,5
5,-2,2,16,-9,1,-1,22,-9,0,-18,4
5,-7,0,-8,-4,0,-7,21,-19,13,2,17
-12,14,4,26,-1,23,-2,7,-18,11,-17,24
-7,29,-14,-3,5,25,-3,6,2,16,-19,-7
-2,0,-13,30,-3,13,-4,14,-2,3,-18,9
-2,28,-5,26,-9,4,-7,24,-20,17,-7,-1
-3,25,2,23,4,27,-4,18,2,28,-16,6
-1,2,-9,0,3,24,-14,13,4,5,-9,22
-4,17,-14,6,-2,2,0,13,-3,34,-16,33
1,16,-2,25,3,23,5,33,-5,1,-16,33
-3,23,-13,29,-2,2,-11,21,-8,2,-16,21
0,-2,-18,-36,-11,-17,1,-2,-19,0,-18,-24
4,-7,-15,-20,-8,0,-1,-30,-7,-24,-10,-3
-2,-6,1,-19,-3,-8,4,-11,-3,-34,-5,-26
-3,-9,-13,-13,0,-17,-2,-17,-11,-13,-1,-20
3,-12,-1,4,-1,4,-9,-30,0,-16,-1,-25
-1,-31,-14,-13,-3,-31,-13,-2,-5,0,-10,-15
0,-23,-16,-13,-2,-4,-19,-19,0,-6,-7,-12
0,-17,-1,-14,-3,-25,-2,-23,2,-7,-18,1
-3,-10,-11,-11,0,-13,0,-27,-10,-11,-12,0
-3,-6,-2,-2,-3,-4,-2,-1,-2,-16,-8,0
1,-10,-3,0,0,-12,-1,1,-6,-2,-1,-12
-3,-8,1,-4,0,-25,-2,0,-4,7,-6,-19
6,10,-7,-1,-3,-2,-2,-5,-1,3,0,-6
-2,11,3,-5,-1,8,-9,5,-11,-1,-3,-8
0,-12,3,-10,0,-18,-3,7,-10,-13,-13,-21
-2,4,-5,-16,-1,13,-3,5,-5,-19,-3,11
-2,7,-20,-17,-2,-12,0,-11,-2,1,-3,-14
5,10,-4,11,-2,16,-2,14,0,10,6,9
-2,1,-1,-4,-19,4,3,1,-11,-13,-7,-10
-2,16,2,17,-3,3,-3,-13,3,1,-3,12
0,-3,-15,-12,0,-6,3,4,0,-4,-12,-10
-5,21,-16,-14,2,10,3,-14,-2,18,6,21
-5,21,-20,6,5,19,-11,-3,-4,8,-3,-7
-2,5,1,17,-2,3,-1,-5,-16,-1,-6,-10
1,-10,-2,10,-1,-1,-2,-4,-7,5,-1,13
2,2,5,2,-2,6,-15,1,-8,6,-2,-7
5,16,-17,-5,1,5,-2,4,-7,12,-18,7
6,16,-10,1,1,8,0,6,-17,23,-12,17
5,13,-14,25,0,-2,1,8,-14,9,-1,2
0,-4,-16,29,0,11,-3,-4,-1,0,-9,20
-3,-5,-1,0,-3,-5,0,2,-18,9,-13,-3
-3,7,-13,29,0,12,0,31,-13,13,-13,30
5,24,-4,14,-3,23,2,14,-1,4,-19,28
-1,1,-12,3,-3,-1,-1,8,-12,1,-18,26
-3,14,-18,29,-2,7,4,24,5,32,1,30
-1,8,-5,23,-3,27,-2,8,-6,25,-14,30
-2,9,1,23,-3,19,-1,19,-9,31,-3,12
4,-2,-10,-33,-18,-7,-12,-32,-19,-27,-14,-35
0,1,5,-11,1,-30,-11,-27,-1,-25,0,-33
1,-26,-10,-22,-8,-16,-8,-8,-5,-24,-6,-29
6,-17,-10,-23,-6,0,4,-9,2,0,4,-10
-13,-1,-6,-13,-6,-28,2,-13,-17,-22,-16,-20
7,-26,-5,-22,-9,-26,-14,-23,3,-16,-10,-8
2,-19,-2,-5,4,-16,-7,-24,-19,-13,5,-23
6,-24,-16,-26,-3,-1,-15,-13,-15,-18,4,-11
-3,-16,-11,3,-6,-8,1,7,-4,-16,-7,0
-11,-13,-7,-11,-11,-20,-10,9,0,5,-5,-9
-14,2,-12,7,-1,4,-15,-26,6,-24,-5,8
-15,1,2,-16,0,-2,-4,7,-8,0,-4,-15
-15,5,-7,-11,-18,-13,-17,-4,6,9,-4,0
0,-8,3,-6,-9,-9,-13,-13,-18,4,-3,-6
4,-20,-10,-16,-12,7,-11,2,3,12,1,0
-6,11,-11,-13,6,3,-6,-3,-5,-8,6,-19
3,-16,1,2,-10,-2,-16,8,-1,-4,-3,-20
5,-9,-8,11,-4,-19,-8,3,-1,-2,-9,-19
-6,-18,-5,6,-11,2,-14,11,-9,0,-5,-18
-18,11,-10,4,-18,0,-1,-5,-7,-5,-17,10
-8,-16,-4,2,-1,-5,1,-10,-10,2,-3,-1
-4,-13,7,20,0,17,-7,21,2,9,-8,-2
6,13,-13,14,-1,19,-1,1,-6,14,-19,-13
6,-4,6,-4,0,20,6,17,1,-5,3,22
-4,22,-9,5,-1,13,1,1,-3,-9,-4,-8
-6,25,-15,14,-1,3,-11,7,-4,-8,-14,13
1,1,-11,2,1,-8,0,-10,0,2,-1,-2
-2,2,-4,19,0,11,-2,18,3,15,-6,3
5,13,0,16,0,11,7,28,-3,-3,-9,15
-7,17,-2,4,-2,22,0,-5,-8,7,-2,15
-17,11,-2,4,-2,18,-1,11,0,-2,-4,22
-10,4,3,-4,-3,11,4,13,-3,23,-5,8
-9,9,-13,13,-1,3,-8,31,-18,6,1,4
7,15,-2,-2,2,32,4,26,-12,14,-13,-2
-4,31,0,5,-1,34,-6,27,-10,31,-15,23
5,5,-8,21,-6,22,-7,9,-19,34,-4,0
5,0,-5,23,-12,22,-9,18,-11,8,-4,16
2,-8,-7,-22,-8,-1,3,-30,-1,-17,-2,-22
0,-14,-9,-11,2,-26,2,-19,1,-25,-2,-5
3,-30,0,1,-10,-1,3,-6,-8,-31,-14,-21
7,-26,5,-1,7,-31,-8,-27,-4,-3,3,1
-9,2,-3,-19,-12,-2,-5,-6,-17,-7,-13,-19
8,-17,-3,-19,-15,-21,-5,-26,-15,5,-10,2
3,-21,-9,-26,-4,-27,-17,5,-9,-2,2,-11
8,2,-6,-14,-7,-3,-14,-16,-13,-10,-1,-24
-1,-21,-5,-24,-2,2,-5,-28,-12,-13,-15,-8
-3,-2,7,-20,-16,-25,3,-5,-9,-18,-5,-3
-15,8,1,-21,2,-4,-4,-2,-5,-1,-12,6
-6,-4,-4,-21,-8,-8,-8,-3,1,4,-7,-4
-5,5,-2,5,2,-1,-4,-15,1,-5,-11,10
-1,6,-6,9,1,4,3,-20,-6,13,-14,1
-1,-16,-7,9,-17,-6,-9,-9,-10,6,-10,-17
4,-11,-4,8,-3,0,0,11,-16,8,-3,1
1,-6,-15,-9,-10,-8,-15,-1,-18,11,-18,-3
1,-2,1,9,-4,-19,-10,3,-8,0,-6,13
-4,-14,-7,-12,-4,0,0,6,-14,1,-11,-2
-2,6,7,19,-13,-8,0,17,-7,-5,4,15
-4,5,-1,-16,-14,-9,-2,-11,4,9,7,17
-12,0,-7,17,1,1,-17,-2,5,14,1,16
-7,19,7,-13,-12,10,-3,14,-12,-9,-14,6
-7,-2,-8,18,5,16,-5,15,-16,6,6,20
-9,-1,-12,1,-2,8,-5,5,3,20,0,5
7,-1,1,14,2,24,-10,18,-3,7,8,24
6,-1,0,-7,2,24,2,11,-7,-9,-3,9
-7,6,-7,-6,-10,26,1,14,7,15,2,6
-9,-5,-12,2,-5,-7,0,3,-8,5,-8,23
-8,9,4,15,0,15,1,19,7,2,-15,-5
-18,10,-16,14,4,28,1,19,-8,2,-10,7
-6,1,-2,-4,-12,27,-7,13,-6,26,-14,26
-12,1,-14,3,5,21,-13,6,-4,17,-4,-3
-9,26,-9,20,-11,33,-5,6,-12,31,-12,-3
-18,34,-7,33,6,9,4,28,-10,20,-4,21
-2,33,-5,24,-8,5,8,2,7,24,-2,9
-9,26,-10,30,-9,26,-3,34,5,36,-1,26
3,-7,1,-2,-16,-28,-17,-15,8,0,-6,-4
0,-30,6,-13,-9,-5,-5,-7,3,-20,0,-12
5,-33,-13,-29,-8,-3,-16,-18,-15,-8,7,-4
6,-20,-11,-8,-8,-3,-12,-6,-8,-20,2,-24
9,-29,-15,4,1,-32,-12,-27,4,-11,-1,2
9,-27,-3,-21,5,-21,7,-23,-5,1,-3,-3
2,-20,-7,6,3,0,-15,-6,-4,-22,-7,-10
0,6,-8,-7,-5,-23,-3,-23,-4,-3,-9,-21
-2,1,4,-8,6,4,-16,5,-2,-23,-16,5
-5,-12,6,-3,-11,-17,-2,-10,-10,-4,-2,-12
-12,8,5,-3,-4,4,-17,-20,3,-24,-3,-15
-13,-1,-15,10,-8,9,-5,2,1,-5,-12,7
8,-18,-8,-16,-14,-20,1,-1,3,-23,6,10
6,-7,-3,-1,-4,-1,-16,2,-12,-23,-2,13
-5,13,-10,2,5,14,6,8,-1,13,-2,-17
5,-6,-2,4,-5,2,0,4,-5,-13,-12,-18
5,-14,-4,-13,-1,13,-2,-5,-14,-19,-14,-7
7,-7,3,6,-4,16,3,0,-6,-6,-1,-10
1,-3,-7,-14,-10,-2,-6,5,-8,-17,-6,-11
-1,8,6,-8,-9,0,-11,-11,2,-3,2,16
-14,17,7,3,-17,3,1,-14,-14,7,2,1
-4,4,-2,11,-14,-3,-13,10,-7,20,1,18
-7,19,7,21,-13,18,4,3,-2,10,3,17
-6,-11,2,-9,-12,-12,-11,13,-1,-4,-7,5
-4,-2,-9,22,-13,19,0,-6,-16,-6,-9,-5
-11,6,3,-2,-5,1,-10,-11,-5,12,-1,25
-1,-5,0,5,2,7,-8,-7,3,23,2,9
-12,26,0,13,-2,24,-17,-8,-9,10,-4,1
-11,-7,-10,9,-14,14,-5,-1,-1,8,-1,-5
-17,-6,-1,12,-15,19,6,10,-5,-3,1,-6
-7,12,0,29,-10,27,3,28,-6,30,-14,-3
-8,15,-10,6,-3,9,-13,27,-4,13,-13,11
-4,2,1,17,6,24,2,18,-13,25,-5,30
-2,16,-8,33,-6,24,-5,-3,-4,10,-5,15
-14,30,-9,16,-16,25,-7,28,-15,23,-10,20
8,-1,3,6,1,12,-16,18,-7,5,-5,10
-8,15,-7,7,-15,31,-6,5,-7,14,-6,15
5,-7,-6,-12,4,-17,6,-19,-3,-4,-5,-2
-2,0,5,-16,-8,-17,6,-6,4,-8,-10,0
6,-31,-14,-29,-5,-25,6,-8,-16,-5,-3,-19
6,-22,-9,-8,10,-30,7,-7,-1,-24,-3,-3
-6,4,-5,-30,-5,-18,-16,3,8,-5,4,-25
9,-12,8,-8,9,-13,2,-9,4,3,-8,-20
8,-13,-2,-12,-9,-6,-9,-27,-7,-5,5,-15
10,0,0,-1,-6,-27,-13,-17,-9,0,-2,-24
-4,6,2,-28,10,-10,-2,3,-3,-24,-5,-16
-11,-12,-5,-12,-3,-1,-14,-8,-6,-4,-16,9
-2,-21,-3,-8,7,-16,0,-23,-5,-2,1,-15
-9,3,9,5,-1,-21,-1,-1,-2,-9,7,-5
10,2,6,-9,-12,-12,-12,-14,1,-3,6,12
8,-8,-6,3,-2,1,10,7,-3,-23,-16,12
6,-22,-11,13,6,-3,-8,12,-11,2,-10,-13
6,-9,-9,-11,-1,-20,2,-20,2,13,-10,7
6,-6,-1,-5,-2,1,0,16,5,9,-14,8
10,-2,0,-14,-4,-5,4,-14,-16,4,1,-1
-7,17,-9,-9,-11,17,-10,-2,-10,-11,9,11
-1,-3,1,-14,8,-3,-9,6,-1,-9,-8,4
-11,20,-5,-8,-16,5,8,9,-8,16,5,19
-11,1,1,17,0,16,2,-12,8,14,-14,20
2,2,6,15,-7,-3,-4,-1,-6,2,-3,22
-1,10,-10,-10,-12,17,-9,20,-12,-13,-9,-6
-12,0,-6,-7,9,-11,-8,15,-14,21,-16,10
-15,25,-10,8,9,-6,-2,21,-4,-6,-3,5
-10,19,-4,-8,6,23,6,21,-9,-5,8,18
-8,18,-10,13,-15,-3,-14,1,1,11,-11,3
-5,6,-4,20,6,-8,-2,27,-5,19,-13,-3
-11,11,-12,14,-8,14,0,4,8,-5,-9,4
-11,13,-11,3,-1,2,2,24,-11,14,-16,21
-16,-2,2,6,-11,0,7,11,3,6,7,23
-14,9,-15,-3,-16,20,0,-2,-1,17,6,22
-12,2,-11,31,0,-3,-15,3,4,14,-1,31
-14,31,-7,-2,-11,6,-7,8,5,21,0,17
-3,22,-9,22,-5,35,-12,10,3,25,3,17
-11,22,-5,29,-16,28,-9,2,-1,14,-9,27
9,-5,-11,-1,2,-30,3,-8,-8,-20,10,-8
4,-17,-11,-29,-2,-32,-3,-11,3,-28,1,-15
6,-28,8,-31,-11,-14,-6,-28,0,-9,0,-27
8,-27,6,-6,-14,-29,-11,0,-15,1,-12,3
-1,-32,-3,-13,-15,-22,-10,-4,8,1,-1,-8
10,-19,-14,4,10,-10,-8,-13,-14,-17,7,0
11,-11,-13,0,-13,-19,-11,-13,3,-26,3,-19
9,-10,-13,-14,-9,-16,-4,3,4,-16,6,-23
10,-20,2,-5,0,-9,0,-2,-6,-1,-3,-23
-1,-24,-12,5,8,9,6,-4,-1,-12,-7,4
1,-20,-8,0,-13,6,-7,-25,-7,-15,0,-17
3,-12,0,-21,-11,1,1,-9,3,-19,11,2
-8,9,4,-24,-7,-2,-11,11,-9,8,-12,5
10,-21,1,-20,-6,-7,-3,-19,-9,4,-12,12
9,-11,-4,-5,-4,-22,-8,14,-12,-5,-4,0
8,-12,-5,13,10,2,-1,-4,-4,-21,-2,-12
10,-9,-2,-19,-13,-5,8,11,2,10,-4,-12
-11,14,1,2,-12,5,-2,-7,7,4,-5,-7
3,-6,8,-18,-5,1,-5,5,-9,18,6,-8
-2,4,-7,-6,11,8,9,12,-4,-10,-2,-3
0,-1,4,1,-3,17,5,-12,-12,-16,-8,7
-8,-12,-12,9,10,-2,-9,-14,-7,6,-2,10
-3,16,-13,19,-1,18,-10,0,4,14,-11,4
-1,10,-11,11,-13,-1,3,7,-5,20,4,-1
-13,-9,1,-5,-4,0,-6,-7,-5,18,6,21
-9,11,-11,23,-12,3,-11,18,-1,7,7,8
-11,12,-5,3,-11,-1,1,-2,0,3,1,14
-3,14,-8,3,-11,7,-13,20,3,20,-3,-9
1,12,-2,8,5,17,-6,23,2,28,-6,-6
-14,26,-3,7,-4,9,-8,25,-12,13,-2,22
-4,13,-11,22,-10,-2,-7,10,2,28,-6,-5
-15,18,-6,10,-13,-5,-3,26,7,21,5,19
1,5,6,20,-13,-1,-7,28,-9,-2,-8,10
-9,4,4,-1,-13,6,-5,24,-10,27,-7,20
-10,27,-9,4,-1,31,-3,9,-11,1,-1,14
-4,17,-4,22,3,33,-3,19,5,10,0,17
-2,2,4,19,-14,23,9,15,-11,33,-14,21
5,-6,4,-9,-3,-31,11,-16,2,-21,-3,-25
2,1,-5,-1,-7,-21,-4,-34,-1,-11,-3,-32
7,-26,-12,-9,10,-30,-5,-25,-5,0,4,-9
9,-29,10,-8,10,-18,-2,-14,-7,-29,1,-31
-6,-17,-12,-16,-14,3,-5,-16,9,-6,6,-16
2,-14,-5,-24,-14,-9,7,-20,-6,-26,-2,-22
12,-9,-9,-10,-5,-8,0,-30,-2,-16,2,-4
11,-16,-7,-14,2,-28,9,-2,4,-27,10,6
-5,8,6,-22,-14,-14,9,6,4,-15,2,-17
0,-2,11,6,7,2,-7,-14,0,-13,-4,-16
-2,-14,1,8,12,-15,8,10,0,3,-12,-5
-3,0,1,-8,7,-3,-1,5,3,-20,-6,-21
3,-15,6,6,-4,-20,-5,-12,-14,-6,2,-17
12,0,10,3,-9,2,-3,4,8,8,-9,13
11,-2,6,-5,9,13,-11,13,2,3,10,4
5,-5,0,-2,-12,12,-7,-20,-8,8,-7,0
3,8,2,-3,2,-9,-8,-5,1,16,9,11
-5,6,2,8,10,-7,-3,6,-12,4,-8,-2
-3,9,11,14,7,-10,-3,12,10,6,1,-6
-10,-17,-3,-16,-4,-4,-8,-12,7,14,-7,-4
-6,-15,6,-4,-1,16,5,-10,8,14,-7,2
-8,11,4,-14,-6,-2,-7,11,-9,-1,-8,21
1,-10,-2,-2,0,5,-8,-12,2,5,5,2
-8,-10,-4,1,1,-8,-8,-6,-9,-2,6,-3
-11,0,-10,0,-7,-6,-6,18,8,23,1,23
-1,-6,9,9,-10,-3,10,17,-3,23,-7,14
-9,14,-3,15,-13,-7,0,1,3,5,4,-7
-5,-5,1,24,2,-3,-7,6,-12,25,6,25
-4,11,-1,23,6,0,-7,16,-8,13,2,15
-4,20,3,24,-3,13,6,16,-7,17,-2,-1
-9,-4,-6,21,0,21,7,12,-3,9,4,17
-8,8,-12,5,7,0,-2,3,-1,31,-2,-3
-11,6,-7,23,2,19,-11,-3,-10,10,-7,26
1,4,-9,30,-6,22,-11,29,0,6,3,11
-9,19,-11,34,0,0,-1,13,-10,8,0,12
-13,20,6,20,0,7,2,20,6,27,0,19
0,12,-13,24,1,18,-5,0,-4,4,-2,14
6,-29,-5,-27,7,-23,-3,-34,-3,-12,-7,-12
3,0,-7,-9,-8,-13,-5,-22,2,-12,9,-13
7,-25,8,-28,10,-31,-12,-7,5,-26,-13,-23
9,-25,2,3,0,-24,-1,-17,13,-11,-2,-17
-6,-20,-6,-4,0,-16,-8,-14,-7,-7,3,0
-5,-9,-8,-10,-6,-10,8,5,-5,-14,-6,-31
13,-18,1,5,8,4,-2,3,13,-26,13,2
13,-19,1,-4,-7,-21,12,7,5,-3,-3,-2
-6,4,-4,3,-8,-11,-6,-3,-12,-11,6,-13
-2,-6,10,-6,2,-3,1,-19,3,-6,-2,-1
-3,-26,-4,6,-2,-2,-6,1,1,-20,-13,-23
-1,-14,-4,8,4,-17,0,6,0,-20,-7,1
-3,11,-4,2,0,7,-8,-4,0,-23,2,-3
-5,1,-8,-4,-2,9,-11,-1,-6,-23,9,-3
3,-6,13,10,2,-15,0,-3,-1,-16,2,10
13,6,-3,-19,-11,0,2,-21,0,8,-8,1
3,-19,-9,13,-13,-11,-7,1,-8,-19,6,2
-5,-2,4,17,12,-10,-3,0,-11,12,1,14
0,6,-10,-14,-10,17,7,8,8,9,11,5
-7,-3,-8,-3,-9,-14,-4,8,1,-15,7,-12
-5,5,-5,0,-8,12,-2,1,10,3,1,3
-3,-12,-8,17,-6,-12,0,12,2,-8,13,14
3,12,3,22,12,5,3,13,9,-13,-9,-11
-8,14,4,20,13,14,-7,-10,-2,15,-4,-9
-7,-2,-6,17,-1,17,-2,-5,-11,-11,-7,-2
-1,17,1,23,-9,-10,-2,1,-3,1,-4,5
-6,-9,-5,16,8,16,-7,-10,-8,-1,12,21
-10,22,-5,-9,-5,27,8,21,-2,14,4,18
-11,13,5,7,9,24,8,24,13,0,0,15
-2,5,0,22,-10,-5,-3,-2,-3,4,2,13
-7,13,-13,26,2,9,-11,-4,7,29,-3,-3
2,4,4,13,-5,14,-6,2,-5,13,-3,4
-6,1,7,27,4,27,-7,13,-11,0,7,0
-4,4,8,25,0,8,-13,17,-1,22,5,13
-10,-1,4,22,5,30,-9,25,-11,18,-4,13
-12,17,-3,14,-10,28,-13,23,3,30,-6,19
-5,16,5,9,2,31,-13,13,3,12,-3,34
6,-6,13,-8,2,-21,-3,-17,-7,-13,5,-33
9,-30,1,-23,-9,-18,-5,-1,-9,-2,-6,-2
8,-20,12,-12,-8,-13,-12,-6,-9,1,-1,-30
10,-26,3,-30,-7,-27,-3,-25,1,1,-6,-19
1,-5,-8,-18,12,-24,5,-15,-7,-22,-4,-30
-10,4,7,2,-2,3,0,-14,3,2,-2,-26
-5,-5,4,-30,-10,-10,-11,2,-5,-9,5,-29
4,-29,-9,-17,1,5,-4,-20,8,-16,2,6
-3,0,1,-17,-3,0,3,1,10,-9,0,-2
-10,-3,2,-1,3,-15,-7,-14,9,-18,4,-19
3,-4,1,8,-3,-20,3,-24,4,-26,0,-5
-12,-25,-7,-13,-3,-18,4,-1,-5,-23,9,-4
-8,11,0,12,-7,5,4,-9,-8,1,-11,12
14,-12,-1,-13,-1,10,0,-21,4,0,-3,-20
-2,12,2,-10,4,-3,13,-15,0,-3,14,-13
-1,14,-10,-20,-5,13,4,-15,-9,-7,4,-8
-6,5,-2,-14,-7,0,3,-12,-1,-3,-4,15
-3,2,-9,-12,2,10,0,14,-6,0,-4,15
0,-15,5,16,-9,14,6,0,-8,-3,3,13
-5,-17,-10,-3,10,13,3,1,-9,-5,-7,-13
-5,2,3,6,14,-1,0,14,5,1,-9,18
-4,-3,-5,-12,0,3,4,10,14,15,4,14
3,4,-1,12,2,6,12,20,8,17,-7,13
0,-13,-2,20,-9,17,-6,-2,8,-13,-5,16
-5,-3,5,8,-1,-10,4,8,5,15,9,15
-8,4,1,15,-9,-4,12,-7,-10,-3,4,24
-11,-10,-7,-9,2,3,-8,10,-4,17,-10,-9
-10,16,4,7,3,18,-9,18,5,24,3,-3
0,10,-11,6,-7,26,11,28,-2,13,6,16
-6,5,-1,2,-1,4,1,29,5,4,6,22
-8,17,-6,15,-3,8,11,0,-6,25,9,25
-12,9,3,30,10,4,-4,-1,4,22,6,8
-9,9,2,1,10,10,-1,4,8,21,-12,6
-8,3,4,17,1,14,-8,12,-8,6,-3,4
-6,6,0,3,-7,34,-7,17,6,20,3,12
-11,22,0,16,-5,26,-11,2,12,30,14,32
-5,16,2,6,-6,25,-1,29,5,3,7,11
6,-14,-3,-12,-8,-8,1,-11,-3,-34,-1,-19
10,-23,15,-6,-9,-6,15,-16,4,-25,1,-4
12,-31,-10,-5,-11,-17,-3,-8,9,-20,-8,-26
13,-29,-7,-14,-1,-4,6,0,2,-27,10,-16
4,-20,-5,-12,2,-32,-6,-17,-8,2,8,0
1,-26,-11,5,-7,-16,-8,2,-11,-4,-9,1
-2,-18,7,-24,-10,-5,-10,-16,2,-23,-5,-28
-5,3,6,-12,-6,-18,-1,-25,2,-2,-4,-10
4,-1,6,-26,3,-3,-6,6,2,-16,-2,-11
3,-3,-9,-23,-8,-22,11,-21,9,-24,5,-23
3,-12,9,0,-11,8,-9,8,15,8,10,-3
-6,-11,1,10,-2,-4,5,5,-3,-22,7,10
-1,-23,0,-6,-10,-23,2,-10,0,8,-5,-1
3,-7,-5,13,11,-15,-6,-12,-2,0,-1,-13
-7,3,13,5,-1,0,-9,8,3,-19,-7,13
-2,12,-8,0,-9,13,-5,1,12,-18,2,-17
1,-4,4,-9,-5,-19,9,-9,-4,2,12,-18
-1,-2,14,16,-9,9,-1,-8,0,-11,-6,11
-7,-2,-1,-10,-3,11,-5,-10,12,16,-3,-3
-9,-16,15,-10,8,-2,5,-16,-7,10,-4,9
0,7,1,18,1,1,-9,-3,1,-16,2,3
-6,-15,-3,-12,-8,-6,-9,16,1,-13,-3,2
-8,14,3,-12,-3,-13,-1,-5,4,1,6,2
-4,-9,-6,12,5,-4,0,1,9,19,-7,15
-2,-4,-10,16,-7,-8,14,22,1,23,4,11
-7,6,5,11,4,2,-7,-4,9,-1,13,8
-8,16,12,25,-10,26,-5,22,-11,-10,0,-5
-11,23,4,0,-1,6,4,4,-8,22,-3,27
-11,-4,-8,20,15,2,-2,-4,-9,24,0,10
-11,27,2,26,9,19,-9,-6,12,2,-11,14
-11,16,-6,24,0,17,4,13,12,29,4,27
-4,1,9,31,4,17,-8,4,3,-4,-10,5
-11,4,-10,12,-7,13,-4,8,-11,4,-7,8
-10,6,14,0,-3,-1,3,18,10,-2,2,23
-10,6,3,14,5,8,-1,27,-10,1,-7,21
-8,17,10,21,8,17,6,7,-6,27,12,20
-6,12,3,36,-2,25,11,24,8,3,8,23
8,-16,4,-19,9,-15,4,-2,2,-7,15,-4
13,-14,-8,-14,-6,-21,-6,1,-9,-26,12,-17
11,-34,9,-12,-5,-27,-5,-3,-5,-30,-6,-33
13,-26,3,3,7,-1,-2,-26,-2,-8,-4,-3
5,-26,5,-1,-10,0,7,-1,-3,-17,-4,-12
-7,-4,9,-20,-9,-7,13,4,-10,-3,-6,-27
5,-6,5,-11,2,-2,15,-11,-4,-29,13,-26
1,-1,16,-17,-1,-28,10,-15,7,6,8,-1
-5,2,12,-7,16,-6,-8,0,2,-2,-5,-11
-6,-24,-5,-10,-5,-15,12,6,9,3,-4,-19
-9,6,10,-16,-4,-24,-3,-20,-9,-21,14,1
2,-15,7,-21,2,-25,-1,-1,-5,2,9,-22
2,-7,0,-1,4,10,-9,4,2,-9,2,-7
7,2,6,-9,6,-21,5,4,-3,-16,5,-12
-4,5,4,-8,-1,-5,2,-10,-3,-9,0,-15
4,13,-4,8,3,-16,-4,2,10,0,2,-11
-8,10,3,-11,-2,-9,2,6,4,14,14,14
-7,-4,11,-16,-4,0,12,-14,11,-14,8,-19
-2,-7,-2,2,12,-3,-3,12,1,3,-9,10
2,-4,-5,-10,12,-4,8,10,4,10,-8,17
4,-3,6,7,-5,16,-6,-7,-8,0,5,13
1,-12,7,4,-9,17,3,-14,8,-6,-4,7
-9,-12,-1,16,-7,19,-2,14,-6,18,8,-9
-9,16,-8,19,-4,13,5,22,-7,12,15,-2
-5,1,2,-12,-9,23,13,1,-3,13,-4,3
-10,22,4,2,-6,22,6,12,-6,-4,14,-5
1,-5,0,15,0,-9,-2,-4,0,19,-6,16
-10,16,6,25,-4,0,-3,22,6,-5,-2,20
0,-2,16,-5,11,25,16,-7,-6,0,-8,8
-2,-2,2,11,6,8,-1,0,5,28,-9,17
-8,0,-10,4,1,11,14,30,-10,-1,10,3
-7,1,1,15,11,18,-9,25,0,-3,-10,11
-10,9,-2,13,-8,20,8,0,-6,18,-5,15
-8,6,-3,19,-5,24,4,11,15,24,12,18
-4,4,2,7,-7,1,2,21,6,18,12,14
1,7,9,29,16,8,-7,16,-4,-1,0,29
-5,20,6,32,-10,33,12,28,11,22,-8,24
11,-36,-3,-4,7,-31,-6,-18,7,-18,7,-11
13,-30,12,-28,0,-22,-2,-24,15,-2,-5,-26
8,-1,2,-22,17,-30,1,-27,4,-3,3,-22
14,-16,15,3,-8,-31,14,-5,6,-11,-8,-4
-3,-4,13,-2,16,-20,8,0,0,-22,-4,-7
4,-18,-4,-3,-9,-25,-4,-31,6,-20,5,-10
-2,-7,-1,-16,5,-21,-9,-5,-8,-22,-6,-30
6,-16,16,-6,-4,-29,17,-6,15,-16,-7,-23
6,-7,13,-28,-3,-24,-2,7,-9,5,4,-11
-3,-16,17,9,6,-25,7,7,-7,-24,9,5
-8,0,9,-18,-4,-3,-5,5,-3,-23,0,-7
6,-5,11,-14,2,3,16,-23,4,-4,-2,-19
-6,-24,2,10,-6,2,16,3,-3,9,-5,-16
-2,-9,14,13,-2,12,-4,1,3,-20,1,5
0,-4,11,11,4,5,12,5,-8,-18,-3,-9
7,-10,17,-4,9,-9,-4,4,16,-8,11,-4
-1,-7,10,15,0,-8,1,-7,-7,16,-2,16
7,-12,3,-11,6,-8,-7,-14,-4,2,-9,-17
-7,-4,-8,2,-2,13,-4,14,7,-10,-8,5
4,1,16,-6,3,-12,15,3,-2,18,-8,-13
-6,-2,3,-6,-7,14,5,17,13,11,-1,-7
5,-4,3,6,10,10,15,-3,2,-13,0,19
1,-9,-7,-11,4,0,-1,11,-5,12,-3,4
-9,6,-8,-13,-3,2,-9,-4,7,-7,13,20
2,-2,3,-6,0,-7,-9,-1,-7,6,13,16
4,0,4,2,-2,19,-6,10,-4,7,0,24
-9,-8,-3,-2,-1,16,-6,19,-2,20,4,-3
5,1,-2,-9,14,24,4,-5,10,13,3,20
-7,-1,11,12,-5,26,15,27,-6,13,-9,7
-9,5,3,-3,15,11,4,16,-5,10,-6,9
-9,4,10,23,11,21,5,17,6,20,16,-5
-8,5,7,1,1,2,-6,2,-8,21,-8,1
-8,8,-3,1,-8,9,-5,8,-9,12,12,16
-8,8,6,27,-8,23,-8,7,-4,9,-5,2
-2,5,-5,24,5,10,6,21,-8,28,-8,13
-7,10,-8,2,6,9,15,9,0,28,9,18
3,8,15,32,12,25,-9,32,5,8,9,14
13,-26,-3,-26,13,-9,2,-1,-5,-31,7,-33
15,-20,14,1,6,-4,-4,-16,0,-35,-8,-2
16,-26,3,-18,6,1,12,-3,16,-34,3,-3
17,-9,-3,-33,-7,-21,3,-13,5,-13,-4,-12
18,-23,-7,-7,-1,-23,8,-25,-8,-8,6,-6
-5,-7,5,-31,16,2,7,-17,7,-3,-6,0
0,-27,13,-12,0,-25,0,1,-4,-25,-2,4
1,-19,10,-17,-4,-16,15,-27,6,-17,0,-26
-5,-3,18,2,7,-22,17,-19,0,-27,1,-22
-6,0,-8,-21,10,-4,3,-8,2,4,12,-2
-8,0,18,0,-5,10,14,-7,7,6,10,-6
5,-16,-5,4,-5,-10,5,0,5,-22,10,9
-5,5,-5,-1,-6,-10,7,9,4,-8,12,9
-1,3,2,9,14,6,6,-18,-7,11,6,-11
-6,1,-7,-7,0,-12,8,-4,6,-18,-3,-20
0,-1,-8,-7,8,-13,8,1,0,14,14,6
-7,-5,18,-16,8,-13,-3,10,-3,-12,18,0
5,-11,17,2,-2,4,9,17,10,-19,-7,-10
-7,-13,18,-3,4,14,-7,4,0,13,1,-8
3,-10,16,13,8,-5,4,17,-5,-10,-5,-7
3,-7,14,19,3,-3,13,9,0,-1,-6,-5
-6,-11,-5,-2,4,16,-6,18,9,3,13,11
1,-9,-4,-6,-4,4,18,14,3,5,-4,8
2,-3,3,-13,13,23,18,-3,-8,-2,-8,10
6,-5,-7,-2,-8,17,15,-8,-6,23,-5,-1
4,9,6,4,5,17,18,-9,1,-7,12,15
-8,-5,-7,-5,-1,15,8,21,-4,18,13,15
6,-1,0,13,-6,1,18,15,-1,0,0,21
-4,0,18,-7,16,-8,18,14,-6,22,14,1
-6,3,11,24,18,0,7,-6,-8,19,6,1
-3,0,14,2,-5,12,-2,8,-6,3,15,23
-7,9,-8,-3,18,-5,-6,21,5,11,5,-4
-8,7,17,20,-5,-4,12,26,-7,-3,16,1
-7,10,6,29,16,6,-4,21,-3,22,-1,25
-8,7,5,20,-7,8,-5,28,-4,33,1,12
-4,12,-2,33,-3,32,12,1,9,3,12,34
6,20,6,7,6,10,6,13,-3,29,12,3
16,-31,-3,-7,17,-16,3,-26,-4,-6,17,-7
7,-3,0,-33,7,-9,-7,-6,14,-21,16,-28
18,-12,-4,-25,5,-15,14,-25,11,-3,4,-34
12,-22,5,-7,18,1,8,-8,4,-7,-3,-27
19,4,-1,-31,11,-1,13,-32,-1,-14,7,4
17,-11,-1,4,15,-5,18,4,12,-30,11,5
-1,-9,13,-28,14,-27,15,-3,19,-20,7,-8
-3,-8,8,-15,17,3,8,-19,4,4,5,-7
-7,7,13,-5,4,-18,3,-2,3,-27,1,-27
-4,-11,-2,2,-2,-13,18,-3,1,-1,6,4
-5,-7,17,-25,-2,-16,8,-22,19,-9,12,-6
-3,-6,15,-12,1,-25,-5,-8,7,8,6,7
-1,-22,5,-17,9,0,-5,-17,-3,-6,15,-19
-3,-12,13,-8,10,-7,8,7,-6,-8,16,-9
3,-14,9,-11,-7,-22,18,-17,17,13,16,-11
0,-1,15,-17,1,-15,-5,-6,15,7,-7,-13
0,-12,18,-15,-1,15,8,-8,-1,-12,15,-13
-6,-13,-6,2,16,11,19,-11,19,-16,2,17
-5,-13,-6,-9,1,-15,18,4,11,-13,14,-11
-4,-13,9,-9,-3,12,14,-13,16,-6,16,-17
4,-10,-5,-10,-5,9,1,-16,19,-16,13,-2
1,-7,-7,-15,14,13,4,-12,-4,-7,-5,3
-6,-7,-7,17,16,-2,16,-4,19,12,-7,-10
-2,-3,16,-5,2,-13,15,-12,15,-5,17,-1
5,-5,6,18,7,-5,18,11,-6,16,14,1
-3,-1,13,18,8,14,2,10,-2,23,16,2
8,-2,-2,17,7,-9,6,1,4,8,18,4
-2,-1,19,22,-1,18,19,20,18,-8,16,-1
-3,-4,16,9,19,15,15,2,15,-2,17,-4
-7,0,-3,13,18,8,-1,11,16,-5,0,5
-2,1,-4,12,18,26,18,8,-6,10,18,0
-4,4,-2,6,-5,18,-5,4,19,6,-7,20
-3,3,-5,8,18,-1,-5,14,18,2,-4,23
-5,5,16,11,17,19,-7,27,-6,8,17,19
-4,5,-7,19,19,4,19,18,15,9,-1,10
-4,7,-4,29,19,16,8,6,18,6,3,18
9,8,3,19,11,27,6,33,17,25,-2,11
14,-20,15,-1,16,-16,8,-34,10,-10,20,-11
15,-34,-3,0,13,-34,1,-27,4,-25,-5,-35
11,-4,12,-1,19,2,2,-17,6,-23,4,-5
12,-11,0,-10,8,-28,13,-26,3,-31,4,-29
12,0,15,1,17,-1,7,-11,12,-14,3,-21
15,-18,7,-7,15,-21,4,-6,8,0,3,-3
11,-22,3,-21,20,-29,-2,-9,20,5,4,-24
5,-3,13,3,19,-19,11,5,10,-18,10,-7
1,-26,-6,-13,-5,-10,14,0,12,-5,-6,-2
-4,-12,-3,-5,20,-6,6,-26,20,-6,3,-22
9,-16,14,-18,3,-22,0,-1,-6,4,-3,0
-3,-14,-3,-9,16,3,16,-23,3,-11,8,6
-5,-20,-4,4,3,5,17,-17,-4,-24,-5,-19
5,-3,13,-15,-6,-15,-6,-19,-5,-21,18,-15
2,-13,11,-9,17,-5,7,0,14,-18,-6,10
7,-14,14,-17,-5,7,7,-19,20,6,-6,-16
1,-10,1,-13,-1,-7,20,-3,-6,-14,2,-4
3,-13,-2,-19,-6,-17,15,7,17,12,10,8
4,-9,16,9,19,-12,16,-3,4,2,20,0
-6,-2,-6,-8,19,-9,0,17,18,-9,-6,3
8,-7,15,-11,20,8,17,-16,18,-5,19,-11
7,5,17,-13,-4,-9,-3,9,-3,-11,18,0
-4,-2,-6,20,20,17,-5,-10,16,-12,14,22
-3,7,2,-3,2,-5,18,-8,16,-1,20,-1
-1,-1,3,15,16,-11,18,-3,-5,-5,20,7
-3,8,16,-8,20,15,-5,-6,16,21,-1,-6
-4,10,-5,8,5,-9,0,17,-5,8,19,20
9,2,20,13,-6,2,1,11,-5,10,-6,5
0,12,4,21,17,3,17,-3,-6,-7,20,-3
-2,2,15,7,-3,13,-1,0,17,9,19,3
2,1,18,-4,15,-5,-4,10,3,-3,20,11
6,4,15,6,4,11,4,10,-4,22,0,6
2,2,12,26,4,28,-1,17,3,7,8,3
-1,2,13,13,20,2,10,14,18,19,6,1
-6,4,14,33,-3,32,18,30,0,20,6,5
-3,4,4,0,-4,3,1,8,10,28,5,9
-2,20,2,2,19,26,8,18,12,28,6,13
12,-21,17,-3,18,-18,9,-29,-1,-13,1,-15
15,-18,10,-8,17,-12,4,-3,16,-17,4,-15
14,-31,13,-21,18,-14,4,-17,21,-2,0,-14
15,-31,6,-14,15,-30,13,-4,0,-30,5,-25
12,-29,-3,-19,-5,4,6,4,17,-16,16,-2
15,-16,12,-2,2,-30,7,-28,4,0,7,-8
21,-15,1,0,-4,-25,2,-2,-1,-9,-5,-18
2,-7,2,-10,4,3,9,-26,15,-23,7,-5
5,-26,15,-12,5,-18,16,-8,17,-11,12,-9
-2,-24,19,-27,19,-21,21,-14,0,-12,11,-9
9,-20,5,2,0,-8,-5,0,20,-26,20,-2
2,-6,16,1,19,-22,1,-13,19,-5,-4,-7
-4,-2,3,-23,17,-8,11,11,9,12,20,-9
1,-14,2,-9,-4,-8,-2,-19,16,7,15,-22
-4,-3,20,-20,17,-10,-5,5,20,-12,18,-7
5,-1,21,-1,-2,2,21,5,1,3,-1,-7
5,-13,14,7,20,0,-5,-17,-3,-13,19,5
-5,5,-5,9,17,-16,1,12,20,-2,19,-16
-5,3,-2,-18,17,-11,-5,13,-4,11,6,11
-4,-1,5,-8,1,5,20,-13,4,7,17,-11
4,-3,8,11,15,13,-4,5,7,-3,4,-7
-5,15,5,-3,10,-1,1,5,14,-9,15,-4
-4,16,-4,16,16,16,8,-1,17,-10,21,-7
-4,14,17,13,15,19,16,-13,6,22,-5,18
-3,10,1,4,18,15,1,1,13,0,5,21
-5,18,16,21,6,8,10,20,7,7,2,-1
-4,14,5,17,17,-8,-4,8,-4,-10,16,-6
-3,-7,13,7,19,-7,7,5,17,-2,19,12
-2,15,-5,8,-1,-3,7,1,4,8,19,6
3,12,8,-4,18,2,9,15,2,25,12,26
7,13,19,0,17,-2,-3,15,19,10,19,3
-5,15,4,-3,2,18,20,1,21,19,21,-1
-4,16,3,9,7,11,8,3,3,20,11,8
0,6,10,4,2,12,5,14,9,20,-1,31
4,17,12,5,14,24,-4,-1,3,34,12,33
-1,1,2,30,5,27,1,23,12,9,6,24
-5,18,4,28,18,13,4,22,13,32,-2,22
14,-35,5,-25,19,-10,6,-36,16,-6,13,-16
18,-15,18,-11,14,-25,7,-24,17,-27,8,-16
14,-34,11,-14,18,-28,11,-18,11,-4,21,0
19,-14,4,2,5,-30,6,-17,13,-5,-3,2
22,1,15,-22,12,-19,10,-13,14,-18,10,-23
12,0,-1,-11,2,-13,14,-31,5,-19,7,-1
7,2,-2,-6,19,-15,6,-6,11,-30,-1,-23
-1,6,12,-27,19,-29,9,-23,3,-9,-4,-29
11,-12,13,-16,-3,-14,-1,-12,4,5,9,6
0,0,9,-19,22,2,21,-27,2,-18,18,-24
-4,2,0,-17,17,-22,22,-5,17,-20,14,-14
-2,1,12,1,22,3,21,-17,21,-4,20,-5
-3,1,-3,-20,3,-7,-3,-16,6,3,13,-20
7,-10,18,5,19,-17,21,-12,-1,-17,14,-2
-2,-4,3,-1,3,4,-4,-3,20,-21,16,-1
-2,-5,-3,5,10,9,19,-18,19,-21,-3,1
1,3,-3,-12,2,-8,-3,4,-4,-8,-2,13
-3,-16,-1,8,19,-3,20,-5,19,-9,-4,-6
3,-5,3,-12,20,1,0,-14,19,-10,3,-16
-2,11,-4,0,5,10,-4,-2,-2,-12,11,10
4,-12,1,0,-2,-8,12,17,-3,-3,18,9
-2,17,-4,4,11,15,13,-8,-1,13,14,-9
5,2,1,12,6,7,4,7,14,-13,0,13
4,5,-1,18,11,10,-3,4,10,4,-2,7
6,11,7,16,21,-8,-3,-10,19,15,20,20
2,5,20,23,17,-5,19,-2,4,-1,19,19
4,16,17,-8,8,24,12,-1,-1,8,-2,-2
10,9,14,10,7,-3,11,13,8,15,0,21
4,2,7,-4,-2,10,-3,18,8,25,19,-7
-3,10,21,10,8,18,18,0,22,12,0,10
-4,21,0,-2,3,2,18,19,15,17,2,19
-3,26,19,-4,18,22,17,5,14,-2,-2,-1
-4,27,21,10,19,1,17,31,10,-4,-2,22
-3,-2,15,15,6,33,-3,33,-3,30,20,21
1,2,22,14,21,20,22,4,19,3,13,6
9,13,1,1,5,35,7,3,2,27,4,23
-1,2,21,25,19,2,14,21,2,16,19,32
21,-11,23,-11,0,-20,8,-36,-2,-24,17,-4
16,-16,5,-7,22,-19,10,-19,13,-22,10,-32
21,-8,12,-33,8,-9,12,-14,21,-2,2,-19
15,2,-3,2,10,-4,5,-18,4,-22,18,3
21,-9,7,3,16,-24,11,-17,5,2,11,-15
11,0,5,-24,9,5,20,-9,15,-1,15,-22
14,-4,-3,-3,17,-19,0,6,17,-10,5,-10
6,-28,11,4,6,-9,-3,5,14,-22,5,-2
22,-27,14,2,3,-11,19,-19,23,8,17,-22
-2,8,-3,-14,3,-11,0,-16,16,6,17,-15
-1,-26,17,-25,4,2,19,-3,20,-1,10,-20
9,2,-1,-18,13,4,9,-7,18,-14,-2,-14
2,-23,16,-1,18,-24,6,9,3,-13,20,9
10,-20,15,13,4,-10,17,6,13,-13,6,-1
1,-4,1,-4,22,-22,-2,9,-3,-9,19,-10
1,-7,21,-3,15,-15,2,-19,22,-10,6,0
3,-16,-2,13,6,4,1,-12,22,15,5,-10
-1,10,1,-4,4,-7,0,-11,22,-4,20,6
6,9,0,-16,20,-17,-3,4,23,0,19,-7
7,-6,-3,13,-1,-12,-1,8,3,-11,-1,8
6,-16,3,11,6,19,0,-10,23,-4,0,5
11,12,13,-11,5,-1,23,10,13,21,-3,14
11,1,6,-13,21,-9,2,21,4,20,4,1
7,8,-1,-11,-3,-12,23,-2,16,7,19,-12
13,10,0,-11,8,22,2,-11,0,4,17,8
4,10,21,17,21,-4,23,-2,2,-5,1,-4
9,-6,23,1,-3,17,18,14,23,13,22,25
0,13,11,-8,21,4,19,13,-1,19,9,27
11,11,19,23,16,16,-3,8,21,20,9,-7
1,-6,-1,20,20,17,15,-2,19,26,6,23
10,20,5,-2,20,15,23,-1,3,20,10,27
22,-2,5,28,16,7,15,2,9,16,6,22
9,10,17,15,14,31,2,22,6,26,-2,22
0,14,9,17,-1,32,2,20,7,23,12,14
13,8,-2,5,17,19,19,11,0,9,-2,17
2,25,13,12,12,27,11,15,-1,11,10,19
-3,17,17,32,9,20,11,12,6,19,0,6
16,-28,3,-5,5,-16,18,-11,2,-2,3,-22
17,-30,17,-14,0,1,12,-25,23,-15,1,-17
15,-20,5,-4,8,-25,-1,-19,12,-6,16,-7
24,-1,18,-28,17,-27,11,2,15,-2,23,-29
15,-9,17,-29,12,-26,12,-6,0,-19,7,0
10,5,14,-21,19,0,16,0,15,-30,11,-20
21,-18,6,-9,16,-10,15,0,19,-11,10,-22
24,-16,24,-27,20,-12,8,2,7,-12,4,-2
22,-27,21,1,4,-22,12,-3,2,2,11,-1
6,5,16,-7,10,-6,3,-10,17,7,6,-15
11,-1,-1,-13,19,-6,24,5,22,-5,10,-10
7,-8,20,-9,2,-19,23,-10,24,-5,17,4
5,-9,4,-12,5,-6,8,-16,1,5,24,-18
12,-21,4,-9,12,-6,2,-5,23,9,15,-6
3,-5,4,-15,22,-21,22,-11,-1,1,24,-1
4,-3,18,7,22,0,23,-20,2,-8,23,-2
3,5,12,-20,5,-15,19,-19,21,-8,1,-19
3,-16,2,-3,1,-6,1,7,5,-11,15,2
9,6,0,-9,24,12,22,0,5,18,20,-3
8,-5,20,-15,23,-3,-1,-10,-1,14,-1,13
4,-16,0,1,21,-8,1,-6,0,-10,7,13
7,-1,-2,-14,24,-1,19,-7,14,18,19,-13
3,17,1,1,5,-4,7,14,9,6,23,13
6,17,3,0,20,-2,22,8,22,21,-1,-1
9,22,2,15,6,11,5,2,3,1,15,-12
5,6,17,9,6,4,9,23,3,24,19,-10
5,17,11,18,9,-6,15,25,21,-4,0,-7
1,21,17,25,8,17,-1,3,16,10,22,27
8,7,3,10,10,-4,24,27,17,10,24,3
13,23,5,29,4,29,7,-5,11,12,21,-4
15,30,1,19,7,3,7,9,15,23,8,-4
19,9,2,27,-2,7,12,23,3,26,6,9
14,25,7,10,5,15,11,20,5,22,-1,21
10,23,11,17,8,21,-1,31,0,8,7,9
0,29,22,29,0,5,22,17,10,-1,20,27
7,1,11,31,9,34,11,19,5,27,9,8
5,11,3,22,21,4,14,29,15,25,8,26
19,-18,19,-36,18,-7,17,-1,6,-9,13,-4
16,-35,4,-11,19,-34,24,-4,12,-20,2,-16
20,-19,11,-5,16,-9,18,-25,10,-29,23,-3
15,0,15,-21,16,-15,19,-21,16,-17,12,-33
10,-2,9,-11,18,-2,20,-19,14,-13,3,1
17,-7,17,-21,17,-27,24,-5,7,-22,3,-16
25,5,11,-8,18,-8,9,-18,7,-18,16,-5
22,-7,11,-28,17,-24,5,-25,10,-19,8,-21
20,-25,0,-5,19,-4,3,-26,5,-18,2,-5
14,4,20,-11,9,6,11,8,4,-10,15,-22
25,-2,20,-13,20,-15,2,-1,13,-19,23,-13
24,-7,10,2,23,6,2,-12,6,-11,21,-25
22,-24,22,7,7,10,24,8,4,-17,21,6
23,-9,2,-9,5,11,19,1,10,-1,13,-21
11,-21,1,-11,14,-2,7,-3,8,-1,1,-3
9,3,22,9,7,7,21,-10,3,-17,24,2
7,-20,12,-14,24,7,20,-13,20,15,3,-1
0,15,0,0,23,-9,13,-15,6,-18,25,-4
3,12,1,5,-1,7,-1,-10,16,8,7,-18
15,4,25,-11,7,-1,3,-14,3,7,4,11
10,15,2,3,16,17,11,13,-1,5,20,13
3,21,24,12,12,0,14,-10,22,2,1,7
18,-13,21,-5,5,-7,13,22,9,14,25,16
25,-12,19,1,24,-2,9,7,15,21,5,6
16,20,25,22,4,4,18,-2,5,8,10,7
13,6,5,4,14,25,16,-1,8,-5,14,-11
2,11,6,-5,14,24,1,-7,13,10,24,6
7,14,16,5,7,23,15,19,23,10,10,14
13,18,15,17,10,23,4,-4,17,17,9,14
18,6,3,16,14,19,7,29,14,20,16,-5
16,4,25,12,-1,7,3,-1,11,3,5,0
17,21,15,28,5,0,20,28,14,11,25,-5
21,-2,17,13,10,-1,5,5,22,17,2,5
22,7,20,22,10,27,16,15,8,-3,10,11
8,30,12,19,12,10,19,1,20,10,19,0
5,22,10,10,15,24,7,11,20,33,2,24
9,14,18,1,-1,15,7,2,-1,10,9,15
22,-27,8,-21,19,-1,25,-8,9,-21,4,0
11,-6,15,-14,17,-28,13,-3,21,-9,11,-29
11,-18,7,-33,20,2,24,-4,9,-27,23,1
4,-5,1,-21,3,-2,14,-13,16,-9,25,-15
6,1,11,-27,5,-8,6,-3,17,-9,20,-32
21,-14,19,-22,11,-9,19,-14,10,-26,17,-21
21,-12,12,3,15,-13,3,-28,1,-10,5,-30
18,2,14,-9,13,-4,4,-6,6,-25,1,-28
25,2,3,-18,21,-15,4,6,4,-27,17,3
19,-25,10,-5,16,-1,2,8,14,8,22,7
21,-19,18,5,5,4,5,7,12,8,4,-16
17,2,0,-1,21,-23,11,-12,0,-23,0,-19
24,-2,17,-19,20,4,5,-15,2,-3,21,-5
23,-22,14,8,17,11,16,3,7,-17,11,-22
25,-18,4,0,6,9,21,-20,22,7,7,-17
13,9,10,-3,24,9,1,8,8,-15,19,-13
13,11,3,14,21,-13,23,3,19,15,5,-13
24,-1,10,11,21,-5,17,-5,14,-8,16,9
26,2,5,-10,15,11,0,18,12,10,5,8
16,15,26,10,9,16,17,-4,15,3,17,7
23,-8,25,-10,5,-1,11,0,11,-10,10,5
22,1,25,-15,17,21,26,12,25,8,0,3
23,-3,24,19,26,-12,19,10,26,0,19,-8
12,19,18,13,5,13,11,18,24,17,20,15
12,19,15,-2,15,20,0,5,7,7,3,12
13,1,1,21,5,20,3,20,19,13,23,8
8,-8,4,3,1,10,13,-7,7,21,13,-8
9,14,3,24,18,6,23,24,6,14,2,27
13,14,8,11,0,-1,20,2,22,13,6,-4
25,18,15,16,16,10,6,29,9,28,4,22
13,29,25,6,16,-2,9,14,18,18,1,1
17,-3,7,8,16,17,22,16,19,11,18,25
23,14,7,14,20,8,3,19,20,32,1,23
16,0,12,24,17,14,11,12,5,-1,8,22
13,-1,7,14,20,5,8,3,26,-1,11,26
11,21,0,24,16,34,25,12,17,7,7,23
16,27,17,9,6,3,5,3,5,36,15,30
