-14,-19,-22,-13,-10,-28,0,0,-23,-35,-15,-10
-1,-10,-20,-22,-5,-8,-13,-6,-5,-3,0,-33
-1,-6,-6,-6,-12,-14,-1,-3,-14,-20,-2,-31
-8,-30,-5,-9,-13,-19,-23,-10,-2,-20,-3,-17
-5,-27,-4,-10,0,-28,0,0,-6,-32,-9,-10
-11,-18,-25,-1,-10,-22,-12,-20,-4,-3,-14,-21
-5,-22,-12,-24,-10,-18,-2,-8,-4,-15,-9,-20
-10,-28,-12,-10,-5,7,-5,-16,-4,-21,-3,-8
-16,-19,-17,-20,-26,-11,-24,-7,-2,7,-5,4
-2,9,-2,-8,-20,-17,-23,-26,-2,-12,0,1
-3,2,-3,4,0,6,-20,-22,-21,-4,-6,8
-13,2,-26,-13,-19,10,-2,2,-16,1,-26,-20
-2,8,-14,-3,-21,11,-21,-14,-23,-15,-22,-23
-7,-20,-23,-23,-12,4,-22,-16,-4,2,-4,3
-13,-10,-15,0,-15,-5,-23,-17,-18,7,-15,-15
0,14,-1,5,-21,-12,-3,-8,-17,-13,-10,-11
-11,-14,-21,16,-7,-9,-7,5,-17,-7,-22,9
-15,7,-10,9,-12,-10,0,16,-3,-12,-4,-8
-12,-2,0,12,-13,11,-18,-14,-2,-14,-8,7
-10,-5,-24,-14,-5,-7,-16,16,-15,-1,0,-13
0,-8,-1,-9,-14,-16,-17,-14,-14,-13,-26,3
-8,-2,-8,13,-19,8,-10,-8,-1,18,-3,-12
-11,7,-21,-11,-19,-10,-1,-4,-13,15,-5,10
-10,1,0,-7,-21,14,-24,1,-1,7,-4,21
-11,6,-8,11,-21,14,-21,4,-1,20,-2,2
-16,8,-10,23,0,14,-12,1,-5,2,-2,11
0,7,-4,-3,-22,-7,0,-2,-8,-9,-4,-5
-5,-9,-10,1,-6,26,-3,-2,-7,10,-7,-8
-14,6,-6,-6,-23,5,-1,-8,-3,22,-1,-6
-1,20,0,7,0,-1,-7,24,0,28,-7,16
-10,-1,-3,14,-19,-6,-8,2,-13,7,-7,27
-12,12,-8,15,-7,21,-8,16,-12,8,-25,13
-2,4,-3,-2,-21,2,-18,-3,-10,10,-3,29
-8,-1,-21,3,-23,0,-11,11,-6,24,-7,18
-13,13,-18,28,-15,7,-9,4,-1,33,0,6
-1,11,-20,6,-15,26,-7,35,-13,25,-26,28
0,34,-6,29,-7,24,-15,10,-13,25,-9,20
-13,-10,-3,-4,-10,-36,0,-21,-1,-5,0,-3
1,-26,-6,-5,-21,-6,-12,-12,1,-26,-5,-12
-1,-9,-6,-26,-3,-1,-15,-24,-1,-9,-6,1
-6,-23,-8,-27,-25,-21,1,-26,-2,-2,-3,-12
-14,-8,-19,-23,-16,-9,-15,-8,-9,4,-4,-11
0,4,-8,-18,-12,-23,-13,-27,0,-16,-8,-25
1,-25,-11,6,1,-6,-8,-1,-1,-24,-6,-1
-6,-24,-16,-18,-12,-13,-11,-4,-21,-16,-1,-21
1,-15,-3,3,-7,-19,-22,0,-6,-2,-12,1
-14,1,-8,-15,-19,9,-5,-16,-3,8,-4,-14
1,6,-6,1,-13,-7,-19,2,1,-1,-13,3
-5,-25,-16,-13,-12,-3,-21,-3,-14,10,-5,-14
-1,-15,-1,-21,-24,-6,-21,-24,-8,-23,-20,-22
-7,-22,-6,-19,-8,-22,-16,10,-4,-14,-5,4
-3,-22,-11,-17,-22,-15,0,-11,-15,-9,-2,12
-13,-8,-23,-17,-21,6,-5,1,-13,-2,-14,15
-1,9,0,1,-1,8,-16,-9,-10,-8,-17,10
0,0,-24,-15,-16,-13,0,15,-6,-2,-9,-14
-4,-8,-18,9,-21,6,-19,11,-6,-11,-2,5
-2,-6,-7,2,0,0,-24,8,-12,-11,1,-8
-12,-9,-12,5,-22,-12,-10,14,-5,8,-7,10
-1,15,-5,-4,-19,-7,-24,-10,-16,-9,-6,-1
-11,7,-9,-6,-15,2,-13,17,-23,-11,-13,-3
-10,-4,-1,3,-2,11,-6,8,-7,8,-14,8
1,-12,-3,6,-1,21,-2,8,-17,-12,-14,-12
-8,-10,-10,25,-12,-2,-9,-5,0,-3,-10,-5
-13,5,1,-3,-16,11,-23,0,-5,13,-4,9
-13,2,-4,6,-4,-4,-11,0,1,18,-15,11
-12,5,-5,1,-23,-4,-13,24,-6,24,1,27
0,15,-1,19,-13,3,-1,-5,-3,13,-2,-5
0,23,-1,17,-4,0,-24,17,-5,24,-10,1
-10,3,-5,30,-7,8,0,0,-2,1,-3,-2
-5,-2,-3,19,-4,30,-11,24,-21,-3,1,8
0,30,-13,32,-24,6,0,30,-12,33,-3,21
0,0,-8,19,-6,26,-2,3,-8,20,-14,21
-11,6,1,14,-8,16,-22,16,-1,31,-7,34
1,23,-9,17,-22,19,-13,12,-6,22,-2,24
-8,-33,-2,-30,-3,-14,-1,-36,-12,-16,-4,-4
-1,-13,-23,-18,-7,-12,-11,-17,0,-34,0,-3
0,-19,-5,-32,1,-21,-13,-20,-18,-24,1,0
-16,-19,-4,-17,-5,-1,-20,-32,-6,-31,-10,-21
-1,-20,-1,0,-17,4,-24,-26,-1,-32,-13,-22
2,-5,-12,-2,-1,-13,-4,5,-4,-2,-3,-8
-15,-17,-17,-11,1,-11,-23,3,-9,-23,1,-1
-5,-21,-1,5,1,6,-6,-9,-20,-1,-4,-24
-1,-20,-8,-17,-23,6,-13,8,-12,-5,-2,-6
-9,-12,-17,-21,0,-2,-4,-15,2,6,-1,-10
2,-10,-19,-22,-13,-20,-11,9,-6,-23,-5,-6
0,-13,-4,-25,-2,4,-24,-4,-13,-3,0,3
-7,-11,0,-24,-17,-6,-2,-24,-4,-19,-9,-13
-14,-10,-10,-12,-13,9,-5,-11,-15,-21,-6,-7
-14,-10,1,0,-2,13,0,2,-11,-12,-8,-10
-4,-7,-17,-20,-13,1,-16,-18,-3,-20,2,-16
-15,-5,-21,0,-14,-13,-21,-8,0,-11,-1,-20
-1,-5,-22,-7,-24,-1,-22,-4,-22,-17,-3,-3
-2,13,-21,-16,-11,-17,-2,17,-2,3,-4,15
-8,-17,-3,16,0,17,-8,-4,-20,-17,-1,-3
-1,5,-14,-7,-13,8,-10,7,-5,0,-2,17
-12,14,-24,2,-20,-1,-8,-5,-10,-10,-10,11
-10,9,-5,-8,0,15,-8,-5,1,0,-6,5
-1,-3,-6,21,-24,9,2,21,-3,1,-19,16
-13,2,-5,5,-7,15,-13,1,-3,18,-17,-11
-4,-10,2,2,-5,-6,-10,13,-6,2,0,23
-12,13,1,-8,-9,25,-6,1,0,-2,-1,19
-11,0,-7,11,1,0,1,-7,-7,11,-3,11
-12,2,1,24,-10,27,-7,8,-22,12,-4,-5
-13,11,-2,14,-7,4,-17,5,0,19,-5,9
-9,1,-22,12,-5,-2,-1,18,-5,-2,1,3
-1,-4,-10,2,-7,-5,-7,14,-4,4,0,18
1,17,-20,15,-16,0,-18,4,-8,29,-6,18
-7,7,-11,15,-3,29,-12,7,2,-2,-22,15
2,29,-4,2,-5,4,0,1,-1,34,-3,23
-1,4,-2,10,-13,13,0,5,2,35,-22,22
0,26,-6,0,-9,34,-7,2,0,28,-1,26
0,-21,-12,-21,-22,-10,-19,-34,0,-21,1,-29
-1,-21,3,-31,-22,-15,2,-9,-13,-19,-5,-15
0,-15,-3,-9,-20,-4,-23,-7,-2,1,3,-7
-8,-14,0,-10,-1,-23,-21,-2,-8,-15,3,-32
-2,-10,-12,-20,-15,1,1,3,0,-27,-9,-24
-2,-16,2,2,-19,-10,2,-23,-4,-4,-2,-14
0,-3,-6,-8,2,-28,-16,2,-3,-22,-1,-10
-10,0,-3,-26,1,-24,-3,-22,0,-26,-1,-23
-2,-4,-6,4,-21,-25,-10,-6,-9,-9,1,8
-13,-6,-6,-18,-2,3,0,-21,-2,9,1,-2
-13,-6,-5,-17,0,-3,-4,-17,3,-26,0,-18
1,-8,-23,-1,0,-4,-22,6,3,-19,-2,-20
-9,1,-4,-3,-22,0,-1,5,-2,4,2,8
0,1,-1,-13,-14,11,-5,1,-7,3,3,-3
-1,-13,-2,-16,-4,-3,-19,-17,-22,-16,2,-1
-2,5,-22,-10,2,-5,-3,11,-21,5,-4,7
-13,3,-6,-12,-15,-4,-4,8,-7,-13,-4,-1
-5,-4,-4,7,-13,3,3,-2,1,14,-5,-1
0,0,-12,9,-17,16,-23,-1,-8,17,-8,-4
-10,9,-23,9,-11,-1,-2,17,-9,-3,-1,1
-1,8,-23,-8,-13,-1,-12,6,-1,-15,-21,-15
-1,-4,-4,7,-20,-5,-23,18,-5,3,-22,15
-2,7,-7,22,-5,0,1,6,-8,0,-9,0
-11,15,-3,2,3,13,-18,20,-9,2,-5,-13
-9,1,-2,-4,-11,11,-2,19,-4,-3,-1,-8
-9,-2,2,3,-14,-8,-3,24,2,18,1,16
-9,-2,-1,2,-8,4,0,16,3,21,2,17
-12,3,-7,-4,-18,6,1,21,-10,0,-1,16
-6,-6,-4,-3,-2,6,3,-4,1,16,-10,0
-2,-6,0,-7,3,-2,1,-3,-10,15,-3,11
3,13,-13,6,-18,17,-4,5,-12,7,-13,-2
-1,-1,-7,4,0,2,2,-2,0,-4,-19,3
2,0,0,-3,-9,4,0,11,2,8,-7,24
0,1,-20,9,-22,9,3,0,-6,0,-8,2
1,-2,-23,2,-9,23,-4,14,0,7,0,-1
-11,24,-4,9,-19,-1,-8,9,-7,34,-19,2
-3,10,-14,17,-6,8,-8,25,1,29,2,28
-1,0,-21,-14,-21,-19,3,-7,4,-16,1,-16
-3,-3,1,-11,-1,-24,-13,-18,-2,-33,-1,-26
-2,-4,-3,-5,-7,-30,-6,1,-17,-30,2,-10
-3,-12,-21,-12,1,2,-11,-31,-19,-30,3,-28
-2,4,-7,-22,-14,-21,-13,2,-7,2,-14,-13
-1,0,-9,-14,-6,-9,-22,-27,4,1,-2,-31
-7,-5,0,-5,-13,-25,2,-17,-19,-24,-9,-19
0,-13,3,0,-15,-16,-9,4,-19,-9,-10,6
0,-13,0,-13,-6,7,3,2,1,-11,-3,-22
-9,3,-1,5,-16,-7,-19,-25,-4,-4,-4,-23
-10,4,-4,3,-11,-11,-8,8,-8,1,1,4
0,4,-20,-3,4,4,1,-4,-19,-7,-5,-16
-15,-9,-7,-8,-14,10,-7,-2,-6,10,2,7
1,-6,-1,7,-22,-17,-22,-5,-13,-9,-2,3
-14,-12,4,-1,-8,-9,-11,-5,-1,1,-22,5
-1,11,-5,-19,-17,10,-22,-12,1,11,0,-4
0,-2,-2,3,-4,-15,-12,2,-3,11,0,8
-3,-1,-6,10,-3,-18,-14,10,-1,-16,-4,-13
-1,15,-13,-16,1,12,-21,-1,-8,-1,-13,-16
0,19,-4,10,-9,-7,-9,4,4,-3,1,-13
0,14,-4,16,-11,-16,-3,4,-22,16,-2,-10
-9,10,-11,11,-19,7,-12,20,-2,20,-9,19
4,14,-6,-8,0,11,0,-9,-12,8,-3,8
3,1,2,-1,-10,8,1,20,-1,12,-6,-4
-4,-12,2,12,-19,-6,-1,-10,-7,-4,1,24
4,1,-22,5,-13,20,2,-6,-3,-6,-8,-6
-5,-10,-5,8,-12,8,-8,-2,-8,2,3,-2
-3,-9,-1,-7,-19,0,0,-8,-1,-5,4,17
-1,-6,-5,27,-10,27,1,2,-7,2,-4,0
-8,3,0,29,0,1,-7,-2,-6,1,-4,-5
-3,-4,-5,-5,-5,-4,4,-6,-4,13,-4,6
-8,0,-10,10,-4,-1,1,9,-2,11,-1,-4
-2,2,-11,0,-3,-4,-3,-1,-21,11,3,13
3,4,4,-2,-3,0,-2,7,4,16,-14,18
-8,10,-9,8,-19,13,-10,26,-2,1,3,-2
1,2,-3,10,-14,19,1,24,3,18,4,14
3,20,-20,29,-22,23,-15,11,-2,1,-9,13
-2,0,-20,-11,-6,-7,-2,-21,-3,-4,-4,-15
-2,-13,-15,-8,-10,-7,4,-17,-13,-33,5,-1
-7,-8,-11,-24,-1,-31,0,-26,2,-22,-8,-20
-1,-9,-4,-17,-20,-19,-9,-11,-5,-20,-15,-33
-1,-1,-15,4,-7,-27,0,-7,4,-31,0,-21
-1,-11,-9,-11,-12,5,-8,-11,-14,-16,3,-29
1,-10,-2,1,-19,-29,-15,-29,-19,2,-14,-25
-14,-13,-1,-23,-16,-4,-11,-28,0,-10,-5,-21
1,-7,3,-26,-17,-10,-15,-19,1,-9,-3,3
-13,-11,-21,-17,1,-21,0,2,-8,-6,-11,-10
1,1,-13,-18,5,-23,-21,-15,1,-15,-10,-12
-7,4,-6,-21,-19,-13,-21,9,-15,-3,-4,-18
-12,-2,3,-23,-3,-4,-10,2,-3,-4,5,9
-4,-8,-6,-15,0,0,-9,1,4,-12,-1,-11
1,-9,0,0,-20,1,0,-6,-3,-15,-15,8
0,2,-3,12,-16,-8,-14,-2,-3,-4,-1,-11
0,-9,-8,12,-19,0,-10,11,-16,-20,-16,-9
-3,-5,2,-16,-18,-11,-8,-15,-9,5,-4,-15
-13,-7,-17,-7,-14,8,-14,10,2,5,-16,9
-7,5,-8,-8,2,12,-10,11,-15,10,-3,7
-8,12,-2,-3,-14,-8,-20,3,1,-6,2,15
3,16,-19,5,-13,-13,-19,4,5,-13,0,13
-11,4,-8,0,-21,12,2,8,5,-10,-17,3
3,-11,-1,-6,-2,1,1,12,-3,-1,-2,14
-11,-2,-7,-4,-2,-4,-4,8,-10,15,-4,5
2,-11,-8,0,-6,19,-8,-9,-2,23,3,7
4,24,4,-5,-18,2,-2,-4,-2,-10,-2,22
-1,-4,1,-5,-2,-2,5,14,-9,19,1,10
-10,14,-10,11,-18,20,0,-1,0,-1,-7,3
-1,-4,3,7,-20,-3,-3,-5,3,-4,3,12
4,26,-11,-5,2,25,-4,12,5,12,-9,8
5,-2,0,6,-18,-3,-2,9,-1,-1,-15,10
3,-3,-9,14,5,-2,-4,11,-11,2,4,0
0,1,-11,12,-1,2,-3,15,-4,7,-9,15
1,1,-16,13,-18,16,1,0,1,5,-2,11
-5,8,-4,-1,-1,15,5,1,-5,4,-2,4
-9,27,-13,5,0,35,-1,6,4,16,-1,36
-1,-17,-5,-30,5,-21,5,-11,4,-15,1,-6
-13,-22,-9,-32,-20,-3,1,-26,-2,-19,-5,-25
0,-17,1,-33,-3,-24,-5,-19,-10,0,-3,-33
-1,-3,-1,-32,5,-11,-18,-17,0,-2,-5,-21
2,2,1,3,1,-28,-11,3,-9,-13,5,-13
-1,0,-20,-24,-19,-20,-8,-17,-7,-16,4,-27
1,4,-11,-16,-3,-15,-5,6,1,-25,5,-6
0,-1,6,-12,-20,-24,6,-1,1,-7,2,-13
-13,-9,1,-12,-19,-9,-11,4,-6,-19,-2,-11
-2,-3,-17,-20,-19,-22,-17,9,6,-5,4,8
-2,-6,3,5,1,-1,0,0,-9,-5,3,-20
-3,-9,-2,-22,-11,-23,-3,3,2,5,1,-18
-1,11,5,-24,-11,9,-12,-13,-12,11,-10,-14
-1,4,-9,-13,-5,9,-16,-8,-1,-12,5,-3
-1,12,-1,2,-20,14,-16,4,-11,12,6,-15
0,2,-3,-10,2,15,0,2,-17,-2,1,6
0,-4,3,-10,-9,1,-20,-15,3,5,-4,5
-1,-3,-9,-8,1,1,-10,6,1,-2,1,-19
0,14,-14,-14,4,6,2,-7,0,-11,6,14
-1,0,-5,-6,-11,-2,-12,14,-1,12,5,-4
-1,-1,-12,-16,-5,17,-18,-3,-7,-9,5,14
-9,2,-2,-1,-10,11,-12,6,-20,0,-9,0
1,4,-4,-12,-9,20,-2,12,-7,14,-3,-2
-6,5,-5,13,-2,8,-5,0,3,1,-1,-2
-10,-1,-19,-12,-11,0,-5,-3,-3,5,1,-2
-1,-4,3,1,-5,10,-5,1,-8,0,-3,25
4,-5,-19,-7,-18,6,-1,-8,-9,0,3,9
5,-4,3,2,4,-3,5,23,1,-1,1,-5
6,7,-17,-5,-14,-8,-2,8,0,24,2,28
5,-4,-3,29,-17,4,-2,-4,-17,-7,0,24
-1,0,-8,10,1,-5,-8,3,4,12,6,17
-6,9,-5,14,5,-4,-2,14,-4,7,3,30
-2,7,5,-1,4,3,-5,7,5,1,1,29
0,4,-7,10,4,17,-9,18,1,-3,5,23
3,4,4,5,-10,11,-6,12,-15,-1,-16,9
-2,8,-3,2,6,32,-17,17,-3,12,-3,12
-10,14,1,12,-4,20,-13,7,-5,13,2,12
-12,-15,-1,-19,-8,-17,-12,-9,3,-30,-19,-20
-12,-15,7,-35,4,-16,-11,-3,-10,-34,-1,-22
-1,-9,-9,-16,-13,-1,-16,-23,-11,-29,-17,-23
-2,-16,-18,-21,5,-3,-17,3,-17,-23,-3,-27
-12,-14,-4,-18,0,-16,-5,-25,1,-4,5,-11
0,-6,3,4,5,-10,-2,-17,-4,-20,5,-5
-12,-13,3,-17,5,5,-15,-24,0,-6,3,-29
0,4,2,-25,-18,-23,-14,-27,3,2,4,-2
0,-2,5,-23,-15,-19,5,-19,5,-21,-2,-17
0,-3,-11,8,-9,-8,-12,-27,-5,-17,-1,-24
1,-1,-3,-22,-18,1,1,8,-17,-7,7,3
1,1,5,-14,-5,9,4,-13,-8,3,6,-14
-1,-7,1,9,7,-23,4,-5,-11,2,0,10
1,6,-17,-18,7,-4,4,7,2,-17,2,11
-12,-8,3,5,-8,-11,-15,-11,-17,1,5,-22
-12,-9,-5,-11,-18,1,-8,6,1,5,-1,-7
2,15,-4,-8,-11,-8,-1,-13,-15,-18,3,-7
1,2,6,15,5,4,-13,16,1,3,4,6
0,11,-7,-6,-19,12,7,-5,-12,13,-2,-10
1,17,-19,4,2,-4,-5,-11,-6,1,-16,3
3,6,-12,2,-11,11,-19,-1,-11,18,-5,-6
-6,-10,5,21,-1,9,-11,3,-15,-7,-17,-1
2,3,-14,8,-1,11,-18,-10,-14,-3,-19,-8
3,-5,-15,-10,0,16,-10,23,-9,-3,7,0
-1,-4,2,7,-12,-11,0,1,-2,-1,7,19
7,13,0,7,-11,18,-3,-6,0,14,7,3
-2,2,-18,10,-1,1,1,-1,4,-6,0,7
-2,-1,1,13,1,-7,5,22,1,12,7,8
-7,0,-11,13,7,-8,-5,12,7,-3,5,9
6,-1,4,-2,3,4,4,1,6,20,7,23
-4,6,1,26,1,-5,-7,5,-18,30,0,-4
-1,2,7,5,6,0,4,-4,5,-5,6,30
-8,12,-19,21,4,28,-16,26,6,-4,-11,-3
1,9,0,20,0,22,3,5,5,19,1,-1
-10,8,3,0,-5,20,-6,17,0,10,2,20
7,6,-19,2,0,21,0,21,3,31,-7,18
-4,17,4,29,-19,8,6,1,7,17,3,29
-17,-16,-10,-34,-6,-32,-9,-6,-18,-20,-10,-33
-14,-4,0,-13,-2,-32,-2,-5,-13,-14,-13,-14
-16,-9,-5,-33,-6,-29,-2,-5,8,-11,-6,-33
-17,-24,-7,-17,-12,-12,0,1,-13,-13,-15,-5
-12,-22,-18,-30,0,2,-12,-12,-17,2,6,-19
-12,4,6,-2,0,-2,0,5,-13,-1,-17,-29
-2,-5,7,-20,-3,-29,-14,4,-10,-16,-10,-18
-4,-29,4,-29,-6,-22,-17,-7,-18,-23,0,0
-15,7,-16,-28,-5,-22,0,1,-11,-19,-14,0
-11,-5,3,-18,-4,-23,-17,9,-3,4,-11,-15
-9,-5,4,-18,5,-12,-12,1,-16,-10,-4,1
-3,-22,0,0,-6,-12,-4,-12,-1,-13,5,-20
-1,-2,1,-5,-16,-18,-12,-19,-1,4,-6,-15
-7,8,1,13,-3,4,5,0,-5,1,2,-3
-1,-2,-4,-10,0,0,-7,-10,2,-3,3,-19
-3,5,5,1,8,-3,5,6,1,-11,5,-6
0,6,2,-15,-18,0,4,-13,7,-11,3,-18
0,3,-1,8,-3,4,-11,-6,-16,3,4,8
2,9,-6,-7,4,-14,0,-13,8,16,-1,-16
2,5,-15,16,3,9,0,5,5,4,2,8
-3,13,-9,0,-12,-15,-16,4,0,10,4,16
-2,-13,6,19,5,-11,-9,-14,-11,-10,-17,0
7,4,-1,12,0,-12,7,-5,6,13,-17,3
5,17,2,-3,7,-10,-3,22,7,-11,0,-3
2,-1,-2,10,0,-2,-1,-4,6,-10,-14,-5
8,-1,-16,12,2,25,6,12,-1,-9,-11,-8
-2,1,5,-4,-4,-3,-4,0,4,4,0,13
1,3,6,18,0,-2,5,27,1,-8,4,-7
-7,5,0,4,5,-2,-13,5,-14,2,3,-2
4,-2,-4,6,-16,12,8,26,-16,6,2,22
0,4,3,28,4,-3,-1,-3,2,19,8,16
8,1,4,15,6,-2,-5,4,4,-3,-4,14
5,5,-4,30,-11,-1,8,7,-2,7,-15,13
-1,11,3,0,-3,3,-5,14,5,23,0,12
1,11,-12,4,-4,14,7,22,8,27,5,10
2,8,-1,4,-8,-1,7,3,-1,15,-6,14
-9,12,-14,7,-5,20,0,25,-14,22,-14,32
-8,-11,-8,0,4,-20,-12,-17,-3,-29,1,-9
-12,-18,3,-9,-15,-30,-9,0,4,-19,4,-23
-16,-7,-16,-11,-15,-5,-15,-7,-3,-8,-11,1
-16,-9,7,-15,-14,-7,-4,-27,-16,0,6,-22
-15,-8,-5,-18,-5,0,-7,-9,-16,-25,9,-22
-13,-28,-8,-26,-13,2,5,-7,-2,-16,-9,0
-13,-15,-9,-29,-13,5,-15,-6,-2,-8,-5,-18
-15,0,-17,-10,-16,1,-15,-26,-16,-8,-11,-26
-9,2,0,6,-1,-18,-9,8,3,-8,-10,-21
-6,-26,7,4,0,-14,8,1,6,-9,-2,-2
-17,-13,-8,-26,-12,-8,-12,-8,-12,10,9,-8
-10,11,-13,2,-7,3,1,10,-10,4,-14,1
-16,10,-4,6,1,11,-8,7,-10,-14,-5,-17
-3,-19,8,-11,3,-1,-15,0,-6,-22,-13,-19
-6,10,-4,-10,0,0,2,-22,1,-18,-6,0
-8,2,7,-17,-1,2,9,10,-4,-5,6,-14
1,8,5,6,-15,14,9,-19,4,-2,-16,-15
1,-1,-3,16,3,-13,3,-19,0,17,8,-16
2,10,-7,8,8,10,-5,-10,3,-3,-13,-4
2,3,-3,11,0,-12,-14,4,-17,7,-10,18
-2,6,-16,8,2,-14,0,-16,7,-2,-16,17
6,21,-14,-9,5,-10,-16,-8,-8,8,-11,14
7,0,8,21,0,-11,-14,17,-4,0,-15,3
8,4,0,18,-7,17,-10,17,-17,-13,2,-13
-4,11,-12,-11,-5,24,0,-2,1,-6,3,7
-8,0,5,5,-3,1,-4,2,1,-3,4,24
0,-1,2,-7,3,23,0,2,-4,-2,-2,-2
-1,-1,6,-5,-1,-3,3,-5,-12,7,3,21
-1,-1,3,-7,8,-4,4,-2,-1,-2,2,4
3,-3,8,4,6,-6,-10,28,-9,-6,8,15
1,0,1,-5,1,13,1,3,9,9,8,12
1,0,2,29,-10,2,-4,26,-3,29,9,16
-3,11,7,28,5,16,-5,16,-16,28,2,32
2,1,0,14,-5,19,3,10,-1,1,9,-3
8,-1,3,19,9,34,-7,11,5,3,1,5
4,5,3,29,5,22,-2,28,5,21,0,32
-2,11,5,3,-3,19,1,0,6,27,2,31
-10,-10,-16,-9,3,-13,-13,-14,-4,-21,-14,-30
-3,-2,2,-22,7,-10,-11,-10,-14,-29,10,-11
0,1,-2,-20,-11,-13,-15,-31,-13,2,-16,-1
-9,-8,-3,-13,8,-6,-14,-7,6,-9,-14,-6
-9,-27,4,-14,-3,-29,-10,-10,-4,-31,-7,-13
-11,-24,-15,5,-15,-23,-9,-2,0,0,-6,5
-1,-30,-2,-14,0,0,-10,-6,-6,-3,-5,-28
-2,2,0,-3,0,-2,0,-29,-8,-13,-11,-26
0,2,-3,-12,0,0,-12,-15,-12,-19,-12,-16
-10,-7,-15,-18,0,2,-15,7,2,9,2,9
-2,-23,-3,-11,0,0,-15,0,7,-24,-9,-11
-8,8,-5,6,0,0,-7,0,-9,-8,-3,-15
-7,7,-3,2,0,0,0,7,-6,-17,-5,9
-12,10,-10,-6,3,-5,-16,8,-16,6,-15,13
0,-4,-8,-19,-13,11,0,0,-16,5,-13,-17
0,-1,-2,-19,7,5,0,0,-14,-21,-5,-10
2,9,-6,3,-5,11,-12,15,-5,-17,-12,-11
-7,1,0,6,-10,13,-13,-16,10,-11,1,-4
2,-2,-1,14,-6,17,-4,18,7,1,-2,-1
-5,12,-7,17,-6,-9,-16,-14,-7,-17,1,1
-2,14,-5,9,-16,19,-15,-6,-11,7,-14,-1
-7,3,-16,8,-11,13,-9,-1,-2,6,8,18
7,-1,8,-6,-6,0,10,12,7,-1,5,17
-3,9,-10,10,1,-9,-13,-7,6,-4,-2,-7
8,16,-2,10,-13,-11,2,1,-10,8,9,11
1,-4,2,7,9,-5,8,-4,0,-1,10,0
-5,17,3,25,-11,-9,7,6,2,19,4,6
2,-5,6,20,-12,-4,3,14,-12,5,10,10
9,22,-7,5,1,1,3,24,1,-4,4,-1
10,-3,10,28,-4,2,-3,29,3,1,10,9
0,4,-10,9,-14,17,10,14,0,3,-14,-4
1,-1,-10,30,1,2,-6,10,4,12,8,24
9,22,4,9,10,26,-6,16,-6,11,-7,32
-3,18,1,27,6,28,-7,19,-13,26,-5,15
10,25,-12,29,-6,18,-11,33,-16,19,-4,26
10,35,-5,1,-14,6,-6,26,-1,-1,-6,26
8,23,-1,30,-10,26,-14,5,-16,1,-5,30
-2,0,11,-27,0,-12,-11,-6,-8,-16,-13,-14
-2,-1,-3,-22,10,-35,-13,-33,-1,1,1,-9
0,1,-7,-20,6,-5,-2,-6,-10,-9,7,-20
-10,-2,2,-19,5,-7,-10,-12,-5,-15,-9,-5
-11,-3,-13,-7,6,-1,-8,-17,-9,-21,-15,-15
-13,5,0,0,-8,-7,-15,-30,9,-8,-11,2
7,-13,-12,-8,-7,-30,8,-21,-6,-26,-13,-4
0,-2,-8,-15,1,-25,-12,-5,-1,-13,-6,-4
6,-1,-10,-17,6,5,11,-16,-14,-9,-13,8
8,-11,-10,5,-3,1,-3,3,-5,-7,-6,-4
-3,5,-13,-24,-4,-25,-8,-25,-10,-11,-10,7
7,8,-1,5,6,-16,0,2,-12,-2,-12,-21
7,-12,4,-24,-3,-9,11,6,2,11,-1,10
8,3,-11,3,-2,-21,-7,-17,-7,-11,-6,-13
7,6,2,2,-14,-19,2,-5,-4,-5,-4,-18
-5,-6,-6,-1,-1,7,-7,-6,-1,3,-8,10
4,-11,-9,4,7,-3,-5,-6,-15,11,-6,-16
6,6,8,17,0,3,1,-18,-12,-2,-15,-11
-5,-1,0,17,-13,15,0,13,0,-12,-6,-9
-6,-3,-11,0,-3,9,-11,7,-9,16,-12,-6
-7,-4,3,-8,-7,8,-2,-16,-4,-7,-2,-7
-5,1,5,9,-3,-14,11,1,-2,8,0,19
11,15,-13,-3,-7,4,-6,7,-14,-10,-13,-4
10,23,-1,4,-13,18,-5,-7,3,11,-7,-5
9,-5,-4,-12,0,-2,10,8,2,9,8,20
2,-5,6,-6,-2,17,-11,-7,11,0,-13,8
-1,-4,7,24,-10,6,4,-9,-3,12,9,-9
2,-4,4,24,10,18,9,27,8,20,4,17
11,10,10,20,-15,17,9,-7,4,5,5,1
4,-6,-4,17,-13,28,-5,-2,-14,10,10,-6
-1,5,9,27,-2,18,-1,10,4,-3,-7,9
-4,16,4,11,-2,7,9,29,6,28,10,26
-4,15,10,0,8,-2,-5,22,-1,4,10,12
-7,15,-9,8,1,33,5,28,9,27,0,0
-4,28,-11,32,-15,1,2,22,-11,22,-4,4
-2,5,-9,17,3,29,-6,23,0,22,-2,4
-5,8,-1,0,-14,35,1,28,0,32,-15,22
-11,-7,12,-31,5,-1,4,-19,-4,-17,-8,-5
-9,-7,-9,-6,-13,-7,3,-5,2,-12,-14,-23
-5,-28,10,-14,1,2,-8,0,-5,-31,-4,-2
-9,-6,7,-15,-2,-19,9,1,-7,-25,2,0
-1,-30,10,-26,0,-6,-6,-27,12,-22,-5,-18
-10,3,0,0,12,-21,-4,-27,-11,-6,-1,-24
6,-12,-11,-2,-1,4,10,-12,10,-10,-11,-7
7,1,-13,-1,6,5,10,-13,-8,3,-12,5
0,0,-11,-19,7,-20,-9,-25,-5,-16,-8,-14
8,-2,-9,-20,-1,-6,0,-9,-4,-15,2,-20
5,-3,12,5,11,3,-11,7,12,-10,-4,-26
8,1,2,-2,6,-14,5,-7,8,2,-1,1
10,-8,-14,-18,-7,-22,2,-8,11,12,-5,-3
5,-9,-11,12,12,-1,9,12,9,-13,-7,-2
9,13,-10,-6,11,3,5,-14,-7,-15,-14,4
1,-5,-5,10,1,-13,-4,-21,-14,-4,-5,14
2,-16,-11,5,-10,-13,-3,-11,6,-7,-4,1
10,14,5,13,-1,-2,-2,-4,-12,-14,1,16
8,-11,9,17,4,-12,-11,-4,7,16,6,3
1,-3,10,18,1,9,3,-13,-2,15,1,11
12,14,11,2,-14,0,-3,-13,12,12,8,-6
10,9,-2,-11,-3,-12,9,3,-1,-4,-11,-6
5,-3,-5,8,-9,-11,11,7,0,14,6,-10
12,-2,12,-5,0,8,11,4,8,16,1,0
10,-2,-9,-3,-5,-2,-12,-6,11,10,-2,4
2,-5,0,-2,-8,-5,0,4,7,16,11,14
12,-9,7,11,2,1,-14,2,5,18,-7,23
-1,2,4,2,1,0,7,-8,3,-1,11,-2
11,1,6,26,6,23,-1,2,4,2,3,27
11,4,7,18,-10,-3,3,15,1,26,-11,14
0,14,11,-5,1,12,0,16,11,19,-13,17
-2,16,-14,25,3,1,-9,10,3,0,9,13
-6,9,-5,23,-8,8,-5,0,1,-3,-9,20
-13,33,-3,5,2,16,-1,31,-8,21,2,0
-3,5,2,19,-13,23,8,10,0,2,-11,5
-6,27,-12,31,-9,35,-5,27,2,29,-5,25
1,2,-1,31,1,31,-12,1,2,0,9,13
-7,-5,12,0,-6,-4,9,-26,-13,-10,-6,-30
-6,-33,10,-22,0,-28,1,-3,-13,-32,-12,-4
-9,-4,-5,2,1,-17,3,-23,2,-18,-2,-25
-4,-29,11,-8,13,-25,-1,-32,-12,-21,-10,-1
-11,-15,-9,-4,-9,-1,9,-13,0,-28,11,-22
-1,1,1,-27,4,2,10,-27,-4,-3,3,-30
7,-11,2,-5,2,-19,-2,-19,9,-27,2,3
10,-4,-10,-3,0,-18,9,-2,-3,-24,9,-6
10,5,-10,-27,-3,-26,-8,-20,-13,-16,0,-25
2,-3,-5,4,-9,-2,-5,7,-12,-22,3,3
8,3,-2,-3,-1,5,12,1,4,-11,-10,-12
10,4,-3,8,0,-7,-12,-10,3,-8,-11,-1
8,-11,7,7,3,-9,9,7,8,-12,4,0
0,1,1,2,-3,-20,3,-15,-12,-12,3,9
-3,0,13,5,2,-3,13,3,5,3,-12,10
-2,2,2,1,9,-9,11,7,1,-10,-10,6
-1,-1,3,-8,13,-4,2,4,7,-2,12,16
-2,-4,-8,5,7,11,-8,-12,0,11,-9,0
12,13,12,-9,-7,13,10,-15,11,1,-5,9
9,-16,7,-9,-11,1,-1,8,10,3,-9,4
10,-14,9,3,13,-9,10,16,10,18,8,10
12,-2,-1,9,-6,15,5,-5,9,3,-12,12
13,0,-5,5,2,11,8,-10,4,13,-11,-1
9,-11,8,14,-3,-2,2,-6,10,9,8,16
-1,-3,-12,7,12,-4,2,-4,-11,13,5,9
13,22,-10,-3,10,-6,5,1,9,2,0,9
-1,6,5,-6,-11,11,9,-6,9,-6,3,25
12,14,10,-2,1,20,-4,1,6,27,8,27
-1,10,10,8,-13,6,9,-2,12,-4,7,9
9,-1,-10,24,3,27,12,15,-5,16,2,-6
-4,11,-4,-3,3,-6,-12,8,-5,22,-6,19
11,17,-2,25,-4,24,2,-3,-8,2,0,26
-11,28,2,-3,-2,26,2,17,-5,6,-3,21
-8,21,0,0,-7,10,-7,20,-3,21,-9,17
2,30,-12,32,-11,9,-2,33,13,11,-5,-2
1,0,-13,-1,9,26,6,33,-1,-1,-13,33
-9,16,-2,29,-2,26,-7,21,-6,33,-4,29
-3,-33,-12,-23,-6,-18,-9,-10,13,-10,-12,-18
4,-2,-1,-34,-4,-18,-4,-8,6,-1,-9,-4
-5,-33,-2,-29,-9,-34,0,-15,-4,-27,-9,-5
-11,-5,-2,-4,5,-1,-1,-18,-5,-7,10,2
-6,-16,-1,-26,-8,4,-10,-4,-9,0,0,-5
5,-10,-1,3,-1,2,-7,-9,-9,4,3,1
10,2,1,-7,10,-28,-7,-18,1,-10,-2,-17
11,5,7,-17,0,-5,5,-16,-10,-28,-5,-29
-1,-3,0,-3,-5,-23,5,-17,6,-23,-6,-23
4,-14,-4,-11,3,-7,0,6,-11,-18,-11,-19
8,-13,-2,-26,-7,7,1,0,-10,-17,12,-14
6,-13,-6,-22,-1,11,8,-23,-6,10,7,-17
5,-13,3,-17,0,3,14,-15,1,3,-4,-18
3,-19,9,3,1,2,-8,-15,-12,-9,5,3
0,2,-6,0,1,-3,7,11,-5,-6,-6,-10
-1,-1,-8,-13,14,13,-4,-14,12,-9,4,-7
0,0,-10,7,9,8,9,-15,7,-18,-1,-4
13,-11,-11,-1,2,-1,6,-15,-1,-8,10,-12
1,-8,-7,-10,5,3,-8,0,-8,-11,-11,-17
1,2,3,-4,11,-2,-12,6,-1,-5,11,-7
0,6,9,12,-2,-6,14,3,7,-2,8,19
1,-1,8,12,6,-15,0,12,-12,15,-1,5
3,-4,-7,11,-3,0,-3,2,-2,21,-11,-5
1,-5,13,12,-8,-7,7,22,-6,-5,13,1
14,8,-12,-7,6,-11,6,-11,11,-4,-1,12
14,11,12,19,11,-8,12,0,8,-5,4,-7
1,7,14,6,3,-5,7,0,6,12,8,-9
1,11,-8,5,12,-5,1,-1,4,19,-2,9
14,13,-10,7,-8,2,-12,20,-2,6,8,7
6,12,-8,26,6,25,2,-3,-8,19,-9,8
-6,13,-3,18,0,-4,-5,28,-6,7,12,14
-12,30,4,9,6,26,14,9,-8,16,2,26
-8,23,4,14,12,28,0,12,6,27,-12,-4
2,29,1,26,-1,9,10,30,1,-2,-12,17
0,-1,13,21,-4,1,-7,28,-7,16,-6,-1
0,3,-4,22,1,32,-1,31,-9,10,4,14
0,36,0,31,-7,5,-5,10,-5,30,-8,26
-10,-31,-3,-9,-9,-6,3,-15,-5,-29,0,-17
-3,-33,5,0,-5,-31,-5,-21,-11,-15,-7,-13
-4,-34,-8,-4,-4,-14,-5,2,-3,-16,6,-6
-4,0,2,-33,-5,-14,5,-15,-3,-24,-2,-1
1,-26,-4,3,14,1,-5,0,-7,-17,4,-16
-3,-12,14,-18,0,-6,4,-14,5,-7,6,1
5,-13,5,-29,-2,-2,11,-13,-7,-5,-8,-27
-3,-12,-4,-3,3,-26,-9,-12,-7,5,-6,-9
-1,-2,15,-3,12,-15,-6,-22,1,-16,-2,-28
13,0,-4,7,12,-15,-1,-10,-10,-3,4,9
4,-3,-8,3,-2,-1,-4,7,-5,-9,-9,-6
12,7,-3,-1,-4,-11,-10,2,-8,2,-4,-3
13,-6,-1,10,-2,2,4,-24,0,1,-4,-1
10,-16,7,-2,14,-3,-11,-23,11,0,7,-18
13,-18,9,-10,13,-7,8,8,-3,-2,12,6
0,-10,9,-1,13,10,3,-4,14,-11,6,8
10,-17,8,0,-1,13,14,-7,7,-6,-4,-11
6,-16,15,13,8,12,13,-11,8,-4,13,-3
14,-2,-3,14,3,5,-6,-1,-9,-11,-10,10
11,-7,3,-16,9,3,0,13,-9,18,1,19
14,-1,-9,-3,8,14,15,-11,15,-13,9,8
0,-6,14,12,6,4,13,17,7,13,-2,-4
13,-11,0,21,9,0,11,-11,-7,15,7,-13
4,-8,-7,-9,-11,11,0,7,-7,6,-9,19
2,4,-7,17,-6,2,-1,17,2,23,10,6
14,13,-6,19,7,5,8,-4,0,20,5,23
1,2,-10,6,8,2,10,-7,0,5,0,25
15,-7,-10,-1,-4,7,-11,21,0,-4,14,-3
13,5,2,-1,-1,28,11,12,-7,24,-6,23
-11,24,-2,14,-7,15,-7,12,-1,16,-7,20
5,20,-2,17,-4,11,5,11,-5,8,0,2
-2,-5,-4,5,1,29,-9,-5,-5,1,4,24
-7,19,-1,18,6,30,-6,5,-11,14,2,2
-8,19,14,27,15,8,0,16,10,18,-1,23
-10,5,-6,21,1,23,-6,24,-11,33,-10,23
-3,26,2,7,-10,6,14,13,-5,24,-10,6
-11,12,-9,30,-9,14,-6,31,6,26,13,11
-7,-12,3,-3,-1,-14,8,-3,0,-3,0,-28
5,-1,-2,-29,8,-20,-2,-15,-3,-10,-7,-2
-5,-5,-4,-1,11,-13,7,-3,11,-8,-2,-14
-2,-10,5,-33,16,-18,-6,-8,-9,-23,-6,-31
2,-25,-9,-19,8,-4,-8,-25,4,-10,-2,1
6,-3,-1,-1,0,-6,11,-31,-4,-15,3,-27
-2,-8,3,-25,-6,2,3,-23,11,-1,0,3
-8,6,-1,-10,-10,-27,12,-14,6,-9,1,5
8,-1,0,-8,8,5,0,0,-1,5,4,-24
11,-11,10,-13,-5,5,-2,-11,4,3,0,-24
7,-8,-2,-17,-4,-4,2,-9,-6,7,-1,7
-1,-16,2,-25,1,4,-6,-4,0,4,-7,-23
-7,12,-3,-2,6,-7,0,-15,-6,3,6,7
13,-3,8,-16,-3,-12,-8,7,3,11,-5,-1
0,5,14,-9,-5,-11,0,-3,-10,-12,15,-10
13,2,-7,13,-2,1,14,0,1,11,16,-18
14,0,-8,-3,0,3,7,13,-1,6,-3,-2
11,0,-4,9,13,17,10,9,8,11,3,13
11,-9,-10,10,14,-2,6,-14,-3,-17,14,-9
14,4,-4,-12,-4,-14,-7,-2,7,-8,0,-8
11,4,14,1,7,12,10,-11,-10,-8,7,-16
16,10,5,18,14,-1,-9,13,13,9,2,18
10,-6,-9,0,11,10,11,9,-6,-10,-2,-3
13,-6,-1,19,15,-3,4,13,-2,6,-1,21
5,8,0,19,7,8,-9,-1,9,21,1,13
15,-1,2,-2,10,-7,9,-7,8,-11,-1,9
3,8,3,12,1,3,-2,-2,1,10,9,8
1,1,8,17,1,-7,4,26,6,20,-8,-6
6,8,0,0,-7,23,-8,25,0,22,0,26
-6,12,-3,29,-2,0,-9,17,-1,25,11,1
8,29,2,24,14,5,7,28,6,16,10,2
-10,31,-6,5,-4,6,-8,29,-5,24,0,0
-7,22,-8,6,-2,21,2,-4,-1,32,-4,17
-6,1,0,21,9,10,11,16,3,30,-6,10
-2,6,-1,23,12,-2,-9,4,-6,14,5,24
6,33,-3,28,12,13,5,31,-5,13,-2,6
-6,14,-6,20,13,0,11,36,-4,18,4,7
0,-31,3,-10,-1,-31,0,-27,-5,-6,-9,-21
-4,-3,12,-12,1,-1,-9,-6,-2,-16,10,-5
-4,-9,16,-28,-3,-4,13,-25,-6,-26,-7,-5
2,1,-1,-11,-6,-12,10,-7,8,-8,-9,2
0,0,-4,2,-5,-4,5,-2,2,-30,-1,-9
-7,3,10,-17,16,-17,5,-31,4,0,-6,-13
2,-24,1,-9,1,-6,7,-27,9,3,7,-12
-6,-21,2,-22,7,-11,-5,-20,-7,0,-1,-12
-6,-3,1,-1,-4,-8,2,1,2,-24,3,-24
-9,-27,2,-14,8,-2,7,-8,3,-2,-6,8
-6,5,5,-23,0,1,8,-1,-2,-13,5,-3
-7,-17,-9,-24,-9,9,-3,-19,9,-16,-4,-16
-1,-15,1,4,0,-16,-7,8,-2,0,4,3
9,-2,7,-3,-4,-11,1,13,4,9,-8,-17
6,8,12,-2,0,-15,-1,3,8,-15,-3,0
9,2,-2,-19,-5,-20,-3,12,11,15,5,1
8,-1,-1,-3,9,-2,0,-13,16,-7,-1,14
0,-3,-7,-5,-1,-10,-2,-16,-4,-16,8,-5
7,-3,-4,-6,-4,11,-9,7,8,5,8,-13
-1,-2,12,0,-4,7,9,-11,13,-1,11,5
0,3,-8,-11,16,18,2,0,15,-11,-4,10
15,4,-1,18,16,3,-2,-11,6,15,-5,1
12,0,6,-12,-6,2,15,3,-2,-11,-6,10
15,22,6,21,11,6,16,6,-6,-8,3,10
15,-6,5,9,-6,8,16,4,-4,-4,-4,-6
16,-11,14,4,-6,6,-5,-8,3,16,13,19
15,1,6,7,6,18,6,18,-4,-1,5,8
2,24,-5,23,13,21,7,11,1,16,-4,7
-4,27,-2,7,9,28,-8,-6,0,13,8,8
-1,-7,2,-2,-5,4,-2,19,3,11,4,12
8,21,9,10,-9,-6,13,26,3,30,-2,2
-7,2,12,2,4,-5,-3,2,-1,-2,-9,27
-9,1,10,21,12,15,2,30,5,28,6,26
-8,1,-9,26,-2,25,-5,28,5,30,1,28
-9,16,16,17,2,16,-8,33,-9,0,-6,28
-5,1,3,26,14,32,1,11,3,15,5,29
-9,16,1,6,15,10,-9,26,12,20,3,13
-1,-1,-1,-23,-2,-13,-1,-5,-2,-31,11,-26
0,-3,-6,-9,-2,-8,13,-15,-8,-30,2,-21
9,-9,18,-11,-6,-24,6,-5,-3,-28,2,-19
1,-7,4,-14,3,-13,-1,-13,-8,-29,-5,3
-6,-4,8,-29,-5,4,14,-11,-3,-22,11,-8
-5,-1,2,-24,0,-8,-4,-19,2,5,7,-16
1,6,-7,-1,2,-21,10,-7,-1,-7,18,-5
7,4,16,-7,18,-16,12,-9,-1,-7,-4,5
0,-24,18,-17,-5,-14,6,8,9,6,-7,-16
2,8,5,8,-2,-22,-3,-3,0,-21,0,-3
-1,0,4,-18,2,-20,-3,10,-8,-7,7,-24
-1,-1,-7,-24,13,-10,-2,-7,3,-11,5,-1
-6,3,-7,-18,1,-23,1,-1,1,-15,4,-7
-2,11,3,9,-2,-8,8,4,0,-1,3,-6
9,2,-2,4,0,-3,13,-1,1,-17,2,-10
-7,14,0,7,-2,-12,8,-6,16,13,11,-18
0,0,10,-14,11,13,18,9,15,8,-6,-20
8,3,-5,8,15,9,8,17,-5,11,6,-6
12,17,-7,9,18,3,13,-7,14,-6,-2,-7
14,6,-8,19,-1,16,18,7,13,7,15,-8
13,12,-3,-11,-2,12,-5,-7,7,13,-1,8
6,12,9,14,14,9,-8,7,-5,1,-6,-8
6,10,3,22,1,-14,0,19,1,-7,-4,21
15,18,3,1,0,2,7,21,-6,5,-6,-4
6,7,-7,14,1,1,16,13,-2,-3,-8,-2
16,23,-1,6,-8,-7,-7,5,16,0,-4,-1
13,2,-1,-6,-8,-9,3,15,-4,21,7,9
2,20,1,0,7,-7,0,13,6,-7,3,20
-5,1,8,24,7,9,12,8,1,27,-5,2
1,0,-5,25,1,25,15,24,-2,24,13,8
0,23,-4,6,3,1,1,8,4,0,7,15
0,1,7,23,-3,-1,-8,5,-4,6,0,13
8,32,4,-2,2,13,14,19,14,32,0,10
-4,22,4,-2,3,13,0,9,3,30,7,14
-5,5,18,31,6,34,9,-1,9,30,5,19
-1,3,-8,8,15,19,17,6,15,15,-2,3
-6,18,13,10,8,5,15,17,7,36,8,21
-2,-24,7,-10,12,-19,6,-22,11,-9,6,-24
3,-29,5,-12,18,-4,5,-32,12,-5,-7,-26
2,-7,6,-6,15,-6,-6,-16,-4,-20,2,-16
11,3,19,-4,-2,1,11,-6,-6,-30,-7,-30
4,-29,3,-7,12,-22,10,-11,-1,-9,-5,-24
-2,-1,-3,-22,-5,-7,8,-28,-3,-11,-3,-16
0,0,-6,-23,12,-21,3,-27,-5,-26,-2,-26
0,-1,0,-17,7,-27,0,-5,18,-23,-1,-11
0,-1,-6,5,1,4,11,3,0,-26,8,-28
0,2,2,-23,-5,-1,5,7,-5,7,-2,-2
-7,1,7,-3,5,7,11,-12,-2,9,9,-24
-5,5,18,-9,-6,-24,7,-22,9,-10,8,6
1,-19,10,-5,7,-14,-3,-1,5,-16,0,-7
2,6,9,-23,0,-1,1,0,-5,8,16,-1
-1,-10,-1,-2,15,-9,1,-22,10,-22,-6,-22
3,3,16,-7,19,-12,-2,2,-7,4,4,-18
9,3,-1,-18,11,-8,8,-2,10,10,5,-17
10,4,5,14,0,-10,13,14,17,-3,6,9
3,10,-3,-5,15,14,2,-6,0,14,1,-5
13,16,10,8,2,2,7,-15,3,14,12,-10
0,-5,-6,16,7,-16,5,-14,-3,7,2,8
8,13,8,-6,16,2,16,-13,-4,-3,4,16
15,21,6,-12,1,17,7,17,9,-13,11,-5
15,6,2,-12,5,4,14,5,-3,4,3,-11
13,3,5,16,10,14,2,6,1,24,-6,-1
4,-3,-2,16,-1,6,14,15,8,-8,0,17
3,21,5,-3,10,14,12,19,5,-3,1,-1
-6,13,-2,11,3,-5,15,4,-4,22,7,15
-7,25,14,21,13,20,-7,0,5,1,-6,2
10,23,1,18,19,21,-6,25,17,3,0,23
3,30,-5,25,0,19,-1,-4,8,-2,2,11
-4,5,16,22,-6,27,-5,6,10,9,5,19
-2,22,-4,6,-2,26,13,11,-5,4,6,29
6,32,0,25,11,5,17,12,0,24,9,17
-6,4,9,22,4,33,7,3,-7,11,0,25
10,27,-2,12,6,14,3,31,0,5,1,28
-7,7,3,16,8,13,5,13,18,21,15,31
12,-2,6,-33,20,-19,5,-36,1,-2,-5,-7
12,-2,15,-35,18,-22,1,-19,-5,-27,13,-20
0,-9,-3,-20,8,-28,10,-20,14,0,0,-26
6,0,-5,-2,17,-25,10,-1,11,-27,-5,-17
-3,-4,1,-1,17,2,10,-8,-6,-9,0,-23
8,-29,14,5,4,-30,3,-2,19,-8,-6,-17
0,0,6,-25,11,6,2,-20,-2,-24,3,-27
1,2,1,-13,-4,-29,13,-24,1,-18,11,-6
0,0,7,6,1,-22,1,-11,13,-10,4,7
7,-26,4,-16,-1,-19,18,-1,10,5,16,-27
-4,-6,-2,9,2,4,16,0,-1,8,-2,10
-1,8,9,-5,-2,-9,9,-21,11,-7,6,6
-5,-5,3,-17,-2,10,5,-18,-1,-5,0,-18
-3,-10,17,10,1,-4,11,13,10,-20,8,2
3,2,-1,-1,-3,10,7,-19,-2,13,3,5
10,6,12,14,10,-5,3,5,11,3,19,-6
-1,0,6,12,4,7,-2,7,3,7,-2,-20
0,-6,11,-4,7,-15,11,-10,-1,12,-5,2
4,12,4,18,-2,2,9,-17,10,3,9,4
0,-2,1,6,12,10,0,-5,2,16,3,-12
0,1,10,3,3,14,14,2,-5,-15,6,6
2,6,2,-4,2,-5,1,7,3,0,4,9
-3,20,-1,5,0,11,17,-3,4,-6,2,-10
7,18,1,-6,10,-12,-4,22,15,-3,-4,12
10,9,10,4,-6,9,3,8,-1,15,-1,3
4,22,2,-1,1,-1,15,21,19,23,6,-3
-5,11,2,-3,16,12,0,-7,6,24,2,25
-5,-6,12,-4,-5,7,1,-4,2,16,-5,-5
11,28,13,20,14,19,15,25,16,25,10,14
2,29,20,11,7,20,9,16,9,17,13,2
-1,3,0,25,10,8,5,18,5,28,-4,24
0,-2,16,23,9,10,15,7,11,28,0,28
-2,-3,6,2,9,3,15,11,-3,9,-1,31
-2,21,-4,13,7,20,-1,11,4,14,6,17
-4,8,1,22,16,5,7,30,3,8,10,11
5,1,17,20,16,18,3,12,0,2,5,0
-1,0,16,9,7,30,-6,13,0,19,8,16
13,-4,-2,-31,3,-28,-4,-35,8,-34,4,-5
11,-6,10,-17,12,-5,7,-28,-4,-8,3,1
1,-23,-5,-23,-3,-17,-4,-5,1,-34,2,-30
1,3,10,-30,15,-9,17,1,10,-14,5,-4
9,1,-5,-12,8,0,21,-5,-5,4,3,0
1,-4,-3,2,12,4,1,-20,6,-25,0,-8
3,-5,1,-18,15,-17,3,-21,7,-25,0,6
-1,-1,20,-9,20,-3,9,-28,-4,-13,7,-27
9,7,10,-4,17,-10,-1,5,2,-7,8,-10
7,-24,-1,-5,12,-15,-4,-7,10,1,-5,-4
-1,-4,-4,-24,12,-12,5,-18,4,-1,1,-10
-2,-10,6,8,18,-3,16,2,-3,-10,-1,0
-4,8,1,-8,4,11,11,-1,11,-5,7,10
12,9,0,-7,19,-21,5,-2,3,-15,9,13
0,-14,14,-7,15,-7,-1,-8,1,8,11,14
13,10,11,10,-1,9,7,-16,18,-10,13,9
11,4,4,9,1,-6,-2,12,5,-11,1,-3
0,0,-1,2,19,-7,15,11,-5,3,8,11
-4,-17,1,11,-2,16,11,8,0,15,-2,-17
-1,19,12,-10,-4,-7,17,-1,-3,7,10,-13
5,-9,11,17,16,-4,1,-1,13,-1,-1,14
3,19,5,4,8,-10,4,12,-4,-2,-2,-15
1,8,-5,17,19,12,8,-9,11,13,9,-5
-4,20,-3,21,20,8,15,4,10,14,9,-10
-4,-12,8,24,2,0,15,7,5,9,11,12
7,-6,-1,14,5,20,17,17,6,-4,10,-2
-3,11,3,3,20,13,-4,20,16,1,2,9
4,-8,-2,10,9,22,-2,4,16,6,5,2
-5,11,-5,27,4,12,5,-1,-2,2,9,20
5,-4,20,24,-5,8,17,15,-2,19,8,28
-4,7,12,17,11,25,3,20,15,5,1,21
-5,21,0,13,-5,8,8,10,14,15,2,11
-2,17,14,5,15,4,19,25,-3,13,17,11
5,-1,1,18,-5,25,6,30,-2,21,7,-3
-2,4,6,19,17,7,-3,20,3,13,-3,2
-5,19,16,12,-1,12,7,25,-4,21,7,29
-3,14,9,32,19,19,21,18,18,33,0,5
2,-22,-1,-23,14,-19,15,-9,-1,-3,5,-14
2,-17,7,-26,-3,-2,0,-25,18,-18,13,-5
2,-13,4,-16,5,-16,2,-9,3,-6,0,-11
3,1,3,-1,-4,-6,1,-5,12,-31,11,-15
-4,-30,-2,-26,7,-28,0,4,12,-16,-4,-30
5,4,13,-21,-2,-6,7,-8,5,0,4,-6
10,6,5,-4,20,6,16,-1,-4,-19,-2,-14
2,0,3,-20,20,-7,13,-24,5,-5,10,4
11,8,6,-26,2,-4,1,4,12,-10,9,-27
9,-24,4,7,17,-27,0,-7,10,-27,0,4
9,-22,-1,-8,-3,10,6,4,-1,2,14,2
2,-25,11,-2,-2,11,14,3,-1,-4,4,-20
13,7,2,-23,-1,11,13,11,2,4,-4,-17
4,-16,9,-4,4,-17,4,-9,1,-18,11,1
0,4,4,-2,10,2,5,-19,1,10,-4,3
1,-10,12,-6,6,8,-1,13,5,9,10,0
1,16,8,14,6,12,3,5,11,0,15,5
9,13,1,-9,16,13,20,-5,22,11,1,-18
-4,-17,20,-8,20,-1,-1,9,3,0,5,-10
-3,12,2,13,4,-3,6,14,17,-15,2,19
1,-6,-2,-8,0,-14,16,-15,21,15,5,12
-1,-10,0,-13,3,0,5,4,14,20,18,-7
-4,16,11,-9,-4,19,2,12,-1,8,6,-7
0,4,10,11,16,10,-2,-1,22,-1,2,13
-3,6,6,5,15,22,5,-4,10,17,5,3
-3,14,12,-4,15,16,3,12,15,12,2,12
-4,11,16,7,17,-3,2,-10,10,21,5,-4
-3,-7,20,19,9,4,-1,7,10,16,-1,7
0,5,6,22,21,16,6,8,0,-5,-1,17
0,11,6,28,3,22,7,-2,-1,27,7,-2
13,27,18,18,7,4,16,21,-3,25,7,21
-2,17,22,17,0,12,2,26,21,12,13,26
1,0,11,11,20,-3,9,7,20,32,14,30
-2,0,19,22,17,-1,-4,17,-2,33,9,33
2,7,10,18,8,27,21,34,-3,26,2,30
3,22,8,35,8,2,16,13,11,24,1,33
2,8,5,35,12,21,18,30,8,33,-2,21
0,-3,10,-32,23,-16,-2,-36,22,-18,0,-2
12,-34,5,-31,17,-23,4,-33,22,-32,3,-16
12,-3,6,-19,5,2,-1,-16,-2,-16,-3,-3
1,2,2,0,19,-17,19,-19,4,-19,9,-1
0,-13,3,-18,7,-11,10,-31,14,-13,3,-7
11,3,11,-2,-2,-31,22,-25,12,-22,11,-31
-3,-26,11,-3,9,0,6,-24,9,-28,12,-10
9,-27,2,-1,5,6,4,-20,4,6,-1,-24
-2,-5,2,-2,13,-26,23,-13,2,0,2,-20
3,6,0,-10,5,1,13,-2,2,-10,9,-22
2,-20,-2,-11,14,5,9,-3,8,-18,12,1
2,-3,7,-21,22,5,0,0,-2,10,14,-6
14,5,10,1,4,-3,4,12,23,-17,-1,-12
-3,-15,0,13,2,-6,-3,-4,11,0,-2,11
-3,-5,22,2,10,9,2,7,1,-17,1,-4
-1,2,10,-15,12,-5,17,-18,2,3,22,-11
-1,6,23,-1,-1,-7,16,-3,4,-16,13,-9
5,16,4,14,4,12,-3,17,6,-3,8,-6
-3,14,15,6,1,-6,7,-7,1,-6,-3,3
1,-12,0,6,-1,5,6,-12,3,-16,6,-1
5,8,23,-4,1,-8,9,19,-1,-5,3,4
6,-7,-1,6,-1,-6,12,-9,3,-13,18,-1
0,-14,19,16,23,13,0,6,-3,19,-3,10
1,-6,6,20,1,10,11,6,2,-11,10,10
2,-10,15,-2,5,9,21,21,5,20,6,-11
-3,4,7,3,22,1,2,23,6,6,2,7
8,25,23,10,-2,21,17,11,12,16,8,2
3,-8,13,4,2,10,14,18,-1,19,13,20
3,-6,23,18,11,-7,10,17,-1,13,13,15
-2,23,11,11,22,29,20,22,-1,26,4,25
4,0,23,-3,14,10,14,17,22,18,3,4
0,13,19,28,9,6,9,1,-2,-3,7,-4
2,1,13,26,17,5,22,19,9,9,10,21
3,3,1,-3,6,13,-1,6,19,-3,0,10
0,21,6,4,9,4,17,22,10,10,7,4
8,-1,14,27,11,10,10,23,-3,27,7,18
0,12,-2,35,-2,13,23,6,20,35,4,36
0,-3,7,-26,8,-31,6,-8,9,-7,5,-2
16,-5,3,0,9,-30,8,-1,8,-7,14,-8
8,-9,13,-13,-1,-32,22,-24,10,-13,5,-21
7,0,13,-6,2,-18,6,-9,10,-2,15,-8
3,-11,5,-21,14,1,3,-12,10,-15,-1,3
2,-19,-2,3,0,-3,6,-18,0,-4,3,-3
10,-30,6,-15,10,-12,20,-12,4,-1,5,-16
6,-26,5,-8,3,-22,4,-12,0,-15,5,-18
4,4,-2,-10,12,4,3,-1,13,-26,16,5
3,-14,21,-10,9,-19,-2,-13,-1,-4,-2,9
3,-12,1,-2,11,9,13,7,6,5,8,4
2,-17,-2,7,24,-13,19,3,17,-19,22,-10
5,8,20,-7,1,1,5,-3,8,-24,20,-15
1,4,21,5,15,-5,7,-8,-1,2,12,-8
-2,7,4,3,9,1,17,-3,10,-12,-1,-8
0,-21,20,-20,-2,-10,6,-2,12,-3,0,14
4,-13,4,14,-2,11,5,-12,23,8,22,10
-2,4,2,-4,18,-9,19,-5,12,16,1,3
5,-15,19,18,7,-1,-1,3,9,-18,11,-16
0,14,2,-16,19,1,9,1,13,4,18,-3
0,-4,-2,6,-2,-6,11,11,5,20,-1,-13
4,-10,5,-7,0,12,19,20,4,19,3,-3
8,-10,0,10,18,4,19,16,18,0,12,21
-1,-3,4,-3,-2,-6,1,16,8,-9,3,-13
14,20,1,-8,24,23,-2,4,4,0,24,-6
3,12,2,7,21,-1,11,19,15,20,22,-5
-2,-1,3,7,1,13,-2,25,3,3,1,2
10,25,21,0,12,24,2,8,-1,11,-2,-8
2,-8,2,-3,2,11,22,11,6,19,-1,12
6,24,20,-2,10,13,8,-5,19,24,6,15
-1,2,9,14,8,6,6,-4,16,5,11,16
-2,17,20,9,16,18,16,10,10,30,8,23
1,-1,24,20,17,16,22,-4,1,3,5,25
-2,8,4,-3,3,7,13,17,10,23,14,16
-2,22,-2,31,-1,19,11,14,18,8,10,19
-1,10,22,14,10,11,23,11,18,32,11,-1
0,16,23,8,-1,29,9,4,7,18,-1,24
15,-17,17,0,7,-10,3,-8,7,-23,0,-14
9,-3,4,-33,2,-8,15,-33,9,-34,7,-7
4,0,1,-33,5,-18,17,-2,5,-8,2,-15
2,-1,17,-18,19,-8,2,2,13,-30,9,-10
10,-27,22,-14,22,-23,5,-13,2,-30,11,-26
1,-18,25,-3,6,3,4,-31,10,-5,15,-15
6,-21,3,0,3,-4,3,-14,0,0,17,-19
6,-19,2,-8,5,6,10,-22,9,-26,5,-16
3,-8,17,2,17,-2,22,0,13,-22,-1,0
2,-7,16,-23,19,-27,5,-11,12,-10,-1,-23
12,-26,20,5,14,-14,-1,-2,7,-5,8,4
2,-9,22,1,22,2,6,-7,11,4,12,-8
2,-7,16,9,24,8,25,-2,5,12,4,-17
3,9,1,13,20,-6,0,-15,21,3,15,-6
8,12,17,-20,13,-7,1,3,4,-10,4,-8
0,5,7,-9,19,0,14,-5,2,-6,4,11
0,11,4,-20,17,-17,17,10,24,10,3,-14
4,-4,11,-9,13,11,1,-15,9,-8,3,5
0,-6,5,1,23,-18,20,-8,7,-1,16,9
2,-16,12,10,21,17,2,-10,10,1,19,-4
9,-16,11,1,8,-5,25,-6,0,-2,16,-13
2,-1,13,18,4,-15,2,4,19,-3,-1,-4
8,-12,25,22,25,9,1,-6,18,21,23,-9
1,6,1,15,1,-5,0,-1,7,11,0,6
1,-3,1,7,2,17,4,-7,9,-10,8,-5
2,-9,8,7,25,20,14,8,10,12,7,-1
3,-1,0,0,25,4,4,-9,21,24,6,-8
0,8,6,16,21,-8,20,15,2,-5,25,27
3,-2,24,9,23,10,-1,-1,15,17,2,0
10,29,9,25,8,-3,4,4,0,22,13,-5
11,29,2,5,16,23,19,19,7,-2,6,4
1,-3,6,-5,22,6,5,25,8,14,4,14
1,7,22,4,15,3,13,29,25,20,7,12
5,20,13,12,-1,6,2,1,8,19,13,29
1,4,25,0,23,6,21,34,4,24,6,18
4,0,14,28,7,12,25,20,24,6,5,33
10,4,6,20,1,15,2,10,12,5,9,22
9,-6,8,-10,16,-4,21,-19,13,-36,14,-16
0,-1,6,-3,7,-8,6,-22,2,-5,5,-5
16,-3,8,-5,2,-2,16,-1,2,-22,12,-9
0,-5,0,-19,20,-4,14,-6,6,-29,1,-7
10,-27,9,-4,19,-11,8,-2,0,2,7,-6
5,-13,24,-22,2,-29,12,-10,9,-2,8,-5
10,4,23,-11,24,-21,16,4,8,0,5,-17
6,-5,2,-20,0,0,20,-21,6,-8,4,-24
0,-3,24,-7,25,-21,2,1,10,4,6,-4
3,-23,10,-24,5,-5,25,8,9,-16,19,-23
5,-10,3,-11,22,0,11,-25,15,-9,13,-10
2,-10,16,2,13,11,4,7,13,-22,10,-9
0,-21,21,-10,6,-22,0,-22,26,2,14,-23
7,-15,11,-6,22,-8,11,-15,26,-2,15,0
9,6,26,12,1,-7,6,-12,7,-22,11,10
4,-10,11,-3,19,-6,17,-14,24,-4,20,7
2,-16,3,-4,25,-9,19,4,14,-19,3,-14
17,15,10,-6,15,-16,4,10,4,-1,14,10
17,17,4,6,13,8,1,-9,7,-6,0,12
1,-2,7,13,19,19,0,15,19,4,9,-5
4,5,7,-11,0,3,24,-4,12,-12,6,-9
0,-1,13,9,14,-1,13,-3,11,15,0,-2
2,-9,20,5,20,-7,21,8,11,10,5,-4
10,-12,4,-7,20,4,17,19,8,-2,2,18
1,4,11,16,3,-7,8,5,17,17,2,21
0,-1,7,-8,22,10,12,7,14,9,16,-11
17,16,4,26,12,-2,3,-2,1,16,5,7
7,-2,5,22,8,-8,16,3,13,10,9,4
5,-5,6,0,21,-5,5,-4,15,-3,8,-6
1,7,2,0,5,-5,12,22,12,23,17,27
2,-5,19,1,16,7,10,12,0,3,6,-4
8,-4,18,26,6,2,15,21,0,2,11,23
0,2,5,10,9,20,7,2,11,32,13,11
3,8,0,12,23,13,1,10,9,17,12,23
8,24,2,33,3,22,9,-2,4,34,1,11
4,9,25,14,9,8,17,25,6,14,2,27
6,4,12,22,6,29,3,0,1,0,18,32
