-4,-32,-1,-9,-20,-31,-25,-17,0,0,0,-3
-4,-23,-5,-13,-16,-30,0,-8,-26,-10,-26,-14
-1,-5,-5,-13,-24,-4,0,0,0,-7,0,-3
-2,-6,-26,-19,-7,-21,-12,3,-8,1,0,2
-5,-10,-18,3,-14,-23,-3,-4,-16,2,-3,-3
-4,-10,-24,-17,-2,-7,0,-2,0,3,-26,2
-2,-6,-26,-23,-10,-21,0,-4,0,-5,0,4
-4,-20,0,5,-10,-21,0,-8,0,4,0,1
-4,-18,0,0,-2,-5,0,-8,0,-5,0,-1
-4,-11,0,-2,-3,-20,-2,-6,0,-10,0,-1
-1,-23,0,-3,-2,-4,0,7,0,6,0,-1
0,-23,-1,1,-2,-15,0,7,0,-9,0,7
-3,-8,-5,-11,-26,-20,0,4,0,7,0,5
-2,-6,0,-2,0,8,0,2,0,-8,0,1
-2,-6,0,2,0,8,0,0,0,8,0,1
-1,-13,0,-1,0,5,0,10,0,8,0,7
-1,-11,0,-2,-2,-17,0,-1,0,-7,0,0
-1,-5,0,-2,0,-12,0,11,0,-7,0,3
-1,-2,0,-2,-2,-10,0,0,0,-8,0,3
0,-9,0,-5,-24,17,0,7,0,11,0,2
0,-2,-23,17,-8,6,0,7,0,-7,0,2
0,-5,0,4,0,5,-1,-14,0,6,0,1
0,-2,0,1,0,3,-2,9,0,-8,0,0
0,3,0,0,0,1,-2,9,0,-9,0,-2
0,-3,0,2,-1,23,-2,8,0,7,0,-2
0,4,-4,6,-3,11,0,3,0,-9,0,6
0,3,0,1,-1,13,0,-1,0,-9,0,5
0,2,-1,10,0,7,0,8,0,9,0,-9
0,9,-2,-7,0,4,0,-2,0,-8,0,5
-1,8,-1,7,0,28,-13,5,-26,1,-1,28
-1,11,-1,26,0,5,0,-1,0,2,0,6
0,0,-1,2,0,5,0,-2,-1,30,-1,28
-2,5,-1,-1,0,1,-1,31,-1,30,-1,26
-3,14,-2,5,-1,19,-1,31,-1,26,-1,25
-2,4,-12,23,-1,16,-1,31,-1,24,0,7
0,0,-16,21,-3,20,0,7,-1,24,-23,31
-2,25,-11,22,-1,15,0,4,0,7,-1,26
-7,-13,-6,-27,-2,-8,-15,-35,-17,-27,-7,-11
-23,-28,-21,-28,-7,-25,-15,1,-14,1,-12,-1
-10,-17,-25,-8,-1,-5,-24,-24,-15,-24,-5,-27
-23,-28,-21,-23,-1,3,-11,-10,-12,-6,-13,-12
-12,-22,-14,-31,-7,-21,-16,2,-25,-21,-17,-1
-6,-21,-4,-25,-16,-16,-11,-24,-11,-21,-23,4
-23,-4,-12,-30,-4,-26,-6,-22,-25,-30,-14,-29
-8,-9,-25,-18,-5,-19,-12,-1,-6,-18,-7,-28
-4,-11,0,5,0,-14,0,-5,1,-23,1,-20
-4,-11,0,1,0,-16,0,-5,0,-4,1,-20
-3,-8,0,-3,1,-20,1,-13,1,-23,1,-20
-3,-14,0,-3,-3,-25,-1,-6,0,11,1,-20
-3,-10,-3,-8,-25,-2,-1,-14,-17,-16,0,1
1,4,0,-3,1,5,-1,-14,0,10,1,-19
-1,-15,-5,3,1,-20,-1,-4,0,-1,0,-1
-1,-2,-5,2,1,-17,-1,-4,0,-1,1,-18
0,-14,-5,2,0,-16,-1,-4,0,-1,0,0
-1,-7,-3,-5,0,-18,0,17,0,-1,-4,-5
0,-6,0,0,-2,0,0,3,0,12,0,1
1,4,-3,-4,-2,0,-1,-11,0,-2,-5,3
1,3,-4,0,1,-16,0,3,0,-3,0,2
1,3,0,-4,0,11,-1,-12,0,-3,0,2
0,-3,1,-4,-2,-8,-1,-12,0,13,0,1
0,0,0,-3,1,-12,0,4,0,9,1,-11
0,-2,-1,3,0,18,0,4,0,5,0,0
1,-4,1,-2,0,17,-1,-3,0,0,1,-10
1,10,1,-2,0,14,-1,-9,0,-1,0,26
1,-3,-1,-4,0,-6,0,19,0,7,0,25
-1,5,1,-1,-2,-3,-1,-1,1,16,0,21
1,-3,-1,7,-1,13,-1,-3,0,7,0,4
1,-3,-1,-3,0,-4,0,18,0,4,0,21
-2,6,-1,-5,0,22,0,10,0,3,0,5
-2,8,1,2,1,23,1,3,1,10,0,4
0,21,-16,10,-5,15,0,10,0,3,0,21
0,0,1,0,0,29,-2,22,0,5,0,21
-1,2,-2,6,-1,24,-1,-1,1,21,0,6
0,28,-16,11,1,22,-2,21,0,1,0,22
-6,-30,-11,-10,-6,-29,-11,-22,-13,-10,-4,-32
-16,-32,-8,-7,-23,0,-12,-19,-12,-33,-8,-5
-2,-1,-16,-13,-11,-6,-12,-14,-15,-19,-7,-6
-14,-26,-20,-27,-22,-6,-14,-13,-4,-33,-15,-24
-1,0,2,-3,-4,-24,-9,-3,-7,-2,-22,-13
-14,4,-17,3,-3,-24,-17,2,-1,-3,-17,-23
-13,-20,-10,-30,-19,-10,-1,-27,-8,-29,-10,-17
-14,-1,-18,-20,-2,-27,-14,1,-3,-1,-13,6
-23,-22,-15,1,0,5,-13,-8,-10,-2,-17,5
-3,-7,-13,-24,-17,-3,-20,-16,-17,9,-5,-1
-3,-11,-3,-12,-8,9,-1,-3,1,-21,1,-10
-1,-19,1,-13,-9,-21,-1,-5,0,2,1,-11
2,5,0,0,2,-9,1,-4,1,-20,1,-11
-1,-3,-4,9,0,-2,1,7,0,-1,1,-17
0,-1,-5,1,0,-18,-1,-10,0,-2,1,-21
1,2,1,3,-1,-8,-1,-2,0,-6,1,-12
-1,-5,0,3,2,-12,-1,-5,2,-9,0,6
2,4,0,-3,0,-6,1,-5,1,-16,0,6
1,1,0,-5,-1,-18,-1,-4,0,-7,1,-13
0,-2,0,-10,-4,-13,-1,-4,1,-15,1,-13
0,-2,-1,0,-6,-8,-1,-7,0,-6,0,7
0,-4,-1,-1,-2,10,-2,10,0,-8,0,7
1,4,-4,7,0,-3,-1,-13,0,-10,0,7
1,7,-1,0,-1,-2,-2,5,0,-11,0,7
1,-5,0,0,-1,-2,-3,9,1,-12,0,18
2,11,-1,1,-2,9,-3,9,0,15,1,-8
0,0,-1,-5,0,-1,-2,13,-1,15,0,8
1,12,2,-4,-5,15,1,-2,-1,15,0,8
1,14,2,-5,-7,27,-2,11,-1,13,1,-6
-1,6,-1,-3,-7,13,-2,10,-1,12,0,9
-1,3,-1,-4,-7,11,-2,10,-1,12,0,9
-2,10,-19,-1,-1,9,-2,10,-1,10,0,22
-2,15,1,11,-15,15,-2,6,-1,10,0,9
2,27,-1,-3,1,33,-2,6,0,22,0,21
1,-1,1,11,0,5,-2,-2,0,22,0,17
-3,17,1,1,-2,18,-3,24,-1,11,0,13
-1,25,-18,26,-7,16,-17,21,-1,10,0,11
0,-5,-14,-5,-15,-33,-16,-28,2,-5,-12,0
-11,-8,1,-7,-5,-32,-22,1,-13,-16,-6,-33
-19,-17,-9,-26,3,0,-4,-7,-6,-5,-9,-25
-19,-31,-17,-29,2,0,-20,-9,-20,3,-5,-4
-6,-28,-8,-17,2,-16,-13,-27,-4,-7,-4,-23
-3,-31,-16,-18,-10,2,-5,-17,-3,-14,-2,2
-1,1,-9,-4,-10,-4,-11,-26,-17,-11,-6,-25
-18,-25,-12,-4,-18,-4,-10,-2,-16,-10,-17,-22
-20,-22,-4,-2,-11,-2,-9,-11,-12,-28,-1,-16
0,-27,-9,-6,-19,7,-5,-18,1,4,-21,-20
0,-21,1,-15,-6,-11,2,-15,0,-17,1,-14
0,-3,-3,-8,-6,-23,-2,-1,0,-20,1,-15
-2,-10,0,-13,1,-18,2,-20,0,-20,1,-17
0,-2,-4,-8,1,-18,2,6,1,0,1,-17
0,-15,-7,8,-1,-11,-18,-7,1,-1,1,-13
3,7,0,5,2,8,1,5,1,-3,0,2
1,0,-3,-6,-3,-7,-2,-10,0,-17,0,-2
3,6,-4,13,-1,-1,-3,3,-1,5,1,-11
2,-14,-4,4,-1,-8,2,-8,1,-1,1,-13
0,1,0,-7,-1,0,1,8,-1,6,0,-2
0,-2,0,8,-8,20,2,-7,2,12,0,-5
3,9,-4,1,0,0,-2,-1,1,1,0,-5
1,-6,-4,-1,0,-10,-4,10,-1,5,0,-6
1,5,-23,7,2,-3,-2,0,-19,22,2,19
3,19,-18,22,-7,13,-5,23,-14,10,-13,14
2,-6,-1,15,-1,-2,2,-3,-1,5,0,-4
0,0,-1,24,-1,-5,2,-4,1,4,0,-6
0,10,-14,8,-20,7,-19,7,-21,16,-1,24
-5,12,3,-7,-10,11,-19,-2,2,24,-11,18
-6,11,-10,-5,-3,21,-13,17,-5,25,0,24
-4,12,-11,10,-8,13,-1,1,-1,0,-15,17
-1,15,-1,4,-1,-1,2,0,1,8,1,-1
2,23,2,-4,-2,14,2,-1,-1,11,0,-1
-4,11,-15,21,-2,0,-10,5,-7,13,-21,10
-7,15,-6,23,-7,13,-2,2,-16,28,-3,-2
-4,24,-14,34,-7,17,-5,23,-7,13,-14,30
-4,19,-16,9,-13,17,-1,2,-5,23,-9,5
-10,-35,1,-4,-6,0,-13,-21,-3,-35,-2,-26
-12,-32,-22,-5,-18,-10,-16,-6,-3,-4,-21,0
-21,-34,1,2,0,-18,-1,-1,-4,-5,-3,-26
-12,-3,-12,-15,-9,-9,-8,-28,-6,-25,2,-2
-6,-27,-2,-13,-21,-29,-14,-10,-17,-26,-12,-7
-2,-1,-2,-21,-4,-30,-2,-28,-8,-16,-10,0
-2,5,0,2,-10,-29,-11,-11,-16,-21,2,-27
1,1,-20,-17,-21,-18,-11,-5,-2,-19,-9,-18
-20,0,-21,-16,-22,-15,-14,8,-1,-19,-10,2
-4,-8,-2,-19,-11,-11,-9,-17,-3,0,-6,0
4,6,-14,-9,-4,4,-4,-19,-7,-4,1,7
2,-23,1,-2,-11,6,3,-25,2,-13,1,-24
1,-1,-1,-14,3,8,2,3,0,-10,2,-22
-1,-10,1,-4,-1,1,1,-13,0,-10,2,-22
3,4,-6,-16,-13,-11,1,-14,2,-13,1,-22
3,4,1,-3,1,-9,-2,4,0,-10,0,4
2,-16,-2,10,4,4,-2,4,0,-8,-2,-19
2,3,1,-2,-3,-6,2,-4,3,5,0,2
0,-1,-2,-18,-7,11,1,-18,1,18,0,-2
0,-4,-17,9,4,12,-8,-13,-1,16,-3,-2
4,10,-1,7,1,-8,-17,-4,2,3,2,-16
1,-7,-18,7,-19,5,-3,5,2,18,1,10
2,-9,-19,6,-15,7,2,10,-18,9,0,-11
2,10,-9,0,-13,23,-2,10,-22,0,-10,1
-3,4,-4,13,-13,-11,-15,18,-7,-6,-15,7
-1,13,-22,-10,-5,0,-2,16,-2,19,-17,23
2,18,-14,1,-10,24,-3,0,1,22,-1,18
-16,2,-21,10,2,23,-10,8,-13,23,-19,8
-8,7,-20,25,-19,-1,-4,26,2,26,-6,9
-7,13,-8,-2,-6,16,-14,8,-22,11,-17,11
-15,25,-20,0,-9,12,-21,-3,-13,24,0,26
-12,16,-22,4,-4,20,-5,18,-8,7,-9,13
-17,22,-10,14,-4,20,-9,-3,-11,6,2,29
-14,29,-16,15,-12,29,-10,9,0,0,-15,14
1,34,0,23,3,19,-22,2,-21,1,-2,32
-4,26,-8,23,-6,23,-14,7,-1,33,-18,7
-12,33,-19,8,-9,29,-12,35,-11,23,-21,2
-9,-32,-2,-11,1,-10,-18,-24,3,-35,3,-2
1,-3,-1,-2,-9,-29,-12,-12,3,-27,1,-20
-8,2,-21,-16,-2,-31,3,-20,-12,-29,-9,-6
-6,-29,-4,1,-6,-10,-4,-29,-7,2,1,-31
-1,1,1,-31,0,1,-3,-10,-11,-32,-7,-3
-5,-29,-17,-22,-9,-16,-6,-21,-5,-25,1,5
0,1,-3,-26,-14,-7,-12,-6,3,-30,-3,-26
-6,-8,-20,-23,-9,-6,-8,4,-14,-21,0,-27
-15,4,-18,-16,-5,-7,-7,-20,-1,-10,-7,-7
-17,9,-14,3,-5,-25,-6,-7,-3,-21,-8,-6
5,7,-13,-26,-21,9,-15,9,-5,-2,-15,-18
4,5,1,-2,2,-9,1,-4,3,-19,1,-12
1,-1,-15,4,0,-2,1,-4,3,-19,1,-14
2,-19,1,-4,2,-14,3,-11,2,-3,2,-1
0,-12,-2,-4,2,-19,3,-17,0,-2,1,-13
2,3,1,15,-5,10,-6,-19,3,-18,1,-16
0,-1,1,-2,-2,15,1,-6,1,-11,-2,-15
4,-19,1,-14,-9,6,2,3,2,7,2,2
0,3,-2,-4,-15,1,2,0,-1,-3,2,8
1,-12,-3,12,-1,-11,-3,4,-3,16,2,7
1,6,-19,-15,1,16,-3,4,-2,20,1,15
5,-15,0,0,-21,-5,1,-2,2,-13,1,-11
3,12,-3,6,-1,2,1,-3,-5,-12,-4,21
0,10,-8,-6,-16,2,2,-7,1,-5,-9,12
-21,-3,-13,16,-6,16,-1,16,-8,22,-10,12
-9,12,-11,10,-15,-8,-1,10,-4,-11,-7,14
-14,26,-13,13,3,21,-18,8,0,17,-3,13
-15,-3,-5,6,-14,-9,-18,21,-20,-5,-14,23
-14,-7,-14,-3,-9,0,-13,-4,-15,0,-13,-5
-7,14,-8,8,-9,17,-10,5,0,0,-11,4
-10,8,4,3,-4,18,-2,22,-21,14,-3,26
-8,-1,-17,29,-14,2,-7,16,-9,23,-6,3
-16,2,-15,26,-11,-1,1,22,1,1,-10,24
-15,4,-4,11,-15,19,-7,10,1,29,-4,21
-9,28,-9,13,-21,4,-9,34,-2,31,-21,11
-9,2,-8,27,-20,16,-18,28,-7,15,-11,20
-6,23,-4,27,-21,11,0,27,1,7,-1,5
-3,-28,-1,-34,-5,-35,-1,-18,-9,-15,5,-5
-3,-7,-14,-13,-10,-6,-2,-29,0,-4,-3,1
-6,0,1,-7,6,-31,1,-19,-5,-6,-4,2
-17,-31,0,2,3,-9,-15,-7,-3,-25,1,-14
-17,-19,-2,-16,-14,-30,-8,-31,-5,-2,-2,-26
-16,-19,-11,-6,6,-10,-2,-1,-4,2,-14,-31
-12,-23,-2,-21,-19,-22,-8,-16,-4,-4,1,-5
0,7,-3,-21,-3,-28,-14,-12,1,-12,-11,4
-1,-28,-17,-17,-11,-23,-11,-6,-8,-28,-4,-20
-14,-17,-10,-16,-3,-15,-12,-26,-5,-12,-4,-3
-3,-12,1,-25,-9,6,-4,-12,-8,-10,0,3
2,0,2,-10,1,-4,-3,-5,3,-2,3,-5
3,-21,1,1,-18,0,2,-19,1,-6,3,-5
2,1,-2,-2,0,-22,2,-19,3,-1,1,1
4,-21,5,-14,-1,0,1,1,2,-22,1,1
3,5,-1,-16,0,14,-3,-2,1,-2,1,0
1,-9,0,-2,1,0,0,-2,1,5,3,-3
0,-4,5,-13,-13,-1,-5,14,1,-9,3,-3
0,-2,-3,-11,3,-17,-9,-14,3,-1,1,2
0,4,-3,2,1,-2,-5,10,1,7,0,19
0,-2,-2,3,-5,-11,-14,0,0,17,3,-2
5,16,-3,3,2,9,0,5,3,1,0,7
2,-11,5,-9,6,18,-19,-1,0,8,3,-1
0,9,-19,7,2,8,0,-3,-7,23,-4,9
1,0,5,-8,-14,0,-7,11,-11,-5,1,15
4,25,-14,-5,-1,-1,-2,12,-1,-2,0,-2
-13,22,-15,7,-3,-1,1,12,2,17,-4,0
-6,2,1,-2,0,24,-14,16,-18,0,-1,20
-1,-6,-8,6,1,15,-7,28,-11,6,-7,-6
-15,11,-3,19,2,1,-3,27,0,-5,-3,-3
-7,-3,-10,19,-2,17,-2,27,-10,21,-7,-2
-4,6,-19,28,-2,8,-17,20,-12,25,-2,3
2,31,0,9,0,23,1,26,-1,-2,-9,1
-11,-2,-1,-3,-16,-1,1,16,-2,33,-18,2
-8,-2,-2,15,-8,16,-16,10,-9,33,-11,15
-1,0,-11,19,-1,13,-10,21,-16,7,-6,15
-3,26,-4,19,-9,24,-16,10,-2,30,-9,12
-2,0,-12,-18,-8,-10,-13,-18,-9,-20,-9,-1
-3,1,-14,-7,-1,-3,-18,-20,2,-20,-8,-13
-4,-4,-16,-4,-10,-32,2,-23,2,-4,-14,1
-17,-30,-4,-5,3,-2,-1,-14,-10,-7,-18,-27
-3,1,-19,-19,-3,-3,-16,-29,0,-25,0,-30
-1,0,-1,3,-19,-7,-4,-30,2,-27,3,-1
-16,-13,-14,-6,-7,-9,-16,-16,-17,-1,-1,4
-5,1,-10,5,-18,-2,-12,2,-1,-21,-1,1
-7,-19,-2,-4,-14,5,-3,-26,-12,-3,-8,3
0,-19,-10,-4,0,-23,-1,5,-5,-5,-7,-15
-2,-2,-7,-14,-7,-24,-18,-24,1,-25,-6,-18
-14,9,2,4,-2,-3,-8,-25,-5,-5,-5,-8
-3,-9,-2,-11,-3,-10,-6,-15,-10,12,-18,-23
3,-23,0,7,-6,-15,3,-22,-8,4,2,-18
3,4,-1,-7,-17,-6,1,-3,2,-1,4,-10
5,-21,-1,-7,2,-7,1,-5,2,-5,4,-12
4,-18,5,15,2,-10,0,3,-2,2,4,-14
7,15,-12,-5,6,-10,0,3,-2,1,4,-14
1,2,5,-8,6,-18,5,-7,1,18,-17,-3
6,16,-2,-2,4,2,3,5,1,6,4,-15
2,9,-3,19,-14,5,4,1,4,-3,1,-1
7,20,-5,-12,5,4,0,6,1,5,3,11
-1,8,0,-4,-8,8,-4,10,-7,-8,-1,-4
2,13,-8,-1,-8,0,-14,-10,-6,22,-4,-1
-11,9,-1,-2,-10,22,-6,7,-11,4,-7,8
-15,24,-18,-10,2,-11,0,1,-13,6,-9,25
-11,26,-15,7,5,25,-10,-9,-3,3,-6,23
1,-8,-9,26,-15,-8,-11,17,-4,12,-2,-9
-8,22,-6,21,5,20,-1,0,-1,27,-4,17
1,22,-3,17,-12,24,-10,23,-5,0,-15,-6
-19,-4,-8,1,-12,26,3,23,-5,3,0,26
-10,20,6,30,2,26,0,-4,-11,-3,-15,-1
-5,25,-12,-2,-1,23,2,4,-13,21,2,9
-3,29,-19,13,1,-1,-7,0,-4,32,-10,12
-1,0,4,29,-6,23,-5,14,0,26,0,29
-4,8,4,32,0,24,-5,0,-1,3,-13,1
-15,4,6,34,-9,11,-3,7,-6,15,-4,31
-12,-24,-13,-21,6,-18,-8,-19,2,-20,-9,-8
0,-1,-18,-29,8,-22,-3,-22,5,-1,-3,-12
-2,-3,-15,-8,-18,-26,5,-18,0,-33,-6,-16
-2,-5,-5,3,1,1,4,1,-3,0,-6,-28
-1,-1,-2,2,-7,-7,-16,-27,2,-11,-3,-19
-9,-29,-10,1,-3,-6,-18,4,-5,-10,-5,-8
0,-27,-14,-22,1,-28,-12,1,-2,6,0,-28
-6,-24,-12,-21,-1,-23,-1,-29,1,-3,-10,-13
-1,-23,4,-22,-2,-1,3,1,-5,-21,-10,2
-6,-16,-5,-9,-3,-27,-12,-26,-11,-21,-10,6
0,-21,-7,-16,-13,-12,-2,-17,-12,3,-3,-21
-14,-24,-12,-11,1,4,5,6,0,3,-1,-16
-2,-1,0,-22,-13,7,-1,-6,-16,-12,-9,12
-5,-15,-10,6,3,-17,6,8,-2,-2,-9,-4
-7,2,-11,3,6,12,-6,-13,-18,-10,-2,-11
1,2,-6,-17,-8,4,-7,-5,-11,3,-3,5
7,14,-1,-3,2,10,5,13,-3,7,-10,-6
2,0,-12,-6,-15,7,-18,0,5,-8,1,4
7,17,3,6,-6,-4,-1,-10,-2,16,1,4
2,6,-13,4,-11,10,3,-5,5,-9,4,7
2,-3,-14,5,-17,14,-17,8,1,5,1,4
2,9,6,-6,-17,-10,0,21,5,-8,1,3
1,3,-13,5,-1,13,1,-1,-5,-8,-10,14
4,-7,-11,15,-2,0,-2,2,-2,5,-11,13
-16,7,-16,7,3,-11,-17,-3,-5,4,-8,18
-7,1,-3,0,3,18,-16,4,4,22,2,6
-10,-5,-3,2,-2,-7,-7,-8,-8,4,-3,20
-9,1,-8,17,2,-2,-12,1,-1,-6,-3,1
-3,-5,-6,20,-1,-1,3,18,-2,-5,-3,21
-2,-4,-2,-2,-3,17,-2,4,-18,-1,-16,21
-1,-6,-18,-6,-11,-4,-3,-1,-8,1,-16,20
-7,8,3,28,4,24,-9,3,1,9,-17,-1
-7,24,-14,12,-11,25,-13,1,-1,3,-18,10
-7,24,-4,9,-17,25,0,8,-15,21,3,1
-4,-2,6,4,-13,10,-6,21,0,3,2,12
-10,11,-18,34,2,30,0,4,-3,24,4,22
-18,16,1,1,1,18,-9,36,-12,6,-1,20
-8,-19,1,-36,3,-22,3,-4,-2,-32,1,0
-2,-4,-17,-30,3,-15,-15,-26,-8,-34,-12,-21
0,1,-2,-34,-4,-30,-17,2,-3,-33,-7,-12
-15,-32,2,-5,-13,-14,7,-5,2,-13,2,-33
0,0,-6,-30,0,-28,-4,3,5,-1,1,-29
2,0,0,-29,2,-16,-15,-21,-3,-10,-11,-25
-15,-13,4,-10,-17,-11,2,-27,6,3,-10,-8
-6,-24,-6,1,-8,-17,-10,-20,-4,-25,-8,0
1,-21,3,0,-1,2,0,3,-7,8,-3,3
-3,-2,-7,0,-3,-23,-1,-23,-2,-3,-15,-16
-7,-20,7,8,6,8,-10,3,1,5,-13,-13
-4,9,-12,0,-9,-13,6,11,-12,4,-15,-2
6,9,-13,1,-9,-16,-14,10,-4,-1,-11,-6
0,4,9,10,-8,-13,1,-20,2,-4,-2,-20
-15,-4,-17,-20,5,12,-1,-16,-3,-20,-5,12
-10,-2,-10,-10,-1,-5,3,8,-5,8,5,1
0,-3,-6,7,6,7,-6,16,-7,-7,4,-20
1,-4,-13,-18,3,-8,7,16,-6,-16,-4,5
-14,5,-8,-3,-14,-8,3,17,-1,-1,-6,14
1,-3,-9,-2,2,9,7,19,-5,0,-3,-10
-6,7,-6,6,-7,-16,-2,1,-6,13,-16,-4
-1,7,-6,21,4,-7,-4,2,-7,13,-17,-4
3,-11,-2,-11,4,-5,-4,7,2,-11,6,22
-3,-5,-9,0,-5,7,1,-11,-11,20,-6,1
-7,-3,-11,7,-10,18,-3,21,-8,1,-10,19
1,-7,8,6,7,5,-1,1,2,1,-3,23
-11,25,9,22,-6,25,-1,16,-2,-9,-4,26
-2,4,3,-6,3,-9,2,5,2,8,-13,-4
-6,-4,4,10,5,7,-13,17,-1,15,-7,0
-9,11,-3,24,-9,24,-1,11,0,12,1,15
-3,-5,-1,6,0,8,6,19,-3,-6,-1,29
-3,-1,-16,25,-10,-4,2,25,-10,-1,-9,30
2,32,-7,4,-15,14,-7,30,-4,10,-7,9
-5,26,3,31,-6,3,-3,15,-13,9,0,23
-6,0,-7,18,-10,6,-15,34,6,4,5,18
2,28,4,35,-11,24,-6,33,1,25,0,33
-2,7,-6,9,-16,26,-5,34,0,27,-9,21
-8,-1,-8,-16,2,-16,-14,-7,3,-20,1,-26
-9,-20,10,-4,4,-16,0,-5,-1,-3,2,-16
-13,-18,1,-5,-16,-5,-14,-32,8,-5,-8,-32
-1,-1,7,-18,-1,-2,-9,-21,-1,-22,6,-14
-15,-15,-1,1,1,-6,-11,-24,10,3,6,-14
-13,-17,-6,-22,-12,-9,7,4,-13,-12,0,1
-13,-27,2,-19,3,-21,2,-15,-1,1,-13,-2
-14,-29,-1,7,-1,-26,-16,-3,-3,-18,-14,-19
-1,-3,-7,-1,-1,-2,-7,-3,5,-17,2,0
-2,-17,-5,-13,0,6,-6,-12,-5,-23,-6,0
4,5,-3,6,-7,-23,-10,-26,3,-13,-2,-7
-5,-18,0,-21,1,-20,6,8,0,-3,6,-8
-1,0,-1,-14,4,8,1,9,2,-10,-9,-3
1,2,0,-13,-1,-11,-2,6,-11,0,-1,-19
-1,4,7,7,3,10,-8,-4,-7,-19,-3,-15
-16,-20,2,9,-3,-15,-16,4,-4,-11,4,-13
-5,-9,-9,9,-12,-14,-1,-1,-8,-1,-5,14
-12,-10,-5,-1,-5,-18,-15,-12,-4,4,2,8
-15,-14,1,-15,-6,9,5,-15,-13,-11,3,-14
-6,14,-11,1,-7,12,-15,9,-14,-12,6,-16
-7,16,-4,-7,-8,16,-12,3,4,-8,-8,9
-4,-5,-4,-10,-5,5,-5,15,1,18,-9,9
-4,-6,-4,18,-10,18,5,18,-3,5,-3,15
5,19,0,12,9,-7,-13,-8,-4,17,1,0
5,17,-3,2,-1,-1,-6,-1,-14,-10,-7,23
-15,7,6,19,-10,15,-8,3,-8,24,2,-6
1,-7,-15,11,-14,15,3,1,-3,12,-2,12
-14,3,-6,6,-15,24,2,-5,-4,9,1,16
-15,-5,8,19,9,0,-15,14,-7,13,-10,22
-1,-6,1,29,10,11,-15,27,5,-5,-6,24
-6,10,-11,24,-9,27,4,-2,-9,-4,2,10
4,27,-2,4,-1,17,-12,31,-8,22,7,29
0,3,-6,15,-14,25,-10,10,-12,24,-11,-1
3,32,1,7,-2,30,-4,24,-16,26,8,25
-1,0,-13,11,0,32,5,0,-14,18,-13,6
-8,9,-1,5,1,2,-16,31,-14,5,-9,4
2,1,4,2,-3,27,-15,18,-7,17,6,29
-8,-20,7,-1,-12,-22,1,-5,3,-14,-2,-6
-5,-23,4,-6,-1,-32,2,-18,-8,-35,0,-11
-1,-28,-4,-23,-4,-20,-6,-28,3,-34,-7,-23
2,-3,-12,-33,-3,-26,-1,-9,8,-32,3,-33
-1,-1,-7,-28,-4,-24,-7,-27,-13,-8,-5,-16
0,-26,-9,-6,-8,-26,2,-28,-5,-2,0,-29
-2,2,-11,-1,-5,-23,0,-4,2,-6,3,-19
-11,-29,-10,3,-6,4,-3,3,3,-8,-8,7
1,-18,7,0,-11,-4,2,-18,7,2,6,-16
-15,-10,-7,-2,1,-26,0,-16,2,-2,-3,-14
-2,0,-2,-1,7,1,-6,-7,-14,-17,1,0
-10,-8,-3,-22,-7,-23,6,11,0,-22,7,3
2,-1,-2,9,-3,-12,-12,-14,2,8,-5,-22
-3,-9,5,-17,-5,5,0,-5,-12,-20,-2,-10
-2,-8,6,-11,-7,12,-15,-7,-5,0,-13,-14
-15,-3,-5,-20,-1,1,0,9,3,-1,-4,-11
-3,-2,-8,7,-1,-13,-9,14,-9,15,-6,-10
1,0,-3,12,-5,2,8,10,-10,-11,-2,-3
3,-1,-7,15,-12,-16,-3,-10,-5,-1,8,17
6,-12,5,-6,4,-6,-15,-17,-12,5,-2,-2
-3,10,0,0,-12,-4,-12,-10,-1,12,-11,1
-10,-10,-8,7,-10,-10,9,18,-12,8,-8,20
-3,18,-7,12,-14,-8,9,20,-15,-13,6,-6
-3,2,-8,20,-7,23,-9,11,-3,-2,-6,17
-5,2,-12,11,-6,12,3,19,1,-8,-7,20
-2,-6,-5,23,-15,-10,-15,-6,-13,-3,4,0
7,26,-13,19,-2,24,5,-3,-4,12,-15,8
-7,-7,-14,2,-2,26,-9,23,-1,18,9,27
3,1,-1,20,-10,2,-10,26,-2,23,-13,1
0,3,5,-6,-7,26,-4,-6,-1,6,2,-1
-14,6,1,3,-9,18,-1,3,7,29,-9,8
6,30,-5,-2,-6,18,-12,23,-15,4,-3,10
-1,9,-1,28,-2,-3,-4,7,1,-4,7,10
1,-2,-13,28,-10,25,-6,6,-11,13,-9,29
2,27,0,24,3,19,2,14,1,9,-15,17
1,7,-9,32,-7,9,2,14,5,31,6,6
-3,7,6,2,-3,28,10,32,-7,4,-2,0
2,-30,0,-13,0,-22,-1,-25,-9,-22,0,-1
0,-2,-11,-8,-1,-30,8,-5,-13,-4,-4,-12
7,0,-8,-3,0,-23,-4,-6,-10,-33,-5,-20
-4,-28,-4,-33,-9,-7,7,2,-10,-23,0,-5
5,2,-10,-27,2,-4,6,-31,0,-7,1,-21
-9,-30,-2,5,-8,-20,2,2,-4,-30,-6,-22
8,-1,-2,5,3,-7,-14,-18,7,-24,6,-18
4,-21,-12,-20,-9,-26,-2,-19,-3,5,-14,-26
7,-26,-4,-12,-5,-1,-3,3,10,2,-8,-18
-1,3,0,-13,-12,-15,-9,9,3,-18,-10,-17
-9,-17,5,1,0,-21,-12,-14,0,5,8,-19
-3,-3,-5,3,1,-8,-10,-2,-9,-15,-1,-16
-1,-5,9,3,-5,-15,-9,-8,0,-13,-2,-17
-8,8,1,-15,-9,-16,1,-2,0,1,7,3
-1,0,0,-11,-9,12,-7,-19,4,-9,6,5
-2,-8,-14,1,-5,-13,-1,-21,-7,-11,-7,-20
-8,-16,-4,-10,-3,3,7,-19,10,15,-3,7
-6,6,-12,-3,-1,-4,-1,-1,-5,-8,2,-5
1,1,-7,-18,0,8,-1,2,6,17,3,-6
-5,16,-7,19,-2,19,-13,-9,-9,-10,-11,7
7,-9,5,-12,-10,-1,6,14,-3,-11,-2,-13
-11,3,9,19,-2,15,8,-12,-6,5,-8,20
9,15,5,17,-1,2,7,4,6,12,-11,5
-4,21,-4,0,6,16,-2,-8,1,13,-1,9
-1,16,-13,22,0,-6,-4,15,-8,16,6,19
2,13,-7,13,-7,1,9,0,-3,-10,1,25
-5,8,-12,-2,-8,0,0,16,6,-6,-3,-10
-1,18,3,23,-3,3,-10,-1,5,1,-3,14
-5,1,-4,28,-1,9,6,-2,0,25,3,13
4,29,-1,24,5,29,-7,12,-11,4,5,18
-2,14,1,-2,-5,25,7,-1,-3,18,-2,0
5,-2,-1,19,11,7,-4,13,-2,9,0,3
-9,-1,8,-1,7,22,-10,23,1,12,-13,3
-8,31,0,31,3,16,-10,14,-5,13,-1,0
-6,2,-2,20,-13,23,1,6,-2,3,-14,-1
3,5,-1,4,-8,27,3,28,3,25,-1,30
0,24,-3,21,0,21,3,21,-6,7,-7,11
1,-34,5,-13,1,-5,6,-7,5,-12,0,-9
-1,-7,-5,-33,-5,-18,2,-4,1,-17,-2,-20
6,-25,-4,-20,-9,-26,-13,-32,-10,-28,9,-7
5,-1,2,-26,-1,0,-12,-28,0,-15,-11,-3
4,-22,-2,-13,5,-13,-1,-17,6,3,-8,-26
-1,3,-1,-6,1,-1,7,2,6,3,-4,-8
1,-18,-11,-19,-9,-19,8,-30,-1,-3,1,0
8,-28,-5,-11,-6,7,-4,-13,-11,-18,-5,-3
-4,2,-8,-22,-4,4,2,-14,6,-20,2,-6
3,-15,-2,-14,-1,2,11,3,-9,-20,7,-21
6,1,6,-18,0,-24,-5,-1,5,-15,3,-7
-10,-6,6,-13,5,-20,7,-25,-9,-14,4,8
2,-8,3,3,-1,3,-6,-18,-3,11,-1,0
-6,7,6,-12,-1,-4,7,13,-3,1,-9,-12
-13,14,-10,-1,1,5,1,12,-13,-7,8,14
1,1,7,-12,6,6,3,13,-4,4,8,-15
-4,-13,4,3,9,-19,-9,6,-10,7,1,-8
-13,0,-1,-8,-3,16,6,6,7,8,1,7
7,-7,0,-12,-4,-5,-10,14,7,16,-2,8
-6,8,1,2,-9,15,1,-2,-10,-8,5,-3
-8,-9,5,-4,8,11,10,11,5,-4,-6,12
-3,-5,-10,-12,-6,13,-6,-10,-4,-5,-10,-12
-6,-14,13,16,-6,5,-9,-10,-7,-12,-10,15
-13,-13,11,18,4,8,9,-7,9,16,6,17
0,-1,-5,-4,-7,11,3,-12,2,7,-3,7
-1,20,1,18,-6,-1,1,14,-8,6,-3,23
7,-4,-3,21,-7,6,-5,22,-3,15,9,1
7,25,-11,9,-5,-5,-8,-2,5,6,0,26
-1,-6,7,-3,-3,1,1,-2,-2,9,2,1
-3,-3,-2,8,-9,28,-10,9,1,29,9,-7
-13,6,7,18,10,30,-4,-3,4,8,-2,-2
1,27,7,2,2,25,-1,1,2,18,-4,0
0,27,-9,0,-3,6,10,30,1,10,7,7
5,26,-10,13,-3,27,-1,-1,1,0,-3,0
4,-1,-4,5,10,27,-6,-1,-2,12,3,26
-4,2,6,2,4,7,1,29,3,6,-5,4
1,28,2,35,-5,18,-4,4,-3,30,-7,33
0,-24,4,-7,-9,-30,-11,-30,-5,-4,4,-11
9,-35,-11,-8,-10,-30,9,-7,-2,-9,-3,-31
-2,-16,9,-26,0,-2,-2,-34,-4,-31,-7,-15
1,-12,-8,-5,-12,-18,-2,-31,-6,-23,9,-1
2,-6,-1,-9,5,-7,4,-12,5,-20,-9,-23
-8,-13,-1,1,-10,-20,-7,-17,-7,3,-1,-11
2,-14,-7,1,-1,3,-10,-14,-11,-30,-6,-21
-5,-3,6,-1,-4,-2,-2,-26,-8,-11,-3,-2
1,-13,-1,-4,-5,-2,0,0,0,8,-6,8
-5,-21,-6,-26,5,3,1,-24,10,-26,-7,-19
-7,10,4,-9,6,8,-6,-18,-7,-23,6,0
2,-11,-11,-15,7,-17,11,-21,-1,-17,2,-1
-5,-17,-5,-7,-8,-24,-7,11,1,-16,-1,-21
-8,-17,7,-2,1,-16,1,-17,12,9,11,5
-6,-14,6,-9,6,-22,-10,11,8,-11,-10,-16
5,-12,-1,-5,-1,7,3,15,10,13,6,-8
-2,-18,-8,13,-2,-5,-7,-18,0,-1,-1,-4
0,5,2,-3,-10,-2,5,5,-3,5,1,9
-4,-10,-6,17,11,12,-9,-10,-9,-6,0,-1
-1,12,-3,7,8,-12,1,13,2,6,-7,-6
9,14,-9,-1,9,-4,7,-16,9,20,-8,-7
8,-10,0,-7,3,17,3,17,-6,3,-3,-13
8,-6,-7,-12,-10,-1,-7,-5,-1,17,7,-4
-2,-2,-11,-5,-4,-4,-10,8,-6,13,-2,2
3,-4,2,8,-9,5,3,4,-4,3,-3,-4
-8,-6,-8,7,10,-4,7,25,-1,8,-6,16
-1,-10,-5,5,-7,14,-6,9,7,-6,-1,-3
-1,0,5,0,-6,18,7,-7,-8,-6,3,-8
-4,-2,-6,-1,3,1,-2,1,-2,23,7,-5
1,-6,10,-7,11,26,-6,4,1,-4,-5,-1
7,24,7,1,-8,23,0,1,-1,9,-6,-1
4,-5,2,-3,-9,-4,0,20,5,-3,9,26
3,2,-6,16,-12,-2,1,9,-7,17,-2,-4
4,1,0,-3,-1,7,-8,-1,5,32,2,8
-7,-2,-1,29,-1,27,2,9,3,16,1,24
1,8,12,35,-12,2,-10,6,-1,1,-4,35
-11,19,3,2,-11,4,-5,25,8,3,-7,26
0,-17,14,-11,3,-17,-8,-25,2,-12,6,-14
-3,-4,8,-18,3,-18,5,-19,9,-29,-2,-1
-2,-3,-3,-28,4,-19,-10,-33,4,-32,10,0
10,-25,-9,-9,3,-20,-3,-21,-5,-1,4,-15
0,-11,-1,1,-3,-26,-4,-8,5,-1,2,-31
9,-29,10,-31,-11,-1,-3,2,4,-19,-4,-24
-5,-28,2,5,-1,4,6,-19,6,-29,-2,-4
1,-4,-4,2,-9,-27,-11,-16,10,-3,-5,-10
0,-22,9,-1,11,2,-4,-1,-4,-2,-1,0
9,-20,-6,-18,3,1,4,-4,2,-26,5,-6
-4,-17,4,-12,6,-26,3,-6,-1,6,-11,-21
-4,9,-2,-24,-8,9,5,-8,-6,-10,-5,0
5,-15,-5,0,1,-24,-2,9,12,-24,-3,-9
-5,10,7,1,1,8,-2,-16,0,9,2,2
-6,10,6,6,3,10,10,-13,7,5,5,-6
-5,15,6,-10,-6,11,-6,-21,0,-8,10,-20
-3,4,2,-8,3,-10,-11,9,-5,-9,-5,14
1,-2,0,1,2,2,11,12,2,9,-2,5
-1,-3,-1,5,-2,0,11,18,-7,-9,-7,-11
6,17,-1,-10,5,-12,-11,-6,-3,16,-6,-17
8,12,-3,-6,4,-3,-11,-15,-2,18,-2,2
-3,19,-4,-11,-5,-8,-9,-4,-2,12,-1,5
-2,-8,2,6,0,4,-3,17,2,-9,1,21
5,17,1,21,8,-7,5,8,6,-3,13,19
3,24,-2,-8,-3,11,4,-6,-9,20,-4,-10
-8,-11,-11,-1,6,-1,-9,-7,6,-6,11,-5
0,5,4,3,-1,26,-5,10,13,18,0,15
9,-5,5,27,-6,18,0,13,3,23,-6,-8
12,27,-10,18,-6,10,-2,9,-6,22,-5,21
2,-7,10,28,-3,-7,-4,16,5,2,1,25
-6,-4,-2,-1,-5,25,-11,8,5,26,5,-2
3,-2,5,28,5,-5,-4,-5,-5,16,10,17
7,24,-3,10,-8,32,3,6,11,22,6,26
0,5,10,23,9,6,-9,5,0,25,8,-2
-3,31,-2,8,13,28,3,17,-6,10,-1,12
-1,23,-4,2,-1,0,2,15,-10,9,-5,27
-10,34,13,29,10,5,2,24,5,12,6,19
-4,-6,13,-27,3,-6,-10,-20,-4,-36,-6,-13
-9,-5,11,-3,7,-17,-1,-30,2,-27,2,-19
1,-3,3,-18,-9,-34,-10,0,-9,0,11,-25
-1,-6,6,-25,4,1,-4,-26,7,-5,-4,-13
11,-26,-2,-2,11,4,7,-23,-4,2,-8,-14
-1,5,2,-8,4,-13,5,-22,-2,-5,3,-26
1,2,0,-16,-2,-4,14,2,-1,-24,-5,-20
-1,-5,1,0,-7,-24,3,-24,-6,-3,-10,-19
1,-27,6,-10,6,-21,6,-20,-1,-10,0,-11
10,-18,4,-9,-9,-4,9,-22,0,-24,5,-20
3,-3,-3,-7,-6,-8,4,-23,3,7,-10,-18
6,-4,11,3,5,-11,6,-12,7,-12,-2,-15
-5,-11,-10,1,4,11,4,11,12,1,2,-13
-6,11,3,-13,0,8,7,5,-1,8,-2,-15
-6,0,-8,10,14,5,-8,4,-8,12,5,10
-6,-10,-2,1,5,14,5,1,0,-13,-8,-7
11,7,-6,6,16,13,-1,-8,13,11,10,13
-10,5,3,-10,-1,16,-4,8,2,15,1,2
5,10,-3,8,10,16,12,9,8,-9,14,17
-9,-1,16,5,14,9,4,14,-6,12,-2,0
-2,-5,-9,15,8,12,-5,8,-1,-14,6,4
-1,-10,7,6,5,5,2,-15,13,14,-10,0
3,21,6,-1,-9,-4,5,-10,12,14,-2,4
5,21,2,4,-2,22,10,-5,11,19,8,-1
-5,0,3,-9,0,2,0,2,10,0,4,-12
-4,4,14,14,3,1,-3,-9,-10,21,9,17
13,24,0,14,-5,9,16,25,-1,10,7,8
-4,-4,-5,-8,-5,2,1,17,14,27,4,27
3,16,6,-7,-4,21,10,1,2,24,2,-8
1,26,-3,28,8,5,-3,0,12,-5,-9,29
4,3,0,24,2,-2,1,4,5,14,-6,8
4,2,-4,-3,-5,18,1,13,9,0,-5,18
-10,11,8,31,-1,21,11,13,-5,23,7,13
7,-1,5,29,4,6,0,3,3,14,-5,2
-10,11,14,20,9,28,12,33,-4,14,6,7
8,-1,-3,0,6,18,10,10,4,3,-3,8
8,26,6,7,2,22,5,15,0,6,8,7
15,-4,15,-15,7,-16,-2,-1,-3,-33,-1,-24
-4,-27,4,-18,7,-13,5,-13,-4,-19,8,-4
-2,-6,10,-28,2,-32,-4,-7,11,-29,-3,-18
-4,-14,-5,-21,13,2,0,-19,1,-18,-4,-2
-5,-13,-9,-13,5,-7,-7,-4,2,-14,13,2
0,-3,-1,0,5,-2,8,-17,12,-30,-8,-12
-1,-1,2,-22,7,-19,4,-5,5,0,0,-23
-1,-1,15,4,12,3,-9,-8,6,-16,8,-13
7,-15,13,3,-4,7,0,-2,3,-15,-9,-26
-5,-20,-1,-26,8,-14,-1,-7,-2,-7,14,3
3,-5,-1,8,5,-14,-9,-23,1,-5,7,-14
-8,8,-7,5,-3,-24,-5,-25,-2,-20,6,-9
8,-13,2,9,-7,-16,10,2,1,-6,-1,3
-7,4,8,7,0,-1,1,-10,10,-17,1,1
1,-22,15,-2,14,3,-5,10,9,-20,12,-4
8,-8,-4,-7,-5,10,-3,-12,2,4,-4,9
15,9,12,14,-8,9,11,14,-1,-9,-3,-8
3,-3,0,-1,-2,15,3,11,3,16,-1,15
-1,-5,9,-12,-4,-18,-1,-11,3,7,0,-18
-4,-3,-6,17,-7,6,-8,8,1,-8,1,-11
-5,-2,-8,20,8,13,0,16,-1,6,-8,11
-5,1,-9,6,14,-13,14,15,-1,-10,-9,19
-3,0,1,-9,15,1,-1,-8,-4,4,-6,17
-6,-12,-2,10,11,-10,6,12,-7,-3,3,23
6,2,2,14,-2,13,12,-5,2,8,-1,12
6,22,-3,25,5,5,4,11,0,22,-4,25
-3,8,0,22,-8,22,12,21,10,19,-3,1
2,16,12,-4,2,-6,3,15,4,0,9,24
0,6,12,1,3,-3,0,-6,0,0,2,5
12,29,-2,25,1,-1,8,23,10,23,-3,6
-6,6,1,6,7,20,13,26,-5,-4,5,9
4,2,-4,3,-2,-1,1,28,12,-2,7,1
0,11,14,4,-1,26,11,11,-2,14,11,26
-1,-3,-4,2,13,25,2,30,7,32,11,23
7,25,6,32,4,29,8,5,4,0,-1,2
10,4,-5,14,1,18,7,28,-9,29,-3,22
1,36,-5,30,0,30,8,13,-2,17,7,23
-3,-25,-5,0,3,-32,4,-15,-2,-14,-3,-23
-6,-27,14,-14,7,-14,-2,-7,1,-31,-3,-31
-4,-2,3,-28,6,-33,11,-25,0,-11,-4,-10
-8,2,-3,-13,6,-33,1,-5,-3,-5,13,-16
9,-10,-3,-29,5,-21,8,-4,-4,-5,-2,-29
-5,4,-5,-7,2,-5,-5,-10,9,0,-3,-4
2,-10,-5,-16,4,-17,-5,-28,-1,3,-5,-3
-6,6,-5,0,3,-24,2,-22,-6,6,13,-13
-8,4,0,-21,-6,-9,11,-13,1,7,9,-13
12,-17,0,-15,-1,-21,12,-25,0,-15,12,1
1,3,12,5,5,-3,10,3,-1,-11,-1,4
-2,4,4,-15,-2,5,0,-1,12,4,5,-13
-5,-15,3,10,6,-1,-3,-7,15,6,14,-16
-4,5,6,13,-8,-18,10,4,8,6,7,-23
-5,2,-8,6,4,13,-4,-1,-3,-18,13,-7
0,-1,-2,-6,14,1,-4,-7,7,15,13,-11
-6,-9,7,7,3,-13,-1,-4,7,-13,12,5
2,10,-3,-9,3,8,3,13,9,15,8,-12
-7,-4,5,5,18,7,-1,-5,18,8,12,6
-1,0,0,-8,-2,-2,12,-3,-2,-16,8,-2
-2,-3,-1,0,7,0,5,-9,7,-11,-7,13
6,20,-5,-13,-4,-10,-7,15,14,7,9,-8
-6,0,9,-14,-7,-1,14,10,8,16,-3,14
0,3,15,-12,-8,8,-5,-12,7,16,-3,2
-5,-7,-2,4,-5,20,0,18,2,-7,6,-6
-6,21,15,17,2,7,9,-9,12,-2,4,8
11,-4,-7,-1,0,4,3,3,-6,17,5,0
3,27,9,-8,7,-7,12,4,7,25,2,-8
0,1,-5,1,10,18,3,17,5,22,-5,15
1,28,6,3,10,2,2,-3,-3,2,-1,20
4,29,10,16,-3,24,-7,14,-4,25,-7,5
3,13,-2,-2,-4,28,1,30,-7,27,3,6
-1,0,7,16,15,28,-5,15,-7,11,2,8
11,4,1,-1,-6,-3,11,30,4,4,5,14
4,34,0,17,9,29,1,11,0,29,6,8
-2,-1,-5,34,-3,3,7,2,5,24,-1,2
3,34,13,12,3,11,11,31,0,29,9,3
-6,-25,0,-16,11,0,-1,-3,4,-24,-6,-21
-6,1,15,-31,12,-4,-1,-13,-6,-7,13,-12
17,-1,-1,-29,-4,-4,10,-9,0,-22,-3,1
-4,1,9,-31,13,-11,12,2,0,-26,-5,-2
2,-9,-5,-4,-2,-19,-3,-14,-3,-11,-4,-16
-3,-1,10,-11,9,-21,-4,-4,-4,-29,-4,-30
-7,-19,14,-11,9,-24,-3,-8,-7,-8,-3,-10
-5,1,-5,-14,-4,2,3,-19,-7,-26,13,-10
-1,-5,17,-9,-4,7,-7,-5,1,6,-4,-6
9,-13,12,9,-3,3,-1,-1,-1,3,-4,-13
-4,2,11,6,1,-11,0,10,9,2,-2,-6
-6,3,-7,7,-5,-22,-4,-21,-6,0,-6,3
-4,2,19,12,-1,-18,2,-4,0,-10,-3,-3
-6,-15,9,-9,-3,5,18,8,-3,-17,-3,11
11,-10,-5,-19,19,-3,14,-6,1,-5,19,14
-6,-12,-3,2,1,1,-4,1,15,0,1,1
1,-1,19,-20,19,16,0,2,-4,14,-4,-18
2,7,14,-16,15,-7,-5,6,8,-10,5,-9
8,4,7,17,-1,-1,-3,-13,1,0,9,-5
-3,-4,5,4,-6,-15,-5,10,6,-5,-2,-10
-1,0,17,2,-4,8,12,1,8,-8,-4,18
1,2,-3,21,4,6,6,17,-5,0,-4,5
-2,1,-6,9,3,10,9,9,10,-10,9,-9
0,0,12,21,1,0,-3,17,-6,1,8,22
-7,2,-6,-10,-1,-4,11,4,-5,9,13,4
-7,-5,-1,0,-7,12,1,-11,-5,7,3,18
-1,-1,2,26,12,-10,3,6,9,5,12,2
1,18,10,13,7,6,4,14,-2,26,5,-1
0,25,12,25,-2,-6,6,26,10,13,9,-7
0,-2,-6,11,16,28,2,11,1,17,9,11
3,21,-6,-1,-6,10,0,4,2,-6,9,-6
2,29,10,28,-5,9,-4,-5,12,-5,8,28
-1,-1,3,2,2,12,4,1,-6,19,8,30
15,25,4,1,1,2,10,24,2,6,6,17
8,25,-3,1,11,13,19,9,-5,2,5,0
15,33,0,9,5,16,16,31,4,5,8,18
6,29,13,12,-4,29,-3,3,-2,25,5,9
15,-33,16,-14,2,-16,7,-32,-5,-24,-2,-21
-4,1,18,-18,1,-22,11,-29,-4,-28,13,1
-2,-1,17,-9,20,-25,2,-17,16,-14,-2,-12
-6,1,-5,-8,-5,-2,-4,1,5,-26,13,1
0,-13,8,-2,-4,-6,-5,-3,-5,-15,8,-9
17,-3,-2,-7,-1,-2,12,-31,-2,-7,-2,-29
-1,-5,20,-3,9,-23,-5,-14,-3,0,-5,-25
-4,-20,6,-2,-3,4,3,-19,-2,-7,8,-25
-6,-8,-5,-12,-2,-15,3,-17,-3,-7,-3,2
-3,2,-1,0,-6,7,7,-1,1,-24,-3,-14
-3,1,-4,9,-3,-23,2,-13,-5,-6,-3,-26
-3,-18,8,-19,-4,-19,-4,-3,2,-24,13,-19
15,-15,10,-1,-6,-24,0,-21,15,-11,-3,-20
18,12,-3,-1,19,11,-2,8,-1,-3,-1,-6
16,5,16,7,19,-15,-3,14,2,-12,-5,-13
18,9,17,-18,-5,-1,-4,-3,16,-3,5,8
-2,4,20,-16,-3,3,2,-18,0,-16,-4,12
15,9,10,-3,0,17,5,8,-5,-17,4,13
5,-2,-1,17,8,6,3,3,-2,-4,-3,-6
11,16,3,16,-3,-9,12,-4,8,0,4,1
-5,-3,-5,16,13,-15,4,-4,12,1,-4,17
-4,1,18,-13,-5,0,-6,13,5,15,-4,12
-3,1,-1,9,-4,6,-4,18,6,-2,13,10
2,2,10,-13,7,-4,-2,21,4,10,14,-11
9,17,-5,23,-3,6,5,-6,-3,2,-3,-6
12,5,4,18,4,11,1,23,9,6,1,23
11,2,0,0,-6,4,8,2,4,23,8,8
1,20,10,12,-3,18,6,13,7,-9,6,14
10,12,12,18,9,10,-2,-7,12,17,-4,4
7,9,6,13,0,11,6,28,9,7,11,20
4,2,3,24,11,28,1,11,6,-2,6,-2
0,-4,14,31,10,7,-5,18,16,31,14,-2
1,6,8,18,11,24,-1,15,-6,15,-6,-4
-2,0,3,3,-5,33,2,32,7,7,-3,12
10,23,6,28,-4,26,13,17,1,26,11,9
13,3,-4,6,19,4,13,3,-5,6,-3,32
2,1,7,11,-6,7,5,35,1,31,-4,29
-5,-33,14,-12,10,-2,20,-18,0,-4,-3,-14
-4,0,17,-15,9,1,-5,-2,10,-25,-3,-1
1,-8,-1,-20,-2,-19,-1,1,12,-28,14,-13
5,-32,13,-28,8,3,-4,2,17,-16,-2,-28
-3,-1,0,-10,-4,-8,-3,-8,2,-9,9,0
19,0,17,-19,2,-22,-5,-4,-4,-5,6,-23
-1,-3,-1,5,17,-7,3,-9,1,-15,14,-11
-5,-3,19,-25,6,-14,3,0,2,-13,-4,-9
-4,-7,-3,-7,14,0,21,-16,13,-10,11,-25
-1,-7,1,0,13,6,6,-19,-1,7,-3,-3
-4,0,18,-6,8,-23,4,3,1,-3,-3,-6
15,1,-2,-24,10,-19,18,-20,10,-25,14,-8
14,-12,17,-13,0,-18,-2,7,-1,-9,6,-18
-1,-15,20,-22,-1,-9,21,-13,-4,7,10,-6
0,-12,-4,0,-4,-15,0,-9,-3,-22,14,-6
-3,3,-3,-21,18,-1,0,1,-2,-21,-4,-5
-4,4,8,-12,3,9,21,-5,0,11,18,12
5,6,3,17,18,12,16,15,9,-13,-1,-1
6,17,-5,-6,6,-9,3,16,6,-7,15,17
14,15,-4,-2,1,-3,1,-11,0,2,19,12
11,19,10,-15,-5,-4,-2,10,0,10,-4,8
10,21,12,-9,-1,5,-4,6,-1,17,-3,-12
3,0,-5,-6,15,9,-3,-14,1,-9,-3,7
1,4,12,-9,-2,9,-3,-12,1,7,14,1
2,-10,-1,-1,3,12,-3,23,8,8,6,6
13,7,-2,-4,14,-6,11,14,4,12,8,-5
13,11,19,22,2,-7,15,16,3,26,2,19
10,9,7,24,-4,5,15,22,12,14,9,18
18,19,9,5,17,-2,6,21,-3,9,4,24
5,16,-1,12,9,1,7,4,7,2,6,26
9,21,17,4,-2,5,11,-5,7,-3,-4,27
10,6,0,31,4,-5,-4,-1,16,7,-5,1
12,3,-2,24,4,10,11,18,-1,0,7,23
16,30,8,-2,4,3,9,25,-5,1,-3,1
4,2,-3,11,7,8,-2,15,-5,26,-5,7
7,5,14,34,8,19,11,9,12,35,3,18
6,3,-4,13,-2,9,0,18,5,2,5,7
6,-14,1,-23,-1,-23,8,-7,2,-29,3,-32
-2,-1,14,-17,-4,-2,-1,-20,10,-30,-2,-35
0,-3,18,-10,-3,-22,-3,-2,2,-22,6,-25
2,-9,-2,-8,-3,-11,10,-6,-1,-8,-3,-33
-3,0,14,1,21,-13,-2,-18,-2,-18,15,-19
-3,0,4,-28,0,-10,3,-17,-1,4,-2,-29
-4,-1,18,-22,14,-12,1,-7,-2,-27,6,-26
-2,-9,15,-10,1,7,3,-9,2,-2,-4,-3
1,-4,-3,-28,14,1,2,-16,-4,6,1,-3
1,-5,6,-23,5,1,9,2,22,-7,1,-15
14,-2,14,5,12,6,3,-11,-3,-18,10,-6
15,1,-4,2,13,7,4,-16,3,-4,21,-25
12,-6,-1,7,15,9,15,-8,19,11,-2,-7
17,-19,-2,11,-1,-2,0,-16,-1,5,5,-1
-2,-12,-2,-12,18,-9,11,-22,4,-1,1,-20
-4,6,10,-17,5,5,10,11,-1,-20,0,9
2,2,9,7,5,-3,4,3,13,-2,0,16
5,-11,6,9,-4,8,15,15,2,17,7,-2
9,-5,10,-17,0,-15,-3,-18,4,14,7,1
14,18,-4,-2,20,0,0,16,12,-7,2,14
-2,-3,-1,-12,7,20,2,-1,6,-4,3,4
5,1,19,6,19,11,11,-8,17,16,3,3
5,-2,-3,14,-1,5,4,-4,-4,17,1,2
6,19,20,13,1,-12,1,7,-3,3,14,22
9,0,1,-1,-4,-3,14,0,-3,-1,7,18
1,16,11,6,9,-1,17,-5,4,-5,4,18
-4,23,9,20,11,23,8,21,9,16,15,17
7,8,6,8,-2,27,13,13,-3,-3,3,16
1,25,14,19,12,9,3,24,8,-7,11,7
3,16,6,-5,6,-5,6,25,17,-2,-4,5
1,25,-1,0,7,-6,15,1,-1,11,-2,19
12,24,14,-2,8,6,3,21,-3,-4,13,3
-2,0,-3,3,3,12,-2,16,-4,10,14,17
14,30,0,28,-3,16,2,2,18,7,1,18
12,32,12,18,17,14,2,2,5,10,-4,25
15,32,5,18,-1,3,6,25,6,19,14,19
-1,4,11,24,6,8,1,21,15,32,14,18
11,-17,22,0,20,-13,2,-5,15,-20,12,-30
0,-3,8,-30,-3,-9,-2,-21,-1,1,15,-18
21,0,1,-7,1,-30,13,-10,5,-21,15,-19
2,-4,-2,-4,1,-10,6,-33,9,-13,2,0
-3,-2,2,-3,4,-18,15,-4,-2,-8,-1,4
15,-21,10,-9,17,-10,13,-4,2,-20,3,-27
-3,-9,6,-8,7,-26,23,-29,-2,-11,4,-15
1,-4,3,0,-1,-25,12,6,-3,-27,0,-4
2,-8,18,-11,1,-1,14,-27,-2,5,0,8
0,-2,11,-20,16,-8,-2,-10,0,-7,4,-13
4,-6,8,-26,5,-10,3,4,14,-10,12,-12
-1,-19,12,-16,5,-14,3,11,15,-18,1,8
-2,-17,5,-8,15,-20,14,8,-2,12,-3,-4
-1,2,1,-3,16,-3,-2,-12,2,-22,1,9
4,-1,-1,-18,-1,-1,13,13,-2,5,3,-7
0,-11,15,-13,1,-9,14,14,16,-6,4,-5
0,1,0,-10,3,-11,20,6,16,-2,1,5
4,-11,14,-7,15,16,11,-19,3,12,9,3
7,-1,6,8,17,-6,17,-6,18,11,4,5
4,1,19,16,19,-14,0,-8,-1,6,5,-17
6,-3,12,9,14,17,1,13,-3,-6,5,-3
12,20,1,-15,15,-13,8,2,-2,7,17,3
-1,1,20,8,21,-2,-3,10,10,18,-3,8
6,-2,13,18,16,8,2,12,3,1,6,-7
13,14,17,14,1,4,3,9,9,10,18,-9
17,1,7,21,8,6,7,12,14,0,11,3
-3,-3,10,11,2,7,2,23,-1,3,14,-9
11,9,3,8,7,11,14,-4,18,-1,-2,-1
14,13,12,10,5,17,21,21,2,-8,16,-1
-3,1,19,-5,-1,0,4,4,1,12,2,22
19,1,9,0,5,22,2,4,17,22,12,14
1,21,-1,0,2,3,7,14,20,22,-1,11
7,9,8,24,3,-4,5,23,18,-4,3,-3
-1,-1,18,28,-1,12,23,-3,1,27,4,10
4,10,22,27,22,18,15,15,-1,20,5,18
-2,1,4,20,13,3,-2,26,1,35,0,20
11,5,6,12,4,35,1,15,0,32,10,32
6,-10,23,-6,23,-11,0,-13,7,-7,2,-9
4,-7,15,-4,17,-18,13,-23,1,-2,14,-6
10,-12,-2,0,0,-3,23,-8,1,-30,5,-22
18,-6,0,-7,16,-2,10,0,6,-19,15,-4
16,-21,-2,1,2,-6,12,-30,3,-10,-1,-11
6,-8,0,-11,-2,1,5,-13,2,-31,14,2
1,-10,2,-28,18,-15,21,-28,1,1,2,-30
7,-7,19,1,17,-6,-1,-1,3,-16,-1,-7
1,-6,0,-6,0,5,0,-15,10,-13,4,-6
-2,-17,2,-14,8,6,7,4,-2,6,2,4
7,-7,11,-7,8,-14,3,4,1,-13,-2,2
3,-2,3,8,-2,-5,-2,-15,8,-21,8,-20
2,-1,-2,-1,-1,-3,3,-23,20,-20,14,7
6,-1,0,13,22,-23,-2,-16,1,-18,7,-20
-1,5,7,-19,22,-8,13,12,2,11,12,11
12,-4,24,5,16,-7,1,-1,9,-5,-2,14
5,2,12,-5,15,16,6,-9,19,3,2,6
12,1,3,-12,3,-10,-2,1,-2,17,19,10
11,15,5,-10,16,-12,16,-17,5,11,5,-8
5,18,-1,7,23,0,4,-4,19,5,14,17
2,-1,3,0,20,17,2,-3,3,17,4,5
-1,0,0,8,1,13,3,14,3,9,4,11
5,0,21,-8,2,-4,1,21,5,-1,3,10
3,3,7,3,2,-6,3,-9,9,-4,2,3
7,-12,20,15,1,13,16,6,-1,23,1,-5
-1,14,22,19,0,-1,8,20,10,13,11,8
16,3,18,19,11,4,0,-4,14,9,-1,0
15,10,7,-1,7,-2,-1,22,8,2,7,-8
15,7,0,9,0,1,14,11,2,9,10,21
-2,-2,19,-3,-2,11,-2,11,4,6,7,5
20,-5,10,7,11,7,12,8,7,22,-2,25
17,16,12,22,13,3,10,21,16,-2,17,28
-1,1,-1,0,5,7,7,23,5,7,8,29
13,-3,21,27,6,-2,20,25,9,30,16,21
16,28,3,10,9,28,6,14,5,7,-2,34
20,29,16,6,11,31,20,7,16,9,12,0
12,23,13,21,12,20,8,29,2,25,10,1
6,-12,22,-1,1,-4,16,-10,0,-15,6,-36
5,-8,16,0,9,-12,3,-15,1,-2,4,-26
18,-23,14,-29,20,-17,16,2,18,-11,8,-18
4,-3,14,-10,9,-17,24,-8,18,-9,3,-5
-1,-1,11,-25,20,-19,21,-20,16,-17,4,0
9,-12,15,-28,6,-11,17,-5,8,-12,-1,1
-1,-7,8,-9,1,5,5,-28,1,-11,12,-16
4,-8,14,1,3,7,10,-20,3,-9,8,-9
15,-12,3,4,13,-26,22,-21,2,1,0,6
8,-6,11,-25,19,-10,7,1,11,-6,16,-13
1,-5,11,-7,24,-13,3,-2,20,-12,7,-20
0,-2,0,-11,19,-1,2,-12,0,4,2,1
1,-1,5,-24,25,-1,24,-22,19,1,17,7
5,-2,18,-3,6,-6,1,8,13,11,4,-1
-1,6,19,-7,20,-3,19,-5,4,14,0,-8
0,1,0,-4,19,5,25,15,6,14,-1,8
1,9,2,-15,20,14,15,-15,6,2,19,1
7,11,2,-2,19,17,15,13,13,10,2,-1
17,7,13,-1,5,15,12,-3,7,10,9,-8
12,-11,-1,0,0,-16,16,-5,2,1,13,-15
12,-14,17,20,-1,0,18,16,0,-3,3,3
11,18,11,11,-1,2,10,6,7,-15,8,6
0,-13,0,-11,12,-14,17,11,15,11,8,-3
14,2,11,-12,5,22,19,-8,13,6,19,19
14,0,5,22,10,22,12,19,12,1,14,15
3,10,2,7,8,-7,1,8,11,22,17,-2
16,6,5,22,7,11,3,-1,2,6,0,7
18,6,17,-8,5,4,7,10,1,7,0,23
18,16,21,-1,17,8,2,15,17,11,10,1
18,15,-1,24,21,7,1,23,-1,19,-1,16
25,30,14,23,-1,30,15,30,-1,18,15,-4
24,27,-1,19,-1,23,18,1,4,0,16,27
19,21,1,-2,4,12,2,29,15,23,5,20
3,7,-1,0,20,25,9,18,6,31,2,7
6,1,14,29,3,7,4,4,13,6,16,21
4,34,7,4,10,18,6,27,5,23,21,34
19,28,5,12,12,22,12,2,6,27,13,3
3,0,17,-20,18,-19,11,-29,2,-5,1,-11
6,-10,26,0,2,-34,0,-4,21,0,0,-28
3,-1,5,-34,4,-17,11,-6,8,-9,11,-32
2,0,25,-2,1,-24,4,-5,3,-18,0,-3
5,-4,25,-11,9,-11,25,-20,2,-31,21,-21
3,-1,11,-14,10,-18,2,-14,13,-2,1,-28
6,-10,13,-26,9,-10,5,-2,16,-25,21,0
1,-19,2,-2,6,5,8,-26,20,-15,15,-1
9,-8,0,1,7,-13,11,-13,20,-9,15,-7
2,-5,16,-1,15,-17,6,-4,3,-1,9,-14
0,-4,9,-17,2,-4,10,-1,0,9,3,9
1,-5,14,8,8,-18,2,-22,19,-3,0,-1
1,5,25,-8,20,1,15,4,20,-17,4,-18
0,2,16,-1,21,2,25,4,4,-10,4,6
3,-11,16,10,24,-21,5,-11,0,5,1,1
4,8,3,4,8,-2,5,11,17,-4,0,4
3,11,12,9,6,-16,26,-18,2,8,1,10
13,6,12,5,0,12,12,-6,3,-9,12,14
13,-1,16,-7,3,-18,0,12,3,-10,19,17
10,9,7,-10,6,4,12,1,4,-12,1,-4
13,4,17,-11,21,14,10,-8,16,4,20,-3
12,4,9,-15,21,-13,12,4,2,11,4,-3
11,6,20,2,19,-7,3,-7,5,-12,4,-11
7,-2,13,21,19,3,24,0,0,8,8,-12
11,14,8,15,1,22,11,-9,0,-7,9,13
3,-3,6,12,21,0,0,-3,7,-10,0,-7
0,-6,11,25,12,6,0,-1,20,14,6,7
19,4,7,3,1,9,0,13,1,-4,8,-2
19,12,3,24,15,19,16,-5,1,10,0,9
25,29,0,-3,24,-5,26,9,0,0,23,20
20,12,20,14,7,16,1,6,0,11,2,-5
20,12,20,-1,21,30,7,-1,0,18,1,21
22,4,0,32,0,21,1,29,20,9,21,31
23,-2,6,18,6,17,0,3,0,13,0,13
22,0,3,17,22,34,18,8,12,29,1,16
7,26,15,18,5,21,11,13,12,25,3,10
13,18,7,6,12,3,0,17,2,30,1,31
